caption,unfunny,somewhat_funny,funny,count,contest
"Well, your profile pic doesn't look much like you either.",80,56,39,175,527
"You voted ‘Leave,’ didn’t you?",74,38,38,150,527
"Well, I never believed in you either.",82,33,39,154,527
We have observed you in the barn. So many questions.,73,26,34,133,527
"Greetings, and let go of my penis.",81,19,36,136,527
Probe you? I hardly know you.,74,31,29,134,527
Your cows speak highly of you.,76,30,30,136,527
"You look surprised, John. Have I really changed that much since high school?",71,32,27,130,527
Thank God we found you. What the hell is quinoa?,63,29,23,115,527
"Welcome aboard! First stop, Uranus.",76,25,30,131,527
"Think of us as ""Proctologists Without Borders"".",73,25,28,126,527
We said we would return when Cleveland won a championship.,63,44,18,125,527
Keep me from your leader.,69,35,23,127,527
"If you enjoyed your anal probe as much as we did, please ""Like"" us on Facebook.",71,19,28,118,527
I had a great time tonight. Can I call you?,69,30,24,123,527
I'm sure we can settle this without involving the insurance companies.,66,31,22,119,527
"Wow, small universe! My name is also John.",67,26,23,116,527
You've been served.,70,27,24,121,527
"Just remember, what happens on Vega stays on Vega.",69,19,25,113,527
"We've met your leaders and, well, you should come with us.",65,30,20,115,527
"We've seen your leaders, and we have absolutely no interest in being taken to them.",66,35,18,119,527
"Yes, it is nice to meet you Earthling, but please let go of my reproductive organ.",65,29,19,113,527
"Thank you for a great weekend, but I'm just not good at long distance relationships.",65,29,19,113,527
Are you the one who grows the weed?,63,29,18,110,527
Hate to probe and run...,61,33,15,109,527
"You're right, it's more like a tureen than a saucer.",52,40,9,101,527
"We came in peace, but now we just want to leave.",58,31,14,103,527
"Sorry about all the circles, my wife was driving.",66,21,20,107,527
We learned everything about you from Facebook; the probing was just for me.,68,17,22,107,527
We don’t probe any more. You fill out a short questionnaire when you leave.,67,15,22,104,527
What happens on Vega stays on Vega.,63,26,17,106,527
We're planning on building a wall around your planet and we want you to pay for it.,59,27,15,101,527
I hear you hire illegal aliens.,61,26,16,103,527
Can you direct us to a planet with intelligent life?,61,19,18,98,527
"Excuse me, do you have jumper cables?",55,32,11,98,527
"So you must be the interstellar legend, the Farmer in the Dell.",67,11,22,100,527
We come to take your jobs.,62,21,17,100,527
'Is that what you're wearing? ',62,24,16,102,527
Welcome. I am a genetically modified potato from the future.,63,15,19,97,527
"Sorry about the crop circles, I needed to jot something down.",62,23,16,101,527
"Sorry you had to climb the stairs, our abduction beam is broken.",53,31,10,94,527
"Not to worry. What happens on Venus, stays on Venus.",56,31,11,98,527
"You look just like all our movies, too!",56,31,11,98,527
What do I have to do to get you into this spaceship today?,59,25,14,98,527
Remember that what happens on Venus stays on Venus.,55,33,10,98,527
"Getting so many volunteers is nice, but truthfully I miss the abductions.",60,23,15,98,527
I have travelled the galaxy in search of another species that wears one-piece clothing.,61,24,15,100,527
"Well, no. The truth is we won't probe you anywhere unless your primary care physician has made a referral to us for that sort of thing.",62,22,16,100,527
Welcome aboard. It's good to eat you.,64,18,18,100,527
Your crop circle design won. Please come with us.,63,23,16,102,527
Take me to your lesser of two evils,63,16,18,97,527
We just come down here once in a while to feel good about ourselves.,59,27,13,99,527
Lets keep in touch on Spacebook.,54,30,10,94,527
"Hello, do you have a moment to talk about Jesus Christ?",59,20,15,94,527
"In our civilization, we reproduce through handshakes.",60,21,15,96,527
E. I. E. I. O. Signal received.,59,22,14,95,527
"Don't worry Sir, I will have her home by 11 p.m.",58,24,13,95,527
"Honey, dinner's here.",55,26,11,92,527
"Nah, we're a weather balloon.",59,24,13,96,527
EIEIO,63,16,17,96,527
Can I use your bathroom? It's been a long trip.,57,15,15,87,527
Welcome. We've heard amazing jokes about your daughter.,56,23,12,91,527
Congratulations! You're our one millionth abductee!,55,28,10,93,527
We heard you had universal health care.,59,20,14,93,527
"No, anal probe is just a common alien surname",60,18,15,93,527
"Where I'm from, everybody is genetically modified.",58,25,12,95,527
Since you did have polyps removed I will have to see you again in 5 years.,64,13,18,95,527
We've come to bring the Kardashians home.,62,20,15,97,527
It's nothing you've done -- We're just going in a different direction with our abductions.,60,14,16,90,527
"You should have no more problems with your satellite service now, sir.",53,28,9,90,527
We're not from around here.,54,26,10,90,527
Your cows said very nice things about you.,55,24,11,90,527
Take me from my leaders.,58,21,13,92,527
Pull my finger.,58,21,13,92,527
Would you like to watch a 30-minute video about a time-share opportunity?,59,22,13,94,527
I speak your language... E I E I O!,59,12,16,87,527
"We live fifty seven light years away, so we just started receiving Bonanza.",57,19,13,89,527
"'Oh no, it's an earthling!' Just kidding, we've probed you and erased your memory like 50 times. Come on in.",61,11,17,89,527
We come in peace - and for the cronuts.,59,15,15,89,527
Are you the farmer who has the daughter' we've heard so much about?,54,25,10,89,527
Sorry about the crop circles. We were just messing with you.,55,23,11,89,527
"Hi, we're the new owners.",57,22,12,91,527
We're here to help. We understand there's something the matter with Kansas.,59,18,14,91,527
We've come for all the extra gluten.,60,16,15,91,527
There's a two drink minimum.,60,19,14,93,527
Your race isn't as orange as your television signals had us believe.,61,20,14,95,527
I suppose my dating profile was a bit misleading.,56,30,9,95,527
"Take me to your leader - just kidding, we're abducting you.",58,19,13,90,527
Sorry we do have a dress code.,55,22,11,88,527
Is there a gender neutral bathroom around here?,55,22,11,88,527
Then it's agreed--we'll take you away from here no matter who wins in November.,62,11,17,90,527
Welcome aboard--Just a reminder that Economy class is self-probing.,66,17,16,99,527
"Don't worry, we're not Mexican or Muslim.",61,24,12,97,527
I bet your almanac didn't predict this.,58,21,12,91,527
"And you've only had clear liquids for the past 24 hours, correct?",57,20,12,89,527
"Don’t worry, you won’t remember a thing.",61,12,16,89,527
It was so nice of your wife to volunteer you.,53,28,8,89,527
"Congratulations, just attend one timeshare presentation, and we’ll have you home by yesterday!",55,21,11,87,527
E-I-E-I-O' I presume?,58,12,15,85,527
I don't probe on the first abduction.,51,26,8,85,527
"Whoa, wait, you guys are the masters of this planet? We had our money on Jack Russell terriers!",62,12,16,90,527
We're looking forward to meeting your daughter...,55,23,10,88,527
Klaatu barada nikto . . . just messing with you.,57,16,13,86,527
"Congratulations, you've won the Caption Contest.",58,14,14,86,527
Does Earth still have any leaders worth taking me to?,57,16,13,86,527
You look like the type of gentleman who knows a good deal on a time share when he sees one. Am I right?,55,17,12,84,527
We come seeking peas.,54,19,11,84,527
"What I meant was, we would like to have you stay for dinner.",53,26,8,87,527
I come in peace. And also for your job.,60,12,15,87,527
"And, I promise to make the universe great again.",56,20,11,87,527
Actually we can't claim any credit for the pyramids but we shared some ideas with that guy who developed the lava lamp,57,18,12,87,527
"Hello there, is this your first ride with Uber?",53,23,9,85,527
Our intelligence says you're supposed to introduce me to your daughter and offer me a place to sleep tonight.,55,16,12,83,527
"Before annihilating your planet, may I use your facilities?",53,20,10,83,527
Are you organic?,48,24,7,79,527
"Normally, I say, 'Take me to your leader,' but we've been following your election process, so don't bother.",60,14,14,88,527
I should have called first.,52,24,8,84,527
Just stopped by to let you know that we will be using crop SQUARES from now on...,59,10,15,84,527
"Alien? No, no, no. I'm Mexican. I just used this to get over your wall.",56,13,13,82,527
Do they still think you're Amish?,50,22,8,80,527
Come on in. I have candy.,54,28,7,89,527
Another choosing anal probes over President Trump!,60,13,14,87,527
We heard you hire alien workers.,51,28,6,85,527
Your GMO corn called us: we need to replace your field management chip.,57,16,12,85,527
I got your friend request.,53,24,8,85,527
"Thank God you’re still here.....you haven’t noticed any keys rattling around in your anus, have you?",61,8,16,85,527
We have come to take your jobs.,56,15,12,83,527
You're over analyzing it. Sometimes a crop circle is just a crop circle.,52,20,9,81,527
Mr. Hoffa will see you now.,55,14,12,81,527
"Congrats, you're our one millionth abductee!",54,13,12,79,527
"Oh, no thank you. Just tell your leaders that we say, ""Hi.""",50,21,8,79,527
Mr. MacDonald? My name is EIEIO. I hear you've been trying to reach me for some time.,53,15,11,79,527
"Hi! You're Craigslist ad said, ""M, F or surprise me.",57,15,12,84,527
"So... can I, uh, call you?",55,19,10,84,527
"Sir I know you are very confused right now but please, can I use your bathroom?",58,13,13,84,527
"You're welcome aboard, so long as you stay away from my daughters.",59,11,14,84,527
Does your planet have species neutral bathrooms?,53,23,8,84,527
"I'm Glen, your Uber driver.",53,20,9,82,527
"While you've been growing broccoli, we've been growing you.",54,18,10,82,527
"Hello, Mr. Anderson, do not be alarmed. Your H.M.O. has outsourced to us your annual 'After-50' colonoscopy.",53,20,9,82,527
Come help make Mars great again.,53,20,9,82,527
"I'm sorry , my wife insists you take off your shoes.",52,22,8,82,527
Our new menu is farmer-to-table.,56,14,12,82,527
"Actually...we're looking for ""the farmer's daughter"" we've heard so much about.",50,26,6,82,527
Just kidding. I'm from Monsanto.,52,19,9,80,527
I came as soon as I heard about the ball field.,51,21,8,80,527
Can we do crop squares this time?,51,21,8,80,527
"Wish I could invite you in, but we've got a strict ban on illegal aliens.",52,19,9,80,527
Would you consider yourself free-range?,50,20,8,78,527
"I know, my profile picture is a couple years old.",48,24,6,78,527
We are collecting two Mennonite . Is anyone else home?,55,10,13,78,527
Hey Fred. Come on in. Your cows have been asking about you.,57,17,11,85,527
So the three day vacation is free and all I need to do is attend a 30 minute presentation.,52,24,7,83,527
We're just here for Dick Cheney--sorry about the wait.,59,10,14,83,527
I'm sorry for your loss. Alf was a hero to us all.,56,16,11,83,527
You seem surprised yet we spelled everything out pretty clearly in the crop circles.,53,22,8,83,527
That's what you're wearing?,59,10,14,83,527
We heard America is gonna be great again!,55,18,10,83,527
"You don't have 'Hamilton' tickets, do you?",57,11,13,81,527
Thank God you're here! You heard we're looking for an alternative Republican candidate?,55,15,11,81,527
Bring two of each.,54,17,10,81,527
We always buy local...,51,20,8,79,527
I'll call you. Promise.,54,14,11,79,527
"Just make it look like an abduction, okay?",52,18,9,79,527
Whaddya say to a latté after the probe?,52,15,10,77,527
"So, how many steps is that for mankind?",56,24,8,88,527
Mind if I hook up to your septic tank?,46,24,5,75,527
Are you the Nigerian prince who has been sending me emails?,55,17,10,82,527
So your people are free-range?,54,19,9,82,527
"Hi, Are you Jack? I am Jonathan, your Uber Driver",55,17,10,82,527
Take us to Lucy Ricardo.,59,9,14,82,527
We saw your sign for farm-fresh strawberries and had to stop.,52,23,7,82,527
"So, it's agreed, 2 tickets to ""Hamilton"" for a trip to Alpha Centauri.",54,19,9,82,527
"Thanks for the directions, the GPS on this thing never works.",51,22,7,80,527
"On second thought, I can do without meeting your leader.",51,22,7,80,527
"Look, we enjoy a good gag as much as anyone, but this is the last crop circle we're going to do for you.",56,12,12,80,527
Congratulations you are our 1 millionth abduction,54,16,10,80,527
We have to prove our gender in order to use your restrooms?,53,18,9,80,527
May I use your restroom?,50,24,6,80,527
Eee I eee I oh.,54,16,10,80,527
That was fast. Uber said you were two light years away.,44,13,8,65,527
Thanks so much. Our regular sitter cancelled and we have Hamilton tickets.,58,10,13,81,527
So we’re agreed: That’s a ‘yes’ to the cup of sugar but ‘no’ to the probing.,54,18,9,81,527
"The crop circles? Oh, we were just messing with you.",55,16,10,81,527
"What happens on Venus, stays on Venus.",50,26,5,81,527
Do NOT take me to your leader.,55,16,10,81,527
You look nothing like your profile pic,53,20,8,81,527
Is this your first time using Uber?,56,11,12,79,527
"We could have Skyped this meeting, you realize.",54,15,10,79,527
Do not be afraid. I am not from Mexico.,51,18,8,77,527
"Yes, I promise to come back and get you if he wins.",50,17,8,75,527
"Can you get me four tickets to ""Hamilton""?",52,13,10,75,527
"And remember, please take a moment to complete the Abductee Experience survey for 10% less probing at your next abduction.",55,18,9,82,527
E-I-E-I-O,58,12,12,82,527
Thanks for coming. We have the results of your probe.,57,14,11,82,527
We were told we could get some guns here...,53,22,7,82,527
"Hi, it's Me--without the beard and sandals!",53,8,12,73,527
I bought the farm,56,13,11,80,527
Do you mind? The wife's a nut for vacation photos.,53,19,8,80,527
"Don't worry, we'll have her home by nine.",56,13,11,80,527
Lucky you. This happens to be Dress Down Friday.,55,15,10,80,527
Ignore the kids. We don't like them playing with their food.,55,15,10,80,527
So this is your first time riding with Uber?,54,17,9,80,527
We too love bacon.,54,17,9,80,527
Looks like you got the memo on the one-piece suit. Just kidding. Come on in.,59,4,15,78,527
"Remember, tell them you got the seeds from Monsanto.",52,18,8,78,527
I was the closest Uber driver tonight.,56,10,12,78,527
"I'm so happy to eat you. I mean, happy to meet you.",53,16,9,78,527
What does EIEIO stand for?,52,18,8,78,527
Ahhh! Nothing beats farm fresh to table.,51,20,7,78,527
"Greetings, I am Bort and I will be your Uber driver tonight.",50,19,7,76,527
"Good evening, kind sir. I was wondering if I could share the word of Glork with you?",55,9,12,76,527
"You had me at ""ZXQRPBYMWK"".",54,11,11,76,527
"Kids, set the table. Dinner's here.",50,19,7,76,527
Just a quick x-ray. I haven't seen my watch since your probing.,52,15,9,76,527
We'll keep your resume on file.,53,18,8,79,527
"Welcome aboard, sir. You know, we honestly didn't think he'd win either. Hilary is already inside with the others.",52,20,7,79,527
We heard you were outstanding in your field.,54,16,9,79,527
We want to pick your brain for a minute.,51,19,7,77,527
"I could eat a horse! Just kidding, your offspring will suffice.",55,11,11,77,527
I'll have her back by curfew.,52,17,8,77,527
"But no shoes inside the ship, if you don't mind.",50,18,7,75,527
Welcome to Trump University!,52,14,9,75,527
"OK, I'll take you from your leaders.",55,16,9,80,527
Come; we'll take you from farm to table.,52,22,6,80,527
Buy local... Ha! Good one.,49,17,7,73,527
"Good evening sir, can I take a moment to tell you about L. Ron Hubbard",53,17,8,78,527
Take me to your superdelegates.,54,15,9,78,527
"So sorry about your cattle, wife and crops. It's my first invasion.",53,17,8,78,527
Have my daughter home by midnight or I'll melt your whole planet.,56,11,11,78,527
"'Come on in, great costume!'",54,15,9,78,527
"Ah, Mr Jones, my 2 o'clock colonoscopy, come right in.",52,19,7,78,527
"You're 100% organic, right?",52,19,7,78,527
Welcome aboard! I'm the head of community relations. It's my job to find the person least likely to be believed.,55,13,10,78,527
"It's just as you thought, your wife IS one of ours.",54,15,9,78,527
"We’ve paid for your 20th century vintage LP club, but so far your Voyager’s only delivered the sound effects one.",58,4,14,76,527
"We would have made contact sooner, but we were waiting for Cleveland to win a championship.",51,18,7,76,527
"No, no—don’t take me to your leader.",52,16,8,76,527
Greetings American voter. Your application for refugee status has been approved.,52,16,8,76,527
"No, it's too late to change your mind to Remain.",47,15,7,69,527
Thanks for getting abducted on such short notice.,52,13,9,74,527
You look familiar. Have we probed you before?,51,12,9,72,527
So we agree. Squares. Not Circles ... squares.,47,20,5,72,527
Take me to your least-disapproved-of leader.,52,10,10,72,527
Can I use your outhouse?,51,12,9,72,527
Please don't take me to your leaders.,50,22,5,77,527
We hear you can explain Daylight Saving Time!,53,16,8,77,527
"No, you can't go with us. We simply need to use your Wi-Fi.",53,16,8,77,527
"Congratulations, you just bought the farm.",54,14,9,77,527
There's been a terrible misunderstanding. I meant to swipe left...,46,11,8,65,527
"Fear not, my farm-fresh, cage-free friend.",50,11,9,70,527
"Sir, bovine number 141 and I are in love and I've come to ask your permission to marry her.",46,19,5,70,527
We don't usually do this but your probe results raised some red flags.,50,11,9,70,527
I come from the future. Can I interest you in a reverse mortgage?,50,19,6,75,527
Congratulations! Your crop circles are the only ones that make sense.,50,19,6,75,527
I normally request that you take me to your leader but I understand you are having issues.,52,15,8,75,527
"We came to destroy your planet, but there's no rush. Why don't you come in for a beer?",52,15,8,75,527
Let me start by telling you the difference between term and whole life insurance.,49,10,9,68,527
I'm here to enter the Miss Universe pageant.,50,16,7,73,527
Greetings! I represent Future Farmers of America.,49,18,6,73,527
No doubt the first thing you’re wondering is how I got my head stuck in a goldfish bowl.,51,14,8,73,527
"Yes, just square dancing. I promise!",53,10,10,73,527
We'll always have Kansas.,50,16,7,73,527
You look like you haven't been probed in ages.,53,10,10,73,527
Is this Area 51?,48,20,5,73,527
My name is Cwqqyfteh. That is pronounced Shyrui7fuy.,54,8,11,73,527
I'm here in Iowa to launch my 2020 campaign for President.,49,15,7,71,527
Welcome......We LOVE the Amish!......I have one of your quilts!,47,19,5,71,527
"When you awake you will spread the message: ""There is no reason to search for life on other planets.""",52,17,7,76,527
Let's give 'em somethin' to talk about,54,13,9,76,527
"Don't worry, you'll be free-range.",52,17,7,76,527
"Thanks, again, and tell your chickens we like what they're saying about time, we're going to test the theory, and we will get back to them.",53,15,8,76,527
"It was a lovely evening, but let's just leave it that I'll call you.",53,15,8,76,527
I see you got our ad for a free physical.,55,11,10,76,527
Roswell's become so touristy that we decided to go somewhere else this year.,52,17,7,76,527
"Welcome aboard. We know you could have flown with anybody, but thank you for choosing us.",50,21,5,76,527
... When you've both lied on your online dating profiles.,54,13,9,76,527
We offer universal health care,52,17,7,76,527
Is it true you taste just like chicken?,48,14,7,69,527
"Hello, we're here to make America great again!",52,14,8,74,527
"You can come aboard, but stay away from my daughter.",52,14,8,74,527
It's like Airbnb. With anal probes.,52,14,8,74,527
"Nice to meet you, you're not a Jehovah's witness are you?",52,14,8,74,527
Are you satisfied with your current provider of telecommunication services?,48,22,4,74,527
We came for your moving stairs technology.,50,18,6,74,527
"Welcome aboard. This is not the rapture, I am not your father and we only go as far as Albuquerque.",52,14,8,74,527
"No, try the farm down the road. We don't use illegal aliens.",52,11,9,72,527
"Despite what you've been told, not all aliens speak Spanish.",52,11,9,72,527
Do you know who did your neighbor's crop circles?,49,17,6,72,527
"This exciting timeshare promotion entitles you to a free weekend’s stay, by simply participating in our 60 minute probe!",51,13,8,72,527
"Don't look so shocked, I told you I was going to shave off my mustache.",55,13,9,77,527
I promise I will bring you back if he doesn't get elected,54,15,8,77,527
"Congrats, you're our millionth probing!",54,15,8,77,527
Really sorry about the crop circles. Your neighbor Ned said that you would think it was hilarious.,48,16,6,70,527
"Or you can stay here with Trump, your choice!",48,16,6,70,527
Come on in for your free personality test,51,10,9,70,527
We were looking for signs of intelligence. Guess you'll have to do.,49,14,7,70,527
"We did a survey, and nine out of ten abductees said the tractor beam felt too impersonal.",57,11,10,78,527
Could you hold on a minute? I'm right in the middle of coordinating an invasion.,55,7,11,73,527
"Enter, entrée.",51,15,7,73,527
I'm so glad you got my corn maze message.,52,13,8,73,527
"We don't want to hurt you, abduct you, or probe you. We just wanted to see how well people on this planet shook hands.",56,5,12,73,527
Meals are available for purchase and it's $50 for a window seat but we don't have any windows.,48,21,4,73,527
Sorry about the cow.,48,21,4,73,527
We just watched a Trump speech and decided not to colonize your planet.,49,19,5,73,527
Can you take me to this Green Giant?,50,17,6,73,527
Smoking or non-smoking?,52,13,8,73,527
Oh? Didn't you get my telepathy?,51,15,7,73,527
"The total flight, including the layover, will take .02 seconds, but we do have in-flight entertainment.",45,19,4,68,527
"Greetings human -- we come from a planet 200 light years away. All we need is to perform an anal probe, and we'll be on our way.",52,5,11,68,527
Don't worry. We'll have you back by bedtime... for your great grandchildren.,55,12,9,76,527
"No not from Syria, I'm from Sirius.",50,14,7,71,527
I want to sell you on a little idea we're calling Nebrexit.,50,14,7,71,527
I'm visiting all the swing planets.,48,18,5,71,527
"Quick question for you. If you were brought on an alien ship and forced to submit to a battery of medical experiments, you wouldn't tell anybody, right?",51,12,8,71,527
"Actually, we do know Jesus. Come on in.",50,14,7,71,527
"Hi, you must be Hank. I'm *#@($*&@5, but I like to go by Steve.",51,12,8,71,527
We'll call you next week with the results of your anal probe.,54,6,11,71,527
Most people just threatened to move to Canada,50,14,7,71,527
Why does the cheese stand alone?,49,16,6,71,527
"That's okay, you won't remember me this time either.",48,18,5,71,527
Wipe your feet.,51,17,6,74,527
Let me be the first to welcome you to your abduction.,51,17,6,74,527
"Do we serve humans? Why yes, c'mon in!",50,11,8,69,527
The citizens of Ee-i-ee-i-oh are grateful for your patronage.,53,10,9,72,527
Did you know you can bring one item for the overhead bin?,49,18,5,72,527
"""Given your current presidential candidates, I think it's best you come with me.",50,16,6,72,527
I am the only true outsider running for President,52,12,8,72,527
"Sorry about the circles, the wife's just learning on the clutch.",50,16,6,72,527
"We work hard, we'll accept low wages, and just let him try to deport us.",48,20,4,72,527
"Welcome, Neighbor. And, please accept my apologies for incinerating your entire corn crop.",46,16,5,67,527
The bad news-We taken over the earth. The good news-We have no middle seats. Welcome aboard.,50,21,4,75,527
"Hi, it's nice to eat you.",53,15,7,75,527
Take me to your leader. Just kidding – they’ve all been evaporated.,56,9,10,75,527
But I just had a colonoscopy.,52,9,9,70,527
Nope You stopped at the wrong MacDonald's for that.,50,13,7,70,527
"Actually, it's the political atmosphere I can't tolerate.",49,15,6,70,527
The whole galaxy is going absolutely berserk for your heirloom tomatoes.,50,13,7,70,527
So long and thanks for all the Amish.,48,17,5,70,527
"My GPS tells me this is India, but my gut tells me this is Indiana.",51,11,8,70,527
My planet has a very liberal definition of locally grown.,49,15,6,70,527
My planet still enjoys dairy and gluten.,48,17,5,70,527
"Yes, technically 'illegal aliens,' but we prefer 'undocumented agricultural workers.'",47,11,7,65,527
"Yeah? Well, I never saw a guy in bib overalls and a straw hat before, either.",45,12,6,63,527
"Well, you're not going to be in Kansas anymore.",44,14,5,63,527
We admired the lovely patterns you made in your field,50,15,6,71,527
"The crop circles are ours, but you'll have to talk to that neighbor kid about the cow tipping.",49,17,5,71,527
"Pardon me, do you have any Grey Poupon?",49,17,5,71,527
We wanted to come before your president banned all aliens.,49,17,5,71,527
Are you ready for an Earxit?,52,11,8,71,527
So we have a deal. No GMOs in our UFOs.,51,13,7,71,527
"Of all the species I've encountered, you earthlings definitely have the coolest hats.",47,21,3,71,527
Could I possibly borrow a cup of plutonium?,46,23,2,71,527
"Let's get that free prostate exam started, shall we?",53,9,9,71,527
We just need to use your bathroom.,49,17,5,71,527
You're free range?,47,21,3,71,527
Parking in New York is near impossible.,48,11,7,66,527
Do you have time to talk about our overlord and savior?,48,16,5,69,527
I hope you've eaten. We no longer serve meals on these flights.,47,18,4,69,527
"Howdy! 'Just passin' by and saw your ""U-pick-it"" sign.",50,12,7,69,527
You won the Tour of the Galaxy! But first we have a short presentation about timeshare opportunities.,51,10,8,69,527
Come in and I'll show you how we make those crop circles.,45,22,2,69,527
Amazon Same-Hour Delivery...Where do want your peat moss?,48,16,5,69,527
"I know you wanted a tractor, but I think you're really going to like what this baby can do.",48,16,5,69,527
We're here for the Anybody-But-Trump rally on Thursday.,51,10,8,69,527
We're here to probe the people who demoted Pluto.,48,16,5,69,527
"Hi, so sorry, but do you have a phone charger I can use for like five minutes?",46,20,3,69,527
Have you heard the good news?,45,22,2,69,527
We're so excited to have you for dinner.,52,13,7,72,527
Go to www.et.md for the results of your procedure.,54,9,9,72,527
We've heard great things about your daughter.,51,15,6,72,527
"Take me to your leader. No, not that one. No, not that one. No, definitely not that one. Heck, is that Carter guy still around?",53,16,6,75,527
"I'll need your shoes, your belt and your laptop, please.",48,13,6,67,527
Did you advertise a goat for sale on Craig's List?,47,15,5,67,527
Thank you for choosing Uber Universe.,48,13,6,67,527
"Sorry about the steps, the dang ""beam-up"" button is busted.",49,11,7,67,527
"We used to say, ""Take me to your leader,"" but we've been watching the campaign coverage.",49,11,7,67,527
We heard that you're all gluten free,52,10,8,70,527
I just wanted to apologize for the circles and the cows,50,14,6,70,527
"Let's change things up. Tonight, you anally probe me.",52,10,8,70,527
I'd like to thank you personally for destroying your planet for us.,54,11,8,73,527
"The folks in town weren’t able to help us, but they said you could fix just about anything.",44,18,3,65,527
Thanks for volunteering. Did you abstain from solid foods like we asked?,47,17,4,68,527
It's okay. We're legal aliens.,49,13,6,68,527
And your wife is OK with this?,46,19,3,68,527
"So long, and thanks for all the chickens!",47,17,4,68,527
Greetings! We're here to make Earth great again.,48,15,5,68,527
I've seen the candidates. DON'T take me to your leader.,48,15,5,68,527
It's actually my first time using Uber...,48,15,5,68,527
Alpha Centauri...and we'd sure like to use your restroom.,50,11,7,68,527
"Nice going George, you had 'em fooled for years. Now it's time to take you home.",49,13,6,68,527
"No, seriously ...the guys are playing poker... C'mon in.""",46,19,3,68,527
"Yes, I'm your Uber driver. Where to?",49,13,6,68,527
You'd rather come with us than stay with the orange-haired one?,53,5,10,68,527
Welcome aboard! You're just in time to be part of our harvest.,49,13,6,68,527
I remember when you were a microbe.,49,13,6,68,527
"After reviewing your planet, we've decided we're not interested in taking over, but thank you for your time.",42,19,2,63,527
We come in peace. Please do not take me to your leader.,47,14,5,66,527
Thank goodness - we're out of ethanol.,47,14,5,66,527
"Oh, thank goodness. You look just like your profile picture.",46,16,4,66,527
"Hi, Mr. Stinson - You called Uber?",48,12,6,66,527
"We prefer the term ""guest worker"".",49,10,7,66,527
"The pleasure is all mine, and I will see you again the next time you select ""same day shipping.""",49,10,7,66,527
We heard the one about your daughter!,50,13,6,69,527
"Thanks for coming on short notice, especially on a 4th of July weekend. Let me show you where the leak is.",48,17,4,69,527
"So, again, you're sure you can supply us with all the ethanol we're going to need for a full-on invasion?",53,7,9,69,527
You look surprised to see us. Didn't you receive the crop circles?,50,13,6,69,527
We wanted to get here before you built the wall.,53,7,9,69,527
You looked different on your Tinder profile.,45,15,4,64,527
We're here to provide the second opinion you requested from your HMO.,47,11,6,64,527
Welcome to the time share presentation!,44,17,3,64,527
"Hi, you called for an Uber?",45,15,4,64,527
"Evening friend, do you have a few minutes to talk about the lord?",46,13,5,64,527
"Did you say, ""We come for peace,"" or ""We come for peas?"" The peas I can help you with.",49,12,6,67,527
Welcome...we need your expertise on how you can make money by not growing things.,50,10,7,67,527
"I know, I look nothing like my profile pic.",47,16,4,67,527
Congratulations! The free flight that you won also includes a complementary medical exam.,49,12,6,67,527
Look at the bright side---you'll miss the fall elections.,50,10,7,67,527
You're a Homo what?,48,14,5,67,527
Thank you for responding to our crop circle.,46,18,3,67,527
You look like a man who could fix our tractor beam.,50,10,7,67,527
You must be here for the open house.,49,12,6,67,527
Welcome aboard! Ready to Earthxit?,46,10,6,62,527
You have been randomly selected for additional probing.,46,10,6,62,527
"I came to experience ""Minnesota nice.""",47,8,7,62,527
You'll find that we are very welcoming to foreign workers.,47,8,7,62,527
The chef wants to know if you are certified organic.,43,16,3,62,527
Your daughter is crazy. Good luck to you sir.,49,9,7,65,527
And tell your wife her apple pie is out of this world.,48,11,6,65,527
Uber for MacDonald?,48,11,6,65,527
We enjoyed having your leader for dinner.,48,11,6,65,527
So... Can I count on your vote in November?,47,13,5,65,527
Thumb war?,48,11,6,65,527
NOW do you see how silly that wall would be?,45,17,3,65,527
"Sorry to pull you out of bed so late, but we need some work done on our tractor beam.",46,15,4,65,527
It's always nice to meet a fellow Mason.,46,15,4,65,527
"Welcome aboard, earthling with the scent of cow dung.",48,11,6,65,527
"Pleased to meet you, sir. Your daughter speaks highly of you.",47,18,3,68,527
Why? You're the only person we could find without a cell phone to take pictures of us.,48,16,4,68,527
We need two of everything.,46,20,2,68,527
Can you tell me how to get to the nearest Walmart?,49,14,5,68,527
"Unfortunately, Pluto cannot grant you asylum at this time, as we've met our quota for Trump refugees.",50,12,6,68,527
"Congratulations, you're our crop circle contest winner.",50,12,6,68,527
C'mon in. You're my first Uber fare.,49,14,5,68,527
You were smart to book now. We're expecting quite a rush after your election.,50,12,6,68,527
Take me to your presumptive leader,50,12,6,68,527
"At long last, another libertarian!",51,10,7,68,527
And we guarantee that you won't be in Kansas anymore.,47,10,6,63,527
E I E I O,49,6,8,63,527
You call an Uber?,44,16,3,63,527
"Why don't we spice things up - pretend this is our first time, alright?",49,6,8,63,527
"Yes, we have line dancing.",46,12,5,63,527
"Congratulations, you may have already won $10,000!",47,10,6,63,527
"So, same time next week for some more probing?",47,10,6,63,527
First time using Airbnb?,45,14,4,63,527
Thanks for coming! I have a few probing questions for you!,46,12,5,63,527
Did you have any problems finding the place?,47,10,6,63,527
"We, too, dabble in genetic modification of a sort.",49,6,8,63,527
"Sorry about the stairs, this is an older model.",45,14,4,63,527
Take me to your orange leader,46,12,5,63,527
Welcome to Myspace.,50,9,7,66,527
"Greetings, earthling. I have just opened a farm-to-table restaurant.",48,13,5,66,527
Greetings! Is there a restroom?,49,11,6,66,527
"Bob, we're taking farm-to-table to the next dimension!",49,11,6,66,527
Come on up - we've got plenty of space!,48,13,5,66,527
Please come in. I have just a few probing questions.,45,19,2,66,527
Greetings... The crop-grower and the circle-maker finally meet!,48,13,5,66,527
"I'm not the leader, but I am the only one that makes any sense.",51,7,8,66,527
I'm your Uber ride.,48,13,5,66,527
We've come for no purpose whatsoever.,47,15,4,66,527
"Oh, we never land in cities - no parking.",49,11,6,66,527
"Greetings, earthman. My name is Eieio.",49,11,6,66,527
"Nothing personal, but we're discontinuing Earth as one of our failed science experiments.",48,13,5,66,527
Your table is ready.,51,7,8,66,527
Valet?,49,11,6,66,527
"Boy am I glad to see you,my wife keeps complaining that I'm afraid to stop and ask directions",48,13,5,66,527
Did you bring the bacon seeds?,51,12,6,69,527
Welcome to Uber of the Third Kind.,47,7,7,61,527
"Just a meet and greet, we don't do abductions anymore.",42,17,2,61,527
"No, I'm from Jersey.",46,9,6,61,527
I just wanted to meet the guy who finally asked for a crop *triangle*.,45,11,5,61,527
We've come to take you from your leaders.,46,9,6,61,527
Surrender to me if you want to make Earth great again!,46,9,6,61,527
"Sorry we took so long coming back for you, but you seem to have adapted well.",46,14,4,64,527
We come in peace to learn about government subsidies.,47,12,5,64,527
"Congratulations, you're our 1000th alien abduction.",45,16,3,64,527
"No, really. Do you have a phone?",47,12,5,64,527
"You’re a life saver, thanks for the jumper cables.",46,14,4,64,527
Can I use your bathroom?,47,12,5,64,527
"Don't worry, we're not Muslim!",47,12,5,64,527
I hope my questions won't be too probing.,49,8,7,64,527
"Among my people, a handshake means you consent to an anal probe.",50,6,8,64,527
Pardon the mess - we've been on the road for light years,47,12,5,64,527
I don't want no trouble…just gimme back Dorothy & Toto.,47,12,5,64,527
"Sorry about the ladder, but people only get beamed up in the movies.",48,10,6,64,527
I can make America great again.,50,6,8,64,527
You requested an Uber?,48,10,6,64,527
Welcome aboard. We've upgraded you from Coach to Probe.,46,14,4,64,527
Are you the one who ordered an Über?,47,12,5,64,527
Congratulations on being our one millionth abductee!,48,10,6,64,527
You the man.,48,10,6,64,527
We're looking to start a farm-to-table restaurant.,47,12,5,64,527
Welcome! Our timeshare presentation only takes an hour but I'm sure it'll be well worth your time....,44,18,2,64,527
You'll notice that our probes are more gentle this time-- thanks to your survey feedback!,46,14,4,64,527
We're banning all future visits until we figure out what's going on here,48,10,6,64,527
You'd be surprised what else you're entitled to under the new Farm Bill,47,12,5,64,527
"Ok, your satellite internet should be up and running now",46,14,4,64,527
"I can't bring you, but we'll always have Iowa, and this corn field. And the best probing ever.",49,8,7,64,527
I'm pro immigration.,48,15,4,67,527
Circles? What circles?,50,11,6,67,527
It's OK. We heard about the election. We are here to help.,49,13,5,67,527
Greetings. We too have green thumbs.,50,11,6,67,527
"Excuse me sir, do you have a moment to talk about our Lord and Savior Jesus Christ?",48,15,4,67,527
"We have searched the universe for the answer, which is it, the chicken or the egg ?",46,19,2,67,527
Nice to meet you and all. Peace among worlds and stuff... but can you show me where the bathroom is?,47,17,3,67,527
Howdy stranger. I'd like to talk to you about Jesus.,50,11,6,67,527
Welcome aboard. The luxury cruise you won will begin right after a brief time-share information presentation.,49,13,5,67,527
"Greetings Earthman, we've come for the dancing cats",52,7,8,67,527
Did you remember to fast?,50,11,6,67,527
Take me away from my leaders.,51,9,7,67,527
"No, seriously, there's no anal probe tonight, just a 90 minute presentation about our fabulous time share opportunities!",51,9,7,67,527
Publish these predictions in the form of an almanac. We'll see you next year.,48,15,4,67,527
I told them I would leave if he got elected.,54,13,6,73,527
"You do realize that no one is going to believe you, right?",42,19,1,62,527
"Yes, we offer crop circles. Let me grab you a brochure.",47,9,6,62,527
"Greetings! We understand this planet is a source for something called ""bacon.",47,9,6,62,527
"Please come in, We planned on having you for dinner.",44,15,3,62,527
Thanks for not shooting me.,46,11,5,62,527
"Take me to your leader; but first, can you introduce me to Scarlett Johansson?",47,9,6,62,527
"Crop circles, sure. But let me show you what else this baby can do.",44,15,3,62,527
"Nice to eat you, I mean meet you",44,15,3,62,527
We've always admired your crop circles.,48,7,7,62,527
Canada built a wall and this is your only other option earthling.,46,11,5,62,527
"I have that kind of face, but no, I'm pretty sure we've never met before.",47,9,6,62,527
"Just kidding, Sir. This craft is much more than the manure spreader of the future.",47,9,6,62,527
"Welcome to our two-day seminar ""Opportunities in Interstellar Real Estate""!",44,15,3,62,527
"Nice to meet you, though I was expecting baseball players.",44,15,3,62,527
Take me to your pantsuited leader.,45,13,4,62,527
"Hello again, Fred. And how's Stumpy, that delicious wife of yours ?",48,7,7,62,527
"You may stay the night, Earthling, but make no tactile contact with my female offspring.",48,7,7,62,527
My mom sent me back to apologize for ruining your crops.,46,16,3,65,527
The chickens asked me to have a word with you.,47,14,4,65,527
"And you can call it ""kale.""",49,10,6,65,527
Trick or treat?,46,16,3,65,527
Finally....someone who looks like their Tinder photo.,45,18,2,65,527
One small shake for a gleep; one giant reach for gleepzook.,49,10,6,65,527
We saw your crop circles and came as soon as we could.,49,10,6,65,527
"Relax, I was nervous the first time I tried Airbnb too.",51,6,8,65,527
Have we got some spectacular viruses for you!,48,12,5,65,527
Mars? Don't be silly. I'm from Monsanto.,48,12,5,65,527
got milk?,47,14,4,65,527
Welcome to our farmers market Earthling. We grow things that are out of this world.,47,14,4,65,527
Welcome aboard. Your first time using Uber?,47,14,4,65,527
"First, you should know we just ran out of toilet paper.",49,10,6,65,527
A dozen ears please.,50,8,7,65,527
Greetings! I'm here to Make America Great Again!,47,14,4,65,527
I am wondering if you would like to join our Neighborhood Watch.,48,12,5,65,527
Welcome aboard! Perhaps you could explain what on earth is going on down here.,48,12,5,65,527
Joe Smith? THE Joe Smith?,49,10,6,65,527
"It's nice to finally meet you, Mr. MacDonald! My kids have told me so much about you.",46,16,3,65,527
You're my Uber Driver?,48,12,5,65,527
"Good to see you, Tom. You didn't tell anyone about our conversation in 1969 did you?",47,14,4,65,527
"Mr. McDonald, my name is E-I-E-I-Oh.",49,10,6,65,527
We just wanted to let you know we won't be able to make it to the square dance Friday night.,49,10,6,65,527
"Aha, the farmer! But where's the farmer's daughter we've heard so much about?",46,16,3,65,527
Wow! A farmer!? My friends won't believe this!,49,10,6,65,527
We'll give you a courtesy call before your next appointment.,47,14,4,65,527
Just come with us. We watched all the presidential debates and we don't want to be taken to ANY of your leaders.,47,14,4,65,527
"But, I didn't vote Leave!",48,12,5,65,527
"Would you like to schedule your next anal probe now, or will you call us when you're ready?",48,12,5,65,527
Are you Siri?,46,16,3,65,527
They say Canada's full. Can I come in?,50,8,7,65,527
Can you take us to Jeff Goldblum?,50,13,5,68,527
"We take full responsibility for the crop circles, Mr. Johnson, but we had nothing to do with the cattle mutilations.",49,15,4,68,527
Take me to your third-party candidate.,51,8,7,66,527
"My name's Kevin, I will be your Uber driver",45,10,5,60,527
Welcome aboard. Would you like to arrive last year or the next year?,44,17,2,63,527
Do you know Alex Trebek? I've GOTTA meet Alex Trebek!,47,11,5,63,527
"Since we are not allowed to take pictures of your people, we will have to use the anal probe.",51,3,9,63,527
"And when you see the kitchen, you'll die.",45,15,3,63,527
Last time we visited Earth we picked up a cow and no one knows how to milk her.,45,10,5,60,527
"Yes, of course, we are tourists from New York.",46,8,6,60,527
"It's okay, I'm a legal alien.",50,10,6,66,527
"We are building an intergalactic wall, and we'd like Earth to pay for it.",43,19,1,63,527
"Come on in, pull up a probe . . . I mean, a chair.",52,6,8,66,527
It was actually very easy to fly my spaceship over that wall.,49,7,7,63,527
Tag. You're it.,47,11,5,63,527
"Actually, it's the political climate I can't handle",48,9,6,63,527
You won't be in Kansas any more...,47,11,5,63,527
I'm sorry but your wife has chosen to stay on board .,42,16,2,60,527
"...I just wanted you to know that there wasn't any way to make change for my twenty at the farmstand, so I took the rest of the tomatoes to make it fair.",51,3,9,63,527
We just heard about Trump. We came as fast as we could.,51,8,7,66,527
Thanks for being available to be probed on such short notice.,47,11,5,63,527
You don't look anything like your Tinder pic.,41,13,3,57,527
"So what is this ""kale"" we've heard so much about?",44,12,4,60,527
Do you have any fluids or sharp objects?,45,15,3,63,527
Hell yes I'd like to hear about Amway products......come on in!,47,11,5,63,527
"Can you imagine if I'd opened the door naked, like in the pornos? Haha come on in.",49,7,7,63,527
Don't be afraid. We only want your wife's mac 'n cheese recipe.,46,13,4,63,527
Take me to your heirloom tomatoes.,45,15,3,63,527
"Hi Josh, I'll be your Uber driver tonight.",48,9,6,63,527
Just arrived from Mars. Tell Elon Musk he's nuts.,46,8,6,60,527
"Congratulations! You have been selected to receive free crop circles, more than fifteen minutes of fame, and a great story for the grand kids.",44,17,2,63,527
"Sorry, we're looking for forms of intelligent life, not Trump supporters.",44,17,2,63,527
Mr. Smith? 10 am colonoscopy? Come right in.,47,11,5,63,527
We'd like to partner with you on some crop circles.,48,9,6,63,527
Take me to your daughter.,48,9,6,63,527
"Hello Joe Smith, what a strange name.",46,13,4,63,527
Welcome to our intergalactic evacuation service in the event of a Trump victory.,49,7,7,63,527
The bad news? Trump won. The good news? It's no longer your problem.,49,7,7,63,527
We just had to stop and ask how you made those crop circles?,47,11,5,63,527
We. Are. Martians. Bum ba-dum bum bum bum.,50,5,8,63,527
So kind of you to accept our invitation. Abduction is not our thing.,51,8,7,66,527
And Monsanto wants to thank you personally for your business.,51,8,7,66,527
The bad news...We've taken over the earth. The good news...There are no middle seats. Welcome aboard.,48,9,6,63,527
I suppose you've been wondering about those crop circles.,47,11,5,63,527
"You realize no one is going to believe you, right?",45,15,3,63,527
"Outhouse is fine, dude. It's been ten light years.",46,13,4,63,527
Do you hire illegal aliens?,44,12,4,60,527
My Son wants to apologize for the crop circles.,46,13,4,63,527
"""Take you to our leaders?"" Now really isn't the best time, buddy.",51,10,6,67,527
Could I trouble you for a cup of sugar and some plutonium-239?,47,13,4,64,527
"Sorry, probe’s busted",46,15,3,64,527
Political asylum? Welcome aboard,48,11,5,64,527
"No, no, no...I said ""probing questions""...""subjected to an intense round of probing questions.""",45,17,2,64,527
Can I buy your hat?,46,15,3,64,527
"Hi, I'm Fred, your Uber driver. Where to?",48,11,5,64,527
Welcome! We're looking for a few good spe– A Few Good Men!,49,9,6,64,527
"It's a completely probe free probecess, I probemise.",50,7,7,64,527
"I'm getting that question a lot; no, you don't get to come back if he loses in November.",49,9,6,64,527
"O.K. You can come on board. But no matter what, you can't touch my daughter.",49,9,6,64,527
"Don't worry, on our planet we have a three party system!",49,9,6,64,527
You don't have to be lonely / With FarmersOnly.Com.,49,9,6,64,527
I hope you'll choose to sign up for our frequent abductee program.,46,15,3,64,527
Hi. Do you have a cell phone charger?,45,17,2,64,527
"Well, thanks for dropping by! And, again, I hope there aren't any hard feelings about the probe.",48,11,5,64,527
"Okay, I can live with that--you don't have to go if Bernie goes third-party AND wins in November.",52,3,9,64,527
"Yeah, well, the movies are wrong. We just want to learn about your irrigation system.",48,11,5,64,527
We try to eat local whenever we can.,48,11,5,64,527
You Amish don't squeal. We admire that.,44,19,1,64,527
We can't figure out how to grow pot,49,9,6,64,527
I just need to check your ID before you come aboard.,45,17,2,64,527
We're here for the moonshine.,48,11,5,64,527
"As part of our rebranding, this is an invitation, not an abduction.",47,13,4,64,527
I'm so sorry but your wife has requested that you stay here.,49,9,6,64,527
"Greetings, I'm the ship's TSA agent, and before I let you on I'll need you to take off your hat and shoes.",45,17,2,64,527
My first Facebook friend!,50,7,7,64,527
"Yeah, I just started as a Lyft driver a few weeks ago.",48,11,5,64,527
Does this planet have shampoo? They only let us bring a 4oz bottle.,46,15,3,64,527
Nice to meet you but where's that daughter I've heard so much about?,47,13,4,64,527
"Farmer Brown, I presume?..",46,10,5,61,527
"OK, you can sleep in the barn, just stay away from my daughter!",46,10,5,61,527
Have you accepted Jesus Christ as your lord and savior?,46,10,5,61,527
I think you'll find our time shares to be surprisingly affordable with a variety of planets to choose from.,41,20,0,61,527
"Sorry about the yard, Jerry's still learning to park.",45,12,4,61,527
"Thanks for taking the stairs, the beam is busted again.",47,8,6,61,527
Let's just say a wall won't stop everybody.,43,11,4,58,527
We have come to work the fields and do the jobs that none of your citizens want.,39,14,2,55,527
Take me to your restroom.,48,13,4,65,527
We'd like you to help us with our mid-western accent.,49,11,5,65,527
"Okay. Is it ""Ah-mish"" or ""Ay-mish""?",48,13,4,65,527
Looks like Trump will need to build another fence...only much higher.,48,13,4,65,527
"First, let me apologize about the sheep.",44,16,2,62,527
"Abduction? No, we learned a long time ago that was not the best way to sell time shares.",47,10,5,62,527
"I was heading to England, but aliens aren't welcome there.",45,14,3,62,527
.....and next time we will buy you dinner first.,48,8,6,62,527
"Welcome, Sir! You will be completing our set of The Village People.",45,14,3,62,527
Give a big moo to your family.,44,16,2,62,527
Did you find a set of keys?,46,12,4,62,527
Welcome to Uber everywhere.,46,12,4,62,527
"We, too, liquefy our produce into a sugary slime.",47,10,5,62,527
Do you have a restroom I can use?,44,16,2,62,527
"wait, what probes!? I was here to apologize for the circles!",48,8,6,62,527
"We're happy to welcome aboard our gold, platinum, and preferred abductees.",44,16,2,62,527
"Don't worry, I promise to have you back by the morning milking.",46,12,4,62,527
"Rest assured, we have declared this a 'free range' planet.",48,8,6,62,527
We hope you enjoy your stay at our Airbnb.,50,4,8,62,527
We're Amish. You can't park here.,48,8,6,62,527
My frequent flyer miles finally paid off!,47,10,5,62,527
Relax! That was over fifty years ago! We're vegetarians now.,44,16,2,62,527
Monsanto was simply a decoy.,42,15,2,59,527
"Hi! I'm Jim, the new Chief extraterrestrial Officer at Monsanto.",45,9,5,59,527
Your crop circle should be ready in about a week,43,13,3,59,527
"Well, thanks for the invite, but without intelligent life down here, we probably won't stay.",45,9,5,59,527
"""Hi, I'm the Green Party candidate for President"".",43,13,3,59,527
Thank you so much for allowing me to dissect your brain. Please accept the crop circle as a gift.,46,7,6,59,527
Sorry. Google Maps said there was a worm hole here.,41,17,1,59,527
"Hi! If you can use a pitcher with a 250 mph fastball, I'm your guy.",44,11,4,59,527
Congratulations! You're our millionth abductee!,45,9,5,59,527
We have come to take back Donald Trump.,45,9,5,59,527
It's a deal. Six crop circles and a mysterious glowing rock.,54,13,5,72,527
Please confirm that you are not genetically modified.,52,7,7,66,527
Just wanted to ask you if it's ok to park here?,50,11,5,66,527
Does your planet have Wi-Fi?,46,14,3,63,527
Welcome—please tell us all about this...kale.,46,14,3,63,527
Greetings. I have come from a blue state.,48,10,5,63,527
Sorry for the inconvenience. The transport beam is on the fritz.,48,10,5,63,527
Do you prefer your crop circles in corn or wheat?,49,8,6,63,527
Hi I am your space Uber driver.,48,10,5,63,527
Good-bye Mr. Jones. It was a wonderful stay. We'll give you a great review on AirBnb.,48,10,5,63,527
"Of course you are welcome to come, but you do realize there is a very good chance he's not going to win, don't you?",50,6,7,63,527
"Hello, poorly educated white male. I am presidential candidate. Best in universe. Nothing to fear.",47,12,4,63,527
"Come in, come in, don't be a stranger.",45,16,2,63,527
Hello. I'm here to do your crop circles.,47,12,4,63,527
"Our planet, Z-Z-X-Z-X, won't survive without a massive infusion of E-I-E-I-O.",48,10,5,63,527
The rest of the universe congratulates you for being the one redneck not voting for Trump.,46,14,3,63,527
Aboard pardner welcome howdy.,49,8,6,63,527
We are offering free transport to another planet if Trump wins the election.,47,12,4,63,527
Did you sign the medical release form?,45,16,2,63,527
"Dinner was great, Norm. It's just my planet isn't looking for anything serious right now.",47,12,4,63,527
You look nothing like your picture on DateAFarmer.com.,48,10,5,63,527
Quick! Matt Damen's in a peck of trouble.,48,10,5,63,527
"Greetings, working class white male. I hear you are the most important person in America.",48,10,5,63,527
Fair well Jebidiah. No one must know where the McNuggets recipe came from.,47,12,4,63,527
From your farm to our saucer.,50,6,7,63,527
Runs on pure corn ethanol.,47,12,4,63,527
Welcome to our Airbnb!,48,10,5,63,527
It's the one with the rings.,47,12,4,63,527
Take me to your demagogue.,48,10,5,63,527
We are here for the farm to table,49,8,6,63,527
"Hello, my name is Lofor and I'll be your prober this evening.",44,13,3,60,527
Our dating service pledges to match Americans who cannot live with a Trump presidency with single Martians looking for love.,44,13,3,60,527
So if Trump gets elected you are coming back for me right?,44,13,3,60,527
We'll have your circles finished by Tuesday.,44,13,3,60,527
Boy am I glad you were home. Thanks for coming over so quickly. You wouldn't have some bailing wire and some duct tape would ya?,45,11,4,60,527
Of course this may not be the ACTUAL unit you get but it is representative of what our vacation properties offer.,43,15,2,60,527
I'm thinking you'd be wanting the OTHER Elron Hubbard.,46,9,5,60,527
I have to warn you...our probe is out of order.,46,9,5,60,527
Greetings fellow superdelegate.,42,17,1,60,527
Welcome. Do you have more than 3 ounces of liquid on you?,43,15,2,60,527
You were highly recommended by Airbnb.,45,11,4,60,527
I don't know how else to say this... It's a disaster here. No way we can colonize. Great meeting you though.,44,13,3,60,527
Have you flown with us in the past?,44,13,3,60,527
You left your tractor high beams on.,46,9,5,60,527
Enter first and then tell me again how you feel about illegal aliens.,45,11,4,60,527
We heard about Trump. Come with us.,44,13,3,60,527
"Luke, I am your father.",46,9,5,60,527
Remember its gonna be sore for at least a few days.,46,16,2,64,527
"Well, now that you're here, we can start dinner.",48,12,4,64,527
"I would have been here 25,000 years ago but my GPS messed up.",46,16,2,64,527
We know all of you. Iowa is the most important place in the universe.,50,3,8,61,527
Have you heard the word of God today?,46,11,4,61,527
"It's called ""To Serve Man"". C'mon in, I'll autograph a copy for you.",48,7,6,61,527
Thanks for the casserole.,49,5,7,61,527
Is there any intelligent life on this planet?,46,11,4,61,527
I have come here to make you great again.,48,7,6,61,527
"You're definitely organic, right?",47,9,5,61,527
Oh hi! Well this is embarrassing--the crop circles are nowhere near done.,47,9,5,61,527
I'll have her back by midnight.,47,9,5,61,527
"Call me old-fashioned, but I'd like to take your cows for the night.",47,9,5,61,527
Welcome to Uber deluxe.,48,7,6,61,527
"Howdy neighbor, I'm going to eat your kids.",50,3,8,61,527
"Welcome earthling, I hope you're corn fed!",46,11,4,61,527
Have we got some seeds for you!,46,11,4,61,527
Pleased to meet you. For light years now we've been enjoying the stories about your daughter.,46,11,4,61,527
No problem. We can get rid of those crop circles for an additional $29.95.,46,11,4,61,527
"Ok, you can stay the night; but, keep away from my daughter.",45,13,3,61,527
"We are here to bring you temporary fame and untrusting speculation from neighbors near and far....oh, and a perfect circle of ruined crops. Damn glad to meet you.",46,11,4,61,527
Sorry about those crop circles... c'mon in!,45,13,3,61,527
"If I'm being honest, the stairs are a bit of a disappointment.",48,7,6,61,527
Would you be interested in a policy that will protect you against damage from crop circles?,45,13,3,61,527
Did you bring the Mars bars?,45,13,3,61,527
"Greetings, Earthling, I am the only true outsider running for President.",44,15,2,61,527
"Don't worry, we're vegans.",46,11,4,61,527
"Trust me, I work for Monsanto.",47,9,5,61,527
"Klaatu barada nikto. Which means, what's with all the guns?",50,3,8,61,527
You must tell me where can I get a pair of overalls like that?,46,11,4,61,527
Oh the farmer and the Martian should be friends Oh the farmer and the Martian should be friends ...,46,11,4,61,527
Welcome and don't worry! We're all green in here.,47,9,5,61,527
"I don't know what you've heard, but the probe thing is largely galactic myth.",46,11,4,61,527
We're gonna make American great again.,47,9,5,61,527
We've been watching the election coverage and would like to save a few members of your species.,44,10,4,58,527
Time to come home. You've been undercover long enough.,43,12,3,58,527
"A lot of guys have wanted to date my daughter, but you're the first one with his own vehicle.",43,12,3,58,527
You'll prefer our alienable rights.,44,10,4,58,527
Hello sir do you have a moment to talk about our lord and savior Jesus Christ,44,10,4,58,527
Pleased to meet you Mister Godot.,45,15,2,62,527
We're into the farm-to-operating-table movement.,50,5,7,62,527
"We've decided that Iowa should vote first in our election, too.",48,9,5,62,527
""" My sat nav is on the blink, can you show me the way to Roswell""?",47,11,4,62,527
"You realize you're shaking my penis right? Haha, just kidding. It's my great uncle Larry's penis. I had it grafted on last year. Best decision ever.",47,11,4,62,527
We heard you make moonshine.,44,17,1,62,527
We've seen the latest polls and changed our mind on taking us to your leader.,46,13,3,62,527
"Hi, we're the circle jerks.",49,7,6,62,527
I'd like to apologize for the crop circles in your corn fields. Our youngsters are always trying to look cool to their friends as soon as they learn to drive.,47,11,4,62,527
Welcome. You're here for the vivisection?,51,3,8,62,527
You looked taller in your Grindr profile.,46,13,3,62,527
Nice meeting you too.. now get off my porch.,48,9,5,62,527
We've been monitoring you developments. Mind if I have a last look around?,49,7,6,62,527
We are the third party with the best chance.,48,9,5,62,527
I've been watching your presidential campaign on the trip over -- don't take me to your leader.,46,13,3,62,527
My only demand is that you not take me to your leader.,48,9,5,62,527
I leave crop circles because saying goodbye is always too hard.,46,13,3,62,527
"Hi, Bill! You probably don’t recognize me. I’m the great-great grandson of your first crop of GMO asparagus back in ’02.",51,3,8,62,527
I went on Ancestry.com.,46,13,3,62,527
"Not to stereotype, but could you please wipe your feet before you enter...?",48,9,5,62,527
I found you on Ancestry.com,47,11,4,62,527
Welcome aboard. We have satellite TV!,47,11,4,62,527
"Again, thanks so much for your WiFi password.",46,13,3,62,527
"Well, its not really an 'abduction' if you volunteer. But welcome aboard nonetheless.",46,13,3,62,527
"Hello, I'd like to talk to you about genetically modified crops.",44,12,3,59,527
Take us to your subsidies.,47,6,6,59,527
But Trump said nobody could get over his wall.,46,8,5,59,527
You don't look anything like your OKCupid profile,42,16,1,59,527
"Pardon me, would you have any Grey Poupon?",44,12,3,59,527
"Once again, let me say how sorry I am about the whole crop circle thing. My bad.",46,8,5,59,527
"Please, what’s the answer? The Chicken or the Egg??",44,12,3,59,527
Can I use your outhouse? I don't think I can hold it in one more light year.,43,14,2,59,527
Don't be a stranger.,44,12,3,59,527
Have you considered your family's financial future should something unexpected happen to you?,43,14,2,59,527
Can I come in and tell you about the Good News?,46,8,5,59,527
Does your farm use alien labor?,46,8,5,59,527
We've been monitoring your candidates and are offering refuge on our planet.,44,12,3,59,527
Don't be scared. We are just trying to understand how Trump won the nomination.,45,10,4,59,527
We heard about your presidential candidates; welcome aboard.,46,8,5,59,527
We saw that Matt Damon movie and realized having a farmer aboard couldn't hurt.,42,11,3,56,527
"As a frequent flier, today's flight earns you 3.14 billion miles.",40,10,3,53,527
You're the first specimen to avoid the fatal selfie.,50,7,6,63,527
Was that E-I-E-I-O ?,48,11,4,63,527
Welcome aboard. I wanted to be the first to reach out to voters for the 2056 Iowa Caucuses. Have you decided who you are caucusing for?,49,9,5,63,527
"This 6 month spa getaway will involve relaxing physical probing, rejuvenating mind melds, and complimentary cucumber masks.",47,13,3,63,527
Have you prepped for your probe?,46,15,2,63,527
Come in! I told them you were real!,46,10,4,60,527
"Careful with that grip, you'll damage my probing hand.",47,8,5,60,527
"Congratulations, you have just won the Publishers Clearing House Sweepstakes!",44,14,2,60,527
Aunt Clara always said I was the good looking one in the family. Now I know why...,47,8,5,60,527
So this is why those city folk are so excited about Uber.,46,10,4,60,527
Are meals included?,44,14,2,60,527
Thank God you're here. We had no idea the horse was pregnant when we abducted her.,44,14,2,60,527
"In 4 to 6 weeks, a youngling will burst from your chest. But you should be fine until then.",48,6,6,60,527
"'You're late, but that's ok. Did you bring the guacamole?'",46,10,4,60,527
A good Yelp review would be fantastic.,43,16,1,60,527
We saw the crop circles and we love your work.,48,6,6,60,527
I saw you with the cows earlier....please wipe your feet.,48,6,6,60,527
You're gonna love what I did with corn field 4,44,14,2,60,527
Can you do anything other than circles?,46,10,4,60,527
You can stay the night but you'll have to stay asway from my daughter.,46,10,4,60,527
We're here to rescue you from Donald Trump.,45,12,3,60,527
Am I the first superdelegate you've ever met?,47,8,5,60,527
Do you have the wifi password?,40,17,0,57,527
"Take me to your leader, unless it is Trump.",44,9,4,57,527
Have no fear. All I seek is a fresh green salad.,45,14,2,61,527
"Don't worry, we have WiFi.",44,16,1,61,527
Greetings! I come from a place called New York.,50,4,7,61,527
Well we can't all be as handsome as Matt Damon.,44,16,1,61,527
I look weird? You're not exactly Matt Damon yourself.,46,12,3,61,527
"You're not from around here, are you?",46,12,3,61,527
You ordered an Uber?,46,12,3,61,527
Do you have wifi?,46,12,3,61,527
We're into sustainable food sources too...is your wife around?,48,8,5,61,527
We're investigating important things about Kansas your government is hiding from you.,49,6,6,61,527
Yes. We do have single payer health and a generous farm subsidy program.,47,10,4,61,527
We've run out of toilet paper...,46,12,3,61,527
You called for a crop duster?,47,10,4,61,527
"Remember, vote against illegal aliens.",46,7,5,58,527
Mr. Trump will see you now.,46,7,5,58,527
Let me answer your question with another question: do you really care why we're here for Justin Bieber?,46,7,5,58,527
Why are you surprised again?,44,11,3,58,527
We've come to investigate claims that your wife makes the best rhubarb pie in the universe.,44,11,3,58,527
"Dorothy, I never thought you'd ever come back.",45,9,4,58,527
Park it up front and I'll throw in an extra twenty bucks.,44,11,3,58,527
"I greet you from.........gosh, it's been so long I've totally forgotten.",45,9,4,58,527
Welcome--we're thrilled to have you for dinner!,45,9,4,58,527
Old MacDonald I presume.,47,5,6,58,527
Here's my information. Sorry again about the circles.,42,10,3,55,527
"Hi, there. I'm your Green Party candidate.",40,14,1,55,527
Just take me out of range of election coverage.,43,8,4,55,527
"Likewise. By the way, any idea where I can get tickets to Hamilton?",43,8,4,55,527
"You can turn your phone back on at 32,000,000 feet.",42,10,3,55,527
We are hoping that you can explain about the subsidies for not growing things.,42,10,3,55,527
Nice hat!,42,10,3,55,527
"We used to have to snatch you, but in this political climate, more than enough of you come willingly. Welcome...",42,10,3,55,527
You look different than your profile picture online.,47,12,3,62,527
What shall we do first--crop circle or your wife?,49,8,5,62,527
What? You were expecting June Lockhart?,49,8,5,62,527
"Howdy, neighbor. Just flew in from, uh, Nebraska. Yes, that's it, Nebraska.",45,11,3,59,527
We saw those magnificent crop circles and we simply have to learn how you do it.,46,9,4,59,527
Welcome! We're all about farm to saucer here.,47,7,5,59,527
"No, we don't do that any more.",46,9,4,59,527
Any chance you'd be willing to run for president?,48,5,6,59,527
We've been craving an organic farmer.,45,11,3,59,527
"Unless I misread your crop circles, you are need of migrant workers?",47,7,5,59,527
You're a little shorter than you looked in your profile.,47,7,5,59,527
I thought you aliens was from Mexico.,47,7,5,59,527
We loved your website.,43,15,1,59,527
Can I have my cows back?,45,11,3,59,527
We no longer ask probing questions. Too much information.,46,9,4,59,527
Take me to your zucchini.,46,9,4,59,527
"I know I've refused in the past, but now they've elected Trump. Please can I come with you?",48,5,6,59,527
Congratulations! You may already be a winner.,46,9,4,59,527
"Thanks, but no one really needs to be taken to anyone's leader anymore.",45,11,3,59,527
"If he gets elected, there will be a long line.",47,7,5,59,527
Welcome. We love high fructose corn syrup and gluten.,46,9,4,59,527
"We have travelled far, and must know: how many licks DOES it take to get to the center of a Tootsie Pop?",46,9,4,59,527
We understand Iowa is a good place to start our campaign...,45,11,3,59,527
Welcome. We've been looking forward to genetically modifying you.,44,13,2,59,527
Want to see what's over the rainbow?,47,7,5,59,527
"Hi there, we're here to serve man.",46,9,4,59,527
"Just go along with it. We'll be back in Tulsa in an hour and you'll be $10,000 richer.",47,7,5,59,527
"I appreciate your concern, but that was not my cow that jumped over your moon.",47,7,5,59,527
"I don't mean to be rude, but we were just sitting down to dinner.",44,13,2,59,527
Oh yes please! Earth is getting much too scary.,47,7,5,59,527
"Oh, you earthlings and your probing.",45,11,3,59,527
Sorry we vaporized your cows and obliterated your corn field. No hard feelings then?,45,11,3,59,527
"Come in, we have candy.",44,13,2,59,527
"Well, we're heading home. We do not care for your loud, orange leader with the helmet made of hair. Give my best to Gladys.",46,9,4,59,527
"Remember, a vote for Quyclane is a vote to make this Galaxy great again.",47,7,5,59,527
Trump won. Take me with you.,49,3,7,59,527
This flight doesn't require you to empty your pockets or remove your shoes.,44,13,2,59,527
Help us meet our skyrocketing demand for kale.,43,10,3,56,527
"Bob, your heirloom carrots really are out of this world.",43,10,3,56,527
Mind if we take some earth rocks to sell in our gift shop back home?,42,12,2,56,527
"When I heard this planet still grew gmo corn, well I just had to see it with my own eyes.",44,8,4,56,527
I'm sorry but this staircase is for deliveries only. The visitors entrance is around the front.,46,4,6,56,527
"I'm sorry, but we can't take any more refugees from Earth.",43,10,3,56,527
"Good evening, may I see some ID please?",44,8,4,56,527
"Whoa! Lots of questions there buddy. Let's take them one at a time. No, we are not from Tesla. Yes, you can use United miles. No, we do not stop in Des Moines.",42,12,2,56,527
Just saw your cow; she's quite the jumper.,44,8,4,56,527
"Wow, I no idea Uber worked way out here.",45,6,5,56,527
A cookbook? Don't be silly! To Serve Man is our motto. Come. Come inside.,43,10,3,56,527
"What do you mean, am I free range?",41,14,1,56,527
Hi. I'm here to destroy the earth.,43,10,3,56,527
"Forget your wife, man! Save the chickens!",45,6,5,56,527
I didn't know you delivered.,46,11,3,60,527
Which bathroom am I supposed to use?,46,11,3,60,527
Just in time for dinner.,47,9,4,60,527
"My solar system ran out of Uranium. Mind if I dig some out of Uranus?...Ha, ha! Got you!",50,3,7,60,527
They'll never believe you.,49,5,6,60,527
You grow weed? Welcome aboard!,45,13,2,60,527
Who in the world thought that wall could keep us out?,45,13,2,60,527
"One trip with us, and you'll have more travel miles than you can use in a lifetime.",47,9,4,60,527
"Excuse me sir, do you have a second to talk about probing?",46,11,3,60,527
Do you have any kale?,46,11,3,60,527
Back home there's this joke about a guy who runs out of intergalactic supernucleon fuel late at night out in the country and ends up sleeping with the farmer's daughter.,47,9,4,60,527
I never shook hands with my lunch before.,45,13,2,60,527
"And if you vote for me, I promise not to blow up your planet.",46,11,3,60,527
"Remember: Crop Circles are geometrical and symmetrical. Good luck, Dwight!",48,7,5,60,527
"Communications, this is the Captain speaking. Please type in 'ee ii ee ii oh' into the universal translator...and make it snappy.",46,11,3,60,527
"Greetings, our planet has depleted its store of folksy wisdom. We will give you plutonium in return for rambling stories about moral dilemmas.",49,5,6,60,527
We've come 25 trillion miles to meet Justin Bieber. We are a far less advanced civilization than you.,44,15,1,60,527
"Don't take us to your leader, explain to us your electoral process.",47,9,4,60,527
As a poor vacuum cleaner salesman with broken down transportation it won't be any trouble to share a bunk with your daughter tonight.,45,13,2,60,527
Hay Charlie! I finished that crop circle you ordered. Want to fly up and take a look?,48,7,5,60,527
"Oh, the spaceman and the farmer can be friends.",48,7,5,60,527
'I'm guessing you've not flown with us before?',47,9,4,60,527
"Just so you know, there will be butt stuff...",45,13,2,60,527
Come back for me if Trump gets elected.,48,7,5,60,527
Hello my name is Scott and I'll be probing you today.,45,13,2,60,527
"Now that the election is over, we thought you might want to come along with us.",48,7,5,60,527
Did you bring the show tunes?,48,7,5,60,527
Do you have a few minutes to discuss the Book of Dwoxoto?,47,4,6,57,527
"See, I told you. If you built it, we would come.",45,8,4,57,527
"Hello , the airbnb ad said ..........",44,10,3,57,527
"Yes, you look a little different than your Tinder profile picture too.",44,10,3,57,527
I know! What were the chances of you being bipedal too!?,45,8,4,57,527
"We're still pre-boarding our Space Plus passengers, sir.",43,12,2,57,527
Have you by chance seen Dorothy?,44,10,3,57,527
"Oh, you're home. Sorry, I was just going to leave some mysterious crop circles.",46,6,5,57,527
"Don't be a stranger, now that you know where we are.",45,8,4,57,527
I shall take these corn nuts back to my planet for an unforgettable feast.,46,6,5,57,527
"Your illegal aliens start at sunrise, boss.",45,8,4,57,527
"It's not all milk and honey, but there are no ads for Hillary or Donald.",44,10,3,57,527
"Don't worry, the Trump experiment is almost over.",46,6,5,57,527
We heard you had a really attractive daughter.,43,12,2,57,527
"Sorry, you're looking for Roswell, New Mexico. This is Iowa.",43,12,2,57,527
Take me to Steven Spielberg.,44,10,3,57,527
We've come to learn about your inalienable rights.,45,8,4,57,527
"Good to see you Jim, I love what you've done with the place.",44,10,3,57,527
Told you. You can fix anything with baling wire!,45,8,4,57,527
I haven't done one of these home swaps before. I hope you left your wifi password.,44,10,3,57,527
Rod Serling sent me.,45,8,4,57,527
"Hi, we have been looking forward to having you for dinner.",46,6,5,57,527
Can't wait to meet your daughter.,43,12,2,57,527
You're welcome to spend the night---just don't touch my daughter.,45,8,4,57,527
Tell me you have a bathroom.,44,10,3,57,527
Your daughter's joined the 500 light year club,44,10,3,57,527
"Greetings, Earthling. Do you know of a way for us to acquire reasonably priced Hamilton tickets?",43,12,2,57,527
Oshkosh b'gosh!,44,10,3,57,527
"Your favorite movie is ET? No way, mine is Field of Dreams!",43,12,2,57,527
Welcome aboard! Ever ride Uber before?,45,8,4,57,527
"Bob, don't you remember me from the Future Farmers of America?",43,12,2,57,527
"So, you're the exchange student?",42,14,1,57,527
"Are you one of them ""illegal aliens""?",44,10,3,57,527
"Hey, your crop circle is the symbol for free beer!",46,6,5,57,527
We'll take a dozen ears of sweet corn and a bushel of Jersey tomatoes.,45,8,4,57,527
We came to tell you that the galaxy is very concerned about your upcoming election.,45,8,4,57,527
glymph dink bindlflit flinkin trump.,46,6,5,57,527
I got to tell you this is my first Uber and it's awesome.,45,8,4,57,527
"Yes, I'm organic.",44,10,3,57,527
Sorry I doodled on your crops when I was bored.,44,10,3,57,527
"Nah man it's cool, I'm good to drive.",46,6,5,57,527
You've been upgraded,45,8,4,57,527
I'm told that wearing this get-up lends an air of gravitas.,45,8,4,57,527
Welcome aboard. I'm glad you checked your bags! The overhead bins are full.,43,12,2,57,527
We'll return you on November 9th.,45,8,4,57,527
"Really, it's just like a pin prick.",43,12,2,57,527
"As a matter of fact, I do have wifi.",45,8,4,57,527
Welcome to rural Uber.,45,8,4,57,527
Of course you'll be fully reimbursed for the cows.,46,13,2,61,527
"I think I've seen enough. I wish you luck, human.",48,9,4,61,527
Your government is broken. I can fix it. It will be great. Vote for me.,45,15,1,61,527
I guess you're here about the crop circles.,47,11,3,61,527
"Your wife's peach cobbler was wonderful. Oh, and sorry about that death ray incident.",46,13,2,61,527
"So, are you the guy who shows all the porn on local cable access?",50,5,6,61,527
PLEASE tell me you have toilet paper in your outhouse!!,42,9,3,54,527
We've been looking forward to having you for dinner tonight.,39,15,0,54,527
Greetings. We're here to pick up the one you call Donald and take him back home. We laughed out loud at his comments about aliens.,43,7,4,54,527
"We're here to take Donald Trump back, you seen him around?",43,7,4,54,527
"We welcome the tired, the poor and the undocumented.",43,7,4,54,527
"Go south on I-95 and then west on I-4. You will see a big yellow arch with ""Disney World"" written on it in big red letters.",45,10,3,58,527
Wanna get outta here?,43,14,1,58,527
You really went all out this Halloween.,46,8,4,58,527
Mi casa es su casa.,45,10,3,58,527
"I don't know your laws, so I can't say if I'm illegal.",47,6,5,58,527
"To us, everywhere is 'flyover country'.",45,10,3,58,527
"Do not be alarmed, Farmer. We are only interested in your seed.",45,10,3,58,527
"Sorry, it's standing room only--I'm filled with British remainders.""",46,8,4,58,527
"Who did you expect, Mork?",45,10,3,58,527
We seek the earthling knows as Old McDonald.,45,10,3,58,527
Forget Trump. I'm the outsider candidate of your dreams.,46,8,4,58,527
Do you have time to hear about our lord and saviour Xabnar the Great?,47,6,5,58,527
"Thanks again. We'r fanatic about ""locally sourced.""",45,10,3,58,527
"No, you're not invading at all, come in!",45,10,3,58,527
We saw your clever corn row messages.,46,8,4,58,527
"You DO know, don't you, that nobody's going to believe you when you talk about this?",44,12,2,58,527
You'll be getting quite a few miles credited to your travel awards card.,44,12,2,58,527
Do you validate?,44,12,2,58,527
Why are you asking if I'm legal or illegal? We just put you guys here to feed our pet mosquitoes.,44,12,2,58,527
"Welcome aboard. Would you prefer steak, fish or Venution?",46,8,4,58,527
"Dude, your crop circles are awesome.",45,10,3,58,527
Welcome aboard. We are taking America back.,45,10,3,58,527
"Come on, there's lots of space.",46,8,4,58,527
Don't worry. I'm very down to earth.,45,10,3,58,527
I was hoping you would send your daughter.,44,12,2,58,527
You're in Kansas!,46,8,4,58,527
Come on in. I'll get your cows.,45,10,3,58,527
I'm opening a farmer to table restaurant on my home planet.,45,10,3,58,527
We appreciate your letting us park here. Finding a spot in the city is impossible.,43,14,1,58,527
"Thanks for applying, but we're only accepting grass-fed humans this trip.",46,8,4,58,527
"Yes, as a matter of fact, we do accept Muslims.",44,12,2,58,527
I understand you are a man who knows how to fix things.,46,8,4,58,527
"Welcome back, Mr. MacDonald. You probably don't remember me from our last visit.",44,12,2,58,527
"Congratulations! Your crop circle won our ""Tell us what's so funny about an expiring planet"" Contest",46,8,4,58,527
"Let's just keep this little GMO secret between us, okay?",46,8,4,58,527
"""airbnb""...you were expecting us?",46,8,4,58,527
"Welcome sir, any snags with - you know, immigration ? Not a one. I flew in under the radar but over the wall.",46,8,4,58,527
"Evening, sir. Pleasure to probe you.",45,10,3,58,527
I gotta get a bigger scarecrow.,45,10,3,58,527
"No butt stuff, I promise.",45,10,3,58,527
"Sir, do you have a moment to talk about our Lord and Savior Xzlphzyx?",47,6,5,58,527
We've come for the free-range chickens.,46,8,4,58,527
"No, please don't take me to your President, a simple crop circle or cow will do",46,8,4,58,527
"Don't worry, we're only probing the outer reaches of the galaxy.",46,8,4,58,527
Sorry about the stairs. We need your help with the tractor beam.,46,8,4,58,527
Your movies told me to come here,45,10,3,58,527
Hello. You don't happen to have a spare microspanx hydromoximetamorph calipution switch do you?,46,8,4,58,527
Please leave your boots at the door.,44,7,4,55,527
Would you have any grey poupon?,43,9,3,55,527
Thank you for letting us use your farm. We'll call it Woodstock.,43,9,3,55,527
And don't forget to give us a 5-Star review!,41,13,1,55,527
"Yes, I'm your Uber driver",43,9,3,55,527
"Finally, someone who can tell us why organic costs more!",43,9,3,55,527
We know about Trump. You're welcome to bring your family.,44,7,4,55,527
"Congratulations, Farmer Bob! You're our one millionth abductee.",44,7,4,55,527
"Gosh, Larry, it's been almost 20 years since we did the last crop circle here.",44,7,4,55,527
"Sure, I promise not to go near your daughter.",42,11,2,55,527
"Ah, you saw our ad in the Enquirer.",43,9,3,55,527
Greetings! Did you order something from Amazon?,43,9,3,55,527
We come in peas.,45,5,5,55,527
We're here to rescue you.,42,11,2,55,527
We're her to serve mankind - with fava beans and a nice Chianti.,45,5,5,55,527
"Pardon me, but do you happen to have a vehicle recharging station we might use?",42,11,2,55,527
Greetings Google earthling.,45,5,5,55,527
We're hoping to use your farm for an intergalactic music festival.,44,7,4,55,527
"Boy, are we glad to see you. We are totally out of weed.",43,9,3,55,527
"No, we are not taking your farm by eminent domain. We are taking your farm by eminent dominance.",41,13,1,55,527
Welcome to life after Brexit.,48,6,5,59,527
Howdy...looks like rain...lives of the cowboys...make America great again...I'm with her,47,8,4,59,527
"Welcome aboard, and thank you again for calling on us to help you with your crop circling needs. Now, which irritating neighbor do you want to mystify first?",46,10,3,59,527
"... but the one we really like is ""Game of Thrones.""",43,11,2,56,527
Thanks for the jump.,44,9,3,56,527
May I interest you in Uber-plus?,43,11,2,56,527
Thanks for meeting me here. Zorgon and Hedron told me they had abducted you in 1965 and I should call you for a 'good time.',45,7,4,56,527
We're here to tell you about a wonderful plutonium extraction opportunity right here on your land!,45,7,4,56,527
"By the way, do you mind chipping in for gas?",44,9,3,56,527
Can I borrow a cup of sugar?,45,7,4,56,527
We have much anticipation to experience your 'fast food'.,44,9,3,56,527
Greetings! I saw your ad on Craig's list for crop circles.,45,7,4,56,527
Do you know where I can get my green card?,43,11,2,56,527
Take me to your farmer's market.,43,11,2,56,527
"As soon as we heard about Trump's nomination, we added extra shuttles to the schedule.",44,9,3,56,527
Your daughter can make America great again.,46,5,5,56,527
"Greetings, genetically modified farmer.",45,7,4,56,527
So YOU'RE the man to see about a horse.,44,9,3,56,527
So what are your thoughts on anal?,44,9,3,56,527
Please wipe your feet,42,13,1,56,527
We just don't want to be in Kansas anymore.,45,7,4,56,527
"Welcome aboard. Yes, Canada overbooked and, by November, not a prayer.",44,9,3,56,527
"It could never work between us, we're from two different worlds",43,11,2,56,527
"Greetings, specimen.",43,11,2,56,527
"Have you heard about our Lord, Fnerb Bingbot?",44,9,3,56,527
I'm sorry. We should have spelled out our name in the Yellow Pages listing. We're not the United Farmer's Organization.,46,5,5,56,527
"Nice meeting you, I love your hat",44,9,3,56,527
Parking wasn't a problem.,42,13,1,56,527
"Oy, do I have crop circles for you!",44,9,3,56,527
"Everyone is going to think you're crazy from now on, but the membership perks are amazing.",43,11,2,56,527
"Come on, I'll take you for a spin.",43,11,2,56,527
Welcome Brother. Tonight we'll show you which God is right and why.,45,7,4,56,527
"Hello! Can you grow what you call ""pot""?",41,15,0,56,527
"Thank God you've come. We found your cow over the moon. And all she'll tell us is, ""Moo. Moo.""",45,7,4,56,527
"Welcome,now please remove your shoes and hat and do you have any liquids on your person.",43,11,2,56,527
If he gets elected we'll be back for you.,44,9,3,56,527
"Sorry to trouble you, but I don’t suppose you have any uranium fuel lying around?",43,11,2,56,527
I was non-compliant with your admonition to avoid contact with your daughter.,43,11,2,56,527
"""Alien"" has negative connotations. We prefer crop circle specialists.",43,11,2,56,527
You're our first foray into farm to table!,43,11,2,56,527
"Hey, sorry about the fence,, and the cows. Listen, we're here to take back Donald Trump.",45,7,4,56,527
I thought small farmers didn't exist.,43,11,2,56,527
"If we could just keep this between the two of us, that would be great!",39,14,0,53,527
Think of us as an emerging market with no government regulations.,40,12,1,53,527
We heard you need intelligent life this election cycle.,42,8,3,53,527
"Hi, I'm here to pick up the Stair Climber you advertised on Craig's List.",45,9,3,57,527
There is no Trump in outer space. You'll be safe with us.,46,7,4,57,527
Congratulations. You've just won a vacation abduction package.,45,9,3,57,527
"Hello, friend. Have you found Jesus?",44,11,2,57,527
Welcome to Trump U,45,9,3,57,527
Greetings. I'm the Monsanto representative you asked to meet with.,47,5,5,57,527
"Hey, man.",44,11,2,57,527
"Goodbye, We voted Earthxit",46,7,4,57,527
"You can stay the night, just stay away from my robot daughter.",46,7,4,57,527
Do you have any heirloom tomatoes?,45,9,3,57,527
I was wondering if I could borrow your telephone to let my wife know I'm running late and it would also be great if I could use your bathroom and have a glass of water.,45,9,3,57,527
Is it too late to run for President?,44,11,2,57,527
"Congratulations, you're our ten thousandth abductee.",44,11,2,57,527
You must be the neighbor...say have you heard of Amway?,45,9,3,57,527
I promise. This time no probing.,44,11,2,57,527
May we serve you farm-to-table?,43,13,1,57,527
"We're looking for locally sourced food supplies, grown within 10 light years.",45,9,3,57,527
"Don't worry, I won't have her out too late",45,9,3,57,527
"Greeting Earthling, I've come to take back Donald Trump.",46,7,4,57,527
"If you upgrade to business class, your first mind probe is free.",45,9,3,57,527
"Good to see you again David, I think you'll see we have a lot to offer in our new emigration package.",46,7,4,57,527
Did you call for an Uber pool?,46,7,4,57,527
"Thank you for coming, our interpreters think they've finally cracked the meaning of ""EIEIO"", but would love confirmation.",45,9,3,57,527
"If you'll step right this way, Mr. Brown, we'll get you set up for your first auditing session.",46,7,4,57,527
We're bypassing your leader. You'll do just fine.,44,11,2,57,527
We're not looking for citizenship—just a few ripe tomatoes.,44,11,2,57,527
We're here to serve man. You're just in time for dinner!,44,11,2,57,527
You're right. I'm not from around these parts.,46,7,4,57,527
"Thank you for volunteering to leave Earth before the 2016 election, but we are already filled to capacity.",45,9,3,57,527
Ninety-five percent of our DNA is shared with corn.,43,13,1,57,527
Sure I've got candy!,46,7,4,57,527
"Mind taking your shoes off, we just had the carpets cleaned.",43,13,1,57,527
Get in we know where Dorothy is.,44,11,2,57,527
Can you tell me the way to Area 51?,43,13,1,57,527
"We won't bother you again. But, if you'd like, you can follow us on Snapchat.",44,11,2,57,527
"I am being serious, Trump's our leader.",44,11,2,57,527
"First, I want to apologize for the cattle mutilations. It was just some cow-tipping that got a little out of hand.",47,5,5,57,527
Hi. Is there a Starbuck's around?,45,9,3,57,527
"You're not bringing her back, are you?",45,9,3,57,527
"I'm running as an Independent, and I'd really appreciate your vote.",45,9,3,57,527
I'd love to hear about the Latter-Day Saints.,44,11,2,57,527
We like to stop for local organic produce.,44,11,2,57,527
"Fred, I sold the farm and we're moving to New York.",46,7,4,57,527
I need more space,42,10,2,54,527
"You'll want to book soon, as we expect to be at full capacity after your Election Day",42,10,2,54,527
We're into farmer-to-table cuisine.,43,8,3,54,527
Take me away from your leader...,42,10,2,54,527
"I assure you, your caucuses are the biggest mystery out there.",44,6,4,54,527
"Our immigration reform is stuck in committee, so we'll have to forgo the abduction.",43,8,3,54,527
"Hi, we're new around here, and the missus sent me to borrow a cup of sugar.",43,8,3,54,527
We need an outhouse built. I'll leave it at that.,45,4,5,54,527
"Oh, you do not look like your Facebook picture.",44,6,4,54,527
"Yes, we were happy to see your request for crop dusters on Craigslist.",42,10,2,54,527
"No, I'm his son, Klaat3",42,10,2,54,527
Welcome! We were expecting you for supper.,42,10,2,54,527
Greetings from Monsanto. Thanks for signing up for our new off-site facility.,43,8,3,54,527
"It's OK, I work for the government.",44,6,4,54,527
Can you tell us how to get farm subsidies?,43,8,3,54,527
"Say, I was wonderin' if you could just get me the hell out of here.",41,12,1,54,527
Can we hover here tonight? My wife is air sick.,41,12,1,54,527
Are you binary or analog?,43,8,3,54,527
Aren't we friends on Facebook?,41,12,1,54,527
We need milk.,43,8,3,54,527
Can I borrow some Grey Poupon?,44,6,4,54,527
Welcome aboard. We've been hoping to meet you since next year.,39,11,1,51,527
Just need you to sign our standard waiver of liability form and you'll be good to go.,45,6,4,55,527
Got ethanol?,43,10,2,55,527
Nice to meet you too. Do you have any spare tickets to 'Hamilton?',44,8,3,55,527
"welcome! Are you Old Macdonald or the Farmer in the Dell?""",45,6,4,55,527
Take to me your leader. ...Unless it's Trump.,46,4,5,55,527
I just fly for Uber in my spare time.,44,8,3,55,527
I like what you're doing with crop circles,43,10,2,55,527
"Dude, there's a hole in your ozone layer.",44,8,3,55,527
"Before you enter, I am required by law to ask if you are allergic to anal probes.",43,10,2,55,527
"This won't make Trump happy, He thought the wall would keep out All the Aliens",45,6,4,55,527
"Welcome Aboard! I can take you to a galaxy where - for the next four months - there is no election coverage.""",42,12,1,55,527
"For a dairy farmer, the Milky Way is a must-see.",44,8,3,55,527
Hey Bob! C'mon in. The Cardinal Orioles game is on.,45,6,4,55,527
Well you might say my profile pic is a few years old but it's all relative.,44,8,3,55,527
"Gort, you crazy bastard, what brings you back?",47,2,6,55,527
If you leak this... Disney will sue your ass.,43,10,2,55,527
It's a deal. I'll finish the crop circles in time for Halloween.,45,6,4,55,527
"Oh, 'undocumented person' is the preferred nomenclature, please.",44,8,3,55,527
"So November 9, I'll need 10 seats, but only if Trump wins.",45,6,4,55,527
"Congratulations, you've won first class seats!",43,10,2,55,527
I am so sorry. My GPS says this is Area 51.,43,10,2,55,527
"Excuse me, sir. Do you have a moment to learn about our galactic overlord and savior?",44,8,3,55,527
"Yes, Of course you will receive a mule with your 40 acres",45,6,4,55,527
We'll return your cows once we've rebuilt our planet.,44,8,3,55,527
I wanted to rent the airbnb loft you're advertising for the summer.,45,6,4,55,527
"Farmer in the dell, I presume.",43,10,2,55,527
Pleasure to have you join the team. We pride ourselves on doing things a little differently around here.,44,8,3,55,527
"yes, we could call it thee ""stairway to heaven"" but we are afraid of lawsuits.",45,6,4,55,527
Don't worry we're nothing like the ones in Men in Black,44,8,3,55,527
"Welcome, Mr. Joad. Thanks for answering our seasonal help wanted flyer.",45,6,4,55,527
Seems a tad far to travel for locally sourced vegetables.,44,8,3,55,527
PLEEEASE ... Don't take me to your leader,44,8,3,55,527
"It's about your daughter, we have to talk...",45,8,3,56,527
Do you have a daughter?,46,6,4,56,527
Welcome to the Republican Party!,44,10,2,56,527
Welcome to Aliens For Trump.,45,8,3,56,527
Please tell your leaders to stop demonizing us as illegal aliens.,46,6,4,56,527
Congratulations! You've just won the Publishers Clearing House $10 Million prize!,46,6,4,56,527
Your tomatoes are out of this world!,44,10,2,56,527
We're here for some locally sourced produce.,47,4,5,56,527
I never meant to alienate you!,44,10,2,56,527
"""Upstate MWM, curious, DDF,"" right? I loved your ad.",46,6,4,56,527
I hope you vote for me in November.,42,7,3,52,527
Uranus?,46,6,4,56,527
Ephraim suddenly regrets the Amish prohibition on cel phones.,45,8,3,56,527
"I'm sorry, but we really can't allow you people elect Donald Trump",47,4,5,56,527
Please tell me you're here to fix the plumbing.,45,8,3,56,527
"Howdy, Bob. Ready to make some crop circles?",45,8,3,56,527
"Welcome! You've been selected for a free medical exam, prepaid by Medicare.",44,10,2,56,527
"Yes, I am a farmer, and I have a daughter. Why do you ask?",47,4,5,56,527
My opponent in this election eats people.,45,8,3,56,527
"Nope, this is Area 49. You need to go back that way 'til ya see the big oak tree and hang a left.",45,8,3,56,527
You betcha we'll help with the barn raising!,45,8,3,56,527
"Hi, ever hear the one about the farmer's daughter and the space aliens?",45,8,3,56,527
We want to hear from Iowa first.,46,6,4,56,527
Uber,44,10,2,56,527
Do you have any Grey Poupon?,44,10,2,56,527
Hello. I'm your driver. Thank you for using Uber.,43,12,1,56,527
"Yeah, I sell dilithium crystals. I just need a place to stay tonight. Say, is that your daughter I saw in the window?",44,10,2,56,527
You must be from Monsanto.,46,6,4,56,527
This farm to table movement really has taken off.,45,8,3,56,527
I'm here to make Earth great again!,45,8,3,56,527
I'm R2-D2. Are you E-I-E-I-O?,45,8,3,56,527
Trump won.,46,6,4,56,527
Come in. I would love to show you my portfolio of crop circles.,43,12,1,56,527
Hello friend. Allow me to Identify this Flying Object.,46,6,4,56,527
Excuse the shape of the place.,47,4,5,56,527
"Say, you think you could switch off the lights so Mae and I could get some rest?",44,10,2,56,527
Thank God you showed up. Now get me outta here!,44,10,2,56,527
Welcome Vern. Let's review this year's GMOs.,45,8,3,56,527
"Sorry, my GPS took me the wrong way around Mars. Kansas has always been on my bucket list.",44,10,2,56,527
It's ok - we all have green cards.,44,10,2,56,527
My name is Zultan and I'd like to earn your vote.,45,8,3,56,527
And for another $50.00 you can plug into the barn.,45,8,3,56,527
We appreciate your interest in our new line of genetically modified seeds.,46,6,4,56,527
Trump sent us to check if there are any illegal aliens working on your farm,46,6,4,56,527
I hear you're looking for a new crop duster.,45,8,3,56,527
I got the name of a politician you might be interested in taking.,46,6,4,56,527
We just want your wife's cornbread and fried chicken recipes.,44,10,2,56,527
Take me to your tractor.,43,5,4,52,527
Donald Trump is our leader. Please take me to yours.,47,4,5,56,527
Are you from Monsanto?,46,6,4,56,527
"Well, things don't usually get going until after 10, but you're certainly welcome to come in... even dressed like that.",46,6,4,56,527
Is it okay to park here?,42,14,0,56,527
Welcome. In first class we have fish or a vegan tamale.,42,14,0,56,527
"Welcome aboard, but I need you to first go through security.",45,8,3,56,527
This will be my last visit if Trump wins.,44,10,2,56,527
"Take me to your leader? No, let's not do that.",44,10,2,56,527
Please tell me you're here to run for President,46,6,4,56,527
This is the first time I have tried Uber .,45,8,3,56,527
Excuse me but what's the password to your wifi?,44,10,2,56,527
Welcome aboard Earthling. Do you know how to fix a toilet?,45,8,3,56,527
"Greetings earthman, we're from France.",43,12,1,56,527
"No, Mormon actually.",46,6,4,56,527
Looks like you're gonna need a bigger wall,44,10,2,56,527
Take me too your Leader just doesn't have the same impact as it did back in the fifties !,44,10,2,56,527
I'm running on the independent ticket and together we can make Earth great again.,45,8,3,56,527
Let me shed some light on why your crops are gone.,44,5,4,53,527
We're off! The crop circles went quicker than expected.,41,11,1,53,527
It looks just like the photos on Airbnb!,42,9,2,53,527
"Absolutely, welcome aboard! We're getting a lot more volunteers now that Trump clinched the nomination.",42,9,2,53,527
"""Yes, we welcome 'Trump refugees'"".",44,5,4,53,527
"Thank you for inviting me, and ee-ii-ee-ii-oh to you too",43,7,3,53,527
"Sorry I'm late, it took me light years to get here!",41,11,1,53,527
Do you folks have a bathroom that we can use?,41,11,1,53,527
You really don't want me to take you to our leader.,44,5,4,53,527
"Hello sir, I'll be doing your crop circle today.",43,7,3,53,527
We've come down to witness the Trump campaign for ourselves,43,7,3,53,527
Have I got a crop circle for you!,41,11,1,53,527
"Hello, would you like to take a moment to talk about Glyxkliop Christ, our Lord and Savior?",45,3,5,53,527
"Welcome aboard, Crop Circling 101 starts in ten minutes.",41,11,1,53,527
"There are no illegal aliens here, I assure you.",44,5,4,53,527
"Yes sir, I'll be your Uber-ET driver this evening.",43,7,3,53,527
Is this your first experience with Uber pool?,42,9,2,53,527
"Come in, come in. I was just saying to the missus that we should get out and eat the ... meet the neighbours.",43,7,3,53,527
I come in peace and do you grow organic?,42,9,2,53,527
Hop in. We know where Dorothy is .,39,8,2,49,527
I wanted to visit again before all this 'tightening the borders' nonsense.,44,7,3,54,527
"There's no presidential election up there, right?",46,3,5,54,527
Unisex restrooms only?,43,9,2,54,527
We've heard about your daughter.,42,11,1,54,527
This is gonna be one heck of a Rumspringa!,44,7,3,54,527
"Hey, you don't look like your FarmersOnly.com picture!",44,7,3,54,527
Wife says we're out of sugar.,43,9,2,54,527
We have hipsters too and they all want 'farm-to-table',44,7,3,54,527
"Funny, we too are serving mankind!",44,7,3,54,527
I understand you want your orifices probed?,43,9,2,54,527
Thanks for participating in our crop ration program. You have the potential to be a fine hybrid.,44,7,3,54,527
These are closer encounters than I had expected.,45,5,4,54,527
I loved you in The Day the Earth Stood Still.,44,7,3,54,527
"Sure, if Trump becomes president, you can take him.",44,7,3,54,527
"Thanks, we'll be quick. Just long enough to run into Denver for a few items.",44,7,3,54,527
We sincerely apologize for the sequel.,43,9,2,54,527
You guys have to land in a city sometime. No one believes me when I tell them.,41,13,0,54,527
Jes dropped by to say howdie.,44,7,3,54,527
Take me to Old MacDonald.,43,9,2,54,527
Trump. Hillary. Brexit. I feel your pain. Welcome aboard.,44,7,3,54,527
Welcome aboard. You're lucky we still have space. We've been awfully popular since Trump locked up the nomination.,43,9,2,54,527
"Hi, I'm your new Monsanto rep.",45,5,4,54,527
Darth Vader?? Doesn't sound familiar. What does he look like?,42,11,1,54,527
"Sorry, we don't have wi-fi out here on the farm.",44,7,3,54,527
We need someone to show us how to grow kale.,43,9,2,54,527
"Farmer, where is your daughter?",43,9,2,54,527
Thanks for seeing me on short notice Mr. McDonald--I think this remix is a game changer,43,9,2,54,527
"Don't worry, anal probes are now covered under Obamacare.",45,5,4,54,527
Your frequent flyer miles aren't suffcient for this trip.,43,9,2,54,527
Could you take Donald Trump instead.,43,9,2,54,527
Are you from the tow company?,44,7,3,54,527
"That's correct, Farmer Smith, I am your Uber driver.",44,7,3,54,527
Thanks for letting my son do doughnuts in your yard.,43,9,2,54,527
This is the first time we've tried a Farm to Spaceship meal.,45,5,4,54,527
"I'm John, your interplanetary realtor.",44,7,3,54,527
Do you have a reservation?,45,5,4,54,527
"Yes, yes 100% ethanol.",43,9,2,54,527
Don't let anyone tell you this is just a fly-over state.,43,9,2,54,527
Good news! We're making the solar system great again and need you to pay for a wall.,44,7,3,54,527
I'm in but I need to be home before breakfast and NO funny stuff.,43,9,2,54,527
"Reason for leaving earth? ""Trump."" Welcome aboard.",44,7,3,54,527
"""We desperately need someone to explain the existentialist symbolism in ""Green Acres"".",42,11,1,54,527
"What? Uh.... Yes, I did just purchase the Johnson place.",43,9,2,54,527
You're a life-saver. My GPS is acting up again.,44,7,3,54,527
"It's a deal, then---seven quarts of milk every Friday",42,11,1,54,527
"Hello, I'm running as a Third Party candidate and I'd like your vote.",45,5,4,54,527
We sent out rescue ships as soon as Trump won the election,44,7,3,54,527
Welcome aboard. Your immigration application has been approved.,43,9,2,54,527
"Yes, the farmer and the alien can be friends!",43,9,2,54,527
I believe you're seeking a president?,44,7,3,54,527
Do you have any 2%? It's milkshake night.,42,11,1,54,527
"I""ll have the crop circles completed by the end of the month.",40,8,2,50,527
Looks like things haven't changed much since our last visit to Roswell.,45,7,3,55,527
Can you fix the tractor beam?,45,7,3,55,527
I come in peace; can you work a microwave oven?,46,5,4,55,527
"Greetings, Earthling. Have you good Wi-Fi here?",45,7,3,55,527
Just play along. They think I'm one of them.,46,5,4,55,527
You have package delivered from Amazon,45,7,3,55,527
Nice to make your acquaintance. My relatives in Roswell have told me all about you.,44,9,2,55,527
I spotted your Mona Lisa crop art and felt compelled to meet you.,46,5,4,55,527
We have heard about your presidential election. Help is here!,46,5,4,55,527
We heard that you were outstanding in your field!,45,7,3,55,527
Greetings. Can you grow weed?,45,7,3,55,527
I'm gonna build a wall around Mexico... and Guatemala... and Ecuador... and Honduras...and Canada. I'm gonna make American small farms so profitable your head will spin!,44,9,2,55,527
Your dog refused to let us do it but recommended you.,48,1,6,55,527
"Yeah, I'm the crop circle guy.",45,7,3,55,527
"It's nice, I'm just used to more space.",46,5,4,55,527
Thanks for the offer ... but we're going to keep looking,43,11,1,55,527
"Welcome aboard. Make yourself comfortable, I have a few more stops to make.",46,5,4,55,527
I've come a long way for your corn on the cob. I heard it's the best,45,7,3,55,527
Sorry we're late! We honestly never thought that dude would get the nomination.,43,11,1,55,527
You'll be the first illegal alien on our planet.,45,7,3,55,527
"...Ten! Hey Gort, we have a minyan!",46,5,4,55,527
"Welcome, we've been looking forward to having you over for lunch.",45,7,3,55,527
I am from Sirius. And don't call me Shirley.,44,9,2,55,527
I remember your father.,44,9,2,55,527
Sorry about the crop circle thing.,44,9,2,55,527
"Hi, Eric Stratton, Rush Chairman, Damn glad to meet you.",44,9,2,55,527
Quick - Where's the nearest unisex rest room?,43,11,1,55,527
"First of all, you should know that we support ethanol.",45,7,3,55,527
It was in the FinePrint. They sold us your mortgage.,45,7,3,55,527
"... I'll be covering for your proctologist until he's back from Quayzon 5, I mean, the medical conference.",46,5,4,55,527
We knew that if we built this you would come.,44,9,2,55,527
I'm your Uber.,46,5,4,55,527
It's a deal. Two of my sons for consistent wifi.,44,9,2,55,527
"We're hardly more advanced, this is our first farm to table.",43,11,1,55,527
"Welcome aboard, high-protein meal--I mean, respected human.",44,9,2,55,527
I hope I can count on your vote in the 2020 election.,45,7,3,55,527
"Sorry again about the crop circles. Teenagers, you know?",44,9,2,55,527
You're going to have to gate check the hat.,43,11,1,55,527
Please take me away. There is no one to vote for here.,46,5,4,55,527
Yea so from now on just write off each cow as charitable contribution deductions on your income tax...,43,11,1,55,527
"Thank you for coming. We thought instead of talking on the phone, we'd do our probing on board.",45,7,3,55,527
"Hello, I'm your new Monsanto rep.",45,7,3,55,527
Monsanto thanks you for your business!,45,7,3,55,527
Welcome aboard! Window or aisle seat?,46,5,4,55,527
I unnerstan' y'all do free prostate exams.,46,5,4,55,527
"Ok, I'll take you to Cleveland.",44,9,2,55,527
Welcome back. You're now eligible for our frequent probing rewards program.,43,11,1,55,527
"Remember Earl, what happens in the Andromeda galaxy, stays in the Andromeda galaxy.",45,7,3,55,527
Hello Sir. Do you have a moment to talk about our Lord Gundesplatt729,46,5,4,55,527
Would you like to meet my spaced-out daughter?,44,9,2,55,527
I'm here to congratulate you on being the one millionth customer of Sonic Burger.,44,9,2,55,527
You must be the guys from the crop circle company.,45,7,3,55,527
The Missus was wondering if we could borrow a cup of sugar.,45,7,3,55,527
"Thanks for coming by. Now, maybe you can tell us what those big circles in the fields mean.",45,7,3,55,527
Can you spare a few eggs and a cup of milk?,46,5,4,55,527
"Come right in. All we want is to serve man, honest.",44,9,2,55,527
Welcome to Voyage to the End of the Universe. First I'll need to see a picture ID and proof of health care coverage.,45,7,3,55,527
"I promise you, if this Donald Trump is elected president, we will come back for you",45,7,3,55,527
You'll have her back in 5-7 business days.,45,7,3,55,527
"""I'd invite you in, but the place is a shambles, since the big bang.",45,7,3,55,527
I'm so sorry...we didn't realize those cows belonged to you...,43,11,1,55,527
"I know, Dad, I know what you're gonna say, but it's too late. I've seen Paree.",46,5,4,55,527
"No, we are just getting started. Did you bring the guacamole?",45,7,3,55,527
I see you've checked your baggage.,44,9,2,55,527
Are you guys from a 'right to work' planet or do I get union scale?,45,7,3,55,527
"Take me to your leader, unless you chose Trump.",45,7,3,55,527
William Shatner?,45,7,3,55,527
Come in. Come on. Pretty soon you won't be in Kansas anymore.,45,7,3,55,527
Welcome to Uber Air,43,11,1,55,527
"We would be happy to spray your crops, but our fees are astronomical.",43,11,1,55,527
We heard you need seasonal help.,45,7,3,55,527
Do you know Ziggy Stardust?,45,7,3,55,527
Welcome...we've opened our borders,46,5,4,55,527
The messages we intercepted about your ability to capture moonshine in a bottle aroused our curiosity. We thank you for the samples and will take them to our leaders so their decision making can be as enlightened and clear headed as on earth.,47,3,5,55,527
"Canada was full, eh?",44,9,2,55,527
So there IS life on farms.,44,9,2,55,527
"Actually, I am a third party candidate.",43,11,1,55,527
Welcome to America ...... you're going to need to prove you're here legally.,46,5,4,55,527
"Thank you for coming aboard. We're showing ""Aliens"" on our flight tonight.",43,11,1,55,527
"If Trump wins, you and the missis can come stay with us.",45,7,3,55,527
"Step right in for your very thorough, free physical examination.",44,9,2,55,527
I come in peace—and to replenish my planet's stores of high-fructose corn syrup.,44,9,2,55,527
Welcome to Airbnb. We've been expecting you.,46,5,4,55,527
"Hope you don't mind, I had to circle the fields before landing.",44,9,2,55,527
I only wish all of our hostile takeovers were this easy.,43,11,1,55,527
"Do what you want, just get me away from Hillary and Trump...",42,6,3,51,527
We have come for the shoo-fly pie.,42,6,3,51,527
We're from the future. Please stop growing GMOs.,41,8,2,51,527
Welcome. We have WiFi and espresso.,40,10,1,51,527
Your Almanac is the only thing we can't figure out down here.,40,10,1,51,527
Greetings from Enterprise Space Ship Rental. We pick you up.,41,8,2,51,527
"Where I come from, we kiss now.",39,12,0,51,527
I just wanted to ask if your lights went out too?,40,10,1,51,527
I'm only doing this because Earth is a swing state.,42,6,3,51,527
My name is Marvin and I'm here to pick up your daughter.,39,5,3,47,527
Strawberries aren't ripe for another week? But I went a parsec out of my way!,46,7,3,56,527
"We come in peace, and I hope you know something about warp drive.",45,9,2,56,527
Hello. I'd like to add you to my professional network.,47,5,4,56,527
"Hello, I'm Org and I am here to talk to you about reverse mortgages.",47,5,4,56,527
"Say, do you know the Skinner family over in Windy Hill? I think I abducted them last year.",44,11,1,56,527
We bring you good news. The probes are covered by Obamacare!,46,7,3,56,527
Welcome. That will be $25 extra for each bag.,43,13,0,56,527
"And to answer your question 'Klaatu barata nikto': Yes, it does itch inside this suit.",44,11,1,56,527
What's your sign?,44,11,1,56,527
There's been a change in plan. We're leaving you here until we figure out what the hell is going on.,46,7,3,56,527
"We heard it's the craziest year yet, so we came.",45,9,2,56,527
"You aren't writing a cookbook, are you?",46,7,3,56,527
"Don't be surprised, Uber is running low on drivers.",43,6,3,52,527
Shaking hands is having sex in my world but don't worry i'm wearing gloves!,41,10,1,52,527
"Consider this a transplantation, not an abduction.",41,10,1,52,527
Who's supposed to be talking here?,45,2,5,52,527
Our tractor beam isn't working.,43,6,3,52,527
Take me to your rutabaga.,44,4,4,52,527
"Greetings, Earthling - could I use your restroom?",41,10,1,52,527
Thanks for the sugar neighbor!,42,8,2,52,527
Congratulations. You've been selected to have your crop fields decorated with interesting designs.,42,8,2,52,527
"No, really! WE are going to serve FOOD to YOU!",43,6,3,52,527
Look everyone...a farmer. They still exist.,41,10,1,52,527
Come on in - just leave your shoes at the door.,42,8,2,52,527
Can I borrow your charger? My cell phone's dead.,41,10,1,52,527
"NANU, NANU! Welcome to the round thing in the sky!",41,10,1,52,527
I come from planet E-I-E-I-O.,43,6,3,52,527
We no longer want you to take us to your leader.,42,8,2,52,527
Sorry to drop in like this but I wanted to get here before Trump puts up the big fence.,42,8,2,52,527
We've heard you're hiring migrant workers?,42,8,2,52,527
"Well shoot, mister, given the alternatives you've got my vote",43,6,3,52,527
"Don't worry, we use Astro Glide now.",43,6,3,52,527
""" Jeez you're ugly"".",42,8,2,52,527
We can offer you fewer taxes and more space.,43,6,3,52,527
I saw your farmhand posting for $10 an hour plus mileage.,42,8,2,52,527
"Trust me, genetically-modified crops are totally safe.",42,8,2,52,527
"C'mon, let's get you lubed up.""",41,10,1,52,527
Congratulations. You have been chosen for crop circles.,42,8,2,52,527
Jprpt! Uyn rcdolz! Bnh vadftg?,43,6,3,52,527
Wow! I didn't think you farmers really existed.,42,8,2,52,527
Welcome to America where YOU can be President too.,44,4,4,52,527
"Around these here parts, I am the leader.",44,4,4,52,527
"We come in peas. It's bean a long trip, so lettuce rest or we squash you.",41,10,1,52,527
Friends of Dorothy are always welcome aboard!,43,6,3,52,527
"Mr. MacDonald, E-I-E-I-O.",44,4,4,52,527
"No, trust me, you don't want to meet our leader.",41,10,1,52,527
Do you promise to respect our 2nd amendment?,43,6,3,52,527
I'm the leader of the Libertarians and I'd like your vote this November,42,8,2,52,527
You’re not the first. This has been happening ever since they announced the presumptive republican nominee.,42,8,2,52,527
"Thank you earth man, you and your cows will be spared.",41,10,1,52,527
"Finally, we two out dated archetypes meet.",42,8,2,52,527
"So, can I count on you in November?",42,8,2,52,527
Amazon hired us instead of the drone.,41,10,1,52,527
Welcome to the new Farmers' Market!,41,10,1,52,527
We heard your corn was gluten-free.,42,8,2,52,527
"Are you one of the ""illegal aliens"" that Trump's been talking about?",44,4,4,52,527
I hope you haven't left the oven on.,42,8,2,52,527
Help me. They're going to close the Canadian border.,45,2,5,52,527
Let's make this quick; I'm illegally parked.,42,8,2,52,527
We have some great deals on crop circles,47,7,3,57,527
"I would've been here sooner, but that's the TSA for you.",45,11,1,57,527
"I normally ask to see your leader, but I understand he's fixing his hair...",46,9,2,57,527
We saw the light on,46,9,2,57,527
Oops I think your overalls are on backwards !,45,4,4,53,527
"Truth be told, the probes are just goofy fun. We use an MRI for the science stuff.",45,4,4,53,527
"Well, you're not old, Mr. McDonald, but you'll do.",41,12,0,53,527
"Yes, Joe, it's me. I'm back and this time, I'm speaking English.",41,12,0,53,527
The cows told us to give you special treatment,43,8,2,53,527
"Together we can ""serve mankind""....",43,8,2,53,527
Have you got any seeds that haven't been genetically modified?,44,6,3,53,527
Thank you for agreeing to launch our first farm to table restaurant,45,4,4,53,527
Dorothy's been waiting.,41,12,0,53,527
You don't look anything like your profile picture on Farmers.com.,42,10,1,53,527
"We've come to build the wall, our bid was lower than the Mexicans.",45,4,4,53,527
Thanks again for checking out those polyps.,44,6,3,53,527
"I know they said they built a wall, but trust me, they didn't build it high enough.",44,6,3,53,527
Did you really think you could build a wall to keep us out?,43,8,2,53,527
Our sensors detected an unprecedented clamoring for a third-party candidate. So here I am!,44,6,3,53,527
"Yes, we are from Vega, but we eat meat.",42,10,1,53,527
We need your advice about parsnips.,44,6,3,53,527
"Hi, I'm Zendar, and Donald Trump tells me I can count on your support in my run for the House seat in the 3rd Congressional District....",44,6,3,53,527
I hope you're an organic farmer because we're trying to eat healthier.,45,4,4,53,527
"Under Obamacare, your colonoscopy is now free.",44,6,3,53,527
"Oh, the farmer and the spaceman should be friends.",44,6,3,53,527
"Sure stranger, you're welcome to spend the night. But, I have to tell you, I don't have any daughters.",44,6,3,53,527
I don't want to be in Kansas anymore.,43,8,2,53,527
I had to land to tell you your crop circles are out of this world!,44,6,3,53,527
We came as soon as we saw your presidential nominees. How many of you are coming?,44,6,3,53,527
We're out of fuel. Do you have any cow manure?,42,10,1,53,527
"Dr. Livingstone, I presume.",43,8,2,53,527
We're looking for support for an interplanetary immigration reform bill,43,8,2,53,527
"The Farmer in the Dell, I presume?",43,8,2,53,527
"Thanks for stopping by Trump supporter, but we don't need further evidence of lack of intelligent life forms on earth.",44,6,3,53,527
"Before we get going, understand that I am not a salaried employee but an independent contractor and thus can accept tips.",44,6,3,53,527
Thanks again for letting us crash at your place.,44,6,3,53,527
You can spend the night but your gonna have to sleep with my ectoplasm.,43,8,2,53,527
So you'll come and pick me up after the election?,43,8,2,53,527
Deal. 1 planet for a handful of magic beans.,44,6,3,53,527
Great news. I've been authorized to move you to the first-class probe section.,43,8,2,53,527
"This won't take long, we just need you to explain that chicken crossing the road joke.",46,2,5,53,527
"On behalf of Mansanto, I want to thank you for not choosing organic.",45,4,4,53,527
Take me to your cow.,44,6,3,53,527
"Look, here's the thing. Donald Trump needs your vote.",44,6,3,53,527
I'm sorry to bother you but all the galactic stores are closed at this hour and my wife is going to kill me if I don't come back with eggs and milk.,42,10,1,53,527
Take me to your leader's SuperPAC executive director.,46,2,5,53,527
"As a third part candidate, I'm hoping that I can count on your vote",43,8,2,53,527
"Sorry, only one anal probe to a customer.",45,4,4,53,527
"My name is Gort, and I'll be your prober this evening.",43,8,2,53,527
Did you hear the one about the farmer's daughter and the alien?,43,8,2,53,527
Whew! For a minute there I thought I'd bought the farm.,44,6,3,53,527
Thanks for letting me stop by your farm. I love local produce grown in my own galaxy.,43,8,2,53,527
We too are Amish.,44,6,3,53,527
"On Mars, it's the men who ask directions.",42,10,1,53,527
"Howdy pardner, to you too. Are you ""corn""?",42,10,1,53,527
Do you have a copy of ' To Serve Man' ?,42,10,1,53,527
"Actually, I'm from Mexico.",43,8,2,53,527
"Ever since Brexit, we've had to start trading with people from all over.",44,6,3,53,527
Let's make America great again!,44,6,3,53,527
"After the election we thought you might need a new home, so we came to say hello.",43,8,2,53,527
You look better in person than on Spacebook.,43,8,2,53,527
We've come in peace to learn how to make crop circles.,43,8,2,53,527
"Greetings, neighbor, you may have seen our ship hovering above you for the last 50 years",43,8,2,53,527
Those crop circles are amazing! How you do it?,44,6,3,53,527
Congratulations! You got yourself a saucer!,43,8,2,53,527
We heard you're the expert on genetically modified organisms.,44,6,3,53,527
"Mr. Spielberg, I presume?",43,8,2,53,527
They said your tomatoes are out of this world!,42,10,1,53,527
"Alright already...Klaatu Barada yadda yadda yadda.""",44,6,3,53,527
"Since this is your first test drive, I'll be riding with you.",41,12,0,53,527
The crop circles are wonderful but can you creàte a happy anniversary design for my wife?,44,6,3,53,527
"Thanks again, those crop circles really do make it easier to land!",44,6,3,53,527
Long distance relationships never work.,41,12,0,53,527
That's your economic anxiety talking.,44,6,3,53,527
You are from Kansas?,43,8,2,53,527
"It's a deal. You can design my crops, but you take Trump back with you.",43,8,2,53,527
Now I know how wrong it was to label this a “fly-over” planet.,43,8,2,53,527
Take us to your presumptive candidate.,42,10,1,53,527
Don't be alarmed. I'm a proctologist.,44,8,2,54,527
Come on in. I just put on a fresh pot of coffee.,44,8,2,54,527
Ted's reoccurring nightmare involved meeting his soon-to-be son in law's family from New York,47,2,5,54,527
"On behalf of all of all of us at Amazon, thank you for signing up for same light year delivery.",43,10,1,54,527
"Yep. A right at County 12, another right a 249, then straight on 'til you get to the Pleiades, and it's on your left. You can't miss it.",43,10,1,54,527
Wife got the munchies for farm fresh earthling. What do you recommend?,43,10,1,54,527
Now they'll believe me that there really is a family farm.,46,4,4,54,527
01100001010000101110000011100000,44,8,2,54,527
Hay!,46,4,4,54,527
How did you get past the Trump Wall?,44,8,2,54,527
Sorry about the crop circles.,45,6,3,54,527
What are you getting for ethanol these days?,43,10,1,54,527
"No, I don't have a daughter.",44,8,2,54,527
How long have you been on Match.com?,45,6,3,54,527
"Don't call us, we'll call you.",45,6,3,54,527
"You all come back now, you hear?",45,6,3,54,527
"You wouldn't happen to have a 3/4 open-ended box wrench, would you?",43,10,1,54,527
You look taller in your profile picture.,41,7,2,50,527
"Okay, we'll come back and pick you up if Trump wins.",40,9,1,50,527
"Greetings, and before you ask, no, you can't come back if he loses in November.",42,5,3,50,527
There's no place like home.,42,5,3,50,527
"This *is* Zexas, right?",41,7,2,50,527
"I'm sorry, but I don't have a daughter",42,5,3,50,527
Just tell me it's not campaign season on your planet.,42,5,3,50,527
I think my gluten-free crop circles will be a big hit this year.,40,9,1,50,527
We're only buying organic now...,42,5,3,50,527
Just know that saying 'Take me to your leader' can cause a fight around these parts.,42,5,3,50,527
"Would you like the chicken, or the pasta salad?",42,5,3,50,527
It's no worse than a colonoscopy - except it isn't covered by insurance.,41,7,2,50,527
Come on in! Sorry about the mess; my wife is redecorating.,41,7,2,50,527
UFO is the new GMO,46,6,3,55,527
Your wife was right. Your GMO tomatoes really did take off.,46,6,3,55,527
Tell me of your Eric Clapton.,46,6,3,55,527
"Uh, sorry. I don't know who my leader is.",42,7,2,51,527
"We saw your message in the manure. Clever use of ""crap"" circles!",40,11,0,51,527
"Yes, of course, we can drop you off in Paris this time.",44,3,4,51,527
"Am I the new crop duster? Uh, sure.",42,7,2,51,527
"I'm sorry to bother you, but do you have room for one more?",42,7,2,51,527
"Thank goodness you got here in time! Her contractions are about four minutes apart, but she's more dilated between one set of legs than any of the others!",42,7,2,51,527
"It's been a pleasure discussing crop circle designs, Mr. Johnson.",41,9,1,51,527
"I beg you, do NOT take me to your leader!",42,7,2,51,527
We need your help....our corn flakes keep coming out circular.,41,9,1,51,527
"Evening, sir! Name's Blork, of Xynth, Zeeb, and Glarb, and I'd like to take a moment to talk with you today about your universal health care!",42,7,2,51,527
Hope you don't mind but I made a map in your cornfield so the others could find me.,40,11,0,51,527
I seek one of your species - Auntie Em.,41,9,1,51,527
"I hate to ask, but I'm gonna need gas money.",43,5,3,51,527
Welcome to the newly funded genetically modified organism project.,43,5,3,51,527
Is this your first time flying?,40,11,0,51,527
The Johnsons? They live next door.,42,7,2,51,527
"yes, all meals in Star Class are gluten free",42,7,2,51,527
"For the hundredth time, ""How To Serve Man"" is not a cookbook!",43,5,3,51,527
I'll take all the GMO corn you have,42,7,2,51,527
What's up with that huge wall we just flew over?,41,9,1,51,527
"It's me, Papa-- home from rumspringa",44,3,4,51,527
Our planet greatly prefers food that is not locally grown.,43,5,3,51,527
Only an alien would agree to be Trump's vice president.,42,7,2,51,527
"You built it, so we came.",40,11,0,51,527
You're a bit outlandish for us. We're more landish here. But welcome.,41,9,1,51,527
I'm from the ethanol lobby. What kind of fuel do you guys burn?,41,9,1,51,527
"Come on in, we're going to make America great again!",44,3,4,51,527
Are you my Uber?,42,7,2,51,527
"Are you, by any chance, the guy who's killing my cows?",44,3,4,51,527
Did you really think wind power was the new green?,42,7,2,51,527
Welcome to our annual solstice dinner!,42,7,2,51,527
We'd like to arrange a meeting with the leader of your cows.,41,9,1,51,527
We heard Trump was running for King of the Universe.,41,9,1,51,527
We mean you no harm. All we want is you kale.,43,5,3,51,527
Congratulations! You've won a one-way trip to Mars.,42,7,2,51,527
"This is Area 51, isn't it?",41,9,1,51,527
Hi Im from the Welcome Wagon .,41,9,1,51,527
"So, you're certified organic, non GMO and gluten-free, right?",42,7,2,51,527
The key to success is a firm handshake.,42,7,2,51,527
We're here about the crop circles.,43,5,3,51,527
You must be scheduled for the 2 AM probing.,41,9,1,51,527
Please take me with you! I can't face a Clinton or Trump future!,44,3,4,51,527
Come on in. Your new GMOs are ready.,42,7,2,51,527
You from New York?,42,9,1,52,527
"Hey, did you ever hear the one about the alien and the farmer?",43,7,2,52,527
Friendships are easy when you both like circles.,44,5,3,52,527
We tried GMO! Thank God you're Organic.,42,9,1,52,527
"I'm really sorry that you traveled so far, but we already leased our place for the next Century to a nice couple from Kepler-186f",43,7,2,52,527
"Hello friend, this is your lucky day!",44,5,3,52,527
I'm you from the future. Keep growing those GMOs!,44,5,3,52,527
I guess I better go with you now before it gets any hotter here...,45,3,4,52,527
Your crops are out of this world!,42,9,1,52,527
"You've never seen ""To Serve Man,"" have you?",44,5,3,52,527
Howdy Neighhhhhh.......WHOA!,44,5,3,52,527
We invited you to teach us Organic,45,3,4,52,527
Let's get you suited up mister.,45,3,4,52,527
Welcome. No need to worry about Trump anymore,45,3,4,52,527
Howdy! We're looking for farmhands. Are you here legally?,44,5,3,52,527
I understand you have 3 daughters.,44,5,3,52,527
What happened to your atmosphere. Didn't you listen to our ambassador cows and pigs that we sent down?,43,7,2,52,527
You got any ethanol?,41,11,0,52,527
Have you heard the one about the traveling salesman and the Martian's daughter?,42,9,1,52,527
I hope you brought some lube. We're fresh out.,43,7,2,52,527
'the crop circles thing....we felt we owed you an explanation',43,7,2,52,527
You shouldn't be concerned... I've been an Uber driver for several millennia!,43,7,2,52,527
Take me to Bernie Sanders--assuming that's the best you can do these days.,45,3,4,52,527
"Hey, welcome. Thanks to folks like you, this ship is completely powered by ethanol.",42,9,1,52,527
"You're just the right, relatable candidate we've been looking for!",45,3,4,52,527
I come in search of organic kale. Have any?,43,7,2,52,527
"Its good to see you again, Clem. I got you message about wanting to leave the planet before the Trump/Hillary thing get even weirder.",46,1,5,52,527
So we'll leave him here and you contact us in November and let us know if he's won.,44,5,3,52,527
Trump was elected. How much room do you have on your planet?,41,11,0,52,527
You will grow food for us. Like Matt Damon.,43,7,2,52,527
What the heck? There's a drought anyway.,43,7,2,52,527
Great! You got in before the wall goes up.,44,5,3,52,527
"Sure, come on in--we heard Canada's full.",42,9,1,52,527
Matt Damon says 'hi'.,42,9,1,52,527
What's Uber?,44,5,3,52,527
Meep! Meep! EE-I-EE-O!,44,5,3,52,527
I'm a firm supporter of ethanol,42,9,1,52,527
Welcome to Planetary Uber. Where are you headed today? Speak up man. And stop looking at me like that.,43,7,2,52,527
I always love visiting Pennsylvania Dutch country.,43,7,2,52,527
Bill's acid trip just took on a whole new meaning.,42,9,1,52,527
"You did say, ""Take me to your weeder""?",43,7,2,52,527
You messed up my last seed order - once more and I go organic.,44,5,3,52,527
Uber8 goes to all of the universe's fringe locations except Austin.,44,5,3,52,527
"There ain't no Dorothy or Toto here. This is Iowa, not Kansas.",42,9,1,52,527
Nobody knows Earth better than me!,44,5,3,52,527
"I would welcome you aboard , but your daughter called shotgun",46,1,5,52,527
We heard your heirloom tomatoes were out of this world.,42,9,1,52,527
We heard your prayer to take Mr Trump off your planet.,43,7,2,52,527
"Before we go, can I count on you for a high rating?",44,5,3,52,527
Congratulations! You're not in Kansas any more.,42,9,1,52,527
"Hi, I'm Mork, Rush Chairman. Damn glad to meet you.",44,5,3,52,527
Six million space miles. What's in your wallet?,44,5,3,52,527
"Come on in, Ma's just making coffee!",43,7,2,52,527
I was wondering if you had that Rolling Stones album on CD.,42,9,1,52,527
Sorry about those crop circles in your alfalfa. Kids these days!,42,9,1,52,527
"No, I just look Republican.",43,7,2,52,527
I'm from the government and I'm here to help you.,42,9,1,52,527
You mean this whole thing runs on just corn cobs?,43,7,2,52,527
"Look, I know I asked you to take me to your leader. But that Trump guy scares the bejeezus out of me, so if it's all the same to you, goodbye and good luck.",43,7,2,52,527
Your green thumb is all that's needed for admittance.,45,3,4,52,527
"Welcome aboard, we're very excited about our new farm to table menu.",44,5,3,52,527
Welcome aboard! We're dying to know how you make those crop circles!,42,9,1,52,527
Thank you for riding with Uber this evening,43,7,2,52,527
Come inside for a delicious farmer-to-table meal.,43,7,2,52,527
Thank you for using our app LyftOff: Please rate and comment.,43,7,2,52,527
"After I meet your leaders, can you direct me to the earthlings with the best taste?",42,9,1,52,527
All our seats are Even More Space.,43,7,2,52,527
"Got it. All that probing. Not cool. Hey, we're learning as we abduct, right?",42,9,1,52,527
Welcome. You just bought the farm.,43,7,2,52,527
We came as soon as we heard the election results.,43,7,2,52,527
How much do I owe you for the crop circle?,43,7,2,52,527
Welcome to the REAL Comic-Con.,41,4,3,48,527
Wow Glorp! You've really gone native.,44,7,2,53,527
"Well, I think my holier than thou attitude is justified.",44,7,2,53,527
Uber here for a Dorothy.,44,7,2,53,527
So tell me the one about your daughter.,44,7,2,53,527
We're trying to save as many as we can from that Donald Trump.,45,5,3,53,527
You can't volunteer to be abducted after November.,45,5,3,53,527
This thing got a tiller attachment?,43,9,1,53,527
How about I take you to MY Leader? mmm.,44,7,2,53,527
Welcome. I'm guessing you're here about the refurbished hay baler we posted on Craigslist?,45,5,3,53,527
I used to fly for UFOR but now I'm flying for Lift.,43,9,1,53,527
"That was for, uh, research...yeah, research/",44,7,2,53,527
"It was nice meeting you, but your planet is too anti-immigrant.",44,7,2,53,527
Howdy neighbor! Glad you could make tonight's neighborhood meeting - we're discussing the strange neighbors that just moved in down the street.,44,7,2,53,527
"Hey there, someone call an Uber?",45,5,3,53,527
"Even if you didn't fully understand the consequences, we thank you for voting for Brexit.",43,9,1,53,527
Donald Trump sent us to raise the fear level.,41,6,2,49,527
"Oh, the spaceman and the farmer should be friends, Oh, the spaceman and the farmer should be friends...",39,10,0,49,527
Welcome to Kansas! Is Dorothy with you?,41,6,2,49,527
Got any more of them Reece's Pieces?',41,6,2,49,527
Looks like the wall didn't work after all.,40,8,1,49,527
I promise--there's no Donald Trump or Hillary Clinton where we're going.,40,8,1,49,527
I understand you're handy with a wrench.,41,6,2,49,527
I've been sent to compensate you for the crop circles.,41,6,2,49,527
Thanks for the potatoes!,43,2,4,49,527
"""Hi, Bob Sample here, intergalactic sales! Farm equipment, seed, and fertilizer!'",40,8,1,49,527
"This is an attempt to collect a debt, any information provided will be used for that purpose.",41,6,2,49,527
Please tell me I left my phone charger here,40,8,1,49,527
Thank you. You have successfully unsubscribed from this list.,42,4,3,49,527
"No, we're not from Monsanto!",41,6,2,49,527
It's a pleasure to meet a fellow Republican.,41,6,2,49,527
So you'd like to apply for the crop circle position?,40,8,1,49,527
"Yep! This is Kansas, but Dorothy doesn't live here anymore.",41,6,2,49,527
Did you call an Uber?,40,8,1,49,527
"Thank you for being part of our ""farm to table"" menu!",42,4,3,49,527
So a traveling seed salesman lands on a hick planet. . .,41,6,2,49,527
Did you really think a 30 foot wall would be high enough?,40,8,1,49,527
"Is this Idaho, Ohio, or Iowa?",42,4,3,49,527
"Welcome aboard your new manure spreader, Farmer Brown. She's a doozy.",47,3,4,54,527
Welcome back! I'm one of your sons from your last stay.,45,7,2,54,527
"Hey Jack, of course you can borrow some sugar.",41,8,1,50,527
Are you my Uber driver? I really only just need a ride down to the Mercury dealership in town...,42,6,2,50,527
"It's okay, Mr. Trump is mistaken -- I'm NOT illegal.",43,4,3,50,527
Did you hear about redistricting?,40,10,0,50,527
Gort? Klaatu barada nikto?! Do all aliens look alike to you?,43,4,3,50,527
Tough finding parking spaces. We appreciate it.,42,6,2,50,527
Welcome and congratulations. You've been upgraded to first-class.,41,8,1,50,527
Get me out of this suit. I need to find a john .,41,8,1,50,527
"I am looking for a farm-to-table, sustainable resource, with 23 pairs of chromosomes.",42,6,2,50,527
"Hello, and welcome aboard. I'm the Donald.",43,4,3,50,527
We're the only group in the galaxy that supports small American farms.,43,4,3,50,527
Sorry about your silo. We're used to the easier navigating around Roswell.,41,8,1,50,527
"Goodbye, and thanks for all the zucchini.",41,8,1,50,527
I represent the new conglomerate that bought the farm next door. We'd like to familiarize you with the expanding markets we serve.,41,8,1,50,527
"""I'm with Gallup Intergalactic and would like to ask you a few probing questions.?",42,6,2,50,527
"I don't care if the election is between Clinton and Trump, you still can't go with us.",43,4,3,50,527
We have been admiring your crop circles for years.,40,10,0,50,527
I am sorry this may seem a little Alien to you.,41,8,1,50,527
"So that's it, then. Jimmy takes a nap around 4. Spaghetti is Jane's favorite. Any questions, you have my number. I'll expect final payment on the 15th. Good luck!",44,2,4,50,527
Hi! We saw your windmill and just had to stop.,42,6,2,50,527
Welcome back Clem. The doctor will see you now.,44,2,4,50,527
I promise you won't feel a thing,43,4,3,50,527
Now can we stop it with the circles?,40,10,0,50,527
I understand you are here to serve mankind....but what do you mean by farm-to-table?,41,8,1,50,527
Grass fed with no antibiotics! When I have to abduct cattle your farm is always my first choice.,42,6,2,50,527
"Welcome to Uber ET, sir. As a reminder, we are currently operating at 200% surge pricing.",42,6,2,50,527
Don't you dare to take me to your leader.,41,8,1,50,527
"""Greeting. I'm here to announce our diversity program"".",41,8,1,50,527
I think you'll agree this year's batch of crop circles is the best we've seen yet.,43,4,3,50,527
Thank god you arrived. I would never had made it to November 8th!,43,4,3,50,527
"Cool, but we ordered double pepperoni.",42,6,2,50,527
Table for one?,41,8,1,50,527
"Hi, I'm Scotty. Sorry you had to take the stairs; we are having trouble with out beam.",41,8,1,50,527
Come on in! You like breathing chlorine don't you?,42,6,2,50,527
Welcome Mr. Green Jeans! Is the Captain and Bunny Rabbit with you?,42,6,2,50,527
Be careful among the English.,41,8,1,50,527
My friends have told me your hospitality is great and that you have a pretty daughter.,40,10,0,50,527
I've always wanted to probe the man behind the cattle.,42,6,2,50,527
"Well, you've got to trust me. I know more about business and the economy than anyone else in the universe.",43,4,3,50,527
Welcome home!,43,4,3,50,527
Y'all from outer space or what?,42,6,2,50,527
Global Entry sure beats TSA Pre.,43,4,3,50,527
I just want to see my options in case she loses.,43,4,3,50,527
"-Hello neighbor, we are new in the neighborhood and I can't wait to introduce you to my family..",41,8,1,50,527
"You are off by miles, Spielberg lives in LA.",41,8,1,50,527
"I'm sorry to hear you didn't win an Oscar this year, Mr. Damon.",42,6,2,50,527
"Wait, who's your leader?",42,6,2,50,527
I don't know what happened. I was just in Britain and then found myself here.,42,6,2,50,527
"...Crop Circle? Where I'm from, we call it Earth-A-Sketch... come on in.",42,6,2,50,527
"Hi, there. I'm here to show you the latest Monsanto agricultural products.",43,4,3,50,527
Uber for Zeb?,43,4,3,50,527
I hope you don't mind the circles we made in your crops. It's an art project.,41,8,1,50,527
Thanks. I was planning to go to Canada but I hear they are full already.,42,6,2,50,527
We're here to support the Never Trump movement.,43,4,3,50,527
Welcome aboard Noah. The animals are secured and we will be off in a flash.,40,10,0,50,527
Welcome to Space B&B!,42,6,2,50,527
I swear I'll come back for you... if Trump doesn't win,43,4,3,50,527
It's OK. You're not Mexican.,41,8,1,50,527
Take us to your leader because we hear he's a doozy.,41,8,1,50,527
Greetings-take me to your presumptive nominees!,42,6,2,50,527
I will make America great again!,42,6,2,50,527
"The ""Farmer to Table"" trend has really caught on back home!",43,4,3,50,527
DONALD TRUMP just became President!!!!! PLEASE take me to your planet!!!!,43,4,3,50,527
Welcome to my dell.,44,4,3,51,527
"Sorry about your drought, but there's water on Mars.",43,6,2,51,527
Thank you for your vote and I'll see you in Cleveland.,43,6,2,51,527
And thanks so much for the Welcome Wagon basket!,42,8,1,51,527
"Are you another ""leave"" voter?",43,6,2,51,527
"Hi, I'm running for congressman in your district. Let's talk about illegal aliens.",43,6,2,51,527
Have you got a few minutes? We're doing a quick survey of red states.,42,8,1,51,527
I can't wait for you to see these crop circle sketches.,44,4,3,51,527
Am I too late to stop Brexit?,42,8,1,51,527
We just wondered: Who are you wearing?,43,6,2,51,527
I don't know why our planets make us go on these play dates either.,41,10,0,51,527
"Well, if you came in peace why did you land on my wife?",44,4,3,51,527
Your GMO crop was a big hit. We'll be back for more.,44,4,3,51,527
Take me to the being who self-identifies as your leader.,42,8,1,51,527
You're not bringing any GMO on board... are you?,43,6,2,51,527
"Welcome aboard. You will be our first experiment today, shouldn't take too long.",43,6,2,51,527
"Hi, is corn in season?",43,6,2,51,527
Is this the Kent residence?,42,8,1,51,527
"No,No,No....Let me take you to MY leader.",42,8,1,51,527
We weren't expecting you until after the election.,42,8,1,51,527
"Yes, please come in! There's always room for one more for dinner.",41,10,0,51,527
"""With the truck broke down, you Uber drivers are life savers"".",43,6,2,51,527
Mr. Trump sent us to take you to his rally.,44,4,3,51,527
"Actually, we DID come for the harvest!",43,6,2,51,527
"Thank you for coming, Sir. Now we have a Minion for our Sabbath Services. Please leave your Hat on.",42,8,1,51,527
I've been looking for intelligent life everywhere!,42,8,1,51,527
I'm running as a third party candidate.,43,6,2,51,527
"Don't be afraid, I just had to see your green thumb.",44,4,3,51,527
"Don't worry, Hank, the lurch isn't all that bad.",45,2,4,51,527
"Don't worry, we'll provide the proper outfit fo you.",45,2,4,51,527
Greetings Earthling..have you heard of the good works and writings of our overlord Xylog 6?,43,6,2,51,527
"Hi, neighbor.",45,2,4,51,527
"Come on, let's go ""crop circling"".",44,4,3,51,527
I have some fantastic seeds for you.,42,8,1,51,527
... A couple of things we'd like to see you work into rotation.,41,10,0,51,527
"No, you won't be needing your ruby slippers.",44,4,3,51,527
We've heard a lot about your farm-to-table movement.,42,8,1,51,527
Jeff Goldblum?,43,6,2,51,527
"It's ok if I pay you back next week, right?",42,8,1,51,527
Congratulations! You've won this year's crop circle contest.,44,4,3,51,527
"And for a limited time, we'll throw in a second set of encyclopedias absolutely free!",43,6,2,51,527
"Thanks, farmer. Your produce is out of this world.",43,6,2,51,527
"Welcome aboard! We're here to ""serve"" mankind!",42,8,1,51,527
"Finally, a human!",43,6,2,51,527
"Goodbye, and thank you for showing us how to grow potatoes from our poop!",44,4,3,51,527
"If I get my wife, would you take her to your leader?",41,10,0,51,527
Welcome to your Airbnb reservation.,43,6,2,51,527
We're your new neighbors. Would you like to come in?,44,4,3,51,527
How about an exciting career in black hole exploration?,43,6,2,51,527
"Great to meet you, any suggestions for where I can get a good deal on Hamilton tickets?",43,6,2,51,527
You're not in Kansas anymore.,42,8,1,51,527
Welcome to Trump Campaign Headquarters. The greatest headquarters in the universe.,44,4,3,51,527
I'm sorry -- you can't ride without a helmet. It's the law.,42,8,1,51,527
Word in space is you hire aliens without green cards.,43,6,2,51,527
Greetings. We want to learn about your GMO's.,44,4,3,51,527
"For you, I've prepared a Polenta. But please don't talk about politics.",45,2,4,51,527
Come on in. We're watching The Martian.,43,6,2,51,527
We've been watching. We're here to vote.,43,6,2,51,527
Welcome aboard. I'm your new county Extension Agent.,42,8,1,51,527
You were expecting Matt Damon?,42,8,1,51,527
"I'm mostly an old timer, but I'll have a look-see at your new fangled seeds!",43,6,2,51,527
"Come in, we have free wifi.",43,6,2,51,527
"So, can XR7 count on your vote?",43,6,2,51,527
"Just one small step and one giant leap to come aboard, sir.",42,8,1,51,527
I send intergalactic greetings to all the humble denizens of flyover country.,44,4,3,51,527
"Yes, hello. I'm your Uber X-Files driver.",43,6,2,51,527
It's time for Mr. Trump to come home.,44,4,3,51,527
Can you help us learn how to grow subsidies?,42,8,1,51,527
"I'd take you to our leader, but President Trump doesn't let in illegal aliens.",43,6,2,51,527
"You are in luck, Earthling. There is one seat left.",43,6,2,51,527
"Before I take the job, you should know that I'm an undocumented alien.",45,2,4,51,527
Amazon?,42,8,1,51,527
"Alien? So the rumors are true, gringo. You guys really haven't evolved much since the wall.",44,4,3,51,527
We installed the ladder just for you.,43,6,2,51,527
"Sorry about the crop circles, but we really wanted to discuss farm-to-table.",42,8,1,51,527
That's great. I gotta pee.,43,6,2,51,527
It's so nice to finally meet another crop circle creator.,43,6,2,51,527
Take me to your farm subsidies.,41,10,0,51,527
Just in time for lunch!,43,6,2,51,527
We got a message from your leader asking us to pay for a wall.,43,6,2,51,527
Yes I wish to leave before the election!,42,8,1,51,527
For the last time - you can't come with us!,41,10,0,51,527
"Glad to meet you, Homer. Let me tell you about my Odyssey.",44,4,3,51,527
Congratulations! Your crop circles won first prize.,41,10,0,51,527
"Hello, Mr. McDonald. I'm your new Monsanto representative. Welcome aboard.",42,8,1,51,527
"If you are seated next to an emergency exit, please read carefully the special instructions card located by your seat. If you do not wish to perform the functions described in the event of an emergency, please ask a flight attendant to reseat you.",41,10,0,51,527
I'm very fond of your almanac -- so inaccurate.,42,8,1,51,527
"Well Jed they were right,your Blue Marble Moonshine is the best in the galaxy.",44,4,3,51,527
I'm from another rural part of the universe.,42,8,1,51,527
Ain't seen you around these parts.,43,6,2,51,527
"No worries, sir. We have no idea what Donald Trump is.",42,8,1,51,527
You squashed my squash.,42,8,1,51,527
We are your Uber ride to Roswell.,43,6,2,51,527
"Welcome to Shabbas, Jim. First-timer?",43,6,2,51,527
Ready for an out-of-this-world dating experience?,41,10,0,51,527
"Now Uncle Henry, you didn't really think Dorothy got to us by traveling on a tornado, did you?",43,6,2,51,527
Mmm... Dinner!,42,8,1,51,527
We ran out of ethanol on our planet.,41,10,0,51,527
For fortified dairy that tastes out of this world,45,2,4,51,527
"I'm from the government, I'm here to help",43,6,2,51,527
Wait until Donald hears about this. He'll be building another wall!,43,6,2,51,527
We like to buy from local farms.,42,8,1,51,527
Can I count on your vote?,44,4,3,51,527
"Hi, I'd like to add you to my professional network on LinkedIn.",43,6,2,51,527
Congratulations! From over 10 centillion entries you have won the Publisher's Clearinghouse Sweepstakes.,42,8,1,51,527
The Intergalactic Party is your only viable option in November.,43,8,1,52,527
"Hi, My name is Rob and I ""Feel the Bern""",44,6,2,52,527
Thanks for giving us Trump,44,6,2,52,527
"Congratulations, you're the millionth customer!",45,4,3,52,527
Sorry about the mess. We circled a lot as we landed.,40,5,2,47,527
I heard you became legal today. Congratulations!,40,5,2,47,527
Exiting?,40,5,2,47,527
"Congratulations Mr. Johnson! You'll be receiving a complimentary subscription to The New Yorker as a ""thank you"" for completing your 100th probing.",41,5,2,48,527
How did you get over the wall?,40,7,1,48,527
"Congratulations, you're our one-millionth test subject.",40,7,1,48,527
"Pardon me sir, our tractor beam is toast. Might you have any grey poupon?",40,7,1,48,527
I'm Zorg and I'll be your anal prober this evening.,40,7,1,48,527
"We would have walked, but there was a wall.",40,7,1,48,527
"Thanks for coming, we are still having problems with the hydroponic tomatoes",41,5,2,48,527
We've admired your crop circles and wanted to meet you in person.,40,7,1,48,527
"Thank God for ""Farmersonly.com """,41,5,2,48,527
People will write songs about how that townhouse development in the dell never happened.,43,1,4,48,527
Come quick! The boll weevils are in the cotton again.,41,5,2,48,527
At last! We need your advice on crop rotation.,40,7,1,48,527
Yes. I am the last farmer on Earth.,40,7,1,48,527
"Hey there, I know we haven't formally met, but can we borrow a cup of sugar?",39,9,0,48,527
...and thanks for the delicious fried okra and grits.,41,5,2,48,527
Welcome to our Annuity Seminar.,41,5,2,48,527
I'm afraid we need him back to make Gork great again.,42,3,3,48,527
"Welcome to your alien abduction, Earthling. You may have a hazy memory upon return, but rest assured we will have some spectacular views of Uranus!",40,7,1,48,527
take me to your cornfield,40,7,1,48,527
"Wait, just how bad do we look to the rest of the galaxy?",42,3,3,48,527
"Honestly, we're looking for something more long-term.",40,7,1,48,527
"I'm afraid the ""Hamilton"" tour is sold out, sir.",40,7,1,48,527
Good-bye! And don't forget to have that prostate checked again.,41,5,2,48,527
"I don't mind the lovely crop patterns, but could you do a little dusting while you're at it?",42,3,3,48,527
"Before you ask, I ain't got none of them metric wrenches.",45,8,1,54,527
E.T. phoned home.,46,6,2,54,527
Wanted: Down to earth men for out of this world experience.,41,7,1,49,527
"Would you please return Scully and Mulder, the network has dreamed up more episodes to continue their TV series.",42,5,2,49,527
? You don't have to be lonely At FarmersOnly.Com. ?,42,5,2,49,527
"Welcome aboard, homosapian! Thank you, anywhere is better than here as of November 8th, 2016!",43,3,3,49,527
"If anyone from my condo association sees you in the elevator, say I abducted you for an anal probe. They have this strict policy against Airbnb.",42,5,2,49,527
Congratulations! Your name has been selected at random for our one millionth abduction!,42,5,2,49,527
Are you SURE you want me to take you to our leader?,40,9,0,49,527
You look just like your farmersonly.com profile picture.,42,5,2,49,527
We're looking for something organic,41,7,1,49,527
Welcome to Uber-Uber!,41,7,1,49,527
"That's correct we offer a 401K, 6 weeks vacation, health insurance and free annual probing.",43,3,3,49,527
"Let's get this straight: I rent you my property for the weekend, this ain't gonna be a repeat of Woodstock. Got it?",42,5,2,49,527
"You're the first, but if Hillary wins, you won't be the last.",43,3,3,49,527
Just not in my back yard... Deal?,41,7,1,49,527
We support a path to citizenship for undocumented aliens.,41,7,1,49,527
Welcome! You must be a friend of Elliott's?,41,7,1,49,527
"The hell with subsidies, we're making you an offer that is out of this world!",41,7,1,49,527
words gotten around that you grow the best damn corn in the galaxy,43,3,3,49,527
"I have to erase your memory now, but you'll always have my five-star review on Airbnb.",42,5,2,49,527
Don't worry. A lot of folks confuse us with the USDA.,40,9,0,49,527
"Vote for me, I'll make the universe great again!",41,7,1,49,527
I'm here as a guest worker.,42,5,2,49,527
"Come right in, the urologist will be ready shortly.",42,5,2,49,527
"""A million frequent flyer miles, sir, but you could get a billion if you upgrade to First Class. That's a billion with a ""b"""".",40,9,0,49,527
"Supper's at six, and she won't take ""No"" for an answer.",42,5,2,49,527
"He built a wall, Earthling - but forgot to build a ceiling!",42,5,2,49,527
We are going to rewrite the BOOK on Reality TV!,41,7,1,49,527
"Yes, Bob! Your wife's meatloaf was the best I've ever had. Now if you'll excuse me, she's just about to explain the part with the breadcrumbs.",42,5,2,49,527
You're a little early for the GOP convention.,41,7,1,49,527
Klaatu barada nikto... have you considered term life insurance?,42,5,2,49,527
"January 20, 2017...Take me to your leade...wait...on second thought, you'll do just fine.",41,7,1,49,527
"Don't let the helmet fool you, I'm just a regular guy.",41,7,1,49,527
We come in search of free-range chickens.,41,7,1,49,527
"Bill, welcome aboard we haven't probed you since '03",42,5,2,49,527
"You have been randomly selected as ""Farmer Of The Month"". Congratulations and welcome to Team Monsanto!",42,5,2,49,527
"Hello sir, can you give me directions to Roswell?",41,7,1,49,527
...thank you for all you taught us about humanity. I'll leave you with the words of your people: 'ee-ii-ee-ii-oh'.,41,7,1,49,527
Let me explain how subsidies work,42,5,2,49,527
So this is what happened to the children of the corn.,41,7,1,49,527
Can I interest you in some corn futures?,41,7,1,49,527
I knew I'd see you after the election.,42,5,2,49,527
"I hear you folks can build me an inexpensive, high quality shed.",41,7,1,49,527
Thank you for agreeing to move the saucer so that our driveway is not blocked.,42,5,2,49,527
Our policy is $50 for each checked bag.,40,9,0,49,527
"The Airbnb listing said there was ample parking, is it ok if we leave this here?",42,5,2,49,527
We serve farm-to-table.,42,5,2,49,527
You're just the demographic we're looking for.,41,7,1,49,527
2020 Iowa Caucus - first candidate's meet and greet,41,7,1,49,527
"I would take you to my leader, but she's plowing the back forty.",41,7,1,49,527
"Sorry we couldn't squeeze you in sooner, Bob, but my secretary overscheduled me for anal probings today.",41,7,1,49,527
"Astounding, we both greet each other with a handshake.",41,7,1,49,527
"...And your next humiliating procedure won't be until Election Day...HA! But seriously, do remember to vote for the presidential candidate of your choice.",44,1,4,49,527
"November 9, 2016: ""Are you sure this is the fastest way to Canada?""",43,3,3,49,527
We come for your Metamucil.,43,3,3,49,527
Are your cows organic?,40,9,0,49,527
"Look, it's been a great evening but I really have to go.",42,5,2,49,527
Farm raised,42,5,2,49,527
"Greetings, I'm from the planet Monsanto.",42,5,2,49,527
I watched your news on the way over - don't take me to your leader.,41,7,1,49,527
"Nice to meet you too, but no, I don't have a daughter.",40,9,0,49,527
"Yeah, I was going to park it in the street. But, I didn't want to get towed.",40,9,0,49,527
"Hi, I think we found a location you've been looking for. It screams isolation.",42,5,2,49,527
So do we have your affirmative consent?,41,7,1,49,527
I understand. I'd want to leave Earth with Trump running too.,41,7,1,49,527
"If my wife calls, I'm not here.",42,5,2,49,527
"Farmer Brown?"" ""Elvis?",42,5,2,49,527
Can you get a message to Dorothy that there's no place like home?,40,9,0,49,527
"We always take great pride in eating fresh, locally sourced, and sustainable humans.",41,7,1,49,527
Thanks for mowing the circles. Much appreciated.,42,5,2,49,527
I know. Every farmer needs his dell.,43,3,3,49,527
"Yes, we are here to serve you, but you would have tasted better with the corn and beans we requested.",41,7,1,49,527
It's good knowing someone who knows what America is about.,42,5,2,49,527
"""Well, good luck, and again, sorry about all the 'probing'",42,5,2,49,527
Take me to your ethanol.,41,7,1,49,527
"It's a deal: you take Trump, and we'll take all of your kind.",42,5,2,49,527
Our wifi is out. Thanks for coming to fix it!,42,5,2,49,527
"Well, you tell Mr. Trump that we're not paying for this huge shield generator.",40,9,0,49,527
"Actually, I *am* your new seed supply, Mr. Grundy. There was a slip-up in the gene-splicing.",41,7,1,49,527
Sj%kiw@# and the kids have never really seen a farm before and I was wondering if it would be possible...,41,7,1,49,527
We are going to have an out of this world Hee Haw time.,42,5,2,49,527
Farmer wants a wife?,42,5,2,49,527
Would you like to pay a little more to upgrade to first class?,40,9,0,49,527
I can let this baby go for zero down and 350 a month!,42,5,2,49,527
Come with me and you won't be in Kansas anymore.,40,9,0,49,527
I know what you must be thinking.,37,6,1,44,527
I’m here to save Earth - taking Donald Trump (DT) back home.,43,5,2,50,527
"""Hello, we heard you accepted our websites terms and conditions...",42,7,1,50,527
Take me to any leader who isn't Donald Trump.,42,7,1,50,527
"Well, Frank, you'll definitely have my support this fall.",41,9,0,50,527
"Great to see you, Bob. Thanks for not holding a grudge about that whole crop circle thing.",42,7,1,50,527
I got candy,44,3,3,50,527
Hey! We need someone who knows how to use a wrench.,41,9,0,50,527
Love the crop circles...curious how you did that?,42,7,1,50,527
I have to make some crop circles for my fraternity -- would you mind?,43,5,2,50,527
Don't worry. I'm totally legal.,41,9,0,50,527
I'm from planet Cookie...Got Milk?,42,7,1,50,527
Don't worry--after the election illegal aliens won't want to be here.,44,3,3,50,527
"Welcome, friend, but please remember: You never get a second chance to make a first impression.",43,5,2,50,527
We fly non-stop to Area 51.,41,9,0,50,527
"Welcome, you can use our telephone to call E.T.",43,5,2,50,527
"I just felt that I had to personally drop by to tell you how much I admire your rugged, rural primitivism.",43,5,2,50,527
"It's not our first choice but, the housing market on Mars has gone thru the roof.",42,7,1,50,527
Come teach us how to make those creepy crop circles.,44,3,3,50,527
We heard you're looking for migrant workers.,41,9,0,50,527
"Yes, we have Wi-Fi!",42,7,1,50,527
Welcome to our panel of crop circle judges.,43,5,2,50,527
So you're our lucky volunteer.,42,7,1,50,527
"Welcome and yes, the wifi is free.",42,7,1,50,527
We received your message about the upcoming election.,43,5,2,50,527
It's ok. Trust me I'm legal.,42,7,1,50,527
"Sorry, I'm late. Have you been waiting long?",42,7,1,50,527
I'm sorry I turned your crop into popcorn.,42,7,1,50,527
"We come in peace... Sooo, sorry about the crops",42,7,1,50,527
"Hi, I'm from the Intergalactic Government, and I'm here to help you.",44,3,3,50,527
"Come in, we have WiFi.",43,5,2,50,527
You were great. Really. That one about the chicken that crossed the universe was hilarious. Thanks for coming. We'll call you.,42,7,1,50,527
I'm from the planet Monsanto.,42,7,1,50,527
Deal. You don't tell anyone we're illegal aliens; we don't tell anyone you grow GMO corn.,43,5,2,50,527
Greetings. I just wanted y'all to know that I'm on the: National Do-Not-Abduct Registry.,42,7,1,50,527
"I know. I know. We DID try the middle of Times Square, but parking was such a pain in the ass.",42,7,1,50,527
"Thank you for explaining the whole cornhole thing. Boy, are our faces red!",42,7,1,50,527
Take me to your milkmaid.,43,5,2,50,527
"I guess you're welcomed, just as long as you're a legal alien.",44,3,3,50,527
Did you happen to see a crop circle around here?,43,5,2,50,527
Keep me until 2020 this time.,43,5,2,50,527
"Come on in and browse. I've got seeds, tractors, tractor beams - you name it!",42,7,1,50,527
You don't have to be lonely anymore.,43,5,2,50,527
Why did you come so early? The Farmers' Market starts tomorrow at 9 am.,41,9,0,50,527
"Don't worry, It's only for 4 years.",44,3,3,50,527
Hello...I'm from Monsanto and I'm here to help you.,45,1,4,50,527
We're here to save the Earth. Can you give us directions to the Trump headquarters?,44,3,3,50,527
He thought a wall would stop us huh?,44,3,3,50,527
"Sorry to call you out like this, I know you have to get up with the chickens.",42,7,1,50,527
"Likewise, nice to make your acquaintance. But no, this is 51 Amish Way, not Area 51.",45,1,4,50,527
Finally! Someone who never heard of Donald Trump!,43,5,2,50,527
"So, I'm guessin' you ain't from around these parts?",43,5,2,50,527
Nice work on the crop circles.,43,5,2,50,527
We paid online at Farm Vacations for a three night stay. The rest of the invasion fleet arrives tomorrow.,42,7,1,50,527
We can use all the undocumented immigrants you can spare.,42,7,1,50,527
I noticed your daughter's crop circle,42,7,1,50,527
"Come in, come in you are just in time to be dinner",42,7,1,50,527
Can't be worse than Trump.,44,3,3,50,527
Are you the guy the crop circles said has half-price plutonium?,45,1,4,50,527
"With our Galactically Modified seeds your new crop could feed on 10,000 people ... I meant ""feed 10,000 people"".",42,7,1,50,527
Greetings 2020 Iowa voter. You're welcome.,44,3,3,50,527
"Now Ben, I just have one word for you... Just one word. Are you listening? Satellites.",41,9,0,50,527
You've got to help us understand Donald Trump's brain.,42,7,1,50,527
"The trip was fantastic, but I couldn't use my mileage.",42,7,1,50,527
Deal. I'll deliver this district for Trump; you'll deliver the farm bill in the Senate.,42,7,1,50,527
We come in search of fresh eggs.,43,5,2,50,527
We prefer using the backdoor.,42,7,1,50,527
Thanks for coming. Our ethanol tank is down to fumes.,41,9,0,50,527
Or...... you could wait for our Uber flight from Venus.,43,5,2,50,527
"So, you're from Monsanto?",44,3,3,50,527
Greetings ! Take me to your seeder.,43,5,2,50,527
Come on baby we're going home.,43,5,2,50,527
Welcome aboard! Are you another one of Trumps refugees.,44,3,3,50,527
I'm your radiology tech.,43,5,2,50,527
Welcome. We have chosen you to address our conference on Amazing Earth Stories to describe the reasoning behind the practice of planting things in a mixture of dirt and animal excrement and then eating the result.,43,5,2,50,527
"Can you grow potatoes? Matt Damon left some behind-- we can't get enough! Red Bliss, Yukon Gold, those little fingerlings-- yummyummyummy-- boiled, mashed, fried, baked! Can you grow us some?",44,3,3,50,527
Going Up,42,7,1,50,527
"We come in search of ""local food.""",44,3,3,50,527
Did you bring your seeds?,43,5,2,50,527
No papers? That won't be a problem for an experienced picker like you.,43,5,2,50,527
I've found you the perfect match on Venus.,43,5,2,50,527
"Hi, we're from Monsanto. You work for us now.",43,5,2,50,527
I hope we can count on your vote in November.,41,9,0,50,527
Welcome. We'd like your views on harvesting.,42,7,1,50,527
Welcome. You folks from 'round here?,42,7,1,50,527
Heard you're the man to see about arugula.,41,9,0,50,527
"Good evening, sir. I'll be your driver tonight. Is this your first time using Rides on Demand?",44,3,3,50,527
Folks 'round here don't take kindly to strangers.,43,5,2,50,527
"No really, you should leave now and come back AFTER the November election.",43,5,2,50,527
...and it gets 40 light years per plutonium rod!,42,7,1,50,527
I was wondering if I could borrow a cup of sugar?,42,7,1,50,527
We were all so saddened to hear about Bowie and Prince.,42,7,1,50,527
OK. We'll be back in November.,43,5,2,50,527
"Welcome aboard, Mr. McCoy. I can guarantee that no Hatfields will bother you where we're going.",42,7,1,50,527
It was literally out-of-this-world Airbnb experience.,41,9,0,50,527
You're Uber SpaceX has arrived.,42,7,1,50,527
"""It's not exactly rocket science, but it pays well"".",42,7,1,50,527
"Welcome! I'm Beebak, and I will be your host for this abduction. Now, did you select 'probe' or 'no probe'?",43,5,2,50,527
"I'd take you, but we don't have any leaders.",43,5,2,50,527
You'll take a left at Albuquerque...,44,3,3,50,527
How about you take me to YOUR leader?,42,7,1,50,527
This baby runs on horse manure!,42,7,1,50,527
"We're here from the future. We came back to 1930 to buy ""all natural"".....",42,7,1,50,527
""" Step inside friend and let me show you what interstellar condo living is all about.",42,7,1,50,527
Come with me if you want to live.,43,5,2,50,527
"Bud Wilkins, they told me you moved to Arizona?",43,5,2,50,527
You built it!,43,5,2,50,527
"""So where's the corn?",42,7,1,50,527
"Ah! Finally, a planet with inhabitants who have opposable thumbs!",42,7,1,50,527
A Visit from Monsanto.,42,7,1,50,527
"Welcome to AA, we've been waiting for you.",43,5,2,50,527
Congratulations! You’ve won the Crop Circle Sweepstakes.,42,7,1,50,527
Could you fill her up please?,41,9,0,50,527
Democratic or Republican,42,7,1,50,527
"If you really want to Brexit, you'll get into the saucer, Earthling.",44,3,3,50,527
Thanks for contacting farmersonly.com.,42,7,1,50,527
"That's a deal, 12k bushels of corn for a time warp machine",43,5,2,50,527
And you're cosplaying as a... farmer?,44,3,3,50,527
"So East till i see the coast, than North till the giant lady . Thanks again your a life saver.",43,5,2,50,527
"Come on inside, man. I know, this is totally bitchin' isn't it?",43,5,2,50,527
Are you Mr. Trump? We wanted to take him back home.,43,5,2,50,527
Take me to your presumptive nominees.,43,5,2,50,527
We can remove the implant now.,44,3,3,50,527
Welcome to the Crop Circle Seminar. Did you bring your protractor?,42,7,1,50,527
Is this where I vote?,42,7,1,50,527
What would you pay for a crop circle???,43,5,2,50,527
"Trust me, it's an upgrade.",42,7,1,50,527
We'll come back another time...,43,5,2,50,527
"Congratulations! You have won the Intergalactic Sweepstakes grand prize, which is a ticket to leave Earth before it is reduced to cinders should Trump get elected.",43,5,2,50,527
It's going to be an honor serving you—as hors d'oeuvres.,43,5,2,50,527
Thanks again. We can't wait to try kale!,42,7,1,50,527
You're being audited - the probing will begin shortly.,42,7,1,50,527
Relax! We agreed to host the support group for people with Windows 10 issues.,43,5,2,50,527
Would you mind cutting back on the crop circles?,43,5,2,50,527
We loved your performance in Interstellar!,43,5,2,50,527
Welcome aboard and our sympathies about the election.,41,9,0,50,527
We have long been intrigued by your flyover planet.,44,3,3,50,527
Me? I work at Area 51.,42,7,1,50,527
So you take a left at the farmhouse and that will take you straight to the interstate,44,3,3,50,527
Can we borrow your Almanac?,43,5,2,50,527
What is Twilight Zone?,42,7,1,50,527
You've really aged since your Facebook photo.,42,7,1,50,527
I 'm looking for a place to park this ship and retire. What a beautiful spot you have here.,43,5,2,50,527
Hey there. We're on the run from an oppressive intergalactic regime. Mind if we crash here for a stint? Or do you inexplicably hate us as much as the last farmer?,43,5,2,50,527
EEEIIEEEIIOOOO,44,3,3,50,527
We've come for your crop subsidy.,43,5,2,50,527
I'll take two dozen ears of corn and a bushel of tomatoes.,42,7,1,50,527
Welcome! We're so looking forward to finally discussing quantum mechanics and plasma physics with someone from a civilization with an understanding of such things!,37,8,0,45,527
"Welcome, earthling, our borders are always open.",39,4,2,45,527
You folks ever think about selling?,39,4,2,45,527
We are just here for your charging station.,37,8,0,45,527
"Rumspringa is over, come back home.",44,5,2,51,527
"Thank God you've come. This rig runs on corn ethanol, and we're on empty!",44,5,2,51,527
Elsie's gone into labor.,44,5,2,51,527
It just so happens we run on chicken poop.,44,5,2,51,527
So you think these Amish folks down the road will have spare parts?,44,5,2,51,527
Harvest time for farmers,44,5,2,51,527
The crop pattern invoice is in the mail!,44,5,2,51,527
I can assure you the colonoscopy equipment is state of the art,45,3,3,51,527
I'm here to make America great again.,45,3,3,51,527
"I've beamed up a lot of cows,but none can compare to yours.",43,7,1,51,527
I hope you'll forgive me for not being entirely truthful on my FarmersOnly.com description.,43,7,1,51,527
"On behalf of interplanetary Vegans, welcome!",38,8,0,46,527
Can I get you some coffee or a soda?,39,6,1,46,527
I won't eat you—I'm a Vegan.,40,4,2,46,527
"Listen, this has been great, but the suit is getting really hot.",40,4,2,46,527
"Conquer? No, we only want to know what ""corny"" means.",39,6,1,46,527
The wife came along. Tonight's probes will just be in the ear and nose.,40,4,2,46,527
Can you smell a storm with that thing on?,40,4,2,46,527
Come in. I'm from the government. I'm here to help you.,39,6,1,46,527
We come as locavore.,40,4,2,46,527
Did you bring the pizza?,38,8,0,46,527
I need a place to stay...have those three salesman left yet?;,40,4,2,46,527
Welcome! I'm glad you understand my crop circle message. Can I offer you a drink?,40,4,2,46,527
We heard you folks need a new place to live after November.,39,6,1,46,527
Congratulations! You may already have won the Interplanetary Clearing House Sweepstakes!,39,6,1,46,527
"Before you say anything, I'm not current on Game of Thrones.",39,6,1,46,527
Hi! I'm your new crop duster.,39,6,1,46,527
Are you sure that my wife can't find me here?,39,6,1,46,527
And remember -- make hay while the sun shines.,38,8,0,46,527
Greetings! We come in peace from Monsanto.,39,6,1,46,527
Guess we need to build a sky fence now to keep the illegal extra-terrestrials out as well!,39,6,1,46,527
Our cable is shot. Can I just watch the second half with you?,40,6,1,47,527
Illegal is an alien term.,40,6,1,47,527
Organic life form?,39,8,0,47,527
"Our economy out there is not doing great right now, so I thought, why not make a fews extra buck with Uber, you know",41,4,2,47,527
Come in. I'd love to probe you about the neighborhood.,40,6,1,47,527
welcome to starbucks!,42,2,3,47,527
"Welcome, we have great gun control.",40,6,1,47,527
Step right this way to find your missing cattle.,39,8,0,47,527
Where's the pizza?,40,6,1,47,527
"Sorry about the crops, but it'll be nice to finally get some recognition for my work!",40,6,1,47,527
"Hi, I'm your new GMO seed distributor",39,8,0,47,527
It's been fun! Give me a ring anytime if you need more crop circles!,40,6,1,47,527
"You brought the organic kale seeds, right?",39,8,0,47,527
I'm locally sourced from a nearby farm,41,4,2,47,527
Thank God you showed up. Donald Trump just won and Canada was full.,40,6,1,47,527
We like to support local farmers. And by local I mean within the same galaxy.,40,6,1,47,527
I love your book 'To Serve Man'.,41,4,2,47,527
Dorothy sent me to fetch you.,41,4,2,47,527
"Okay, ten thousand bushels of non-GMO organic corn ... if you can deliver.",40,6,1,47,527
I never thought that my search for a date through farmers.com would reach so far!,40,6,1,47,527
"Abe Lincoln, I presume. This is 1834 A.D. by your calendar, isn’t it?",40,6,1,47,527
I'm counting on your vote.,40,6,1,47,527
"We're not locovores, I hope that's OK...",40,6,1,47,527
"Kansas, I presume!",40,6,1,47,527
Trust me. People will come.,41,4,2,47,527
Welcome to Farmer's Only.com!,40,6,1,47,527
"Well, we just got a new leader - and Mister, I'd advise you to keep looking for intelligent life out there.",41,4,2,47,527
Wanna pull some donuts in the fields?,41,4,2,47,527
That GMO corn? Can't thank you enough.,40,6,1,47,527
Congratulations! Your field is perfect for my crop circles!,40,6,1,47,527
Fill 'er up with Ethanol.,40,6,1,47,527
Sure glad yer not from my bank.,41,4,2,47,527
Your GMO Corn sent for us.,40,6,1,47,527
"I know, I know--we heard the results of the election too.",41,4,2,47,527
"Thanks, again. Your artichokes were out of this world!",41,4,2,47,527
"Made it over the Wall, did you?",40,6,1,47,527
Are you the GMO rep?,41,4,2,47,527
You have awfully soft hands for a farmer,41,4,2,47,527
Welcome Mel. I knew your pod.,40,6,1,47,527
I'm not sure what you mean by 'Monsanto'.,41,4,2,47,527
Thank you! I am the result of your genetically altered seeds!,41,4,2,47,527
"In case my candidate loses, what's the quickest way to become a citizen?",40,6,1,47,527
"Your tomatos are out of this world, man!",40,6,1,47,527
"Yessir, it was a long trip. But we heard that your organic tomatoes are worth every light-year!",39,8,0,47,527
Crop circles? So last decade. We're into textile art now.,40,6,1,47,527
Are you the ones who have been doing the crop circles.,39,8,0,47,527
""" Can you take me to your planet,Trump is going to be our president"".",40,6,1,47,527
"I think you picked the right night, it's Country Music Karaoke night.",40,6,1,47,527
We saw your crop circle messages.,40,6,1,47,527
Helluva wall!,41,4,2,47,527
"Sorry, we already took two of your kind...",41,4,2,47,527
Rest assured Middle American! I am not one of the aliens Mr. Trump would have you worry about.,41,4,2,47,527
I'll keep an eye out for Dorothy.,41,4,2,47,527
Take me to your loudest businessman.,40,6,1,47,527
"Don't worry, we're happy to help. Since Trump won the nomination we've literally rescued millions who couldn't stand to stay here any longer.",41,4,2,47,527
We’re hoping you can settle an argument about crop rotation.,41,4,2,47,527
"Thanks, my former GMO supplier turned into a turnip.",41,4,2,47,527
I'm sorry I can't take you with me as I'm all full of Republicans.,41,4,2,47,527
All our abductees are 100% organic farmer.,39,8,0,47,527
"Yes, of course, we are afraid of your elections too.",40,6,1,47,527
We've heard good things about potatoes.,40,6,1,47,527
We heard you grew the best organic kale in the universe,41,4,2,47,527
Its time you embrace technology.,42,2,3,47,527
"Hi, I'll be your Uber Galaxy driver",42,2,3,47,527
We are from the future. Global warming doesn't destroy civilization. Baseball's new slide rule does.,42,2,3,47,527
No worries... the probing is optional!,41,4,2,47,527
Election isn't until November. Get me out of here now!,40,6,1,47,527
"Welcome to the neighborhood! For a small fee I can provide you with organic non GMO veggies, right from the earth!",40,6,1,47,527
"If you're certified organic, welcome aboard!",40,6,1,47,527
I hope you don't mind if I ask you to take your boots off in our mudroom.,39,8,0,47,527
Greetings. Do you know where we might find a Shaker table?,39,8,0,47,527
Wazzuuuuup,41,4,2,47,527
"Please come in, they'll never believe me.",41,4,2,47,527
Thanks. We couldn't find a parking space in space.,41,4,2,47,527
Can I interest you in crop circle insurance?,39,8,0,47,527
"Don't ask, don't tell, O.K.?",40,6,1,47,527
"So good to see you again, Cousin Roswell",41,4,2,47,527
"Got it, a Celtic trinity knot in the north field and a tree life symbol in the south field.",41,4,2,47,527
My name is Zook. My grandmother was Amish.,40,6,1,47,527
Howdy friend. We have warm nuts and a hot towel waiting for you.,40,6,1,47,527
I'll show you mine if you show me yours first.,41,4,2,47,527
How's everything been in Roswell?,40,6,1,47,527
"Sorry, no shoes. Is that strange?",39,8,0,47,527
"Welcome. You grow genetically modified crops? Great, the others are inside.",41,4,2,47,527
Welcome to Uber x 5000,41,4,2,47,527
Is this your first time using Uber Space?,39,8,0,47,527
"UFO good, GMO bad!",41,4,2,47,527
"Congratulations! They said, ""If you build it they will come."" And we did!",41,4,2,47,527
You've won the trip of your life!,40,6,1,47,527
Come on in! We were just about to make more crop circles!,41,4,2,47,527
We're here to rescue you from the Nightly News,42,2,3,47,527
Congratulations farmer! You're the next bachelor.,39,8,0,47,527
Nice designs. Very post-modern.,40,6,1,47,527
Boy are we glad to see you ! We've been craving sweet corn ever since our last trip here.,40,6,1,47,527
Thank you for swiping right.,42,2,3,47,527
Got any ethanol?,40,6,1,47,527
Welcome to the Enterprise. We boldly go where no man has gone before and we pick you up.,41,4,2,47,527
"I'm from Future Farmers, crop-dusting division.",41,4,2,47,527
Welcome. Thanks for answering my ad. Regarding your qualifications...just how long have you fellows been offering crop dusting services?,41,4,2,47,527
"Moo moo to you too, stranger.",42,4,2,48,527
"Howdy neighbor, can I borrow a few head of cattle?",40,8,0,48,527
Our planet has been disqualified from the Olympics for doping. It must be your so called 'organic' cow's milk.,41,6,1,48,527
You'll be farther away than Canada when you-know-what happens in November.,40,8,0,48,527
"Yes, yes we want to hear all about Mr. Trump, welcome!",42,4,2,48,527
We've been admiring your crop circles.,41,6,1,48,527
This is just a social call so come on board and relax. We only do anal probes on business trips.,43,2,3,48,527
$1500 for the bull and I can pick up for free.,40,8,0,48,527
Congratulations! You are the winner of the Publisher's Clearinghouse $1 million contest! If you'll just step inside...,42,4,2,48,527
Congratulations on pioneering our new farmer-to-table initiative.,41,6,1,48,527
"Stairway to heaven? No, but come in, I want to show you something that will knock your socks off.",41,6,1,48,527
We'd like to pick your brain for a little help with our crop circles,40,8,0,48,527
You betcha'! We use genetically modified organisms in our fields too.,40,8,0,48,527
Hey I found your barn cat! She's a keeper.,41,6,1,48,527
So how's the farm subsidy on your planet?,41,6,1,48,527
I'm surprised you still have steps on this thing.,42,4,2,48,527
"On the bright side, you may get a sports team named after you.",42,4,2,48,527
"Picked, farm fresh!",43,2,3,48,527
We've spotted unidentified farming objects on your property.,42,4,2,48,527
"Hello, I belive your ordered some GMO seeds?",42,4,2,48,527
We hear your pies are out of this world.,42,4,2,48,527
"Relax, we are totally noninvasive now.",40,8,0,48,527
"""...welcome aboard friend you'll never hear the Trump name again where we're going....",41,6,1,48,527
"We couldn't bear watching this campaign season any longer, so decided to just begin rescue missions...",40,8,0,48,527
so YOUR the Fellas who bought out Monsanto?,41,6,1,48,527
"Yeah, I know, but the Uber gigs are really helping right now.",41,6,1,48,527
"And after one light-year of travel, you'll be eligible for a seat upgrade.",40,8,0,48,527
"And remember, a vote for me is a vote against the lunacy of our two-party system.",42,4,2,48,527
"Hi Jack Daniels, I'm Jim Beam-me-up.",41,6,1,48,527
Have you ever considered selling Amway?,42,4,2,48,527
010010 1101100010 101 00101010 0010 0100010111000 010110 0 010010 0101 010 hello.,40,8,0,48,527
Sorry we couldn't drop you off closer to the house,40,8,0,48,527
"No, it's still Iowa.",43,2,3,48,527
"Thanks for the offer, but we're gonna pass on this planet.",41,6,1,48,527
You're doing the right thing. He will be elected!,42,4,2,48,527
"Greetings, Mr. President!",40,8,0,48,527
"Welcome, this is a Trump-free zone!",42,4,2,48,527
Are you the guy that's been leaving designs in my yard?,41,6,1,48,527
Think about it - there are no mortgages in space!,41,6,1,48,527
"Unforeseen consequence of Trump presidency: On second thought, DON'T take me to your leader.",42,4,2,48,527
My name is Org and I'm running to represent you in the Galactic Senate.,41,6,1,48,527
Parsnips? I told him parsecs!,40,8,0,48,527
I've got tickets to Hamilton and I'm running late. Could you point me towards New York.,41,6,1,48,527
Don't be afraid--I'm a Bernie delegate.,42,4,2,48,527
"Good evening. My name is Z*>T!*GH and I am running for Congress- can I count on your vote? And, oh, sorry about the cornfield.",42,4,2,48,527
"Welcome. Rare, medium, or well-done?",41,6,1,48,527
Are you coming just for dinner or will you be spending the night?,40,8,0,48,527
Hello! Help us out with some tips on crop rotation.,41,6,1,48,527
"Mr. Android, will you promise to take our leader?",41,6,1,48,527
"I thought I ordered a tractor, not a spaceship - oh jeez.",42,4,2,48,527
The Farmer's Almanac didn't tell you....?,41,6,1,48,527
"Don't worry, I have a Green Card.",41,6,1,48,527
"We realize we have implanted the perception of free will in your species, and therefore thank you for choosing to fly with us.",43,2,3,48,527
Remember when I was just a GMO seedling?,42,4,2,48,527
You're just not martian material...,41,6,1,48,527
His tweets went intergalactic!,41,6,1,48,527
I'm Blursk. Did you request an Uber?,41,6,1,48,527
"Well shoot, come on in, the missus done cooked up a mess of viddles and we ain't had no proper company since halfway across the galaxy.",40,8,0,48,527
You got here just in time. We're about to build a wall.,42,4,2,48,527
Sorry to trouble you....could you help me out with a gallon of ethanol?,41,6,1,48,527
"Are you my Billy, captured by aliens twenty years ago?",41,6,1,48,527
"Is Thursday night still chicken and dumplings at your house, earthling?",41,6,1,48,527
"It's an honor to meet you, sir. I'd ask for your autograph, but I see you've already taken that liberty on my cornfield.",41,6,1,48,527
Thanks for the circle! Haven't seen a coyote since.,42,4,2,48,527
Why circles?,41,6,1,48,527
Our planet intends to go locavore and we need your expertise.,43,2,3,48,527
"Welcome aboard, but we don't take off till Inauguration Day.",41,6,1,48,527
Do not worry. This is a non-GMO UFO.,41,6,1,48,527
"To us, this is an alien world. That makes you the alien. Not us.",41,6,1,48,527
"Yes, we know, Trump won....",41,6,1,48,527
"Great to see you too. Hey, did you happen to go by the duty-free shop?",40,8,0,48,527
"Welcome aboard, Dad. I told them you'd be glad to see me.",41,6,1,48,527
Congratulations! You're a candidate for our farm-to-table franchise!,42,4,2,48,527
You're not going to be in Kansas anymore.,40,8,0,48,527
"Come with me, we welcome aliens on our planet.",41,6,1,48,527
"Yes, hello Mr. President, welcome aboard.",43,2,3,48,527
We'd like to talk to you about a big art project.,41,6,1,48,527
"For flyover country, we've taken Uber to the next level.",40,8,0,48,527
Where's Shoeless Joe?,42,4,2,48,527
We love the uneducated,41,6,1,48,527
"When I saw the ""Raw Milk"" sign, I had to stop.",41,6,1,48,527
"Good, so, this really is Kansas?",41,6,1,48,527
It has come to the attention of the Galactic Community that you subconsciously wish to leave Kansas.,42,4,2,48,527
Where would you like the crop circle this time?,40,8,0,48,527
"Really sorry for the crop circle, junior took the keys and you know kids...",40,8,0,48,527
Our robots love your franken-corn.,42,4,2,48,527
I hope I can count on your support at the caucus.,42,4,2,48,527
"That was, without question, my most unique Grindr experience ever.",41,6,1,48,527
Let's say 10% of any income generated by the new circles and call it a deal.,40,8,0,48,527
"You will teach us to grow marijuana, so that we too can imagine scenes like this.",41,6,1,48,527
Take me to your new leader. Ours is particularly tough on immigration.,42,4,2,48,527
"Yes, that's true what you heard. Free education, health care, food stamps....no you don't need a job.",41,6,1,48,527
Hi. Name's Jesus. Welcome aboard!,42,4,2,48,527
Hi there! I'd like to take a few moments of your time to talk about our Overlord and Savior...,41,6,1,48,527
I've got the perfect market for your genetically modified produce.,41,6,1,48,527
"Greetings, organic, non-GMO, Earthling.",43,2,3,48,527
Vote for Kodos.,42,4,2,48,527
Do you know how to use the NEW Waze APP ?,42,4,2,48,527
"Welcome, Mr. Greenjeans, the Captain awaits!",42,4,2,48,527
"Alien, huh? You should know, I support Trump.",42,4,2,48,527
Hi there. I've been drafted as the alternative Republican candidate.,40,8,0,48,527
Take me to your... now don't get upset... leader.,41,6,1,48,527
"Believe it or not, this is exactly what we’ve been expecting.",42,4,2,48,527
"When I heard ""If you build it, they will come,"" this is not what I envisioned.",41,6,1,48,527
Please tell me about your cell phone plan.,40,8,0,48,527
Relax! I have a 5-star Uber rating.,40,8,0,48,527
"If it weren't for your crop circle, we would have gotten off at the next planet.",41,6,1,48,527
Thanks. The corn was out of this world.,41,6,1,48,527
"Which galaxy would you like to try, Rube?",41,6,1,48,527
Our sources on Venus tell us that you're outstanding in your field.,40,8,0,48,527
"Well, well, it's a fellow frontiersman.",41,6,1,48,527
I'm here to replant those crop circles we made on your farm,41,6,1,48,527
Would you mind boots off? The wife insisted on white carpet and its just been cleaned.,43,2,3,48,527
Hi. I'm your future self. Technically we're not supposed to meet. Or touch. But I just had to come back to warn you. Do not take Marjorie Mae to the hoedown tonight. Instead take farmhand Luke. You'll be back to thank yourself in a thousand years.,41,6,1,48,527
C'mon in ..We can't wait to talk about Trump.,43,2,3,48,527
"I see we landed in a red state, feels like home.",41,6,1,48,527
Tell me about this wall.,42,4,2,48,527
"Yes, your cow will jump over the moon.",41,6,1,48,527
Just think of me as a genetically modified human.,41,6,1,48,527
"""I believe you are a better example of the human race then its political leaders"".",42,4,2,48,527
Abductions are for old-schoolers.,41,6,1,48,527
Welcome! We're the ampere waves of brain.,41,6,1,48,527
...and that's why I believe I'm the presidential candidate your country needs.,42,4,2,48,527
"Would you like a crop circle? Beats a probe, right?",42,4,2,48,527
We were anxious to visit before you folks build the wall.,41,6,1,48,527
"Don't worry, Earthling, I'm okay, but the alien behind me is nuts!",42,4,2,48,527
Welcome to the hoedown.,41,6,1,48,527
Congratulations on deciding to go green.,40,8,0,48,527
Welcome aboard. Your wish has come true. There IS a planet without political turmoil.,42,4,2,48,527
You've been chosen to receive a year of Bon Appétit with no obligation!,42,4,2,48,527
"Congratulations Sir, You've won a trip to the Big Bang.",42,4,2,48,527
We shall return at the end of your election cycle.,41,6,1,48,527
So glad to see that life exists on earth.,41,6,1,48,527
Hey dude long time no see!,42,4,2,48,527
"Actually, I only want to leave if Trump wins.",42,4,2,48,527
Just plant the root crops when there's a new moon!,40,8,0,48,527
Thank goodness you're here! The corn is as high as an eleuwyd's eye!,42,4,2,48,527
"Son, I tasted the cabbage a la Bretonne; the wife loved it. I think we have a deal.",42,4,2,48,527
Your Match.com profile said you wanted to escape Trump.,41,6,1,48,527
"Just a heads-up, Frank. Za!klisx lost the bake-off today, so she's feeling a little glum.",43,2,3,48,527
"Cletus, it's time for your annual colonoscopy.",40,8,0,48,527
Quick! Inside! The National Weather Service has just issued a tornado warning!,41,6,1,48,527
"Bob, nice to see you again.",43,4,2,49,527
you hate us because of our freedom?,43,4,2,49,527
Did we make it in time for the conventions?,43,4,2,49,527
Can we talk about fracking?,44,2,3,49,527
Thanks again for letting us make those circles for the kids.,42,6,1,49,527
Well---klaatu barada nikto to you too!,42,6,1,49,527
"Yes, you have my word, we have three-party system.",43,4,2,49,527
"Howdy, neighbor! Have you seen a fella who has been creating those dang circles in my crops?",42,6,1,49,527
I never met someone wasn't from Iowa.,42,6,1,49,527
Howdy; I'm from Future Farmers of America; you really need to modernize your spread!,42,6,1,49,527
"Thanks for coming at such short notice. My wife can barley contain herself, so it would be great if you could give her a prune.",42,6,1,49,527
Welcome. Your wife and the pitchfork are already on board.,41,8,0,49,527
I'm graffiti artist; Your crop fields are my canvas.,43,4,2,49,527
Who's going to pay for this wall?,43,4,2,49,527
"Mr. Trump, it's very nice of you to invite me to your home!",43,4,2,49,527
"Welcome aboard, you're our souvenir for the road trip.",43,4,2,49,527
Welcome to Planet Trump!,42,6,1,49,527
Hi. We're looking for some new farm-to-table partners.,43,4,2,49,527
"Ok, four hens, two head of cattle, and a metric ton of ethanol.",42,6,1,49,527
This way to Canada?,37,5,1,43,527
Greetings Earthling. I just stopped by to let you know I'm vegan.,43,6,1,50,527
"Thanks for choosing Uber: Cosmos. My name is T'b B'falg, and I will be your pilot this evening.",37,7,0,44,527
I'm the third party candidate for President and I'd appreciate your vote in November!,40,3,2,45,527
You never heard of sushi? That's why we came.,40,3,2,45,527
"Oh yes, preserving corn subsidies will be my first priority!",39,5,1,45,527
You won't need that gear. We got good clean air out here.,39,5,1,45,527
We come in friendship provided you promise NOT to take me to your leader!,39,5,1,45,527
I'm with the Publishers Clearing House Prize Patrol.,41,1,3,45,527
Greetings! And congratulations! That magnificent field has won you the crop circle of the year!,38,7,0,45,527
May I interest you in a free 'crop beautification' demonstration?,39,5,1,45,527
A job like this calls for a sense of perspective.,39,5,1,45,527
Just stopped by for a quick snack.,40,3,2,45,527
We need you. It's harvest time on Mars.,40,3,2,45,527
"I'm pleased to tell you the new probes are in... Now, remember Steve. What happens in Alpha Centauri, STAYS, in Alpha Centauri.",39,5,1,45,527
Come aboard! We have heard great things about farm to table!,39,5,1,45,527
We appreciate your continued support of our agrochemical work...,39,5,1,45,527
Hello! Are you the farmer that said he grew the best wheat in the Universe?,40,3,2,45,527
"Actually, the congressperson told me I have you to thank.",39,5,1,45,527
I just love it when you don't shave.,38,7,0,45,527
Please bring me back in 2020 when there are better candidates for president.,39,5,1,45,527
"Greetings, now how do you get such big tomatoes?",38,7,0,45,527
"Sorry we had to put you on the waiting list, our planet was nearing overpopulation since Trump took office.",40,3,2,45,527
"Don't be silly... Our tome, 'How to Serve Humans' is not a cookbook!",39,5,1,45,527
We realize that small family farms are vital to our success.,40,3,2,45,527
You may be entitled to compensation.,38,7,0,45,527
You must be Dorothy's uncle!,39,5,1,45,527
"""We've come for the lima beans"".",39,5,1,45,527
We just can't get enough of your kale,38,7,0,45,527
You may want to leave before Trump finds out you are here illegally.,39,5,1,45,527
Didn't know they made 'em like you anymore.,39,5,1,45,527
"Thanks to free trade, we can offer a full line of genetically modified seeds at competitive prices.",40,3,2,45,527
Fill her up and tell me how to get to Roswell.,38,7,0,45,527
Congratulations! You've been chosen to teach us how to plant corn. I will have you back before the weekend.,38,7,0,45,527
Hi Stan! Good to see you after all these lightyears.,40,3,2,45,527
"Thanks pal, it's an amazing maize maze!",39,5,1,45,527
"You are not alone. Since the Trump campaign started gaining momentum, our phone has been ringing off the hook",41,3,2,46,527
Are you planning to vote for Trump? We'd like to study you.,40,5,1,46,527
"If you could just remove your shoes, we'll take care of the rest.",41,3,2,46,527
"Greetings, perhaps you've seen my crop circles in your lower forty.",40,5,1,46,527
Thank you for helping us make America 'great' again.,40,5,1,46,527
We're searching for a new leader who is unconventional yet harmless in appearance.,40,5,1,46,527
We have some wonderful deals on tractors.,40,5,1,46,527
Greetings neighbor. We'll trade you the secrets of the universe for a bushel of fresh sweet corn and two sticks of butter.,40,5,1,46,527
"Now Tom, I expect your support at the 2020 Iowa Republican caucuses.",40,5,1,46,527
"So it's settled: we'll split your insurance payments for ""mysteriously destroyed crops"".",41,3,2,46,527
"Yes, that's right, ""To Serve Man.""",39,7,0,46,527
Congratulations! You are the Publisher Clearinghouse winner!,40,5,1,46,527
We have to stop meeting like this!,40,5,1,46,527
Don't worry about the manure smell---it's potpourri on our planet.,39,7,0,46,527
"With your fresh produce and my unrivaled distribution system, we can do farm-to-table in places you never even heard of.",39,7,0,46,527
Everyone on our planet is looking forward to your renowned expertise!,41,3,2,46,527
Have you come to help me find water?,39,7,0,46,527
We need to learn how to grow corn.,40,5,1,46,527
Hi. We're here from the government and we're here to help you.,39,7,0,46,527
"Sorry, our planet is at capacity with American ""abductees"" since Trump won.",40,5,1,46,527
I've always heard about southern grits.,41,3,2,46,527
Welcome aboard. I love the poorly educated.,41,3,2,46,527
"We gave up on wind power 75,000 of... uh...your years ago. But have some new ideas you might be interested in!",40,5,1,46,527
"Thanks, but we aren't in the market for a fixer upper.",39,7,0,46,527
Where can I get this 'double-down'?,41,3,2,46,527
Hope that giant wall didn't give you any trouble coming in.,40,5,1,46,527
It's just for one term,40,5,1,46,527
"Welcome, but be warned, someone just crop dusted.",41,3,2,46,527
Hello. I'd like to offer you the first crop circle franchise in your area.,40,5,1,46,527
Welcome to your all expense paid vacation to Proxima Centauri IV.,39,7,0,46,527
"Hello, I am your sales representative from Monsanto.",40,5,1,46,527
"So, just the THREE crop circles this time?",41,3,2,46,527
Welcome back to Roswell! We need you more than ever during this election year!,40,5,1,46,527
Word of your pumpkin-face-carving has greatly excited our cosmetologists.,39,7,0,46,527
Big fan of your work. Your crop circles are so inspiring.,40,5,1,46,527
"Me Tonto, You Lone Rancher",40,5,1,46,527
Take me to your Donald.,41,3,2,46,527
Great to see you again.,41,3,2,46,527
No GMO? Welcome in.,41,3,2,46,527
Glxpr is my name; crop circles is my game.,39,7,0,46,527
"Oh, good. Maybe you can explain to us that program called ""Dancing with the Stars.""",39,7,0,46,527
"Welcome aboard, you are my first Uber customer from Kansas!",40,5,1,46,527
Take me with you.,41,3,2,46,527
Thank you for not abducting the cows again.,41,3,2,46,527
I come from the planet Monsanto and I mean you no harm.,40,5,1,46,527
Soon you won't be in Kansas anymore.,39,7,0,46,527
At least my species has the decency to shake your hand and buy you a drink before we get to the probing...,41,3,2,46,527
Could I borrow 200 grams of C12H22O11?,41,3,2,46,527
"hi, I am Ali, your uber driver today...",40,5,1,46,527
Now forget this never happened.,40,5,1,46,527
Do you agree to 2.5 times surge pricing?,39,7,0,46,527
"Have you heard the good news of our Savior, Lord Gronk from Planet Gorlock?",41,3,2,46,527
So sorry for your lost planet.,40,5,1,46,527
"Welcome, neighbor. You are going to love this dinner, my wife's meatloaf is out of this world!",40,5,1,46,527
You're on your way to a better place where there is no agribusiness.,40,5,1,46,527
What do you mean you only mow in circles?,41,3,2,46,527
Howdy Neighbor! Come on in and stay for dinner.,40,5,1,46,527
"Farmer John, the Red Planet is going Green.",39,7,0,46,527
"I just demolished the Wall, so you won't have to work in the field by yourself any more.",41,3,2,46,527
The field is yours for any geometrical pattern you see fit,41,3,2,46,527
...and remember to 'Like' us on Facebook for 25%-off your next abduction.,40,5,1,46,527
"Pleased to meet you, take my card MARTIAN WORKERS LLC, in case Mexico builds that wall.",41,3,2,46,527
Did you come in over the wall or really go through immigraton?,40,5,1,46,527
"Thanks again for picking up my crop circle shift, Farmer Brown.",41,3,2,46,527
"Dad, I've come back for the summer harvest.",41,3,2,46,527
""" Who is 'Farm Bill' ""?",40,5,1,46,527
Is your crop gluten-free?,39,7,0,46,527
"Comes with a 100,000 light year warranty",40,5,1,46,527
Your crop circles look great! See ya next time!,41,3,2,46,527
Words out. We hear you need a leader.,41,3,2,46,527
Got GMO?,39,7,0,46,527
"From Roswell, I presume.",40,5,1,46,527
"Hello there. Our spaceship technology is sponsored by Dell. Welcome aboard to the Dell, farmer.",40,5,1,46,527
Are you available for crop spraying?,40,5,1,46,527
Don't be afraid. This is a rescue mission for you to be our new Family Farm Leader .,41,3,2,46,527
"Welcome Aboard!"" ""The ETA to your destination, as stated, will be in light years.",41,3,2,46,527
Your online dating profile didn't mention that you liked to clasp hands on a first date.,39,7,0,46,527
"""Our GPS is down and we need directions th Grover's Mill""!",41,3,2,46,527
'Greetings! We have observed that you are the one truly intelligent being on this planet.',39,7,0,46,527
"Mr. Kent? We have come for your boy, Clark.",40,5,1,46,527
We were here long ago. Just been waiting for those cannabis laws to change.,40,5,1,46,527
I'm here to spruce up your crop circles.,39,7,0,46,527
Welcome aboard Space Mountain. One revolution or two?,41,3,2,46,527
We believe in eating foods sourced only in our local galactic cluster.,40,5,1,46,527
Are you visiting or staying?,41,3,2,46,527
Greetings! Can I use your bathroom?!,40,5,1,46,527
Could you do crop triangles this time? Circles make me dizzy.,39,7,0,46,527
"So you was fixin' to git to Rigel? Shoot, I knows where that be, in Orion's Foot. Lemme give y'all some directions.",40,5,1,46,527
"Hi, I'm Zork and I'm running for Galactic OverLord. I hope I can count on your vote.",40,5,1,46,527
I'm a bit lost. Which way is Mars?,40,5,1,46,527
Greetings! I'm your new sales rep from Monsanto.,42,1,3,46,527
We're here on behalf of the Trump campaign to see if we can count on your support in November.,40,5,1,46,527
Howdy! Chris Smith here - your new Monsanto sales rep.,39,7,0,46,527
But I must warn you -- the farming subsidies on our planet are quite low.,40,5,1,46,527
"After you ran away to Woodstock, I never thought I would see you again son.",42,1,3,46,527
"Thanks, Jim. Same time next eon?",40,5,1,46,527
How do you feel about genetic crop modification?,39,7,0,46,527
¡Hola! Mi casa es su casa.,41,3,2,46,527
Welcome Earthling! My tomatoes look like crap.,40,5,1,46,527
Thanks for the kale. It's not in season on our planet.,40,5,1,46,527
Of course you're welcome to come with us. But are you sure Donald Trump will win the election?,40,5,1,46,527
Greetings from the Planet Monsanto. We're here to improve your crop yield.,40,5,1,46,527
"I don't usually answer Craigslist personals, but I was curious what you meant by ""probing""?",39,7,0,46,527
"Greetings earthling, take me to your seeder.",40,5,1,46,527
"So, how much moonshine do you want this time?",41,3,2,46,527
"Greetings, let's talk crop circles and what they can do for your farm.",40,5,1,46,527
Could I trouble you for some sugar?,40,5,1,46,527
"No hard feelings, but Green Acres is the place to be.",41,3,2,46,527
"""This is the new John Deere?",40,5,1,46,527
"Sorry, but I don't know of a Rod Serling around these parts.",40,5,1,46,527
We need your help with our new farm-to-table restaurant.,40,5,1,46,527
what took you so long?,42,3,2,47,527
"The kids are so excited about meeting you, mister Mcdonald!",42,3,2,47,527
"Welcome to Kansas, as long as you're not one of those illegal aliens.",43,1,3,47,527
Can you teach me to make crop circles?,40,7,0,47,527
Howdy Pardner!,41,5,1,47,527
Welcome to the Machine,42,3,2,47,527
Take me to your bully.,41,5,1,47,527
Is this the highway to heaven?,41,5,1,47,527
No one will ever again call you a redneck!,40,7,0,47,527
Nice to meet you. Does this Spaceship have wifi?,41,5,1,47,527
"Hi, I'm your new neighbor. Can I borrow a cup of sugar?",42,3,2,47,527
"Fear not humanoid, you will be safe from Trump on Martian land.",40,7,0,47,527
"Greetings, we saw your signs.",41,5,1,47,527
Yes...Uber has thoroughly vetted both me and my vehicle.,41,5,1,47,527
It's ok. We wont use those long needles on you like we did last time. I promise.,42,3,2,47,527
This wasn't mentioned in the almanac.,41,5,1,47,527
We heard you run the best Farmer's Market on Earth.,40,7,0,47,527
I was thinking we might change things up and go with crop ovals this year.,41,5,1,47,527
It's pretty near showtime.,41,5,1,47,527
"...now don't feel too bad, folks visiting from New York and California weren't able to live without technology for a whole weekend either!",41,5,1,47,527
Come right in...this'll just take a light year or two!,40,7,0,47,527
"""We’re delighted you saw our ad for 'crop circles' on Nextdoor.com.",41,5,1,47,527
My only options here are Trump and Hillary. Let's go!,42,3,2,47,527
I hope you take Trump refugees.,42,3,2,47,527
"I don't think I need a photo, they'll believe me.",42,3,2,47,527
Come on - it's time to build a wall around Earth.,40,7,0,47,527
Have you given any thought as to who you might support in the 2096 Iowa Caucuses?,41,5,1,47,527
"Hello, I must be going",41,5,1,47,527
Circles are SO over... how about some nice non-Euclidean tessellations?,42,3,2,47,527
"Howdy, I'm your new Monsanto representative.",40,7,0,47,527
"You must have misunderstood me the first time. I'm here to ""Take you FROM your leader.""",40,7,0,47,527
"Congratulations, You are our one-millionth passenger.",42,3,2,47,527
"Don't worry, it runs on ethanol.",40,7,0,47,527
"Yes, I've heard of globiaization...""",42,3,2,47,527
"Earthling, we have much in common: no buttons.",41,5,1,47,527
Is it true you don't do daylight savings time up there?,41,5,1,47,527
We've come to help Bernie Sanders.,41,5,1,47,527
Have I got a tractor beam for you.,42,3,2,47,527
"We heard your country is in a difficult election year, we're here to help.",41,5,1,47,527
We flew over the wall.,40,7,0,47,527
Sure you can spend the night. But I just have one rule.,41,5,1,47,527
Thanks so much for deciding to use the GMO seed! We're finding that we get much better mileage and the engines run cleaner with your corn.,42,3,2,47,527
"We're new to the neighborhood, where is the nearest Walmart?",41,5,1,47,527
"Tell the Donald, we can't wait any longer.",43,1,3,47,527
Thanks again and sorry for the circle. You'd think an advanced civilization would have found a more efficient fuel than corn by now.,40,7,0,47,527
"Greetings, Earthling! Are you male, female, or non-binary?",40,7,0,47,527
"With the illegals gone, we heard you needed farm hands",41,5,1,47,527
"It's been light-years, I'm your distant cousin Sid.",41,5,1,47,527
Pleasetake me to your planet. Its an election year here.,41,5,1,47,527
Happy Halloween,41,5,1,47,527
Thanks but your planet is a little too polluted for us to invade.,41,5,1,47,527
"We saw that you just moved in a couple hundred millennia ago and wanted to say, 'Hello.'",41,5,1,47,527
Ted is having second thoughts about his chose of “Spacebnb” for lodging.,43,1,3,47,527
"Don't be sad, Pholutel. We warned you how they felt about unregistered aliens.",41,5,1,47,527
"You ain't seen nothin' yet, Mr. Organic Farmer!",41,5,1,47,527
"Howdy, I rather thought his wall couldn't keep you out.",41,5,1,47,527
"On your survey, I'm looking for ""Excellent.""",41,5,1,47,527
Interesting. I guess you could say we're universavores.,40,7,0,47,527
Got time for a drink?,41,5,1,47,527
President? Sure you have my vote!,42,3,2,47,527
"You come to take us to California, mister?",41,5,1,47,527
Fly me to the moon and let me play among the stars.......,40,7,0,47,527
"Is your farm insured against space aliens? If not, do I have a deal for you...",41,5,1,47,527
Hi -- We heard all about your marvelous corn.,41,5,1,47,527
My wife wants to know if you have been sent by Steven King and if so will you speak to her book club on Tuesday afternoon at 1:00?,41,5,1,47,527
Don't be alarmed. I'm organic.,41,5,1,47,527
Your turn to pick where we put a crop circle.,41,5,1,47,527
"If the effects last more than 4 million years, see your doctor.",40,7,0,47,527
Take us to your Farm Aid. We want to meet Willie Nelson.,40,7,0,47,527
Come in and try some roasted tperoxit gizzards.,42,3,2,47,527
Don't worry we don't have politicians on our planet.,42,3,2,47,527
It was a dare.,40,7,0,47,527
"Hey guys, our crop circle designer is here.",41,5,1,47,527
Greetings stranger. Why yes yes I've heard of ancestry dot com.,41,5,1,47,527
"Hi, we're here to make an enigmatic circle in your wheat field.",41,5,1,47,527
"You from a red state or a blue state, friend?",41,5,1,47,527
E.T. said we could trust you.,41,5,1,47,527
"Hi. It's Me. Thought I was never coming, did you?""",42,3,2,47,527
Best darn arugula in the galaxy!,40,7,0,47,527
Don't worry... only half of us are genetically modified.,41,5,1,47,527
Good news! We left Obama's birth certificate on Pluto and built a wall around it.,42,3,2,47,527
"TAKE ME TO YOU LEA -- oh, never mind.",41,5,1,47,527
I've been waiting so long for this moment that it feels like light years.,41,5,1,47,527
Have I got a cookbook for YOU!!,41,5,1,47,527
We're from the government and we're here to help.,43,1,3,47,527
We're interested in opening a farm-to-zilxort restaurant,42,3,2,47,527
I'm from Monsanto.,42,3,2,47,527
Welcome aboard! We're here to serve man.,41,5,1,47,527
We want you to help us go green.,41,5,1,47,527
You have the best landing fields in town.,41,5,1,47,527
"Iowa, right ? Howdy then - I’m Zeezar, and I am running for President",43,1,3,47,527
Thanks for giving us a hand.,42,3,2,47,527
We've traveled thousands of light years to watch you milk a cow. We hear you're the best!,42,3,2,47,527
"Thank you for the welcome, but can we just get some coffee on this planet?",41,5,1,47,527
We seek your help in fixing our planet's broken political system.,42,3,2,47,527
"Nice to you meet you, we don't get many visitors from New York.",42,3,2,47,527
"You don't know it yet, but thank you for letting us use your corn field for our latest ad.",40,7,0,47,527
I'm not much for these time share thingamagigges,42,3,2,47,527
I just want to say one word to you. Ethanol.,40,7,0,47,527
"Welcome to the first intergalactic reality show -- ""How to Serve Man!""",41,5,1,47,527
Klaatu barada restroom?,41,5,1,47,527
"That's right. That's right. United Farmers Organization, transplanting, grafting and cross-breeding section. Please clone...I mean, come in.",43,1,3,47,527
"Sorry again about the crop circles, but we’ve been traveling all day and needed a place to rest for the night.",41,5,1,47,527
We set our GPS for the planet Iowa,41,5,1,47,527
Welcome back. The stairway to heaven has been cleared.,42,3,2,47,527
And y'all promise there will none of them dang foreigners there...right?,42,3,2,47,527
I forgot to bring the six pack.,43,1,3,47,527
Greetings. I'm here to see your leader about a bill I received for a giant dome.,42,3,2,47,527
"Sorry, but we don't need anymore help on the farm.",41,5,1,47,527
Don't be afraid. I just need you to help me with Farmville.,41,5,1,47,527
"Welcome aboaard and might I say ""Nice bibs"".",41,5,1,47,527
"Welcome Earthling, Your Search Has Ended EI EIO.",42,3,2,47,527
"Finally, are you here to buy our fracking rights?",42,3,2,47,527
We can't wait any more lightyears for the Whole Foods to open,42,3,2,47,527
Welcome! You're just in time for dinner.,40,7,0,47,527
Need a third party candidate?,41,5,1,47,527
Boy! It sure is nice to find a place that is welcoming to aliens.,40,7,0,47,527
We're finally here. You built the landing field and we have come.,41,5,1,47,527
"I'm from the inter-galactic government, and I'm here to help you.",42,3,2,47,527
"Mr. Livingstone, I assume?",42,3,2,47,527
"Let me begin by saying, ""Be Careful!"" Its election year",41,5,1,47,527
Hey Look! It's my future self!,41,5,1,47,527
Let's talk dairy cows.,41,5,1,47,527
"Marvin?"" ""Really...",42,3,2,47,527
We love the potatoes in your farm share,42,3,2,47,527
Do you have a phone I can use?,41,5,1,47,527
Yes sir we have your goat. Sorry for the confusion.,42,3,2,47,527
"You'll always be my son, Xarghxx, but I understand your wish to know your birth parents. Follow your hearts, er, heart.",41,5,1,47,527
"It's a pleasure to finally meet you, I'm a big fan of your work.",41,5,1,47,527
I don't think it matters that your Amish....,41,5,1,47,527
And I hope I can depend on your support for my third-party candidacy.,41,5,1,47,527
The supply of Ego that fuels our civilization is running out and word has reached us of something on your planet called Trump.,43,1,3,47,527
Any problems crossing the border?,42,3,2,47,527
are you really from Farmersonly.com?,42,3,2,47,527
"Likewise. Um, do you have one of those little wooden enclosures with the hole underneath?",42,3,2,47,527
Ancestry.com has us related 4000 generations back.,40,7,0,47,527
"Please , I cant live here with President Trump .",41,5,1,47,527
You say a War of the Worlds is better than the next election?,42,3,2,47,527
"Oz? No, sir. You' re in Kansas. Go back straight up and turn right into that big funnel cloud. Gotta run.",42,3,2,47,527
Farm to table activist? You're just what we're looking for.,41,5,1,47,527
Hi there! I always wanted to meet a farmer.,41,5,1,47,527
Is it free?,41,5,1,47,527
This baby's perfect for you. She takes space-time warps in stride and only has 5 trillion miles on her !,40,7,0,47,527
I'm very sorry but the Farmers Market closed at 6:00,41,5,1,47,527
We spell genetically modified 'E-I-E-I-O!',41,5,1,47,527
FOR GIVE ME IS IT A MISH OR AMISH,41,5,1,47,527
Welcome! I hope you like your steak still mooing.,42,3,2,47,527
Thank you for understanding why I couldn't drive this new taxi up your driveway.,42,3,2,47,527
My English not good. What is E I E I O ?,40,7,0,47,527
"Hey, neighbor, I think your windmill is on my side of the property line.",40,7,0,47,527
You're my ride?,41,5,1,47,527
"Your leader is this Trump fellow? Never mind, don't take me to him.",41,5,1,47,527
"Hope you don't mind me dropping in, but we need to learn about sustainable farming.",41,5,1,47,527
You're welcome. But you might want to ask again after the November elections.,41,5,1,47,527
Guess who's going to be dinner!,41,5,1,47,527
Please no video or sound recordings. Why do you think we always show up in the middle of nowhere?,41,5,1,47,527
"""when you go back,take my wife.",43,1,3,47,527
We've been worried about Dorothy after that Oz thing.,42,3,2,47,527
"There's no ""probing"" -- we just need help finding our crop circles.",42,3,2,47,527
You're safe with us. Our planet doesn't even allow seed patents.,42,3,2,47,527
Those crop circles were the other guy,41,5,1,47,527
The farm to galaxy movement is taking off and we need you to be a part of it.,40,7,0,47,527
"Why, yes, sir! I can explain crop circles.",42,3,2,47,527
Come on in; we just baked a casserole that is out of this world.,41,5,1,47,527
Sure beats the USPS.,42,3,2,47,527
We've come to present you with the award for The Best Crop Formations in a Rural Setting 2016,41,5,1,47,527
Greetings. I am from the planet Gluten and proud of it.,42,3,2,47,527
"Thanks for choosing Theranos to administer your 50th birthday probe; technically I'm a subcontractor, but I'm very experienced.",42,3,2,47,527
"Sorry for the damage, but we're barely leading in the crop circles contest.",41,5,1,47,527
As soon as you get everyone eating the non-GMO stuff we'll be back to start marinating.,41,5,1,47,527
"Ironically, I'm a factory farmer too and we think you look delicious.",42,3,2,47,527
Is this Farmers Only dot com?,41,5,1,47,527
I've just got to ask... What do those Damn crop circles mean!,41,5,1,47,527
St. Peter has the day off.,41,5,1,47,527
Gort? I'm sorry but Gort can't come out to play.,42,3,2,47,527
"So, we have a deal! I can use your crop field for my art work.",40,7,0,47,527
"""Xinad triestan golub dsfned (or, Don't let this smile fool you - you're screwed).",42,3,2,47,527
Are you bringing your daughter Mr. Farmer?,38,0,3,41,527
I was just on my way to ask you if I could borrow a cup of sugar?,41,7,0,48,527
We like to know where our food comes from.,41,7,0,48,527
It's a pleasure to finally meet the biggest winner of our 'Crop Circle Caption ' contests.,42,5,1,48,527
Howdy neighbor! Name's Chet over from Astro Crop Duster.,43,3,2,48,527
Of course genetically modified corn is safe!,42,5,1,48,527
"Rest assured this is a peanut -free flight, now come aboard!",43,3,2,48,527
Are you accepting refugees from Trump-torn America?,43,3,2,48,527
"Good news! We're here to help with your harvest. And the really good news, we're not subject to federal or state minimum wage.",42,5,1,48,527
"Hi, there! I'm your new seed company rep.",42,5,1,48,527
You called?,42,5,1,48,527
I've gotta go. There's a recall on the brakes. Sorry about the circles man.,41,7,0,48,527
"Gort barada nikto. Nanu nanu. Eep opp ork ah-ah . . . heh heh, just kidding, rube",42,5,1,48,527
Afternoon stranger. Are you from the FBI or the CIA?,43,3,2,48,527
... just dropping off the new prescription for Mr. Trump.,42,5,1,48,527
"Welcome, we look forward to putting some weight on you.",42,5,1,48,527
"I have the book you ordered, sir. Come on in. It's called 'To Serve Man.'",42,5,1,48,527
Welcome to a haven from the upcoming election.,43,3,2,48,527
"Greetings, Earthling Agrarian. The government of my planet sent me to help you!",43,3,2,48,527
My name is Krzyxx and I'll be your server,43,3,2,48,527
Congratulations! You're the one hundredth alien to land in my cornfield!,42,5,1,48,527
"Don't worry, I've had my shots.",42,5,1,48,527
"Howdy partner, it's been a dang long trip.",43,3,2,48,527
"Pleased to meet you, but could you turn down your lights? Your flying saucer is waking up my cows.",42,5,1,48,527
You found a needle in my haystack?,42,5,1,48,527
"Oh, no, please! Mr. Alien was my father.",42,5,1,48,527
Have a feeling you're not in Kansas any more?,43,3,2,48,527
"Yes, it will be organic.",42,5,1,48,527
"Just go with it, Jethro. We're remaking The Wizard of Oz.",44,1,3,48,527
So Canada's not taking in any more refugees post-election?,41,7,0,48,527
No...it's Iowa.,43,3,2,48,527
Remember that drawing in your hayfield a few years ago? We're back!,42,5,1,48,527
"No worries, our special procedures are completely covered by Obamacare.",43,3,2,48,527
Welcome! Your place at the center of the table is ready.,42,5,1,48,527
Yes Auntie Em is this way.,43,3,2,48,527
We can offer you plenty of leg room.,42,5,1,48,527
"Just wanted to personally apologize for the crop circles, sir. Such amateur work. Interns, you know.",42,5,1,48,527
I'm all done mowing your crops.,42,5,1,48,527
"......did he send you here to help with the fences? If not, could you give me a lift in to town?",43,3,2,48,527
"Good to see you again, where do you want the GMO's?",41,7,0,48,527
"Hey, nobody would be picking you up out here if it weren't for Uber.",42,5,1,48,527
"Hold on... Before we go, let me grab my cow.",43,3,2,48,527
"We appreciate your interest, but we're waiting for someone named Trump who promised to build our new Cloud tower.",42,5,1,48,527
"I'm Caleb, here to fix your tractor beam.",42,5,1,48,527
"Welcome and congratulations, you lucky fellow! You're our one billionth visitor!",41,7,0,48,527
I heard you're looking for more acreage.,42,5,1,48,527
"You need not worry sir, she's right inside!",41,7,0,48,527
We welcomed all Trump refugees.,41,7,0,48,527
"""Take you to OUR leader""? ""Are you sure you have the right planet""?",42,5,1,48,527
We can compesate you for the crop circles in your wheat field.,43,3,2,48,527
You must be The Farmer in the Dell.We have a wife for you.,43,3,2,48,527
Do you have anything without gluten?,42,5,1,48,527
"Have no fear. I'm just here to make T479 (or ""earth"" as you call it) great again.",42,5,1,48,527
"Greetings! I'm the ""Never Trump"" candidate you've been waiting for.",42,5,1,48,527
Let me show you the coolest feature...it transforms into a tractor!,43,5,1,49,527
Welcome..We Amish always welcome others to join our community..,44,3,2,49,527
Rest assured this ride is way better than Space Mountain.,43,5,1,49,527
"No, I'm with the Federation Government, not the Federal Government.",43,5,1,49,527
"I tried at the next place over, but they were out.",43,5,1,49,527
I heard you were part of the farm-to-flying saucers movement. Can you help a guy out?,43,5,1,49,527
Don't worry. We're seasonal workers and we will NEVER claim permanent immigration status.,42,7,0,49,527
"Hi, I suppose you're here about those unsightly crop circles...",37,4,1,42,527
Step right in sweet thing!,39,2,2,43,527
Hi Farmer Brown we need you to help us develop a new species.,39,2,2,43,527
Are you Plan C in case of overcrowding in Canada?,37,6,0,43,527
Greetings! We are eager to serve you.,38,4,1,43,527
Congratulations on your first Uber rideshare!,37,6,0,43,527
Greetings! I've heard so much about Planet Trump. The best planet in the universe!,39,4,1,44,527
Trump's right! There's too much outsourcing.,39,4,1,44,527
We're here to see your crop circles.,39,4,1,44,527
Independence day? I voted to REMAIN in Europe,40,2,2,44,527
Sure! Just coffee...,38,6,0,44,527
"Excuse me sir, do you have a moment to talk about the environment?",40,2,2,44,527
We are glad you booked your space travel through UFO Uber!,39,4,1,44,527
"Remember the equations I taught you, Jim. Your species' survival depends on it.",38,6,0,44,527
"Sorry John, no can do. All our abductions are guaranteed non-GMO, certified organic and hormone free.",39,4,1,44,527
So glad to meet a real person. I get tired of all those actors.,39,4,1,44,527
"I'm sorry, this is a no-parking zone.",39,4,1,44,527
"Hey there, you're parked in my spot!",39,4,1,44,527
I am yor Farmers Only .com rep,39,4,1,44,527
We are just going to be circling around your crops for a while,38,6,0,44,527
I don't think I'm in Kansas anymore.,39,4,1,44,527
Is it too late to pick up some sweet jersey corn?,38,6,0,44,527
C'mon in. UFO does stand for Unbelievable Farming Options.,40,2,2,44,527
Yes I'm the one who made the crop circles.,39,4,1,44,527
"Congratulations, you have won a free trip to an unknown galaxy far far away.",40,2,2,44,527
"You can trust me, this won't hurt a bit. Plus, you won't remember a thing.",40,2,2,44,527
"Nice yo meet you too, but you just ruined my crop circle.",39,4,1,44,527
Dinner tonight is farm-to-table and completely GMO.,39,4,1,44,527
We are here to repossess you.,39,4,1,44,527
The wall didn't even slow me down.,40,2,2,44,527
"Mars? About 10,000 miles up, left at the 3rd star, straight ahead.",39,4,1,44,527
Take me to your Party leader. I'd like to teach him a thing or two about aliens.,38,6,0,44,527
"Welcome to the Interstellar Love Boat where true ""galaxial"" bliss awaits you!",40,2,2,44,527
"Earthling, what do you mean by ""third-party candidate""?",39,4,1,44,527
Many thanks. I don't think I could have made it another parsec without fresh eggs.,39,4,1,44,527
"The Wall is powerless against us, too!",39,4,1,44,527
Great! Maybe you can teach Matt Damon how to grow more than just potatoes?,38,6,0,44,527
"Here's your first CSA box but, hey, I'm a little worried about your carbon footprint.",38,6,0,44,527
"Yes, we are here to probe you. Which presidential candidate are you supporting?",39,4,1,44,527
Thanks for letting us park here.,38,6,0,44,527
You're just in time to be supper.,39,4,1,44,527
Greetings! We heard you might be able to fill our tank with ethanol?,39,4,1,44,527
Greetings earthling farmhand. The job will entail terraforming your atmosphere to 99% nitrogen.,39,4,1,44,527
"Take me to your lea--oh, God, why even bother with that crap in America these days, am I right?",40,4,1,45,527
Ready for exotic locations and strange wildlife? We’re going to Staten Island!,40,4,1,45,527
"So, how far do you want to get away from Trump?",40,4,1,45,527
"Hey, nice meeting you ahead of the apocalypse!",39,6,0,45,527
"Congratulations, you're our final contestant!",40,4,1,45,527
I'm E.T.'s uncle. He had to stay behind to take his final exams.,40,4,1,45,527
My leader wants to pay you for those circles in your wheat.,40,4,1,45,527
[Insert joke about probing Uranus and send me my prize.],40,4,1,45,527
"Hello, I’m from the government, and I’m here to help.",40,4,1,45,527
"Nice to meet the backbone of America, my name is Zohn and I'm running for president.",40,4,1,45,527
I hope you know hydroponics.,39,6,0,45,527
"We were looking for the one called Trump, but you seem comparable.",40,4,1,45,527
We heard you have openings for produce pickers.,39,6,0,45,527
"Hey, Cousin Jethro! This Virtual Reality Technology keeps getting better and better and more real. You gotta to try these goggles.",40,4,1,45,527
"Sorry to bother, but I could not find organic food anywhere else!",40,4,1,45,527
"A lot of you are moving to Canada, but we’re glad to have you.",40,4,1,45,527
"Glad ya back, Luke. Since ya been gone Emylou's had twins, Grandma's gout's been actin' up and the mule's gone lame.",40,4,1,45,527
Congratulations. You've just won an all expense paid trip.,39,6,0,45,527
So this is what the clerk meant when he said the new fertilizer would make my garden out of this world.,41,2,2,45,527
We have come to your planet to serve man. Have you ever considered purchasing a retirement annuity?,40,4,1,45,527
Finally a non-Mexican non-Muslim willing to visit the United States of Trump.,40,4,1,45,527
"""Welcome to the Cornrow Art Institute!'",40,4,1,45,527
Do you know how to grow potatoes?,40,4,1,45,527
"So, if I show up at the Republican convention, do you I'd be detained for being an illegal alien?",41,2,2,45,527
Manure for Mars wants you on our team.,40,4,1,45,527
"Greetings, Earthling! Take me to your Cleveland!",40,4,1,45,527
"Goodbye Gork, sorry your race voted for ALIENEXIT but I guess you had to before Trump puts up the dome.",39,6,0,45,527
We're back for more apple butter.,40,4,1,45,527
You're cornfed? Excellent! Non-GMO?,39,6,0,45,527
The farm subsidies are out of this world.,40,4,1,45,527
"Don't worry, I'm not genetically modified.",39,6,0,45,527
"No, I'm not here about the fracking",40,4,1,45,527
"Of course I'm pleased to meet you, it's just that I made certain assumptions when I heard, 'If you build it, he will come.'",40,4,1,45,527
Welcome. Can you keep a secret?,40,4,1,45,527
"At last, the real creator of the crop circles was revealed.",40,4,1,45,527
"Glad you made it over the wall. I'm a non-resident alien too.""",40,4,1,45,527
We may have to stop meeting like this. I'm starting to get calls from an Agent K.,41,2,2,45,527
Welcome! Your Buggy Got an Upgrade!,39,6,0,45,527
"Welcome,mr trump will see you now",41,2,2,45,527
We haven't had enough rain either. It must be this global and beyond warming thing.,40,4,1,45,527
Where's your daughter ?,40,4,1,45,527
Help us get the news out! We don't do rectal probes.,40,4,1,45,527
"Human abduction is easier than many people may think, they're so curious and intelligent they just walk in.",39,6,0,45,527
We have some notes on your crop circles.,39,6,0,45,527
Sorry. I thought it said CASUAL not COSMO attire.,41,2,2,45,527
Just dropped by to let you know it's all GMO.,39,6,0,45,527
How ya gonna keep ‘em down on the farm…?,40,4,1,45,527
Thanks for the ride.,39,6,0,45,527
"Welcome alien, we think you'll buy this Stairway to Heaven.",40,4,1,45,527
A15? That's on your right. Window seat. Thanks for checking your bag.,40,4,1,45,527
"It's a deal - 500,000 pounds of GMO veggies for 500,000 Euros.",41,2,2,45,527
Welcome! The parties in back... where are the 'hoes'?,40,4,1,45,527
And did I already mention the miles you can get on this thing?,40,4,1,45,527
Don't worry. I'll be back after the elections.,39,6,0,45,527
Greetings! We were exepcting you For dinner.,41,2,2,45,527
Bring me back after the election or drop me off in Canada. Whatever works.,40,4,1,45,527
"Nick, We received your distress signal about Trump. Looks like it is time he comes home before he ruins another planet."" ""We appreciate your help on this Za-Zahalaatta Bali.",40,4,1,45,527
"Why no, Mr. Crosby. Actually, I'm a Presbyterian.",41,2,2,45,527
I've been authorized to offer free planetwide eternal energy in exchange for Kate Upton.,42,0,3,45,527
So glad you came - I don't want to be in Kansas anymore.,40,4,1,45,527
"I'm from the planet Uber, want a lift?",40,4,1,45,527
It is true -- you came after we built it!!,40,4,1,45,527
"Greetings, we would have been here sooner but, for a moment there, we mistook Donald Trump's hair for your crop circle.",41,2,2,45,527
Don't worry. I can assure you that Donald Trump is not even on our radar.,40,4,1,45,527
"I wanted to give you my card: ""We buy ugly houses.""",40,4,1,45,527
"Welcome to the Convention, Sir! Super-delegates to the left...""",40,4,1,45,527
We are here as your friends. Can you teach us to grow corn and tobacco?,40,4,1,45,527
"No, I am not an actor from ""Lost in Space,"" but we are ready for you to visit us - permanently!",41,2,2,45,527
"We had a soft landing thanks to your haystacks,.",39,6,0,45,527
"Hello, welcome to the neighborhood. Ah, no worries, I am not that guy. My name is McDonald. I only scare people when I make crop circles with my tractor.",41,2,2,45,527
Ever heard of farm-to-spaceship?,40,4,1,45,527
"Thanks for all the crops circles, sorry for the delay",40,4,1,45,527
"Hi, We're from the planet common sense. We're here to save you from American politics!",41,2,2,45,527
"'Ya furgot the missus.""",40,4,1,45,527
We've heard much about your Shoofly pie.,40,4,1,45,527
"Your field has been selected to receive a free picture from Crop Circles, International.",40,4,1,45,527
It's been fun. Don't call us. We'll call you.,40,4,1,45,527
The only thing I'm here to probe is your country's fascination for a candidate who wants to keep out aliens.,39,6,0,45,527
Greetings! We are desperately trying to locate a lost android. Have you seen a DONALD 2016?,40,4,1,45,527
We wish to learn more this government subsidy you exist on.,39,6,0,45,527
Welcome aboard. Our planet loves immigrants.,40,4,1,45,527
Probed . . eh . . pleased to meet you.,39,6,0,45,527
"Well, I suppose this was inevitable after NAFTA and the TPP.",39,6,0,45,527
"We're trying a farmer-to-table thing tonight. Kidding! Get in here, ya big lug.",40,4,1,45,527
"See, I warmed up my hands so the probe will be less unpleasant for you.",40,4,1,45,527
Howdy neighbor! I just bought the McDonald farm.,40,4,1,45,527
Don't worry. This trip is going to be out of this world.,41,2,2,45,527
Quickly! It's only four months until the election!,42,2,2,46,527
We've got plenty of scientists but no farmers!,41,4,1,46,527
"""Welcome, Rural Earthling. We are from Southern Mars, so please come aboard and set a spell."" [underline ""Southern""]",41,4,1,46,527
"No, the Dorothy thing wasn't us.",40,6,0,46,527
I am happy to meet you. I am so sorry we missed the Hootenanny. But please come on in and meet the wife and kids.,41,4,1,46,527
"""Klaatu barada nikto"", means hello AND goodbye.",41,4,1,46,527
"We're slow to caucus, but light years ahead in tax reform.",41,4,1,46,527
So glad you're here for dinner! You saved me a trip to the market!,40,6,0,46,527
"Greetings, we come in peace seeking life-giving GMOs.",42,2,2,46,527
"We're serving humans, and you look well done.",41,4,1,46,527
Is there any possibility of a President Trump where you live?,42,2,2,46,527
"Punctual as ever, and dinner is ready.",41,4,1,46,527
Can I interest you in corn futures?,40,6,0,46,527
I'm here from the government and have come to help you.,42,2,2,46,527
You barely made it! The Trump inauguration starts in twenty minutes.,41,4,1,46,527
We've got to hurry if you're going to make it as a third party candidate in all 50 states.,41,4,1,46,527
"I'm sorry, but I don't hire unregistered aliens.",40,6,0,46,527
You're the first to arrive. Did you bring the barbecue?,40,6,0,46,527
"Welcome neighbor, is this one of those IKEA houses?",41,4,1,46,527
"Nice to meet you, Jim! So sorry about the crop circle.",41,4,1,46,527
"""Greetings, I've been recruited to ask that you vote for me instead of someone called 'Donald'.",41,4,1,46,527
You make corn oil? Take me to your liter.,41,4,1,46,527
See you next week!,41,4,1,46,527
Thanks; the parking rates here are so much more reasonable than in town.,40,6,0,46,527
"Pleased to meet you, I wonder if you can help us? - we've run out of Zucchini.",40,6,0,46,527
This farm fresh to table thing might not work for you.,40,6,0,46,527
Congratulations on winning Publisher's Clearing House.,40,6,0,46,527
"Say, do you have any extra eggs?",40,6,0,46,527
You are running circles around the other guys we hired.,40,6,0,46,527
"I know this cliché, but we need your help.",42,2,2,46,527
I'm sorry but you've been shunned,40,6,0,46,527
Greetings from the creator of your crop circle!,40,6,0,46,527
Congratulations! You've been accepted into our farm-to-UFO program!,41,4,1,46,527
And what about the corn--is it knee high?,41,4,1,46,527
"Have you heard of the candidate Bing Yu? I guess you could say we're ""pro"" him.",43,0,3,46,527
"Greetings, I'm Xrtykl, with Crop Circles ""R"" Us.",40,6,0,46,527
"Congratulations! You're our 1,000th passenger.",40,6,0,46,527
"Zeekil Fenker, candidate for Leader of the Galaxy. Damned glad to meet ya.",41,4,1,46,527
"Let me tell ya Hank, your sweet corn is out of this world.",40,6,0,46,527
"We'd like to talk to you about our new ""farm to planet Gronika tables"" idea.",42,2,2,46,527
"Congratulations! You're our 143,999th abductee.",41,4,1,46,527
We're 100 percent organic,40,6,0,46,527
"Are you the one who is to come, or should we expect someone else?",41,4,1,46,527
Can I go with you? Trump nominated himself to be his running mate.,42,2,2,46,527
I want to congratulate you on your superb crop circles.,40,6,0,46,527
Have you taken your enema yet?,41,4,1,46,527
Greetings! I have come for your GMO soybeans.,40,6,0,46,527
See you next year Sam. By the way I mixed a little something special in with the sheep.,41,4,1,46,527
We want to open a WholeMars.,41,4,1,46,527
Whadda you mean I'm being deported??,41,4,1,46,527
Welcome spokesman for the beings you call corn.,40,6,0,46,527
"Hi John, nice to finally meet you in person. Where would you like me to park?",40,6,0,46,527
"Frankenstein, D.V.M! Thank goodness you're here! We've been reassembling the cows all wrong!",41,4,1,46,527
We made a quick stop to buy a dozen eggs. The crew is making a birthday cake for the Captain.,40,6,0,46,527
This 'presumptive' election has this town ready to leave for Mars.,41,4,1,46,527
"Congratulations. You build it, and we came.",41,4,1,46,527
Welcome back! I can't wait to show you how well your crop has grown in our planet.,40,6,0,46,527
Farm work? Sure! Crop circles is my specialty.,40,6,0,46,527
I'm sorry.I don'thave that tool.,40,6,0,46,527
"Welcome, we are from planet Kansas.",40,6,0,46,527
FarmersOnly sent me with a special delivery.,40,6,0,46,527
"Clem, hi, thanks for stopping by. Come on in. Listen, don't mention the flux capacitor to LuAnn, it's still kind of a touchy subject.",40,6,0,46,527
Invade? Hack no. I came all this way to attend Trump University!,40,6,0,46,527
"Promise, no Trump, no Brexit?",41,4,1,46,527
Fields Of Dreams 2,41,4,1,46,527
"I'm running for President, since there doesn't seem to be anyone on Earth who is qualified.",41,4,1,46,527
Can we pass by NASA so I can Moon them?,41,4,1,46,527
"Please remove your shoes before entering the spaceship, you cannot imagine how hard it is to keep those floors clean.",41,4,1,46,527
if you come they will build it,41,4,1,46,527
May I say how pleasant it is to finally meet you father.,41,4,1,46,527
"We were all out of crop dusters, so you've been given an upgrade.",40,6,0,46,527
"Hi! My name is Zron, and I want to let you know why I support of Hillary Clinton",41,4,1,46,527
This really is the field of DREAM.,40,6,0,46,527
We understand you have been curious about those mysterious crop circles,41,4,1,46,527
Oh. How disappointing. I expected a little girl with a dog.,40,6,0,46,527
"Build it and they will come? Well, I'm here",40,6,0,46,527
"It was the biggest, brightest silo Farmer Brown had ever seen.",42,2,2,46,527
Wait until you see this spot from up above. It's our finest work yet.,40,6,0,46,527
"I'm sorry, but we only accept our kind.",41,4,1,46,527
"Hi, my name is Marty McFly III. What's yours?",41,4,1,46,527
You mean the leader of our farm bureau?,41,4,1,46,527
So good to meet a true crop circle aficionado,40,6,0,46,527
Just remember if your cought without a green card you don't work here!,41,4,1,46,527
That's one giant leap for a man destined to explain an unexplained aerial phenomenon.,41,4,1,46,527
"I assure you, our Farm to Table venture will prove to be quite profitable. See you next week.",41,4,1,46,527
We agree to provide farm to space delivery.,42,2,2,46,527
Ugh! So I guess that orange guy won.,40,6,0,46,527
Thanks for agreeing to meet with us privately. We're hoping to avoid export duties.,41,4,1,46,527
I came a long way to see what your price of sweet corn is.,41,4,1,46,527
I am holier-than-thou.,42,2,2,46,527
I have light-years to go before I sleep.,40,6,0,46,527
Is that a gingbrzek you're wearing? Or are you just glad to see me?,42,2,2,46,527
Now it's your turn to make crop circles on our planet!,40,6,0,46,527
"This may sound weird, but I really enjoy your Instagram feed",40,6,0,46,527
Thank God you're here! It's hoedown sing along night and we have forgotten what comes after E-I-E-I-.....!,42,2,2,46,527
Welcome aboard sir. Cocktail to steady your nerves ?,40,6,0,46,527
"Give me your tired, your poor, your huddled masses yearning to beam free.",40,6,0,46,527
I am from the Government and am here to help,41,4,1,46,527
Is this heaven?,40,6,0,46,527
Trump Escape Shuttle?,41,4,1,46,527
Greetings serfling,41,4,1,46,527
Really? You've been expecting us?,42,2,2,46,527
"Love your corn mazes, man.",40,6,0,46,527
Can you tell me where the nearest Starbucks is?,40,6,0,46,527
"Broke down, huh? Well, okay. But, you'll have to share the bed with my beautiful daughter ...",40,6,0,46,527
"Sorry, we have to leave before Monsanto takes control of us, too!",41,4,1,46,527
Welcome! We buy GMO,42,2,2,46,527
Whazzup!,41,4,1,46,527
"I've been following your crop designs and came to say I'm a big fan of your work. Say, do you have a restroom nearby I could use?",40,6,0,46,527
"Hi I'm Hank, your Uber driver. Where are we off to today?",40,6,0,46,527
"That costume looks so real!"" ""I know. It's all makeup including the ship.",41,4,1,46,527
Good news Earth Farmer! None of us are gluten-intolerant!,41,4,1,46,527
We've been hearing good things about sorghum.,40,6,0,46,527
We understand your need to be away from the pesticides.,42,2,2,46,527
I am so glad to be in Iowa. Let me tell you about my plans if I am elected President of the Galaxy.,41,4,1,46,527
And you can rest easy knowing that our interviews are now 100% probe-free.,40,6,0,46,527
We can definitely use you in crop circles.,41,4,1,46,527
"For sake of our galaxy, we need to talk to you about your vote",41,4,1,46,527
Ready for Hillary?,40,6,0,46,527
"Thanks for your help. Don't tell anybody about this. Trust me, it's a waste of your time.",41,4,1,46,527
Welcome aboard genuine Hillbilly.,41,4,1,46,527
Don't look so surprised. We've had millions of requests since Donald Trump was elected President.,42,2,2,46,527
Glad we can count on your vote. It's about time we elect a political far-outsider who can make the galaxy great again.,41,4,1,46,527
"Elliott, it's so good to see you again!",40,6,0,46,527
Vote Hilary.,42,2,2,46,527
Omg it's an illegal alien,41,4,1,46,527
"You will like our planet better, we have no Donald Trump.",42,2,2,46,527
We had no idea your world was advanced enough to have CSAs!,42,2,2,46,527
I appreciate you showing up to help me pick my crops.,42,2,2,46,527
"Yup, I'm the President of the World!",42,2,2,46,527
"Our galaxy was built on you, the family farmer. Vote Qwarqx in November!",40,6,0,46,527
"Welcome aboard, trusting caffeine-free Amish delicacy.",40,6,0,46,527
"Did I just prove Buddhism wrong, or is this a side effect of my Zoloft?",42,2,2,46,527
We want to talk to you about farm-to-Mars.,41,4,1,46,527
"Is this heaven? No, it's Iowa.",41,4,1,46,527
I can't believe I am the first to sign up for your farm to outerspace dining experience!,40,6,0,46,527
Why don't you come on in and I'll show you my cookbook.,41,4,1,46,527
Thanks for agreeing to be interviewed for Crop Circular,40,6,0,46,527
"""That's a nice firm handshake you have there"".",40,6,0,46,527
Congratulations on being the millionth Earthling we've visited! We brought you some moonshine!,40,6,0,46,527
I'm here to pick up my CSA share.,43,0,3,46,527
"Sorry, we came here to escape our own Trump.",41,4,1,46,527
"We have heard of Donald Trump, welcome.",41,4,1,46,527
"After intense mutilation, your cow and I are happily married.",41,4,1,46,527
Fear not earthling- the anal probe stories are just anti-alien bias,41,4,1,46,527
Don't worry. We only use technology for interstellar travel.,41,4,1,46,527
Hey! So you're their leader! Great to meet you!,40,6,0,46,527
"Costner? Sure, I know 'Ol Kev. What's that whack job up to now?",41,4,1,46,527
"Oh good, you're just in time for tomorrow's farmer's market. We have produce that is out of this world.",41,4,1,46,527
Trump was just elected.,41,4,1,46,527
Can I count on your vote in the pan-galactic election?,40,6,0,46,527
Welcome to Kansas!,42,4,1,47,527
"""Take me away from here the political situation is total chaos"".",43,2,2,47,527
"Welcome! Don't wory, we left our probes at home. We just have a penchance for banjo-picking.",42,4,1,47,527
Any chance this thing runs on ethanol?,41,6,0,47,527
Thank you for agreeing to abduct me from Planet Trump,42,4,1,47,527
Mr. Monsanto I presume?,42,4,1,47,527
Can we watch Game of Thrones at your house?,41,6,0,47,527
Greetings earthling...Thanks for meeting with me regarding those crop circles.,42,4,1,47,527
Hi I'm apart of the Jehovah's Witness and let me tell you about something that is out of this world,44,0,3,47,527
"Take me to Donald Trump, I gotta see it to believe it...",42,4,1,47,527
"As your House Speaker Ryan said, “There’s much more that unites us than divides us.”",41,6,0,47,527
"Sorry, pardner, but the location of Area 51 is highly classified.",42,4,1,47,527
"Welcome, friend. We're hoping you can show us how to play polly wolly doodle all the day.",43,2,2,47,527
We want you for your federal farm subsidy.,42,4,1,47,527
Thank you for having me over for dinner.,41,6,0,47,527
!#^+@?(Universal Translator) Greetings . Can you help with the repair our tractor beam?,43,2,2,47,527
We're thinking of going organic.,41,6,0,47,527
We've come to meet the Father of the Droid.,41,6,0,47,527
The last thing I remember is shopping at Costco.,42,4,1,47,527
"ET, EE I EE I O.",44,2,2,48,527
"Come on Bill, we have your cows in possession.",44,2,2,48,527
"Sorry about the crop circles, I'm new at this Uber thing.",43,4,1,48,527
"""Mr. McDonald, I hope you can get our saucer to go 'bzzt bzzt' again, instead of 'clank clank' !",43,4,1,48,527
"This will hurt, but you won't remember a thing.",37,3,1,41,527
We'll keep your CV on file in case we need to test any more humans.,36,5,0,41,527
"We're not here to takeover over earth, just to take part in your presidential election.",36,5,0,41,527
Thank you! I'd love to make some circles in the wheat fields.,44,6,0,50,527
"I'll give you a 9.5 on the landing, however you must understand there is a landing tax to pay for the new alien wall..",38,3,1,42,527
Welcome aboard. We wish to know how you get your government farm subsidies!,37,5,0,42,527
We're part of the whole spaceship-to-farm movement.,39,1,2,42,527
Wow. Those are clammy hands.,39,1,2,42,527
I like to join your CSA.,37,5,0,42,527
Welcome to Earf,37,5,0,42,527
'We sought you out specifically after hearing that your produce is super natural.',38,3,1,42,527
"Relax, friend; I haven't used the joy buzzer in over 800 years.",37,5,0,42,527
"Que paso bro. Klaatu barada nikto, and all that.",38,3,1,42,527
Welcome! We look forward to your subsidy!,37,5,0,42,527
"Come with me, my daughter is waiting for you.",38,3,1,42,527
"I've got two words for you, farmer earthling: More eggs!",39,1,2,42,527
Sorry about the drought. I guess we'll go back to where we came from.,38,3,1,42,527
"~Hey, Brother....Does you Hi-Test contain Methylcyclopentadienyl manganese tricarbonyl?~",39,1,2,42,527
you look exactly like my cousin from Alpha Centari....!,38,3,1,42,527
And that's why Herald stutters now.,37,5,0,42,527
"Yes, we promise to bring you back only AFTER November 8 --- and only if you still want to come back!",39,1,2,42,527
My wife's a hoarder,37,5,0,42,527
"Like I said on the phone, we're running a special on crop circles this month only.",37,5,0,42,527
We want to talk to you about those overalls.,38,3,1,42,527
Welcome aboard Flying Saucer Airlines. Your boarding pass please.,38,3,1,42,527
Excellent. Welcome aboard. Let the guys weekend begin!,37,5,0,42,527
"Land sakes, Hank. I still think it woulda been a hell of a lot easier if you just let us help you get the fish bowl off your head.",38,3,1,42,527
And you won't have to sell the farm to own this baby!,37,5,0,42,527
We heard your party's leader wants some alien construction.,39,1,2,42,527
We're thrilled that you've chose to join Canada.,37,5,0,42,527
we're here to ask you to be the Republican Presidential Candidate,38,3,1,42,527
"Ah, back in Kansas. Toto will be ecstatic!",37,5,0,42,527
Congratulations! Yo've won the Farmer of the Universe Award.,37,5,0,42,527
"Take me to your leader. Oh, you won't know that until January?",38,5,0,43,527
"I'm your new laborer. There's no wall that can keep me out.""",39,3,1,43,527
Greetings! Take me to your Kardashian.,39,3,1,43,527
I thought aliens didn't need spacesuits.,39,3,1,43,527
"Welcome, we've come to find out how you made your wind mill",38,5,0,43,527
"""Mr. Peters, excuse us for intruding. But, is that freshly-squeezed lemonade on your front porch?",39,3,1,43,527
"An alien's and a human's idea of ""the good old days"" tragically aligns.",38,5,0,43,527
"You are welcome to come aboard, but you must leave your horse and buggy.",40,1,2,43,527
I'm guessing you're from Venus? I'm from Saturn,39,3,1,43,527
Welcome to Kansas. I just can't believe your name is Toto.,38,5,0,43,527
You look even better in person. My daughter will be thrilled to meet one of your kind.,39,3,1,43,527
"Don't worry, we don't do the probes anymore.",39,3,1,43,527
"You have your wall, we have our asteroid belt- we'll see who keeps out who. or You forget this stupid wall thing to keep out aliens and we'll consider dismantling our asteroid belt.",40,1,2,43,527
"Howdy, come on in and have a piece of pie and sit awhile",38,5,0,43,527
Are you GMO free?,38,5,0,43,527
"I am sorry to ask you to leave, but I told you to leave my daughter alone.",38,5,0,43,527
Wait'll you see how tall the corn is that we planted!,39,3,1,43,527
Haven't we met someplace before?,39,3,1,43,527
"Yes, you should leave before Donald Trump threatens to build a wall around the universe.",39,3,1,43,527
"My friend, can your heart stand the shocking facts about the grave robbers from outer space?""",39,3,1,43,527
Yes it is somewhere over the rainbow!,39,3,1,43,527
I apologize if this UFO leaves crop circles on your GMOs.,38,5,0,43,527
"Hi, I'm Blxft, the new county agent. I hear you have an invasive pest problem.",38,5,0,43,527
"We,ve got to stop meeting this way.",38,5,0,43,527
"Well, your crop circles are ready for another season.",39,3,1,43,527
"Yes, I heard you were inquiring about crop circles.",38,5,0,43,527
Can you take me to the illegal alien sanctuary?,39,3,1,43,527
Unsightly crop circle formations? Our technicians are UFO-trained.,39,3,1,43,527
"Howdy, neighbor -- I'd like to buy 28 billion bushels of corn.",38,5,0,43,527
Welcome aboard! We want you to lead our heirloom tomato program.,38,5,0,43,527
We have your genetically modified seed in the rear.,39,3,1,43,527
Greetings Earth Man... we'd like to Seed You,38,5,0,43,527
No probe. We just want to ask if we can make a crop circle.,38,5,0,43,527
I know your in an election year. I have come to save you !,39,3,1,43,527
"If you're serious about a hostile takeover, you're going to need a firmer handshake.",39,3,1,43,527
Summer movie release weekends are a little too action packed for me.,39,3,1,43,527
I was wondering if you could park in the laneway?,39,3,1,43,527
"Mr. Monsanto, it's a pleasure to meet you",39,3,1,43,527
"Welcome farmer, I'm from New York City.",39,3,1,43,527
"Come on in, you look spaced out.",39,3,1,43,527
I'm just here to ask for your daughter's hand.,38,5,0,43,527
Are you going up or down?,39,3,1,43,527
I'm just a guy from New York in an Audi. You must not get out much.,38,5,0,43,527
"Dude, like, I'm looking for Area 51, Dude. Can ya give me directions Chief?",39,3,1,43,527
Welcome. I've been sent here to find a suitable presidential candidate.,40,1,2,43,527
"Vote for me, and I promise not to destroy your planet.",39,3,1,43,527
Does this mean that I don't have to pretend to like corn anymore?,38,5,0,43,527
"Don't be afraid, you've won the referendum. England doesn't have to be part of earth anymore. Huzzah!",39,3,1,43,527
My first trip and I'm already a frequent flier?,38,5,0,43,527
"Hi, were hear from the ""Make America Afraid Again"", Illegal Alien Chapter!",39,3,1,43,527
Hodor.,40,1,2,43,527
"Welcome, we're interested in meeting the alien that feeds this planet.",39,3,1,43,527
Klaatu barada nikto,40,1,2,43,527
How about this...I'll give you 500 pounds of corn for one of those cool Alien suits. Does one size fit all?,38,5,0,43,527
Thanks for plowing my crops!,38,5,0,43,527
"It has been an honour, sir, making circles in your field.",38,5,0,43,527
"Yum, main course at Farm to Table!",39,3,1,43,527
I'm sorry we have a ban on all Earthlings until we can figure out what's going on.,39,3,1,43,527
The Grey Aliens told us your people make an amazing apple butter!,38,5,0,43,527
always be prepared for the unexpected,39,3,1,43,527
Can you help us? We need to find Grover's Mill.,39,3,1,43,527
"Why, yes, I am an expert in thermals and a-kneeling.",40,1,2,43,527
"Don't worry, we're GMO-free.",38,5,0,43,527
We heard you'll be needing farm labor,38,5,0,43,527
"Greetings, earthling. I'm running for Master of the Universe and I'm going to need your vote.",38,5,0,43,527
You haven't seen a little guy named ALF have you?,39,3,1,43,527
Welcome aboard...we look forward to serving you!,38,5,0,43,527
"Yep, you're dying.",39,3,1,43,527
I was sorta expecting the Jolly Green Giant!,38,5,0,43,527
Let's make the galaxy Great Again !!,38,5,0,43,527
"So, like, you are Canadian?",39,3,1,43,527
I'd like to tell you about Bernie Sanders!,40,1,2,43,527
"So glad we changed it to ""Take us to your follower.""",38,5,0,43,527
Are you sure you have room....and what about my horse?,39,3,1,43,527
We couldn't help but notice; the Pants! Where did you get them?,38,5,0,43,527
"""Thanks. Happy to be back. Come on in - We're ready. Texas Holdem? And can the Missus whip up some of those buttermilk biscuits again?",39,3,1,43,527
"I'm your date, thanks farmers only.com",38,5,0,43,527
Donald J Trump.,38,5,0,43,527
We hope you can share the secret of cereal crop rotation.,39,3,1,43,527
Thanks for the directions — I must have taken the wrong turn for Roswell.,39,3,1,43,527
"Glad you could make it, Jim-now we've got enough for a game if Canasta.....Popet",40,1,2,43,527
"Come in, come in, Ptatoe Head I presume.",39,3,1,43,527
"HI! My name's Lennie, and have I got a deal for you!",39,3,1,43,527
"Greetings, friend, we're from the USexit campaign.",40,1,2,43,527
"""Say pal, you a friend of you a foe?"" (var. ""Say pal, you a friend or UFO?"")",39,3,1,43,527
Wow! Uber drivers have really stepped up their game...,40,1,2,43,527
We come in peace. And to subsidize your corn production.,39,3,1,43,527
We have some great things to try out on your anus.,39,3,1,43,527
We'll be in touch.,38,5,0,43,527
Thanks for buying Local!,38,5,0,43,527
"Hello, Are you GMO friendly?",38,5,0,43,527
We want to make America great again,40,1,2,43,527
No carry-ons with you guys too?,38,5,0,43,527
Welcome! We have received your inquiry on Ancestry.com,38,5,0,43,527
"Don't worry. We'll add you to the wait list and contact you if there's any cancellations to our citizenship list, or if our wall comes down.",39,3,1,43,527
So you're the leader? Nice to finally meet.,39,3,1,43,527
"Don't worry. Now that Cleveland has their title, we will focus on the Cubbies.",38,5,0,43,527
"Don't worry, everyone will believe you. Before we take off we'll flush our tank.",38,5,0,43,527
Do you have a change of clothes for dinner?,39,3,1,43,527
"Yah, sure, you're right about that, Sven, 'this is crazy' and 'no one will ever believe' you.",39,3,1,43,527
Good evening Earthling – I've come here to serve as your much improved scarecrow.,39,3,1,43,527
Welcome to the heartland. Are you from the East or West coast?,39,3,1,43,527
"howdy fella , you must be here bout that asbestos stuff",39,3,1,43,527
"Welcome aboard. With the upcoming Presidential election, demand for the express shuttle to Mars has been greater than ever.",39,5,0,44,527
We just stopped by to get some organic produce,40,3,1,44,527
You ever picked cotton before?,40,3,1,44,527
We could use your help for a little problem with whitefly.,40,3,1,44,527
So you're not the one that's been making circles in my cornfield?,39,5,0,44,527
"Welcome, but you almost missed the caucus.",40,3,1,44,527
"Are you the one with the green thumbs, the one the oracles foretold?",39,5,0,44,527
"It's not what you do, it's who you know.",40,3,1,44,527
Do you have enough corn to export this year?,39,5,0,44,527
"No, it's not my ego - - it's just that I think you're very sexy.",39,5,0,44,527
We come in peace to offer an opportunity for a hardworking hairless simian like yourself. Have you ever heard of intergalactic reverse funnel financing?,39,5,0,44,527
I came as soon as I heard about Donald Trump. That's crazy!,40,3,1,44,527
I think we might be able to exchange seeds.,41,1,2,44,527
Are you here for the test drive?,40,3,1,44,527
Then we agreed: we exchange places,40,3,1,44,527
Congratulations! Your farm has been chosen as the site of our next crop circle.,39,5,0,44,527
Thanks. I'll fly left at the barn.,40,3,1,44,527
"Thank you, all the other spots were taken.",40,3,1,44,527
How are you at driving in circles?,40,3,1,44,527
"Our family, the Trumps, is looking for a lost relation.",39,5,0,44,527
You can find me on LinkedIn...we'll let you know if anything opens up,39,5,0,44,527
Your leader cleared it. He calls it 'eminent domain.',39,5,0,44,527
We like to harvest too.,40,3,1,44,527
Oh you're back! I've been guarding this space ship much too long for you.,40,3,1,44,527
"Crop circles? No, I saw your add on Craigslist.",39,5,0,44,527
"I am Shrib, Independent Party, and I want to be your president.",39,5,0,44,527
"Never thought you'd be leasing water rights from a Martian, did you?",39,5,0,44,527
Come on in. We found your cow.,40,3,1,44,527
"I'm hoping you can settle an argument. Which did come first, the chicken or the egg?",39,5,0,44,527
Take you to my leader? Ummm....,40,3,1,44,527
We saw your farm featured on Ancient Aliens and wanted to invite you to try our dinner rolls.,39,5,0,44,527
"Kal-El, I presume?",40,3,1,44,527
"Farewell friend, and see you next time or until the cows come home.",39,5,0,44,527
"Hello, you may own the land but I own the mineral rights.",39,5,0,44,527
"Nice to meet you, I'm Marvin.",39,5,0,44,527
"We are huge fans of your GMO corn and soy beans, but we need to explain about the wind farms.",39,5,0,44,527
Welcome aboard! Good idea to book now and beat the November 8 rush.,39,5,0,44,527
"Great, you can help me bring in my corn.",39,5,0,44,527
We're here to pay for that wall.,40,3,1,44,527
"Right this way, Mr. President.",40,3,1,44,527
I'm surprised your big truck didn't have better safety features.,40,3,1,44,527
Hello--my--name--is--Dorothy,40,3,1,44,527
Suggest you tell Ma you won't be back for supper.,39,5,0,44,527
"Sure-the land sounds good, but what about the subsidies?",40,3,1,44,527
"Oh, I forgot. Do you validate parking?",39,5,0,44,527
Serving you will be our pleasure. Perchance did you bring Chianti?,39,5,0,44,527
"What the hell do you mean, 'Klaatu barada nikto'?",40,3,1,44,527
Donald Trump? Goodbye!,40,3,1,44,527
25 farm hands at $5 per hour? Deal.,39,5,0,44,527
We grow beings just like you.,39,5,0,44,527
"We received your message and we're very flattered but sorry, we just need some space.",39,5,0,44,527
Come on in neighbor. The klatooine paddy frog soup's awaiten.,39,5,0,44,527
"So, what did you think of the crop circle?",40,3,1,44,527
That's one hell of a grain silo you got yourself here buddy.,40,3,1,44,527
Howdy! You fellas must be from Monsanto.,39,5,0,44,527
So you're here to serve Man again?,40,3,1,44,527
"Again, I'd like to apologize for that limerick I didn't know you were the miller",39,5,0,44,527
Hi. I'm Donald. I'm here to put up a wall,41,1,2,44,527
"Howdy, neighbor. Come in and set a spell.",40,3,1,44,527
I'm from the Megellanic group. We only buy local,40,3,1,44,527
"Hi Pa, come on in. We're just examining Ma now.",39,5,0,44,527
"UFO?"" But I've only just got here?",41,1,2,44,527
"Actually, inorganic only.",40,3,1,44,527
I wanted to thank you in person — the crop circles are lovely. They add an artistic flair to an otherwise boring field of corn.,39,5,0,44,527
Are you GMO'd? We only take those earthlings presently.,40,3,1,44,527
"Well, howdy there, Zortt. And, no, not to worry...that was just a movie.",40,3,1,44,527
"So yeah, sorry about those crops circles and thanks for not getting the authorities involved. I wouls blow earth up before dealing with an insurance company... and hey, tell the wife thanks for the lemonade.",41,1,2,44,527
"Vop glarto! Pindo piegap, ieieee vappa-zoink!""",40,3,1,44,527
"Greetings, Earthling. We have Shoofly pie!",39,5,0,44,527
But you know I can't dress like that.,40,3,1,44,527
"Ah, gee, thanks man. I'll try it. Click my heels and keep repeating ""There's no place like home."" Thanks!",40,3,1,44,527
"Just so you know, we're anti GMO.",39,5,0,44,527
"Excuse me sir, do I get the immigrant treatment?",39,5,0,44,527
Y'mind movin' this contraption nearer t' house? You done run off ma Holsteins.,40,3,1,44,527
"GMO? No, it's a UFO.",40,3,1,44,527
What kind of design do you want this week?,40,3,1,44,527
We came to learn your seceret recipe for corn squeezins!,40,3,1,44,527
"With Trump in the White House, and Canada officially closing the border, I was hoping that your planet has mild weather?",40,3,1,44,527
"Trust me, intergalactic agro will be good for all of us...",40,3,1,44,527
"Welcome to Trumpville. You can't come in, however.",39,5,0,44,527
"It's all organic and non-irradiated, right?",39,5,0,44,527
Matt Damon needs your help!!!!,40,3,1,44,527
"""Klaatu barada nikto"" to you too. How was the ride?",39,5,0,44,527
It's an honor to meet someone that gets over 400 bushels of corn to the acre.,40,3,1,44,527
Welcome to another corny oufit.,40,3,1,44,527
"On plant Zuto, we are all about fresh veggies",39,5,0,44,527
"It's nice to finally meet you, I've heard so much about you!",40,3,1,44,527
"Honey, do you have a tip for the deliver boy.",39,5,0,44,527
"Now, about those cattle of yours...",40,3,1,44,527
x#!h*~^t,40,3,1,44,527
"Yes, I'm your Uber cab.",40,3,1,44,527
Take me to your GOP leader,40,3,1,44,527
"Welcome to your complimentary stay at our resort community. Why don't you freshen up, we'll take a look at a few units and discuss financing.",39,5,0,44,527
"Wait, you're not Elliot!",40,3,1,44,527
"Farm-to-table cookbook? Ha! No, we're here to try and seduce your daughter.",39,5,0,44,527
Welcome aboard! We have sheep on our planet too.,39,5,0,44,527
Welcome. We've been Organic since 1972.,39,5,0,44,527
Come on in. How about a nice cup of Plutonium?,39,5,0,44,527
Welcome. It's a harvester of a different kind.,39,5,0,44,527
"If you really can churn butter, welcome aboard. We hate dry toast.",41,1,2,44,527
"Thanks for answering our You Tube ad. If you pass the hydroponics test, you've got the job.",40,3,1,44,527
Please come in. Matt Damon has been waiting to meet you.,39,5,0,44,527
I think this is taking role play too far,39,5,0,44,527
"Thanks for helping us bring ""Farm to Table"" to a whole new level!",39,5,0,44,527
Sorry we don't sell directly to the public,40,3,1,44,527
Hi! We're Brexit too!,40,3,1,44,527
Heard about the free trial painless hair-removal.,41,1,2,44,527
Welcome to Martian Idol Star Contest,40,3,1,44,527
Welcome aboard the good ship lollipop!,40,3,1,44,527
howdy from Mars.,40,3,1,44,527
"Surprising, yes, but I'm from Texas too.",40,3,1,44,527
I thought voting for Trump was a good idea at the time,39,5,0,44,527
What is the current price of corn on this planet?,40,3,1,44,527
Y'all Democrats or Republicans?,39,5,0,44,527
Hate to cut this short but I got a close encounter with Dreyfus at Devils Tower in ten minutes.,40,3,1,44,527
"No, that's some other guy. I don't care about your atomic weapons.",39,5,0,44,527
So you're the tin man and I'm the scarecrow?,40,3,1,44,527
"Welcome to Bleep Blorp. I think you'll appreciate our farm to table concept, and the trout tonight is out of this world.",40,3,1,44,527
"Once the terrible Emperor Zorp was elected I knew I had to expatriate Mars, and move some place safe, like Earth.",39,5,0,44,527
Do you have any fresh corn on the cob ?,40,3,1,44,527
Howdy. I reckoned you might need something.,40,3,1,44,527
How'd y'all make it over the wall?,40,3,1,44,527
"NOT TO STEP ON YOUR TOES BUT, WE;RE SELLING LETTUCE,APPLES;CORN AND PEACHES.",40,3,1,44,527
Mr. Musk sent me to pick up some farm-fresh kale. Tell me Bezos didn't get here first.,39,5,0,44,527
"Congratulations, your crop spirals just got you a free buffet and round-trip to Houston!",39,5,0,44,527
You don't recognize us? We were the pigs that got into your GMO corncrib.,40,3,1,44,527
It's nice to finally meet you.,40,3,1,44,527
I'm going to make you an offer for your planet you can't refuse.,39,5,0,44,527
"Welcome aboard. You're not funny. Stop trying. Find something else to believe in. Or just stop thinking, period. Your flaws don't make you beautiful. They just make you flawed.",40,3,1,44,527
"I think I've been watching too much Star Trek! Wake up, Vern. Wake UP!",39,5,0,44,527
Do you mind if we carve a few crop circles in your corn field?,39,5,0,44,527
Weary traveler seeking farmer with good personality. Must be open to intergalactic travel. No smokers.,40,3,1,44,527
"Mr. Trump wants your vote.""",40,3,1,44,527
The farmers market was yesterday.,39,5,0,44,527
Sorry your wife can't make it for dinner,39,5,0,44,527
Because nobody will believe you..........that's why,39,5,0,44,527
"Sure, but 'round these parts you won't meet too many fans of genetically modified crops.",39,5,0,44,527
"Trust me, don't tell anyone we were here.",40,3,1,44,527
"Sorry, we're all out of fresh eggs.",41,1,2,44,527
Hey man was in the neighborhood just wanted to drop by and apologize for doing that artwork in your cornfield. I. Hope we didn't ruin your crop.,40,3,1,44,527
"No leader yet, but I can introduce you to the candidates.",40,3,1,44,527
Been farmin' long?,40,3,1,44,527
Organically? No; we're probe-biotic.,39,5,0,44,527
I know; reality used to be a friend of mine too!,39,5,0,44,527
Do you happen to have a bathroom and fabric scissors?,39,5,0,44,527
"No, I did not see CLOSE ENCOUNTERS OF THE THIRD KIND, but...",40,3,1,44,527
E-I-E-I-O to you Old McDonald.,40,3,1,44,527
"Come on in. We are going to slap you around a little bit, and then drop you off in Roswell, New Mexico.",39,5,0,44,527
Hi! We're hoping you can help us adjust to a down to Earth lifestyle.,40,3,1,44,527
Sorry to meet like this—my papers aren’t exactly in order.,39,5,0,44,527
And you welcome losers?,40,3,1,44,527
"Hi, my name is Zingon and I'm calling on you and your neighbors with an interesting article . .",40,3,1,44,527
Take me with you. Trump won the election.,39,5,0,44,527
Let's get out of this world.,40,3,1,44,527
"Hi, planet M.Santo here to personally thank you for your business.",40,3,1,44,527
"Sure, come on board. We'd be happy to help you look for Dorothy and Toto.",40,3,1,44,527
Now serving farm to UFO,39,5,0,44,527
"Welcome! And if you believe this, I have a bridge I want to sell you in Brooklyn",39,5,0,44,527
I'd be more'n happy to help ya with yer crop circles.,39,5,0,44,527
Cavity search-sure we can find a needle in your haystack.,39,5,0,44,527
Thanks! Space regulations require 10% ethanol from corn.,40,3,1,44,527
"No, no, I said make a left! at Venus, not a right.",41,1,2,44,527
"Sorry we're a bit late, wifi connectivity is a little shaky around Proxima Centauri. Pleasure to have you on board today. Thanks for tapping our app.",39,5,0,44,527
"My name is Mwrxthp, and I'm asking for your vote.",39,5,0,44,527
Welcome aboard the Outer Space Alternative Living Program. No Second Amendment. No Walls. No Fox News.,39,5,0,44,527
We have much to learn about this thing called stubble .,39,5,0,44,527
"Well Clinton and Trump are your nominees, Mars can't possibly be worse.",41,1,2,44,527
"We have neither oxygen nor real gravity and since you've sucked both out of the Promised Land, you'll love it on Mars, Mr. GOP.",40,3,1,44,527
So we will finish your crop-dusting in a light second.,39,5,0,44,527
"Oh, don't look so surprised neighbor. I only live in the next galaxy!",39,5,0,44,527
Question 12: Have you or any family members traveling with you been in close proximity of livestock?,39,5,0,44,527
"Anywhere else it would be a media nightmare - television coverage, cell phone pictures, posting to the internet; not to mention nowhere to land.",39,5,0,44,527
So you're the guy behind those pumpkins,39,5,0,44,527
I noticed you are growing High-amylose Class V corn. I hope you are getting a decent premium.,40,3,1,44,527
We have the oxen & the plows... But we need you to teach us how to use them...,42,1,2,45,527
Congrats to our first contestant on Interstellar Jeopardy!,41,3,1,45,527
Hey Fred! Long time no see. Hop in and we’ll go buzz some jackrabbits in Area 51.,40,5,0,45,527
Yes it was me who put the circles in your wheat field,41,3,1,45,527
Welcome to the farm to table movement.,42,1,2,45,527
"Partner,your handrail ain't up to code on this planet.",40,5,0,45,527
Don't worry about your cows -- they're safe with us.,40,5,0,45,527
We want you to come to Mars to help with our farm program.,40,5,0,45,527
Grain Futures.,41,3,1,45,527
"No offense, Visitor from Space... but the whole crop circle thing is getting really old.",41,3,1,45,527
"Up here, we have 17 flavors of La Croix water.",40,5,0,45,527
"We don't need any chickens, pigs, or corn, but you got any more of that Colorado Special?",40,5,0,45,527
Welcome aboard. You'll like it on Mars; our election campaign season lasts only one week.,41,3,1,45,527
Fertilizer taste good.,40,5,0,45,527
"Yes, we are the caucus, but don't worry, we only come to you every four years.",40,5,0,45,527
HAVE I GOT A DEAL FOR YOU!,37,2,1,40,527
"First things first, I will not be able to help you get 'Hamilton' tickets.",37,4,0,41,527
We will give back your GPS on our return trip next week.,38,2,1,41,527
"Alien: ""I'm ready. Take me off into your delusional sunset.""",38,2,1,41,527
"""Doesn't matter, Trump or Clinton, betcha' a dollar you'll have to get some kind of vaccination against the entire human race"".",38,2,1,41,527
"Welcome, we serve men!",38,2,1,41,527
Tell me all about your government's farm subsidies.,37,4,0,41,527
3.141592653598793 . . .,38,2,1,41,527
"You can sleep in my barn, but you have to stay away from the milking machine.",38,2,1,41,527
My wife was wondering if you could spare a cup of sugar.,37,4,0,41,527
Great to meet you man. We're all a big fan of your crop circles. They're really out of this world.,38,2,1,41,527
"In fact it's not cliche since the old ""farmer's daughter"" joke never involved a spaceship.",39,0,2,41,527
Take me to your farmhand.,38,2,1,41,527
Yes! I sold hula-hoops. How did you know?,38,2,1,41,527
Thanks for not bein' like all them other ones that can't stand the sight of a crop without a circle in it!,38,2,1,41,527
Are you a good martian or a bad martian?,38,2,1,41,527
Howdy! I don't think we've met before.,38,2,1,41,527
"Glurb freeble zurf pftht, Monsanto.",38,2,1,41,527
Welcome Earthling... We want to show you how we made our planet great again.,37,4,0,41,527
"Trust us, we have no incisions to farm you.",39,0,2,41,527
Welcome neighbor. Wife's made a apple pie over ther if ya need a good feed.,38,2,1,41,527
We came for the tractor tour of your crop circles.,38,2,1,41,527
Hide in here. No one cares about crop circles unless they think I did it.,37,4,0,41,527
The space guy wants locally-sourced vegetables for his colony.,37,4,0,41,527
"Come on in, you're just in time for lunch!",37,4,0,41,527
You'll be back in a mere 500 years.,37,4,0,41,527
We're here to get you out of Dodge.,37,4,0,41,527
This land is your land,37,4,0,41,527
Please come in and allow me to introduce you to this year's selection of Monsanto seeds.,37,4,0,41,527
"Your corm makes excellent ethanol, so fill her up and for take-out, I'll need a dozen corn dogs.",37,4,0,41,527
"''Welcome to farming's future, up and clean.''",38,2,1,41,527
Got any extra blorf-glorkens lying around? The ship broke down.,38,4,0,42,527
Welcome. My name is Jim Bob and I'm with the county agriculture extension program.,38,4,0,42,527
"Well, it's nice to meet you too. We get so few callers, you know.",38,4,0,42,527
Glad we could agree about the crop circles.,38,4,0,42,527
"I am weary traveler who's vehicle seems to have broken down. May I sleep your barn tonight? I promise not to touch your daughter."" ""This sounds like some kind of joke.",39,2,1,42,527
We see you have corn - we need fuel to get home!,38,4,0,42,527
"We will beat China by 20% per bushel and no anal probe ever, guaranteed!",38,4,0,42,527
"Can I get a bushel of corn, two bales of hay and 5 pounds of wheat, please? Oh, and can you make that to go?",38,4,0,42,527
Welcome. We just love the neighborhood.,38,4,0,42,527
YOU are a contestant on 'Farming With The Stars',38,4,0,42,527
Only 239 days until JOHN WICK: CHAPTER TWO.,40,0,2,42,527
I'm *(^#!+@. Fly me.,39,2,1,42,527
"HOWDY NEIGHBOR, GLAD YOU DROPPOD BY.",38,4,0,42,527
"Welcome to a world without rakes, hoes or plows!",38,4,0,42,527
"HI! I represent a large farming co-op, and we can offer you a handsome profit on your farm.",38,4,0,42,527
No. I'm sorry. All our crops are non-GMO.,39,2,1,42,527
I understand - those dating sites limited to farmers are too limiting. I'll broaden you're horizons.,38,4,0,42,527
"""Corn crop looks that bad, uh?",38,4,0,42,527
"Welcome to Xebo's Proctology, home of the galaxy's wackiest anesthesia.",39,2,1,42,527
Just dropped by to thank you for all that genetically modified veggies you have produced.,40,0,2,42,527
"I asked to be taken to your leader, not feeder.",38,4,0,42,527
"Congratulations, I know you will be very happy with this used turbo 360 Saturn.",39,2,1,42,527
"Thanks anyway, but I already gave at the space station.",39,2,1,42,527
Welcome to the Biosphere 3 Project.,39,2,1,42,527
"My name is Artificial Intelligence, and you must be Real Stupid.",38,4,0,42,527
Welcome! There are no illegal aliens here.,39,2,1,42,527
A warm welcome to the inter-galactic ethanol price-fixing summit.,38,4,0,42,527
We need to double-check that it's organic.,38,4,0,42,527
Lucky us! You are our first organic farmer !,39,2,1,42,527
Welcome back. Stairway to heaven has been clearest. Go for it!,40,0,2,42,527
No - we have no Ethanol for consumption here.,38,4,0,42,527
"Come aboard, but don't tell the missus about this, okay?",40,0,2,42,527
"Howdy Pardner, I sure do appreciate you lettin' me borrow that rake",39,2,1,42,527
Welcome aboard Mr Lewandowski. Mission accomplished.,38,4,0,42,527
Donald Trump is deporting me but I didn't think it would be to outer space,39,2,1,42,527
We traveled halfway across the galaxy to witness your upcoming Presidential debates!,38,4,0,42,527
"Once again, my apologies for the misunderstanding over the fish bowl.",39,2,1,42,527
Ball game's over?,38,4,0,42,527
Can I interest you in some GMOs?,38,4,0,42,527
Now I understand why you checked both pick-up and delivery when you submitted your on-line order,39,2,1,42,527
Oui est la Paris?,39,2,1,42,527
Hello. I’m Bizoork here to help. One of your cows sent us a message that you are having trouble with a neighbor.,38,4,0,42,527
Pleased to meet you. I'm Old Macdonald. E I E I O.,39,2,1,42,527
"Howdy, we sell the best seed corn in the universe.",38,4,0,42,527
It's BETTER than Kansas...,39,2,1,42,527
"You know the drill Noah, bring two of each kind to the ship before the Big Storm.",39,2,1,42,527
Can you come back to Earth with me?,39,2,1,42,527
"So good to see you, Mr Littlegreen",39,2,1,42,527
"Geez, from the Trump campaign are ye?",38,4,0,42,527
"Mom and dad are away, so we invited some Reptilians too.",39,2,1,42,527
"I understand your position, but I think you'll see some real potential in what we're doing with genetically modified organisms.",39,2,1,42,527
"What do you mean, ""Going green?""",39,2,1,42,527
Can you give me a minute? I'm just feeding the kids.,38,4,0,42,527
Greetings earthling. Just wanted your permission to leave a couple of crop circles in your field.,38,4,0,42,527
Welcome to the funny farm.,38,4,0,42,527
Our farm girls ARE out of this world.,38,4,0,42,527
Bowie?,38,4,0,42,527
"Hello, again.",39,2,1,42,527
"Thanks for getting here so quickly. I can put up with the droughts, floods and tornadoes, but that Trump! Get me out of here!",39,2,1,42,527
I have the new crop circle catalog for this year but you'll have to sign the confidentiality form or be abducted.,39,2,1,42,527
Certified organic? Totally.,39,2,1,42,527
"Believe me, it's better on our planet.",39,2,1,42,527
"No probe, Lem. No problem.",39,2,1,42,527
ew its touching me,38,4,0,42,527
Welcome to the political free zone!,39,2,1,42,527
""" Nice to meet you, now get going before my wife comes out here and want to redecorate your ship! "" Bridgebody.squarespace.com",39,2,1,42,527
Hail Earth Buddy. We have come for your kale!,39,2,1,42,527
"Oh, no, no, no. Nothing like that. I'm here to bring you the good word...the Rapture starts in five minutes...",39,2,1,42,527
"Oh, the farmer and the martian should be friends...",39,2,1,42,527
"How'd you get over the wall, fella?",38,4,0,42,527
Your Miracle Heater will be delivered within 5 business days.,39,2,1,42,527
In 3 easy steps we'll make your planet great again.,38,4,0,42,527
"I know we said the pesticide was harmless, Farmer Brown, but . . .",39,2,1,42,527
Thanks for coming out tonight Carl. This meeting is really important.,39,2,1,42,527
Congratulations! The Zanadunians of Zanadunia have voted you the best dressed man in the galaxy.,39,2,1,42,527
We all hope you brought a FarmBox--we're out of turnips.,39,2,1,42,527
We come as manifestations of your primitive bipedal fantasies.,40,0,2,42,527
We're with the Trump campaign.,39,2,1,42,527
Don't worry. It's not an election year on my planet.,39,2,1,42,527
I don't want to go to Uranus - my proctologist already probed me!,39,2,1,42,527
"And greetings to you as well, would you mind retrieving Beyonce, my kids just love her latest LP.",38,4,0,42,527
"Welcome, but unfortunately, today we aren't accepting ""Take me to your leader"" requests.",38,4,0,42,527
Amish-ed you sooooo much.,38,4,0,42,527
Got any ethanol we could borrow?,38,4,0,42,527
Trump campaign headquarters?,38,4,0,42,527
Howdy stranger!,38,4,0,42,527
"It's about time. Now, get me my helmet.",38,4,0,42,527
Welcome aboard ... we have been monitoring your presidential primaries!,39,2,1,42,527
"...and on our planet we call this a ""handshake"". Now, show me again what you called a ""fist bump"".",38,4,0,42,527
"We've come to learn more about this thing you call ""Instagram.""",39,2,1,42,527
"We come in peace..and even if we didn't, you want Trump or Hillary?",39,2,1,42,527
Welcome home Brother Odysseus.,38,4,0,42,527
Have I got a campaign for you!,39,2,1,42,527
"That's right, I'm Mr. Trumps new campaign manager, can you point the way?",39,2,1,42,527
You're just what we need for settling on Mars.,39,4,0,43,527
We need to talk about Monsanto.,40,2,1,43,527
"I assure you, this is an executive order from President Trump.",40,2,1,43,527
Take me to your agribusiness leader.,39,4,0,43,527
We would like your insight on the Kanye vs. Swift fued.,39,4,0,43,527
"Congratulations, we are from the art appreciation society of planet Picasso. We love your corn-field design.",40,2,1,43,527
They wanted to know if they can slot you in after Gingrich on day three,40,2,1,43,527
Come quickly - the cows need milking!,39,4,0,43,527
We have the cookbook; now we just need the right ingredients.,39,4,0,43,527
I heard you're looking for a president.,39,4,0,43,527
Are you delivering those non-GMO seeds I ordered from Mars?,39,4,0,43,527
"I know, Tinder, Bumble, I can't keep them straight either.",39,4,0,43,527
Take me to your okra.,39,4,0,43,527
"We’d love to examine your feeder, try out your weeder, and meet your breeder, but that’s really all that’s on our minds.",40,2,1,43,527
I heard Dorthy was back. Is she home?,39,4,0,43,527
"The name's Trump, and I need honest folk like you to get on board.",40,2,1,43,527
Thank you for help. You wouldn't believe how hard it is to find a decent parking zone in the city.,39,4,0,43,527
Was it the Trump 2016 crop circle?,40,2,1,43,527
Glad to know we can count on your vote in November.,39,4,0,43,527
"Welcome, and thank you for meeting with the leaders of Monsanto.",40,2,1,43,527
"Welcome, finally someone to explain quantum mechanics.",39,4,0,43,527
We wish to be simple. We wish to be free. Show us your ways.,39,4,0,43,527
We have come to learn about your organic farming techniques!,39,4,0,43,527
We are so happy you have gone organic,39,4,0,43,527
There is life after Brexit.,39,4,0,43,527
You can call me GMO.,40,2,1,43,527
If you build it we will come.,39,4,0,43,527
Amazing. We keyed SCUM into our advanced GPS and it brings us to Texas for the close encounters of the fourth kind.,39,4,0,43,527
Congratulations! You have been selected to participate in scientific survey.,39,4,0,43,527
"Before we get started, you should know we don't make crop circles in GMO fields.",40,2,1,43,527
"Any fresh eggs for sale, buddy?",39,4,0,43,527
"Welcome to Galactic Uber, hayseed.",39,4,0,43,527
"Just dropping by to say ""hello.""",40,2,1,43,527
Sorry about the bad reception on your TV. It’s probably all of this damn electromagnetic radiation.,39,4,0,43,527
Did you bring the cookbook?,39,4,0,43,527
Peace! I'm here about your crop circles.,39,4,0,43,527
"Look, we've heard there's a chance we can still get Hamilton tickets before Lin Manuel Miranda's contract runs out. Can you help us or not?",40,2,1,43,527
thanks! I promise you that I'll return to Iowa often before 2020...,39,4,0,43,527
Help us grow huge vegetables in outer space.,39,4,0,43,527
"Father, it's me Johnny, come on in, you'll be safe here!",39,4,0,43,527
do you want to have golden corn? then come with me.,40,2,1,43,527
We're from Farm Aid. Willie sent us.,39,4,0,43,527
"How now, brown cow?",39,4,0,43,527
"How's fifty Jupiters per bushel? We're having a little food shortage in here""",40,2,1,43,527
"To be honest, I thought you said you came with *peats*",40,2,1,43,527
"Really, it'll be no harder that farming in Kentucky",40,2,1,43,527
Till death do us part seemed long enough to me.,40,2,1,43,527
"Yes, Mr Trump, it's time to go home!",40,2,1,43,527
Would you like to take a spin...we still have some space left?,40,2,1,43,527
I tried to tell everyone that this day was gonna come.,39,4,0,43,527
"Pleasure to probe you...er, I mean, meet you.",39,4,0,43,527
Welcome to planet Trump. It's gonna be TREMEMDOUS!,39,4,0,43,527
Welcome survivor.,39,4,0,43,527
I guess its true that aliens only land in corn fields...,39,4,0,43,527
Have you heard the one about the farmer and the alien? Wait 'til you see my bar scene!,40,2,1,43,527
"FARMERS REMORSE: Alien excitedly, ""Did you remember the beer?""",40,2,1,43,527
Thanks for coming on short notice. We need to have your tractor push us to help get our engine running again,40,2,1,43,527
"Welcome, we've heard people were disappointed with the presidential choices!",39,4,0,43,527
"Welcome, you are not a Trump supporter.",41,0,2,43,527
Do you have something to do with Donald Trump?,39,4,0,43,527
The flight to Mars is now boarding,40,2,1,43,527
See you next year Fred. We can't get enough of the corn and bluberries.,40,2,1,43,527
I cant thank you enough for getting me out of here...now that Trump is President.,39,4,0,43,527
We're so glad you could come with us. Our entire crop of lettuce is dying from some terrible disease!,40,2,1,43,527
I'm from the government and I am here to help.,39,4,0,43,527
I'm going to need to check your passport.,39,4,0,43,527
Welcome to shuttle service to Oz.,40,2,1,43,527
I'm here for Shark Week.,39,4,0,43,527
"Saucer here, to deliver your Sirius Dish, sir!",39,4,0,43,527
Congratulations. We've been watching for fifty years. You're the one sane human.,40,2,1,43,527
We need someone who knows about farming.,40,2,1,43,527
I got dizzy circling your crops.,39,4,0,43,527
Welcome! We have come four billion light years to learn how you make silage.,39,4,0,43,527
Is the oxygen breathable Mr. Earthling?,40,2,1,43,527
I'm running for president of the universe.,39,4,0,43,527
Take me to your litter.,40,2,1,43,527
We forget – when did you say Election Day is?,40,2,1,43,527
Show us how to grow dandelions and kudzu and we'll give you back your cows and chickens.,39,4,0,43,527
"Sorry about the crop circle, old chap, but we were in the neighborhood and were hoping you'd be up to being a fourth at bridge.",40,2,1,43,527
Is that you Gort?,39,4,0,43,527
"""Just think of us as a viable third-party choice."" Submitted by Paul & Joel Angiolillo, Watertown MA",40,2,1,43,527
"Thanks, but I need coveralls, not overalls.",39,4,0,43,527
I used to say Heaven can Wait but now I'm sorry I did.,39,4,0,43,527
"Well, thank you Farmers Only!",40,2,1,43,527
Anal probe?,40,2,1,43,527
"Captain, coming down your vectored thrusters looked super-critical.",40,2,1,43,527
I'm trying to reduce my carbon footprint.,39,4,0,43,527
"Further evidence to explain why Mars is a ""red"" planet.""",40,2,1,43,527
Do you always knock this time of night?,39,4,0,43,527
Howdy earth alien! Will you help me brush up on my country?,39,4,0,43,527
We've come to buy more GMOs!,39,4,0,43,527
Peas? Carrots? What'll it be?,40,2,1,43,527
I hear your corn is out of this world.,39,4,0,43,527
"Alien?"" ""Doggone it, get Trump on the phone, now we gotta build a wall and a dome.",39,4,0,43,527
"Thanks, but we prefer Organic vegetables.",40,2,1,43,527
Hey come on in and I want to know all about LeBron James.,39,4,0,43,527
The best you can do is stairs? Really?,40,2,1,43,527
"Take me to your leader--unless, of course, that douchebag Donald Trump has somehow already assumed that office.",40,2,1,43,527
"""Pleased to meet you too . Now how about you run back home and fetch us some of that Earthling moonshine we've heard so much about ?",39,4,0,43,527
I am really feeling this grassroots campaign - it should get people talking.,41,0,2,43,527
"Congratulations Mr. McDonald, you are now officially an Operating Thetan.",40,2,1,43,527
"Hi-ho, the derry-o!",40,2,1,43,527
Republican health care plan...,40,2,1,43,527
Jimmy Johns?,39,4,0,43,527
"No one will believe a word of it when you return, not since you started growing marijuana.",39,4,0,43,527
Your cheese is ready,40,2,1,43,527
The progressive folks at Agri-Nuke would like the chance to boost your yield.,41,0,2,43,527
"Cons: XJ-9 lacks oxygen and is hotter than your sun. Pros: We do not to post our political views on social media. Welcome aboard, you're going to love it.",39,4,0,43,527
"We're very excited that you've planted our new Monsanto seeds and can't wait for your crop to be ready to invade, uh, harvest!",40,2,1,43,527
I've a new grain you might like,40,2,1,43,527
Hi. What would you take in exchange for a free range chicken and a quart of raw milk?,39,4,0,43,527
Take me to your caucus.,39,4,0,43,527
You lucky duck! Our new probe is out of this world. Come on in!,39,4,0,43,527
"Yup, that's what I said- any other planet you like. Just needs to be within this galaxy.",40,2,1,43,527
Somewhere where I don't have to be Certified Organic.,39,4,0,43,527
"Mr. President, it's been years.",41,0,2,43,527
We received your signal. Take me to The Fonz.,39,4,0,43,527
"So I hear you need a new scarecrow. Well, one question: how much does the job pay?",40,2,1,43,527
"Yes, Zebulon. Let's talk.",40,2,1,43,527
I'm hoping to borrow a selfie stick.,40,2,1,43,527
Welcome to Trump-free Travel!,40,2,1,43,527
"Please come in, mi casa es su casa. Hell, you Mexican?",40,2,1,43,527
"Welcome! Sorry about the anal probe, but we're serious about keeping galactic travel safe.",40,2,1,43,527
How would you like to be the first to participate in interplanetary crop rotation?,39,4,0,43,527
Dick Cheney recruits patriots for his new neoconservative planet.,40,2,1,43,527
One word: Plastics,39,4,0,43,527
Take me to your leader. But only if we can get there before Inauguration Day.,40,2,1,43,527
"Before you enter, I should inform you that my mission is concerned with the harvesting of edible substances.",39,4,0,43,527
Ship needs methane gas for fuel ? Washington has tons. Ask for Mitch.,40,2,1,43,527
Klaatu is asking for more melons.,40,2,1,43,527
And I agree not to say anything about those subsidy claims.,39,4,0,43,527
We are from the planet Shoo-Fly Pie and we'd like to ask you a few questions.,39,4,0,43,527
"I'm positive, I didn't seed the icloud.",39,4,0,43,527
'TRUST ME. IT WILL BE A BETTER LIFE',39,4,0,43,527
"GMO, Gmosin",40,2,1,43,527
Sarah Palin wanted us to thank you personally for supporting Trump.,40,2,1,43,527
"Sorry, we're gluten free-- you'll have to leave your wheat sheaves behind.",40,2,1,43,527
"We're switching to corn ethanol, thanks for your cooperation.",39,4,0,43,527
Workers unite!,40,2,1,43,527
This will really raise the GMO controversy to a whole new level!,39,4,0,43,527
Can I count on your vote this November?,39,4,0,43,527
"Greetings, Earthling! Take me to your Trump.",39,4,0,43,527
"Welcome aboard the Interstellar Harvester, specializing in free-range white meat!",39,4,0,43,527
We're calling it the Farm to Flying Saucer to Table movement.,39,4,0,43,527
Welcome stranger. Can you help make America great again?,40,2,1,43,527
"Goodbye son, sorry about feeding you that GMO corn.",39,4,0,43,527
"Welcome aboard, You've been vetted for a new reality show called, 'Farmers in Space' .",39,4,0,43,527
Usually the summonses are *after* the election.,39,4,0,43,527
"A Triple, Venti, Soy, No Foam Latte?",39,4,0,43,527
Hello! We don't get many farmers.,39,4,0,43,527
GMO friend or foe?,40,2,1,43,527
We're a little low on fuel.,40,4,0,44,527
"I know things look bad right now, but the election will be over in November.",40,4,0,44,527
"Wait, this isn't Maple Street...",42,0,2,44,527
"Spoken with an alien accent, ""leader"" and ""weeder"" are often confused.",40,4,0,44,527
"Welcome, Wizard of Oz.",40,4,0,44,527
Just think of me as far-out Kansas.,41,2,1,44,527
Thank god you came. The presidential elections are in November and I need the get off this planet asap.,41,2,1,44,527
But why would you want to pay me to draw circles in my corn field?,41,2,1,44,527
"You nearly had me going there, when you took me to see Donald Trump!",41,2,1,44,527
"Get inside,...we want to take you to the world of better farm subsidies.",40,4,0,44,527
"Oh! Hey, bro! I wasn't expecting you to drop by.""",41,2,1,44,527
"Welcome, Joe. So glad you can make it because we are in dire need of a real down-to-earth guy like you up there.",40,4,0,44,527
"""Klaatu barada, um, HOWDEE!?",41,2,1,44,527
"Take me anywhere, as long as there isn't a Democrat or Republican party.",40,4,0,44,527
Jimmy Hoffa. I knew you would be back!,41,2,1,44,527
"Appreciate yer 23 light year trip to get here, Xebon, but yer too dang early again. Corn’ll be perfect in about three more weeks – see ya then.",41,2,1,44,527
Sorry it took so long to get back to you.,41,2,1,44,527
Your circles are now complete.,40,4,0,44,527
"Howdy, is this Trump headquarters?",40,4,0,44,527
"Hello! Is your farm for sale, by any chance?",41,2,1,44,527
Did you bring the Taco Bell!?,40,4,0,44,527
"Just got our crew's referendum results-- ETexit won. Hasta la vista, baby!",40,4,0,44,527
Are you interested in discussing a new way of doing that farm-to-table thing?,41,2,1,44,527
Thank God you came! We ran out of organic micro-greens three planetary invasions ago.,40,4,0,44,527
Trump said that wall would keep all of your kind out.,41,2,1,44,527
"Remember, all the produce you deliver has to be non-GMO and gluten-free.",41,2,1,44,527
If you want me to take you to my leader we better get going.,42,0,2,44,527
"Congratulations, we read your crop circle, you're the winner of our 5 billion light year trip around the universe!",41,2,1,44,527
"I'm your great, great, great grandson returning from our gap-century trip to Jupiter.",42,0,2,44,527
"Welcome to the Bliss. And yes, I am a real hallucination.",34,3,0,37,527
"Thank you for your time, sir. Eminent domain is wonderful, wouldn't you agree?",36,1,1,38,527
Greetings! I would love your vote in the Iowa caucus to be President of the Milky Way.,37,1,1,39,527
Do y'all eat fried chicken?,36,3,0,39,527
Welcome to our spaceship sir. You'll be a strange creature.,37,1,1,39,527
Welcome sir. Guessing there weren't any lights to turn off on your way out.,38,1,1,40,527
Farm to table? Thank goodness. We were worried we'd missed your moment.,37,3,0,40,527
He won't make America great - it's a good choice.,37,3,0,40,527
Take me to your your soybeans.,37,3,0,40,527
Can you spare any change?,38,1,1,40,527
"Whadya mean ""we're not in Kansas anymore""?",37,3,0,40,527
Welcome to our 'locally-sourced' program!,37,3,0,40,527
You're doing a fine job with the crop dusting.,37,3,0,40,527
Come in so we can best serve you!,37,3,0,40,527
"Take us to your...wait, no, any leader but Donald Trump",37,3,0,40,527
We come from the planet Trumpania. Your crops are gonna be yuge; really yuge!,37,3,0,40,527
Is this your first time being probed???,37,3,0,40,527
I thought President Trump built a wall.,37,3,0,40,527
You don't look like the aliens Donald Trump talks about.,37,3,0,40,527
"Welcome back, Fnxxxrp. How was Brooklyn?",38,1,1,40,527
"No, thank you. My daughter's greatest wish is to travel.",37,3,0,40,527
You start on Monday.,38,1,1,40,527
Soooo...should I call you an Uber?,37,3,0,40,527
3000 tons of GMO corn at $200 per ton? Done!,37,3,0,40,527
Best crop dusting I've ever had.,38,1,1,40,527
I need to speak with you about the government's agricultural subsidies program.,37,3,0,40,527
You will be safe with us. We dwell 614 light years left of the Trump galaxy. But you won't be in Kansas anymore.,39,1,1,41,527
"Well, there goes that Wall idea...",38,3,0,41,527
Greetings! Have I reached Eieio?,38,3,0,41,527
Our Commander Potato Head needs Your expertise...,38,3,0,41,527
Can I borrow your cattle prod?,38,3,0,41,527
But are you a GMO?,38,3,0,41,527
And we have great corn subsidies.,38,3,0,41,527
"Yes, yes we do speak American.",39,1,1,41,527
"Not to worry, I am not a GMO.",38,3,0,41,527
"Listen—I'd love to work with you, but we'd have to break down the silos first.",39,1,1,41,527
"Bernie, you said this was tobacco.",39,1,1,41,527
"Greetings, I am from the Intergalactic Federation of Governments and I am here to help.",38,3,0,41,527
Hello Earthling. We need a Lyft!,38,3,0,41,527
Welcome aboard. Where's the family?,39,1,1,41,527
"No, I haven't seen your daughter this evening.",38,3,0,41,527
Thank you for your hospitality and you're welcome to come visit us.,39,1,1,41,527
Thank you for coming. Trump's poll numbers are up.,38,3,0,41,527
We heard you make great hat boxes. Can you also make great helmet boxes?,39,1,1,41,527
E---------------------------T-----------------------,38,3,0,41,527
"Hi there, I am your presumptive Alien presidential nominee. When you called for outside help, I came as soon as I could.",38,3,0,41,527
Hi! Space-age crop rings at your service. Ready for that free estimate?,38,3,0,41,527
"We love the pose. First you work those rows with hoes, and then you sows what grows.",38,3,0,41,527
Welcome To Publishers Weekly.,38,3,0,41,527
"Believe me, the hands match the halo.",39,1,1,41,527
"Yes , the service is out of this world ...",38,3,0,41,527
HELLO: I REPRESENT TRANSGENIC CROPS CORPORATION LTD.,38,3,0,41,527
Welcome aboard! Del Martian Foods needs farmers.,39,1,1,41,527
"Sorry, but a teleporter wasn't included as a feature when I bought it.",38,3,0,41,527
"My ag extension said you're the man to see about ethanol. Man, you are out there!",39,1,1,41,527
"No, Iowa...best corn this side of Jupiter.",38,3,0,41,527
catfished,38,3,0,41,527
"Greetings, and Welcome to our AstroPub! We recommend the grass-fed beef.",39,1,1,41,527
"Given the choice, people may not even want to be abducted.",38,3,0,41,527
Can I get fries with that?,38,3,0,41,527
Your offer to continue living on Earth is rejected.,38,3,0,41,527
"Well if Trump won we were moving to Canada, and since Hillary won...",39,1,1,41,527
We think you have a great future in crop circling.,38,3,0,41,527
I'm a big fan of your work. I loved the self-portrait you did last year in Stan's cornfield.,38,3,0,41,527
"Hi,Welcome to the Louisiana Hayride Martian style",38,3,0,41,527
"Welcome to earth. Heads up. We are absolutely confused about whether to vote yes or no, on genetically modified foods.",38,3,0,41,527
"That's one small step for man, one giant leap for Martians.",38,3,0,41,527
Welcome Mr. Monsanto. Your crop circle scam has worked wonders!,38,3,0,41,527
Don't Worry It's Gluten Free,38,3,0,41,527
Welcome aboard. Your daughter's been waiting for you.,38,3,0,41,527
It's never too early to start a campaign ... may I count on your vote in the next Presidential caucus?,39,1,1,41,527
"Welcome to Trump Airlines, University, Resorts, AND Casinos.",38,3,0,41,527
"I wonder why he is landing here, wait why is he taking the farmer away and what is he going to do to him?!",39,1,1,41,527
Welcome. We can start your harvesting.,39,1,1,41,527
I knew there was a reason that I planted Kale.,38,3,0,41,527
"So, some things have changed since I majored in communications.",39,1,1,41,527
"So, imagine a cow that... Just follow me.",39,1,1,41,527
"No, the digital exam won't increase your crop yield.",38,3,0,41,527
Reince. Trump barada nikto,38,3,0,41,527
I'm from the Intergalactic Government and I'm here to help!,38,3,0,41,527
"Welcome, you are one of the few; as we only show ourselves to farmers.",39,1,1,41,527
You are no longer in Kansas.,38,3,0,41,527
Welcome Alien crop picker.,38,3,0,41,527
"Howdy, just your friendly intergalactic aliens checking out the neighborhood.",38,3,0,41,527
"Hi, Mr. Brown. Wanna ride?",38,3,0,41,527
"Hey Tom, welcome to the first Farm-to-Mars event!",38,3,0,41,527
"Ah, my alien beak detects beets, corn, baked bread and strewed dirt with a hint of musk; you'll be in our 'Stew' group, sir.",38,3,0,41,527
Finally nice to meet someone who isn't so swept up in all this political drama!,39,1,1,41,527
I'm not an alien--I' a genetically modified astronaut.,38,3,0,41,527
"Welcome, earthling farmer, to COMEX IN SPACE! We've been expecting you!",38,3,0,41,527
"Come aboard ,I promise, we don't have a presidential election this fall on our planet",38,3,0,41,527
Let's go for a spin earthly. Then I will help rotate your crops.,39,1,1,41,527
It's my old hula hoop.,39,1,1,41,527
the farmer and the alien should be friends,38,3,0,41,527
"Thanks, but I already have a GMO salesman.",38,3,0,41,527
"Your a vegetarian, then the barbecue is Off. have your people contact my people to reschedule.",39,1,1,41,527
"Nice to meet you, but what took you so long?",39,1,1,41,527
You like nice and ripe.,39,1,1,41,527
"Don't you believe all that hokey crap about wizards, straw men and red shoes.",38,3,0,41,527
Hi...I would like to talk to you about starting a Farmer's Market up your way...,38,3,0,41,527
Thanks for the livestock. We'll be back tomorrow with the payment.,38,3,0,41,527
"I understand that you are having troubles finding the right candidate for the nomination, sorry, we cant help with this one",39,1,1,41,527
Just wait until you experience the jet lag...grrsplurb...gack!,39,1,1,41,527
Did you see my Missus anywhere?,38,3,0,41,527
Adele?,39,1,1,41,527
Did you bring your fork? There's pie.,39,1,1,41,527
Beyonce!,38,3,0,41,527
Welcome aboard! Your rumspringa is going to be fantastic.,38,3,0,41,527
We didn't expect so many of you who were afraid of Mr. Trump being elected!,38,3,0,41,527
Come in past me...this is the point in history I wouldn't want you to experience again...,39,1,1,41,527
"Honey, I'm home!",39,1,1,41,527
Welcome to Monsanto,38,3,0,41,527
Welcome fellow Ethonolian!,39,1,1,41,527
Deal. $8M. You get purple rain.,39,1,1,41,527
Christ Almighty that was a long trip!,39,1,1,41,527
Now we're doing alien introductions.,38,3,0,41,527
Don't worry I'm not an Islamic Extremest I just have a keen interest in farming.,38,3,0,41,527
President Bob it was a pleasure meeting you.,39,1,1,41,527
...and under our administration farm subsidies will continue!,38,3,0,41,527
"Hey, welcome. So glad you could make it up.",38,3,0,41,527
You can still farm--at our multi-galactic food corporation!,39,3,0,42,527
My planet loves this Frosted Flake you sell me,39,3,0,42,527
There was a mix up at the tire store,40,1,1,42,527
"I didn't realize this is what your online dating profile meant by ""looking for interracial",40,1,1,42,527
"Nice to meet you, too. We were so afraid we might not make it here before you guys built The Wall to keep folks like us out.",39,3,0,42,527
"Yes, we have a healthcare package.",40,1,1,42,527
Thanks again for stopping by to meet the new neighbors.We really appreciate it.,39,3,0,42,527
Welcome to the gene farm!,39,3,0,42,527
It's universally known you have the best poppy crop.,40,1,1,42,527
Welcome aboard.. We can really use your expertise on crop rotation!,39,3,0,42,527
Please don't build a wall.,39,3,0,42,527
"Hello!, I'm Smiztete Quiviste from the Crop Circle Compliance Agency.",40,1,1,42,527
Don't thank me: thank Monsanto.,39,3,0,42,527
"Welcome, Salt of the Earth! Our rations have been too bland for light-years.",39,3,0,42,527
Maker Mars great again!,40,1,1,42,527
Probing our non-probing?,40,1,1,42,527
"Is like to come, but Mars is a little too cool for corn...",39,3,0,42,527
"Don't worry, this ship isn't powered by electricity...",40,1,1,42,527
Glad you could drop by I have a couple of your steaks on the Barbie,40,1,1,42,527
"Welcome, you come highly recommended by Anne.",40,1,1,42,527
"Welcome friend! No need for all the gear. We're a non GMO, pesticide free operation here!",40,1,1,42,527
"Welcome, you're the untutored organic farmer we've been looking for.",39,3,0,42,527
"I come in peas, and, uh, sorry about the corn, too.",39,3,0,42,527
No one is ever going to believe me.,39,3,0,42,527
I wanted to visit before Emperor Trump builds a dome.,39,3,0,42,527
Congratulations! You've made it to Global Services!,39,3,0,42,527
I thought you could use a hand crop dusting.,40,1,1,42,527
Hello Pumpkin Head,40,1,1,42,527
"Intergalactic domination or not, you're still paying for the crop circle damage.",39,3,0,42,527
Welcome to alie-nation after brexit!,39,3,0,42,527
Do you have any suggestions on what to draw tonight?,40,1,1,42,527
"But, you are on my lawn.",39,3,0,42,527
"Don't worry, this isn't one of your hallucinations!",40,1,1,42,527
Welocme GMO Expert. We have been awaiting you.,39,3,0,42,527
"Welcome, earthling, our televised Probe-a-thon has set a new record in intergallactic ratings!""",39,3,0,42,527
"We're here to capture your ""farm to table"" technology.",40,1,1,42,527
"I'm here to call on your daughter, sir.",39,3,0,42,527
You the first of of the guest workers?,39,3,0,42,527
What's for dinner?,39,3,0,42,527
Watu Wangu.,40,1,1,42,527
Greetings. May we discuss your insurance needs?,39,3,0,42,527
I'll show you corn as high as an elephant's eye!,40,1,1,42,527
I'm Mork...Mindy will be right back!,40,1,1,42,527
Feeling your oats?,39,3,0,42,527
Welcome. And relax...we didn't invite Monsanto.,40,1,1,42,527
"Hey Phil, can I borrow a cup of sugar? I promise I'll bring it back!",39,3,0,42,527
Am I too late for the Great American Dust Bowl?,39,3,0,42,527
"Well, howdee stranger! I was beginning to think you guys were never coming back. You still like your steak medium rear, right?",40,1,1,42,527
"Don't be afraid, it's just like your tractor. Pull back the throttle and away she goes.",39,3,0,42,527
We welcome you and your genetically modified seeds!,39,3,0,42,527
No farmers allowed - we've seen 'Green Acres'!,39,3,0,42,527
The abduction corn maze is awesome!,39,3,0,42,527
Happy Father's day daddy! You made it back after all!,39,3,0,42,527
Thanks for coming. We could really use your advice about crop circles.,39,3,0,42,527
"No, we haven't heard the good news.",39,3,0,42,527
We are looking for Galaxy sourced produce.,39,3,0,42,527
Can I tell you about fracking?,40,1,1,42,527
"I'm John, Leader of the Farm.",39,3,0,42,527
"Again, I'm not Matt Damon.",39,3,0,42,527
"Greetings, earthling. Is your name Donald Trump?",39,3,0,42,527
Is this the new Buick?!?,39,3,0,42,527
I'll be back in nine months in time for your daughter's and my child's birth.,39,3,0,42,527
Are you the one from the Wizard of Oz without the brain?,40,1,1,42,527
"So sorry, our light beam is in the shop.",39,3,0,42,527
I'd like to apply for your organic farm worker exchange for lodging.,40,1,1,42,527
"There ya go Tommy, easy does it.",39,3,0,42,527
"Yes, we UFO's are a United Farmers Organization",39,3,0,42,527
Have you seen Bessie?,39,3,0,42,527
My family asked me to come down to thank you for supporting GMOs.,40,1,1,42,527
"Hey ho, a merrio, you must be the farmer in the dale",40,1,1,42,527
Take me to your ethanol subsidizer!,39,3,0,42,527
"""Hello sir, we received a distress signal from one of our people, he goes by the name of D.T",39,3,0,42,527
"Incredible to find you, your country is running out of farmers to probe.",39,3,0,42,527
Get in. I don't to be taken to your leader.,40,1,1,42,527
"We had to stop because you work those rows with hoes, and then you sows what grows.",40,1,1,42,527
I will give you some candy if you come inside my spaceship,40,1,1,42,527
Take me to Chuck Berry.,39,3,0,42,527
WHAT'S A NICE LADY LIKE YOU DOING IN A PLACE LIKE THIS?,40,1,1,42,527
Hope you like corn!,39,3,0,42,527
"I got it - you are ordering 25 ears of corn, a sack of potatoes, and 5 heads of lettuce.",39,3,0,42,527
Thank you for picking me up. Canada wouldn't have me because of my primary vote.,40,1,1,42,527
It's just not as much fun since Monsanto trademarked the circle.,40,1,1,42,527
Thanks again for taking the blame on those crop circles!,40,1,1,42,527
My name is Donald J. Trump and I want your vote!,40,1,1,42,527
Your patents on GMO corn don't apply on our planet; load 'em up!!,40,1,1,42,527
"Pearson's Feedlot. I'll be about 20 minutes. Then, a stop at the computer place. So leave the meter running and bill my Visa card.",39,3,0,42,527
"Fist bump? Brother, it's still the disco era back home.",40,1,1,42,527
Take me to your presidential debate.,39,3,0,42,527
We like your work uniform.,40,1,1,42,527
Thanks for coming. We were hoping to find a man of probity like yourself.,39,3,0,42,527
"Hello earthling, we have come for your daughters.",40,1,1,42,527
"Thank you for visiting. As a matter of fact, I have been meaning to increase my life insurance.",39,3,0,42,527
Welcome on board The Brexit.,39,3,0,42,527
"Hi , I'm campaigning as an independent , because the federation has decided we simply must have better than Clinton or Trump .",39,3,0,42,527
Thanks for stopping by.,40,1,1,42,527
"Hi, Jeb, I'm Bill. Pleased to meet you. I'm stuck here for a layover. Can I use your WIFI password to watch ""Game of Thrones?",40,1,1,42,527
This is better than Canada.,40,1,1,42,527
At last! Someone who knows the farmer's handshake!,39,3,0,42,527
We're going to start with earthlings from the 17th Century.,40,1,1,42,527
Dinner's on. Do you have any food allergies?,39,3,0,42,527
"Yep, we're here for the corn and wheat.",40,1,1,42,527
We're here to help you with your snoring Gus.,39,3,0,42,527
"Hi Herb !! Welcome to our ""fly in fly out"" restaurant!!!!!!",40,1,1,42,527
Welcome to our little oratory. We are glad that you are here with us. God bless you.,40,1,1,42,527
We have searched the galaxy for non-GMO zucchini!,39,3,0,42,527
Thrilled to have you aboard!,40,1,1,42,527
Welcome to our planet...Are you interested in running for President?,40,1,1,42,527
"Howdy, I'm Jeb, do you have your green card?",40,1,1,42,527
We've traveled 3 light years to study how Earthlings avoid chaffing.,39,3,0,42,527
So you're the president of the Future Farmers of America.,40,1,1,42,527
Pleased to meet you. Having dinner at the moment. Back in an hour?,39,3,0,42,527
We have a few cows and chickens out in the Milky Way,39,3,0,42,527
"If you're looking for the county administrator, he left an hour ago for the DMV in Sioux city.",39,3,0,42,527
Have we got GMOs for you!,39,3,0,42,527
Are... you... Seymour... Butts?,39,3,0,42,527
Yes we can make this an Amish home for you.,39,3,0,42,527
Last time you came for the Mrs. How is she by the way?,39,3,0,42,527
"The old farmer with the pitchfork and his wife? You betcha! They live in that house yonder, right across the field.",40,1,1,42,527
""" We can translate your almanac"".",40,1,1,42,527
Nice spread. What's your water situation?,39,3,0,42,527
We'd like to do farm-to-mothership-control-module. Interested?,40,1,1,42,527
Ransom paid. Welcome back. Let's go home and leave this decadence behind.,40,1,1,42,527
See ya. I can't bring myself to vote for either one of them.,40,1,1,42,527
Trump? Good luck...,40,1,1,42,527
But I can't take you to my leader - She is out tonight playing mah-jongg with her friends.,39,3,0,42,527
Relax! We offer direct flights to Hicksville!,39,3,0,42,527
Sorry about the crop circles. We needed the corn to make E85.,40,1,1,42,527
Howdy partner. Somebody obviously screwed up. We were headed for the bright lights of New York City and here we are in a lonely Iowa cornfield.,40,1,1,42,527
"Hello at last, farmer John! We Venusians are huge fans of your crop circles . they're an inspiation to us all!",39,3,0,42,527
Did you make your own reservations online or have your travel agent planet?,39,3,0,42,527
May I interest you in a Crop Circle Insurance policy?,39,3,0,42,527
Your dead and brown crop circles have convinced me there's global warming,39,3,0,42,527
We'll have you back by sunset. No sweat.,40,1,1,42,527
Take me to your unsuccessful Democrat candidate.,40,1,1,42,527
Good evening Sir. Welcome to THE VEGAN.,40,1,1,42,527
"I'm running for President, and I'd like your vote.",40,1,1,42,527
"Are you what they call ""an african-american""?",39,3,0,42,527
So good to see you. Can you score me some ethanol? We're out of fuel--and really thirsty...,39,3,0,42,527
"Magnetic levitation and wind power. That's the future, friend.",39,3,0,42,527
I'm sorry we only accept intergalactic credit cards.,39,3,0,42,527
Greetings. I'm an interplanetary free-range farmer.,40,1,1,42,527
so its true,40,1,1,42,527
"Nice mission, Klaatu. Where's Gort?",39,3,0,42,527
Thats man...Did you...Did you want to come in for a smoke?,40,1,1,42,527
"We're sorry to go; it's a great neighborhood, but Zork just doesn't feel safe with all these illegal immigrants moving in.",39,3,0,42,527
You would not believe how hard it is to find non-GMO tomatoes out there...,40,1,1,42,527
Now let me have your cows.,39,3,0,42,527
"I think ""anchor baby"" is a real buzz-kill, don't you?",40,1,1,42,527
I'm here for eighteen months to party with earthlings -- then I decide whether to return,39,3,0,42,527
We accept all illegal aliens where I come from.,39,3,0,42,527
I'm taking requests before I head out to the field.,39,3,0,42,527
Welcome to Iowa. Bernie has long predicted a Super Delegate Surprise.,40,1,1,42,527
"Hello, I'm an anti-Trump. Is this Iowa?"" ""Yes, but you're 6 months too late. But you can still make it to Cleveland in time.",40,1,1,42,527
Take you to my leader.,40,1,1,42,527
"Hey, Honey, I told you this was a good place to stop for a quick bite. Take out is here!",39,3,0,42,527
"Hey Chuck, Zawlex - we spoke via crop? Nice to finally meet you.",40,1,1,42,527
Sorry but I don't speak French.,39,3,0,42,527
"Listen, that ""corn"" you sold me last week was really great. Do you have any more?",39,3,0,42,527
Hello Friend ! Can I interest you in some intergalactic farm insurance ?,39,3,0,42,527
Welcome. Let's take a spin around your farm first before we blast it.,39,3,0,42,527
Greetings! We're about to show you an aerial view of your field.,40,1,1,42,527
Come inside and have a drink,39,3,0,42,527
"Well, yes, my crops ARE genetically engineered...",39,3,0,42,527
It's all yours! I'll need a ride back,39,3,0,42,527
Thanks! My kids insisted that I bring them back a disco ball when I left for planet Earth.,40,1,1,42,527
We come in peas-- GMO-free peas!,41,1,1,43,527
Yes human I said our species is called the Ileegahls.,41,1,1,43,527
"Gotta run, Hubert. Your possum gumbo is--how do you say it?--outta this dang world!",40,3,0,43,527
We have some great GM animals for you.,40,3,0,43,527
Our hydroponics are out of this world!,40,3,0,43,527
Can you make this one a peace sign? Might be helpful about now.,40,3,0,43,527
Greetings from Monsanto Welcome Wagon.,41,1,1,43,527
"Toto, yes you’re in Kansas.",40,3,0,43,527
"Honestly, UBER treats us better than my old boss did.",40,3,0,43,527
How's your brother Jeffrey?,40,3,0,43,527
You have run circles around the other guys we hired.,40,3,0,43,527
What took you so long? I drew that crop circle when Brownback became Governor of Kansas. I was hoping to leave before he mucked things up.,41,1,1,43,527
Please come in and tell us more about Rumspringa.,41,1,1,43,527
Welcome to the no TRUMP world.,40,3,0,43,527
My name is Wizard and we're going to a planet named Oz,41,1,1,43,527
"Earthling.....what do you mean by ""how do you keep them down on the farm""?",40,3,0,43,527
"Really, don't worry, those GMO seeds will be great.",41,1,1,43,527
"OK, it's a deal. But, obviously, escrow has to close before Trump becomes president.",41,1,1,43,527
Come on in. My wife's guac recipe is out of this world.,40,3,0,43,527
So about the probing...,40,3,0,43,527
It's an honor to meet you. Your crops are always a pleasure for us to circle.,40,3,0,43,527
Is that a hat or are you happy to see me?,35,2,0,37,527
The last roundup was yesterday. You missed it.,35,2,0,37,527
"Just like you, we're a disappearing species.",35,2,0,37,527
"I don't mean to be corny, but...",36,0,1,37,527
Welcome Young man. Our research indicates that you are a likely participant in the July 5 Iowa caucus,36,2,0,38,527
Howdy neighbor. We'd like your help in getting subsidies from your leaders.,36,2,0,38,527
We are here to negotiate the crop circle contract.,36,2,0,38,527
Welcome slob. Hate spacesuits. Teach us pollution.,36,2,0,38,527
Sorry about the dessert -- next time we'll have pie.,36,2,0,38,527
"Hello! I wonder, do you happen to have a cup of sugar? The missus is asking.",36,2,0,38,527
"""Remember, they haven't figured out yet that GMO stands for Gort Makes Onions"".",36,2,0,38,527
Relax ! We have lots of sheep !,36,2,0,38,527
We've chose you for our next GMO project.,36,2,0,38,527
Hi there young fella! Come in and set a spell.,36,2,0,38,527
I'm a big fan of Kelly McGillis.,36,2,0,38,527
Come on in and meet the Mrs.,36,2,0,38,527
Congratulations! You must be Salt of the earth?,36,2,0,38,527
We're now offering a stairway to space.,36,2,0,38,527
We heard you needed more space for your crops.,36,2,0,38,527
I must have taken a wrong turn at Alburqueque,36,2,0,38,527
We'd like to borrow your planet.,36,2,0,38,527
I want to eat your face. Just shake my hand and I'll get my bib in a second.,37,2,0,39,527
"Hey Bill, I'm G*#^^r. Let's make this happen!",37,2,0,39,527
Welcome to Believeland.,37,2,0,39,527
Welcome aboard! Let me show you to one of our probing rooms.,37,2,0,39,527
Now remember: Trump yes; Clinton no.,37,2,0,39,527
We're hoping you can teach us how to make crop circles.,37,2,0,39,527
With your help Mr. Trump will be elected instead of returning to the mothership.,37,2,0,39,527
"Howdy pardoner, we've been expecting you.",37,2,0,39,527
Thanks for not planting wheat. We're gluten-free too!,38,0,1,39,527
Welcome! Can I show you how we make crop circles?,37,2,0,39,527
Howdy! I reckon y’all don't get too many strangers round these parts!,38,0,1,39,527
"Thanks again, free-range eggs are going for ?52 Qudnaps at my local GalacticFoods.",37,2,0,39,527
"Hi, I left my planit because of Marxit.",37,2,0,39,527
We're looking to make locally grown non GMO organic crop circles.,37,2,0,39,527
So THIS is what the city looks like!,38,0,1,39,527
Take me to your Yay-hoo.,37,2,0,39,527
"Hey, you're just in time for our bio-diversity party!",37,2,0,39,527
Come on in little feller. It's been a while since we've had the opportunity to serve man.,37,2,0,39,527
No government subsidies where we are going.. for we have no government..only vegetables.,37,2,0,39,527
Loved the corn! Do you grow pizza?,38,0,1,39,527
Thank goodness-Roswell is a scorcher and we have unimaginable presumptive candidates..,37,2,0,39,527
"We would be happy to pay you for the cattle. Come right in and have a seat at the examining table, Mr. Saunders.",37,2,0,39,527
We are here to serve you-we just need some of your potatoes.,37,2,0,39,527
Thank you for your vote,37,2,0,39,527
We've been contracted by the Koch brothers to gather up Republicans like you in order to save the Party from extinction.,37,2,0,39,527
Leave quickly before Trump tries to build a wall around you too.,37,2,0,39,527
Take me to your subsidy.,37,2,0,39,527
You're real! May I bring the wife and kids? They never believed me.,37,2,0,39,527
Hopefully you can teach us some of Matt Damon's tricks during your visit...,37,2,0,39,527
"Greetings Farmer John! Are you voting for Hillary, too?",37,2,0,39,527
Can you loan us any unused atoms?,37,2,0,39,527
Howdy neighbor!,37,2,0,39,527
"Thank you so much for the milk and cookies. By the way, do you have any Pepto Bismol.",37,2,0,39,527
This thing got a sprinkler?,37,2,0,39,527
U-um ah we will cook your Thanksgiving meal.,37,2,0,39,527
Are we still in time for Woodstock?,37,2,0,39,527
"Glad to meet you, we came for some salt and pepper.",37,2,0,39,527
Our tractor's not working!,37,2,0,39,527
Our universal positioning system is on the blink.,37,2,0,39,527
So you're the one in charge of my GMO's,38,0,1,39,527
"Jesus Christ, what an asshole.",38,0,1,39,527
"Christ, what an asshole!",38,0,1,39,527
From a Twilight Zone eiposde we're here to best serve man,37,2,0,39,527
"Have no fear, we're non-GMO.",37,2,0,39,527
I'm from FarmersOnly. You checked you're okay with anal?,37,2,0,39,527
"Thank you for the lift, Papa. Rumspringa 2247 is going to be great.",37,2,0,39,527
These new seeds are out of this world!,37,2,0,39,527
M.I.B. online said I could find a good Edgar Suit here.,37,2,0,39,527
"That double reverse convex wheel thing was tricky, but I think the Donald Trump smiley face will be easier.",37,2,0,39,527
Greetings! While you were napping Trump won the election.,38,0,1,39,527
"The wife and I, we thought maybe you'd like to design our Halloween corn maze this year, for the kids.",37,2,0,39,527
Welcome aboard. We are thrilled with your organic agriculture.,38,2,0,40,527
I guess size matters up here too.,38,2,0,40,527
Go! Go! I'm sorry that I said 'Stay' way back then.,38,2,0,40,527
"Yes, but you're sure you can do organic.",38,2,0,40,527
Mr. Trump isn't in now. Please check back when his polling numbers drop another 10 points.,38,2,0,40,527
"i'm looking for ""The Wire"" on dvd",38,2,0,40,527
Welcome aboard sir. As an illegal immigrant to our planet you will receive minimum wage for picking cotton. I will help you over the wall.,38,2,0,40,527
We come from your future. Beyond the Wall.,38,2,0,40,527
It turns out I was actually holier than thou...,38,2,0,40,527
"Now that you're GMO-friendly, we'd like to lease your back forty as a prenatal unit.",38,2,0,40,527
"Welcome! I'm Qjzb,head of our Alien Assimilation Unit. We gather from your twitters that you're an advocate.",38,2,0,40,527
Welcome aboard. We take off for our planet in five milliseconds!,38,2,0,40,527
"Your bicolor corn is flourishing on our planet. Only now, it's transgender corn.",38,2,0,40,527
Welcome aboard Star Wars Airlines.,38,2,0,40,527
"Hello, neighbor! Have you heard the word of Xenu today?",38,2,0,40,527
Our planet is starving. Can you spare us some bees?,38,2,0,40,527
Ah... Close encounters of the turd kind.,38,2,0,40,527
John Deere.,38,2,0,40,527
"I'm actually a third cousin, once removed, on your wife's side.",38,2,0,40,527
I gave at the office.,38,2,0,40,527
"Good evening, sir. I'd like to talk to you about our Savior, insurance, AND space travel.",38,2,0,40,527
I'll take you back to the city after the election. Remember: Vote Hillary.,38,2,0,40,527
"Oh, thank God you're here. We are having serious problems with our crops this season.",38,2,0,40,527
"Eric Stranton, Rush Chairman. Damn Glad To Meet You",38,2,0,40,527
Dance?..I thought you'd never ask.,38,2,0,40,527
"Welcome,you're going to like my world.",39,0,1,40,527
"Come with us, earthling. I promise you'll be able to phone home on the range.",38,2,0,40,527
Just in time; we have run out of cocaine,38,2,0,40,527
"What do you mean, ""Where's Melinda Dillion""....",39,0,1,40,527
Hi there! We heard they're giving away free land again!,38,2,0,40,527
Our genetically modified corn hasn't been working out so well.,38,2,0,40,527
Your corn in my canvas.,38,2,0,40,527
Yeah it's me Charlie. I'm your transplanetary sister.,38,2,0,40,527
Is this where I sign up for the farm share box?,38,2,0,40,527
Come on in and sit a spell. The wife was just sayin' she had a taste up for some mincemeat pie.,38,2,0,40,527
Hello! Welcome to Sweetie's flying pies !!,39,0,1,40,527
I want to demonstrate how America welcomes aliens.,38,2,0,40,527
Have you seen my wife? She should be arriving any minute from Venus.,38,2,0,40,527
Wow! Word really does get around when you're looking to hire an illegal.,38,2,0,40,527
"Hi there, are there any cows here? I swear I just saw one go over the moon.",38,2,0,40,527
"You take care of the woman who's sleeping next to me, and you got yourself a deal.",38,2,0,40,527
Welcome. Most of our visitors drive muddy dual wheel pickups but I never seen one this shiny. What kinda car wax do you use?,38,2,0,40,527
Welcome aboard. I will be your health care provider with your Obamacare health plan.,38,2,0,40,527
"And if you are ever in the neighborhood of Venus, stop by and I'll reciprocate the hospitality.",38,2,0,40,527
"Welcome, we need a good corn husker!",38,2,0,40,527
"Welcome to my ship, ""The Dust Bowl"".",38,2,0,40,527
Gluten-free? It's #1 down here.,38,2,0,40,527
Nice to meet you...We are looking forward to working on our landings in your cornfield.,38,2,0,40,527
Are. Your. Loved. Ones. Provided. For. In. The. Event. Of...,38,2,0,40,527
"Welcome back Zeke. Your last test results were good, but we have to do some more probing and it's all covered by Medicare.",38,2,0,40,527
"Marvin, I presume.",38,2,0,40,527
"We've ruined our planet, so we've come to share in your paradise.",38,2,0,40,527
Please vote Clin-Ton. We need sustain food supply.,39,0,1,40,527
This might be our last visit for awhile if alien's are made illegal and you borders are closed.,38,2,0,40,527
Gotcha! I invented the joy buzzer and I want my royalties.,38,2,0,40,527
"Greetings, earthling. Take me to your leader, Mr. Trump.",38,2,0,40,527
Is this the way to the hog-tying contest?,38,2,0,40,527
Welcome! Your John Deere up on Mars awaits you.,38,2,0,40,527
Welcome aboard. Did you bring your Farm Subsidy check?,38,2,0,40,527
Hi Vincent. How'd you like to see a starry starry night?,38,2,0,40,527
"Organ harvesting? What, I lookee likee Chinee here?",38,2,0,40,527
You're not Flash Gordon!,39,0,1,40,527
Welcome to our GMO.,38,2,0,40,527
Sleepwalking and handshaking - both of them... 'We need help...',39,0,1,40,527
"Our vehicle runs well on turnip juice, and you're the man we've come to see.",38,2,0,40,527
We just came to lend our support to Donald Trump and visit Roswell.,39,0,1,40,527
You must be the fertilizer guy. Come on in!!,38,2,0,40,527
Of course it is organic,38,2,0,40,527
i thought the show was fake,38,2,0,40,527
We rushed your order of non-GMO seeds.,39,0,1,40,527
We are here to check out your drones.,38,2,0,40,527
Are you my mommy?,38,2,0,40,527
Take me to your followers.,38,2,0,40,527
"Hello, Earthling. We're here to fix your Trump problem.",38,2,0,40,527
Greetings Earthling. Take me to your WiFi !,38,2,0,40,527
You don't need a photo ID.,38,2,0,40,527
Got any non-GMO seeds? We're fresh out.,38,2,0,40,527
Do you have any good manure?,38,2,0,40,527
You're sure you have enough water to share with me?,38,2,0,40,527
Thank God they passed the Farm Bill.,38,2,0,40,527
Take me to your market.,38,2,0,40,527
I'm here to tell you what it's all about Alfie.,38,2,0,40,527
"Hi, I'm A. Lian. We've been expecting you.",38,2,0,40,527
We'd like to talk to you about GMOs.,38,2,0,40,527
"Greetings, I hope you're not afraid of heights.",38,2,0,40,527
"Come on in, Earthling Farmer, and taste what WE'VE been harvesting!",38,2,0,40,527
"Fertilizer, pesticides, genetically modified seeds--we'll make you rich! Just come on in. Come on in!",38,2,0,40,527
"Hey, thanks for making all those crop circles; it's really upped our intergalactic street cred.",38,2,0,40,527
Matt Damon? We are here to take you back.,38,2,0,40,527
It's an honor to meet you and visit your country Mr.President.,39,0,1,40,527
Trump was supposed to make our appearance seem less threatening.,38,2,0,40,527
Are you sure you're Donald Trump?,38,2,0,40,527
Stop tickling my palm-It makes me uncomfortable.,38,2,0,40,527
Congratulations the Galactic Comity of Eradication Prevention has chosen your genes to represent the human species in case Trump becomes president.,39,0,1,40,527
I always wanted to shake the hand of my CSA farmer.,38,2,0,40,527
Sure you want to come? We don't have horses and buggies on Xenopia.,38,2,0,40,527
Yup! If you win the Crop Circle Design contest you'll get a helmet just like mine.,38,2,0,40,527
"Hello, I'm Donald your Supreme Commander. Welcome to the U.S.S Apprentice.",38,2,0,40,527
We need someone to teach us how to shoe a horse,38,2,0,40,527
I know it looks like I’m wearing glasses; but I’m not.,38,2,0,40,527
Greetings. May I borrow your detachable appendage to phone home?,38,2,0,40,527
"Hurry, before the yuuuge wall gets any taller.",38,2,0,40,527
Come in. I have a cellphone. You can call home.,38,2,0,40,527
My kids were asking are there any crop fields round here?,38,2,0,40,527
"Don't worry! I promise, you'll fit right in, Flarbnorf.",39,2,0,41,527
Yes it is the election year and they are the only candidates .,39,2,0,41,527
This is some barn you got here mistuh!,39,2,0,41,527
Hello. Sorry we had to emergency land here. If we can we use your Electric Vehicle Power Station to recharge we'll be on our way lickety-split.,39,2,0,41,527
"This for June 20, 2016 contest. Sorry I am a little late. Size doesn't matter here.",39,2,0,41,527
Sorry...Klaatu got deported.,39,2,0,41,527
Too cold for your liking? Give it time.,39,2,0,41,527
The fitting room is on your right.,39,2,0,41,527
Welcome aboard Mr. Ziffel! Did you bring Arnold?,39,2,0,41,527
"Delivery! Hay from Mars, for Mr. Farmer.",34,1,0,35,527
Hello. The name's Circle.,35,1,0,36,527
"Sorry, the party's been cancelled - something about global warming.",35,1,0,36,527
Would you be a lamb and go 'head and take me to your leader?,35,1,0,36,527
Klatu barada nikto GMO!,36,1,0,37,527
"Come join me firend, I'm binge watching Gilmore Girls.",36,1,0,37,527
"Don't be fooled by our plain and simple ways. Your science might be 1,000 years ahead of ours but you only have the the other earthlings beat by 816.",36,1,0,37,527
Thank you. We can only land in wheat fields,36,1,0,37,527
Congratulations! You're the first human to use our shuttle service.,36,1,0,37,527
"Absolutely, glad to be of service. Did you want to check out our new Rhombus option?",36,1,0,37,527
"Ark ""no""",36,1,0,37,527
Do you really think you're going to fool Him with that hula hoop?,37,1,0,38,527
"The wall around your world is nearly finished. Good luck, Gomer.",37,1,0,38,527
It works as a parental lock for both Netflix and Xenu.,37,1,0,38,527
Howdy. I'm the GMO you planted last year.,37,1,0,38,527
So you finally decided you need me to show you how to grow crops the right way.,37,1,0,38,527
"Quick, get in here before the genetically modified crops eat you alive.",37,1,0,38,527
Welcome to Uber-Xterra. We'll have you in town in less than 30 seconds and that includes some crazy crop circles.,37,1,0,38,527
Howdy. I'm gonna show you something that's faster than a horse.,37,1,0,38,527
"Gravity-free tomatoes, corn and wheat -- light, airy and fun to eat!",37,1,0,38,527
Are you the hillbilly life form in slaver of the cows?,37,1,0,38,527
Tell me all about Trump. We've been without cable for almost a millennium now.,37,1,0,38,527
A farmer cosdume in dhe mid-wesd...mosd excellend Eardhling Drump.,37,1,0,38,527
Is this a GMO?,37,1,0,38,527
Something there is that doesn't love a wall.,37,1,0,38,527
I've recently lost a bunch of weight.,37,1,0,38,527
We need your expertise. Only potatoes grow on our soil.,37,1,0,38,527
"So you're the species that has finally developed the technology to capture farts. Tell me more about this contraption you call a ""methane digester.""",37,1,0,38,527
We really like your organic grass-fed beef.,37,1,0,38,527
"""Welcome, was it raining on the way?",37,1,0,38,527
Thanks for agreeing to be our surrogate.,37,1,0,38,527
"For a little extra, we guarantee delivery in 2116.",37,1,0,38,527
"""Are you sure you've got those fancy-schmancy alfalfa seeds aaboard your vehicle/'",37,1,0,38,527
We're an advanced civilization. Why would we want to see YOUR leader? We want you to show us how to sow our wild oats.,37,1,0,38,527
"Mildred, that Trump fella needs a bigger wall!",37,1,0,38,527
We are here to supernavigate the wall.,37,1,0,38,527
...but I'd have to leave here.,37,1,0,38,527
Welcome aboard...Hope you are into BBQ,37,1,0,38,527
Sorry we couldn't make a deal. I just wouldn't feel right raisin' that kind of livestock…,37,1,0,38,527
And so the “Farmer Glorp” saga begins…,37,1,0,38,527
It's more than a confined feeding facility.,37,1,0,38,527
"So nice to meet you, an Earthling unaware of the Simpson's and their book, How To Cook for forty Humans.",37,1,0,38,527
"Welcome Earthling! I kicked out the crew so you can be the first tenant in our Galactic Arms AirBnB! You can tell the wife, we'll have your bones back by supper. We Promise!",37,1,0,38,527
We’re disappointed too.,37,1,0,38,527
The names AL. AL Leon. Welcome! What's your ass size 6?,37,1,0,38,527
The optional whitewalls clashed with his onesie.,37,1,0,38,527
How'd you like to farm for the Neptune Icebreakers?,37,1,0,38,527
"Take us to your lead- what was that? Oh I see, never mind then.",37,1,0,38,527
Welcome Mr. Brown,37,1,0,38,527
Tell Kevin Costner sorry about the mix-up.,37,1,0,38,527
"I accept your monthly parking rate for space ships of $200 per month which is 22,000 Err%&s in our currency.",37,1,0,38,527
We're from Planet Trump - take us to our leader.,37,1,0,38,527
At warp speed our migrant farmers arrive in time to practice the lost art of spring plowing ....,37,1,0,38,527
You have a beautiful planet. Is Trump really running against Hillary?,37,1,0,38,527
C'mon in and try MY Moonshine.,37,1,0,38,527
Hey Fred it's been along time! We all decided we would like for you to be our permenant subject. What do ya say?,37,1,0,38,527
Welcome to new space farming technology.,37,1,0,38,527
You're just in time for dinner. I hope you like curried Martian.,37,1,0,38,527
"Nice mission Klaatu, you really had 'em fooled for years. Now it's time to take you home.",37,1,0,38,527
"I'm a little tired of those farmer daughter jokes, arent't you?",37,1,0,38,527
We need your business.,37,1,0,38,527
That being with the orange skin convinced us its better back on planet Zorg.,37,1,0,38,527
Is this the best route to Paradise?,37,1,0,38,527
"Take me to your leader, Monsanto.",37,1,0,38,527
We need you to stop growing genetically modified crops.,37,1,0,38,527
"Mister, that airbnb shure did you injustice...",37,1,0,38,527
"You inspire the poet in me: You work those rows with hoes, and then you sows what grows.",37,1,0,38,527
I am running on empty. Could you spare a gallon of gas?,37,1,0,38,527
"Everyone knows of the dust bowl, but few believe in the dust saucer.",38,1,0,39,527
We welcome you to our UFO that will soon take off to space.,38,1,0,39,527
There's no Trump up here.,38,1,0,39,527
Tom Joad? Welcome to Sandersville. You've come home to your people!,38,1,0,39,527
Welcome aboard to where no airline goes--true adventure!,38,1,0,39,527
"Good morning, Mr McGregor. C'mon in. The hasenpfeffer's almost ready.",38,1,0,39,527
"Welcome, stranger! Lost your way? You can park in my fields, then come on down for breakfast!",38,1,0,39,527
"Hey, did you bring some beer?",38,1,0,39,527
Sorry about all the crop circles. We were just trying to signal to you that your planet has a giant growing hole in an important looking atmospheric layer. Seemed like you guys hadn't picked up on it.,38,1,0,39,527
Thank you for coming. It is getting harder and harder to reach across the isle these days.,38,1,0,39,527
How'd you know we needed a fourth for pinochle? Come on in!,38,1,0,39,527
Thank you for having a place flat enough to land.,38,1,0,39,527
"Mars meeting the extinct ""Oh Henry"".",38,1,0,39,527
We'd like to pick your brain a little for help with our crop circles?,38,1,0,39,527
"Hi, I am an intergalactic anthropologist. I have come here to study you.",38,1,0,39,527
Life form Jim on planet Z-91 kept exclaiming to life form Pam that the ethnics were finally coming to take the farm.,38,1,0,39,527
This policy will protect you from illegeal aliens.,38,1,0,39,527
Thanks for coming to our rescue. We did run out of helicopter money.,38,1,0,39,527
No. The Donald hasn't applied to immigrate.,38,1,0,39,527
"I'm here to see Mr Scott. Ridley Scott.""",38,1,0,39,527
You're not the guest that I was expecting to see!,38,1,0,39,527
You should see his bottle.,38,1,0,39,527
We'll take all the locally grown unsustainable GMOs you can send us.,38,1,0,39,527
"Canada is no longer letting in Democrats, so......",38,1,0,39,527
"Your election rituals are most intriguing, can we vote in this area on Earth?",38,1,0,39,527
Please tell me that you guys are not having elections this year!,38,1,0,39,527
I knew there was a market for GMO's,38,1,0,39,527
Take me to your feeder.,38,1,0,39,527
%#*€¥~ GMO,38,1,0,39,527
we stopped with the probes years ago. Turns out corn niblets aren't the secret to the universe after all.,38,1,0,39,527
Nice doing business with you.,38,1,0,39,527
"You know, a bit more slope to that roof and another prop and you'd have passed us.",38,1,0,39,527
"Wall? What do you mean by "" Did we come to build a wall?""",38,1,0,39,527
Do you think I could also book an ark on airbnb?,38,1,0,39,527
"I'd appreciate a ride, but your spaceship's a little too other worldly for me.",38,1,0,39,527
You want T R U M P four feet high on both sides--got it!,38,1,0,39,527
You're our favorite reality star.,38,1,0,39,527
What is your Netflix login?,38,1,0,39,527
Trump? Then take me to Canada.,38,1,0,39,527
I think you might be one of us.,38,1,0,39,527
"My translator is now fixed, I come for piece, not in peace.",38,1,0,39,527
"Gorgeous cabinet, love the extra storage. We'll be back!",38,1,0,39,527
So we want to buy your entire crop of Junior Mints!,38,1,0,39,527
Just follow the nose. It is clogged since we left Venus.,38,1,0,39,527
This beats the hell out of sniffing burlap.,38,1,0,39,527
"Welcome to Uber! And, no, we don't have unions or insurance requirements here, either!",38,1,0,39,527
"Welcome to the Space Ark. Sorry, we only accept couples.",38,1,0,39,527
You promise you don't use GMO'S in your feed!,38,1,0,39,527
Welcome to Trumpism; we promise to give you an out-of-this-world experience.,38,1,0,39,527
We thought you were kidding when you said you couldn't take the election bickering any more.,38,1,0,39,527
Trump hasn't built a wall around Mars yet.,38,1,0,39,527
"Ok, late October? Thanks.",38,1,0,39,527
"Welcome to the world of Wisconsin v. Yoder, where 8th graders rule.",38,1,0,39,527
Finally! Someone who understands GMOs.,38,1,0,39,527
Gabba Gabba Hey,38,1,0,39,527
I can certify your GMO crops.,38,1,0,39,527
"Greetings. Xrk Qrg, candidate for intergalactic emperor. Hoping I can count on your vote this November. #NeverTrump",38,1,0,39,527
You're on the right flight! We have a layover in Kansas before we head beyond the Milky Way.,38,1,0,39,527
I didn't want it. It was thrust upon me.,38,1,0,39,527
"Hi, I'm Ethan. I heard you earthlings come up with great nicknames!",38,1,0,39,527
Well nobody told me us was flyover country.,38,1,0,39,527
"Welcome stranger. I am Billy Bob. What is your name? You are not from around these parts, are you? Is this one of those fancy hybrid vehicles? I got an old Chevy pickup, but thisun is sure a beauty.",38,1,0,39,527
I'm a genetically-modified human from the future. It's about your seeds ...,38,1,0,39,527
Is this interstellar gentrification?,39,1,0,40,527
Is all of your corn genetically engineered to resist crop circles? I really need to park this thing.,39,1,0,40,527
"Hey, Fred! It's me, George, that guy from Ag Extension.",39,1,0,40,527
"Greetings, and welcome to your non-stop service to the merry old land of Oz",39,1,0,40,527
"Is this a ""bring your own probe"" UFO?",39,1,0,40,527
Oh my Goodness! The alien from the Unidentified Combine Harvester!,39,1,0,40,527
Hi - How much do you want for your farm?,39,1,0,40,527
"John, good to see you again. Your farm seems a lot closer to water than before. Any interest in some used docking stations?",39,1,0,40,527
Welcome. There are no Presidential elections on our Planet.,39,1,0,40,527
"Come, Sir, planet Trumpton awaits.",39,1,0,40,527
Wow!...so you're a human!...you're not so funny looking...would you like to have some kpim with me...that means lunch where I come from...come on in and excuse the mess.,39,1,0,40,527
"Greetings, we come in peace. May we have a cup of sugar, it powers our reactors?",39,1,0,40,527
"It's your kids, something has to be done with your kids!",39,1,0,40,527
"Miracles happen in all places, not just urban capitals.",39,1,0,40,527
Mr. Rotorooter I presume?,39,1,0,40,527
"That's a nice firm handshake you have there. They say that means a lot about a man, but one shouldn't judge a book by it's cover. Say, I'm hungry. You wouldn't have any fixins' would would ya'?",39,1,0,40,527
"Nice to see a familiar face. Oh! By the way, is your leader. . . Jonald Donothan Trunk, because if he is, don't take me to him.",39,1,0,40,527
I guess it gives extra points to remember the toilet seat.,39,1,0,40,527
"I told her I needed more space. Yup, a classic Midwest crisis.",39,1,0,40,527
Does your wife know that new pub isn't close enough to the village?,39,1,0,40,527
We're starting to colonize your planet and decided to start here [translation],39,1,0,40,527
Glad you could make it. It's just an informal ride.,39,1,0,40,527
Welcome! This is Independence Day and you don't have to milk the cows.,39,1,0,40,527
"Welcome aboard, Mr. Jones. Don't worry, I'll have you back in time for the fall harvest.",39,1,0,40,527
John Deere who's that?,39,1,0,40,527
"Dorothy, we're still in Kansas.",39,1,0,40,527
www.farmers dating farmers.com meet & greet here?,39,1,0,40,527
I don’t have none of them Reese’s Pieces.,39,1,0,40,527
We will trade information for sorghum.,39,1,0,40,527
"Welcome to my farm, the nation's capital of alien invasions and abductions!",39,1,0,40,527
Your CSA is worth the drive.,39,1,0,40,527
"If you wanna fly, come and take a ride / Take a space ride with the cowboy, baby",39,1,0,40,527
Welcome. Thanks for giving us a hand in growing these GMO seeds.,39,1,0,40,527
Independents Day,39,1,0,40,527
Hi Harry! Can I borrow a cup of flour & 2 eggs?,39,1,0,40,527
"You probably don't recognize me, but I am the cockroach you have NOT burned to a crisp on June 23 1970.",39,1,0,40,527
Come join us; we have the most high-tech tractors and cultivators.,39,1,0,40,527
"Zeke, is that really you? So glad you could make it. We're all dying to hear about this whole body-snatching thing you've come up with.",39,1,0,40,527
"Sorry, we're out of moon shine, but we do have milk-e way",39,1,0,40,527
Welcome Earthling the bar is open.,39,1,0,40,527
"Boy, you Brexit people look funny.",39,1,0,40,527
"Welcome to aboard for the journey to our alien world which, as it turns out, is much less scary than yours has become!",39,1,0,40,527
"Welcome. Come join the all the hard working true blue farmers and indigenous people of the land, we will preserve your truth and your purpose.",39,1,0,40,527
Welcome back to Earth Mr.K. How was your trip to Xenon 3. Ughh it was weightless.,36,0,0,36,527
New tractor? You've--uh--come to the right place!,37,0,0,37,527
"Ahhh... you finally saw my crop circle. I've been telling the locals 'if you build it, they will come', but they thought I meant Babe Ruth. Jokes on them, eh? Martians are way better!",36,0,0,36,527
E.T came back to earth after 20years!,37,0,0,37,527
"Welcome, Earthling -- just in time for our 2-for-1 sale!",34,0,0,34,527
Welcome old Hipster; we'll party like it's 2099!,36,0,0,36,527
"""To Serve Man is a cookbook?"" Pshaw.",38,0,0,38,527
"Thank you so much, the stop before made you buy something before you could use the bathroom and we're on a budget",36,0,0,36,527
"I don't need any of this Amway, I assure you. I really must be getting back to my umm...home office.",37,0,0,37,527
Greetings. And Gesundheit! We hear Best Foreign Film's weak this year...,36,0,0,36,527
"I could really go for an ice-cold Coke. In a tall glass, please.",35,0,0,35,527
Welcome to our galaxy,36,0,0,36,527
Rodgers and Hmrztnx Boffo with New Musical,37,0,0,37,527
"Welcome, my space savours locavores.",34,0,0,34,527
"Are you from Washington, D.C., and are you here to save us?",36,0,0,36,527
Welcome! Won't you come in for a bite to eat and coffee?,37,0,0,37,527
I'm sorry. You must understand that we came in the name of peace but we are concerned we would leave America in pieces.,36,0,0,36,527
""" thank you for all your help, i'm going to miss big guy "" said Sean.",38,0,0,38,527
Hi Zeke. Come on in. My wife is baking a shasbot.,36,0,0,36,527
"Hi, I am sure you seen our cloud-seeding television commercials.",37,0,0,37,527
Hi! We just ran out of ethanol; do you happen to have any for salle?,36,0,0,36,527
It's like Brexit or divorce. Just you and God navigating the universe.,37,0,0,37,527
Farmer Brown reluctantly accepting a ride to the Crop Circle Treaty Summit.,36,0,0,36,527
"I don't think you're going to like our ""Hubble.""",37,0,0,37,527
Come along little framer.,37,0,0,37,527
Sarah Bellum? How do you stop tornadoes?,38,0,0,38,527
Ving ton rapth thfffft!,36,0,0,36,527
We’ve been told the term ‘peasant’ is politically non-bias-free. Would you prefer the term ‘pastorally-oriented provincialist’?,36,0,0,36,527
Have you ever been to Californee?,37,0,0,37,527
Take me to your Trump.,37,0,0,37,527
Come in. We have delicious apple pie.,36,0,0,36,527
"I learned from ""My Space"" about your area's 'out of this world' special country appeal.",37,0,0,37,527
"Howdy! Something tells me you're not in Jupiter, anymore.",37,0,0,37,527
...and no GM foods.,36,0,0,36,527
Don't worry... on Mars you'll be safe from Trump.,35,0,0,35,527
"Pleased to meet you, Governor Brownback. Come in, won't you? I'll get the cash.",37,0,0,37,527
"Welcome, friend! This home is recently renovated... Best of all, it's listed at only fifty thousand Blartniks!",37,0,0,37,527
That's why Mr. Paul is counting on people just like you.,37,0,0,37,527
Klaatu barata ni . . . Nike!! . . . Nitre! . . . Ninja? . . . Nirvana??,35,0,0,35,527
*astronaut/alien* Hi Jerry. I'm Steve. I've been watching you.,37,0,0,37,527
"Farmer Brown, Dad, we're so glad you're coming to our place this Thanksgiving!",37,0,0,37,527
Best corn liquor in the galaxy! Let's talk distribution rights.,36,0,0,36,527
"I thought this was the plane to Mars, California.",37,0,0,37,527
"Welcome back, Plo Koon, you're just in time for grits , eggs, and bacon!",37,0,0,37,527
"Thank you for accepting me on your planet, with Trump in charge I no longer have labor to farm my crops.",36,0,0,36,527
We'll keep you posted about the wall.,36,0,0,36,527
Can you put a corn head on this contraption?,37,0,0,37,527
"Naow, jes come awn up Jacob's ladder and we's a gonna rectalfy that boredom you've a been feelin!",37,0,0,37,527
Delighted you're coming to clue us in on seed planting on Galactica!,35,0,0,35,527
''You remind me of Mr clean.'',37,0,0,37,527
"Welcome to Nebula Market Research, we're so excited to add you to our participants.",37,0,0,37,527
"I'm from Kansas, what about you?",36,0,0,36,527
Weren't you a greeter last week at the big box?,37,0,0,37,527
Welcome to Space Real Estate.,36,0,0,36,527
"Ethanol?! Ethanol!? But the space travel brochure said, ""Earth and all""!",36,0,0,36,527
"What makes this thing go? As long as it isn't electricity, I'll take some.",37,0,0,37,527
Congratulations! You have won the 1st annual celestial sweepstakes.,36,0,0,36,527
"All aboard to the ISS ""International Space Station"" where all of us aliens live. BTW, this is a UFO.",37,0,0,37,527
I don't know what I'd do without my CSA. See you next week!,36,0,0,36,527
Perfect timing!,36,0,0,36,527
It is nice to meet you Mr. Wizard of Mars.,36,0,0,36,527
"Oooo, that's a nice Edgar Suit.",37,0,0,37,527
"Well, howdy Pilgrim",36,0,0,36,527
Greetings. Do you have an dilithium crystals?,36,0,0,36,527
Trump says he wants you.,37,0,0,37,527
"Hi, I'm your new Presidential Candidate's alternative. Vote for me!",38,0,0,38,527
"Yes, it's gluten free.",35,0,0,35,527
"Dude, E-I-E-I-O is Martian for ""Please take my planet."" Thanks!",37,0,0,37,527
I'm Hilary Clinton and I'm running for President.,37,0,0,37,527
Mr. Musk asked me to remind you to bring the corn.,35,0,0,35,527
Don't give in to fear.,37,0,0,37,527
Welcome aboard. I want you to taste the wine we made and tell me what you think.,37,0,0,37,527
You guy turn out to be a perfect stranger.” “Thank you.,35,0,0,35,527
I can do zero to sixty in this baby before you can say 'Jack Robinson'.,37,0,0,37,527
I know you Kansas people think there's no place like home but wait until I show you Comet Hyakutake from the other side of the moon.,36,0,0,36,527
"Yes, I am happy to see you, but the size of my halo has nothing to do with that.",36,0,0,36,527
"Aloha. Where I'm from we get hula hoops, not halos.",36,0,0,36,527
"No no, it's all good. We're just having a little dinner. Come on in. Time for a drink?",37,0,0,37,527
Alien: Hello sir it's a pleasure to meet you on this great planet named Earth. Farmer:....What?!?!!?!?!!?!?,37,0,0,37,527
You've come from my what-now?,36,0,0,36,527
Nice hat. And those overalls aren't bad either.,36,0,0,36,527
"Welcome aboard. Yes, we too know of Mr. Trump.",37,0,0,37,527
"Yes, my halo has grown since you arrived",37,0,0,37,527
Vote for me. My plane AND hands are bigger.,37,0,0,37,527
"Cosmos Delivery, 6 low-fat chocolate milk cows.",37,0,0,37,527
"Hey Billy, the tracker beam is out again. Tea?",37,0,0,37,527
"we have ""fun"" and peace up here.(join us)",37,0,0,37,527
Thanks for pruning the high parts for me.,36,0,0,36,527
Greetings. You must be the space cowboy.,35,0,0,35,527
Thanks for the GM seeds; should grow like crazy up here in space.,37,0,0,37,527
YOU NEED SOIL?,37,0,0,37,527
"Hank? Welcome! I'm Pproab, one of the analysts on board.",35,0,0,35,527
Yeah. Right.,36,0,0,36,527
"Good to meet you, Joe. I'm the new guy on our CSA run.",37,0,0,37,527
Great to meet you Olde McDonald. We have heard about your farm. E-O-E-O.,37,0,0,37,527
Don't mind the smell. Flatular farted again.,36,0,0,36,527
"Major Tom, I'm Farmer Dell,. I hearGrounds Major Tom, I'm Farmer Dell. Grounds control ordered me to weed. Major Tom, I'm Farmer Dell. Grounds control sent me to weed.",37,0,0,37,527
We thought intelligent life was near. No wonder our siblings have been left to taking just the cows. Nice to know the quota was high here. Thanks for the info you left on Facebook. We'll take it from here.,37,0,0,37,527
Roy Neary?,36,0,0,36,527
Dorothy and Toto aren't interested in leaving Kansas anymore.,37,0,0,37,527
A poor specimen but we'll take him,37,0,0,37,527
"You'uns, Supper's at six. No sense gettin gussied up. Y'all best take some measures fore yo stomach's get tore up. Wife never did master the cooking thing y'all.",37,0,0,37,527
Welcome Donald. We will now start your transformation into the President of the United States.,37,0,0,37,527
"Jim? From Craigslist? So, you're down to crank hogs together? Great! Just remember my one and only ground rule: no gay stuff.",36,0,0,36,527
My name is death.,36,0,0,36,527
"Greetings, Earth Buddy! Okay to use your farm as a base for our warships?",37,0,0,37,527
We're here to set up a dairy trade business with you,37,0,0,37,527
Thanks for the corn. Are apples in season yet?,36,0,0,36,527
I'm Bernie's cousin and he needs your help now !,36,0,0,36,527
We're just curious about how someone can wear a bale of straw on his head?,37,0,0,37,527
Do you have elections?,36,0,0,36,527
Do you agree to the 3X surge?,37,0,0,37,527
Sometimes strangers make you feel home.,36,0,0,36,527
"Man, am I glad to see you! This ship runs on corn. We'll take all you can spare.",35,0,0,35,527
. . . and you've got 90 parsecs to vacate the planet.,36,0,0,36,527
Escape now. The planet is filling up.,37,0,0,37,527
