caption,unfunny,somewhat_funny,funny,count,contest
Your overhead is going to kill you.,114,93,66,273,530
The consensus of your wise men is: move the chair.,99,83,46,228,530
"According to the doctor, your longevity would improve dramatically if you'd get off the throne and walk more.",88,96,36,220,530
And the king lived happily severed after.,90,64,37,191,530
What's long and sharp and will make your nephew king?,89,68,35,192,530
"In castle news, the queen and the royal rope maker have disappeared.",87,70,33,190,530
"Yes, your majesty. So far we have 'Live by the sword'. Is there any more to it?",94,61,36,191,530
I'll be brief...,83,57,30,170,530
The queen has agreed to split everything fifty-fifty.,88,53,33,174,530
The latest polls show you hanging on by a thread.,77,61,25,163,530
I'll read fast.,82,59,28,169,530
While I have your undivided attention...,95,48,37,180,530
The Queen wishes to express her best wishes to you and your mistress.,90,45,35,170,530
"Traditionally, you'd fall on the sword.",76,53,24,153,530
"After careful consideration, we've determined it would probably be easier to just move the throne.",80,59,24,163,530
"Let us hope your majesty, that the cord is mightier than the sword.",85,47,29,161,530
I'll be quick,87,50,29,166,530
I'll just skip to the end.,86,39,31,156,530
"It will be 15 pounds to take it down and 50,000 to smelt it. Or we can move your chair.",74,51,22,147,530
"Nay, thy whole-life policy dost not cover halves.",90,30,35,155,530
The Queen says she wants half of everything.,83,49,26,158,530
"Sorry, Sire. You have been turned down for insurance because of what has been determined a preexisting condition.",76,41,24,141,530
"Frankly, I would just move your chair.",69,58,16,143,530
"Not afraid, sir - frayed!",75,38,24,137,530
A gift from the 99%.,82,44,25,151,530
"Your Majesty, a rocking chair will increase your chances by 50%",74,46,20,140,530
It's a notice from your insurance company. They're raising your premiums.,83,35,27,145,530
"You will succeed yourself your Majesty, but this time as Queen.",86,49,24,159,530
Have you considered the overhead costs?,73,38,21,132,530
"A king divided cannot stand, Your Majesty.",79,39,23,141,530
"Sire, this policy covers you for death and dismemberment, but excludes accidents that occur in the workplace.",79,42,22,143,530
It appears your character is getting cut from Season 7.,70,49,16,135,530
"In conclusion, he who lives by the sword...um...the rest is kinda blurred.",68,37,18,123,530
"Greetings! Happy Birthday, from your brother, second in line to the throne.",78,40,21,139,530
We could also go with a chandelier.,65,52,12,129,530
"Troubling news my liege, your rival has apparently forged an enormous pen.",75,28,23,126,530
"The good news is, yes, it'd be work-related.",77,40,20,137,530
"It says ""A king divided cannot stand""",72,36,19,127,530
"When your cardiologist recommended that you go under the knife, I don't think this is what he meant.",76,34,21,131,530
"Your Highness, the Council has decreed some very large cuts, one of which I'm sure you're not going to like!",79,38,21,138,530
"Or, you could take what's behind the curtain.",73,36,19,128,530
Maybe I should skip ahead to the end.,75,42,18,135,530
May I suggest a higher thread count?,67,41,15,123,530
"Oh, wait - it says the rope is not suitable for overhead installation.",59,30,15,104,530
The Oracle says not to worry about a death of a thousand cuts.,76,39,19,134,530
Regarding your command to cut overhead....,74,39,18,131,530
"It's bad feng shui, your majesty.",79,29,23,131,530
Apparently you're killed in Act 1.,71,28,20,119,530
Wherefore I pronounce you King for a Day.,77,29,22,128,530
"In summary, short live the king.",71,41,16,128,530
Shall I speed read?,69,51,12,132,530
"... and finally, while the pen may be mightier than the sword, I suggest you move your chair, sire.",72,35,18,125,530
"Well, it says here, someone ordered king size.",71,37,17,125,530
The rumor is your reign will be cut short.,71,43,15,129,530
The royal rope maker would like to know if Your Majesty will be renewing the maintenance contract.,75,35,19,129,530
The queen has asked me to read this last part very... very... slowly.,65,35,15,115,530
It's a recall notice from the rope company.,72,34,18,124,530
May I suggest that we dispense with today's reading of the royal horoscope?,99,49,24,172,530
...and to conclude.. there is a penalty for early termination of your cell phone plan..,78,31,21,130,530
I really don't think which way it is pointing is the big issue here your highness,70,27,19,116,530
Perhaps I should give you the good news first.,71,38,16,125,530
"Do you mind if I read the proclamation from here, Sire?",77,32,20,129,530
The polls say you're hanging on by a thread.,68,40,14,122,530
"Damocles writes, 'How's it hangin', Sire?'.",71,30,18,119,530
"...and last, but not least, is included a really big severance package.",75,25,21,121,530
...and we still don't know how they suprise attack will be carried out!,73,32,18,123,530
I'm guessing you would like the good news first?,70,37,15,122,530
It's a recall notice from the Acme Twine and Rope company.,69,26,18,113,530
The Queen says ‘happy birthday’ and ‘hold still.’,75,30,19,124,530
"Says here ""It slices, it dices, it juliennes ...""",63,31,14,108,530
"The guarantee is for the hardware, not the installation.",72,32,17,121,530
Worst piñata ever.,69,38,14,121,530
"Sire, keeping in mind that the simplest solution is usually the best, you could just move your throne.",68,36,14,118,530
"It replaces the cloud of suspicion, sir.",73,29,18,120,530
"That would be 32 feet per second per second, Your Highness.",77,24,21,122,530
The Earl of Sandwich is requesting a favor.,72,34,16,122,530
The Acme Cord and Rope company announces the recall of its sword suspension assembly...,68,35,14,117,530
"The pen had a good, long run.",73,28,18,119,530
"Sire, I think it would have been safer to have left it in the stone.",71,32,16,119,530
"The oracle says relations are frayed, cuts are coming, and best to move in another direction.",76,28,19,123,530
You know what you did. Signed: The Queen.,65,31,14,110,530
The installation carries a life-time guarantee.,67,33,14,114,530
"The people want to propose some cuts, your excellency",60,34,11,105,530
"It says, 'Helmet sold separately.'",75,29,18,122,530
You're not gonna like this next part.,64,32,13,109,530
"Sire, the Royal Physician reports this is not what he meant about you having to go under the knife.",65,30,14,109,530
"Sire, what happens if it's not too big to fail?",65,33,13,111,530
"And may I ask Your Majesty, how is it hanging?",67,32,14,113,530
And since you lived by the sword. . .,66,34,13,113,530
"Yes, sire, I am reading as fast as I can ...",64,44,9,117,530
The pen won't stand a chance sir.,72,31,16,119,530
The Senate voted for a new rope and the House voted for a bigger sword,74,30,17,121,530
"Lloyds of London passes, sire.",67,28,15,110,530
"And finally, from maintenance... Your evaluation of the crew as 'lazy and undependable' has not gone unnoticed.",69,30,15,114,530
"First off, we need to renew your life insurance policy.",57,32,10,99,530
"It's another threatening note from the cable company, Sire.",64,39,10,113,530
"It seems to be a recall notice from Henry, the ropemaker.",65,43,9,117,530
"In other news, Sire, the fate of the kingdom is said to be hanging by a thread.",70,33,14,117,530
It's a gift from your eldest son.,65,27,14,106,530
"No, sir, the pen is still mightier",67,29,14,110,530
Her Majesty asks that you wait for her here,63,40,9,112,530
"And finally, the crown prince hopes you like the new mobile.",68,33,13,114,530
It appears to be a recall notice on the oversize sword suspension system for the years 1521 to 1523.,74,27,17,118,530
"This message begins ""He who lives by the sword...,"" but I can't make out the next line.""",60,30,11,101,530
Have you tried not sitting under it?,66,24,15,105,530
"Why yes, I do live by the sword. Why do you ask?",70,19,18,107,530
Do I know what's holding that sword up? A frayed knot.,70,22,17,109,530
I promise to be brief.,66,33,12,111,530
I doubt anyone will bring up the size of your hands again my lord.,71,26,16,113,530
I'm paraphrasing since our conversation is about to be cut short.,47,28,7,82,530
The ad is pretty clear: 'Scabbard sold separately'!,65,25,14,104,530
Many believe the budget cuts should start at the top.,63,32,11,106,530
"Sire, another example of wasteful, impractical military spending",65,31,12,108,530
The royal psychiatrist believes he has come up with an explanation for your anxiety.,63,38,9,110,530
"Oh, and one last item, the royal rope manufacturer has issued a recall.",67,33,12,112,530
"The good news is, they got the sword out of the stone.",67,36,11,114,530
"""King for a Day"" takes on new meaning.",74,25,17,116,530
"...and death to all who greet you with, 'How's it hanging?'",74,25,17,116,530
"I'm afraid they're advancing with a sizable pen, my Lord.",56,27,10,93,530
Are you sure you've looked for it everywhere?,61,29,11,101,530
It says here it should also be anchored to the wall.,65,27,13,105,530
And then there's this P.S. about not killing the messenger!,63,34,10,107,530
"'Sire, now to the recent decision to out source rope making.'",70,20,17,107,530
The people say they're fine with you staying on the throne,62,36,9,107,530
"According to the warranty, the sword is guaranteed, not the cord.",64,35,10,109,530
"So, Damocles if I do, Damocles if I don't...",68,27,14,109,530
"Sire, the rope guy says he'll be here this afternoon between one and five o'clock.",68,30,13,111,530
The men scheduled for knighthood have called in sick again.,69,31,13,113,530
"The good news, Sire, is that only one Weapon of Mass Destruction has been located.",63,33,10,106,530
I'd like to see the pen that is mightier than that,68,23,15,106,530
"And let me remind the King, I'm just the messenger.",68,29,13,110,530
IKEA just recalled their sword hanging rope.,69,27,14,110,530
A gift from the Queen.,63,27,12,102,530
"...and finally, Your Majesty, a resolution to institute term limits.",71,23,16,110,530
...and 37% think you should continue to sit right exactly where you are.,62,37,8,107,530
Your loyal and devoted son offers the above sword as your birthday present. Long live the king!,66,29,12,107,530
Your horoscope says that something weighty will befall you.,64,30,11,105,530
The pen is mightier (clears throat) well maybe not.,61,27,11,99,530
"On the plus side, no one is talking about your small hands anymore.",67,32,11,110,530
Your ladyship is asking for a separation.,68,27,13,108,530
"Try to think of it as a metaphor, sir.",57,31,8,96,530
I'll make this short. . .,54,28,8,90,530
"Your son hired the new decorator, Sire.",70,28,13,111,530
Your safety inspectors have reported numerous building code violations.,69,27,13,109,530
And the prince hopes that you will enjoy your Father's Day present.,67,31,11,109,530
"It's not just the feng shui crowd, Sire, none of us think your throne should be there.",69,24,14,107,530
I'm going to cut this short,66,30,11,107,530
"You misunderstand, Your Majesty, the concern is not about a threat. It is about a thread.",65,29,11,105,530
The good news is that the revolutionaries have agreed to allow you to occupy the throne indefinitely.,64,31,10,105,530
. . . and finally your horoscope says don't go to the office today.,66,24,13,103,530
I'll skip the ads.,65,26,12,103,530
More decorating ideas from your brother.,56,26,9,91,530
"Your subjects in Australia query: ""Knife? You call that a knife?""",59,20,12,91,530
The bylaws do describe a rather large severance package,77,25,16,118,530
Your sons have agreed to split the throne.,66,32,10,108,530
Your insurance agent says that your premium will be increased because of a pre-existing condition.,63,35,8,106,530
"Actually, the order does not say ""three thousand one-pound daggers.'",66,29,11,106,530
This letter is from the sword vendor. There's a recall on the thread.,69,23,14,106,530
I read it wrong. You wanted the Lord to watch over you.,68,25,13,106,530
And finally... are you up-to-date on your tetanus shots?,63,32,9,104,530
"Granted, in your case the sword may be mightier than the pen.",64,30,10,104,530
"Nope, it only says ""die by the sword""",65,28,11,104,530
"Evidently, Your Highness, it's only a metaphor.",66,23,13,102,530
I stand corrected; the sword is mightier than the pen.,67,32,10,109,530
"And finally, your wife just cancelled the rope inspector's visit.",67,23,13,103,530
What's wrong with just thanking the messenger?,65,27,11,103,530
Sir Donald Trump has asked me to inform you that his is bigger.,66,25,12,103,530
Trump still says his is bigger.,67,23,13,103,530
"By royal decree, the sword is mightier than the pen.",65,21,13,99,530
"Further, it has come to our attention that you have not been circumcised.",63,25,11,99,530
"Your Majesty, the Supreme Council says ""Move the chair.""",61,26,10,97,530
The people request for you to sit tight.,66,27,11,104,530
The Queen insists on adding an accidental death benefit to your policy.,61,34,7,102,530
"Your Highness, the enemy has agreed to lower his weapon.",63,27,10,100,530
"Sire, for an additional 100 pounds, would you like to include an accidental death benefit?",62,29,9,100,530
"Yes, my lord, it is certainly best to be above the fray.",69,15,16,100,530
"It's your penmanship, sire. Merlin granted your wish for 'an enormous dirk.'",69,12,17,98,530
It's a recall notice about rope..,62,26,10,98,530
The royal astrologer predicts that whatever is troubling your majesty soon will end.,57,36,5,98,530
Shall I add duct tape to the shopping list?,61,28,9,98,530
You have a 10:15 with Damocles. I think you should see him.,60,27,9,96,530
"It's from the Queen. ""Be a doll and move two inches forward.""",60,24,10,94,530
The Secret Service says threat level posed by decor is severe.,59,23,10,92,530
Game of Threads,66,29,10,105,530
"Finally, your majesty, a gift from Lord Ginsu.",62,34,7,103,530
At the top of the list---succession planning.,64,30,9,103,530
"My Lord, you're not going to like the season finale.",67,24,12,103,530
This one's a no-brainer. The riggers union would like a pay raise.,65,25,11,101,530
Don't sneeze.,65,22,12,99,530
"Er, excuse me Sire, there seems to be a metaphor hanging over your head.",61,30,8,99,530
"The order says 'king-sized', Sire.",63,26,10,99,530
"Sire, the Queen has asked how long your mother will be staying.",62,28,9,99,530
"Are you sure you want to go with ""long live""?",61,24,10,95,530
There is breaking news .....,58,30,7,95,530
Your pen must be very mighty indeed.,59,25,9,93,530
"My lord, there's been a rope recall...",60,20,11,91,530
I hate to cut this short.,68,21,13,102,530
Says here you ordered the medium.,66,22,12,100,530
"Great news from the rebels, sire—they say you may remain on the throne for the rest of your life!",64,26,10,100,530
Can you read a little faster?,64,26,10,100,530
Herewith a third and final notice from the cable company.,62,27,9,98,530
"Sire, I would humbly advise a pen.",62,27,9,98,530
"Is it me, or does this look lower than yesterday?",60,28,8,96,530
Badrick the Rope Maker has announced the recall of some of his merchandise.,61,26,9,96,530
"Be frayed, be very fraid.",64,20,12,96,530
"In conclusion, Your Majesty, I hereby resign my post as royal rope maker.",61,23,10,94,530
"And tomorrow, sire, you're scheduled to circumcise the giant's new born son.",62,18,12,92,530
"Sorry your majesty, it looked a lot smaller in the catalogue.",63,33,7,103,530
...and the queen lived happily ever after. The End.,59,21,10,90,530
She wants half milord.,68,20,13,101,530
"Your Majesty, I am reading their demands as quickly as I can.",64,28,9,101,530
"Amazon would like to apologise for the product delivery mistake, the chandelier will now be expected to arrive between three to five business days.",61,31,7,99,530
We recommend that Your Highness reconsider the weapon suspension.,62,29,8,99,530
I do think you will be of two minds regarding this edict.,66,21,12,99,530
I'd better read fast.,63,24,10,97,530
"Sire, this is a recall notice from the rope company.",64,22,11,97,530
And it comes with a matching fork and six matching steak knives.,60,27,8,95,530
Thy kingdom fears that it makes His Majesty's hands appear too small.,65,14,14,93,530
"It just says, 'From your son, Damocles, with Love.'",69,20,13,102,530
Recall notice: Your recent purchase from Acme Ropes and Fibers.....,64,30,8,102,530
"""Please tell my decorator that this is not the mobile we discussed"".",61,19,11,91,530
"Sire, there is concern among your subjects that you have too much hanging over your head!",57,27,7,91,530
"And be it proclaimed hitherto, that forevermore ye shall be known as MacBeth The Knife.",74,21,14,109,530
"In this case, the sword trumps the pen.",46,15,8,69,530
"According to my feng shui chart, it belongs there.",65,22,11,98,530
It's a warning from your Economics Minister to watch your overhead!,63,26,9,98,530
"A gift from your subjects, who say they love you.",63,26,9,98,530
"Well, technically speaking, my lord, it would not be ""falling"" on your sword. But we do have to keep the ratings up.",62,25,9,96,530
On a final note the committee concludes that the rumor of a possible coup are unfounded.,60,29,7,96,530
Ouch! Paper cuts are the worst.,62,25,9,96,530
"After personal inspection, your son is satisfied with the rope's condition.",63,23,10,96,530
Why do I feel like you're about to cut me off?,64,21,11,96,530
"Your Majesty before I read this proclamation, may I just mention, it has been an honor to have been your scribe",60,26,8,94,530
"You live on the cutting edge, sire.",61,24,9,94,530
"Your menu entree tonight, Your Majesty, is sliced crown roast.",64,18,12,94,530
Now everyone will know you have a well-hung dagger.,61,24,9,94,530
The Prince has written that it's time to cut the cord.,61,24,9,94,530
The serfs chipped in and said you'd know where to stick it.,67,23,11,101,530
"All of your affairs should be resolved today, your majesty. I know that you don't like to leave things hanging.",66,25,10,101,530
Need I remind you of the gravity of the situation.,63,28,8,99,530
According to the warranty the thread is good for 10 years or you get your money back.,61,18,11,90,530
"And, lastly, quality issues in the rope manufacturing sector will have a negative impact upon your reign.",62,16,12,90,530
"Your Highness, OSHA says you must take it down.",63,28,8,99,530
Your loyal health maintenance organization regrets to inform you that they consider your large sword a pre-existing condition.,64,23,10,97,530
And we thought a suspended sentence was good news.,67,28,9,104,530
"They say the pen is mightier than the sword, but I'm not so sure about that rope.",62,24,9,95,530
"Later today, the Prince has scheduled a Parade of Elephants on the second floor.",60,25,8,93,530
There's nothing in here about how to disarm it.,61,23,9,93,530
It says they had to ship the shield separately.,72,12,16,100,530
This proclamation will make it official my Lord; size matters.,62,18,11,91,530
I don't know what actuary tables they used but your application for life insurance has been denied again.,59,24,8,91,530
The Ropemakers' Guild has issued a recall.,64,25,9,98,530
Says here that it's king-sized.,57,25,7,89,530
"Shall we go back to the wind chimes, sire?",54,31,4,89,530
"Your children are quite anxious, Sire, for you to sign your will.",56,27,6,89,530
"Actually, the instructions say it's supposed to be vertical",63,24,9,96,530
The sword swallower declined!,63,24,9,96,530
A gift from Queen Bobbitt.,64,22,10,96,530
And as an anniversary gift from the queen ...,61,28,7,96,530
"The Feng Shui consultant has resigned, Sire.",59,32,5,96,530
"Sire, you're missing the point",63,24,9,96,530
"Your Majesty, being on the cutting edge has its drawbacks.",63,24,9,96,530
"Sir, we haven't successfully knighted someone in years.",57,22,8,87,530
So the cable repair guy will be here Friday between 1-5pm. Will that work?,62,23,9,94,530
The Royal Mathematicians suggest moving your throne four cubits to the north.,60,27,7,94,530
"It says ""enlarged to show detail"".",53,27,5,85,530
...and nobody henceforth shall question the size of the king's hands.,66,12,14,92,530
"A gift from the Queen, Your Majesty.",57,30,5,92,530
"It says ""Giant sold separately.""",62,20,10,92,530
"In lieu of alimony, your ex-queen offers this piece of installation art.",61,22,9,92,530
The End.,64,16,12,92,530
Good news sire: 60% of the people believe that the size of your sword does matter.,63,29,7,99,530
Damocles wants to know how it is hanging.,69,17,13,99,530
Damocles called. He wants his sword back.,61,19,10,90,530
The architect advises Your Highness to move said chair.,64,24,9,97,530
"Balanced? Well, m'Lord, I think you're missing the point of the metaphor.",63,26,8,97,530
Goliath requests that you check Lost and Found once again.,59,20,9,88,530
"Then at noon, the Queen has scheduled lunch with Liberty Mutual.",57,24,7,88,530
"""Before I continue, might I suggest you slide your chair forward a bit?",59,28,6,93,530
"Happy Birthday, Uncle. With love, Hamlet.",65,24,9,98,530
The peasants feel it's a reasonable alternative to a democracy,63,17,11,91,530
I'm reading it as quickly as I can.,56,31,4,91,530
"Also, there's a wasp nest under your throne.",66,19,11,96,530
"The rope weavers' union, Majesty, is asking for a raise in pay.",60,20,9,89,530
"The calculations were correct, but the order was placed in feet instead of inches.",60,20,9,89,530
"It's prophesied to hold forever, like our united kingdom.",63,14,12,89,530
Your horoscope reads: Don't become too set in your ways; consider rearranging your furniture and seeing things from a new perspective.,60,20,9,89,530
They say you must renounce the throne. Or you could scoot back three feet.,62,24,8,94,530
"A note from the Rope Makers Guild- ""Your rope insurance expires soon. Would you like to renew?""",57,23,7,87,530
"The Queen writes to say ""no hard feelings....""",61,23,8,92,530
"I think, sir, you were supposed to fall on your sword.",61,23,8,92,530
"According to this historical scroll, sire, the last word your predecessor heard was ""gezundheit.""",59,24,7,90,530
"Sire, per your edict, all pens have been confiscated. Your legacy is safe.",62,18,10,90,530
"We'll need to make some cuts, I'm afraid.",58,26,6,90,530
"My liege, intelligence reports the possibility of a coup",60,22,8,90,530
We regret to inform you that ACME Casualty and Life has denied your application for coverage based on our site visit.,60,22,8,90,530
"Legend says that if the sword cuts the sitter in two, it will prove that he is the rightful heir to the throne.",62,15,11,88,530
"Excellent news, Sire. We have discovered a method to cut overhead in the Kingdom.",56,27,5,88,530
"Caution, objects above you are larger than they actually appear.",57,25,6,88,530
"This letter is from Trump, sir. He claims he has a larger sword.",59,21,8,88,530
We apologize for the delay in shipping. Your order of 'Oversized Fork and Spoon' will arrive Friday.,54,20,7,81,530
"No worries, sire--just issue this proclamation: 'Swords don't kill people; people kill people.'",59,29,5,93,530
"Wait , you haven't seen the fork we have hanging in the dining room...",58,20,8,86,530
There’s a lot of legalese. What it boils down to is they won’t insure your life,60,16,10,86,530
"As your majesty proclaimed, everything in your new kingdom would be HUGE.",62,20,9,91,530
"Sire, the kingdom has gone without an accident for three hundred days.",59,26,6,91,530
"Sire, the manual indicates that the orientation should be in portrait mode.",61,22,8,91,530
"It actually does look mightier than that pen we had up there earlier, but does it send the right message?",63,26,7,96,530
Whoever said the pen is mightier than the sword hasn't seen my sword.,62,17,10,89,530
"Damocles, Schmamocles. I just like the way it pulls the room together.",62,17,10,89,530
"...and as requested, we've fired the decorator.",56,18,8,82,530
"My Lord, the future looks grim.....any way you slice it.",60,18,9,87,530
He who lives by the sword er you know the rest.,55,28,4,87,530
"It says that your reign is hanging by a thread, sire.",59,20,8,87,530
And the queen says you're not fooling anyone about the size of your sword.,59,20,8,87,530
"Sire, it’s a gift from the royal rope makers union negotiating committee.",58,22,7,87,530
"If you're going to make that big of a deal about it, Damocles says keep the damn thing.",63,20,9,92,530
"What? My enemy at the gates! Anything more, messenger? Frayed knot, my lord!",62,19,9,90,530
"And a final note, the royal fork will be delivered by the end of the week.",62,19,9,90,530
Castle Rope Company made a recall last week.,63,17,10,90,530
I see that it's mentioned here in the small print.,57,29,4,90,530
"And at 3:30, Damocles has asked for a little time. You have no appointments after that.",63,14,11,88,530
"Methinks in this instance, the sword is mightier than the pen.",64,12,12,88,530
"No, not Damocles. It's from your mother in law.",60,20,8,88,530
It looks like the blueprints were signed by your younger brother. Why do you ask?,64,20,9,93,530
A sharp rebuke cometh.,57,23,6,86,530
"The good news is you've had a long an prosperous reign. The bad news is ""shit happens"".",60,17,9,86,530
"It says here, RUN!",59,19,8,86,530
"The people's request was for a trophy 'wife', sir",60,17,9,86,530
"Your majesty, the interior decorator would like to be paid immediately.",60,17,9,86,530
"On the other hand, if the pen doesn't work....",63,16,10,89,530
Any famous last swords?,60,22,7,89,530
You're horoscope says you're going to have a close shave.,60,22,7,89,530
"And lastly, your approval ratings are hanging by a thread. No pun intended.",62,18,9,89,530
Great news Your Majesty! Izzy the Giant had a baby boy--and you'll be doing the bris.,65,20,9,94,530
Maybe I should read the abridged version of the story!,55,21,6,82,530
...and it comes with a lifetime warrantee.,59,21,7,87,530
"With regrets, a safety recall has been issued for our giant Excalibur model hanging swords . . . .",57,25,5,87,530
"Oddly enough, the candidates for Knighthood have declined your invitation",63,13,11,87,530
How's it hanging?,61,25,6,92,530
Goneril and Regan have decided to divide the kingdom equally.,62,23,7,92,530
"It's from the rope guild, sir. They say you never enrolled in their extended warranty program.",62,20,8,90,530
Theatregoers have been missing our more subtle metaphors.,60,24,6,90,530
We focus-grouped the title. 'Game of One Huge Sword' did not test well.,63,18,9,90,530
It was a gift from Monsieur Guillotine of France.,53,22,5,80,530
"... and don't for goodness sake sit underneath it. Yours, Damocles.",63,18,9,90,530
"Your Majesty, Damocles would like to know ""How's it hanging""?",63,18,9,90,530
"It's a gift from your Veep, Sire.",60,24,6,90,530
You'll soon be worth half of what you are.,60,24,6,90,530
Your son insists it's 100% safe.,62,20,8,90,530
"One subject wants to know how the ""swords into ploughshares"" program is going.",59,26,5,90,530
"It says your power is hanging on by a thread. I can't tell if it's a typo, or from engineering.",57,22,6,85,530
It says there has been a product recall on rope.,62,17,9,88,530
Are you sure Your Majesty wouldn't like to stick it in a giant stone instead?,61,19,8,88,530
The Gillette Co. says there is an easier way.,63,15,10,88,530
May I borrow your letter opener?,59,23,6,88,530
"The decree reads that the queen shall get half of everything,sir. Everything.",60,13,10,83,530
Do you accept iTunes terms and conditions?,59,15,9,83,530
It's a recall notice for all hemp Damocles-brand sword hangers.,57,19,7,83,530
What if I just read the highlights?,62,22,7,91,530
Sire wake up! It says your monarchy is hanging by a thread!,60,18,8,86,530
"Egbert of Codswallow sends his regrets. He, too, declines your offer of knighthood.",59,20,7,86,530
Want me to keep reading sire or should we just cut to the chase?,58,22,6,86,530
There is talk about splitting the kingdom.,60,18,8,86,530
Why don't I just paraphrase this for you...,60,18,8,86,530
It's king-size.,63,17,9,89,530
"No, really. You should see their pen.",60,15,9,84,530
He says the fraying is not covered under the warranty and asks if you'd still like a repairman sent out.,57,21,6,84,530
"I'm sorry your highness, the scabbard is on backorder.",57,21,6,84,530
"Here's a tweet from @Dionysius: ""How's it hangin'? #return throne #keepsword""",60,15,9,84,530
"The Queen inquires again if her mother may move in, just for a little while.",59,17,8,84,530
"Hard to read, but I think it's either, Damn uncles, Darn these knees or Damocles.",60,15,9,84,530
"I think you're ok, it just says ""live BY the sword,"" nothing about UNDER it...",57,21,6,84,530
"The Royal Surgeon says this isn't what he meant by ""under the knife"".",57,21,6,84,530
Sire I fear you will regret the tax you put on rope.,65,18,9,92,530
"And finally, the queen wishes to inform your majesty that, should you wish to summon her, you may simply pull the lever on your left.",56,20,6,82,530
The matching fork shall arrive next week,57,18,7,82,530
"Sire, the interior designer replies that the Sword of Damocles is de rigueur throne accoutrement and its removal would upset the feng shui of the room.",60,12,10,82,530
They suggest you move your throne.,56,20,6,82,530
I think we're gonna need a bigger cloak.,58,16,8,82,530
"Oddly enough, it says the axe is about to fall.",57,18,7,82,530
"Great progress is being made, your highness, on acquisition of the giant fork and spoon.",55,22,5,82,530
"Your Highness, the sheath is on back order.",53,23,4,80,530
"Yes, Your Highness, I now see the wisdom in dropping the pen-is-mightier-than-the-sword line.",42,16,4,62,530
There is grave concern about Your Majesty's new weathervane.,62,18,8,88,530
I'm guessing that this 'pen is mightier than the sword' thing isn't going to fly with you.,58,18,7,83,530
"Sire, Swords-R-Us has issued a recall.",56,22,5,83,530
"And finally, sire, the people write of their concern that you can't take a hint.",53,28,2,83,530
I'm thinking the interior decorator might be a traitor.,52,22,4,78,530
"Last of all, no matter what happens next, don't kill the messenger.",60,19,7,86,530
The Prince is eager to know how you are.,55,21,5,81,530
The people have demanded term limits.,59,13,9,81,530
"""Dear King David, Please return my sword at your earliest convenience. Sincerely, Goliath",55,21,5,81,530
"Good news your highness, the shield is almost done!",57,17,7,81,530
It's a letter from the Acme Twine Company thanking you for your endorsement.,56,19,6,81,530
"It appears, Sire, that the wording is, ""Fall on your sword,"" not the other way round.",52,19,5,76,530
Its a message from Mr. Trump; he says his is bigger.,62,12,10,84,530
"Your Highness, the future of the kingdom hangs in the balance.",57,22,5,84,530
"Sire, we have here a recall notice from the Acme String Company.",62,12,10,84,530
"Right back at you... Best wishes, Damocles",58,20,6,84,530
"My Lord, the opposition says their aim is not to split hairs.",58,20,6,84,530
"A message from the queen, Sire: 'Sometimes, it's not good to be the king.'",61,14,9,84,530
He who shall remove the sword from the cartoon shall be King!,59,18,7,84,530
"Sire, your subjects humbly request that your throne be moved about six inches forward.",60,16,8,84,530
"And to further reduce the King's anxiety, we suggest replacing the Sword with the 'mighty Pen.'",54,20,5,79,530
"There's no hurry, its not like you have a sword hanging over your head...",53,22,4,79,530
Damocles called again and said it was really important.,62,17,8,87,530
...and at 4pm you're knighting Andre the Giant.,61,19,7,87,530
The next case your majesty involves two women who claim they are the mothers of the same child.,58,17,7,82,530
The Queen suggests that you put it back in the stone.,56,21,5,82,530
"The King of Pen has decreed that he is still mightier than you, sir.",58,17,7,82,530
3% of scientists say the knife doesn't exist,59,15,8,82,530
"And finally, it is now clear to me, despite some earlier confusion, that the sword is indeed mightier than the pen.",60,13,9,82,530
"She says, quote, ""It's not big enough"".",57,19,6,82,530
Sir Gulliver respectfully requests the return of his belongings.,57,19,6,82,530
The good news is we found the sword but Damocles is still at large,55,23,4,82,530
Sometimes the Sword is Mightier Than The Pen!,55,15,7,77,530
The good news is that you will not need that colonoscopy. The bad news is that you will not need that colonoscopy.,55,15,7,77,530
"Anyway, it says here castration anxieties are mostly psychological.",52,21,4,77,530
The good news is that your disgruntled staff located the giant's sword...,54,17,6,77,530
The latest polls suggest your favorability is hanging on by a thread,57,24,4,85,530
"Quick, get me a pen!",60,18,7,85,530
"The Queen further decrees that, if you continue to leave your hose on the floor, there will be consequences.",60,18,7,85,530
"A message from the queen: ""Its not the size of your sword; its how you use it!""",61,16,8,85,530
Next item: Circumcision. Something tells me this one is controversial.,64,15,9,88,530
The Queen says you're overcompensating.,56,18,6,80,530
"Your days, my Lord, are hanging by a thread.",53,24,3,80,530
Prof. Newton wishes to remind you of his encounter with an apple.,57,16,7,80,530
The queen is replacing it with an Alexander Calder.,58,14,8,80,530
Yours is definitely bigger than Macbeth's,56,18,6,80,530
I thought we agreed you wouldn't hang this over my head.,50,17,5,72,530
"Sire, your reign is hanging by a thread.",59,17,7,83,530
"Alas, Majesty, it's right here in your position description.",58,19,6,83,530
"Lord Damocles writes, ""I think you've missed the point.""",47,15,5,67,530
"But wait, there's more! If you act now, we will hang a second sword over your head.",61,18,7,86,530
Therefore I proclaim the sword is mightier than the pen.,61,18,7,86,530
Tomorrow will be partly cloudy with a strong chance of impending doom.,59,22,5,86,530
"First, the good news...",55,17,6,78,530
"Sire, the people beseech you to remain in your seat.",53,21,4,78,530
You've got a bid for it on ebay.,55,17,6,78,530
Oh! And it says here it has a lifetime warranty.,53,21,4,78,530
The giant stone was backordered,57,18,6,81,530
I see they installed the gift from your son,57,18,6,81,530
Your enemy still protests his pen is mightier.,59,14,8,81,530
"Um, Your Highness, I'm afraid I have some bad news from the Physicists Guild regarding your royal edict against gravity...",53,26,2,81,530
A title search of the property indicates that the castle was once owned by the Damocles family.,59,14,8,81,530
And that's not all. This says it can also cut through a tin can.,58,16,7,81,530
It really ties the room together.,56,20,5,81,530
"It's from the giant mohel, Sire, he wants his knife back.",59,14,8,81,530
It's from Damoclese Knife & Sword......they say if you don't pay this bill immediately.......,60,17,7,84,530
"Yes, size does matter",61,15,8,84,530
"No sire, your policy doesn't cover death by a moral anecdote.",58,21,5,84,530
"On the bright side, they also left a refrigerator and an above-ground pool.",53,18,5,76,530
Do you want the good news or the bad news?,51,22,3,76,530
"Lastly, her majesty asked me to ask you if you've signed the life insurance papers and if you haven't, will you do so now.",56,17,6,79,530
"Very Truly Yours, Macbeth",56,17,6,79,530
Half the court requests your presence in the Hall in haste; the other half asks me to jump up and down with vigor beside you.,58,13,8,79,530
"Sir, people are saying our weapon of mass destruction is so 15th century.",57,15,7,79,530
Because 'the fluffy pom-pom of Damocles' just wasn't doing it.,57,15,7,79,530
"""God Save the King"" is simply our nation's anthem and does not guarantee divine intervention.",58,18,6,82,530
It's the bill from the sword sharpener. Wow!,58,18,6,82,530
"Okay.. Here we go, pun #46: Knife to meet you, pun #47... Lookin sharp... #48...",56,22,4,82,530
"Galileo has responded, he suggests you move the throne forward two feet.",57,20,5,82,530
"And, as jester, I vow to suspend all castle pranks.",58,18,6,82,530
Fair and balanced. Nothing to worry about.,58,18,6,82,530
"Well, Sire, the note says it slices, dices and makes julienne fries...",59,16,7,82,530
"Unfortunately, Sire, the matching fork and spoon are on back-order.",53,15,6,74,530
"It says: 'Dear King, Happy birthday. Love, The Trojans.'",60,19,6,85,530
Your opponent says you are only compensating for your small hands,55,16,6,77,530
"Sorry, Sire. The warranty doesn't cover the rope.",53,20,4,77,530
"Damocles would like his metaphor back, sir.",55,16,6,77,530
"This should dispel the rumor about your small hands, sire.",55,16,6,77,530
"Oh, and your rope warranty just expired.",55,16,6,77,530
We're going to need a larger sheath.,57,17,6,80,530
The contract is a little vague about how the sword was to be hung.,56,19,5,80,530
"For God's sake man, come to the point!",57,17,6,80,530
Let me get to the point.,55,21,4,80,530
The people hope the king is well since he went under the knife.,56,19,5,80,530
"The people of Watertown are grateful that you are selling their water to neighboring towns and keeping the money for yourself. They humbly offer you this ceremonial knife, hung with a thread from the finest of linens.",61,9,10,80,530
"Game of Swords, Episode One....",49,15,5,69,530
"According to the castle inventory, the very large spoon and fork reside in the scullery.",58,20,5,83,530
"...don't step on cracks, don't walk under ladders, don't break a mirror, don't open an umbrella indoors, if you spill salt...",62,12,9,83,530
The Boleyns insist you have it and installed it themselves.,59,18,6,83,530
"PS - I have reason to suspect an imminent threat to your life & crown. Be vigilant, dear brother!",61,14,8,83,530
Medicare part S does cover swords.,58,20,5,83,530
"Congratulations your Majesty!""""You were unanimously voted Man of the Year by all of the villagers again!",60,16,7,83,530
"We appreciate your decision to not live by the sword, but living under one doesn't seem much safer.",57,22,4,83,530
I'll cut to the chase.,54,15,6,75,530
... and the rebels are armed with a giant pen ...,45,15,4,64,530
A little note from some French doctor name Guillotine,54,20,4,78,530
I am told we are going to make some VERY big cuts around here,57,14,7,78,530
The Exchequer dutifully reports that the Queen arranged for some interior decorating by Sharper Image prior to her exile.,54,20,4,78,530
Do you want the bad news first?,59,15,7,81,530
"Blah, blah, blah. Short live the King!",56,21,4,81,530
"It's an Acme Wire Company recall, my lord.",59,15,7,81,530
It was either this or giving you enough rope to hang yourself,60,13,8,81,530
"Fair and balanced, your Highness.",58,17,6,81,530
The stone will be delivered next week,58,17,6,81,530
"Frankly, I preferred the pen",57,19,5,81,530
"Your majesty, the people are concerned you're letting your big sword go to your head.",62,9,10,81,530
The Christian Right requests it be renamed ‘The sword of Goshdarnacles.”,60,13,8,81,530
"Your Highness, the Swiss army approaches.",57,19,5,81,530
The people say that you don't get the point.,53,14,6,73,530
Your Xanax prescription is ready for pick up.,55,10,8,73,530
"If you would prefer, Your Majesty, I could have it replaced with a dark cloud.",53,14,6,73,530
Petitioner humbly inquires if you might reconsider the understated qualities of the pen.,53,14,6,73,530
Get to the point!,55,10,8,73,530
"Your pipe, bowl and fiddlers are here. but your chair movers are stuck in traffic!",54,17,5,76,530
The pen will arrive next week,54,17,5,76,530
The owner's manual says the thread should have been replaced six weeks ago.,54,17,5,76,530
"It says, Dear John.",53,19,4,76,530
As your Royal Accountant I think I've figured out why your homeowner's insurance is so high.,53,24,2,79,530
"Okay, I stand corrected about that whole pen being mightier thing, your grace.",54,22,3,79,530
Why don't I just cut to the chase?,56,18,5,79,530
The queen fears you are overcompensating,68,22,6,96,530
I'm supposed to keep reading until the rope breaks.,59,17,6,82,530
"The revised Ikea instruction manual says ""To prevent injury, the sword must be firmly anchored to a wall""",58,19,5,82,530
It's from the Giant; he wants his pocketknife back.,59,17,6,82,530
"Your majesty, the royal florist suggest that the noble sword of truth be replaced by the hanging basket of geraniums.",60,15,7,82,530
"Yea, maybe the pen isn't really mightier.",57,21,4,82,530
"Let's see. There's something about a dude named Damocles, then a long bit about living by the sword, but essentially it's asking, 'Do you feel lucky?'",60,15,7,82,530
It says here it's a gift from a Mr. Damocles.,50,12,6,68,530
"We are still searching for a fork and spoon, your Majesty.",54,14,6,74,530
The royal decorator says moving the throne would ruin the feng shui.,51,20,3,74,530
"Sorry Sire, but their words are still mightier.",55,17,5,77,530
"Yes sire, there actually is a fairly detailed section here on ""Term Limits"".",56,15,6,77,530
The people want to be heard about severance packages.,54,19,4,77,530
"I think ""live by the sword, die by the sword"" may be a bit harsh.",53,21,3,77,530
"By royal decree, from this day forward, the size of your sword DOES matter.",56,15,6,77,530
"Sire, It appears ye olde warranty on the rope has expired.",56,15,6,77,530
"Sire, the wizard predicts that you may be nearing the end of your rope!",55,22,3,80,530
"I understand where you're coming from, Sire, but it's more of a safety issue.",58,16,6,80,530
The sheath is on back-order.,56,20,4,80,530
"It's a list of demands from the ropemakers' guild, Sire. They await your decision.",58,16,6,80,530
It's from Regal Rope and Wire about the recall ...,57,18,5,80,530
"The Queen liked the Calder mobile, but I think this is more 'me.'",57,18,5,80,530
The council fears you misconstrued the wisdom of Solomon.,57,18,5,80,530
It's a tribute by the National Sword Guild in honor of Your Highness' impending Open Carry Proclamation.,64,14,8,86,530
Sorry your highness but I think that big pen looked a lot mightier.,53,18,4,75,530
"Your Highness, the serfs want to cut a deal.",54,16,5,75,530
"The Queen includes yet another postscript, Your Majesty.",56,12,7,75,530
"According to our polls, a yellow corvette would convey the same message without being as threatening.",56,12,7,75,530
Your policy specifically excludes acts of Damocles.,52,20,3,75,530
"You have a point this time, the pen is not always mightier than the sword.",55,19,4,78,530
"A gift to you, from your loving peasants.",55,19,4,78,530
"Sadly, there's nothing in here about moving the throne.",57,15,6,78,530
"On the bright side, you're still within the margin of error.",55,19,4,78,530
The royal decorator wants to know if you've decided on his request for a raise.,56,17,5,78,530
"Our last item to discuss concerns your eBay listing for the sword. Since you still do not have any bids, perhaps we should consider including free shipping.",57,15,6,78,530
Ye Olde Insurance Company regrets to inform his majesty that his term life policy has been revoked with cause.,56,17,5,78,530
And...cut!,58,13,7,78,530
The queen awaits your answer regarding her authority.,55,19,4,78,530
A gift from Sir Alexander Calder,58,13,7,78,530
...but if thee move thy throne but a little thy reign will become less stressful.,56,17,5,78,530
Homeland Security seems to have a concern your Excellency.,54,21,3,78,530
Sir Pranksalot is a-frayed you're a sword loser.,57,15,6,78,530
Should you opt out of this agreement...,57,20,4,81,530
"The ""Bristol Stomp"" dance contest will begin overhead in three minutes...",57,20,4,81,530
The royal soothsayer predicts imminent change,57,12,7,76,530
"The King of Sheaths requests an alliance, Your Majesty.",56,14,6,76,530
"Sire, the town has sent a message regarding your new tax policy.",55,16,5,76,530
Here's your problem. The instructions say that you should never place the throne directly under the sword.,55,16,5,76,530
"Sire, your kingdom hangs by a thread.",55,16,5,76,530
This is the final recall notice on rope purchased in the kingdom.,56,14,6,76,530
"Good news, Sire! The earthquake watch has been lifted.",52,22,2,76,530
Going under the knife will not improve your appearance.,55,16,5,76,530
"Just a little off the top then, your highness?",54,18,4,76,530
Might your highness find it more relaxing to go for a dip in the alligator moat?,54,18,4,76,530
Why not a spoon of Damocles?,54,18,4,76,530
The Queen wanted me to inform you that she's hired a new interior decorator.,58,15,6,79,530
It shall be proclaimed that the pen is mightier than most swords.,58,15,6,79,530
"Hear ye, hear ye, hear ye. So long, your Majesty.",58,15,6,79,530
The only person left on the list is Damocles.,59,13,7,79,530
The cable service will be here next Thursday some time between 8 AM and 5 PM.,57,17,5,79,530
"Good news, Sire, complaints are down 90%.",58,15,6,79,530
"This time, I think the peasants are really serious, your majesty.",61,14,7,82,530
I'll take the good news first...,59,18,5,82,530
"It's from Hamlet, sire.",53,12,6,71,530
"Perhaps we should omit the phrase "" the pen is mightier than the sword.",54,10,7,71,530
The sword should be pointing downward according to your feng shui consultant,55,13,6,74,530
"Um, yeah, about that pen is mightier than the sword thing.....",53,17,4,74,530
The crown prince hopes that you like his present.,53,17,4,74,530
"The lady replies ""despite having gone under the knife, you still have a face that only a mother could love, so I won't marry you. And please don't kill the messenger.""",55,13,6,74,530
"Her highness, the Queen, wishes to let you know she has moved her throne to the adjacent chamber.",54,20,3,77,530
The orange-headed clown prince says his is bigger.,60,8,9,77,530
...and your mother-in-law is coming to stay,54,20,3,77,530
"I here by promise to return the Queen, AND her throne, AND the Royal Golden Chandelier. But only after the King returns my pocket knife. Cordially, The Giant",55,18,4,77,530
Lloyds cancelled.,55,18,4,77,530
"Be patient, your majesty. You're...er, I mean...I'm almost finished.",59,10,8,77,530
Into our lives a little reign must fall.,55,18,4,77,530
Hear ye! Hear ye! Duck!,57,14,6,77,530
"The Duke of Damocles inquires as to whether you have received his message of ""heads up"", sire.",56,16,5,77,530
"Sir, if you please, survey results show it's 82% more effective than our previous ""Exit"" sign.",55,18,4,77,530
"Well, they are hungry, and it is quite a large cake...",57,14,6,77,530
The Feng Shui master stopped by today.,57,14,6,77,530
"It's name, of ancient lore, is Brexit, sire.",58,12,7,77,530
"You might want to change that line "" what do I look like, chopped liver'",58,12,7,77,530
It is hereby declared 'The King has the biggest dirk in all the Land.',58,17,5,80,530
"Sir, not to suggest that the pen is mightier than the sword, but the balance of power seems to be hanging by a thread.",59,15,6,80,530
Damocles wrote. He wants his sword back.,60,13,7,80,530
And...fare thee well on behalf of the staff.,52,16,4,72,530
"Sire, are you sure you wanted it sharpened?",55,15,5,75,530
"She demands half of your crown and throne, but says the sword is all yours.",56,13,6,75,530
It appears his majesty has earned a rating of A+ from the National Sword Association.,52,11,6,69,530
"A letter opener, from the Crown Prince.",56,18,4,78,530
"Sire, your schedule for today is still up in the air.",53,19,3,75,530
The Royal Philosopher says that you must regard the sword as a perfect symbol of the constant peril faced by those in power . . . or just move the damned throne.,50,15,4,69,530
Who's Damocles?,54,17,4,75,530
"""It looks like there could be cutbacks soon"".",55,20,3,78,530
Popularity polls are showing a sudden drop.,57,11,7,75,530
"Sire, after two years of deliberation, the survival committee has determined that moving your throne backwards by 26 inches would be the best solution",54,17,4,75,530
"Sire, if you can just bend over a little bit to sign this decree, I think the kingdom will be happy with the results...",55,15,5,75,530
"It says, ""With best wishes from William of Ockham.""",56,13,6,75,530
Says here that the pen is on back-order.,57,16,5,78,530
Then at noon the decorator will be executed.,58,14,6,78,530
It's a cease and desist order from a Mr. Damocles.,54,12,6,72,530
"Death has written, sire, wanting his metaphor back.",60,10,8,78,530
"Looks like you're right Sire, we definitely ordered the light saber!",52,21,2,75,530
"I prefer Dagger of Damocles for the alliteration, but hey, you're in charge.",50,20,2,72,530
"The consultants admire it, but question his majesty's ability to wield it effectively.",57,11,7,75,530
"It's from the rebel peasants My Liege, now demanding big cuts in government...",55,15,5,75,530
Why the sudden interest in succession?,54,17,4,75,530
Your premium goeth up.,53,14,5,72,530
"Statement piece or not, it does sort of tie the room together.",56,13,6,75,530
Speed it up. My time is about to be cut short.,55,10,7,72,530
"Sire, a sort of justice is about to befall you.",54,17,4,75,530
The poll results also indicate that the people feel you are over-compensating for something.,47,16,3,66,530
"They've responded, your majesty, with a tremendous display of forks.",54,17,4,75,530
"Yes, I will make sure they get the point.",52,16,4,72,530
We're winning the Arms Race.,52,16,4,72,530
"Sir, I don't think the pen is mightier than this sword.",56,15,5,76,530
"Due to an error in production, your cord was accidentally woven of recreational hemp.",59,9,8,76,530
"The campaign will be called ""BREXIT."" We are cutting off ties with Feudal Europe.",57,13,6,76,530
Good news! The people now believe the sword is mightier!,56,15,5,76,530
"According to your policy, the property owner assumes full responsibility. Damocles would be off the hook.",58,11,7,76,530
All indicators suggest the majority favors Rexit.,59,9,8,76,530
The instructions say that it should be mounted vertically.,56,15,5,76,530
52% think that you should exit,53,21,2,76,530
It seems your nerves aren't the only thing fraying.,49,24,0,73,530
He says his pen is REALLY huge.,52,18,3,73,530
Occupational health recommended we hang the interior designer.,53,16,4,73,530
A gift from the E.U. for Brexit,53,16,4,73,530
There has been a recall of all Heavy Duty Horse Hair rope effective immediately.,53,16,4,73,530
"The metalsmith passed the annual quality inspection, but the thread merchant failed.",53,16,4,73,530
Damocles says you're missing the point.,55,12,6,73,530
Parlament is considering your proposal to relocate the throne - but there is some opposition,52,18,3,73,530
The scabbard is sold separately.,53,16,4,73,530
"A Mr Cruz gifted it, Mr. Trump",55,12,6,73,530
You could cut the tension with a knife.,55,12,6,73,530
"But wait there's more! If you act in the next 20 seconds, we'll send you absolutely free the king-size knife sheath ...",53,16,4,73,530
"Wait...I have one more piece of bad news, well two pieces, really.",51,15,4,70,530
""" I can't sign that. It would hang over my head forever"".",51,15,4,70,530
The rigger's guild requests that his majesty reopen negotiations.,53,11,6,70,530
The Royal Mohel sends his regrets and says start the bris without him.,61,12,7,80,530
Sorry Sire. It is another letter from an insurance company that refuses to cover you.,57,15,5,77,530
It's from Parliament Sire. They have denied your funding request for a helmet.,58,13,6,77,530
Sir-All details are complete for your circumcision tomorow,59,11,7,77,530
"Sire, the Giants Mohel has arrived.",62,5,10,77,530
"If it's all the same to you, my lord, I'll remain standing.",55,19,3,77,530
"The signing of your will is at 3:00. Would you, uh, like to move it up?",55,14,5,74,530
"Sir, the Royal Rope Maker just announced a quality control recall of his last production batch.",55,14,5,74,530
"Well Sire according to this, a Mr. Wile E. Coyote would ascend to the throne should you pass.",56,12,6,74,530
I’m going to stick to the short proclamations.,54,16,4,74,530
There's a rumor that there is a pen out there that is mightier than your sword.,55,14,5,74,530
"...and when thy rope breaketh, thy Kingdom shall fall. And down shall come Ruler, Big Sword and all.",56,12,6,74,530
The Prince asks that a “Leap for Joy Day” be declared to honor your Majesty.,55,14,5,74,530
It's a recall notice from the Damocles Rope Company.,54,16,4,74,530
"Your Highness, I present to you a gift from your adoring public, in honour of your ...and I quote ...""20 long years living by the sword""",57,10,7,74,530
"Your Highness, do prepare for a clean, close shave.",55,14,5,74,530
...and the rope makers are asking for a decrease in their taxes.,52,15,4,71,530
This may not be the right time to discuss term limits.,50,19,2,71,530
"And furthermore, father, I would like to thank you very, very, very, very much for naming me your successor, and...",52,15,4,71,530
"Sire, it appears you are not getting the point.",52,15,4,71,530
"...and Your Majesty agrees that Swords-R-Us is not responsible for death, damages or losses resulting from Your failure to...",50,19,2,71,530
"And last, your doctor suggests you get out more.",51,17,3,71,530
"Sire, you might be especially interested in our new double indemnity option.",51,17,3,71,530
"You have two options. Option one is to tell the Queen she doesn't look fat in the royal gown. Option two, Well let's just go with option 1 shall we.",50,14,4,68,530
Is there any gravity in this cartoon?,46,12,4,62,530
"For your Take Out tonight, would you prefer one slice or two?",61,14,6,81,530
It's single edged. Why do you ask?,58,15,5,78,530
It's an invoice for a Royal Letter Opener.,55,16,4,75,530
The Queen would prefer to stay above the fray.,55,16,4,75,530
"It's a collection notice from the Damocles Sign Company, and it says they're going to cut you off.",59,8,8,75,530
"As your court jester, I hope to make you die laughing.",55,16,4,75,530
The good news is the peasants love your tweets.,57,12,6,75,530
"The queen sends a gift, my lord.",58,10,7,75,530
"Dear King: That's not what I meant when I said you need to go under the knife. Please call to make an appointment. Yours, Dr. Wenzagoogoo",55,16,4,75,530
"If accepted, it comes with no strings attached.",55,16,4,75,530
Unfortunately the warranty is void if not hung properly.,55,16,4,75,530
You can remain seated or choose what's behind door number one.,54,18,3,75,530
Your Majesty. We have word of a recall of several lots of rope........,56,14,5,75,530
"Skip to the end, please.",54,18,3,75,530
The National Sword Association objects to any change in the throne room.,56,14,5,75,530
"It appears Sir that no matter how big your sword is, his pen is still mightier.",59,8,8,75,530
"The new rope is on backorder, sir.",55,16,4,75,530
...and the thread company has issued a product quality recall.,59,8,8,75,530
By Order of the Royal Mohel....,53,15,4,72,530
"I'm sorry, but I have to cut you off.",53,15,4,72,530
Is that your final answer?,53,15,4,72,530
Damocles said he'd be back for it.,53,15,4,72,530
"I found the manual, Sire: ""Dam-O-Kleez, Inc. grants no warranties, express or implied, as to the quality or merchantability of the horsehair strand enclosed with this unit.""",53,15,4,72,530
"Bad news, sire, Damocles doesn't want it back.",53,15,4,72,530
Moving on to the infrastructure budget...,51,19,2,72,530
And the Queen lived happily ever after.,55,11,6,72,530
"Instead of knighthood, I prefer a tax cut.",54,13,5,72,530
"Our report suggests the possibility of a pending attack, sir.",55,11,6,72,530
and it's signed: Roger Ailes.,54,13,5,72,530
"It's official, Sire. The winner of the Name That Sword Contest is Damocles.",51,14,4,69,530
"Your Majesty, our scouts confirm that it is a very, very large pen.",53,10,6,69,530
"Finally Your Liege, there's a recall on horsehair, something to do with tensile strength.",50,11,5,66,530
Scribe! Do you still think the pen is mightier than the sword?,61,11,7,79,530
"Sire, you may find my next joke to be a bit edgy.",56,16,4,76,530
It's going to be a very big knight.,55,18,3,76,530
Bad news Sire. We cannot find anyone willing to take the throne.,56,16,4,76,530
Who do you know in Troy?,56,16,4,76,530
Dear Sir: Thank you for upgrading to Damacles Sword 2.0...,54,20,2,76,530
Damocles is upset that you didn't 'love' his last post.,60,8,8,76,530
"Just the peasants' usual list of grievances, Sire, but this time they've omitted the bit about humbly requesting.",58,12,6,76,530
"You are a cut above the rest, sire!",56,16,4,76,530
And the blacksmith's bill is still outstanding...,59,10,7,76,530
Your Majesty's interior decorator has been spotted consorting with the peasants.,59,10,7,76,530
‘Tis a gift from your friends at Halliburton.,54,15,4,73,530
"That completes the good news for the week, Your Majesty. And, once again, I am happy to report there is no bad news.",56,11,6,73,530
"Whilst the Lords appreciate your support of open carry, sire, the inner council fears your marketing campaign is unraveling.",53,17,3,73,530
I asked for a huge throne made OF swords you idiot!,56,11,6,73,530
'The taxpayers are complaining about the size of the overhead.',54,15,4,73,530
"Sire, this is a recall notice about the rope the palace purchased.",54,15,4,73,530
"Oh, King Donald, the Sword of Damocles is a present from King Vladimir.",55,13,5,73,530
Please don't look up your majesty. I have news that could make you feel on edge.,54,15,4,73,530
Does this sword make my crown look small?,50,18,2,70,530
The committee said we couldn't afford a Calder,52,14,4,70,530
"Since it is written: ""He who rules by the sword, dies by the sword"", I would move your throne over 6 feet.",53,12,5,70,530
Your subjects just love this new location for your throne.,52,14,4,70,530
"Number 17, thou proclaim ""That's not a knife, this is a knife!""",54,10,6,70,530
"The pen also happens to be heavier, sire.",52,14,4,70,530
"It's from Donald the Trumpeter of Egoland.. he says , if you think his sword is huge, wait 'til you see how big his pen is . At least , I think I got that translation right.",54,10,6,70,530
"You won't forget the way to the privy again, my lord.",47,14,3,64,530
It's the Sword of Damocles -- Texas Edition,56,18,3,77,530
High overhead is putting your business at risk,58,14,5,77,530
I call it the 'Editor-In-Chief'.,55,15,4,74,530
Your approval ratings with the people is at an all time low but we did just receive another gift from the sword lobby.,54,17,3,74,530
"Sir, it seems that we taxed the people and granted them democracy in the wrong order.",57,11,6,74,530
"Sire, your 3pm fencing opponent cancelled again.",58,9,7,74,530
Anyway you slice it the kingdom is about to become a republic.,54,17,3,74,530
"This is from Mack, your Highness. He wants his knife back.",56,13,5,74,530
"""Sire. I bring news of an attempt to overthrow you but they may be splitting heirs"".",55,15,4,74,530
"Right, just the high points.",55,15,4,74,530
"No your Majesty, I haven't seen your great big sword and if I did, it certainly wouldn't be hanging by a shredded thread over your head.",55,15,4,74,530
The sheath will be done in two years.,53,14,4,71,530
"You know my policy on bad news, right?",54,12,5,71,530
The people want more specific term limits.,53,14,4,71,530
"maybe I should rethink this whole, pen is mightier, thing.",52,16,3,71,530
"The next visitor is Mr. Damocles, sir.",55,10,6,71,530
"Moving your throne is number one on the ""to do list,"" Sire.",52,16,3,71,530
"And then you'll end your speech with the words, ""speak softly and carry a big sword"".",53,14,4,71,530
The decree is that the pen is still mightier...,52,16,3,71,530
"Well sire, it certainly conveys your enthusiasm for cutting edge technology.",53,14,4,71,530
"So, Dionysius, still think it’s funny? Yours, Damocles",53,14,4,71,530
"In local news, the coup attempt has been completely squashed.",53,14,4,71,530
Next item: we've received a huuuge bill from Damocles Decorating.,57,6,8,71,530
"Good news and bad news, Sire. The bris is still on for tomorrow, but the mohel called in sick.",53,14,4,71,530
It says here that it comes with the job.,53,14,4,71,530
Sire the prophets said if you just move the throne 3 feet forward you'll have nothing to fret about.,51,18,2,71,530
from this point forward the sword is mightier than the pen,55,10,6,71,530
"I present to you, the latest cutting edge technology.",51,13,4,68,530
"And finally, sire, the royal rope-maker seeks an immediate audience.",53,9,6,68,530
This message of spam further sayeth that whoever doth break this thread shall have bad luck befall unto them.,53,9,6,68,530
King Rothgar says his is bigger.,53,9,6,68,530
"Once again, there is absolutely nothing bad to report.",48,19,1,68,530
"My liege, how's it hanging?",58,16,4,78,530
It says 'Do not use as a screwdriver or can opener.',54,19,2,75,530
"And, last but not least, you should consider paying the Damocles bill...",56,15,4,75,530
"Your Majesty, ""Monarchy Insurance"" left a message earlier today. It seems the Queen has increased your life insurance coverage...",57,13,5,75,530
It's from Damocles. Says he's made it big.,55,17,3,75,530
...and Damocles called in sick again.,56,15,4,75,530
Speak softly …,55,17,3,75,530
"You ordered the Gordian Knot, but they sent the Sword of Damacles by mistake.",57,8,7,72,530
"I don't care if you are the king, you can't be in two places at once.",54,14,4,72,530
Brexit won,56,10,6,72,530
"Bad news, you've been denied for life insurance.",54,14,4,72,530
"Furthermore, the Acme Rope Company will not be liable for injuries resulting from misuse, exceeding the rated weight limit, or royal hubris.",53,16,3,72,530
"Be wary, sire. Excalibur is a double-edged sword.",52,18,2,72,530
"Your highness, it's another stern notice from the homeowners association.",55,12,5,72,530
How well do you know your interior decorator?,52,18,2,72,530
"No matter how you slice it, you aren't going to like the news today.",52,18,2,72,530
The peasants respectfully decline to participate in your 'King for a Day' promotion.,54,14,4,72,530
Is this like rock-paper-scissors?,46,8,5,59,530
"You're trending again, and not in a good way.",54,9,6,69,530
"No rush, but I've compiled a list of potential successors, sire.",50,17,2,69,530
I have here your request for a change of venue regarding the throne.,52,13,4,69,530
"...and finally, Your Majesty, please don't kill the messenger.",52,13,4,69,530
"Relocation, relocation, relocation.",52,13,4,69,530
A recall has been issued for Acme's entire line of fiber products due to insufficient tensile strength.,49,14,3,66,530
"Sire, tweet just in. Damocles Inc. have issued a recall on all their 2016 sword hanging threads.",50,12,4,66,530
The instructions say it only works with really big envelopes.,48,16,2,66,530
The Dragon Sword is a gift from Mr. and Mrs. Glenfinder of Flygrow Township. The goldbraid cord is a gift from Her Majesty the Queen.,47,13,3,63,530
Breaking news...the queen is heading to her hier appointment,49,9,5,63,530
"Well, the specs say it is cutting edge.",47,13,3,63,530
"Uh-oh, here it is. It turns out you consented to it on line number 432 of your end-user license agreement.",49,9,5,63,530
"Dear Majesty, you may want to wake up for this.",55,14,4,73,530
"And that is why, Mr. Damocles, we can no longer insure you.",55,14,4,73,530
Please don't stab the messenger.,57,10,6,73,530
Her Highness says she didn't literally mean for you to stick it sideways.,57,10,6,73,530
"Plans for making the giant pen are on schedule, your majesty.",54,16,3,73,530
The NRA says they can't help,54,16,3,73,530
"You know how you're always talking about dividing up your kingdom, Sire?",54,16,3,73,530
"So, about those approval ratings...",57,10,6,73,530
"It says, ""Surrender! Sincerely, The King with the Giant Pen.""",56,12,5,73,530
Maybe you should rethink 'Off with his head',54,16,3,73,530
Dear Dad: Sit tight. I am on the way and will be there within a week or two.,54,16,3,73,530
Meetings run on a much tighter schedule since we switched to our new countdown clock.,52,15,3,70,530
"Yes, Sire, it seems to be another recall notice from the Big Sword folks. Trash this one too?",52,15,3,70,530
"My Lord, you won't believe how 'Game of Thrones' ends this season.",51,17,2,70,530
"It's a message from Damocles. He says, ""Payback's a bitch.""",54,11,5,70,530
As your interior decorator may I submit a list of changes?,53,13,4,70,530
Don't worry; the same people did the original VW emissions tests.,54,11,5,70,530
"Sorry, it was the smallest exit sign they had.",55,9,6,70,530
Your Anti-Virus has expired! Do you wish to renew?,55,9,6,70,530
"Time for the royal colonoscopy, sire.",53,13,4,70,530
"Your knife for the gun fight is ready, my lord.",54,11,5,70,530
And we installed the now required sire extinguisher.,54,11,5,70,530
And your brother Louie is sorry to hear you went under the knife.,52,15,3,70,530
The Queen is ready to polish your big sword.,53,13,4,70,530
Good news your majesty! Your subjects have voted 4311 to drop the sword and 4311 to wait.,52,15,3,70,530
"Milord, it is a gift from the people. Apparently, they were quite convinced by his Majesty's campaign speech.",57,5,8,70,530
Would you like to purchase life insurance today?,52,15,3,70,530
"First, let me read the terms and conditions.",50,14,3,67,530
Your loyal subjects beseech your majesty to move the throne just a couple feet forward.,50,14,3,67,530
"I seeth why you are on edge, my Lord.",49,16,2,67,530
Your twin sons have proposed to split their inheritance evenly.,49,16,2,67,530
The press wants common-sense knife control.,50,14,3,67,530
"Skip to the end, I haven't much time.",50,14,3,67,530
"The blacksmith sends a riddle with his unpaid bill: ""Your Magesty, what rhymes with 'greyed dope'?""",56,14,4,74,530
The latest poll indicates that you may soon be replaced.,56,14,4,74,530
It says the ergonomic chair will extend your life.,53,20,1,74,530
I'm trying to get to the point.,53,20,1,74,530
"Love & hugs, Damocles",57,12,5,74,530
"A split decision on Divine Right, Sire.",56,14,4,74,530
I'll read faster! Itisthewillofthepeoplethatyou...,57,12,5,74,530
Your Majesty is not covered. Giant swords falling on your Highness are considered to be an act of God.,58,10,6,74,530
The nobles have promised Your Highness that they will not stab you in the back.,50,9,5,64,530
"Sire, is that our sole weapon of mass destruction?",53,15,3,71,530
"'it may look better over the mantlepiece , but it's up to you , happy birthday '",53,15,3,71,530
"No sire, there's no mention of it being symbolic of the dangers of holding power. It just says ""do not clean in the dishwasher.""",53,15,3,71,530
The Rope Weavers Union has requested to meet you half way.,53,15,3,71,530
Long live the King!,54,13,4,71,530
"Sire, Acme Cable Company has written to inform you that the warranty for your sword bearing device is about to expire.",53,15,3,71,530
"The Court jester says, 'The pun is mightier than the Sword'",54,13,4,71,530
"Certainly, Your Majesty, but it still appears more feasible to carry a big stick",55,11,5,71,530
His only demand is a pair of scissors.,54,13,4,71,530
"No matter how big the sword, your pen is still mightier!",56,9,6,71,530
"And, finally, the people declare your sword to be sharper than your wit.",56,9,6,71,530
"Sire, the palace eunuchs vow payback!",59,15,4,78,530
"A proposition for an alliance, from the House of Sheath.",59,15,4,78,530
Or...you can choose what's behind curtain #1!,53,10,5,68,530
...and the Royal Interns are up to their usual hijinks.,51,14,3,68,530
No one on the list has accepted your invitation to knighthood,49,18,1,68,530
"And, last, your majesty, the jester sends his fondest regards from exile.",51,14,3,68,530
The knife sharpener will be passing through the kingdom on Wednesday.,50,16,2,68,530
"As the technology advances, we plan to miniaturize the device for home use.",54,8,6,68,530
The Rope Maker's Guild wish to apologize in advance.,53,10,5,68,530
It's a second notice from Damocles.,50,16,2,68,530
"My Lord, big things are coming your way.",52,12,4,68,530
And because you asked Parliament to cut overhead...,50,16,2,68,530
Your Queen has given birth to a daugh . . ahem adorable son.,52,12,4,68,530
"Good news, Your Majesty. This season's 'Game of Thrones' comes with augmented reality.",53,10,5,68,530
"Your brother is, yet again, the low bidder to redesign the palace interior.",50,16,2,68,530
"It's from Damocles Sire, he says your sitting in his seat.",53,10,5,68,530
"I assure you the people do no feel like you are compensating for something, your highness.",51,9,5,65,530
The interior decorators are asking why you haven’t paid their bill.,47,17,1,65,530
"Get to the POINT, Knave.",50,11,4,65,530
Hurry up and read the damn thing!,50,11,4,65,530
"Well, no, Your Excellency, I wouldn't stake my life on it.""",56,11,5,72,530
It was and remains my humble opinion that open carry constitutes a threat.,55,13,4,72,530
"They're stalling for time, your highness. I sense a trap.",53,17,2,72,530
Ok. I give up. That is one mighty sword.,56,11,5,72,530
I told you to hang my wife!,55,13,4,72,530
It clearly says you can't switch to Xfinity as long as your Comcast cord is still intact.,55,13,4,72,530
And we admit that the pen may not be mightier than the sword in all cases!,53,17,2,72,530
"This just in, Sire. The U.S. says they ""fully support"" your regime.",58,7,7,72,530
Your request for repurposing into a ploughshare has been denied.,55,13,4,72,530
"It just says, ""Not for children under 3.""",54,15,3,72,530
He says he's got a new and even mightier pen.,55,13,4,72,530
"Sire, have you ever thought about a running mate?",56,11,5,72,530
The interior decorator says it's all the rage in southern Europe.,48,10,4,62,530
They're bluffing.,50,18,1,69,530
They were out of pens,54,10,5,69,530
"Perhaps it would be more intimidating, sire, if we had our guests sit under the sword.",55,8,6,69,530
The Queen asked I read this to you. This will only take...5 minutes?,52,14,3,69,530
"""Excalibur was not available"". We got this from Vlad The Impaler",52,14,3,69,530
The Oracle is warning of palace plots and increased seismic activity.,54,10,5,69,530
"The guy from the NRA really, really wants to talk to you.",51,16,2,69,530
"I understand sir, heavy is the head that wears the crown, but be assured your staff is dedicated to easing your burden.",53,12,4,69,530
"We regret to inform you that our rope is being recalled, due to frequent premature failures.",50,18,1,69,530
"The good news is that the extra-strength thread was 60% off on Prime day. The bad news, it's on backorder.",51,16,2,69,530
"Sorry, I assumed the measurements you gave me were in imperial units.",51,16,2,69,530
"Fair and balanced, yes sir, that's it, fair and balanced.",53,12,4,69,530
The rope makers union has sent its revised demands...,50,18,1,69,530
My son installed it himself.,53,12,4,69,530
"Sir, it appears your Life Insurance policy has been cancelled...",50,18,1,69,530
"The latest Trump tweet says: ""The other rulers are losers who got bad deals on swords. I got a great deal on a sword from a guy names Damocles. #DIONYSIUSISOVERRATED.""",56,6,7,69,530
"Sorry for the slip up your majesty, but I'm a bit distracted by the size of your shaft!",56,6,7,69,530
"Bad news, Sire - the return policy says YOU are responsible for shipping and handling!",51,11,4,66,530
... and Damocles wants his sword back.,50,13,3,66,530
"It says that ""those who live by the sword die by the sword.""",50,13,3,66,530
"The pen is NOT mightier than the sword, the pen is not mightier than the sword...",50,13,3,66,530
"Your highness, your queen beseeches an amicable trial separation!",50,13,3,66,530
"A gift from the knife lobby, Sire.",49,15,2,66,530
I've got good news and bad news. What do you want first?,50,13,3,66,530
The warranty on the Damocles sword is 1 year but the horse tail rope is only 30 days.,50,13,3,66,530
"In short, the gun lobby is offended, my liege.",51,11,4,66,530
The High Court says it stays. Damocles be damned. They regard it as a 2nd Amendment issue.,49,15,2,66,530
"Yes, it reads ""hairs"", but I think he meant ""splitting heirs.""",48,17,1,66,530
The royal interior designer seems disgruntled.,50,13,3,66,530
The subjects want cuts in royal expenses.,52,9,5,66,530
"...Therefore, Her Highness requests total and complete separation, effective immediately.",52,9,5,66,530
"Sire, it states that the sword sharpener is sold separately.",51,11,4,66,530
"Ah....on second thought, I think I'll pass on that knighthood.",51,11,4,66,530
budget cuts ....,57,11,5,73,530
"Let me cut to the chase, Your Majesty.",55,15,3,73,530
"There are some pointed things in here, but they're not aimed at you.",54,12,4,70,530
"And finally, the people request one wire cutter, your majesty.",55,10,5,70,530
Several members of your court suggest a less menacing symbol - perhaps a cheeseburger.,52,16,2,70,530
Thy use of personal scrolls for communication was extremely careless.,51,6,6,63,530
The Acme Sword Hanging Company disputes your claim of negligent installation.,55,10,5,70,530
So it is written and so it shall be done and it shall be HUGE.,55,10,5,70,530
"Well.....the bottom line reads:-......""OR ELSE""",52,16,2,70,530
Your 9:15 has cancelled. Your 9:16 has cancelled. Your 9:17 has cancelled...,50,20,0,70,530
"It slices both ways: You endorse her, you lose. You don't endorse her, you lose.",54,12,4,70,530
"Your Majesty…the Royal Physician said you should be “circumspect,” not circumcised!",54,12,4,70,530
"Sire, we've entered the fray.",55,10,5,70,530
Her Majesty insists on a chandelier.,54,12,4,70,530
"According to our focus group research, our enemies see it less as ""menacing"" than as ""cartoonish.""",52,16,2,70,530
"It says, not to worry, this is not at all like the horse.",55,10,5,70,530
This joke'll slay you.,50,20,0,70,530
"The pen is mightier, you say?",50,8,5,63,530
It suggests you move your throne a few inches forward.,52,16,2,70,530
"Sir Rubio is mocking the size of your hands again, sire.",55,10,5,70,530
"Rather than cake, they want the rye sliced thin",52,16,2,70,530
"Queen's request, sire: Stop watching Game of Thrones.",58,11,5,74,530
"Yes Sire, the inventory confirms that is a dagger you see before you.",57,13,4,74,530
"It says here, that if you don't remove the knife, your insurance rates will skyrocket.",52,11,4,67,530
"And as a reminder, the Royal Circumcision Rite is scheduled for next Thor's Day.",53,9,5,67,530
Please don't say the secret word!,52,11,4,67,530
"Your Majesty, we have received a safety recall from the rope manufacturer.",49,17,1,67,530
Let's make Camelot great again!,50,15,2,67,530
It's from Damocles. He wants his sword back.,52,11,4,67,530
I do believe there is a sharpness in the air your majesty.,51,13,3,67,530
"""repeat after me...'our father who art in heaven...""'",51,13,3,67,530
I regret to inform Your Highness that neighboring kingdoms have declared a ban of all massive weapons of destruction.,51,13,3,67,530
"Apparently the Damocles agent listed it as a 'fixture', so yes sire...it stays.",51,13,3,67,530
Let me give you the CliffsNotes version.,52,11,4,67,530
"Happy Birthday! Your pal, Damocles.",55,5,7,67,530
"It's from your official decorators, your majesty. Apparently this was supposed to be a large pen.",52,11,4,67,530
"We hear the peasants are preparing ""Fray Day"" celebrations, Your Highness.",51,13,3,67,530
Our weapons production has been suspended.,52,11,4,67,530
"Be it known in the Realm, that the annual King for a Day Contest Winner shall commence his reign in .....4, 3, 2.....",53,9,5,67,530
According to the Soothsayer... you should be fearful for your life.,51,13,3,67,530
Weight for it....,53,9,5,67,530
The Queen feels like you're overcompensating and not prioritizing what really matters in a relationship.,55,5,7,67,530
"It says, ""Danger lurks today Leo, stay indoors""",49,17,1,67,530
Let's rephrase that to 'The sword is mightier than the pen'.,53,9,5,67,530
They like your idea for a new reality show!,50,15,2,67,530
The Giant wants it back.,53,9,5,67,530
"Issue 37, inferior materials used by the Roping Guild.",47,9,4,60,530
"So, your highness, in reviewing the results of the safety audit...",44,15,1,60,530
He says the greatest danger to your kingdom comes from within.,55,12,4,71,530
"He says he'll remove it, but only if you say ""Pretty please Damocles"".",55,12,4,71,530
"It says: abdication or death, whichever comes first.",53,16,2,71,530
"Your majesty, the SWAT team says to snip the green wire first.",55,12,4,71,530
"Sorry-- I see no loophole to get you out of the ""Knife of the Month"" club.",54,14,3,71,530
"A frayed knot, your highness!",56,10,5,71,530
"Could I borrow 20 ducats, my liege? I'll pay you back tomorrow... I promise.",55,12,4,71,530
"As ordered sire, three feet longer than St. George's",54,14,3,71,530
"There's no question about it, m'Lord. It did come with a lifetime guarantee.",53,16,2,71,530
"Your enemy is clearly overcompensating for something, your Highness.",55,12,4,71,530
Accept our demands and we will provide pens for your protection.,55,12,4,71,530
"It's from your cousin Damocles; the note reads only ""Enjoy.""",55,12,4,71,530
"For insurance reasons, your Council has suggested a second support rope.",53,16,2,71,530
You may not want to hear your recent poll numbers.,54,14,3,71,530
Damocles is glad you like the gift. It had hung around his place for too long.,55,12,4,71,530
"Your majesty, your loyal subjects would like to borrow the giant knife so they can cut the giant cake.",53,16,2,71,530
Damocles says he doesn't want it back.,55,12,4,71,530
Note to self: Don't look at the sword when reading....,56,10,5,71,530
And whereas the Queen put forth a rock and the King put forth a scissors . . .,51,8,5,64,530
The Queen reports that her meeting with the Royal Ropemaker was fruitful.,49,12,3,64,530
"Wait, I lost my place. I'll start over.",50,10,4,64,530
"Wish he'd read faster, I haven't got all day...",50,10,4,64,530
Merlin entreats you to abdicate your throne to avoid a sharp decline in your safety.,47,16,1,64,530
Cutting edge technology will be your legacy.,44,10,3,57,530
Neighboring kingdoms request talks to limit the proliferation of weapons of mass destruction.,45,8,4,57,530
"And once again, no prince has come forward to duel with you for the hand of the princess.",53,11,4,68,530
So where would you like the pen? It being mightier and all...,54,9,5,68,530
Just hang in there. I'm almost done.,51,15,2,68,530
"On second thought, Your Majesty, silly of me to suggest a new throne room carpet in anything other than red.",51,15,2,68,530
Damocles called. He wants to know if his sword is still hanging over your head.,52,13,3,68,530
"Sire, your royal life insurance policy covers everything except: Death by giant sword while sitting on the throne.",51,15,2,68,530
It's from Damocles. He thinks he left his sword here.,50,17,1,68,530
I'm happy to report His Majesty has again won 100% of the vote.,52,13,3,68,530
"For your birthday, your son and future king, provided the gift of cutlery...",52,13,3,68,530
"Yes, your Highness, I get it that you're not risk averse.",53,11,4,68,530
"It's a petition, sir. The people want you to stop being the village mohel.",55,7,6,68,530
"Damocles says he wants his sword back ... or else.""",54,9,5,68,530
"Your majesty, the queen beseeches you for a trial separation!",53,11,4,68,530
Damocles says hey.,54,9,5,68,530
Size matters.,52,13,3,68,530
"Your Majesty, it's from your insurance company.",50,17,1,68,530
"It's the new guillotine 2.0, sir.",54,9,5,68,530
Says here that it is just a Pokémon Sword.,52,13,3,68,530
Apparently the pen is not always mightier than the sword.,52,13,3,68,530
The Queen wishes Your Magesty to understand the consequences should you decline to agree to remodel...,54,9,5,68,530
"Shall I continue reading the end-user license agreement, your Highness?",53,11,4,68,530
...and that your Highness is oblivious to the peril that is about to befall our kingdom.,52,13,3,68,530
Are you sure you want to hear the results of the latest poll Sire?,53,11,4,68,530
"It appears that has been taken, Sire. What about Mack the Dagger?",53,11,4,68,530
"Sir, your Royal Designers suggest your throne be repositioned slightly.",51,15,2,68,530
"A gift from your brother, your Majesty. He sends his regards.",52,13,3,68,530
"Your Majesty, when you call this proclamation a double-edged sword, are you trying to be funny?",51,15,2,68,530
"King Occam, I think the Razor might be a better option",51,15,2,68,530
"Not just mightier, but considerably more safe as well!",52,13,3,68,530
The cease and desist letter is from some guy named Damocles.,52,13,3,68,530
It says the queen knows about your mistress. So you've got to split.,52,13,3,68,530
Your faithful soothsayer bids Your Majesty beware that the loss of the royal family jewels appears imminent.,53,11,4,68,530
Note from Damocles: Sword should point down.,49,7,5,61,530
"First off, I want a raise.",51,10,4,65,530
This should make the throne less palatable to the conspirators against your highness.,49,14,2,65,530
"Pardon me sire, but how large is your comfort zone?",51,10,4,65,530
Don't make me laugh.,51,10,4,65,530
The people would like a bigger slice of the pie.,51,10,4,65,530
The citizens are upset about your plan to cut the budget.,52,8,5,65,530
The note says a large steak will follow shortly and you just need to sit tight.,51,10,4,65,530
It's from Damocles. He says it's not about size,50,12,3,65,530
"""Uneasy lies the head that wears the crown."" King Henry the IV- Shakespeare",51,10,4,65,530
The unions want us to cut from the top.,51,10,4,65,530
"From this day forward Hemp will be smoked, and not used for sword hanging.",46,8,4,58,530
Would your Majesty care to bend forward just a little bit!,52,15,2,69,530
The next subject to be knighted is a fairly big chap.,54,11,4,69,530
"King Arthur challenges you to a gun fight, Your Highness.",52,15,2,69,530
"He goes on to say that, although your sword is fearsome, he is not convinced of your ability to wield it effectively.",52,15,2,69,530
"Damocles writes, ""I feel your pain, brother.""",53,13,3,69,530
It's not the size of the sword that matters although that is impressive.,54,11,4,69,530
"Your astrologer says, ""Beware of a higher power!""",55,9,5,69,530
Her Highness requests the King to remain seated for several hours of delightful entertainment...,54,11,4,69,530
Once upon a time ... before the NRA ...,53,13,3,69,530
"Sire, Damocles wishes to inform you that he hopes this time you will get the point.",54,11,4,69,530
"Your majesty, it's called a ""gag gift.""",53,13,3,69,530
A gift from a political outsider.,53,13,3,69,530
"Sire, may we negotiate the clause in small print before trading places?",55,9,5,69,530
"John from Camelot asks ""Do you regret letting your ex do the decorating?""",52,15,2,69,530
"As usual, I have great news.",55,9,5,69,530
Your brother Claudius wishes to know how you like his interior decorating your Majesty.,52,15,2,69,530
"Due to a larger than normal work volume, the Royal Rope-makers cannot repair the Royal Sword Holder until some time next month. They apologize for any inconvenience this may cause.",55,9,5,69,530
The textile workers' strike is expected to end any moment now.,53,13,3,69,530
"Shoot, I should have brought a bigger pen.",55,9,5,69,530
"Telegram from Damocles, Sire.",48,11,3,62,530
"Oh, yes Sire, I agree. There's never a dull moment around here.",48,11,3,62,530
It says no returns once the package is opened.,50,7,5,62,530
"Your majesty, this might soon be moot ...",49,9,4,62,530
"Signed, ""Your pal, Damocles""",51,12,3,66,530
"It says it will stay there until he gets weekends off and it's signed, Merlin.",49,16,1,66,530
"Sire, Damocles sends news that you may find pertinent....",51,12,3,66,530
"Says here, 'In case of constant peril, sit somewhere else.'",49,16,1,66,530
"I can see why you're having a strong sense of impending doom, sir.",50,14,2,66,530
Introducing our latest system update: Henry 8.5!,51,12,3,66,530
"On hindsight, maybe it was a mistake to hire Damocles as our interior designer.",55,11,4,70,530
...and Acme Insurance has raised your premiums substantially.,54,13,3,70,530
"Dear king, you're dead. It's signed Damocles.",55,11,4,70,530
...then at 10:30 we'll be executing the new decorator.,45,12,2,59,530
"Yes, Sire, I DO know what ""literally"" means.",47,15,1,63,530
Just says some dude named Damocles wishes you a Happy Birthday.,47,15,1,63,530
Gillette says it'll give you a closer shave.,48,13,2,63,530
Five'll get ya ten old Macky's back in town.,50,9,4,63,530
"Your Majesty, it is a gift from King Bowie",50,9,4,63,530
Nothing says security like double-diameter horsehair,49,11,3,63,530
"It's a dire letter from Damocles, Sire...",48,13,2,63,530
"I know your grace has not been terribly interested in the realm's crumbling infrastructure previously, but this next item should be of some interest.",49,11,3,63,530
"The instructions from Damocles is quite clear, your highness. The sword IS supposed to hang over your head.",52,12,3,67,530
Damocles called. He doesn't want his sword back.,53,10,4,67,530
The cable guy had to reschedule.,52,12,3,67,530
Just the headlines?,51,14,2,67,530
And sneezing in the King's presence is now forbidden.,53,10,4,67,530
"I don't see anything in the warranty about that, Sire.",52,12,3,67,530
"A policy amendment, O King, from Risk Management.",52,12,3,67,530
"And finally sire, the guy upstairs holding a rope suggests you reconsider the benefits package.",51,14,2,67,530
So you're telling me it's not so good to be the King?,52,12,3,67,530
The origon of cut throat politics.,52,12,3,67,530
Partly cloudy with a chance of reign.,51,14,2,67,530
Big John is at the gate. The knights advise you to return his knife.,54,8,5,67,530
"Your horoscope, your highness, says to not let things hang over you.",52,12,3,67,530
"OK wait, here it says to make sure there are no microwaves or cordless phones in the same room.",52,12,3,67,530
"My Lord, a letter from your brother, the penman: You're overcompensating.",52,12,3,67,530
So I suspect your not one to 'shoot the messenger'...,51,14,2,67,530
This is to notify you that your decree banning assault weapons of all kinds has not been well received.,52,12,3,67,530
Your royal decree has been enacted. The size of one's sword DOES now matter.,52,12,3,67,530
"Dear Mr. Damocles, for a limited time, we are pleased to be able to offer an extended warranty ...",53,10,4,67,530
We call it fair and balanced,53,10,4,67,530
"No takers for a duel, yet, your Highness.",50,16,1,67,530
"And sadly, sire, Sir Galahad reports that his hernia is as yet unhealed.",53,10,4,67,530
Apparently your request for a giant swordfish was truncated.,55,6,6,67,530
Damocles sends his best wishes.,52,12,3,67,530
I just don't get the point!,55,13,3,71,530
The king's sword is HUGE! It's incredible! Everybody loves it! It's ridiculous how much it's hugeness is incredibly loved by everybody! It's unbelievable!,47,10,3,60,530
"Let it be known, that in this kingdom the sword is mightier than the pen.",47,10,3,60,530
Damocles sends his regrets and hopes that you will enjoy this token of his esteem.,50,11,3,64,530
The TSA respectfully denies your exception request,50,11,3,64,530
I have a message from Damocles. Shall I go on?,50,11,3,64,530
"And furthermore, be it known that His Majesty's sense of humor doth hang by a thread.",48,15,1,64,530
"I am here to clarify the news I delivered to you earlier about the time sensitive issue being a double edged sword, Your Highness",51,9,4,64,530
"The Queen now apologizes for saying ""you might not hang the biggest sword in the kingdom.""",52,7,5,64,530
The peasants say their guy has a slingshot.,49,13,2,64,530
It's signed by somebody named Damocles.,53,5,6,64,530
A majority think you're a little too tough on crime.,51,9,4,64,530
And we all know what they say about men with big daggers.,49,13,2,64,530
Hide the tag; we'll return it after we slay the dragon.,52,7,5,64,530
"The specs are thus, sir: steel blade by Hanzo, horse hair strap by Takata.",51,9,4,64,530
Is this a dagger which I see above me?,53,5,6,64,530
Drumpf says his sword is bigger.,50,11,3,64,530
"Would you like the good news, the bad news, or the really really bad news?",50,18,0,68,530
"It says, do not suspend with an aftermarket cable.",53,12,3,68,530
"It’s from the Royal Rapper. “If you don’t split, you be split.”",55,8,5,68,530
Your subjects wish to thank you for being on the cutting edge.,52,14,2,68,530
"Sire, your subjects LOVE the new directional signage.",52,14,2,68,530
"Are you sure you still want to be king, Mr. Trump?",55,8,5,68,530
"...the right of the King and the people to keep and bear Arms, shall not be infringed.",53,12,3,68,530
"A Chicken Little to see you, Sire",53,12,3,68,530
Make it quick.,55,8,5,68,530
And today's special is a crown roast.,55,8,5,68,530
And here's a third request for plowshares.,51,16,1,68,530
Good news: The people are eating cake.,52,14,2,68,530
The king doth decry he is not overcompensating for anything.,53,12,3,68,530
it is written. the pen is mightier than the sword.,59,7,6,72,530
"Also, the giant is asking for his Letter Opener of Damocles back.",49,8,4,61,530
"The note is signed ""Crocodile Dundee""!",50,6,5,61,530
Your kingdom would like to express their sincere gratitude for the spoiled meat donated from the palace last week.,48,10,3,61,530
"This is, of course, an obviously tentative schedule.",51,11,3,65,530
Would you like to borrow my pen?,52,9,4,65,530
Your predecessor was much larger.,50,13,2,65,530
In this budget there will be dramatic cuts.,52,9,4,65,530
"Sir, I fear your over-compensation could prove fatal.",52,9,4,65,530
"Your majesty, King Trump this is a gift, in your honor, from all the people on the other side of the castle wall.",52,9,4,65,530
"It's called a ""Trojan Dagger,"" Your Highness. It's a gift from the Greeks.",51,11,3,65,530
It says that the warranty on the thread is expiring.,51,11,3,65,530
"Highness, your father's will contains an heir cut stipulation.",54,5,6,65,530
"Strong leader, 52%. Shares our values, 64%. Right on the economy, 42%. Don't want to die, 99.3%",53,7,5,65,530
It's a voided warranty from your sword-hanging guy.,51,11,3,65,530
"Hear Yee, Hear Yee, your majesty will not fall on his sword, it will fall on He.",53,7,5,65,530
"Your therapist had to move the appointment to next Friday, unless it's urgent.",51,11,3,65,530
The numbers volunteering for castrati are down...,50,13,2,65,530
I don't like the line that the pen is mightier than sword.,54,5,6,65,530
"No really, this seems like overkill.",51,11,3,65,530
...and here's a note from a Mr. Damocles who suggests that you move your throne a few feet to the right.,51,11,3,65,530
and now in the figurative and literal news...,49,15,1,65,530
The greatest threats are from within Sire.,51,11,3,65,530
"Sire, you can upgrade to a pen only when this contract expires.",51,11,3,65,530
Can we discuss your thesis on metaphor in the side room?,52,9,4,65,530
"Another email from Hillary, ""Trouble hangs heavy over your head.""",51,11,3,65,530
"It's a recall notice on your sword, Your Highness. The Damocles Model requires urgent safety improvements.",54,12,3,69,530
"Oh, and the sword installer says he'll be back to hang it properly next week.",54,12,3,69,530
So do you still think the word is mightier than the sword?,53,14,2,69,530
It's a message from Goliath.,55,10,4,69,530
They are peasant complaints regarding a lack of metal for their plows.,53,14,2,69,530
I don't think there's time to have this notarized.,53,14,2,69,530
I'm reading too quickly? I just had a large coffee. That's probably it.,55,10,4,69,530
Now is the winter of our discontent...,53,14,2,69,530
The giant asks that you accept this as a wedding gift sire.,56,8,5,69,530
"Happy birthday to you, happy birthday to you, happy birthday dear kingy, happy birthday to you. And it's signed 'Your loyal serfs.'",53,14,2,69,530
Sire: your new cutlery comes with a lifetime guarantee.,47,7,4,58,530
Your ministers say there's no hurry... take your time,45,11,2,58,530
Your doctor has advised that you go under the knife again...,48,12,2,62,530
"I'm sorry to report, your majesty, but it seems we have termites.",46,16,0,62,530
"Lord Damocles, The first order of business is the contract talks with the rope weavers union.",50,8,4,62,530
That takes care of that. Next on the scavenger hunt list is Occam's razor.,49,10,3,62,530
"Sire, the note is from the Emir of Damocles: 'I know it's not your birthday, but I didn't want to leave this hanging.""",49,10,3,62,530
"Your Highness, we should Feng Shui your bedroom next.",50,8,4,62,530
"Um, don't kill the messenger, but Guinness says it is only the third biggest...",49,10,3,62,530
Polls indicate you hands look even smaller now...,50,8,4,62,530
"Sire, the instructions warn not to sit beneath the display.",48,12,2,62,530
It's a letter from Damocles & Associates. Your mortgage is 90 days past due.,49,10,3,62,530
Please do not reply to this message.,48,12,2,62,530
"I'm afraid this won't tip in your favor, your Highness.",51,6,5,62,530
You voided the warranty.,47,14,1,62,530
It's a myth that we shoot the messenger.,53,9,4,66,530
"Well, you're never going to win the caption contest with lines like this, Your Highness.",54,7,5,66,530
Therefore be it resolved that the king shall sit under The Sword until The Sword decides that it is time for a new king.,50,15,1,66,530
"Hung directly overhead, this sword will bring you luck. Signed, a Secret Admirer",51,13,2,66,530
"Well, you did cut the engineering budget.",52,11,3,66,530
"""Your request for the return shipping label for the sword has been denied."" ~Damocles",52,11,3,66,530
"Your Highness, please don't cut me off.",51,13,2,66,530
I don't want to split hairs on this,54,7,5,66,530
"And lastly sire, Lancelot asks that you give one mighty tug on that bit of rope by your feet . . .",53,9,4,66,530
"Edward of York would rather settle the dispute with a game of Rock, Paper, Scissors.",53,9,4,66,530
It seems your highness accepted this risk when he agreed to the terms of service.,53,9,4,66,530
Item XIII: impending defense cut.,53,9,4,66,530
"Your Will, sire.",50,15,1,66,530
"In conclusion, you shall say to the peasants: ""Trust me, my dagger is really, really big!""",54,7,5,66,530
This Magna Carta thing will blow over - trust me!,53,9,4,66,530
And the people hereby acknowledge that you are the cut above....,53,9,4,66,530
The sword hanger maintenance is next week...,53,9,4,66,530
It's to scale,50,15,1,66,530
"Did you want a quick cut, your majesty or just a bit off the top?",52,11,3,66,530
"As you know, the budget cuts to the Executive Branch are still looming.",52,11,3,66,530
The Pen is mightier than the Sword? Really?,53,9,4,66,530
"Your subjects wish to play truth or dare, sire..........",52,11,3,66,530
"According to the contract, your Highness, the warranty on the Throne-N-Thread expired yesterday.",51,13,2,66,530
Brexit could have unintended consequences.,50,15,1,66,530
Number thirteen: Please remove crown before leaning forward.,50,15,1,66,530
"The new signage for the men's room, Your Majesty.",53,9,4,66,530
Don't stand up.,51,13,2,66,530
The Turkish President wishes to inquire if you are pleased with your new exit sign?,53,9,4,66,530
Speak softly but what?,43,10,2,55,530
"Today at Cafe Damocles we are offering roast boar, pickled pigeon, and fish soup. Would my Lord care for a beverage?",45,13,1,59,530
It's a nasty gram from someone named Damocles.,46,11,2,59,530
"...137 shillings for food, 124 shillings for the royal coat of arms, 67 shillings to clean the stables, 10,452 shillings for 'sword sharpening and polishing'.",47,9,3,59,530
"This is my edited version of ""long live the king!""",46,11,2,59,530
"Sire, I had a few problems, writing your acceptance speech. Perhaps you might like to take a stab at it?",47,9,3,59,530
"Your Highness, the invoice from Damocles Inc clearly states that sharpening services are not included!",48,7,4,59,530
It says here that the warranty for your rope runs out today.,50,10,3,63,530
Who are we to question whether the pen is mightier than the sword?,52,6,5,63,530
"Further, by order of the King, pens shall be outlawed.",49,12,2,63,530
These are the quotes from the metaphor removal companies.,48,14,1,63,530
"Just a sec, Your Highness, I gotta nab that Pokemon.",51,8,4,63,530
"Almost done, my King, just a few more threads to unravel.",51,8,4,63,530
It's from Mac.,51,8,4,63,530
Is this a dagger I see before me?,50,10,3,63,530
"... in addition to Double Sword Indemnity, Monarchy Insurance covers Throne damages, Crown, Robe & Sandals... limb replacement...",49,12,2,63,530
Who is this Damocles you speak of?,50,10,3,63,530
The Structural Survey Committee chaired by Prince Hal has concluded that there are no items requiring immediate repair.,48,14,1,63,530
"Yes, Sire. I like it too. ""The first cut is the deepest.""",50,10,3,63,530
I believe you should proclaim you were misquoted on the Pen being Mightier...,49,12,2,63,530
Her Majesty sends birthday greetings and a charming pet squirrel,52,6,5,63,530
"Sire, the letter says, ""We regret to inform you that the life insurance policy that you have with our company has been canceled.""",49,12,2,63,530
"On the upside, your highness, your horoscope says fortunes improve near the end of the month.",49,12,2,63,530
"Don't be a tit, Your Highness. Move your goddamned throne. There's a fucking massive sword that's hanging above you by a motherfucking thread",53,4,6,63,530
You look great. No need to go under the knife.,51,8,4,63,530
"It's from Damocles. He says, 'You win.'",49,12,2,63,530
"This warranty is void in all cases of abuse, insurrection, natural disasters, or damage as a result of incorrect assembly.",52,13,2,67,530
I see your point.,52,13,2,67,530
The lady agrees but would like a pre-nup...,51,15,1,67,530
"Bad news, Sire. We have not been able to find a contractor willing to move your throne.",51,15,1,67,530
It comes with the crown.,52,13,2,67,530
The Queen has retained Damocles as her attorney.,54,9,4,67,530
Now what's mightier?,53,11,3,67,530
Whereas an atmosphere of intimidation pervades the royal chambers...,52,13,2,67,530
And Damocles says you'll be hearing from him soon.,52,13,2,67,530
Campaign promise #32: Cut Excess Spending...check,54,9,4,67,530
Oyez! Oyez! Whereas Parliament hath enacted term limits....,54,9,4,67,530
Dionysius writes back that the sword should be pointed downward.,52,13,2,67,530
"Is this Unfunny, Somewhat Funy, or Funny?",56,5,6,67,530
"Compensating for something, are we?",53,11,3,67,530
"First the good news, then a longish intermission.",53,11,3,67,530
The royal insurance broker doest suggest your higness decease thy deductibe on thou accident policy ... and he included this nifty quill pen.,53,11,3,67,530
"This is from Damocles, Sire, he's pledging his support.",54,16,1,71,530
"""It looks like your order for one Excaliber got super sized"".",52,8,4,64,530
To The Editor: Your Highness wishes to remind you that the sword is mightier than the pen.,51,10,3,64,530
This next part is really funny...,51,10,3,64,530
The NRA rep wants to discuss redecorating.,52,15,1,68,530
I have a message from the Colossus of Rhodes: he wants his sword back.,49,7,4,60,530
"Sorry I could't attend the party. Do enjoy the sword as my gift to you. Sincerely, Damocles.",50,12,2,64,530
I'm getting older so naturally it was time to go under the knife.,52,8,4,64,530
"Father, I've taken the liberty of updating your Last Will & Testament.",50,12,2,64,530
Public opinion of your hand size is unchanged.,51,10,3,64,530
"But wait, Sire! Order ere the chimes of midnight and Your Majesty shall also receive the miraculous Giantslayer 2000!",53,6,5,64,530
I think it is now safe to report that your subjects have considered you a royal pain in the ass.,43,12,1,56,530
Your contract includes a lifetime guarantee for fixtures and mounting.,50,12,2,64,530
"...and I regret to tell you that this will require larger cuts. Sincerely, Your King",54,11,3,68,530
"I'm happy where I am. Yours truly, Damocles.",49,14,1,64,530
"How fond are you of your legs, your majesty?",52,8,4,64,530
"Apparently the optics are working, your majesty. No one wants your job.",50,12,2,64,530
"The sword is mightier than the pen, yes I see that now Sire.",50,12,2,64,530
"Our researchers say there's nothing to worry about, it's just a metaphor. They do suggest you move your throne, though.",50,12,2,64,530
"Damocles, sire...unfortunately I have more bad news.",47,11,2,60,530
"Before they address your complaint about the dull blade, sire, the contractors would like to be paid in advance.",46,13,1,60,530
"Whereas the armourer's bill is ninety days past due, certain punitive action shall occur by this eventide.",50,12,2,64,530
"Guillotine blades so dull they've become nothing but a pain in the neck'? Well now, with the new Kinsu sword, slicing any neck is as easy as cutting through butter.",53,6,5,64,530
Still no volunteers to take thy place m'lord.,46,13,1,60,530
Your horoscope says you're a sword loser.,53,6,5,64,530
My Dear King Damocles . . .,51,10,3,64,530
It says Weapon of Mass Destruction. Keep away from children....,49,14,1,64,530
The Queen apparently ordered from Sharper Image prior to her exile.,51,10,3,64,530
"Sire, we've lost yet another Accidental Death and Dismemberment carrier.",51,10,3,64,530
Defendants respectfully decline their right to a hearing before your majesty.,44,10,2,56,530
I have to read the disclaimer.,50,12,2,64,530
"Sir, I know you were hoping for good news but I'm afraid not.",51,10,3,64,530
"Your Majesty's new art piece, titled ""Freudian Sword""",53,6,5,64,530
"Whatever you do, don't say Macbeth""",47,11,2,60,530
...and two o'clock the Queen will come by with the new decorator. They think adding some throw pillows will make the room feel a bit more homey.,48,9,3,60,530
"He sends his regrets, but he has a conflict and cannot cover for you while you are on vacation.",52,8,4,64,530
"... and finally, the ogres once again request that you return their knife, your highness.",50,12,2,64,530
"Finally, your humble servants request you move your throne three feet forward to be closer to your people.",51,10,3,64,530
Gotcha. Change 'before' to 'above'.,52,8,4,64,530
This prenup could actually be shorter.,48,9,3,60,530
"For now, the pen is mightier than the sword",54,11,3,68,530
"Sorry Sire, ""The kingdom expects you to die"" is trending right now.",51,10,3,64,530
"Oh great and powerful Damocles, uneasy lies the crown...",54,13,2,69,530
"We have increased the size of our arsenal as commanded, Sire.",51,12,2,65,530
Read faster--I feel like I'm only hanging on by a thread!,50,14,1,65,530
The Queen says she commissioned it as a reminder of her love for you... and what may occur if she catches you with another maiden.,52,10,3,65,530
"Your Highness, the royal throne and carpet movers send word that they are delayed and to please sit tight.",52,10,3,65,530
The Commission on Royal Safety recommends. . .,51,12,2,65,530
"Sire, it's message from Merlin: Watch your back.",53,8,4,65,530
The queen says she would like you to jump up and pay her a visit.,50,14,1,65,530
"A message from the royal scientist, sire. He says he has invented something called a ""pen"" which he says should help.",51,12,2,65,530
Section 27b. Paragraph 8. Limitation of Liability.,49,16,0,65,530
You knew that Gulliver would come back for it someday.,54,6,5,65,530
". . . and finally, King Lear, Regan and Goneril send their love and hope that you are enjoying the super strong rope they sent over.",53,8,4,65,530
"Sire, this is a notification from the village smithy that the Hanging Sword kit you purchased last week? has been recalled due to inferior rope? Shall I pen a reply?",52,10,3,65,530
And the mighty wizard foretells a bright white light appearing soon...,53,8,4,65,530
This evening's dinner will include Burger King...,52,10,3,65,530
The bad news - the reinforced horsehair is on back order.,51,12,2,65,530
"What kind of name is Damocles, anyway?",50,14,1,65,530
"Next, a very interesting gift from Prince Gillette.",52,10,3,65,530
"Mr. Calder sent you this mobile, and wishes you a happy birthday.",52,10,3,65,530
"Don’t give me a list of excuses, if you don’t find a quick way to cut expenses the overhead is going to kill me.",52,10,3,65,530
"Damocles asks, does his gift lift your spirits any sire?",52,10,3,65,530
"Her Highness, the Queen, will be pleased to know that you are now covered under a special life insurance policy, which is independent of preexisting conditions.",51,12,2,65,530
"Sire, 50% fewer subjects said 'the pen is mightier than the sword' after those who said so in the last survey were beheaded.",52,10,3,65,530
"Says here, `Uneasy lies the head that wears a crown,' your highness.",51,12,2,65,530
Damocles is on the short list.,53,8,4,65,530
"Sire, you were Benihana's ten millionth customer.",50,14,1,65,530
"It's a recall, sir. To avoid serious injuries it must be returned to the dealer immediately.",51,12,2,65,530
You know what they say about a man with big knives?,51,12,2,65,530
We hold these truths to be self evident...,52,10,3,65,530
"Dear father, I appreciate the opportunity to succeed you in office. However, under the circumstances, I've decided to go into private equity. Your son, Norman",52,10,3,65,530
"Sire, if you answer this question correctly, you can have either what's behind the curtain or what's behind the door. If not, best to lean forward slightly.",51,12,2,65,530
"I don't know sir, these instructions don't show the rope in that condition, maybe we should call IKEA",51,12,2,65,530
"and finally your Majesty, the sword of Damocles exhibition has been extended for another week.",51,12,2,65,530
"Your Majesty, Erdogan's is still bigger.",52,10,3,65,530
The Health and Saftey Officer was beheaded as per your wishes your Grace,52,10,3,65,530
"""Our relationship will never be frayed."" Love, thy loyal Queen.",50,14,1,65,530
"OSHA insists the frayed cord is a violation, Damocles or no Damocles.",51,12,2,65,530
"Your Queen wishes you to know, the first cut is the deepest.",51,12,2,65,530
Be it proclaimed that the size of one’s sword reflects the size of one’s manliness – no one having a bigger sword than the King.,48,11,2,61,530
"Your Grace, I'm afraid your approval rating in the southern shires is showing some unexpected slippage.",51,5,5,61,530
Wouldst thou consider mediation?,49,9,3,61,530
"And lastly, Your Majesty, the Queen and the Crown Prince are pleased to report that they have completed re-decorating here in the throne room...",49,9,3,61,530
Shrek demands his sword's return or the plague of sequels shall continue.,48,11,2,61,530
"...and in conclusion, I hope you will seriously consider my proposal to cease this senseless escalation - Sincerely, Damocles",49,9,3,61,530
The good news is your new clothes are indeed real.,47,13,1,61,530
"But your majesty, are you sure you want to send it out to be sharpened?",45,10,2,57,530
"...And furthermore, we are not in the least concerned with how heavy is the head....",43,7,3,53,530
"It's from Mr. Dumpty, your highness. It says you need to put him together again, or else.",52,12,2,66,530
Damocles respectfully suggests you don't screw up.,53,10,3,66,530
The Bulletin of Royal Alchemists announces that the Doomsday Clock has been moved to one minute before midnight.,53,10,3,66,530
"Sire, a response from the AARP: 'We regret to inform his Majesty that his application for our endorsed unconditional life insurance has been denied.'",55,6,5,66,530
"Sire, it's another unpaid bill from the Royal Decorator. It's marked ""Final.""",52,12,2,66,530
"In your case, sire, the proverbial sword is not just metaphorical to your approval ratings.",52,12,2,66,530
"I get it. No more "" cutting edge"" metaphors.",50,16,0,66,530
"Once again, Majesty, your faithful messenger reports that all is good in the Kingdom. Very, very good. Excellent in fact.",53,10,3,66,530
"'TRUE OR FALSE? YOU LOST THE CROWN'S TREASURY AT THE HORSE RACES?""",54,8,4,66,530
Damocles says he hopes you see his point.,53,10,3,66,530
I have an urgent telegram from Damocles.,52,12,2,66,530
"Your majesty, he declares that the pen is mightier than the sword...",54,8,4,66,530
Gallop says the clear choice of the people is Off With His Head.,54,8,4,66,530
The ceiling fan repair man sends his regrets.,53,10,3,66,530
The warranty on the horse hair expires in 3 minutes.,53,10,3,66,530
And in appreciation of your donation at the peasant fundraiser...,52,12,2,66,530
Want to hear the final item in the thread?,50,9,3,62,530
"Your highness, the queen has decided not to divorce you after all.",50,9,3,62,530
"So that's one steel helmet, one heavy-duty lapboard, and all the Xanax in the kingdom.",50,9,3,62,530
The Earl of Shafestbury wishes to inform your Highness that the Sword of Damaclese is an ancient myth and of no concern to Your Royal Majesty.,50,9,3,62,530
"No, he says: ""Is this a dagger I see BEFORE me""?",52,5,5,62,530
"Twas a fine line, much like a thin rope, between Death and Life.",51,7,4,62,530
The End. Cut to black.,50,9,3,62,530
"Costco called, your scabbard is on back order .",50,9,3,62,530
"What ya mean, this is cutting edge technology!",50,9,3,62,530
"Technically speaking, it's still an assault weapon.",49,11,2,62,530
"Just keep calling it ""The Scottish Play"" and you'll be fine.",51,7,4,62,530
"It's a gift from your Nobles, Sire. They hope you have had a chance to consider their suggestions.",48,13,1,62,530
You call that a knife!?,51,7,4,62,530
It's HR. They're worried about your work-life balance.,50,9,3,62,530
The UN wants to know if you have any weapons of mass destruction!,48,13,1,62,530
The peasants are behind you to the hilt.,50,9,3,62,530
May God grant you great bris.,50,9,3,62,530
"If you prick us, do we not bleed?",50,9,3,62,530
"...and finally your highness, Goliath requests his open carry permit restored in order to attend next week's Trump rally.",50,9,3,62,530
"And so you see, Your Highness, the pen is indeed mightier than the...",51,7,4,62,530
Mogg the giant would like to borrow it to carve his turkey.,49,11,2,62,530
"We don't want to hold this over your head, sire, but ...",50,9,3,62,530
"Sire, do you know a Mr. Damocles?",46,10,2,58,530
'This replica of the Sword of Damocles is of the finest papier-mâché. Beware of paper cuts.',47,8,3,58,530
"The pen having been deemed mightier than the sword, in future productions there shalt be an over-sized pen hanging over your highness' head",46,10,2,58,530
"Regardless, my pen is still mightier.",49,4,5,58,530
"Your Highness, your exchequer declares that the fork and spoon should arrive by noon on Wednesday.",47,8,3,58,530
"Your Grace, your son is ill-equipped to succeed you. He lives in fear of going under the knife.",43,9,2,54,530
"Upon further consideration, the Prince has submitted his resignation.",51,9,3,63,530
The contract doesn't specify metaphorical.,53,5,5,63,530
"Your Majesty, there are rumors Sir Lancelot disapproves of the ""Make Camelot great again"" policy",49,13,1,63,530
"Sire, we've just gotten a huge bill from the decorator.",51,9,3,63,530
Damocles sends his regards and hopes you're enjoying the Sword,51,9,3,63,530
It was installed by one of your faithful servants... Let's see... Here it is: Damocles.,51,9,3,63,530
The finding of the royal psychoanalyst is that you have a slight inferiority complex.,49,13,1,63,530
"If I may add my own commentary, sire: No pressure.",51,9,3,63,530
"Sire, the Council is recommending that the throne's location be changed.",49,13,1,63,530
"Sire, your crackerjack security guards have received credible information regarding a possible attack.",50,11,2,63,530
"First, Damocles says he forgot and left something here…",50,11,2,63,530
We're starting a lottery for when the sword will fall.,51,9,3,63,530
"Milk, bread, eggs, that good rope you saw on TV, orange juice...",51,9,3,63,530
"It says: ""Happy Birthday from Mr. Damocles""",51,9,3,63,530
"By my calculation, in about 10 minutes.",51,9,3,63,530
Your Majesty has been charged with abuse of power. I think we can cut you a fair deal.,48,15,0,63,530
"Yes, yes tell Damocles I got his housewarming gift.",48,15,0,63,530
"Do you still have 'half-a-mind' to resign, your Majesty?",50,11,2,63,530
"Sire, an urgent message from Damocles....",52,7,4,63,530
Sire has more pressing concerns hanging over his head!,50,11,2,63,530
Damocles called wanted to know if you've seen his sword.,52,7,4,63,530
It's from Damocles. He humbly declines your offer.,51,9,3,63,530
Your support contract expires soon.,52,7,4,63,530
Let's look at the bright side; at least you aren't king of the NRA,52,7,4,63,530
"Bad news, the rope can not be repaired, and the Feng Shui master insists that the throne must not be moved.",50,11,2,63,530
Hear Yee ! Hear Yee! Let it now be known .. Mack the Knife is Back In Town !,49,13,1,63,530
"No noose is good noose? I'm a frayed knot? Sorry, Sire, I have nothing!",52,7,4,63,530
It appears your enemies have sent a gift of peace.,50,11,2,63,530
Your tweet shall read 'I have the biggest sword of Damocles. Everyone says it's huuuge'.,52,7,4,63,530
"Shall we continue to increase military spending, Sir?",50,11,2,63,530
"Damocles, I come bearing a message from Dionysius, ""Have you tried selling the sword on eBay?""",51,9,3,63,530
It's another blackmail note from Damocles sire.,52,7,4,63,530
"Your Highness, the people fear you're compensating for something...",49,13,1,63,530
"According to the latest polling, 3% think it's the beard, 4% think it's the queen, and 90% think it's the giant dagger.",52,7,4,63,530
"And what should we serve for dessert, at the funeral?",48,8,3,59,530
He says that he has something mightier than your sword and it is not his pen.,45,14,0,59,530
It's from the queen. She seems to have found out about what you were doing last weekend with her ladies-in-waiting and is very unhappy.,47,10,2,59,530
"Wikileaks has hacked into our infrastructure, Your Trumpiness",50,4,5,59,530
"What's up, Your Highness?",47,10,2,59,530
Citizen Damocles ardently prays that your Majesty receive the eternal reward he so richly merits.,46,12,1,59,530
The inspector raised serious questions about that rope up there.,46,12,1,59,530
The survey says the people want more Excalibur and less Democoles.,42,13,0,55,530
Dear Sire: We regret to inform you that there is a recall on yada yada yada. Sincerely Yours,53,14,1,68,530
"Sire, it reads ""It slices, it dices, it even cuts paper! Sharp! Handle Carefully"". Best regards, Damocles Sword Company.",42,6,3,51,530
Damocles says that you're totally ruining the intended effect.,51,11,2,64,530
"Damocles sends his regrets, as he's weekending at Mar-a-Largo.",52,9,3,64,530
We the people....,51,11,2,64,530
Brutus is here to see you.,53,7,4,64,530
My Lord you are going to need a really big pen.,52,9,3,64,530
Announcing the new Calder Mobile has arrived!,52,9,3,64,530
"Your Royal Surgeon is next your Highness and I sure this time he will share your reluctance at ""going under the knife!""",51,11,2,64,530
"The financials do not lie sire, this first cut is necessary to get the kingdom back on track.",54,5,5,64,530
"It may be time to consider abdication, sir.",49,15,0,64,530
The entire kingdom agrees you are a cut above the rest.,51,11,2,64,530
"I'll just skip the last few bit, shall I?",51,11,2,64,530
I hope my act doesn't end up on the cutting room floor.,51,11,2,64,530
"I hate to have to cut and run, but it seems something has suddenly come up.",51,11,2,64,530
Apparently the chandelier company has issued a recall.,50,13,1,64,530
"...and the pound has decapita--I mean, depreciated...",51,11,2,64,530
"Furthermore, Mr. Damocles heirs insists your Highness desist in this clear act of copyright infringement.",50,13,1,64,530
Your Highness. The court idiom writer is strongly protesting his dismissal.,52,9,3,64,530
"Strike that, the pen is not mightier than the sword",53,7,4,64,530
"So, highness, your answer hinges on what your definition of ""is"" is?",53,7,4,64,530
"Yes, Your Majesty, things are definitely looking up.",51,11,2,64,530
Next on the To Do List: Circumcision.,52,9,3,64,530
...and the wife of Damocles requests that the old gym equipment of Damocles be removed from the attic of Damocles.,51,11,2,64,530
Some guy named Damocles is still waiting to see you.,52,9,3,64,530
"Sire, the royal twine binders have advised me that this brand of rope has been recalled.",50,13,1,64,530
"yes your highness, everything is in place for your manicure.",48,10,2,60,530
"... consider this my final request. I await your response. Respectfully yours, etc., Damocles.",47,12,1,60,530
"No entry this time. I believe this cartoon is in bad taste, considering the tragic reality of Arab incitement, and Israeli sacrifices it brings to mind for so many readers.",53,0,7,60,530
"...and on behalf of the Meat Cutters Guild, ....",47,12,1,60,530
"Oh wait! It's the ""the Sword of Donald"", not Damocles.",49,8,3,60,530
I hereby proclaim the opening of King Henry's man cave.,48,10,2,60,530
"His majesty does recall he ordered the 64 oz ""King sized"" Porter House special?",50,6,4,60,530
...and your cousin Edward wishes you Godspeed going under the knife.,47,12,1,60,530
The queen requests that the jester's show employ larger jumping elephants.,49,8,3,60,530
"A certain Damocles here to see you, Sire. Says it's urgent.",47,12,1,60,530
"The sign will read ""The only way to stop a bad man with a dagger is a good man with a dagger.",49,8,3,60,530
Hillary or Donald? This is what it's like to live under the great sword of democracy.,47,12,1,60,530
It's tribute from Damocles,48,10,2,60,530
We shall soon determine if the pen remains mightier than the sword,47,12,1,60,530
"From Damocles, your majesty: ""So queasy feels the gut beneath the crown.""",49,8,3,60,530
"Your Highness, the army respectfully asks you to abdicate.",50,6,4,60,530
oh fuck,50,6,4,60,530
You've been Chopped.,50,6,4,60,530
"Your Majesty, I recommend we continue to ignore these past due notices from the ropemaker Damocles.",48,10,2,60,530
Your people recommend that you fall on your sword before something really terrible happens.,51,13,1,65,530
Next up -- your pedicure.,51,13,1,65,530
"Sir, are you sure this is good feng sui?",52,11,2,65,530
"Hear ye, hear ye! The grateful Great Unwashed present you with a letter opener fit for a king!",53,9,3,65,530
"My Lord, the Blacksmith insists he measured twice.",53,9,3,65,530
Your scribe writes not to worry- the pen is mightier than the sword.,54,7,4,65,530
The Queen requests your opinion of the new drapes.,52,11,2,65,530
Your loving subjects now wish to entertain you with synchronized jumping jacks.,53,9,3,65,530
IN other news: Parliament still refuses funds for a new rope.,50,15,0,65,530
"Nothing too serious, your Highness. The hordes are advancing from the west, your people are starving, Trump might win, and your queen seeks a divorce. Quite routine.",55,5,5,65,530
"My liege, indeed the sword is mightier than the pen.",53,9,3,65,530
Picked it up for a song at King Arthur's estate sale last weekend.,53,9,3,65,530
"Your highness, the peasants would like to borrow a horsehair.",51,6,4,61,530
The BFG hopes you like the present,49,10,2,61,530
"And you shall choose me as a finalist in the New Yorker Cartoon Caption Contest, or else.",50,8,3,61,530
"In other news, the village giant wants his sword back",50,8,3,61,530
"The steak, excellent choice. Will you be needing a knife?",48,12,1,61,530
It is a gift from Lord Entropy.,49,10,2,61,530
"Lord Occam,today's polling shows you with a 50% favorable number and a 50% negative number",49,10,2,61,530
"Your highness's schedule includes a 2:00 haircut by Jimmy 'the barbarian' ... Err, I mean Jimmy 'the barber'.",50,8,3,61,530
The Prince also sends his best wishes.,50,8,3,61,530
A Mr. Occam is here to see you....,50,8,3,61,530
The Interior Decorator of the Realm sends his regards...and a bill.,49,10,2,61,530
My eyes are down here.,49,10,2,61,530
Clearly Sire; the legend hath outgrown the man!,48,12,1,61,530
"Now that the sword is installed, I'll start with news from the US presidential campaign.",52,4,5,61,530
"According to the manual, there is no reset button.",49,10,2,61,530
He died as he lived - on the edge.......,51,6,4,61,530
The sword lobby feels that more research is needed.,50,8,3,61,530
"Here, you say, ""I'll be damned if Damocles...!""",51,6,4,61,530
The queen has instructed me to ask you the following questions.,49,10,2,61,530
What knife?,50,8,3,61,530
And Damocles sends 'regrets' on attending tonight's feast.,50,8,3,61,530
"My apologies, sire. But the knife of Damocles was all that they had in stock.",50,8,3,61,530
It appears you've shot your last messenger,49,10,2,61,530
Donald Trump wants to buy it.,50,8,3,61,530
"It says here, your Majesty, that Damocles ordered it ""super-sized"".",49,10,2,61,530
The Fool's latest tweet - @YourMajesty Oops! I used the wrong rope!!! #jesterjokes,48,5,4,57,530
"Sire, after a thorough review, the royal engineers have concluded that the sword of Damocles hangs over you and recommend that you move your throne two feet forward.",45,11,1,57,530
"The pen is still mightier with serfs, squires and women over 65.",46,9,2,57,530
"...and, finally, to my usurper, I grant this Family heirloom--with no strings attached.",45,11,1,57,530
Your eldest son sends his condolences.,46,9,2,57,530
"Your Majesty, the village rope maker has filed another complaint about the taxes you have placed on his wares.",47,7,3,57,530
"Your majesty, the people are growing tired of writing captions. Can we JUST remove the sword?",48,5,4,57,530
Just quit the praise and sit on my lap.,54,9,3,66,530
"It says here we ""shouldn’t"" suspend the sword above the throne...",55,7,4,66,530
Shakespeare said they ran out of pens,54,9,3,66,530
"And, finally, here is some news about Damocles.",43,8,2,53,530
Amazon informs your highness the sword will be delivered by drone.,49,12,1,62,530
"It's from your surgeon: ""You must go under the knife immediately""",50,10,2,62,530
"The note says: ""Dear Damocles, My sword is magnificent! It is much larger than yours and it's gold plated! Believe me when I tell you it's fantastic! Best wishes, The Donald.""",49,12,1,62,530
And you have a two o'clock with someone who claims to have a mightier pen.,50,10,2,62,530
"Friar William of Ockham would like to discuss his simple, non-complex, efficient method for trimming your Royal Highness's beard.",48,14,0,62,530
"Sir, this Damocles fellow wants his sword back.",49,12,1,62,530
It's a gift to your majesty from Edgar Allan Poe.,51,8,3,62,530
When would you like the bad news? Is never good for you?,51,8,3,62,530
I'll move the meeting with the sheath guild to the top of the agenda.,49,12,1,62,530
"Would you believe the pen is ‘equally’ mighty, your highness?",49,12,1,62,530
"I actually preferred 'Uneasy lies the head...,' but let's see where this one goes.",50,10,2,62,530
"Hear ye, hear ye. The knife for your son's circumcision has arrived, sire.",51,8,3,62,530
"Sire, Sir Marco doth still say thou hast tiny hands",52,6,4,62,530
Your next appointment is Joe Guillotin from the process improvements department.,52,6,4,62,530
Damocles the decorator is demanding payment--- or else.,51,8,3,62,530
Oh...and your haircut has been...rescheduled.,50,10,2,62,530
The royal dagger forger said he based it on the do it yourself hand measurements you sent him King Trump.,50,10,2,62,530
"Your highness, your incentive plan for receiving shorter briefings is working.",50,10,2,62,530
"""Sire, as this is your favorite epic poem, I would be happy to read it to you a few more times.",51,8,3,62,530
"""Beneath the rule of men entirely great, the pen is mightier than the sword..."" Scratch that.",50,10,2,62,530
"Here are the poll results, sire. 100% of the people in your kingdom think you are dumber than the chair you set in.",50,10,2,62,530
And if your bill is not paid in 30 days....,49,12,1,62,530
"Your majesty, Damocles, the people want you to remain on the throne just a little while longer.",50,10,2,62,530
"A gift from your brother, my lord. No, he didn't include a gift receipt.",49,12,1,62,530
Donald says he's happy to sit there since it'll fit in his hand perfectly.,51,8,3,62,530
"Your Grace, i don't mean to mock you, but your son's present is a double-edged sword.",51,8,3,62,530
"I believe the stars portend a fair maiden in your life, sire -- surely, they foretell cleavage.",50,10,2,62,530
Let's cut to the chase!,49,12,1,62,530
We will now negotiate the terms of the partition.,49,12,1,62,530
In turn all the people ask is you move slightly to your left.,49,12,1,62,530
"To repair the worn out wiring would only cost a few bars of gold but, regrettable, the Landmarks Commission won't permit it.",52,6,4,62,530
Are you sure you said 100 medium-sized daggers and not one dagger that was 100 times the medium size?,48,14,0,62,530
It's from Damocles. He says you may keep it.,51,8,3,62,530
The peasants want a change in direction.,50,10,2,62,530
"Sire, Mr. Oliver Cromwell awaits to be knighted.",45,13,0,58,530
"And in conclusion...the people would like you to be their seated ruler for at least the next 10 ...minutes, or so.",49,5,4,58,530
"Regarding the latest dispatch from the Freudian Guild, Your Highness may wish to remind them that sometimes a sword is just a sword....""",48,7,3,58,530
Obviously you have more pressing issues...,48,7,3,58,530
The Sword and Rope Guilds say it's a hoax.,47,9,2,58,530
"The installation instructions were confusing, but we called Sir Damocles for technical support.",46,11,1,58,530
"Hear Ye, Hear Ye, by proclamation of the King, I declare that life hangs by a thread !",48,7,3,58,530
"Sure Damocles has a claim, but possession is 9/10th of the law.",48,7,3,58,530
"Sire, it says...""I would like to cut a deal with you"" and is signed Donald J Trump.",46,11,1,58,530
The sword contract comes with no strings attached..except for one.,47,9,2,58,530
"Don't worry, it's only forced perspective.",47,9,2,58,530
Damocles called but hung up before I could answer,42,12,0,54,530
"It says here that your father's last words were ""bless you.""",51,10,2,63,530
Truth or Consequences.,51,10,2,63,530
There's a Mr. Damocles to see you.,43,10,1,54,530
Hear Ye! Hear Ye! The weapons account is perfectly balanced!,50,12,1,63,530
"Giant pranksters spotted in the area, sire.",50,12,1,63,530
"Tuesday you will knight Isaac, our grand mohel, whose shield will read ""size matters""",52,8,3,63,530
"Trumpocles says, ""Fear is for losers"".",53,6,4,63,530
"The Thought for the Day, Your Highness: ""Pride cometh before the fall.""",52,8,3,63,530
They protest that your kingdom is only hanging on by a thread.,53,6,4,63,530
It says it was final sale.,51,10,2,63,530
Dear Father. Stop. Happy Birthday. Stop.,52,8,3,63,530
"I'm sorry sire, it says here no returns.",51,10,2,63,530
"It says that this model is being recalled, because no one has been killed or injured.",51,10,2,63,530
"Hear Ye, Hear Ye.. Be it known that the Robin Hood Rope Company is ordering a recall.",51,10,2,63,530
"Your $19.95 meat tenderizer has arrived, Sire!",50,12,1,63,530
"Nerves are not the only things that are fraying in the kingdom, sire.",49,14,0,63,530
"They don't care how big your knife is, they still you're a short-fingered vulgarian.",53,6,4,63,530
"Sire, there's new that someone's trying to kill you but nobody knows how.",52,8,3,63,530
"Chandelier compliments of your sworn enemy, who wishes to, as he says here, ""Bury the hatchet.""",51,10,2,63,530
"So I have milk, bread, eggs, and carbon steel extra-strength twine on the list. Will your Grace be requiring anything else from the market?",52,8,3,63,530
I decree that the sword is definitely mightier than the pen!!,52,8,3,63,530
"...and the knife-guy called, assured me that everything is up to code.",46,13,0,59,530
And your Magesty would like the Royal Pen to be how small?,48,9,2,59,530
Bicycle Playing Cards wants to know if they can use your image for the King of Hearts.,49,7,3,59,530
"Finally, I'll need your signature agreeing to pay anything not covered under your plan.",49,7,3,59,530
"There's been a recall on those Cutco knives you bought, sire.",49,7,3,59,530
"Word from Damocles, your majesty....",49,7,3,59,530
"We can't find the stone or the sword anywhere, sire!",46,13,0,59,530
"Your lordship, do you still wish to ""tighten the strings"" on our metaphor budget?",48,9,2,59,530
"In the end, both king and pawn have the same fate.",48,9,2,59,530
"But wait, there's more!",48,9,2,59,530
"According to this, it comes with a sheath for display.",47,11,1,59,530
"We, the people of the Kingdom, give you two options...",49,7,3,59,530
King Gordias sends his regards.,47,11,1,59,530
"My Lordship, hang in there until I get to the punch line.",48,9,2,59,530
The Three Blind Mice respectfully decline your offer of employment as court entertainers.,48,9,2,59,530
Damocles Insurance has sent an invoice.,48,9,2,59,530
"And in a final action, the Royal Chamberlain has raised the Thread Level to DEFCON-1.",48,9,2,59,530
"Your grace, we got a message from Gulliver. He wants his dagger back.",49,7,3,59,530
"Sire, I have been assured that the first cut is the deepest.",49,7,3,59,530
"Sire, Her Majesty instructs me to say that what she actually told you was to sit *on* it.",52,10,2,64,530
Disclaimer: Not responsible for dismemberment or decapitation.,51,12,1,64,530
"Don't worry, Your Majesty. It's plastic.",53,8,3,64,530
Your brother wants to apologize for your split.,52,10,2,64,530
"If this does not contain the enemy, Sir, we shall raise our level of defense to a pen.",45,8,2,55,530
"Your Majesty, the people would like to see a kinder gentler message.",46,6,3,55,530
"... subsection B, paragraph 3, ""With great fortune and power, comes great danger"". That's a little overstated, don't you think?",43,12,0,55,530
"I know your sword SEEMS mightier, but hear me out here...",49,9,2,60,530
...on the other hand...,50,7,3,60,530
"Sir, Are you sure you want to include the quote, 'walk softly and carry a big sword'?",48,11,1,60,530
"'Dear Dion, I highly recommend term limits.' Best, Barack",48,11,1,60,530
Their vote was for Instantaneously.,50,7,3,60,530
Step forward if you really believe words are mightier than the sword,50,7,3,60,530
"Not to put a fine point on it, your reign is under sharp threats.",49,9,2,60,530
Damocles REALLY suggested making his exhibit purely seasonal.,49,9,2,60,530
"You know what they say about big swords, big sheaths.",50,7,3,60,530
You did not please everyone all of the time.,49,9,2,60,530
Someone named Damocles already filed for the patent.,48,11,1,60,530
The Queen requests that you fire your Feng Shui consultant.,51,5,4,60,530
Lark's tongue pie and a flagon of ale...and tell the cook to hurry.,49,9,2,60,530
"Believe it or not, sire, it's from a man with little hands.",49,9,2,60,530
Sire - There has been a recall issued on all the suspension cable in the Kingdom.,49,9,2,60,530
...suggests thou move thy lazy butt forward one cubit...,49,9,2,60,530
"First up today, milord must decide the true mother of a newborn baby.",48,11,1,60,530
"Damocles? No, it actually says Hercules.",49,9,2,60,530
"Thy wife, Sire? In the tower, with a scissors.",49,9,2,60,530
"Rumor has it you were not a slayer of giants, but a raider of Applebee's wall art.",48,11,1,60,530
"""It says 'Long Live the King'--I think that's good?",49,9,2,60,530
"Sire, the Union of the Serfs are presenting their demands for higher wages & better working conditions. As your lawyer, I advise you to accept.",49,9,2,60,530
You only get one chance to guess the correct answer,49,9,2,60,530
I now pronounce you King of Williams-Sonoma. You have all the rights and privileges that come with cutlery ware.,48,11,1,60,530
The fork is in the mail.,49,9,2,60,530
"What, he writes, do you know about the balance of power being a two-edged sword?",49,9,2,60,530
It's about commending your action on concealed weapons.,48,11,1,60,530
Damocles wants to know if he may have an audience?,48,11,1,60,530
"And finally, I would like Merlin to make the royal shaft larger than Sir Lancelot's sword.",48,11,1,60,530
"...and finally, the sword makers union requests that you reconsider their request for a raise.",48,11,1,60,530
"Whereas, the king commands that, if the peoople want a bigger sword, they must provide a thicker cable.",46,8,2,56,530
"Your Highness, this is a petition from the NDA, the National Dagger Association, for an open carry law.",48,4,4,56,530
Message fromThe Pen: Let's negotiate.,46,8,2,56,530
Excuse me my King but there is a young boy named Arthur that says you may have his sword.,47,6,3,56,530
"Damocles, Shmamocles? Really, your majesty?",47,6,3,56,530
"'It's a gift from Damocles""",49,2,5,56,530
"My Lord King Dionysius, I must decline your kind invitation to sit on the throne. Sincerely, Damocles",46,8,2,56,530
"This is not your sharpest idea, my lord.",51,7,3,61,530
Merlin is now preparing your male-enhancement potion.,49,11,1,61,530
"No, it's the Sword of Leroy.",51,7,3,61,530
"The catapult union has some choice words for you, my lord",50,9,2,61,530
"""I received this gift from a dear friend and pass it on to you as a sign of my deep affection. Sincerely, Damocles",48,13,0,61,530
"The Proclamation beings with: ""This is to inform all citizens that the old policy of death by a thousand cuts is being replaced.""",50,9,2,61,530
Good news! You've made the final round of The Kingdom's Got Talent.,49,11,1,61,530
Your subjects simply wish to keep you honest.,49,11,1,61,530
"Sir, perhaps we should finalize your Christmas list a little early this year.",50,9,2,61,530
"A Mr Damocles wishes to see you, Sir.",50,9,2,61,530
"Sire, Damocles says it's not his and to check with Dionysius.",50,9,2,61,530
"The king who possesses the giant’s dagger shall suffer his herculean wrath. The giant will crush each of the king’s limbs and… you know, I could keep reading, but this gets REALLY bad for you.",51,7,3,61,530
Your subjects are concerned about excessive spending on weapons.,50,9,2,61,530
Sire...Goliath respectfully requests the return of his sidearm by virtue of the kingdom's new law of open carry.,50,9,2,61,530
"Your Highness, the Queen insists that you sign this life insurance policy",49,11,1,61,530
I told the castles interior decorator to hang a painting of a giant fjord.,49,11,1,61,530
"The proclamation will say ""The pen is not mightier than this King's sword""",49,11,1,61,530
Banquo will be a little late.,52,5,4,61,530
"It's from Goliath, he''d like his sword back",50,9,2,61,530
"""Let me introduce you to my little friend!'",51,7,3,61,530
Damocles advises you to abdicate or sit somewhere else.,51,7,3,61,530
"By Decree, pen, less mighty than sword!",50,9,2,61,530
"Your younger brother, Eric, says he feels your troubled being may be cut short.",51,7,3,61,530
Her Majesty the Queen wishes to speak with you about the proposed flower motif for the throne room.,50,9,2,61,530
But he proved that the pen was not mightier.,50,9,2,61,530
Just wait 'til Arthur sees this one.,50,9,2,61,530
"Sire, this last petition is a long one. Is it ok if I just skip right to the end?",51,7,3,61,530
Stabbing the messenger is clearly a loophole.,46,10,1,57,530
"Clairvoyantly speaking, Your Majesty, I suspect a swift ending.",46,10,1,57,530
The position of royal sword sharpener is only to be filled after the demise of the current occupant of the throne.,48,6,3,57,530
"I am afraid, Your Majesty, they are instead calling you 'Mack the Big Prick'.",47,8,2,57,530
This is a game of what now?,49,4,4,57,530
Lord & Lady Macbeth cordially invite you to their castle at Inverness.,48,6,3,57,530
"Your younger brother, Prince Damocles, hopes you enjoy his present.",46,10,1,57,530
"Sire, the term limit provides leave now in peace or later in pieces.",46,10,1,57,530
"The winning entry for the ""Name The New Sword"" contest is Highcalibur",48,6,3,57,530
"'Come on, chop chop!'",48,6,3,57,530
"Sire, it came for your estranged Queen with this note: ""Don't bet on the pen being mightier than the sword.""",47,8,2,57,530
Center of gravity!?,50,11,1,62,530
A minstrel's joke is in the execution.,52,7,3,62,530
HEAVY IS THE SWORD THAT LIES OVER MY HEAD.REALLY HEAVY.,51,9,2,62,530
"Yes, Sire, it is a replica of the Sword of Damocles once given to Hillary Clinton by James Comey.",51,9,2,62,530
Sir Hoyle wishes to paint you as the King of Hearts for a new card game.,52,7,3,62,530
The Steward regrets to inform you that he has run out of wire.,51,9,2,62,530
"Your Majesty, It appears to be quite clear cut.",51,9,2,62,530
"Trump wins, so what ?",52,7,3,62,530
One order of business is to inquire about the hanging mobile.,51,9,2,62,530
I knew I shouldn't have ordered the economy priced rope.,52,7,3,62,530
...which brings us to the nuclear option.,50,11,1,62,530
Damocles writes to say he hopes you're enjoying your new chandelier.,51,9,2,62,530
Can you move it along? I have a short reign here.,50,11,1,62,530
"Yes my Lord. I will send this message out to the realm immediately: ""To all pen owners: No it's not"".",51,9,2,62,530
"No, I am afraid your insurance policy does not include any Damocles clause.",50,11,1,62,530
Your employment contract looks pretty solid except for the job security clause.,51,9,2,62,530
"In business news, sire, local hemp farmers have smoked 80% of this year’s crop, prompting the immediate recall of all royal rope.",50,11,1,62,530
Urgent from the Royal Soothsayer… Duck and cover!!!,51,9,2,62,530
"Fr. William Ockham says to look up, then do the simplest thing.",51,9,2,62,530
It says Donald Trump has your back.,50,11,1,62,530
"...and to this treaty, there are no strings attached.",51,9,2,62,530
"Allow me to summarize this, Your Majesty.",49,13,0,62,530
Her Highness requests that you dispense with the doom and gloom.,51,9,2,62,530
"But, sire, you just banned assault weapons.",51,9,2,62,530
The rope maker's guild continues to strike Sire.,51,9,2,62,530
"Henceforth, you shall be known as Damocles.",43,9,1,53,530
"and in this divorce decree, the Queen receives half of the kingdom or ...",44,7,2,53,530
Here's a nasty letter from some guy named Damocles.,47,10,1,58,530
"Let's see Sire. Damocles...?Damocles...? Nope, sorry Majesty,nothing in here. Just sit tight, we're working on it.",47,10,1,58,530
"Yes, I see it. If they wanted me to quote from Macbeth, why didn't they just say so?",48,8,2,58,530
"According to Damocles.. ""It's nothing to worry about""!",47,10,1,58,530
"A yes, here it is. Sorry for keeping you waiting.",48,8,2,58,530
"Your Majesty, I bring you the top ten responses to the royal poll asking, 'What would Damocles do?'",49,6,3,58,530
....and the engineers are betting your crown hits the doorknob,47,10,1,58,530
"Your speech of impending doom has frightened the people, my lordship.",48,8,2,58,530
"When he said ""my SWORD is bigger than yours"" I'm pretty sure it was a metaphor!",49,6,3,58,530
"Up next, fix the budget deficit.",48,8,2,58,530
The Royal Treasurer says nix to a new cord,48,8,2,58,530
"Basically, he just says he has a bigger pen than you.",48,8,2,58,530
"In other news, plowshares have hit a new low in the market today.",46,12,0,58,530
"From the oracle: ""Beware of visitors bearing pens"".",47,10,1,58,530
"Damocles, this is to inform you that we have located your sword.",47,10,1,58,530
The handyman says he can't get here until next week and there will most likely be no problems before he arrives.,46,12,0,58,530
"Remember in Spinal Tap when Nigel mixed up 18’ with 18”, we kind of had the opposite problem.",50,4,4,58,530
Welcome to Cleveland your majesty.,47,10,1,58,530
"Damocles writes that he’ll accept your offer to try out the throne—but only if the sword is replaced by a piñata filled with soft candy and cold, hard cash.",48,8,2,58,530
"It's a letter, Sire, congratulating you on your acceptance into The Clichéd Metaphors Society.",47,10,1,58,530
"Let's make sure I have this spelled right before the press conference, D-A-M-O-C-L-E-S ?",47,10,1,58,530
"Sire, the execution has been suspended.",47,10,1,58,530
"may I please go now, sire?",48,8,2,58,530
It says here your suspended sword schtick is too violent. The castle next door is using a tremendously bigger pen.,47,10,1,58,530
"And the rebels say that if you don't abdicate, your Highness, they have a plan to remove you.",46,12,0,58,530
Rumors of an insurrection are greatly exaggerated and... highly tenuous.,53,7,3,63,530
"And the neighboring King says his sword is biggest in the land. He adds, yours looks big because of your small hands.",53,7,3,63,530
Your loyal subjects are all demanding a big cut in your personal spending.,52,9,2,63,530
"Going once, going twice,",51,11,1,63,530
The royal rope repair is pretty far down on the list.,52,9,2,63,530
"According to your last proclamation, the knife always goes to the left of the throne.",57,8,3,68,530
I seriously can't focus on reading this to you with you sitting under that giant sword.,45,7,2,54,530
You're just paranoid!,47,3,4,54,530
Is that a ceremonial sword or does it serve a larger purpose?,46,5,3,54,530
It seems that moving is the only way to avoid imminent death My Liege.,46,5,3,54,530
"If you don't like this one, I have an old Michelle Obama speech you can use.",45,7,2,54,530
"But you flatter me, your majesty, I would never dare sit on your throne .",45,7,2,54,530
"Your son has volunteered to handle decorating, so that's not hanging over your head anymore. And that's everything on the list for today.",45,7,2,54,530
Last chance. What is my favorite color?,45,7,2,54,530
The Royal Council says you can slice it any way you wish.,44,9,1,54,530
It's an overdue bill from your interior decorator...,45,7,2,54,530
"Sire, the commoners say they hope you get back on your feet soon.",48,10,1,59,530
"It's a gift from King Damocles, Sire, with clear installation instructions.",49,8,2,59,530
"With all due respect your highness, I do not like this gift from the neighboring kingdom.",48,10,1,59,530
"The manuscript says. Sire: ""Those who lived by this sward, will...""",48,10,1,59,530
I think you should ABDICATE NOW!!!!!,48,10,1,59,530
"Sire, I believe it is the people who are delivering the message, not I.",49,8,2,59,530
"Wonderful news, Your Majesty: parliament has increased your living allowance, your ex-wife has died, so no more alimony payments, and your doctor has given you a clean bill of health. Long Live The King!",47,12,0,59,530
Kingsbury Town wishes to severe relationships your majesty.,49,8,2,59,530
IT'S A OVER DUE NOTICE FROM OUR ROPE SUPPLY COMPANY.,49,8,2,59,530
Your life lies in the balance of this decree.,47,12,0,59,530
"You're looking sharp, your majesty, but sadly today's news appears a tad ominous.",49,8,2,59,530
The powerless and envious strongly suggest an early retirement.,48,10,1,59,530
"So, caramel macchiato or iced green tea with splash of soy?",49,8,2,59,530
Item 1: Non-Disclosure Agreement.,49,8,2,59,530
". . . it is a tale told by an idiot, full of sound and fury, signifying nothing but a big, fucking knife hanging overhead.",51,4,4,59,530
Have you tried self-help to deal with you stress and anxiety?,48,10,1,59,530
"Yes Sure, it's from someone named Damocles.",50,6,3,59,530
Your giant pen is on it's way sir!,49,8,2,59,530
"Come closer, boy! My ears aren't as good as they used to be.",50,6,3,59,530
"It's a message from Damocles, your majesty. It reads, 'tag -- you're it!'",49,8,2,59,530
Your son wants to know if you like your birthday present.,48,10,1,59,530
Funny you should say Cut to The Chase.,50,6,3,59,530
"And in closing your Majesty, may the farce be with you.",50,6,3,59,530
We regret to inform you that the kingdom-wide search for your successor has found no volunteers.,50,6,3,59,530
"The queen, formerly princess, now testifies that it was non consensual",51,4,4,59,530
The oracle says to beware of sharp objects.,49,8,2,59,530
No. 100 on ways to avoid being hit when the cord breaks: Move chair. No. 101: Get up and move.,49,8,2,59,530
"Sire, we have had several complaints from people that your 'my knife is in the balance' joke is wearing thin.",49,8,2,59,530
"""The Sword of Damocles""- perhaps this message can wait, Your Majesty.",50,6,3,59,530
"""Sire, they weren't crazy about a flat tax, either.",48,10,1,59,530
Sword is mightier than pen,49,8,2,59,530
Damocles sends his best,48,10,1,59,530
'I don't get the point?' What is it you don't understand?,50,6,3,59,530
"Greetings, from the National Sword Association.",47,12,0,59,530
It's another spam mail warning from Damocles.,49,8,2,59,530
I THINK I followed the instructions correctly...unless.,50,8,2,60,530
"Your day has come, sire!",51,6,3,60,530
The moral-of-the-story clause in your contract is quite clear.,49,10,1,60,530
"Get to the point, or I'll die of boredom.",47,5,3,55,530
The Giant requests his knife back!,49,10,1,60,530
"Damocles cancelled, he's taking an extended vacation.",50,8,2,60,530
"Well, Your Highness, based on this list of grievances and the size of that dagger, your subjects will terminate your reign tomorrow.",48,12,0,60,530
Item 56. Past due life insurance premium.,44,11,0,55,530
"Sire, the maintenance crew has been complaining about no petty cash for months. They're out of stain remover and rope.",49,10,1,60,530
It's from Trump. He wants us to pay for a wall.,50,8,2,60,530
The sword excaliper was only a loaner. It is overdue and must be returned. Signed: Lady of the Lake,47,5,3,55,530
Another warning from that damn Ocles!,49,10,1,60,530
"it's from the prince, sir, and it reads FOLLOW SHITTY NEW YORKER CARTOON CAPTIONS ON INSTAGRAM @SHITTYNEWYORKERCARTOONCAPTIONS I FOLLOW BACK LIKE4LIKE NO FAT CHICKS",53,2,5,60,530
"It's a list of demands, from the Royal Interior Decorator...",51,6,3,60,530
It's from a guy named Damocles,50,8,2,60,530
"""....I'm afraid, sir, the time has come to choose a successor....",50,8,2,60,530
"M'lord, a peace offering from King Gulliver the Merciless.",41,8,1,50,530
And for the 5th and last question. If you cut a King in half what do you get?,49,10,1,60,530
"It reads: 'I hope your majesty enjoys the gift.' Signed, Damocles",49,10,1,60,530
Thank you for agreeing to participate in our survey of Fear in a Trump Presidency.,46,7,2,55,530
"It concludes, 'Try this on for size, Damocles.'",44,11,0,55,530
He did say that he was a cutting edge interior designer.,49,10,1,60,530
"And—no, Sire—Damocles does NOT want his sword back.",47,5,3,55,530
Your sword is huuge!,51,6,3,60,530
Is that over me or you?,51,6,3,60,530
"No, they said they are going to make you a gyro, not a hero.",50,8,2,60,530
"Sire, a brief note from Jerry Damocles.",46,7,2,55,530
D-A-M-O-C-L-E-S,50,8,2,60,530
It's a cease and desist letter from Damocles.,46,7,2,55,530
Lets assume you are wrong and the list is right,46,7,2,55,530
You only have to speak softly if it's a big stick...,49,10,1,60,530
The giant wants his knife back,49,10,1,60,530
"And fifty-firstly, I hereby announce and proclaim that the rope overhead has been recalled by the manufacturer due to its great tendency to fail unexpectedly.",49,10,1,60,530
"OK. Let me read this back: Dear Damocles, in re yours of the fifteenth...",60,8,3,71,530
Damocles says you can keep the throne but he'd like his sword back...,51,8,2,61,530
It says 'uneasy lies the head that wears a crown'. It's postmarked Stratford-upon-Avon and is signed 'Damocles'.,50,10,1,61,530
Damocles asking for an audience. He's not happy.,51,8,2,61,530
"We the below signed, feel that there is a novel or famous quote about to happen.",51,8,2,61,530
"Therefore, we fear the Sword of Damocles is hanging over Pandora's Box.",46,9,1,56,530
"Sire, Damocles is running a bit late today.",46,9,1,56,530
"Your majesty, the Lilliputian genealogists have confirmed your suspicions; Gulliver's middle name is indeed 'Damocles'.",48,5,3,56,530
"Happy Birthday, signed Damoclese.",46,9,1,56,530
"M'Lord, 'tis a petition of grievance from the rope makers' quild.",46,9,1,56,530
"I know that thread is weak, Sire, but there's still another thousand tales to go.",46,9,1,56,530
Mr Damocles has asked for his sword back. He thinks America might need it if Mr Trump wins.,48,5,3,56,530
"It's simply a matter of perspective, your Highness.",48,5,3,56,530
"The lowest estimate is from Sword Removal Specialists, Ltd of East Dorset, but my cousin says they screwed up the Damaclese job something awful, My Liege.",46,9,1,56,530
"Telegram from someone called ""Lady of the Lake."" She's pissed.",47,7,2,56,530
And the new hanging artwork in the throne room is from a Carl Ichan. He hopes you like it.,46,9,1,56,530
"It was either this, Sire, or a giant pony.",47,7,2,56,530
"Relax, sir. It's not as big as it looks.",46,9,1,56,530
Damocles goes on to say...,47,7,2,56,530
"The manual says the ""single strand of horse hair"" was propaganda for the peasants; this rig would support the Queen Mary.",47,7,2,56,530
"Mr. Freud says he is interested in your case in principle, but first he would like to know more about your mother.",43,6,2,51,530
"Sire, why can't you use a buzzer like they do on 'America's Got Talent'?",53,6,3,62,530
"Sword or no sword, Dionysius says if you don't abdicate his throne by the time he returns, he'll cut off your head with an axe.",52,8,2,62,530
... and may the balance of power rest squarely upon your shoulders.,48,7,2,57,530
And may I remind your majesty that those who live by the sword will perish by the sword.,48,7,2,57,530
Message from Down Under reads: That's not a knife...,48,7,2,57,530
"About those proposed cuts, Sire.",46,11,0,57,530
This wasn't what I had in mind when I said that I'd like to be king for a day.,48,7,2,57,530
"My Lord, they may resort to this nuclear option!",48,7,2,57,530
"Your nephew wishes you well and says ""Break a leg!""",46,11,0,57,530
"The good news, Your Highness: The Queen's order for silverware has arrived ahead of schedule.",49,5,3,57,530
"Dear King of Gaul, Surrender peacefully, Warm regards from nearby, Julius Scissor",49,5,3,57,530
"It has been proclaimed that Game of Thrones Season 7 will be cut, Your Majesty.",48,7,2,57,530
"The fortune cookie says: "" Sharp ideas are on your mind"".......",48,7,2,57,530
"It's from King Solomon, sire. He wants to borrow your sword for a case about a baby.",47,9,1,57,530
I need a raise,48,7,2,57,530
"Damocles, stop! You're ignoring the elephant in the room.",49,5,3,57,530
Unfortunately for Gustave the old adage only says don't shoot the messenger.,46,11,0,57,530
The new One-Way signs are really working.,48,7,2,57,530
Donald Trump has sent you a present.,48,7,2,57,530
"So if you and the little serf under your robes stay perfectly still, this trick should get us on America's Got Talent.",46,11,0,57,530
"Oh it's from Dionysius: ""Having a great time. Glad I'm not there!""",48,7,2,57,530
There are reports of a fray in the Kingdom.,46,11,0,57,530
"Your highness, I can assure you, we are indeed coming to the end of the line.",49,5,3,57,530
"When the dagger of truth points east, the trial of Taylor Swift will be upon us.",48,7,2,57,530
Damocles sends his regards for your continued health.,47,9,1,57,530
"Your Majesty, Damocles says, ""No thanks.""",47,9,1,57,530
All hail the great sword of compensation.,49,5,3,57,530
They say it's time to cut ties.,48,7,2,57,530
They conclude by suggesting that you take a step back and give yourself more time to think aobut it.,48,7,2,57,530
Uneasy lies the head that wears a crown during an arms race.,47,9,1,57,530
Don't even move a inch or you will be the point of the joke.,49,5,3,57,530
"Thirdly sire, there shall be no sneezing in thy kingdom.",49,7,2,58,530
"Your Highness, Damocles is suggesting a smaller but sharper sword.",49,7,2,58,530
"My Lord, how do you define your manhood.",49,7,2,58,530
... and Damocles sends his warmest greetings...,49,7,2,58,530
Apparently your order for the Enhanced Edition of the movie Sling Blade got a little mixed up.,50,5,3,58,530
The original spam filter.,49,7,2,58,530
It's from Damocles--he says he'd like it back and he'll refund your ten dollars.,48,9,1,58,530
Your call is very important to us,48,9,1,58,530
"Not to dwell on the first item, would your Highness agree we just scroll ahead?",47,11,0,58,530
"Yes your highness, I realize the ""Sword of Nerf-ocles"" doesn't sound quite as good as the original metaphor, but for insurance purposes, ..., well , you know.",49,7,2,58,530
"This gift sire, is from a Mr. Damocles.",48,9,1,58,530
The good news is that the sword will be buried with you.,49,7,2,58,530
"First order of business, secure the wires.",47,11,0,58,530
"Your Majesty, another baron has declined to be the King-in-Waiting.",49,7,2,58,530
The Nobles say there's no need to make a hasty decision,50,5,3,58,530
Third time. Knife Sharpeners Inc is dunning you.,48,9,1,58,530
"It appears the XXXL sharpener has been backordered due to Prime Day, Sire.",49,7,2,58,530
Dionysius' s interior designer recommends a chandalier instead.,47,11,0,58,530
"Yes, we had ten knighthoods scheduled for today. But for reasons no one understands, none of them have arrived.",50,5,3,58,530
"King Damocles, the entree for tonight's 11,435th last meal is beef bourguignon.",49,7,2,58,530
Your royal highness the user agreement says 'seller assumes no responsibility for severe cuts if decoration is hung by a horse tail hair over obsequious pandas'.,49,7,2,58,530
"As your majesty decreed the word ""overcompensation"" has been stricken from the lexicon!",48,9,1,58,530
"Sire, you might like to get that chandelier repaired.",49,7,2,58,530
"And finally, in spite of the blade being against the rope, the sword is holding up well.",48,9,1,58,530
"It says here sire that 'the pen is mightier than the sword', but under the circumstances, I'm going the your sword.",51,3,4,58,530
"...on the plus side, ye Royal Health Insurance says you'll be covered. Downside is it's an HMO.",49,7,2,58,530
"Alas Sire, the Royal Group Policy requires prior approval for any and all sword type injuries.",48,9,1,58,530
I see someone is feeling secure today.,48,9,1,58,530
"And finally, the cable guy had to cancel his visit.",48,9,1,58,530
"And lastly, we received the invoice from the Brutus Chandelier Company today, Sire.",49,7,2,58,530
"Sire; there is a ""new saying"": He who sitteth neath the sword; dyeth by the sword.",49,7,2,58,530
The Quinnipiac poll has you ahead by six points.,50,5,3,58,530
"And last but not least,the Queen has a headache.",50,5,3,58,530
"Does 'abdicate' have one or two C's , sire?",44,8,1,53,530
Occam says: Revenge is the simplest explanation.,44,8,1,53,530
"According to the GOP nominee for president, this ""sword of Damocles,"" is HUGE.",44,8,1,53,530
"Sire, regarding development of your Highness's newest fearsome weapon, the Royal Council of Smiths has goods news ... and bad news...",44,8,1,53,530
"Given your denial of payment for installation of the royal sword, we reply, ""What does thy majesty know about rapidly disintegrating jute?""",46,4,3,53,530
Care to hear a charming backstory?,44,8,1,53,530
"What do you mean, my chandelier is ostentatious?",46,4,3,53,530
"Sire, Jonathan Swift called. He said, ""No wise man ever wished to be younger""",47,2,4,53,530
"... the unworthy peasants of Damocles, do humbly suggest that you might consider moving your chair, jez sayin' ...",45,6,2,53,530
These instructions that came with it try to explain why it doesn't fall off to the left from the way we hung it.,41,5,2,48,530
The Royal Messenger's Union is currently on strike for a raise in life expectancy.,50,7,2,59,530
Proud new parents- Lord and Lady Jolly Green are requesting a royal circumcision,51,5,3,59,530
I will be brief and cut to the chase.,50,7,2,59,530
You have 30 seconds.,49,9,1,59,530
Damocles suggests you don't put it there,48,11,0,59,530
"It might not be my place to say this but ""Aren't you being a little dramatic?""",49,9,1,59,530
"It says here that it is a Damien Hirst installation entitled, “Damocles”",49,9,1,59,530
"This is the Queen's ultimatum: ""Do you share of the household chores, or else!""",49,9,1,59,530
"And finally, your loyal, adoring subjects request that you continue to look down on everyone and everything.",48,11,0,59,530
There's a HUGE Trump-meets-Damocles caption in here somewhere.,49,9,1,59,530
The soothsayer says you don’t have to worry about that until the Ides of March.,51,5,3,59,530
"If the giant scabbard doesn't get here by next week, we coul try moving the throne six inches.",49,9,1,59,530
"...and finally, announcing recall #530 for 'Floating Dagger' from Pimp Your Throne...",50,7,2,59,530
Your subjects decree that the sword be replaced with a bucket of tar and a bag of feathers.,49,9,1,59,530
"Slay The Dragon,"" has been overdone. Let's say, "" The King will castrate the Jolly Green Giant at noon in the square. That should bring them in.",51,5,3,59,530
Lord Phillip apologizes for the small hands remark.,53,1,5,59,530
Your beard trimming is scheduled for sometime later this week.,49,9,1,59,530
""" I don't care to split hairs on this"" your majesty.",48,11,0,59,530
"At 9, the season finale of So You Want to be a King -- five stars, Highly Recommended -- followed by the news at 11.",49,9,1,59,530
No word yet on the extra-small codpiece you ordered.,52,3,4,59,530
It's good news. Damocles wants his sword back.,50,7,2,59,530
"It's a letter from Mr. Damocles, Sire.",49,9,1,59,530
"Sir, your ""giant slaying"" celebration party is tonite.",48,11,0,59,530
Your constituents are wondering: what's the point?,49,9,1,59,530
"You have officially been invited to this year's knife fights, and you can bring your own knife.",50,7,2,59,530
"M'lord, you are hereby made to more fully appreciate the meaning of : ""BALANCE of power.""",49,9,1,59,530
Mr. Damocles says thanks but no thanks.,48,11,0,59,530
It's a letter from Damocles.,51,5,3,59,530
"This ""Game of Thrones"" is called ""Chicken!""",49,9,1,59,530
It's an invoice from Damocles,49,9,1,59,530
It ain't just my patience that's wearing thin Damocles.,44,10,0,54,530
Still no endorsement.,45,8,1,54,530
"And now, the really Good News!",46,6,2,54,530
"Good news, sire -- your austerity program has generated a 90% savings on infrastructure alone.",44,10,0,54,530
It appears you have successfully changed the laws of physics.,45,8,1,54,530
"And then you say: ""“It is time to show the whole world that America is back — bigger, and better and stronger than ever before.""",48,2,4,54,530
"Your Majesty, I'm uncertain if a 'huge cloak' will fix the problem.",45,8,1,54,530
"How's this, your majesty? 'Live by the sword, die by the sword.'",44,10,0,54,530
Got a message from Damocles.,45,8,1,54,530
"OK,Damocles. We'll trade places....Quickly!",45,8,1,54,530
By my interpretation this warranty covers any and all defects.,46,6,2,54,530
"Sire, the rope meyvn says your bill is overdue.",44,10,0,54,530
"... and so we'd like to thank you for your consideration. Sincerely yours, the Messenger family.",46,6,2,54,530
We hereby declare: the people are mightier than the sword.,46,6,2,54,530
Sorry about the wait.,45,8,1,54,530
"I'm not sure how big the tension is, but this is the largest we've got.",46,6,2,54,530
"The court jester awaita outside with the giant wheel of cheese, your highness",46,6,2,54,530
Your predecessor sends his regards and recommends the crown made of titanium.,46,6,2,54,530
"You know, a lot of this edict is just boilerplate, so I'll just skip to the end.",44,10,0,54,530
It says here that the chandelier was backordered but Amazon sent the knife instead.,45,8,1,54,530
Have you read the privacy statement?,46,6,2,54,530
"Are you sure you want to put that to a vote, Mr. Cameron?",46,6,2,54,530
"And lastly your majesty ,the Australian government are requesting the return of Mr Dundee,s knife.",42,5,2,49,530
"They were fresh out of ""cushion of Damocles"".",52,5,3,60,530
Despite its incorrect orientation the weight of the sword alone will kill him.,52,5,3,60,530
Please no more cutting remarks.,50,9,1,60,530
its from Damocles...,51,7,2,60,530
"Keep your hands and arm inside the throne for this one sire, but the blacksmiths union is requesting an audience.",49,11,0,60,530
"My liege, the King of Sumeria sends you this humble gift and suggests you take the hint.",53,3,4,60,530
"Your point is quite clear, your majesty.",50,9,1,60,530
"Now Sir Donald, the final challenge of our ""So You Think You Can Rule"" competition ..., the recital of ALL of your Tweets.",49,2,4,55,530
"He says the sword is not mightier than the word, but it does have one more letter, sire.",47,6,2,55,530
"Finally, Your Highness, Mr. Damocles awaits you.",46,8,1,55,530
Fee-Fi-Fo-Fum! Bring back my dagger or you'll all be done!,45,10,0,55,530
When asked if she liked her majesty as more than a friend...'Sword of.',45,10,0,55,530
"It's called branding, Sire.",37,6,1,44,530
"A ceiling AND a wall? Damocles, you're ahead of your time.",45,10,0,55,530
""" Please accept this large knife as a gift even though you were unable to supply us with troops for our recent conquest"". Sincerely, King Trump & Family.",47,6,2,55,530
"Great Damocles, sir, ah, nothing but good news. RUN!",47,6,2,55,530
"Sire, 'tis a gift from Damocles",46,8,1,55,530
"No duel challenges today, sir.",49,2,4,55,530
"We, the people of Damocles, in order to form a more perfect union...",47,6,2,55,530
"So the next line is just a bunch of emojis. Something about scissors, sword, skull and crossbones, a laughing smiley and then a picture of the Trump/Pence logo...? Tis weird, Sire.",47,6,2,55,530
The president of North Korea says his sword is bigger than yours.,48,4,3,55,530
Your service contract has expired.,46,8,1,55,530
"And by the power vested in me by the Seven Kingdoms, I now pronounce you man and knife.",47,6,2,55,530
Its a commissioned gift from the townspeople in order for the sire to feel more adequate about his tiny package.,47,6,2,55,530
"Dear King: I am fine. How are you? Is that sword still hanging over you? Love, The Prince.",47,6,2,55,530
"Why art thou reading so slowly? Pick up the pace, peasant!",46,8,1,55,530
"""Chopped"" has come a long way since it first aired",46,8,1,55,530
"Here is the King’s news, fair and balanced.",45,10,0,55,530
Is this a giant dagger that I see before me?,45,10,0,55,530
"Sire. The Royal Soothsayer has finalized his calculations. He says you have 24 hours to live. He apologizes for not getting back to you yesterday, but something unexpected cropped up.",43,5,2,50,530
That would be Damocles with a capital D,42,7,1,50,530
"I'm not feeling the love, your highness!",43,5,2,50,530
"Sire, a legal protest from the heirs of Dionysius concerning your name for the sword. They reject ""Damocles,"" but will accept ""Excalibur.""",47,8,1,56,530
… and the network is passing on Medieval Cooking Nightmares.,47,8,1,56,530
And I respectfully withdraw my name from knighthood consideration.,49,4,3,56,530
"Sorry, Macbeth. It says here it IS a dagger.",47,8,1,56,530
Damocles says you can keep it.,48,6,2,56,530
"Your Highness, this scroll is signed by someone named Damoclese.",47,8,1,56,530
Damocles insists on its immediate return.,49,4,3,56,530
Heavy crowns were back-ordered.,47,8,1,56,530
It says here they call it the sword of dam-that's big-ocles.,46,10,0,56,530
"""Your knights are beginning to wonder what you're compensating for"".",48,6,2,56,530
You must have a very small penis.,48,6,2,56,530
"Sire, it says in our chronicles that your power as king comes from Excaliber, not the Sword of Damocles.",46,10,0,56,530
"A dispatch from your loyal servant Damocles, your majesty.",50,2,4,56,530
It is the will of the people that you rulexit.,47,8,1,56,530
Soothsayer says you shall die in this general vicinity your Highness,48,6,2,56,530
"I said Shakespeare, not shaking spear!",49,4,3,56,530
"I'm sorry, Your Majesty, the correct answer was: ""The Children's Crusade""! One more miss, and you will be in the ""Sword of Damocles Round""!",46,10,0,56,530
"From the top, this time in a Cockney accent.",48,6,2,56,530
"No, Your Majesty. I still haven't found a better place to hang your sword.",49,4,3,56,530
There are still some kinks in the cutting edge technology you decreed.,37,8,0,45,530
Having a great time. Wish you were here. Damocles.,42,9,0,51,530
"Be not afraid of greatness: some are born great, some achieve greatness and some have really big intimidating swords made...",44,5,2,51,530
"According to the story Damocles was pandering to his King,Dionysius when---should I go on.",42,9,0,51,530
"He's demanding all your gold, your wife, two fast horses and your secret recipe for spit-roasted swan.",44,5,2,51,530
"According to the law, Mr. President, Congress gets to decide how big the sword is.",49,6,2,57,530
The Lords demand you either fall on your sword or...,49,6,2,57,530
"The Queen suggested that hung in this manner, instead of point down, the crossguard can swing down and knock some sense into you instead of the sword killing you.",51,2,4,57,530
The following is a list of demands from the throne room staff.,48,8,1,57,530
"The only woman we could get for Lady Macbeth is 7'6"".",48,8,1,57,530
Snacks will be provided after the PowerPoint presentation.,48,8,1,57,530
"Sire, in answer to your ‘who died and made you Pope?’ rejoinder, the Pope responds ‘Raise thy royal carcass from that throne and meet me at the cathedral.’",48,8,1,57,530
"King Leopold writes to say that he selects ""truth"" this round.",49,6,2,57,530
Just give me the gist!,48,8,1,57,530
"Sire, we might want to think about re-writing the second act.",47,10,0,57,530
Make Camelot Safe Again.,48,8,1,57,530
Damocles sends his regrets that he can't be here to help try out the new model.,48,8,1,57,530
"Continuing on Your Majesty, Chapter 2 of your King Dagger owners manual...",48,8,1,57,530
It's supposed to provide a close shave.,49,6,2,57,530
... and so we hope you agree that there is no way out of the current budget crisis other than quickly making a king-size cut in one particular area.,49,6,2,57,530
I still think the pen is mightier than the sword.,49,6,2,57,530
"Signed, your friend Damocles",49,6,2,57,530
Damocles will Brexit !,49,6,2,57,530
The lady and the tiger both called in sick; this was the best we could do.,49,6,2,57,530
Damocles is reporting a recent burglary.,49,6,2,57,530
I agree with you Sire. The giant hanging sword is way better than a picture of your mother-in-law.,48,8,1,57,530
How do you spell chrysanthemum?,48,8,1,57,530
Ted Nugent called. He wants his hunting knife back.,48,8,1,57,530
"Your Majesty, your subjects are angered by your gallows humor. They demand that you stop cutting up.",49,6,2,57,530
"""Don't make a move."" It's signed, Damocles",50,4,3,57,530
"Your Majesty, Please return the knife I loaned you. It's not fooling anyone anyway. Your friend, The Giant",49,6,2,57,530
Just one word sire... Balance...,48,8,1,57,530
"Your highness, Damocles General Contracting would like to know if you're satisfied with your service.",48,8,1,57,530
"King Dionysius, you've been served.",48,8,1,57,530
Damocles hopes you like his coronation gift to you.,48,8,1,57,530
"Sire, your new queen requires me to explain why she feels misled ...",50,4,3,57,530
After 'compensation' there's nothing written but LOLs.,49,6,2,57,530
It says here plowshares. I can't find anything about swords.,49,6,2,57,530
"Your highness, I have a message from Damocles",48,8,1,57,530
Yer Majesty I bring ye the greatest news! The first 100 persons to order will get a free 2nd sword of Damocles and a sharpening stone at no extra cost to ye. But ye must act fast!,50,4,3,57,530
The safety inspector suggested something other than rope.,44,7,1,52,530
"In just a moment, King Solomon, we'll know which half is wiser.",44,7,1,52,530
The Monty Python troupe left it behind. That damn Cleese thought it would be hilarious.,46,3,3,52,530
"The scabbard appears to be on back order, but it qualifies for free 2-year shipping!",45,5,2,52,530
"Long story short, it's a Weintraub, not a Damocles.",45,5,2,52,530
"And last but not least, Damocles...",44,7,1,52,530
"King Russia installed his, too - and so 'Mutual Assured Destruction' was created",43,9,0,52,530
It's a gift from Domacles. There's no return address.,45,5,2,52,530
"There is knife, I mean strife, among your subjects.",43,9,0,52,530
It's a gift from your cousin Damocles.,48,10,0,58,530
Can't you see I'm under the sword? Hurry up!,50,6,2,58,530
It was knife to know you my lord.,50,6,2,58,530
It's a revocation of the piece a cord.,49,8,1,58,530
"Bad news, sire, the chosen one's hands are too small.",51,4,3,58,530
"'I hear it's one of Damocles' finest, sir.'",50,6,2,58,530
It says absolutely no refunds on steak knives.,50,6,2,58,530
"It's from the thread company, Sire. They are recalling this model as there have been some complaints by the survivors from once ruling families.",50,6,2,58,530
The warranty says nothing about tensile strength.,51,4,3,58,530
"...and in business news, the guilder continued to gain strength against the florin again yesterday.",50,6,2,58,530
"...and finally sire, that young Master Jack is here. He says his ""friend"" needs the dagger back.",49,8,1,58,530
"Sire, it says it is time to pivot!",49,8,1,58,530
"By your own orders, your kingdom shall be cut in half.",49,8,1,58,530
More good news Your Majesty!,50,6,2,58,530
King Jack the Knife (he of the trenchant wit).,49,8,1,58,530
"No matter how you slice it, I had better speed up this proclamation.",49,8,1,58,530
"Your majesty, Inigo Montoya challenges you to a duel.",49,8,1,58,530
"King Severed, be it known that the townspeople of the Parish of Segacity recommend that you moveth thy throne.",49,8,1,58,530
"a balloon dropping might be a lot prettier, jus sayin",49,8,1,58,530
"I understand, your highness, but the co-op board overruled your renovation plans",49,8,1,58,530
The Lady of the Lake wants Excalibur back.,49,8,1,58,530
"The Prince of Wales is asking how you like his gift.""",49,8,1,58,530
"Per your wishes, sir, all cable ties will be checked next week.",49,8,1,58,530
"... and for our final demand, a large pair of scissors.",49,8,1,58,530
The drone prototype is ready your Majesty.,50,6,2,58,530
"Sire, Damocles says thanks but he'll keep his day job.",46,5,2,53,530
"And last sire is your morning affirmation which says ""today I'm going to embrace everything the universe has coming my way",46,5,2,53,530
"It starts, Dear Damocles:",46,5,2,53,530
A parting gift from your ex-barber.,46,5,2,53,530
And now for the post-mortem,45,7,1,53,530
YOUR PROCLAMATION SAYS 'LIVE BY THE SWORD DIE BY THE SWORD',46,5,2,53,530
read the king protection act so I can revise it,44,9,0,53,530
It's a metaphor. It's not a metaphor. Let me finish.,44,9,0,53,530
"Sire, two messages: Damocles called to say thanks, he got your point. And Goliath would like his sword back.",46,5,2,53,530
"Do you want the long or the short version, Sire?",44,9,0,53,530
It is a gift from the King of Prussia who wishes to thank you for the three ton saber.,45,7,1,53,530
"It sayest, Thou art 'compensating'.",44,9,0,53,530
"Sire, the horse whose hair you pulled to hang your sword has lodged a complaint.",46,5,2,53,530
Kindly repeat what your scroll says about a royal circumcision !,45,7,1,53,530
"Her Royal Highness says, 'Move your thorn, you stubborn mule!'",45,7,1,53,530
"Here are the options for your last meal, Your Majesty.",46,5,2,53,530
"Well, I'll be Goddamocles!",44,9,0,53,530
"Looks like the warranty does not extend to the horsehair, Sire.",45,7,1,53,530
The Blacksmith would like to know if you've reconsidered,44,9,0,53,530
Delivery from a Mr. Donald Trump,46,5,2,53,530
The Back-stabbing Brothers in Arms send greetings my Lord,46,5,2,53,530
"From the dungeon, the court jester writes to clarify that he meant to say ""all-conquering sword"" and deeply regrets his reference to ""all-compensating.""",46,5,2,53,530
Do you want it fitted with incandescent or fluorescent bulbs?,47,3,3,53,530
this is a gift from your good friend Damascles.,45,7,1,53,530
This a petition from Interior Decorators Guild warning you the latest renovation of your throne room was done with scab labor using inferior materials.,51,6,2,59,530
They stopped fearing the axe.,50,8,1,59,530
Stop reading me stories about this Damocles fellow. My body guards never heard of him.,51,6,2,59,530
Any minute now,50,8,1,59,530
"And lastly...it does not appear thy social ""security"" is, uh, not so quite, uh...""secure.""",45,9,0,54,530
"Begging my Lord's pardon, but Gwendolyn has replied, ""It doesn't offset the other shortcoming.""",47,5,2,54,530
"Hear ye, Hear ye! The Queen hath spoken. ""Stick it to him!""",47,5,2,54,530
My heir is into feng shui.,46,7,1,54,530
"In accordance with the non-proliferation treaty, we hereby surrender our weapon of mass destruction for conversion to plowshares and shovels.",46,7,1,54,530
Compensating?,46,7,1,54,530
"We've heard from Madame Tussaud, your order is on its way.",47,5,2,54,530
"Now Mr. Trump, which of these ridiculous plans would you like us to cancel first?",47,5,2,54,530
Grievance #3 is about compensation issues,46,7,1,54,530
"They mixed up your order so I revised your speech to read: ""By royal decree, henceforth, the sword shall be mightier than the pen""",45,9,0,54,530
It's in pen and it's all caps.,47,5,2,54,530
"Sire, the Black Knight has forged a gigantic shield. The council recommends an even bigger sword.",47,5,2,54,530
"Sir Guinness, the Edwards Castle claims to have a 18 ft sword. Do you have your book?",46,7,1,54,530
"... and the final item of news from the realm, sire, is Gargantua the Giant claims his sword has been stolen.",45,9,0,54,530
"Your Royal Highness, I am pleased to inform you that your schedule is rather light tomorrow. 9 o'clock, execution; 10 o'clock burial; 11 o'clock, wake. This leaves your calendar wide open after lunch. Enjoy your day!",46,7,1,54,530
"The sword swallower's union have sent another warning letter, sire.",46,7,1,54,530
"Dear King, Really its not like anybody's holding a knife over your head making you agree to anything...",45,9,0,54,530
"True or false, sire.",46,7,1,54,530
You are here respectfully requested to give up your throne.,47,5,2,54,530
"Well sire, I wouldn't call it a pressing issue exactly.",46,7,1,54,530
"It's from Damocles, Your Highness. He wants his sword back.",47,5,2,54,530
"And finally, in this realm, items balance based on length, not mass.",47,5,2,54,530
It is perfectly safe to keep weapons at home.,43,2,3,48,530
"Interesting, it's not about humility at all. It's for cutting ribbons at supermarket openings.",47,5,2,54,530
Do not look to a higher power now.,45,9,0,54,530
"All the news is good -- for the 13,978 consecutive day!",47,5,2,54,530
It's from Damocles' lawyer. He's suing you for patent infringement.,49,1,4,54,530
Item 1: Goliath the mature has decided he would like a bris,46,7,1,54,530
The report says there is no evidence of an immediate threat from ground weapons,46,7,1,54,530
"My apologies, sire, the latest issue of The Medieval Times predicts the pen will become mightier than the sword.",46,7,1,54,530
"The way his majesty decorates the castle is a cutlery above the rest, writes Moat Monthly.",46,7,1,54,530
"Sir, the Donald says he just wants to win not sit in your seat.",47,5,2,54,530
The fire exit is the door to your left.,48,5,2,55,530
"Great news, Mr. Trump! Everyone you've invited to speak at the convention has agreed to it.",48,5,2,55,530
Lord Calder sends his regards.,48,5,2,55,530
"The Royal Stationer can locate no mightier quill, sire.",47,7,1,55,530
That's ok. I'll just speak louder.,48,5,2,55,530
I got tired of the Calder and decided to go Old School.,49,3,3,55,530
"I've been instructed to inform you of this threat on your life, but clearly, the masterminds of this coup don't understand the immutable laws of physics; your life will be spared due to uneven distribution of weight.",48,5,2,55,530
"The cleaner says no, she could not find your sword.",47,7,1,55,530
"Rest assured, Your Majesty, there's a money-back guarantee on the rope.",47,7,1,55,530
Word has been going around that you found a replacement for me. Care to respond?,46,9,0,55,530
"Sire, it only deals with the fourth skin.",49,3,3,55,530
A gift from a fellow called Bowie... Jim Bowie.,47,7,1,55,530
Item l: Giant pen . . .,46,9,0,55,530
I feel like this company is moving in the wrong direction.,48,5,2,55,530
Merlin is coming but Sir Damocles sends his regrets.,47,7,1,55,530
Your daughters are proposing a two-state solution.,48,5,2,55,530
"The people's pendulum has stopped swinging, sire.",47,7,1,55,530
"Sushi, what Sushi?",48,5,2,55,530
The Queen wants her knife back.,47,7,1,55,530
I see you put up the Trump sword.,48,5,2,55,530
"...and if your are still hearing at this stage, I have to confess I plotted a failed coup.",47,7,1,55,530
What do you mean-compensating for anything?,48,5,2,55,530
...and the new rope for your giant dagger has been delayed until Tuesday.,46,9,0,55,530
"It's from the Pen kingdom, demanding your surrender.",46,9,0,55,530
"Sir, I will inform the barber you are ready",48,5,2,55,530
Does my butt still look big?,48,5,2,55,530
This is our stabby-chic collection which will be available in the fall.,47,7,1,55,530
"Yes sir, it is from our new castle designer, Damocles. Do you like it?",48,5,2,55,530
"New castle-code calls for emergency sire extinguishers, your majesty",47,7,1,55,530
its signed: Gordon Knot,47,7,1,55,530
Parliament welcomes your concession regarding Division of Power.,47,7,1,55,530
"The Bureau of Weighty Measures, Sword Suspension Safety Division, hereby certifies His Excellency's Application to be in compliance for a term of 26 fortnights, commencing immediately.",47,7,1,55,530
"Sire, I've been going over the numbers and we can't afford your sword enlargement prescription any longer.",48,5,2,55,530
"Sire, there have been complaints about replacing the big stick you carry...",48,5,2,55,530
""".... finally, our fromagiere had detemined the Gruyere was harder than usual .... '",46,9,0,55,530
The interior designer found your ideas to be severe.,46,9,0,55,530
The Sword in the Throne.,47,7,1,55,530
Sir Isaac sends his regards.,47,7,1,55,530
Article V states that the King's sword be commensurate to size of King's ego.,42,6,1,49,530
"I can assure you, Your Majesty, the Lady indeed understands quality to quantity.",43,4,2,49,530
"Your Highness, the people would like for you to switch to a democratic form of government.",43,4,2,49,530
"Sire, there's a Damocles here to see you.",42,6,1,49,530
"It's a gift from the half wit, Damo-clueless.",50,3,3,56,530
"I'm sorry your majesty, Damocles called out sick. Shall I summon a temp?",48,7,1,56,530
It states you can make one mistake BUT you'll never make a second one!,48,7,1,56,530
The army says that your sword may be bigger but it's not better.,49,5,2,56,530
"The studies are in and, contrary to what we told you earlier, it's not a stage prop.",48,7,1,56,530
Your days are numbered...and so are mine!,49,5,2,56,530
"Your Royal Highness: I know you have a killer week ahead of you, but...",49,5,2,56,530
The First Filibuster,48,7,1,56,530
It says here it's made of the finest plastic in all the lands.,48,7,1,56,530
Your Majesty’s back-ordered fork will arrive anon.,48,7,1,56,530
"Henceforth, His Majesty has outlawed gravity",49,5,2,56,530
It's a recall notice. Apparently it may explode if dropped.,49,5,2,56,530
The Queen is making a swift recovery.,49,5,2,56,530
"The note just says ""Hey, look over here!""",48,7,1,56,530
Congratulations:You have won a 10 foot Perma-Cut knife.Enjoy it everyday as it hangs over your throne.,48,7,1,56,530
It says here they were all out of ear poison.,49,5,2,56,530
"It says, ""the pen is mightier than the sword"".",49,5,2,56,530
The pen is mightier than the sword? Let see!,48,7,1,56,530
Gallop says the people's choice is Off With His Head.,48,7,1,56,530
"He said here, ""you're hands are too small to yield such a weapon.""",49,5,2,56,530
I hope this cut meets your approval,48,7,1,56,530
"President Trump, the packing list here says this is that golden sword you ordered that's been sized for your giant hands...",50,3,3,56,530
"I'm sorry, Your Grace. Damocles.com is not available.",48,7,1,56,530
The manufacturer has issued a recall on the swordeliers.,49,5,2,56,530
"Yes, my dear King Damocles, I have registered a complaint with the Acme Corporation about the design flaw in their sword mounting kit.",49,5,2,56,530
Damocles reports castle cost cutting is above target.,50,3,3,56,530
"The council won't approve any spending for new rope, sire.",48,7,1,56,530
"The Queen replies for the King to ""forget it"" and that she shall henceforth refer to place it hangs as the King's ""Man Cave.""",49,5,2,56,530
"Most Honorable King, you are urged to go about your business as usual. It has been determined that the sword of Damocles is but a figment of your lively imagination!",48,7,1,56,530
And the main course is roasted elephant,49,5,2,56,530
"It's the Damocles model 2, Sire. It basically just falls and crushes you.",48,7,1,56,530
You're sure you want to hear the Comments?,50,3,3,56,530
"...furthermore, it should be noted, the king has not knighted anyone for years.",42,8,0,50,530
"Your Majesty, the chronicle seeks an answer, 'When does Big and Huge come to be too Big and too Huge?'",43,6,1,50,530
"If the pen is mightier than the sword, then what is this dam thing hanging behind me for?",43,6,1,50,530
"Your subjects support it, but the National Dagger Association is opposed. What say you, my liege?",42,8,0,50,530
Damocles sends regards.,42,8,0,50,530
And the Queen hereby declares her Lordship can perform the first vasectomy if he wishes to have no more children.,48,9,0,57,530
"He said that his name was Damocles, and it is a gift for you, my liege.",50,5,2,57,530
"...The end user further agrees to use the application strictly in accordance with the Terms and Conditions of said non-transferable, non-exclusive and revocable license agreement...",44,6,1,51,530
And to your son you've willed your humility and self-confidence.,43,8,0,51,530
"Shave and a haircut, two bits sire.",43,8,0,51,530
"How about this? I, Donald J Trump, Most Holiest Ruler of the Universe and Supreme Negotiator with the Underworld - and let me tell you - I got a tremendous deal . . .",45,4,2,51,530
Can we keep 'benevolent' in front of your name?,44,6,1,51,530
"It's from Damocles. It says: ""How'd you like the sword I left you?",44,6,1,51,530
You know what they say about a king with a big sword.,44,6,1,51,530
It's another invitation to a gun fight.,45,4,2,51,530
A fellow named Damocles seeks an audience with you.,45,4,2,51,530
the peasants want to know if you are going to raise taxes.,44,6,1,51,530
"Unfortunately, your highness, it doesn't include a return address...",43,8,0,51,530
"Sure it provides shade, but we'll get you a retractable awning!",45,4,2,51,530
"As soon as the new king arrives, you will know him.",44,6,1,51,530
"Dionysius cancelled, he's extending his vacation",45,4,2,51,530
"No, I'm sorry, wrong again. The correct answer was ""Merlin,"" not ""Marvin.""",44,6,1,51,530
"There are six listings under Dagger Removal, your highness. Do you have a preference?",44,6,1,51,530
"The King begs to know whether you would care to repeat your remark about his hand and foot size, Lord Trumpus.",52,3,3,58,530
What makes you think I censor the news?,51,5,2,58,530
Your brother did that thing again.,46,4,2,52,530
"Your danger is, Your Majesty, still the most immediate.",45,6,1,52,530
"That's right, King Trump. It says right here it's called the sword of Cruzocles.",46,4,2,52,530
"Having drawn the short straw, I'm here to replace Damocles.",46,4,2,52,530
"…in choosing the two reigns rule, the King may further end it at any time.",45,6,1,52,530
And so it is decreed that the king hath grown tired of jokes about over-sized objects.,45,6,1,52,530
"Additionally Sire, you can make no more loans from the Royal Treasury",44,8,0,52,530
"We have hanged one of the older Duggars, you know the head of the Duggar clan, as directed by your minister of over population.",47,2,3,52,530
It says they still can't hear any rattling.,45,6,1,52,530
We've been trying to simplify the plotlines.,45,6,1,52,530
GET THAT FUCKING THING DOWN FROM THERE YOU STUPID CRAZY SHIT,45,6,1,52,530
"It says here that it's actually just the dagger of Damocles, Sire.",44,8,0,52,530
Our wizard reports it's from a 21st Century cybergame,46,4,2,52,530
We've Lived under your Sword for too Long!!!,48,0,4,52,530
"King Kong, King of the Jungle called. He wants his knife back.",46,4,2,52,530
"It reads - Dear Damocles, Your loving people wish to bequeath upon you a gift!",44,8,0,52,530
"The Prime Minister has the monopoly on all the chord reinforcing, unfortunately.",45,6,1,52,530
"Sire, the King's rope maker wishes to assure you that the two ton razor sharp dagger hanging from his rope above your head is completely safe.",45,6,1,52,530
It's from Mr.Occam. He says it's being recalled,45,6,1,52,530
"Proclamation: any worthy knight who passes the test of removing this sword, gets the pick of the princesses.",45,6,1,52,530
And if you get this one wrong...,44,8,0,52,530
"Sire I really want to thank you for the opportunity, but I've decided I'm not cut out for your job.",45,6,1,52,530
It is decreed: we shall be great again.,45,6,1,52,530
"Game of Thrones, season 72.",46,4,2,52,530
"Good news Your Majesty, the custody case is next !",45,6,1,52,530
"In a word, sire, the Queen says you're nuts",45,6,1,52,530
"True, your majesty, the 'Dagger of Damocles' would have had a nice ring to it",45,6,1,52,530
A commission from Claus Oldenborg sire.,44,8,0,52,530
"Tonight's menu features soup, salad and a thick-cut steak.",52,5,2,59,530
"And finally...the Queen states she is at the end of her rope in this relationship, and happily sends her condolences in advance of your impending demise.",40,5,1,46,530
"Budget cuts, my Lord.",40,5,1,46,530
We've cut the armor budget 12% this quarter.,42,1,3,46,530
But that's where the urgent message stops... something about 'sworn' or 'swarm'...,40,5,1,46,530
"Apologies, Your Highness... the decree sayeth no bathroom breaks.",46,6,1,53,530
"First, let me take a stab at cutting the budget in half, then we'll see about a raise.",45,8,0,53,530
Sword Control Filibuster,47,4,2,53,530
It's from a Lester Damocles. Looking for work. Says he's your cousin?,46,6,1,53,530
"Behold, the pendulum of death.",47,4,2,53,530
Your audition tape for Game of Thrones was rejected as too trite...,46,6,1,53,530
"No worries you Trumpness, your opponent has a smaller sword.",46,6,1,53,530
"It says here: ""Not suitable for children under 5 years old.""",45,8,0,53,530
"Said Donaldcles I: 'The sword just got ten feet longer, believe me.'",48,2,3,53,530
"Ok, your Majesty. Do you remember that scene in Spinal Tap?",47,4,2,53,530
"And so, my people, with malice aforethought I do herewith cheerfully abdicate the throne and dagger to my illegitimate nephew, The Donald.",47,4,2,53,530
It's from Mr. Damocles. He says he wants his sword back.,45,8,0,53,530
"The last king had a fancy for rather large letters, my lord",46,6,1,53,530
"Your majesty, other kingdoms have bigger swords.",45,8,0,53,530
"You don't speak softly, but the rest of the line about going from a ""big stick"" to a ""huge shiv"" is not plagiarism.",47,4,2,53,530
King Henry VIII unknowingly laid the foundation for Medieval interior design.,47,4,2,53,530
Either submit to periodic inspection of your blacksmith forge or we will be forced to declare war against you for you weapons of mass destruction.,45,8,0,53,530
"Hear ye, hear ye, hear ye, life hangs but by a thread!",46,6,1,53,530
"Hear ye, hear ye, the king hereby freezes all infrastructure spending for the remainder of his reign.",46,6,1,53,530
"No, Sire, I can't find the number for ""Gordian Knots""",45,8,0,53,530
And the gift of the day is from Damecles,47,4,2,53,530
"You're right, your majesty, nowhere in the charter does it say the sword has to point down.",45,8,0,53,530
Oh-and your plan to increase taxes is a non starter!,46,6,1,53,530
One huge sword coming right up!,47,4,2,53,530
Its a post-Brexit trade deal. England wishes to barter ploughshares for your Highness's sword.,47,4,2,53,530
"Sire, your military advisors recommend new technologies to reduce the size of our swords..",46,6,1,53,530
"Users Manual. This seemingly ornamental sword is the perfect weapon to dispatch a tyrant. Its center of gravity is such that while the enthroned monarch is looking up at the tip in fear, the handle swings down swiftly to terminate the sovereign.",46,6,1,53,530
"I'm sorry, my liege. But the warranty doesn't cover normal wear and tear.",47,4,2,53,530
THE SWORD IS MIGHTIER THAN THE PEN,47,4,2,53,530
"...and lastly, Sire, Camelot Cabling regrets to inform us that...Mercy!",46,6,1,53,530
Damocles would like to see you next.,46,6,1,53,530
"And, finally My Lord, your fiefdom received a 2 star rating for the serfs' work to life balance ratio.",46,6,1,53,530
They categorically deny ever having said that you were not the sharpest knife in the drawer.,46,6,1,53,530
"Well, besides not funding the budget for roads and bridges infrastructure, no money has been allocated for the rope infrastructure. I'm sure you won't mind that either.",48,2,3,53,530
"And 400 British pounds to fix the fraying rope dangling the large sword above your head, so long as feel that's necessary, Your Excellency.",46,6,1,53,530
I know it's on my resume but those were my carny days.,47,4,2,53,530
"""Your Majesty, I've gone to the Weights and Measures lab to have one of these hairs tested for tensile strength, back in an hour."" Signed, Damocles",42,3,2,47,530
Your horoscope says 'Be here now.',41,5,1,47,530
"A Mr. Damocles is here to see you, sir",40,7,0,47,530
(Permanent) Exit Stage Right,41,5,1,47,530
It's signed Democles !,47,6,1,54,530
"It says you should make haste to get yourself a huge pen, Sire.",48,4,2,54,530
"Your majesty, Macbeth suggested upward thinking rather than forward thinking.",48,4,2,54,530
"...and, finally, your subjects think you are compensating too much.",48,4,2,54,530
Your interior designer has sold his life insurance business,47,6,1,54,530
"And finally, Your Majesty, Damocles sends his regrets, but will be unable to occupy your throne this evening.",47,6,1,54,530
The Kingdom of Northumbria petitions that we both cease our escalating arms race.,48,4,2,54,530
They want to know if you'll be Trump's vice president.,47,6,1,54,530
Why do you have Randy Jackson's autograph on a sword??!,48,4,2,54,530
There's a bit of talk in the kingdom regarding the size of your sword and compensating...,46,8,0,54,530
Pieces imminent your Majesty.,47,6,1,54,530
Your ad will read: King seeks matching fork from Goliath Collector Set manufactured in 352 BC by The Philistine Corp. of South Gaza. Will trade for gold or spare life of choice.,48,4,2,54,530
"We have a Trump asking for his name to be engraved in helvetica caps, my Lord.",47,6,1,54,530
"Sire, after your spat last night, the Queen hath ordered extra security over the royal jewels.",49,2,3,54,530
"Please don't kill me, Sire. I only bring a message from Damocles.",47,6,1,54,530
It's from Damocles. He says he can't make it tonight; his horse was stolen.,48,4,2,54,530
"Good news, your highness. The sword is just a theory.",46,8,0,54,530
It was a dark and stormy night.,47,6,1,54,530
Sir: 1) Guinevere wants to know who's picking up the kids 2) Lancelot is requesting next weekend off 3) Merlin said he thinks he knows where is sword is....,48,4,2,54,530
"The latest poll shows the court jester is leading you 87 per cent to 13 per cent, sire.",46,8,0,54,530
"I'm sorry sir, but I have to say it. Either you're preparing for Donald Trump's visit next week, or you're definitely overcompensating for something.",48,4,2,54,530
"It's a note from your brother, ""who has a small sword now?""",47,6,1,54,530
The prince and the princess... Line! I forgot my line.,47,6,1,54,530
"""Prime will deliver the Sword of Damocles momentarily"".",48,4,2,54,530
"So the queen wants a divorce, does she? Read the prenup!",46,8,0,54,530
Damocles wishes you long life and happiness.,46,8,0,54,530
Did I mention how regal you look?,47,6,1,54,530
"Forget I said it starts with a ""K"" and let's try again.",47,6,1,54,530
Am I going too fast for you?,47,6,1,54,530
We have a lot of people that need to be knighted.,47,6,1,54,530
"Apologies for the decor, my lord. We Lord Trump would win the election.",50,0,4,54,530
"I think I need clarification, how much of your beard did you want trimmed again?",47,6,1,54,530
"Oh, the shark, babe, has such teeth, dear, and it shows them pearly white.",48,4,2,54,530
I still envy your pension and benefits package.,47,6,1,54,530
"Don't despair, Sire. Come November, there'll be a new Damocles.",47,6,1,54,530
"Your Majesty, the arms budget of the land is more than adequate, but the infrastructure is reported to be sorely neglected.",47,6,1,54,530
"It may feel like we are pressing you for a response and, we are, for after all there is a sword over your head",47,6,1,54,530
"All of your subjects love you, the Treasury is full, your enemy's cower in fear, the Queen adores you...",46,8,0,54,530
Can you get to the point before my patience unravels?,46,8,0,54,530
We regret to inform you that your appeal for clemency has been found to have been plagiarized.,47,6,1,54,530
It's from the Sheath Makers' Guild. They're on strike.,46,8,0,54,530
Where's the point?,42,5,1,48,530
Fee Fi Fo Fum,43,3,2,48,530
Your rival wishes to apologize for his 'small hands' remark.,42,5,1,48,530
"Hear ye, Hear ye. From henceforth, the King will be called King Mack!",41,7,0,48,530
It's a letter from Damocles. He's at the end of his rope and needs his sword back.,43,3,2,48,530
"Simply put, the kingdoms weapons budget is bankrupt.",41,7,0,48,530
How did you get that out of The Stone?,42,5,1,48,530
"Well, they never said I couldn't stab the messenger, did they?",42,5,1,48,530
King Leopoldo says that his is bigger than yours.,42,5,1,48,530
The Chairman of the Royal Pen Company strongly urges you to negotiate.,42,5,1,48,530
I'm afraid it's frayed and Lancelot will not knot it and suggests you move your lazy ass.,43,3,2,48,530
"As you predicted, Damocles is a no-show.",41,7,0,48,530
All windows must be closed until further notice.,47,8,0,55,530
"I know that you are not one to make a decision based on fear, but just look at Damacles' track record.",48,6,1,55,530
"Whereas, we your vassals and serfs get your point, we acknowledge size does matter and pledge our allegiance on this first ballot",48,6,1,55,530
And there's this from Damocles...,48,6,1,55,530
"It says here, your Highness, that it's from someone named Macbeth.",47,8,0,55,530
Before I read the vote on banning weapons in the monarchy...I humbly request a bathroom break.,47,8,0,55,530
"Sir, as requested, binge watching of GoT has now been banned.",49,4,2,55,530
He said lose the sword and you got a deal.,48,6,1,55,530
Let it be on your head,47,8,0,55,530
Tell me when you've found the name of the interior designer. Let's just say that they are in big trouble.,48,6,1,55,530
WHAT IF WE GET THE IDEA OUT THERE THAT THE PEN IS MIGHTIER THAN THE SWORD?,48,6,1,55,530
"No, your highness, ""Crocodile"" Dundee's lawyer has not responded yet.",49,4,2,55,530
"Your Highness, I just got the report from Rope QA/QC -- you're gonna want to be sitting down for this.",47,8,0,55,530
"Prior, the King had no idea of a Royal Pain.",48,6,1,55,530
"And finally, Olaf the Giant demands the return of his sword.",48,6,1,55,530
Don Trump has made an offer for your kingdom that he says you can't refuse.,48,6,1,55,530
"Looks like we better put a ""RUSH"" on this edict, Sire.",48,6,1,55,530
"It sayth, ""Please sire, your boots are unlaced . . .""",48,6,1,55,530
Your neighbor wishes to recommence fracking.,48,6,1,55,530
"The polls say the sword is fine, but you could walk a little softer.",48,6,1,55,530
Gulliver bequeathed it to you.,47,8,0,55,530
Have a great day and enjoy life to the fullest.,48,6,1,55,530
We retained the drama. The tungsten still looks like a hair.,48,6,1,55,530
"The decree now reads, 'Henceforth, all subjects shall become Jewish.' Last chance, are you absolutely sure?",49,4,2,55,530
"That's all Your Highness, let's plan next month if we get there.",48,6,1,55,530
"King Leo writes to say, ""Mine is bigger than yours.""",42,7,0,49,530
Did you want to reschedule your meeting with Damocles for earlier?,43,5,1,49,530
"FYI that is not a dagger you see before you. Warmest wishes, Macbeth.",44,3,2,49,530
The one-year limited warranty excludes using it as a guillotine.,42,7,0,49,530
"... and for dessert tonight, we have a gigantic chocolate layer cake.",43,5,1,49,530
Your present from Damocles should arrive today.,43,5,1,49,530
"It says his name is Damocles, sire, and he brings news from Greece.",42,7,0,49,530
A stitch in time saves Thine.,42,7,0,49,530
"The big sword IS cool, your majesty; however, we think a big pen would play much better, especially among the revolting peasents.",42,7,0,49,530
Here is your official decree endorsing Donald Trump.,44,3,2,49,530
And further proclaim that the boys' choir as enough altos.,43,5,1,49,530
It says here that the Sword of Damocles is an old wives tale and myth.,50,4,2,56,530
"Sire, Damocles is next.",42,7,0,49,530
Damocles demands your daughter's hand.,43,5,1,49,530
"Henceforth, the King shall rule at the mercy of that rope up there...that appears to be fraying.",43,5,1,49,530
"Sire, Your reign is over.",50,4,2,56,530
"My King, the Great Big Birthdsy Cake has finally arrived.",51,4,2,57,530
Your Round Table has sent you a message.,43,7,0,50,530
"Yes, Sire, it seems to be a gift from some chap named Damocles.",43,7,0,50,530
M. Guillotin’s instructions just say suspend a giant blade.,45,3,2,50,530
"According to this, Sire, ‘Damocles was an obsequious courtier in the court of Dionysius II of Syracuse, 4th-century BC.’",44,5,1,50,530
"Not fazed, eh? A sword is too cliche, you say. Ok, Damocles, ok. Now suppose I were to beat that sword into a plowshare? Yep. A clunky, CRIPPLING plowshare. How 'bout THAT for symbolism dangling over your head!? - or so says this redemption clause.",45,3,2,50,530
We hereby let you eat cake.,45,3,2,50,530
"There's a ""Damocles,"" waiting in the lobby.",44,5,1,50,530
"Your Majesty, I get the point but...",43,7,0,50,530
"Say the secret word, something you find around the castle, then the bonus sword is yours.",45,3,2,50,530
The peasants are sick of sushi your Majesty.,45,3,2,50,530
"Hear ye, hear ye! Reality Kingdom is about to begin",43,7,0,50,530
"I'm no court jester, but I've seen more secure lines at the Watergate Hotel.",44,5,1,50,530
"Hear ye, Hear Ye, to the former King of Bishel",43,7,0,50,530
"..and last but not least Sire, I would like to add that your request for a rope replacement cannot be fulfilled..",45,3,2,50,530
These are our non-negotiable demands.,43,7,0,50,530
"I've checked twice your majesty; it can't be returned for being ""too great and awesome.""",45,3,2,50,530
"""I suggest you don't say only I can fix it"".",44,5,1,50,530
It's a gift from a Mr. Damocles.,44,5,1,50,530
You have one more guess before the blade comes down.,43,7,0,50,530
"Your Highness, Macbeth is here to see you!",44,5,1,50,530
The decorator thought we should go for the Sword of Damocles look.,44,5,1,50,530
"Henceforth her majesty shall hold court in her chambers, hashtag not a drama queen.",44,5,1,50,530
I just get this odd feeling that someone is trying to hurt me.,44,5,1,50,530
The latest polls suggest that the Sword of Damocles is an ineffective coup deterrent.,44,5,1,50,530
"...and the Queen left a message that she is at the end of her rope and good look with Excalibur, whatever that means.",46,1,3,50,530
Now no one wants the Iron Throne,44,5,1,50,530
"Your Highness, Lord Damocles presents this gift of tribute...",43,7,0,50,530
Is it sharp?,45,5,1,51,530
Damocles regrets to inform your Majesty that he will not be able to accept your kind and generous invitation.,44,7,0,51,530
"Sir, Groucho says 'You Bet Your Life!' Say the magic word and win 100 dollars!",44,7,0,51,530
It's non-refundable after 30 days.,44,7,0,51,530
So many wannabees would take the throne of Damocles.,44,7,0,51,530
Decree: All male elephants must be circumcised.,47,1,3,51,530
"Sire, you have it backwards. It won't be my head.",44,7,0,51,530
"...and further more, the contractor regrets the attachment of the super-sword isn't sufficient.",46,3,2,51,530
"Your rule is hanging by s thread , Sire.",45,5,1,51,530
"Sire, Cicero is suing you for copyright infringement.",45,5,1,51,530
"Let it be known that ""Harold the Soft Spoken"" is now ""Harold the Unusually Large Handed"".",47,1,3,51,530
"There's a PS. ""Don't make me come over there and take it back.""",44,7,0,51,530
"The knife is from ""mom's new favorite"".",44,7,0,51,530
"Sir, I think Damocles is looking for something",45,5,1,51,530
Royals 'R' Us is having a sale on Kevlar crowns.,44,7,0,51,530
The Queen demands you get out of her chair and put her crown back.,46,3,2,51,530
Apparently you earned enough points from last week's pillaging to unlock the Megashield of Damocles.,45,5,1,51,530
Damocles says he would like to give it a try.,44,7,0,51,530
"It is imperative that you use black ink, not blue ink, when completing this questionnaire.",45,5,1,51,530
"My Liege, the Royal Sharpener insists there is no need for Your Highness to vacate the throne.",45,5,1,51,530
"""Did you mean, sire, that sword for a pen?",45,5,1,51,530
The Imp sends his regards.,45,5,1,51,530
"Your majesty, the request from last month for additional rope still looms above you",44,7,0,51,530
Thankfully our kingdom is based on an orderly succession.,44,7,0,51,530
Ye Olde Proclamation Addressing the Ridiculous Rumors of the King Being Suicidal...,45,5,1,51,530
"A well regulated Militia, being necessary to the security of a free State, the right of the people to keep and bear Arms, shall not be infringed.",44,7,0,51,530
"Unfortunately, Macbeth's dagger is not only real, it's way bigger than we figured.",46,3,2,51,530
...and endorse Hillary before the Convention.,44,7,0,51,530
"No, Sire, you did not decree that the rope be replaced until next year.",44,7,0,51,530
"It seems Excalibur has been completed, your highness, however I think they misread the schematics.",44,7,0,51,530
"Are you sure those cuts are wise, your grace? The Throne Room Security budget is already rather threadbare.",45,5,1,51,530
"At the current enrichment rate, we are 3 to 5 years from an A-bomb of Damocles.",45,5,1,51,530
Damocles would like to know how you like the sword he gave you.,46,3,2,51,530
Let's sue this guy Damocles.,44,7,0,51,530
"Oh yes, sir. King Damocles was very insistent about the sword.",39,4,1,44,530
"Squire, I still can't understand how the knife is held up by a single rope. Read me today's physics paper.",38,6,0,44,530
To Be or not to Be,32,5,0,37,530
I can see the end!,46,5,1,52,530
"Sire, may I opine why the people no longer call you 'Ethelrod the Kind?...'",45,7,0,52,530
"Paul Bunyan is plotting his revenge, sire.",47,3,2,52,530
They want to know if you endorse Trump or simply support him.,47,3,2,52,530
"...And that Mr Damocles has been in touch again, Sire, to ask if we're sure we haven't seen his missing item...""",47,3,2,52,530
The king was stranded on the throne.,47,3,2,52,530
"The Sword of Damn Old Cheese could, of course, melt.",46,5,1,52,530
"Your Majesty, Damocles sends his warm regards and adds that there is a fine balance as well as a thin sharp edge between life and death.",45,7,0,52,530
"Your Highness, it's another notice from OSHA about the working conditions around here. Some guy named Damocles keeps complaining.",46,5,1,52,530
"For this trick to work, both of you have to stay perfectly still for the next few days.",46,5,1,52,530
"'Heavy, heavy, hangs over thy head. . . '",47,3,2,52,530
"Your Majesty,David returns Goliath's sword so you remember this day.",47,3,2,52,530
You are the best king ever. I know what happened to that page who disagreed with my evaluation!,47,3,2,52,530
"In conclusion, there will be 'huge' consequences for any citizen opposing the Wall.",45,7,0,52,530
"Damocles writes, ""Please keep the sword and the crown, after all.""",46,5,1,52,530
I like the way you have featured Excaliber,46,5,1,52,530
"King Henry VIII, I Think your first wife is back to haunt you.",46,5,1,52,530
Good News Sire - The horsehair comes from a thoroughbred!,46,5,1,52,530
All decrees shall be observed at ye’s beheadst.,47,3,2,52,530
Cut to the chase.,45,7,0,52,530
"The royal barber writes: ""Sire, I have devised a new scheme to deal with your fly-away beard hair.""",46,5,1,52,530
"Sharpening instructions, Your Honer.",46,5,1,52,530
"Where's your sling and stone now? Your old pal, G.",47,3,2,52,530
"To be known as the King - Mightier - Than - The - Sword , hide the Wizard's magnet and cut the rope.",46,5,1,52,530
"Following directions, sire, vertical is the point.",45,7,0,52,530
They've rejected your proposal of trial by combat.,45,7,0,52,530
Don't worry. Waterboarding is strictly prohibited.,45,7,0,52,530
I'm with stupid.,46,5,1,52,530
"""My keen knife see not the wound it makes."" Gosh, Shakespeare's confusing.",46,5,1,52,530
... Signatories pledge to work towards complete disarmament and an end to the armaments race.,45,7,0,52,530
"Request to send in your future son-in-law, Your Majesty.",47,3,2,52,530
"Two halves make a whole, right?",46,5,1,52,530
Damocles sends his regards.,46,5,1,52,530
"His Majesty, therefore, has proven once and for all that the sword is mightier than the pen.",48,1,3,52,530
The king of Spain says he has a pen he'd like to show you.,46,5,1,52,530
"Your Majesty, it's not legal to open-carry your sword.",46,5,1,52,530
...and Donald Trump wants to know if your majesty likes the sword he sent you.,47,3,2,52,530
"It says, ""beware of the Sword of Damocles.""",46,5,1,52,530
It's from someone named Malcolm Gladwell.,47,3,2,52,530
"....and so your presence, is therefore requested at the Game of Thrones Red Wedding.",46,5,1,52,530
"Yes, go on, you were saying something about the pen being mightier...really?",46,5,1,52,530
"And finally, the court jester requests a moment of your time.",47,3,2,52,530
"Your liege, Damocles wants his sword back.",46,5,1,52,530
It's from Damocles. He's had second thoughts.,46,5,1,52,530
Dionysus says you're not allowed to scoot the throne.,45,7,0,52,530
To: King Lear. From: W. Shakespeare. Subject: Ratings: Our ratings doth wallow in the dust.,46,5,1,52,530
Prescience,46,5,1,52,530
"So, the huge sword did arrive, but I'm afraid the the uneasiness is on backorder along with the humility and self-reflection.",46,5,1,52,530
"Your new sword is here, Prime Minister Cameron.",47,3,2,52,530
"Next on the agenda, I recommend that you fire the decorator for being a bit too cliché.",47,3,2,52,530
I do not believe that human activity is causing these dramatic changes to our climate the way these scientists are portraying it.,45,7,0,52,530
"With all due respect sir, I would not make a decision about the repair based on a poll of your subjects.",39,6,0,45,530
"The point which I'm trying to make is that I don't want to be in the line of succession, because I don't want to see that hanging over me.",39,6,0,45,530
The people say your metaphorical conscience isn't cutting it.,39,6,0,45,530
Good thing we got Amazon Prime!,39,6,0,45,530
A slice of life,40,4,1,45,530
The petition says this is a one-time offer.,46,7,0,53,530
"They don't care how big your knife is, they still think you're a short-fingered vulgarian.",47,5,1,53,530
"I hope Your Majesty finds the mystery birthday gift pleasing. Your loyal subject, Damocles.",46,7,0,53,530
"Hear Ye HereYe, to our King who is always a ""Cut Above""the rest.",46,7,0,53,530
The architect reminds you that you did request the authentic Versailles package.,47,5,1,53,530
It says here if you tell a lie the knife will fall.,48,3,2,53,530
Your likability numbers have tanked but 34% are impressed that you made the other guy pay for it.,48,3,2,53,530
The Gong Show reunion is next door.,49,1,3,53,530
"""It is hereby proclaimed that His Majesty's Throne will be known as Her Majesty's Throne from this day forward.",47,5,1,53,530
"And, finally, we demand that your meet all of our previous demands or stay seated until the sword falls.",47,5,1,53,530
Reports show this recent defense project is over budget and doesn't meet our knights' needs.,48,3,2,53,530
"Sire, the cooking school asks that you return its advertising sign.",46,7,0,53,530
We didn't realize the Spinal Tap set designers were now crafting letter openers.,48,3,2,53,530
The people say that you are definitely a cut above the rest.,47,5,1,53,530
"And lastly , your wife no longer wants to be the royal rope weaver.",46,7,0,53,530
"And a final note, the odds are now at 5-1 for a concluding fraying tomorrow morning. Treasury is asking whether you want in on the action right now or would like to wait.",47,5,1,53,530
"In other words, Goliath wants it back",46,7,0,53,530
Romulus says the throne needs to be moved back six inches.,47,5,1,53,530
"Your Majesty, by proclamation, we bestow you the biggest slice.",48,3,2,53,530
The threat level is largely Damocleish.,46,7,0,53,530
"P.S. Sire, I forgot to include the sword in your job description.",48,3,2,53,530
You must indicate that you agree to the terms set forth before proceeding to the next step.,47,5,1,53,530
"Last slice of life, Sire",47,5,1,53,530
"The King of Clubs has requested your presence, along with 3 Queens, Your Highness.",47,5,1,53,530
"Sir, this is the final question, all your competitors hope you make the final cut.",46,7,0,53,530
Be aware that my new time-management system has an automatic cut-off period.,47,5,1,53,530
The chef has prepared [gulp] swordfish.,47,5,1,53,530
"Sire, the polling results of the citizenry absolutely confirm that you are a wise and courageous man who cares more about his people than his own well-being.",47,5,1,53,530
Is he still worth two in the bush?,48,3,2,53,530
Damocles accepts the raise.,48,3,2,53,530
"I'm just the messenger, the Queen has run off with a young knight.",48,3,2,53,530
"""Prince Theo says, 'While I'm deeply honored by your offer of the throne, I regret that my current schedule is just jam packed.'''",48,3,2,53,530
Mr. Damocles had to cancel his appointment.,46,7,0,53,530
"....Finally, Lancelot requests your signature on the castle deeds immediately, sire!",48,3,2,53,530
We couldn't find the sword of Damocles your majesty.,47,5,1,53,530
"""No worries. It's not the sword of Damacles."" ""No worries. It's not the sword of Damacles."" Gaye Fontoura, Mahwah, NJ",47,5,1,53,530
wn The legions like your idea of testing the new hardware,47,5,1,53,530
"A brief epistle from Dionysius. It reads ""You're a doofus, Damocles. I can't believe you fell for this setup, dork.""",47,5,1,53,530
"Your majesty, George R. R. Martin has sent a gift for your recent coronation.",47,5,1,53,530
"Our wizards call it ""shaving"", Sire.",47,5,1,53,530
"High fives, O King, and don't leave me hanging!",47,5,1,53,530
Your ex- wife hopes the sword falls on you.,47,5,1,53,530
"Your first appointment today is with Penn & Teller, per your request.",40,6,0,46,530
You are always being trumped by the sword issue.,40,6,0,46,530
It's from the International Criminal Court - don't slay the messenger.,40,6,0,46,530
Sword of Trump!,41,4,1,46,530
"and Parliament has again rejected your request for some rope,",41,4,1,46,530
"He says ""The bigger the sword, the smaller the wienie""......",42,2,2,46,530
"You have been accused of ""living in the moment"".",49,3,2,54,530
It clearly states 'Don't shoot the messenger.' Stabbing is clearly a loophole.,48,5,1,54,530
No more money for armaments that can't be used.,49,3,2,54,530
"Here's a good one, Sire - 'Dear King Damocles...'",48,5,1,54,530
But Sire.. it says right here: 'One Giant Slayer'.,48,5,1,54,530
I see you've gotten my point.,47,7,0,54,530
"Sorry, Mr. D, the attorney says renaming it the Sword of Melvin does not void the agreement.",47,7,0,54,530
"Why, yes sir, as a matter of fact I WOULD like a super-sword for Christmas!",48,5,1,54,530
"It's a message from Damocles, sire.",41,6,0,47,530
Are you voting for Trump?,41,6,0,47,530
Forgive me as the print is exceptionally small but I did not find any dismemberment rider.,42,4,1,47,530
Your majesty's decree that the giant hath been slain hangs by but a thread.,41,6,0,47,530
"Finally, your majesty...and let me say this is kind of ironic...the leader of the giant people writes you. King Magnus says he knows we stole his lucky sword and he wants it back.",42,4,1,47,530
"... and finally, you have to choose the toppings for the kingdom pizza party.",42,4,1,47,530
"Sire, just how large is this Sword of Damocles supposed to be anyway?",41,6,0,47,530
Heavy slice the head that wears the crown.,42,4,1,47,530
"Sire, Damocles says he can't do the work until Thursday.",42,4,1,47,530
"A message for you, King Damocles......",42,4,1,47,530
"Is it ""open sesame""?",43,2,2,47,530
I hereby dub you retired.,49,5,1,55,530
The throne room has been sharply decorated.,49,5,1,55,530
Macbeth Incorporated has issued a recall for 'Floating Dagger' effective immediately.,49,5,1,55,530
And whoever lifts thee shall be dubbed Sir Mack the knife.,43,4,1,48,530
Directions say to extend the foreskin and expect only mold bleeding.,43,4,1,48,530
It's from Damocles - a request he hopes you'll seriously consider.,44,2,2,48,530
The last of the prisoners' demands is for better rope.,43,4,1,48,530
"Your Majesty, I bring greetings from Damocles.",42,6,0,48,530
The Knights are jealous and the ladies say that its really not about the size or the angle but everyone agrees it needs re-adjusting,43,4,1,48,530
"Your Majesty, the receipt for the flactchet says 'no refunds or returns'.",43,4,1,48,530
"It says, 'Art,baby, we want our sword back.' and it's signed, 'The Stones'",42,6,0,48,530
Murphy's Law: The Year in Review,43,4,1,48,530
"Again, the general concensus is that Your Highness stay the course.",43,4,1,48,530
Sir. That non-licensed contractor is still seeking payment of his bill for the hanging sword.,44,2,2,48,530
"Mr. Trump, sir,...it's...um...from the IRS...",42,6,0,48,530
"Would you like to cut the deck, Your Highness?",43,4,1,48,530
"It says "" Sorry we were out of large round tables in stock, please accept the large sword in its place,""",43,4,1,48,530
"Sire, it's from the Queen regarding your plans for reimplementing the ""Right of the First Night"".",44,2,2,48,530
It says if it doesn't fall on November 8th we're good for at least another four years.,42,6,0,48,530
Get to the point - I'm on a knife edge,42,6,0,48,530
"``I'll be home soon so your flirtation with bachelorhood will soon be over. I expect things to be in order. A list of things to do is attached. Love, your one and only.''",43,6,0,49,530
The sword was sent as a gift from Damocles.,43,6,0,49,530
Don't sneeze.If you do you're a goner.,45,2,2,49,530
"The sharpening bill, your highness, exceeded 100 gold pieces this past month.",43,6,0,49,530
"Yes, Sire, completely lead-free.",43,6,0,49,530
The king was exceedingly bored with the reading of the OSAH guidelines on the government requirements for the proper way to hang a knife.,44,4,1,49,530
"The ropemaker went to the Bahamas because winter aggravates his gout, and the rat-catcher is passed out from the ale at the feast.",44,4,1,49,530
The giant demands his sandwich pick back.,43,6,0,49,530
It appears there is a lifetime warrenty on it not cutting through and killing you sire,44,4,1,49,530
The Kingdom of Shield requesteth a rematch.,44,4,1,49,530
"Be it known to all, hence forth the King is hanging up his dagger and ruling by executive orders.",44,4,1,49,530
The Royal Council urges Your Majesty to worry not about overblown threats to His Person,43,6,0,49,530
"My bad, Your Highness, but this is the Sword Double-X-Calibur.",43,6,0,49,530
"I'm not sure the optics are right for the part that says ""The Pen is Mightier than The Sword.""",44,4,1,49,530
"Sire, the Killer Rabbit of Caerbannog awaits.",44,4,1,49,530
"I know that the rope holding the giant sword above your head is about to break, but I still think that immigration is the key issue here.",44,4,1,49,530
OK go through the instructions again Damocles because it sure looks dangerous to me,44,4,1,49,530
"""Speed up or I'll cut it short"".",43,6,0,49,530
"Lastly, Your Majesty, the FTC is recalling all dangling over-sized daggers. Something to do with 'faulty rope.'",43,6,0,49,530
"The origins of the phrase, ""I've got your back.""",45,2,2,49,530
"Sire, it says here that The Pen is NOT mightier than The Sword",44,4,1,49,530
Your name on it? In huge letters. In Gold? Sure.,43,6,0,49,530
So you're telling me they're recalling the rope?,44,4,1,49,530
"Your bagel order, Sire - sliced or unsliced?",43,6,0,49,530
This decree thereby declares thee the king of the powerpoint.,44,4,1,49,530
"King Dionysius: ""What has the oracle written this time?"" Damocles: ""She says the same danger you are experiencing will occur again two thousand four hundred years from now in an as yet undiscovered nation called USA.""",44,4,1,49,530
"The nobles say, 'Wait. Everything will be fine.'",44,4,1,49,530
"Your majesty, your chief rival says he has a magic pen that will best your sword.",43,6,0,49,530
Your majesty this letter from the queen clearly states that the big sword is missing,45,4,1,50,530
The renovation is nearly complete Damocles.,45,4,1,50,530
"You don't look any different, my king. Perhaps it means something different in America.",45,4,1,50,530
The royal compensator.,44,6,0,50,530
It has a warranty that runs out in the first week of November.,44,6,0,50,530
Hear me out my King. I'm only going to say this one time!,45,4,1,50,530
"""The sword the body wounds, sharp words the mind."" -- Menander",44,6,0,50,530
Hear ye! Hear ye! Bidding is up to $2 million for this piece of junk.,44,6,0,50,530
I saw an infomercial on TV and just had to have it!,45,4,1,50,530
"Intelligence from the colonies, Sire. No, nothing here on independence...",46,2,2,50,530
"The Tax Collector says you're NOT exempt, Sire.",45,4,1,50,530
"Still no reports of the royal sword ""making up for something.""",45,4,1,50,530
"Your majesty, the King of Clubs has requested your presence with 3 Queens.",44,6,0,50,530
They say it's payback for the dinner prank yesterday.,44,6,0,50,530
"According to this week's Gallop, the clear choice of the people is Off with His Head.",44,6,0,50,530
"and in conclusion, we art quite pleased yond thee couldst s'rve as temp'rary monarch f'r our humble  kingdom h're.",44,6,0,50,530
"A Lord Roosevelt has filed a copyright infringement action against you, something about speaking softly but carrying a big stick.",45,4,1,50,530
"You know what they say, big hands, big....",45,4,1,50,530
Mightier than the sword.,44,6,0,50,530
"Here ye, hear ye, Ye Big Cheese is about to be cut . . . er . . . dubbed .",44,6,0,50,530
"Undoubtedly, there is some meaningful, philosophical point being made here, but I'm afraid it's all Greek to me.",45,4,1,50,530
"January 20th, Sire.",44,6,0,50,530
"In exchange for running for Vice President, Mr. Trump promises HUGE rewards. Simply fabulous benefits. Really, really good stuff.",45,4,1,50,530
"Sire, your doubling of taxes has led your subjects to believe there's been a doubling of kings.",46,2,2,50,530
"Ummmm, yeah, it's another beautiful day in the neighborhood.",44,6,0,50,530
"OK, I'll read that back you... 'The word compensate shall be stricken from the kingdom'",45,4,1,50,530
The results are; The sword is properly placed.,44,6,0,50,530
Your Majesty I have bad news about this years projected budget deficit.,45,4,1,50,530
This is way better than the sword of Damocles!,46,2,2,50,530
There's some focus group rumbling over the militarization of the royalty.,45,4,1,50,530
King Abramovic. The museum requests that you end your charade of peril.,44,6,0,50,530
Priority Mail from Dionysius!,46,2,2,50,530
"...and finally, if you need to go to the bathroom, you need to take the sword with you.",44,6,0,50,530
I take that as disapproval of the proposed sliding pay scale.,46,2,2,50,530
"Don't worry, it falls on 99% of the people",45,4,1,50,530
"Of your own volition, you sought the office; the Sword of Damocles is held at your voters' discretion.",44,6,0,50,530
"Curious how today's petitions were all submitted in writing, Your Highness.",46,2,2,50,530
"A list of demands from the anarcho-syndicalists, your majesty",44,6,0,50,530
I think this one's a no-brainer: Damocles wants his sword back.,44,6,0,50,530
"I don't see a point, here.",44,6,0,50,530
It was an original idea by Melania Trump.,45,4,1,50,530
"I still think that the ""fluffy kitten of Damocles"" will play better with the electorate.",45,4,1,50,530
Do you feel a draft?,44,6,0,50,530
"Your Highness, may we start with the adjustments you have eluded to in your will ?",44,6,0,50,530
"We, "" The People"" get the point. We find this type of symbolism redundant.",45,6,0,51,530
"Sir, we cannot seem to locate Damocles anywhere in the kingdom.",46,4,1,51,530
"""...and as bestowed by Emperor Ginsu"".",45,6,0,51,530
We tanked in the primary.,45,6,0,51,530
The colonies are asking to return,46,4,1,51,530
"Your lordship, ""The Sword of Damocles"" watches over you, so don't look up!",47,2,2,51,530
"Mr. Damocles has a, uh, minor aesthetic request.",46,4,1,51,530
Dionysius sends his regards. Stay as long as you want.,46,4,1,51,530
"It's from Cruz the Hun. The message reads; Dear King Donald, In response to your plea for the Party's unity behind you, GO S-WORD YOURSELF.",46,4,1,51,530
It's supposed to be the melon-baller of Damocles.,46,4,1,51,530
"I see the problem. How big is your foot, your majesty?",47,2,2,51,530
"Excuse me your Highness, your Royal seismologist said there is a 60 percent chance of a very strong quake within the next 24 hours!",45,6,0,51,530
There's a one-year warrantee on Valyrian steel,46,4,1,51,530
We all have one. Bigger job bigger sword.,46,4,1,51,530
"....in the event your do not perform your duties of your reign, well.....",45,6,0,51,530
The last person to sign out the scissors was one Donald Trump...,46,4,1,51,530
It incentivizes. We bought it on line.,46,4,1,51,530
"I'm sorry, Sire, but according to the contract with Damocles, the sword is non-returnable.",46,4,1,51,530
"Oh, and a message from Merlin, “Don’t stand up too quickly”",45,6,0,51,530
"Sire, there *is* one last codicil in the tontine... ""chew softly.""",45,6,0,51,530
"Sword? I don't see any sword, Sire.",46,4,1,51,530
"You know what they say about a big sword, right?",45,6,0,51,530
"Your Majesty, we're swapping out the Big Dagger in the cloud with Big Data.",45,6,0,51,530
He says he's coming to pick up his sword and he doesn't like kings.,46,4,1,51,530
"In conclusion, your majesty, I am happy to report that, in the wake of our ink embargo, the enemy’s ballyhooed ‘pen’ technology is no match for our tried and true ‘sword’ technology",46,4,1,51,530
Winter is here.,46,4,1,51,530
"Damocles, unbalanced!",46,4,1,51,530
This next message brought to you by Damocles...,46,4,1,51,530
It's a razor blade promotion. You get all the royalties.,46,4,1,51,530
"Sire, your subjects object to the new punishment for jaywalking.",46,4,1,51,530
"Text from Damocles: ""Humble thanks for last night's feast. Did I, by any chance, leave my sword behind?",45,6,0,51,530
And Damocles says further........,46,4,1,51,530
Odds Bodkins! That's one odd bodkin!,46,4,1,51,530
"Three- We, the peasants, find your so-called 'magical powers' to be laughable.",46,4,1,51,530
...and one half of the castle.,46,4,1,51,530
But the royal focus group ranked it higher than anything for use in your coat of arms.,46,4,1,51,530
"It is written that an evil King who shows no remorse at all shall... Sorry King, did you know that a gift came with this note?",45,6,0,51,530
It didn't pass the fire code.,47,2,2,51,530
"Live under the sword, possibly die under the sword or move one's throne! That is the question.",46,4,1,51,530
Kingdom's Got Talent - Season 1,45,6,0,51,530
Headline: Insurrection Imminent.,46,4,1,51,530
Sir - It says beware of the Gordian Knot,46,4,1,51,530
The sword is mightier than the word!,46,4,1,51,530
"Pursuant to your directives on budget pressures, Your Highness, the sword will now hang by a thread, and I am directed to occupy the throne.",45,6,0,51,530
And at 4pm Prince Hamlet arrives for brief home visit.,45,6,0,51,530
"Sire, the coalition for the pen requests your attention.",46,4,1,51,530
"Yep, you're dying.",46,4,1,51,530
"Sire, a Mr. Donald Trump says he is envious of your great fortune and hopes he may someday enjoy such magnificent wealth and power.",45,6,0,51,530
"The stars say 'pride goeth before the fall',sire.",45,6,0,51,530
Tonight's dinner menu better include brussels sprouts. No pressure.,45,6,0,51,530
"Bad news sire, King Dionysius has rejected your purchase order for a pen.",46,4,1,51,530
"From this day forward, your piece of Roast Beef shall be named the ""King's Cut"".",45,6,0,51,530
"What do you mean, ""Can you be my vice-president""?",46,4,1,51,530
And you shall be King forever...oops!,46,4,1,51,530
Quelle surprise; what fresh hell is this?!,45,6,0,51,530
"The ""Excalibur Matters"" people are planning on dropping in and are calling for your head!",46,4,1,51,530
....and a Mr. Edgar Allen Poe says that you are the inspiration for his new story involving a pit and a pendulum.,45,6,0,51,530
"Yes sire, I'll rush this summon to Damocles.",45,6,0,51,530
"Confirmation, your highness... it is perfectly balanced.",45,6,0,51,530
"Your Highness, as requested, your special sword has been installed for your protection",38,5,0,43,530
"I BEG YOUR HIGHNESS TO RECONSIDER, THE PEOPLE ARE NOT PLEASED WITH YOUR DECREE OF CANCELING , POKE MON' GO . . .",48,2,2,52,530
Mr. Mankoff writes that you will understand the sword online in the August 1st issue.,47,4,1,52,530
"No worries, you have second amendment coverage.",47,4,1,52,530
"AND I SAY ""THE PEN IS MIGHTIER THAN THE SWORD""",46,6,0,52,530
"Fuck Trump, tho.",47,4,1,52,530
"A new quatrain from Nostradamus, ""In the year of the Great Trumpius; A contest with great reward; Remembered will be the perils facing the mighty Dionysius (hey, that's you!); But credit given instead to the gadabout Damocles (wtf!?!) and the sword.""",48,2,2,52,530
Pokemon Go during medieval times,48,2,2,52,530
Something's been weighing on me,47,4,1,52,530
"Your Highness, the Kingdom of Feloria would like to negotiate a treaty to deescalate the arms race.",46,6,0,52,530
It's from your publisher. He says your proposal isn't sharp enough.,46,6,0,52,530
"I'm sorry your Majesty, it was the French fries that were to be ""super-sized"".",47,4,1,52,530
...and his reign introduced 'cutting edge' ideas and practices...,47,4,1,52,530
There's seem to have been a typo in the plans sent to the smith.,46,6,0,52,530
According to the tarot you're an air sign,47,4,1,52,530
Proving the law of gravity at the center of gravity.,46,6,0,52,530
"Sire, the giants have declared war...and your mother wants her sword back.",46,6,0,52,530
"OHSA just wrote a memo, that it is NOT advisable to have a large knife over your throne.",47,4,1,52,530
I will sword it out.,48,2,2,52,530
"...in conclusion, all items can now be shipped in two days.",48,2,2,52,530
"My lord, the blacksmith says he shall not remove thy dagger until thou hast provided thee with a pension.",46,6,0,52,530
Thou shalt need a bigger throne room!,47,4,1,52,530
I like the pinata party idea. Got all my enemies on your invitation list?,46,6,0,52,530
They claim that it is for opening something called the Magna Carta.,47,4,1,52,530
Damocles says you've already made your point.,46,6,0,52,530
"In response, he sends his giant, to challenge your champion in a game of mumblety-peg.",47,4,1,52,530
"Yada yarda yarda, get to the point already",47,4,1,52,530
"The oversized fork does come in bronze however, perhaps a better solution would be to reflect on ones obsession with size...",47,4,1,52,530
This castle was once owned by Goliath,46,6,0,52,530
King Solomon died as he lived.,47,4,1,52,530
"It's from Angry Green Giant, says he's changing his name.",47,4,1,52,530
And always remember to speak softly and carry a big knife.,47,4,1,52,530
His Highness has decreed that The Sword of Damocles shall be removed until further notice,46,6,0,52,530
Bad news; Brussels needs the sword back.,47,4,1,52,530
"Sire, I know you have a lot over your head but Trump is the GOP's candidate.",47,4,1,52,530
"Ok Emperor, that's get some new clothes, polish your scepter and return this sword for a big one.",46,6,0,52,530
The Queen reports that her time in the country has served her well.,46,6,0,52,530
"Sorry, Your Highness, but it's right here in paragraph five of the Trump licensing agreement.",48,2,2,52,530
"Your majesty, I bring news that the knife-releasing ceremony will happen tomorrow at precisely 3 o'clock pm.",47,4,1,52,530
"For splitting hairs over key issues, we sentence ...",46,6,0,52,530
"Your Hugeness, Little Damocles officially withdraws his pretense to the throne.",46,6,0,52,530
Total power trip.,46,6,0,52,530
Damocles is outside.,46,6,0,52,530
"….and so, as your long suffering Royal advisors, we conclude by informing you that 50 years ago we were not really sincere when we said “Long live the King!”",46,6,0,52,530
"Sire, your Knights at Arms state that their arms are not strong enough for your new arms.",46,6,0,52,530
The Council has decreed it essential that no ruler should feel at ease in his position. And since it's too late to re-design the throne itself....,47,4,1,52,530
"Well, Roger, we'll just have to get a bigger stone then - won't we.",46,6,0,52,530
"And lastly, Martha Stewart said 'this is how Donald Trump has one hanging in his house.'",46,6,0,52,530
"But sire, the 15% discount at Costco was only valid for the ""Giant Longsword.""",47,6,0,53,530
"...And furthermore the contract states that the uttering of the phrase ""Out, out, damn spot"" shall have no bearing on the outcome of said apparitions, real or imaginary...",48,4,1,53,530
The king says the decoy program is all the more important while he's out investigating all these pesky earthquakes.,40,5,0,45,530
"Your proclamation reads as follows "" all who oppose the King will be given the Sword of Damocles test"".",42,3,1,46,530
How much wood would a woodchuck chuck if a woodchuck could chuck wood?,42,3,1,46,530
And the Tinker will be here at 10 today.,41,5,0,46,530
Damocles? Just ask the Wall Street boys--it's purely decorative.,41,5,0,46,530
Pepperoni or sausage?,41,5,0,46,530
"I, Damocles the Magnificent, do hereby declare that the laws of gravity . . .",42,5,0,47,530
"Today on Medieval Shark Tank, an economic solution to beheading",42,5,0,47,530
The results are in Your Highness. Your successor is Donald Trump.,42,5,0,47,530
"Arthur means war, your Majesty. We're going to need a bigger sword.",42,5,0,47,530
"Damocles, need I say more sire",42,5,0,47,530
Ye will dispose of ye WMD or face a thousand years cold war.,43,3,1,47,530
The small council recommends you use the pointy end.,42,5,0,47,530
"However, should the council decide to severe ties to the monarchy ...",42,5,0,47,530
"Henry Tudor pronounced you guilty of treason, but the weight of the sword will make the final decision!",43,3,1,47,530
Medical Times regrets to inform you that the guests did stay for the piñata.,43,3,1,47,530
....being the principal reason that most of your subjects resist coming before you to pledge their allegiance.,44,3,1,48,530
"Damocles, Sir! You can Thank Cicero",43,5,0,48,530
"And lastly king Dionysius, Damocles sends his regrets",43,5,0,48,530
"So you said, ""I will build a great wall."" Bad idea.",44,3,1,48,530
"By royal proclamation, throne rooms shall be made safe again",44,3,1,48,530
You mean there's more to the expression,43,5,0,48,530
"Damocles, you can thank Cicero for the allegorical gift.",43,5,0,48,530
"THE SURGEONS ARE READY FOR YOUR SURGERY, SIRE.",44,3,1,48,530
"O Mighty King, a belated message from thou Secret Service...",43,5,0,48,530
Is the spelling of your name P-E-N-C-E?,44,3,1,48,530
"...And thus my lord, I have spake my first filibuster.",44,3,1,48,530
"It says, 'A dagger for your thoughts, Sire?'...and if I might be allowed to refresh his Majesty's recollection, Sire, I am but the messenger.",43,5,0,48,530
Doctor Damocles called--he said your valium prescription has expired.,43,5,0,48,530
"So saith he: 'I shall assume the throne and build a wall. And it shall be truly, truly awesome.'",43,5,0,48,530
Dionysius says hi.,43,5,0,48,530
"Your Majesty, it appears thou art on Mrs. Clinton's hit list. Thou may want to switcheth allegiance.",45,1,2,48,530
...one more thing your Highness. Your moon is in Scorpio today and that is generally considered to be an icky thing.,44,3,1,48,530
The Congressional Democlese will block your budget request for sword suspension improvements unless you abandon your line item request for tax cuts for the top one-percent.,45,1,2,48,530
"Your reign is up, Highness. Lord Trump has staged a coup.",44,3,1,48,530
This letter says you need to pay Damocles now or else he'll release it from the suspense account.,44,3,1,48,530
"Sire,we the people are tired of your histrionics.",44,3,1,48,530
"Sooner or later, lover or hater.",35,4,0,39,530
All you soothsayers are all alike-is there one in this kingdom that doesn't predict upcoming doom or calamity?,44,5,0,49,530
"It's a pain now, but I promise you'll be an immortalized as an overused cliche in no time flat.",44,5,0,49,530
You already know this but confirming that the final cut is the hardest one!,45,3,1,49,530
I am pleased to report your Heiness' approval rating has reached 100%,44,5,0,49,530
"if king kong storms the castle, we're ready.",44,5,0,49,530
"They say that ""Game of Thrones"" is not a reality show, and, no, they are not accepting applications for contestants.",44,5,0,49,530
"In summary, 'Cicero sucks.'",45,3,1,49,530
Houdini will arrive tomorrow.,44,5,0,49,530
Are you sure there's nothing else you need from the hardware store Lord Damocles?,44,5,0,49,530
"Your Majesty, another dozen cows have been located so the sheath and shield will be completed shortly.",44,5,0,49,530
Two problems: 1. We can not move the sword to Cleveland; and 2. I am the King.,45,3,1,49,530
We now appoint you as the King of Spades!,45,3,1,49,530
"Sorry boss, but the only other options were knife, rock, and club of Damacles.",45,3,1,49,530
This way I don't get the point. But maybe that's the point.,45,3,1,49,530
He says he won't be your heir unless you get rid of the Sword of Damocles.,45,3,1,49,530
Long live King Damocles the First.,44,5,0,49,530
He says it's too big for your bris.,44,5,0,49,530
"Your Majesty, polls still show you in a dead heat with Sir Beaver the Cleaver.",44,5,0,49,530
"The other king would simply like to know, for what this obsession with castration?",45,3,1,49,530
The way justice isn't served.,45,3,1,49,530
"Your Majesty, how would you like me to rate your your DIY Booby Trap™ experience?",44,5,0,49,530
"Don't worry, your highness, just another petition from the guild for castle maintenance.",45,3,1,49,530
Still no cake large enough to cut your Highness...,45,3,1,49,530
"So? Damocles had small hands, too.",44,5,0,49,530
I'm ready for my circumcision now.,45,3,1,49,530
"No, I'm not sure the whole point of this either Damocles but for some reason Dionysus the Second just told me to tell you not to look up...",44,5,0,49,530
... and your subjects complain the whale sushi is not what it was.,45,3,1,49,530
Others feel there's a simpler way to deal with your limp.,45,3,1,49,530
There's a little something hanging over your head.,45,3,1,49,530
They also complained about your exclusive amenities.,44,5,0,49,530
"Uh, no, your sire, I don't know how they balanced it?",44,5,0,49,530
That's the benefit of a single party system!,44,5,0,49,530
How about cutting a long story short. Do I get the point?,44,5,0,49,530
Your loyal subjects chose to leave their taxes at the gate rather than pay in person!,45,3,1,49,530
"...in recognition of your undubitably large hands, yours sincerely, Dionysius.",45,5,0,50,530
"Mr. Damocles, your driver, can't make it in today because of illness.",46,3,1,50,530
I got a deal on it,45,5,0,50,530
And your presence is requested at this year's crumpet cook-off.,46,3,1,50,530
"Your minions have risen up against you, effective immediately!",46,3,1,50,530
"As you requested, Dionysius has been found vacationing at the beach and is now returning here.",47,1,2,50,530
"The occupants of the dungeon suggest that with the price of scrap metal up, this might be a profitable time to recycle THE knife.",45,5,0,50,530
The Legend of Sir Filibuster.,45,5,0,50,530
And inform your leader that he has nothing at all to fear from our nuclear deterrent.,45,5,0,50,530
"Sire, as the Risk Management advisor to the throne, I summize that this policy presents a two-edged sword.",45,5,0,50,530
"""I dagger, uh, digress, yes, digress is what I mean . . . .",45,5,0,50,530
Scrolling for a monarch's butterfly knife.,45,5,0,50,530
"""In conclusion, the pen is mightier than the sword."" Signed, Donald Trump",45,5,0,50,530
"I, your humble subject, who drew the short straw, beseech you sire,...",46,3,1,50,530
Her majesty declines to be a drama queen.,45,5,0,50,530
The Alchemy Department wishes to report that in order for the dagger to remain in equipoise the handle must be made of negative matter.,46,3,1,50,530
It's a note from Prince Damocles: Hey Dad! Where do you keep the garden shears?,46,3,1,50,530
"Beneath the rule of great men, the pen is still mightier than the sword.",46,3,1,50,530
I'm with her,46,3,1,50,530
The Swords Section of the Society of Literary Allusions will meet solstice morning in Camelot.,46,3,1,50,530
"Your highness, Gulliver regrets he told you of the Sword of Damocles and now wants his knife back.",46,3,1,50,530
"Boil two hearts of serfs,one dragon tooth and half a king then stir slowly.",47,1,2,50,530
"Can you get me in touch with the ""Honey, I Shrunk the Kids"" guy?",45,5,0,50,530
"""Dammit Cleese, speak up! What was that about a sword?",46,3,1,50,530
"This is more than just ‘stare daggers’, isn’t it?",47,1,2,50,530
Damocles has some serious sword envy.,45,5,0,50,530
"And lastly, from a Mr. WmS, ""Exeunt left. Forthwith.""",45,5,0,50,530
"Well, Macbeth's vision has been going lately.",46,3,1,50,530
"your Holiness, you are supposed to be reclined for this chapter.",46,3,1,50,530
"IKEA swords hang that way, Damocles",46,3,1,50,530
"I hereby proclaim a kinder, gentler kingdom.",45,5,0,50,530
"Your Majesty's nobles are pleased that you have promised them ""a cut of the spoils.""",45,5,0,50,530
"Dear Sire. If you do not give 50,000 ducats to this loyal servant you will be cut off from your kingdom.",45,5,0,50,530
"The people reject your request for a private ""slip and fall"" on the sword.",45,5,0,50,530
Don't act like you're not impressed.,45,5,0,50,530
"'Is this a dagger which I see before me?' 'A weapon has no name, Your Majesty.'",45,5,0,50,530
"Damocles, henceforth you will sit under my knife.",45,5,0,50,530
How many S's in 'Damocles'?,46,3,1,50,530
"I can't quite make out who sent it, sire. Might be Dammit?",45,5,0,50,530
The sword is mightier than the scribe.,46,5,0,51,530
Damocles hereby requests the return of his sword.,47,3,1,51,530
"By decree, His Royal Highness replaces the current sword with one of augmented reality.",47,3,1,51,530
"Your Highness, the bank is foreclosing on your empire.",47,3,1,51,530
A trial by dagger shall determine your highness's guilt or innocence!,46,5,0,51,530
It says thank-you for spearheading the new tax plan enjoy your new decoration. Sincerely The Chopacockoffs.,47,3,1,51,530
"...Sincerely, the Ace",46,5,0,51,530
"If it's all the same to you, I'd just as soon do my own editing.",46,5,0,51,530
Dionysius proclaims he is going to be 'down the shore' for a couple extra weeks. He says enjoy the throne.,47,3,1,51,530
This is a gift form the King of Damocles. He signed - With all my best wishes!,47,3,1,51,530
The people wish to know when dost thou expect the dragon.,46,5,0,51,530
"It's a royal execution, sir.",46,5,0,51,530
"In other news: King remains oblivious to immediate threat. ""Don't blame us"", says head of Messenger's Local 198.",47,3,1,51,530
"King Dionysius, the prop department respectfully apologizes for their incorrect positioning of the sword.",48,1,2,51,530
Make sure that Hillary understands that I don't like losing.,47,3,1,51,530
"And in closing, Mr, Poe hopes you like his token of appreciation for your kind remark regarding his work, The Pit and the Pendulum.",46,5,0,51,530
We further demand...,47,3,1,51,530
And the specials for tonights are...,47,3,1,51,530
Damocles sends his regards and asks...,46,5,0,51,530
Damocles cancelled once again.,38,4,0,42,530
The Smaug turkey is ready for carving sire,49,3,1,53,530
... and your official motto will be Speak Softly and Carry a Big Stick.,39,4,0,43,530
Your Queen says she appreciates hyperbole but begs you to stop using your words like giant daggers.,41,0,2,43,530
... and this is the updated 'Sword in the Stone' user interface...,39,4,0,43,530
"Your Majesty, The People shall soon speak.",39,4,0,43,530
We should have the bugs out of the guidance system in a month or so.,40,4,0,44,530
"The warehouse responds: “Rope is backordered, would you like a parasol?”",41,2,1,44,530
We've sent your regrets for the Lean In event.,40,4,0,44,530
The council also wants you to make budget cuts in a big way,40,4,0,44,530
You're positive that this Damocles guy was a protégé of Warhol's?,41,2,1,44,530
I'll take the throne so move out. No one knows horse hair like I do,40,4,0,44,530
"Damocles ends by saying ""rule by your conscience.""",40,4,0,44,530
A message for Sir O. Verr Kompensate...,41,4,0,45,530
"And after dinner father, Mariah Carey will be here to perform her rendition of ""Lovin' You""",41,4,0,45,530
"The queen say; ""For this is the last thing you shall ever hold over you""",41,4,0,45,530
"Have you considered augmentation of your Highness' income by placing an advertising slogan on Excalibur, your grace?",42,2,1,45,530
Zorro sends his regrets.,42,2,1,45,530
"O.K, Fool! Get to the point.",41,4,0,45,530
This official scroll announces that Damocles is now a giant Benihana steak chef.,42,2,1,45,530
PS: It seems you have a rather loose handle on the throne.,42,2,1,45,530
"Oh yep, you did originally say ""Giant Knight.""",42,2,1,45,530
And lastly king Sanders the Dorne nominating committee says the rope is fine.,41,4,0,45,530
It was the best of times. It was the worst of times...,43,2,1,46,530
"Sire, it indicates that support system is 10 years out of warranty.",42,4,0,46,530
lol u have gotta be kidding me rn w/ this,42,4,0,46,530
"Damn, Damocles.",43,2,1,46,530
Dionysius says he'd sooner have his perilous throne back right now than spend one more minute slumming it amongst the great unwashed.,42,4,0,46,530
"Gosh darn, still can't find the fine print.",42,4,0,46,530
"Yes, Mr. Macbeth. That's exactly what it is.",42,4,0,46,530
Don't worry... It's just CGI.,42,4,0,46,530
"Damocles, with great fortune and power comes also great danger.",42,4,0,46,530
"When the Pied Piper of Hamlin was in my position, he led everybody, including the king to their deaths!",42,4,0,46,530
Apparently it was left over from the Iron Throne.,42,4,0,46,530
The King asks Damocles not to soil his robe on the way out.,42,4,0,46,530
"Mr. Dionysius, sir, my contract clearly states that I get a fifteen minute break every two hours... With your permission I'd like to take that right now.",42,4,0,46,530
People want to know how you intend to restore law and order.,42,4,0,46,530
"Oh yea, oh yea, my dearest, smartest, most fearless King Dionysius: I, Damocles your humble courtier, do wish to clarify a comment made in haste. I was just messing with you last week. I have no interest in being king. It's all good. Really.",42,4,0,46,530
. . . sort of what?,42,4,0,46,530
"On the negative side, Lord Damocles, the amount budgeted for horse hair is woefully insufficient.",42,4,0,46,530
Say the secret word and the sword will come down.,42,4,0,46,530
"Not ""this"" sword.",43,2,1,46,530
"And lastly King Dionysius, Mr.Trump sends his regrets.",43,2,1,46,530
How the guillotine was invented,44,2,1,47,530
"I suggest taking out the part that says ""in a spirit of mutual respect and cooperation.""",43,4,0,47,530
"Dear King, My brother thinks it would be funny if the knife fell on your head. Your Loyal Servant, Jordy",43,4,0,47,530
"The enemy is at our gates, but you do not have to worry much longer!",43,4,0,47,530
"Oh yeah, Oh yeah... Oh crap!",43,4,0,47,530
"Do not kill the messenger, huh Spencer.",43,4,0,47,530
hey bro,44,2,1,47,530
"Sire, someone named Crowdsourcing asks you grant them a royal seal of approval to raise funds for a maker of improved thread.",44,2,1,47,530
Looks like your annual sharpening is due.,43,4,0,47,530
I've got good news and I've got good news....,43,4,0,47,530
"It says, ""Move your chair two feet forward, dear Scorpio"".",43,4,0,47,530
"Sagittarius, right?",43,4,0,47,530
"...And furthermore, we make one this size in hopes that we will never have to use it. How's that?",43,4,0,47,530
We asked them to be extra careful with the pick-up.,43,4,0,47,530
You are hereby sentenced.,43,4,0,47,530
"Oh mighty King Dionysius, your humble Hebrew subjects beseech you to beat that big sword into a plowshare.",43,4,0,47,530
"Your Highness, it is your turn to cut the deck.",43,4,0,47,530
"Of course it's horrible that these people are threatening you, sir, but I'm much more curious about how large the stone must have been.",43,4,0,47,530
"The enemy has responded, your highness, and he says: ""Touché!""",43,4,0,47,530
Your Majesty; due to the unreconcilable divide in your kingdom it is advised you cut your overhead and seek the high middle ground.,43,4,0,47,530
There's a policy revision from your insurer Damocles Associates requiring your attention.,43,4,0,47,530
"Lastly, it says that you will die the same day I do.",43,4,0,47,530
"I agree, it should be sharper.",43,4,0,47,530
"Let me read this back ""I Damocles, being of sound mind and body......""",43,4,0,47,530
"I've checked the figures....there's only one missing, sire.",43,4,0,47,530
99 bottles of beer on the wall 99 bottles of beer...,43,4,0,47,530
"Welcome to the throne, King Henry CCVII. Despite the recent rash of accidents, the council of nobles has decided not to increase the rope budget.",43,4,0,47,530
"Jamie Lannister sends his regards, My Lord.",43,4,0,47,530
Left! Right! Left! Right!! All they could agree on was that it had to be BIG.,43,4,0,47,530
And now for the store of Damocles sword.,43,4,0,47,530
Hear Ye! Hear Ye! A reward of one crown shall be paid to the descendants of anyone foolish enough to find the missing dagger.,44,4,0,48,530
I like it. But tell the speech writers I want to close with: ‘A steak. A steak. My kingdom for a YUGE! steak.’,45,2,1,48,530
And the next man to be knighted is the BFG.,45,2,1,48,530
"Dear Sameocles,",44,4,0,48,530
"Your majesty, due to budget problems we may not be able to repair the rope above you.",44,4,0,48,530
The next item presents a unique opportunity for your Majesty to join the latest innovation in shave clubs.,44,4,0,48,530
Its a letter from HBO...heeeeeyy how about we stretch out legs your majesty.,44,4,0,48,530
"Its for a really big, bad messenger.",44,4,0,48,530
"Sire Damocles, just arrived is an urgent message from the king: your gig is up.",44,4,0,48,530
My lord wishes to express sharp dissent...,44,4,0,48,530
Aardvark. Aardvark. Aardvark. Aardvark. . .,45,2,1,48,530
Be it known that His Majesty is now the sharpest knife in the drawer.,44,4,0,48,530
BOY IF U DONT GET OUT THE WAY!!!!!!!!!!!! BOY I SHIT,45,2,1,48,530
The original suicide King.,44,4,0,48,530
The National Bow Association demands that you not ban high-capacity quivers.,44,4,0,48,530
The Jester School called...they've run out of candidates for our job opening!,44,4,0,48,530
"Signed, The Royal Council of Equity Market Short Sellers",45,2,1,48,530
Here's the Act 2 challenge of Reality TV Macbeth.,45,2,1,48,530
The good news is that two of you will rule the land twice as well.,44,4,0,48,530
'Have you chosen a running mate? ',44,4,0,48,530
"...hope you enjoy the gift, signed...King Othello.",44,4,0,48,530
"Etcetera, etcetera, etcetera, etcetera, and that's it.",44,4,0,48,530
"Your doting brother, Prince Ferdinand, humbly entreats you to put down the sword and divide the realm, so to speak.",44,4,0,48,530
"There was some minor grumbling, but the merchants will accept the new tributes.",44,4,0,48,530
Got my point!,44,4,0,48,530
Lo and behold!...,44,4,0,48,530
"sire, Damocles respectfully suggests you do some serious rethinking before November.",44,4,0,48,530
"Hear Ye! Hear Ye! Bragging about your big ""sword"" may not have been such a good idea!",45,2,1,48,530
"The ancient scroll says ""thou shall serve until the knife falls.""",44,4,0,48,530
"But, Your Majesty, killing the messenger will not make your kingdom great again!",44,4,0,48,530
"It shall be hereby proclaimed that it IS the size of the boat, and not the motion of the ocean.",47,0,2,49,530
Jack the Giant Killer wants his sword back.,46,2,1,49,530
"... And there's broad scientific consensus. But popular pundits and several polls indicate it is a dagger of the mind you see before you, so don't sweat it.",45,4,0,49,530
May I suggest skipping the baked Alaska.,45,4,0,49,530
"We're running out of L's, X's and V's my Lord.",45,4,0,49,530
I put two words together to define your reign. The first word is Bull.,45,4,0,49,530
He says it is augmented reality hangman with a twist.,46,2,1,49,530
"For the horsehair, he says wash, rinse, repeat. No blow dry.",45,4,0,49,530
I do not see these problems as a threat.,46,2,1,49,530
"Yes Sire, Goliath's sword is on the spoils of war list.",46,2,1,49,530
"A gift from Troy, for the birthday piñata the Greeks sent you, they say.",45,4,0,49,530
"Highness, Damocles can't make it for dinner.",45,4,0,49,530
"Oh great king, due to a slight clerical error thine mighty sword doth wield much great anger and might, much greater in fact than the original specifications called for.",46,2,1,49,530
How could you possibly send the CGI guys to lunch now?,45,4,0,49,530
"Sire, it appears the robe makers guild is in rebellion!",46,2,1,49,530
"The people are demanding more walls, Sire",45,4,0,49,530
Since you refused our horse...,46,2,1,49,530
It does not fit in my pocket.,46,2,1,49,530
That you work hard for what you want in life;that your word is your bond....,45,4,0,49,530
"...and, if Your Majesty ever farts in court, your nether regions will be cut asunder.",45,4,0,49,530
"Basically he says he thought this was going to be more of a short term switch. Blah, blah, blah. He'd like to have his power back.",45,4,0,49,530
It's to be a constant reminder that circumcision will always be allowed in England!,46,2,1,49,530
The Queen thought this way whoever replaces you only loses his legs.,46,2,1,49,530
""" Your excellency, I'm rereading the instructions for hanging a sword overhead, but I'm still not entirely clear on anchoring and support.",45,4,0,49,530
Mirabiliter et extremum auriculae sunt aequalia.,46,2,1,49,530
"But Sire, the rope came with only a 30 day warranty.",45,4,0,49,530
This is not the knife your family wished you to go under!!,46,2,1,49,530
Let the pokeman games begin!!!!,45,4,0,49,530
"And so the script goes, ""and this can be yours, if the price is right.""",45,4,0,49,530
,45,4,0,49,530
Dear King Damaclease...,46,2,1,49,530
The majesty should not pay any attention to objects hanging from the palace ceiling.,45,4,0,49,530
The royal taster would like to trade jobs for a day.,45,4,0,49,530
I am hoping they are referring to my sense of humor,45,4,0,49,530
"""And finally Your Highness, the Big Guy beseeches you to reject our enemy's 'Death by Limbo' challenge.",45,4,0,49,530
take your time. i won't feel a thing.,45,4,0,49,530
"Sire, Damocles has declined your offer to also try sitting upon this throne.",45,4,0,49,530
New rules for Pokémon Sword Dangle: Cut the cord/Sit still/ Deal the cards.,46,2,1,49,530
You think your sword is so mighty,46,2,1,49,530
"As the palace accountant lists the monthly expenses, Dionysius regrets ordering such a large sword for his little experiment.",46,2,1,49,530
Sir Williamsbury would like to offer his majesty big props on your latest military campaign.,46,2,1,49,530
His majesty decrees a new start-up! Shilling Shave Club.,46,2,1,49,530
A certain Damocles has sent an inquiry on HomeExchange.com.,47,2,1,50,530
dont be afraid im always open to new ideas,46,4,0,50,530
i want it to cut my dick off,47,2,1,50,530
They're threatening further action for non payment for the hanging dagger,46,4,0,50,530
Your decree to make the doorway wider will be obeyed,48,2,1,51,530
Damocles is sure he doesn't want to switch with you again.,39,3,0,42,530
Easy may lie the head that has become a lame duck.,39,3,0,42,530
"now do you believe that this sword has become very dull, my lord?",40,3,0,43,530
"The Thane of Brobdingnag will be in attendance, King Duncan.",40,3,0,43,530
"Wilkshire: 4 sheep, 3 chickens; Blackshire: 2 cows, 4 chickens; Upshire...",41,1,1,43,530
"Your Majesty TRUMP, your subjects are not impressed with your new defense system.",42,1,1,44,530
"Galahad writes he'll miss Thanksgiving this year, but that Lancelot can help you round out the table and represent the castle in the knife-throwing competition at the annual holiday talent show.",41,3,0,44,530
"Yes sire, Damocles says hello.",42,1,1,44,530
According the guidelines this does still count as a dagger before you.,41,3,0,44,530
The good news is GAME OF THRONES will be taking it's sweet old time to wrap up.,41,3,0,44,530
"Instead of the Sword of Damocles, it's the Dagger of Hamlet hanging over your head, King Claudius.",41,3,0,44,530
"""Welcome to Damoclesy, King Trump, and may the sword fall soon and save us all"".",41,3,0,44,530
The people seem to want their cake and eat it to Sire...So so sorry.,41,3,0,44,530
"Dear valued customer, due to the unforeseen popular demand of the QuillPen (r), we have a 6 week delay in your order. Please excuse any inconvenience.",41,3,0,44,530
"The King says, O brave Damocles, ""Don't bother me! I'm on the second green, and have a tricky downhill putt!""",42,1,1,44,530
Delphi is forecasting an earthquake,41,3,0,44,530
You were never circumcised.,42,3,0,45,530
"We demand that the ""Game of Thrones"" continue for at least another season.",42,3,0,45,530
"Sorry for the delay your majesty, here are the last 28 pages...",42,3,0,45,530
I call it the sword of Damotwitter.,42,3,0,45,530
And then the Big Mac called your son the little Whopper...,43,1,1,45,530
"It is henceforth decreed: on the eighth day, not on the eightieth year...",42,3,0,45,530
"Despite your attempts to appear funny, you still seem to have communication problems, but an ironic death could help you keep your name out there.",42,3,0,45,530
It's more comfortable than it looks.,43,1,1,45,530
...Well that should get you caught up on your favorite soaps...by the way if you don't get your fat butt off that throne soon you are going to be in a world of hurt...on a lighter note...all's well at the...,42,3,0,45,530
"Sire, I have the bid from the roofing contractor.",42,3,0,45,530
Mrs. Damocles accepts your invitation to spend the weekend with you.,42,3,0,45,530
Mr. Trump asks that you to remove the sword and replace it with a fog machine.,42,3,0,45,530
"Don't worry, its just a publicity stunt.",42,3,0,45,530
"Your bad credit is no issue, Dionysius. Here we have a our subprime option for you.",42,3,0,45,530
"The hair trumps the risk of breakage, given it's of no known natural material.",42,3,0,45,530
O King Damocles....,42,3,0,45,530
"Come what may, your Highness is a bold pioneer in the art of telesurgery.",43,3,0,46,530
"I'm afraid, Sire, that Brexit means Brexit.",43,3,0,46,530
We the people....appealing to the supreme judge of the world for the rectitude of our intentions......,43,3,0,46,530
. . .and nothing up His Majesty's sleeves.,43,3,0,46,530
"Isn't this ironic, dontcha think?",43,3,0,46,530
I've been informed he somehow survived the stabbing.,43,3,0,46,530
The steward wants to know if he can remove the invisible giant yet.,43,3,0,46,530
"""Section II, Article One: 'no souvenir of war shall be larger than actual size' Sir, your accomplishments should begin to speak for themselves"" - end -",43,3,0,46,530
Your majesty's late uncle's also refused to listen to the spinner's and sword smith's warnings about unfilial bribes they've been offered.,43,3,0,46,530
The plastic surgeon has accepted your job offer.,43,3,0,46,530
"Sire, I'm sorry, the Cincinnati edition was sold out, I had to buy you the real thing.",43,3,0,46,530
The people unanimously acknowledge Your Highness as winner of the bass sweepstakes.,43,3,0,46,530
"It's from the Philistines, they want Goliath's sword back.",43,3,0,46,530
"Anyone who may wield my new sword, Extracalibur, will dethrone me and become king.",43,3,0,46,530
"The Americans suggest you ""sue your architect or move your damned chair, loser.""",43,3,0,46,530
". . . and the King agrees to a generous, tax-free Grant to the Island known as 'Land of the Very Big' in exchange for immediate removal of their Scroll Opener!",44,1,1,46,530
"Inspired by the Trojan horse, the French realized they could easily cut the head, or rather, torso, off the snake.",43,3,0,46,530
"In this article they said, 'All sword no spunk.' which I thought was a bit much.",43,3,0,46,530
Your wife wanted to remind you as soon as possible that SHE told you to hang the pen.,44,1,1,46,530
Stand up for our cause!,43,3,0,46,530
Oh how I wish I were you...,45,1,1,47,530
“Merlin wishes you a swift and successful campaign your Majesty.” King Arthur falls victim to the Wizard's sense of humor.,44,3,0,47,530
About that Sword of Damocles...,44,3,0,47,530
"When it no longer pays to say anything nice, don't say anything at all.",44,3,0,47,530
"Good New Sir: 'Monarchy' is not polling a solid 15% above 'Democracy,' 25% over 'Socialism', and a full 40% over 'Peasant Revolt.'",45,1,1,47,530
"I Goliath being of sound mind, bequeath to you my sword.",44,3,0,47,530
"And finally, market experts assure your majesty there is no sword bubble.",44,3,0,47,530
The horse came from one of Donald Trump's stables.,44,3,0,47,530
The kitchen staff is requisitioning sharper knives.,44,3,0,47,530
I just thought I'd drop in.,45,1,1,47,530
"This decree states ""anyone Man enough to remove the royal Armour will win win 4 free tokens at chunky cheese"", signed, surely you jest !",45,1,1,47,530
"I'm afraid the tests confirm it sire, that is the Sword of Damocles.",44,3,0,47,530
No worries my lord! The cable company reversed that $3.95 movie charge.,44,3,0,47,530
..and what is the punishment for using 'their' incorrectly?,44,3,0,47,530
"We the people, in order preserve...blah blah blah, buffoon...blah blah...misogynist...Oh Donny Boy, you're fired.",44,3,0,47,530
Watch that the knife doesn't fall in November!,45,1,1,47,530
"I realize, my lord, that the entire kingdom's survival depends on your acceptance speech this evening, and I assure you that not a single word has been knowingly plagiarized.",44,3,0,47,530
Hear ye! Hear ye! Theft from the middle class shall be punished with the loss of one's hands by sword.,44,3,0,47,530
"I'm sorry, Sire, but you clearly wrote a (') instead of an ("") abbreviation.",45,1,1,47,530
"Sire, your son, the Prince, suggests to his Royal Father, that a role of paper towels hanging over the throne would be better, so said Damocles, his royal tutor.",44,3,0,47,530
"Your Highness, with this gift from your loyal subjects the glorious day is at hand when you will slay the dragon.",45,1,1,47,530
"My liege, the RNC wants its party back.",44,3,0,47,530
"Hail Caesar! No, wait.....wrong script!",44,3,0,47,530
"""Are you hereby endorsing this proclamation with good conscience!",44,3,0,47,530
""" Sir! It says here : ' Try not to think of a sword ' "".",44,3,0,47,530
The Donald or Hillary. Bad luck for you.,45,1,1,47,530
"Great, Please step closer.",44,3,0,47,530
"And, while once again pledging our loyal obedience, in eternal gratitude, we humbly beseech . ..",44,3,0,47,530
Adam Smith's giant is demanding a raise. Or he lets go.,44,3,0,47,530
Earl of Onion is here for the slicing !,44,3,0,47,530
"Just to confirm, you want them to pay for the wall AND the moat?",45,1,1,47,530
"You can now afford to remain utterly silent, sir.",44,3,0,47,530
Damocles had the Republican Convention in mind.,45,3,0,48,530
"As heir apparent, I thought it best to use a teleprompter.",45,3,0,48,530
"Yes, it is a knife you see above your face",45,3,0,48,530
"New King and Crown of the Realm, I have an important dispatch from Cicero.",45,3,0,48,530
"...and, therefore, as President of the Foundation for the Preservation of Future Elections, we are reluctant to bury this double-edged sword in our current time capsule. Please try again next year. Thank you.",45,3,0,48,530
"Sire, Lord Wolf sends Breaking News; standby.",45,3,0,48,530
"Your highness, the committee on responsible kingdom management is asking you cut 15 % from the fiscal 1520 budget ... NOW.",45,3,0,48,530
"M'lord, it appears father John has ""Papa Sized"" your cutting utinsil rather than your order of 37 pies.",46,1,1,48,530
"It states, my Lord: ""Arthur, I AM your Father!""",45,3,0,48,530
OUR ENGINEERING STUDY SHOWS WE WILL GET A NET 150 PLOW SHARES AFTER CONVERSION,45,3,0,48,530
"Make sure that surfboard and table don't come unglued!!!!!! or I will be screaming ""CUT""",46,1,1,48,530
"And it ends, 'thank you in advance for return of my sword, best regards, Damocles.'",45,3,0,48,530
"It seems your friends have declined your dinner invitation, King Brute.",45,3,0,48,530
". . . and they want time-and-half on weekends, too.",45,3,0,48,530
check with the kitchen & see if they are missing any steak knives,45,3,0,48,530
"Your Majesty, Damocles seeks your counsel on catching swords.",45,3,0,48,530
Damn! Ol' Swordocles really wants to teach you a lesson.,45,3,0,48,530
"The court regrets to inform you that given your unhealthy obsession, your application to change your name to King Julius has been denied.",45,3,0,48,530
The guys that did the popemobile can have a throne-on-wheels here by Wednesday.,45,3,0,48,530
"And Emperor Donocles Trump doth decree, 'Make America Greek Again.'",45,3,0,48,530
"M'lord, thy will be done?",45,3,0,48,530
"...And here today, we commiserate King OvaCompensate",46,1,1,48,530
"Sire, the court is concerned about this new form of hangman.",45,3,0,48,530
Don't just stand there. Throw me that rope!,46,1,1,48,530
"""Hear ye hear ye...Camelot Insurance company claims",45,3,0,48,530
Life under the sword of Damocles,45,3,0,48,530
The knight accusing you of having an inferiority complex has just been captured.,45,3,0,48,530
.... And finally this: the royal weather minister is calling for a heavy cloud cover today.,45,3,0,48,530
It's a letter from Damoclese. He says you're too old for his sword and he wants it back.,46,3,0,49,530
"It sayeth: ""Your lordship no longer pleases"".",47,1,1,49,530
"Enunciate each word very, very slowly",36,2,0,38,530
For unlawful carnal knowledge.,39,2,0,41,530
"The Sword of Damocles is alive and well, your highness.",39,2,0,41,530
"No worries, I've reinforced the thread with the latest high-tech polymer.",39,2,0,41,530
The giant demands that you stay in under armor.,39,2,0,41,530
"Sorry, the Prime Minister has the monopoly on all the cords for reinforcing. unfortunately.",39,2,0,41,530
"The tailor is requesting your inseam, Your Highness.",39,2,0,41,530
"You'll have to sign all these proclamations. Remember, the pen is mightier than the sword.",39,2,0,41,530
Your heiness I assure you there are more humane ways of trimming your beard,40,2,0,42,530
"Jester, read again the closing before guests arrive. ....... we thank you ""David"" for your gift to the Temple and are forever grateful for your conquest!",40,2,0,42,530
"Yes, Your Great and Noble Highness, I am his great-great-grandson, Hoover Damocles.",40,2,0,42,530
It's cook's knife with instructions on how to carve meat.,41,0,1,42,530
"Let's see, Ghostbusters is playing at 9:40 and 10:20 but I guess that's probably not your thing.",40,2,0,42,530
"Yes I see Longshanks, but where does it say HAMMER of the Scots?",40,2,0,42,530
"Report from the torture room, you Majesty: the traitor still refuses to see reason.",40,2,0,42,530
And this dirty tax evader deserves to get the Super Blade.,40,2,0,42,530
Your replacement ordered it. The other one encouraged too many small hand jokes.,40,2,0,42,530
"Apparently. ""gutsy"" becomes you, Your Majesty.",40,2,0,42,530
"Finally, get rid of the crocodiles in the moat and put in bass, preferably smallmouth.",41,2,0,43,530
"There's no infestation; why did you say ""damn the fleas.""",42,0,1,43,530
Hillary and Donald are blaming each other (yet again)!,41,2,0,43,530
And at 11:00 you have your appointment with Ambassador Damocles.,41,2,0,43,530
Oh! The times when great dialogue was always straight to the point...,41,2,0,43,530
The castle maintenance union threatens to split if they don't get a raise.,41,2,0,43,530
"Sir, it is time to caught the tension in the room.",41,2,0,43,530
The Metameta Theatrical Company presents 'Your Impending Surgery'.,41,2,0,43,530
And may your reign be free of ingratitude.,41,2,0,43,530
Can't you media guys take a joke?,41,2,0,43,530
"It's from the king. He says, ""Dear Damocles (or whoever has taken his place by now) . . .""",42,0,1,43,530
"Still returning ""Sword of Sophocles: domain unknown"", Sire.",41,2,0,43,530
. . .and any resemblance to Michelle Obama is purely coincidental.,41,2,0,43,530
Just some sensible decor,41,2,0,43,530
We We hereby present you with our latest Ginu knife.,42,2,0,44,530
Why did the Chicken not cross the road? He did not want to be stabbed in the back.,42,2,0,44,530
The clans have requested to halt the clashing,42,2,0,44,530
That'll cost ya two bits.,42,2,0,44,530
"Your schedule for this week: 30 minuets of attempting to pull the sword from the stone, lunch with Rapunzel, and a meeting with House Shield.",42,2,0,44,530
"'Hear ye, hear ye. The citizens are dissatisfied with your new tax plan.""",42,2,0,44,530
"Any last requests, King Hussein?",43,0,1,44,530
"And by this decree, I forbid the sharpening of knives throughout my kingdom.",42,2,0,44,530
"Louder on this ""law and order"" bit, you say?",42,2,0,44,530
"Gee sire, this is reminiscent of Captain Marvel's origin.",42,2,0,44,530
"How would you like your steak, Your Majesty?",42,2,0,44,530
...and the Queen wanted you to know she replaced rope holding up the big fife in the Sloane Room.,42,2,0,44,530
Help! I'm in an antigravity field,42,2,0,44,530
The proclamation clearly said Knight.,42,2,0,44,530
"it appears to be a Medium post by a Williams graduate living in Brooklyn for the past six years. he argues that Medium has a harassment problem. if i may, sir, he writes like a bitch.",42,2,0,44,530
The Cutler's Guild sponsorship agreement calls for it to remain throughout your State of the Kingdom address.,43,2,0,45,530
He says he agrees to disagree,43,2,0,45,530
Queen Esther's gold is buried in brick #15,43,2,0,45,530
"Your majesty, it seems the hilt is hollow. I'm afraid you have been scammed.",43,2,0,45,530
So what are you going to do about it?,43,2,0,45,530
I asked for pepperoni.,43,2,0,45,530
The Royal mother wants to know if you'd like to sup with her on Tuesday or something else.,43,2,0,45,530
"It says here, ""Too big to fit on your back"". Where should it impale you then, my liege?",43,2,0,45,530
"The Duke of Craig's list hath a mighty 30 foot ink pen, sire.",43,2,0,45,530
have you found the right scepter?,43,2,0,45,530
(jump) to my commands or you will visit a land of (lost people) got it ??,43,2,0,45,530
"It!s the new ""ONE WAY"" traffic signal.",43,2,0,45,530
Would you please pass the butter?,43,2,0,45,530
"Pizza Palace can't deliver; Lin Lin's can, and the dragon rolls are to die for.",43,2,0,45,530
"I usually like having my used toilet paper read to me, but today I find it sword-a boring.",43,2,0,45,530
"You have been invited to defend your throne of ""Most Imperiled Monarch.""",43,2,0,45,530
"Sir Donald of Combover tweets: ""I am uneasy and must build a wall around Mar-a-Lago. Keep the crown!""",43,2,0,45,530
We are told to catch a falling knife.,43,2,0,45,530
Damocles Revisited,43,2,0,45,530
Re: Your shipment of super-strength twine. Damage due to Rat chewing does not entitle you to a refund. The extra-large dirk is a figment of your imagination. Enjoy!,43,2,0,45,530
"Sire, thy codicil now makes your sole heir ""Damocles widow""!",43,2,0,45,530
"Sire, it's a ""Sire, This is a message from Damocles.""",43,2,0,45,530
Your majestic decree states --- it's dangerous for colonial politicians to take a huge stab at making trumped-up commands.,43,2,0,45,530
"The manual says ""sit on the throne, leave it hanging to experience a feeling of peril""",44,0,1,45,530
"King David, Goliath’s brother wants his sword back.",43,2,0,45,530
I wanted to stay a cut ahead of my enemies,43,2,0,45,530
Your free and willing concent will be greatly appreciated by all.,43,2,0,45,530
"Guys like, we're living with the sword of Damocles over our heads. We must take our country back!",43,2,0,45,530
"Yes, my liege, I do see and admire your *yuge* point.",43,2,0,45,530
"Regrettably , sire, your presumptive successor has buggered off to parts unknown.",43,2,0,45,530
"The realm has run out of gold for your wall, King Donald.",43,2,0,45,530
It is hereby proclaimed that he who wields the Tartetian sword against King Ordar in a duel to the death shall be the new King of the 5 Rivers.,43,2,0,45,530
Here's the bakance update on your student loan debt.,43,2,0,45,530
"""...as to the title.. Scribe Schwartz suggests, 'Ye Art of Ye Deal'",43,2,0,45,530
"Well Sire, apparently ""Damo"" is a nickname.",43,2,0,45,530
This couplet won't work; tear doesn't rhyme with Lear.,43,2,0,45,530
"Your majesty, the petition favors traditional knighthood without the cutting edge.",43,2,0,45,530
"The town of Large Knife has asked to borrow the knife as a gift to the neighboring town, Massive Tomatoe.",44,2,0,46,530
"... and finally, The President asks you to accept this cruise missile in recognition of your importance in our defense alliance.",44,2,0,46,530
Parliament say they’be figured out a solution.,44,2,0,46,530
"Your majesty, King of Spade, welcome to the next game!",44,2,0,46,530
"King Dionysius II of Syracuse: ""Stop reading that obsequious crap to me! If you think I´m so lucky, how would you like to try out my life?""",44,2,0,46,530
You might want to change the message.,44,2,0,46,530
"Sire, Knowest Knot, thou hast moved too far to the Center and art upsetting the Balance of Power?",44,2,0,46,530
"No, Damocles, you should fear not.",44,2,0,46,530
"Your Majesty, this tweet just came in from Mr. Trump.",44,2,0,46,530
This housing bubble doesn't stand a chance.,44,2,0,46,530
I'm just saying - slavery should be limited to 10 years!,44,2,0,46,530
"If you feel the need to talk, Damocles is available.",44,2,0,46,530
Tonight's specials include chocolate and vanilla. Which do you prefer?,44,2,0,46,530
I didn't plan on leaving quite yet.,44,2,0,46,530
Listening to this is like dying a slow painful death,44,2,0,46,530
The cable company decrees our internet connection is compromised and could be severed without changing our cable package to a bundle.,44,2,0,46,530
"Yes, yes I understand the implications, now read it back please."" ""I hereby declare myself King Knifey McBigKnife I ...",44,2,0,46,530
Damocles?,44,2,0,46,530
"It is a mockery, my lord, your subjects are gallivanting around the kingdom trying to find the virtual Excalibur.",44,2,0,46,530
"Your Highness: We, the people, get your point. We will obey you.",44,2,0,46,530
Hear yet hear ye. The threat to your majesty's life and kingdom hangs in supernatural imbalance.,44,2,0,46,530
"...and furthermore, we're not thoroughly certain dangling a 40 stone dagger is the best way to procure a passive foothold in regard to foreign relations.",44,2,0,46,530
"It's an offer from Stephen Colbert, he wants to be King for a day.",44,2,0,46,530
"Good news my lord! That giant sword you ordered, it has been hung up where you said, we are just waiting for our men to find us some stronger ropes...",44,2,0,46,530
"Your Majesty, it appears they have also reduced your paid time off...",44,2,0,46,530
The knife is for theVP,45,0,1,46,530
"Yes, your shampoo does have body and strength.",44,2,0,46,530
Debbie Travis recommendths a softening of ye old royal decor.,44,2,0,46,530
"Sire, It says that this Damocles sword is a gift from your devoted retainers.",44,2,0,46,530
"… Builder of Binaries, King of Zee Montane, Cracker of Potts, Tamer of Sioux City Shrews, Spoiler of Spitoony, Craven of Hobbs, Nada of Nietzsche, Biggest of Pricks ...",45,2,0,47,530
"Yes, my liege, I can confirm Gordias tied the knot and Alexander the Great's castle privileges have been revoked.",45,2,0,47,530
Your chief wizard wishes you to know that moving your arms down from the armrests will most likely prevent your sudden death. But only if you care.,45,2,0,47,530
You say the punishment for cruelty is illegible?,45,2,0,47,530
Don't nobody bring me no bad news.,45,2,0,47,530
"Sire, fair maiden thinks thou doth protest much too much by displaying the biggest sword in the land.",34,1,0,35,530
"Honestly, your majesty, just say that you use it to cut up your Jujyfruits on movie nights.",34,1,0,35,530
"Damocles says that this dagger but but a wee precursor to what is to come, your highness.",37,1,0,38,530
"Your premiums are skyrocketing, sire - cursed Obamacare.",38,1,0,39,530
"He writes, 'What is a Broadway Musical and where is this place called Camelot"".",38,1,0,39,530
"Your Majesty: The Council of Knights reports that The Sword of Damocles has become a bit unwieldy, but, even under dire circumstances, We shall endeavor to defend the crown.",38,1,0,39,530
...and your Majesty will remain King until your death or until the invention of the musket.,39,1,0,40,530
Call me Ishmael.,39,1,0,40,530
"Sorry, King T, but the only one -- other than Palin & Gingrich -- who accepted is a fellow named Pence from the province, Indiana.",39,1,0,40,530
"Hear yea, hear yea, the forensic test results are back, the sword is Sir Arthur's!",39,1,0,40,530
Class of '16 Halodictorian!,39,1,0,40,530
"Fee fi fo fum, witnesseth, I, the Giant, do this day grant and forever release to your highness, the King of England, for the consideration of one golden hen, this doll's castle...",39,1,0,40,530
"Sire, it's from your interior designer. He says he's tired of hearing ""Your check is in the mail, Damocles.""",40,1,0,41,530
"President Assad, I am informed to warn you: ""Damocles' Damascus,' the moral of the story remains.",40,1,0,41,530
"I proclaim...Since I couldn't extricate Excalibur I have replaced it with my own dagger and sign it ""The King""",40,1,0,41,530
"Yes, my lord, the sword is described as a bit of a bastard.",40,1,0,41,530
Would you like an encore?,40,1,0,41,530
Damocles has got nothing on me.,41,1,0,42,530
"Furthermore, that thread is fragile so you must not waver in your integrity in your high office or the thread will brake.",41,1,0,42,530
"'Unfair moving your throne to the background while leaving the sword in the foreground, Mr. Damocles! Unfair, unfair!' So sayeth the king.",41,1,0,42,530
"Your Majesty, But if you think it might have a bad effect, why not postpone the election?",41,1,0,42,530
"Your Royal Highness, your Trump campaign to end violence seems to be working...there is no one left to kill, maim or keep out.",41,1,0,42,530
Did you get Taylor's approval?,41,1,0,42,530
It seems that rope repair supplies are no longer available after Brexit.,42,1,0,43,530
It's a message from Chekov. I don't think you'll like what it says...,42,1,0,43,530
"You made a big point across, sir.",42,1,0,43,530
It says you can opt-out of you song up for automatic payments with Damocles.org,42,1,0,43,530
"Should you remain seated ten more seconds after I'm done, you get a plaque with the idiom.",42,1,0,43,530
"""Sire, the the queen is dead!",42,1,0,43,530
"The law states: An Ace may trump a King, but the Sword always trump an Emperor with no clothing...",42,1,0,43,530
"The Sword of Democracies is hanging over your head, Sire. Perhaps you should sign the Magna Farta...",42,1,0,43,530
I'm afraid there's not much you can do if you're not happy with what your brother Damocles left you in his will.,42,1,0,43,530
"A simple tweaking of education funds, Sire, and Walla!",42,1,0,43,530
Your Majesty: the knife-sharpener hereby announces that he will arrive next Tuesday to sharpen the Sword of Justice.,42,1,0,43,530
"His Majesty Donald of America, No I do not want the job back. Why not try a YUGE sword? Signed Monsieur Obama.",42,1,0,43,530
"Your nemesis has returned, King David and he'd like a word with you.",42,1,0,43,530
"Sir, perhaps we should finalize those",42,1,0,43,530
Would His Majesty be interested in an invitation from a 'Mr. Goliath Jr.'?,43,1,0,44,530
"Good morning your majesty, The guillotine fit for a king awaits you...",43,1,0,44,530
Do you accept the ter,43,1,0,44,530
..and don't even think about messing with me!! Texacles,43,1,0,44,530
"You have decreed your Majesty that if the ""buck"" knows what's good for it,it won't stop here."" ""Your Majesty has decreed that if the ""buck"" knows what's good for it, it won't stop here.",43,1,0,44,530
It says here in God's Will that we have to keep it as wall art.,43,1,0,44,530
"My lord, we must learn to face adversity with a happy face.",43,1,0,44,530
Demosthenes? Damocles? Drump-eze!,43,1,0,44,530
"Sir, The press has given you the new moniker the Blade Ruler.",43,1,0,44,530
This report has been censored.,43,1,0,44,530
"Westall is here, sire, as you ordered.",43,1,0,44,530
The Royal rope maker asks how his majesty's neck is feeling.,43,1,0,44,530
"Sire, greetings from the future!",43,1,0,44,530
"Fried chicken, baked potato. Is that all your Highness wishes for his last meal?",43,1,0,44,530
I spent a lifetime to meet you.,43,1,0,44,530
"Speak your mind, lad, sword of",44,1,0,45,530
"No sire, Robin Hood, Damocles was a greek.",44,1,0,45,530
"Hear Ye! Hear Ye! Due to the tenuous rope, the Royal Court has disbanded.",44,1,0,45,530
"Then Damocles said to Dionysis, ""Oh King, your distress is too great. Let me sit on the throne in your place and rule over your kingdom with all of its riches.""",44,1,0,45,530
"And Sir McKrae told Sir Raleigh to take his message to his squire, who delivered the letter to your majesty's brother-in-law, who subsequently...",44,1,0,45,530
"Sire, it appears to be an ultimatum from the Rexit campaign.",44,1,0,45,530
"Sire, as you requested, this proclaims any knight able to lower the stuck sword without threat to thee the foe of your arthritis, and thus dubs him Doctor of Decor!",44,1,0,45,530
"~Tonight's Royal State Banquet Menu, sire, includes: Tripe soup, Sweetbreads, Cervelle de Veu, Pettitales, and Rocky Mountain Oysters!~",44,1,0,45,530
"Apparently your dish didn't cut it, your Highness.",44,1,0,45,530
"I know you said you wanted you hair cut in style, but....",44,1,0,45,530
"It is but an illusion of imminent danger symbolized by the small dagger, suspended by a thin thread, over my left shoulder, across the room.",44,1,0,45,530
"Dare I declare, ""Drop the dagger for our drooping despot!""?",44,1,0,45,530
The Prince will attend with four score drummers.,44,1,0,45,530
"Your Grace, Melania Drumpf was just seen at the RNC with a giant sword hanging above her head. Would you like to make a statement?",44,1,0,45,530
Do you really want to hear about Route 66 again?,44,1,0,45,530
"In other news, The BFG has purportedly gone over to the dark side. However, I am unsure if he is able to use the Force.",44,1,0,45,530
"Sire, your subjects express their happiness your have replaced the thread holding Damocles with a rope.",45,1,0,46,530
"It's called a Sword of Damastocles. The prince sent one to Donald Trump, too.",18,0,0,18,530
"Finally, we demand that you cut taxes.",41,0,0,41,530
"Yes, your majesty; it is here in the fine print, just above the part about Donald Trump.",43,0,0,43,530
"And the lord said, ""let there be knife""",42,0,0,42,530
Let's go over that baby thing again.,41,0,0,41,530
"So, it's a picture of a frog sipping tea. And then there are words written over it. It says: WHEN U REALIZE HIS SWORD HELLA BIG BCUZ HE AINT GOT NO DICK THO!!",41,0,0,41,530
"You've been sentenced to Excaliburn, baby, burn.",43,0,0,43,530
"...and finally, the renovation has been put to tender.",41,0,0,41,530
"Oh, it is only a legend, another name for ""caption"".",44,0,0,44,530
Hear yee Hear yee! This is the Kings new Logo!,43,0,0,43,530
"I say, I say, I say, you are now officially retired to the throne!",43,0,0,43,530
"I gotcha back, but you best to watch your front—cause it's the courtesans that front, they be pulling stunts!",40,0,0,40,530
King Solomon I am not,41,0,0,41,530
"Your largest campaign contributor is paying $300,000 a month.",40,0,0,40,530
And henceforth you will be known as King Donald J,40,0,0,40,530
Only it's an act of God.,43,0,0,43,530
I'm about to get the sword.,41,0,0,41,530
"Take the crown, but you speak Queen’s English, do you ?",42,0,0,42,530
It says there's been a run on lightsabers.,43,0,0,43,530
I've tried that. It doesn't work.,41,0,0,41,530
We Live My The Sword.,43,0,0,43,530
"Your highness, we all want to say that serving you has been a real skive ""Your highness, we just want to say that being your subjects has been a real slice.",42,0,0,42,530
"Pull finger to switch from ""Qui a coupe la fromage"" to "" Facetime"". Bite tongue to access Twitter.",42,0,0,42,530
The people wish to greet Burp Fart your highness.,39,0,0,39,530
Your big sword is over my head.,39,0,0,39,530
The Queen suggests fricassee for dinner.,42,0,0,42,530
"A man named Damocles would like to hunt in your Royal Forrest, Sire",37,0,0,37,530
The people are asking if you'll put the sword back so they can get a new king.,42,0,0,42,530
"''RELAX KING ARTHUR , MERLIN IS DIAMOND CERTIFIED ! ''",42,0,0,42,530
"Make a note, squire, and let it be heard throughout the land; I scall it 'the sword of Sir...'",39,0,0,39,530
The Sword of DAMOCLES.,41,0,0,41,530
"Sire. The Queen's recent purchase receipt of ""a big stiletto for her heel"" is a little vague. I suppose it could mean she has a hot high heel surprise for you tonight.",37,0,0,37,530
It's an invoice from the Triple Excaliber Company.,43,0,0,43,530
Just wait till he realizes he's hanging to nothing!,41,0,0,41,530
PLEASE ANSWER QUICKLY BEFORE THE ROPE BREAKS,42,0,0,42,530
"LOL we know is acronym, but SOD could be Superoxide Dismutase or Soap Opera Digest or Septo-Optic Dysplasia or Segregation of Duties or ...",42,0,0,42,530
You must not move from the throne for one week if you want to win sir.,42,0,0,42,530
