caption,unfunny,somewhat_funny,funny,count,contest,target_id
"Every move you make, 
Every leaf you rake,
I'll be watching you.",127,52,36,215,637,2802
Your wife said for me to tell you that you're doing it wrong.,144,42,42,228,637,176
So you're the fall guy.,125,56,28,209,637,459
"And in this exhibit we have the “leaves raker”, simulating what people did before the discovery of simply blowing them into other people’s yards.",135,45,35,215,637,2969
I preferred his earlier yard work.,128,59,27,214,637,1738
I'm here here to review the fall collection,131,53,30,214,637,2595
Add a velvet rope and people will pay for anything.,144,71,28,243,637,1643
"WITH the grain, Pete. WITH the grain.",128,52,28,208,637,669
I also like watching paint dry.,121,47,26,194,637,3095
I’m with Neighborhood Watch.,129,54,26,209,637,3429
My other choice was watching paint dry,140,56,29,225,637,1109
"Nine more leaves, Senator, and your hour of public service will be fulfilled.",133,41,31,205,637,924
What if I told you somebody could make that tree go away?,138,49,30,217,637,3707
"Not bad, Cliff, but I think your spring performance of Power Washing the Patio was more avant garde",130,40,29,199,637,1687
I would help but my hands are tied.,141,53,28,222,637,73
Thanks for helping to rake America great again.,162,37,40,239,637,993
CSI: Vermont,148,41,34,223,637,1938
"Over here on the VIP lawn, artisanal groundskeepers collect each fallen leaf by hand in a non-destructive, fully reversible, and ecologically enlightnened process that ensures maximum smugness.",151,40,35,226,637,1244
"I'm not sure why I keep buying these tickets, it's pretty much the same every year.",130,52,24,206,637,3304
"As Harold struggled in a futile battle with nature, he wondered whether winning a life narrator was a prize or a curse.",139,42,30,211,637,2139
"When you are done with these 9 leaves, there are 3 in front.",151,50,31,232,637,2390
I was first in line last fall too.,135,52,25,212,637,1892
Just putting up a velvet rope doesn't make it performance art.,131,51,24,206,637,219
I found one of yours in my yard.,143,50,28,221,637,2014
Where’s the line-up to watch paint peel?,149,52,29,230,637,3211
Autumn leaves are at their most beautiful when someone else is raking them.,133,43,27,203,637,405
"If you hadn't voted for Trump, you could have had immigrants doing this work!",158,48,33,239,637,1147
I love your work. It's very Avant-Gardener.,142,47,28,217,637,2829
"No, I'm sure he said ""Make America rake again.""",149,59,26,234,637,3011
"Here we have the original iRake, a simple hand held device that dominated the field for decades.",146,41,31,218,637,2226
You must be the avant-gardener.,147,65,23,235,637,1680
"Sir, we’ve found our fall guy.",151,54,28,233,637,3215
"See, tax cuts work!  I have more money, and you now have a job.",167,53,33,253,637,2958
We have secured the perimeter.  No new leaves will be getting in.,126,53,20,199,637,2809
Looks like we've found our fall guy.,155,43,32,230,637,3505
"I gotta guy. He takes care of deciduous situations, if you know what I mean.",151,45,30,226,637,312
Think you've got it rough? Try writing a caption for this cartoon.,149,46,29,224,637,435
"I drove all the way to New England for this?""",159,51,30,240,637,3611
"Senator, your ""I'm just an average Joe"" photo op is over.",148,44,29,221,637,1800
Call it 'performance art' and people will pay to watch anything.,134,43,25,202,637,2399
"...and here we have an example of the ""Make America Rake Again"" movement.",132,38,26,196,637,1005
So this is how the other 99 percent lives. Fascinating.,138,59,20,217,637,2023
How about turning over a new one?,136,47,23,206,637,193
We need to re-shoot.  Put each leaf back where it was.,164,47,31,242,637,2961
"And in this exhibt, we see man’s futile battle against nature",155,56,25,236,637,3081
"My, my. All the leaves ARE brown. And the sky IS gray.",137,44,24,205,637,1691
"Jim, remember how you laughed when I planted my plastic trees?",141,47,24,212,637,2736
"The new exhibit speaks to the absurdity of existence; every time he finishes, the yard is covered in leaves again... and yet, he continues to rake.",138,50,22,210,637,3306
"And here we have the Average White American Male, circa 1987. 
Extinct.",147,46,26,219,637,2296
"Leave a few scattered about William, I like my yard to have a natural look.",160,62,24,246,637,1713
This piece really captures themes of self hatred and futility in a thoughtful way.,141,49,23,213,637,3358
"Now that speed raking had been added to the Olympics, Jim's agent was relentless on his training days.",136,39,25,200,637,3518
you must be the fall guy,152,54,24,230,637,2086
Making America rake again.,161,44,30,235,637,1016
This is way more entertaining than watching grass grow.,133,55,18,206,637,587
"...every breath you take, every leaf your rake, I'll be watching you...",148,50,24,222,637,562
"Clearly, it's about the futility of man.",151,52,24,227,637,2801
"I've asked Alexa to rake mine.""",147,54,22,223,637,170
"This is our latest exhibit.....I call it: ""The Fall of Man""",151,46,26,223,637,1138
I told you that you would be the fall guy.,151,48,25,224,637,2174
I'm sorry. Our homeowners' association requires that you rake the leaves perpendicular to the house line.,144,39,26,209,637,835
BE the Rake!,121,46,17,184,637,1709
Ever wonder why there’s no leaves on my side of the velvet rope?,145,56,20,221,637,100
"Actually, I prefer watching grass grow.",141,64,16,221,637,1595
We got our fall guy,162,55,25,242,637,3477
I'll hold back the crowd while you go in for a sandwich.,145,53,21,219,637,1659
Did you think Witness Protection was in the Bahamas?,150,51,23,224,637,1703
Raking America great again?,139,48,21,208,637,189
It was an easier ticket than Hamilton.,143,51,21,215,637,3303
"You thought home detention was just watching TV, didn’t you.",137,43,22,202,637,425
"After you're done with the leaves... and waxed the Maserati... come inside for a hot cocoa and we can discuss your allowance, Dad.",161,50,26,237,637,958
And this exhibit depicts an archaic use of Saturdays.,131,38,22,191,637,3789
The footwork is good but you need to shorten your stroke.,145,54,20,219,637,2756
"Funny, I have trees and no leaves. You have leaves and no trees. It happens every year. I don't even own a rake.",156,51,24,231,637,2109
All I promised with the job is that you’d be raking it in.,160,40,29,229,637,2655
The Avant Gardener,147,44,24,215,637,1449
"You really think Mother plays favorites?""",140,47,21,208,637,1007
"Here, we see homo domesticus Americanus performing his annual autumn ritual, in the hope of currying favor with the female of the species.  Please do not feed.",149,48,23,220,637,667
"Have you considered taking this show on the road, one street over, last house on the left?",149,37,27,213,637,3597
"Ahh, one of the few remaining members of the American middle class.",146,59,18,223,637,2272
It won't work. I've read Tom Sawyer.,155,49,24,228,637,2455
"You thought you could just rat us all out to the feds and live a quiet life in Wisconsin, didn’t you? I found you, Gene. It took ten years, but the Topelli family never forgets and here I am. Once I figure out a way to get past this rope, you’re done",141,44,22,207,637,166
"I think you misunderstand the Neighborhood Watch Program, Jeff.",147,45,23,215,637,295
"Remember: Not In My Backyard! If one more leaf crosses this line, I'm building a big beautiful wall and you're paying for it.",154,39,27,220,637,567
I thought I paid extra for you to wear the french maid costume.,163,51,25,239,637,3618
"Gather around kids, this is what they used to call ""Chores",137,51,18,206,637,1052
Don't mind me - just making sure no illegal immigrants steal your Caucasian yard work.,146,41,24,211,637,477
I was told my admission ticket also included bagging and mulching. Correct?,143,55,18,216,637,2277
"""This is a Red State, Wilbur. Why don't you just SHOOT the leaves off your lawn?""",155,31,30,216,637,2722
This lacks the pathos and suspense of the storm gutter episode.,155,39,27,221,637,1978
So this was the American middle class... I always assumed it was a myth.,137,42,21,200,637,1727
Those damn leaves...making America rake again.,154,54,21,229,637,759
President Trump will see you when you finish the front yard Mr. Vice President.,158,37,28,223,637,1860
Dad was right -- we are different...,156,49,23,228,637,2798
What I like about the chore museum is the raw authenticity.,149,33,27,209,637,3002
Here we see a human being engaged in physical activity,145,38,24,207,637,291
"I find your work subtle and earthy, organic even.",165,60,21,246,637,1225
"In this exhibition, an early 21st century human devotes futile energy toward what was called 'yard work' instead of taking the time to vote willfully ignorant humans out of office before it was too late.",159,34,29,222,637,8
"One of the most popular exhibits here at the Museum of Climate Change is this piece of performance art entitled 'The Fall of Mankind'. Now, can anyone tell me what, exactly, was Fall and when did it occur?",152,45,23,220,637,2071
'Drive up and experience fall' it said!,146,46,21,213,637,1404
We call them 'leaves' but they should be called 'arrives.',163,39,28,230,637,3006
"So, you're the""fall-guy,"" huh?",149,45,22,216,637,676
"Sir, you misunderstand.
You were asked to leave!",147,38,24,209,637,3162
This exhibit depicts daily life in the days when the earth had trees and grass.,155,54,20,229,637,2418
Bravo! You gloriously capture the essence of futility.,163,54,22,239,637,1285
I’m a big fan of your work.,138,58,14,210,637,1032
You'd get a bigger crowd if you served pumpkin-spice latte.,162,53,22,237,637,1933
Sublime use of negative space and color. Bravo!,136,43,19,198,637,306
Just visiting the rake you borrowed in 2013.,140,40,21,201,637,370
This is so last fall.,147,50,19,216,637,417
"If we were in a New Yorker cartoon, it would be pretty damn dull",151,42,23,216,637,3538
"It's nine leaves, just pick them up.",140,45,19,204,637,1450
Much better... but that left elbow is still flying out too much.,134,57,13,204,637,3116
In Zen the leaves come to you.,146,49,19,214,637,854
You always knew you'd be the fall guy.,172,48,26,246,637,2586
"Magnificent - unlike his earlier work, which was just trash.",151,44,22,217,637,2346
Good try. I read Tom Sawyer.,179,47,28,254,637,1884
I told you building a wall wouldn't stop 'em from coming in.,149,37,24,210,637,508
"From the looks of things I guess you were expecting a bigger crowd""",146,51,18,215,637,2974
Exhibit A: A man loses a fight with his wife.,153,42,23,218,637,3240
Suburban performance artists don’t draw much of a crowd.,139,51,16,206,637,1288
"I think your doctor meant ""reiki""!!",157,47,22,226,637,3623
I told you it wouldn't keep them out.,163,43,25,231,637,2351
"You might want to consider confronting them, admitting they exist and accepting that you’ll never really be rid of them.",137,44,18,199,637,2941
"Leaf Coaching is just something I  sort of
fell into.",143,48,18,209,637,3588
The witness protection program is not as glamorous as one might assume...,157,36,26,219,637,3287
When can I let the next batch of leaves in?,162,50,22,234,637,3598
"Every year I get here early to be first in line. And, every year, no one else shows up. Am I missing something?",137,41,19,197,637,212
"While technically proficient, I find his work predictable and repetitive.""",147,37,23,207,637,1204
"Excuse me, is this the line for people who have absolutely nothing to do?",173,43,27,243,637,913
"They will return, you know!",152,45,21,218,637,54
Your just raking leaves. Did you really expect a bigger turn-out?,156,42,23,221,637,1670
Call it 'curating' all you want—that's a rake.,153,32,26,211,637,658
That’s a nicely raked yard you’ve got there. It would be a shame if anything happened to it.,140,42,19,201,637,537
"Not what I expected when I bought tickets to ""The Rake's Progress.""",146,43,20,209,637,1581
From the Yelp reviews I expected more leaves.,152,52,18,222,637,1731
"I'll be checking your immigration status soon, but not until you finish all the other chores on our list that no Americans will do.",157,42,23,222,637,2021
"You didn't think house arrest meant sitting on the sofa, channel surfing, did you?",150,48,19,217,637,173
"And over here we have a tired, over worked father in his natural habitat, whose kids don't do their chores when asked.",164,49,22,235,637,2482
"You missed one last year, too.",124,44,14,182,637,473
"What time would you like me to return to drive you back to the work release center, Mr. President?",161,39,25,225,637,517
And here we have a tableau from the 21st Century  when trees had leaves.,159,35,26,220,637,1759
Your wife promoted this as a once in a lifetime event.,170,34,29,233,637,3412
"If you were supposed to pick them up why do they call them ""leaves?""",149,44,20,213,637,1324
"Apparently my definition of ""raking it in"" differs from yours.",167,53,21,241,637,163
You got off easy--the other guy has to push a rock up a hill.,133,52,13,198,637,2990
I suppose you don't want any advice.,166,44,24,234,637,2243
"They know not to even fall on my side, Herb.",162,44,23,229,637,2235
"Personally, I preferred last year’s foliage.",150,44,20,214,637,1045
"After a promising beginning at lawn mowing, Howard's leaf raking  has become derivative and lacking in authenticity. I look forward with mixed emotions at his upcoming snow shovelling.",134,23,24,181,637,1290
I can’t believe I got tickets to this.,157,51,19,227,637,707
Make them look like an accident.,164,58,18,240,637,127
"Nine leaves, Ralph. I threw each one from here. I've got more, a lot more. Guess how many leaves I'm holding behind my back, Ralph?""",143,47,17,207,637,677
"I always say, good velvet rope dividers make good neighbors.",156,42,22,220,637,3731
"You realize it's the Democrat's fault that the leaves are falling, right?",161,37,25,223,637,1808
"With today's technology, we can get the same job done, a gazillion times louder.",170,40,26,236,637,0
Just pick them up with your hands Stephen. There are only 9 leaves.,168,44,24,236,637,484
"Man with Rake""... I just don't get it",146,51,16,213,637,181
You're not doing that right.,166,32,28,226,637,390
"Sir, I'm going to have to ask you to leave.",173,44,25,242,637,284
"Sadly, this year's fall collection lacks the depth of his earlier work.",161,39,24,224,637,3643
I nailed them all down.,148,49,17,214,637,550
I take it I'm a bit late for the Fall Foliage tour.,168,59,18,245,637,474
And my grass is greener too.,157,49,19,225,637,1356
Wait till Nov 6 when everything starts to fall.,161,41,23,225,637,2539
I call this piece “Futility”,167,50,21,238,637,1198
For his visit he prefers that you leave the orange ones.,149,36,22,207,637,1791
"When Earth could still sustain life, humans had to perform various tasks to maintain upkeep.",156,32,25,213,637,1076
So this is what Middle America was like before it went extinct.,146,52,15,213,637,2309
It'd be easier if you just pick those 9 leaves up.,162,41,23,226,637,792
As a spectator sport this is an epic fail.,147,42,19,208,637,540
"Sir, the others would like a turn.",159,52,18,229,637,33
"And here we see the last white-American doing his own yard work.""

Isabella Amador, San Luis Obispo, Calif",149,30,24,203,637,2761
"You know, Sisyphus gave up.",148,45,18,211,637,2764
Exhibit #73: Pre robotic lawn care,153,40,21,214,637,16
The Senator will be coming out for his photo op soon - get ready to hand over the rake!,157,32,25,214,637,576
Looks like you're the fall guy.,169,42,24,235,637,2740
How long until I can jump into the pile?,149,45,18,212,637,1208
You need a smaller rake or more leaves.,141,40,18,199,637,896
". . . and tomorrow, we will watch paint dry.",154,40,21,215,637,679
""" I regret paying the extra four bucks for the 3-D glasses.""",149,50,16,215,637,2085
I'd love to come back for the first snowfall if you don't mind.,128,42,14,184,637,62
The other spectator sport I like is watching paint dry.,130,38,16,184,637,116
"You realize that's not your house, don't you?",149,39,20,208,637,2907
"Wow, I can't believe that is really the way they USED to do it!",149,52,15,216,637,2009
"Frankly, I find it derivative of his earlier work, Man Mowing Grass.”",158,34,24,216,637,3718
I'm selling tickets- you're the last suburban man without a leaf blower.,161,41,22,224,637,577
They've got an app for that.,158,47,19,224,637,1590
"I've been sent by the Democratic Party to 
connect with middle American voters.",148,46,17,211,637,82
You should see the line for the lady in the shower.,142,37,19,198,637,2097
It's stunning. It's real. I'll take it.,149,46,17,212,637,213
"Jim,... I really think people are gonna want to see you jump in the pile.",135,40,16,191,637,292
"They're always going to win, Todd.",129,36,16,181,637,396
Your lawn-mowing phase was far more cutting edge.,155,36,22,213,637,3473
Don't fight the leaf. Be the leaf.,177,44,24,245,637,275
Can you speed it up? I've got a 10:00 maple tapping to get to.,142,54,12,208,637,2333
"Ohhhhh, so that's what the other 99% do!",156,52,16,224,637,2558
Leave a few for your evening performance.,164,62,14,240,637,3522
This collection is so last fall.,157,55,15,227,637,989
Big fan. I loved your performance in last year's grout cleaning gala.,155,46,18,219,637,458
May I suggest pulling the rake instead of pushing it.,142,46,15,203,637,208
The Secret Service chose me to be the fall guy.,164,51,18,233,637,897
The president has a nicer rake than you. The greatest rake ever. And Mexico paid for it.,163,40,22,225,637,662
I think we'll sell more tickets if you use a chainsaw.,165,36,24,225,637,1756
"Ladies and Gentlemen, I present my fall exhibition: a performance art piece I call ‘Hopeless Futility.’",161,44,20,225,637,3721
Jumping in this leaf pile better be worth the wait.,141,45,15,201,637,898
Nine left. But who’s counting.,156,46,18,220,637,2107
The 'Man of Fall' is definitely less intense than the 'Fall of Man' exhibit next door.,190,40,28,258,637,1737
"I know it is my tree, but they are YOUR
 leaves.",159,50,17,226,637,1455
"Hurry up, Jared, the President only likes leaves that haven't fallen.",164,40,22,226,637,3289
Have you found my contacts yet?,153,49,16,218,637,1689
"Sucker, stuck inside an odd New Yorker cartoon, made fun of with a caption that only a few will understand.",145,39,18,202,637,2462
"Behold the everyman, locked in a futile battle against the forces of nature...as if challenging God himself.",147,40,18,205,637,971
When the four o'clock crowd gets here I want you to whistle while you work.,153,33,22,208,637,2838
"I'm telling you, if I had arms, I would help you!",176,49,21,246,637,1135
Leave a couple leaves out ... for the ambiance.,149,59,11,219,637,698
Raking is about the space between the leaves.,137,44,14,195,637,471
This piece represents the endless struggle between man and nature.,149,51,14,214,637,1639
I'm on line early for the snow shoveling exhibit,140,43,15,198,637,3291
This is not the Fall Classic I was expecting when I bought my ticket.,156,42,19,217,637,346
I see you've turned over a new one.,151,52,14,217,637,2714
Last year's collection was much better.,169,47,20,236,637,1257
"Herb’s “Autumn RakeFest”
never seems to draw the same as his “Winter Shovel-A-Thon.”",169,47,20,236,637,1957
Do you charge by the leaf or by the hour?,148,45,16,209,637,1530
Good ropes make good neighbors.,160,52,16,228,637,2413
"This one is called ""Autumnal Futility.""",155,49,16,220,637,2029
I guess mom just liked me better,166,45,20,231,637,2953
"Frankly, the title ""Fall of Man"" makes it sound like a more compelling show.",155,36,21,212,637,1218
You got a rake out for nine leaves?,149,35,20,204,637,1299
Anything else to do in this town?,161,60,13,234,637,123
And here we have an historical re-enactment from before the robots took over.,156,39,20,215,637,693
Any tickets available for the nine o'clock raking?,150,51,14,215,637,2423
I was told there would be complimentary cider with the show.,162,50,17,229,637,2261
"I’m from Bronstein and Byrne, the squirrels have won an injunction.",155,51,15,221,637,986
The deluxe fall foliage tour package entitles me to offer some constructive criticism.,145,40,17,202,637,582
"Mr Manafort serving  his  first day  
under house arrest with hard labor.",162,42,20,224,637,2460
"That's not quite what I meant by sweeping the perimeter, agent.",164,38,22,224,637,2911
Excellent form...I give it a 8/10.  Elbow is slightly high on the back stroke.,148,39,18,205,637,2285
A velvet rope makes anything into an exhibit,144,52,12,208,637,3045
"As your agent, I must tell you: it's not just your wife who doesn't appreciate your work.",152,36,20,208,637,3486
"No skin off my nose, but are you sure you need a bouncer?",167,42,21,230,637,3345
The guy who raked them yesterday seemed a lot more into it.,170,54,17,241,637,2120
"Now when the President arrives, thank him for deporting the previous raker.",157,31,23,211,637,2448
"When you're done there, there's a spot on my back I can't reach.",150,50,14,214,637,1761
"Trite, overbearing, provincial. Where's the whimsy? Where's the joie de vivre?",163,42,20,225,637,2967
This will be my finest work. I shall call it The Fall of Man.,145,34,19,198,637,1130
"And here we have a rare example of ""Pre-blower Man""",149,44,16,209,637,1818
This exhibit is a rare example of a millennial performing manual labor,162,33,23,218,637,2940
I'm looking for one in particular.  Orange edges.  Seems to show up here every fall.,159,39,20,218,637,3495
"I'd help you , but that's crossing the line",150,44,16,210,637,1206
"I, on the other hand, am raking in the dough.",144,43,15,202,637,3030
"Ladies and gentlemen, the last suburbanite without a leaf blower.",170,50,18,238,637,1451
OK — today let’s work on tempo and keeping your head down.,154,46,16,216,637,165
"What would happen if I did not, in fact, stay off your lawn?",143,50,12,205,637,2131
Impeccable form.,149,43,16,208,637,3472
"Your wife is live-streaming this event, but I wanted to see it in person.",165,52,16,233,637,3129
"Oh, but life IS a spectator sport.",147,52,12,211,637,3619
"And in this portion of the ""Changing Climates"" exhibit we see what was known as raking leaves.",156,57,12,225,637,831
"As you were informed, witness protection requires chores.""",164,46,18,228,637,3699
Psst...Ya wanna buy a leaf blower? It just fell off a truck,157,42,18,217,637,3410
"Sir ! Vote Republican, and I promise you with our platform for the EPA ; trees and  leave raking will be a thing of the past.",170,39,22,231,637,10
"Yes, there’s no crowd. I’m your publicist, not a frickin’ magician.",141,38,16,195,637,2793
"Oh, wow! Glad I stood in line for this.",147,49,13,209,637,1718
"It won't work with me.  I read ""Tom Sawyer.""",159,48,16,223,637,2061
Here we see the gardener in his natural habitat.,161,49,16,226,637,30
"Uh, I wonder if this is what your psychiatrist meant when she advised  you to turn over a new leaf and set some boundaries in your personal life.",155,43,17,215,637,3065
It really speaks to the futility of the human condition.,163,50,16,229,637,2525
But is it Art?,152,31,21,204,637,271
"Don't get me wrong, I wish I could help, but there's a velvet rope here. Can't get around that.",142,51,11,204,637,623
"I'd like to help, but there's a red velour rope here.",168,50,17,235,637,371
Mom said I can have a turn.,171,49,18,238,637,1723
You're raking 9 leaves? Do you know what OCD stands for?,173,45,20,238,637,2440
"See, I knew a left-handed rake would make you more efficient.",167,39,21,227,637,1293
And this is the fall of which civilization?,164,50,16,230,637,2668
The endangered middle class in its natural habitat...What a sight.,167,44,19,230,637,3379
"Governor, we have people who can do that.",147,38,17,202,637,3626
"And here we have Banksy's latest piece entitled, "" The Futility of Man.""",138,33,17,188,637,2877
"In this piece, “Man Raking Leaves,” I capture early suburbanites’ lost ability to perform mundane chores without needing to brag about them on social media.",163,44,18,225,637,1226
"That's all very nice, but I paid to jump in a pile.""",129,38,13,180,637,2001
"Yes. The movements are simple, yet elegant. This performance truly captures the spirit of the worker.",155,37,19,211,637,1531
"Diary entry (June 16, 2037):  I visited the Museum of Homeownership. The exhibits feature scenes of everyday life when the middle-class could afford to buy their own homes.",156,40,18,214,637,1419
"..and this, ladies and gents, is what homeowners did before Netflix.",154,44,16,214,637,3067
"Two words dude, leaf blower.",170,45,19,234,637,1623
"The media have left, Mr. President.",164,44,18,226,637,2556
You’re doing it wrong.,145,31,19,195,637,2936
Nine leaves to remove.  Let me guess.  You're married.,166,22,27,215,637,1475
"Raking up is hard to do!""",173,41,21,235,637,1310
I'm researching lawn care workers for a piece in the New Yorker.,159,51,14,224,637,3344
I got up early to be first in line for this?,166,42,19,227,637,77
"'  Good velvet ropes and stanchions make good neighbors, I always say'.",162,50,15,227,637,1367
"Is this the line for ""Gone With The Wind""",156,34,20,210,637,1863
This summer’s “Man Cleans Pool” exhibition was much more compelling.,166,47,17,230,637,67
"You’re right, this is fun. No, I haven’t read Tom Sawyer-why do you ask?",144,35,17,196,637,3593
You need to relax the hips and activate your glutes.,171,42,20,233,637,343
"A natural right-hander, Larry expertly attacks the leaves with short, even strokes of the rake...",167,50,16,233,637,3016
"But in the end, isn't raking just a Bergmanesque danse macabre ending in desolation and futility?",172,45,19,236,637,2189
You can rake while you wait. I can’t seat you till your whole party is here.,147,39,16,202,637,2051
Mr. Gore? It’s time.,156,31,21,208,637,1813
I knew Tom Sawyer and you are no Tom Sawyer.,137,41,13,191,637,2889
"You know, there’s an app for that...",143,34,17,194,637,2237
The three o'clock show better have more leaves.,151,51,12,214,637,156
"Why do they call them ""leaves"" when you always have to rake them away?  They should just call them ""stays.""",157,39,18,214,637,1086
Good velvet ropes make good neighbors.,153,57,10,220,637,651
From Hunter to Gatherer: a live installation,178,40,22,240,637,1246
And here we have a quaint time-worn rite performed each Autumn by the typical American male.,159,45,16,220,637,2501
When does the next performance of “Man Cutting Grass” begin?,161,51,14,226,637,788
"I know I'm early, but could you tell me when the VIPs get to jump into the piles of leaves?",166,41,19,226,637,1040
This is the Autumn of your career,160,53,13,226,637,3455
Step it up Fred. We open in five.,146,48,12,206,637,715
This suburbanite museum is so realistic.,152,41,16,209,637,1363
"Yeah, he’s just raking leaves..... No, I don’t think he suspects a thing",153,44,15,212,637,1488
There's an app for that.,168,52,15,235,637,244
"Excellent exhibit! It""s amazing to think this was once done without fuel or electricity!""",173,42,20,235,637,2077
"Why pay to watch an independent film about the absurdity of life when I can watch you, day after day, futilely attempt to rake up all of the leaves?",162,36,20,218,637,3238
I expect you to pay for the wall.,147,33,18,198,637,1518
Fake leaves.,148,31,19,198,637,3008
I thought you meant something else when you said that you were really raking it in.,162,41,18,221,637,946
"John, I’m not sure “if you rake it, they will come” is going to catch on.",159,52,13,224,637,2101
Leaves are soooo last season.,160,55,12,227,637,1589
Unbelievable Sports Fans! John Henry beats the leaf blower -- again!,172,36,22,230,637,811
The ropes only make me want to jump into your leaf pile even more.,154,39,17,210,637,2157
Here today; More tomorrow.,169,52,15,236,637,3224
"When they said you were 'raking it in' in your new job, this isn't what I expected.",138,38,14,190,637,482
"A primitive performance piece, but I like the vibrant colors.",153,51,12,216,637,468
"Leaf, Erickson!",181,43,21,245,637,2143
I hope you're not planning to try to sneak them over here.,140,44,12,196,637,3563
How'd you like a wall to keep the leaves out?,152,30,20,202,637,2179
Google said this is the best place to view fall leaf raking.,165,52,14,231,637,211
"He said ""Make America Great Again"" not ""Rake Again"".",168,51,15,234,637,1503
"Wait, which one of us is the exhibit?",158,43,16,217,637,1493
"Sublimely Sisyphean Autumnal Activity, reenacted annually by my neighbor, Ed",160,39,18,217,637,3513
"You realize, your grass will never be as green.",140,36,15,191,637,1164
"Just because you're behind a rope, Jeffery, doesn't mean I can't see you...",162,40,18,220,637,345
"I believe those are my leaves""",166,32,22,220,637,2737
Looks like climate change has made some jobs easier.,169,36,21,226,637,255
First in line for the leaf pile jump again.,164,46,16,226,637,1219
"A little to the left. Further. Further. Too far! Go back. Stop! Right there. Yes, that one. That one says Fall to me. Hand it here.",140,28,18,186,637,1142
A bit too avant-yard for me.,159,48,14,221,637,3459
"I don't know if ""Man with Rake"" is MOMA-ready.",169,38,20,227,637,945
Are you charging by the hour or by the leaf?,166,44,17,227,637,3664
Picket fences are so passé.,151,46,13,210,637,810
How much longer ‘til the pile’s ready for jumping?,153,42,15,210,637,2662
I know it's avant-garden but it just looks unfinished to me.,185,41,22,248,637,2332
"Personally, I'd rather watch the grass grow.",159,40,17,216,637,968
You advertised for a bouncer?,160,48,14,222,637,1780
"Don't forget - if any of them cross my border, they get sent back.""",163,47,15,225,637,385
"Those look like my tree leaves, Fred",171,31,23,225,637,3608
"Yeah, I’m here for the New England fall foliage tour. Wow- would you look at that!",142,41,13,196,637,2505
"I'm not part of the audience, I'm a critic.",149,47,12,208,637,2825
How's retirement dad? Still think throwing away my power rangers was a good idea?,160,30,21,211,637,1124
"Careful, those used to be bitcoins.",154,42,15,211,637,1903
"Dad, you just don't understand. Being a nightclub bouncer is my dream!",164,37,19,220,637,374
"So, is this where I line up to rake it in?",162,41,17,220,637,660
"Back when we had seasons, we had this scene every Autumn.",165,50,14,229,637,1662
"By the way, you haven't commented on the stanchion rope line I installed between our yards. For me, it says friendly but not too friendly. And it's cheaper than a fence.",172,51,15,238,637,3328
"You can quit anytime, Ed. The OCD of the Year judges have left.",146,35,16,197,637,2321
When you said you were raking it in I pictured something else...,147,48,11,206,637,1984
Remember how you loved them when they were buds in spring.,153,36,17,206,637,2654
"You can keep me out of your yard, but not out of your head.",160,42,16,218,637,135
Leaves are a Democratic plot to make us think it’ll soon be winter.,163,36,19,218,637,3250
You got off easy. I was raked over the coals.,166,35,20,221,637,3575
We're going to let the squirrels in early.,170,32,22,224,637,3009
Don't mind me - just making sure we get 35% of every last thing you rake in this year.,174,44,18,236,637,2084
"In this exhibit, a thing of the past called a season.",148,33,17,198,637,416
"We both hoped that Manning could bring back the Giants, Al. But I wasn't dumb enough to bet on it. Don't forget my gutters.",148,33,17,198,637,1402
I can't decide if your raking is derivative or inspired.,153,38,16,207,637,1064
I’m from the Neighborhood Watch. You got a problem with that.,152,40,15,207,637,1616
They'll still figure out where you buried the body.,157,35,18,210,637,3310
Assiduous pursuit of deciduous leaves is no vice.,154,41,15,210,637,3617
"Yes, this is my first time at the Museum of Get Off My Lawn. Why do you ask?",157,40,16,213,637,1268
Make sure you stay on the Canadian side,163,28,22,213,637,2970
Those have to be back on the tree by 2pm for our next showing.,162,40,17,219,637,412
Keep working on your technique; the judges will be here shortly.,168,48,15,231,637,825
I call him 'The Fall of Man',180,34,23,237,637,1019
You missed one over by the door.,139,43,11,193,637,3447
It just feels so... clichéd.,157,37,17,211,637,2398
"why call them ""leaves"" in the fall without calling them ""arrives"" in the spring?",164,43,16,223,637,2343
"I am always impressed with how the golden yellow offsetting the russet represents man's inhumanity to man, while arranging them in piles echoes global societies. Where do you get your inspiration?",172,42,18,232,637,99
"As soon as you get all of those, you can turn over a new one.",181,44,19,244,637,2789
"The ad said, ""learn how to rake it in.""",142,49,9,200,637,3267
"I sense a lack of joie de vivre, unless you're raking ironically.""",151,41,14,206,637,420
I so admire the way you mix colors.,153,42,14,209,637,332
"And here we have our newest art installation, ""The Fall of Man""",158,37,17,212,637,952
"You are about to enter another season. A season that's not quite cold enough for a coat, but too chilly without one. A season where people can't decide if they should have up Halloween or Christmas decorations. It is a season we call The Autumn Zone.",161,36,18,215,637,1387
And here we see the typical New Englander in its natural habitat raking leaves.,160,43,15,218,637,70
"You have to let me manage you. The crowds have stopped coming, and the season’s almost over.",160,43,15,218,637,372
My trees don't shed,160,43,15,218,637,3142
"When you are done here, he wants you to start draining the swamp.",166,36,19,221,637,1077
Any progress?,167,44,16,227,637,548
"Speaking as your life coach, I would like to see more enthusiasm.",166,56,11,233,637,2587
"Your wife said as long as I stay behind the rope, I can watch you all day",170,40,18,228,637,337
"Show’s over, Mr. Thoreau. You can break out the leaf blower now.",165,40,17,222,637,927
The trees may be on this side but the leaves are on yours.,146,38,14,198,637,997
"Yes Virginia, convicted former Presidents still get Secret Service  protection even in minimum security.",169,42,17,228,637,1392
"Excuse me, is this where they're performing `The Rake's Progress'?",164,37,18,219,637,3178
"Hey Sisyphus, you know those leaves will just keep falling, right?",164,42,16,222,637,3541
I prefer you're earlier work.,172,33,21,226,637,252
And here's a rare find! The suburban male in his native habitat!,169,39,18,226,637,2340
Elbow up. Rotate the wrist a bit. Very nice.,160,47,13,220,637,1684
I see you've yet to turn over a new leaf.,168,31,21,220,637,1722
Performance art is different out here in suburbia.,160,42,15,217,637,3255
How many people do you usually get for this show?,157,43,14,214,637,687
"I know you're divorced, but the contract states that somone must oversee yardwork from afar with disapproval.",162,33,19,214,637,2322
"I'm told this performance also includes the so-called ""bagging"" ritual.",149,44,12,205,637,3148
Are you done yet? I have a party of four coming.,144,44,11,199,637,1973
I admire the optical suggestions of the negative space evoked by the fact that you’re not really raking a lot of leaves.,146,30,17,193,637,3765
"Easy there, we need it to have a 'lived-in' look.",125,47,6,178,637,383
In this piece the dead leaves represent man’s sad mortality.,179,46,17,242,637,3738
Your raking lacks the passion and irreverence of your earlier works.,166,47,14,227,637,499
I prefer the winter exhibit. This one falls short of expectations.,168,43,16,227,637,2751
"You don't see too many black people in these cartoons, do ya?",167,35,19,221,637,794
Un- freaking- be- LEAVE- able !!,174,16,28,218,637,3404
"Rake all you want, the grass is always greener on my side.""",164,31,20,215,637,488
I should have splurged for the audio guide.,161,37,17,215,637,2138
"Last time I let someone borrow my rake, I never got it back, so yes, this IS necessary!""",161,37,17,215,637,2341
As your Raking Coach I will say your method is technically correct but lacks passion.,158,43,14,215,637,3627
"And you're the opener for what, snow?",158,38,16,212,637,1427
Performance art isn't raking in as much as it used to.,157,40,15,212,637,2099
"No. No. No. No. No. No. No. No. Okay, that leaf can come in.",158,38,16,212,637,2946
"Sir, do you have a moment to talk about Jesus Christ?""",156,32,18,206,637,145
I have bad news from the witness protection program.,144,41,12,197,637,456
"This species, HomeSapienSuburbiana, was known for its reluctance to part with primitive tools.",145,39,13,197,637,975
No one leaves,141,37,13,191,637,2886
You know they’ll only fall again next year.,137,40,11,188,637,1460
"Do your neighbors realize it's performance art, Carl?",177,47,16,240,637,2950
"Sir, I promise you, vicarious home ownership tours are all the rage among millennials",164,33,19,216,637,634
I liked your previous works better.,157,42,14,213,637,487
"More to left, yeah, right there.",158,40,15,213,637,2964
And here we have a live exhibit of one of the few remaining white men in the United States.  He is raking leaves in his natural habitat and has not spoken in 20 years.  We recommend not making eye contact.,152,37,15,204,637,1830
Fat Tony says it would be advisable to return his rake. Kapish?,176,51,14,241,637,1965
The Secret Service placed me on administrative leaf.,176,36,20,232,637,44
The crowd is watching your neighbor with the leaf vacuum.,177,34,21,232,637,1671
"I have to say, congressman, it’s not “the house” but at least you’re getting something done.",169,45,15,229,637,2458
I waited in line for THIS?,162,44,14,220,637,3249
"I like to sing ""All The Leaves Are Brown"" when I do my raking.",155,43,13,211,637,3474
I can’t believe that I paid twenty dollars to watch this.,171,48,14,233,637,3058
Ernie had to set up a spectator rail as he doesn't have a powered leaf collector and the neighbours were intrigued by manual labour.,174,37,19,230,637,3201
I hate performance art,168,44,15,227,637,1012
Can you tell me when the hoes will be here?,169,42,16,227,637,1157
Thank you for curating Autumn's bounty Dave.,162,46,13,221,637,2476
I guess I'm a little early for the bonfire.,164,37,17,218,637,1900
White homeowner doing his own yard work?  It's definitely worth the price of admission.,160,40,15,215,637,2486
"I don’t think the “working-class angle” will help the campaign if they can see me in frame, sir.",162,31,19,212,637,29
So that’s what it’s used for.,157,41,14,212,637,3610
Come on!  I've paid good money for this.  Your turn is up.,152,41,13,206,637,2449
Our HOA rules allow no more than 8 fallen leaves per lawn.,153,39,14,206,637,3157
"It may be a boring exhibit, but at least I'm at the front of the line!",146,48,9,203,637,2422
"Wow, the V.I.P. autumn experience pass used to come with more leaves...",150,40,13,203,637,3428
I see my leaf blower worked!,183,36,21,240,637,3552
Glad I’m early. I hate standing in lines.,173,51,13,237,637,530
Take your time with it.  Really connect with the leaves.,169,49,13,231,637,2828
Go ahead rake my day.,165,47,13,225,637,1819
And now he will attempt the rare four in one pull  to the right.,168,41,16,225,637,2469
"A little more drama, please. I paid good money for this.",137,31,14,182,637,1223
His brushstrokes reveal feelings of anger and frustration.,161,40,15,216,637,324
"People came from all over just to see Walter train for the 
Fall Olympics.",157,48,11,216,637,1556
Rake all you want. You're not getting in.,160,42,14,216,637,3239
Will you be returning for the snow?,158,36,16,210,637,280
I came for the snow show.  I'll just wait.,159,29,19,207,637,493
Call me when you turn over a new leaf.,172,50,13,235,637,2062
"...Every leaf, to him, was a proclamation of his own mortality. The early fall. Later, he would tidy up the shed.",172,45,15,232,637,1816
Some leaves turn. Some are turned away.,146,35,14,195,637,995
Bend your knees!,166,47,13,226,637,809
And here we see the suburban dad preparing his territory for the winter months,142,38,12,192,637,3488
"I'm not sure that ""raking it in"" as performance art is working for me.",166,42,15,223,637,1334
"Ah, fallen leaves—a dying medium.",163,38,16,217,637,640
Would you like to upgrade to the VIP Lounge and a complimentary leaf blower?,163,33,18,214,637,539
"Fred, believe me, no one is going to steal your leaves!",176,49,14,239,637,2217
Good neighbors don't complain about whose trees they came from.,178,45,16,239,637,3535
Rake slower. We're expecting a crowd.,149,51,8,208,637,43
When you said our business venture would be raking it in I didn't think you meant literally,154,36,15,205,637,479
Just worry about the leaves...I'll handle the riff-raff.,151,42,12,205,637,2315
"Ladies and gentlemen, that ends today's performance of 'Autumn in New England"".  Next show will be tomorrow at 5PM.",168,55,10,233,637,1300
Worst. Wax Museum. Ever.,167,47,13,227,637,932
"Yes, but what does the work mean?",169,43,15,227,637,2499
"I'd offer a hand, but this rope is in the way.",170,36,18,224,637,3247
Rake news.,166,39,16,221,637,2146
You're going to have to do the whole thing over again next year you know?,161,44,13,218,637,195
"Such poise, yet... you can really sense the artist's struggle.",159,43,13,215,637,2211
The 'realism' is exquisite.,177,49,14,240,637,72
Don't let your leaves blow over on my side. You know I used to be Rand Paul's neighbor.,158,35,16,209,637,2273
I see after all these years you're still raking it in.,172,49,13,234,637,2716
"Frankly, your lawn-mowing phase was more moving.",172,49,13,234,637,3469
Dustin was beginning to wonder if he should have paid full price after all for his front row ticket,171,46,14,231,637,2927
Now I know why I'm the only one watching.,152,37,14,203,637,779
"Sorry, Mr. Dowd, but a mere border of velvet rope doesn't turn ""Gathering the Leaves"" into Conceptual Art.",149,43,11,203,637,1022
"Remember growing up, before climate change, when autumn leaves didn't need a VIP rope line?",151,34,15,200,637,2908
"Can I get a selfie of me with that ""rake"" thing?",146,39,12,197,637,3110
Every year George judges the leaf raking competition.,163,42,14,219,637,311
You’ve got a point Ted. If curling can be an Olympic sport there’s no reason leaf raking shouldn’t be as well.,161,46,12,219,637,2229
I prefer his early rake work,164,40,15,219,637,2334
I am here to observe the rake's progress.,183,39,19,241,637,1574
"For an art installation, it's pretty garden variety.",164,35,17,216,637,2335
"I call this piece, ""Man with Rake in Autumn""",158,47,11,216,637,2376
Hey! Those are my leaves.,161,41,14,216,637,3127
Secret Yard Service,175,45,15,235,637,448
"Square your shoulders, lean in, and power off your back leg, rookie!",156,36,15,207,637,1318
He who laughs least leaves last.,177,31,21,229,637,3301
It's so avant-yard.,173,34,19,226,637,3339
One ticket to 'falling leaves' please.,163,49,11,223,637,247
"Your time’s up, Senator. Now you can call yourself a “populist.”",147,39,12,198,637,1560
I don't agree. I don't think it's any more exciting than watching paint dry.,147,39,12,198,637,1815
Tell me again why I should pay to watch this.,162,46,12,220,637,2628
I paid good money to watch leaves being raked. I expected more than nine.,160,45,12,217,637,922
"Failed to get permission from the Homeowners' Association to build a 30 foot wall, didn't you, Donnie?",166,33,18,217,637,1861
"I must say, last season's performance of 'This is me, mowing my lawn' was much more stimulating.",161,43,13,217,637,2763
"Rake all you want, but that won't guarantee admission to the rest of the yard.",144,40,11,195,637,3734
Nothing can appear dead during his presidency--you understand?,162,36,16,214,637,912
"After you rake the stage, you'll need to get the squirrels out of the mezzanine.",155,45,11,211,637,807
Can’t believe I paid for lessons.,158,39,14,211,637,1330
"Someday, and that day may never come, I will call upon you to do yard service for me.",189,41,19,249,637,293
It really does capture the futility and complacency of the modern American male.,151,38,13,202,637,102
"A little to the left.  Ahhh, yes, that's it.",153,34,15,202,637,2498
"I call it ""the autumn of male discontent""",166,40,15,221,637,146
Never send a human to do a machine's job.,162,48,11,221,637,1249
There's only 9 leaves there. Just pick them up !,150,35,14,199,637,3329
"Look on the bright side, you could be shoveling instead of raking.",163,36,16,215,637,1414
"Seems like an aweful lot of trouble to go to
 for eight leaves.",173,48,13,234,637,581
So last Fall.,158,36,15,209,637,578
I preferred your Summer Period.,153,46,10,209,637,2122
I'll make it worth your while if you can get me in.,169,41,15,225,637,75
You missed one.,168,43,14,225,637,210
"You're angry.  Those tines tremble with rage. When you rake, I believe it.",151,45,10,206,637,837
Am I getting in or not?,151,45,10,206,637,2233
"his motivations are flawed, the results unnoticed, but he looks content. I love it.",156,30,17,203,637,3343
"You know, a decent chain saw could have prevented all of this...",183,35,20,238,637,1583
"Witness, the fall of man",177,47,14,238,637,2686
Observing the creature in his natural habitat.,162,35,16,213,637,402
NIMBY,170,41,15,226,637,1340
I'd like a refund.,172,37,17,226,637,3086
"Act busy, he's still here...",164,48,11,223,637,3241
this exibit from the past shows when humans actually did work,154,36,14,204,637,1712
I just want to know who you're wearing.,174,50,12,236,637,2280
"You didn't really think that a velvet rope and a Reservations Only sign would keep leaves out of your lawn, did you",148,43,10,201,637,745
That’s not the ‘raking in’ I was talking about,154,31,16,201,637,793
You’re doing it all wrong.,151,37,13,201,637,3131
"You have the ass of a Greek god, Needleman.",168,30,19,217,637,607
"Not that one—let's try to keep it autumnal, OK?",165,36,16,217,637,1439
"""Gripe all you want about it, but do you see any leaves on my side?",161,44,12,217,637,2397
"Well Senator, I guess not everything is a photo-op.",177,39,17,233,637,124
"Now folks, your first stop at Suburban Boredom Farms is this excellent reenactment of leaf raking.",177,39,17,233,637,696
"I guess this is the last day of the autumn exhibit""",161,39,14,214,637,3359
"Do I detect a bed of Scarlet Oak, smothered in Himalayan Birch with a drizzle of Acer Maple",174,40,16,230,637,797
There is always a wait no matter what time I get here.,152,52,7,211,637,3752
Is this where the line starts to watch the last leaf fall?,171,41,15,227,637,3207
This is marvelous - What do you call it again?,177,51,12,240,637,673
Even as performance art this is ephemeral.,152,47,9,208,637,3243
The artist has really captured the nostalgic hyperrealism of postmodern suburban life.,173,54,10,237,637,1149
Nine leaves. You'r raking up nine leaves.,175,45,14,234,637,1461
First you build a wall and now you have to do what the Mexican immigrants did. Don’t you love Making America Great Again?,156,29,17,202,637,3025
ENOUGH ALREADY !! I’ll just pick up the rest !,158,25,19,202,637,3460
"So what is there, like a two leaf minimum?",160,43,12,215,637,653
What part of 'leave' don't you understand?,161,41,13,215,637,3331
"Do you have to make a spectacle out of everything, Bob?",159,45,11,215,637,3666
The ticket office is closed... mind if I just stand here and watch?,156,46,10,212,637,3037
"Is is the ""You can really rake it in!"" course from Trump University?",174,27,21,222,637,706
You realize they will all be back tomorrow.,161,48,10,219,637,1010
When does the bagging begin?,162,46,11,219,637,1359
Mr. Madoff your table is ready,176,40,16,232,637,1351
Those leaves are so last year.,166,33,17,216,637,1886
"Yep, line was around the block yesterday. You’re so lucky you got here early. . .",160,45,11,216,637,2190
"Rakes are so passé 
I prefer a lawn roomba",160,45,11,216,637,2580
I preferred the garden hose exhibit.,159,42,12,213,637,2552
Is this part of the display or are you just raking leaves?,163,51,9,223,637,1110
I already voted AND raked my side.,177,45,14,236,637,2053
Is this section closed?,155,40,12,207,637,3212
"Charming, but a little derivative of last season's collection.",154,37,13,204,637,2275
"Shall I admit the media now, Mr. Comey?",164,39,14,217,637,3498
"Your Rake’s Progress is vigorous and nuanced, but it’s no Rite of Spring.",154,32,15,201,637,560
"The Papparazi are a no-show, sir. Should I get you the second bag of leaves to clean up anway?",162,38,14,214,637,2750
"Sure the color palette has changed, but it still seems derivative of his work earlier this year with the hoe.",154,27,17,198,637,719
What the heck. Never been first in line for anything before.,154,49,8,211,637,890
"Sir, the leaf museum is closing. Come back tomorrow.",170,39,15,224,637,743
That's not what I meant by 'getting more involved in environmental issues'.,145,40,10,195,637,89
Think of it as a Zen thing,179,38,17,234,637,1398
Seriously?  You really don’t think good velvet ropes make good neighbors?,156,40,12,208,637,2689
I persuaded them to leave. Where they go is up to them.,174,43,14,231,637,749
"I’ll say this, I enjoyed Stravinski’s “The Rakes Progress” at the Met more.",165,39,14,218,637,1222
Be still. The leaves will come to you.,162,40,13,215,637,1025
On display - a rare species: an American doing his own yard work,161,42,12,215,637,2169
Your past your time limit sir.  There's a long line of other urbanites that want to handle that rake.,169,43,13,225,637,3275
"OMG, his style is SO derivative and the plot is totally last year.",160,39,13,212,637,1438
"If you'd just wait, you'd only have to do that once.",161,37,14,212,637,3566
"Yes, we admit they're oak, but unless you have DNA results, they're yours.",150,37,12,199,637,1627
"A sublime portrait of suburban American angst.  Not sure it's worth the cover charge, though.",163,50,9,222,637,1760
I could do that.,168,40,14,222,637,2354
No need to sort the colors.,166,44,12,222,637,2947
The pathos of the American proletariat; the dull nostalgia of iterative seasonal chores in an allegorical autumnal wood. Pieces like this are the very reason I became a Vermont-based freelance Performance Art Curator.,163,28,18,209,637,3203
Middle Class: Critically Endangered,165,41,13,219,637,762
Super blessed to be curating my first lawn,167,37,15,219,637,2610
"Many, many moons ago, before leaf blowers, our forefathers used a device called a ""rake"".",167,37,15,219,637,3510
I'm here for the matinee,185,62,8,255,637,3324
Only nine more to go.,156,37,13,206,637,3468
And you said you'd rake in millions.,160,46,10,216,637,3647
"Al Gore might prefer you rake those leaves, but real men use leaf blowers.",181,43,15,239,637,1529
"If you rake it, they will come.",154,36,13,203,637,2733
Lacks the depth and drama of “Man on Riding Mower”,159,43,11,213,637,2645
These fall foliage tours are getting a bit too commercial for me.,158,40,12,210,637,638
"Before the President arrives, let's Make America Rake Again.",192,50,14,256,637,2745
This is your big fall show?,163,42,12,217,637,2778
"Excuse me, where does one find the entrance for TSA pre-check?",172,41,14,227,637,3450
Into each yard some leaves must fall.,151,44,9,204,637,856
"Sure, keep me on the outside while you're just raking them in.",153,40,11,204,637,2477
Turning over a new leaf?,162,39,13,214,637,1803
Can you please direct me to the Weekend Grilling exhibit?,170,40,14,224,637,1676
"Tom’s latest performance art exhibit opened poorly, but he had a feeling it would pick up in the fall.",178,41,15,234,637,381
"At the Climate-Change Museum, people may enjoy exhibits featuring ancient technologies that could have saved the earth.",160,38,13,211,637,1669
"Rake away Senator, the Secret Service has your back.",176,40,15,231,637,2159
I still plan to lift this rope and jump on your pile of leaves after you've finished raking them up.,171,45,12,228,637,3018
"I call this piece, “The Third Rake: Tyrants of the Front Yard”.",183,38,17,238,637,948
"Just remember, your ankle monitor will allow leaf raking...only in the roped-off area.",152,44,9,205,637,1962
It's so Avant Garden,185,51,12,248,637,2474
"When asked to review ""A Rake's Progress"",  I wasn't expecting performance art.",168,29,18,215,637,14
"And then, Mr. Bond, I plan to jump in them.",166,33,16,215,637,133
Wouldn't disturb that spot if I were you.,166,33,16,215,637,2903
"We asked you to leave, not to leaf.",167,31,17,215,637,3283
Art has never imitated life so honestly or captured the human condition so beautifully.,171,40,14,225,637,1526
Why does everything have to be exclusive with you?,161,38,13,212,637,71
This doesn’t make it art.,163,34,15,212,637,2203
"Get the red one. Now the orange. Oh yeah, that's the stuff.",165,47,10,222,637,1868
"May I remind you, sir, that your Premium Blue Collar Lfe Experience session ended five minutes ago?",178,38,16,232,637,1955
"Very nice piece but, is it Art?",181,49,12,242,637,333
"An excellent cover up job, sir.",140,41,8,189,637,1095
"Since they're small, we call them leaflets.",144,33,12,189,637,1598
Would be a shame if something happened to that rake.,143,35,11,189,637,3757
"Excuse me, is this part of the 'Greatest Generation' exhibit?",169,34,16,219,637,2375
"And this is the Manual Labor exhibit, circa 2018",173,43,13,229,637,3032
So this was what they did before leaf blowers.,185,53,11,249,637,1510
I'm just here to check on 'The Rake's Progress'.,141,34,11,186,637,2430
"Christo's ""Man With Rake"" wasn't quite drawing the crowds he'd expected, but his lawn was kept quite tidy.",148,37,11,196,637,3099
I'd rather watch the grass grow.,148,37,11,196,637,3678
You missed the one on the right.,158,34,14,206,637,2063
Tommy tells me there are weeds we need to whack.,171,42,13,226,637,2833
"So, my discounted ticket was for standing room only?",179,43,14,236,637,2966
"My trees, my leaves, I want 'em back.",146,36,11,193,637,151
I can't believe I spent all that money to come to Vermont to watch THIS!,172,35,16,223,637,534
Bad fences make bad neighbors,179,38,16,233,637,1453
"No, those did not come from my side",176,44,13,233,637,3124
"Derivative.""",167,40,13,220,637,1624
"No, I have not read 'Tom Sawyer'.",172,47,11,230,637,1856
Curling just hasn't been the same since the last of the ice melted.,179,50,11,240,637,1880
"And behold, my favorite specimen, the common suburban homeowner.",159,39,12,210,637,2294
"Wow, a middle class guy doing manual labor. How Rockwellian!",174,38,15,227,637,720
A little more to the left.,168,50,9,227,637,949
Only nine leaves...and you're still a climate change denier?,158,36,13,207,637,1929
Trust me.  They're all yours.  I had mine microchipped.,149,37,11,197,637,1492
"When you''re done with the leaves, Larry, please see me in the war room.",178,42,14,234,637,2916
My only observation is the one I have repeatedly made  to your obvious annoyance: There's a whole lot more where that came from.,170,41,13,224,637,3605
I raked my leaves before they fell.,163,38,13,214,637,2661
"And over here we have what we called back in the day, ""teenager doing a chore at home.""",165,34,15,214,637,3112
I love the futile primitivity of this 20th century man exhibit,161,25,18,204,637,3775
I'm here for the mulching demonstration.,185,40,16,241,637,52
Why bother?  They'll be back next year.,173,47,11,231,637,95
"Alright, fine. But can I at least try your hat on for a minute",177,39,15,231,637,1600
American pastoral with definite Beckett undertones.,167,42,12,221,637,3259
Faster,173,42,13,228,637,588
Banksy yard art destroyed by gardener after $250M sale,174,23,21,218,637,1558
I assume this is a limited engagement?,165,41,12,218,637,2456
"Yes, Mr. Zuckerberg, this makes you look very human.",170,31,17,218,637,2569
For every leaf he rakes another falls. Brilliant.,157,40,11,208,637,2319
That restraining order does not mean we cannot still be friends.,159,36,13,208,637,3094
I Love work..I can watch for hours,147,43,8,198,637,2870
"I shall call it, Ned in November.",184,32,19,235,637,1951
It’s amazing what passes for art nowadays.,163,40,12,215,637,2186
"Behold, the avant-yard.",167,32,16,215,637,2835
Fascinating! 'Work' you say?,155,39,11,205,637,729
"Frankly,I was expecting a little bit more from this fall tour?",157,35,13,205,637,3442
"For $5 monthly, upgrade to full backyard access.",185,42,15,242,637,3704
It's all in the wrist.,166,46,10,222,637,140
Sometimes a rake is just a rake.,168,42,12,222,637,2945
No offense but watching this is way better on YouTube.,160,41,11,212,637,830
Just the red ones please.,162,37,13,212,637,1162
"Your work has promise, but should feel less like a chore.",162,37,13,212,637,1829
Can I jump on the pile when you’re through?,177,36,16,229,637,1511
The old Studio 54 doorman torments poor Bill Johnson to this very day.,168,37,14,219,637,2412
You totally set me up to be the fall guy.,169,35,15,219,637,2594
"Sir the exhibition is inside, I’m just the gardener.",191,37,18,246,637,2028
I love watching the seasons change.,158,40,11,209,637,2939
I don’t get it.,185,32,19,236,637,1072
"If that caravan of leaves even thinks of crossing over, I’m building a wall.",186,30,20,236,637,2464
"If you didn't want a red carpet, you shouldn't have planted Japanese maples.",177,31,18,226,637,2155
"Geez, performance art sure isn't what it used to be.",164,40,12,216,637,2073
The leaf blower exhibit is four doors down.,159,33,14,206,637,92
"Here in our Nature section of the Museum, this display reflects, the Chores of what once was, when we had Tree's.",159,33,14,206,637,2251
"Mother-in-law coming for a visit again, eh?",167,46,10,223,637,414
Rake it till you make it.,172,36,15,223,637,3531
"Diorama From
“The Museum of Suburban Life”",147,40,9,196,637,2918
And here is an example of the post art movement called Dadism.,163,37,13,213,637,808
"When I chose the red pill, I imagined something a lot more exciting than this.",182,28,20,230,637,1468
"According to Robert Frost, velvet ropes make good neighbors.",165,45,10,220,637,575
"I'm not leaving.""",168,39,13,220,637,2609
"Just because I'm blind doesn't mean I can't tell you ""you missed one over there"".",180,44,13,237,637,784
"Sir, the real common man would use a leaf blower.",157,44,9,210,637,297
"Put your back into it Tom, this exhibit’s entitled “Rake’s Progress” for a reason.",163,44,10,217,637,2471
"If good fences make good neighbors, velvet ropes make better ones.",177,45,12,234,637,3470
"You’ve been raking that same area for over an hour, Bob. Haven’t seen Alice for a while. She’s usually gardening this time of day. Come to think of it, I haven’t seen her for the last several days.”",146,32,12,190,637,1826
"You rake, I'll charge admission to watch and together we will totally clean up.",171,40,13,224,637,498
Just the red ones Bradley.,173,36,15,224,637,1108
"Sorry, neighbor, but your Tom Sawyer tactics are not going to work on me.",183,45,13,241,637,3156
Don't give me that 'good cordons make good neighbors' nonsense.,149,38,10,197,637,3295
"Yes, that’s good. Do it like you’ve never seen a leaf blower.",161,43,10,214,637,553
"Sir, the hands-on rake exhibit closes in five minutes.",160,45,9,214,637,2724
"Well Jenkins, that is hardly what we mean by 'raking it in'.",162,41,11,214,637,3348
"He may be a middle class white man, but he still rakes his own lawn - fascinating.",175,44,12,231,637,1368
"It's intriguing, sure, but not all movement is art, Larry.",164,49,8,221,637,541
The power blower conventioneers want to see someone still using a conventional rake. Their bus will be here any minute.,171,35,15,221,637,629
Am I the exhibit or is he?,186,34,18,238,637,1355
"The last installation, with you on the ladder, was more ""high art.""",170,37,14,221,637,1840
"Yeah, we get it, Bob. You're raking leaves. Big whoop.",182,42,14,238,637,2484
The green ones can stay...the yellow and red are out.,167,43,11,221,637,3560
"I call this work, Man about to hurt his back.",162,36,13,211,637,286
Congratulations to the finalists because I can't think of anything for this one,170,20,21,211,637,3078
"How do you think those leaves got past the rope, Bert?",161,38,12,211,637,3561
"Well, I think it's brilliant that you are charging admission to watch you rake.",160,40,11,211,637,3584
Durational performance mining the tropes of Midwestern suburbia. Derivative...yet strangely avant-garde.,163,34,14,211,637,3650
The grass is greener on my side of the rope.,187,56,9,252,637,2697
The neighbourhood watch would like to have a word with you sir.,163,46,9,218,637,447
"And this is how Man employed simple tools 
before the EPA killed all the trees.",171,30,17,218,637,1023
A little to the right.,163,46,9,218,637,1928
Have you heard of the avant-garden movement? Probably not.,169,34,15,218,637,2057
"Any tickets available for the 9 PM  ""Raking ""  ?",168,36,14,218,637,2665
"Jack, raking leaves isn't consider performance art...",172,40,13,225,637,635
"I don't know, Stan. I was just thinking maybe good velvet ropes make good neighbors?",158,39,11,208,637,480
"Ah, the quiet art of leaf raking sans blower. So zen, n’est pas!",159,37,12,208,637,3639
Just thought I would stop by and see how you’re doing since winning the lottery.,162,43,10,215,637,111
"$5 cover charge gets you into the non-leaf section of the yard, buddy.",158,51,6,215,637,579
I said I would 'ALMOST' pay to watch you do manual labor.,161,45,9,215,637,3007
Witnessing this exercise in futility has been cathartic indeed.,166,47,9,222,637,66
I particularly like the use of the instrument as a progression of the individuals relationship with his environment,169,41,12,222,637,699
"This ""slice of Americana"" wasn't worth the $10 admission.",167,45,10,222,637,923
"If you could rake the red ones into a carpet, that would be great.",157,36,12,205,637,264
Use your core muscles,175,41,13,229,637,1811
It’s a bit much to call this performance art.,173,45,11,229,637,1963
"I’ve got people who can do this, if you’re interested.",170,51,8,229,637,3383
You have been described as rakish. Now I can see why.,158,46,8,212,637,716
"With their latest set of terms and conditions, this was the only thing MoviePass allowed me to see.",179,45,12,236,637,2231
Do it with more surrealism.,156,33,13,202,637,1391
Who said yard work couldn't be glamorous?,176,34,16,226,637,664
Your voters will be happy to see you are doing your part to rake America great again.,172,42,12,226,637,686
Performance as metaphor for man’s eternal battle against nature.,175,36,15,226,637,1339
"Yes, it's my house; but we still call it community service.",176,46,11,233,637,3787
"Bend your knees, choke up, and keep your eye on the leaves.",165,39,12,216,637,1481
Don't overdo it  . My leaves don't fall for another week .,165,39,12,216,637,2513
Will you hurry up---I've got to use the bathroom!!,151,26,15,192,637,3115
"Harry, I thought your #LeafMeAlone campaign was just a pun, not a double entendre.",183,44,13,240,637,3426
"When I suggested we'd be raking it in, I didn't think of you as the literal type.",166,37,13,216,637,3728
Please tell me why I'm standing here.,173,35,15,223,637,1931
I thought you were extinct.,170,41,12,223,637,2043
So..... you've turned over a new leaf.,170,41,12,223,637,2295
"I thought Michelangelo's ""The Fall of Man"" was OK, but this one really nails it.",153,34,12,199,637,2934
I'm only doing the front if you stop calling me your avante-gardener.,179,35,16,230,637,2329
Not a single leaf since I put up this VIP barrier rope.,164,36,13,213,637,1295
"Rake all you want, but with that outfit, you're still not getting in.",162,40,11,213,637,3004
Are we still not talking?,164,48,8,220,637,215
"If you ask me, your footwork was better yesterday.",166,44,10,220,637,2882
That's the last time I order lawn seats.,177,34,16,227,637,1114
I’d be out there raking with you if it weren’t for these damn velvet ropes.,158,31,14,203,637,3709
You millennials fall for the curated artisinal leaf raking experience crap every time.,162,35,13,210,637,821
Can I buy a cap like that in the gift shop ?,140,38,8,186,637,3594
"Keep looking Attwood, The Big Guy wants no leaf unturned.",198,40,17,255,637,728
I'm a friend of the squirrel.,170,43,11,224,637,1936
I like to watch.,183,41,14,238,637,410
With the right music this could be a scene in a Ken Burns documentary about life before climate change.,161,32,14,207,637,1674
"'It's ok, I don't want them back.'",190,39,16,245,637,1167
"Your yard, your call, but if I had nine leaves on my lawn, it'd be leaf-blower time.",166,34,14,214,637,3319
The merits of this piece are deciduous at best.,164,38,12,214,637,3351
"By my troth, ‘tis the young rake, leaver of lovers and lover of leaves.",165,36,13,214,637,3735
Do you ever get the feeling you’re being watched?,165,48,8,221,637,2667
"Well, Harold, how do you like raking it in here at Club Fed?",177,36,15,228,637,1070
I just got the joke about the hot dog guy on top of the pyramid.,164,21,19,204,637,1943
Perhaps if you had applied yourself more you would be raking on THIS side.,155,39,10,204,637,3272
"So Bill, I wanted to talk to you about your new ""fence"".",165,43,10,218,637,2046
The museum of leaf raking is far less exciting than it sounds.,171,31,16,218,637,2704
"""This is only step-one of the witness protection process, cow-milking begins at 1600 hours""",151,42,8,201,637,452
"I'm the monitor from ""no leaf left behind.""",157,30,14,201,637,1093
I’ll never understand performance art.,153,38,10,201,637,1747
There is nothing even mildly amusing about this cartoon.,164,16,21,201,637,3164
"You take a lousy task to a whole new level, Fred.",175,30,17,222,637,1059
I'll always remember where I was when I saw you raking nine leaves.,159,33,13,205,637,432
You're raking in the wrong direction.,156,39,10,205,637,3559
Behind every rake there’s an exhibitionist.,162,39,11,212,637,668
Ticketmaster implied that there would be at least eleven leaves.,158,47,7,212,637,1403
I can see you're leaf stricken.,160,43,9,212,637,1537
I find this to be a very avant-yarde work.,158,47,7,212,637,3109
I don’t feel like a VIP.,170,35,14,219,637,3183
"Welcome ""Urban Adventurers"" -   our experts have carefully curated organic leaves at their peak of color for your ultimate artisinal seasonal raking experience.",177,33,16,226,637,2952
The ropes aren't necessary anymore Dad.  I'm too big to jump in the pile anyway.,182,35,16,233,637,1858
You think your yard is something special.  It's just a quarter-acre with a mortgage like everyone else's around here.,151,32,12,195,637,180
Yea it’s called a rake and people used them for decades before climate change,153,28,14,195,637,2782
"Sir, we've got the cameras set up - you ready to look relatable?",158,30,14,202,637,3727
So this is what they meant when they said I’d be ‘raking it in’,166,38,12,216,637,1895
"Look on the bright side:  When you're finally released, you can write a famous book, call it something like Leaves off Grass.",167,36,13,216,637,1959
"Just making sure you keep them on your side of the fence""",167,48,8,223,637,1849
Hurry up. It's my turn.,173,36,14,223,637,2522
What time is the next raking demo?,174,46,10,230,637,283
Think of this as a rehearsal for some serious snow shoveling.,175,44,11,230,637,3256
This year's leaf raking competition had record attendance,147,35,10,192,637,3019
"Gary, seriously? You took one art class.",163,27,16,206,637,1329
"They just keep falling, don't they.",159,35,12,206,637,3743
It's not too late to switch to valet-raking.,167,31,15,213,637,164
Turning a new leaf?,163,39,11,213,637,665
"You're planning to vote, right?",162,41,10,213,637,3451
Thanks for reminding me of what I’m not missing in my life.,172,33,15,220,637,58
"It's show time, Ernie. Where do I seat the neighbors?",166,45,9,220,637,590
Pretty lame garden tour.,172,33,15,220,637,1653
BORING!  You’re BORING me!,166,45,9,220,637,2627
Didn't you used to rake Trump's hair before you retired?,184,33,17,234,637,1020
"They'll be filming, so when the senator says he grew up in a town like this you should mention how down to earth he seems.",146,32,11,189,637,25
And this is the latest addition to my avant yard selection,165,30,15,210,637,338
"And who told you, 'If you rake it, he will come.'?",189,42,14,245,637,1429
"Ah, the Homo Rake-tus.",170,32,15,217,637,2699
Have I missed the 3:00 PM show?,171,42,11,224,637,2901
You gotta rake it till ya make it,150,36,10,196,637,3049
"You'll never be on Raking With The Stars.""",162,36,12,210,637,3414
Historical reenactment -BLB(before leaf blowers),173,38,13,224,637,3578
"Hey bud, the wind just blew a couple of your leaves into my yard.",162,36,12,210,637,3750
I've decided to let things blow over for the time being.,179,33,16,228,637,544
Watch yourself.  You know what I did to Rand Paul.,177,37,14,228,637,1343
They say good rope lines make good neighbors.,173,45,10,228,637,1348
"Senator Paul wishes you 'Happy Fall', sir.",179,33,16,228,637,2691
I just don't find the plot compelling.,177,37,14,228,637,3444
I just don't see this as 'the next big thing' in reality television.,169,41,11,221,637,367
"Should have sprung for the picket fence, Jeff",170,39,12,221,637,411
I don't care for his Post-Autumn works.,169,41,11,221,637,1262
I was hoping for more Stravinsky and less Ace Hardware.,169,41,11,221,637,1927
"C'mon Dad, how was I to know my Cinema degree wouldn't lead to a job paying a living wage?",171,37,13,221,637,3499
"@  yr. 2080
Excuse me, would this be the non-robot assisted manual labor exhibit?",168,31,15,214,637,34
"Should have picked the blue pill, Steve.",162,43,9,214,637,2344
"Not getting crowds like you did before, eh Ralph?",161,33,13,207,637,2561
Bet you thought federal prison was going to be like summer camp.  Guess you weren’t counting on the Fall.  Not quite the cakewalk your lawyer said it would be.,155,45,7,207,637,3774
May I see your birth certificate?,178,30,17,225,637,2823
Who are you wearing?,174,26,18,218,637,279
Can you hurry up? The next foliage tour begins in 15 minutes....,168,38,12,218,637,1030
"Do not try to rake the leaves — that's impossible. 
Instead, only try to realize the truth: there are no leaves.",167,28,16,211,637,1683
"Come on sweet pants, shake it when you rake it.",161,40,10,211,637,2620
'I'm yet undeciduous about getting my rake out.',165,32,14,211,637,3362
"I am here for the 3:30 PM, “Falling Of The Leaves.",163,36,12,211,637,3586
"In this exhibition, you will see man doing chores before Alexa
did it for him.",157,36,11,204,637,20
I take it you didn't care for the leaf blower I got you.,156,38,10,204,637,490
"Mr. Cruise is prepared to pay you $10 to rake the leaves in the backyard, too, with the signing of the appropriate releases and nondisclosure agreements.",153,44,7,204,637,1033
"So I see that we've added ""pretentious"" to your ""tidy lawn"" fetish.",188,41,14,243,637,2810
How delightfully Proletariat!,180,45,11,236,637,1956
For this you are charging admission?,184,37,15,236,637,2162
So this is what fall looks like in California,180,33,16,229,637,1309
It was worth the train ride and taxi cab to see that people really do this in the burbs.  Beats the hell out of Instagram.,169,43,10,222,637,1478
I love the post-modern interpretation of fall,170,41,11,222,637,3196
Well neighbor when you do yard work it's an event!,170,41,11,222,637,3635
I'm going to step away for some popcorn but do you think you can do gutters next?,164,41,10,215,637,3367
"I'm a bit of a rake, myself, you know. . .",160,37,11,208,637,1227
"Pull, don't push.",157,43,8,208,637,1637
RAKE dancing?  I was told BREAK dancing!,158,41,9,208,637,2559
"Makes a difference when it's not your own yard, doesn't it?",155,35,11,201,637,1885
"President Bush, there are some folks here to see your paintings",155,35,11,201,637,3416
"Did you really think this movie theatre divider was going to keep the leaves from my tree from blowing on your lawn?""",183,34,16,233,637,88
"Frigid climes, the austere landscape, a Protestant work ethic ... close enough to touch.",184,32,17,233,637,428
My last neighbor was Rand Paul...,185,30,18,233,637,1911
I don't know. VIP leaves seem the same to me.,180,40,13,233,637,3107
The rake's progress.,175,38,13,226,637,364
Who is he wearing?,174,40,12,226,637,1873
Political moderate in natural habitat.,128,29,9,166,637,1996
Raking is so yesterday.,170,36,13,219,637,1360
"This season's ""working class"" exhibit is far more life like than last years.",165,34,13,212,637,167
"Be gentle, those leaves are from my trees.",162,40,10,212,637,2364
And here you see him regretting that he bought the house with the big yard,145,38,8,191,637,3589
"Even after the exhibit, I still don't understand middle America.",188,31,18,237,637,1426
"They're bringing drugs. They're bringing crime. They're rapists. And some, I assume, are good leaves.",185,37,15,237,637,2963
"Ooh, I just love outsider art.",142,32,10,184,637,1828
"So, you're re-branding yourself as a performance artist...?",172,39,12,223,637,906
Are you really the last homeowner who refuses to use a leaf blower?,170,43,10,223,637,2956
I love the Behind-the-Scenes pass at the fall foliage tour.,155,37,10,202,637,680
The fall of contemporary art.,157,33,12,202,637,2622
"Sure, take your time.  You’re being paid by the leaf, not the hour",155,37,10,202,637,3662
A little promotion and you could be raking it in.,170,38,12,220,637,1261
Maybe these fall foliage tours are getting a little too Hollywood,163,52,5,220,637,1694
So this is the real America.,165,36,12,213,637,709
"Raking your yard?
No I'm scratching my grass.",172,22,19,213,637,1256
"I could build a wall, but then I'd expect you to pay for it.",161,32,13,206,637,1879
"147, 148, 149....",153,48,5,206,637,2557
The rustic nature of this display is both refreshing and depressing at the same time.,159,36,11,206,637,3141
Please leaf the premises.,179,39,13,231,637,1787
"Hey, Sisyphus, you missed one!",150,30,12,192,637,2395
"... and this is the historical exhibit entitled ""Before Leaf Blowers""",151,28,13,192,637,2708
"In all honesty, this exhibit exceeds my expectations.",173,39,12,224,637,3387
We were never good neighbors but this fence definitely isn't helping,195,38,16,249,637,3565
"Hope you don't mind; I have the trees and you get the leaves""",168,37,12,217,637,1772
Are you a REAL Vermonter?,169,35,13,217,637,2768
"Perhaps better expressed on paper, Mr. Whitman.",171,31,15,217,637,3377
"For $50 , I expected a lot more leaves.",175,42,11,228,637,2454
"A little to the left ... no wait, wait, right there, no hold on, now move to the right some, okay, pull back, pull back!",131,32,8,171,637,2523
"Graceful technique, but we need you in tights.",172,36,13,221,637,2989
I'm here for the coming attraction. What time does SHOVELING SNOW start?,166,36,12,214,637,1640
Is this your idea of raking it in?,166,36,12,214,637,2775
"If I wait long enough, my leaves all blow into your yard.",164,40,10,214,637,3102
Am I early or what?,162,32,13,207,637,1755
Can you add a few more red ones?,159,38,10,207,637,3527
"You're not going to sell any tickets, raking with all those clothes on.",181,37,14,232,637,925
Next exhibit: Manual Labor,178,43,11,232,637,1002
Walt Whitman is rolling in his grave.,182,35,15,232,637,1443
"Ever get tired of being The Fall Guy, Whitburn?",182,35,15,232,637,3369
You missed that one again!,178,31,16,225,637,1587
"You're headed for a big fall, Steven.",153,38,9,200,637,2117
"Don't rake the leaves, let the leaves rake you.",190,38,15,243,637,3064
Yet another clichéd performance art piece of The Rake's Progress.,168,27,16,211,637,407
I was told this Airbnb comes with two gardners not one.,162,39,10,211,637,1603
Excuse me but where do I get the popcorn?,175,44,10,229,637,2337
"I said everyone would be famous for 15 minutes, I didn’t say you got to choose when",181,32,16,229,637,3356
The leaves better not come on my side.,156,39,9,204,637,2357
What an evocative piece! It shouts of man's inability to cope with a technology-driven society.,155,29,13,197,637,3637
"Not one crosses the rope line, got it",151,37,9,197,637,3710
Every year...too derivative.,165,40,10,215,637,857
"An assemblage of leaves"" a  rural performance art exhibit",165,40,10,215,637,2753
Is this the line for the Apple store?,184,33,16,233,637,2878
Can you believe it? My wife thought I wouldn't be able to find a hobby after retiring from the Secret Service.,174,41,11,226,637,467
You missed a spot!,170,37,12,219,637,3
A little more to left.”,174,29,16,219,637,1215
"Remember, they don't just come up for the leaves, they come up for a show!",173,31,15,219,637,1280
"As a life coach, I am your coach for life, no matter what the restraining order says. Now rake a little to the left.",187,34,16,237,637,1066
"Following the gardener's code ... ""leave no leaf behind""  ?",183,42,12,237,637,2551
"Hey Bill, remember to go with the grain",146,42,6,194,637,2089
This is so organic.  What do you do with the leaves?  eBay?,165,35,12,212,637,1393
"You know, this isn't what we had in mind when we said we wanted to rake in more revenue.",166,33,13,212,637,3769
"Excuse me, could I have a back scratch?",179,38,13,230,637,2719
Not the exactly the 'raking it in' I was referring to,158,37,10,205,637,314
Ooh!  Ooh! A little more to the right!,160,33,12,205,637,1437
The Portrait of the Artist as a Young Dad.,160,33,12,205,637,2404
The crowd size was bigger than Obama's if anyone asks.,173,38,12,223,637,317
"Do not try and rake the leaves, that is impossible. Instead, only realize the truth... there are no leaves.",179,45,10,234,637,1097
Conceptually your performance gives new meaning to ennui.,150,41,7,198,637,2766
"Yes, remove only the brown and yellowish leaves, the copper ones are in vogue this fall.",159,42,8,209,637,406
"Rake’s Progress.  Lackluster performance, 3 stars.",169,41,10,220,637,2013
"My god man, what happened to your feet?",160,28,14,202,637,2584
2 more minutes Mr Thompson we have to keep the line moving,144,29,11,184,637,1098
"We New Yorkers will do just about anything to get that full autumn experience. You missed a few, Terry.",166,35,12,213,637,1121
These HOAs are getting out of control.,168,31,14,213,637,1714
Welcome to MOMA's manual yard-work exhibit.,161,45,7,213,637,1741
As an art installation it really doesn't work,169,29,15,213,637,2195
"... And This famous piece of art is called ""The last white man to clean his own yard""",154,28,13,195,637,2988
"Sir... I get that you need your 'alone time', but how much raking can you do with nine goddamn leaves?",151,34,10,195,637,3452
"Stan, chin up, my trees are almost done dropping leaves on your side.",171,44,9,224,637,832
"For the actual performance of ""Endless Autumn,"" there will of course be a great deal more leaves.",178,30,16,224,637,1346
Would you prefer I leaf you alone?,173,40,11,224,637,3400
I raked. I still like to rake. Do you like to rake?,183,39,13,235,637,663
I'm such a fan of your reality.,152,20,16,188,637,1087
"Wow, a genuine antique using a genuine antique!",170,34,13,217,637,1306
"Fred, this is not our lawn!",170,34,13,217,637,1524
Interesting exhibit. Must be what it was like before global warming and we still had trees.,167,40,10,217,637,2039
"I’m calling it “The Rake’s Progress, or The Blower Sucks.”",170,34,13,217,637,2922
Thought you might like to buy a little protection...if you want to continue raking it in.,193,38,15,246,637,2811
"Behold, the modern man in his natural fall habitat.",151,41,7,199,637,1160
"Hey George, can I borrow your leaf blower?",185,23,20,228,637,399
I love watching the rake's progress....,178,37,13,228,637,3188
Sir I'm going to have to ask you to leaf the premises.,166,30,14,210,637,819
"Your jet is ready,Mr. Gore.",152,27,13,192,637,3133
Your foot placement is embarrassing.  The cross oblique was tolerable but the leaf pick-up was Junior High.  Might I suggest a European Raking Team to hone your skills?,172,37,12,221,637,3147
Just a bit to the left.,175,31,15,221,637,3223
Leaves are God; you'll never win.,198,35,17,250,637,765
"watching you is boring, use the other side of the rake and amuse me.",157,36,10,203,637,1379
Love your velvet rope.  Am I first in line?,166,37,11,214,637,1985
Stop!  Those last nine were positioned by the Artistic Director!,175,38,12,225,637,1063
It's more about your artistic process.,169,50,6,225,637,1983
Mind if I watch?,171,34,13,218,637,791
I told you the leaves would not respect the crowd control barriers.,149,28,12,189,637,861
Is there a suggestion box?,178,39,12,229,637,2475
You should focus more on the hedge funds.,154,37,9,200,637,881
He's renowned for his brush work.,162,40,9,211,637,3198
Day 20: The subject still thinks sweeping the leaves will be of any use.,174,35,13,222,637,767
Let me guess. ‘A Rake’s Progress.’,175,33,14,222,637,1939
I'd like my leaves back.,177,29,16,222,637,3299
Up next on ESPN 2: the World Championship of Raking,176,31,15,222,637,3741
"Worst production of Rake’s Progress, ever!",151,31,11,193,637,3592
I was like you once...,190,41,13,244,637,2396
Not exactly raking it in.,157,38,9,204,637,1613
"As your neighbor, I'd actually expect the grass to look a little greener from this side of the fence.",198,44,13,255,637,2405
Ever think of bending over and picking them up?,159,34,11,204,637,3407
I never heard anyone say good stanchions make for good neighbors.,166,39,10,215,637,201
Only nine leaves to go.,170,31,14,215,637,1664
"Rake it till you make it, kid.",166,39,10,215,637,3015
"When you’re done here, my yard could use some performance art too...",178,34,14,226,637,978
"Hey  Walt, don’t forget.....after you finish raking those leaves off the grass you still need to come up with a title for your book.",177,36,13,226,637,2492
This is what happens when you don’t have the means to exploit loopholes in the tax code.,155,30,12,197,637,1999
Faster! We need these leaves spread around the yard by noon!,168,42,9,219,637,755
I’d be happy to do a few bars of autumn leaves for you.,168,42,9,219,637,2005
"I'd lend you my leaf blower, but then I'd have nothing to do all afternoon",177,43,10,230,637,3681
"One leaf crosses this line, I’ll sic my usher on you.",192,32,17,241,637,2254
I thought you said “bas relief” not “basic leaf” exhibit.,144,40,6,190,637,56
"It's time you faced up to it, your tree is going bald.",173,39,11,223,637,1456
Are you sure you raked at Studio 54 ?,173,39,11,223,637,3337
"That's right... keep turning over a new leaf, then another and another.",179,46,9,234,637,1463
I'd like to add you to my LinkedIn network,170,33,13,216,637,732
I am so glad I came on this Middle America safari trip...fascinating specimens!,166,41,9,216,637,1763
This sure is a great way to separate the watchers from the doers.,169,35,12,216,637,2108
Your table should be available by winter.,180,32,15,227,637,3712
Immersive Theatre Production of “A Rake’s Progress.”,183,45,10,238,637,64
Is this your first solo show?,180,51,7,238,637,1941
You can leave the red ones. They are influencers.,146,31,10,187,637,612
"Trust me Hal, people will be lining up to see you leave.",168,25,16,209,637,1834
"I would help you rake, but I have to bounce.",179,41,11,231,637,2459
I STILL think you are doing it wrong.,168,44,8,220,637,2904
"Whadja do, put up a wall to keep the Mexicans from raking your leaves?",182,16,22,220,637,3118
"Sir, Mrs. Carter is waiting for you in the limousine.",166,29,14,209,637,3437
His work speaks for itself.,180,39,12,231,637,3544
Yep... I still don't understand contemporary art,155,39,8,202,637,1476
"Yes, I checked again. No one is in line to see your leaf pile.",175,44,9,228,637,672
"When it's my turn, I'm not gonna wear the hat.",172,50,6,228,637,919
"You’d love to rake over here, wouldn’t you?",175,25,17,217,637,816
You could have just told me you didn't need any help.,162,32,12,206,637,781
Splendid. Three more hours and you’ll have carbon-offset the landscaping of my Greenwich estate.,163,30,13,206,637,1507
We should discuss what I meant by rakish.,185,50,8,243,637,1298
"No bugs, squirrels, watering, cutting or raking. I love my artificial turf and plastic trees.",177,47,8,232,637,178
"The  boss sent me  -we need a FALL GUY-interested?""",181,39,12,232,637,2515
I wish you wouldn't make such a big production over raking leaves in the Fall.,171,40,10,221,637,1364
Opening time for pile jumping?,171,40,10,221,637,2363
"When, do you think, I'll be able to get back in?",163,37,10,210,637,655
"More blowback from your neighbours, Gerald?",143,39,6,188,637,2837
Contemporary art: the modern sisyphus,173,43,9,225,637,1541
That’s not what I mean by raking  it in,165,40,9,214,637,1372
I'm just going to duck under this and mess up your pile as soon as you leave again.,167,36,11,214,637,1605
Your form is getting in the way of your function.,166,38,10,214,637,3035
"I’d help you Dad, if I had any hope of building character.",159,33,11,203,637,626
Have you considered putting a video of this on You Tube?,151,30,11,192,637,2631
You can rake all you want but you won't clean up Congress.,185,26,18,229,637,1804
"Ah, 'Man Raking in Fall,' a perfect motif illustrating the Absurd.",181,34,14,229,637,2067
This is quaint. I have a blower. Lithium battery.,182,32,15,229,637,3690
"Folks. I’m here sideline and it appears if John clears the last stroke with all leaves in, we go to suden death.",174,29,15,218,637,558
You wouldn't have to do this in Southern California.,171,35,12,218,637,3562
You'd expect more people to show up to an exclusive lawn maintenance party.,160,38,9,207,637,419
"Raking it in"" means different things to us, bro",163,32,12,207,637,786
"O.K., 10% of everything you rake in - OR ELSE!",190,42,12,244,637,937
"Impressive technique, Mr. Dibley, but you're small-town.  I can have you ready in time for the Regionals in Chicago.",182,39,12,233,637,2677
I don’t like this blue collar direction modern art is taking.,180,43,10,233,637,3614
"Gary, not everything is modern art",162,41,8,211,637,1606
I see you are ready for the onslaught of people once they finish watching paint dry.,164,37,10,211,637,1638
Usually my work draws a larger crowd.,164,37,10,211,637,2976
Do you think I don't know what you are doing?,172,28,15,215,637,645
"In a last ditch bid to save his home from foreclosure, Edward Smith, from Montgomery Alabama, must clear the remaining nine leaves off his lawn in ten seconds, next, on America’s hottest new game show: LEAF... ME...  A  LOAN!",173,26,16,215,637,2244
"The velvet ropes are a nice touch Stanley,
but you can't rake away the anger!",168,36,11,215,637,2560
Does the cordon mean you prefer to be leafed alone?,183,32,15,230,637,316
My next interactive exhibit is on the day of the first snowfall if you're free.,181,36,13,230,637,1201
"I call this piece ""My son's too damn busy playing Fortnite""",180,38,12,230,637,1658
"Hurry up, it’s my turn to leave.",173,33,13,219,637,646
Just ignore the man in the suit...he's NOT real. Focus on your leaves...,171,37,11,219,637,678
"So, just when exactly do you open for the season?",164,32,12,208,637,3197
What we have here is a disgruntled dad in his natural habitat,172,42,9,223,637,301
mother always said you were an underachiever,177,32,14,223,637,2503
"Next, arrange all the red leaves into a carpet leading to the door.",174,38,11,223,637,2692
"I've got your back, Senator.",152,37,8,197,637,1176
The epitome of “outsider” art.,185,42,11,238,637,1594
"Nice try, Tom, but I’m not the same person who once whitewashed the fence.",166,35,11,212,637,1567
"Raking it in, yet?",180,33,14,227,637,2925
What else is there to say? La technique est magnifique.,159,30,12,201,637,2416
"Not bad, but this is derivative of a Whitney exhibit in the 60s.",158,32,11,201,637,3558
"Though the colors of the leaves change, the colors of his life remain gray and dull.",168,38,10,216,637,446
Not exactly the raking it in I expected.,172,30,14,216,637,2591
I'm looking forward to next season's 'Tango with a Snow Shovel.',172,30,14,216,637,3670
And this exhibit is called grounded son.,161,33,11,205,637,302
Careful. You've already missed one.,188,50,8,246,637,585
"Once again, even with a restraining order, my neighbor has defied all odds and found yet another way to annoy me.",160,35,10,205,637,826
"I'm into winter, myself.  Hey — you missed a spot.",197,32,17,246,637,1410
Did I tell you I got a leaf blower?,174,33,13,220,637,2031
Forgive me if I find 'The Grim Raker' uncompelling performance art.,189,29,17,235,637,3755
"After retiring from the theater, neighbors kindly tolerated Chester's ushering in the Fall",170,22,17,209,637,1977
"The wall will go here, you'll need a visa to rake the other half of the yard.",166,30,13,209,637,2400
"And for the final leg of our suburban tour, the home owner’s fall tradition of leaf raking. These leaves are distributed by the sappy neighbor’s maple.",171,46,7,224,637,1497
"Aren't we a little like those leaves Sheffield? One day we too shall fall from grace. Who will rake us Sheffield? Who'll be our Sheffield, Sheffield?",174,40,10,224,637,1654
"Rakish"" isn't a compliment",177,34,13,224,637,1832
Even gay marriage has the nagging wife,178,32,14,224,637,2741
Not quite the turn out you were expecting on either side of the rope is it?,173,42,9,224,637,3135
Gilbert turns everything into performance art.,178,32,14,224,637,3494
"I came for the leaves, but frankly, I don't get it.",167,35,11,213,637,503
"Personally, I prefer to rake in the dough.""",181,33,14,228,637,309
It's to keep the ordinary leaves out of the VIP yard.,175,45,8,228,637,977
"Agreed, the White House days were much more exciting.",175,45,8,228,637,2025
"I don’t know yard work, but I know what I like.",177,41,10,228,637,3044
"Good job Inmate Manafort.  Only 4,999,999 to go.",163,24,15,202,637,3242
I am keeping my eyes on you.  The leaves cannot cross my border.,167,42,8,217,637,1484
"When you're done here, there's a swamp that needs draining.",193,42,12,247,637,543
In my yard the trees pick up their own leaves after the show.,151,36,8,195,637,1129
"Beware the velvet rope my son,
the rakes that claw, the leaves they grasp...",154,30,11,195,637,2683
You missed one over there on the right.,177,36,12,225,637,3093
Ah...riveting. The rural pre-blower husband's art of avoiding doing the dishes until the season of the shovel comes around next.,167,30,13,210,637,3235
"Automation begets unemployment, begets performance art.",170,31,13,214,637,1325
"Ease up dude, there won't be any left for my turn.",168,35,11,214,637,2269
Museum visitors please note this interactive display of the pre-robotic chore of raking leaves,165,41,8,214,637,2984
"Gerald, I am as big a fan of performance art as there is. But I just don’t get this.",170,38,10,218,637,2473
Leave a few leaves for the next performance.,171,36,11,218,637,2640
Is this the house where you have the leaf that looks like Elvis on display?,155,42,6,203,637,2695
"Yeah, it worked for Tom Sawyer, but no, I don't want to rake your yard.",158,36,9,203,637,2735
"You KNOW I just had to point out again, you missed one.",200,37,15,252,637,515
"Excuse me, sir - but those leaves were strategically placed for a perfect Instagram photo.",186,39,12,237,637,1428
"Rake it all in, there's more where that came from.",181,49,7,237,637,3667
It's performance art and it runs until the end of autumn.,173,39,10,222,637,512
You don't really think that a velvet rope will keep the leaves on your side.,176,33,13,222,637,3642
Am I your agent? Your neighbor? Your bodyguard? Nobody knows. But I'm here. Always here.,161,37,9,207,637,1967
"Be careful with them. They're from my trees. So, technically they're mine....",158,43,6,207,637,3676
"Nice forehand, but your backhand still needs work.",174,44,8,226,637,2175
So quiet. You should patent that.,178,36,12,226,637,3218
Velvet ropes mean nothing to them.,166,34,11,211,637,1732
You missed a leaf,155,30,11,196,637,1739
"Okay, but can I at least whitewash your fence?",152,36,8,196,637,3234
This is very derivative of 'Woman Sweeping Floor'.,166,41,8,215,637,250
"Hard work or not, you still need a wristband to get into the VIP section.",165,43,7,215,637,2684
Every year this comes between us.,156,35,9,200,637,475
Aren't you going to separate the oak and maple?,170,40,9,219,637,758
TripAdvisor nailed it again,173,34,12,219,637,1137
"So, this is what suburbanites do in the Fall.",169,42,8,219,637,1656
"For my encore, I’ll be putting the trash cans out at the curb.",174,32,13,219,637,2115
I'm here representing Mr. Maple. You've been served.,173,34,12,219,637,2514
"I call this one ""Suburban version of me...""",161,32,11,204,637,305
You leaving?,188,37,13,238,637,335
"Is this what they call honest, hard work?",175,37,11,223,637,150
Frank's green carpet debut did not quite have the turnout he had hoped for.,174,39,10,223,637,2239
Winter is coming.,172,43,8,223,637,3355
Think of it as a border rope.,188,44,10,242,637,2546
They're billing THIS as 'Legends of the Fall?',179,36,12,227,637,3150
"Little Johnny wants to jump on a pile, Sam. You may have to import more leaves.",178,38,11,227,637,3181
"As performance art, it leaves a lot to be desired.",150,35,8,193,637,1034
"I'll entitle it ""the Fall of Dad""",161,46,5,212,637,348
Just as I was beginning to think that performance art was passe'.,162,44,6,212,637,1240
"In this piece titled, 'Fall Futility,' we see the modern man's third raking before the wind blows yet again",169,30,13,212,637,2299
You have a permit for that rake?,182,37,12,231,637,738
"I just love the fall, don't you?",178,45,8,231,637,1221
Did I miss the Fall Spectacular?,182,37,12,231,637,2478
Can you please rake quieter you are disturbing your A list neighbors.,156,30,11,197,637,814
"Selling tickets to this live event was a bit of a stretch, doncha' think?",169,37,10,216,637,1867
Sorry.  You'll need a reservation to rake this side of the yard.,172,31,13,216,637,2282
I am your biggest fan.,169,37,10,216,637,3587
"Do you mind whistling Heigh-Ho?""",183,42,10,235,637,1358
"David, I want a Divorce...",189,30,16,235,637,2820
My therapist told me to be more engaged with daily life.,174,34,12,220,637,3456
I’ll take it. It’s like Norman Rockwell meets Grant Wood in the suburbs.,188,39,12,239,637,1116
Just checking on your rake's progress.,159,38,8,205,637,1134
The security has become so lax at these white collar prisons.,179,31,14,224,637,1774
"He's raking leaf number nine, red with yellow spots and one tear on the top. It's exactly nine am. Ned's wearing a green cap and no gloves."" OCD CSI",164,35,10,209,637,994
"Personally, I find the whole bio-realism movement a bit derivative...but I do love to jump in the pile.",178,40,10,228,637,1270
And you think I am the fall guy?,181,34,13,228,637,1596
"Is this the line for ""The Rake's Progress""?",164,35,10,209,637,3165
"To everything there is a season, but not for performance art.",178,47,7,232,637,3770
Is the pile ready yet?,164,42,7,213,637,386
"Oh yes, the Great Fall of the Middle Class exhibit.",186,38,12,236,637,1061
So the leaves really don’t rake themselves?,171,35,11,217,637,1550
You should wait until there are more leaves to rake and then it's better for the grass if you rake in the same direction one day and another direction the next and why rake at all when snow will cover it soon....,170,37,10,217,637,2385
"Ah, Fall, when the tourist come to watch Al Gore rake the leaves.",183,18,20,221,637,1029
You call THIS performance art?,169,46,6,221,637,2429
I assume that you realize that this barrier could be to either your or my benefit depending on wind direction.,167,50,4,221,637,3123
I see that you are splitting the property with your ex.,160,31,11,202,637,777
"Pout all you want, if you're not on the list, you're not getting into Billy's clubhouse.",163,25,14,202,637,2913
"Performance art isn't what it used to be, I see.",161,29,12,202,637,3585
Nobody comes or leaves without my permission.,175,41,9,225,637,3464
"The first ""Quintessential Americana"" tour group should be here by nine sir.",161,36,9,206,637,2866
"You know, I've always hated your theatrical ways.",176,53,4,233,637,1876
My kid could do that.,184,37,12,233,637,2208
The witness protection plan would like to upgrade your leaf blower.,172,35,11,218,637,675
Table for tree.,172,35,11,218,637,1611
Outsider art. Literally.,174,38,10,222,637,2112
Extend...pull.  Extend...pull.,175,36,11,222,637,2601
"Fake Leaves, George!",177,32,13,222,637,3549
The Suburbia exhibit is as boring as I thought.,180,40,10,230,637,1006
Is this really what bouncers do after retirement?,176,48,6,230,637,1115
Nice ass.,166,28,13,207,637,3254
"Leave them alone, you rakist.",185,37,12,234,637,568
"Until I can build a wall, this will have to do.",185,37,12,234,637,1088
This Tom Sawyer Act isn't going to work.,164,39,8,211,637,2805
"Per his plea agreement, Paul Manafort is assigned to rake leaves at Camp David.",171,32,12,215,637,393
Hundreds of identical leaves. Must be a glitch in the matrix.,167,40,8,215,637,988
That's the rake you borrowed from me last year.,168,38,9,215,637,1875
What exactly did you think VIP meant?,176,29,14,219,637,1354
"Go ahead John, pick up all the leaves in the world, you’re still not getting in without being on the list.",172,37,10,219,637,3591
"Senator Jones, ten more leaves, then we need you at the lawn mower in 10 minutes.",174,40,9,223,637,320
"They're my leaves, all right, but I won't be needing them.",175,38,10,223,637,3273
"It's either taking a bullet or yard work. Never both, sir.",163,29,12,204,637,1151
Taking this ‘ushering in autumn’ thing a bit too far perhaps?,184,34,13,231,637,2436
"In exhibit #436 we have what the
average middle class American does
on a Saturday",164,34,10,208,637,1847
"Psst, I know a good grass and blow guy, if you know what I mean.",164,34,10,208,637,3600
"I'm afraid you don't have enough points for the elite leafblower, sir.",170,29,13,212,637,1269
Too bad we’re not on a full-color page.,166,37,9,212,637,1717
"you missed one by your left foot.
You're damaging the lawn. 
There's a couple of leaves behind  you here.
 You just stepped on a leaf.",170,29,13,212,637,3282
"I'd let you into my club, but you're just not rakish enough.",165,39,8,212,637,3748
Save your ticket stub for half price off on watching the snow shoveling in December.,146,37,6,189,637,2148
You're disturbing a crime scene.  Put those leaves back where you found them.,174,28,14,216,637,2613
There are people waiting!,173,37,10,220,637,2167
"We tell the trees to stop littering, but they just won't listen...",176,38,10,224,637,470
Don't be disappointed.  Still a couple of weeks to draw a good crowd.,171,48,5,224,637,1846
"We may be brothers, but I'm Warhol to your Rockwell.",182,40,10,232,637,1923
I don't see how this is helping your writer's block.,180,44,8,232,637,3021
"Do it, like you mean it.",161,35,9,205,637,1776
"Spencer, your autumn tableau never ceases to portend the coming of winter's icy blast.",163,31,11,205,637,2872
This diorama shows man before leaf blowers.,161,35,9,205,637,3076
The network is promoting the heck out of you for November sweeps.,166,32,11,209,637,1909
We will win the leaf raking contest before we win the cartoon caption contest ! !,176,19,18,213,637,1796
Still at it? I finished yesterday!,165,41,7,213,637,2642
The colors are much more vivid in person compared with watching on TV.,170,38,9,217,637,418
"No kid is jumping in your leaf pile, NOT on my watch!!!",174,30,13,217,637,2769
"It appears your lawn is not as spotless as you claimed, Mr. Bond.",168,42,7,217,637,3190
I think our Chinese tour group will enjoy this.,173,39,9,221,637,1807
"You're being ridiculous Frank! Velvet ropes around your lawn? It's like something out of a New Yorker cartoon. And your name being Frank makes it sillier, because it's not really a common name anymore but it's frequently used in winning captions.""",174,37,10,221,637,3063
"A red one--ooh, another bright orange one--and there's a kind of purple one!",181,23,17,221,637,3378
"Witness if you will, Hank raking his lawn, ignorant of the sinister detail that all the leaves face the same direction as if placed there for this performance of a ""normal life in suburbia.""",179,34,12,225,637,2540
Really? My kid could do that.,178,36,11,225,637,2818
"LIMERICK: Once was a man named Backyard Bart...He liked to perform performance art...Trimming trees...Raking leaves...Hell, people paid to watch him fart.",183,33,13,229,637,3657
Doug suddenly began to think that Harold's '12th annual leaf raking competition' was just an excuse to make someone rake his leaves. Tensions began to rise as Harold invited Doug to his '15th annual lawn mowing jamboree. ',185,36,12,233,637,981
You miss 100% of the leaves you don't rake.,182,42,9,233,637,1724
How do I fast forward through this part?,186,34,13,233,637,3791
"Unless you throw in a Kardashian or Taylor Swift moves next door, you simply don't have enough here for a successful reality show.",160,32,10,202,637,266
I don't care whose yard this is you're not on the list.,187,39,11,237,637,3087
"The president requests you leave the red ones and then drain the swamp. No, it was not a metaphor.""",164,31,11,206,637,3371
I have a whole caravan of your replacements coming up from Guatemala so get to work!,170,33,11,214,637,1282
You will never get those last nine leaves up because this is a cartoon.,172,29,13,214,637,1733
"I will be your bodyguard,
if you will be my long lost friend",168,37,9,214,637,2083
I'd say this year's effort lacks a certain conviction.,172,36,10,218,637,1798
I found more enjoyable last year's performance with the sputtering leaf blower.,173,34,11,218,637,3693
"I am sorry, you need a blower to enter the south yard. No rakes allowed.",179,29,14,222,637,1650
I wouldn't mind taking some of the prettier yellows if you're disposing of them anyway.,175,37,10,222,637,3292
"Nope.  No pitchforks.  No horns or tails.  No fire.  No brimstone.  Just you and me, Bro...",182,30,14,226,637,303
"Robert Frost may have said it better, but your velvet rope doesn't make for a good neighbor.",181,32,13,226,637,3257
Missed one!,182,37,11,230,637,384
That weed...I want it whacked.,187,34,13,234,637,3353
Buck up Randolph. I know it's quite bleak right now but it's a Super Minimum facility. You'll be out by 4:00pm.,186,43,9,238,637,1103
"And if your 'leaves of grass' cross the border again, you'll pay for the fence.",161,25,13,199,637,2663
"Not exactly raking it in, are you?",159,36,8,203,637,1189
I know it worked for Huck Finn painting the fence — but that was then.,161,32,10,203,637,2457
"Hey, my boss Donald is always on the lookout for a new fall guy. You interested ?",165,24,14,203,637,2827
Go ahead and rake. All the leaves in the world aren't getting you into this club.,160,34,9,203,637,3024
Why did you even bother giving me a guest list?,166,36,9,211,637,920
I'm not leaving until the fall premiere.,172,38,9,219,637,1128
Ill give you $20 if I can skip the line.,170,42,7,219,637,2481
"Sir, I don't think this is what ""distributing leaflets"" means",175,39,9,223,637,2450
The use of the rake clearly symbolizes his loss of reality.,176,37,10,223,637,2571
The Boss would like a word.,184,35,12,231,637,437
Rake my leaves and I'll forget about the cover charge.,184,42,9,235,637,15
I see you are managing to control the crowds.,185,40,10,235,637,3374
"Sometimes I dream about being born on the other side of the ropes so I can feel first hand the effects of mind numbing manual labor. Then, I wake up and laugh...Ha Ha Ha...silly dreams.""",163,23,14,200,637,1987
"Ok, You're right Neville...The grass ISN'T always greener.",166,31,11,208,637,627
Some of your leaves blew over into  my yard last year,165,33,10,208,637,3321
Don't forget the one on your right.,168,27,13,208,637,3581
"Cheer up, Harvey. Eventually, everyone leaves.",169,32,11,212,637,708
And here I am - moments away from a mid-leaf crisis.,172,33,11,216,637,1845
"Put your back into it, man. No one pays to watch a slacker rake.",176,32,12,220,637,2646
So I guess I’m first in line for the premiere performance of “Jack finally cleans up his lawn”!,177,30,13,220,637,3632
I thought I made it clear that you weren’t supposed to let any leaves in.,173,45,6,224,637,3122
I can't believe I had to pay $20 and wait in line just so I can pretend that I live in the country!,175,41,8,224,637,3167
I hope he puts more effort into the Spring Collection.,179,40,9,228,637,476
So this is the usual day for the middle class huh?,180,38,10,228,637,1514
You realize they're just gonna keep falling.,185,35,12,232,637,257
"Sir,you can't stay out here forever,the elections were three weeks ago.",183,39,10,232,637,3288
"Pace yourself, Larry, the turkeys have yet to land.",198,30,16,244,637,1039
"No, I don’t need ID. I’m here to enforce the after hours gas powered blower ban.",195,36,13,244,637,3471
When does your wife go on?,162,34,9,205,637,1554
"A Brechtian commentary on the tedium of bourgeois life? Yes, yes, I've seen all this before.",163,32,10,205,637,3227
Psst...Am I too early or too late?,162,34,9,205,637,3366
"""You rake.  Then you shovel.  Then you mow.  Then you rake again.  Ain't life grand?""",170,39,8,217,637,2325
Lawnman becomes installation artist to rave reviews.,182,29,14,225,637,3097
Would you like me to place them under your rake ?,192,23,18,233,637,3396
"Nothing gets past me. Keep them on your side, neighbor.",191,32,14,237,637,947
I don't care if they were on my tree. THEY' 'R IN YOUR YARD!,158,37,7,202,637,876
"That's not what I meant when I said ""please leave the property""",161,31,10,202,637,3047
"Seeing the last white, male Democrat was not worth the price of admission.",161,31,10,202,637,3533
Unbe-leaf-able work!,163,34,9,206,637,1726
"Alright easy does it, you need to make those leaves last til the next bus gets here.",168,31,11,210,637,661
I heard you wanted to go out with a young rake.,167,33,10,210,637,2632
Rake it and they will come,170,34,10,214,637,28
"A bet's a bet, Tom.  Every last leaf.  Then I get to jump in them and you do it again""",170,34,10,214,637,3482
The homeowners association would like to thankyou for your absurd dedication.,174,33,11,218,637,783
Is this a seasonal performance?,170,41,7,218,637,1441
Don't mind me.,174,40,8,222,637,423
"Avant Garde, no. Avant Yard, yes.",174,40,8,222,637,2555
You want WIND on  the Do Not Allow list?,179,30,13,222,637,3431
"Ok, ok!  I promise not to jump into the next pile.",175,38,9,222,637,3713
Performance art without a publicist is a lonely art.,181,33,12,226,637,882
I finished my half. You lose.,183,36,11,230,637,2425
"Make America Rake Again.  Really?  I just use my blower.  And is this flimsy barrier the best you can do?  Not really the wall you kept talking about, is it?",188,26,16,230,637,2928
Leave the rake.  Take the cannoli.,185,32,13,230,637,2987
"Please rake faster, if I don't upload a pic of a pile of leaves soon, my 6 followers will get mad.",194,28,16,238,637,800
"Oops, here comes another one! And another one!  And one more! Yep, another one! And another and another and another and....",193,37,12,242,637,1174
This is the VIP section- nobody enters and nobody leafs.,204,43,11,258,637,3708
This virtual reality tour of 20th century New England sure needs more fall color,148,31,8,187,637,1237
"Apparently, even the seasons have an intermission now.",154,33,8,195,637,1307
I can’t  wait for feng shui II,154,33,8,195,637,3519
Enjoy viewing the last manual labor job held by an white man.,165,25,13,203,637,1057
Just the leaves. The lawn doesn't' itch.,167,28,12,207,637,684
"Fearful of missing out,Tod patiently waited for his turn to rake it in.",167,28,12,207,637,2149
I don't care how much you rake. Nobody gets in without ID.,166,30,11,207,637,3567
"Why are you raking nine leaves, dipshit?",171,27,13,211,637,1704
Something tells me I've misread the leaflet.,170,29,12,211,637,2245
You've got some nerve charging an admission for this ... you're raking it in.,166,37,8,211,637,3449
Just a few more chores and I'll sneak you on the list.,171,34,10,215,637,3466
Hard to believe that before climate change this was considered to be a distasteful chore,171,41,7,219,637,1730
"Standing room only, huh?",170,43,6,219,637,2248
"In the grand scheme of things, no one leaf is exactly the same. Fascinating, huh?",170,43,6,219,637,2621
I’m a regular—and I know the owner.,173,37,9,219,637,3534
I question your choice of raking hat.,184,36,11,231,637,641
Wait till you see the laundry exhibit,181,42,8,231,637,3790
I just love your performance art in the Fall.,185,41,9,235,637,2209
And here we have Arthur with a subtle pairing of The North Face country weekend and Martha Stewart tools for show.,174,37,9,220,637,112
And then you shred your work?  Shredding is so hot right now!,185,43,8,236,637,187
"""Can I see the front of your cap?  I'm not sure if I should talk to you.",180,32,12,224,637,511
"This velvet rope isn't even slowing them down, and Mexico is most certainly not paying for it.",167,23,14,204,637,545
Our budget only covers twenty-two leaves.,168,35,9,212,637,620
"Now, stretch! And pull! Ignore those aching wrists! You'll never win 'Raking with the Stars' unless you give yourself to it completely.",161,35,8,204,637,1333
"Carefully curating your lawn, I see.",152,32,8,192,637,1836
"C´mon, don´t be mad at me, I didn´t put you on house arrest.",165,34,9,208,637,1919
"You look like a regular schlub sir, shall I bring you a cocktail now?",178,29,13,220,637,2052
"I understand how a rake works, but this section is reserved for leaf blowers only.",174,37,9,220,637,2178
But you have to let me through. I knew the leaves before they fell.,171,36,9,216,637,2589
"You can rake, but you can’t hide.",207,34,15,256,637,2653
This Amish secret service detail is ridiculous.,165,27,12,204,637,3048
"The squirrels say they don’t know you, so I can’t let you in.",174,37,9,220,637,3290
Why the two-drink minimum???,177,31,12,220,637,3688
Are you sure the line will start here?,200,36,13,249,637,179
I'll bet Joyce Kilmer never raked leaves.,194,27,16,237,637,227
Derivative crap.,187,41,9,237,637,878
I have dibs on the red ones.,179,43,7,229,637,3669
"Rake them again, but slower...",178,38,9,225,637,992
My neighbor has a bigger pile.,175,37,9,221,637,2794
"I don't know about on the other side of the fence, but on this side of the rope, it sure is greener.",171,38,8,217,637,1857
Not bad. But it still emanates a faux New Haven vibe versus authentic Litchfield County.,172,36,9,217,637,3262
"Robert began to question the adage his mother had lived by: “Good stanchions make good neighbors.”




(Deanna Kilbreth, Leeds, Me.)",165,36,8,209,637,3606
"Don't worry, sir. Your neighbor and his leafblower aren't getting anywhere near this lawn again.",163,33,9,205,637,421
Let's pick up the pace...we're already booking into next fall.,159,34,8,201,637,3382
"And I don’t wanna see a single leaf on this side, ever!",158,29,10,197,637,1349
"From a critical perspective, a rather underwhelming season premiere.",153,32,8,193,637,2959
"Always leave them wanting more, Jack",198,28,16,242,637,2136
"Sir, you can't impose a tariff on the neighbors leaves imported into your yard.",189,32,13,234,637,85
"So this is what they call ""labor.""",190,30,14,234,637,387
"For every two you take out, I'll let one in.",188,34,12,234,637,2892
My kid's work is as good at that.,183,37,10,230,637,457
Real reality. Worth every penny. Who knew?,185,33,12,230,637,1275
So . . . I get the metaphor.  You want me to 'leave'.,186,31,13,230,637,2133
Good cordons make good neighbors!,181,41,8,230,637,2979
"What’s the matter, Norman? Is the banality of your seasonal Sisyphean task no longer satisfying to you in a world full of crises? Do you long for something... more?",183,30,13,226,637,903
"I prefer his later work, the snow-blue period.",179,31,12,222,637,1056
"Well, can I at least hold the bag?",175,39,8,222,637,1172
nothin' beats watchin' a great pick-up artist at work,176,37,9,222,637,1578
"When you’re stuck in a cartoon like this, Dude, there’s just nothing funny or clever to say.",182,25,15,222,637,3406
In Germany we do not have seasons; we have Oktoberfest,177,28,13,218,637,455
I like boring things.,173,36,9,218,637,790
I don't think cordoning off your yard will keep my leaves on my property.,168,39,7,214,637,617
"I'm sorry sir, once you rake your leaves outside the venue you can't rake them back in without a wristband.""",172,31,11,214,637,2015
. . . . and keep them over there!,171,33,10,214,637,2702
"The MicroManager: ""You missed one, there's one behind you, there's one over there, not that one, yes that one, lookout behind you, get that one near the door, and the red one to your left.....""",167,34,9,210,637,273
"I'd really like to help you out, but I'm on the cool side.",166,36,8,210,637,838
When does the next performance begin?,152,36,6,194,637,2869
The house down the block also has a VIP lounge.,152,29,9,190,637,1146
"Unfortunately, budget cuts have forced the agency to scale back its witness protection program",198,37,12,247,637,2388
"I’m just saying, I’ve never seen anything less than a leaf blower in the VIP area.",186,40,9,235,637,2579
The stroke technique is quite impressionistic.,187,38,10,235,637,2603
This will give you only 2 hours off your community service agreement.,184,37,10,231,637,1521
"Cheer up sir, you'll only be in for 18 months and next election isn't coming for two years.",188,29,14,231,637,2088
"Didn´t like my joke about the leaf blower, then?",184,37,10,231,637,3209
The long strokes really show the artist’s desire to get back inside.,179,47,5,231,637,3222
He never leaves!,181,36,10,227,637,2242
"Well,‘Raking with the Stars’  this ain’t...",184,30,13,227,637,2839
"I'll have you know in this neighborhood we rake in profits, not leaves.",179,33,11,223,637,1841
I don’t understand. We have leaves at home you can rake.,175,41,7,223,637,2497
"Psst, you missed a spot.",177,37,9,223,637,2962
"For this reviewer, Tom Gallagher's performance is a bit flat and seems to lack motivation. Only two stars out of five, I'm afraid.",178,35,10,223,637,3640
So you think I'm a nosy neighbor.,176,32,11,219,637,83
"Hey, you missed one!",172,33,10,215,637,505
"Don't mind me, I just love watching others work",172,33,10,215,637,847
The Anti-Leafblowers League meets tonight at my house.,168,34,9,211,637,1341
"Are the leaves really what troubles you, or are they just a projection of your agitation with the Mueller investigation?",167,36,8,211,637,1908
I've seen better.,167,36,8,211,637,2465
Beautiful. This must be a Banksy.,154,27,10,191,637,1770
Let me guess...Ellen's notion of a productive golf  alternative?,148,32,7,187,637,1047
"Yes, sir, your leaves are very pretty, but admission to this side of the yard is still $12.50 for non-members.",194,40,10,244,637,3244
The leaf pile tour begins in five minutes.,191,39,10,240,637,2495
The rules are the same for the rake as for the blower:  Your leaves stay on your side.,180,40,8,228,637,718
Careful!  That one's on the list.,177,39,8,224,637,240
You may be the last person collecting leaves without the comforting sound of a leaf-blower.,178,37,9,224,637,3012
Doug tried to capitalize on being the last remaining Caucasian lawn guy in LA,180,26,14,220,637,3336
I usually don't rake until there are at least ten leaves.,172,35,9,216,637,1515
Is this where I sign up for the authentic fall leaf experience pop up?,176,27,13,216,637,2041
This is the best piece of lawn art I've seen since the garden gnome.,172,35,9,216,637,3425
Do you know where all your leaves are?  I would hate for something to happen to them....,172,35,9,216,637,3475
"Yes, once there's more than eight you've got to get after it.",173,33,10,216,637,3526
I miss LA.,169,34,9,212,637,3553
If you run for Congress you could be raking in money instead of leaves.,166,33,9,208,637,521
Plenty performance but little art.,163,39,6,208,637,872
"5.	Would you hurry, please.  I also have tickets for the 8 o’clock snow.",167,31,10,208,637,1496
That's not how the beautiful people do it.,167,24,13,204,637,1685
"Do you think you could rake from east to west?
That would be fantazz.",164,30,10,204,637,2030
You call this a fence?,160,31,9,200,637,1263
I see you went cheap on the fence.,157,37,6,200,637,1783
"Not 'that' Banksy? You could have said so before we gave you the grant.""",160,31,9,200,637,2666
Performance art is so overrated...,158,28,10,196,637,1312
Can't believe I paid $75 to watch this!  You have no technique. And that jacket is heinous.,151,35,6,192,637,789
I enjoy performance art.,189,38,10,237,637,2125
You’re under arrest for leafing the scene of a crime.,191,34,12,237,637,2597
Man this is really boring!,191,34,12,237,637,2726
You Vermonters are starting to take yourselves way too seriously.,147,36,5,188,637,3653
"Nothing gold can stay, but I'd like to keep the other colored leaves...",185,32,12,229,637,1764
"So, I take it you're Art.",181,40,8,229,637,2256
V(ermont) R(eality) glasses.,184,34,11,229,637,2948
I swear my name is on the List!,183,29,13,225,637,613
I wish I wasn’t blind so I could see what’s going on.,181,26,14,221,637,671
Is a rake really the best option? I mean you have to get at least six feet deep.,181,26,14,221,637,1474
"Witness protection or not, there are standards to follow in the suburbs.",175,38,8,221,637,2744
"Your half hour is up, it’s my turn to get out of the house.",176,36,9,221,637,3237
Saturday at the Museum of Mundanities.,173,35,9,217,637,1323
You call this raking? My kid could do this.,175,31,11,217,637,1553
Ugh. Amateur.,171,32,10,213,637,963
"Sir, just put the rake down and leaf the premises.",174,26,13,213,637,3556
"So next time you notice POTUS, don't point the leaf blower at him!",198,36,12,246,637,751
Because Mother nature hates Republicans.,171,18,16,205,637,905
"I’ll say it again, “Good stanchions make good neighbors.”",160,40,5,205,637,1008
I come from the South and I was told that this is a spectacular event.,165,30,10,205,637,1975
So am I the first in line for the new i-phone?,163,34,8,205,637,2026
"So touchy about your technique! I only meant it as friendly advice, Charlie, not as criticism.",159,35,7,201,637,2424
Let me contain this caravan before it gets to the border.,165,23,13,201,637,2577
"Be thankful, if it hadn't been for a small clerical error, you'd be stretched out on the rack.",160,26,11,197,637,571
I see a lack of Feng Shui in your placement of the leaves.,187,37,10,234,637,1513
Seasons in danger of extinction: autumn.,183,45,6,234,637,3132
"You know, my eight-year-old could do that.",178,41,7,226,637,2566
"Hey, Clem......a new rake and fancy velvet ropes..  We figure you're the MegaMillions winner.....right?",180,30,12,222,637,2137
So this is the Jimi Hand Rakes Experience.,176,38,8,222,637,3042
"'""No! I said do a sweep of the crime scene...""",174,35,9,218,637,1260
"Harold, never rake the leaves angry.",175,33,10,218,637,1750
Well there’s no football on Wednesdays. I need some way to fill the void.,176,31,11,218,637,2266
"Honestly, I was expecting something closer to the book version.",172,32,10,214,637,1444
Can I get you a sandwich baggie for those?,170,29,11,210,637,1242
"Don't worry, the crowds will improve once there are more leaves.",171,27,12,210,637,1781
"Raking leaves? What is it, Fall '98?",168,33,9,210,637,2617
"Yeah, I just don't get the feeling of Realism.",169,31,10,210,637,3413
This is management.,201,25,17,243,637,1608
You must be the fall guy.  This won't hurt a bit.,165,32,9,206,637,3794
"Excuse me, is this theater four?",159,37,6,202,637,870
Next time I'll try to get you a left-handed rake.,162,31,9,202,637,2202
They’re not on the list and they’re not gettin’ in.,163,29,10,202,637,3656
I'm not paying for the wall.,190,33,12,235,637,2865
"The atmosphere, the costuming, the props, all in all a great piece of performance art.",156,36,6,198,637,702
"Fall, in my opinion, is without doubt the best season for performance landscaping.",158,32,8,198,637,2545
It’s a bit rich calling yourself the Museum of  Fallen Leaves.,180,39,8,227,637,841
"Mark, why are your hands so small?",183,33,11,227,637,1185
"You're never going to rake over here dressed like that, pal.",182,28,13,223,637,883
I prefer raking it in on Wall Street!,176,40,7,223,637,1024
What time does the snow begin?,180,32,11,223,637,1416
"That's right, rake it!  Rake it like you hate it!",175,35,9,219,637,849
"No one, and I mean no one, can ever know I stood here and watched you rake leaves all day.",197,42,9,248,637,805
You missed a spot. You missed a spot. I'm shtupping your wife. You missed a spot. You missed a spot...,201,34,13,248,637,2232
"Normally, guests don't do this.",196,44,8,248,637,3514
I think you missed one Comrade.,172,34,9,215,637,254
Was the $15/hour the tipping point for you to hire or do it yourself?,171,29,11,211,637,2297
"Are you expecting a crowd for this evening's performance of ""The Rakes Progress?""",174,23,14,211,637,3160
Your performance in Moonraker was more convincing.,169,33,9,211,637,3308
These new post-modern plays are so lifelike,164,29,10,203,637,444
More to the left.,188,32,12,232,637,3185
"I GUESS YOU CAN'T WAIT UNTIL
THEY ALL FALL DOWN",162,33,8,203,637,3313
That's a really good representation of seasonal change.,180,41,7,228,637,2250
Most people just slip me a twenty.,181,32,11,224,637,2210
Not the exhibition I was expecting.,180,27,13,220,637,531
No entry until you turn over a new leaf.,176,35,9,220,637,747
I told you I was going to show you how rake it in,172,36,8,216,637,1409
You really had to call me back for just nine leaves!,170,40,6,216,637,2800
You'll still have to pay the cover.,175,30,11,216,637,2972
not my most successful but my longest running art installation,168,37,7,212,637,97
"So you think you can rake?""...
{The moment Reality TV went too far.",170,33,9,212,637,2898
You missed one over there!,167,32,9,208,637,2022
After you've done that could you tidy up my eyebrows?,170,26,12,208,637,2909
He only comes out in the fall.,188,34,11,233,637,161
They'll flutter in even if you rope them off.,186,38,9,233,637,3279
I got here to be first in line to watch some guy with a rake?,207,40,11,258,637,1181
I got Elon Musk's new nitrogen powered leaf blower.,162,28,10,200,637,2680
Are you ready to let people see the yard yet?,156,40,4,200,637,3403
And make certain to separate the oak from the pine.,181,34,10,225,637,3419
"Sir, our intel would suggest that you've missed a spot.",179,38,8,225,637,3729
Now right handed,178,33,10,221,637,2636
The crowds sure have dwindled since the Jone's got a leaf blower.,178,33,10,221,637,3228
How many times must I ask you to leave?,159,27,10,196,637,3276
"Welcome back folks,here again covering the World Championship of Lawn service.",175,32,10,217,637,1027
You missed one; cross rake on alternate strokes; change hands periodically...,176,30,11,217,637,1408
"We need to consider the optics. The public expects some leaves, you know.",170,42,5,217,637,1431
"A seat on the pile, please.",173,36,8,217,637,2760
I know several better ways to do that,171,40,6,217,637,3554
"Who me,Sisyphus ?I'm finished at 5:00.",156,26,10,192,637,3130
I'm a friend of your wife.,191,37,10,238,637,601
Thank you for taking my “How to Rake Your Lawn class”. I just don’t understand why it’s not a big seller.,167,41,5,213,637,2442
"And here, we see a isolated baby boomer in its natural habitat #amerizengarden",168,32,9,209,637,737
"If this isn’t an art exhibit, why am I watching from behind a velvet rope?",180,45,5,230,637,2643
The museum of pre-apocalyptic life.,163,35,7,205,637,463
Have you tried the rope? Leaves respect the rope.,163,35,7,205,637,2861
Just saying… its a lot less work if you only remove the unattractive ones,163,35,7,205,637,3069
"Excuse me, but when does the headliner go on?",183,32,11,226,637,1824
The crowds will love 'retro' leaf removal!,200,35,12,247,637,3756
"Excuse me, I've been waiting here for half an hour but the line doesn’t seem to move.",160,34,7,201,637,49
I just don’t understand why you’re doing it if I can’t “like” it.,163,28,10,201,637,887
"You really are fooled, every fall, aren't you?",162,30,9,201,637,1491
The Museum of Seasons: The Fall Exhibit,161,32,8,201,637,3651
Now move six inches to the left.,177,37,8,222,637,1118
"Good rope lines 
make even better neighbors.",178,35,9,222,637,3205
What did people do for noise in those days?,161,25,11,197,637,270
"I requested funding.  Next year I'm building a wall.  In the meantime, respect the rope.",156,35,6,197,637,1296
Our other fall guy wasn’t available.,174,36,8,218,637,1
Do you have a green card?,176,32,10,218,637,1883
Last week you had your right hand on top.,178,28,12,218,637,2779
"Sir, you’re not on the list. Step away from the rake.",174,36,8,218,637,3149
They said you do Reiki?,195,31,13,239,637,3271
I'm guessing this is just the dress rehearsal. What are you going to do to distract yourself AFTER the midterms?,156,28,9,193,637,1995
The boss would like to jump into your pile.,177,23,14,214,637,1139
I see you're raking it in again this year.,173,31,10,214,637,3294
They'll let anyone rake here.,190,34,11,235,637,682
Now this... this is talent.,181,45,5,231,637,1562
"Yes, but good fences don't make posh neighbors.",168,34,8,210,637,1835
Who exactly are you trying to keep out?,167,36,7,210,637,1887
"Excuse me, is this the queue for ""Hamilton""?",187,33,11,231,637,2694
and they say trickle down doesn't work,181,38,8,227,637,1974
"Five more minutes... or upgrade to the premium ‘burbs experience and clean the gutters, too.",180,40,7,227,637,3700
I realize this is a concierge service but it seems awfully expensive for just nine leaves.,166,31,9,206,637,3540
"I do, however, respect the 'good neighbor velvet rope'.",193,44,7,244,637,572
"Observing ""Homo Autumnus.""",177,39,7,223,637,2368
"Watch your attitude, Mister. It wasn’t easy to negotiate light labor at a minimal security facility.",180,33,10,223,637,2682
I love this retrospective statement on 1960's Suburbia Disfunction Syndrome.,178,30,11,219,637,1641
"Dude, it's all in the wrists.",189,38,9,236,637,596
Competitive raking is catching on.,171,37,7,215,637,1317
"Reality TV or not, America wants to know, ""Who are you wearing?""",173,33,9,215,637,2895
I raked too...before I roped.,170,39,6,215,637,3577
"Wow, you're feet are  r e a l l y small.",204,38,11,253,637,695
"Critiquing ""the rake's progress.""",171,30,10,211,637,3179
Please form a straight line.,170,32,9,211,637,3603
You've missed 10.,182,38,8,228,637,520
"That’ll do for Thursday’s soft open, but you’ll need to step it up for Saturday’s big lawn sale.",151,33,6,190,637,1701
"If you want to keep the leaves on your neighbor's side, you have to build a bigger wall.",165,35,7,207,637,168
Ever heard of The Rake's Progress?,163,39,5,207,637,1466
Is this the performance art?,165,35,7,207,637,2284
"I’m a highly trained assassin, Craig. You really think you can stop me? I’ve killed like hundreds of people. Just as soon as I figure out how to get past this rope, your ass is grass.",165,35,7,207,637,2671
Remain behind the rope for your safety,168,29,10,207,637,3338
"If I make it look like interactive art, the millennials will come .",177,41,6,224,637,1413
"I can do this all day, Bill.",175,38,7,220,637,86
"At this point, it’s anyone’s game.",179,30,11,220,637,2431
"Yes, they pay me to annoy people!",161,29,9,199,637,1482
We considered raking but it's just not creative enough for us.,159,33,7,199,637,1823
Ziegfeld Fallees,160,31,8,199,637,2403
It's amazing that you can get the leaves to stay on one side of the velvet rope.,160,31,8,199,637,2547
Where does the air blow out?,178,25,13,216,637,276
"Charmingly retrograde, but those shoes have to go.",174,33,9,216,637,2921
"No, in LA this is NOT what they mean by ""raking it in"".",173,35,8,216,637,3720
"I'm sorry, but this is what happens when you get a restraining order from a movie star.",187,37,9,233,637,46
"It's a metaphor for roping off your emotions, not my reluctance to do chores.",170,34,8,212,637,389
What do you say you let the leaves lie there and just walk away.,172,30,10,212,637,3268
Live performance just isn't what it used to be.,182,40,7,229,637,224
"No really, you and Ruthie are always welcome at our dinners. What makes you think they're so exclusive?",154,29,8,191,637,1898
I don't think that qualifies as performance art.,167,33,8,208,637,3607
You forgot the one near your left foot.,166,28,10,204,637,773
When will you be done with my eyebrow comb?,169,22,13,204,637,1131
"Don’t mind me, Mr. Stravinsky, I was just checking on the rake’s progress.",178,34,9,221,637,2303
"So! You seek to capture the elusive red oak, the wiliest of all the  leaves.",182,26,13,221,637,2658
Now that's what I call a site-specific installation,188,37,9,234,637,59
The paparazzi told me they’re running late.,178,27,12,217,637,3187
"Somehow, he hasn't noticed he is part of a social experiment where no matter how much raking he does, the leafs keep coming.",189,28,13,230,637,298
You are a craftsman. You're father was an artist.,174,28,11,213,637,3189
Is this a Fall Gala?,155,36,5,196,637,2372
"Please hurry, the tour bus just pulled up.",177,45,4,226,637,690
I heard this exhibit really rakes it in.,183,33,10,226,637,3621
I see you took the fall for this job.,183,33,10,226,637,3641
"Your raking lacks the implied pomp of the circumstance
and yet there is a certain earnest skill for the task.",169,31,9,209,637,1501
Now I get why 1950s Williamsburg isn't popular.,168,33,8,209,637,2612
"I must say that as your neighbor, I'm experiencing a deep sense of existential alienation.",151,37,4,192,637,3264
Great news. You're on the VIP list for fertilizing too.,178,36,8,222,637,1051
"Dad, must I remind you, as a representative of The Neighbourhood Watch, I'm only required to 'watch' you rake.",178,36,8,222,637,1838
I see this wasn’t one of the more popular leaf peeper tours.,179,34,9,222,637,2201
Whatever made you think you could rake it in doing performance art?,179,34,9,222,637,3195
This art is so lifelike,167,28,10,205,637,3360
Saint Peter won’t care how many bags you’ve raked.,191,33,11,235,637,1644
If you were me you’d be done by now.,182,21,15,218,637,880
If you had a leaf blower you wouldn't have to listen to this review.,163,29,9,201,637,3088
"The Lorax is dead, I speak for the trees now.",172,34,8,214,637,1220
I told you you would really rake it in this fall season.,174,30,10,214,637,2027
Why don't you leave those. It will look more natural.,176,26,12,214,637,3539
The Fall Premiere”,160,28,9,197,637,1642
"I can't believe you didn't get leafless trees, man.  They're really not that much more expensive.",158,32,7,197,637,2199
I hear this place is really overblown.,160,28,9,197,637,3684
Let them drink pumpkin-spice lattes - that’s what I always say.,185,31,11,227,637,2092
Wanna' borrow my leaf blower?,186,29,12,227,637,2401
We are in a cartoon and you're still working.,185,31,11,227,637,2406
I got the trees; you get the leaves.,181,39,7,227,637,2483
Did I say “ Simon says”?,181,39,7,227,637,2638
"Was it your homeowners' policy or OSHA 
that required you to put this up?",170,31,9,210,637,1230
This is just the previews.  I want to be first in line for the real show.,173,25,12,210,637,1305
Worst movie I've ever seen.,195,34,11,240,637,1422
So do you hate celebrity yet?,145,28,7,180,637,1786
If you also clean the gutters I'll let you cut the line.,168,35,7,210,637,3768
You rake just like your mother. And now look where she is; with someone less critical and I have all this free time on my hands.,184,26,13,223,637,3454
I heard your one-man show isn't really raking it in.,179,29,11,219,637,500
Nobody's coming to watch this.  I'm standing here because I'm your next door neighbor.,190,30,12,232,637,2592
I find this work menacing and playful with the disjunctive perturbation of a neoliberal motif and the notion that I will never lift a finger in my own home.,191,28,13,232,637,2688
Prepping 1 O'clock leaf pile jump for P.O.T.U.S now....over,164,29,9,202,637,859
At least at Williamsburg they wear costumes.,161,35,6,202,637,3435
"Call me crazy, but I don't think putting up a velvet rope will keep the leaves from falling into your yard.",174,32,9,215,637,2383
You can’t put them back you know”,172,36,7,215,637,2463
This production lacks dialogue. Perhaps you could whistle.,174,32,9,215,637,2734
"What we have here, ladies and gentlemen, is a rather quaint representation of rural Americana that only begins to scratch the surface”",174,32,9,215,637,3121
The dachshund turds and the acorns are really hard to tell apart now that the temperature has finally dropped.,186,31,11,228,637,489
"So much more prolific than your
 “Lawn Shavings” exhibit!!",157,36,5,198,637,1678
"Good luck on a clean sweep, senator.",161,28,9,198,637,3423
"I can't believe he fell for ""fall curling""",172,29,10,211,637,290
Your wife is selling tickets to the Rake's Progress,180,36,8,224,637,1287
You're doing that all wrong … but you knew that.,178,40,6,224,637,1342
"Just retired and trying to stay busy, huh?",182,32,10,224,637,1433
"Your advertised demonstration of ""raking it in"" with rural housing leaves much to be desired.",179,38,7,224,637,3323
"If you want to save time, Rollo, just walk around and pick 'em up.",181,34,9,224,637,3760
Look at me when you rake!,165,36,6,207,637,866
"I'm sorry you're upset, but I clearly said rakey, rakey, not Reiki, Reiki.",169,28,10,207,637,1383
"Would you like to star in our new film,""The Average American""?",167,32,8,207,637,3146
"It beats sitting in a wheelchair in front of a judge, doesn't it, Paul?",181,27,12,220,637,1915
Eventually you’ll have to let winter in,176,37,7,220,637,2170
"Regrettably, the budget your wife specifcied does not allow for both a gardener and a landscape curator.”",176,37,7,220,637,2672
"It doesnt natter how hard you try to get rid of them. When you think you have it under control, more apoear at the border fence.",180,29,11,220,637,2930
"Which one of us is considered officially ""behind the ropes?""",188,36,9,233,637,1878
Now you see the gardner in his matural habitat...,163,33,7,203,637,1432
What do you do for an encore?,163,33,7,203,637,3052
How retro chic!,185,35,9,229,637,2742
But how do you know WHEN to do it?,186,33,10,229,637,2874
You are clearly not taking the standards set by the home owners' association seriously enough,169,37,6,212,637,2432
"I don't think a one-leaf-in, one-leaf-out policy was necessary.",180,38,7,225,637,478
Doing a little reikey?,182,34,9,225,637,3646
Is your rake Versace?,185,28,12,225,637,3682
I want a red carpet of leaves. You must remove the yellows and browns.,194,33,11,238,637,2752
New England Suburbanite in the Autumn” - Living Exhibi,177,37,7,221,637,2857
Is there a discount for the early show?,189,36,9,234,637,3284
"Dude, you need to wait for all the leave to fall.",181,29,11,221,637,3537
"Smile Phil, you're a performance artist now.",178,35,8,221,637,3745
A velvet rope and a snarky attendant will outperform a wall any day.,185,37,8,230,637,207
"I understand these property lines are confusing, but VIP is VIP.",188,31,11,230,637,1715
Leave a few for the paparazzi.,188,31,11,230,637,2548
"And so, my friend, be of humble spirit, for as the Bible says in Proverb 16:18, pride goeth before the fall.",178,28,11,217,637,739
And we should have a gift shop.,173,38,6,217,637,2807
Funny what they call art these days.,163,35,6,204,637,220
Good afternoon Mr. Anderson.,165,31,8,204,637,321
I thought I told you to leaf.,166,29,9,204,637,3576
"Still on your quest to be ""The Rake of Greenwich,"" I see.",173,31,9,213,637,1352
Is that a curated  collection?,194,28,13,235,637,2151
The season premiere fell a bit short of my expectations.,182,29,11,222,637,296
"Yes, as a paying spectator I do believe it does give me the right to complain about the entertainment.",180,33,9,222,637,300
"And after this, you’re gonna cut back Big Sal’s hydrangeas and then replant Tommy the Chin’s Japanese holly ... etcera, etcetera, until it’s all paid off.",181,31,10,222,637,1633
You know the leaves do not recognize crowd controls.,176,41,5,222,637,3293
"If God didn't want them there, he wouldn't have put them there in the first place.",177,39,6,222,637,3395
Ready? We'll start unloading the bus.,168,34,7,209,637,569
This is not a proper fence and you are not a good neighbor.,170,30,9,209,637,2433
Not exactly raking in the big bucks,174,38,6,218,637,2983
"Master Timmy likes his pile to be exactly 2 ft high. No more, no less.",178,30,10,218,637,3096
"You're method is wrong! More wrist and less elbow! You're not standing right. Tilt your implement further to the right! More distance between you and the leaves! Dominant your lawn, dammit!""",165,33,7,205,637,347
"You know, sometimes they just blow over.",168,27,10,205,637,533
Looks like we've both been raking it in.,170,23,12,205,637,3368
When do you expect the red maples to arrive?,154,32,6,192,637,177
"Herb, most people pull with a rake not push.",185,32,10,227,637,730
Nope -- can't think of a caption for this one.,188,26,13,227,637,3493
This year's Autumn Leaf Tour has really fallen off the pace.,178,23,13,214,637,138
"Wow Jeff, the contrast between the grass and the leaves really brings out this lawn's emotion",174,31,9,214,637,2128
'You got an ID?',193,32,11,236,637,202
You can't seriously be thinking of charging admission!,180,35,8,223,637,1448
"Yes, the club is named Flannel & Denim, but you are not Flannel & Denim material, Ted.",189,33,10,232,637,131
Art is dead,189,33,10,232,637,938
Is that a #FAKE#RAKE?,161,27,9,197,637,1765
"If one of YOUR leaves gets on my lawn, I’ll be using a 44 and a shovel.",161,27,9,197,637,3155
Season tickets for Community Service still available,180,28,11,219,637,2604
"I’m the only guy in line, Barney.  Leaf some for me!",179,30,10,219,637,2855
"Jackson, I'll never understand why you can't wait for the leaves to pile up.  You always panic to soon!",178,32,9,219,637,2924
Rake's progress?,179,30,10,219,637,2929
Only VIP members may jump in the leave piles,176,36,7,219,637,3687
"Hey, Tom. May I take a turn?",164,37,5,206,637,2270
Longer strokes would be more efficient.,168,29,9,206,637,3325
This shall be my greatest work - Pile of Leaves #37,186,32,10,228,637,3624
"Assuming they are my leaves, what makes you think I’ll pay for a new fence?",172,37,6,215,637,573
The Johnsons provided popcorn.,174,33,8,215,637,2703
"Leave those leaves and just leave, please?",179,23,13,215,637,3424
"Say, am I the only one having paid for this?",165,28,9,202,637,1013
"Excuse me, are you 'American Gothic'?",180,37,7,224,637,3564
Last year's fall season was a little more... elegant,172,30,9,211,637,24
Your mother's contract rider was very specific.,190,33,10,233,637,532
We need to be planning the next “regular guy” photo/op for your campaign.,194,25,14,233,637,2286
The initial struggle of man against nature gives way to a moody meditation on middle age but could I get some hot apple cider?,159,33,6,198,637,2246
Rake any of those past this fence and you're toast.,160,31,7,198,637,2305
"Thanks, Jose!  You're not one of those criminals, are you?",180,30,10,220,637,2384
I prefer to let my leaves decompose.,179,32,9,220,637,3302
"When asked, remember that raking leaves is suburban performance art.",167,33,7,207,637,877
Are you wearing Eddie Bauer? That's SO 2017.,168,31,8,207,637,2696
I have to build the wall too many are getting in.,198,26,14,238,637,2564
I supposed this is the fence that will make me a good neighbor...,176,31,9,216,637,2439
That's good. Leaf the rest to me.,178,27,11,216,637,2795
It's time for you to turn over a new leaf!,177,29,10,216,637,3762
"Stan, I'm loving this new spot for VIP  Nosey Neighbours""",157,30,7,194,637,3263
"Mr. President, it's time to get back to the golf course.",138,29,5,172,637,3601
"Mr. Smith, I'm happy to inform you that you are the subject of our new off-site museum installation entitled, Mediocrity. The guests will be arriving shortly.",183,33,9,225,637,87
I meant ‘watching the leaves turn’ in the poetic sense.,186,27,12,225,637,353
"If you're not going to take those last 9 leaves seriously, there are a hundred more club goers waiting in line,who would love to rake.""",185,29,11,225,637,1925
Couldn't help but notice the golden ones are mine,163,34,6,203,637,2438
We've got a pile of evidence on you.,176,24,12,212,637,2868
I'll make sure no one leaves.,154,29,7,190,637,2355
Proud to see you're finally turning over a new leaf.,180,32,9,221,637,1021
A real man would make his wife do it.,186,20,15,221,637,1345
"Mind if I provide a soundtrack with my a cappella version of ""The Autumn Leaves""?",179,34,8,221,637,3186
Let me guess...a blower on you Christmas list.,201,45,6,252,637,1954
You're making progress.,185,38,7,230,637,1981
"Man Raking"", performance art",185,38,7,230,637,2010
Uhm...why is Richard Belzer watching me do yard work?,191,26,13,230,637,2538
I want to see the Fall premier.,166,37,5,208,637,504
Fall is a bitch.,170,29,9,208,637,2853
"If you expected a crowd, perhaps waiting for more leaves and using a blower could spice it up.",170,29,9,208,637,3136
Two stars! The leaf blower experience at Number 16 was certainly more au courant.,192,40,7,239,637,2834
None of them are big enough for that nude statue in the park.,178,29,10,217,637,1666
Quiet on the green,173,39,5,217,637,2852
If you pick up nine more leaves I can upgrade you to V.I.P. status.,189,23,14,226,637,362
If you raked in a circular fashion it would be far more ashetically pleasing.,183,35,8,226,637,869
I better  not see one of those cross the line.,219,34,13,266,637,1319
Is this your usual crowd size for the Podunk Leaf Raking Festival?,189,39,7,235,637,2160
Don't worry. I just heard  that the crowd will soon to here to see The Rake's Progress.,194,29,12,235,637,3334
That hat is so last Fall.,170,38,5,213,637,2944
You can never go wrong with a Thornton Wilder production.,189,32,10,231,637,3125
And you say that's called a rake?,165,25,10,200,637,2274
"If you let me out of here, I promise I won't jump in your pile of leaves.",168,35,6,209,637,483
This internship is unpaid but its great for the outdoor exposure.,170,31,8,209,637,820
"Leaf imitating art, imitating leaf",171,29,9,209,637,1385
"I guess you anticipated more of a crowd to experience your autumn misery. First, your Mabel leaves, then the maple leaves.",172,27,10,209,637,1679
I'm paying you by the leaf --,169,33,7,209,637,2783
"I've heard of snooty neighborhoods, but this is ridiculous.",177,33,8,218,637,263
You're well on the way to becoming a reality TV lawn star.,175,37,6,218,637,1161
"Ooh, how very avant-yard, Mr. Mermelstein.",179,29,10,218,637,1729
Rakish Performance my foot.,176,35,7,218,637,3296
I think I'm wearing sunglasses but this drawing is so godawful I can't tell.,148,20,10,178,637,3023
"For some odd reason over here in Sanctuary City, we don’t have any leaves on the ground.",164,36,5,205,637,2611
It's nice that you're tidying up but I doubt that the velvet rope crowd is going to show up any time soon.,165,34,6,205,637,3365
I can hear you are doing it wrong.,180,20,14,214,637,199
"So, tell me about your technique.",173,34,7,214,637,886
Banksy’s really lost his touch.”,181,34,8,223,637,1472
I'll leaf you be.,180,36,7,223,637,2830
"If your gonna take the Fall, I 'll leave.",184,28,11,223,637,3446
Chore-cum-performance art. I witness genius.,164,29,8,201,637,214
How much longer until the next activity?,161,35,5,201,637,2119
This is still more compelling than 'A Star is Born'.,165,27,9,201,637,2888
The 'poem as lovely as a tree' doesn't mention fallen leaves.,171,31,8,210,637,1250
News flash: There’s not enough leaves for a pile.,170,33,7,210,637,1445
As soon as you're done we can lay down the red carpet.,169,35,6,210,637,1751
"As spectator sports go, I find this somewhat lacking.",171,31,8,210,637,1964
"It’s not about your work, it’s about your attitude...",168,37,5,210,637,2799
Where can I get a hat like that?,196,29,12,237,637,1525
Hurry.   The Milennials require trigger warnings if there are any leaves on the ground.,170,26,10,206,637,2194
One day this will be like curling.,173,36,6,215,637,191
"For sheer entertainment value, nothing beats Hank vs. Mother Nature.",172,38,5,215,637,1195
"I told you, follow me and you'd really be raking it in.",178,26,11,215,637,1281
You're supposed to wait until the other 99.9% of the leaves fall.,174,34,7,215,637,3671
"Do you know why trees can't be trusted, Tim? They're always leave-ing.",182,34,8,224,637,3119
Endangered species: A neighbor who actually rakes their leaves.,187,40,6,233,637,734
Wakey wakey rakey rakey.,204,38,9,251,637,741
I guess they didn’’t know the area was roped off?,159,25,9,193,637,542
A white picket fence would be more effective.,165,29,8,202,637,2095
A VIP ticket to the Museum of Seasons was totally worth it.,161,37,4,202,637,2496
A dazzling display of deciduous dexterity.,179,33,8,220,637,340
Any wiggle room on the L.L.Bean requirement?,176,39,5,220,637,1565
"This won't make your grass greener then mine, you know.",177,37,6,220,637,2098
It's not a Jeff Koons till I say it's a Jeff Koons.,178,35,7,220,637,2563
I can’t imagine how difficult life must’ve been in 2017.,180,31,9,220,637,3320
"Thanks to global warming, all of my leaves just combust before they hit the ground.",191,25,13,229,637,1506
I vos sent to find ze fall guy!,186,35,8,229,637,1882
But only man can make a rake.,192,39,7,238,637,3194
"Madam says postpone sweep, commence Operation Back Rub.",203,33,11,247,637,172
The President thanks you for doing your own lawn maintenance in these trying times.,199,41,7,247,637,2709
"s
Some of those were mine.I want them back.",164,24,10,198,637,74
"Once your yard is as pristine as mine, I will consider the possibility of your entering.",187,42,5,234,637,328
"Rake, rake, rake the leaves, stealing all your glee! Merrily, merrily, merrily, I would’ve cut down that tree.",187,42,5,234,637,1336
"Those are my leaves, but I don't want them back.",181,38,6,225,637,1682
"Da Boss coulda said break his knees, not rake his leaves...
He's behind 50 G's an keeps betting on da Browns.  We need to upgrade our cellphones!",171,26,10,207,637,2110
You'll kindly return my leaves when you're done!,170,28,9,207,637,2224
The Mafia thanks you for your yard care service.,170,28,9,207,637,2342
Your lawn isn't THAT good.,189,38,7,234,637,2391
The fall collection is raking in praise.,158,36,4,198,637,2992
Good cordon ropes don't make good neighbors.,158,36,4,198,637,3070
But you said you had the largest crowd of leaves in American history!  Is this another of your alternative facts?,188,33,9,230,637,3530
One million leaves still to come,184,41,5,230,637,3629
"The Leaf Liberation Movement is keeping its eyes on you, Fred!",180,33,8,221,637,824
"The leaves of brown came tumbling down.
Remember? In September. In the rain.",180,33,8,221,637,2306
Have you given any thought to creating a franchise?,170,37,5,212,637,289
"Umm, yes, when you're finished here it appears that the lion has escaped again.",174,29,9,212,637,936
A new app identifies the location of every leaf to save time raking.,172,33,7,212,637,2350
Can hardly wait until intermission when you serve the hot cider.,164,33,6,203,637,1809
Princeton could still use a guy like you Joel.,166,29,8,203,637,2957
"An adequate job on the leaves.  She says a table may open up soon, but the Elmer Fudd hat has to go.",198,38,8,244,637,251
"I call this one, ""The Fall of Uncle Harold"".",183,36,7,226,637,822
Minimalist performance art?,182,38,6,226,637,1415
Last week's leaf blower was way more entertaining.,182,38,6,226,637,2713
"I see two at one o'clock,three at four o'clock ,another at five at seven o'clock and at least a dozen at twelve o'clock high.",178,30,9,217,637,125
Yer gonna be doing that again next year yah know.,176,34,7,217,637,589
"Good footwork, but your raking leaves me cold.",177,32,8,217,637,855
"Let's pick it up, Samwell. Winter is Coming.",175,36,6,217,637,1196
I wouldn’t do that if I were you.,172,26,10,208,637,3117
I knew you'd be perfect for Lawn Day's Journey into Night.,181,33,8,222,637,1238
"I'm raking as dramatically as I can.
Why do I always get the Scorsese house?",183,29,10,222,637,2006
"Good stanchions make good neighbours, Tommy.",182,31,9,222,637,3481
"Reread your HOA bylaws, Mr. Duckett; the cordon of your exclusive VIP area is 3 inches too low.",166,31,7,204,637,2993
"Ah, so that’s where ‘raking it in’ comes from....",161,25,9,195,637,3106
"Hey, I've been waiting over 20 minutes.  When does the main feature begin?",189,42,5,236,637,2965
"Where’s your global warming now, Carl?",195,30,11,236,637,3680
"My back itches, can I barrow that?",187,30,10,227,637,763
From now on keep your leaves on your lawn.,177,34,7,218,637,3604
"Ah, yes. A Portrait of the Raker as a Moderately Middle-Aged Man.",169,34,6,209,637,930
Early virtual reality,153,34,4,191,637,3364
Humans still raking leaves in 2018? Unbe-leaf-able.,187,23,13,223,637,1918
I paid you good money to jump in a leaf pile so I could relive a simple pleasure from my childhood.  What's taking you so long?,175,31,8,214,637,2326
You thought this was a garden party? This is a gardener party.,171,23,11,205,637,2366
We’re auditioning for roles in ‘The Rake’s Progress!’  Interested?”,168,29,8,205,637,3490
I believe the tree left my name.,196,30,11,237,637,628
If any neighbors walk by act like a celebrity.,158,33,5,196,637,2317
You might have a bigger audience if your wore some designer clothes.,186,34,8,228,637,1154
We have very different ideas about a night out on the town.,154,25,8,187,637,2487
This is what happens when you get Oscars tickets off eBay.,173,44,2,219,637,1442
I told ‘em you were rakish. Don’t blame me for their ignorance.,177,36,6,219,637,2923
Is this where the line forms?,178,34,7,219,637,2926
OCD ?,192,31,10,233,637,277
"Clean, tight ass, oak enthusiast. And married - just my luck.",189,37,7,233,637,704
"I guess ""good fences makes good neighbors"" looks different depending on the zip code.",193,29,11,233,637,3686
"In these virtual reality glasses, you're raking in the dough",156,30,6,192,637,1467
Look at that technique.,183,33,8,224,637,3716
Who needs a rake for nine leaves?!?,179,25,11,215,637,481
Praise costs extra.,173,37,5,215,637,979
That hat; that calloused grip; and the raking method being used to round up those illegally blown in Oak tree leaves is the perfect embodiment of Trumpian Existentialism.,176,31,8,215,637,1125
Ahhh.  So this is what a gardener looked like before robots.,170,43,2,215,637,1459
The Seasons of a Man’s Life really must be viewed as a lived experience.,176,31,8,215,637,2649
Excellent Technique.,186,36,7,229,637,3730
Are you  not familiar with the Endangered Spotted Lawn Moth Act?,179,34,7,220,637,174
Because THOSE leaves aren't on the list.,182,28,10,220,637,294
Blessed are those who removeth the droppings of the trees for they shall be called leave takers.,180,32,8,220,637,3151
What do you think of your global warming now?,201,31,11,243,637,3487
I never promised you a rosegarden,174,28,9,211,637,2181
"Less elbow, more core for a better workout.",194,29,11,234,637,622
"If any of those blow over to my side, there's just no telling what I might do...",146,27,6,179,637,1630
Performance art has really become so bourgeois; $3 for ‘Man with Rake?’,166,28,8,202,637,721
Cue the sprinklers!,182,37,6,225,637,282
maybe you should wait 'til  fall,185,31,9,225,637,3231
Historical reenactments of humans performing physical labor really are must see theatrical performances in the year 2055.,177,31,8,216,637,1094
"The garden club has very strict standards.  We don't want a repeat of last year.  Are we in agreement, Mr. Hall?",178,29,9,216,637,1790
My wife gave me the useless task of watching you do your wife's useless task.,176,33,7,216,637,2479
You might care to notice that I am not a fall guy.,198,30,11,239,637,3370
Prêt-à-gardener,166,37,4,207,637,378
Is there popcorn?,169,31,7,207,637,603
"Look closely Mister Corbin, my property contains zero leaves!
I write such beautiful poetry when my view is free of nature's litter.
I have marked each of your leaves with a Sharpie, and if any
transverse our boundary I will request their removal.",170,29,8,207,637,1347
Slower... Do it slower.,189,32,9,230,637,1388
The fall line is now open,169,31,7,207,637,3411
"Carl, when we decided to split the lawn, you specifically agreed NOT to rake the leaves on my half.",181,32,8,221,637,787
"Such a unique depiction of a working class man. An excellent, thought-provoking piece of social realism. I should take a leaf out of the artist's book for my next project.",180,34,7,221,637,1471
At least let me whitewash your fence.,181,32,8,221,637,3193
I don't really think this deserves to be included in the Fall Foliage Tour.,180,34,7,221,637,3753
The leaf blower you loaned  me last year broke.... Can I borrow that rake?,169,15,14,198,637,3072
I'm in line for the bare raked ladies.,176,26,10,212,637,1389
"Ed, keep your elbow down. Attendance is down this fall.",175,28,9,212,637,3714
So that's how you hold a rake...,186,31,9,226,637,1693
"It's a fascinating exhibit - ""Man Avoiding Midterms""!",188,27,11,226,637,3161
"Sir, we haven't gotten a single vistor yet.",166,30,7,203,637,1091
I’m glad to say that it’s greener on this side of the fence.,166,30,7,203,637,3158
"Get hustling, Jake, Intermisssion is in five minutes.",192,44,4,240,637,1327
"If you love raking, it's an art. If not, it's a real drag.",178,31,8,217,637,2894
"You think you're a freakin' rock star, don't ya Mikey?",180,27,10,217,637,3777
"Wilson, when did you replace the fence?",158,30,6,194,637,1234
"Yes, extreme micro managers are a pain in the ass, but I can't help myself!",158,30,6,194,637,1585
"I do love Fall, watching you rake my leaves on your side.",160,26,8,194,637,1773
"Too bad you couldn't rake in the votes as well as those leaves, eh?",190,32,9,231,637,3555
"Maybe your leaves know what your velvet ropes mean, but mine don't.",169,33,6,208,637,536
When will it be my turn Tom?,171,29,8,208,637,1050
I am trying to make a 'rural elite' thing happen.,172,27,9,208,637,1675
"Mid-twentieth century, Midwest, raking leaves, Eisenhower fiddles, the military industrial complex burns, and this was guy probably thinking: “Father Knows Best”",171,29,8,208,637,3059
Yes George. This was the most moving scene and the Academy should have recognized it.,168,35,5,208,637,3154
Just leave them be.,180,36,6,222,637,1947
"Yes, sir, I do see how you're really raking it in.",195,31,10,236,637,2862
Fall Museum docent,174,32,7,213,637,863
"You know, I wouldn’t have to do this if you just stopped wearing that MAGA hat.",177,26,10,213,637,1046
Forget the velvet ropes; ABC Sports still won't buy competitive leaf-raking. Maybe if you wore a tie--or Adidas.,176,28,9,213,637,3340
"This so exciting, Iam surprised you don't require a ticket!",183,39,5,227,637,3719
I'd rather just not let the leaves in.,168,28,8,204,637,507
Keep up the hard work and you’ll go all the way to nationals.,166,32,6,204,637,1597
"And when your finished that, you can vacuum the red carpet in the front.",170,24,10,204,637,2446
"Are you combing the grass, raking leaves, or doing some kind of performance art?",184,46,2,232,637,1950
You’ll have to finish later.   We need the room.”,190,34,8,232,637,3060
"According to the previews, you're quite the rake.",171,31,7,209,637,1191
"Uhh, the others chose the NYC theatre tour...why",166,25,9,200,637,2047
"Don't worry, your robot replacement will be here next fall.",174,34,6,214,637,1112
That mob better not cross this border.,177,28,9,214,637,1935
"You can rake, but you can't escape.",188,31,9,228,637,3432
What's the point of a bouncer if you can't get anyone to leaf?,167,32,6,205,637,451
"If this is your idea of a boarder wall, it won't work.",193,30,10,233,637,204
"Here we have a 21st century lawn rake, different from the 17th century Restoration Rake however both were tools.",195,26,12,233,637,840
"Sarcasm doesn't become you, Fred.",194,28,11,233,637,1588
May I remind you to keep your leaves on your side of the rope.,199,43,5,247,637,950
Our final exhibit showcases city dweller's weekend migration.,172,31,7,210,637,105
"Not quite Colonial Williamsburg, is it?",195,35,8,238,637,342
"Very clever, my friend, but this will not deter me. Your hands are still too low! Your stance is still all wrong! A child could do better! Who taught you Americans how to rake?",173,29,8,210,637,524
Have you ever thought of moving to the desert?,182,36,6,224,637,2485
When hearts are high the time will fly so whistle while you work.,173,29,8,210,637,2635
"Shut up, Daryl. I know, curling is no fun in the age of climate change, but believe me, with this new technique you're gonna be big at the Olympics.",186,28,10,224,637,3507
"That's right peasant, no leaf blower for you.",200,34,9,243,637,157
Hurry up. A lines starting to form.,188,33,8,229,637,365
"Careful, Mr. Jones, careful. Our clients who are paying for locally-sourced gluten-free organic leaves do not want them unduly wrinkled.",192,25,12,229,637,2410
"Oh, no one’s moving in.  We’re just laundering money through real estate.",178,28,9,215,637,2624
"Pfft, I could do that",205,33,10,248,637,926
I don't much care for the direction your project is headed,193,32,9,234,637,1753
Is this a statement about refugees?,177,39,4,220,637,1549
What did those leaves ever do to you?,181,31,8,220,637,3057
"It's a live exhibit, except for the leaves.",167,34,5,206,637,175
A rake ... and a tool.,170,28,8,206,637,2111
Remember to save the crispy ones for our VIPs.,200,27,12,239,637,1989
"Okay, forget the tree; what if a leaf falls in a forest and there's no one there to her it...",186,30,9,225,637,2012
I knew you were rakish ...but a rope line?,187,28,10,225,637,3457
"And that's a, a... a rake, correct?",186,30,9,225,637,3784
Don’t screw it up.,165,22,10,197,637,1663
BOR-ing,163,26,8,197,637,1777
Is this the popcorn line?,164,24,9,197,637,3543
you missed an acorn,199,38,7,244,637,1906
"Your technique is flawless, sir. Should I take video for next November?",185,41,4,230,637,1187
Call it 'Autumnal Muse' or whatever.  People are not going to line up to see it.,189,33,8,230,637,1301
"I trust your leaves will remain in your yard, Bradley. Also, your aroma.",194,23,13,230,637,3665
"oh, i love this piece. it's like, he's some northeastern dipshit who thinks his shitty house in connecticut is going to appreciate, instead of slowly losing value as his town ages out of existence or dies from heroin or moves to tuscon or whatever.",184,18,14,216,637,1101
"Very clever with the ""leaf me alone,"" but I still won't chip in for a fence.",169,23,10,202,637,1313
You missed one back here. Are you washing the car next? I love these commoner tours.,182,31,8,221,637,817
Why do I even bother doing a matinée in the fall?,183,29,9,221,637,2842
I enjoy visiting the tree museum and don't mind getting charged a dollar and a half just to see 'em,172,26,9,207,637,1728
"Mmm, yes, I see now. Rake your pain Gary, rake your pain…",173,24,10,207,637,2951
"The review was poor, but Larry didn’t put much stock in it.  For the critic himself had never racked a leaf.",200,29,11,240,637,736
"Ugh, rakes are SO last season!",197,35,8,240,637,778
"'""Mother Nature's entourage never leaves"".",196,37,7,240,637,2380
Marina Abramović can go suck an acorn.,185,34,7,226,637,299
"Yes, sir, I am checking IDs.",187,30,9,226,637,1000
"if one leaf comes overm to my side I""m suing",175,29,8,212,637,40
"Oh, you want me to make sure no leaves get in either?!",173,33,6,212,637,1090
Rake it baby! Rake it good!,177,25,10,212,637,1904
"And here we have ‘stupidus neighborus who won’t return my rake’, carefully grooming his habitat.",177,25,10,212,637,2153
The leaves can come in but you will have to wait in line.,175,29,8,212,637,2381
"More like fail-iage, am I right?",176,27,9,212,637,2791
"Can you explain the inspiration for the title of this installation, The Angry Raker?",171,37,4,212,637,2975
I find your fallen leaves disturbing.,171,37,4,212,637,3309
"Hey Joe. It may be true that everyone is famous for 15 minutes, but I’m thinking your snow blowing skills would be the better move.",164,26,8,198,637,1259
I sense you don't care about my feelings.,189,35,7,231,637,1864
"I find ‘Man Doing His Own Gardening’’to be very retro, but wonderful performance art. What’s he going to think of next?  ‘Man Changing the Oil And Filters?’",161,32,5,198,637,2693
Leaf bouncers are much quieter than leaf blowers.,178,32,7,217,637,114
The ‘Annual Fall Cleanup Festival’ is another bust.,178,32,7,217,637,366
"Bad news, Joe! I've made our book club a bit more exclusive.",180,28,9,217,637,1457
Leave one for the chipper.,178,32,7,217,637,2623
"After you're done here go hose down the VIP section, and by that I mean water the shrubs.",194,34,8,236,637,742
As long as you keep putting up these barriers we'll never see eye to eye on this.,190,42,4,236,637,2281
"As the President has said, Mr. Attorney General, all you need to do is recuse yourself.",198,26,12,236,637,3298
Will snow shovelling be coming soon?,192,38,6,236,637,3663
I'm trusting you sell mini versions of those in the gift shop?,167,29,7,203,637,351
Bravo Sir! True performance art genius is not for the masses.,166,31,6,203,637,2656
Bet there’d be more interest if you were going to burn ‘em,165,33,5,203,637,2767
You might want to save some for when the critic arrives.,184,29,9,222,637,843
"After you're done, you must glue them all back onto the tree.",186,25,11,222,637,2721
Would you call yourself a typical Red State voter?,180,37,5,222,637,2893
You're supposed to be raking in the dough...,184,29,9,222,637,3170
"Not everyone curates their leaves,. you know.",183,31,8,222,637,3408
"Mr. Kavanaugh, this is what the common person considers hard work.",156,26,7,189,637,1523
"Epilogue........Though briefly content in life, his nemesis would return yearly to show who is boss......",170,32,6,208,637,221
We really need to rake'em in tonight Johnny,186,34,7,227,637,1577
Hey buddy. In this town we all use blowers.,188,30,9,227,637,1705
"It might be named ""Camp David"", but we don't want it looking like a camp.",190,26,11,227,637,1969
Global warming is making this competition less interesting every year.,189,28,10,227,637,2774
"Ah, gentle stokes Mr.Wilson. Gentle strokes.",187,32,8,227,637,3398
So. You would rather leaf alone?,177,27,9,213,637,632
"Jose, I’d simply like to remind you again that I did NOT vote for Trump.",174,33,6,213,637,2040
I spent good money on my admission fee.  Now I want to see those leaves in a pile.,173,35,5,213,637,2144
I just watch 'Gone with the Wind'.,178,25,10,213,637,2618
"When I saw ""SRO""  I expected something more, I don't know, ...boffo.",176,29,8,213,637,3394
There's one escaping by your left foot!,172,37,4,213,637,3430
Land of opportunity my ass!,188,39,5,232,637,2676
"Sugar maple, I believe.",209,31,11,251,637,1636
"Sir, as I’ve mentioned before, they’re not actually gold-leafed.",147,28,5,180,637,964
Do you really need a rake for that?,166,24,9,199,637,3683
Yes sir...1 more minute until he leaves,165,26,8,199,637,3782
What's the Wi-Fi password?,180,30,8,218,637,1192
"I’d help, but they told me I’m not V.I.P.",178,34,6,218,637,1274
"Now back up slowly, and don't make any sudden movements",175,40,3,218,637,3675
Nothing more annoying than having a lawn order type neighbor...,195,34,8,237,637,326
I'd suggest you leave well enough alone.,169,27,8,204,637,514
Stravinsky did it better. Just saying.,184,31,8,223,637,884
How long until peak color?,182,35,6,223,637,1271
Finding retirement employment is difficult,182,35,6,223,637,1366
Your right hand should be at the top of the handel.,201,31,10,242,637,115
"I'd take a acorn for you, sir.",192,24,12,228,637,262
I'm here to let you know that your lawn is so last season.,170,34,5,209,637,357
Leaf a few for me.,186,36,6,228,637,429
"If you work for me, we can talk electrical equipment",187,34,7,228,637,1069
Glad to see you're cleaning up your act.,172,30,7,209,637,1645
Hurry up. The supermodels will be here any minute.,189,30,9,228,637,1817
"Your ex-wife is here, Mr. President.",191,26,11,228,637,2427
Interesting...and what do you call that thing you're holding?,192,33,8,233,637,1842
"It's more of a psychological barrier, if not a real one.",174,35,5,214,637,1820
"Hey Sisyphus, ready for the critics?",176,31,7,214,637,1844
"Bill, how many years ago were you a bouncer?",178,27,9,214,637,2219
"No, no, no, the celebration is for Leif Erickson Day, not Leaves Raking Day.",178,27,9,214,637,2572
I love your mise en scene,160,29,6,195,637,449
"Watching men at work turns me on, in a Platonic sort of way.",160,29,6,195,637,1357
Trends: dad fashion is more rakish than ever this Fall.,181,30,8,219,637,519
I expected a little more nuanced relationship between you and the rake. This is so stereotypical!,178,36,5,219,637,1331
Gardening always calms my nerves.,177,38,4,219,637,2234
Red carpet blow away?,165,28,7,200,637,1173
"Yes, Mr. Klemholt, the property is yours, but any leaves that falls on it belong to County Garden Waste Department.",184,33,7,224,637,908
We're very serious about environmental protection.,187,27,10,224,637,3029
Well this is the dullest nightclub I've ever been to.,168,31,6,205,637,1384
Show those trees they can't just fall all over you.,173,21,11,205,637,1573
You call yourself a raker?,167,33,5,205,637,2664
"The new ""Struggles of the 21st Century Life"" diarama gained a lot of buzz at the natural history museum.",168,31,6,205,637,3199
You've been reading too much Tom Sawyer.,190,30,9,229,637,171
"Our job is to protect, Mr President, not to help with menial labor.""",175,26,9,210,637,1420
Now toss them in the air.,159,24,8,191,637,991
"Ahh, the average human doing hard labor.  A rare sight these days...",175,35,5,215,637,2102
Am I the only idiot who has ever paid good money to watch you perform with a rake and nine leaves?,178,29,8,215,637,2885
That used to be my job before you stole it.,198,32,9,239,637,594
I'll be right back after I get some popcorn.,161,29,6,196,637,3689
Performance Art - Pffff!,164,32,5,201,637,657
You need to hurry...the President's motorcade will be here soon and we just got word he cancelled autumn en route.,172,25,9,206,637,203
I'm the tour guide for the Bespoke Leaf Peeping Experience.,167,35,4,206,637,3483
"Look, buddy. I might be able to get you in, but the leaves gotta go.",172,25,9,206,637,3525
The new living Fall exhibit at the Metrpolitan of Art: the Myth of Syssyleaves.,193,26,11,230,637,358
"I know you said you wanted to try out ordinary people chores, but can you at least make sure you do a good job?",169,40,2,211,637,889
"She requested exactly 3 leaves be left-one orange, one yellow, and one red.",173,32,6,211,637,2890
You demonstrate the height of human arrogance--Nature intended those leaves to be on the ground.,197,27,11,235,637,666
Suburbanization is so chic this year.,197,36,7,240,637,1917
Mr. Musk will only jump in perfect piles.,180,27,9,216,637,3694
"Ugh, my kid could do that.",201,37,7,245,637,401
Rakishness does not equal coolness.,185,26,10,221,637,525
"Leaf me alone,Carl.",181,34,6,221,637,2182
So when did OCD go off limits ?,184,28,9,221,637,2731
I guess I been raking in too much green. Now the government is on to me.,188,29,9,226,637,27
Your grass looks great.,183,39,4,226,637,101
Here we have ze American discovering that fall is more than pumpkin spice and ze turtleneck sweaters.,187,31,8,226,637,1668
Are the blisters ready? People are lining up.,185,35,6,226,637,3252
Is this leaf peeper giving you the creepers?,164,34,4,202,637,2279
"and Remember, you get a bonus for every leaf over 100,000.",192,30,9,231,637,510
Watch it!  That's not muck you're raking,192,30,9,231,637,1117
This is New England's  version of walking the Red Carpet.,193,28,10,231,637,2659
He was rakish until his fall.,193,37,6,236,637,2637
"Rake it up, Break it down, Bag it up.......",194,35,7,236,637,3071
"These ropes can keep me out, but I'll never leaf!",175,30,7,212,637,2123
It's difficult to rake it in when you're in the autumn of your career.,174,32,6,212,637,2687
Leaves raked in the fall - quite the sensation after the spring maple sap tapping exhibit.,175,30,7,212,637,2755
A ground-scraping performance!,175,30,7,212,637,3705
Leave it!,197,38,6,241,637,689
"If you think for a minute, you're raking them back over here . . .",200,32,9,241,637,1371
You missed nine leaves.  I blocked off the area until you fixed your mistake.,155,27,6,188,637,1004
I hear tonight's audience is pretty wooden.,155,27,6,188,637,3793
"This exhibit shows, when trees existed, the surface human’s ritual used as an excuse to get out of apple picking.",180,29,8,217,637,727
Here we have a suburban man leading his workaday life.,182,25,10,217,637,3373
Five more leaves and you can enter the club,176,37,4,217,637,3703
"You’re the first stop of our seasonal tourist package, so this time with a little more pep.",181,36,5,222,637,1084
"Your threat level has been downgraded from ""Rand Paul"" to ""Homer Simpson""",185,28,9,222,637,2187
"I said, to the left, to the left!",182,34,6,222,637,2480
What kind of trees will we get if you plant those leaves?,191,25,11,227,637,2287
"Presentation counts, Henry, but my lawn still has a two-drink minimum.",187,33,7,227,637,2836
You rakin’ at ME?,189,29,9,227,637,2977
"I'll have delta team do another sweep of the front, but I believe these are the last remaining bogeys on the lawn, sir!",190,36,6,232,637,388
You're still not on the list. It's time for you to leave.,166,32,5,203,637,1827
This VIP  viewing section has cider on tap.,168,28,7,203,637,2222
The neighborhood watch-patol said you'd be serving hot cocoa too!,176,30,7,213,637,136
"The world record leaf raking event goes down in history, witnessed by a crowd of one.",179,24,10,213,637,1477
This is not stopping me from talking at you.,178,26,9,213,637,2808
Leave my leaves alone!,177,37,4,218,637,827
Bet you didn't know that what you're doing in German is 'Gartenrechen'.........bet you didn't know that?!,181,29,8,218,637,901
I was lead to believe there would be some nude dancing here.,181,38,4,223,637,1399
I have a twenty with your name on it...,182,36,5,223,637,3014
I forgot our anniversary again,165,27,7,199,637,909
"I will lend you my blower for a small fee.""",193,32,8,233,637,339
How does it feel to be part of a Banksie original?,198,40,5,243,637,3644
You'll never make it as Groundskeeper #1 with that form.,175,25,9,209,637,853
Performance artist and his fan.,174,27,8,209,637,1080
Forensics has been here already. Get those bodies out of here.,176,32,6,214,637,103
"This isn't ""performance art"". This is just a guy raking his leaves.",174,36,4,214,637,198
Since when do leaves respect boundaries?,179,26,9,214,637,2072
"Next, we move on to practice sweeping up popcorn.",177,30,7,214,637,2114
It's a shame your foliage isn't certified locally-sourced organic.,175,34,5,214,637,2302
When do the babes usually get here?,183,27,9,219,637,1148
Did I miss the live performance? Or you are just raking the front yard?,179,35,5,219,637,1874
"No, sir, they did not come from my trees.",152,28,5,185,637,1494
"When the adoring crowd shows up Morton, for chrissakes don’t slouch.",188,35,6,229,637,1003
"Anyways, like I said, the red pill was the better option.",192,27,10,229,637,2387
"Yeah, Sisyphus would have voted for Trump, too.",198,33,8,239,637,598
"You should save those, they'll be worth something one day.",170,28,7,205,637,2593
Nice job- but that’s not the sort of “jacket attire” we accept here.,170,28,7,205,637,2978
These fall viewing parties sure leave a mess behind.,172,33,5,210,637,2732
"I know you wanted to pay me for my help last night, George, but I think we had different ideas of what hedge fund payments are.",178,30,7,215,637,1544
"If I find one single brown leaf, the band won't play.",184,27,9,220,637,501
"OK.  It's fun to watch, but how much to participate?",145,26,5,176,637,1297
I just don't get it..,185,25,10,220,637,2258
Your precious lawn got an itch?,179,37,4,220,637,2565
I think I got here a little too early this year.,188,28,9,225,637,1735
"They're not my leaves, they're our Nation's leaves""",186,32,7,225,637,2377
I found your installation with rose petals less compulsive.,157,20,9,186,637,1702
Having celebritrees as neighbors isn't as glamorous as it sounds,151,32,3,186,637,1862
Your fall look is a bit of let down.,198,35,7,240,637,440
Most people choose the red pill.,199,33,8,240,637,3434
Looks like you're rakin' it in,161,30,5,196,637,3697
I can see your butt.,168,25,8,201,637,155
You are so passé.,169,23,9,201,637,782
It puts the leaves on the pile.,169,23,9,201,637,3176
"Go ahead, turn them all over. I know you'll never change.",173,24,9,206,637,1100
Our small weekly fee prevents problems with leaves or unions.,170,30,6,206,637,3465
Let’s give the last bus of leaf-peepers what they came for.,174,31,6,211,637,2301
Take a break ... leaf season peaks in 15 minutes.,173,33,5,211,637,2725
"For an extra twenty bucks, I'll make sure the paparazzi get a shot of you in the best autumnal light.",174,31,6,211,637,2871
When during Fallfest do I get my complimentary cup of cider?,177,34,5,216,637,2845
"After you rake them up, go get the leaf blower.",184,29,8,221,637,1276
"Look, if another one sneaks in here, I'm gonna have to ask you to leave.",185,27,9,221,637,3480
"I don't decide who's on the list, buddy.",189,28,9,226,637,3392
I told you ! Keep the left elbow low if you hope to score .!,162,30,5,197,637,2019
Try not to 'leaf' a mess.,166,31,5,202,637,392
No reservation? Let's see. I have a deciduous open for four leaves.,166,31,5,202,637,1802
"After you rake 'em over here, I'll move the goal posts.",172,28,7,207,637,610
"No, I don't hear them shouting, 'Put us back in HIS yard where we came from.'",171,30,6,207,637,3417
The pile starts at the rear.,176,38,3,217,637,1302
This is an exclusive neighborhood and we want to keep it that way,185,29,8,222,637,188
"Look, I know I'm behind the ropes, but wouldn't a leaf blower be  better?",183,33,6,222,637,910
"And now ladies and gentlemen, we’re entering the compulsory school figures portion of our competition . . .",186,27,9,222,637,1569
"Hey boss, is this how you got started in the collection racket?",188,32,7,227,637,2126
"There he is again, the Phantom of the Orchard!",188,32,7,227,637,3673
"Ya know, I always imagined Scotland Yard would be bigger.",194,29,9,232,637,2312
I was sent by the HOA to count the leaves left behind.,208,37,7,252,637,1241
Nothing natural beyond this line.,169,27,7,203,637,238
"Honestly, Mr. Stravinsky, your rake is making little progress.",170,25,8,203,637,928
I payed good money to watch some raking.  Now rake faster!!,168,29,6,203,637,1812
"I think it goes something like, ""I think that I shall never see a poem as lovely as a tree""...",168,29,6,203,637,2843
I’m neither poor enough nor rich enough to wear a cap.,177,20,11,208,637,139
Is this an Outdoor theater?,173,28,7,208,637,801
This isn’t the most popular attraction in the park.,172,30,6,208,637,1197
"""You want an admission? Sure. You are one strange neighbor.",170,34,4,208,637,1350
"You can rake until Summer, you’re still not getting past the rope.",172,30,6,208,637,2421
We will require a second raking.,170,34,4,208,637,2541
"I like my trees, when my neighbors rake my leaves!",174,26,8,208,637,2607
Is this part or the marriage or divorce?,176,22,10,208,637,2831
"Leave the red leaves, we forgot the carpet",175,33,5,213,637,851
Guess you didn't get the memo about acorns.,180,23,10,213,637,1235
No leaves  tolerated. Period.,176,31,6,213,637,1322
And don't forget to rake the leaves when you're done,177,29,7,213,637,1551
"I would help, but I don’t have the right headgear.",176,31,6,213,637,1706
Republican trees; Democrat leaves.,177,29,7,213,637,2590
Forget the leaves Jim we can still charge a hefty cover.,178,36,4,218,637,1483
"OK, you feel stupid; how do you think I feel?",183,35,5,223,637,55
I hope you're paying yourself a living wage for that work.,186,29,8,223,637,1814
I don't know why I'm here.,191,19,13,223,637,3229
"I know everyone likes the smell of burning leaves, but I really don't think you're going to draw much of a crowd.",191,28,9,228,637,3508
I wait until every single leaf  has fallen off every single tree. I don't care if 12 inches of snow has fallen.,198,32,8,238,637,1365
"Don't you dare pull the old ""jump in the pile of leaf"" trick like you did last year!",161,27,6,194,637,1949
It's very relaxing. Isn't it?,168,31,5,204,637,1725
You know what they say about guys with little feet,169,29,6,204,637,2437
We opt for the more environmentally friendly 'green carpet.',170,27,7,204,637,2710
"If you think admission to Fall is hard, just wait until next season.",171,34,4,209,637,724
"This production of A Rake's Progress is...minimalist, but I trust your instincts.",176,24,9,209,637,987
"I still prefer the action in Stravinsky's ""The Rake's Progress.""",173,30,6,209,637,2850
"Rake away, neighbor!   My leaf-blower will get its revenge later!",173,30,6,209,637,3013
Can I show you the ropes?,171,34,4,209,637,3781
"There are 11 men and 10 women in Great Falls, Mr. Kowalski. I'm sure you understand the club's dilemna.",180,25,9,214,637,142
"I swear, if one more city  slicker thinks I'm part of the art...",178,29,7,214,637,2749
"1.my trees do not shed.
2.I guess you did not know the meaning of deciduous when you planted your trees.",182,30,7,219,637,563
Good fences make good neighbors.,183,28,8,219,637,2516
"#MadRakeSkillz
#FallenLeafLifeCoaching
#nevermissaleaf",191,30,8,229,637,3204
"Go fuck yourself, Steve.",200,21,13,234,637,941
If “X” be the amount of leaves falling per minute ....,192,37,5,234,637,1374
Your opening act was injured in a mowing accident. You're going to have to fly solo tonight.,172,25,8,205,637,159
How long can it take to clear a table for one?,169,31,5,205,637,196
These living museums really rake it in.,186,24,10,220,637,206
This is a fresh take on performance art.,193,28,9,230,637,239
I'm just waiting for the Christmas lights to go up.,182,32,6,220,637,462
All rakists are subject to government supervision,183,30,7,220,637,518
Autumn in all her glory.,179,29,7,215,637,705
Put some back into it - my groupon expires in 10 minutes.,191,32,7,230,637,770
Climate change definitely needs to be addressed—but not in my backyard.,167,26,7,200,637,940
Want to borrow my leaf blower?,162,27,6,195,637,965
What do you have against gravity?,179,29,7,215,637,1697
"A little to the left, please.",163,25,7,195,637,2058
Sorry I called the cops but I heard a leaf drop and then another and another and another...,172,25,8,205,637,2200
"Luke, your leaf blower envy is real.  Come to the dark (and noisy) side.   It is your destiny.",170,20,10,200,637,2214
Can you rake any faster? My flight back to Manhattan is at 7.,201,30,9,240,637,2292
Can I get a selfie with you?,172,25,8,205,637,2723
When you live at 1602 Pennsylvania Ave,197,29,9,235,637,2841
Someone said this was the line for Leafs tickets?,173,32,5,210,637,3041
Your trees ... My Leaves ... Sorry!,187,31,7,225,637,3443
You better save some for the encore.,170,29,6,205,637,3779
"Fall again. eh, Bert?",188,31,7,226,637,1721
"Gosh, anyone could do this. It's just a couple of random strokes!",185,28,8,221,637,2583
Didn't you rake already 12 months ago?,181,27,8,216,637,130
"You know there is only going to be more tomorrow, don't you?",180,29,7,216,637,2506
Holy crap a leaf. Wow another leaf. Whoa another one!! How many are there? I can't be-leaf this!,177,35,4,216,637,2815
"If the homeowners association won't do anything, I will.",175,30,6,211,637,285
I like it but I hear he breaks out the really good stuff for the late show.,175,30,6,211,637,754
I paid damn good money for this reki session.,171,29,6,206,637,862
We’ll need you to sweep for mines next.,175,21,10,206,637,2698
Is your electricity off?,168,26,7,201,637,3134
Hi and welcome to the Minnesota State Seasonal Lawn Care Museum.  America's premier seasonal lawn care museum.,158,28,5,191,637,1083
They call me the last of the leaf peepers.,201,34,7,242,637,1572
You miss one leaf and your work release program is over!,189,31,7,227,637,2792
When you're done here.... you missed a leaf in the backyard.,187,26,9,222,637,322
What's the point?  They will just fall down again.,185,30,7,222,637,327
"If you throw in a dance number we might get a bigger crowd,",188,24,10,222,637,1286
You need to up your raking game to be a successful performance art piece.,185,30,7,222,637,2378
Where is the concession stand,175,32,5,212,637,413
Hello. I used to do that with a leaf blower.,177,28,7,212,637,2311
"You missed a leaf, Eric!",177,28,7,212,637,3056
I think Hogarth did it better.,170,33,4,207,637,1158
"I said rack your brain, not your lawn.",175,23,9,207,637,1175
May I borrow your hat?,170,24,8,202,637,65
That rake doesn't look right. Maybe it's too long? Maybe if there were more leaves it would look okay? I'm not sure but I think more tines with less spacing would help you do a better job.,170,24,8,202,637,1629
"Rake on...rake off.  Pay attention, Daniel-san!",211,34,8,253,637,216
That's right! The warden said you could 'leave' today.,201,27,10,238,637,226
"Don't mind me,  I'm here for the total leaf peeper experience.",197,35,6,238,637,1133
"Time to usher in the fall again, huh?",193,25,10,228,637,3108
"I prefer to be called a ""leaf VIPeeper.""",184,34,5,223,637,1188
Trying to take up any evidence of global warming?,177,30,6,213,637,1502
"Hey, you with the rake - let me outta here",177,30,6,213,637,2184
I'm especially concerned about the darker colored leaves. Who knows what damage they might cause?,179,26,8,213,637,2739
"Sorry, you're not on the list.  And, no, rakish doesn't cut it.",178,28,7,213,637,2884
The leaf blower was just a warning. Any more of your leaves on this side of  the border will be punished like you more severely!,178,28,7,213,637,3742
Think of it this way - harassment of people doing their jobs behind barriers is the meme of our times.,173,29,6,208,637,2262
You call that performance art? I could even do that.,172,31,5,208,637,2707
'Community service' Hollywood style.,171,24,8,203,637,1462
"No eager children or dogs in the immediate vicinity, sir.",169,28,6,203,637,3661
"The description said, “blower”",166,25,7,198,637,3736
"You know, in South America, they don’t even have brown leaves to rake.",216,26,12,254,637,35
"Bob, don't let the rake throw you.
This IS performance art!",156,27,5,188,637,2788
"If you break to run a political ad, I’m outta here.",155,20,8,183,637,235
In Canada this pastime awaits the ice for curling.,189,26,9,224,637,98
I would offer to help if you hadn't cordoned off our yards...,189,26,9,224,637,1901
"I’m waiting, save some for me.",186,32,6,224,637,3017
If you had a leaf blower you could just blow them into the neighbor's yard.,185,34,5,224,637,3401
"That's right, leaf thief—gather 'em up!",185,25,9,219,637,633
Don't let me tell you how to rake.,183,29,7,219,637,639
When should I expect your quote for the other half?,182,31,6,219,637,1958
I'm from the Homeowners' Association and I'm here to help you.,180,35,4,219,637,3145
I finally get it: the futility of fall clean up.,179,28,7,214,637,57
"Those leaves were lined up to dance in my yard today, neighbor.",179,28,7,214,637,823
The Suburban Dad exhibit was a flop,179,28,7,214,637,1635
"Sir I'm sorry, but your going to have to come with me. Your rake isn't regulation size.",175,27,7,209,637,2140
So when does the rush start?,176,25,8,209,637,3582
How in the world were you able to train your trees to only drop their leaves inside the roped-off area ... or outside your property line?,170,28,6,204,637,307
"And when you're done with that, scale the fence and rake those other two leaves.",171,26,7,204,637,469
"Remember, we're going for red carpet here",172,24,8,204,637,2804
How pastoral.,167,25,7,199,637,2790
Fifteen minutes of fame and you missed  one.,163,24,7,194,637,2717
If only we could bottle the smell of hard-labor amidst the fallen leaves.,199,35,6,240,637,2134
"Sorry, pal, only celebritrees are allowed beyond this point",158,25,6,189,637,933
"I would help, but manual labor make my eyes water.",193,29,8,230,637,2657
"Hey, your neighbor requested that his shrubbery be given “the red carpet treatment” as well.",185,36,4,225,637,2105
"Hey Fall Guy, can I get an autograph?",182,33,5,220,637,76
Leaf it alone and NOBODY gets hurt.,185,27,8,220,637,858
"Sorry, but you cannot deduct your home as a nonprofit museum.",186,25,9,220,637,1082
"...and before the event, people used to own patches of land that they...",184,29,7,220,637,1851
I can’t wait for fall either!,180,37,3,220,637,2537
I hope you don't mind my being a Leaf Peeping Tom.,173,33,4,210,637,1361
What a fantastic installment. I especially enjoyed the bathroom disguised as a tool shed.,175,29,6,210,637,1610
Remember Rand Paul.,178,23,9,210,637,2821
"I sell leaf blowing machines, can I interest you in a backyard demonstration",171,28,6,205,637,2197
May a VIP enter? I bring no leaves with me.,204,36,6,246,637,2206
"I know they say the grass is greener on the other side of the fence, but which side is the other side ?",157,29,4,190,637,110
I am tired of you raking this administration over the coals and I see now that you just cannot leaf it alone,185,29,7,221,637,1017
Way to manage yard rage.,183,33,5,221,637,2150
I appreciate abstract raking.,183,33,5,221,637,2247
"Dad, this is my best performance art exhibit yet.",181,28,7,216,637,2994
You're the only person I know who compartmentalizes absolutely everything.,177,27,7,211,637,229
"Once you get inside, it is not as exciting as it seems.",176,29,6,211,637,1758
It’s hard to do that with small hands like yours,180,21,10,211,637,2064
Did you get a silencer for the motor?,177,18,11,206,637,1386
How long until the show starts?,175,22,9,206,637,3265
If only you knew how stupid you look.,170,23,8,201,637,3184
Could you rake up some more bright red ones?,168,27,6,201,637,3248
Russet is so out of fashion this fall.,193,33,6,232,637,1053
Do you rake the leaves or do the leaves rake you?,196,27,9,232,637,3077
"For success, leave no leaf unturned!",183,35,4,222,637,194
"I’d lend you my rake, but it'll make your hands look small.",184,33,5,222,637,329
You’re wife told me I was on the list for today.,184,33,5,222,637,1566
Would you mind waiting for an east wind,181,30,6,217,637,1038
"I know this sounds weird, but I really am that guy from your dreams. Just try to ignore me.",179,34,4,217,637,2535
Move it a smidge to the left.,152,23,6,181,637,1015
"When you’re done, please return my back scratcher. And clean it this time for heaven’s sake!",197,27,9,233,637,683
"Mr. Anderson, your reality show will become relevent over time.",193,35,5,233,637,2118
Do you have a reservation?,190,32,6,228,637,1519
"If you don’t leaf them alone, you’ll be convicted of rake!",192,28,8,228,637,1979
"Not too many, now, Randall. We've got guests coming throughout the evening as well.",189,34,5,228,637,1986
C'mon Al--you need to be a little more accessible.,190,32,6,228,637,3515
A little satin and a twirl or two would liven things up.,187,29,7,223,637,2765
"We've decided to take the Presidential Alert a step further, so now I'm just going to yell into your home.",186,22,10,218,637,650
"There will be a lot more, especially red ones, after the midterms.",181,23,9,213,637,621
Pointless!?  At least we aren't ripping off a Charles Schulz cartoon!,179,27,7,213,637,1665
"Mr. President please, we have people to do that.",180,25,8,213,637,2230
Right there Paul ! You missed some .,180,25,8,213,637,2316
"Just between you and me, all the guys in the Secret Service love your Memes, but you're still under arrest.",174,28,6,208,637,2942
You were better on Broadway.,215,40,5,260,637,3317
Am I late for leaf peeping?,191,32,6,229,637,141
"Because this is a drug rehab center, I assume the barrier is to remind me to please keep off the grass.”",198,18,13,229,637,1479
It was called a rake...,193,28,8,229,637,1960
"Sir, if you rake it, you buy it.",192,30,7,229,637,3674
"I'm used to the club scene, man. What do you need a bouncer for anyway?",169,29,5,203,637,1440
"Hombre, I'd do that for you, but Trump's velvet fence is a deterring me from engaging in domestic to service.""",172,23,8,203,637,1540
I suppose reenacting The Matrix every day is a cheaper midlife crisis than buying a corvet.,188,29,7,224,637,355
"Divide those leaves like they are Congress, sir.",190,25,9,224,637,3153
No quiditch until you’ve done your chores!,187,31,6,224,637,3260
"The password? Oh, it's Pumpkin Spice!",185,26,8,219,637,1632
"They discovered some “irregularities” at the club, so I’m lying low up here for awhile.",182,32,5,219,637,3327
Last call for popcorn.,183,30,6,219,637,3744
Come on -- you call this curated raking?,198,38,4,240,637,2954
Reykjavik is a Russian State.,178,31,5,214,637,526
Steve you are the Jackson Pollock of floral arrangements,184,19,11,214,637,864
"Wait, 'leaf blower?' I thought you said 'whistle blower.'",178,31,5,214,637,888
"Psh, my kid could have done that.",175,37,2,214,637,3638
"Man, raking leaves sounds like a hassle. Good thing they all land on your side.",197,31,7,235,637,344
The concierge-manager has asked me to ask you to stick with crowd-pleasing patterns. The paying customers begin arriving soon.,175,28,6,209,637,744
then maybe you'll reconsider the next time you want an awards show in your house,173,32,4,209,637,1143
Backyard Sisyphus. Serving only to keep Carol off your back until the next eastern blow.,176,26,7,209,637,2912
It's gotta be here somewhere...,194,28,8,230,637,248
"You still raking over the crime scene, Ryan?",192,32,6,230,637,685
I found the target.He appears to be concealing his secret base.,194,28,8,230,637,1792
There are many ways to pay off your college debt.,194,28,8,230,637,3277
"So this is how the rich ""rake it in""!",171,27,6,204,637,1102
"Considering the price of admission, you're also raking in the dough!",168,33,3,204,637,1424
"The rake is being used, I repeat. The rake is being used.",170,29,5,204,637,2550
We do not admit domestic leaves.,188,31,6,225,637,409
Like MY border wall?,188,31,6,225,637,1140
Work smarter not harder.,188,31,6,225,637,2780
"I’ve tried to throw them out, sir, but the children insist on getting in the pile.",187,33,5,225,637,2787
You know if you got rid of this rope maybe we could be friends...what do you think?,165,30,4,199,637,3630
Don't forget to rake up those letters too.,188,22,10,220,637,1106
You're not going to pull a Tom Sawyer on me.,183,32,5,220,637,2426
"Sorry, only the top 1% of the tree is allowed in this section.",162,27,5,194,637,2549
"First climate change, then Stormy Daniels and now this.",184,21,10,215,637,565
"Once a man enters fame, he never leaves.",179,31,5,215,637,1381
When I've finished can I have my allowance ?,180,29,6,215,637,2574
A man using a rake and not a leaf blower- what a show !,194,30,7,231,637,361
"Is this because the autumn leaves have turned to 
gold ?",194,30,7,231,637,611
You know the homeowners association can fine you $100 for every leaf they find on your lawn.,180,20,10,210,637,2386
"Quaint raking exhibit.
Ever hear of a leaf-blower?",193,32,6,231,637,2562
I was expecting something more exotic.,175,30,5,210,637,2776
"Yo, Tom Sawyer, can I rake your leaves too?",186,37,3,226,637,600
Looking is for free. Touching is going to cost you.,191,27,8,226,637,1229
Could you do my eyebrows when you're finished?,192,25,9,226,637,2754
"So, you paid the $10 cover charge?",192,25,9,226,637,3084
"In the raking of fine art, I'm particularly impressed by the use of colors.",188,33,5,226,637,3458
You don’t have what it takes to be a good neighbor,169,33,3,205,637,944
"You missed a blind spot.""",172,27,6,205,637,1564
Even with only one spectator my work performance improves.,173,25,7,205,637,2419
"Below the trees still populated with foliage, the misery with him was, clearly, that he sought to interfere for good in human matters, and had lost the power for ever.",166,30,4,200,637,427
I'd maybe give it three stars...,166,30,4,200,637,3034
Do you also use a shotgun instead of a fly swatter?,183,25,8,216,637,197
How many of those get you get into one bag?,183,25,8,216,637,2036
"I've got your back, Brandon.",193,34,5,232,637,670
If you shake it more than once you’re just playing with it.,193,34,5,232,637,1692
This is the most exquisite piece MoMA 's ever displayed.,176,30,5,211,637,281
"Do less, but, also do more",187,37,3,227,637,3278
"Careful. Those are from MY tree, and I'm a man who cares.",172,29,5,206,637,644
This can't be all you do.,174,25,7,206,637,1421
Sorry- we're closed for the season,200,40,3,243,637,3314
"I know you are an accountant by training, but the judge ordered genuine community service.",185,32,5,222,637,768
I don’t see the point. More leaves are just gonna fall.,157,21,7,185,637,2578
Hourly worker I presume.,187,28,7,222,637,2915
It’s what I call the full green carpet treatment,183,36,3,222,637,3061
"So, now that you've introduced the rake in Act 1, it'll have to go off in Act 3?",200,31,7,238,637,360
Yo Leif,168,28,5,201,637,1267
"Hey, ‘Joey The Dope’, I told you to sweep for bugs...smarten up...you know what I meant...",182,29,6,217,637,523
Bodyguard?  No.  Leafguard!  Do you see there are only nine leaves this year?,184,25,8,217,637,1055
Please let me know if you need some releaf.,184,25,8,217,637,2362
Ante leaf blower man.,194,34,5,233,637,441
"Impress me, Rake Boy!",197,28,8,233,637,2606
Keep it up.  Soon you’ll hear old winter’s song.,181,22,9,212,637,42
I told them if they didn't like it they could leaf.,176,32,4,212,637,2263
Are you aware they were once living things?,178,28,6,212,637,2466
"Oh, ..., ' raking ', I thought you meant ' Rei - king '.",179,26,7,212,637,2738
The cover charge is 10 leaves,188,37,3,228,637,2268
Can you move it along? The line from the elm goes all the way to the maple.,192,29,7,228,637,2573
You ARE the secretary of estate.,219,33,8,260,637,2502
Five bucks for this? I see why you said you're really raking in the dough.,173,29,5,207,637,1193
"Banksey,is that you?",176,23,8,207,637,1228
"Sir, if I may suggest a left to right motion",173,29,5,207,637,2392
Stop recontextualizing my yard work!,187,30,6,223,637,1205
Tonight on all new 'Prison Rake'...,159,19,8,186,637,132
Are you sure you need a rake?,185,25,8,218,637,714
"When you're finished, make sure you take a bow.",184,27,7,218,637,3219
"I've entitled this work... ""Democrats; 2018 midterms""",166,25,6,197,637,209
"I love autumn leaves, with their glorious bursts of gray, light gray, slate gray, charcoal, and smoke.",165,27,5,197,637,354
"Sorry, Frank, but this is not a fence and, if it were, it's not on the property line.",167,23,7,197,637,2090
You are way to far to the right.  You need to move to the left,167,23,7,197,637,3020
"They said if you stay long enough, you get to watch him push the leaves on the other neighbor’s lawn.",173,31,4,208,637,50
"Man Raking"" by Banks",205,25,10,240,637,780
"Crowd control barriers together with autumn leaves; always a sign  winter's coming.""",174,29,5,208,637,1602
Another week of snow? I told you global warming was just a liberal hoax.,177,23,8,208,637,3253
Just a few more hours and you'll get your pumpkin spice latte.,186,25,8,219,637,190
It's still early. Just wait for the Sunday matinee,182,33,4,219,637,1037
"Those leaves belong to the trees behind this rope. It you touch them, you pay for them.",186,25,8,219,637,1766
My mother called;  you're on the wrong side of the fence.,184,29,6,219,637,1968
Something there is that doesn't love a stanchion.,187,23,9,219,637,2183
"I get that the leaves weren't a big draw this year, but you still need to pay me.",168,32,3,203,637,3758
And you wonder why I prefer winter.,191,35,4,230,637,32
When does your collaborative interactive leaf exhibit open?,193,31,6,230,637,1794
"Sir, your American Leaf Garden is a total rip-off!",193,31,6,230,637,3492
"You missed the crowd this morning it was ""Huge"".",181,26,7,214,637,2048
"I hate to say it, Mr.Gore, but it feels pretty nippy out here today.",190,28,7,225,637,1252
Let’s get these leaves picked up before the President returns. Too scientific.,195,18,12,225,637,1406
No Sir.  I can not tell you when Senator Paul will be home.,175,29,5,209,637,1048
"J'ai trouvé l'exhibition à l'étage séduisante mais finalement, dérivée.
(""I found the exhibition upstairs seductive but ultimately, derivative"")",163,24,6,193,637,2068
"I spy,you missed a few",200,28,8,236,637,3026
"WELL, WE'LL NEED A DEEPER SPOT FOR SHORTY.",190,19,11,220,637,1528
Let’s step it up.  The trick or treaters will be here in eight hours.,167,36,1,204,637,104
Your muck-raking days are just beginning.,172,26,6,204,637,3501
I find your performance lacking any merit in real world applications.,194,31,6,231,637,1370
Leaves me wondering what you do with the rest of your day.,194,31,6,231,637,1940
"Just keep the leaves on YOUR side, Walter.  We have standards!",196,27,8,231,637,2185
New York values finally come to New Hampshere.,181,28,6,215,637,907
The harassment of conservative politicians has expanded beyond local DC restaurants.,181,28,6,215,637,2851
Waiting for Gardener,183,24,8,215,637,2955
I’ve read you find your inspiration in nature.,167,27,5,199,637,1905
For $300.00 it's not the rake's progress I was expecting.,169,23,7,199,637,2093
You miss one to your left.,175,31,4,210,637,551
“And you’re gonna pay for my new border stanchion.”,175,31,4,210,637,1315
"Didn't expect this from a ""country club"", did you?",175,31,4,210,637,1952
Is fall my favorite season?  What do you think?,198,34,5,237,637,1648
White Plains will NEVER be Scarsdale.,200,30,7,237,637,2331
I wish I could have a go on the leaves in the VIP area.,197,36,4,237,637,3128
"When you finish that, you still won’t be able to get in.",164,24,6,194,637,2504
Do you shred them?,185,31,5,221,637,527
"Sid,I think you’re a victim of the the law of diminishing returns.",184,33,4,221,637,2467
Didn't you hear this is a red-orange-yellow carpet event?,174,24,7,205,637,2759
I'm on work release I work at my own speed,197,27,8,232,637,3388
Your audience awaits....,180,32,4,216,637,915
With apologies to Joni Mitchell - They took all the leaves and put em in a leaf museum...,160,23,6,189,637,1690
Yoko Ono's Suburban Period,183,26,7,216,637,3055
Your job is secure so long as seasonal changes provide fallouts!,191,30,6,227,637,1825
"Do you clean up fallen stock portfolios, too?",193,26,8,227,637,2240
"One word, good neighbor:   MULCH",169,25,6,200,637,3478
Is it a critique of rake culture?,176,31,4,211,637,980
"Actually, I prefer Summer Stock.",180,23,8,211,637,1362
"Sorry Bob, muckraking doesn't draw big crowds anymore. Now people prefer fake news.",188,27,7,222,637,1159
Why don't YOU make like a tree and leave.,187,29,6,222,637,2417
It is better than to pay condo fee.,188,27,7,222,637,3612
"When Dave took a Luddite perspective on living life, his NSA agent decided to take a more hands-on approach.",198,27,8,233,637,1213
This should have been done before I arrived.,208,27,9,244,637,731
Raking in the trickle-down profits? You're welcome.,185,24,8,217,637,261
Yes…this does feel like a Banksy.,185,24,8,217,637,1976
"I love Fall, you missed one over there and over there""",191,32,5,228,637,1754
"Yes sir, I will leave no leaves behind.",193,28,7,228,637,2785
"Keep 'em together Steve, yeah, that's it son, 
I can almost taste that Olympic gold medal.""",179,27,6,212,637,51
Your raking technique leaves much to be desired.,188,29,6,223,637,2420
I'll have to check you for mulch.,188,29,6,223,637,3659
"Face it, Goldsworthy did it better...ten years ago!",200,25,9,234,637,1673
Is that rake made of teak? It doesn't look like it's made of teak.,174,28,5,207,637,625
"If you think this velvet rope would have prevented Rand Paul's broken ribs, you're sorely mistaken.",180,16,11,207,637,2508
And if anymore leaves are blown onto our property I'll come back and get personal with your knee caps.,175,26,6,207,637,2758
"You stink at this but I'm not surprised, with those tiny  hands.",176,24,7,207,637,3126
It's a living!,184,28,6,218,637,334
"And be sure to return that rake to your neighbor, ON TIME, Mr. Paul.",183,30,5,218,637,710
Very nice presentation.,182,32,4,218,637,771
He has great brush work.,182,32,4,218,637,1018
"Whatever you do, don't burn the red leaves.",185,26,7,218,637,2113
"If you don't want the leaves, don't put them on the list.",183,30,5,218,637,3453
"Don't worry Mr. President, I'm making sure he doesn't pull that 'jumping into the pile and ruining all the work' nonsense like before.",194,28,7,229,637,1655
"Nice. When you’re good, you’re good.",189,38,2,229,637,1980
It's a performance-based piece on the state of labor laws in the country.,204,28,8,240,637,2207
We’re going to rake in millions with this Banksy piece.,159,29,3,191,637,2937
"He wasn't kidding about the whole ""I need my personal space"" thing!",172,23,7,202,637,1696
Typical lefty!,184,19,10,213,637,1328
"...and here, we have my brother Milton, in his natural habitat known as Raking Splendor ...",189,29,6,224,637,1338
"I know, Karl... the leaves are just going to fall again tomorrow.",187,33,4,224,637,1719
A brilliant corollary to the spring clean-up!,198,31,6,235,637,380
"Hey,Pal, pick it up why don’t you. I gotta reservation at 7.",199,29,7,235,637,2164
One more leaf and you are done.,209,29,8,246,637,701
"A contemplative leaf garden? Ah, more original than sand.",174,30,4,208,637,772
"I ‘ve been a member of the Leaf Police for twenty years, and I know what I’m talking about!",173,32,3,208,637,2598
Next stop on the tour of life: Lonlieness,180,18,10,208,637,3216
Your velvet rope doesn't work on leaves I see.,187,24,8,219,637,2018
I never would have let you in Studio 54 with those clothes.,195,28,7,230,637,3307
OLYMPIC LEAF RAKING,169,31,3,203,637,3361
A vacuum cleaner would be faster.,180,29,5,214,637,1498
We'll have to find a way to tax this,180,29,5,214,637,2500
"Due to budget cuts, we’ve had to opt for the seasonal red carpet this year.",177,35,2,214,637,3352
Pa attention to the acorns; they don't fall far from the tree.,190,29,6,225,637,222
What makes your leaves so special ?,165,30,3,198,637,144
I tipped the maitre de for a good view.,192,36,3,231,637,769
Making any progress?,178,24,7,209,637,921
What time does the next Leaf Peepers' show begin?,175,30,4,209,637,1071
"May I see your ticket, please?",168,24,6,198,637,1677
Not much to see here ... I think I'll join everyone watching Frank rake.,185,30,5,220,637,1833
Here we have spooky season depression at its finest.,187,26,7,220,637,2358
"Sorry, but I know a genuine Banksy when I see it.",187,26,7,220,637,2451
You are finally turning over a new leaf.,168,24,6,198,637,2510
"Ok, you have 9 leaves and a funky almost non functioning rake plus this show biz fence thing, I'd guess your last book was a flop.",202,27,8,237,637,904
"In our movie premier, we promised no leaves were be harmed.",197,37,3,237,637,3596
Alright!  Now march those bad boys right over here.,188,35,3,226,637,939
Why are you looking so angry--that's what trees do every year!,194,23,9,226,637,1465
Are you actually going to do that everyday?,183,25,7,215,637,1394
Gaia says a little to the left and up 2 feet - really hard.,184,23,8,215,637,1913
This art installation is really going to rake it in.,184,23,8,215,637,1961
"What I said was ""This is an exclusive neighborhood - leave""",182,27,6,215,637,2900
Your wife is waiting for valet parking.,175,21,8,204,637,1626
"What do you mean, "" Standing Room Only?""",173,25,6,204,637,2796
Perfect time of year to tidy up shallow graves.,204,34,5,243,637,1273
Make sure it's spotless. Don Vito will be here at 4 o'clock.,205,32,6,243,637,3326
Give me a break! Must you do this every Sunday?,189,24,8,221,637,1646
You can come in after you leave.,187,28,6,221,637,3579
Local father has to take new safety precautions after claiming himself “World’s Best Raker.”,182,18,10,210,637,160
I heard these boundary disputes can get physical.,177,28,5,210,637,1652
So that’s why they call this night club “Autumn.”,198,37,3,238,637,2163
I am not sure why you think we need a fence between us.,182,29,5,216,637,80
It maybe the rake now. But in a couple months I'm pretty sure we'll see you out here with the shovel.,187,19,10,216,637,605
I should have started charging the big city  peepers years ago,184,25,7,216,637,1369
"That’s not what she meant when she said you’re a rake, nit whit!",182,29,5,216,637,2054
"I’m glad trees went extinct.
They seemed so messy!",183,27,6,216,637,2616
The Boss said:  Leave no leaf behind!,185,23,8,216,637,3297
Are you sorry that you made fun of my invisible leaf fence?,176,21,8,205,637,424
I feel that the authenicity is lacking in this piece.,176,21,8,205,637,2278
"Good job raking leaves, Bro.",166,21,7,194,637,1141
Nice theatrics.,197,30,6,233,637,865
Juan got deported- my yards a mess. Any ideas...?,197,30,6,233,637,2313
Matinee crowds are the best.,184,36,2,222,637,1607
"Hmmm.  Somewhat derivative,  A Grant Wood wannabe.",186,32,4,222,637,2468
The rake? Yes. Progress? Quite the opposite.,183,18,10,211,637,891
How about raking up something funny while you're at it.,181,22,8,211,637,2608
Hey. Louis.  Would you like to borrow my leaf blower?,179,26,6,211,637,3217
"I may have to put up with your leaves blowing onto my lawn, but you? Stay behind the rope!",172,20,8,200,637,23
Get rid of all the evidence ASAP,172,20,8,200,637,2673
"Don' mind me, sir. The IRS just sent me here to learn.",170,24,6,200,637,3376
"Les feuilles mortes se ramassent à la pelle
Tu vois, je n'ai pas oublié
Les feuilles mortes se ramassent à la pelle
Les souvenirs et les regrets aussi",193,29,6,228,637,1279
After decades of shoveling bull.,186,23,8,217,637,3557
The National Park Service's proposed new special regulations are a tad excessive.,165,25,5,195,637,2373
My other celebrity clients prefer reiki.,190,26,7,223,637,107
Men in Black 4,182,22,8,212,637,1079
Mmm...now stroke the handle.,202,33,5,240,637,2813
"Rake on, dude.",192,33,4,229,637,3220
"FASTER FASTER...
Your not keeping up with the Jones...",183,31,4,218,637,2193
I take it this means I'm no longer on your A-List.,183,31,4,218,637,2238
YOU LOOKED MORE INTO IT LAST YEAR.,174,29,4,207,637,3655
TMZ left.,200,28,7,235,637,47
"The rake yes, the leaves yes, you - No.",201,26,8,235,637,126
I knew I should've cast a leaf blower for this exhibit!,200,28,7,235,637,2849
"I see your lips, the summer kisses....",193,22,9,224,637,460
Just a few more. The president insists on tight security.,189,30,5,224,637,1850
Those are just leaves you know.,183,22,8,213,637,570
Your manifestly compulsive leaf raking may symbolize undoing regrettable personal conduct.,180,28,5,213,637,2192
When does the show start?,175,38,0,213,637,2534
Meet the first person fired for asking for a plastic straw,196,27,7,230,637,1303
Supervised work release program for first-time #MetToo offenders,199,21,10,230,637,1740
"How do you like that wall now, Fred?",173,22,7,202,637,2402
"With climate change, you could plant cacti and avoid leaf raking.",187,25,7,219,637,106
I have to ask you to please drop your weapon.,187,25,7,219,637,760
"Beyond this barrier I have erected, I am helpless to prevent the leaves from my forested property finding their way to your barren yard.",163,22,6,191,637,267
This is the last time we book an Air B &B for the Oscars!,201,28,7,236,637,236
Backyard premier my butt.,204,22,10,236,637,1132
The form is so domestic,201,28,7,236,637,2032
No one leaves unscathed sir.,201,28,7,236,637,2314
"Your film is raking in profits, I see.",205,31,6,242,637,631
"Is it a chore or is it labor? 
That is the Question!",206,29,7,242,637,850
Here my neighbor examines how ennui can be meaning in an otherwise dull composition.,168,23,6,197,637,3523
My wife is going to be thrilled when she finds out I saw someone actually raking the lawn,180,30,4,214,637,1144
"Perhaps ""Do Not Cross-Crime Scene"" tape would keep them out?",183,24,7,214,637,2082
"Will that menacing kid Dennis be livening things up soon? If not, I need a refund.",184,22,8,214,637,3397
"That’s my rake, Bumstead.",169,32,2,203,637,2493
Do your leaves have representation?,186,29,5,220,637,1278
"This won’t do. Good neighbors need border walls. Your leaves are streaming across my yard. And as they’re your leaves, you’re going to have to pay for it.",189,23,8,220,637,1579
"If you shake the tree, we'll have enough to jump in.",185,31,4,220,637,3385
I am watching you.,178,25,6,209,637,756
"This point onward is national reservation property and we'll keep the leaves right where they are, thank you.",206,31,6,243,637,3091
Why don't you get a blower?,185,22,8,215,637,2283
He lets the female gardeners right in...,186,20,9,215,637,3033
I said TAKE the cannoli.,201,21,10,232,637,1707
You're using the wrong arm again.,198,27,7,232,637,3180
And make sure you stay outside the rope !,213,28,8,249,637,1289
Just remember that there are all kinds of rakes behind the velvet ropes.,189,25,7,221,637,7
"See, dad? I can be a performance artist",188,27,6,221,637,169
House arrest means less leaves to rake.,174,24,6,204,637,400
Are you searching for the perfect leaf?,202,30,6,238,637,1122
"Performance art has reached its autumnal phase, I see. What's next: 'Geezer Throws Snowballs at Neighbor Kids Walking By?'",189,25,7,221,637,1145
Let's turn over a new leaf,191,21,9,221,637,1710
Aha! Even Al Gore admits the weather gets cold!,180,23,7,210,637,713
"If you were raking them up with your toes, you'd get a bigger crowd.",178,27,5,210,637,1788
"I appreciate the creative license, but we asked for a literal red carpet.",163,26,4,193,637,1454
This new art exhibit is so mundane.,182,30,4,216,637,1485
Wouldn't want to blow our cover.,185,24,7,216,637,2701
Get the acorns too!,185,24,7,216,637,2919
Is this where the academy awards are being held?,183,28,5,216,637,3074
"My name's Smith, Agent Smith.  Not much to rake there now, is there NEO?",172,19,8,199,637,556
Do you mind if I take a leaf?!,169,25,5,199,637,2389
a little more english to the right,187,31,4,222,637,26
"Sorry, sir. Leaf piles are for V.I.P's only.",191,23,8,222,637,1099
"Alastair was amazed by the new, immersive play he was watching. ""No wonder this is raking in the big bucks,"" he thought to himself.",189,27,6,222,637,1622
"The stock market is a bust, but at least I can rake it in here.",176,22,7,205,637,2443
He's the last of his breed since they built the Wall.,171,32,2,205,637,2905
Why are you leaving me out of this?,191,34,3,228,637,1699
"Drop the rake and get on the ground slowly, leaf-killer.",195,26,7,228,637,1782
Modern art of the modern man.,194,28,6,228,637,1853
"It may seem excessive, but he's a very hungry caterpillar.",180,25,6,211,637,3046
"Who wants to frolic in your old leaf pile, anyway?",177,31,3,211,637,3658
You can do it put your back into it and hurra.,164,26,4,194,637,3269
Welcome to the FBI - raking things under the carpet is what you do now.,198,31,5,234,637,812
Well I hope this will help us to turn over a new leaf.,198,31,5,234,637,846
You want spying? THIS is spying.,185,26,6,217,637,574
"You, and ""what's her name"", can come over now.",172,21,7,200,637,602
"We hear you've been sharing your leaves with the neighbors. We're on to you now, Buddy!",171,23,6,200,637,3143
"Round ‘em up! Those are the really bad ones, dropped by the Democrats.",191,25,7,223,637,2300
"No rakes allowed, hoes welcome.",178,20,8,206,637,1245
You've got the velvet rope. When do you put in the sidewalk?,175,26,5,206,637,1247
"Thanks for letting me watch a real pro do his thing combining strong hands, outstanding technique, surely not least, the strength of character to keep to the schedule even for a mere handful of leaves.",194,30,5,229,637,566
Lighten up. Those are yours - not mine.,193,32,4,229,637,1866
"Work that stick, boy",200,29,6,235,637,1390
You forgot the red carpet.,199,31,5,235,637,3003
"I GUESS THIS ROPE TRULY DOES GENTRIFY
""GET OFF MY LAWN!!!""",169,18,8,195,637,2567
"I'm sorry sir, you'll have to leaf.""",206,28,7,241,637,1937
Do it over...you missed some leaves.,171,25,5,201,637,1314
"Who was that upscale poet who used to say, ""Good stanchions make good neighbors?""",190,29,5,224,637,3040
"C'mon Pops, if you want to make it to Broadway you're gonna need a flannel shirt, more bend in the legs, and your gonna have to learn to whistle ""Autumn Leaves?""",176,26,5,207,637,186
Make it snappy. The VIP stoop opens at 8.,197,26,7,230,637,431
Worthy of my doctorate. Tradeoff. Carbon footprint from leaf blower or you breathing hard raking.,198,24,8,230,637,1335
"The longer it takes you to takes you to rake those nine leaves, the longer it will take to get back to your cell.",178,22,7,207,637,3083
Theses cover charges are getting ridiculous,181,27,5,213,637,369
"You're not doing it right, and I do not approve of your politics.",184,21,8,213,637,845
The rake vibrates when its battery is running low.,178,33,2,213,637,2511
"If he's a paparazzo, he's being awfully L.L. Bean about it.",180,29,4,213,637,3636
This would surely have to rival Picasso’s Sweeping Woman,207,28,7,242,637,990
"Are you a Whitman fan? Whenever I watch you out here, it makes me think of  'Leaves of Grass.'",186,28,5,219,637,9
Can I get you a pumpkin spice latte from the Museum of Autumn café?,188,24,7,219,637,2016
"Hurry, trees should be arriving soon to shake it up",208,37,3,248,637,1618
Here we have a fine example of kinetic sculpture from Jim’s Lawn ’n Leaf.,193,25,7,225,637,3461
Thanks for taking care of your leaves in my yard.,197,28,6,231,637,3759
"Sorry, leaves, we're a very exclusive lawn.",177,26,5,208,637,69
I see my trust in you was misplaced. I could have built a solid fence.,176,28,4,208,637,3105
Your wife has subponaed you for divorce proceedings since you're obviously raking it in.,201,31,5,237,637,1768
"Rake em up!
Rake em up!",205,23,9,237,637,3001
"After you rake and bag the leaves,you can start to dig.",202,29,6,237,637,3491
Beyonce said no brown leaves.,202,29,6,237,637,3574
"If you don't mind, I'm gonna wait here for the cherry blossoms.",181,29,4,214,637,654
"Sorry, neighbor, but I can't give you a hand.",188,15,11,214,637,3350
"I call it, 'Idiot Raking.'",183,25,6,214,637,3485
Andy Warhol would have loved filming you. He could have called it LEAVES.,187,28,5,220,637,3698
How much longer do we role play warden?,213,29,7,249,637,2619
Do these pants make my ass look fat?,195,23,8,226,637,1711
You can learn a thing or two from city people like me.,172,27,4,203,637,93
Just gleaning inspiration from the rake’s progress for my next op ed.,198,28,6,232,637,630
Tell Ma that I'll take my shoes off.,199,26,7,232,637,1601
I want mine back.,172,27,4,203,637,2075
We both work towards a common goal.  We just have different roles.,173,25,5,203,637,3028
I see you're already planning for your Mega Millions win.,202,31,5,238,637,953
Is fall ready to start yet?,203,29,6,238,637,1009
This velvet rope is to remind you to LEAF ME ALONE.,204,27,7,238,637,1720
"MoMA discovers ""the Rakeist"".",202,31,5,238,637,2249
"Y’know, the guy at Yardis wears a tux when he rakes.",176,30,3,209,637,1681
"As my character John Munch would say, you can't rake your way out of this.",151,27,2,180,637,1586
Those should have been rose pedals for him to walk on.,182,29,4,215,637,2347
You're  just encouraging all the other leaves to fall that want some special attention.,183,27,5,215,637,3120
This is a really weird wax museum.,182,29,4,215,637,3318
"What makes you think that people will pay to rake your leaves, Mr. Sawyer?",191,22,8,221,637,78
"Remember, there’s no cover charge for attractive fronds.",191,22,8,221,637,969
My new leaf blower is really powerful.,188,28,5,221,637,3038
"Nine leaves does not constitute a ""rake"".",161,29,2,192,637,3504
Addicted to blow?,197,21,9,227,637,2059
You leave me no other option.,172,18,8,198,637,691
"After you get those up, nine more are gonna fall.",198,30,5,233,637,722
There will always be some that refuse to recognize authority.,177,19,8,204,637,373
Seeing you rake those autumn leaves makes me want a Hoagie.,174,25,5,204,637,1988
Light gray coats are soooooo 2009.,174,25,5,204,637,2863
"When I said ""when someone leaves, you can come in"", this isn't what I meant.",204,29,6,239,637,2045
"Good show, George",179,26,5,210,637,528
"Sir, Vice President Biden is almost here. Can't you see the crowd?",180,24,6,210,637,974
"Remember to catalog each of those leaves when you're done, this yard is on the Historical Landmarks List.",178,28,4,210,637,1743
"You're going to need to lose the hat, your skinny friend is free to come in.",187,21,8,216,637,1255
"Hey Mac, gotta bone saw I can borrow?",186,23,7,216,637,2973
"So, you’re the new broom.",181,33,2,216,637,3363
You could make better use of your time sleeping!,183,29,4,216,637,3764
You think you’re raking it in now?  As your agent I’ll make money fall from the sky ... not leaves!,188,30,4,222,637,3528
"“So much for a fall exhibit, this man hasn’t tripped once.”",189,28,5,222,637,3749
"Hey, it’s my turn to be Tom Sawyer!",160,22,5,187,637,2533
I love using TaskRabbit for my own amusement.,193,31,4,228,637,836
Scarlett Johansson still isn't coming.,167,19,7,193,637,3766
"Dude, this is your red carpet.",199,30,5,234,637,960
Let’s leave it to the pros.,169,26,4,199,637,1458
Careful. Each leaf backs up 1 cryptodollar.,168,28,3,199,637,1617
Your work leaves me wondering if you know what you’re doing,168,28,3,199,637,2968
How'd that leaf yard sale thing go?,204,31,5,240,637,1166
"If you read my script, you could’ve been raking something else.",175,25,5,205,637,108
Hurry up. The next showing of The Last Leaf is about to start.,174,27,4,205,637,183
You have lousy technique,174,27,4,205,637,674
Thanks but you just raked our red carpet.,177,21,7,205,637,1294
"Keep those leaves on your side Mr. Johnson. Don Jr, is having Eric over tonight. You know  how skittish he is.",209,32,5,246,637,2037
"From raking it in,to raking it out",176,23,6,205,637,3208
Perhaps something in a leaf blower is more your medium.,185,27,5,217,637,3792
"Excuse me, what do you represent in the world of art?",187,34,2,223,637,1582
The interactive passes were too expensive.,192,24,7,223,637,1615
"man in sunglasses: average joe wanting to beat the shit out of Rand Paul

the velvet rope in the way: CIVILITY",192,24,7,223,637,2127
I guess this is a Hollywood premiere New England style...,152,29,1,182,637,2156
I guess for a blowhard like you you could call this raking it in.,196,27,6,229,637,942
I'm not sure William Hogarth would approve of your adaptation of his work.,203,24,8,235,637,450
"With the rope and that manual rake, you look like an exhibit in the Smithsonian.",202,26,7,235,637,2891
Since your retirement from Wall Street I assumed your advertised lectures on cleaning up mean the market not the yard.,206,29,6,241,637,443
Keep at it and you just might make senior raker next year.,205,31,5,241,637,3547
I'll lend you my leaf blower if you want to blow them back over here,169,17,8,194,637,871
"When I said modern realism, this wasn't exactly what I had in mind.",170,26,4,200,637,1212
"Forget the red carpet of leaves, Harry. Just go and get the gift bags ready",176,25,5,206,637,1599
"Bill, I told you forty years ago NOT to plant too many trees!""",176,25,5,206,637,2044
Make sure your leaves stay within the line.,182,24,6,212,637,368
"I don't care if it's not ""forestry"" exactly",182,24,6,212,637,2411
Why do you think I put up the rope.,185,29,4,218,637,433
I'm just here for the cartoons.,186,27,5,218,637,586
Preparing for the red carpet?,191,28,5,224,637,1127
Lawn Dances: $5,192,26,6,224,637,1548
Your lawn look so much healthier since you improved your reike technique.,191,28,5,224,637,3583
"Behold exhibit A: 
Mr Muck, hard at work.",196,29,5,230,637,1495
This is a very small show.,195,31,4,230,637,3570
Today a select few will be granted access to rake on this side of the rope.,199,34,3,236,637,265
Snobs grow like weeds around here.,207,29,6,242,637,3137
I'm waiting ! When can I expect the red carpet!,212,30,6,248,637,3595
Work it!! Work it!!,168,21,6,195,637,1971
I feel alienated. I think it connects with grunge.,168,21,6,195,637,3098
"Whoa, so the butter churn out back wasn't a made-up deal.",173,22,6,201,637,3496
"Now boarding Group 8. Group 8, welcome aboard.",178,23,6,207,637,1604
"I'm guessing your plan to dig a moat and fill it with alligators fell through, didn't it, neighbor ?",176,27,4,207,637,1865
"You wanna get in the Mob, Jocko? Well, this is what we do. We rake. And we rake. And we don't miss one, Jocko. The rest a the guys'll be here soon. So hurry up, put on a show. Or that'll be the last leaf you ever rake.""",175,29,3,207,637,1922
Still looking for Hoffa... now you can add Khashoggi.,178,23,6,207,637,2960
I'm not on the list but that will change once I start raking it in.,183,24,6,213,637,1182
"You know, I didn't mean to start that fire last year when I offered to help you.""",182,26,5,213,637,2216
"Trust me, darling, it's all in the wrist.",183,24,6,213,637,2812
Leaf raking symposium for urban refugees.,187,27,5,219,637,258
"Well, you won’t be blowing me away with that.",193,26,6,225,637,2374
Nobody likes you.,193,26,6,225,637,3100
You missed a patch.,196,20,9,225,637,3274
"NOW is the summer of our discontent, made GLORIOUS summer by this sun of York! That's right good neighbor, Spacey is back.",202,19,10,231,637,2633
How many gate crashes do you expect?,198,27,6,231,637,3427
"No. You can't jump in the leaf pile,
This is the Big House not the Fun House.",173,24,5,202,637,3354
"Hey buddy, I’ve got that new Pro Rake 6000 that not only gathers up the fallen leaves, but rakes up the Halloween decorations and the kids too in 10 seconds flat.",179,23,6,208,637,1251
Sheesh. I asked for a FULL pardon,177,27,4,208,637,1411
"Oh, what an exciting life you have, sir, demonstrating the art of collecting tree detritus. Reminds me of a song: 
""But I miss you most of all my darling 
When autumn leaves start to fall.""",182,28,4,214,637,753
I KNOW YOU DON'T WANT A LITTLE FRIENDLY ADVICE.....,183,26,5,214,637,1920
Why are you wearing that pot on your head?,185,22,7,214,637,2177
I wish I could afford to rake leaves.,186,20,8,214,637,3573
"Autumn leaves, huh? Well then autumn doesn't get readmitted!",190,23,7,220,637,1801
"My ""15 Minutes"" wouldn't be that much different.",189,25,6,220,637,1982
I am Q.  It is no coincidence that they keep landing to the left.,189,25,6,220,637,3172
Cut it with the attitude. You should be glad you get to stay here and contribute to society.,189,25,6,220,637,3548
You didn't hire someone to do that?,194,26,6,226,637,1695
"Oh, you must be thinking of Four Seasons down the street. All we've got is fall.",193,28,5,226,637,2854
Imagine you were a leaf...exactly how would you prefer to be gathered and memorialized?,200,25,7,232,637,3737
Backyard passes only.,204,28,6,238,637,1789
Big deal.,203,30,5,238,637,2509
"Sir, as a retired senator you must pay for my services out of pocket now.",218,33,5,256,637,1700
I'm gonna need a little more authenticity.,171,30,2,203,637,63
Skip the green ones.  Only the colorful make it into the V.I.P. area.,174,24,5,203,637,546
Next thing you know you'll be drinking at noon Herb,175,22,6,203,637,775
"I think government surveillance is not getting more annoying, but also so much lazier.",172,28,3,203,637,1552
"i thought i bought tickets to hamilton, not a man raking leaves!",179,25,5,209,637,2035
They can't come back in once they're fall-down drunk.,190,25,6,221,637,1538
If that's the best you can reap you need to up your sow game.,192,21,8,221,637,2881
Hey! Either order the champagne or you have to leave the VIP lawn.,192,21,8,221,637,3616
Sorry I am blind so I can’t see that you are working hard.,196,24,7,227,637,2218
Wow! Man on fire!,195,26,6,227,637,2998
"'THE FALLING LEAVES, SLIP BY MY WINDOW, THE FALLING LEAVES OF RED AND GOLD.....""",202,23,8,233,637,3322
"- Don't forget that: ""Any of those leaves could've came from Mexico"" ...",164,24,4,192,637,143
Fall into line or leaf.,177,20,7,204,637,1258
No wonder there's a special price for Florida residents,181,23,6,210,637,1522
Millennial Williamsburg ca. 2218,197,24,7,228,637,1527
"Herb, I can't help it if you're under house arrest and I'm your probation officer. And just because I'm seeing your wife, life's too short to hold a grudge.""",182,21,7,210,637,1769
I have no idea what I’m doing in this cartoon. Where am I?  You sure don’t look like a clubber to me,175,24,5,204,637,2121
Progress? A Rake's Lameness is more like it.,192,23,7,222,637,2371
I wish those leaves didn't look quite so fake.,168,27,3,198,637,2786
"When you've finished, can I finally come in? 
My bladder is awfully full.",176,22,6,204,637,3200
"""Congrats!   You're scratching the back of the world!""",196,26,6,228,637,3206
Do the nine leaves represent the nine circles of hell?,175,24,5,204,637,3332
"Hey, psst! you the clean-up guy at the Saudi consulate? We got a job for you.",214,25,8,247,637,3520
"Now you know the difference between ""rake"" and ""reiki""?",201,29,5,235,637,1542
The Devil Went Down to Suburbia,203,25,7,235,637,3722
Am I the first in line for the leaves raking in virtual reality?,199,22,8,229,637,1171
"Don't worry sir, I'm cutting off all non-essential entry to the leaf piles.",193,23,7,223,637,2367
People will fly out from all over Los Angeles to come see the seasons.,191,27,5,223,637,3599
"Next Fall, consider a health club!",187,24,6,217,637,766
"I swear to god Jim, if I turn around and you're trying to show me your halloween costume again, I will throw this rake at you",186,26,5,217,637,3550
This would look better with a Sienna filter.,175,26,4,205,637,162
No complaining about white collar prison labor.,174,28,3,205,637,434
"Sorry, I had to kick out a few unruly leaves.",177,22,6,205,637,1447
Don’t pretend as if you’re actually working!,176,24,5,205,637,2614
"As your future ex-wife's lawyer, I'll be claiming that rake and any property on your side of my velvet rope.",172,21,6,199,637,2648
RakeAway movement?,171,23,5,199,637,3462
"Fall is a notable ceremony, don't you think?",168,18,7,193,637,3342
would you look at that foliage,198,26,6,230,637,1745
"Leaves:  easel, eaves, elves, lease....
Leaf:   alef, flea.....",191,29,4,224,637,2847
"Per his parole officer, leaf gathering is a community service.",187,26,5,218,637,2576
Bravo! Your technique is exquisite.,186,28,4,218,637,3545
Are you a Democrat or  a Republican?,184,21,7,212,637,495
"All I want to do is work. First, a wall, and now you’re telling me I have to get past your velvet ropes. I give up!",181,27,4,212,637,1284
I was expecting a red carpet but that’s nice too.,179,31,2,212,637,1520
"I counted those. If more than 9 leaves are on my property, there will be hell to pay tomorrow.",182,25,5,212,637,3171
Attempting to conceal evidence? You're taking the fall!,182,25,5,212,637,3213
"Don't mind, just securing our borders with migrant workers.",176,26,4,206,637,4
"Sorry buddy, those are VIP leaves",176,26,4,206,637,1105
I'm promoting you to jan-outdoor.,172,23,5,200,637,319
"Better show next month, I guess""",169,29,2,200,637,564
"It's my favorite time for leaf peeping,when it all comes off.",160,25,3,188,637,2986
Stunning,220,28,7,255,637,3036
"You're ""falling"" behind, hurry up!",202,31,4,237,637,121
Isn't that overkill Murray? A basic dinner fork would do the job nicely.,198,28,5,231,637,2310
"It may look the same as last year's model, sir, but the Rake 5s.",186,30,3,219,637,1254
Your raking prowess is unequaled Jim.,183,25,5,213,637,359
"Is this your version of ""The Wall""?",184,23,6,213,637,711
"They agreed.  If Marv taught his new neighbor how to rake, he would teach him to play Fortnight.",184,23,6,213,637,1405
Only nine?,180,31,2,213,637,2060
More to the left! A little to the right. You missed one right by your foot! For this I paid $100?,179,22,6,207,637,1308
You should stop and smell the roses.,175,30,2,207,637,1543
"Queue line ropes have great multi-uses.  Those darn leaves stay on the right side, eh?",176,28,3,207,637,2435
"Harry, your show is really raking it in!",177,26,4,207,637,2596
You can drop the VIP scam...I'm not raking your leaves.,173,23,5,201,637,2011
Strokes of genius,209,30,5,244,637,1155
Maybe I should have returned your rake last year?,207,34,3,244,637,1686
"Because of the lack of the rakes progress, they cancelled the performance.",200,26,6,232,637,1881
Hilton Als’ less than glowing review appears to have dampened enthusiasm for Carl’s “Raking Bad” pop-up exhibit.,197,21,8,226,637,3080
"‘’Listen pal, this is a very exclusive neighborhood.”",188,28,4,220,637,246
Can I borrow your rake when you're finished?,192,20,8,220,637,253
"Sure, I'll leave you be.",189,26,5,220,637,984
As a raker you have no equinox!,189,26,5,220,637,1236
...and your primary algorithm is waaay off!,190,24,6,220,637,2718
After my robot rakes the leaves we're going to the movies.,187,30,3,220,637,2840
I suppose it is getting close to shnow time.,183,27,4,214,637,2066
Mr. President... you missed a spot.,185,23,6,214,637,2154
Do you also remove snow flake by flake?9,187,19,8,214,637,3546
"gee wiz, these new offender laws are getting out of hand",170,31,1,202,637,1612
I haven’t seen that many leaves since 2019.,174,23,5,202,637,3192
Hurry it up - we’ve got Lassie stopping by any minute.”,168,24,4,196,637,959
Is this really necessary?,211,28,6,245,637,2409
Did you get the blister yet?,210,30,5,245,637,2489
This is a full-on Monet.,162,25,3,190,637,3066
"OK, so I can't rake. You gotta a fence you need whitewashed?",199,30,4,233,637,902
This isn't The Rake's Progress I was expecting. Where are your ballet shoes?,201,26,6,233,637,1509
I thought it was if you 'build it' they would come.,199,30,4,233,637,2434
"I'm sorry Barry, you're right, grown men don't play in the leaves.  Now will you please let me back in the house?",194,29,4,227,637,1631
"Rick, I'm sorry. Francine and I never wanted to hurt you...",192,22,7,221,637,415
What’s the odds of both of us making the two-man leaf raking relay team?,186,23,6,215,637,3000
This piece dates bake to early 21st century.,188,19,8,215,637,3783
Look at this exhibit of stolen jobs - just like the President said.,180,24,5,209,637,1184
"Sorry! Those eight leaves came from my trees.
(Michael Rogness, St. Paul MN",181,22,6,209,637,2132
Good news!  We are promoting no cover charge on Tuesdays and Thursdays.  You’ll be able to rake this side of your yard for free!,178,28,3,209,637,3315
I’m going to give no stars on this leaf peeping tour.,210,32,4,246,637,761
Show Off!  You must be raking it in.,174,25,4,203,637,2288
Rake all the leaves into a perfect circle to prove your worth to the gardener's club.,174,25,4,203,637,3726
"As you can all see, he is demonstrating how to use our newest model, the 2000 80, the best 1945 rake you can get.",200,19,9,228,637,486
"Norman, are you really still angry about the soup can?",199,21,8,228,637,2003
"Don't mind me. I'm just doing research for my next movie, ""Handyman"".",194,31,3,228,637,2932
I want it good enough to not walk on.,192,24,6,222,637,36
"The bigger the blower, the further the  fall.",192,24,6,222,637,260
Is this a political leaf gathering?,193,22,7,222,637,3169
And keep your white ash off my turf.,176,23,5,204,637,2116
When is the entr'acte?,199,34,2,235,637,2259
Lady GaGa would like you to save the leaves for her.,168,28,2,198,637,3521
"If you take care of the crabgrass, I can promise an associate producer credit.",170,24,4,198,637,3785
I said you’d “make a better bodyguard” not “better watch me rake my yard”...,193,24,6,223,637,3140
How do people really know that George Washington used that rake?,218,31,5,254,637,868
The leaf-peepers should get here just in time for the matinee.,187,25,5,217,637,1417
"You knew what you were getting into when you signed on with this administration, and leafers will be punished!",207,31,4,242,637,970
"Good, Kevin. You nail proletariat look.",208,29,5,242,637,2817
Your wife splurged for a balcony seat.,181,26,4,211,637,485
"I know there's not many leaves, but I still will let you jump in the pile.",181,26,4,211,637,917
"On Display: The Lost Art of Leaf Raking
starring a morbid middle-aged man",182,24,5,211,637,1373
What are you planning to do with them? Make a salad!,182,24,5,211,637,1517
Your couture is so '90s.,181,26,4,211,637,2034
"No, I'm not impressed.",178,32,1,211,637,2076
My gardener did my yard yesterday!!,177,23,5,205,637,1890
I keep having to remind myself I'm on a mission of national security,178,21,6,205,637,3089
"Remember,it is all about teamwork",175,27,3,205,637,3463
No special reason for the ropes; I'm just turning over a new leaf!,201,21,8,230,637,1953
You are nervously raking like a Saudi Embassy official. What gives?,174,18,7,199,637,45
"Yeah, we're phasing out your job because the leaves went South.  You can blame it on Climate Change!",193,26,5,224,637,259
"Leave no trace, now.",187,27,4,218,637,147
Husband of acclaimed Hollywood actress gets A-List treatment after feeling unnoticed at home.,189,23,6,218,637,1592
"So, friend, where are the leaves of yesteryear?",189,23,6,218,637,2257
"The group expects to see 'The Fall of Man.' Be prepared to duck.""",187,27,4,218,637,2445
"...and approved by the HOA?  Well played, McGee.",189,23,6,218,637,2641
So pedestrian...,180,30,2,212,637,233
Utopia here: no reminders of natural process.,182,26,4,212,637,1852
"Fall, a terrible fire attack by the democrats!!",181,28,3,212,637,2490
"I zee you rake about as well as you make love, Fancy Boy.",184,22,6,212,637,2626
"I can’t let those leaves in my club, they aren’t on the list.",204,28,5,237,637,2982
Such a majestic creature.,178,23,5,206,637,1068
Those leaf peepers are missing out.  Rake gazing is so much more exhilarating.,176,27,3,206,637,1487
"This location is for the movie version of Whitman's 'Leaves of Grass,' not leaves on grass.",178,23,5,206,637,2360
"Exhibit A"" soon grew from sarcastic pet name to self-fulfilling prophecy",203,19,9,231,637,492
This side is for very important plants only.,202,21,8,231,637,740
"“Could be the greatest National Fall Leaf Day, in the history of the world.”",200,25,6,231,637,2520
This is your big chance to get off the Road Gang detail.,198,29,4,231,637,2670
Where’s Joan Rivers when you need her? Am I right?,195,24,6,225,637,893
Pretending that you not dying to get in isn't going to work.,193,28,4,225,637,1376
"Keep raking, we can't take any chances with Spicer.",169,30,1,200,637,2728
"If you trade the rake for a couple of  hoes, I'll reconsider letting you in.",197,20,8,225,637,2773
"The intermission is a bit long, eh?",175,18,7,200,637,3113
"If I can borrow your rake, I promise to rethink my NIMBY policy.",173,22,5,200,637,3349
He never leaves me alone this time of year.,171,26,3,200,637,3529
I can’t critique you tomorrow.  There’s this thing I have to do.,192,30,3,225,637,3776
"When I purchased tickets for 'The Rake"" I was hoping for something a little less literal that included dialogue beyond ""Just keep raking, just keep raking.""",189,25,5,219,637,350
Master Chadwick does not like to be reminded of his mortality.,191,21,7,219,637,356
"Darn it, your leaves are redder than mine.",192,19,8,219,637,1512
A living history museum.,186,31,2,219,637,3311
"This will teach you to drive without a license.""

Bernard X. Wolff
fjdbxw2112@gmail.co",186,20,7,213,637,2711
"I'll allow the rake, but no hats allowed inside.",162,22,4,188,637,153
"Even if we used barbed wire instead of this theatrical rope for the wall, we still couldn't keep the leaves out.",161,24,3,188,637,2826
"Finish up Paul, The Donald we be here soon!",198,31,3,232,637,2530
"Don't worry, there's more to come. You're not fired.",201,25,6,232,637,3104
"Remember, what happens at the MGM New England VIP Experience, stays at the MGM New England VIP Experience.",178,25,4,207,637,996
You sure look silly putting a pot on your head and calling this art.,176,29,2,207,637,1914
"I wish if they were Bitcoins.""",193,30,3,226,637,217
"' Leaves...a crop is a crop,/ And who's to say where /The harvest shall stop.'",196,24,6,226,637,1934
"The Rake's Progress? "" Not very rakish",194,28,4,226,637,3609
"Patience, neighbor. I’ll be signing autographs after the performance.",197,22,7,226,637,3725
The Mortensons are waiting for their table.,174,22,5,201,637,1311
"Keep it spotless, the Flea Circus starts in two hours.",190,25,5,220,637,649
"I said extravagant leaf blower, not leaf peeper.",189,27,4,220,637,659
"Mulch them, Dummy!",191,23,6,220,637,2104
The gum you like is coming back in style.,186,22,6,214,637,636
"Leave them be, I implore you!",182,19,7,208,637,2000
Wait until I get my videocam and my leafblower; I'll be right back.,177,18,7,202,637,1430
I like the look but no style points today,175,22,5,202,637,1966
I thought 'Rake-ee' would be a lot more relaxing!,174,24,4,202,637,3503
Leaf it to you to Fall for that job,193,21,7,221,637,336
"We are trying to destigmatize  this, but this is a work gang and if you try to escape I will shoot you.",191,25,5,221,637,799
"Gee, thanks a bunch but the Smith house is next door.",191,25,5,221,637,1921
Just thought I’d get here early for ‘The Spring Fling’,185,26,4,215,637,752
I have a rake just like that that I use to comb my hair!,202,27,5,234,637,1480
"You won""t find any truffles here frank ?",197,26,5,228,637,614
Careful!,181,23,5,209,637,2056
"So, Mr. sawyer if I’m on the
 A list, what is my time slot for raking?",197,26,5,228,637,2147
"I have the trees, you get the leaves.  So there's more than one way of raking it in.",196,28,4,228,637,2507
"Sir, I'm afraid your attire doesn't conform to our dress code.",182,21,6,209,637,2949
Those are Bansky leaves. They will leave on their own when he it’s time.,191,27,4,222,637,2320
VIP trick or treat area? Not bad. But it's going to be tough to beat Ned's Haunted Toys R Us,177,20,6,203,637,1199
Please try not to rake your trash on our side of the line,176,22,5,203,637,1557
Is this movie Tree-D?,187,24,5,216,637,465
"The Rake's Progress"" 
Act On",185,28,3,216,637,1839
"If you ask me, call it ""Deja vu on a Sea of Green"" .",185,28,3,216,637,2873
No one wants to see The Rake's Progress,169,25,3,197,637,1266
Raking the green carpet is never as glamorous.,197,28,4,229,637,1888
Mr. Anderson..I see you've chosen the green pill.,181,25,4,210,637,583
You got something against leaf peepers?,180,27,3,210,637,1805
"I waited so, so much time just to see you raking leaves?",180,27,3,210,637,2879
"As Gloria Swanson so famously said, “Leaf me alone!”",208,30,4,242,637,1265
"If you had gone for the VIP section, there wouldn't be any leaves to pick up.",176,24,4,204,637,3761
Do these stanchions really keep the leaves contained?,188,24,5,217,637,394
"It's time to follow that lead we told you about at the Saudi embassy, Mr. Mueller.",190,20,7,217,637,1446
I told you that a red carpet fence would never work!,189,22,6,217,637,1990
You’ll never make it on Broadway with that attitude!,188,24,5,217,637,2985
...And here is our newest model Dad-O-Tron - now with 50% more yard-raking,168,29,1,198,637,606
Really? Roping off? I'm just a fan of your raking.,172,21,5,198,637,1539
Does this Airbnb have a spa?,171,23,4,198,637,2906
Your costume is excellent...but your movements are not rake-esque!,199,26,5,230,637,1320
"You seem pretty authentic, but the squirrels are more convincing.",183,23,5,211,637,592
"So I gather ""rustle"" and ""tine"" don't refer to Crowe and Daly.",185,19,7,211,637,1211
"What's next, a red carpet?",182,25,4,211,637,2902
"Sir, unless y9u can produce a small pile of leaves, you will  have to move to the back of the yard please.",192,29,3,224,637,2236
Strike a pose!,207,23,7,237,637,852
The whole reason I set up this rope was to keep people off my lawn.,199,28,4,231,637,2494
"Remember, Jim, these are famous leaves you are raking here, so show a little feeling, will you?",194,27,4,225,637,748
I don't think Nat King Cole had this in mind!,193,29,3,225,637,3409
"You missed a leaf, here to my left",198,19,8,225,637,3654
"Dad, I am really proud of you for finding this gig with ""The Yard Work Museum,"" as a re-enactor.",203,33,2,238,637,379
I spent a Lot of money to drive all the way up here to watch you work those leaves. Think you could put a little more Joy into it?,206,27,5,238,637,918
"Your performance is mistitled. Its Sisyphus when you put the leaves back on the tree.
by Bill Mass, Boston, MA",177,26,3,206,637,2876
"And here is a lifesize replica of the first European to visit North America, Leaf A-rake-son.",175,19,6,200,637,1894
This live installation of 'American Gothic' is lacking empathy of a sort,187,19,7,213,637,497
My club's not open to rakes like you.,187,19,7,213,637,998
Greatest art performance I've seen all year.,186,21,6,213,637,3090
"If you don't clean up every one of those leaves by the end of fall, I'll watch you shovel snow all winter.",185,23,5,213,637,3788
"I'm sorry, Mr. Weinstein is looking for someone younger.",198,21,7,226,637,496
"Your plan to make money raking leaves may work, but we'll have to wait for more leaves to drop before starting the tours.",193,31,2,226,637,513
Need some help?,195,27,4,226,637,2981
So you think you are the only American who still knows how to deal with leaves without blasting the neighborhood with a power blower.,196,25,5,226,637,3701
For better coverage pull the rake slightly away from your lower hand.,205,31,3,239,637,815
Make like a tree and leaf.,181,20,6,207,637,2846
A fence wasn't intrusive enough.,181,20,6,207,637,3138
2020 History Museum,203,24,6,233,637,2225
"You know, leaves can't enter my yard unless they bring chicks.",177,17,7,201,637,442
"Hey, Greg, I've been working on my stand-up routine...",185,25,4,214,637,2204
"Could I learn to do that, too?",182,31,1,214,637,2415
"The A-List celebrities are waiting to see you, Mr. President.",198,23,6,227,637,2042
I missed the Hollywood premier of Dumb and Dumber 5 but this is the next best thing.,207,29,4,240,637,3175
"Not very modern, Art.",181,22,5,208,637,288
these Oscar campaigns are getting out of hand,191,26,4,221,637,867
There are two types of people.  The rakers and the reapers.  The reaping is oh so sweet.,181,22,5,208,637,1942
For twenty bucks I'll rake the lawn and give you a tip on a ready to win horse,192,24,5,221,637,2293
Say the word.  I'll make them an offer they can't refuse.,178,28,2,208,637,2856
"You're trending on Instagram, but your blog traffic is flat.",177,30,1,208,637,2859
Wake me when you get to the main event.,181,22,5,208,637,3439
"Ah, early November...time to ""clean the yard"" again, if you know what I mean.",198,25,5,228,637,225
You want me to LEAVE you alone?!,185,27,3,215,637,2447
Raking felt good or at least until the comment from his audience.,185,27,3,215,637,2615
"Rules are rules, Carl. You gotta rake it in to join this neighborhood association party.",175,23,4,202,637,1058
You want a separate line for VIP's?,153,19,4,176,637,2819
Show me the ropes?,204,26,5,235,637,785
"They say,""good leaf blowers make good neighbors.""",194,22,6,222,637,3286
"Dad, nobody is coming to watch your oak leaves turn brown.",180,26,3,209,637,985
"Good fences make good neighbors, they said...",185,16,8,209,637,3300
When does the premiere of fall begin?,167,28,1,196,637,934
"New owner?  Don't expect the velvet ropes and stanchions to control the left-leaning, leaf-peeping mob.",208,31,3,242,637,3497
"So what was it got you in, the hipster rake?",198,27,4,229,637,2094
"Rake it, don't shake it baby",184,31,1,216,637,916
Leaves are less on the other side of the fence!,177,21,5,203,637,91
"I hope he just rakes, like, a tree and leaves.",179,17,7,203,637,3551
"It’s not your fault, Simon.",195,22,6,223,637,148
This is America.,192,28,3,223,637,3174
"NOT MY FAULT, IT WAS A SOUTH EAST WIND",194,24,5,223,637,3402
How come all of your leaves are gray?,182,24,4,210,637,2227
The Rake-inator 5.0 with integrated social media applications can be yours for only 1021$,170,24,3,197,637,2705
"Hurry up, Neighbor, or the full wall gets built here next week!",200,25,5,230,637,3258
"I'm sorry sir, but your not on the list.",187,27,3,217,637,1591
"Yes, your neighbor hired me 24/7 again this year. It's a good gig until the snow falls.",188,25,4,217,637,3005
I'll admit the orange one by your left foot is mime.,188,25,4,217,637,3226
My leaf blower could speed up that job for you.,217,28,5,250,637,3660
"Sir, you should have done the honey-do-list last weekend when she gave it to you. Now I will be with you till you do last weeks and this weeks.",168,17,6,191,637,3778
Shia LeBeouf's performance art has really gone downhill.,196,22,6,224,637,3139
You''ll rake it in at these prices.,153,23,2,178,637,647
Sorry but this is for Evergreen Club members only.,182,26,3,211,637,3285
Keeping the inner critic at bay,171,24,3,198,637,1946
This is the way they do it at Rockefelller Center!,203,21,7,231,637,2730
Your raking is below par today.,198,31,2,231,637,2803
"How would you like a job in my nightclub, raking in the cash?",172,22,4,198,637,3517
It rakes the leaves into a pile or it gets the fine again.,191,21,6,218,637,2345
Fool.  America was never going to be great for you 99ers.  Rake!,193,17,8,218,637,3079
"The choral-accompanied dramatic reading by Alec Baldwin of ""Leaves of Grass"" commences in four minutes.",160,22,3,185,637,2675
You're supposed to drain the swamp.,207,26,5,238,637,616
leaf me alone.,195,26,4,225,637,341
I’ll bet he just rakes in the cash.,194,28,3,225,637,391
"...Can I vote now or must I wait till you've cleared the detritus of  the last 18 months ? """,196,24,5,225,637,1621
So this is what a hamster feels like...,195,26,4,225,637,1734
So I stole your eyebrow and hung it under my eye. Get over it.,200,16,9,225,637,3751
"Remember, no cutting in line.""",171,26,2,199,637,692
"Nice try, but no leaf peepers admitted without a backyard pass.",189,27,3,219,637,436
"Maybe I am your mysterious neighbor in dark glasses, or maybe my eyes are  gouged  out. Either way...",195,15,9,219,637,804
"-Gotta clean this up.
-""That what CNN want's you to think.""",191,23,5,219,637,2772
"'Sir, your ""flashback to a simpler time"" is now in direct conflict with a special call meeting of the board, roasted duck a l'orange, and a tete a tete with Oo-Prah.'",181,19,6,206,637,363
"If you cut the trees down, you won’t have to deal with the leaves.",197,24,5,226,637,1708
Do you own those leaves?,197,24,5,226,637,2860
We can't let you in until we see a licence for that thing.,185,24,4,213,637,1085
There's no place for leaves in my art gallery.,186,22,5,213,637,2660
"They lazy, neglectful schmuck in the family inherits the garden cottage... that’s life!",188,18,7,213,637,3075
With that pace you might win Best Slacker in a Fall Oriented Cartoon.,193,21,6,220,637,522
"So your're the last man raking.  Leaf blowers, eh?",190,27,3,220,637,2289
I thought the gallery would help me rake it in faster,212,33,2,247,637,185
Mother Nature is one fickle bitch.,180,23,4,207,637,1049
"Dad, Seraphina keeps asking when you're going to come over and fix that drain.",182,19,6,207,637,2844
"Dad, I be-leaf you are trying to rope us out of your life.",187,22,5,214,637,12
You don't want to know what happened to the Minneapolis janitor who missed than one piece of toilet paper.,188,20,6,214,637,313
"I know you said those monks in Tibet do this, but are you sure they have Maples over there?",184,28,2,214,637,3747
Westworld's new Upstate New York installment really nailed the righteous indignation piece.,170,19,5,194,637,1180
"Ah -- my favorite live action performance:
Rake, Rake, Rake, Señor - Ha!
Rake it all the time.",213,20,8,241,637,1910
"You missed one.""
""Ugh, I hate this time of year...",190,29,2,221,637,2526
the rake will only progress this far!,196,17,8,221,637,2712
"Like fallen leaves, the stock market continues to drop.",192,25,4,221,637,2824
"I could’ve sworn you said:
“Fake it ‘til you make it.”

David B. Smith
Miami Beach, Florida",176,20,5,201,637,2191
This is phenomenal. Truly inspired technique. The most amazing raking the Dad Olympics has ever witnessed.,198,26,4,228,637,1775
Work in peace?  You missed a leaf to your left.,196,30,2,228,637,2361
"Abort! Repeat, abort! Mission 'Sudden Wind' may crush gardener's soul. Abort!",200,22,6,228,637,2832
"In this scene, think: ‘bare ruined choirs, bare ruined choirs,’ and just wing it.",182,21,5,208,637,3724
I'm here to prevent another gardener heist.,162,24,2,188,637,1744
Your raking leaves some room for improvement.,186,26,3,215,637,1194
I hope you won't just leave me out here,186,26,3,215,637,2634
"Sweet, my first fan! Soon I'll be raking it in.",172,17,6,195,637,1264
This reminds me of American politics.,195,21,6,222,637,1169
Man Willie Nelson is serious about his grass.,194,23,5,222,637,1736
"Your big break is coming, buddy. Just keep beleafing in yourself - okay I'm done, I swear.",200,24,5,229,637,1272
"Suburban Living, with Manhatten flavor.",198,28,3,229,637,1893
"Next time, use a broom on the red carpet.",201,22,6,229,637,1944
"Speed it up, Bobby. Matinee leaf peeper screening starts ten.",200,24,5,229,637,3649
It should have been a red leaf carpet.,180,27,2,209,637,41
"Oh, you pull backwards, yeah!",181,25,3,209,637,2096
"The President will be arriving in two minutes, his lawn must be spotless!",190,20,6,216,637,2223
Roue! Rake!,211,28,4,243,637,3039
Keep your leaves to yourself!,216,31,3,250,637,397
Welcome to The Neighborhood. Looks like there it goes.,191,31,1,223,637,1620
"You can broil them,sauté them , grill tgem , you can make shrimp gumbo , shrimp scampi ...",195,23,5,223,637,2706
will Trump fall with the Autumn leaves - coming to you with from cable news,193,27,3,223,637,2980
"'Your property, your rake, but My Leaves'",172,19,5,196,637,1316
"Nelson's display of ""Sharing Before Social Media"" was liked only by his creepy neighbor.",173,17,6,196,637,2298
The Night of the Leaving Rake,198,30,2,230,637,931
Exciting...I’ve never made it theough a rope line.,208,23,6,237,637,757
Someone is already clearing the swamp,182,25,3,210,637,2512
"He says he raked with you in college, but I think he's just a hoe.",189,24,4,217,637,3312
Serial killers also do mundan tasks!,193,29,2,224,637,681
"The ropes are to keep the crowds back from Mr. Sinatra, just in case.",196,23,5,224,637,2038
So those leaves don't have a VIP pass either.,194,27,3,224,637,3335
"Paul, you want people to pay to watch you tame ferocious leaves?",201,26,4,231,637,1945
He raked angrily because his father refused to let him go out until he had finished his chores.,198,32,1,231,637,2527
It's cool. I'm neighborhoods with the owner.,206,29,3,238,637,976
When you're done you can leaf,184,23,4,211,637,1742
"Easy big fella, leaf some for me.",186,19,6,211,637,2453
Where are my seats? Behind the left field fence. By the ground crew. Why?,220,27,5,252,637,231
"Mr. Phillips, I’m investigating a robbery at The Met. I have a... number of questions.",192,20,6,218,637,96
"And why is your latest work work entitled like last year's, 
""LEAVES ME ALONE""?",190,24,4,218,637,1202
"So, when did you join Theater of the Leaf?",189,26,3,218,637,1897
"Land Scape"" will be the hottest club in the neighborhood",192,20,6,218,637,2715
"You're really raking it in, inside the ropes.",189,26,3,218,637,2867
"Frank usually got along with his neighbour, Hanz except when the former German fashion designer would critique him every Fall season on his wardrobe.",196,25,4,225,637,733
"You don’t fool me.  You want to get in the VIP section. But, you know I won’t let you.",197,23,5,225,637,1871
I'd stay away from Banksy if I were you.,202,26,4,232,637,557
"I’d help you, but have I told you yet how I broke my collarbone falling off an electric scooter",210,23,6,239,637,3163
Our bonfire is vanities-only.,211,34,1,246,637,2519
What a ripoff! Eleven bucks for a show about a former Senator that rakes leaves to pay vet bills for his cat Roy.,179,22,4,205,637,3399
"This ladies and gentlemen,is a man racking leaves ,in the fall season on earth the leaves would turn colors and jump off the trees, here on mars we dont have to worry our fabricated trees do not fall apart.",191,24,4,219,637,128
Hurry up - the VIPs are coming.,202,28,3,233,637,3101
Your arrogance is beyond 'be-leaf',203,26,4,233,637,3230
Fall arriving does not qualify as a red-carpet event.,180,22,4,206,637,109
Robert Smithson's early retirement plan.,179,24,3,206,637,1170
The mower the better.,180,22,4,206,637,1793
No wonder the gift shop sells mowers.,181,20,5,206,637,2050
Not a great turnout for your demonstration on the fall-out of tariffs...,177,28,1,206,637,2356
"Jerry, that's not the kind a rake I meant, when you said your wife left you.",179,24,3,206,637,3245
I respectfully reccomend Deus ex machina in the form of a leaf blower.,181,20,5,206,637,3280
...So this is what I missed?...”,183,29,1,213,637,94
"Forgive me darling, but a true drama queen is everywhere and at all times onstage!",185,25,3,213,637,3027
We have already raked it in,193,22,5,220,637,3418
"Falling for that 'leave no stone unturned"" thing again?",197,27,3,227,637,200
"Agent Smith here. Do you think those are real leaves you're raking, citizen?",199,23,5,227,637,1997
"Yeah, we'd sponsor him.",204,26,4,234,637,2762
Maybe because I am not yet in the Autumn of my life ...?,209,29,3,241,637,2536
Crazy is as crazy does,172,14,7,193,637,599
Why not just use a leaf blower? -- Oops!,181,22,4,207,637,3031
"Nice try, neighbor, but it won't work. Fifi is only 14 inches tall.",179,26,2,207,637,3542
Good now to do the house,186,25,3,214,637,774
"Come on Harry, it is supposed to be red carpet not yellow and orange!",191,28,2,221,637,3602
"this crime scene is blocked sir""
""just let me clean up the mess",200,23,5,228,637,118
"Honey, its a red velvet rope. I can still see you.",206,24,5,235,637,1532
You got one between your legs,205,26,4,235,637,2212
It's important to line up early. Very early.,170,20,4,194,637,3489
"Yes, yes that’s it. Rake it all off”",186,27,2,215,637,454
Don’t even try to mend the wall.,187,25,3,215,637,1609
"For what it's worth I heard the Caravan was going on to Canada.""",188,23,4,215,637,1651
"You are not on the list, so you will not get in Sir.",196,20,6,222,637,81
"Pull a little to the right, push a little to the left. Up and back. Let's get this done!",195,22,5,222,637,2271
Maintain good crowd control and don't have them cut in line.,201,23,5,229,637,2602
Don't cross the line...I told you to leaf me alone!,210,18,8,236,637,1074
"For reasons of national security, Mr. President, please don't try to jump in that pile.",207,24,5,236,637,2348
The “Red Leaf Carpet” was a nice touch.,159,18,4,181,637,1043
Google Glasses?,175,25,2,202,637,1998
Any fear of a job?,182,24,3,209,637,2784
My mother could do better!,189,23,4,216,637,268
"That’s right, all of them. 
It’s not a dance flora.",190,21,5,216,637,2336
When you're done here you need to go hose out the mosh pit.,190,21,5,216,637,2997
"You're interesting, but I'm waiting for the Mower Monster.",195,24,4,223,637,1321
Aleaviating your boredom?,201,25,4,230,637,1516
The whole hard will look better once you do the lobby.,202,23,5,230,637,2938
I thought you said the Kardashians would be here by now !!,203,21,6,230,637,3330
How many couch potatoes have you converted ?,201,25,4,230,637,3440
I learned this watching the baseball playoffs ... Your exit  velocity and launch angle are all wrong.,159,20,3,182,637,331
Need a hand?,170,24,2,196,637,461
"When the hurricane hits, you'll need more than that rake.",194,28,2,224,637,624
You're disturbing insects.,191,21,5,217,637,860
#raketoo,176,25,2,203,637,1489
Why are you raking around the leaves ?,189,25,3,217,637,1902
Stop racking your brain. Everything will soon fall into place.,173,18,5,196,637,3702
"Isn't the next ""old-fashioned bonfire"" scheduled for now?",202,27,3,232,637,1889
I guess the Rake Awards wasn't such a great idea!,201,29,2,232,637,2461
"Donovan, I am sincerely sorry but until you start raking in more donations for our leaf club, you are kicked out.",195,28,2,225,637,604
"They're not good to eat, you know.",192,21,5,218,637,619
However you dress it up autumn is gloomy.,185,22,4,211,637,11
Throwing up these barriers won’t change my love for you fuckhead.,186,20,5,211,637,735
"You know, for really relaxing exercise you should try reiki instead.",186,20,5,211,637,954
"You hear that,Mr. Anderson? That is the sound of inevitability. Or leaves. No,it is the sound of your death. Goodbye,Mr. Anderson.",187,18,6,211,637,2165
"REMEMBER WHEN I SAID HEMLOCKS YOU SAID ""NOPE, POISONOUS"". YEAH, BUT THEY DON'T  SHED!",183,26,2,211,637,2472
"Touché, Harrington. Touché...",182,28,1,211,637,3391
"You're a chump! If you were more selective and don't let the leaves in in the first place, you wouldn't have to rake them up.",181,17,6,204,637,3613
Mr. Anderson . . . will you choose the red lawn or the green lawn?,203,27,3,233,637,2897
You were so right that day. This nightclub for squirrels is gonna be nuts!,199,22,5,226,637,256
They’re just seasonal allergies.,197,26,3,226,637,2652
"I know how you feel, buddy -- my wife's a rake!",200,20,6,226,637,3166
"Maybe next year the wind pattern will go your way. Frank Buckley Boston, MA",193,21,5,219,637,230
I’m getting ideas for a Seinfeld reboot. Roseanne will play an aged Elaine.,195,17,7,219,637,595
You wield a rake like an expert.,189,29,1,219,637,1060
I thought Jimmy Carter raked his own leaves.,184,26,2,212,637,848
Is this the world that we live in? Is this the Westworld that a man like me deserves?,186,22,4,212,637,955
"All right, all right!  If you don’t want my advice, I’ll just leaf you alone.",189,16,7,212,637,2008
I don't care how famous a performance artist you are--this museum does not tolerate horticultural appropriation!,189,16,7,212,637,2276
Excuse me but is this Bernie's Green Carpet event?,180,21,4,205,637,648
Standing room only? I thought there'd be more of them.,179,23,3,205,637,1179
I'll keep ICE off your ass so long as you keep doing my lawn.,179,23,3,205,637,1397
I don’t really care that they’re only on your side of the stanchion.,179,23,3,205,637,3569
Do you think the president will notice if you don't have a band too?,173,22,3,198,637,192
It will be your turn next. Manual labor is good for the soul.,209,30,2,241,637,377
Guess Phil took the Blue Pill,207,21,6,234,637,929
I'm sorry you have to rake my leaves.,196,30,1,227,637,1473
"When the tour arrives you MUST be whistling ""Beauty and the beast "" and raking!",193,23,4,220,637,1156
"Hey Mister , don’t you know you’re supposed to leave the leaves?",187,22,4,213,637,2575
"Don't worry Fred, we'll get 5 out of 5 stars this time for sure.",186,24,3,213,637,3746
You have taken leaf-raking to a new level.  You should be proud.,181,21,4,206,637,1634
"I don’t care what Lin Manuel Miranda says, this will never be a hit on Broadway.",180,23,3,206,637,2024
"Yep Ralphie, you gotta way of making 
the everyday mundane 
seem Sexy!",175,20,4,199,637,2822
"If you use a ""wider"" rake you will get done much faster.",160,24,1,185,637,234
My leaves request your presence.,197,30,1,228,637,19
The compost pile is unavailable.,200,24,4,228,637,2669
You must stay within the lines.,194,23,4,221,637,1778
"The leaves may be red, but your carpet is not.",195,21,5,221,637,2746
My yard is like the red carpet at the Oscars.,184,30,0,214,637,1382
"I'm sorry, but that doesn't qualify as a pre-existing condition.",189,20,5,214,637,2864
"Lemme guess. Proof, albeit minor, of your 'Punishing God' theory?",180,25,2,207,637,2553
Do you really think people are going to pay to hear you sing ‘Rake and Ramblin’ Man?,169,21,3,193,637,1283
I heard you were the best in the yard.,170,19,4,193,637,2141
You were marvelous in Risky Business,208,23,5,236,637,2091
"Sometimes you just gotta say ""what the heck.""",201,24,4,229,637,584
"Stand back, leave this one to the professionals.",200,26,3,229,637,2568
"Spring is coming, I’ll get my leaf blower.",196,21,5,222,637,1401
Fred's snarky neighbor lived in a disco of the mind.,197,19,6,222,637,2100
I  just mow and mulch mine.  It is better for the grass.,196,21,5,222,637,2600
VIP- very important leaf pile.,195,23,4,222,637,2748
"So when will Arnold be home?  The sign on the door just says, ""I'll be back.""",183,21,4,208,637,1041
You've been leaf-duty served.,181,25,2,208,637,1785
I don't want your leaves falling on my property.,183,21,4,208,637,2264
"Hey, the boss is coming through. Rake some room! Rake some room!",215,24,5,244,637,308
"It's called a ""found foliage"" movie and I think you're perfect for the role.",176,22,3,201,637,1153
just because you have a hundred followers...,202,24,4,230,637,552
It's all about leaves and not dollars per day.,203,22,5,230,637,1991
You know the rule about overhanging limbs.,202,24,4,230,637,3114
"Wake, bake, and rake!",197,21,5,223,637,839
It's their 'Meet and Greet.',193,29,1,223,637,2554
"Make a red carpet of leaves.""",190,22,4,216,637,466
"Exhibit A: what you get for ""protecting"" your border",189,24,3,216,637,833
Impatient dark tourist awaits the Burning Leaf Festival,191,20,5,216,637,999
Hurry up Conrad. Daylight Savings time's about to end on the planet Earth.,188,26,2,216,637,2914
Is there a +1 with the cover charge?,214,28,3,245,637,1994
I'm glad to see you can finally afford a gardener.,184,21,4,209,637,1470
"If you’re gonna charge admission, I suggest live music and a dancing monkey.",183,23,3,209,637,2049
"Hi-di-ho, neighbor!!",183,23,3,209,637,2124
"Hey, make like a celebrity and leave.",183,23,3,209,637,2858
Next man up.,210,23,5,238,637,79
if you can remove the rake from the ground you shall know the location of my vast fortune,180,16,6,202,637,2135
Ah-ha! No noisy leaf blower or ear plugs once you think I’m not around!,177,22,3,202,637,2771
A leaf blower would make this job so much easier.,204,22,5,231,637,875
This is trite.,172,19,4,195,637,310
"I know, I know, but ever since the completion of the wall we've had to expand the Camp David job descriptions for ""Personal Assistant"", ""Head of Security"", and yes even the ""Chauffeur""!  Suck it up!",197,23,4,224,637,330
Agreed. It's choice architecture. But look who's raking it in.,188,28,1,217,637,1332
'This exhibit on the Middle America Gaze is very in right now.',210,25,4,239,637,152
Wow! Such stunning raking work.,212,21,6,239,637,1795
Why can't you just leaf me alone so I can finish my job.,210,25,4,239,637,1810
"When you're done raking, don't forget to sweep the balcony.",178,22,3,203,637,1435
Invalid password. Please try again.,199,21,5,225,637,3506
That's no way to start taking your new leaf on life.,173,19,4,196,637,3246
78.5% done after this section,210,27,3,240,637,3767
So you're out of leafy greens?,184,25,2,211,637,38
What is it with you guys who have to leave as soon as the credits start to roll?,187,19,5,211,637,1559
Nothing to see over here.,161,17,4,182,637,3381
Nice back door.,180,20,4,204,637,18
"Thanks very much, but fellas STILL need a lady for entrance.",200,21,5,226,637,2491
Metadata means we don't look at what you are doing; only when you are doing it.,199,23,4,226,637,2971
"Every time I enter the caption contest, I'm sure I'll ""clean up"". At least you have something to show for it!",196,16,7,219,637,2323
What time does the floor show start?,209,31,1,241,637,243
Cornering the pine cone market?,213,23,5,241,637,2171
In my galaxy we have a saying - don't sweat the small stuff,167,20,3,190,637,3436
No shovels sir. Not after El Chapo!,186,23,3,212,637,1214
Keep working on your downstroke and some day you’ll make it to my side of the rope line.,185,25,2,212,637,2176
I hope Banksy won't shred this one,181,20,4,205,637,2382
Dude -- I was booking with a Reiki master.,218,28,3,249,637,1423
There's no need to take your gardening leave so literally,190,30,0,220,637,966
When I was assigned to this detail I was expecting this rake to be more of a hellraiser.,192,26,2,220,637,1031
"And, what did the suburbanites do once they had a pile of that organic debris?",185,27,1,213,637,1186
"You are really going to rake it in, once you get past the velvet rope.",207,11,10,228,637,3173
"Ah, the Autumn Feeders of The Fall. Sometimes a rake is just a rake.",182,20,4,206,637,6
"It’s okay if he eats or leaves, but not if he shoots.",182,20,4,206,637,228
"You aren't going to ask me to act like a tree and 'leaf,' are you?",183,18,5,206,637,885
Do you think I am an moron?  I can see the dirt from your escape tunnel.,184,16,6,206,637,1822
"Those are real silver oak leaves, I say be careful and don't scratch them.",180,24,2,206,637,2690
jesus look a this dumpy bitch,197,18,6,221,637,382
Hear my voice: Raking is better than voting.,197,18,6,221,637,2318
camp david. why?,194,24,3,221,637,2588
You've got to let me in. I'm Leif Raker.,204,19,6,229,637,554
We also have a vacant tree house...,184,18,5,207,637,117
"You know tonight's password, Timothy, just say it. Say, 'I'm Timothy and I'm a big, sweaty bear.'",183,20,4,207,637,154
You suck.,184,18,5,207,637,1854
"And after you dispose of the nine leaves, ditch the hat and rake, put the sunglasses on, and return to your tree stand behind the velvet ropes. Use the duck call when you see the Sidewalk Snatcher's van.",194,26,2,222,637,2917
do not waste them. they are to be monetized.,197,20,5,222,637,2991
"Ahem, Sir, I believe the comment was 'raking in funds.'",196,22,4,222,637,3225
Civilian neighborly behavior personnel.,208,26,3,237,637,2252
YOUNG MAN ARE YOU REMOVING THE TRASH OR PLAYING ?,190,21,4,215,637,1649
Even for this far off Broadway we're not well attended... our matinees should have the best crowds.,189,23,3,215,637,3467
"Hey,  this ""museum au naturale"" thing was your  idea, so  knock your  socks off, keep  raking and  I don't want to hear a peep out  of you in  January.",201,27,2,230,637,1912
Tom . . . Rakewell!,171,18,4,193,637,48
The winter leaves came blowing in across the yard .,183,22,3,208,637,1843
Only raking the green ones is easier.,186,16,6,208,637,2080
"Composting is essentially a one-out, one-in policy.",182,24,2,208,637,2920
Expecting a lot of company?,197,22,4,223,637,318
"Yes, the Roxy Theater gave you a good price, but it's as useless as Trump's ""wall"".",200,16,7,223,637,2470
You'll never rake here again.,208,28,2,238,637,2215
"Look, my blower acts like the wind, it's natural.",190,23,3,216,637,1067
You can stop pretending you are raking now and watch my version of “la vie en rose”,191,21,4,216,637,1576
"Push, don't pull, Sir.",190,23,3,216,637,1660
"Tidy-up now. Winter is pulling up sooner than expected.""",189,25,2,216,637,2647
"Face it. This place is empty. Your off Broadway show 'Raking' is a flop, and Rachel, Monica, Phoebe, Joey and I need you, Chandler Bing! Please sign on for just one movie...just one.",206,19,6,231,637,899
Don't leave me standing here.,218,23,5,246,637,555
We could go now and you would technically not be AWOL.,171,20,3,194,637,2055
"'DON'T WORRY, WE'LL BE RAKING IT IN SOON ENOUGH""",184,22,3,209,637,1561
You rake the red leaf—you stay in Wonderland and I show you how deep the rabbit-hole goes.,197,24,3,224,637,3706
Leaves need to spell out “Cluburbia” in cursive...,164,21,2,187,637,1436
"Let me guess, is this the premiere of a new movie, Thr Fall of the House of Usher?",177,23,2,202,637,1378
The life of a New Yorker,179,19,4,202,637,3739
"Rake nine more leaves, clean the windows  and gutters, then we'll talk about your seasonal change attitude.",191,23,3,217,637,3053
A red carpet would look nice over there,203,27,2,232,637,2452
The matinee is in two weeks and the finale is in six.,185,22,3,210,637,472
"Focus, Arbuthnot, always focus!!",173,18,4,195,637,509
"It's nothing personal, Harold. Your wife has a membership.",184,24,2,210,637,842
"Faster, faster;
You fool, you fool",212,24,4,240,637,1452
"Hey, is this your fetish or mine?",199,22,4,225,637,1907
"Chop-chop, Gerry. We don't want a repeat of  what happened to the cast of 'Riverdale' last year. My God, what they did to poor Jughead.",186,20,4,210,637,2142
Don't you think you need a larger rake?,186,20,4,210,637,2582
About time you agree to minimalism.,185,22,3,210,637,2777
"Yes, Sir, your lawn is a perfect, leaf-free carpet and I will only allow the truly deserving to press their feet upon it.",180,19,4,203,637,453
"Now that the stars have all gone inside, you can rake up the carpet.",164,23,1,188,637,798
Are you still there Mister?  Mind if I use your rake for my eyebrows?,198,26,2,226,637,957
"I think he knows how to rake the lawn, have you SEEN HIS HAIR",186,22,3,211,637,2816
HOA's be like...,196,17,6,219,637,1970
That guy really does not recognize boundaries.,194,21,4,219,637,2875
"Garden and Gun"" expects spotless curb appeal in all their photographs, so do it, or I'll replace you with a robot vacuum.",194,21,4,219,637,3062
"For the days dwindle down
to a precious few...
September, November..",202,20,5,227,637,726
Tell the Russian I am raking my leaves.,187,22,3,212,637,1614
Yeah! Rake it like a gangster!,206,27,2,235,637,3357
Dat ass doe.,194,23,3,220,637,1688
Curated just for you.,195,21,4,220,637,2747
At least this man knows his job is safe and secure,193,25,2,220,637,3111
Chop chop! These clubbers need a clean dance floor!,187,24,2,213,637,1217
Don't rush! you are paid by the number of leaves you rake,208,25,3,236,637,703
How about picking them up one-at-a-time?,176,18,4,198,637,2130
Hurry up and finish raking out the red carpet.,194,25,2,221,637,21
"I agree your house is lovely, but as I explained when I bought it, I intended to move in this year.",183,19,4,206,637,700
You're going to need more pine combs to get inside.,185,15,6,206,637,3509
I can see this club really rakes it in,169,19,3,191,637,3668
A Rake's Progress by H.O. Garth leaves little to be desired.,188,24,2,214,637,894
"Rake, rake, rake yourself to death.",190,20,4,214,637,3221
You are racking my nerves,196,23,3,222,637,90
Red Carpet treatment.,196,23,3,222,637,1563
"Yes Hans, I don't want a single leaf on my yard",199,17,6,222,637,1784
"The leaves,the leaves they are blowing in the wind",196,23,3,222,637,3631
Morpheus always messes it up. It's the RED pill that keeps you in Wonderland.,182,23,2,207,637,1183
"See, I told you, you need the red carpet if you want to keep the leaves out.",203,24,3,230,637,3054
Was only a matter of time 'til they opened a club in Kinderhook,214,17,7,238,637,2943
Don't be afraid to fall.,190,22,3,215,637,149
You're doing a great job. You can rake my yard too.,199,19,5,223,637,2369
leaf on man,179,16,5,200,637,1698
"Hello, backyard, how ya doin'!  Great to be here!   I just flew in from Vegas, a crazy crazy little town.    So this guy in Vegas comes up to me and says....",179,16,5,200,637,3571
Neighborhood Ring Leafer prepares for the next bout.,207,18,6,231,637,494
"Spell out ""Trump with the leaves.""",203,26,2,231,637,615
"We always knew you were a rake, but are you THE rake?",193,18,5,216,637,31
"Well, the limp does seem better today. You're not wearing your leaf-diving suit under your clothes again, are you?",191,22,3,216,637,1568
You're raking. I'm behind a velvet rope.,202,15,7,224,637,182
"Instead, you should be raking the leaves in your mind.",199,21,4,224,637,349
"Oh Yes, and That is Only the Beginning..",206,22,4,232,637,2814
You must have split your ticket.  We Trump voters don’t get any leaves.,207,20,5,232,637,3524
"C’mon Jared, we’re role playing. Scrap those leaves like you mean it, you underprivileged menial laborer.",186,19,4,209,637,3389
Is this a tag-team activity?,189,28,0,217,637,1078
Now that the Yankees are out of it I'm looking to watch other athletic events beside the Red Sox and Dodgers,201,19,5,225,637,1042
Don’t leave me behind please!,198,25,2,225,637,1948
Raking in the dough?,202,17,6,225,637,2020
Why don't you try a leaf blower? That way you can get them all at once!,201,19,5,225,637,2887
"Raker of the leaves, head of the thieves.",202,17,6,225,637,3022
"When that lawn-mowing kid from the White House grows up, comes to his senses, and joins the groundskeeping crew at Mount Vernon.",171,21,2,194,637,3210
and you think that’ll find you rehabilitation.”,207,22,4,233,637,2524
"If this isn’t lame I don’t know what is... I want my money back, and a back rub.",181,16,5,202,637,956
"Hey, the cocoon under that one...you gonna kill it or what?",178,22,2,202,637,2129
Would you autograph one of those leafs for my groundskeeper.,189,15,6,210,637,1152
I’m warning you. One leaf on my side and I’ll  just plotz !,185,23,2,210,637,1545
You could borrow my pay loader,184,25,1,210,637,2241
"Yeah,'dat's right...the name's Rudi...Rudi Ghouliani",185,23,2,210,637,3438
Yaasss!,188,17,5,210,637,3679
Do you realize your in a hard hat area ?,191,26,1,218,637,3177
Fun fact: Jehovah loves velvet.,201,21,4,226,637,3717
"When you're done just pile them up by the Carpet.""",187,21,3,211,637,3214
The HOA says you don't measure up.,195,20,4,219,637,223
A Duane Hanson you're not.,193,24,2,219,637,813
Boo. Boo.,194,22,3,219,637,1216
My dad is such a polluter.  He doesn't realize how much carbon he's putting into the atmosphere nor does he care if he's taking a job away from a needy undocumented worker.  Fascist!,203,19,5,227,637,1505
"Frank thought, “ I’m hardly paid for this “ art installation” gig. Somebody is just sitting back and raking my raking in! ””",203,19,5,227,637,1993
I guess I missed the leaf peeping for celebrities?,201,23,3,227,637,2797
Your eyeballs are sticking out.  Like mine.,177,13,6,196,637,844
"Hey, this isn’t the cleanest campaign. Leave a few behind.",220,30,1,251,637,3500
You get lunch hour too?,186,25,1,212,637,13
Maybe next fall we can leave you in.,187,23,2,212,637,2188
"When you're done, I've got more leaves for you to rake at my house.""",187,23,2,212,637,2428
"A red and gold carpet and a movie night rope?  Oscar, you’re getting carried away, no?",195,22,3,220,637,2079
Look at this petite little man,165,24,0,189,637,2145
"don't worry,7000 lawworkers are on the way",184,16,5,205,637,438
"""If you rake those up our VIP guests won't feel special.""",182,20,3,205,637,608
"Sorry, buddy. Leaf blowers came back in style.",187,25,1,213,637,3677
"Why?
At the museum of Ancient History I saw a man collect leaves by hand with an antiquated tool called a rake.",197,20,4,221,637,2528
"I knew pretty well what he had in mind:
He wanted to take my job for pay.",196,22,3,221,637,2770
Workin' the red carpet?,195,24,2,221,637,2999
Sometimes I think Gerald makes me rake on purpose,211,22,4,237,637,1859
In the light you look a lot less imposing.,197,22,3,222,637,1026
"OK, Mom loved you best.  Get me my popcorn and Coke.",175,23,1,199,637,2004
Hmm. Those few leaves remind me of my 401(k) returns this fall.,185,18,4,207,637,3152
It's clear you're a former CIA field agent. I can tell by the way you're raking those leaves.,190,23,2,215,637,1054
Should I be queueing up now for the next leaf fallout?,191,21,3,215,637,1150
"Toots, I know you always wanted to run a nightclub in your house, and these ropes look fine, but I’m still going to call the cops on you.",192,19,4,215,637,1412
"Peasant, rake those leaves faster.",198,22,3,223,637,593
I’d be happy to do a few bars of Evergreen for you.,202,14,7,223,637,2007
"Autumnal, sure, but basic AF.",200,18,5,223,637,2599
I know a rake ID when I see one.,205,23,3,231,637,426
"I don't know, compared to your Giants, the Jets are looking pretty good now.",214,20,5,239,637,1580
Lady Gaga's I presume.,206,23,3,232,637,506
what a basic fall bitch,185,20,3,208,637,1062
Just checking you're not hiding parts of Jamal Khashoggi,187,16,5,208,637,1089
How weird... I passed security at the front gate.,185,20,3,208,637,2220
It's the difference between movie life and real life,197,26,1,224,637,2883
Great stroke. Would you like to paddle my canoe ?,193,19,4,216,637,3422
I’ll admit I DID say ‘Don’t bother raking leaves in the fall.’,226,28,2,256,637,3648
Looks like you got a bad diseases of fallitus,199,24,2,225,637,1757
"Tom Sawyer, Redux?",200,22,3,225,637,2103
"Man, your eyes look weird.",196,15,6,217,637,776
"The brown, yellow, and orange carpet: for the everyday star.",192,23,2,217,637,1972
Id rather be raking in the dough than these crazy leaves!,185,22,2,209,637,1486
"Of course there's a vig, but we don't take a rake.",185,22,2,209,637,1831
Rake and  rake not.,189,14,6,209,637,2078
"Pile 'em if you want, but a line will keep them away in the first place.",178,21,2,201,637,2349
"Through VR even millennials will be able to ""own land"" to scoff at tourists from.",210,19,5,234,637,1178
"Your cat has more lives, than you do leaves.  Gimme the rake!""",209,21,4,234,637,2308
"Hey, Hank, you scratch my back and I’ll scratch yours.",187,20,3,210,637,1924
"The falling leaves, drift by the window...",181,17,4,202,637,962
"You know Bob, raking leaves can improve your sex life  ..",179,21,2,202,637,1337
Fan rake fan.,158,18,2,178,637,2488
I would have chosen the mortgage.,213,15,7,235,637,3786
"I'd help you with those leaves, but I'm clinically blind.",203,20,4,227,637,2408
Leafing through the endless pages of life again?,196,19,4,219,637,352
Is this meant to be entertainment?,188,20,3,211,637,1896
You really are good with that rake.,189,18,4,211,637,2933
They told me to wait here for the neighborhood Rave.,180,21,2,203,637,1092
Autumnal VIPs get a gold-handled rake and a bottle of Tito’s.,180,21,2,203,637,3433
Don't even think about it!,173,20,2,195,637,1011
When you’re done raking the leaves the president wants his pot back.,208,27,1,236,637,914
I realize the feature is over; when do the  coming attractions start?,194,25,1,220,637,3251
"What I said was does your belly ache after you ate last year's fruitcake, not that I would gladly wait while you went home to rake.",188,22,2,212,637,1344
It won't matter because the 'Blue Wave' is going to wash it all away -- or not.,189,20,3,212,637,1762
"I believe in helping my neighbor, Iv'e got a leaf bag you can have!",191,16,5,212,637,2205
Loved your ditty comparing them to dollars from your 401-K.,189,20,3,212,637,3476
"""You're not in the Majors anymore, so get used to a lower raking average.""",181,21,2,204,637,5
A hot babe holding your brandy would make the raking performance perfect.,181,21,2,204,637,408
Do I need my ID for the possum show?,212,21,4,237,637,232
Finally figured out how to put Shia LaBeouf's performance art to use,205,20,4,229,637,2880
"We haven’t seen Bigfoot in over 50 years so yes, this is a big deal.",195,25,1,221,637,796
You'll never make Olympic trials if you wiggle at that pace.,200,15,6,221,637,818
"Hey, Lewis, your tree - my tree... raking up our little neighborhood dispute?",199,17,5,221,637,3372
Could you at least wait until my thesis advisor has reviewed it?,189,22,2,213,637,325
Stand back; he's known for raking up more than just leaves.,180,25,0,205,637,242
Dont sweat it.  There’s plenty of other bouncer jobs.,218,26,2,246,637,1575
"You'll never fool 'em, Rick. Anyone can see little Autumn is under there.",205,22,3,230,637,1232
Work it girl!,204,24,2,230,637,3386
My moral compass looks great from over there.,198,21,3,222,637,3502
"Like I say and do, don't LEAVE any.",201,15,6,222,637,3733
You know the two things that make the President sad?,191,20,3,214,637,3233
"The maples brought me in for the red carpet, and it's a pretty sweet deal.",183,21,2,206,637,879
We gotta clean the leaves before she leaves!,207,20,4,231,637,241
Whoso pulleth out this rake of this lawn is rightwise senator born.,204,26,1,231,637,609
Must be inspirational living in Hilary's girlhood home.,200,19,4,223,637,1619
"My passion for baseball meets performance art in ""Yankee's fan in the fall of 2018""",201,17,5,223,637,2996
"I believe antiques road show will be here next month, Harold.",198,23,2,223,637,3711
Art these days...,190,24,1,215,637,1837
I hope my leaves are driving you crazy !,193,18,4,215,637,2720
"Impressive, throwback man, but what in your “toolshed” could handle three inches of snow?",193,18,4,215,637,3405
"""Leafophiles not permitted beyond the ropes.""",192,20,3,215,637,3420
"Apologies.  I’ll make like a tree, and leaf you to rake while I stand here silently, swaying in the breeze",192,20,3,215,637,3695
Screw the rake. Mulch boy mulch!,184,21,2,207,637,2033
We really need to roll out the red state carpet for the president's campaign visit.,175,24,0,199,637,39
I thought I told you last year to wear gloves.,200,21,3,224,637,1163
I had to use a rake because the hoe quit!,201,19,4,224,637,2581
"-Why don't you leave?
-I love leaves.",193,20,3,216,637,1771
Careful with the flowers!,185,21,2,208,637,1407
"You're dressed properly, but clearly need to rake in a lot more to enter this forest.",203,17,5,225,637,516
A Raker Is Born,179,18,3,200,637,723
Make it nice for the return of the special autumnal visitors. Then get busy shining up the weather vane and painting the fence.,176,24,0,200,637,1113
"American Gothic, The Day Before the 'Women Train.'",179,18,3,200,637,3261
"I say, a raked stage is not proving much of a challenge for you, Norman.",193,22,2,217,637,184
"Faster, dude, faster!",185,23,1,209,637,3103
"Is it ever OK to whistle Wagner while raking leaves?""",170,23,0,193,637,535
"And now you know why the season is named  after the leaves Fall.""
Joe Pitts, Washington D",210,22,3,235,637,2407
Defense Mending,190,15,5,210,637,3415
"leave me alone comrad,I’m on leave.",204,19,4,227,637,1304
"One time and one time only, see the famous Joe rake leaves! VIP'S ONLY",203,21,3,227,637,1799
"...so then even though someone brought a bonesaw with him--yeah, a bonesaw--they want us to believe this was an accident involving a fist fight.",184,12,6,202,637,1120
"Back before computers replaced all of us in banking, we were the ones on the top of the world.",180,20,2,202,637,3082
"Sorry, I don't see your name on the lease.",199,14,6,219,637,1752
There are a variety of ways to kill a hamster.,197,18,4,219,637,2393
"I can comp you if you like, the ""Animals"" are headlining a benefit concert for the environment.",172,21,1,194,637,2674
Who keeps writing pc vey on my lawn,189,19,3,211,637,2678
When does the haunted cabin open?,203,23,2,228,637,2291
"Hey, you're raking up the red carpet.",201,27,0,228,637,3068
"I hope you'll have all 30,000 leaves for Vlad y Saturday, or something bad might happen to that rake you like so much.",206,17,5,228,637,3333
"We’re raking up more evidence as we speak, sir",204,21,3,228,637,3715
"Yes Art, there is an art to making Art!",179,24,0,203,637,1243
"This public screening is lit, everyone is going to want pics or it didn't happen.",181,20,2,203,637,2931
You were this confident you were going to win the lottery Tom?,183,16,4,203,637,3092
"Sir, the neighbors are insisting that they are very important people.",196,22,2,220,637,1535
bro what the fuck are you doing youre missing SO MANY GODDAMN LEAVES get your shit together christ,215,16,6,237,637,1107
Pick up the pace. We're holding the Oscars here next year.,189,21,2,212,637,1767
And on the sharply raked lawn...Joe Blow and his Red & Gold Autumn Leaves!,188,23,1,212,637,2265
Is it true there will be multiple pigments starring in today’s leaf peeping matinee?,203,25,1,229,637,2081
I saw that movie last year,197,22,2,221,637,1855
"I paid my taxes, now leaf me alone.",181,22,1,204,637,1992
"Excuse me, is this really Steve Rubell's childhood home?",205,23,2,230,637,3085
No leaf falls in my yard what ain't on the list-no exceptions.,208,17,5,230,637,3159
"This is about the wildest Village club I’ve seen—and, hey, it’s my turn!",205,23,2,230,637,3771
"You may be able to separate yourself from the patrons at the theater this way, but Im sure you are aware that as you neighbor I have a special interest in your success.",190,21,2,213,637,935
Don't bother raking the V.I.P lawn for me.,192,17,4,213,637,1224
No wonder you don’t have more of an audience. Your motion lines don’t make any sense.,190,21,2,213,637,1746
Nobody leaves until these are all raked.,181,24,0,205,637,274
Ta-da-da croupier!,192,19,3,214,637,278
Some peepers just can't get enough.,191,21,2,214,637,2260
"It is not intended as disparagement. It really wouldn't be ""exclusive"" though, would it, if we allowed in someone who cares so little about his own yard's appearance?",178,15,4,197,637,2370
I know this neighborhood has covenants. Please leave me alone.,176,19,2,197,637,2685
"This is Camp David, not the Winter White House",199,22,2,223,637,3202
"You're the ""only stop to rake leaves away"" left.",184,20,2,206,637,694
Those leaves are definitely not cool.,208,21,3,232,637,3384
Cats have nine lives. What’s so special about nine leaves?,207,23,2,232,637,3622
I paid to see the rake of the neighborhood at work not leaf removal.,217,20,4,241,637,967
You have 2 minutes left to beat my leaf clearing record!,178,17,3,198,637,2330
Hey make sure you get those. You know how much Kanye hates when you miss some.,187,16,4,207,637,323
"so it's been billed as the  ""White House Tour""  worth waiting for
  YEP!",185,20,2,207,637,2570
I can't believe that guy paid $10 to watch me shovel!,171,16,3,190,637,2441
I guess there was a DRake concert last night?,195,17,4,216,637,119
Does fall leaf you with a sense of entitlement or are the ropes for the leaf peepers,188,16,4,208,637,2444
I really prefer the traditional New Yorker festival venues,171,18,2,191,637,1916
I’ll let you in over here - even with that hat - if you’ll take mine.,202,22,2,226,637,2228
"No leave so beyond the rope, sir",189,16,4,209,637,269
Thought you wanted the fanfare for doing household chores.,216,28,0,244,637,2544
"you don't look the part, progress or not.",195,21,2,218,637,2017
"Go on, man, it’s Fall season.",195,21,2,218,637,2700
"You're cutting into my time, bud.",196,21,2,219,637,1036
"Mr Biden, am sorry Secret Service rules don’t cover raking leaves before the meeting of the Delaware Society of Chrysanthemums & Peonies",165,17,2,184,637,3633
The yard needs to be spotless before you're ungrounded,207,16,5,228,637,2531
"Al, funny how falling leaves seem know their place, once they get with the program.  Understand?",173,18,2,193,637,1075
You better rake my eyebrows next.,214,19,4,237,637,1065
Nine little lives about to go.,213,21,3,237,637,2172
Hey stop that! You haven't paid your leaf raking cover charge yet.,189,20,2,211,637,1168
The next available 'associate' should be ready by spring.,196,23,1,220,637,2304
"Sorry, this is a VIL area.",197,21,2,220,637,3479
"I didn't bring any vacation photos,so I'll  just have to give you a lot more verbal detail""",204,24,1,229,637,3168
Falling stars get to have security too.,214,21,3,238,637,2069
"Paul, if you were in a wheelchair you wouldn’t have to do that",174,18,2,194,637,122
"Hey, do you have those leaves consent?",213,25,1,239,637,973
Will he dig out my answer sheets.,184,17,3,204,637,3421
Are you ready for the leaf bags Vice President Gardner?,192,18,3,213,637,642
Don’t step on my green carpet!,190,22,1,213,637,2543
"Well, Mr. Double Entendre, I now understand your response of ‘Don’t bother’ when I offered to help.",201,17,4,222,637,3652
Maybe the Mexican government will give you a refund on your 'Natural Wall'.,174,22,0,196,637,60
Sir I will leave when every leaf is off my yard... I mean your yard.,177,16,3,196,637,3740
You’re doing great Ronnie. Nancy’s fine. Don’t worry she’s doing astrology charts inside.,184,19,2,205,637,1536
Yeah it’s true that life expectancy is falling and the opioid addiction is rampant but look on the bright side—5G is coming.,184,19,2,205,637,2650
I hear yellow carpets are in fashion these days.,193,18,3,214,637,3773
"you're rope line ""leaves"" a lot to be desired",209,20,3,232,637,1877
Bill couldn't help but feel velvet roped in to something again...,180,12,5,197,637,1749
I heard you fell out of the tree raking those.,186,17,3,206,637,2743
He we see the toils of the modern man juxtaposed against myself.,193,20,2,215,637,1177
"As the Superintendent of autumn, I count nine leaves. Your rake has ten tines. How do plan to reconcile?",202,19,3,224,637,2087
"Really Ralph! Is there a reason to board up the house, cancel the Bannon rally, because of a few leaves?",211,18,4,233,637,2639
Paul Bunyan of Pinetop Ln. U.S.A.,204,17,4,225,637,134
I feel like someone is not watching me.,211,20,3,234,637,464
cut the grass and I give you extra payment,185,21,1,207,637,697
"After I win the Mega Millions I won't need to keep supervising your work, Doris...",195,18,3,216,637,1126
"Thank you for encouraging me to ""build that wall"".",195,18,3,216,637,1200
Just wait. You ain’t seen nothin’ yet.,202,21,2,225,637,1396
"If you need a couple eye brows, i'd recommend a couple of those leaves artfully balanced above those protruding eyeballs--like mine.",203,19,3,225,637,1418
"With the Market correction, we might not be able to continue this theater.",169,19,1,189,637,2727
Hurry.  The annual Neighby awards start in one hour.,203,21,2,226,637,1464
Is this an inside job?,187,19,2,208,637,1499
"Sorry, your privilege does not cover that, Sir.”",220,23,2,245,637,1932
The owner is not happy.,206,17,4,227,637,129
My eyes are up here mister,196,20,2,218,637,1231
I have to report you if you break the stems of these freshly falling leaves for my whole tree collection.,197,18,3,218,637,3347
"It's high time this lawn had a face-leaf-t. 
Oh come now Robert stop sulking, you know you love it.",195,22,1,218,637,3692
"Good try, but if you charge me to watch, you are pandering to commercialism. Not art. I would like a photo of those fingernails.",187,21,1,209,637,873
Your president needs you to save the world.,191,13,5,209,637,2394
"""The snack bar will be installed next week.""",180,18,2,200,637,712
Maybe you should try a checkout lane divider.,229,24,2,255,637,2521
So what's Janet cooking for us tonight?,221,23,2,246,637,3191
Lady Autumn has arrived.,222,21,3,246,637,3772
I don’t know why you think we use a leaf blower,200,14,5,219,637,2848
"Build a wall, huh?",208,17,4,229,637,2161
Some of those leaves from my yard!,201,14,5,220,637,597
Sorry I can’t help you,184,14,4,202,637,2327
I have to return the rope divider to the lobby of the movie theater as soon I am finished raking,208,19,3,230,637,3232
"Move it along buddy, I've got caviar to eat.",200,18,3,221,637,2221
Does this mean our golf date is off this Saturday?,201,16,4,221,637,3615
There's not enough of those to make a red carpet out of.,192,17,3,212,637,3390
Does he ever wanna leave?,219,18,4,241,637,1500
Do you really think it is worth your efforts?,211,17,4,232,637,2910
I was appointed to solve the-huge-turnover-on-those-leaves problem.,200,22,1,223,637,1748
I just posted my first video online.,200,22,1,223,637,1872
"Always pushing the rock, Fred.",211,19,3,233,637,1209
"What? , just because I said your lawn was carpeted with leaves?",209,23,1,233,637,3754
"If you don’t stop and look at me, I will leaf you and go home to mother.",201,22,1,224,637,84
"Hey, Back Away From Those Leafs",201,22,1,224,637,750
I don't mind if I just get a little bit of your attention.,170,14,3,187,637,398
"Sir, everyone loved you as Tim ""The Tool Man"" Taylor's neighbor.",168,18,1,187,637,1546
hey! where is you flannel vest?,213,17,4,234,637,3628
"I bet you're wondering how I got here, well it kinda went like...",187,16,3,206,637,113
Do you ever tire of your incongruous role?,188,14,4,206,637,656
"Rake a few, that will do.",176,21,0,197,637,2324
The cost of admission was only seven hundred and forty-nine thousand.,195,19,2,216,637,1547
Just a few more leaves and the red carpet welcome you sarcastically promised your wife will be ready.,193,23,0,216,637,3580
"This is my least favorite chore, and you have to watch me?",187,18,2,207,637,2529
"Yes, all the work is done manually.""
Hilary A. Kaplan, Silver Spring, M",207,14,5,226,637,1096
I'm scouting for the next Olympics in Reykjavik.,206,16,4,226,637,3620
How is it that they think you are cool enough to get in but I can’t rake it in?,169,20,0,189,637,3182
"Sir, we are just making sure you don't rake anyone over the coals.",188,18,2,208,637,538
Get smart and rake in the dough.,207,16,4,227,637,68
"You know the old saying?
""No applause until the fat lady leaves""",197,19,2,218,637,1434
"Hiya neighbor, can I borrow your stripper pole?",206,20,2,228,637,2630
Break on through to the other side.,215,21,2,238,637,158
You're late with the mob's percentage of the rake-off.,200,15,4,219,637,245
jesus christ look at this dumpy bitch,201,13,5,219,637,395
"Once done with the leaves, are you laying down a red carpet?",208,18,3,229,637,688
Yand work is oh'démodé this fall season.,172,18,1,191,637,1667
'It's called the red carpet. Not the red leaf maple carpet.',216,21,2,239,637,1870
Where's the monorail stop?,207,22,1,230,637,1534
This is not a very neighbor friendly thing to do..,193,14,4,211,637,2
Elvis has raked the leaves.,216,23,1,240,637,2781
This is safe seasonal entertainment I know of without anything to do with Saudis,200,19,2,221,637,806
Wouldn't you really rather have a buick?,199,21,1,221,637,2173
You'll be raking your eyeballs if you don't put on these glasses.,199,21,1,221,637,2359
"Finally, an in the wild leaf raker.",184,15,3,202,637,1028
A few more acorns and I'll consider you for the guest list.,175,16,2,193,637,205
"But,
my name is Huck Finn",175,16,2,193,637,1123
"Raking the leaves to your backdoor, are you now Chuck? We see you, we see you.",199,23,0,222,637,1570
A robot could sweep better than you,185,15,3,203,637,1014
Love your acoustic warm-up act.,184,17,2,203,637,3625
You're doing a fine job of policing this spot for the 'Hillary Clinton 2020' rally.,194,16,3,213,637,218
i guess i`m first in line to watch Cher leave the premises,177,14,3,194,637,2070
"I can sell you more leaves, fiyou want",184,19,1,204,637,61
"It's all in the wrist action...*click*, whip velvet rope to the side, sidestep smartly, nod, step, *click*, resume smug exclusionary sneer...",204,17,3,224,637,445
modern art be like,194,20,1,215,637,2517
next... count'em Luke...,169,15,2,186,637,2995
"One leaf in, one leaf out.",177,18,1,196,637,1716
"John, OUR leaves will not settle our arguments.",179,14,3,196,637,2338
Gettin' ready for the other Big House Don?,187,17,2,206,637,2365
I see you’re warming up off Broadway and getting ready for upcoming real thing!,197,16,3,216,637,547
It’s Funny I Never Have an Audience at Work! At Hone Well That’s totally different story.,195,20,1,216,637,982
Did someone offer you a penny for your leaf blower?,188,17,2,207,637,1930
"Not tonight, bro. Maybe in the spring.",197,18,2,217,637,802
I’ve seen better takers in kindergarten.,196,20,1,217,637,2518
"Only Top Youth Soccer Recruits are allowed to rake the leaves behind this velvet rope, libtard!""",198,16,3,217,637,3050
It’ll never be carpeted in red if you keep sweeping up the leaves.,181,14,3,198,637,2168
Dam look at daddy raking with that sweet ass I'd like a piese of that yeah get those leaves boi,191,13,4,208,637,376
"So, you took all the trees? How much to get in the tree museum?",201,12,5,218,637,439
Did you shake down the belfry?,200,14,4,218,637,1625
Leaf Lottery count down.,218,16,4,238,637,3645
How does it feel to be a racking A-lister?,180,18,1,199,637,1628
The velvet rope won't hide you're leaving without hope.,190,17,2,209,637,895
Getting ready for the Halloween hordes?,199,18,2,219,637,529
"The ""Vote Red"" leaf project interview included an oath to filter with accuracy. We bit our tongues through the stray greens and the haphazard yellows. But,with this blue hue, we are forced to question where your loyalty lies.",200,16,3,219,637,3780
"Not take, I said shovel to burry the corpse",208,19,2,229,637,1111
"If you finish raking the lawn fast enough, our special services will give you a free Terabyte of Maid porn!",191,17,2,210,637,287
"-lucky you weren’t there to see the crowd. It was so packed, it might’ve almost made you want to skip Coachella next year. Almost.",191,17,2,210,637,502
I asked you to make a blow job!,174,13,3,190,637,559
He'll make a fine addition to my collection...,191,17,2,210,637,961
"Seriously, I don't see it.  I look nothing like a rake.",190,19,1,210,637,1136
Freeze all motor functions!,201,16,3,220,637,1375
I like that dance move.,200,18,2,220,637,1469
"Come the Spring, my eyebrows will drop off.",185,10,5,200,637,1661
You've got Newton and then Wellesley. So close and yet so far away.,191,17,2,210,637,2002
Well this certainly does challenge the notion of global warming.,182,16,2,200,637,2196
"a story it itself: a guy has to resort to this platform to get an editor from the new yorker to get his story about how he actually created 'i love new york', with the original silkscreen in the museum of the city of new york--thanks",203,12,5,220,637,2253
"'rake leaves, la-dies. I can see how you made that mistake'",200,18,2,220,637,2307
"I knew once the wife got that job managing a celebrity bistro, it spelled nothing but trouble..",209,21,1,231,637,2414
"So, all you needed was a matinee.",210,19,2,231,637,3073
I call it intermission and you get 2 weeks a year filled with all sorts of leisure activity.,200,20,1,221,637,1571
just tell me whose dick i have to suck,194,13,4,211,637,404
"I knew if I waited by the back door, you would come out that way!",192,17,2,211,637,1672
Paid admission to Buckingham or Blenheim Palace--maybe. To a two bedroom tear-down in Newark--heck jeckin' no.,191,19,1,211,637,2328
The que begins to form at Studio Rake and Leaves,181,20,0,201,637,911
She told me that once you've finished I can remove the stanchions. Can you be-leaf  that's what these velvet rope things are called?,183,18,1,202,637,1593
Just figured it would be best to clarify things.,196,17,2,215,637,943
Raking up your lawndered money?,196,17,2,215,637,3236
I want you to dig a trench and keep that sear and yellow leaf away from my virgin growth.,196,17,2,215,637,3763
I didn't know they were so literal about strippers raking it up.,187,16,2,205,637,874
"Sir, I should be on the VIP guest list under REPOSSESSOR.",205,20,1,226,637,315
Coded message for your son from Taylor Swift. The pieces WERE in place.,206,18,2,226,637,972
Harvest time at the Kale Festival.,195,21,0,216,637,237
"I brought popcorn. When did you get the flat screen TV? Since you quit your mining job and Mitch McConnell won a another term, I haven’t seen you much. Where’s the microwave? I’ve got five dollars in my pocket.",197,17,2,216,637,2806
"You must be from Middle America....
No one rakes evergreen needles in the Northwest!!!!",218,15,4,237,637,2152
I heard this was Hollywood.,177,19,0,196,637,2605
Patriot Act premium: live service package,207,18,2,227,637,17
"Yo Gotti and Mike WiLL are coming for dinner, rake it up.",210,14,4,228,637,1380
'That's not what I meant by hundreds of fans!',220,15,4,239,637,2198
"Just so I'm clear, what constitutes out of control leaf play by the kids?",181,15,2,198,637,1899
Let me step in grass,200,19,1,220,637,828
"You break it, you take it.",201,17,2,220,637,2074
Do you have a moment to talk about your father and savior - me?,192,16,2,210,637,764
Not to cast any shade . . but you're a show off idiot . . a clear danger to consumption anachronism  . .  a . . .,222,17,3,242,637,717
This man is guilty of using a broom for the leaves. This is his punishment,203,15,3,221,637,3448
"I'm your new neighbor, and I can read your thoughts with my secret CIA mind-control x-ray specs.",212,18,2,232,637,422
When Autumn leaves start to fail.,193,18,1,212,637,1073
Are you 'Money Gardening' again?,185,15,2,202,637,272
You can't ignore it forever... eventually Rake Man will have to join the fight.,183,19,0,202,637,1081
"Warming up for the snow...
Come on, you are too slow
You won't finish it in 3 hours",212,22,0,234,637,430
Y,194,18,1,213,637,1203
Cher and Madonna cancelled; not enough plaid.,207,13,4,224,637,2065
"I'm sorry sir, but I'm afraid you can't just rake the leaves where no one looks and walk away anymore.",186,15,2,203,637,3144
Get down on your hands and knees and pick up every g-d leaf!,197,14,3,214,637,983
It's like having Steve Rubell for a neighbor ...,195,18,1,214,637,3634
Leaf well enough alone.  Let the dead bury the dead',204,21,0,225,637,1891
I came to see the high-divin' act and I'm a-gonna see the high-divin' act.,187,15,2,204,637,1190
"Yes, this is where the YouTube stars go to die, ok? Which one is yours?",179,12,3,194,637,637
Why have a traditional home when you can live AT THE CLUB?,188,15,2,205,637,643
"Man breathes for life, as he reaches his old age, it will cease
and will fall apart like a dry leaf…",198,16,2,216,637,1326
I think your back yard is a front.  “Who you got in there”.  Looks like you are raking up the evidence.,207,19,1,227,637,2379
"It ain't like you are rakin all those illegal bucks, but it will leave you time to think about your misdeeds",208,17,2,227,637,3281
"I don’t understand, you want to rake it all up again, and turn it into some kind of event...",189,15,2,206,637,1253
William Morris sent me just in case your work really inspired Lady Gaga to do a remake of Autumn Leaves.,190,13,3,206,637,3568
you can stop only if you come back with 2 girls!,201,12,4,217,637,304
Ugh...my wife packed me a salad,208,19,1,228,637,2255
I've set up face control.,208,19,1,228,637,3536
"You just can’t wait until great was the fall thereof, can you!",191,15,2,208,637,2899
"Miss it. Noonan! Miss. Cough, cough. Noonan! Miss it!",201,16,2,219,637,1821
One leaf and your dead,190,19,0,209,637,1797
"So you think you can dance?""...
[The moment Reality TV went too far.",193,13,3,209,637,2896
"You know what you have to do, Ed. You have to kill Mary Hogan. You have to see what's inside of her, Ed. I know you hear me. Only you can here me. Stop raking leaves and do what must be done!Ehhhhhhhh! Ehhhhhh!",194,15,2,211,637,1657
Your technique is not worthy of a “Grand Reveal.”,194,15,2,211,637,2353
"Honey, please tell your brother that I don't want to pretend it's the Oscars.",185,12,3,200,637,2290
Wouldn't a lawn mower work better?,236,17,3,256,637,1395
"Keep working, Howie Mandel doesn't like leaves very much.",206,14,3,223,637,803
Raking leaves for this dump!,195,15,2,212,637,652
"Keep sweeping your way to success, you can't reach my level""",184,16,1,201,637,829
Looks like you have a bad life. Let me just kill you!,206,16,2,224,637,3685
"I am not a readymade, I am a free man!",186,14,2,202,637,3511
Why don't you Just Shut up!!,187,12,3,202,637,3512
I hear the Democrats want a carbon tax on maple leaves.,188,12,3,203,637,3346
There's a cover charge and it looks like you don't have the green,177,13,2,192,637,2352
Even the leaves shall not get cutsies.,208,16,2,226,637,2757
"'Good Fences make Good Walls'!
... as ...
'Good Walls make Good Fences'!",198,15,2,215,637,1001
"This installment is novel, yet SO blasé.  Rudy!!  Get Bill a pitchfork!",208,18,1,227,637,1044
Work may make YOU free but it makes me pee.,210,14,3,227,637,3672
And why is nothing able to kill him? It’s obvious men. Truman is The One.,187,18,0,205,637,1490
Is this really the way the Pilgrims did it?,189,16,1,206,637,2585
I told you: I speak for her.,190,14,2,206,637,3393
You actually call that a red carpet?,178,17,0,195,637,2729
He made use of  wind AND the end of the season sale!,192,16,1,209,637,2629
"Packed with woodpeckers, my head knocks....",225,17,2,244,637,1779
"Get al the leaves, I've heard shredded Banksia is worth a fortune.",203,17,1,221,637,580
Does a man get a chance to rake leave every day?,204,15,2,221,637,1504
Bee bop boop beep beep beep bop,195,12,3,210,637,1555
Those leaves won't get in without any ladybugs,194,16,1,211,637,1165
"Would it help if we called it ""Rise?""",196,14,2,212,637,3484
Rake the P.C. Vey off the ground too,208,13,3,224,637,2267
The president asked that the red state carpet be rolled out ‘bigly’ for his campaign visit.,198,12,3,213,637,37
"Ops , it dont rain on this side",197,14,2,213,637,3305
"Leaves me to believe your a pompous ass.""",207,17,1,225,637,3516
"The matrix's still lives...""

HI, Honolulu, Talieah Ra",199,12,3,214,637,2532
"If you rake PC Vey, kiss your time in New Yorker cartoons goodbye.",176,14,1,191,637,746
Chop it! Chop Chop!,198,16,1,215,637,3441
"I'm a movie star, and I hate leaves.",209,17,1,227,637,834
Um..... you came here for a business lunch dressed like that?,222,16,2,240,637,53
"Like T.... we don't need your kind,     of leaves.",198,18,0,216,637,1035
Here is one for last week:,176,16,0,192,637,1848
Not sure Trump A & M is going to be raking in the cash,177,16,0,193,637,1926
"I'm the guy that came in ""The Big Yellow Taxi'""",222,20,0,242,637,3316
Those are some juicy,214,13,3,230,637,1119
"No Mitchell the bubble baths will be after the next tax cut, then your daughter will be able tot afford community college",212,17,1,230,637,1239
"Does he have a scar, or did the pen slip?",215,11,4,230,637,2158
I didn’t know that VIPs went to summer camp.,212,17,1,230,637,3572
There's no sex in the back yard.,192,11,3,206,637,549
He's not here today.  Can I give him a message?,202,16,1,219,637,591
'Why are you on this play?',202,16,1,219,637,951
Preparing the red carpet for the premier of The Odd Life of Timothy Green,191,15,1,207,637,1869
"Mr. president, leave it to me. North Korea military is threatening to fall down on us",183,10,3,196,637,1377
Our services include termite and rodent control.,194,15,1,210,637,561
"what, no pudding?",194,17,0,211,637,1353
the Leaf Carpet,230,18,1,249,637,1233
It's not like reality is an illusion and I'm a figment of your imagination,197,13,2,212,637,3532
He can see the railing but can't help me.,208,16,1,225,637,22
With your cancer in remission you do not need health insurance. Do some exercises instead.,208,16,1,225,637,2106
I know I have boobs for eyes but please quit staring.,198,13,2,213,637,2935
"#METOO hasn't really come full circle yet, has it!",199,13,2,214,637,1248
Could've used more Dwayne Johnson.,223,15,2,240,637,3445
You are the first caller in the queue. Someone will be with you momentarily.,201,11,3,215,637,2679
Râteau!,187,16,0,203,637,137
Hard eight?,188,14,1,203,637,3010
"Excuse me, sir. Can you point me to the nearest restroom? I seem to have dropped my glasses.",200,15,1,216,637,725
This underground club will be popping once you swap to a shovel.,200,15,1,216,637,1533
This raken sucks!,248,17,2,267,637,892
Get a move on ! The goldbaggers are due.,201,15,1,217,637,1292
"Ivan, I told you Club Fed wasn’t so bad.  They even have a Luger’s just off the cafe.",190,14,1,205,637,2213
"Sorry,you Leaf-I-P access for this side of the yard.",189,16,0,205,637,3732
"...and here we see a rejected audition for Turbo's broom scene in ""Breakin'""",192,12,2,206,637,3696
Remember: I’ll always be watching if you try to leaf. Egg,182,9,3,194,637,375
You think this rope is going to keep me from staring at your ass? Well... it is sort of like it’s expected now.... shit...,194,10,3,207,637,1584
We welcome you to the Foxwoods Poker Room edition of Dirty Jobs.,216,16,1,233,637,3270
Concentrate on your card while I shuffle through the deck. You'll be amazed what happens next,205,15,1,221,637,2339
You sir are dumber than Jelani Cobb.,195,10,3,208,637,2681
"Do I have any objects, hand props or accessories with me? Why? How do I handle them?",194,14,1,209,637,2651
R-A-K-I-N-G leaves..,215,15,1,231,637,3266
pastrami thickburger,205,12,2,219,637,1806
"Lovely garden--You've not been having communication with Julian Assange, have you?",192,13,1,206,637,2542
Milkshakes any good here?,235,12,3,250,637,3691
"I need more leaves, we need them to get fed up enough to pay for the VIP (NO LEAVES) package",196,11,2,209,637,1210
"Hey people that don't like rich people , this is called being a bad person . It really works! Call 773-1800-RICH-ME",209,12,2,223,637,491
"Excuse me- those cameras should be facing in MY direction, I’m the star of this movie!",196,13,1,210,637,2625
The last raking of leaves of trees; ruin this at your peril.,183,12,1,196,637,3051
"congratulations, man. this is the useless clown convention and you're the fuckin guest of honor",211,14,1,226,637,403
I wanna make him to fall on the ground,212,14,1,227,637,2166
This is your punishment for pooping yourself at Denny's again,199,13,1,213,637,618
"If those are elm leaves...ain't gonna happen, Charlie.",213,14,1,228,637,3341
"I see your wife has got you on the ropes, to get it perfectly done before sex with you.",188,10,2,200,637,249
The new Victoria's Secret Fence Collection proved to be a hit.,187,12,1,200,637,2644
"Rand, I'm about to crack your ribs.",217,12,2,231,637,1508
Well It’s Smaller Then The ‘Big House.,191,12,1,204,637,795
"Here, there, still one leaf remain! ...It's your yard? What's the matter, I'm advising you!”",192,10,2,204,637,1207
"Rake City, bitch. Rake, Rake City, bitch.",233,13,2,248,637,1647
Who said you planned to break for the game?,206,11,2,219,637,900
Hey don’t tell me that you’re raking those few leaves! I guess you are doing that because you were punished for something else; right? I mean why even bother to rake those up? It won’t make a difference if you do it or not.,191,14,0,205,637,1277
"Just to clarify. We are charging everyone $20,000 per night to stay in the guest house except for the Russian delegates who we are charging $1,000 per night.",191,14,0,205,637,2180
"Believe me.  Santa would never say “Rake, Rake, Rake”.",206,13,1,220,637,1425
You look nothing like Joan Crawford.,209,11,2,222,637,3723
Did forensics determine how they all oaked in the dining room?,212,13,1,226,637,3375
Need any help?  My wife brings me to Lace Land every year.,192,13,0,205,637,3043
Work can’t be interrupted.,227,15,0,242,637,1291
"As a member of Kitchen Cabinet Consultancy, I must advise you that you're supposed to be raking food off your lunch plates, not raking your yard.",204,9,2,215,637,1104
What did you think I meant by the pay the rake?,197,9,1,207,637,3380
"Sir,  this   is   the  last  of  the  leaves
that  I  have  to  raked up!",204,10,0,214,637,3590
"Sir please stay off the lawn this elvis's memorial burring

Yes but I was his second cousins son",204,9,0,213,637,120
"These leaves bothering you?
A Bullfighter can't give up his star?
These trees are really gloomy.",211,6,0,217,637,1400
