caption,unfunny,somewhat_funny,funny,count,contest,target_id
I wear the pants but my wife controls them.,92,28,42,162,638,4419
"I wear the pants, but my wife has the remote.",86,38,31,155,638,5015
Nothing you buy on a 2 am informercial is ever a good idea.,87,50,27,164,638,2355
"To be honest, I’m kind of flying by the seat of my pants.",100,55,28,183,638,4828
Seriously? You've never tried a pair of hoveralls?,96,37,30,163,638,3197
"This is Otto, the other is Hannah — they’re palindrones.",99,35,30,164,638,4270
The puppy wasn't attracting the type of women I'm interested in.,95,42,26,163,638,5093
It’s not so bad. I had helicopter parents.,97,41,26,164,638,482
And that’s when I just decided to fly by the seat of my pants!,95,44,24,163,638,5392
My wife forgave me for the affair.  With conditions.,117,36,34,187,638,4056
"I'm Adam, your Lift driver.",105,28,31,164,638,2390
We didn't understand cargo pants at first either.,80,36,19,135,638,188
"Hi, I’m your Uber ride.  Grab my hand.",89,32,23,144,638,1819
This is much better.  I used to fly by the seat of my pants.,97,41,23,161,638,4908
"In hind sight, I should have agreed to an ankle monitor.",101,39,25,165,638,2230
YOU can wait for the walk sign.,100,50,21,171,638,617
Always wanted to fly by the seat of my pants.,104,40,25,169,638,1489
I like to fly by the seat of my pants.,97,35,24,156,638,130
The only danger is if they see a squirrel.,103,44,23,170,638,1666
My wife has the remote,97,37,23,157,638,2673
I see yours are still analog.,105,49,22,176,638,3074
"No - I can't fly yet, but I can hit a high C.",92,37,21,150,638,2875
First time in the Bay Area?,104,47,22,173,638,3276
I've got them set between low-rider and full wedgie.,99,31,25,155,638,1617
I’d wait for the next upgrade. There’s a wedgie issue.,113,43,26,182,638,2615
My wife is at the controls . . . long story.,101,39,23,163,638,1463
The only problem with them is if there's a strong gust of wind my voice goes up an octave.,101,35,24,160,638,3289
SkyMall. Why do you ask?,111,36,27,174,638,2173
The good news is that I get uptown in 10 minutes. The bad news is that I land with one hell of a wedgie.,93,41,19,153,638,3490
It was either this or an ankle monitor.,95,28,23,146,638,4553
Mr. Smith? I’m your Uber ride.,102,36,22,160,638,4131
It's called upward mobility.,107,43,22,172,638,5075
Turns out you don't have to put on your pants one leg at a time.,113,46,23,182,638,2566
"Alexa, hold up my pants!",105,34,24,163,638,4922
You must be the fellow who ordered a friend on Amazon.,100,42,19,161,638,5115
It’s the convenience of suspenders without the ridiculous look.,98,34,21,153,638,1395
Ask me where I keep the remote.,91,42,16,149,638,3115
The judge said it was either this or the ankle bracelet.,113,36,25,174,638,4673
"Hi, I'm Steve from Amazon Cloud Services.",95,40,17,152,638,4915
I'm flying by the seat of my pants.,106,44,19,169,638,1856
"Well, I guess I’m going to take off.",107,36,22,165,638,5219
Actually my wife has the controls.,99,43,17,159,638,2897
Well I'm off.  My Lyft is here.,100,41,18,159,638,5188
Amazon sent me. Your book is backordered.,103,32,22,157,638,570
You're experiencing what is known as 'disbelief of suspension'.,92,36,17,145,638,4238
"Yeah, I had helicopter parents, why",108,42,20,170,638,3536
They're my emotional support drones.,124,42,25,191,638,3533
I said I BARELY NOTICE THEM ANYMORE!,99,36,19,154,638,2301
"All I said was: ""Hey Alexa I need a lift,"" and this happens...",104,36,20,160,638,2553
They keep dropping me off at Amazon.,109,26,25,160,638,3560
"At first it was just a joke, but then I got the Department of Defense contract.",100,44,16,160,638,4438
You act like you've never seen a pair of chastity drones before.,103,35,20,158,638,2381
"As you probably guessed, I'm single.",110,38,21,169,638,2502
I lost the car in the divorce.,117,50,19,186,638,3386
I hope I have been ordered by a nice family,97,31,18,146,638,752
It's just until the sexual assault charges are dropped.,115,36,23,174,638,4706
They're great until your kid steals the controller.,112,39,21,172,638,3304
"The battery life is pretty short, and that’s led to a couple of embarrassing incidents.”",119,48,20,187,638,5095
"One leg at a time, that's how.",120,40,23,183,638,4430
Guess who just put his pants on TWO legs at a time?,101,46,15,162,638,5302
No lines ... no tickets ... just fly by the seat of your pants.,103,39,18,160,638,257
Yes I'm single. Why do you ask?,108,37,20,165,638,773
"Plus, with the turbo option, I can go up a full octave.",123,30,27,180,638,942
Best part? I can use Tesla charging stations.,105,40,18,163,638,1680
It’s not so much about holding up my pants as it’s about attracting venture capitalists.,94,39,15,148,638,1388
They're controlled by a joystick in my pants.,108,31,22,161,638,1317
"Alexa, fix my wedgie.",106,32,21,159,638,4313
It's the hot new fashion...hoveralls,94,31,17,142,638,1273
Gotta go.  My Lift is here.”,111,39,20,170,638,5186
It's better than flying by the seat of my pants!,101,33,19,153,638,270
They're just for technical support,83,37,12,132,638,3709
"OK, you have the remote, right?",103,37,18,158,638,1871
"And now, when people say, ""He puts his pants on just like you and me,"" you'll know just how wrong they are.",95,30,18,143,638,1824
"Ya, you get a wedgie.  But I can be in Hoboken in five minutes.",104,34,18,156,638,2815
I prefer to fly by the seat of my pants.,114,49,17,180,638,2086
"You also get an owner’s manual, a pack of adult diapers and a barf bag.",98,32,18,148,638,1786
"Hi, I'm the drinking buddy you ordered from Amazon Prime.",122,35,24,181,638,623
They're my suspenders of disbelief.,103,33,19,155,638,746
I'm here for your Amazon return.,110,36,20,166,638,1609
"Sure, but once he builds that wall, these babies will sell like hot tamales.",114,36,21,171,638,3321
I admit it can be a little embarrassing when the batteries get low.,115,45,18,178,638,4793
"Hi!  I'm Joe, the personal assistant you ordered from Amazon.",99,40,15,154,638,4823
Of course my wife has the remote control.,110,35,20,165,638,5299
AirUber.  Where to?,105,42,16,163,638,2513
I place an order on Amazon and - Pow! - these babies deliver ME to my stuff!,116,31,23,170,638,1770
The balloons looked ridiculous.,108,38,18,164,638,133
Are you the one who called Amazon Customer Support?,113,28,23,164,638,922
"Why, yes, I am Mr. Fancypants.",118,32,23,173,638,643
My wife got the bra version.,114,37,20,171,638,1647
I have a mini one to do my zipper.,124,28,26,178,638,3799
"Hi, i’m Your Lyft driver.",119,38,21,178,638,3974
"Wow, you're still using analog suspenders?",107,45,15,167,638,238
I’ve been sent here to see if there is anything we can do to stop you from dropping your Amazon Prime.,115,37,20,172,638,2391
The only thing I don't like about them is I have to call the FAA every time I want to take off  my pants.,112,40,18,170,638,4650
yeah...product of helicopter parents,113,38,19,170,638,5161
"No one thought the iPhone would catch on, either!",96,41,13,150,638,3336
I have a patent suspending.,107,33,19,159,638,1366
"Unfortunately, I left the remote in my other pants.",124,41,21,186,638,1852
"Sir, your Lyft has arrived.",125,39,22,186,638,3608
The hip-hop setting is eight inches lower.,100,30,18,148,638,904
"By design, I fly by the seat of my pants!",98,34,16,148,638,4514
"Look, they put my pants on one leg at a time just like everybody else.",112,34,20,166,638,1342
"When you go low, I go high.",107,44,15,166,638,3515
I only have to wear them until my wife trusts me again.,109,23,23,155,638,668
"Honestly, I feel 20 pounds lighter.",119,45,18,182,638,4432
"With the Drone-penders 2.0, there's no chance of getting caught with your pants down.",110,43,16,169,638,453
"You ordered a handshake on Amazon, correct?! Here it is!",139,46,23,208,638,5288
"I know it looks weird, but I haven't been mugged  once since I put them on.",106,42,15,163,638,1257
Amazon needs a clarification on your order.,134,36,25,195,638,3931
"Amazon Customer Support here, how can I help?",106,36,17,159,638,5274
"To be honest, yes, I am a little worried about the battery life on these things.",101,32,17,150,638,3521
Imagine the possibilities for brassieres.,107,39,16,162,638,373
I don’t  know how I managed before self-driving pants.,106,41,15,162,638,2358
"Hi, I’m your ride",101,37,15,153,638,2686
They came free with my Prime membership.,109,46,14,169,638,1900
"The view was great, but the wedgie was brutal.",130,37,23,190,638,4197
They have two speeds...tenor and soprano.,120,32,22,174,638,509
"Now, Prime members can be delivered to their online orders.",111,36,18,165,638,4449
"Greetings, I'm from Amazon and I'm here to help.",107,41,15,163,638,5422
I see you're still wearing analog suspenders. You need to think bigger.,122,47,17,186,638,3245
I wanted to fly by the seat of my pants.,118,41,18,177,638,4433
"Hi, I'm your car-less driver. Where can I drop you?""",116,31,21,168,638,2096
"The free app syncs with my calendar, so I never forget to wear pants to a meeting.",99,29,17,145,638,690
They keep me on my toes.,101,36,15,152,638,4631
I don't mind; I was raised by helicopter parents.,121,43,18,182,638,5339
Go ahead build the wall. I'll make millions.,113,34,19,166,638,4972
A life well-documented is a life well-lived.,96,32,15,143,638,2060
"Hi, I'm Frank. Professional drone walker.",95,34,14,143,638,2336
"I thought about suspenders, but I didn't want to look ridiculous.",101,33,16,150,638,2364
Just a natural progression from helicopter parents.,132,40,22,194,638,2526
Basically they're fully autonomous... but I can still take over the zipper in case of an emergency.,112,33,19,164,638,2128
I am your date.  Match.com now has drone delivery.,110,37,17,164,638,2588
I also invented noise canceling trousers.,108,41,15,164,638,4107
Next year I'll just tell them what I want for father's day.,108,38,16,162,638,2174
I use to be one of those helicopter parents.,110,45,14,169,638,1524
"I still adjust my fly manually, though.",114,37,18,169,638,5181
"If they pull my pants any tighter it is going to be
""unmanned"" flight for sure.""",102,25,19,146,638,3342
I see you're still sporting the analog model.,112,38,17,167,638,554
Just wait until you see how I hold my socks up.,99,39,13,151,638,1325
Just because they suspended my driver's license doesn't mean I'm grounded,103,31,17,151,638,2326
You're late on your Amazon Prime payment,120,41,18,179,638,1909
"Marvin, this is the last time I'll get your ball off the roof.",129,45,19,193,638,555
Amazon can now go directly into my wallet and remove money without bothering to delivery anything.,99,33,15,147,638,964
I can't understand why the judge considers me a flight risk.,109,35,17,161,638,1593
"Well, when the batteries die, it does get a bit awkward.",107,39,15,161,638,3817
Alexa sent me.  I'm Greg from Prime Friendship.,109,32,18,159,638,1545
"I don't like waiting for the ""WALK"" sign.",101,37,14,152,638,599
They're working on little ones for your socks.,115,39,17,171,638,2393
Now I really can fly by the seat of my pants.,107,44,13,164,638,3704
it was either this or an ankle monitor and i'm like so let's have some fun,109,29,19,157,638,5123
They’re waiting to see if I want to return the pants.,102,32,16,150,638,1220
It’s best if I don’t tell you where the remote control is.,103,30,17,150,638,4839
"You did order a lyft, didn’t you?",122,33,21,176,638,5401
I put my pants on like everyone else. One drone at a time.,115,36,18,169,638,3137
"Ironically, it was only because two people gave me the same gift that I found a use for them.",108,39,15,162,638,1219
I put them on same as everyone else; one leg at a time.,112,33,17,162,638,4989
They work great except for the wedgies.,106,32,17,155,638,2765
The only downside is that it gives you a really bad wedgie.,99,24,18,141,638,527
"It's a new service called ""Lift.""",121,43,17,181,638,2814
"And if you think that’s impressive, wait until you see how the zipper works.",111,38,16,165,638,4789
We're still having some problems with the necktie option.,110,29,19,158,638,1287
I might have to take off early.,104,41,13,158,638,1825
I also programmed my Roomba to tie my shoes.,100,38,13,151,638,3640
They're a must have for the committed helicopter parent.,99,29,16,144,638,4395
"I may have been born privileged, but I still put my pants on one drone at a time—just like everyone else does.",115,27,21,163,638,4859
The settings go from low rider to wedgie.,100,35,14,149,638,4794
Tssh. You still wearing analogs?,114,34,18,166,638,3891
"Actually, I don't put my pants on one leg at time!",103,31,16,150,638,4993
Two to keep your pants up; six to get airborne.,111,42,14,167,638,4857
"Sure beats taking a cab, but I wish I had worn my relaxed-fit jeans.",102,30,16,148,638,3211
Mostly I fly to the battery store,121,30,21,172,638,4119
This is what I call tech support!,115,42,15,172,638,4386
Same as everyone. One drone at a time.,113,35,17,165,638,2600
"I'm Andy, from Amazon's new on-line dating service. Are you Michael?",102,27,17,146,638,2295
It’s the latest from Lyft!,112,45,13,170,638,168
Hi. Bob from Amazon.,103,33,15,151,638,4281
Your wife ordered you a friend on Amazon.,106,27,18,151,638,4932
The only downside is my voice occasionally sounds a little higher.,112,42,14,168,638,1462
Safe? Of course it's safe. I've got 2 gps-guided drones with 4 gyro-stablized propellers on each for software and hardware fault tolerance. What could possibly go wrong?,123,39,18,180,638,2045
This seemed more functional than a cape and tights.,90,38,9,137,638,1892
"Well, it was pretty embarrassing when both batteries died at the same time.",126,49,15,190,638,590
I call them 'willing suspenders of disbelief.',105,34,15,154,638,4005
...But I still put them on one leg at a time.,94,37,11,142,638,3793
I'm Frank.  I'll be your Uber driver.,119,33,19,171,638,3607
Tell me the belt industry isn't nervous.,100,33,14,147,638,3376
I'm supposed to deliver you to your mother's for Thanksgiving.,130,38,20,188,638,391
These babies get me to work in 10 minutes but for some strange reason my voice is higher for the rest of the day.,111,38,15,164,638,401
Gone are the days when I could lift myself by the bootstraps.,100,41,11,152,638,5198
"They work fine, but I'm having some intimacy issues.",95,40,10,145,638,667
"I put my pants on just like everyone else, one drone at a time.",115,35,17,167,638,2240
Helicopter parents are so last year.,115,35,17,167,638,5361
I’m thinking of calling it “Lyft.”,109,36,15,160,638,1907
I’m the BFF you just ordered on Amazon,114,26,20,160,638,2909
Sorry I'm late. I got held up.,111,32,17,160,638,4090
Hi. I’m Matt from Amazon.,117,36,17,170,638,782
I'm a fly by the seat of your pants type of guy,118,34,18,170,638,5289
"I'm not sure what it does, but I got it with 2-day free shipping from Amazon!",140,33,24,197,638,4801
"Hi, I'm your driver.  Grab my hand and hold on tight.",124,38,18,180,638,138
I’m Amazon’s new tech support.,112,43,13,168,638,4273
"I use to be a Helicopter dad,but I need to keep up with the times.",104,32,15,151,638,838
Mosquitoes stay clear and my pants stay hiked up. It's a win-win.,106,36,14,156,638,3195
I have ten minutes to charge these before my pants fall off.,106,36,14,156,638,3251
I’m gonna need either a belt or a charger in the next 15 seconds.,103,23,18,144,638,3130
"Other than raising my voice a few octaves, they work fine...",117,30,19,166,638,1601
Hi I am your Amazon personal shopper...,117,38,16,171,638,501
"Yep, I really am flying by the seat of my pants”.",123,34,19,176,638,5122
"Hi, I'm the new assistant you ordered from Amazon.",112,29,18,159,638,525
I found them in SkyMall.”,109,35,15,159,638,1997
What? You're still using Uber,108,37,14,159,638,3622
This changes the game for a 5 story walk up!,116,37,16,169,638,809
"I'm telling you, helicopter parenting isn't enough these days.",98,38,11,147,638,4556
Practical? No. Suspenseful? Yes.,103,36,13,152,638,1674
"Talk about ""flying by the seat of your pants.""",109,32,16,157,638,2536
"Jetson, George Jetson”",115,36,16,167,638,2877
Didn't you order a man from Amazon?,106,27,17,150,638,1290
Thanks for noticing. I did lose 10 pounds.,109,29,17,155,638,5217
"Yeah, boxers.  Definitely, boxers.",114,27,19,160,638,1758
"Your mom sent me. She says, ""call her back.""",115,34,16,165,638,2949
"Hi! I’m Dan, the window washer.",126,27,22,175,638,3120
Would you happen to have 7000 AA batteries?”,124,47,14,185,638,3690
It was either this or the ankle bracelet,107,30,16,153,638,3301
"Why yes, my suspenders do come with Bluetooth.",111,30,17,158,638,2396
No one thought the bra would take off either,118,32,18,168,638,3224
Everything was going great until  an 8 year old got a hold of the controller.,108,25,18,151,638,1278
"I used to fly by the seat of my pants, but I've modernized.",105,31,15,151,638,5039
"I’m your Lyft driver, just hang tight.",110,38,13,161,638,5394
"Who knows what the future holds? Right now, they just hold up my pants.",114,37,15,166,638,3481
All the good jobs are in the cloud.,118,37,16,171,638,1032
So I no longer have to put my pants on one leg at a time.,130,37,19,186,638,2051
Hi. I’m here with an update on your Amazon order.,102,26,16,144,638,235
"Cmon, I'll give you a lift.",108,38,13,159,638,248
I'd love to drop by...what time?,107,40,12,159,638,836
Thought you’d never ask. To hold my pants up.”,108,38,13,159,638,1001
I'm beta-testing Uber's new self driving pants.,108,38,13,159,638,2109
Thank you for calling Air Taxi.  Hold my hand tightly.,113,28,18,159,638,2237
It’s only annoying when I have to go to the bathroom.,106,43,10,159,638,3098
Just don't clip them to your underwear,111,32,16,159,638,3535
How do you do? I'm the new butler you ordered 2 hours ago from Amzon,111,40,13,164,638,2906
I just let myself fly by the seat of my pants.,118,34,17,169,638,1242
Now if I can just work out the wedgie problem.,117,44,13,174,638,2858
"As beta testing goes, it could be worse. There's a jockstrap version of this thing.",128,30,21,179,638,16
I'm your lift driver.,98,39,10,147,638,1167
I think of myself as upwardly mobile,111,29,17,157,638,625
Surveillance or delivery?,109,33,15,157,638,3329
I've stopped using lyft.,110,31,16,157,638,3892
And they delivered themselves!,121,33,18,172,638,2817
They come with Amazon Prime Wardrobe.  Returns are super fast.,124,48,13,185,638,405
"Hi George.  By shaking my hand, you accept our terms and conditions.",126,36,18,180,638,817
Some days I just need a lift.,107,26,17,150,638,1654
Lyft? I' ll show you lift!,109,30,16,155,638,1841
Don’t be offended if I start talking down to you.,110,44,11,165,638,2057
It's my Halloween costume: I'm the Suspension of Disbelief.,112,33,15,160,638,4782
It's part of H.R.'s new sexual harassment prevention program.,118,33,17,168,638,3237
It helps keep me on my toes.,112,45,11,168,638,3795
Nice pants. You pull them up yourself?,113,35,15,163,638,1398
"If I am not back in five minutes, call the F. A. A.",104,37,12,153,638,1736
My kids think I'm one of those helicopter parents,108,29,16,153,638,3899
I’m done flying by the seat of my pants!,130,38,18,186,638,4002
"Hi, I'm Trevor, the friend you ordered from Amazon.",121,32,18,171,638,4339
Didn’t you order a Lyft?,110,38,13,161,638,2709
It has its ups and downs.,100,34,12,146,638,1644
The station can't afford a news chopper so I got the next best thing.,101,32,13,146,638,5192
"It's been nice chatting with you, but I've just been cleared for takeoff.",121,37,16,174,638,440
Not only did Amazon just deliver this belt they're installing it too.,115,33,16,164,638,4842
I' m just flying by the front of my pants.,106,43,10,159,638,1196
"No offense, but I just think suspenders look ridiculous.",114,27,18,159,638,5082
Revolving doors are particularly problematic.,102,35,12,149,638,3798
What's amazing is that nobody thought of it sooner.,102,27,15,144,638,3417
I put my pants on one drone at a time.,125,34,18,177,638,477
"I, too, thought it was a great idea, but it just hasn’t taken off.",124,36,17,177,638,810
These are my last two certified emotional support drones.,122,32,18,172,638,2455
If I leave them home alone they'll tear up the furniture.,121,26,20,167,638,1591
"Because, when I had only one, I kept going around in circles.",113,26,18,157,638,4838
Now that’s amazing... three minutes ago I ordered suspenders from Amazon!,107,30,15,152,638,4970
But mine lift and separate.,126,37,17,180,638,2121
"Yes, the wedgie is an issue.",115,43,12,170,638,4100
"Well I've gotta take off, great talking with you.",108,41,11,160,638,1123
They're great when you need a little pick me up.,106,37,12,155,638,3278
I used to be a belt and suspenders man too.,99,35,11,145,638,4195
It all started with an Apple Watch.,118,34,16,168,638,346
You ordered a friend?,122,26,20,168,638,2495
"If you can ignore the wedgie, it’s the only way to fly",114,42,12,168,638,2933
"Hi, I'm from Amazon HR. Thanks for your application. Got time for an interview?",115,40,13,168,638,4531
I'm the delivery guy for Amazon Sub-Prime.,122,18,23,163,638,3561
It's way faster than the crosstown bus as long as you don't mind the wedgie.,115,32,16,163,638,5157
They were working great until a hacker from Vladivostok gave me a long distance wedgie.,96,25,14,135,638,266
"These Amazon drones are delivering a ""package"" if you know what I mean.",114,26,18,158,638,1152
I am not your Uber I am your Lyft,113,28,17,158,638,4939
"Yes, I put my pants on - one drone at a time",120,35,16,171,638,3563
"People told me no one would want a driverless option for pedestrians. Well, who’s laughing now?",110,32,14,156,638,804
"Just give me the keys.  And next time, try to remember where you parked.",121,38,15,174,638,543
This isn’t what I was expecting when I called for a Lyft.,122,36,16,174,638,1210
They found out I cut off my ankle bracelet...,126,29,19,174,638,3664
"Actually, they're pretty submissive once you've established who's walking whom.",105,33,13,151,638,3846
My wife has the joystick,112,40,12,164,638,3815
"Hi, Alex from Uber Air",111,34,14,159,638,2786
"It's called technology, Ted.",119,41,12,172,638,4443
And they keep my pants up.,119,31,17,167,638,3365
It beats the ankle bracelet.,129,24,22,175,638,1821
You didn't get the upgrade?,123,36,16,175,638,4804
I put my pants on just like you - one drone at a time.,111,34,12,157,638,4185
"Yah, I'm over Uber",116,42,12,170,638,2632
"Sure the constant surveillance is uncomfortable, but so was my belt.",121,32,17,170,638,4046
One leg at a time?  Not any more.,132,33,18,183,638,1340
"As usual, we don't NEED it until they invent it.",114,38,13,165,638,63
And now no one notices my bald spot.,115,36,14,165,638,4862
They also come in business casual.,102,33,12,147,638,4512
"Twenty percent less than Uber, no traffic, and, for a little excitement, we can do rooftop drop-offs.",114,37,12,163,638,2040
The only thing they can't suspend is your disbelief.,117,29,17,163,638,4039
"Suspend disbelief, man.",120,44,12,176,638,5344
I’m your Uber ride. Grab my hand.,109,29,15,153,638,3482
Why put up with the tyranny  of suspenders when you can control your pants with the touch of a button?,126,37,16,179,638,2192
"Oh for sure, but I still put my pants on one drone at a time.",136,38,18,192,638,21
Would you like a lift?,107,25,16,148,638,5030
That's what they said about Uber.,116,28,17,161,638,3324
The only real drawback are updrafts.  Those can raise your voice an octave or two.,114,32,15,161,638,4853
You still do yours one leg at a time?,122,29,18,169,638,4813
People only seem interested in how I go to the bathroom,111,30,15,156,638,4843
Taking them down would create other privacy concerns.,127,32,18,177,638,2548
Be careful not to enter my personal air space.,116,33,15,164,638,1541
"It's not about who wears the pants in the relationship anymore, but who controls them.",108,28,15,151,638,1745
"If you lost the remote control, I'm in big trouble!",121,36,15,172,638,1243
I used to be just an ordinary peeping Tom.,101,34,11,146,638,4840
Lately I feel like I've been flying by the seat of my pants.,120,30,17,167,638,5043
I don't wear belts with them. That would look ridiculous.,101,26,14,141,638,1055
Can I bum a battery?,113,36,13,162,638,108
I am from Amazon customer service.,107,27,15,149,638,244
I bet you read a hardcopy newspaper too.,109,36,12,157,638,2123
I'm a handyman. Thanks to Amazon I can be delivered straight to your door,126,28,19,173,638,4112
They’re the new Elon Musk suspenders.,115,29,16,160,638,3474
Wait here while I find out where we parked.,116,27,17,160,638,4557
It keeps the mosquitos away.,118,36,14,168,638,88
"I'm your Uber.  My car broke down, so grab my arm.",105,28,14,147,638,905
Just thought I'd give myself a lift.,124,37,15,176,638,1376
Belt and suspenders? Seems a bit much.,126,33,17,176,638,2156
"'""At least it's some consolation to know that there'll be video from every angle if the cops shoot me.""",112,27,16,155,638,716
These will take me right into Canada if the Republicans win next week.,112,27,16,155,638,2922
"Put it this way, I’ve never been mugged.",94,29,11,134,638,271
Because I can.,100,30,12,142,638,2324
I''m five pounds lighter in these pants.,123,31,17,171,638,87
Its the cheapest flight I could find,127,36,16,179,638,2341
"Why yes, they do make me feel light on my feet.",87,35,7,129,638,4397
One leg at a time. You?,114,28,16,158,638,1015
It's a little scary but it sure beats the subway.,115,28,15,158,638,2782
"Of course, things can get a little bit tricky in a  men's room stall.",110,41,10,161,638,1247
Now Amazon takes me to the product instead of dropping them off.,119,36,14,169,638,1602
Court order.,103,34,11,148,638,3641
We'd better shake hands -- I don't do high fives anymore.,112,29,15,156,638,1256
But you requested a Lyft!,111,31,14,156,638,2107
I'll make a fortune selling them to people who want to go over the wall.,110,34,12,156,638,3915
It's great when technology is able to pick up the slacks,115,36,13,164,638,1192
"Patent pending, they'll be called ""Suspenders of Disbelief!""",109,27,15,151,638,5375
"Well yes, battery life is a concern.",110,38,11,159,638,1961
"My eyes are down here, buddy.",129,39,15,183,638,1168
"Do you realize how ridiculous you look wearing a belt AND suspenders, Frank?",117,29,16,162,638,976
They’re the first suspenders approved by the FAA.,114,35,13,162,638,1869
Helicopter wife,118,27,17,162,638,3959
It's a little awkward when the batteries die.,113,29,15,157,638,1513
Lift. Better than Uber.,116,36,13,165,638,1321
"Well, sure, it’s dangerous and illegal, but would you rather take the F train?",118,32,15,165,638,5084
They also suspend privacy rights.,108,18,18,144,638,99
"It's a little tough on the crotch, but my shoulders feel a lot better.",107,33,12,152,638,1265
The wedgie is rough but it beats taking the subway.,115,30,15,160,638,2501
They're Elon Musk jeans.,131,42,14,187,638,1007
It does get a bit complicated in the bathroom.,121,36,14,171,638,2211
"My eyes are down here, Greg.",105,42,8,155,638,387
Can you believe this was already patented?,109,34,12,155,638,569
You called Lyft?,111,30,14,155,638,3878
Do you have a moment to talk about our lord and saviour Jeff Bezos?,107,25,15,147,638,638
"I'm telling you, these new pants are really going to take off!",124,36,14,174,638,5234
"What do you mean, I always over-complicate things???",118,34,14,166,638,1703
"You just have to watch what you clip them to - after my second flight, I couldn't walk for three days""",116,38,12,166,638,3880
You should see my zipper device.,108,28,14,150,638,5364
"See, my mom & dad are still helicopter parents.",126,36,15,177,638,4827
"If I act like a package, they'll deliver me anywhere.",115,32,14,161,638,1699
I'm John from Amazon Prime.,111,27,15,153,638,1587
I have no idea where to put my thumbs.,112,25,16,153,638,1991
I see you're sporting the old-fashioned model.,104,41,8,153,638,4767
"If Trump builds that wall, these devices are going to sell like hot cakes.",122,36,14,172,638,101
Suspenders are for nerds.  Suspend-AIRS are for nerds who grow up to work for NASA,116,35,13,164,638,2902
I can drop you wherever you’d like.,109,36,11,156,638,1284
"Yep you got it, Google suspenders.",111,32,13,156,638,2410
Yah the wedgie is still a problem!,111,32,13,156,638,4465
What do you think? Too much?,115,42,10,167,638,4681
"Hi I'm your driver John, where to?",115,29,15,159,638,693
Now women can select one-click delivery on my Tinder page.,103,27,13,143,638,4405
Amazon delivered me to assist you.,120,37,13,170,638,4068
"I mean, you saw what happened with the feathers and wax.",120,37,13,170,638,5133
Suspender technology has really taken off.,115,34,13,162,638,759
The time I save is worth the wedgie.,117,30,15,162,638,3025
"Yes, I am the traffic reporter. Budget cuts, you know.",124,34,15,173,638,103
Amazon wants you to pull my finger.,122,25,18,165,638,3565
"Well yes, it does get a little tricky in the men’s room.",114,41,10,165,638,4467
Please suspend your disbelief.,100,25,13,138,638,639
Looks like someone’s not keeping up with the droneses...,117,22,18,157,638,3354
"It's the NEW Lyft""",137,44,14,195,638,1185
They like to be walked.,114,33,13,160,638,5281
It comes with my amazon prime account.,128,36,15,179,638,2003
I’ll try not to get carried away.,121,50,8,179,638,4435
"I got tired of people saying, ""He puts his pants on, one leg at a time, just like everyone else""",137,36,17,190,638,3541
"Sure, there have been some fatalities but statistically speaking they're safer than conventional pants.",109,30,13,152,638,4694
Still using suspenders 1.0?,109,30,13,152,638,4786
I call them suspension britches.,117,32,14,163,638,4865
These babies hold your pants up for 8 hours on one charge!,110,33,12,155,638,1891
I see you're still not a Prime member.,117,37,12,166,638,3142
"Sorry, am I droning on?",108,24,15,147,638,3312
I’ve been delivered.,117,24,17,158,638,1626
"It's my wife, she thinks I'm cheating.",109,40,9,158,638,2413
I have NO idea. They came with the suspenders I ordered on Amazon...,100,27,12,139,638,83
I promised non-military applications. I’ll deliver non-military applications.,118,40,11,169,638,795
"With the new software, my pants are supported for up to six hours.",118,40,11,169,638,3015
I put my pants on like the common man - one drone at a time.,130,34,16,180,638,758
I thought my helicopter mom was a pain until I married my drone wife.,118,27,16,161,638,2180
"Listen, sir. I put my pants on one drone at a time...",117,29,15,161,638,4684
It's only dangerous when I drop the remote.,122,37,13,172,638,1214
I’ve upskilled. I am now a drone walker.,123,35,14,172,638,3127
Where to?,126,29,17,172,638,3141
"Best of all, they deliver themselves!",123,23,18,164,638,1521
Russian hackers just gave me a wedgie.,132,22,21,175,638,4942
"I'd give you a lift, but I'm going downtown",112,31,13,156,638,1048
"They are watching me either way, might as well let them hold up my pants!",113,29,14,156,638,3138
And the service plan covers wedgies.,122,29,16,167,638,3827
"So my wife replied, “When pigs fly!”
Ha! I showed her.",121,31,15,167,638,4459
Why Uber when you can Drone?,103,36,9,148,638,3155
The latest in wedgie technology.,113,34,12,159,638,1403
It's called Lift,111,38,10,159,638,4331
"Jarard wonders if this is one of those, ""if you see something, say something"" moments",122,34,14,170,638,2883
You didn’t think Amazon was going to cut out the teamsters did you?,129,38,14,181,638,2485
"Hi! Adam, Amazon customer service. So, what's wrong with YOUR suspenders? You gave them only two stars and no comment.",106,35,10,151,638,3196
I just need to lose ten more pounds and then it will take me wherever I want to go,116,33,13,162,638,1282
They say the hallmark of modern civilization is that we provide solutions to problems that don't really exist but I don't think that's the case with Hoverspenders.,136,29,19,184,638,5038
Everybody thinks that.....they really just hold up my pants.,136,34,17,187,638,1280
"Welcome to Amazon Delivery. You’re not afraid of heights, are you?",117,36,12,165,638,4244
"Yes it's a wedgie, but it's a high tech wedgie!",117,41,10,168,638,662
They're learning to stay on a leash.,122,31,15,168,638,821
They're really starting to take off.,124,27,17,168,638,3334
"Because they annoy more people than my leaf blowers.""",136,44,13,193,638,3444
"Yep, when they land it is awfully embarrassing.",131,36,15,182,638,4473
"Are you waiting for that cab, or, are you ready for “Uber Lift”?",126,28,17,171,638,3518
Two of these and you can get rid of your suspenders.  Four and you can sell your car.,105,34,10,149,638,2417
"I used to have a traffic helicopter, before the budget cuts",125,35,14,174,638,1029
They needed to go for a walk.,126,33,15,174,638,4261
I was afraid that my regular suspenders were making me look too dorky.,125,35,14,174,638,5363
Tech support at your service! How may I help you?,109,31,12,152,638,59
People said the same thing when regular suspenders first came out,108,33,11,152,638,2556
It’s really just about the suspension of disbelief.,128,34,15,177,638,3633
I was tired of putting my pants on one leg at a time.,125,40,12,177,638,5059
They also give a little extra bounce in my step.,119,34,13,166,638,3006
"Sorry, I have to take off",115,42,9,166,638,4421
Just pretend they're not there.,111,32,12,155,638,4253
works great except with my kilt.,127,41,12,180,638,4526
"I still put them on one leg at a time, just like everybody else.",113,33,12,158,638,1791
They lift and separate.,123,36,13,172,638,1800
You should see how they work on my wife’s stockings.,127,28,17,172,638,5110
Lift and separate.,116,33,12,161,638,968
I just got SO sick of waiting for Ubers,106,34,10,150,638,3369
"The other benefit is real time monitoring of my shoelaces, right on my smart phone.",132,23,20,175,638,3810
This was the best way for me to get off the no-fly list.,121,45,9,175,638,4055
I called in air support.,124,39,12,175,638,5381
Lyft?,118,33,13,164,638,807
"So Apple asked, ""What new features can we add to the iPhone 11s?""",116,37,11,164,638,5220
It's the latest benefit with Prime,111,29,13,153,638,4798
"It's like Uber, but for pants.",123,28,16,167,638,859
Wish me luck on Shark Tank tonight!,122,30,15,167,638,2187
"That's fine, if you want your shoulders to do all the work.",111,34,11,156,638,1065
You should see how I get my underwear on.,114,28,14,156,638,1299
Welcome to Uber Air!,117,45,8,170,638,1146
"CAN I BORROW YOUR IPHONE?, I'M LOST.",126,27,17,170,638,3428
They're called Suspenders of Disbelief.,116,29,14,159,638,2292
It's the latest from the Armani-Boeing collaboration.,115,31,13,159,638,2505
"A little tight in the crotch, but otherwise very comfortable.",115,31,13,159,638,2689
"I mean yours are cool, too.",114,33,12,159,638,2851
They're great! I haven't had to use Uber in a month,112,37,10,159,638,3957
You ordered the ride from Lyft?,115,31,13,159,638,4436
It is a condition of my sex offender parole.,110,23,15,148,638,2430
"Buddy, can you spare a 12-volt nicad rechargeable?",115,36,11,162,638,2678
The bra version will be a lot easier now that I've fixed all the suspender issues.,115,36,11,162,638,3665
Drone walking pays well these days.,111,26,14,151,638,3966
The only problem is that when I go through a door my pants fall down.,118,35,12,165,638,683
"You could use them for other things, but then your pants would fall down.",117,37,11,165,638,700
I'm your Uber driver.  Give me your hand and I'll have you home in no time.,120,31,14,165,638,2447
"My wife adopts them, but I'm the one who has to walk them every day.",129,36,14,179,638,4951
You get used to the wedgies.,124,28,16,168,638,1049
"Hi, I'm Rick, this conversation may be recorded for training purposes.",113,27,14,154,638,2795
It's drones disease.,114,25,15,154,638,3692
"I still put them on like everyone else, though.",122,32,14,168,638,4476
It's Uber Air!,113,27,14,154,638,4800
It was a free upgrade with my my Amazon Prime renewal.,121,39,11,171,638,4488
"Hi, I'm Ted from Amazon, I hear you want to suspend your account?",105,25,13,143,638,3573
Everyone thought the Wright brothers were crazy too.,104,27,12,143,638,4070
"Yeah, I don’t know how I’m going to do that. I lost the controller, so I guess I’ll just have to wait until the batteries run out.",133,43,12,188,638,1363
It's new. It's called Econo Lyft.,118,28,14,160,638,3194
Ever hear of a drone walker? I make ten bucks an hour!,112,39,9,160,638,4314
Ihey said the same thing to the Wright brothers.,105,30,11,146,638,4532
It's so hard to stay grounded these days.,106,28,12,146,638,4755
My interactions are recorded for quality and training purposes.,138,38,15,191,638,3188
Now I no longer feel pressure to live in the moment; I can just record my life and watch it whenever I want.,118,32,13,163,638,916
"Yeah well, they laughed at the guy who first invented suspenders.",129,38,13,180,638,1903
This is our new Lyft service – grab my hand.,130,41,12,183,638,2864
I didn't get the job and their feedback was that I have a tendency to over-engineer. Can you believe that?,134,33,16,183,638,2940
There great except when they go in different directions.,124,35,13,172,638,4174
I just don't trust self-driving cars.,128,28,16,172,638,4262
The FAA temporarily grounded me ....,115,30,13,158,638,4877
"You were droning on about your suspenders and I thought, ""Now, there's an idea.""",129,31,15,175,638,2157
"No, it's not that. They were delivered by mistake and Amazon wants them back.",113,39,9,161,638,3991
Trust me. I'm faster than a cab.,119,32,13,164,638,1740
They take my Helicopter Parenting to the next level.,131,36,14,181,638,35
My pants?  Just got them from Amazon.  Why do you ask?,95,29,9,133,638,98
I find it uplifting.,105,37,8,150,638,152
Hi. Amazon sent me.,108,31,11,150,638,1180
You do need to get used to the super wedgie though.,124,27,16,167,638,1304
"Listen to me, droning on and on. How have you been?",125,30,15,170,638,267
"The restraining order was bad enough, but this seems excessive.",109,34,10,153,638,2228
The judge gave me a suspended sentence.,116,20,17,153,638,2597
This must be your first time using a flysharing service.,109,34,10,153,638,3126
I have two more at home to pull up my socks,112,33,11,156,638,1774
"Instead of  Uber, I now ""Drone Home.""",116,25,15,156,638,2627
"Actually, right now, I'm just trying to find my ex-wife. She has the remotes.",125,40,11,176,638,3973
Takes window washing to a whole new level.,112,38,9,159,638,3335
"I'm telling' ya, it's a shoo-in for the No-belt Prize.",126,43,10,179,638,3169
I think as long as I don't get too close to the sun everything will turn out all right.,128,39,12,179,638,4004
"So, what's up?""",116,35,11,162,638,1461
"Still relying on your own shoulders to hold your pants up, I see.",101,37,7,145,638,3290
Look at me...droning on about my new suspenders!,107,30,11,148,638,3702
For only 20 bucks I'll erase the footage of you and 'what's her name' I took through your bedroom window.,132,41,12,185,638,4204
They just take such a weight off my shoulders.,106,32,10,148,638,5064
"And if they're not better than your regular suspenders, I'll return your forty-two hundred dollars.",107,30,11,148,638,5172
Drones are way cooler than suspenders except when the batteries die and my pants fall off.,127,28,16,171,638,162
"What I save on tolls, alone ...",113,33,11,157,638,3076
Where can I drop you?,114,36,10,160,638,1382
I'm the husband 2.0 your wife ordered with Prime's 2-hour delivery.,131,35,14,180,638,4329
"Not only do they hold up my pants, but the breeze is really quite delightful.",133,36,14,183,638,4187
"My wife has one remote control, my mother, the other!",108,20,15,143,638,3147
They keep my pants up and my enemies down.,132,44,10,186,638,4297
"I just thought to myself, there has got to be a better way.",121,32,13,166,638,1482
You go first.  If I step off the curb too quickly I get a wedgie.,124,31,14,169,638,3435
The one on the right is the good one and on the left is the evil one.,126,32,14,172,638,316
What makes you think she doesn’t trust me?,112,27,13,152,638,472
I see you're still wearing those old-fashioned suspenders.,113,30,12,155,638,1729
Free transportation to work is another Amazon benefit.,113,30,12,155,638,4385
Putting my pants on one leg at a time was really slowing me down,111,34,10,155,638,4620
"...just like Lyft, but with an i",116,29,13,158,638,95
You have to suspend disbelief,117,27,14,158,638,2473
Forget about Uber—I can drop you off.,112,37,9,158,638,4248
Now I never use Uber.,117,27,14,158,638,4582
"Who needs Uber? I have ""Over.""",136,27,18,181,638,1215
"Sure they’re fun, but sometimes they want to go in opposite directions.",127,45,9,181,638,1520
"Gotta fly, Frank. Sorry to drone on about my new job.",132,35,14,181,638,4998
"They're just like your suspenders, but they also keep me cool.",118,30,13,161,638,351
"No, they are for my hernia.",118,30,13,161,638,1486
Neat suspenders. Vintage?,118,30,13,161,638,4079
Hi there. I’m Jeff Bezos. Are you a Prime member yet?,120,31,13,164,638,466
"It requires a willing suspension of disbelief, too.",120,32,12,164,638,4872
Ha! I bet you still floss your own teeth too.,122,32,13,167,638,2323
It's my new product line for helicopter parents.,106,26,12,144,638,4279
"I'm fine, unless there's lightning.",124,33,13,170,638,275
"So Timmy says ""Dad, can we please get drones, pleeeease? I promise I'll walk them - I promise!""",128,25,17,170,638,3069
Don’t just stand there — I’m being held up!,129,28,16,173,638,4918
I just put my pants on one drone at a time.,130,31,15,176,638,3215
I'm your Uber.,128,40,11,179,638,1501
Have you considered changing your long distance carrier?,132,32,15,179,638,2343
Keeps the pants up great but sitting down takes some getting used to.,112,34,10,156,638,1533
Can I give you a lift?,113,32,11,156,638,1853
My company just switched over to drone delivery for business trips. Saves a fortune on plane tickets.,112,34,10,156,638,2546
They're called upsenders.,115,28,13,156,638,3087
Pull my finger.,116,28,12,156,638,5277
"Honestly, as your friend, those suspenders make you look like a nerd.",120,28,14,162,638,4398
"I’m Alex, your new Amazon friend. I come with free drone delivery.",123,28,14,165,638,4384
"No, bird strikes are quite rare.",123,37,11,171,638,3913
Just got the new double hip replacements. Never felt better in my life.,125,33,13,171,638,4018
It beats using a lawn chair and balloons.,125,38,11,174,638,1189
I have a helicopter wife.,135,31,14,180,638,3858
"As I age, I have them fly higher.",111,28,12,151,638,362
We didn’t name it Lyft for nothing,112,26,13,151,638,2423
It's the perfect combination of the practical and impractical.,113,29,12,154,638,195
They’re chastity suspenders with a live video feed to my wife.,117,21,16,154,638,4194
"Could I have my remote back, please?",116,23,15,154,638,4375
My wife has two of them attached to her bra.,116,28,13,157,638,605
"Why? you ask? Well, to keep my pants up",115,30,12,157,638,3850
Back to the drawing board.  Liftoff gave me one hell of a wedgie.,119,27,14,160,638,1166
Suspenders AND a belt? Big fashion faux pas.,117,31,12,160,638,2624
They let me know if I am coming or going.,121,28,14,163,638,1840
"Yeah, there are one or two disadvantages.""",120,30,13,163,638,3385
How would you like to invest in a brand new start-up?,115,40,8,163,638,3471
Hi I'm George your ride for tonight.,147,34,17,198,638,5322
I needed something uplifting after the recent election season.,98,28,8,134,638,5028
"Yes, I pride myself in being an early adopter.",122,36,11,169,638,4491
They're a lot easier to walk than dogs.,100,27,10,137,638,196
It’s a little tight in the groin... why do you ask?,125,36,11,172,638,834
Have you been saved?,126,33,13,172,638,2136
Hi I'm your Uber driver,127,36,12,175,638,1150
I feel ten pounds lighter.,123,49,6,178,638,4770
It legitimizes the hovering parent label.,133,34,14,181,638,3353
Just swipe your Metro Card and we'll be in Brooklyn in no time,132,36,13,181,638,4627
"That’s right, Uber Lite. Cmon gimme your hand!",110,22,14,146,638,935
I'm the new white house communication director,110,22,14,146,638,5004
Anything is better than my last parole officer.,137,31,16,184,638,4864
Long run? It's cheaper than Uber.,109,29,11,149,638,2892
"Since the cutbacks at the radio station, this is the only way I can report on traffic.",112,28,12,152,638,404
Stop me if I drone on and on.,112,33,10,155,638,2196
It will be great once they fix the wedgie problem.,117,28,13,158,638,1190
They’re rescues,119,24,15,158,638,2487
Wait until I flip it into reverse.,118,31,12,161,638,2432
Would you like  me to drop you off?,119,29,13,161,638,2467
They keep me in a state of suspension.,119,29,13,161,638,5061
My wife makes sure I come straight home from work.,120,32,12,164,638,4031
This is gonna revolutionize the wedgie !,122,28,14,164,638,4212
"What's with the face? They put my pants on one leg at a time, just like anybody else.",121,35,11,167,638,4914
"You asked for an Uber driver, didn't you?"" Hop on!",123,41,9,173,638,3383
They're smart suspenders.,131,30,15,176,638,1780
"I have cut my commute in half, but pigeons and flying insects are a problem.",133,36,13,182,638,372
Best part is I can put my pants on both legs at a time.,102,30,9,141,638,3507
My wife got the Dachshunds.,106,32,9,147,638,3247
"Of course there will be accidents, but far FEWER accidents than with conventional suspenders.",110,29,11,150,638,5211
"Pretty fly, am I right?",111,32,10,153,638,331
It's not loitering. It's hovering.,112,30,11,153,638,728
You called for an Uber?,112,30,11,153,638,1737
They're great. Just don't accidentally attach it to your underwear.,121,17,18,156,638,5205
"Funny story, they were actually delivered by drone.",120,24,15,159,638,451
"Oh, they wait outside the bathroom.",116,32,11,159,638,553
I power up when I want to sing soprano.......,115,34,10,159,638,3707
"I get the odd wedgie with fresh batteries, but otherwise its game over for belts and suspenders.",113,43,6,162,638,848
It's hell when one goes left and the other goes right... but it keeps your pants up!,117,35,10,162,638,1811
"Well, you did ask for tech support.",120,34,11,165,638,2371
They’re taking me out for a walk.,117,40,8,165,638,3358
"Tip #1 remember to. charge them each night.
Tip #2 wear your good boxers ... just in case.",118,38,9,165,638,4401
"Trust me, I'll have you there in five minutes.",120,34,11,165,638,5160
You can't go viral dressed like that.,121,42,8,171,638,247
I put my pants on one drone at a time like everyone else.,128,28,15,171,638,1539
"Since the affair, I’m not allowed to leave home without them!",130,30,14,174,638,3549
I’d say just be careful not to fly them too high because the wedgies can be unforgiving.,126,37,11,174,638,3737
"Sure, they cost more than regular suspenders, but the lumbar support is incredible.",128,33,13,174,638,3860
And facial recognition software anticipates when I need to drop trou for a bathroom break.,102,27,10,139,638,321
You might want to rethink your wall.,107,17,15,139,638,3166
It was then that Mark knew it was time to move out of Silicon Valley.,108,25,12,145,638,1034
"Well, for one thing, they keep my pants up!",114,23,14,151,638,2415
And they come in red.,113,25,13,151,638,3779
"Okay, I’ll drop in tomorrow.",115,31,11,157,638,847
"It's a new taxi service called ""You-ber"".",117,32,11,160,638,630
Psssssst...You wanna get high?,120,31,12,163,638,1255
What do you think? Kickstarter or GoFundMe?,118,35,10,163,638,1616
"So,Marv,you are telling me that everyone at work thinks I'm flying by the seat of my pants.",119,38,9,166,638,4454
FAA regulations require I warn you about the wedgies.,123,35,11,169,638,3852
Amazon Prime now delivers curbside assistance.,126,29,14,169,638,5286
Amazon Call-A-Date has been delivered.,129,33,13,175,638,2672
Amazon wants their underwear back.,132,32,14,178,638,1896
"Yeah I know, but it's better than flying with American Airlines.",129,38,11,178,638,3095
"I'm just like anybody else, I put my pants on with one drone at a time",135,36,13,184,638,304
"No, they are just to hold my pants up.",106,21,13,140,638,251
Skynet turned out more like my mom than I would have thought...,105,33,8,146,638,2332
"They just take me right to the warehouse, so I don't have to waste my time waiting for my deliveries anymore.",107,29,10,146,638,4065
I used to be a belt and suspenders guy,112,34,9,155,638,692
"Of course it won't fly,but the cool breeze is awesome.",109,40,6,155,638,903
First time riding an Uber Upper?,112,34,9,155,638,4947
I’m also a vegan,120,23,15,158,638,663
"It's called fashion, Jim.""",117,29,12,158,638,1165
"I'm telling ya, it's worth it. No more knee pain.",114,35,9,158,638,1941
I asked Alexa to order a pair of suspenders.,120,23,15,158,638,2212
"And your shoes last longer, too.",115,33,10,158,638,2281
It's Elon Musk's new clothing line only sold in the break room at Tesla HQ.,115,33,10,158,638,2302
I ordered a velociraptor belt and they sent a quadrocopter suspender system instead. You get used to it.,117,29,12,158,638,2724
It's called Uber Wedgie.,119,25,14,158,638,2789
"Yes, battery outages can indeed be a bit revealing...",119,30,12,161,638,3148
I dialed up Uber and these guys just showed up.,122,24,15,161,638,4747
You're old school. I love it!,125,33,12,170,638,3266
I'm available with same-day delivery.,124,35,11,170,638,4303
"Ya, they do go in different directions. Watch this",130,28,15,173,638,2570
"Up is good. Down, not so much.",125,38,10,173,638,4140
They're suspending my right to privacy.,133,32,14,179,638,3834
The only downside? Urinals.,134,35,13,182,638,3113
"I might not be what you were expecting, but, yes, I am the angel of death.",138,37,13,188,638,1675
I find suspenders so pretentious.,144,30,17,191,638,2925
It works if you can suspend disbelief.,119,32,11,162,638,591
"No, they can't lift me off the ground. They're just holding my pants up.",108,24,12,144,638,645
It's the only way I can get up.,125,30,13,168,638,652
Suspendered animation,124,33,11,168,638,791
"It's a little awkward in elevators...""",127,31,13,171,638,826
I see you’re still wearing suspenders.,124,27,14,165,638,1367
"Well yes, the men’s room is a problem.",115,25,13,153,638,1514
My drones still put on my pants one leg at a time.,113,34,9,156,638,2080
Suspenders AND air conditioning,111,33,9,153,638,2170
"It takes a while to get used to the wedgy, but it sure beats a vasectomy!",128,19,18,165,638,2537
"Hey, you want to see some pictures of your wife sunbathing?",115,30,11,156,638,2631
The only drawback is when people are standing next to me at  the urinal.,127,41,9,177,638,2975
"It’s tricky, but I try to turn them off just as I open the door to the stall.",124,34,10,168,638,3044
Your no fly zone is down.,114,27,12,153,638,4318
They also make you ten pounds lighter!,124,42,8,174,638,4501
"How cool is this, Nick? Now I can record reality and watch it when I've got time.",109,27,11,147,638,4523
"You could wait for an uber, but I'm trying Amazon Prime's new service.",134,27,16,177,638,4826
Amazon customer service...joe can I help you?,116,33,10,159,638,4988
"Not only do I feel lighter on my feet, but it keeps the flies away too.",128,32,11,171,638,5058
"I’d love to chat, but I’ve gotta take off.",144,44,11,199,638,1763
You're still walking to get around? How quaint.,131,40,10,181,638,1224
"The ones my wife uses lift AND
 separate!",138,26,17,181,638,1560
I always thought the no drones after Labor Day rule was a little silly.,133,31,14,178,638,1971
Google Belt.,134,31,13,178,638,4945
We're disrupting the suspender sector.,129,34,12,175,638,190
You should see my bathing suit.,129,34,12,175,638,1286
You're telling me they just stay up without drones?,125,37,10,172,638,3132
It’s like the ‘Uber’ of suspenders.,125,32,12,169,638,2219
"They work great, but I don’t recommend the underwear model.",124,34,11,169,638,3441
"Why do I wear drone suspenders?
To keep my pants up.",122,33,11,166,638,2745
My therapist said I had too much on my shoulders.,121,30,12,163,638,1574
Third floor?,114,39,7,160,638,4509
"It's less dumb that Google Glass, that's for sure.",118,26,13,157,638,755
I only wear FAA-approved suspenders.,117,28,12,157,638,1352
Revolving doors have been an issue.,120,22,15,157,638,1471
You just refuse to acknowledge how technology can simplify your life.,114,34,9,157,638,2135
"Major weggies, but it sure beats the subway.",114,34,9,157,638,3033
"nah, they just keep my pants up.",114,29,11,154,638,829
"Yeah, I know, but they were really irritating my shoulders.",115,27,12,154,638,1211
"And then I thought, 'It's about time someone tried to disrupt the suspender industry.'",113,31,10,154,638,4884
Amazon Prime is amazing! They even put on the pants for you!,112,28,11,151,638,5165
"Landings are fine, but during take offs I keep getting a wedgie",110,29,9,148,638,339
My voice is slightly higher than normal due to the fresh batteries,108,26,11,145,638,2577
"It beats waiting at signals, but I'm still working on getting through  tunnels.",97,23,10,130,638,4040
Do YOU think I drone on and on?,137,30,15,182,638,3425
Why drive when you can fly by the seat of your pants?! Literally.,136,29,14,179,638,2078
They keep me in suspense.,136,27,16,179,638,2969
"Yes, I do always have a wedgie",130,29,14,173,638,1322
They came with the glasses.,126,32,12,170,638,421
...and I feel twenty pounds lighter.,122,40,8,170,638,1650
They came with the pants.,124,36,10,170,638,2264
"It's not cool yet, but when it is, I'll stop doing it",125,29,13,167,638,488
My bully outsourced his wedgies.,120,34,10,164,638,468
"Silly, but it sure beats calling lyft.",124,26,14,164,638,2746
Just wait 'til you see how I use the toilet.,124,21,16,161,638,495
"Do you believe in Jeff Bezos, our Lord and Savior?",124,21,16,161,638,2828
"Hey, I do it just like you - one leg at a time.",120,29,12,161,638,5256
I’m from Amazon.,118,29,11,158,638,0
"Hi, Daryl? I'm your Uber Driver.",115,29,11,155,638,1823
My voice might be higher but the pants sure stay put.,112,35,8,155,638,2119
"Hey buddy, can you spare a lithium battery?",117,25,13,155,638,2521
"They call it suspender animation.""",116,27,12,155,638,5134
This is what they meant when they said they were suspending the drone program!,113,28,11,152,638,2117
You won't believe what happens when I have to use the toilet.,114,26,12,152,638,3583
What did you think I meant by 'Let's get totally high off our asses on the nearest street corner'?,104,26,10,140,638,2322
So I was shopping for a belt when I spotted this electronics store...,141,39,12,192,638,853
Do these drones make me look fat?,138,30,15,183,638,4043
They were court ordered after I mooned my old frat house.,131,24,16,171,638,428
"...""and then she accused me of droning on, and on...""",128,30,13,171,638,3663
Silicon Valet,127,32,12,171,638,3769
"""The ladies definitely notice.""",125,31,12,168,638,1362
It's a huge weight off my shoulders.,124,33,11,168,638,1746
"It takes a little longer to go through TSA screening, but it's worth it.",120,36,9,165,638,41
I heard there is a delivery position open at Amazon.,118,40,7,165,638,1902
And  it’s way faster than the Long Island Expressway......,123,30,12,165,638,3292
They hold up my pants and my flagging sense of self-importance.,121,34,10,165,638,3371
"I mean, your suspenders have that classic look....so, that’s cool.",116,39,7,162,638,613
"I swear, success hasn't changed me. I put my pants on one leg at a time, just like you.",120,31,11,162,638,1075
I was a Walmart greeter til Amazon snatched me up.,119,33,10,162,638,1515
Amazon does same-day friend delivery now.,119,33,10,162,638,1641
Keeps me in suspense!,123,25,14,162,638,4208
Did you order an Amazon escort?,119,28,12,159,638,4831
This way I can keep my pants up AND spy on my neighbors.,115,31,10,156,638,1802
"When they’re not holding up my pants, they’re hunting down terrorists.",114,28,11,153,638,2962
"Well Gary, a wedgie is a small price to pay for living in the 21st century.",110,26,11,147,638,1623
"It’s a little tight in certain spots, but I’ll never be caught with my pants down.",135,38,11,184,638,5166
"It's called Dryft. You'll want to avoid it's competitor, Dröpt.",139,25,17,181,638,1691
Hi! I'm your Uber driver. Hang onto my hand.,130,38,10,178,638,973
I don't mind the wedgie because it shaved at least 35 minutes off my commute.,125,43,7,175,638,4047
"I am going to nail that 
falsetto at any cost!",131,31,13,175,638,5263
"Hey, Buddy can you spare 20 double A batteries?",129,30,13,172,638,1045
Actually keeping my pants up is secondary to the constant breeze.,127,34,11,172,638,1465
Suspend Disbelief.,128,32,12,172,638,2976
I rolled up my sleeves to go with a more casual look.,132,24,16,172,638,5229
my tesla is in the shop,124,35,10,169,638,529
Sir! Would you like a demonstration of the Apple iWedge?,126,31,12,169,638,1171
"And best of all, I don't have to deal with traffic anymore",122,39,8,169,638,1657
I call them suspendromes.,121,36,9,166,638,226
"One by one the humans all became puppets of Amazon, some figuratively others literally.",121,36,9,166,638,5104
"If they're holding up your pants, the FAA doesn't mind.",118,39,6,163,638,4227
It's rude to stare at them directly.,122,29,12,163,638,4571
"Finally, I can slam-dunk.",114,35,8,157,638,920
". . . but, oy, the wedgies.",119,25,13,157,638,941
"Google 'suspension britches' and enter coupon code, 'alto.'",119,20,15,154,638,2033
"It's true my pants won't stay up for a couple days after a software upgrade, but that's a small price to pay for the convenience.",113,27,11,151,638,3035
"Works for bra straps, too. I ordered my wife a set for Christmas.",110,33,8,151,638,4282
"The nice thing is, when you step on the scale, your 35 pounds lighter""",110,28,10,148,638,2427
"Unlike yours, mine hold my pants up, drop them down and email selfies.",113,22,13,148,638,3003
Could you speak a little louder”,109,30,9,148,638,4330
"It's like Uber, for pants.",109,25,11,145,638,2257
All you need is a note from your Chiropractor.,108,27,10,145,638,2514
I am NOT 'a kid'—I'm a full-drone man.,133,34,12,179,638,1423
Do you think the belt is too much?,135,25,16,176,638,369
We make them for socks and brassieres too.,106,21,12,139,638,20
I'm guaranteed next day delivery on Amazon Prime.,103,27,9,139,638,790
Analog suspenders are so 2017.,126,38,9,173,638,4727
I put my pants on like anyone else... one drone at a time!,130,25,15,170,638,1134
"These are my new drone suspenders. Pants stay up, shoulders don't hurt and I can sing tenor now!",123,39,8,170,638,1164
Behold: suspension of disbelief.,125,35,10,170,638,2129
You just have to suspend your disbelief.,128,29,13,170,638,2266
Luddite.,125,30,12,167,638,1806
"Hi, Tim! We at Amazon are taking personal customer service to a new level!",123,34,10,167,638,3239
You haven’t really had a wedgie until you’ve tried this.,122,31,11,164,638,523
"No belts, no suspenders, and I can leap tall buildings in a single bound.",125,25,14,164,638,3910
"Jones McDrones, platformless window washer, at your service.",120,37,7,164,638,4461
Well you told me to buzz off.,122,26,13,161,638,2271
"I have to tell you, buddy, I like your retro-chic.",118,34,9,161,638,2833
And when the battery light goes red I just aim for the Hudson...,118,34,9,161,638,3829
"No, the only problem is when I have to use the toilet.",145,27,17,189,638,2354
"Yeah, I ‘ve convinced many that I can actually fly, but you know mostly they just keep my pants up.",112,36,7,155,638,1638
...And they come free with my Amazon Prime.,140,27,16,183,638,1450
Belt and ascenders!,114,27,11,152,638,12
"What can I say, they delivered my Amazon order and I just fell in love with them.",113,29,10,152,638,4653
The guy at the store said they'll make me look taller.,133,36,11,180,638,586
I can't stress this enough...no thongs.,133,36,11,180,638,2656
I’m a Prime example of a helicopter parent.,111,29,9,149,638,4299
Watch me cross when the DONT WALK light comes in”,132,28,14,174,638,3071
Can you speak up? My suspenders are really loud.,125,32,11,168,638,816
"I'll admit, it gets a little awkward when the batteries run out.",124,34,10,168,638,2140
Can *your* suspenders take a continuous aerial selfie? I thought not.,125,32,11,168,638,3099
I'm from the Amazon help desk.,123,36,9,168,638,5327
"They give me a wedgie, but it's cheaper than Uber.",121,35,9,165,638,93
I could just drone on and on about how great these are!,122,33,10,165,638,1771
Did you call for the Lyft?,124,29,12,165,638,2189
It's the latest in smart suspenders.,124,29,12,165,638,4928
All Bob kept thinking while Bill spoke was “Geez he drones on and on.”,120,32,10,162,638,2952
"Suspenders work, but they really look stupid.",125,22,15,162,638,4836
Go ahead! Wait for the cross-town bus if you want to!,119,29,11,159,638,714
"Suspenders by Amazon, they really deliver!",119,29,11,159,638,870
So what's got YOUR panties in a bunch?,117,28,11,156,638,2367
We don't see Uber and Lyft as direct competitors.,119,24,13,156,638,3190
"Hi, I'm a sex offender, but it's under control.",141,22,18,181,638,3053
"I need FAA clearance to get within five miles of the airport, but otherwise they work great!",112,33,8,153,638,1687
"No more posting. It's just one, long livestream.",114,29,10,153,638,1970
Nice suspenders Grandpa!,113,31,9,153,638,2443
"It's like Uber, but for imbeciles.",113,26,11,150,638,8
"They can't take me off the ground, but the humming lifts my spirits.",111,30,9,150,638,722
'... and they double up as hairdryers!',107,38,5,150,638,1428
Plus they make climbing back up to my apartment a breeze.,127,40,8,175,638,4335
"Hi, I'm your Uber... better hold on tight!",117,18,15,150,638,4455
Welcome to Uber 2.0.  Hold on tight.,132,30,13,175,638,4742
Never get caught with your pants down!,115,22,13,150,638,5207
Quick! Call tech support! Too... much... lift...,126,37,9,172,638,3149
It's the new Lyft. Literally.,128,33,11,172,638,3648
With a little bit of luck I will rise above the fray.,125,39,8,172,638,3680
It's free shipping on orders over 140 pounds.,110,27,10,147,638,583
"The thing is, Jer, I don't put my pants on one leg at a time.",108,31,8,147,638,1849
"Drone up, dude. Those ""suspenders"" are so 2017.",148,30,16,194,638,4323
It's way cooler than a belt.,126,32,11,169,638,753
Because saggy pants would be distracting.,124,36,9,169,638,802
"Only problem is they only use ""Apple"" chargers.",124,36,9,169,638,2623
Since I got these I'm six inches taller and I've stopped doing stuff I might need to deny someday.,125,34,10,169,638,4010
Wanna get high?,106,30,8,144,638,1009
Then who has the remote?,105,32,7,144,638,1218
"The best part is, I avoid the security lines and TSA.",112,18,14,144,638,3108
Sorry -- that look tells me I've been droning on and on...,122,35,9,166,638,3286
"... but when I gotta go, they gotta go.",125,29,12,166,638,4745
"Farewell, erectile dysfunction.",121,37,8,166,638,4845
"Starting next spring, Amazon will start to transport people as part of the Prime membership.",108,21,12,141,638,1739
This is just so much easier than calling an Uber.,104,29,8,141,638,4342
Suspendairs are the new iPhone,123,28,12,163,638,461
What do you mean you 'walked'?,121,32,10,163,638,1101
I got tired of waiting for the flying car to be invented.,139,33,13,185,638,1028
"These are the top of the line suspenders....I just can't wear them near an airport.""",104,24,10,138,638,1685
"They are a great alternative to suspenders, one caveat, can't get within a 3 mile radius of airports""",124,23,13,160,638,4950
Guess who has two drones and no dates.,118,33,9,160,638,5026
They were a Father's Day gift.,134,38,10,182,638,203
"Well no, it’s not entirely practical.",101,25,9,135,638,5412
"To tell the truth, they're my wife's idea. Something about keeping an eye on things.",114,36,7,157,638,1098
I'm a god on Instagram.,115,29,10,154,638,2272
It's the next Uber.,128,35,10,173,638,252
Can I borrow your charger?,128,35,10,173,638,325
The salesman kept hovering and then said OK buy one and get one free!,128,35,10,173,638,2132
They come in especially handy when I'm on the scales at Weight Watchers.,131,29,13,173,638,2213
Yeah but they don’t help when your fly’s undone.,129,33,11,173,638,2215
I’m your new Amazon delivery man.,129,33,11,173,638,3628
"Yes, it’s no frills, but it’s the cheapest way to fly.",131,29,13,173,638,4860
I find it very up lifting.,110,34,7,151,638,513
To hold my pants up.,110,34,7,151,638,1679
"No, I don’t pull my pants up like everyone else.",116,22,13,151,638,2834
"You ordered something tall, dark and handsome?  Amazon provides.",115,24,12,151,638,4578
"Yes, but it’s not easy going to a rest room.",125,36,9,170,638,291
I’m taking selfies to the next level.,129,28,13,170,638,4320
"My wife got tired of my cheating, so she designed this. This way she knows my pants are staying on, and all she has to do is hit the ""return to base"" button, and she's got me running home.",127,32,11,170,638,4590
Nice to meet you. I'm your Amazon Prime customer service agent.,109,31,8,148,638,214
"Now my pants stay up, and I always know where my drones are.",111,27,10,148,638,1556
And I don’t even have to pay for haircuts anymore either,108,33,7,148,638,3734
I felt that plain suspenders no longer projected enough quirkiness.,108,33,7,148,638,4871
You should see my tie rack.,125,31,11,167,638,1681
"Yeah, they literally take off ten pounds, but tend to ride up a little.",126,29,12,167,638,3945
Love the retro look!,109,26,10,145,638,3377
It’s a way to become Superman without actually becoming a bird or plane,105,34,6,145,638,4411
"I'm the writer, director, star, and cinematographer.",139,35,12,186,638,3041
"Yeah, but suspenders look so dorky.",134,40,9,183,638,5168
What do you think of my new shoes?,123,25,13,161,638,3683
"The suspense is killing you, right?",122,27,12,161,638,5254
"Once Elon was fired from Tesla, he was able to focus his attention on the belt and suspender business.",122,28,11,161,638,5270
First time with Uber?,134,35,11,180,638,3828
And the only time my pants fall is when the battery dies!,136,31,13,180,638,5241
The court ordered it after the unfortunate incident at the preschool,109,16,14,139,638,2198
They’re emotional support for my trousers,118,30,10,158,638,57
You should try it. It's really uplifting.,117,32,9,158,638,1440
I got tired of waiting for my jetpack.,117,32,9,158,638,1449
It's Amazon Prime's new delivery service - takes you right to your door!,118,30,10,158,638,4632
I'm sorry for droning on.,115,31,9,155,638,2698
"I can't get the tech to work, but it does keep the mosquitoes away.",116,29,10,155,638,3065
I'm your Lyft.,119,23,13,155,638,5193
I got tired of waiting for the walk signal,130,33,11,174,638,2587
"My every move is being documented and automatically posted on social media, saving me tons of time to do more stuff to put on social media.",130,28,13,171,638,659
Works great now but I flashed my in-laws during Beta testing.,128,32,11,171,638,1110
"Well, looks like I gotta fly.",114,28,10,152,638,1722
They do chaufe on takeoff.,126,37,8,171,638,2544
"Personally,I find the latest advances in drone technology uplifting.",110,36,6,152,638,3981
"I put my pants on one leg at a time, just like everyone else. Why do you ask?",140,35,12,187,638,515
You should see my invention for E.D.,129,25,14,168,638,47
They also keep my pants up.,122,39,7,168,638,106
"If it malfunctions, I get a killer wedgie.",112,27,10,149,638,198
"After a few days, you barely notice you're wearing them.",136,38,10,184,638,70
Need anything from Amazon while I'm there?,139,32,13,184,638,480
"The best part is, for every pair you buy, a needy child gets a free abacus.",140,30,14,184,638,5269
What does it look like I'm doing? I'm preparing for takeoff!,138,34,12,184,638,5332
This isn't another one of my fly-by-night schemes.,123,32,10,165,638,1607
My eyes are down here!,121,36,8,165,638,2552
I'm much less likely to be pulled over for driving while black.,125,28,12,165,638,3272
The algorithm must have sent me to the wrong address.,119,40,6,165,638,4516
The only problem is they are voice activated and mine changes when I take off.,138,29,14,181,638,437
"I'll show you, just say ""release the drones"".",121,31,10,162,638,64
Heading uptown?,118,38,6,162,638,1966
Sorry if I'm droning on...,123,27,12,162,638,3302
"My new Dronespenders replace my belt, selfie stick, and GoPro. If I reel them in, they also replace my barber!",124,25,13,162,638,4967
A parachute’s included in case it works too well.,121,31,10,162,638,5221
"Sorry, I don't do windows.",108,25,10,143,638,2621
The job description just said flexible with ability to keep several balls in the air.,104,33,6,143,638,3005
The only downside is trouser turbulence.,133,34,11,178,638,1531
"They put the ""suspend"" in suspenders.",136,28,14,178,638,4479
"They've eliminated thousands of parole officer jobs, so I'm under video surveillance.",124,20,15,159,638,458
This new version is 99.99% wedgie-free.,115,38,6,159,638,2023
You're just upset because you didn't think of it first.,119,30,10,159,638,2511
The name's Wright. Orville Wright.,117,34,8,159,638,4371
It's by court order...,122,24,13,159,638,5314
Maybe you're right. The suspenders would have been cheaper.,128,39,8,175,638,4957
"Hey buddy, can you spare a battery?",117,29,10,156,638,94
"The good news, it cuts my commute time in half. The bad news, my hair is always a mess.",112,39,5,156,638,497
Helicopter parenting is so 2017.,117,29,10,156,638,797
"As you can see, I don't need a Lyft.",114,35,7,156,638,2386
Do you put your pants on one drone at a time?,116,31,9,156,638,2579
"Hello, my name is Elon. It's nice to meet you.",119,25,12,156,638,3080
Stop me if I'm droning on.,122,19,15,156,638,3866
You might want to get one for your fly.,123,17,16,156,638,4905
And you said it would never take off,131,28,13,172,638,1441
My cape's at the cleaners,126,38,8,172,638,3175
I always felt so self -conscious wearing suspenders....,132,26,14,172,638,4106
"50 cents for the first 1/5 mile, 25 cents each 1/5 mile thereafter.",114,30,9,153,638,4585
The only downside is undoing the fly.,117,24,12,153,638,5330
I'm on neighborhood watch recon tonight...  Wish me luck...,125,35,9,169,638,1392
I'm recording my entire life from all angles.,124,37,8,169,638,3381
"Well, they are less pretentious than suspenders.",139,34,12,185,638,3185
"Hi, I’m Harold. Amazon sent me in response to you ad in Personals.",115,23,12,150,638,3546
"You're right, it is still just belt and suspenders",124,32,10,166,638,776
"You know, at first I didn't like it when they started to follow me home, but now I really feel we built a connection.",123,34,9,166,638,5002
"Trust me, they work! They're called ""suspenders of disbelief.""",124,32,10,166,638,5376
"NOTE:  (I submitted last week but I just now thought of an addendum that would make it even funnier!)  So, for the construction guys sitting on the beam, eating lunch with the grim reaper:""That's a bit overkill.  Most guys just bring a plastic fork.""",112,24,11,147,638,1338
Alexa heard you needed a friend.,109,30,8,147,638,2508
"Of course, restrooms are challenging.",122,31,10,163,638,822
Sorry. It's only available to Amazon Prime members.,122,31,10,163,638,3264
Did you order a taxi?,119,37,7,163,638,3387
They’re called Google Suspenders,121,33,9,163,638,3470
It’s like a bow tie. Only some guys can pull these off.,122,31,10,163,638,4669
Uber Air at your service,132,38,9,179,638,789
They not only keep my pants up but I can make it across town in 5 minutes.,134,34,11,179,638,1931
I got them from the men's up-parel department.,120,30,10,160,638,504
I got tired of putting my pants on one leg at a time like everyone else.,109,25,10,144,638,1543
"Once you adjust the upward thrust, suspendrones are great.",131,35,10,176,638,2628
"Hi, I'm  Jake, your new Amazon  InstaFriend!",133,31,12,176,638,5050
How do yours work?,119,32,9,160,638,5301
Skipping the elevators is worth the wedgie,145,30,14,189,638,1351
"I remember when I was like you, putting on my own suspenders like an animal.",130,32,11,173,638,1619
"We all put our trousers on one leg at a time, it is how we keep them up that varies.",128,36,9,173,638,3540
Patent pending.,132,28,13,173,638,4136
I'm just out walking my drones.,129,31,10,170,638,654
"I've combined Human surveillance  with the drones, plus the added feature in that it keeps my pants up.""",126,35,9,170,638,1536
It's for my new job at Amazon,127,33,10,170,638,3527
The crotch sensors guarantee just the right amount of support.,128,31,11,170,638,4387
Except for the occasional wedgie during a power surge it works,120,20,14,154,638,178
I got tired of waiting for flying cars.,114,32,8,154,638,1525
It documents my actions and also holds my pants up!,117,26,11,154,638,3404
Sharper Image had them on sale.,106,21,11,138,638,1360
Amazon is the new Uber.,137,35,11,183,638,337
"I bet you still dress yourself as well, don't you?",137,35,11,183,638,3399
It's my new ride share concept.  The drones show up when you tap the app and you hook yourself in.  I call it Over-Uber.,125,32,10,167,638,987
"Yeah, Lyft...what, you were expecting Uber?",129,24,14,167,638,1500
About 12 minutes on a full charge!,111,33,7,151,638,4243
The outfit?  It's by Da Vinci.,137,30,13,180,638,4115
If I lose just 5 more pounds I can go airborne,135,35,10,180,638,4245
I'll get additional lift if you pull my finger!,127,23,14,164,638,1682
I am answered an ad for an Amazon delivery position.,118,41,5,164,638,1889
For a small fee they can also deliver me to any address.,133,33,11,177,638,4652
"All good, really ......you just gotta be home before the batteries die....",121,30,10,161,638,1857
"Nice, I love the vintage look!",118,36,7,161,638,5010
"They don't merely deliver your underwear; they put them on for you, too!",131,32,11,174,638,1595
"This way, nobody sits next to me on the subway",108,29,8,145,638,4837
"You have to attach them to your pants, I spent 3 hours up in the air in my underwear to figure that out.",142,32,13,187,638,3332
"Love the low-tech suspenders, Hank. Very quaint.",136,44,7,187,638,4407
"Hi, I'm with Customer Service. How may I help you today?",119,29,10,158,638,526
Two for one on Amazon.,117,33,8,158,638,3016
Forgive me for droning on.,122,23,13,158,638,3778
So I finally figured out how to get rid of plumber's crack,128,33,10,171,638,4118
High tech suspenders - and The occasional haircut!,140,31,13,184,638,2373
I prefer high fashion.,114,34,7,155,638,992
What? Is the belt overkill?,116,30,9,155,638,2463
Wearing your grandpa's suspenders. Embarrassing.,113,36,6,155,638,2993
"Depending on the election, they're getting me over the wall to Canada.",130,24,14,168,638,713
These steer me so that I can walk and text all the time now.,126,27,12,165,638,524
"They were spying on my private life, so I decided to put them to good use.",123,33,9,165,638,1850
"Actually, I put my pants on one leg at a time like everybody else.",127,25,13,165,638,3862
"Sure, there are safer ways to get a vasectomy.  But none as exhilarating.",125,29,11,165,638,4096
My pants aren't the only thing they help stay up.,132,38,8,178,638,5372
These two take care of the belt. One more and I can be sure about the zipper.,147,29,15,191,638,4000
Suspen-drones.”  I’m currently working on the “Brassier-drone”.  It lifts and separates.,114,24,11,149,638,2910
Yes I have lost weight; thanks for noticing!,120,34,8,162,638,111
Welcome to Amazon.,125,24,13,162,638,2072
You get used to it.,120,34,8,162,638,2193
"And at 2 am,they take me home.",121,32,9,162,638,3319
They lift and separate. Cross my heart.,131,34,10,175,638,2661
I hate strap marks.,141,36,11,188,638,4661
Uber at your service. I’ll be taking you over the traffic.,148,44,9,201,638,2954
And I can only assume your underwear doesn't have WiFi.,110,27,9,146,638,1194
After I got the order from Amazon I thought I'd keep them.,111,25,10,146,638,3027
Yeah?  Do you think that stopped Wilbur and Orville?,120,29,10,159,638,1664
I've been looking all over for a pair of retro suspenders like those!,125,19,15,159,638,4348
"And besides, who even has bootstraps these days?",119,31,9,159,638,5203
"Sure it can be a little snug, but at least I don't look like an idiot.",132,27,13,172,638,496
"It's a great job, pal; Amazon Test Pilot!",131,29,12,172,638,881
"First Uber, then Lyft, now this.",129,33,10,172,638,2026
It’s Lyft 2.0,131,29,12,172,638,5062
It’s uplifting!,150,35,13,198,638,3225
My wife holds the controllers.,118,28,10,156,638,771
"Hey, are those suspenders of disbelief?",131,24,14,169,638,944
Lyft has found a better way to compete with Uber.,151,28,16,195,638,3110
"Yup, great except for the wedgies.",130,26,13,169,638,3935
"Bill,I think there's an easier way to treat a double hernia.",141,26,15,182,638,4235
"They hold up my pants, count my steps, and taze me if I'm about to offend anyone.",119,26,11,156,638,4802
"It's called Amazon Trousers.""",135,33,11,179,638,131
A belt and suspenders just didn't feel safe enough.,123,35,8,166,638,1121
"I'm starting with suspenders, but my goal is utilizing the technology for a cutting edge bra.",123,35,8,166,638,4593
This thing just lifts me out of any objectionable conversations to a safe space,125,31,10,166,638,5403
Hi! I'm your Amazon Prime sales rep.,119,21,13,153,638,2984
My You Tube channel is exploding but taking a leak is getting problematic.,110,17,13,140,638,4121
"Weird, yeah, but my pants stay up.",131,36,9,176,638,3400
"Yeah, I guess suspenders would work too.",124,28,11,163,638,4463
These new low-rise jeans require more than just a belt and suspenders.,112,30,8,150,638,2113
"And if I get lucky, I just throw ‘em in reverse.",144,27,15,186,638,4644
It's the new entry level Tesla.,130,33,10,173,638,299
All yours can do is hold your pants up?,132,29,12,173,638,5128
That is soooo last season.,120,31,9,160,638,180
"But they send me an alert on my phone if my pants fall down, what's more convenient than that?",124,23,13,160,638,1161
"I was skeptical, too, but this is where suspender technology is going...",120,31,9,160,638,2861
Let me have your phone so I can fly this thing.,109,31,7,147,638,4693
But enough of me droning on and on...,127,34,9,170,638,686
It’s completely relieved my neck pain. Now if only I could get rid of this new buzzing sensation in my ears...,117,32,8,157,638,1259
"Sorry, I didn't mean to drone on.",121,24,12,157,638,1559
"Seriously, it’s faster than the F Train.",119,28,10,157,638,2955
"Remember the guy with the lawn chair and the helium balloons, well ....",116,34,7,157,638,4612
Getting ready for the L train shut down.,119,28,10,157,638,4703
I'm your NeoLyft pilot; give me your hand and I'll fly you to your destination.,134,37,9,180,638,1155
I prefer bi-dronal.,128,27,12,167,638,3930
There's also a mode for flying me out of akward situations!,134,32,11,177,638,678
The only downside is the occasional wedgie,134,32,11,177,638,824
It's like walking on air.,130,40,7,177,638,2203
Wait ‘til you see how I tie my shoes.,132,36,9,177,638,3762
"Excuse me, are you willing to take a brief survey?",133,34,10,177,638,5276
"I just said, ""Alexa, drone on"" and here I am.",107,25,9,141,638,4294
They also double as ceiling fans.,123,32,9,164,638,624
"Congratulations on achieving Amazon's Prime Platinum level, Mr. McShane!",125,28,11,164,638,2980
I gave up suspenders - they caused people to stare at me.,126,27,11,164,638,3249
It's $2 a mile. Just grab my hand.,124,30,10,164,638,3397
She said she'd take me back when pigs fly!,128,22,14,164,638,3620
I can leap tall buildings in a single bound!,126,21,14,161,638,932
"As a matter of fact, I AM wearing a cup.  Why do you ask?",121,31,9,161,638,1131
But can your suspenders also do surveillance?,137,38,9,184,638,1271
They save on belts but do eat up batteries.,122,29,10,161,638,5283
"Forget it looks silly, nobody will ever try to mug you if they know somebody is watching,""",129,32,10,171,638,3741
"I rode here with Amazon's new rideshare technology. Alexa, release!",114,23,11,148,638,631
I feel 20 pounds lighter and I didn’t have to change my diet.,120,28,10,158,638,1415
"If the other guy is standing his ground, it's flight and not fight for me.",122,24,12,158,638,1511
"Yeah, but the fit is sublime.",120,28,10,158,638,3697
My wife said I couldn't keep my pants on.,127,31,10,168,638,1797
You'll never guess where I keep the controllers.,127,31,10,168,638,2516
Musk and Bezos are both doing it.,109,28,8,145,638,1719
You obviously have no idea belt production has on our carbon footprint.,114,21,10,145,638,2518
"They don't keep my pants up, but they do keep people away.",115,33,7,155,638,2277
"It's a better view than the Holland Tunnel, and I got here in 15 minutes.",114,35,6,155,638,2520
"I can't fly, but they keep my pants up",118,27,10,155,638,4352
Yes — it's the new iSuspenders,117,29,9,155,638,4599
The wedgie factor has drastically reduced with the latest firmware update,127,26,12,165,638,1862
They have Wedgie Stablization Technology.,124,32,9,165,638,2777
"Oh, no, I sold my car ages ago.
Where can I drop you off?",122,36,7,165,638,4471
It’s still cheaper than a metrocard,133,31,11,175,638,19
Yeah..... helicopter parents are so twentieth century!,135,27,13,175,638,1178
I was tired of relying on bystanders to shoot the videos of police harassing me.,142,30,13,185,638,3170
"And then, last week, in church, the batteries died.",115,28,9,152,638,4176
I admire your bold retro style.,112,34,6,152,638,4184
"At first Joe was interested in hearing about Jim's new high-tech suspenders, but then Jim kept droning on.",126,23,13,162,638,833
Now I can take airborne pictures of me taking drone selfies.,125,25,12,162,638,955
Why do you ask?,122,31,9,162,638,1313
Let's just say they keep everything up.,120,35,7,162,638,1847
Just don't let your kids get a hold of the controls.,118,39,5,162,638,2144
"Mostly, I activate them when the dating service meetup is not going well.",125,26,11,162,638,2735
They pay for themselves with the free haircuts.,122,31,9,162,638,5338
Fidget spinners have come a long way.,126,40,6,172,638,4716
"Sorry, I don't mean to drone on and on.",130,32,10,172,638,4926
"And before you know it, I'm looking in the windows of a 737.",113,27,9,149,638,2461
"But wait, there’s more!",111,31,7,149,638,3070
And my wife said I wouldn’t find a use.,113,28,8,149,638,3643
I can tell the suspense is killing you.,122,26,11,159,638,3046
I can drop you anywhere in town.,123,24,12,159,638,3391
"What I save on cabs, I spend on underwear.",121,28,10,159,638,5359
"They hold my pants up, up, and away.",131,25,13,169,638,602
Keeps me cool AND holds my pants up.,128,31,10,169,638,1082
It’s their latest service - Uber Wedgie.,128,31,10,169,638,1207
Yes they ARE holding up my pants,134,36,9,179,638,719
"But enough of my droning, what's new with you?",129,24,13,166,638,2340
By 2020 amazon hope to have eradicated plumber's crack.,124,34,8,166,638,2753
I'll be able to see Russia...,130,22,14,166,638,2754
It’s still in beta.,125,32,9,166,638,3123
I’m Geoff. What was it you ordered again?,124,34,8,166,638,3591
How do you like my quads?,136,27,13,176,638,1203
"Hey man, suspenders went out with flip phones.",137,25,14,176,638,3669
So that's how I put them on both legs at a time!,134,31,11,176,638,4269
"You criticizing me, Belt-and-Suspenders Man?",140,36,10,186,638,727
It turns out this is cheaper than Uber.,108,27,8,143,638,4558
It’s Lift and Separate...for MEN!,116,28,9,153,638,1138
Did you forget it’s casual Fly-day?,116,28,9,153,638,4619
"The downside is that if my pants do fall down, its all filmed in HD.",120,37,6,163,638,396
"Seriously, I don't know what I did before Amazon...",124,29,10,163,638,3347
"Yours are nice, but mine are fly.",130,34,9,173,638,4280
...and it’s driverless.,146,36,11,193,638,594
"The wedgies aren't ideal, but the NSA pays me a comfortable amount.",112,31,7,150,638,222
Do you want a lift?,124,24,12,160,638,558
Not only do  they keep my pants up but they keep me cool,131,27,12,170,638,1467
They're also great for sox and zippers.,128,33,9,170,638,1917
I'm getting beamed up as soon as my kid figures out which button to push on the remote,107,24,9,140,638,3517
"To keep my pants up, of course.",137,29,11,177,638,2768
They keep my neighbor’s drone from catching me with my pants down.,135,31,11,177,638,4334
"Dude, suspenders are so yesterday.",133,35,9,177,638,4423
I'm a vertical guy in a horizontal city.,123,38,6,167,638,535
"Take my hand, I’ll show you the world.",128,28,11,167,638,1512
"The drones aren't that impressive, it's how I'm controlling them.",124,36,7,167,638,4333
"Yeah, it's a problem in the bathroom.",127,30,10,167,638,4917
"...And, when I step on the scales, I weigh nothing!",120,27,10,157,638,3771
And I've a smaller one that opens zippers.,145,23,16,184,638,55
"Real men don't wear suspenders, Dude.",142,29,13,184,638,2856
"They're called Dronegarees, it's the latest fad.",125,29,10,164,638,2199
I progressed from a fidget spinner,125,29,10,164,638,3102
"Now I can look at my phone while crossing the street, only THIS time I’ll be able to see the car that hits me.",118,26,10,154,638,2957
"I got the suspenders from Amazon WITH the extended support plan..,",119,24,11,154,638,3989
Just because I have the money to do it.,110,25,9,144,638,2365
"Apparently, my wife still hasn't got over the fact that I cheated on her.",109,27,8,144,638,2665
I don't mean to be droning on and on.,134,23,14,171,638,2829
"So then I thought to myself, ""Sometimes you just need to take a chance"".",129,33,9,171,638,4271
"Not Uber, this is Hover",120,34,7,161,638,2039
Suspenders are so last season...,117,40,4,161,638,2254
And then she threatened to turn on the ceiling fan.,123,28,10,161,638,3733
I suspendered my disbelief a long time ago.,121,32,8,161,638,4169
"Listen, you have to take chances in fashion.",120,34,7,161,638,4819
No more lower back pain!,106,28,7,141,638,3281
Mr. Musk thinks it has potential....,128,30,10,168,638,132
They pick up the slack.,127,32,9,168,638,505
But you said I should drop by anytime.,131,24,13,168,638,3814
They're from Skymall,121,27,10,158,638,517
I'm waiting for Lyft.,123,23,12,158,638,718
Only this perpetual wedgie will keep me distracted from the news.,123,23,12,158,638,1337
I'll be in touch later. Have to take a look in my apartment. I think my wife is having an affair.,119,31,8,158,638,3996
The system still has a few flaws: Last week I was delivered to a prison exercise yard.,122,25,11,158,638,4664
"Well, yeah, it does make riding the subway a challenge.",141,33,11,185,638,18
Loving the retro look bro.,109,34,5,148,638,2147
"Look,this is cheaper than airplane tickets,and I have WAY more  leg room.",110,32,6,148,638,3246
I saved a bundle by not getting the camera.,132,34,9,175,638,311
"If you're impressed now, wait to you see them at work in the men's room.",136,26,13,175,638,3362
They're great for keeping your pants up… not so great for unzipping your fly.,132,34,9,175,638,3419
Did you see the guy with the Amazon T-shirt holding the control stick?,105,25,8,138,638,4101
I find it better than being an office drone.,122,37,6,165,638,1006
It’s worth the wedgies,115,34,6,155,638,2888
My kids PROMISED they’d walk them.,118,28,9,155,638,4453
"Dro-penders, bro. Dro-penders.",115,34,6,155,638,4736
You're lucky your wife trusts you.,113,21,11,145,638,6
"Once I get home, I can see how my day went. 
Then I can edit it, maybe add music, and post it, of course.",131,31,10,172,638,2320
"Were you suspended by Amazon,too?",129,35,8,172,638,3924
This is why we need more women in STEM.,131,14,17,162,638,2
Your tall brunette named Ryan has arrived from Amazon,127,22,13,162,638,3254
100 bucks I can fly by the seat of my pants...,121,34,7,162,638,4361
Suspenders 2.0,131,43,5,179,638,777
"If you can think of a more practical way to keep my pants up, I’d like to hear it.",138,30,11,179,638,1125
I can deliver you,136,33,10,179,638,3090
"It's noisy, but it beats taking the D train.",116,27,9,152,638,2346
"I added a bow tie,.. but then I almost died.",121,18,13,152,638,3133
Excuse me for droning on and on.,112,18,12,142,638,4763
That's not the only thing they keep up,123,25,11,159,638,26
Can you believe it still takes me 30 minutes to go through TSA?,121,29,9,159,638,493
But at least it’s an iWedgie.,120,31,8,159,638,849
They’re great but whenever I walk down stairs I get a wedgie.,124,23,12,159,638,1260
"Not only this, but I got a rocket in my pocket, too.",119,33,7,159,638,4762
You did order through Amazon Prime?,124,23,12,159,638,5013
"Forgive me, I must drone on.",133,34,9,176,638,2778
It's my take on the guy with the lawn chairs and balloons!,134,32,10,176,638,3303
Do these drones make my butt look big?,136,28,12,176,638,4007
Welcome to Lyft Lite!,102,21,9,132,638,4639
It keeps mosquitos away.,113,28,8,149,638,4515
Elon Musk says it's gonna disrupt the belts industry,124,35,7,166,638,4442
I'd give you one but they're joined at my hip.,131,21,14,166,638,4511
The horror of the 1997 Nuclear Wedgie came screaming back into Franklin's mind.,143,26,14,183,638,1799
Uber Walks sent me. Where do you want to go today?,141,30,12,183,638,3611
Did you call an Uber?,121,24,11,156,638,426
New pants from Amazon.,119,28,9,156,638,1077
"So far, there hasn’t been any collateral damage.",117,32,7,156,638,3436
"But I’m really hoping to pitch this to Victoria’s Secret. I mean, talk about a Wonder Bra.",132,31,10,173,638,560
As good as suspenders -- until the batteries die.,130,35,8,173,638,3420
They came with free shipping.,126,43,4,173,638,4852
It's safer than a driverless car.,144,36,10,190,638,3293
"Sure, but what's holding up your ego?",115,19,12,146,638,296
They are the new Air Jordans.,121,36,6,163,638,1883
I got these suspenders on Amazon.,122,34,7,163,638,1905
"You think this is great, I have one that can be connected to my fly.",125,29,9,163,638,1965
I'm disrupting the walking industry.,123,32,8,163,638,2562
Your hover driver is here,124,30,9,163,638,2659
You ordered a husband on Amazon?,124,30,9,163,638,4996
"Come on live a little, grab my hand.",136,35,9,180,638,82
They're both controlled by a single joystick.,139,29,12,180,638,4892
I don't mean to drone on....,132,26,12,170,638,1693
"They allow my pants to operate 100% hands free, when in autonomous mode.",103,26,7,136,638,3804
"Inexplicably, she wants me to take up golf again""",117,27,9,153,638,4969
My startup is disrupting the suspender industry.,113,35,5,153,638,5164
The only problem is the batteries run out without warning.,137,28,12,177,638,1267
"First it was a piece of rawhide around the waist, then the belt was invented, then suspenders, and now, this crowning achievement.",133,36,8,177,638,1838
This way I know I'm covered until the Me Too movement dies down.,126,21,13,160,638,117
"Yeah, you miss a payment, and Amazon repos your pants.",125,23,12,160,638,201
"There are suspenders, and then there are suspenders.",121,31,8,160,638,1116
"Puts the ‘suspend’ in suspenders, don’t you think?",120,33,7,160,638,3605
They keep my pants up; fifteen minutes at a time.,111,23,9,143,638,2866
I just got sick and tired of paying for parking.,108,28,7,143,638,5202
"They hold up my pants well, but their photos don’t do me justice.",127,31,9,167,638,3774
"Excuse me, sir. Do these pants make me look crazy?",130,25,12,167,638,5116
I got them on Amazon. They're called The Suspenders of Damocles.,118,21,11,150,638,484
They'll pick up most anything...other than chicks.,117,22,11,150,638,1701
My wife said get rid of the plumber's crack or she'd get rid of me.,115,26,9,150,638,2522
"I put my pants like everybody else, one drone at a time",111,34,5,150,638,3939
"I find that if I do not keep them on leash, they chase other drones!",114,28,8,150,638,4126
I decided to embrace technology instead of fighting it.,114,28,8,150,638,4920
Cuts my commute in half.,132,33,9,174,638,187
"I'm not bragging, but I needed two because of the size of my package.",134,29,11,174,638,929
"They ride a little to the left, but I'm into that.",131,35,8,174,638,2818
Strap these on and say goodbye to unsightly plumber butt and chronic wedgies.,133,31,10,174,638,5142
I call 'em Orville and Wilbur,121,26,10,157,638,1250
"It's house arrest, but they let me walk around the block.",116,36,5,157,638,3034
They hold up my pants and the noise drowns out the flatulence.,110,19,11,140,638,676
I call them overspenders.,108,23,9,140,638,1568
This only happens during mating season,137,35,9,181,638,3587
Yes your system is better at the urinal,127,26,11,164,638,3282
Just search 'hands-free infinity suspenders' in the app store.,127,26,11,164,638,3619
Did you order the Uber Express?,126,28,10,164,638,3906
I take “suspenders” literally.,127,26,11,164,638,5228
"Suspenders hold my pants up, but they make me look old.",142,37,9,188,638,2690
I'm saving thousands in tolls every year.,109,33,5,147,638,4925
"You know, you could just wear pants that fit...",131,30,10,171,638,1199
Mary Poppins' got nothin' on me.,131,30,10,171,638,2442
That's why we think the belt market is ripe for disruption!,119,26,9,154,638,46
And they have patented 'anti-wedgy' technology.,119,25,10,154,638,702
It gets great videos and keeps my pants up.,120,23,11,154,638,2791
I like to dress conservatively but with a hint of trendiness.,130,44,4,178,638,1480
Uber just stepped up their game.,135,34,9,178,638,1732
"I’m like everyone else, I put my pants on one drone at a time.",121,33,7,161,638,344
"This is the newest feature of Amazon, you deliver yourself, for a small fee!",119,37,5,161,638,2675
"One leg at a time, just like you.",124,27,10,161,638,5100
These days you have to learn to put your pants on...one drone at a time !,124,27,10,161,638,5119
Mind holding these while I go to the john?,140,36,9,185,638,3208
It's legit-- Uber Piggy-back. Trust me.,108,30,6,144,638,191
Five bucks gets you across Broadway without getting hit by a bus!,108,30,6,144,638,2715
Yeah! And people also laughed at Dick Tracy and his stupid watch!,127,33,8,168,638,2999
"Disruptors don't walk, bro.",128,31,9,168,638,4700
Still less ridiculous than Uggs for men.,129,29,10,168,638,4975
Stop me if I start droning on.,137,26,12,175,638,1080
They're taking me for a walk.,137,25,13,175,638,1122
I don't know how I existed without smart suspenders.,133,33,9,175,638,1472
"I thought it was a great idea, too...until I was giving a speech at work and the batteries died!",135,29,11,175,638,2407
I registered for prime and now it only takes me two business days to get home.,137,25,13,175,638,4618
"Nah, my dogs are just lazy and would rather watch our walks.",118,22,11,151,638,1332
Want a lift?,125,20,13,158,638,121
"...and, I'm saving a fortune on belts.",120,30,8,158,638,2559
"They hold my pants up, create a nice breeze, and cost way more than your low tech suspenders.",122,26,10,158,638,3631
"Greetings, citizen, I’m the Drone Ranger....",128,26,11,165,638,730
You may be fashion-forward. This is fashion-upward!,124,34,7,165,638,3999
Ya gotta hand it to Lyft – they’re way ahead of the competition.,130,22,13,165,638,4130
Skymall.,129,24,12,165,638,4605
And each one has a camera to tell me if my shoelaces are tied.,107,27,7,141,638,3542
"""Watch this. Beam me up Scotties.""",131,32,9,172,638,4570
I save a bundle on belts and I can skip the escalators at the mall.,130,34,8,172,638,4897
Indoors can be a problem.,113,27,8,148,638,642
You said you wanted a product that would suspend belief!,115,23,10,148,638,3349
"Suspenders, but with a constant feed to all my social media!",137,32,10,179,638,3752
"Filthy subways, no parking, crowded streets...what do you mean 'why?",119,28,8,155,638,456
"I'm logging 50,000 steps a day on my fitness tracker with no effort!",119,27,9,155,638,1622
Even if you don't fly it will give you a nice buzz,119,27,9,155,638,1686
Man..  Those suspenders are so last century!,115,35,5,155,638,4288
Not only does it help keep my pants up but it also provides some personal space in crowded areas.,121,35,6,162,638,601
"I put 4 million into their Kickstarter campaign, but I got to keep the prototype!",128,21,13,162,638,898
"Why, to hold my pants up, of course....",127,23,12,162,638,1697
It’s amazing! They know when I have to go to the bathroom before I do.,125,28,9,162,638,4715
I know I tend to drone on a bit.,132,25,12,169,638,1996
dronewalking is a sideline; i'm really an actor,133,23,13,169,638,3812
"I should have Googled, 'Keep Pants Up No Batteries'. Where'd you get those?""",130,29,10,169,638,5405
"So I asked 
myself, ‘self, do you want spend one more second on F train?’",105,26,7,138,638,3183
I like to keep an eye on myself.,104,28,6,138,638,3948
My pants fit fine. These are to hold up my underwear.,132,37,7,176,638,1346
Taking my pet Drones for a walk..,113,22,10,145,638,3241
"No offense, but my thinking was...""anything but suspenders"".",141,31,11,183,638,3109
Those suspenders are sooooo 2005!,116,28,8,152,638,3050
The occasional atomic wedgie is a small price to pay for the added security against pickpockets.,118,24,10,152,638,4198
"Yes, like my wife says, I am definitely a helicopter parent",117,26,9,152,638,5048
My first one seemed lonely.,120,32,7,159,638,2389
I just try to stay away from schools when the batteries get low.,122,28,9,159,638,3873
"I know, I could’ve just settled on a belt...but this is 2018!",120,32,7,159,638,4020
"Sure it’s a prototype, but the casualty rates have been very low.",120,32,7,159,638,4978
They are great! Do you have a charger I could borrow?,128,28,10,166,638,327
"Sorry, I can't hear you over the sound of how hip my pants are.",129,26,11,166,638,3202
This way I can avoid the subway.,128,28,10,166,638,3449
I call them suspendered animation!,135,26,12,173,638,1057
It keeps the pants up and you feel 20 pounds lighter on your feet.,129,38,6,173,638,2542
"I’m sorry, am I droning on again?",136,24,13,173,638,2770
And the updraft keeps my hair in place.,134,28,11,173,638,2796
The hardest part was figuring out what my upseam was.,132,32,9,173,638,3094
This would work like a charm if it wasn't for the pigeons.,131,34,8,173,638,4848
"They're the newest thing in hands-free, but I have to be near a charger when the batteries die or else.",146,28,13,187,638,4122
"But you can't literally 'suspend' from yours, can you?",109,25,8,142,638,4953
I just think suspenders are too much of a statement.”,150,32,12,194,638,5103
I put tape over the camera for privacy,116,23,10,149,638,205
Keeps your pants up and gives off a nice breeze at the same time.,115,25,9,149,638,854
They’re called suspenders? What a great idea.,116,23,10,149,638,3922
With the pull of these puppies there's no chance that I'll moon anyone.,112,31,6,149,638,4560
They're called Suspendrones.,119,29,8,156,638,1816
Who needs Uber?,118,31,7,156,638,3790
"Sure, it seems like the perfect solution until you figure in the cost of batteries!",119,29,8,156,638,4175
Let's take this one to Shark Tank.,126,27,10,163,638,140
Give you a lift,126,27,10,163,638,1069
You’re not supposed to wear a belt with suspenders.,128,23,12,163,638,1490
THERE'S NO DOWN SIDE.,127,25,11,163,638,3545
So far their artificial intelligence has only learned to keep my pants up,127,25,11,163,638,5199
I spent too much time at The Sharper Image.,131,29,10,170,638,2581
seriously...it's like I'm not even wearing pants!,129,33,8,170,638,4132
"Yes,it's cool,but I feel bad about the two guys I fired.",136,31,10,177,638,184
"Yeah, but can YOUR suspenders deliver PIZZA?",133,37,7,177,638,2687
Technically they're still suspenders,131,41,5,177,638,4259
I'm just trying to create a little buzz around here!,106,26,7,139,638,1347
They’ve really taken the weight off my shoulders.,111,28,7,146,638,2299
I should probably figure out who's driving these things.,117,28,8,153,638,86
I'm taking man-spreading to whole new levels.,120,22,11,153,638,2088
Avoiding the subway is worth the oppressive wedgies.,115,32,6,153,638,3219
Their purpose? Hold my pants up - what else!,125,24,11,160,638,1233
"In this #MeToo era, you can't be too careful.",127,32,8,167,638,3659
Which way to the Met Gala?,129,28,10,167,638,3977
My belt broke.,133,32,9,174,638,1618
There are some perks working for Amazon.,134,30,10,174,638,1648
"Ehh, Uber is so 2016.",131,38,5,174,638,5102
"Yes, I am absolutely terrified.",146,30,12,188,638,4701
I still put them on one leg at a time. How they stay up is my business.,111,23,9,143,638,2043
"Hey, I see you’re into suspenders too!",107,31,5,143,638,5112
The wedgie is worth the convenience.,116,25,9,150,638,2236
Suspenders?!  And you wonder why you cannot get a date?,116,25,9,150,638,2660
I'm a drone parent.,118,21,11,150,638,4659
I use to have a seeing eye dog.,109,40,1,150,638,4792
...but listen to me droning on - how have you been?,121,27,9,157,638,1594
It drowns out my tinnitus,117,35,5,157,638,4538
"These drones are guards, my slacks a prison, and my dick, a convicted felon.",131,19,14,164,638,1677
It's all about the support.,128,25,11,164,638,2831
"I'm thinking of calling them ""suspendrones.""  What do you think?",128,25,11,164,638,4587
"Sure, a belt is more practical. You don't have to drone on and on about it.",130,33,8,171,638,666
"If you're clumsy you can get a free hair cut out of them, too.",133,27,11,171,638,4983
Do you have a flip phone to go with that outfit?,133,27,11,171,638,5077
I call them wunder pants.,138,31,9,178,638,4023
This way I can focus full time on my social media without missing anything in real life.,138,29,11,178,638,4200
They provide my pants with support and me with companionship.,153,35,11,199,638,868
Keeping my pants up is a breeze,104,20,9,133,638,323
"I was skeptical too, but look at the difference in our postures!",119,38,4,161,638,550
"Other than battery life issues, they never let me down.",130,28,10,168,638,801
I bet you are still pulling them down yourself too,116,20,11,147,638,1149
So what did you think I meant when I said the NSA's been suspending my right to privacy,118,28,8,154,638,1717
"Forgot my belt? No, I lost my remotes.",129,30,9,168,638,1728
We'll see who's the idiot when you have to pee.,128,20,13,161,638,1788
"It's far more than a massage, friend.",130,28,10,168,638,2081
Where do you want to be dropped?,133,22,13,168,638,2352
"Gave up waiting for the jet-pack, man""",112,31,4,147,638,2635
I thought it meant they would deliver the belt by drone,123,30,8,161,638,2651
"Just like everyone else, I put my pants on one leg at a time.",127,34,7,168,638,3012
I’m taking my drones out for a walk.,114,24,9,147,638,3216
Belts will be obsolete,131,26,11,168,638,3221
I enjoy the sensation. Plus the flying part is nice too,121,23,10,154,638,3284
Think of them as 'the bitcoin of suspenders.',117,30,7,154,638,3453
You didn’t know that Popular Mechanics bought GQ?,118,28,8,154,638,3577
A wedgie is a small price to pay for fashion.,117,30,7,154,638,4365
Suspenders make me look old,121,22,11,154,638,4577
We ran out of Segways.,140,32,10,182,638,4606
Yeah but I tried everything else to get it up,135,30,10,175,638,4954
Got a minute to learn about bitcoin?,128,32,8,168,638,5343
"Oh man, can you lighten up?",140,40,6,186,638,3757
It makes airport security slightly more complicated I suppose,125,45,2,172,638,264
They work great on stairs and I can skip the elevator altogether.,130,35,7,172,638,1773
'My shrink told me l need to see things from a different perspective`,137,21,14,172,638,3746
I'm beta testing new suspenders for James Bond.,127,29,9,165,638,4424
They’re Gucci,127,29,9,165,638,4726
The drones are free once you buy a suspension data plan.,127,29,9,165,638,5108
"Honestly, the only it's uncomfortable is in the men's room.""",123,25,10,158,638,1625
"By all means, drone on....",120,31,7,158,638,3728
$199 to LA - No frills Coach,122,27,9,158,638,4547
I still feel like something’s been holding me up.,122,27,9,158,638,5259
I'm thinking of selling my parking space.,120,19,12,151,638,4092
I’m sorry if I drone on.,118,23,10,151,638,4775
Want a new high?,113,21,10,144,638,78
"Belt and suspenders are so 2018, man.",109,31,4,144,638,1221
"No need for a belt, but the wedgies are awful.",111,25,8,144,638,2114
"I'm telling you, this time I really think I found the idea that's going to take off",110,27,7,144,638,2569
"Are you Kevin?  Hi, I’m your Uber driver today.",112,23,9,144,638,3990
I'm an Amazon Test Dummy.,146,34,10,190,638,5358
"No, I haven't worn them on a date, yet.  Why do you ask?",139,36,8,183,638,3207
"The permits weren’t the cheapest, but you just can’t put a price on this level of back support.",140,34,9,183,638,3440
"Not only do they hold my pants up, they record every move I make.",132,38,6,176,638,3496
I've gotten some really great selfies.,129,32,8,169,638,889
"Yea, so then I said, ""After college, I'll GoPro"". And here I am.",130,30,9,169,638,963
"Well, it sure beats taking the subway to work!",133,24,12,169,638,3649
Everyone at Fox was issued them............,129,20,13,162,638,576
"Oh what, these old things?",124,30,8,162,638,1339
"ah, but listen to me just droning on! 
What's new with you?",123,32,7,162,638,1344
"You're missing the point, it's not about practicality, it's about innovation, STEVEN!",124,30,8,162,638,2268
But can yours give you a wedgie?,125,28,9,162,638,2802
It’s the prototype from my start-up company UberLyft,114,26,8,148,638,3048
They hold up my pants AND definitively resolve the haunting fear that I'm being watched!,142,37,8,187,638,2052
This way I can keep me under constant surveillance,135,39,6,180,638,721
Don’t get me wrong. You look great in suspenders but I need something more cutting edge.,130,37,6,173,638,4495
I guarantee there's no discomfort in that area.,125,35,6,166,638,51
They usually leave once they get your lunch money.,131,23,12,166,638,1668
"Yea,a cup is really necessary.",126,33,7,166,638,2972
We had to transition to belts after our zipper incident.,126,21,12,159,638,1696
It's a modern-day chastity belt.,125,23,11,159,638,3657
"What, you’ve never seen Drone Drawers before.",125,23,11,159,638,3689
Statistically it's safer than a helicopter.,122,29,8,159,638,4445
Suspenders just hold up your pants- these hold up my ego!,123,27,9,159,638,5106
Those suspenders tell the world you don't care how you look.,124,25,10,159,638,5415
Do you want to carpool to work today?,117,27,8,152,638,228
This new prototype is nearly wedgie-free.,114,33,5,152,638,382
This takes a HUGE load off my shoulders!,113,35,4,152,638,2152
"Acquiring two FAA licenses to keep your pants up might seem extreme, but it’s just a cost of doing business in the plumbing trade these days.",111,27,7,145,638,3550
Pendulous testicles.,111,27,7,145,638,4490
"If we both do it, it'll be cool.",143,42,6,191,638,5386
"Everyone kept accusing me of droning on, so I thought I would.",137,30,10,177,638,448
"It's a ""sans-a-belt"" for geeks.",135,34,8,177,638,844
Care to try a Sky Wedgie?,133,26,11,170,638,23
Hello. I am Andrew. Brother of Alexa. Please save me.,132,28,10,170,638,2000
"That's right, Brookstone makes suspenders now.",131,30,9,170,638,2764
Pulling yourself up by your bootstraps is so 20th century,125,30,8,163,638,240
Trendy? Yes. Comfortable? Not so much.,124,32,7,163,638,516
"Pants up, nice breeze, and cutting-edge​ fashion.  What's not to like?",124,32,7,163,638,3871
"Sorry to drone on and on, but...",127,26,10,163,638,4022
Those buckles look complicated.,127,26,10,163,638,5069
"Reduces hip fractures, and prevents drowning in case of floods.",119,30,7,156,638,1137
The first step is suspending your disbelief Harold.,120,28,8,156,638,1704
I call it the selfie paparazzi.,120,28,8,156,638,1976
They see any danger around me AND they keep my pants up!,120,28,8,156,638,3723
I know my batteries are low when my navel feels a breeze.,121,26,9,156,638,3903
"Laugh if you want.
I've lost 35 pounds on the Drone Diet!",117,23,9,149,638,1411
Ride share is no longer necessary my friend,114,28,7,149,638,1876
"Ironically, the real suspense is during the brief recharging period.",115,26,8,149,638,2492
"The helicopters were getting too expensive, so Channel 4 came up with a new way to do live traffic reports.",113,30,6,149,638,2561
"Sure, people stare. But that’s the price of fashion.",112,32,5,149,638,4464
My service drones have really taken a weight off my shoulders,112,32,5,149,638,4818
"My mom was worried, so I told her I'm on a motorcycle.",117,22,10,149,638,4863
"I'm telling you, there's a fortune to be made disrupting the suspender industry.",109,26,7,142,638,179
"’”Relax, they’re not watching you - they’re watching everyone.”",112,21,9,142,638,2950
You just have to make sure you don't accidentally turn up the power and give yourself a wedgie.,110,24,8,142,638,3770
What do you mean the government is always spying on us?,109,26,7,142,638,4275
"No, YOUR suspenders are too loud.",137,25,12,174,638,850
My wife's the jealous type.,131,37,6,174,638,1913
"Don’t worry, I used to put my pants on one leg at a time, too.",133,33,8,174,638,2030
"Yeah, it does give quite the wedgie.",157,40,9,206,638,4678
"Sorry, I'm droning on. What was your question again?",130,27,10,167,638,1078
I think you will find it very uplifting.,132,23,12,167,638,1390
Don't let me drone on too long.,134,19,14,167,638,3836
They have incredible rear suspension.,130,27,10,167,638,4021
"You should buy now, before any public demand for regulation.",130,27,10,167,638,4503
The legroom is fantastic and there's no airline to give away your seat,131,25,11,167,638,5336
"And if I'm losing the argument, a simple hand gesture allows me a quick exit.",146,38,8,192,638,1766
"Yeah, they’re OK, but if you’re not careful with the lift setting you get a wedgy.",124,27,9,160,638,3223
"These are are the best protection system ever!  Since I started using them, nobody comes anywhere near me.",126,23,11,160,638,4051
Sorry.  I tend to drone on sometimes.,119,26,8,153,638,307
Need a lift?,116,31,6,153,638,460
Now who's nerdier. Huh?,121,21,11,153,638,2941
What? I couldn't hear you.,135,36,7,178,638,2977
"The charge lasts up to 8 hours, so you're not obligated to keep your pants on all day.",160,29,14,203,638,2265
I just have to make sure the batteries don't die near a school.,130,34,7,171,638,1582
I could drone on forever about these suspenders!,134,26,11,171,638,2494
This takes voyeurism to a whole new height.,134,26,11,171,638,4743
"They hold my pants up to 2,500 feet.",130,22,12,164,638,2436
It's the airline's frequent flyer award.,128,26,10,164,638,4550
They also offer a mini for unzipping at urinals.,124,22,11,157,638,1550
"The pants are fly, man.",121,28,8,157,638,1725
"My father told me to pull myself up by my bootstraps, but that sounded like a lot of work, so I automated it",124,22,11,157,638,3374
They fly down too.,122,26,9,157,638,3610
People used to say I was a downer,121,28,8,157,638,4648
Remember that brilliant idea I mentioned?...,122,26,9,157,638,5340
My start up hasn't got off the ground yet.,116,26,8,150,638,1064
They can also see if my fly is undone.,135,31,9,175,638,3201
You should try it.  Makes picking up girls a breeze.,119,20,11,150,638,3921
"Drone walking. Big Bucks, I'll tell ya!",137,27,11,175,638,3963
"Yeah, with new advancements in technology you can keep your pants up without a belt!",130,29,9,168,638,123
I got a deal on Amazon!,128,33,7,168,638,2149
"Look, both the belt and the suspenders seem a little redundant for my tastes.",126,25,10,161,638,4721
I no longer have much privacy but I find myself much lighter on my feet.,121,35,5,161,638,4835
It keeps my pants up AND keeps me cool.,123,31,7,161,638,4991
"They're a little noisy,but they do keep my pants up.",138,32,9,179,638,4904
I'm your ride to the observation deck at the Empire State building.,120,25,9,154,638,1431
"And, the white noise relaxes me!",117,31,6,154,638,5173
Way less nerdy than Google Glass.,136,24,12,172,638,1105
"If you make them mad, they give you a wedgie.",134,28,10,172,638,1874
"Liar, liar, pants on... fliers?",132,32,8,172,638,3250
I'm a big 'spender.,113,27,7,147,638,1413
I'm exercising my privilege of absurdity.,131,22,12,165,638,5175
"Hey, they're easier than dogs.",138,39,6,183,638,2887
How long is this guy going to drone on?!,124,24,10,158,638,653
"I put them on the same way, one leg at a time.",125,22,11,158,638,2387
Beats taking the bus.,123,26,9,158,638,2647
They work...but my voice is squeaky.,124,24,10,158,638,2939
You should see what happens when I add a third!,124,24,10,158,638,3708
To heck with the 'belt or suspenders' dilemma. I'm a non-conformist.,134,35,7,176,638,931
"Yeah, they took a lot of weight off my shoulders!",137,29,10,176,638,5019
No -- actually they are taking ME for a walk.,118,24,9,151,638,312
"Look, I know I'm droning on but this is important!",118,24,9,151,638,3411
But I drone on. What is it you wanted to say?,131,29,9,169,638,785
Ever since Elon Musk brought out his own clothing line I haven't really bothered with anything else.,109,30,5,144,638,3187
I like wedgies,127,25,10,162,638,4231
The trick is to get them to stop fighting.,133,32,8,173,638,3079
Amazon and Uber are teaming up to provide this great new rideshare service!,133,32,8,173,638,3103
I could drone on all day about these new suspenders.,130,38,5,173,638,4389
"I'm sorry, I didn't mean to drone on and on.",119,29,7,155,638,3346
Drone delivery tech support. How may I assist you today?,120,27,8,155,638,3662
Cheaper and faster than Uber or Lyft,119,29,7,155,638,3792
"My belt broke , hope the batteries last .",117,33,5,155,638,4349
Need a lift? It's cheaper than Uber.,106,24,7,137,638,2978
Give me your hand  and for five bucks I'll take you to 42nd Street.,140,37,7,184,638,4645
Holds my pants up and gets me around town.,128,30,8,166,638,1561
These are drones in my pants AND I'm happy to see you!,130,26,10,166,638,2871
Believe me. Soon everyone will be wearing suspendrones.,129,28,9,166,638,4210
Would you like to see them land?,131,24,11,166,638,4959
I hate elevators.,113,29,6,148,638,2920
They've taken some weight off my shoulders.,136,33,8,177,638,3029
You should see what my Roomba does.,125,24,10,159,638,592
It's the ultimate in 'no frills' air travel!,120,34,5,159,638,4916
I'm thinking of getting one more for my fly.,125,24,10,159,638,5337
"And I can actually see if my ass looks big in these on my device, too!",131,31,8,170,638,1422
Sorry to drone on. Name's Eugine.,134,25,11,170,638,3579
Every now and then I need a lift.,128,37,5,170,638,3947
"But Dad, Don't you think I am too old for a helicopter parent?",134,26,10,170,638,4035
I don't FEEL like a corporate drone,135,23,12,170,638,4710
"It's like Uber, only you are the driver.",115,32,5,152,638,4153
You really need to get Amazon Prime.,119,24,9,152,638,4976
I am the Ghost of Christmas Yet To Come.,145,22,14,181,638,5310
"These days, if you want to impress the ladies, you've got to walk on water.",127,27,9,163,638,403
"But when the batteries die, things can get dicey.",122,37,4,163,638,751
Your money or your privacy,127,27,9,163,638,4082
They were BOGO,126,29,8,163,638,4566
Trust me.  This doesn't look so ridiculous when it's made by Apple.,126,29,8,163,638,5204
"It's not first class, but it's cheap",112,26,7,145,638,1923
"To be honest, weggies have become a problem.",113,24,8,145,638,2384
I'm working on the zipper drone next.,137,26,11,174,638,2517
"Hey man, the L train is gonna be down for a while.",136,28,10,174,638,4735
"Hey, Tom. Can I give you a lift?",132,36,6,174,638,5140
These are way cooler than suspenders.,118,33,5,156,638,2855
"Yeah, they're my suspenders of disbelief.",119,31,6,156,638,4575
"The ride was smooth, but now I've got a deep crack wedgie.",131,26,10,167,638,289
It's a high tech wedgie,132,24,11,167,638,574
"With the new drone regulations on the horizon, I'm doing what my wife does with me - keep these things on a short leash.",125,39,3,167,638,2397
I can just drone on and on.,133,22,12,167,638,3791
The difference is they also pull your pants up.,126,36,5,167,638,5287
It would be more embarrassing if my pants fell down,108,22,8,138,638,1470
"Sure they cost more, but, dude, I’ve got better things to do with my shoulders!",107,24,7,138,638,5163
"If you like these suspenders, you should see my fly!",118,21,10,149,638,840
"Don't be ridiculous, they're not suspenders. It's just so the damn things don't fly away",115,27,7,149,638,2190
"Rick?  Hi, I'm you're Uber Pilot Ranjeet.  Music good?",116,25,8,149,638,5014
"I am a belt and drone man, myself.",120,36,4,160,638,800
I call it Lift. Much cheaper than those other two ride shares.,132,31,8,171,638,2564
Uber?  Lyft?  I got your uber lift!,133,29,9,171,638,3396
My downstairs neighbor complained about my heavy footsteps.,129,38,4,171,638,3842
"Not only that, but commuting is a breeze now.",133,29,9,171,638,4519
How do you think I'm controlling them?,101,24,6,131,638,4797
I do not want to drone on but it is the best way to get around.,145,24,13,182,638,4071
Their owner is out of town.,140,34,8,182,638,5099
I'm a beta tester for Amazon Uberwedgie.,115,15,12,142,638,4152
"Frequently bought together"" and I've figured out why",111,23,8,142,638,5078
"With the latest software update, wedgies are down 50%.",146,41,6,193,638,3967
"Hasn’t gone over great in the men’s room, but the overall sense of security is worth it.",116,32,5,153,638,2965
A drawback is new batteries resulting in wedgies.,121,22,10,153,638,4654
Sorry to keep droning on.,124,35,5,164,638,732
Growing a pair wasn’t an option...,129,26,9,164,638,2835
"We were first to market in the emerging 
aerial trouser suspension space.",128,27,9,164,638,3320
Let me know if I'm droning on too much!,129,25,10,164,638,4124
Yeah. Surgery on both eyes. They were out of dogs.,127,29,8,164,638,4469
"Sir.. I""m with the Suspenders Police..",125,33,6,164,638,4621
Why settle for a body cam?,114,24,8,146,638,3516
What buzzing noise...I don't hear a buzzing noise.,125,21,11,157,638,489
I’m from United Airlines new Uber service.,124,23,10,157,638,2890
Gotta fly! Wanna a ride?,121,29,7,157,638,4024
"They showed up one day, and I haven't been able to get my pants off since.",120,31,6,157,638,5250
"After the Kavanaugh hearings, I figure a man needs proof y'know.",129,32,7,168,638,1535
"They’re more expensive than suspenders, but my children don’t make fun of me anymore.",130,30,8,168,638,2197
Think of it as being an uber-pedestrian.,133,24,11,168,638,2288
You get used to the constant droning.,121,36,4,161,638,909
My cracker-jack attorney got me these instead of those terrible ankle monitors.,127,24,10,161,638,2706
They're powered by disbelief.,128,22,11,161,638,4728
It's my new invention for plumber's crack.,132,33,7,172,638,73
"Yeah, I have lost some weight, I didn’t think anyone would notice.",130,37,5,172,638,149
To be honest it was the vibrations that sold me on the idea.,132,33,7,172,638,353
Twenty five bucks to fly up and see if your girlfriend  is cheating on you.,132,33,7,172,638,1983
Love my new job delivering packages for Amazon.,132,33,7,172,638,2087
Dude. The commute? Awesome!,133,31,8,172,638,2873
...And I get frequent fly miles,130,25,10,165,638,567
"You’re the one who ordered “Friends” on Amazon, right?",116,15,12,143,638,672
"Just give me a sec,  I ordered a belt from Amazon and they  now deliver and change it in place.",132,21,12,165,638,1240
"With these, I don't need a cape",128,29,8,165,638,1621
My doctor prescribed it for me when the Viagra didn't work.,121,24,9,154,638,2303
Brookstone has all the gadgets you need for the holidays!,120,28,6,154,638,2457
I use to bike to work,108,31,4,143,638,2927
"For smart apparel, it's probably the fastest-growing start-up in the wearables space.",108,31,4,143,638,4635
"When I wished for superpowers, this is not what I envisioned.",145,33,9,187,638,4805
My wife likes to keep tabs on everything I do.,130,25,10,165,638,5409
Pay up. I lost the 10 lbs before you did!,138,35,7,180,638,3484
It's helpful when getting out of a chair,128,36,5,169,638,250
Can I drop you off somewhere?,132,28,9,169,638,1293
Drives me nuts when people say new technologies don’t solve any “real” problems.,129,34,6,169,638,5258
I look for women taller than me.,123,28,7,158,638,220
My Uber rate is a little higher since you'll be traveling via air.,123,27,8,158,638,585
Haven't been harassed since,124,25,9,158,638,614
Don't be such a Luddite.,124,25,9,158,638,1651
These drones are real ballbusters.,125,23,10,158,638,4429
"Pardon me, I tend to drone on and on.",124,25,9,158,638,4510
"Sure, I miss the pugs at times, but not those little plastic baggies.",126,21,11,158,638,5197
"Turns out, AI makes better decisions about when to drop your pants.",117,20,10,147,638,2658
My commute is down to 15 min plus I never have to buy another belt!,143,32,9,184,638,4788
Wanna see the mini-drones holding up my socks?,146,26,12,184,638,5231
"what does it do? I don’t know, but I was the first to buy it!",136,27,10,173,638,880
I just picked them up today. The suspense was killing me!,136,27,10,173,638,5292
You really have to be on your toes to outwit the pickpockets in this neighborhood.,128,24,10,162,638,846
"It’s like viagra, but without any side effects.",128,24,10,162,638,1844
It's called a Digital Wedgie..,129,22,11,162,638,2474
"Sure theres a better way, but it's not the modern way.",128,24,10,162,638,3255
HR required this pending my “me too” investigation.,128,24,10,162,638,3698
Still living in the 20th century I see...,119,23,9,151,638,206
"OMG! I love your old school suspenders! Sorry, I'm getting carried away.",121,19,11,151,638,1301
"It’s pretty cool, but I don’t want to drone on and on about it.",119,23,9,151,638,5273
"I had to agree to this ""oversight"" in our marriage contract.",151,23,14,188,638,3750
I have always been an early adopter.,142,41,5,188,638,5242
They hold up my pants AND reduce shoe wear.,136,34,7,177,638,2719
Take my hand. We're off to Never-never land!,131,25,10,166,638,298
"Sure I get a wedgee, but I save so much time!",127,33,6,166,638,786
I try to make it home before the charge runs out,125,37,4,166,638,1225
No they just keep me cool.,128,31,7,166,638,1492
It's an upgrade to the belt-and-suspenders approach.,128,31,7,166,638,1526
"How do you do?
 I'm the stunt double you ordered from Amazon.com.",129,29,8,166,638,1922
Sometimes I just need a little pick-me-up.,127,33,6,166,638,2649
I put my pants on just like anyone else. Except with the use of drones.,123,22,10,155,638,2310
"Well, they are not allowed in public restrooms.",121,26,8,155,638,3229
It’s just a real shame when they run out of battery.,121,26,8,155,638,5272
"No, they don't allow me to fly. The hold up my pants.",111,27,6,144,638,2089
"No, but it keeps my pants up.",129,36,5,170,638,2538
This cartoon is fake. Real engineers would be looking at each other’s feet while talking.,137,21,12,170,638,2854
Can you think of a better use for them?,134,26,10,170,638,4889
Just taking the boys for a walk.,132,30,8,170,638,4930
It's cheaper than taking the bus every day.,133,28,9,170,638,4960
They also take amazing selfies.,131,32,7,170,638,5380
"The tolls for the Holland Tunnel  have become outrageous, and I save a ton of time on my commute!",124,27,8,159,638,604
You're still using suspenders?,124,27,8,159,638,1927
They're holding me hostage.,126,23,10,159,638,2185
"But I can FLY, Mac - Can your suspenders do that?",126,24,9,159,638,3307
We are currently working on the wireless version...,143,34,8,185,638,2184
"Hey man, I like your retro look....",114,28,6,148,638,3671
The only problem is that they sometimes cause a wedgie when I sit down.,115,26,7,148,638,3955
49th street!   That will cost you $3.75,117,22,9,148,638,3975
I just couldn't take the subway anymore.,116,24,8,148,638,3985
They're the latest thing in suspender technology.,117,22,9,148,638,4028
Less emotionally wrenching than balloons because they come back.,133,35,6,174,638,744
Relax. They are more afraid of you than you are of them.,134,33,7,174,638,928
Truss me!  It works!,133,35,6,174,638,1642
Ran into Mike today. He just kept droning on and on about his new suspenders.,136,29,9,174,638,3180
"Once installed, you’ll hardly know it’s there.",126,30,7,163,638,534
It's the new google belt - have you ordered yours yet?,127,28,8,163,638,967
Don’t ask.,125,32,6,163,638,2075
"Really, dude, suspenders?",125,32,6,163,638,2118
SuspendAirs. The future comes knocking.,149,29,11,189,638,3900
Hi! I'm a Millennial.,118,27,7,152,638,124
I want to say two words to you.  Just two words. Risk management.,117,29,6,152,638,446
"Hi, I'm a millennial and I'm running for office.",123,17,12,152,638,1596
The secret is to suspend your disbelief.,120,23,9,152,638,2907
It's an iWedgie.,119,25,8,152,638,4470
They’re Levi 501 Robot Fly Jeans.,140,28,10,178,638,811
Have you not heard of Prime Wardrobe?,129,31,7,167,638,1000
"It is tech support, Oldtimer.",130,29,8,167,638,1723
Suspend your fear of technology Bill,128,33,6,167,638,1768
It's a dangerous time for men ....,135,19,13,167,638,2073
"Suspenders man? , they are so last year.",130,29,8,167,638,3112
Care for a lift?,132,25,10,167,638,5154
I call them suspenderers.,125,20,11,156,638,67
"Guaranteed, no one violates your personal space.",117,36,3,156,638,212
Do you think I look like a tourist?,121,28,7,156,638,610
You should see my garter,144,27,11,182,638,1298
I don't know. Why does a tech nerd have two drones attached to his suspenders?,123,24,9,156,638,1523
I wish you could see how silly you look wearing those.,123,24,9,156,638,2862
These came free with my last Amazon delivery!,125,21,10,156,638,3156
"You don't think this fad is going to take off, do you?",120,31,5,156,638,3348
There are times when you just can't get your smartphone out fast enough.,123,25,8,156,638,3443
"Hey, Buddy, wanna buy a pair of flying suspenders?",124,22,10,156,638,5033
It’s the new Amazon rideshare,153,35,9,197,638,923
I was tired of people laughing at my suspenders.,134,28,9,171,638,1375
"HEY, FRED! YOU'RE GONNA HAVE TO SPEAK LOUDER!",130,36,5,171,638,3351
"Yeah well, you know what else is impractical? Just your whole tone.",133,30,8,171,638,5072
"Yes, these drone suspenders do get out of control sometimes, and yes, I'm the same guy who used to sing bass in the barbershop quartet.",136,24,11,171,638,5374
I call them NSC and FBI.,128,21,11,160,638,616
I feel like she doesn’t trust me...,123,31,6,160,638,1039
Uber got too expensive. And this is faster.,124,29,7,160,638,1507
"So yeah, I hope you can help my Kickstarter.",125,27,8,160,638,3505
You should see them at wedgie speed!,130,17,13,160,638,5141
I call it the iBelt.,123,31,6,160,638,5148
Can you tell me where the nearest outdoor bathroom is?,104,24,6,134,638,717
"Weird, right? Our fertility specialist says it'll work.",118,22,9,149,638,2069
It's Apple's new EyeBelt.,118,22,9,149,638,2874
That look won't fly.,117,24,8,149,638,5246
With this I avoid traffic and occasionally get a free hair trim.,116,26,7,149,638,5293
"But if it takes off, the sky’s the limit.",130,24,10,164,638,368
"Let me guess, you're one of those 'puts his pants on one drone at a time' types.",131,22,11,164,638,603
Amazon delivered me cause I'm Prime.,131,22,11,164,638,991
"I hate to drone on, but I really need to get going.",131,22,11,164,638,1268
It's just a prototype.,125,34,5,164,638,1419
Kites weren't as practical indoors.,130,24,10,164,638,2707
Belts are SO last century!,126,32,6,164,638,3409
They’re great.  They hold up my pants and spy on my neighbors,131,22,11,164,638,4447
"It won't work, eh?  That's what they said about Uber and Lyft !",151,34,9,194,638,1112
"Yes, I am from Amazon!  You obviously made a mistake when you made the order",123,19,11,153,638,341
Allow me to drone on...,118,29,6,153,638,390
Exercise is old school. I haven't lifted a finger and I'm 15 pounds lighter.,119,27,7,153,638,778
Now I can spy on my neighbors while keeping my pants up,119,27,7,153,638,2368
Just taking them for a little walk.,118,29,6,153,638,4985
"Fine, but can your suspenders take 3D selfies?",118,29,6,153,638,5001
"Look. In these trying times, anything to lighten our burdens.",133,25,10,168,638,2510
I was told you would be in a red sedan.,132,27,9,168,638,2550
"You have to adjust yours by hand, huh? Seems needlessly complicated.",138,15,15,168,638,3271
"Scary Poppins, nice to meet you.",132,27,9,168,638,4380
"Alexa, now show the semi-sagging mode.",112,22,8,142,638,575
Pull my finger - I need more propulsion.,114,18,10,142,638,3706
"I know Uber and Lyft are swamped.  Make up your mind, do want the ride or not?",112,22,8,142,638,4302
"I am a belt, suspenders and drone kinda guy.",121,30,6,157,638,897
Where can I drop you off?,120,32,5,157,638,3840
Drone-man!  I tried a cape but it kept getting caught in the rotors.,123,26,8,157,638,3944
No-tech suspenders are so 20th century.,132,34,6,172,638,715
Came up with the idea in high school. It's a bully deterent,139,20,13,172,638,3119
You may call me paranoid but you never know when you need an alibi.,127,25,9,161,638,852
I'm suspending my Amazon Prime delivery option.,123,33,5,161,638,1510
"Suck it, United.",128,23,10,161,638,1751
I’m saving a fortune on belts.,127,25,9,161,638,2642
Segways are obsolete.,127,25,9,161,638,3821
Carl found that Bob tended to drone on and on..,141,23,12,176,638,1981
Excuse me while I drone on .,139,27,10,176,638,3085
You should see me put on my underwear.,116,28,6,150,638,52
You get 360 degree street views with the confidence that you're pants won't fall down.,127,32,6,165,638,112
Smile.  If they think you're a mugger what happens isn't pretty.,131,24,10,165,638,425
I’m waiting to hear back from Shark Tank.,128,31,6,165,638,435
Suspenders by Amazon.,126,34,5,165,638,3238
"This is going to replace driverless cars,",119,22,9,150,638,3727
Sorry if I drone on,142,28,10,180,638,5296
People say I drone on and on.,148,24,12,184,638,3240
"Hey, it’s a lot quicker than a cab!",144,31,9,184,638,4616
"Well, I've been droning on. How are you doing?",131,31,7,169,638,221
"When the traffic gets tough, the tough get moving",132,29,8,169,638,3759
"Unlike your suspenders, these come with recharable batteries and an onboard camera.",130,33,6,169,638,5238
"Once in a while, I just need a little pick-me-up.",120,27,7,154,638,1810
Looks like Amazon is here to collect payment for these jeans!,123,21,10,154,638,2654
It's the newest thing in house arrest!,122,23,9,154,638,3340
I got them from a breeder in West Virginia.,123,21,10,154,638,5009
I'm suspended for the whole Fall Season.,106,29,4,139,638,1940
"You need help?—I have some pull.""",144,38,6,188,638,5158
I can’t tell which one is the devil and which is the angel.,137,26,10,173,638,2256
Ever tried to get a cab at rush hour?,121,32,5,158,638,389
Do you know of an open-concept restroom around here?,126,22,10,158,638,463
You must think I'm droning on and on.,124,26,8,158,638,1433
Wait  a minute - let me see how yours work,123,28,7,158,638,3066
You call those suspenders?,124,26,8,158,638,4252
I'm redefining power dressing.,111,26,6,143,638,3049
It beats the subway,135,37,5,177,638,2204
"I know, I can’t believe it either. Twins!",131,19,12,162,638,508
I'm changing how I see myself.,128,25,9,162,638,891
"I don't know who is controlling these things, but you should see how I go to the bathroom.",128,25,9,162,638,1037
"It makes me feel special, Gary.",130,21,11,162,638,1399
"Hey, I never criticize the way you hold up your pants.",126,29,7,162,638,2435
I call it a 'stealthie'!,125,32,5,162,638,2607
Just come up with me! I'm sure I've got enough battery.,124,33,5,162,638,4025
"You know, all is well until you get caught in a tree",127,27,8,162,638,4874
I call them: Suspenders®!,129,25,8,162,638,5313
Belt and suspenders is so 20th Century,113,29,5,147,638,1873
You didn't hear? This is part of Prime now.,116,23,8,147,638,2475
"Double drones, dude... suspender disbelief!",116,23,8,147,638,3031
That Untuckit craze ruined my idea.,132,24,10,166,638,10
Because bootstrapping is so last decade.,132,24,10,166,638,986
I apologize for droning on and on.,132,24,10,166,638,2742
"Come fly with me. Come fly, let's fly away.",132,24,10,166,638,3594
I wear a belt just to be on the safe side,126,36,4,166,638,4085
"You could just buy one, but you’d look weird.",132,24,10,166,638,4824
We don't know if it's scalable yet.,119,24,8,151,638,2618
I'm telling you thus beats taking the subway during rush hour.,119,24,8,151,638,3073
"Hi, I'm the new ""better"" you. Your girlfriend just purchased me online and got free one day drone shipping.",124,14,13,151,638,3091
"Yeah?  Well, I happen to LIKE wedgies.",136,23,11,170,638,581
Am I droning on?,132,31,7,170,638,4740
I have always tried not to be a helicopter parent,132,31,7,170,638,5399
Welcome aboard Uber Air.,147,34,8,189,638,3599
Do you mind taking my photo?,152,24,13,189,638,5118
But you would if Musk did!,122,25,8,155,638,144
These bad boys have an automatic alert for plumber's crack.,122,25,8,155,638,726
It’s called sans a belt,125,20,10,155,638,1170
"Sure, I could have just bought tighter pants, but these were on sale.",123,23,9,155,638,5385
I'm just like you. I put my pants on one drone at a time.,137,28,9,174,638,1236
I'm not getting caught with my pants down!,141,20,13,174,638,4332
"Not only do I not need a belt, I can deliver myself anywhere in the tri-state area.",112,19,9,140,638,1308
For 50 bucks I'll spray your monogram and a mustache on the Statue of Liberty.,152,31,10,193,638,4640
"Brother, can you spare a drone?",138,33,7,178,638,689
Stop me if I seem to be droning on.,143,23,12,178,638,1757
Detective Farr here with complete aerial surveillance services.,113,24,7,144,638,3685
"Do your suspenders even have Bluetooth, bro?",113,24,7,144,638,4014
I’m a drone and suspenders kind of guy.,127,29,7,163,638,1446
"Actually, they're court-ordered. Weinstein has a fleet.",131,21,11,163,638,3788
"...just download the App ""Pants On Demand.""",126,31,6,163,638,4489
"Its like Lyft, but literally.   What floor please?",128,27,8,163,638,4696
They go in opposite directions sometimes.,128,27,8,163,638,4829
Works way better than a belt.,144,28,10,182,638,901
Once I add the passenger seat I'll have put the lift in Lyft!,140,36,6,182,638,2313
"Belt and drones, yes, I'm in tech",146,24,12,182,638,3310
It’s either that or the G train.,133,24,10,167,638,1670
"I'm telling you, blockchain is over, Jim. You've got to keep looking ahead.",132,26,9,167,638,1744
"OK, Kenny. Time to raise some hell with the birdwatchers.",132,26,9,167,638,4722
I wish I'd double-checked the auto-correct.,135,29,7,171,638,572
I apologize if I drone on about my new suspenders.,121,22,9,152,638,884
"It's not the idea, Tim.  It's the execution.",118,28,6,152,638,1553
"I was waiting at a street corner a few weeks back and I thought to myself ""I bet I waste 15 minutes every day waiting for the stupid walk sign"".",138,21,12,171,638,2748
"They hold my pants up. You know, suspenders.",120,24,8,152,638,3722
They record everything I see so I don't have to be bothered with remembering stuff.,119,26,7,152,638,4504
"Same lift, less suspense.",134,29,8,171,638,5049
Sorry to be droning on. Just give me your wallet and I'll fly out of here...,138,28,9,175,638,1765
Sometimes I just drone on.,135,34,6,175,638,2593
You just gotta watch the battery life when your up there.,124,23,9,156,638,1343
"Ok, I’ll concede drone package delivery isn’t perfect.",120,31,5,156,638,4791
This is more convenient than Lyft and Uber.,139,33,7,179,638,2813
"So I decided,'Why not make them useful!'",140,32,7,179,638,4564
Sure beats suspenders.,128,22,10,160,638,3672
They came free with Amazon Prime.,146,26,11,183,638,3021
What? They were on sale.,144,30,9,183,638,3430
It's the ONLY way to get through NY traffic.,126,33,5,164,638,740
"Awkward, shmawkward. My live stream colonoscopies 
have 90,000 subscribers!",129,27,8,164,638,1288
"Unlike suspenders, these do way more than just hold my pants up.",128,29,7,164,638,1326
"Mine allows me to fly, what does yours do besides keep your pants up ?",130,25,9,164,638,1633
"Look, it's safe, trust me!  AND it sure beats riding one of those stupid scooters!",126,33,5,164,638,2079
"Suspend your disbelief, my friend. This is the future.",130,25,9,164,638,3876
"It's way better than suspenders, but I can't use revolving doors.",128,29,7,164,638,4472
"Now when people call me ""four eyes"" I take it as a compliment.",112,28,5,145,638,141
You really need the upgrade.,147,31,9,187,638,15
"It has its pluses, but I'm concerned if one gets called to another task.",131,30,7,168,638,731
"No worries, bro, they’re in reverse to help me stay grounded.",131,30,7,168,638,919
"Sure I tend to drone on, but now at least my pants stay up.",132,28,8,168,638,1209
It’s the new ball and chain.,135,22,11,168,638,3732
"Yes, but with mine I can fly.",129,34,5,168,638,3761
It's really the only way I could deal with a fourth-floor walk-up.,131,30,7,168,638,3983
It seemed like a good idea at the time...,150,32,9,191,638,342
"No, it's a broken belt.",117,25,7,149,638,1488
You're looking at Prime delivery.,117,25,7,149,638,2330
They're going to make belts obsolete.,135,29,8,172,638,119
They give me the lift I need every morning without any coffee.,131,37,4,172,638,851
"I hate to drone on and on about it, but we live in a surveillance society.",136,27,9,172,638,1412
"Hi, I'm from Planet Douchebag",140,19,13,172,638,1567
I can follow myself around so that the department store security guy can take a break.,136,27,9,172,638,1846
I used to walk dogs but this is more uplifting.,134,31,7,172,638,2798
Drone-drone is the new bling-bling.,138,23,11,172,638,3920
Because they keep my pants up and shoot video.,135,29,8,172,638,4552
"All I need is the costume of an obscure cartoon character, and then Macy's Parade here I come!",121,24,8,153,638,4247
Tighty whiteys. Why?,143,20,13,176,638,236
"Well, of course they make a droning noise.",139,28,9,176,638,1022
They also hold up my pants.,138,30,8,176,638,2070
The pants came for free.,138,33,5,176,638,3544
It's the latest in suspenders. Very uplifting,118,37,2,157,638,3427
These won't clutter up the sidewalks or knock out pedestrians like those damn electric scooters.,125,24,8,157,638,4226
Am I droning on and on again?,127,19,11,157,638,4366
Puts the “suspend” in suspender doesn’t it?,144,25,11,180,638,4162
"Dude, you gotta lose those old-time suspenders - these guys hold your pants up, and can also provide you with a a Lyft!",126,28,7,161,638,589
Suspender craft,127,26,8,161,638,1307
Suspenders just don't give me the lift I need anymore.,110,20,8,138,638,2885
Those suspenders are so yesterday.,126,28,7,161,638,4069
You have to think outside the box.  It's a manned drone.,131,25,9,165,638,261
It does get a bit tight in the crotch when it's windy.,131,25,9,165,638,2244
- Suspension of Disbelief -,130,27,8,165,638,3168
"Win-win. I was hot, too.",127,33,5,165,638,4344
They follow me on Facebook.,132,24,9,165,638,4682
I am a test pilot for a new ride sharing venture.,132,23,10,165,638,4814
This is my second suspension.,131,25,9,165,638,5113
Suspenders always look so dorky!,130,29,6,165,638,5262
My station can't afford a helicopter.,112,23,7,142,638,2515
Suspenders.  Done.  Belts.  Done.  These babies are the 21st century solution to the world's oldest problem.,151,32,9,192,638,2729
Do YOUR suspenders shoot 4K video?,132,30,7,169,638,328
I had too much for lunch and now I can't get home.,133,28,8,169,638,1402
I'm sorry- Am I droning on too much?,133,28,8,169,638,1910
Selfie sticks are so 2016.,132,30,7,169,638,3010
I’m very attached to my drones,134,26,9,169,638,3356
Drones are the suspenders of the future.,116,22,8,146,638,3214
"They can't quite lift me off the ground, but my pants never sag.",134,33,6,173,638,3932
Elon Musk told me this was the next logical step.,117,27,6,150,638,318
"Sure, the wedgie is a bit uncomfortable, but I think it's worth it.",116,29,5,150,638,1261
Suspenders? That’s so last century.,119,23,8,150,638,2991
We're disrupting the suspenders industry.,140,28,9,177,638,384
Brilliant. What do you call the shoulder belts?,140,29,8,177,638,502
I'm just trying to rise above all the hate and litter.,120,28,6,154,638,374
"It pays a lot better than my old dog-walking business did, and they're easier to control.",121,26,7,154,638,930
"I feel like an idiot, but hey, it's progress.",121,26,7,154,638,1384
My dream is to render belts obsolete.,118,32,4,154,638,2163
"A drone only provides information, but a manned done provides context.",121,26,7,154,638,2598
They offer excellent technical support,120,28,6,154,638,2942
Get it? Suspenders of disbelief!,123,22,9,154,638,4179
"Well, at risk of droning on and on...",122,24,8,154,638,4868
Quaint.,143,29,9,181,638,911
Not all heroes where capes.,141,33,7,181,638,2337
You get used to the buzzing.,139,37,5,181,638,3682
"I used to twirl plates on sticks, but that was sooo 20th Century.",143,29,9,181,638,4170
"I couldn't hear a word you said, but can tell you wish you'd thought of this first!",124,27,7,158,638,1762
How is it useless if every time I go to the bathroom I get a free haircut?,125,25,8,158,638,2015
It’s from the Amazon Optimus Prime collection,129,17,12,158,638,4097
"Cheap, yeah, but the carry on luggage charge is astronomical.",121,33,4,158,638,5056
Don't worry it's Cool. I just got a new job. I'm working in R&D at Amazon.,148,26,11,185,638,1439
The weight's been flying off,147,28,10,185,638,5406
It's sort of 'belt and suspenders' for the 21st century.,129,24,9,162,638,766
I'm what the buzz is about!,128,26,8,162,638,842
"Since I was over $35, I was delivered for free today.",125,32,5,162,638,1436
It's not what you think.  It's just a new type of hairdryer.,105,25,5,135,638,2083
Wearing a belt with suspenders looked foolish.,127,28,7,162,638,5200
You look ridiculous.,133,23,10,166,638,181
Sorry to drone on and on like this...,136,17,13,166,638,338
"It’s not hipster, Greg, it’s the future!",131,27,8,166,638,3412
Are you 100% sure you've left the window open?,134,21,11,166,638,3940
It's the only way I can keep these lo-rise jeans from falling down to my knees.,136,24,10,170,638,217
At first I used them only as suspenders.,134,28,8,170,638,544
They eliminate the need for suspenders and give you a little lift when you need it.,132,32,6,170,638,1445
Let's just let bi-drones be bi-drones,137,22,11,170,638,3218
This is the future of testicle support.,116,17,10,143,638,4403
I bought them on Amazon,138,27,9,174,638,7
"Yes, This is your Uber transport! I piggy back you to your destination",138,27,9,174,638,3995
Its a true disruption of the suspenders economy.,116,24,7,147,638,2944
Amazon really is stepping up their game.,119,18,10,147,638,5360
"Oh, you're supposed to pilot these remotely?",119,25,7,151,638,334
It makes me light in my loafers...,119,25,7,151,638,4148
They detect nearby security threats and they keep my pants up.,120,23,8,151,638,4357
"'.....nope, just glad to see you....'",143,31,8,182,638,2383
"Why, yes, I have been accused of droning on. Why do you ask?",143,31,8,182,638,3578
Disbelief Suspenders,143,31,8,182,638,4272
You conservatives are always stuck in the past.,145,27,10,182,638,4948
Why do it your way when you can pay more for a less effective solution?,127,16,12,155,638,17
"Get with the program, Phil. There's a drone for everything these days.",123,24,8,155,638,490
It came with the pants,123,24,8,155,638,1391
It's much better than the suspenders you wear but you do have to wear weighted shoes otherwise you flip over.,124,22,9,155,638,2034
It'll work fine as soon as I lose 150 lbs...,147,30,9,186,638,2334
Alexa said these were the best Suspenders!,122,26,7,155,638,2803
I thought those things went out with landlines!,126,25,8,159,638,462
Its FAA approved!,122,33,4,159,638,980
"Well, I'm droning on...",128,21,10,159,638,1093
Getting the briefs on is the tricky part.,124,29,6,159,638,3294
Check out the new Amazon Prime Air Travel.,130,17,12,159,638,5371
My wife's design.,154,30,10,194,638,1272
I find suspenders to be too confining.,129,26,8,163,638,284
Suspenders are so 20th Century.,131,23,9,163,638,1241
"Hi, I just flew in from the Hamptons.",131,22,10,163,638,1834
They’re from the same guys that created MoviePass.,129,26,8,163,638,3311
"Not sure I believe in the rise of the machines, but these ones are rising up my ass",130,25,8,163,638,4221
They swore it was better than an ankle monitor!,128,28,7,163,638,4260
"Believe me, it's the best wearable since the Google Glass!",131,22,10,163,638,4729
Could you spare a couple of batteries?,127,30,6,163,638,5235
Turns out drones are cheaper than belts these days.,128,28,7,163,638,5252
Brace yourself for me to drone on and on.,139,15,13,167,638,1503
Should have stuck with suspenders.,136,26,9,171,638,2810
I'm beginning to feel a bit light in my loafers.,136,26,9,171,638,4327
"Just so you know, I plan to drone on and on.",138,22,11,171,638,4345
They take the weight off my shoulders.,139,27,9,175,638,3402
The problem is with number two.,142,22,11,175,638,4370
"Jeez, Ned, next you’re gonna tell me you’re still using Viagra?!",141,23,11,175,638,4809
"They're rescue drones, and I'm trying to find a good home for them.",139,27,9,175,638,5324
Your braces are so passé!,117,17,10,144,638,1014
No more sitting on the couch with a cumbersome ankle bracelet. Introducing Drone arrest!,112,27,5,144,638,1430
They come with free altercations.,145,29,9,183,638,317
"It may seem like a lot, but believe me, I put my pants on one leg and one drone at a time, just like you.",116,26,6,148,638,439
I've always been an early adopter of new technology.,115,28,5,148,638,910
It's a lot easier than spinning dishes.,116,26,6,148,638,1050
"My pants are fine, I'm having my testicles stretched.",120,18,10,148,638,3068
...just the money I save on parking makes it a no-brainer.,148,30,9,187,638,626
I'm taking suspender fashion to new heights.,150,26,11,187,638,1195
Smartpants - the new smartphones!,122,24,6,152,638,182
"I can avoid traffic jams, grab dinner at a drive-thru, and get home in no time. The pigeons like to dive bomb me, though...",118,29,5,152,638,4006
I love your braces—so retro!,116,34,2,152,638,4900
It’s Chitty-Chitty-Bang-Bang for millennials.,120,25,7,152,638,5162
Hey- Do you know which way to the Shark Tank studios?,124,24,8,156,638,500
"You don’t get it, it’s supposed to be ironic.",123,26,7,156,638,936
"The price is steep, but it is worth it knowing that you are better than everyone else",121,30,5,156,638,1551
I don't tweet. I twirl.,128,16,12,156,638,4284
Be honest. Is my bald spot growing?,126,27,7,160,638,189
and free delivery saves me tons in carfare!,125,32,3,160,638,582
This new improved model is absolutely guaranteed not to give you a wedgie.,127,25,8,160,638,2793
I found the Midtown pigeons to be particularly rude and unwilling to share their airspace.,124,31,5,160,638,2981
Think movies. It's the suspension of disbelief.,130,26,8,164,638,736
Suspenders were so 1980s.,128,30,6,164,638,779
I’m under drone surveillance,134,18,12,164,638,2108
I am competing for the 2018 Darwin Award.,128,30,6,164,638,2995
"Hi,Jeff Bezos here",130,26,8,164,638,4266
"You know what they say, two drones are better than one.",134,25,9,168,638,2291
"It's like a parole ankle monitor, but with wedgie capabilities.",133,27,8,168,638,2535
It's a great system until I need to visit the john.,132,29,7,168,638,3210
"A belt-and-suspenders approach seemed like overkill, so I just went with this.",131,31,6,168,638,3274
I can't find my belt.,133,27,8,168,638,3390
Amazon is hiring,130,33,5,168,638,4228
Don't give me that ethics crap.Do you want to spy on your girlfriend or not?,138,31,7,176,638,227
The only downside of being totally wired is going to the men's room,139,29,8,176,638,882
Belts are so LAST YEAR,137,33,6,176,638,2761
My wife is convinced I can't keep my trousers on,140,27,9,176,638,3934
"No, they're not holding up my pants.",137,33,6,176,638,4448
Look at me droning on to a guy who already gets it.,140,34,6,180,638,3323
Those suspenders are so last millennium.,145,31,8,184,638,2947
"This way, if anyone tries to shoot me, I'll have proof!",154,34,8,196,638,912
"No shedding, no kitty litter, no doggy bags.  Plus, they hold my pants up.",119,24,6,149,638,4291
uberwings at your service.,119,22,8,149,638,4537
"The wedgy? Yeah, but that's the beauty of it. You just say, ""MyDrones, bring it down two inches!""",118,31,4,153,638,1076
The only thing we have to fear is...EVERYTHING!,124,19,10,153,638,1759
AND I don't need a belt.,125,24,8,157,638,865
They can take me anywhere except the airport; they shoot me down in that sector.,123,28,6,157,638,1459
"I can't really hear you, but yeah I do like veggies.",127,20,10,157,638,1566
"Wow, look at me droning on, I'm Bill.",125,24,8,157,638,1749
But these are so much more than just suspenders.,123,28,6,157,638,2009
"They keep me light on my feet, but still can’t lift my spirits.",126,22,9,157,638,2017
You' re right - going to the John can be very challenging..,130,21,10,161,638,145
They are also attached to my socks.,129,23,9,161,638,588
I hated getting those ridges in my shoulders.,130,21,10,161,638,649
Apparently the Fashion Police now have drones.,130,21,10,161,638,4646
Suspenders are so yesterday,133,22,10,165,638,1085
My ex fiancé dumped me because I kept droning on and on.,130,28,7,165,638,1474
They’re in beta.,133,22,10,165,638,3784
"And the best part, they'll run all day on a quart of honey.",129,30,6,165,638,5016
"Hey Todd, remember when you gave me a wedgie in 5th grade?",133,30,6,169,638,3863
I think you’re missing the point.”,140,22,11,173,638,1147
"The pants go down as quickly as they go up! Adapt or die, my friend.",138,26,9,173,638,1234
go ahead buddyboy pull my finger,139,24,10,173,638,3105
"Yes, but I felt the belt version a bit invasive.",137,28,8,173,638,4936
"I'm so cool, my suspenders have suspenders.",141,28,8,177,638,3043
Belts and suspenders weren't working for me.,141,27,9,177,638,4668
"Jeeze Bob, get with the 21st century!",136,37,4,177,638,5319
"After nearly thirty years as senior mechanical engineer at Boeing, I decided to launch my own company.",139,38,4,181,638,305
"I'm testing the new Lyft ""Literally"" option",141,34,6,181,638,1630
"Don't worry, they relax my shoulders and put a spring in my step.",139,38,4,181,638,2286
It's the latest buzz.,145,33,7,185,638,4907
Buy one for $19.99 and get the second one for free.,152,34,7,193,638,1473
"Just out walking my new pets, Eye and Spy.",114,20,8,142,638,2001
"So I says to myself, 'I'm not gonna be one of these office drones.'",116,23,7,146,638,3343
"Finally, customer support I can give 5 stars!",117,21,8,146,638,4388
"As Plato said, ""An unexamined life is not worth living.""",117,28,5,150,638,1012
my right hand wanted to know what my left hand was doing,118,26,6,150,638,1498
I'm just not into pre-drone era fashion.,121,20,9,150,638,1809
"They told me to lift myself up by my bootstraps, but why not take it one step further?",119,24,7,150,638,2900
"Trust me, the drone pants always make a great impression on a first tinder date.",120,22,8,150,638,4567
It beats waiting in traffic!,122,25,7,154,638,1061
"Yeah, but do yours intelligently pull your pants down when you have to pee?",122,25,7,154,638,1108
These babies are completely programmable and adopt to a variety of male and female garments.,119,31,4,154,638,1885
Because the airlines have jacked up their prices again.,120,29,5,154,638,2242
"Until I find a pair of 32 regulars, these suckers do the trick",123,23,8,154,638,2894
"Old school, eh?  I like it.",123,30,5,158,638,3405
I’m disrupting belt technology,125,26,7,158,638,3609
"Mine are superior as long as I have batteries, a cellphone, an app, and an internet connection.",126,24,8,158,638,3764
"I get the skepticism, but ultimately I'm a big fan",126,25,7,158,638,3994
Regular suspenders dig into my shoulders.,128,27,7,162,638,2006
Try to suspend your disbelief Stuart.,130,23,9,162,638,3941
I fly the pants in the family.,127,29,6,162,638,4099
You'll never guess how you squeeze the hands-free remote!,131,21,10,162,638,5264
The WiFi won't be the only thing that drops.,131,28,7,166,638,211
"They do pull a little bit, but you get used to it.",129,32,5,166,638,1833
It’s great as long as the batteries last.,130,30,6,166,638,2946
Technology supports us more and more every day,127,36,3,166,638,3165
The weggie is free of charge.,134,22,10,166,638,3259
"As you can see, the new Gucci Belt 3000 comes standard with dual drone capability.",132,26,8,166,638,5153
The pigeon traffic is horrible today.,129,32,5,166,638,5305
You can wait for a sedan or leave now by drone.,135,27,8,170,638,618
"When the batteries start to run down, you know its time to head home.",133,31,6,170,638,2194
Smarty pants,132,33,5,170,638,2779
"...but now, I can't imagine life without them.",138,28,8,174,638,1484
"AmaJohn Prime, nice to meet you.",136,32,6,174,638,3337
"So when my boss says, 'Your pants are sagging, you're out of dress code,' I just press a button.",139,26,9,174,638,3675
"Come on Carl, get with the times.",138,28,8,174,638,4849
Are you here to SUSPEND my FAA drone registration??,142,27,9,178,638,2551
"No, but I'm quite light on my feet.",139,33,6,178,638,4623
"Driving a car is so 2017, bro.",156,27,11,194,638,71
Suspenders are so 1980s Wall Street.,156,34,8,198,638,4232
"... and when batteries go, the drones and pants drop.",158,30,10,198,638,5144
Puppet? You're the puppet.,113,17,9,139,638,4466
I do admit that the first couple of tries were painful until I decided to wear a supporter.,118,21,8,147,638,2171
"I couldn't say ""no"", it was buy one get one free!",114,29,4,147,638,2325
Does my outfit look fly or what.,117,23,7,147,638,2836
"We’re starting with belts, but our investors see a growing opportunity in bootstraps.",116,25,6,147,638,3925
"We've tried Viagra, Cialis...I tell you, this doctor is one persistent guy.",121,22,8,151,638,1139
Do you know any places with decent carry-out under 6-1/2 pounds,124,16,11,151,638,1546
"Hi, I'm Nathan from Microsoft, do you have time to take a quick survey?",121,22,8,151,638,2252
This new suspenders system is head-and-shoulders above the rest.,123,25,7,155,638,580
"They're still improving the battery life. Right now, I can only be in public for like 20 minutes.",123,25,7,155,638,1237
"They're hard on the crotch when you first power up but after 10 minutes, they're great.",125,21,9,155,638,1998
"Sure, but what's keeping your suspenders up?",125,21,9,155,638,2509
Can I borrow your phone? I need to pee.,126,19,10,155,638,3437
"If you know a simpler, technologically progressive way to hold up pants, I'd love to hear it...",125,28,6,159,638,681
I can get crosstown in 15 minutes.,124,30,5,159,638,2988
They were Buy One-Get One Free on Amazon,125,28,6,159,638,4278
It’s Silicon Valley’s answer to those ridiculous suspenders.,127,24,8,159,638,4894
"Sorry to drone on and on, but the concept really is quite simple...",128,29,6,163,638,2150
Droneless suspenders were so 2018.,129,27,7,163,638,3023
"Yeah, elevators can be tricky.",129,27,7,163,638,3715
My friends tell me I need to be more self aware.,127,31,5,163,638,4151
"Give them up,you too can fly by the seat of your pants.",130,25,8,163,638,4298
"They keep me cool, hold up my pants and are great conversation starters.",133,26,8,167,638,1947
It's the future Jim,132,28,7,167,638,4850
"Suspenders make you look old-fashioned, Dude.",131,37,3,171,638,1615
Faster than a speeding Uber. More powerful than a locomotive Lyft. Able to leap tall buildings in a single bound.,135,29,7,171,638,1653
They laughed when I said I was an early adopter. Well who’s laughing now?,136,27,8,171,638,2409
Traffic above the FDR was crazy this morning.,135,29,7,171,638,2529
Works great...as long as you avoid doorways.,135,29,7,171,638,3464
"Sorry, I didn't mean to drone on like that.",133,33,5,171,638,4933
"...and, they're a great way to keep cool on those hot summer days.",138,23,10,171,638,5349
I have an elevator phobia,135,29,7,171,638,5382
Oh these? They are the new Google suspenders.,141,31,7,179,638,1662
But it’s not so cool when the batteries run out.,139,35,5,179,638,2857
It's called the Wedgie 3000.,146,28,9,183,638,2634
"And above all, on a hot day it's pretty cool.",146,28,9,183,638,4400
Do you need a lift?,146,35,6,187,638,2997
But what if you need to use your shoulders for something?,129,22,9,160,638,60
My package needs extra tech support.,121,17,10,148,638,265
“These drone suspenders will have you walking on air.”,136,29,7,172,638,282
Suspend your disbelief,124,19,9,152,638,370
"I'm not 'as fast as a speeding bullet', but I can 'leap the tallest buildings'.",125,23,8,156,638,514
Which Black Mirror episode is this?,128,17,11,156,638,658
"It' a an all-purpose life saver: holds up my pants; provides cooling when i need it; lets me see what's behind me; scares off muggers; receives messages; and would you believe it, it's great for picking up chicks.",131,25,8,164,638,799
...and I never have to worry about sinkholes.,139,30,7,176,638,1107
When are you upgrading to smartsuspenders?,138,25,9,172,638,1721
"It's pretty obvious that your love has not lifted me higher, thus the drones.",129,29,6,164,638,1807
I have to keep heavy objects in my pockets to avoid sudden unwanted  lift-offs.,105,21,6,132,638,2055
"Yeah they’re cool, but the insurance is a real bitch.",135,24,9,168,638,2085
They are cheaper than a taxi or Uber.,133,28,7,168,638,2158
"And the best part is, no more stinking elevators.",127,26,7,160,638,2712
"A little bird do-do, yes.  Still better than the subway.",114,24,6,144,638,2741
They hold my pants up and take selfies at the same time,126,28,6,160,638,2785
Do you have any idea what those suspenders say about you as a person?,126,21,9,156,638,3039
"Just in case my patent isn't approved, I still wear a belt",125,23,8,156,638,3159
I used to keep my pants up with Viagra,144,20,12,176,638,3422
Psst—prison break at noon—pass it on.,127,33,4,164,638,3526
"I still don't trust mine off-leash.""",133,21,10,164,638,4066
Go ahead and stay in the 20th century for all I care!,130,20,10,160,638,4341
They're Kegel controlled.,144,21,11,176,638,4378
The trouble with suspenders was they always looked so dated,138,25,9,172,638,4413
Suspenders are a young man's game.,114,24,6,144,638,4437
"I could drone on and on, but to put it simply: I'm not a belt-and-suspenders guy.",121,24,7,152,638,4561
"Hello son, your Mom and Dad would like a Word.",119,14,11,144,638,4562
Not great if you're trying to conceive.,113,26,5,144,638,4956
You should see the rover that ties my shoes.,138,25,9,172,638,5012
How’d you know my kids bought my suspenders from the SkyMall catalog?,137,27,8,172,638,5308
"If you fall , it'll be recorded """,165,37,7,209,638,1861
"They found me, fell in love with me, and won’t leave.",144,36,5,185,638,1427
"A belt, braces? So 1990’s",149,26,10,185,638,2200
"And then he said ""If you build it, they will come.""",147,31,7,185,638,4258
Did you order an Uber Hug?,149,19,13,181,638,531
You’d think the Government would have bigger things to worry about.,146,25,10,181,638,3488
I know why the caged drones sing.,140,30,7,177,638,1142
"Believe me, it's a great way to pick up chicks.",140,30,7,177,638,1663
"Dude, I’m taking belts and suspenders to a whole new level.",143,24,10,177,638,2010
"Batteries haven't run out, why do you ask?",141,28,8,177,638,3322
"Of course, everybody has to pull in the same direction",144,24,9,177,638,4934
"Sure it looks ridiculous, but I am saving a fortune in cab fare.",138,27,8,173,638,436
You’re telling me you still use a belt to hold up your pants?,140,23,10,173,638,4565
I have the Belts and Suspenders upgrade from Amazon Prime - the delivery and operation all-in-one package.,136,31,6,173,638,4854
The Space Force’s new uniforms come with these cool suspenders.,136,24,9,169,638,2697
It’s gonna be hell when their batteries die.,134,28,7,169,638,3083
I'll drop you anywhere.,132,32,5,169,638,4177
It's easier than finding a belt I like,130,29,6,165,638,2568
"It's a win-win for lawyers - stay in fashion and create more accidents""",132,25,8,165,638,3676
I got my suspension lifted.,129,31,5,165,638,3801
"Get with it, Bud.  Fairy godmothers are so last-century.",127,35,3,165,638,4977
Women will never look at you the same again!,129,31,5,165,638,5024
They're the Uber of suspenders,130,22,9,161,638,756
"This personal space surveillance technology works great, but there are a few challenges with it on the MTA.",128,26,7,161,638,3612
"Dude, suspenders are so passé",128,26,7,161,638,3911
The concept is highly uplifting!,130,22,9,161,638,4109
It was a steal but it's a sixth floor walk up.,130,22,9,161,638,4518
How do you like my new Hammacher Schlemmer belt?,126,23,8,157,638,1519
Suspenders are so last year.,123,29,5,157,638,2099
"Need I repeat?  You, me and everyone are under government surveillance!  They are everywhere!! Can you not see what I'm talking about?",121,33,3,157,638,3509
As seen on SharkTank.,121,26,6,153,638,213
Listen to me drone on.,125,18,10,153,638,664
Is my fly showing?,123,22,8,153,638,2018
I couldn't find my belt.,122,24,7,153,638,2369
This new look is really going to take off!,120,28,5,153,638,2576
Hi. I'm new here.,122,24,7,153,638,4615
I hate to drone on and on but...,119,23,7,149,638,2181
"Well Dave, the hum is annoying, but fashion stops for no man.",117,27,5,149,638,3212
"Hey, I like your retro look!",116,29,4,149,638,5074
I was so embarrassed by my old-school dad and his suspenders. No way I was going to end up like that.,114,26,5,145,638,4267
"It's 2018 Jeff! Impractical or not, THIS is fashion.",115,17,9,141,638,2490
I just got so sick of the subway delays.,109,31,1,141,638,3026
It's only been a problem when they won't land.,107,26,4,137,638,3036
These Uber-Drones are fantastic! But I do miss the conversations.,105,23,5,133,638,4451
...and then you tug on these depending on how closely cropped you want your hair,152,36,6,194,638,3637
"It's my new start up, up and away.",144,31,7,182,638,359
I  call the left one belt and the right one suspenders.,137,31,6,174,638,1005
I didn’t get a five-star rating by dropping anyone.,140,25,9,174,638,2133
"LOOK, no suspenders!",142,23,9,174,638,2859
"They’re called braces, by the way, not suspenders.",136,33,5,174,638,2960
"I’m bi-dronal, it’s a thing.",138,29,7,174,638,3681
Remember when belt and suspenders was enough?,141,23,10,174,638,4759
I finally got the hang of this “selfie” thing.,136,26,8,170,638,3483
They're ok but on a windy day talk about 'restricted airspace'.,133,25,8,166,638,2702
"I don't know what they do either, but they're a sure fire chick-magnet.",129,33,4,166,638,3442
My trainer told me to record my diet and exercise habits.,134,23,9,166,638,5022
"Only $1599.99 on suspndr.com, but the 45-minute battery costs a bit more.",130,25,7,162,638,459
"And it's all hooked up with bluetooth, so you just need to say: Alexa, pick my wedgie.",129,26,7,162,638,2142
"You look ridiculous, still wearing suspenders?",132,20,10,162,638,4265
This is not your father's belt and suspenders...,126,25,7,158,638,3847
"Brother, can you spare a charge?",124,29,5,158,638,4404
I love the modern look apart for the occasional wedgie,128,21,9,158,638,5285
They're less intrusive than a divorce.,125,20,9,154,638,1634
My wife no longer drones on about plumber’s butt.,120,24,6,150,638,125
"Dude, it's just suspended animation.",117,22,7,146,638,2422
It's a must have to avoid all those annoying folks on motorized scooters and skateboards.,115,26,5,146,638,2704
"Double-drone suspension!  It will navigate you through your toughest days.  Trust me, it won't let you down.",115,26,5,146,638,5225
I thought the job was for a dog-walker,113,23,6,142,638,1295
"They can do up my zipper, too!",114,21,7,142,638,1495
"I got the pants from Amazon, and they're still in the trial period.",113,23,6,142,638,1614
These new and improved e-suspenders add detail to my outfit and can be adjusted via an app,115,19,8,142,638,1977
My venture-backed tech startup is disrupting the belt industry. Name's Chad. Great to meet you.,114,21,7,142,638,4061
I use the one on the left to keep an eye on the other one.,155,32,8,195,638,2769
I got the idea researching new treatments for ED.,153,29,9,191,638,280
Special delivery!,150,28,9,187,638,3174
Apparently they repel elephants - it seems to work.,143,35,5,183,638,1396
"Sure they keep your pants up, but can they make you 10 pounds lighter?",144,26,9,179,638,2248
"The one on the right tells me what my left side is doing, and the one on the left tells me what my right side is doing. 
Amazing invention.",147,20,12,179,638,2315
They're army surplus---another example of government waist.,141,25,9,175,638,107
Suspenders and belt? Old hat!,143,21,11,175,638,1726
How quaint.,136,28,7,171,638,218
Getting a new perspective on life is easier than I thought.,133,34,4,171,638,2395
"....and Whooooooosh, they’re on!",135,30,6,171,638,3445
It's for my kid's science fair. He's calling it Tech Weggie 2.0.,137,26,8,171,638,5257
Who's going to notify you when your zipper's down?,134,25,8,167,638,2217
"Hello, I'm your new window washer.",132,29,6,167,638,2574
Not if I see you first.,138,17,12,167,638,2905
I’ll take the high road.,129,28,6,163,638,939
"I'm just a regular schmoe like everyone else, I put my trousers on, one leg at a time, aided by my trusty trouser-drones.",130,26,7,163,638,1453
"Hi, I'm your wife's new husband.",130,26,7,163,638,1504
"I used to be self conscious, but the breeze is worth it.",129,28,6,163,638,1562
What are those??!!,131,24,8,163,638,2145
"Typical Larry, droning  on and on.",132,22,9,163,638,2685
And they really help on visits to friends in walk up apartments.,131,24,8,163,638,4103
It’s just Amazon Prime delivering my suspenders. The underwear delivery may be a little embarrassing.,132,22,9,163,638,5410
Commuting from Brooklyn is a lot more fun.,126,27,6,159,638,445
"Yeah, I used to be a suspenders guy too, that was before I came to grips with the 21st century.",128,23,8,159,638,2177
They promised us flying cars.,128,23,8,159,638,3220
And he droned on and on....,126,27,6,159,638,4147
"Say what you will about the military industrial complex, it's been great for wearable tech!",123,26,6,155,638,397
Believe me. No one will bother you with one of these.,129,14,12,155,638,674
"At first I had to deal with a wedgie, but a little duct tape fixed that issue.",125,22,8,155,638,1099
Think the Jetsons meets an atomic wedgie.,123,26,6,155,638,1798
"Yeah, well, you know, that's just like, your opinion man.",122,28,5,155,638,2458
Somebody has to provide oversight on this president.,124,24,7,155,638,2718
It's called Drone Dating. It's free with your Amazon Prime membership. Do you want me to land somewhere else?,125,22,8,155,638,5083
This new technology has me in suspense.,121,23,7,151,638,879
Hello! Amazon needs feedback on it's new 'EZ Commute' product. Would you care to test ride?,124,17,10,151,638,1887
Quick! The batteries!,124,17,10,151,638,1954
"I call it, ""The Smart Belt""",123,19,9,151,638,2092
What's a belt?,124,17,10,151,638,3308
As long as the batteries hold out they feel a lot more like 'suspenders.',119,27,5,151,638,4417
"I've only got the fuel to catch the last three innings, but hell, the view is great, and decent Yankees-Red Sox tickets cost at least 500 bucks.",120,19,8,147,638,2758
What's it to you if I'm a hovering parent?  My kid has the remote.,117,24,6,147,638,4013
Drone on!,116,26,5,147,638,4394
My wife thought this was cheaper than a private detective.,118,22,7,147,638,4666
They're my comfort drones!,155,27,10,192,638,3744
"A little expensive to hold my pants up, but it works.",115,22,6,143,638,2067
My new 'DroneSpenders' cut my commute time in half!,111,22,6,139,638,2278
Drone suspenders. Jet packs are passé.,152,19,13,184,638,1327
Fashion comes in cycles.,145,33,6,184,638,1984
"Get with it man.Those suspenders are so '20th Century'""",144,30,6,180,638,1394
"It's really about disrupting the I-see-London-I-see-France space, but also it just looks cool.",141,34,5,180,638,1443
Welcome to my fan club.,143,23,10,176,638,174
They cut my commute time in half,135,32,5,172,638,1437
"No adjustments, and no shoulder pain.",136,30,6,172,638,1496
"The technology might change, but wedgies will never go out of style.",136,30,6,172,638,2239
I've named my drones Wilber and Orville,134,28,6,168,638,1232
So what was I supposed to do after they took away all the phone booths?,134,27,7,168,638,1628
"I believe you ordered the downtown helicopter tour on Fiver? Hope you don’t mind but not all services will be available on this flight. 
Go ahead and take my hand and we’ll be on our way...",138,19,11,168,638,3157
I'm  Amazon's new delivery system.,136,23,9,168,638,4898
"Just had to get them out of the house, you know?",130,28,6,164,638,559
Your suspenders are so old fashioned.,130,28,6,164,638,724
A belt and suspenders approach just isn't going to cut it in this economy anymore.,134,20,10,164,638,965
"Ten years from now, no one will be using suspenders anymore.",129,30,5,164,638,1901
Its how I see beyond the pedestrian and get the big picture.,133,24,7,164,638,4236
I know I know my wife said this will help me keep my pants on,131,26,7,164,638,4717
Constant selfies record the reality of my remarkable life.,131,19,10,160,638,1177
"We are piloting Same Day Delivery in New Jersey, but the bridge is a nightmare",126,29,5,160,638,3739
The witness protection folks insisted on this.,127,27,6,160,638,4474
Here’s the elevator pitch: “It’s Uber...for pants.”,126,22,8,156,638,2737
It's not going to look so stupid when they shut down my subway line for a year!,123,28,5,156,638,3960
"I'm telling you, Wilbur, this will work!",125,24,7,156,638,4499
"""And, I said, 'to hold my pants up.' Get it?""",123,29,4,156,638,5303
Kites were too impractical.,122,23,7,152,638,2929
"What's the matter, never seen a guy giving himself a wedgie?",122,16,10,148,638,1570
I’m sorry if I seem to be droning on.,118,24,6,148,638,2775
"...one is okay, this is more like belt and suspendrones.",149,27,9,185,638,3492
People always tell me I drone on and on.,118,24,6,148,638,4576
These new suspenders really deliver.,146,27,8,181,638,1801
"Well, drones have the element of suspense.",144,30,7,181,638,2610
No more saggy pants. Guess where I have the controller.,144,30,7,181,638,3962
...able to leap tall buildings in a single bound!,143,32,6,181,638,3976
Bid me slip the surly bonds of earth...,143,32,6,181,638,5085
It's not for everyone. Have you considered a belt?,114,25,5,144,638,902
"Superior suspension, with almost negligible wedgie risk.",139,33,5,177,638,470
I gotta run. Need to recharge.,140,31,6,177,638,1629
Suspenders?  They've gone the way of the flip phone.,141,29,7,177,638,2876
Airspenders!  Get with it Dude!,138,35,4,177,638,4858
"We call it ""The Game of Drones!""",112,22,6,140,638,1590
My fly will never stay open again.,135,34,4,173,638,225
"I'm telling you, spywear is really going to take off.",142,20,11,173,638,1223
"I lost my damn belt, is that a problem for you?",135,27,7,169,638,2062
"I used to be a belt-and-suspenders kind of guy, like you.  But no more!",137,23,9,169,638,2250
It's cheaper than paying for parking!,133,31,5,169,638,3032
"Impractical? Spendy? True, but oh so chic.",134,29,6,169,638,3760
You're next. Lift off is easy. It's getting into Superman position that's difficult.,134,29,6,169,638,5000
Its an Uber subsidiary.  Later dude.,130,30,5,165,638,990
"Well, these are Amazon Prime suspenders.",135,20,10,165,638,5356
"They're super comfortable, as long as you wear 
the recommended wedgie-proof pants.",130,23,8,161,638,232
"Sure, your pants don't fall down, but how do you keep your social status up?",130,23,8,161,638,1378
You wouldn’t believe the mileage I’m getting on these things.,128,27,6,161,638,3626
I've had it with helicopters to the Hamptons.,131,21,9,161,638,3938
"Go ahead, Mug me.",125,26,6,157,638,1784
My mom likes to know what I am doing at all times.,127,22,8,157,638,1953
And that was the last time my pants ever fell down in front on my girlfriend's patents.,129,20,8,157,638,3877
In an emergency I can summon my pants.,125,26,6,157,638,4166
My pants have never been so secure.,125,26,6,157,638,5047
We're in stealth mode.,151,25,10,186,638,50
To hold my pants up!  Get it?,149,29,8,186,638,3204
"It's my new ""Traffic Beater"" belt attachment from Sharper Image.",149,29,8,186,638,5365
"Unmanned Aerial Suspenders, check me out on Kickstarter...",123,23,7,153,638,1361
Bro you don't have drone-suspenders yet? Get with it.,124,21,8,153,638,3306
You’re in luck! I just got 2.3 billion dollars from venture capitalists to solve the Suspender Crisis.,121,27,5,153,638,3832
They actually don't tell time.,125,19,9,153,638,4883
"After being diagnosed with cell phone addiction, I quit cold turkey, and went with these.",147,26,9,182,638,629
Buy one get one at Sky Mall.,148,24,10,182,638,5413
All is fine until the drones come down.,118,26,5,149,638,3042
"I don't mean to drone on, how have you been?",122,19,8,149,638,4530
The Russians designed them for Larry King.,120,22,7,149,638,5316
"And, the fans keep you cool.",140,33,5,178,638,1646
Only two days with Amazon Prime.,117,21,7,145,638,4414
Spare change for double A's?,138,30,6,174,638,4446
"Fear not, we come in peace",117,22,6,145,638,4598
"What’s so funny? Two eyes, two ears, two drones.",116,23,6,145,638,5213
Got 'em online...dronespenders!,141,19,10,170,638,259
"Sure they're autonomous, but they ride up like crazy.",135,29,6,170,638,1372
"You haven’t seen a joystick around, have you?",134,31,5,170,638,2613
Wait til you see the belt I’ve ordered.,137,25,8,170,638,3318
"Don't tell me, you have a Blackberry too.",113,22,6,141,638,223
My doctor told me losing weight would help keep my knees from hurting.,112,24,5,141,638,1004
"Suspends your disbelief, doesn't it?",114,20,7,141,638,1586
There's more intense range anxiety than you get in an electric car.,135,22,9,166,638,1572
I have a sneaking suspicion the government is watching.,135,22,9,166,638,3508
I call them “suspended suspenders”,133,26,7,166,638,3745
"Actually, it's kind of fun, but they sometimes leave me places I didn't want to go.",133,26,7,166,638,4732
I remember you. Your ex-wife hired me awhile back.,135,22,9,166,638,4919
"Four of these and I run into a passenger jet, three I tip over, two are just right!",130,32,4,166,638,5060
And then I don't have to wash my hands because these pull up my pants for me.,135,22,9,166,638,5212
Can I buy those?  I collect 1.0s.,133,19,10,162,638,39
Who dressed you...your Mom?!,129,27,6,162,638,1397
The ladies love them.,130,25,7,162,638,3907
"I could talk forever about them, so don't let me drone on.",125,28,5,158,638,533
These aren't your grandpa's suspenders!,126,26,6,158,638,1747
...and no more sore shoulders.,125,28,5,158,638,3446
The guy could drone on for hours,131,16,11,158,638,3693
The suspense is just about killing me.,128,22,8,158,638,4520
"It’s called style, and it can’t be bought.",127,25,6,158,638,4867
Of course suspenders would be more convenient. But would they be as cool as this?,146,30,7,183,638,4116
Aerial suspenders are uplifting.,123,25,6,154,638,518
You need the Air Lyft app.,124,23,7,154,638,1200
Our policy at Over is that you tip and rate us  right before drop off.,126,19,9,154,638,1479
Welcome to Amazon Direct Temporary Labor,123,25,6,154,638,2680
"Look... it's simple... I go up, I take a look and  I come down.",124,23,7,154,638,3167
"""It's $1 to unlock then $0.15/min, each.""",127,17,10,154,638,3777
you got any spare batteries?,143,29,7,179,638,5304
Everybody needs a lift once in a while.,140,28,7,175,638,2036
"Wow, these things really make my pants vibrate!",141,26,8,175,638,2120
"Sorry, I tend to drone on.",140,28,7,175,638,3888
Belts are so yesterday.,120,24,6,150,638,4001
Drone delivery sounds great but returns will get you.,140,28,7,175,638,4539
"Yeah, but my shoulders don't get tired.",137,27,7,171,638,815
I'm a beta test: Amazon Dudes.,137,28,6,171,638,2243
The future is now suspended.,141,19,11,171,638,3992
Suspenders for millennials.,117,23,6,146,638,2456
They're called suspenders for a reason.,119,19,8,146,638,2512
"Women say I'm self-involved and unapproachable, but I don't see it. I'm a regular guy like you, Jack.",136,22,9,167,638,268
"Eventually the ""belt and suspenders"" approach wasn't enough for me.",136,22,9,167,638,1197
What happens when you want to go to the bathroom?,139,16,12,167,638,1604
"Now, I just need to build a robot to unzip my fly because no human wants to.",141,14,12,167,638,3395
The problem is I can only wear them without a jacket “,135,24,8,167,638,4426
It's called the iBelt. There really is nothing Apple can't do!,135,24,8,167,638,4764
"Nope, same old Jerry, but the 'fro had to go.",154,23,11,188,638,622
"I just don't think we're compatible. I mean, how am I supposed to follow you? You don't even live stream.",152,27,9,188,638,3162
"Yes, they were made in China. How did you know?",133,21,9,163,638,89
"I am back in the jeans 
I wore in college",130,27,6,163,638,116
I see you went with the Bluetooth model.,128,31,4,163,638,176
"No, it's not that tough in the bathroom - but a little advance planning sure helps.",128,31,4,163,638,725
You always said I droned on and on!,132,23,8,163,638,1191
Is safer than Uber...,130,27,6,163,638,1930
Sorry to drone on like that.,133,21,9,163,638,3296
We here at the MTA will never stop working on solutions.,130,27,6,163,638,3424
I'm trying out for Amazon Man.,131,25,7,163,638,4428
I'm actually doing a study on wedgie tolerance.,149,26,9,184,638,3367
"Attach 'em to your hips and no wedgies, guaranteed.",126,28,5,159,638,3265
Remember when pants just fit?,125,30,4,159,638,3668
"These suspenders were costly but totally worth it, which is a ton of weight off my shoulders.",144,29,7,180,638,2032
Wait until you see what I'm using for underwear,126,21,8,155,638,68
I'm taking a really cheap flight to Miami!,124,25,6,155,638,287
It also keeps most people from approaching me which really helps my crippling social anxiety,124,25,6,155,638,748
Elevators are a relic of the past if you can deal with a wedgie.,120,33,2,155,638,1932
Things go south when I let my son control them.,124,25,6,155,638,2973
"As long as you don't have to use the bathroom, these things are like magic.",123,27,5,155,638,3686
You can return me. But judging from the battery life you're going to have to give me cab fare.,126,21,8,155,638,4173
I just wanted to elevate my suspender game.,127,19,9,155,638,4816
Heading home? I'll give you a lift.,125,23,7,155,638,5139
"I got this and ten other permutations patented. The next time somebody mentions drone and underwear together, BAM! I sue and we settle.",141,28,7,176,638,1258
"I know Droning-On is a lousy air taxi name, but Lyft was aleady taken.",141,28,7,176,638,4493
Gotta fly.,140,30,6,176,638,4636
"Trust me, in a few years, everyone will be wearing them.",142,26,8,176,638,5407
"...in fact, I’m on my way to Larry King’s right now.",125,18,8,151,638,3
"It's about time you upgraded, you look ridiculous",124,18,9,151,638,175
I don't know why people say that I drone on and on about the new suspenders I invented!,123,20,8,151,638,278
"A few ladies' hats in church, but that's only on Easter.",119,28,4,151,638,1530
This is the latest from Sansabelt.,122,22,7,151,638,2723
Amazon is hiring seasonal workers,122,22,7,151,638,3179
I'm a chippendale dancer.  A party on the Northside ordered me.,140,23,9,172,638,1008
"I'm elevating the ""selfie"" to a whole new level.",136,31,5,172,638,5384
Admit it: men's fashion was ripe for disruption.,136,24,8,168,638,1239
Could not find my suspenders this morning.,135,26,7,168,638,1438
He droned on and on about constantly feeling watched!,138,20,10,168,638,2412
Uber is testing out a new drone taxi service - it’s called the “drone drop”.,115,29,3,147,638,2767
Then it came to me: Why not have a pair of drones hold up my pants?,138,20,10,168,638,2809
"He drones on and on,” she said",137,23,8,168,638,3826
And they're hands free and drip dry!,151,31,7,189,638,3936
"Fly? No, no. It's to ward off mosquitos.",132,32,4,168,638,4548
I told you you’d have two suspender disbelief.,121,17,9,147,638,4758
I'm the accounting services you ordered.,139,19,10,168,638,4808
Google doesn't hire me?  I go straight to Apple Maps.,132,25,7,164,638,28
"""Big deal. You wear a cup.""",133,23,8,164,638,2543
"Hey, everythings remote controlled, you feel 10 pounds lighter, and  theres no more grandpa look!",132,25,7,164,638,2609
My suspenders are more fly than yours,133,23,8,164,638,2728
It's safer than walking around here.,134,21,9,164,638,3893
It’s a tech wedgie.,132,25,7,164,638,3970
My wife got tired of calling to ask when I'd be home...,135,19,10,164,638,4790
My wife is keeping track of my spending. . .,132,25,7,164,638,4876
"No, actually it's quite comfortable and in addition to holding up my adult diaper, my wife can keep track of me.",117,18,8,143,638,4649
Selfie drones are the new selfie sticks.,146,27,8,181,638,3458
"Yes, it was a buy-one-get-one-free deal",147,25,9,181,638,4376
I'd say it's worth paying 526 times more to look this cool.,130,22,8,160,638,355
The suspenders really hurt my shoulders,130,22,8,160,638,775
Your suspenders may be more practical but this is far more innovative.,131,20,9,160,638,998
Better than the foil hat?,130,22,8,160,638,2750
What's all the buzz about? The suspense is killing me.,130,22,8,160,638,4224
"Yeah, we’ll this is how we do hold ups now. Give me your spare batteries or you’ll be getting a reverse Mohawk.",115,15,9,139,638,4191
Second star to the right and straight on 'til morning.,145,22,10,177,638,2429
"I find it helpful in relieving the tension in my shoulders, or I could just wear a belt.",124,27,5,156,638,1714
It’s a lot easier than spinning plates.,128,19,9,156,638,2238
"They hold up my pants, and they deliver sushi.",127,21,8,156,638,3589
"Surveillpance, by Abercrombie.",128,19,9,156,638,3598
"Other than the surprise haircuts, facial nicks, and low-battery-anxiety, this is the best damn thing since shoelaces.com!",128,19,9,156,638,3630
I've always been known for droning on and on.,125,26,5,156,638,4104
They will never let you down.,122,31,3,156,638,4390
I could just drone on about these new suspenders,125,25,6,156,638,4572
In the olden days I would wear a belt and suspenders.,126,23,7,156,638,4817
"I'm sorry, I know that I drone on about these suspenders.",126,23,7,156,638,5195
Belts AND suspenders are now old school...,140,25,8,173,638,750
"Yah, so then I called Lyft",138,29,6,173,638,1393
My suspenders broke.,138,29,6,173,638,2090
This way I can get a tan and record selfies while flying to work.,137,31,5,173,638,2643
"Dude, how do you expect to attract women, when you wear old fashion suspenders?",137,31,5,173,638,2998
"latest advance in suspender technology, except for the occasional  wedgie they seem to work well.",139,27,7,173,638,4249
"They keep my pants up, but are impossible to manage appropriately in the restroom.",138,29,6,173,638,4667
One leg at a time just isn't good enough anymore,137,31,5,173,638,5369
"Don't worry, they don't bite! They do sever, though.",139,27,7,173,638,5402
Suspendrones.,122,24,6,152,638,620
The best part is not even needing to wear a belt anymore.,122,24,6,152,638,1410
Since they fixed the wedgie glitch there have been zero fatalities!,123,22,7,152,638,2356
I was wearing pajamas just a second ago. These guys do it all!,124,21,7,152,638,3450
"Pay up, I made through the whole week.",154,27,9,190,638,4182
I can get downtown in five minutes if we don't crash.,135,28,6,169,638,114
I win this round -- both stylish and functional!,135,28,6,169,638,925
"These Amazon drone deliveries are so convenient, they even put on the suspenders that I ordered.",137,24,8,169,638,1865
The Auto Wedgie is the perfect solution for the busy bully.,136,26,7,169,638,1958
keeps  my  pants  up,135,29,5,169,638,2159
You can’t be too careful in the “Me Too” age,106,19,6,131,638,1985
"Second mortgage aside, the salesman assured me these will pay for themselves in belt savings alone",117,27,4,148,638,2580
I forgot my belt.,135,22,8,165,638,994
"If you ain't drone, you ain't grown, yo!",132,27,6,165,638,2736
And best of all... I don’t need a belt anymore!,132,27,6,165,638,2913
'Aero Suspend' is the postmodern way to keep your pants up.,131,29,5,165,638,4458
"I don't know, they just showed up.",136,19,10,165,638,4910
"Screw the """"Golden Parachute"" paradigm, I have drone suspenders.",147,27,8,182,638,2762
It plays well with my millennial audience.,116,22,6,144,638,5312
Cheaper than a defense attorney!,142,30,6,178,638,2059
Because suspenders are SO last year!,145,24,9,178,638,2684
"I'm just saying, those suspenders are so last year...",142,30,6,178,638,2722
Suspenders are so last century,128,21,8,157,638,366
"Step back, I’m close to lift off!",123,31,3,157,638,2806
"I'd like to give you a lift, but the twins don't pick up strangers!",124,29,4,157,638,3054
"Suspenders are basic, Steven.",122,33,2,157,638,4949
I've been having a little trouble staying faithful to the wife.,143,21,10,174,638,1684
You're saying I drone on and on?,143,21,10,174,638,3433
The battery life can be a letdown.,140,27,7,174,638,3789
"...cheaper than Uber X - it's Uber W, for wedgie.",154,29,8,191,638,5046
They also suspend belief in modern technology.,153,24,10,187,638,2478
The future really isn’t holding up.,122,26,5,153,638,2879
I see you're still buying your suspenders at the suspender store.,151,28,8,187,638,3363
"It's like Uber, but with drones. You don't have to worry about traffic either.",125,20,8,153,638,4263
Finally you can literally say I drone on.,137,26,7,170,638,4622
I never get pickpocketed.,118,34,1,153,638,4765
My pants have never felt more secure.,137,19,10,166,638,249
What makes you think I escaped from somewhere?,133,27,6,166,638,872
They are cheaper than the Brooks Brothers'  suspenders.,137,19,10,166,638,3567
"Yes, when the batteries run out everything falls down!",133,27,6,166,638,4468
Think of the selfies I get.,134,25,7,166,638,4847
No more of this ‘the right hand doesn’t know what the left hand is doing’ business,133,27,6,166,638,4895
"Once programmed to your body's specifications, these drones make sore feet a thing of the past.",120,23,6,149,638,2160
Can you direct me to Shark Tank?,120,23,6,149,638,3557
Are you just going to stand there and drone on...and on?,122,19,8,149,638,4630
I have a request you needed a lift.,118,27,4,149,638,5239
Can you believe I had to get a special license  just to hold  up my pants?,144,28,7,179,638,596
No...you dialed SuperUber by mistake. Now hop on.,142,32,5,179,638,2401
It's not just suspenders; soon drones will replace every article of clothing.,132,22,8,162,638,813
It helps to balance my perspective in life and keeps me well grounded.,132,22,8,162,638,1951
I figured a new hobby'd keep me grounded,129,28,5,162,638,3270
"Finally, a belt for millenials.",143,23,9,175,638,1592
The suspense is killing me.,142,25,8,175,638,3819
You should try it! It's bracing!,127,25,6,158,638,3569
They're covered by Amazon's new 5-day return policy.,125,29,4,158,638,4044
"Don’t worry, they’re trained.",135,32,4,171,638,54
I'm not taking any chances. They start filming as soon as my underwear comes off.,138,26,7,171,638,476
"Come on, suspenders are so 20th century.",139,24,8,171,638,1204
Belts are old technology.,139,25,7,171,638,1435
"Hi, ..am recruiter from Amazon",141,20,10,171,638,1988
For me the big payoff was the high-res imaging of my bald spot.,139,24,8,171,638,3030
My wife's idea!,137,28,6,171,638,4127
Greetings. I am Amazon Man here to bid you three wishes...,126,20,8,154,638,1181
There's just no future in balloons,121,30,3,154,638,3503
Just needed an afternoon pick me up!,122,28,4,154,638,4033
I’ve been known to drone on...,149,27,8,184,638,1851
"Unlike yours, these hold up pants without adjustment, and you'll instantly weigh less.",146,33,5,184,638,2124
You may pet them if you want,132,31,4,167,638,2209
"Buddy, can you spare a battery?",135,25,7,167,638,2662
"Yours may be functional.  
But mine make a statement and are a real chick-magnet.",135,25,7,167,638,3330
"Dude, suspenders are so 20th century.",133,29,5,167,638,3410
I've always been light on my feet!,136,23,8,167,638,3423
I can't hear you over the drone.,134,27,6,167,638,4277
They keep my pants up with very few civilian casualties.,143,32,5,180,638,129
"This top of the line pickpocket deterring model is going to like totally disrupt the suspenders market, Bro.",121,25,4,150,638,563
Great to see you! Can you just move a foot toward the curb and speak up a bit?,144,30,6,180,638,723
This way I can lift and separate too.,125,15,10,150,638,915
"Hi, I’m Bill, your Uber driver. When we say Uber, we mean UBER!",124,17,9,150,638,4158
"Then the VC's showed up and the next thing 
you know our market cap is bigger than Tesla.",131,26,6,163,638,56
"It's a drone shuttle, and there is plenty of legroom.""",132,24,7,163,638,1262
We’re disrupting the suspenders paradigm.,133,22,8,163,638,3022
Touch my hand. It's faster than Uber,133,22,8,163,638,3325
Parachute Pants 2.0,143,25,8,176,638,444
No more belts or suspenders to hold up my pants and on hot days the fans keep me cool.,142,27,7,176,638,1249
And they cut my hair when I pee,146,19,11,176,638,4603
Melania is paying for me to prototype the President's downtime pants. She don't want no downtime on the pants!,119,20,7,146,638,1882
Let's let by-drones be by-drones.,118,22,6,146,638,3117
They were out of balloons.,121,16,9,146,638,4242
... and I dropped 50 lbs.,128,25,6,159,638,186
"Do you even Drone, bro?",129,24,6,159,638,952
"I trademarked ""Hip-o-drones"" and ""Shooting from the Hips."" Now I just need a reason for them.",128,25,6,159,638,1309
The only way to protect your privacy is to not have any.,131,19,9,159,638,1532
I need to keep them on a leash in the city,129,24,6,159,638,3075
I only use the ones for socks when I wear shorts.,140,24,8,172,638,3160
"I know low-rise is in, but I need the additional help.",136,32,4,172,638,4255
...but I'm saving a fortune on suspenders and deodorant!,143,18,11,172,638,4901
"At last, I've cut my commuting time by three quarters.",136,32,4,172,638,5008
"I'm telling you, technology is making everything easier",143,18,11,172,638,5284
Those suspenders are so retro! Goodwill?,148,31,6,185,638,636
"I know, the suspense is killing ya, huh?",148,31,6,185,638,4032
"At first I also had one in the back, but it gave me a wedgie.",114,23,5,142,638,4846
"I'm telling you, its  gonna make belts AND suspenders obsolete....",125,24,6,155,638,77
.. and an AI decides when I deserve wedgie.,129,16,10,155,638,1944
Guaranteed to prevent wardrobe malfunctions from Plumbers Crack  to half-time shows!,125,24,6,155,638,2137
This is so much better than that guy with the balloons and lawnchair,125,24,6,155,638,3086
"And best of all, I don't have to remove my shoes.",123,28,4,155,638,3118
"Think of me as your 21st century Guardian Angel. For the introductory price of just $19.99 per month, I'll always have your back. That price assumes you've never served in Congress, disagreed with the President or been targeted by the MeToo Movement.",127,20,8,155,638,3497
Can't decide: pretty fly for a white guy or Elon Musk delusional?,137,23,8,168,638,1659
"Buddy, can you spare a conspiracy theory?",137,23,8,168,638,4080
I've stopped drinking. Now I use these whenever I need a pick-me-up.,136,25,7,168,638,5151
Space Force here I come!,147,26,8,181,638,1534
Wanna try a li'l Hi Tech Wedgie?,110,24,4,138,638,1835
This style doesn’t  fly everywhere.,112,20,6,138,638,5149
I call it suspender animation,121,25,5,151,638,393
New joke. Why do drone pilots wear suspenders? To keep their flies up.,123,21,7,151,638,3519
I won't be needing a ride from you anymore.,121,25,5,151,638,5335
It's the new transportation app--Ub-air.,134,22,8,164,638,414
The new trend in pants is to be hoisted by their drone petard.,132,26,6,164,638,5271
"Yes, it does get a bit snug.",140,33,4,177,638,253
If they stay up my pants stay up!,121,18,8,147,638,2445
"For short distances in good weather, why not?",120,20,7,147,638,2882
They laughed at the Wright Brothers !,116,28,3,147,638,3136
It's better for my shoulders.,116,28,3,147,638,3927
Would you have a moment to hear about our Lord and Savior?,129,25,6,160,638,1253
It’s the 21st Century solution to plumber’s butt!,141,24,8,173,638,1990
THIS is how to dress fly,138,30,5,173,638,2549
"So how are you, Ted?",140,26,7,173,638,5041
My GoFundMe page is already up to $69.50,118,18,7,143,638,2148
It's called a chastity belt.,147,28,7,182,638,2261
They're a brand new feature in Amazon Prime!,134,31,4,169,638,3429
"I'm telling you dude, we're not too old for Coachella",126,24,6,156,638,3751
It’s one size fits all,116,21,6,143,638,4128
"Your wife bought me on amazon pal, so scram.",114,25,4,143,638,4274
It gives me a strong sense of selfie-worth.,126,24,6,156,638,5243
"You're stuck in the past, Carl. These newer models get up to 15 minutes of uninterrupted suspension",157,24,10,191,638,1672
You should see my cumberbund.,144,27,7,178,638,871
They're calling it the uber Uber.,147,21,10,178,638,1636
"Drone me up Scotty, at your service.",145,25,8,178,638,1700
Settle down Mr. Fancy Pants,142,31,5,178,638,3338
When will this guy stop droning on about his alternative-pants-support-system?,136,20,9,165,638,1577
Don’t worry.  It’s a prototype.,132,28,5,165,638,2202
I got Fox News on one side. CNN on the other. Let ‘em fight it out.,135,22,8,165,638,3539
It's a new service called Druber,133,27,5,165,638,4658
"My pants stay up, I'm always cool, and my shirt stays wrinkle free. The ""Calibration wedgies"" were totally worth it.",122,25,5,152,638,820
Tactical Pants.,122,25,5,152,638,1238
"Yeah, people are calling me ""six eyes""",123,23,6,152,638,2826
"Nice suspenders, nerd!",125,19,8,152,638,3426
"The technology isn't perfect, but the accident rate is much lower.",122,25,5,152,638,4360
I walk my drones every morning.,124,21,7,152,638,5218
I couldn’t wait any longer for jet packs.,114,18,7,139,638,258
You look funny wearing suspenders,111,24,4,139,638,741
"The way I see it, you can either fear the future, or embrace it.",110,26,3,139,638,1639
And so I've cut my commute to work by about twenty minutes.,115,17,7,139,638,5347
"Flying? Nah, my pants kept falling down.",140,28,6,174,638,1522
Best investment ever! I never got another dirty look after using the disabled toilet.,134,17,10,161,638,2093
Your suspenders are so eighties.,126,33,2,161,638,2921
"We are testing out Amazon's  ""Heavy Package"" delivery system.",129,27,5,161,638,4060
Everybody who is anybody in Silicon Valley is wearing these dude.,131,23,7,161,638,4633
Going up?,117,28,3,148,638,1982
"...Anyways, I could drone on and on about fashion.",119,24,5,148,638,3767
"It's called 'suspension of disbelief ', duh.",119,24,5,148,638,5280
"""They said no hover boards in public, so I decided for a hover belt instead!",108,23,4,135,638,161
At least its handsfree,110,19,6,135,638,4351
"I have given up  on Public Transportation.                                            Frank Buckley Boston, MA",148,28,7,183,638,293
"I could care less that the NSA will see everything, as long as they don't catch me with my pants down.",148,28,7,183,638,1581
It’s the millennial version of the hula hoop.,150,24,9,183,638,2868
"It's usually pretty comfortable, but it got troublesome when my stalker hacked into them.",140,21,9,170,638,61
Be careful: you're a hair away from getting a wedgie.,140,21,9,170,638,303
This way I can be in the air twice as long.,138,25,7,170,638,1454
Some of our best minds have worked on self-lifting pants,140,21,9,170,638,3865
I’ll take you there faster than Uber.,138,25,7,170,638,4276
"So I says to him, “a little light in the loafers? Buddy, that’s just one of the many perks!”",138,25,7,170,638,4309
It's pretty hard to go to the bathroom like this._,140,21,9,170,638,4656
I dropped off the package.  Do you need a lift anywhere?,127,24,6,157,638,648
Who needs suspenders?,126,26,5,157,638,873
They were always slipping off my shoulders.,125,28,4,157,638,2633
my wife wanted proof I keep my pants on when I am not in her sight,129,20,8,157,638,3971
This is great! I am light on my feet and I don’t need a belt!,128,22,7,157,638,4310
That's funny. No one's accused me of droning on before.,121,13,10,144,638,3355
I’m down ten pounds according to my scale!,148,21,10,179,638,1588
I’m kind of a next-gen belt-and-suspenders guy.,144,29,6,179,638,2558
Flying pants are the new flying cars.,135,24,7,166,638,354
My new suspenders are great and don't dig into my collar bone.,137,20,9,166,638,762
I put my pants on two legs at time.,132,30,4,166,638,1205
...and he stood there and droned on and on about his suspenders,137,22,7,166,638,1283
Believe me; these drone suspenders will be the next big thing.,136,22,8,166,638,1478
I  see you fell for the pitch from that slick-talking suspender salesman,135,24,7,166,638,4246
"If you're the belt-and-suspenders type, this isn't for you.",132,30,4,166,638,4943
I can’t stand people who drone on and on,126,20,7,153,638,540
A meme is born!,127,17,9,153,638,1070
I adjust their height from an app.,126,19,8,153,638,1781
"Hi there. Meet Narcissus and Echo, my two selfie drones.",126,19,8,153,638,1820
They got rid of my terrible sense of insecurity.,124,23,6,153,638,1943
"...and on top of that, it holds up my pants!",125,21,7,153,638,2404
"See, I don’t have to wear a belt!",125,21,7,153,638,4698
Google is giving away free smart-suspenders!,154,25,9,188,638,395
It's the new version of power walking.,139,32,4,175,638,1708
It's a solar-powered V8 Bagel Slicer...what the heck did you think it was?,140,30,5,175,638,4017
"Well, once you use a restroom with these, you’ll never go back.",132,23,7,162,638,245
I'm thinking now might be a good time to quit my job at Facebook,131,25,6,162,638,739
You never know when you’ll need an alibi.,131,25,6,162,638,2306
"You can hold your pants up any way you want, but I'm going drone.",130,27,5,162,638,2585
"My life was droning on...I just needed more suspense, ya know?",131,25,6,162,638,3298
Have you had your remote colonoscopy yet?,130,27,5,162,638,3997
"The drone footage is a plus, but the suspense is killing me.",132,23,7,162,638,4027
It's not all about me. I'm filming the guy who's drawing me!,123,18,8,149,638,357
Say! You look like a fellow who might be interested in hearing about the latest in pants-not-falling-down technology!,122,21,6,149,638,1877
"I call them ""Alfred"" and ""Hitchcock.""",124,16,9,149,638,2821
"I still wear the pants, she just suspends them.",138,27,6,171,638,469
"No, it's not ridiculous; it takes real talent and skill.  In the 60s I would have appeared on the Ed Sullivan Show.",136,31,4,171,638,1330
As long as you're not concerned about practicality,139,25,7,171,638,1880
Those suspenders make you look so dated.,136,31,4,171,638,2433
"They're great, but an extra pair of batteries is essential.",137,29,5,171,638,4691
What's with the suspenders?,158,26,9,193,638,4795
Actually it’s the other way around. The drones are flying me,127,26,5,158,638,2218
"10kg! Gone, just like that!",145,29,6,180,638,4381
Just suspend your disbelief!,118,21,6,145,638,937
They’re working drones — they actually enjoy it.,116,25,4,145,638,1281
You just need to remember not to wave people as you fly by.,119,19,7,145,638,1637
I find they’re great for improving my posture.,118,21,6,145,638,2005
But do those help put ON your pants?,116,25,4,145,638,2713
I'm not waiting any longer for jet packs.,119,20,6,145,638,4878
It's the newest version of rideshare.,138,20,9,167,638,30
Helium and Gluten Free!,140,16,11,167,638,595
It’s the latest fashion design by Rube & Goldberg.,133,30,4,167,638,1755
"nope, but it clears the sidewalk...",137,22,8,167,638,2022
My girlfriend wants to keep an eye on me,135,26,6,167,638,5020
"Why, for the same reason a fireman wear red suspenders.",126,21,7,154,638,154
"Damn it man, you've got to pull yourself up by your drones and move on!",124,25,5,154,638,1837
"They keep my pants up, keep me cool in summer and live-stream it all.",124,25,5,154,638,2095
My other car’s a unicorn.,123,27,4,154,638,2275
Don’t worry - I promise that I won’t drone on!,126,21,7,154,638,4675
"No, I just sweat a lot.",126,21,7,154,638,4683
"The way the world is going, belts and suspenders are simply not enough...",126,23,5,154,638,4844
They're Amazon Basics.,126,21,7,154,638,5011
"Trust me - once you have it, you'll never go back.",150,28,7,185,638,2363
"Cute, but suspenders are so old school",132,25,6,163,638,1993
Where do you think Amazon got their idea?,134,21,8,163,638,3785
"Nanu, Nanu",132,25,6,163,638,4379
A little over-engineered for a belt.  You turn into a flasher when the batteries dies?,130,29,4,163,638,4687
At least sagging isn't a trend anymore.,114,22,5,141,638,4350
"The first atomic wedgy was painful, but now I’ve gotten used to it.",135,35,2,172,638,1054
"If you're gonna drone on and on, I'm outa here!",142,21,9,172,638,1529
Shutting down the drones confirms implied consent.,140,25,7,172,638,1557
Would you like me to drone on?,141,23,8,172,638,2849
I gave up on suspenders,139,27,6,172,638,3401
"Yeah, they're techy and great to keep your pants up, but hell when you have to take a dump.",139,27,6,172,638,5251
If you fall from 100 feet in the air you get your money back.,121,24,5,150,638,4120
Security didn’t approve of my zipper in the no fly zone,122,22,6,150,638,5003
"I don’t drone on and on and on, I only drone on and on!",131,20,8,159,638,375
"Come on, I'm headed that way.",129,24,6,159,638,1812
The price is right and they don't charge extra for luggage.,126,30,3,159,638,2756
"They say I have 10,546 steps today",128,26,5,159,638,5185
"I gotta run, my suspenders need to be recharged every three hours.",128,26,5,159,638,5396
I'm marketing it for prison breaks,137,24,7,168,638,242
"Here, take my hand. This is the future.",136,26,6,168,638,1182
It's part of an Unmanned Apparel System.,136,28,4,168,638,1761
You've heard of dueling banjos?,135,28,5,168,638,3146
"Again....
Where do you think the loose screw
must be?",138,22,8,168,638,4427
Only $50 for a ten minute air view of  New York City.,134,30,4,168,638,5387
Things are ok...Still waiting for my personal security business to take off,120,19,7,146,638,2063
"This is Elon Musk's latest innovation;  I-GO, A Personal Transportation System.",118,23,5,146,638,3586
"What?!
Haven’t you ever seen a high-tech wedgie?",120,19,7,146,638,3653
"Download the new App ""Amazon Fly"" and get one day free",117,25,4,146,638,5253
It's the sign of the times man and it even holds up your pants,143,28,6,177,638,2112
"It holds up my pants, and the police haven't mugged me in weeks.",145,24,8,177,638,2893
Of course your pants stay up ... don't be ridiculous.,145,24,8,177,638,3206
And I don’t have to wear suspenders.,152,27,7,186,638,419
"I mean, I could go on forever about these things.",127,21,7,155,638,2100
When she left she said I droned on and on,127,21,7,155,638,2406
"Since I got the software worked out, my pants have never felt so snug...",126,23,6,155,638,2914
"-Yeah,my wife is not the most trusting engineer...",125,25,5,155,638,5232
...and the cherry on top of it all is: FREE HAIRCUTS!,136,19,9,164,638,665
"Amigo, this President is really starting to piss me off.",133,25,6,164,638,1038
These are my Seeing Eye drones.,134,23,7,164,638,1789
Dude. You’re so old school.,136,19,9,164,638,2154
It’s a great way to get around town. If you don’t mind  wedgies that is.,133,25,6,164,638,4057
"Seriously, this is a hold up; hand over the wallet. You don't want to be pissing these guys off!",133,25,6,164,638,4133
"After Joe’s one thoughtless affair, his wife developed an app that turned jeolosy into the mother of creativity.",134,23,7,164,638,4304
"Everyone was making fun of my suspenders, so I got these instead.",108,20,5,133,638,2781
Welcome to the new mile high club!,141,25,7,173,638,3124
It’s great except for the Wedgie effect.,115,22,5,142,638,255
"Belt and suspenders, so quaint.",113,26,3,142,638,2912
You lose twenty pounds instantly,123,22,6,151,638,1605
It helps more than it hurts,121,26,4,151,638,2223
Suspenders are for losers.,124,20,7,151,638,2446
"Ya know, this wasn't what I thought they meant by using drones for delivery.",123,22,6,151,638,3261
"Sure, where ever you want to go.""",133,18,9,160,638,385
"Drones, engage 'wedgie protocol.'",135,14,11,160,638,415
"""With these babies, your days of being pantsed in school will be over!""",130,24,6,160,638,3047
They can also take my pants off. Way better than plain old suspenders.,131,22,7,160,638,3500
I feel eleven pounds lighter already and they are at just ten percent power.,128,28,4,160,638,3780
"They may look funny, but they keep my pants up.",138,24,7,169,638,1942
"High tech meets the ""Me Too!"" movement.",136,28,5,169,638,2328
My wife finds the women’s version a little TOO uplifting.,136,28,5,169,638,2567
How long is this guy gonna drone on?,140,20,9,169,638,2771
"Not only can I fly with these, they also keep my pants up!",136,28,5,169,638,3100
You'll never have to wear a belt again!,144,28,6,178,638,4595
"Yo mama so fat, it takes 8 drones to carry her!",146,24,8,178,638,4610
What's wrong? that's the only color they have.,120,21,6,147,638,113
"Yes, they can get in the way, but can you think of a better way to keep your pants up?",120,21,6,147,638,498
I like to watch myself watching others.,117,27,3,147,638,3919
Lose weight now.  Ask me how.,127,23,6,156,638,2774
Sure it's loud but I'm saving a fortune on belts,128,21,7,156,638,3009
I can see Russia from my house!,125,27,4,156,638,3092
"No belts, no suspenders——//// Shark Tank here I come!!!",128,21,7,156,638,4050
Yeah it's an issue. Just use the handicap toilet.,135,23,7,165,638,1477
Amazon's white glove delivery.,142,26,6,174,638,1025
These suspenders soar past my expectations.,141,27,6,174,638,1314
"‘...and when I need to undress, they blow them clean off.’",142,25,7,174,638,1421
They’re definitely the new buzz!,142,25,7,174,638,1669
It keeps my pants up and them out of commercial airspace.,143,23,8,174,638,2847
Wanna join me in disrupting the suspender-industrial-complex?,119,16,8,143,638,243
I have a perfect safety record.  Just hold on tightly.,114,26,3,143,638,2016
Helpful since I lost my ass in the stock market.,115,24,4,143,638,2703
You’re really down to earth,119,16,8,143,638,3082
Ever since I was a kid I wanted to be able to leap over tall buildings.,117,20,6,143,638,4145
I don't know how I lived without them before.,117,20,6,143,638,4961
My commute will drop a lot.,114,26,3,143,638,5155
"The drones hold the suspenders tight which hold up my pants. It's supposed to be some cartoonist""s idea of a joke.",124,22,6,152,638,660
Belt...shmelt!,123,24,5,152,638,737
What do you bet I can tell you where you live?,121,28,3,152,638,1945
‘Traditional suspenders are so lame...I got mine at Sharper Image”,123,24,5,152,638,2630
Who'd have thought that walking your drones could be this easy?,126,18,8,152,638,2696
"So then I said, 'Let's be safe and put in a belt, suspenders and two quadcopter drones'.",130,26,5,161,638,1920
"As long as these two are headed in the same direction, the wedgies are not that bad...""!",131,24,6,161,638,4172
"Well, you never know when you're going to need a back-up drone.",132,23,6,161,638,4600
"No really, they’re quite friendly once they get to know you.",132,22,7,161,638,5063
I got the idea when I lost my belt and the ceiling fan broke.,138,26,6,170,638,3004
Nobody wanted to tell Dave that the drones weren’t the problem.,136,30,4,170,638,3808
Easy. I just downloaded the iSuspenders upgrade and now everything stays up!,136,30,4,170,638,5215
I’m sorry. Am I droning on?,148,22,9,179,638,975
"I wanted to be sure I used my degree to change the world, ya know?",144,30,5,179,638,1688
Well you try to find a vegan belt in Fargo.,147,24,8,179,638,3475
Saw these in a GQ ad and had to have them.,121,22,5,148,638,4053
"The correct term is logistics specialist, not drone.",125,29,3,157,638,48
Online delivery sure is wonderful.,125,29,3,157,638,491
Buzz-feed told me it tightens your core.,128,23,6,157,638,661
"""They really force me to stay grounded.""",125,29,3,157,638,2020
"I used to wear a belt, but it's just not as intimidating.""",126,27,4,157,638,3067
Come surveil with me.,124,31,2,157,638,5323
"Hang on, I’m Uber man!",135,25,6,166,638,1386
It’s my way out .,134,27,5,166,638,1506
Just wait! This is gonna work.,137,21,8,166,638,1803
"Hi, I am Jeff. I work in the services department at Amazon.",138,19,9,166,638,2049
I wanted to go for a little sharper image.,134,27,5,166,638,4592
I got them for half price from the NSA website,136,23,7,166,638,5017
"A hundred bucks for the first 3 minutes, fifty bucks each minute thereafter. Self-directed, ride at your own risk.",140,31,4,175,638,2134
"Yes, my trousers are indeed made of a very very heavy material. Why do you ask?",144,23,8,175,638,5329
"I could use a belt, but I also drink bottled water, wait in line to buy brewed coffee and purchase books I can otherwise read for free at the library.",152,23,9,184,638,5201
It may seem excessive but it does hold my pants up.,139,26,6,171,638,24
They said this is a 'no-fly' zone.,110,20,5,135,638,363
"Cool shoes though, buddy.",139,26,6,171,638,547
They want to keep current with the drone delivery trend but maintain the personal touch.,139,26,6,171,638,733
Suspenders are a thing of the past my friend!,117,22,5,144,638,2122
"Yes, money well spent; never fails to attract daring women.""",133,22,7,162,638,2167
Your suspenders are so yesterday.,130,28,4,162,638,2231
I have sensitive shoulders.,131,26,5,162,638,2453
"On the minus side, they report on my waist-line.",141,22,8,171,638,2710
Some folks just drone on forever.,138,28,5,171,638,3121
You ordered an explanation of why you need one-hour free shipping?,140,24,7,171,638,3463
"Your suspenders scream ""I have no butt!"" I just look like a regular guy out walking his surveillance drones.",133,22,7,162,638,3753
Why wait for self-driving cars when I can fly?!,125,22,6,153,638,4062
I can prove I did not have sexual relations with that woman.,133,22,7,162,638,4098
"So, it's a deal? I'll take the high road and you take the low road, and I'll get to Starbucks before you.",143,19,9,171,638,4391
"Yeah fake, but muggers still keep away.",125,22,6,153,638,4392
"I hate rush-hour traffic jams, and I can park on the roof!",156,33,5,194,638,2385
"A rise in my voice makes them go higher, and conversely.",160,25,9,194,638,4315
They're way better than a jet pack.,151,27,7,185,638,5306
"Alexa, set a reminder to never be as lame as this guy.",145,23,8,176,638,600
It's my solution to the L train shut down.,144,25,7,176,638,2860
Will drone for food.,142,29,5,176,638,5032
"Oh don't worry, they're just holding up my pants, not looking down yours.",142,29,5,176,638,5300
They're even WiFi enabled.,146,21,9,176,638,5355
"Up, up and away- OOW!",138,21,8,167,638,989
One just wouldn't keep my pants up.,140,17,10,167,638,3634
"When I signed up to work for Amazon's IT program, I never thought they would actually be delivering me.""",135,27,5,167,638,4003
They keep the ladies in suspense.,137,23,7,167,638,4718
You and I are really not so different.,128,25,5,158,638,2153
Guardian Angel? I'm your guy in the sky!,128,25,5,158,638,2479
Next? They claim it's back to the nest to feed their young.,128,25,5,158,638,2503
You'll never need suspenders OR a belt again!,128,25,5,158,638,2527
We wanted to get people's reactions--from two angles--of seeing me floating through the air peering into their windows.,127,27,4,158,638,3038
Do you ever get the feeling you're being watched?,127,27,4,158,638,3341
"If one drone can carry mail, 2 drones can carry male!",132,17,9,158,638,4223
Wanna dronepool?,127,27,4,158,638,4406
"Trust me, with girls it works better even than my best pick up line!",128,25,5,158,638,5156
My prices are just as competitive as Uber's.,130,21,7,158,638,5227
Stop droning on about your new suspenders!,120,25,4,149,638,956
I got a new gig with Amazon after the Inspector Gadget thing dried up.,120,25,4,149,638,2961
One click and they drop to my ankles. Do you think calling it Predator Drone™ is a little too on-the-nose?,123,19,7,149,638,3711
Kinda suspends disbelief don’t they?!,121,24,4,149,638,4240
Ten bucks and I can deliver you from evil.,122,21,6,149,638,4293
I'm taking self-examination to a whole new level.,121,23,5,149,638,5346
"Just go to Drone-on-Loan.com to order a ride. It gets you there a lot faster than Uber, and you don’t need to make small talk with the driver.",114,21,5,140,638,1159
See? Nothing to be afraid of...they're here to help!,115,19,6,140,638,3905
At least I won't have to wear suspenders anymore.,106,21,4,131,638,11
My wife's bra really lifts and separates.,99,19,4,122,638,5295
"We don't call it ""Über"" for nothing.",156,26,8,190,638,3825
"suspenders are out, drones are in.",149,24,8,181,638,407
The Clark Kent model features Lift-off.,148,26,7,181,638,2985
"They spy on my every move but, honestly, it's a fair trade off when you think of it.",146,30,5,181,638,3171
Come fly with me.,140,26,6,172,638,1379
"Frankly, I lost a bet.  Now I have to wear this  high tech wedgie all day.",141,24,7,172,638,2669
I'm lighter.  It's as simple at that.  I won't drone on.,142,22,8,172,638,4580
No insurance company in their right mind would issue me a policy.,132,26,5,163,638,173
There's a fortune to be made in virtual standing around.,132,26,5,163,638,632
Can you spare a couple of bucks? I haven't had a new battery in days.,134,22,7,163,638,1407
They keep the pickpockets at bay.,124,26,4,154,638,417
What!? I can't hear you!,125,24,5,154,638,418
I saw a story about peeping toms using drones to record people through their windows and a light bulb went off,128,18,8,154,638,423
My lawyer got this for me. It saves me from possible lawsuits.,128,18,8,154,638,2983
"Yeah? Well, I'm tired of you droning on about your stupid suspenders.",124,26,4,154,638,3532
"Excuse me sir, do you have a minute to discuss the policy on drone conservation?",128,18,8,154,638,3914
"Ah, those are so obsolete. You have to get the new and improved suspenders.",125,24,5,154,638,4507
They mainly hold my pants up.,125,24,5,154,638,4634
It beats a chaise lounge lawn chair and a wag of helium balloons.,116,26,3,145,638,1277
You don't have Flutter yet?! Everybody is connecting with this social media!,117,24,4,145,638,4257
"I tell ya,come holiday time,this will sell faster than the latest iphone.",110,22,4,136,638,3603
Stop me if I’m just droning on.,148,19,10,177,638,1201
I quit my day job to webcast real time The Adventures of DroneMan .,145,25,7,177,638,5132
"Dude, I can clear a restaurant waiting line in two seconds!",137,25,6,168,638,2681
They’ll make belts obsolete by 2020.,138,23,7,168,638,4508
I'm just the launch site.   I don't determine where the drones go.,137,25,6,168,638,4737
My way of getting around those slow-walking tourists.,136,28,4,168,638,4990
"Man, that's old school!",135,29,4,168,638,5352
"I'll admit they're noisy, but you can't beat the support.",128,27,4,159,638,507
Trust me - it's a lot easier than asking my wife if she's having an affair!,132,19,8,159,638,635
I'm not taking off. I just landed.,129,25,5,159,638,1086
Don’t leave me hanging...,128,27,4,159,638,1665
"Yeah, its our new ""Low Price, No frills"" option for Lyft.",131,21,7,159,638,1779
"That's right Doug , Drone Suspenders ,  got 'em on 
 you guessed it ,  Amazon.",132,20,7,159,638,2130
"See, geeks can be hip.",132,19,8,159,638,3786
"I'm telling you man, it's the chastity belt of the future",129,25,5,159,638,3856
And he droaned on and on and on...,131,21,7,159,638,4108
Each one makes you weigh 20 pounds less.,120,27,3,150,638,1416
"Yes, and they also double as personal cooling devices",120,27,3,150,638,4971
My viewership doubled when I added the second stream option.,115,21,5,141,638,2378
I lost 20 pounds.,150,24,8,182,638,1119
"I'm not just a member of the hands-free pants adjustment club for men, I'm the president.",145,18,10,173,638,761
No one can accuse me of not being open about my voyeurism.,144,20,9,173,638,1921
"Dude. Your suspenders are, like, so 2017.",141,26,6,173,638,3654
Suspenders are so...conspicuous!,142,24,7,173,638,4321
"I don't have to stop walking when I get to a cross street with a ""Don't Walk"" sign.",133,26,5,164,638,1184
"""They not provide security, they lift and separate.",137,18,9,164,638,2274
"Yes, I do have all the support I need. Thanks!",135,22,7,164,638,2496
I've been droning on all day.  How are you?,134,24,6,164,638,2880
When you go out on a date these days you can't be too careful,133,26,5,164,638,3717
Brace yourself. Big Brother is watching.,127,22,6,155,638,698
You'll love keeping your belt at the perfect height.,124,28,3,155,638,995
My psychiatrist recommended I keep tabs on myself. Clever Huh?,126,24,5,155,638,1897
"""Well, the only problem is that it is a bit tricky to land them in the toilet.""",129,18,8,155,638,1986
"It takes two seconds! first you download the software, then install the program, (but you need a couple of add-ons to make the rotors light up) and you can even add songs and have audio books blaring while you walk!",126,24,5,155,638,2245
"No, man! Suspenders! And instantly adjustable.",124,28,3,155,638,3459
"You'd think so... except now I gotta take a dump, and I left the joystick in an Uber.",130,16,9,155,638,3616
I wouldn’t be caught dead wearing suspenders!,129,18,8,155,638,4534
They hold up my pants *and* airport security lines.,127,22,6,155,638,4869
...and I only need to recharge them 20 times a day,117,26,3,146,638,2823
Only trouble is.... when I want a pee....,120,20,6,146,638,5247
I call it the suspendrone,143,31,4,178,638,2840
I'm recording my weight so I can watch it later.,147,23,8,178,638,3775
I can leap tall buildings in a double bound.,146,25,7,178,638,5096
Amazon Giveth and Taketh,111,22,4,137,638,4642
Yeah! Honest. Really. Keeps my pants up and my feet light.,137,27,5,169,638,2608
You like? Just 25 more payments and I'll be getting the new iGarters.,138,25,6,169,638,3848
I always hated how those things wrinkled my shirts.,131,23,6,160,638,606
Take me to your leader,130,25,5,160,638,4544
"Take my hand “
We will be back before you know it",133,19,8,160,638,4688
It's part of Amazon's new pick-pocketing program,148,30,5,183,638,1690
"I was an the electronics store, and they followed me around....",150,26,7,183,638,5397
"Once you get past the airborne wedgies, you'll love them.",124,21,6,151,638,1364
Think of it; I'll always know if my fly is open.,123,23,5,151,638,1497
"See, the right one takes you up and the left one takes you, like, wherever.",142,26,6,174,638,1254
I’m sure you’ve heard the buzz about these new suspenders.,118,17,7,142,638,2677
Sometimes it's belt and suspenders and sometimes it's just get me the heck out of here.,118,18,6,142,638,5378
Imagine being able to literally look down on all the sinners!,133,28,4,165,638,1753
Wait till you see what they do with my underwear!,135,24,6,165,638,3418
Who would want to hack those?,153,29,6,188,638,5248
"Yes, they can record video, but I still call them my fan belt.",129,20,7,156,638,948
They’re also great for putting on bow ties!,128,22,6,156,638,1769
But the warrantee is voided if you spin around really fast.,127,24,5,156,638,2541
Fashion week and fleet week merged this year.,128,23,5,156,638,3380
Self Sticks are so last year.,126,26,4,156,638,4439
Ever been pantsed by a robot dog?,137,29,4,170,638,566
It's the best weight loss program yet!,138,27,5,170,638,1358
I realized that a belt and suspenders just wasn't enough for me.,139,25,6,170,638,2970
"Hey, nobody can sneak up on me, *and* they keep my pants up.",138,27,5,170,638,4149
Ever had one of those days you feel light as a feather,130,27,4,161,638,4081
I don’t know-they follow me everywhere!,150,28,6,184,638,4733
You're just so 20th century.,133,21,7,161,638,4841
It's perfectly safe.  I've taped over the wedgie switch.,130,27,4,161,638,4968
Fast fashion.  Everyone's talking about it.,130,27,4,161,638,5373
You get them free now when you sign up for FaceBook.,146,20,9,175,638,1673
"If it stops a complete stranger from telling you your fly is down, I say, why not?",144,24,7,175,638,1754
It's a lot better than Facebook. I see what is really happening all around all of the time.,144,24,7,175,638,2869
My friends tell me that I just drone on and on and on.  So....,127,17,8,152,638,319
I didn’t know they would be this big,122,27,3,152,638,2582
"So far, they only come in “Small” and low.",134,28,4,166,638,3045
"That's your problem, Paul, you don't appreciate style over substance.",138,20,8,166,638,3309
Embrace the future.,135,26,5,166,638,3831
They’re going to be half price on Black Friday.,138,20,8,166,638,4134
"Don't give me that look. I'm working my way to ""Beam me up"".",136,24,6,166,638,4217
Don't worry.  It's just a day trip.,134,29,3,166,638,4551
Suspenders are passe--people also used to think they couldn't live without buggy whips.,116,23,4,143,638,1635
Don't worry these can lift the both of us.,115,25,3,143,638,3807
When belt and suspenders isn't enough,148,25,7,180,638,4486
That feeling that the world is pressing down on you... I realized it was the suspenders!,144,33,3,180,638,4999
You won't get anywhere with those !,132,16,9,157,638,1357
I ordered them online.,134,14,9,157,638,1620
I bet the suspense is killing you.,125,30,2,157,638,3813
I can program one of these babies to give anyone in the city a wedgie in 30 minutes or less!,131,18,8,157,638,5143
Now the boss knows I DO have get-up-and-go.,110,19,5,134,638,3501
"Are you even listening to me?""",111,17,6,134,638,4042
Belts and suspenders are so yesterday.,139,27,5,171,638,292
It’s cheaper and faster than commercial!,139,27,5,171,638,708
Yeah the crew cut wasn't by design… gotta lose the elastic suspenders.,141,23,7,171,638,886
I like to be sure I can view any situation from all angles.,139,27,5,171,638,2267
"To be frank, Carl, I'm not surprised the FAA didn't suspend me first.",140,25,6,171,638,5290
My wife's psychiatrist assures us that this is a best way to save our marriage.,149,32,4,185,638,207
Who needs a belt?,121,22,5,148,638,3572
I'm Elon Musk.  I've just invented personal transportation that is more affordable than Space-X.  I calling it A-Wedgie.,133,23,6,162,638,908
Just be careful when hailing a cab.,131,27,4,162,638,2486
I just finally had it with my pants hanging below my hips.,133,23,6,162,638,3408
"Brooks Brothers, why?",135,19,8,162,638,3473
You’re so 20th century.,143,28,5,176,638,22
"And these are my parents, Sue and Tom.",146,22,8,176,638,3059
So now I can tell my father that I'm actually rising up in the world!,144,26,6,176,638,3849
It's a new ride service from Amazon.  Take my hand.  Then I'll click my heels three times.,146,22,8,176,638,4460
"It's ""belt and suspenders"" for the 21st century!",144,26,6,176,638,4482
Suspender Uber,142,30,4,176,638,4725
"From Tom Potter: ""And they come with voice recognition, preprogrammed tension control, Internet connectivity, built-in GPS, and downloadable dance moves.",145,24,7,176,638,4777
I'm taking the selfie to new heights.,112,24,3,139,638,4457
This way I can avoid the baggage fee.,125,23,5,153,638,90
I hate to drone on like this...,125,23,5,153,638,3114
"And there you are, using your own shoulders like a sucker.",124,25,4,153,638,3763
That’s going to hurt if they let go.,126,21,6,153,638,3765
"Analog suspenders seem so ""Luddite"".",126,21,6,153,638,4822
"This is the future of fashion dude, if you don't mind an occasional wedgie.",136,26,5,167,638,110
They’re leashed and yes I do scoop their poop,138,22,7,167,638,2812
It’s also great for hot days!,137,24,6,167,638,3461
"Come on, Jeremy- if no one sees the outfit, did you even wear it?",140,20,7,167,638,3758
Selfie drones. Think they‘ll fly?,148,27,6,181,638,147
Belts are so 2017.,147,29,5,181,638,1569
"you, know, just in case""",149,25,7,181,638,2283
I am taking a modern day belt and suspenders approach to our problem.,150,25,6,181,638,2674
"Trust me, it's even better than viagra!",150,23,8,181,638,2716
Next comes the Superman suit.,157,34,4,195,638,4416
The employment agency said it was a job where I could drone on and on.,117,23,4,144,638,784
NexGen Suspenders,120,17,7,144,638,969
His new suspenders were just one more thing that Mike loved to drone on about.,132,18,8,158,638,167
"Come on man, just shake my hand!",130,22,6,158,638,671
A strong belt is the key. Those suspenders are useless.,130,22,6,158,638,769
"I hate belts, and my kids insist suspenders are not cool.",127,28,3,158,638,1036
"UAV
UBER Aerial Vehicle",133,19,6,158,638,1113
Drone-spenders. It's the hot accessory in men's fashion!,131,20,7,158,638,1292
What!?!?   You haven’t seen drone suspenders?,129,24,5,158,638,1979
It’s the new “Uber Pool” ... grab my hand.,129,24,5,158,638,3314
You’re the dummy who’s walking around without any surveillance!,126,30,2,158,638,4712
I can drone on all night if I need to.,142,23,7,172,638,381
I FELT SUSPENDERS MADE TOO BIG A FASHION STATEMENT.,143,21,8,172,638,2506
Are those new shoes?,143,21,8,172,638,4750
I could drone on and on about its economic possibilities...,143,22,7,172,638,5092
I know that is traditional - but can your suspenders provide full three dimensional awareness?,141,25,6,172,638,5420
So that’s how these work.,153,26,7,186,638,102
"I asked my phone for a pick-me-up, then this happened.",111,19,5,135,638,3217
"It helps me get out of conversations I don't want to continue, like this one.",121,24,4,149,638,883
"The 1990's called, they want their suspenders back.",120,26,3,149,638,1656
I've lost so much weight since the drones took over,124,18,7,149,638,3269
It’s a little uncomfortable but it sure beats the traffic on the GWB.,123,20,6,149,638,3366
These multitasking suspenders aren't as cool as they look. The wedgies during updrafts are killers.,132,27,4,163,638,170
They're great - though they chatter a bit in the mens' room.,131,29,3,163,638,819
Men of color can't be too safe these days.,135,21,7,163,638,3230
Can your suspenders eliminate rush hour traffic???,134,23,6,163,638,3593
Working on zipping up the fly.,148,20,9,177,638,233
"Where are YOUR drone-me-up suspenders, Scotty?",145,26,6,177,638,1613
Looks weird but it holds my pants up,145,26,6,177,638,2012
I could drone on and on...,140,20,8,168,638,74
This is the only way my wife lets me go out in public.,143,14,11,168,638,1130
"Belt AND  suspenders? MY pants used to keep falling down, too.",139,22,7,168,638,1216
"I know, cool huh?  But my wife says, I just drone on and on!",127,21,6,154,638,1457
Want to invest?,128,20,6,154,638,1483
"Do you believe what they say, that we're always being watched?",150,25,7,182,638,2105
"I know you voted for him, but I'm telling you, his stupid wall won't work.""",138,24,6,168,638,2290
I can sense your disbelief.,126,23,5,154,638,3315
"Well, we all knew suspenders were due for an up-date.",114,22,4,140,638,3333
It was a gift from my wife....,126,23,5,154,638,3568
Saved a bundle of  money on a plane ticket plus they keep my pants up.,135,30,3,168,638,3571
"Once you get used to the constant buzzing, these new suspenders are a dream!  You have high ceilings, right?",137,26,5,168,638,4685
I used to wear a belt AND suspenders.,125,25,4,154,638,4855
I'm one level up from a black belt,125,25,4,154,638,5081
It’s the belt of the future!”,154,26,7,187,638,3576
You oughtta see me dance.,142,25,6,173,638,835
The bad news? Your wife is having an affair. The good news? I can go from the sidewalk to the Trump Tower penthouse in 15 seconds flat.,145,19,9,173,638,893
It lets me avoid the traffic caused by all the Uber drivers.,143,23,7,173,638,1859
"Jeez, this guy is just keeps droning on and on.",144,21,8,173,638,2225
"It's like Uber, but for suspenders.",142,25,6,173,638,2459
Dude - red suspenders are so last century!,135,14,10,159,638,4165
What do you mean my life insurance lapsed?,122,15,8,145,638,2797
"... and then, outta the clear blue sky ... geese!",105,24,2,131,638,2179
How else can I document my life for social media?,148,22,8,178,638,1491
But think how much I'll save on belts.,135,23,6,164,638,269
I'm not taking any chances with my probation this time.,136,21,7,164,638,1145
... and changing clothes is a breeze!,135,23,6,164,638,2007
"Never tell the NSA that, you've got nothing to hide.",135,23,6,164,638,3495
Definitely old school.,134,25,5,164,638,5137
i'm pullin' myself up by the drone straps,125,18,7,150,638,5131
This is the new Tinder,152,23,8,183,638,4521
I think the proper term is neo-retro...,138,26,5,169,638,3078
This rig takes me places I'd never get to on my own.,137,28,4,169,638,3406
Know thyself,143,19,7,169,638,4780
And free shipping that arrives two weeks before you place your order,130,17,8,155,638,647
Please don't tell me that I keep droning on.,125,27,3,155,638,985
"See, I told you you could get anything on Amazon.",128,21,6,155,638,4164
Come on. This’ll beat the sightseeing city tour by bus.,126,25,4,155,638,4709
I'm the personal trainer you ordered from the in flight magazine...,118,16,7,141,638,3260
MILKSHAKE by drone? I was told to deliver a handshake.,147,17,10,174,638,1248
"And then she said blah, blah, blah and just kept droning on.  So I said you want drone..I'll give you drone.",143,25,6,174,638,2311
And I only have to charge them every three hours!,143,25,6,174,638,3743
"It's just like suspended animation, only different.",141,29,4,174,638,4820
"I'm saving a fortune on shoes and belts.""",131,24,5,160,638,685
It gives new meaning to the term “suspenders”.,130,26,4,160,638,1863
"A little more expensive than your suspenders, but mine can not only hold up my trousers, but also take me across busy intersection",127,32,1,160,638,2852
Also a drug-free ED solution.,133,20,7,160,638,4543
"Get with the times, dude",157,31,5,193,638,3867
My pants will fly.,120,21,5,146,638,163
You can’t be too careful.,121,19,6,146,638,1967
"Take your pick, hardly been flown, both owned by a little old lady on the west side.",122,17,7,146,638,3984
"The delivery was free, but the installation cost extra.",146,28,5,179,638,2790
It's the best solution I could think of the cure my plumber's crack problem,149,22,8,179,638,2895
Where do you plug in your charger?,149,23,7,179,638,3283
They said it would give my pants a lift,135,25,5,165,638,805
I'm still trying to iron out some kinks. It plays havoc with womens' skirts.,137,21,7,165,638,825
My brother and I are aeronautical engineers,137,21,7,165,638,2101
They keep me grounded.,137,21,7,165,638,2483
Amazon screwed-up my order.,139,17,9,165,638,2572
"I can’t wait to watch the footage, the suspense is killing me",136,23,6,165,638,2747
Grab hold; no surcharge at this hour.,135,25,5,165,638,3883
I have another drone for the selfies.,123,24,4,151,638,921
"It’s just a prototype, but the “Wedgie-2000” is the President’s latest plan for the media.",123,24,4,151,638,953
"I could drone on like this forever, but I gotta go to work. See you later.",123,24,4,151,638,2573
Nice to meet another anti-beltist.,121,28,2,151,638,4812
Watch this. The anti-wedgie firmware is about to pay for itself!,124,22,5,151,638,4946
Get with the times! UBER is now old school!,141,22,7,170,638,475
Its imperative that I have every angle covered,138,28,4,170,638,1353
Send me up to the 17th floor. I think my wife's cheating on me.,136,32,2,170,638,3667
Do these suspenders make me look taller or what?,127,25,4,156,638,215
Waiting for a lift? UpYours is MY  brand and I can drone on and on at any cocktail party.,125,29,2,156,638,943
It's my day to check in at the weight loss clinic.,129,21,6,156,638,1610
It's cheaper than taking a cab!,132,15,9,156,638,1710
Some people say I tend to drone on...,128,24,4,156,638,2339
"Hey, man, you can just fly over that Midtown traffic during the week.",127,25,4,156,638,2500
"Dude, you're still a slave to those things?",125,29,2,156,638,3331
Not great for funerals.,129,21,6,156,638,5190
They actually get me around way faster than my hoverboard!,127,25,4,156,638,5321
"It's all part of my campaign, ""Everyday uses of technology,"" but I'll admit it's tight in public bathrooms.",117,20,5,142,638,1058
They didn't have pants my size so I improvised,116,22,4,142,638,2304
My new suspenders !,133,22,6,161,638,104
They keep me suspended in animation.,134,20,7,161,638,172
Anything you tell me will be kept strictly confidential.,131,26,4,161,638,696
"If I wore belt with suspenders, people would think I was insecure.",132,24,5,161,638,2482
"Dude, no way are any of the new suspender apps going to work with those.",122,19,6,147,638,443
"I get this one on Shark Tank and suspenders are as good as dead!""",124,15,8,147,638,2839
"They keep my pants up, and there's no shoulder pressure.",121,21,5,147,638,3988
Cartoonists call this ' suspenders animation'.,135,27,4,166,638,43
"Belt, suspenders & Beyond....",138,21,7,166,638,150
"Yes, I'm aware of the risks of product upgrades.",135,27,4,166,638,3189
"If you can get passed not being able to go through doors, it's actually a great idea.",137,23,6,166,638,3530
"Look at those ancient suspenders... get with the times, ​man.",135,27,4,166,638,3621
I'm on selfie 24/7 mode.,137,23,6,166,638,5111
"It only gets awkward, during recharging.",137,32,2,171,638,9
I told you they have an active return policy.,141,24,6,171,638,735
"Unlike you, I don’t need suspenders.",143,20,8,171,638,2183
My new neighbor told me to drop in any time.,136,34,1,171,638,2594
"Get it, they're suspenders!",141,24,6,171,638,2605
The drones noticed my pants were falling down.,139,28,4,171,638,3523
"Well Dude, how else do you get them to cross in the back?",138,30,3,171,638,4324
"One word, my friend.  Aerodynamics.",142,22,7,171,638,5320
"Didn't you get the hipster memo? Moronic is the new ironic.""",147,21,8,176,638,2717
Oh these? They’re the latest in wearable-technology.,144,27,5,176,638,3494
Pairs well with suspenders. Belt? Not so much.,143,29,4,176,638,3839
I always carry some extra pocket money when it's windy so I can catch Greyhound coming back.,131,19,7,157,638,738
"With these, I get a whole different point of view!""",133,15,9,157,638,2002
"It's pretty controversial, but my work involves engineering jeans",131,19,7,157,638,2421
"GET WITH IT!
THIS IS THE QUICKEST WAY TO GET UP IN THE WORLD",129,23,5,157,638,2670
"Atomic wedgie is so 1980s, this is a drone wedgie.",131,19,7,157,638,3213
I am not the typical fly-by-night sales guy!,115,17,6,138,638,262
This suspense is going to kill me.,117,13,8,138,638,3695
I only have a short commute.,150,24,7,181,638,549
Why does a fireman wear red suspenders?  I rest my case.,148,28,5,181,638,710
Who could resist a two-for-one sale?,149,26,6,181,638,1417
Joe couldn’t wait for the light to change to escape the guy droning on and on about himself.,150,24,7,181,638,3140
"Hello, I'm Todd. I'm flying for State Senator.",147,30,4,181,638,3178
My pants kept falling down!,133,24,5,162,638,1442
You look like an idiot.,155,23,8,186,638,532
I'm testing out the search and suspend mode.,136,27,4,167,638,412
"If you buy now, we'll throw in a complimentary haircut.",138,23,6,167,638,2284
“This way I control who is spying on me.”,119,27,2,148,638,2375
"-Hey, we find a stupid reason to use them or they'll be used in the wars.",122,21,5,148,638,2450
Hello. This greeting may be recorded.,121,23,4,148,638,2935
I'm between holes on my belt.,125,15,8,148,638,4180
I’ve programmed them to hold up my pants and trim my sideburns.,122,21,5,148,638,4285
It's 2018; they're outsourcing wedgies now.,123,19,6,148,638,4359
"In addition to one-night stands, I offer the convenience of same-day delivery.",142,24,6,172,638,511
What? My mother likes to know I'm safe.,141,26,5,172,638,1649
I can tell you think I'm just droning on and on!,143,22,7,172,638,2470
It beats paying for security.,144,20,8,172,638,3182
"At first, these went overall the consumer's heads.",125,24,4,153,638,562
"Hello, I' m your android deliver from Amazon",128,18,7,153,638,1730
Can I borrow your suspenders...,127,20,6,153,638,1829
"Yes,I too once had that same sense of ""suspendered disbelief.""",126,22,5,153,638,2752
It brought my personal liability insurance premiums WAY down.,146,25,6,177,638,3830
E-Bike?  Nah!   E-Drone!  Really avoids traffic.,130,23,5,158,638,1315
Easy - I just pull up my pants and plug them in.,133,17,8,158,638,1716
"When the hell does this traffic light say ""fly.""",132,19,7,158,638,4568
Do these jeans make me look fat?,134,24,5,163,638,33
"When you can't find a belt, but your desperate.",137,18,8,163,638,155
It's amazing technology- drones can even repossess your purchases if you don't pay your credit card bill!,133,26,4,163,638,593
Only 19.95,135,22,6,163,638,2253
"No, I’m in IT. We’re testing out 30 minute tech delivery.",134,24,5,163,638,3462
I just dropped in to say 'Hi'.,137,18,8,163,638,3942
Lithium batteries have made suspenders obsolete.,138,25,5,168,638,793
Wanna try tandem?,137,27,4,168,638,1324
'I'm not sure if Amazon's new hipster delivery service will take off',136,29,3,168,638,1424
Plus when I pass gas...it's the other guy whose gonna smell it!,140,21,7,168,638,2235
nothing gets by me now!,119,20,5,144,638,2726
What? Yours didn’t come with drone transportation?,140,21,7,168,638,2982
"And unlike the European swallow, it can also maintain the necessary air-speed velocity to carry a coconut, gripping it by the husk.",142,17,9,168,638,3923
"Yes, this is why I had to borrow your drone.",120,18,6,144,638,4354
It's the new Larry King model.,141,19,8,168,638,4422
Amazon God....Deliver Me!,118,22,4,144,638,4941
You've been replaced.,143,26,4,173,638,34
"Alexander McQueen, Tim Burton, Lady Gaga.  Why, who are you fashion inspirations?",139,32,2,173,638,546
I look for love from both sides now,141,28,4,173,638,1764
Those suspenders are so 2017.,141,28,4,173,638,3614
"Yes, they fly me around, but it’s too tight in the crotch",143,24,6,173,638,4095
It's the latest fashion and it comes by airmail.,143,24,6,173,638,4890
And no helmet necessary.,122,23,4,149,638,3232
For $20 I’ll fly you over the Empire State Building.,122,23,4,149,638,3451
. . . and they're much more slimming than suspenders.,122,23,4,149,638,3859
"Please don't think me a bore.
I can't seem to control myself -- I just keep droning on and on.",149,21,8,178,638,2891
It's all about the selfie!,146,27,5,178,638,3642
"They work pretty well holding up the front of my pants, but I haven't yet figured out how to hold up the back.",144,31,3,178,638,4306
I feel freer now that I don´t have to worry about my trousers any more,126,24,4,154,638,1414
Just attended the Rube Goldberg convention. You’re looking at one inspired entrepreneur!,126,24,4,154,638,1485
It comes with this great new app alerting you there are other people on the sidewalk with you!,129,19,6,154,638,2853
Meet my pet drones Rex and Lucy.,149,30,4,183,638,44
I'm totally wired,150,28,5,183,638,4480
"Batman, Superman, Droneman, New York has 'em all.",130,25,4,159,638,283
I'm feeling so fly.,131,23,5,159,638,427
I’m a “drone and suspenders” type of guy.,129,27,3,159,638,1389
Now I dont need to look up from my phone.,131,23,5,159,638,1547
In Soviet Russia drones fly you!,133,19,7,159,638,1660
"Trump has his wall, I have my suspenders!",129,27,3,159,638,2289
Domino's Pizza Delivery,132,21,6,159,638,2625
Psh. Like I’m gonna listen to some guy who puts his pants on one leg at a time.,129,27,3,159,638,3478
They can also be programmed to give atomic wedgies,130,25,4,159,638,4784
They’re lifting my spirit too―I feel much lighter and cooler today!,130,25,4,159,638,5196
"When in Brooklyn, right?",109,24,2,135,638,2571
"One small hover for man, one giant hover for mankind.",136,22,6,164,638,239
Elon Musk said that it’s the best way to keep your pants from falling down. America will never need belts again!,134,26,4,164,638,1733
"Ah, yes. But are yours rechargeable?",132,30,2,164,638,2165
Suspenders are so passe',134,26,4,164,638,2727
They're high tech suspenders.,137,21,6,164,638,3106
I accidentally ordered them through Prime Pant-ry,161,24,8,193,638,1264
Do you know how much belts cost these days?,114,23,3,140,638,890
It keeps the elephants away.,119,13,8,140,638,1051
They're suspenders designed for people who drone on and on.,139,25,5,169,638,126
It’s a bit more high tec than a belt or suspenders.,140,23,6,169,638,794
"Take my hand, I'll be your designated drone today",141,21,7,169,638,913
Good to see you... and the rest of the city,138,27,4,169,638,2146
I also have a Fly Drone,139,25,5,169,638,2460
... and I don’t even have to wipe.,145,14,10,169,638,4796
"Suspenders? No, but what a fabulous idea!",118,24,3,145,638,1091
"I'm going Amazon Prime, which means they sent two.",120,20,5,145,638,1153
Don't worry. They're friendly.,144,24,6,174,638,1408
I'm disrupting wedgies.,148,16,10,174,638,1987
Two hold up my pants -- three get me airborne.,145,22,7,174,638,5117
Did you say something?,148,25,6,179,638,924
As long as the batteries don't run out before I get to the bathroom.,149,23,7,179,638,1720
And the new IDrone is fully compatible with your IWatch.,147,27,5,179,638,4012
"I'm telling you after you try it, you'll realise that belts are just fashion statements",148,25,6,179,638,5334
"In the long term, they’re cheaper than belts.",127,15,8,150,638,2653
They keep me just above the fray,124,21,5,150,638,2979
... and the need of a public restroom will become obsolete.,124,21,5,150,638,3529
"They don’t poo, they don’t pee, and I don’t have to buy food for them!",122,25,3,150,638,3721
"''Avionic suspenders!""",122,25,3,150,638,4369
The analytics on this thing have taken my performance to a whole new level,125,20,5,150,638,4938
I didn't find my suspenders this morning!,128,22,5,155,638,621
This keeps my pants up but it does get a little snug in the crotch,127,24,4,155,638,763
"Yes, they may see me coming ... I’m working on that.",154,31,4,189,638,1555
Not at the moment.  That requires a separate device.,103,20,3,126,638,5065
Coffee wasn't enough to wake up this morning.,133,21,6,160,638,72
They just hold my pants up.,131,25,4,160,638,1059
To count my steps!!!,133,21,6,160,638,1695
You’re just jealous that my pants stay up without those retro suspenders.,131,25,4,160,638,3457
I’m sorry I tend to drone on and on...,133,22,5,160,638,3528
"I keep losing my pen when it's actually just behind my ear, so now I have video footage of my ears at all times to make sure it never happens again",133,21,6,160,638,4660
Amazon OnDemand! What's it gonna take to get you into a new blazer!?,131,25,4,160,638,5006
To keep my belt up!,137,22,6,165,638,1705
"Did you know millions of Americans face sagging pants? Our innovative, VC backed approach at belt.ly will disrupt the belt wearing experience by...",137,22,6,165,638,2951
"Come fly with me, let's fly, let's fly away",137,22,6,165,638,3467
The best anti-theft  devise money can buy.,137,22,6,165,638,3627
Mine came with free installation!,135,26,4,165,638,3868
You hold up your pants your way; I am more avant-garde.,136,24,5,165,638,4123
"Personal transport turbo photo rotors. Travel fast, take pix.",140,16,9,165,638,4220
"Back away, I'm sponsored by a personal injury attorney.",135,26,4,165,638,4714
Wait till you see what happens after the wings start flapping,138,20,7,165,638,5053
They help keep my armpits dry.,143,19,8,170,638,115
It's time suspenders go high tech.,141,23,6,170,638,185
They’re suspending.,142,21,7,170,638,2560
Have you ever had back pains?,139,27,4,170,638,4059
And that's not to mention the revolution in women's lingerie!,140,25,5,170,638,4882
"Look man, no hands.",141,23,6,170,638,5395
I can see you don't own one.,145,24,6,175,638,4
"The latest thing in selfies, dude!",148,18,9,175,638,2683
It allowed me to give up the belt.,149,16,10,175,638,2688
"The wedgy I can live with, it's being delivered to my destination in style that sold me.",144,26,5,175,638,4958
You think this is what they meant by flights of fancy?,148,28,4,180,638,5366
Those suspenders look ridiculous.,122,18,6,146,638,966
2019: Amazon taps into the speed-dating craze.,122,18,6,146,638,2751
"There are stray dogs, then there are stray drones.   Just doing my job.",122,18,6,146,638,3525
No more sagging!!,125,21,5,151,638,979
Go ahead and call the FAA you’re just gonna look like a racist on twitter,124,23,4,151,638,1368
It was a wedding gift.  My wife finds it sexy.,125,21,5,151,638,3696
My wife says I drone on a lot.,124,23,4,151,638,4624
Don't tell me my suspenders aren't lookin' fly,128,24,4,156,638,712
"Now we have a third option to belts
 and suspenders",126,28,2,156,638,971
"Greetings, fellow human. Pay no attention to my handlers.",129,22,5,156,638,1928
Best suspenders ever!!,127,26,3,156,638,2139
Belt and suspenders is so last century.,131,18,7,156,638,2903
"Wall, schmall!",131,18,7,156,638,3058
I am a Brooklyn kind of suspended.,132,25,4,161,638,224
The elevator is broken.,131,27,3,161,638,545
"Technology has outpaced suspenders, you luddite!",130,29,2,161,638,697
You can fly and they keep you pants from falling!,133,23,5,161,638,5388
"See? This is like, way more convenient than using my hands!",136,26,4,166,638,2987
I'm a pilot for Luber. The new quick trip no-frills alternative to outdated Lyft and Uber. Tell me where you're headed and climb aboard.,139,20,7,166,638,3020
No. There is no app for this yet.,134,30,2,166,638,4402
I got 300 million to make them rentable via phone.,140,18,8,166,638,4643
"This is a ridiculous cartoon, I have nothing...drone suspenders. Really",143,21,7,171,638,597
"What don't you understand about ""delivery man?""",144,19,8,171,638,757
I have an elastic allergy.,139,29,3,171,638,5045
"I’m running late, do you need a lift?",147,22,7,176,638,988
L train service isn't the only thing that's suspended...,147,22,7,176,638,3040
I've given up my suspenders!,147,31,3,181,638,862
Need a taxi?,112,22,3,137,638,1231
My new suspenders work fine until the batteries run down.,154,26,6,186,638,962
Herb just droned on and on.,158,18,10,186,638,1959
"Suspenders are out,man. These are the latest.",118,19,5,142,638,274
Millions of dollars in research and development!,118,20,4,142,638,2182
No worries I'm wearing those new wedgie proof underwear.,159,25,7,191,638,1804
"Take my hand, once you've flown drone you'll never leave home without them.",159,25,7,191,638,3756
There you go - droning on!,122,20,5,147,638,2602
New belt?,122,20,5,147,638,2838
"Yeah, this takes old-timey suspenders to a whole new level.",129,16,7,152,638,1926
Airpods 2 will change your life.,126,21,5,152,638,1989
Mid Life Crisis Circa 2025,127,19,6,152,638,2531
Internet bullies are starting to give atomic wedgies,129,15,8,152,638,3316
You'll never need a belt or suspenders again.,123,27,2,152,638,4362
Who said sansabelts were no longer cool?,125,23,4,152,638,4686
And my wife says men can't multi-task.,129,24,4,157,638,1866
"I'm a belt and suspenders kind of guy, but I don't like suspenders.",130,22,5,157,638,2102
"I see you’re a old fashioned belt and suspenders kinda guy, whereas I decided to go with the flow and modernize.",129,24,4,157,638,2695
"I know it’s kind of theatrical, but you just have to suspend disbelief.",131,20,6,157,638,3199
These are for those times when the right hand doesn't know what the left hand is doing.,127,28,2,157,638,3874
Do you need one?,131,20,6,157,638,5216
Two words - zipper drone.,136,19,7,162,638,229
"The thing is, I don't get a backache like when I'm wearing a belt.",135,21,6,162,638,1767
It’s the high tech alternative to the suspenders vs belt debate.,132,27,3,162,638,1980
"On the bright side, we got the government to suspend its drone program.",133,25,4,162,638,2547
"Other than the occasional glitches and battery issues, they really simplify my daily routine.",137,17,8,162,638,5417
I have my own fans anyway!,136,28,3,167,638,69
"Accessorize more, man!",138,24,5,167,638,1016
They delivered me here to talk to you. Just imagine how they might change your life as well,138,24,5,167,638,1538
I can't believe it's not Amazon,139,22,6,167,638,2191
Keeps me Cool in the Summer!,138,24,5,167,638,2216
Can you spare several million in investment capital?,137,26,4,167,638,3766
No rush-hour traffic delays!,135,30,2,167,638,4383
Just wait until I put the plates on them!,139,22,6,167,638,4415
"They're ""Big""-spenders!",140,20,7,167,638,5183
"Laugh now, but you’ll be buying your own drone-spenders before spring.",136,28,3,167,638,5325
It's the latest fashion! All the Kardashians are wearing these!,144,21,7,172,638,1426
.... And that is how I tighten my belt.,141,27,4,172,638,2164
just needed something to hold  up my pants.,145,20,7,172,638,4233
"they’re bringing me back to their nest to feed to their young. no, no, it’s cool, it’s like, the circle of life, or whatever.",144,21,7,172,638,4353
They work better than suspenders.,144,30,3,177,638,1925
"Remember when you voiced concern that the guy is worth $150 billion, has an army of drones at his command, AND has Amazon Echo devices recoding every conversation in America?  Don't you feel stupid now that we got these free suspenders?",146,26,5,177,638,2110
I use them merely to keep my pants up.,147,24,6,177,638,4382
"Posting a check-in to Facebook is so last week, this streams live.",114,20,4,138,638,747
"White privilege, again: you don't have to rig yours to record police brutality.",122,13,8,143,638,564
My new company aims at disrupting the suspenders industry.,120,17,6,143,638,4873
I save a ton of time pulling my pants up and they give me a wedgie if  I try to eat gluten.,122,13,8,143,638,5379
I have a tendency to drone on sometimes.,123,20,5,148,638,14
The hardest part is preventing them from flying away with me,122,22,4,148,638,295
As long as they don't crash everything is great.,123,20,5,148,638,1713
"I don't think I drone on and on""",122,22,4,148,638,2652
...and that's blockchain.,124,18,6,148,638,3809
"Well, my monkey's not happy but it's the latest in organ grinder technology.",122,22,4,148,638,4141
"Forget LED suspenders man, drone suspenders is where it’s at dude!”",123,20,5,148,638,4478
Hand over your wallet. This is a holdup!,127,21,5,153,638,2419
They came to my door bearing packages.,127,21,5,153,638,4093
Oh! I'm sorry Paul. Am I boring you? Because Christina told me that you told her that I always drone on.,130,24,4,158,638,764
"You gotta stay up with the times, Bernard.   Mine were sent by air mail ... they work ... and I feel ten pounds lighter too.",133,27,3,163,638,1537
They’re FAA approved,132,29,2,163,638,2259
"Gas is too high,bro",137,19,7,163,638,3242
They suspend my disbelief.,134,25,4,163,638,4074
"It's the modern version of ""belt and suspenders.""",134,25,4,163,638,4625
You swiped right on Grinder.,143,16,9,168,638,364
I'd consider myself middle-class.,140,23,5,168,638,380
Just in case someone orders a Nerd from Amazon.,142,18,8,168,638,2035
Out of my air space.,143,17,8,168,638,3452
Two words: iGen Sansabelt.,141,29,3,173,638,1790
Mine suspend the laws of gravity.,149,22,7,178,638,3894
What’s up?,148,24,6,178,638,4256
"Hey, I used to wear suspenders too, but this is a much cooler way to keep your pants up!",151,27,5,183,638,2314
You ordered a personal trainer?,152,25,6,183,638,2444
"Trust me, whatever we say here stays between us.",156,19,8,183,638,4909
Cheaper than Viagra.,115,20,4,139,638,347
I'm just fine with a handshake deal.,118,23,3,144,638,512
"check this out! 'I-Belt', it's the first fully automated pants holding solution, it saves me 30 seconds a day and only decapitated 2 people!",120,19,5,144,638,1692
I have IBS--so descent speed metrics were a critical factor.,122,24,3,149,638,1109
Beam me up Scotty.,122,24,3,149,638,1964
The best part is they go with everything - they're really simplifying my wardrobe.,128,21,5,154,638,25
YOU EVER GET THAT FEELING LIKE YOU'RE BEING WATCHED?,129,19,6,154,638,276
"Yes, they replaced both belt and suspenders!",128,21,5,154,638,1793
They're spinners for mainstream media.,131,24,4,159,638,982
The cameras showed such interesting stuff in skyscraper windows t had to see for myself.,132,22,5,159,638,1026
"Just bouncing around, how about you?",130,26,3,159,638,1855
The suspenders were hurting my shoulders.,130,26,3,159,638,2730
My chiropractor has to monitor my progress.,131,24,4,159,638,2843
People accuse me of just droning on and on about where I am in the scheme of things.,132,22,5,159,638,4803
They keep babes from coming onto me.,137,21,6,164,638,3345
"In fact, I do believe myself to be THAT interesting!",138,19,7,164,638,3413
Who are you calling a drone?,137,21,6,164,638,3454
I am video recording you and everything around me including the video recorders that are video recording me.,136,24,4,164,638,4851
"Before this I was a drone operator, now drones operate me.",139,26,4,169,638,343
"Still, I'd recommend just buying new socks",140,24,5,169,638,492
I'm hoping to find a new perspective on my life...,143,18,8,169,638,938
"Hey Fred, did you know that Amazon will pick me up too?",140,24,5,169,638,1027
"When your shoulders start sagging, don’t complain to me.",139,26,4,169,638,2141
"I love the style, but I worry that they're a little too clingy.",140,25,4,169,638,2441
"Honestly, you should think about it. Buy one get one free, too.",139,26,4,169,638,2848
"They're nor suspenders, they're Sspndrs, my new startup.",140,24,5,169,638,3797
So I've been reading up on this MeToo thing..,139,26,4,169,638,3953
It's the belt and suspenders and drones approach.,140,24,5,169,638,4094
It’s 2018... wedgies are outsourced now.,143,18,8,169,638,4355
I just had to take them both. It wasn't a no-kill shelter.,139,26,4,169,638,4573
My only concern is: what are you going to do when they run out of battery?,147,19,8,174,638,38
Geeks revenge!!,142,29,3,174,638,3181
"Hey! This way I can meet Amazon half-way, 
you know what I mean?",144,25,5,174,638,3624
Amazon is going into air travel,151,20,8,179,638,430
Do you know why nerds wear drone suspenders?,149,24,6,179,638,3277
Just think of them as high tech suspenders,149,24,6,179,638,3570
"Sure, it's great that they hold my pants up, but I'm still not a fan of them knowing my internet history",115,22,3,140,638,42
"Belts are for suckers, am I right?",148,28,4,180,638,53
"Then yesterday i was flying and the drones pulled my pants over my head ,and i flew right into a flag pole.",148,19,8,175,638,109
I enjoy the show tunes you sing while cooking dinner.,141,15,9,165,638,192
"But if you fall in a sink hole, your pants will stay up.",120,21,4,145,638,388
Do your suspenders shoot Hellfire missiles?,122,17,6,145,638,519
Amazon is doing everything with drones.  Even installing suspenders for Prime users with purchase.,131,17,7,155,638,814
The wedgies are terrific!,143,20,7,170,638,1047
"can you define ""drone on""?",139,20,6,165,638,1117
"Man, suspenders are so seventies!",115,22,3,140,638,1381
It only hurts when I lag.,116,20,4,140,638,1608
"Your acoustic suspenders are totally retro, man.",137,23,5,165,638,1658
Who needs phones when you have drones?,138,21,6,165,638,1741
The reviews say they will never get stuck on any tree,147,21,7,175,638,2161
Wow... that's just so 1980's.,116,20,4,140,638,2318
"They're not suspenders if they aren't ""suspended.""",141,24,5,170,638,2449
I call it the SuperWedgy.,124,22,4,150,638,2592
"We are not toddlers anymore, time to move up to big boy clothes.",124,22,4,150,638,3097
With a pair of these I can deliver stealth wedgies anywhere.,140,26,4,170,638,3384
I just want to see what the Caravan looks like.,146,23,6,175,638,3388
I never have to worry about where I put my keys.,135,27,3,165,638,3460
The applications for drones are endless!,142,22,6,170,638,3596
It's a DJI - Macintosh collaboration - they call it iSuspend.,149,26,5,180,638,3740
I got tired of selfies that didn't show my best side.,118,17,5,140,638,3782
Suspenders are so 1899!,128,23,4,155,638,3895
But it's all the legroom you'll ever need.,128,23,4,155,638,3946
"Hey man, can you spare a quarter for battery?",134,20,6,160,638,3987
"Yes, it can be tricky at the restroom but I'm pretty sure it will catch on soon.",126,18,6,150,638,4016
"You too, can put the suspense back in your suspenders.",132,24,4,160,638,4583
"Suspenders are a fad, Tom.",136,25,4,165,638,5037
"Let's split the fair. Don't worry, the payment app is totally safe.",142,22,6,170,638,5051
That's okay. We can't all be geniuses.,134,20,6,160,638,5419
I'd recommend paying a little extra for same-day zipping.,129,21,5,155,638,5421
I finally found a solution to my pants that kept falling.,161,31,4,196,638,520
"Oh, just let Slicey sniff you a little bit and he’ll be friendly in no time!",147,24,5,176,638,4086
"No more suspenders, no more belts.",144,20,7,171,638,402
"They protect my personal space from violation, and you get a choice of three stylish colors.",143,22,6,171,638,3466
I'm told I should be more uplifting around others,143,22,6,171,638,5266
What do you think? It's the new Amazon fashion line.,140,19,7,166,638,1323
Those old school suspenders just didn’t give me the right lift.”,136,27,3,166,638,2846
Belt and suspenders are so 2017.,136,18,7,161,638,352
I lost my suspenders,136,18,7,161,638,933
No more Mr Saggy Scrotum.,136,18,7,161,638,1115
Doctor says I need to take the wait off my feet,136,18,7,161,638,2233
"suspenders, schmuspenders!",135,20,6,161,638,3713
The Superman costume was much better,131,28,2,161,638,4105
Drones? We prefer to call them workers.,128,25,3,156,638,1738
"My hands are free, so no one knows he's being filmed.",132,17,7,156,638,3438
I just shopped at the NEW Belts and Suspenders store!!!,131,19,6,156,638,4879
HR said I wasn't allowed to attach the third one.,124,24,3,151,638,441
"Seriously...you've never heard of Drone-a-Belt""",124,24,3,151,638,1336
I also offer drone sitting!,125,22,4,151,638,3617
I had no complain until they decided to fly in opposite directions.,118,18,5,141,638,3317
Those braces are so 2017.,113,19,4,136,638,1870
Didn’t you see the Larry King infomercial?,158,21,8,187,638,1848
And I’m only the third tester!,149,30,3,182,638,1263
It's a new City Hall initiative: droopy pants prevention drones.,148,23,6,177,638,760
You know the joke about why firemen wear red suspenders...,148,23,6,177,638,2201
"No need for belt or suspenders, but the batteries are draining me!",147,25,5,177,638,3414
...and the app is nowegee,150,19,8,177,638,3625
"The first time I did this it gave me a ""wedgie""",145,29,3,177,638,4196
Their names are Jeff and Larry.,146,27,4,177,638,5025
I’m trying to remember if I charged the batteries last night.,142,26,4,172,638,2462
Haven’t you heard about the robot uprising?,143,24,5,172,638,2916
"You know, I just want to be totally transparent about my intentions.",147,16,9,172,638,3476
Some guys call it 'off the shoulder' but I prefer 'going comando',143,24,5,172,638,4992
Yea my wisdom line and my life line both stop about here,140,21,6,167,638,657
Internet bullies are giving me a wedgie.,138,16,8,162,638,2008
Balloons are so last year.,136,20,6,162,638,4719
You too can lose five ponds in five minutes,131,21,5,157,638,3084
You’re wrong. I don’t need a permit.,132,19,6,157,638,3498
Why does everyone accuse me of droning on and on?,131,21,5,157,638,5071
Hey buddy can you spare some change? This conversation may be monitored for your protection.,126,22,4,152,638,340
I'm looking for a lift.,124,26,2,152,638,709
"My future’s so light, I gotta wear drones.",129,16,7,152,638,2116
I’m fine with skipping pleasantries,128,18,6,152,638,2263
"It's the future.  You'll float, too!",126,22,4,152,638,2974
At least they aren't sitting on my shoulders anymore,124,26,2,152,638,4283
The only problem is revolving  doors cause a bit of a let down.,121,23,3,147,638,1466
I was a belt-and-suspenders guy too. Now I'm a four-eyed technology geek.,119,27,1,147,638,2603
Yours look kind of goofy.,120,25,2,147,638,3719
You get used to the constant whirring.,120,25,2,147,638,5145
Suspenders. They're en vogue.,120,17,5,142,638,2297
"As a photographer, I just hate getting caught with my pants down.",111,16,5,132,638,153
They're called new age suspenders.,158,23,7,188,638,27
"I don't want to drone on, but will you vote for me?",154,22,7,183,638,166
I have an interview with Uber Eats this afternoon.,152,26,5,183,638,2827
"When you go down, I’ll be high.",150,22,6,178,638,2312
"Hi, I'm Johnny-On-The-Spot.",149,23,6,178,638,3845
You can find me @suspendedbysuspenders,150,21,7,178,638,4396
High-waisted? Here's the solution to your problem.,143,26,4,173,638,1079
I say drone pizza delivery will need a middle man!,145,22,6,173,638,2028
I never liked belts to begin with.,146,20,7,173,638,5331
I recommend these new suspenders. They are so uplifting,139,25,4,168,638,1306
They’re very good at following commands.,140,23,5,168,638,1948
The FAA wants to pants me.,138,27,3,168,638,3173
What are you droning on about now?,141,21,6,168,638,4215
"Dog walking was too hard to break into.""",140,23,5,168,638,4690
"Yes, I know they're drones--they keep my pants up.",134,26,3,163,638,993
They will take me to my leader.,137,20,6,163,638,1401
"'It takes online dating to the next level!""",139,16,8,163,638,1516
They're thought of quite highly in the teleportation/drone selfie-stick community.,136,22,5,163,638,3909
"Next week, I'm buying the new Nike Roomba's",133,19,6,158,638,1499
"Let go of your AI moral qualms already, Jeff",134,17,7,158,638,1956
Casual flydays.,129,27,2,158,638,2832
It turns out these “remote wedgies” have really helped improve my posture.,131,23,4,158,638,3818
It’ll be like a selfie taken by god.,134,17,7,158,638,4723
Because my life is just too damn interesting not to share it with the rest of the world.,134,17,7,158,638,5120
It's the latest mobile dating ap.,133,19,6,158,638,5150
"Yes, the tan I get at altitude is awesome.",129,27,2,158,638,5398
They’re also useful for haircuts.,126,24,3,153,638,208
"Honestly, the atomic wedgies are well worth the time savings.",129,18,6,153,638,410
"It was the wife's idea, to keep an eye on me.",125,17,6,148,638,194
"Dad, you're doing it all wrong.",124,19,5,148,638,1890
It's about time someone figured out how to avoid all those damn bicycles and kick scooters.,123,21,4,148,638,2344
it's in stereo  and I can see around corners,124,19,5,148,638,3299
I'm getting ready for the L train shutdown.,124,19,5,148,638,4181
"They're only really a problem in public bathrooms, an mainly their livestream feature",123,22,3,148,638,4944
"I'm live streaming me on Instagram live streaming me on Facebook, live streaming me on Instagram.",127,13,8,148,638,5408
Now I CAN fly too close to the sun.,121,16,6,143,638,5130
It was Two-for-One Tuesday.,113,23,2,138,638,1206
"Come on, fly away with me.",152,28,4,184,638,1671
And they're not even that loud!,149,25,5,179,638,76
It's a modern take.,148,27,4,179,638,875
"They not only keep your pants up, they can also give you wedgies!",151,21,7,179,638,3514
It works until they decide to give me a wedgie.,142,30,2,174,638,1213
You can order my action figure on Amazon,145,25,4,174,638,1854
"I know what you're thinking, and no, they don't roll your sleeves up for you.",144,26,4,174,638,4641
They help me drone out the noise.,139,27,3,169,638,411
"Okay, nothing to see here. Let's move along.",140,25,4,169,638,831
It frees me up for more important things!,141,23,5,169,638,1013
"I'm from the government, and I'm here to help you.",141,23,5,169,638,1845
"I'm completely vegan, you know? And I just think it's hypocritical to even wear anything that LOOKS like animal skin, especially leather. So these drones replace the need for belts.",143,19,7,169,638,1893
"Yeah, but we stole this idea from Google!",141,23,5,169,638,2054
I don't mean to drone on and on about myself.,140,25,4,169,638,2749
"Dude, these suspenders are so cool in this heat",141,23,5,169,638,3176
"Go ahead shake my hand, I’ve got the control button in my left hand.",141,23,5,169,638,4744
... it's a great chick magnet.,138,20,6,164,638,1383
"""A guy at a garage sale convinced me it was an 8-Track tape player.""",139,18,7,164,638,2175
Drones are the new suspenders!,136,24,4,164,638,2477
I'm too heavy but they  just drone on.,136,24,4,164,638,2996
It’s 2018 bro.,139,18,7,164,638,3252
Suspenders are OUT!!!!,138,20,6,164,638,3613
To hold my suspenders up.,139,18,7,164,638,4048
"Flight with them is no problem, except when they run into some of their friends.",138,20,6,164,638,5087
"My superhero name? ""Droning On and On Man""",137,13,9,159,638,1020
"Trust me pal, it's safe, and you can drop in anywhere!",134,19,6,159,638,1371
"I’m more Facebook-brained, but the Amazon side is getting stronger.",132,24,3,159,638,1875
I've just been buzzing ever since I got these!,132,23,4,159,638,3658
I’m working on suspenders animation...,133,21,5,159,638,3978
"You drone on lot, did you know that.",129,20,5,154,638,1046
"As your better angel, believe me, God is a total nerd.""",133,12,9,154,638,1173
Normally I am a belt and suspenders type guy...,129,20,5,154,638,1886
They’re from my “personal surveillance” collection.,129,20,5,154,638,2061
"You know, it’s been cheaper than those traditional belts!",128,22,4,154,638,2636
"Before you go there, yes, the suspense is killing me.",124,21,4,149,638,4769
finally......they’ve come out suspenders you actually can’t feel you’re wearing.....,158,18,9,185,638,5
Suspension of these-briefs,152,21,7,180,638,2044
"If I succeed, I'll open my business in Detroit.",120,20,4,144,638,3145
Five bucks for a tour.,147,24,4,175,638,2329
It's my segue to the Segway.,146,24,5,175,638,3327
"Trust me, it’s a smooth ride",146,24,5,175,638,3556
You still wear braces ...sad.,118,15,6,139,638,1678
Why be an actor when you can also direct?,141,25,4,170,638,754
We're testing the market for an Amazon/Tinder merger.,140,27,3,170,638,917
"I drowned my last dog...these ones
are waterproof, adorable, they watch the house properly, they don’t piss wherever they please, and my wife finally stopped sneezing.",147,13,10,170,638,1096
A little hard flying overseas but interstate it’s ok!,142,23,5,170,638,1831
"Windy day, for me.",143,21,6,170,638,3344
I'm taking a belt-and-suspenders approach to this.,144,20,6,170,638,4787
And you thought mosquitoes were pesky.,137,24,4,165,638,695
"Hey, it was good seeing you last night.",143,14,8,165,638,1475
First ever #AmazonPrimeAir customer delivery is in the books.,138,22,5,165,638,3581
"The batteries are good until thet’re not, O.K.?",138,22,5,165,638,4213
"Yeah, yeah, I already know I look pretty fly.",139,20,6,165,638,4440
"I call them ""Drone-Spenders!""",133,23,4,160,638,1269
Grindr has been taken over by Amazon,136,17,7,160,638,3493
Just be careful what they grab hold of down there.,134,21,5,160,638,3851
"I""m getting an outfit shot for Instagram.",128,24,3,155,638,1163
"In first class, they turn the cameras off.",128,24,3,155,638,1813
Join me and help redefine atomic wedgie through augmented suspender irony.,155,26,5,186,638,2361
I suppose I do drone on and on about them.,155,26,5,186,638,2692
"It’s the price you have to pay if you want to make it as a reality star, Jim.",127,26,2,155,638,3844
"I SAID, I'LL TAKE SHATTERED EARDRUMS OVER BEING MUGGED!",130,20,5,155,638,4113
Give me your cell phone. I guarantee you'll be viral by dinner.,130,20,5,155,638,4368
The elevator is on the blink again...,127,26,2,155,638,5127
Suspendervision,153,21,7,181,638,230
"I can't fly, but at least my pants stay up.",123,25,2,150,638,157
"Suspendroids Roger! Not only do they keep my pants up, they do the same for my social media.",125,21,4,150,638,2298
"With airline prices these days, I had to change something.",147,24,5,176,638,449
It's my wife's idea.,147,24,5,176,638,1154
Don't you think these new HR requirements are a little over the top?,148,22,6,176,638,4730
"Apparently,it's the new ""Cyber-Wedgie"" from Twitter.",121,20,4,145,638,3233
I felt a need for news sources I could trust.,123,16,6,145,638,3841
What are you? A Luddite?,140,29,2,171,638,383
I have been accused of droning on and on..... I'll show 'em!,146,17,8,171,638,2056
Your suspenders are so twentieth century.,116,21,3,140,638,1968
"Trust me, in five years everyone will have one of these.",116,21,3,140,638,2454
Amazon can send aliens to impregnate you in twenty-five minutes.,139,22,5,166,638,1598
They work SO much better than suspenders.,135,30,1,166,638,1860
"heh, try adjusting those without taking them off",137,26,3,166,638,2943
It's the new wedgie-matic 2000.,140,20,6,166,638,2959
"It's for privacy, you understand.",138,24,4,166,638,3024
"Hey,  does this make my butt look big?",139,22,5,166,638,4037
"Why?
I don't know, but they'll be finished disembarking in a few minutes.",111,22,2,135,638,3291
I am for hire dude.,135,22,4,161,638,45
No belt or suspenders !,135,21,5,161,638,1129
Take a spin?,134,23,4,161,638,1879
"Yup, latest spin on suspenders and they make me feel lighter too.",132,27,2,161,638,4485
Who cares about the FAA! Do you know how much I’ll be saving on belts?,134,23,4,161,638,4626
They make good pets and there’s no mess to pick up.,135,21,5,161,638,5170
"Beauty is pain, Steven.",157,24,6,187,638,1305
"Finally, a pants-suspension solution that is totally autonomous!",157,24,6,187,638,4810
"To me, I'm invisible.",130,22,4,156,638,1060
You're grounded buddy. That ain't my problem.,130,22,4,156,638,1994
"It's not the flying cars of the Jetsons, but it's close.",130,22,4,156,638,3857
Can I interest you in a pair of Dro-Spenders??,148,24,5,177,638,1827
"And, when I am not soaring, they help hold up my pants.",127,19,5,151,638,536
No cash?  No problem!  I can get you into one of these for just $19.99 a month.,128,17,6,151,638,1406
Can you tell that I tend to drone on and on?,128,17,6,151,638,1698
"You see, this is the only way I can keep my job with Amazon.",126,21,4,151,638,3373
I am no longer a belt and suspenders guy,125,23,3,151,638,5094
"Pants no, briefs yes. It's all about giving your friends air.",147,17,8,172,638,5367
"One can never be too cautious these days. This is the belt, suspenders, and drone approach.",123,18,5,146,638,711
I really do need these to keep my pants up,121,22,3,146,638,5121
I'm going to call them Sans-a-belts.,162,25,6,193,638,2863
Without them the drones would be photographing the dark side of my moon.,139,24,4,167,638,1072
Couldn’t decide which side of my face looks better on profile...,137,28,2,167,638,1992
The new ones are now wedgie-proofed.,137,28,2,167,638,4216
"Rats, I forgot my charger and I’m low.  Have you got one I can use for forty-five minutes?",140,22,5,167,638,4885
He just kept droning on about them.,117,21,3,141,638,1776
"Smile, Mr., you're on 'Drone Camera'... and what brings you to the
 red-light district today?",118,19,4,141,638,4241
It's the complete meeting package for today's high-flying executive.,135,23,4,162,638,578
Let 'em carry me away!,137,19,6,162,638,1160
"Alexa, stop rectal probe now!",140,13,9,162,638,1310
It's like you're wearing VHS tapes.,134,25,3,162,638,3712
We're rebranding the metaphor,153,25,5,183,638,2733
"Good for you Thomas, but I'm never going to trust drones with my package.",118,10,8,136,638,2583
"They're called ""drone-spenders.""  Why do you ask?",115,16,5,136,638,4896
"I guess I’m a suspenders, belt and drone kind of guy.",132,20,5,157,638,2221
"Hi, I'd like to connect with you on LinkedIn.",133,18,6,157,638,2440
They distract people from my constantly incessant and mindless chatter. And it eliminates the need for a belt or suspenders. How cool is that?,129,26,2,157,638,2539
What you still haven't updated your suspenders yet?,132,20,5,157,638,3897
Can I borrow your belt?,133,18,6,157,638,4214
Puts range anxiety into perspective doesn't it?,148,26,4,178,638,81
"This is so much better than suspenders, and it's a chick magnet!",148,26,4,178,638,3716
So much better than the old fashioned  fan on the baseball cap my parents used!,109,19,3,131,638,3773
"It's just an update on the ole ""belt and suspenders"" approach.",128,19,5,152,638,4541
My girlfriend is convinced I'm cheating on her. I'm proving my innocence.,145,25,3,173,638,1578
Ok when there's something exciting to see they go after it and then my pants fall down.,148,17,8,173,638,1718
Don't worry- they've been fully repurposed.,143,27,3,173,638,2222
"Use my ‘common sense’? That's a silly, empty buzzword used by people who aren't disruptive innovators.",143,27,3,173,638,2963
Trying on my latest Amazon delivery.,145,23,5,173,638,3950
I gotta stay fly.,140,24,4,168,638,254
They do a great job of keeping my pants up.,123,20,4,147,638,1297
I want everyone to know what it's really like to walk in my shoes.,123,20,4,147,638,1365
''No more crowded A trains for me.'',142,20,6,168,638,1583
"I could just go on and on and on about the soothing, consistent humming they produce.",120,26,1,147,638,2091
Evidence if I'm killed or injured and great for my weigh-in at Weight Watchers.,121,24,2,147,638,2414
"Also, when I see someone I don't like, I can command the drones to give that person a ""wedgie.""",123,20,4,147,638,3014
"Killer look, right?",124,18,5,147,638,3305
It was this or suspenders.,106,16,4,126,638,3882
I am Drone-Man,154,25,5,184,638,3172
Nobody gets the drop on me and my pants don't drop either.,155,23,6,184,638,3855
What do you mean we live in a world controlled by evil ? Big Brother won't like that kind of talk.,154,25,5,184,638,5070
It’s better than suspenders!,137,21,5,163,638,474
I try to keep a low profile.,136,23,4,163,638,679
"Don't worry, I once met Sully.",137,21,5,163,638,1374
I no longer have to keep a journal.,137,21,5,163,638,2195
I get high with a little from my friends.,136,23,4,163,638,2640
"I know it's a high-tech approach, but it still seems like a lot of work just to give me a wedgie.",119,19,4,142,638,1230
The drones are able to sense my self-satisfaction and snap them accordingly.,135,17,6,158,638,584
I'm working on my indie film- Suspended.,133,20,5,158,638,2644
And you just keep droning on...........,134,18,6,158,638,2739
Forget belt and suspenders!,132,23,3,158,638,2901
I overachieve.,135,16,7,158,638,3231
Beats suspenders any day,133,20,5,158,638,3646
It’s what Superman used. He made it invisible.,132,22,4,158,638,3661
You can buy any knockoff you want in Chinatown.,162,29,4,195,638,3838
"You can throw away your belts, this is the future.",144,27,3,174,638,376
I'm protecting my goods.,145,25,4,174,638,2392
You should see the belt version.,147,21,6,174,638,3379
"System downtime just reminds me to take a moment and think, are my pants still up?",128,21,4,153,638,1318
"Invest in cast-iron briefs, and you're all set.",129,19,5,153,638,2484
It's high-tech bungee jumping.,127,23,3,153,638,2773
My wife likes to keep track of me...,142,22,5,169,638,92
Rainbow suspenders are so 1970's.,143,21,5,169,638,452
They are guaranteed to help you lose weight.,141,24,4,169,638,1760
I told my tailor that I wanted high risers.,140,26,3,169,638,2013
They were on sale at the FAA’s Men’s Store.,144,18,7,169,638,2763
I saw this DIY on Instagram,124,20,4,148,638,3326
Now you know the difference between braces and suspenders.,136,25,3,164,638,1575
You're not keeping up with technology.,137,23,4,164,638,3139
Not only will you be able to reach new heights... you'll be able to see every step of the way.,137,23,4,164,638,3153
With a few modifications the Techno-Wedgie will be operational.,137,23,4,164,638,3954
"Yeah, that works..., in the 20th Century!",153,20,7,180,638,171
I think they’re called wedgie-makers but I don’t know why!,154,19,7,180,638,197
I am so much cooler than you...,121,17,5,143,638,1694
Lose those suspenders and rock a pair of Hip Drones to be the man that keeps up with what's up!,120,19,4,143,638,4994
"for extra support""",131,26,2,159,638,309
Ahh nuts!  I forgot the controllers!,132,24,3,159,638,949
I see your risk mitigation and raise a mind-blower wedgie.,136,16,7,159,638,2589
Want a walk-on cameo in the movie of my life?,134,20,5,159,638,2784
You should see what my belt can do.,136,16,7,159,638,3885
I'm documenting my life for You Tube.,134,20,5,159,638,4312
... and they’re mobile! So you’re free to move around.,133,22,4,159,638,4749
"I'm tellin' ya, elevator shoes will soon be obsolete. And, here's why.",134,20,5,159,638,5245
You're going to have to major in mechanical engineering if you want to pants me now.,148,21,6,175,638,455
It beat their selection of neckties.,146,25,4,175,638,3543
"I know what you're thinking, and yes, this set-up makes going to the bathroom a baffling ordeal!",149,19,7,175,638,3986
I now call it my fifth-floor drone-up.,102,17,3,122,638,3052
I didn't order this from Amazon,129,21,4,154,638,2992
You did order Indian - Didn't you ?,129,21,4,154,638,3787
HI I am conducting anonymous opinion polls on behalf of the president.  Care to answer a few questions?,132,15,7,154,638,3823
"Yeah...they're great, except they keep the cameras rolling in the men's room.",131,17,6,154,638,4367
"Hey Dude, you call those, suspenders?",143,22,5,170,638,885
Psychologists call it drone parenting.,140,28,2,170,638,1010
He just keeps on droning and droning and droning.,147,14,9,170,638,1148
Best belt I ever had!,142,24,4,170,638,2655
Suspenders are sooo twentieth century!,144,20,6,170,638,3592
I tried to get off Social Media,141,26,3,170,638,3956
I’ve always been one to embrace new technology.,144,20,6,170,638,4771
Dude...the suspense is killing me!,144,21,5,170,638,5180
Too hip. Gotta go.,124,22,3,149,638,3352
Who needs a FitBit?,127,16,6,149,638,4704
"Suspenders are so passe, don't you think?",139,21,5,165,638,1017
"OK, I know I keep droning on, but it's all about uplift.",140,19,6,165,638,1172
Ya like my wearable tech?,137,25,3,165,638,1311
Just think how much I'll save on subway fares!,135,29,1,165,638,1348
It keeps me from going in circles.,138,23,4,165,638,1640
Trumpcare's cheap cure for a broken back!,140,19,6,165,638,3480
"I'm not sure where I  am going, but wish me luck!",137,25,3,165,638,3656
No thanks I use Uber.,138,23,4,165,638,4986
"Brace yourself Alan, this is only a prototype. They will be available to purchase by Christmas.",150,28,3,181,638,1950
"Why yes, it is called “drone on”.",147,25,4,176,638,297
You're always complaining that I can drone on and on! Why is that?,134,22,4,160,638,320
Belt and Suspenders are just not hip.,135,20,5,160,638,510
This is #metoo's version of police body cameras.,136,18,6,160,638,561
"These are R2 and D2, my new suspenders.",124,13,7,144,638,1136
"No, I don’t want a ride.",135,20,5,160,638,3257
They’re called ‘Drone Suspenders’ I got yesterday from Amazon — so far  holding up really well.,135,20,5,160,638,4078
I  felt it was time to modernize my look...,133,24,3,160,638,4705
I've missed my flight. The drone is my new best friend.,134,22,4,160,638,5244
"I don't exactly need them, but two is better than one, right?",157,25,5,187,638,2115
Just walking my pet drones before bedtime!,143,24,4,171,638,680
Wanna race?,144,22,5,171,638,1151
It's just my version of belts and suspenders - it's belts and drones. Best thing since man-buns.,145,20,6,171,638,2077
You're lecturing me on overkill?,143,24,4,171,638,5080
"C’mon Bill, everyone knows suspenders are out. Drones are on the rise.",131,19,5,155,638,4760
The director of this Air and Space Museum's really got me by the balls.The director of this Air and Space Museum's really got me by the balls.,132,17,6,155,638,5174
"No, not yet. They've had a little trouble with the zipper.",119,14,6,139,638,3547
Now listen to what real stereo sounds like,153,24,5,182,638,2626
I've timed the battery life for when I need to go to the bathroom.,153,24,5,182,638,4891
"My Great Uncle Orville was Wright, man can fly with the birds.",153,24,5,182,638,4952
"“Now, Son, i am going to know where you are, at all times.”",140,21,5,166,638,2037
"This is how I stay ""cool"" the whole time.",138,25,3,166,638,2402
"Man, you are so 2017!",138,25,3,166,638,2799
"It videos, fans and makes julian fries.
$19.95 each",128,16,6,150,638,3378
"Trump's landing on top of his tower--
So we've been grounded",125,22,3,150,638,3738
"This way, I never have to worry about my zipper getting stuck.",125,22,3,150,638,4067
Now I can get two things drone at once!,126,20,4,150,638,5124
Who says suspenders are old fashioned?,151,19,7,177,638,788
"Wallet now, or my drones will friend you.",149,23,5,177,638,1349
I love my new suspenders of disbelief!,134,24,3,161,638,1387
"Not only can you lose the belt and the suspenders, you don't need a metro card or wifi",133,26,2,161,638,2379
This way my shirt doesn’t pinch at the shoulders,134,24,3,161,638,2964
It's much more effective than giving up carbs.,135,22,4,161,638,3122
...and no one can smell it.,134,24,3,161,638,4292
"Being fast on my feet wasn't fast enough.""",132,28,1,161,638,4505
this way i can always get my best selfie angles,156,29,3,188,638,3644
"In Soviet Russia, pants take off you!",148,18,6,172,638,329
Buy a couple and lose those tacky suspenders!,143,26,3,172,638,970
"So, my kid said, ""Why do fireman wear red suspenders?"" and it got me thinking . . .",144,24,4,172,638,2986
Only 50 bucks and I can be delivered to your ex.....,144,24,4,172,638,3002
They also livestream everything I do and say,143,26,3,172,638,3629
You haven't heard of the new leash law?,145,22,5,172,638,3926
From the 'Shoot the Breeze with Larry King' suspenders collection.,144,24,4,172,638,3951
Using your hands is so 2017.,131,21,4,156,638,479
You've heard of Prime Now? This is Prime Trou.,133,17,6,156,638,548
Looks like I'm the new alpha-millenial,129,25,2,156,638,1144
You're a geek. Think beanie copter.,132,19,5,156,638,1444
Think the Shark Tank gang will fund  my idea?,132,19,5,156,638,1895
I never liked suspenders.,133,17,6,156,638,2898
It’s Amazons new drone delivery service.,131,21,4,156,638,3125
"If the government couldn't be trusted, would I let them do this?",130,23,3,156,638,3776
Alexa thinks tight pants are hot!,153,26,4,183,638,2648
"I’m the Drone Guy.  My specialty is hotel rooms, but I can also do board meetings and voting booths.",155,22,6,183,638,3510
"Hear my drone: I'm just about ready to stop making submissions, not because I haven't been selected but because the winning entries are so stupid.",121,12,7,140,638,1217
my suspenders,116,22,2,140,638,1606
Yup! The latest design in suspenders. Guaranteed for lift!,118,18,4,140,638,1864
"Thank you for choosing Amazon, your best source for the Token Black Friend(tm).",144,15,8,167,638,3504
I call it my Hitchcock.  Always keep them in suspense.,141,21,5,167,638,4911
"So when I realized one drone wasn't doing it for me, I added the second one.",129,16,6,151,638,579
"I assure you, congressman, the FAA's budget could not be any tighter.",127,20,4,151,638,607
...and I avoid traffic.,128,18,5,151,638,2405
"I won't lie to you, it was a bit distracting at first, but now, the pervasive whir of those tiny aggressive blades has become my favorite part!",127,20,4,151,638,4456
Will you stop droning on and on about how I hover?,149,25,4,178,638,3203
I needed someone to watch my back.,149,25,4,178,638,4356
These are my suspendrones...better than a selfie stick,137,20,5,162,638,628
"My therapist suggested I try delegating more.""",136,22,4,162,638,633
"...""No, I'm their guide human.""",138,18,6,162,638,2294
"It’s really expensive and using the restroom is super weird now but hey, I don’t need suspenders anymore!",136,22,4,162,638,2357
I want our first hookup to be memorable.,135,24,3,162,638,3235
Let me start with the shorts version...,136,22,4,162,638,4207
Conventional suspenders were too restricting.,170,23,7,200,638,5351
I'm going to make a killing in the diet industry. These suckers take 25 pounds  off  INSTANTLY.,143,28,2,173,638,120
"Two are better than one. And if I can solve my center of gravity issue, maybe they’ll stop flipping me upside down.",121,23,2,146,638,1899
It helps me with my ED.,125,15,6,146,638,4870
Airspace regulations be damned. I am ready.,133,19,5,157,638,65
They work kind of like suspenders.”,130,25,2,157,638,137
It's all about perspective.,134,17,6,157,638,434
Its really a very soft ride due to the elastic...,132,21,4,157,638,612
"Yes, I do have eyes in the back of my head.",134,17,6,157,638,783
"They bring me to and from work with no traffic, no parking, no stop lights, and no citations.",132,21,4,157,638,2082
"Some day, Google is going to invent a way to wear these on your face.",135,15,7,157,638,2788
Suspenders went out with Elan Musk.,132,22,3,157,638,3143
Are my flies showing?,131,23,3,157,638,3679
They're more comfortable than suspenders plus they give me a lift crossing the street.,132,21,4,157,638,4049
What app are you using for these??,134,17,6,157,638,4768
"No, I'm no longer late for work. I solved the problem with red lights at intersections. And that's really helped.",143,19,6,168,638,2990
"I called for a Lyft, not a WedgY.",144,17,7,168,638,3636
They were much cheaper than your Gucci suspenders.,145,17,6,168,638,4513
They look neat for thirty minutes at a time.,119,18,4,141,638,146
Alcatraz escape redone.,151,23,5,179,638,3604
I couldn't get an airline reservation.,153,19,7,179,638,4964
"C'mon, they won't get you.",127,22,3,152,638,2525
I am trying to recreate my dream from last night.,130,16,6,152,638,2586
"All the old-time TV cowboys had two six-shooters -- I just updated the concept. And besides, one of them fetches me lunch.",127,22,3,152,638,2667
They’re called pantaDrones’,127,22,3,152,638,4475
Belts are so August.,136,24,3,163,638,2595
I call it the Da Vinci,138,20,5,163,638,2622
I'm delivering twins this afternnoon.,141,14,8,163,638,3736
It’s Amazon Prime in reverse.,138,20,5,163,638,3748
Sure beats suspenders and chicks dig em!,145,26,3,174,638,4163
"You’re either with the times, or you’re against them.",157,22,6,185,638,4026
"I know mine need batteries but, this is the hip way to hold your pants up.",124,19,4,147,638,530
"You know that song ""Up, up and a way in my beautiful balloon?""  So old fashioned.",164,28,4,196,638,1743
"Your wife paid me $5,000 to tape your every move.  What do you offer?",124,19,4,147,638,2011
Selfie drones!,123,21,3,147,638,2931
At least this is faster than having my pizza delivered to me.,130,27,1,158,638,1097
What’s your problem? It’s not like I’m standing here naked!,131,25,2,158,638,2151
They're the new suspenders. Very big in Europe!,130,27,1,158,638,2416
I'll never have to worry about my hiney hanging out!,143,21,5,169,638,669
Did you hear? Amazon now has it’s own clothing line.,144,19,6,169,638,1558
I just figured I would suspend my suspicions of government surveillance.,144,19,6,169,638,4679
"My job is safe, it takes two drones to replace me.",145,18,6,169,638,4902
Ready?,151,25,4,180,638,1244
It's a drone and braces system.,151,25,4,180,638,4546
"Lastly,I've saved a fortune in belts for my pants.",111,16,4,131,638,4783
It was either this or the hybrid belt..,111,16,4,131,638,5035
KEEPS MY PANTS UP AND MY SHIRT NEAT,128,22,3,153,638,1458
I traded in my car for these guys. Much cheaper now!,126,26,1,153,638,2126
"Until I can afford another one, they just give me a spring in my step.",128,22,3,153,638,3889
It's called multi-tasking...,129,20,4,153,638,4125
I'm just concerned because my wife is taller than me,130,18,5,153,638,4754
"Hi , I'm Kevin. And meet my friends Bruce and Jim",130,18,5,153,638,4881
"When I was a busker, I would drone on and on",126,26,1,153,638,4931
I am going to dominate the drone belt delivery and installation market,140,18,6,164,638,1973
Couldn't find my belt this morning...,139,20,5,164,638,2362
"Okay, I'm all set.  Drone on!",139,20,5,164,638,4751
Their combined lift would reduce your weight by 12 lbs.,136,26,2,164,638,4778
"You were talking to yourself, don't deny it!",147,24,4,175,638,326
Its just there so my pants are tighter. Also so I don't have to walk.,150,18,7,175,638,1960
"Believe me, it is a great improvement over my old suspenders.",147,24,4,175,638,2867
Say hello to my little friends.,146,26,3,175,638,4034
"When considering our fascination over flying machines and low-waisted trousers, we find an intersection at our fear of them falling down.",152,14,9,175,638,4268
"Form follows function, form follows function""--- I'm over all that",125,19,4,148,638,957
"Now, I bet your thinking ""I wish he wouldn't get carried away like that."" ... but I'm just such a big supporter of his.",128,13,7,148,638,1083
I can adjust mine using my phone or smartwatch.,130,9,9,148,638,3392
"Dude, it's all about analytics. You're walk just isn't efficient.",124,21,3,148,638,3710
Come on! Give me the controls.,127,15,6,148,638,4114
High tech bully.,132,25,2,159,638,379
There’s an app for that!,133,23,3,159,638,1285
They would look better charging on your bedroom floor,136,17,6,159,638,1585
Look out! They're ravenous for suspenders!,136,17,6,159,638,2038
"Go on, say sonething.",136,17,6,159,638,2971
They even take my Metro Card,133,23,3,159,638,3879
They make you feel fly.,135,19,5,159,638,5034
My wife likes to keep tabs on me.,143,23,4,170,638,1709
You say braces...I say suspenders !,142,25,3,170,638,2666
"""No, you'll need to call for one, .. I said I was taxi-ing""",145,19,6,170,638,3262
"I just clicked ""Expert Installation"" and...",141,27,2,170,638,5086
"Droning, on and on.",152,25,4,181,638,4484
"Trust me, you will remain anonymous and the information held in strictest of confidence.",130,20,4,154,638,315
A new prototype designed to hilariously annoy enemies of the state.,130,20,4,154,638,345
It's nice and tingly.,131,18,5,154,638,1132
The fashion police have really gone high tech.,119,22,2,143,638,1354
I've always had trust issues.,143,14,8,165,638,3093
"well, How else do you expect me, a wealthy CEO, to hold up my pants? belts are for peons.",143,14,8,165,638,3674
Suspenders are so primitive.,128,24,2,154,638,4377
I'm just rying to capture the moment.,149,22,5,176,638,4492
The batteries are rechargeable. How do yours work?,131,18,5,154,638,4903
"I'm a handi-capable angel. And no, we don't wear the long robes anymore. The restroom attendants found them too confusing.",147,17,7,171,638,774
"I AM happy to see you, and yes those are drones on my pockets",145,21,5,171,638,2504
"It's for a new reality show, The Life of the Dull and Dumber",145,21,5,171,638,3718
I'm the personal assistant you just hired on Amazon Gigs Prime!,146,19,6,171,638,3805
No babe can resist being filmed from two different angles simultaneously!,144,23,4,171,638,5391
"Take me to your leader, Bezos.",143,25,3,171,638,5393
I'm advertising Uber's new Take a Drone Home,137,17,6,160,638,471
"I'm droning, and how are you?",136,19,5,160,638,906
"And with this, you'll never need a belt-and-suspenders again.",137,17,6,160,638,1114
"How would you like to upgrade to mid-air suspenders?""",127,19,3,149,638,84
"Ja, but don't you think suspenders look a bit nerdy?",116,19,3,138,638,4637
"They are gas powered so, well, beans...",151,20,6,177,638,1143
Belt and suspenders are so last year.,148,26,3,177,638,3455
... And your Amazon Prime subscription also comes with free music streaming!,150,22,5,177,638,3615
How can you call them suspenders if you're not actually suspended in air?,151,20,6,177,638,5414
I think I'm fine with the 2nd amendment.,140,22,4,166,638,1176
"No, I don't find this invasive at all.",132,18,5,155,638,286
"So while in theory “try before you buy” works for online retailers, the return process needs work.",130,22,3,155,638,1081
"I'm your cab service at the curb, sir.",131,20,4,155,638,3131
With these I don’t need suspenders!,133,16,6,155,638,4307
It’s hard to get my sport coat over these new suspenders.,121,21,2,144,638,1455
It's only a dollar to start them up and 15 cents a minute!,113,16,4,133,638,2024
I'm a belt and Drone kind of guy.,156,21,6,183,638,1183
"Check it out, this’ll show those guys who are always droning on about themselves.",147,19,6,172,638,877
"If you're going to wear suspenders, you can't afford to look retro.",146,21,5,172,638,1936
"They'll have to update that ""Up, Up and Away"" song.",144,25,3,172,638,2376
It's delivery by delivery man delivered by drone!,137,19,5,161,638,694
See!...and you said buying two droins would be a waste of money!,136,21,4,161,638,1018
"Oh, Jealous? Just get Elon Musk to call you a pedophile on Twitter. He's sends you these bad boys as an apology",137,19,5,161,638,1334
I'm not into selfies.,140,13,8,161,638,2760
I feel like I've been dronning on...,135,23,3,161,638,3129
My pants have their own YouTube channel.,137,19,5,161,638,3491
I just got $10 mil. From a venture capitalist who wants to take this idea public.,129,15,6,150,638,422
I told them I wanted trip insurance.,125,23,2,150,638,4300
$10 bucks to 72xRiverside-grab my hand!,121,11,7,139,638,2700
"""Would you like to be on television ?""",149,26,3,178,638,5291
You’re so old-fashioned. Strap on a pair!,109,15,4,128,638,4672
I'd gladly sacrifice a little privacy for that snuggier sensation.,140,24,3,167,638,1952
"Yeah they record everything, but didn't you hear me?  Free suspenders!",139,26,2,167,638,2530
"No, this is not my idea, its my wife's",142,20,5,167,638,2646
...and I bet your underwear aren't even online.,141,22,4,167,638,2850
They cut down on the crowds.,138,28,1,167,638,4450
Because it takes a four-foot balloon to get the same lift.,132,20,4,156,638,177
You're just jealous—like that guy using the urinal  beside me this morning.,133,18,5,156,638,408
"They used to be controlled via AI, but it fell in love with me and kept trying to pull down my pants.",136,12,8,156,638,465
Sorry to drop in on you like this but it makes for a truly authentic online dating experience.,134,16,6,156,638,3407
"Uh, yeah, I did arrive in less than two hours, but forgot the product I was supposed to deliver. Sorry dude.",132,20,4,156,638,4295
. . . for when I can't find a chair . . .,145,25,3,173,638,1252
"As soon as the wind picks up, I'll track down the guy who stole your car.",144,27,2,173,638,3111
"No ""Through the woods to grandmother's house"" this year.",137,21,4,162,638,429
"Hey, what else are suspenders for, if not suspension!",135,25,2,162,638,1906
Hey buddy can you spare a buck to help support  the battery life which supports......,136,23,3,162,638,2800
It's a lot more versatile than the elevator!,135,25,2,162,638,2911
Silicon Valley thinks it's a can't miss IPO.,135,25,2,162,638,3154
Look...the government is holding up my pants.,140,15,7,162,638,3253
"Drones man the only way to beat the rush hour,",136,23,3,162,638,3524
Gotta watch out for who's watching who!,136,23,3,162,638,3660
Keeping your pants up is a breeze with these smartsuspenders.,160,26,4,190,638,4073
Have you not tried Uber Pleats yet?,157,32,1,190,638,5214
"I know I don't look like I need it, but—do you have any change?",128,19,4,151,638,861
Regular belts give me a muffin top,129,17,5,151,638,1198
The money I'll save on belts really makes it worth it.,128,19,4,151,638,3152
All I’m saying is  I’ll work for drone fuel.,127,21,3,151,638,4528
It's like walking on the moon.,126,23,2,151,638,4601
I could go on and on.,128,19,4,151,638,4734
"You people said ""pull up your pants!""",152,22,5,179,638,2923
Flying? These are suspenders.,149,28,2,179,638,4662
Are those first gen? Very retro. But where's the camera?,144,18,6,168,638,300
"No, these ARE the high-flying drones.",142,22,4,168,638,701
I can get two more for my underwear for half the cost. Did you hear me? AT HALF COST!,120,17,3,140,638,974
"Yeah, suspender drones.  They hold your pants up and fly you around town, too!",141,24,3,168,638,1073
"Here, hand me your cell phone, I'm going to take a selfie that's out of this world.",145,16,7,168,638,1405
It's a living!,116,23,1,140,638,2425
When I get home I get to replay myself in 3D!,141,24,3,168,638,4806
"Trust me, Tim. I'm an Angel Investor",143,20,5,168,638,5400
And here I thought people wanted to suspend drones...,132,22,3,157,638,1600
"Climb on my back and I""ll take you where ever yo want to go.",133,20,4,157,638,4110
You're so 1850's.,147,23,4,174,638,1156
1 million subscribers now that they “go live” whenever I get dressed.,149,19,6,174,638,1867
It 's a perfect gift for the 'peeping Tom' in your life.,149,20,5,174,638,4199
"It's part of my concussion protocol.""",125,16,5,146,638,1817
"This way, I'll know the exact moment I lose that last ounce of winter weight.",137,23,3,163,638,749
Gucci has really uped there belt game.,137,23,3,163,638,2578
Would you mind taking this arm...I'm a bit overweight for take-off?,136,25,2,163,638,4322
"They’re drone suspenders, the new in high tech outerwear.",135,27,1,163,638,4772
I get a massive a-drone-alin rush every time I use it,136,25,2,163,638,5209
You need to take a step back and get some perspective.,152,24,4,180,638,105
"If people know that I'm videotaping them, they don't drone on so much.",153,22,5,180,638,1094
I wish he would stop droning on about his paleo diet...,154,20,6,180,638,1542
Get with the times and wear SUSPENDers™️,129,19,4,152,638,349
"Camera is off in men’s room. Only forgot once. 
Got released on a technicality",131,15,6,152,638,1404
Your drone follows my drone around the skyline. A hundred bucks for a half hour.,129,19,4,152,638,2125
Did  you see Top Gun?  Think of me as your wing-man.,130,17,5,152,638,2168
It's the new internal revenue service direct payment system.,143,22,4,169,638,720
Now I'll never have to worry about my pants sagging!,143,22,4,169,638,4072
Red suspenders are soo 20th century.,155,29,2,186,638,1302
My wife enlisted a private security firm to secure the family jewels.,159,21,6,186,638,3890
"Talk about lift and comfort!  AND with optional tasers, no practical joker has braved snapping them yet!",135,18,5,158,638,972
I got the idea when my spouse told me I was always droning on.,132,24,2,158,638,1974
"It’s safer than the new Boeing, I can tell you that much!",134,20,4,158,638,2711
It is the belt of the future! Holds up your pants – air-conditions!,136,16,6,158,638,2994
"Give me an exchange I said, and I'll let the delivery boys go.",136,16,6,158,638,3275
Are you jealous? Don't worry. It might not work!,135,18,5,158,638,3389
I see you when you're bad or good.  So be good for goodness sake.,135,18,5,158,638,4629
Suspenders are old school...,151,17,7,175,638,1319
Let me know when I’m out of range!,146,27,2,175,638,2234
Suspenders so passé,148,23,4,175,638,3134
"They're cheaper than suspenders, plus I've lost ten pounds.",147,25,3,175,638,4410
"Its really only a problem when going down in an elevator and the GPS lags on the altitude""",123,22,2,147,638,573
"And if the blades cut you anywhere, we'll give you your money back!",128,12,7,147,638,5267
One more and I can teleport.,139,21,4,164,638,926
Meet the parents.,139,21,4,164,638,1002
You should see the shoulder pads on my sport jacket.,139,21,4,164,638,2825
Our stretch goal is customer support.,140,19,5,164,638,3854
I'm glad you asked.  My drone man costume is at the dry cleaners.,138,23,3,164,638,4064
I could never find my size.,140,19,5,164,638,4087
"In the future , everyone will keep they’re pants up this way",137,25,2,164,638,5171
I've discovered the solution to belt slippage,155,20,6,181,638,796
It was the only way I could get the government to help pull me up by the bootstraps.,154,22,5,181,638,2606
Dude. The blades literally keep me cooler than you.,156,20,5,181,638,3684
They are great! Works like suspenders!,166,29,3,198,638,5066
Just act normal...,130,19,4,153,638,91
Everyone has 2 choices: be on a kill list or make one.,130,19,4,153,638,499
"Sure, all you need to worry about is holding up your pants. Me? I need 360-degree capture of every stop-and-frisk.",143,24,3,170,638,1303
"Retrofuturism.
 You should check it out!",130,19,4,153,638,1868
"Alexa, get me Gordon Gekko on the phone. Oh, never mind, he's right here.",146,18,6,170,638,1963
"Hi, I’m the slim Jim you ordered.",132,15,6,153,638,2372
Who needs belts? This is how you keep your pants up with style.,143,24,3,170,638,2468
Shoulders-free suspenders. Amazing for your posture and really helps with getting my steps in.,130,19,4,153,638,2671
Hey I’m gonna need you to sign a waiver if you enter my Drone Zone.,129,21,3,153,638,2691
Amazon’s throwing these in if you’re a Prime member. I read every review before committing.,144,22,4,170,638,2989
You should see my streaming numbers during bathroom breaks.,146,18,6,170,638,3226
Watch out!  All drone operations are suspended.,146,18,6,170,638,3673
My suitcases have their own drones.,129,21,3,153,638,4157
At least they come with Wi-Fi,131,17,5,153,638,4609
It's great for getting pizza.,146,29,1,176,638,1141
Too lazy to pull up his own pants.,150,21,5,176,638,1175
Trust me. These are so much better than an iPod.,148,25,3,176,638,1373
"No not high tech suspenders.  f









No not high tech suspenders.  They're here to blow away flatulence",149,23,4,176,638,2241
New from Apple: the Corporate Drone,148,25,3,176,638,2488
Personal delivery option.,146,29,1,176,638,3434
I'm a TMZ paparazzi -- Did you see which way Megyn Kelly went?,149,23,4,176,638,4038
"But these suspenders work just fine,",135,20,4,159,638,481
I can walk and chew gum at the same time with these gizmos!,134,22,3,159,638,1341
These suspenders are from Amazon.com.,134,22,3,159,638,2676
I come to you with a message from the near future - suspenders are in.,136,18,5,159,638,2870
"Of course, I’m just a prototype—but who wouldn’t want a Johnny-on-the-spot?",134,22,3,159,638,5279
The suspenders just didn't work for me.,119,21,2,142,638,1792
Now that's what I call a lift!,141,19,5,165,638,1683
"Ultimately, I want to free solo the Burj Khalifa.",140,21,4,165,638,2255
"I am your UBER incarnate, take my hand.",138,26,1,165,638,3700
It just seems like we don't have anything in common anymore.,141,20,4,165,638,4343
No I haven't heard of Skynet. Sounds cutting edge!,143,15,7,165,638,5348
The newer models will be able to lift me up with them.,148,16,7,171,638,2534
I think it'll work. They're both flexible flyers.,143,26,2,171,638,2540
What? You haven't heard of UberDrone?,144,24,3,171,638,4441
And don't get me started on how awkward the selfies are.,130,21,3,154,638,2335
Better than suspenders,130,21,3,154,638,3472
Can you hear me now? No? I must be droning you out.,131,19,4,154,638,4325
"Come on, Jimmy -- 'Man of Steel' is only an expression.",133,15,6,154,638,4929
"I was pretty low too, but decided to make a change.",151,21,5,177,638,2611
"Yes, this is a remote belt.",149,25,3,177,638,5411
"Hey dude, can I borrow those suspenders?",137,18,5,160,638,1235
Suspenders that transport.,136,20,4,160,638,1246
You like em? It’s the newest thing in suspenders,137,18,5,160,638,1962
I left my suspenders at the hotel.,135,22,3,160,638,3655
"You imagine yourself whizzing around some war zone but in the total safety of Jersey.  Dude, it's hot!",136,20,4,160,638,3803
Seriously. You need to stop droning on and on about this.,120,21,2,143,638,5126
Swap a drone for those suspenders.,140,23,3,166,638,2321
This way your wife will never know about our divorce investigation.,142,19,5,166,638,3768
Back to the Future completely failed to grasp the potential of drones to deliver high quality wedgies - it’s a transformative technology for Biffs everywhere!,142,19,5,166,638,5307
"Cost less than that new GoPro. Better angles, too!",127,18,4,149,638,1975
Belts are so low tech,127,18,4,149,638,4111
The FAA is constantly giving me shit about airspace.,146,22,4,172,638,485
Bizarre is when they start claiming that I am attached to them.,144,26,2,172,638,1934
They want me to take them to Putin.,147,20,5,172,638,2491
These babies also make sure my zipper is zipped .,149,16,7,172,638,2590
"Yeah, they're a real timesaver for my Insta feed.",147,20,5,172,638,3837
OK. So it's overkill to keep my pants up.,131,21,3,155,638,703
"Smile, you're on flying camera.",132,19,4,155,638,855
"Yes, 6 D, 360 degree selfie.",131,21,3,155,638,961
And I dont need braces!,130,23,2,155,638,1228
"I know they say earth is round, but I just have to see for myself.",131,21,3,155,638,1826
So . . . how far into the 21st century do you think those will stay up?,131,21,3,155,638,3001
Need a lift? Give me a bear hug!,151,23,4,178,638,1186
It’s a belt and suspenders operation.,138,18,5,161,638,1748
"I said, ""We can both hover--not have her.""",159,18,7,184,638,1783
Hey dude! I can take you to places you never thought existed.,137,20,4,161,638,3057
Now you see why I drone on and on.....,139,16,6,161,638,3835
I’m hoping it’s picked for Oprah’s Favorites.,141,23,3,167,638,1035
"Superficially, this approach may have some logic to it.",141,23,3,167,638,1517
I named them Rover and Hubert Hover,140,25,2,167,638,1643
"Hey, one can't be too careful.",141,23,3,167,638,1832
It's a visual message for young men to keep their pants pulled up.,143,19,5,167,638,2029
I call the suspenders disbelief.,144,17,6,167,638,2398
because suspenders are so 1990,143,19,5,167,638,2740
"My kid's in Harvard now, so I've had to step up my game.",143,19,5,167,638,3236
It’s the quickest way crosstown.,142,21,4,167,638,4496
I've lost 10 lbs. overnight.,141,23,3,167,638,4602
"The service works like Uber, only it’s quicker.",140,25,2,167,638,4724
"No belt, no suspenders, and oh so cool.
Mind you, batteries and hair gel costs ain’t cheap.",142,21,4,167,638,4937
They are called 'supspenders.,125,13,6,144,638,4753
I'm viral Vince- go ahead & do something stupid.,148,20,5,173,638,336
... and the suspenders are adjustable.,145,26,2,173,638,400
When they lose power I just wait in the bathroom while they charge.,146,24,3,173,638,1162
"When I'm on the campaign trail, I set them in opposite directions.",147,22,4,173,638,3869
I'm the latest in pop-up ads.,126,22,2,150,638,650
Don't tell me you haven't bought a pair of fly pants yet?!?,126,22,2,150,638,1724
I've found that technological advancements really let you focus on the things that matter.,127,20,3,150,638,2403
"It's the belt of the future, transportation included.",132,21,3,156,638,2046
"This is the only way I can get above this freakin' mess.
My mother was Mexican, Trump says I'm a nobody.",133,19,4,156,638,3901
This is the best belt-and-suspenders approach.,134,17,5,156,638,4319
"Unfortunately, they only get you as far as you think they will.",133,19,4,156,638,4677
"Buddy, I've got a 5-star rating.",133,19,4,156,638,5136
...plus they're powered by blockchain. You can't pass up on this investment!,113,17,3,133,638,577
If you buy a certain bridge I will throw in two of these.,137,22,3,162,638,442
Twenty-First century suspenders.,141,14,7,162,638,542
Look what I save on belts and suspenders!,135,26,1,162,638,684
"Better than suspenders cooler than a belt, I call it , Drone won’t leave your pants alone.",137,22,3,162,638,1345
"I've already had 40 seconds of this morning go viral, and it's only Monday. Say goodbye to the 9-to-5.",139,18,5,162,638,3979
I always wanted to be light in my loafers,138,20,4,162,638,4811
"Hey, man, they work way better than suspenders.",121,12,6,139,638,4912
Beats the hell out of those suspenders!,144,19,5,168,638,878
"I'm not ready to actually fly this way yet. I'm still struggling to keep the drones from smacking into each other. And I haven't figured out how to avoid the wedgie, either.",145,17,6,168,638,1756
"All you need is a remote control, a spare battery, to give up elevators and cars, and it really takes the pressure off your shoulders.",143,21,4,168,638,2347
They’re still working out the kinks.”,144,19,5,168,638,2596
It’s a new app. Do you think it will kill me?,145,17,6,168,638,3720
I'm from beam-me-up ceiling cleaners,144,19,5,168,638,4586
"You won't be able to grow an afro anymore, but when you consider the cost savings from not having to purchase belts for the rest of your life...",141,25,2,168,638,4713
"If you're innocent, what have you got to be worried about?",124,17,4,145,638,1734
"Suspend your disbelief and sadness, the future is here...droning on without you.",148,22,4,174,638,1775
My voice is no longer my only thing that drones on.,151,16,7,174,638,2699
Safety schmafety...I’ll play whatever music you want and no surge pricing.,121,23,1,145,638,3502
talk about a salesman! he sold me on the remote control.,150,18,6,174,638,3703
"Don’t flatter yourself, Jim – it was just a downdraft.",149,20,5,174,638,3783
Would you like to join our new sexual harassment prevention program?,149,20,5,174,638,4155
They're selfie drones.,154,21,5,180,638,4821
I double-prayed for deliverance.,131,14,6,151,638,1095
Someone told me I can't see what's right in front of me.,130,16,5,151,638,1544
"""I guarantee you, these suspenders will put a spring in your step.""",129,18,4,151,638,1706
Suspenders? In this economy?,129,18,4,151,638,5368
The devil makes much more noise than the angel.,137,13,7,157,638,1279
It's my new weight loss plan.,134,19,4,157,638,2064
I am now secure in the knowledge I’ll never make an ass of myself,135,17,5,157,638,2721
He kept droning on!,136,15,6,157,638,3881
Thank god the bullies didn't have these in high school.,136,15,6,157,638,3982
Those old suspenders get in the way. You should try these.,134,19,4,157,638,4779
"It`s air suspension, but I could drone on.",135,17,5,157,638,5040
If the Wright brothers had invented this they'd be flying high now,133,21,3,157,638,5176
"It's my latest invention, The WedgieFly.",137,13,7,157,638,5354
"Hi! I'm Paul, do you have minute for technology?",139,20,4,163,638,677
...And I also wear suspenders.,138,22,3,163,638,1888
No bald spots will remain uncovered with these babies,139,20,4,163,638,2881
This is the 21st century way to suspend.,138,22,3,163,638,3714
"Pretty sweet, right?",139,20,4,163,638,3824
Steve Urkel’s got nothing on my suspenders!,139,20,4,163,638,4036
Synchro something or other.  It's real damn expensive but it keeps them from colliding.,143,23,3,169,638,1251
And the best thing? Drone pants batteries last half an hour!,145,19,5,169,638,2342
Dodger Stadium Express,148,13,8,169,638,3806
You're flying low.,150,20,5,175,638,1425
I’ve been told to watch my step.,149,22,4,175,638,4150
This will be the next big thing for inversion freaks.,154,23,4,181,638,2206
How do you like my high tech suspenders?,154,23,4,181,638,4923
Now all I need is underwear that is less painful when stressed.,125,17,4,146,638,1548
"You see, big brother helps all of us in different ways.",132,14,6,152,638,199
"With my suspenders, if they both work I get Lift, if one fails, I get dragged through the mud and ruptured.",129,20,3,152,638,1350
"If they don't get called into combat, I'll beat you there!",130,18,4,152,638,1955
"I’ll tell ya Airlines these days, amirite?",130,18,4,152,638,4487
This will be the biggest auto-flight thing since Daedalus,135,19,4,158,638,273
"A drone again, naturally.",137,15,6,158,638,3651
It’s my personal transport,139,22,3,164,638,413
Now I know exactly where I am going and where I have been. Can you claim the same?,137,26,1,164,638,2162
It also serves as both a belt and suspenders.,144,12,8,164,638,3747
The FAA notified me that my drone license was to be suspended.,146,19,5,170,638,313
I'm sorry I can only take parties of eight.,151,20,5,176,638,4607
My specialist said we should keep an eye on things.,154,25,3,182,638,4063
"I started at analog, skipped digital and went straight to Popular Mechanix",120,18,3,141,638,3000
Who wouldn't want eight propellers involved in pulling their pants down?,127,15,5,147,638,29
It’s the only thing that holds my pants up!,124,21,2,147,638,2816
These US made high tech suspenders are available on sale with a free money back guarantee...,124,21,2,147,638,2915
My wife says I can drone on,124,21,2,147,638,2919
Air suspenders keep clothes smoother.,129,22,2,153,638,1476
Do I need to wear a seat belt?,132,16,5,153,638,1597
The sensation is something you've got to feel to believe.,130,20,3,153,638,4019
"Suspenders are a drag, man",136,19,4,159,638,860
"So what you will, but plumber's crack is nothing but a faint memory.",136,19,4,159,638,2331
Drone mention it!,135,21,3,159,638,3061
The urologist gives me a discount.,135,23,1,159,638,4229
I know you're excited about your new toy but do you have to drone on and on.,139,13,7,159,638,4337
"I know, but this one is for men.",143,16,6,165,638,615
Braces are soooo 80s.,139,24,2,165,638,947
"It's all the rage hi-fi apparel, but when I get above ten feet, my voice gets higher and my sperm count drops.",139,24,2,165,638,2058
What is this guy droning on about!,141,20,4,165,638,2841
They take out muggers too!,143,19,3,165,638,3512
You think this is crazy? You should see how I manscape.,146,21,4,171,638,122
"Forget segways, bikes, and scooters! This new method of sightseeing won't get on anyone's nerves!",146,21,4,171,638,1731
Not in production yet. This is just the Belt a test,148,17,6,171,638,2694
"If I get nominated for the Supreme Court, I can prove I didn’t do anything wrong.",144,25,2,171,638,5342
Look at the drone-ads on him!!,155,14,8,177,638,1777
The New suspenders,149,26,2,177,638,4154
"Yeah, it is attached to my underwear.",153,18,6,177,638,4987
They monitor dissidents and keep your pants up!,155,25,3,183,638,803
Wearing suspenders like it's 1917 is so 2017.,156,23,4,183,638,3300
Need a watch?,124,12,6,142,638,4581
Drone suspenders,129,13,6,148,638,4058
No really—- I keep everything to myself.,127,17,4,148,638,4301
It's still the MTA.  Metropolitan Transporation Amazon.,125,21,2,148,638,4651
"Well, I can't afford commercial... and I wanna fly south for the winter!",127,17,4,148,638,5268
"Plus, it eliminates the need for a pocket protector.",138,17,5,160,638,959
What do you think of my drone suspenders?,138,17,5,160,638,1222
elon musk off his shits with this one,138,17,5,160,638,1611
"I think the better question is, how much weight could you lose?",138,17,5,160,638,1999
"Dude, last week I caught you watching furry porn. You really aren’t in a position to be kink shaming.",135,23,2,160,638,4766
Stop droning on and keep your feet on the ground,153,20,5,178,638,1946
The patent pending.,152,22,4,178,638,4579
"It's one of Musk's less well-known start-ups. I get above the street congestion, and Elon swears the auto-pilot is fail-proof.",122,18,3,143,638,4757
It's the latest in voyeurism...,129,15,5,149,638,2845
"You Gotta Stop just Droning On and On, Man",128,17,4,149,638,3725
and you never have to search around for a public restroom.,127,19,3,149,638,3916
I'm getting a lot of good vibes!,133,18,4,155,638,4138
Suspenders are ok but drones are a gift from above.,133,18,4,155,638,4887
Any messages for Pasadena?,138,19,4,161,638,1187
Thanks for asking. Now mind your own fucking business!,139,17,5,161,638,2350
No belt nor suspenders needed.,137,22,2,161,638,2807
Why does everyone think drones are such a crazy hobby?,137,21,3,161,638,5005
Jumbo-sized Hot Glue Gun,138,19,4,161,638,5187
And I can get you even better rates if you sign up for the family plan.,139,17,5,161,638,5208
"Yes, I'm just back from the Middle East. How did you guess?",144,18,5,167,638,1493
"Just fifty bucks, and I'll spy on your wife.",145,16,6,167,638,3912
"I don't need suspenders, but I make enough in tips on my daily commute to put three kids through college",141,24,2,167,638,4142
Isn't it a handy way to walk drones?,141,24,2,167,638,4168
What happened to just spinning plates?,144,18,5,167,638,4234
"Yes, I’ve lost a little weight recently... How did you know?",145,27,1,173,638,285
I call it the belt & suspender & drone method.,146,25,2,173,638,598
"You look ridiculous, that outfit is so last season.",145,27,1,173,638,2757
The newer model will even brush your teeth for you and drop you off at work,147,23,3,173,638,3268
This is not what I meant when I told you to keep your pants on and not panic Jeff.,155,18,6,179,638,1420
"Don't look so glum chum, I used to be just like you!",153,22,4,179,638,1667
Is Ed Sullivan still on?,147,25,2,174,638,142
You should try it; for a small annual fee I get free travel to anywhere in the US in two days.,149,21,4,174,638,219
"If you think this is a drone, you should hear my voice.",127,21,2,150,638,377
"Plus, they handle live streaming for my YouTube channel.",140,18,4,162,638,876
"The eighties called, bruh.  They want their braces back.",134,18,4,156,638,934
Suspenders are so old-school...Drone-ups are in!,127,22,1,150,638,1212
It's a personal transportation system I'm calling Goo-ber,140,17,5,162,638,1818
WHAT THE HECK IT BEATS WALKING,121,11,6,138,638,1872
I can juggle more drones than Amazon.,131,24,1,156,638,2084
It is great for weight control. I lost over 5 lbs this morning.,143,22,3,168,638,2308
You too can feel omnipotent!,137,23,2,162,638,2348
"I bought them because they allow me to take continuous, random  selfies",146,16,6,168,638,2563
Got 'em at an Adult Drone store.,153,13,8,174,638,2612
I figured out how to keep my pants from slipping down,143,22,3,168,638,2668
Ten pounds in five minutes!  Best weight loss program ever!,121,22,1,144,638,2743
"It's my latest invention.  I interfaced a Roomba with a drone.   Virtually each and every flight sucks.   I think I'll call it  ""Southwest"".",129,17,4,150,638,3064
"It's nice to step out of the office, sometimes I can't think in there.",129,17,4,150,638,3394
Just wait until the robot apocalypse happens...,147,25,2,174,638,3416
It's my 21st century take on schizophrenia.,140,18,4,162,638,4555
I have been thinking how to avoid the troops Trump is ordering....,138,21,3,162,638,4748
"You're probably wondering, sir, how in this rat race, I keep up.",129,17,4,150,638,4756
I'll be droned if I'm gonna let my pants fall down!,141,15,6,162,638,5029
Just think how different things would have been in those woods if Hänsel had had these instead of his stupid Lederhosen.,141,15,6,162,638,5076
They also do umbrellas.,147,25,2,174,638,5152
"I’ve only got two left.  You can have one for $300, two for $500.  No packaging required , they will follow you home.",134,18,4,156,638,5177
These are way faster than those scooters.,147,25,2,174,638,5294
it's time to record what's going on down there #youtoo,149,21,4,174,638,5377
A small programming error. The little buggers don't understand the difference suspenders and suspend.,149,23,3,175,638,981
I just got tired of wearing the same old suspenders!!,149,23,3,175,638,2476
You don't have one?,153,15,7,175,638,3431
I'm investigating the truth behind men always thinking with their pants.,151,20,4,175,638,3548
I abandoned my cable for streaming.,147,27,1,175,638,4535
Bruce kept going on and on and on about his new suspenders,150,21,4,175,638,4997
"They prevent anyone taking my pants off for sex. The glasses, I mean.”",145,20,4,169,638,551
Don't you recognize me? I'm your date. Just flew in from Silicon Valley.,144,22,3,169,638,954
"Back in my day, bullies had to get out of bed to give you a wedgy.",147,16,6,169,638,1552
The modern way to hold up your pants.,143,24,2,169,638,2377
"Good idea, but how do you maintain the tension?",144,22,3,169,638,3432
"Hey, who needs a self driving car? I'm the first self flying man.",140,19,4,163,638,1071
This is faster than taking a taxi.,138,23,2,163,638,1580
"The mild wedgie is worth it - I'll never be ""pantsed"" again!",138,23,2,163,638,4139
I have a patent on drone-ready suspenders. I'll be home in 12 minutes and you will still be 3 blocks from the highway.,134,20,3,157,638,951
"I like the security I get from from belt, suspenders, drones.",136,17,4,157,638,1274
Belts pinch. Suspenders give wedgies,133,22,2,157,638,1584
I got tired of you droning on and on.,135,18,4,157,638,3018
They're so I won't fall down when the drones put me to sleep.,134,20,3,157,638,5023
"Firefighting technology has progressed, Gene. Get with the times!",130,17,4,151,638,365
I'm with the Good Neighbor program in your neighborhood and every other one too.,132,13,6,151,638,828
I’m the new elevator.,130,17,4,151,638,2232
Suspender Suspended Automation!,129,19,3,151,638,3357
"Honestly, you’re not going to see a thing.",129,19,3,151,638,4316
"Well, tell me which one of these two do you think you like more; they’re the only two left and you can have either for a hundred bucks.",124,19,2,145,638,918
They are off the shelf but the selfie sticks are my idea.,125,16,4,145,638,1573
"So you control the left drone, and I control the right one",125,16,4,145,638,1808
I’ve decided to only have uplifting conversations for now on.,125,16,4,145,638,5191
You're also too young to remember Topo Gigio on Ed Sullivan.,116,12,5,133,638,4222
The red ones are officially endorsed by the FDNY”,114,16,3,133,638,4296
"They're the latest in multi-function drone technology--they hold my pants up, keep me cool, and even zap mosquitos with tiny laser beams!",156,22,4,182,638,843
These braces can zap a mugger at 50 paces. Wanna try 'em?,156,22,4,182,638,4498
"You're skeptical, but name anyone who does manscaping cheaper than Amazon.",147,18,5,170,638,2127
I couldn’t find my suspenders.,138,25,1,164,638,521
"I have a bad memory, so I need to record to recall.",140,21,3,164,638,2489
It’s the latest thing and it really works great. So far the only problem I’ve had with it is going to the bathroom.,141,19,4,164,638,2968
"Believe it, this will never be about me.",143,15,6,164,638,5318
"No, the 3rd one is not in my pants.  Pay up.",134,22,2,158,638,1796
Do those even have voice activation?,135,20,3,158,638,3177
21st century fashion is a little over your head,137,16,5,158,638,3198
Don't forget who wears the pants here!,136,18,4,158,638,5260
They're a package deal...,129,21,2,152,638,139
But what the back of your suspenders got caught on a door handle? See technology yields simple answers to problems we forgot we had.,130,19,3,152,638,290
"Bottom line is I couldn't count on my drone to go to the right address, let alone take good photos ... so I've taken over the job, myself.
P S ... you won't believe what I've been able to see!",131,17,4,152,638,332
This is new from Uber,132,15,5,152,638,1576
"Ugh, this dude is really droning on.",132,16,4,152,638,2076
"Couldn't decide between a belt or suspenders, so this works for me.",130,19,3,152,638,3060
No more belts or suspenders for me.,125,18,3,146,638,3575
Suspenders are now New School...,114,18,2,134,638,2783
Don't forget to charge them.,110,15,3,128,638,2776
Hi my name is Hector.  Are you the robot hummingbird repair man?,164,19,6,189,638,4425
Because you never know when something viral might happen.,152,21,4,177,638,2280
Suspenders are so old-fashioned!,145,24,2,171,638,75
Mid-air suspenders.”,148,18,5,171,638,2208
"I call them ""susdronependers.""",146,22,3,171,638,2725
It's a novel approach to male sexual disfunction. Think about it.,140,23,2,165,638,4707
The rent is cheap but you get your own elevator.,137,18,4,159,638,386
"Drone suspenders"" will be the next hipster craze.  Wanna invest",134,24,1,159,638,1126
Why wear suspen-DERS when you could wear suspen-DRONES?,135,22,2,159,638,3980
"I call it ""cyberbelt""",131,19,3,153,638,193
"Try me - same price, quicker service but remember no funny business!",135,11,7,153,638,977
"Meet the new, highly secure. suspenders!",126,18,3,147,638,2285
Gimme a moment and I’ll be taller than you.,115,18,2,135,638,1024
"It's the cool, modern way to hold your pants up.",154,19,5,178,638,1157
Baggy jeans were so yesterday,153,21,4,178,638,2565
Where would you like to go?,109,19,1,129,638,1494
It's about as risky as the American Dream.,148,20,4,172,638,4506
"With two, you keep your pants balanced",150,16,6,172,638,4980
This way we keep our jobs.,140,25,1,166,638,4517
Hi! Why drone on over Skype? I prefer in-person interviews.,138,18,4,160,638,136
"Sure, but I don't think they come in your size.",139,16,5,160,638,1066
Let the hipsters have suspenders; it's future pants tech for me!,138,18,4,160,638,1266
"Amazon’s latest service:
Droning to Work",138,18,4,160,638,1652
"Drone braces, why?",137,20,3,160,638,1712
I've never really trusted this belt to keep 'em up.,139,16,5,160,638,2360
I call it UberD,132,19,3,154,638,528
I'm prepared----unless they sneak up behind me,133,17,4,154,638,1087
Awaiting patent approval for seamless integration of technology into daily life.,130,23,1,154,638,2270
Belts are outdated.,159,22,4,185,638,1432
"Technology is wonderful.  Not only do they keep my pants up, but the added lift also means I no longer have to used Air and Arch Cushion Gel Sole Inserts in my shoes""",126,20,2,148,638,2131
"I tried it with suspenders, but that was just too unwieldy.",152,25,2,179,638,5027
I'm deliver singing  telegrams.,148,22,3,173,638,231
"Slide projector, record player, stereo sound - all hands free!!!",147,24,2,173,638,1631
You are perfect! those suspenders are perfect for Trump Drone University!  Fabulous! Want to meet Ivanka? She's on the next corner.,142,23,2,167,638,706
Sartorial suspended animation is so passe; I've moved on to animated suspenders.,145,17,5,167,638,832
"Suspenders? No, they're pets.",145,17,5,167,638,863
With cell phone cameras everywhere you can’t be too careful with suspenders these days!,145,17,5,167,638,1118
"Forget suspenders. This is the ""belted"" look.",146,15,6,167,638,1127
"Hello there! Oh, don’t worry about Julius and Ethel here. They won’t spy.",138,20,3,161,638,1275
"It's called fashion, hunny. Look it up.",140,16,5,161,638,1528
Here's looking at me kid!,137,22,2,161,638,2966
"My wife's idea.
Supposed to help me see the other sides of things.",140,16,5,161,638,3267
"Yes, but my Internet-enabled, hi-tec suspenders have security cameras.",138,20,3,161,638,4527
Your suspenders have an infinite battery life?,135,15,5,155,638,634
"Yah, but they keep my pants up--AND even!",133,19,3,155,638,887
"Now, I attract younger techies, too!",131,23,1,155,638,899
Mission to Mars Suspended.,133,19,3,155,638,1053
I had no idea that your wife rented these drones to spy on you!,133,19,3,155,638,3811
One day they wouldn't need the broom sticks,134,17,4,155,638,4408
"They are suspendrones, it's an aggressive weight watchers program. I haven't eaten in days",132,21,2,155,638,4477
These drones deliver me across the street,153,25,2,180,638,2338
Left??  Right??  Don't know which way to go and it's almost Election Day!,157,17,6,180,638,3584
It’s supposed to be a great ED cure.,127,20,2,149,638,2066
"It’s an AI drone that targets the weak, gives them wedgies, then posts their reaction to social media! Cool, right?",128,18,3,149,638,2138
"well you know how it is
as a married man these days",129,16,4,149,638,2731
The missus says my old garter was inappropriate.,149,22,3,174,638,97
"I gave my wife these for her Birthday, little did I know she was going to use them to keep me from straying.""",152,16,6,174,638,3884
"This way, I can keep my pants up AND kill terrorists!",144,21,3,168,638,306
"Umm, how long do the batteries on these things last?",143,23,2,168,638,3256
Modern suspenders Kid!,145,19,4,168,638,3904
Takeoff at noon. Landing TBA.,145,19,4,168,638,3958
Want to see me levatate ?,139,21,2,162,638,3158
"... And this is my brand new invisible self-driving hydrocar, which I just had cleaned last week.",138,13,5,156,638,609
"God, you look like an idiot.",136,15,5,156,638,3184
My wife is just really insistent about keeping in touch.,157,19,5,181,638,2899
I don't like the way suspenders look.,150,22,3,175,638,454
They were a gift from my girl friend--I guess she knows I like gadgets.,149,24,2,175,638,611
"This is OK for people in front of you, but they haven't figured out how to avoid plumber's crack yet",130,16,4,150,638,1124
My suspenders were too long.,132,12,6,150,638,1505
It works out way cheaper than getting a human being to do the job.,130,17,3,150,638,1978
I ain’t going nowhere until the light turns red!,129,18,3,150,638,4089
"So, then I thought to myself, Why not? So I drove to the store, on France Avenue, or was it 50th street? No, I’m pretty sure it was France because the traffic was pretty heavy for a Tuesday. And I went to the store and headed straight to the depart..",132,12,6,150,638,4861
For mechanical suspenders hit old navy,150,22,3,175,638,5236
Won't you be surprised when I fall to my death!,168,21,5,194,638,2155
"They're my version of your suspenders.  Also, it clears the sidewalk.",144,23,2,169,638,308
"They see me dronin', they hatin'",148,15,6,169,638,1772
An extra one in case the first goes on strike.,148,15,6,169,638,2584
Just a few more pounds and I can avoid the Canada border crossing.,145,21,3,169,638,3479
"I had to pay out of pocket, but I think it'll be worth it in the long run.",146,19,4,169,638,3896
"I't's my hipster version of a ""belt and suspenders.""",144,23,2,169,638,4596
My latest venture's called Beltly.,127,13,4,144,638,1924
"Hi, I'm Leonardo, and I'm working on perfecting manned flight.",127,11,6,144,638,2928
"SelfieHostage.com
Pay up or the suspenders fall...",142,16,5,163,638,742
I’m able to slip in and out unrecognized because it plays havoc with facial recognition.,141,18,4,163,638,1312
Belts are SO 20th century.,142,16,5,163,638,1335
"Duh, drone selfie.",139,22,2,163,638,1969
Watch me step off.,141,18,4,163,638,2889
"It's called fashion, download it.""",143,14,6,163,638,3820
"Chicks really go for this look, believe me.",141,18,4,163,638,4144
"I'll bet you I""ll  be in Chicago by next weekend.",139,22,2,163,638,4536
For just a five dollar donationm my two big brothers and I can offer you safety to the next corner.,138,24,1,163,638,4927
The Catholics should do this,155,25,2,182,638,4604
I don't go anywhere without them.,133,23,1,157,638,940
"They are called ""Drone Suspenders!",136,17,4,157,638,1245
It’s my new invention...they aren’t drones... I call them suspenders,136,17,4,157,638,2664
"Go ahead, buddy. Do something.",137,16,4,157,638,2808
"Don’t mind me, i’m just hanging here.",136,17,4,157,638,3499
And I suppose you find suspenders cool?,135,19,3,157,638,4230
"I'm bloviating, but they really do hold up.",152,20,4,176,638,5031
Got it covered coming and going.,129,20,2,151,638,2528
"No, really...I am the brother from another planet.",129,20,2,151,638,3186
I asked for suspenders and a droid for Christmas.,130,18,3,151,638,3398
"It's the new hipster, dude, catch up.",132,14,5,151,638,3887
The suspender is so overdue for a modern update.,129,20,2,151,638,5088
instead of increased security we need access to free and impartial education,132,15,4,151,638,5389
How else am I supposed to test the suspension?,146,21,3,170,638,538
Never suffer from 'droopy drawer' syndrome again!,147,19,4,170,638,772
They wear the pants in the family.,146,21,3,170,638,2466
"It may not be your traditional three-way, but I'm always the star.",146,21,3,170,638,2693
"Don't let me down, Jim.",150,13,7,170,638,4328
Me Too,149,15,6,170,638,4833
"I hate to drone on about it but I just feel so attached""",125,17,3,145,638,1735
"Look Pete, you just have to make your own luck. Commute by two drones? I believe that IS what they call the American Dream. Aim for the troposphere, Pete.",125,17,3,145,638,3364
"I'm just guessing,but do you have problems with intimacy",125,17,3,145,638,4525
"Believe me, with this crowd, it'll sell.",141,20,3,164,638,1052
"It’s  the Trump Acapulco!  No visa, no money down!               Return flight?  Hmmmmmmm . . .",143,16,5,164,638,2599
"Go ahead, shake my hand. They totally won't kill you in 60 FPS 4K HDR for my 65 million followers.",141,20,3,164,638,3051
"[Mechanical voice] How do you do? We are Zorg. Each day, we record the contents of your home, deliver everything you are missing, and debit your bank account. We are more efficient than targeted advertising. Good bye.",159,19,5,183,638,2614
You're hired.,159,19,5,183,638,3164
They sent me to replace you because you seem lost and out of place!,138,16,4,158,638,1092
Amazon had a 2 for 1 sale on old models with pick-up!,136,19,3,158,638,1106
It's stupid and not even funny,136,19,3,158,638,2472
"Safety in numbers, my friend.",136,19,3,158,638,2822
This can lift you up to a thousand feet and has stereo navigation too!,135,21,2,158,638,4913
"I know it’s a week too late, but I’d like your vote for Drone Master General.",137,17,4,158,638,5261
Why did the fireman wear a belt AND suspenders?,147,21,3,171,638,743
Holds up my pants AND I catch a buzz.,164,22,4,190,638,2227
High tech voyeurism is not cheesy.  It is uber cool.,152,11,8,171,638,2249
Everything,148,19,4,171,638,3192
Come aboard! Just hold my hand and take a deep breath.,131,18,3,152,638,4237
Ten minutes ago called--they want their suspenders back.,148,19,4,171,638,5159
Where,159,21,4,184,638,2094
First you activate your drones THEN you airdrop the message.,158,23,3,184,638,3163
"The drone tie didn't work out, besides these have twice the spy power AND they hold my pants up.",141,22,2,165,638,946
I’ll go anywhere. Who do you want me to spy on?,142,20,3,165,638,1169
"There’s no such thing as bad drones, only bad clothing.",143,19,3,165,638,2103
Brings overcompensation to a whole new level,143,18,4,165,638,2428
"My Black Mirror costume is really doing wonders, police-wise.",144,16,5,165,638,2682
"It's the newest line of protection, Camera drones!",142,20,3,165,638,4393
I call them drenders. Sharper image eat your heart out,141,22,2,165,638,4832
Instead of belt-and-suspenders,141,22,2,165,638,4899
The older one tries to get the younger one to do all the work,124,21,1,146,638,2345
"No shoulder straps, but the solar power doesn't work at night.",125,19,2,146,638,2408
It keeps me from getting mugged so they can steal all my personal data later.,125,19,2,146,638,3618
"Blah...blah...blah...blah...blah""",155,18,5,178,638,2178
"This is called 'recording a selfie""!",153,22,3,178,638,2349
Google Maps - Personal World,135,23,1,159,638,1385
You like my suspenders?,138,17,4,159,638,2705
"I've always been a belt man, but I feel I'm being DRONE to suspenders.",137,19,3,159,638,3606
Just one more and I’m up!,136,21,2,159,638,3730
Shoulders are SO 2010.,119,20,1,140,638,4289
I see it as a conversational ice-breaker.,147,23,2,172,638,237
"Hips are down three inches, and I just feel lighter.",147,23,2,172,638,557
robosuspenders!,147,23,2,172,638,858
I am making millions on peepingtom.com! Subscriptions available!,151,15,6,172,638,869
"Believe me, this is the next big fashion look""",148,21,3,172,638,1133
You've heard of a wedgie right?,149,19,4,172,638,3243
It's obvious that the dating app missed the mark!,149,19,4,172,638,3998
These Suspenders also let take great Videos.,131,20,2,153,638,356
Can I borrow you for my fourth shadow?,134,16,3,153,638,781
So my left hand knows what my right hand's doing.,133,16,4,153,638,839
They're the next generation of suspenders.,132,18,3,153,638,3864
Oh you think these auto-suspenders are nice? Just wait till you see my toilet.,144,18,4,166,638,394
I'm the next thing in drone delivery!,142,22,2,166,638,745
"These are the cool replacement for those old-fashioned, unsightly suspenders.",145,16,5,166,638,2967
Huh?,145,16,5,166,638,3796
Still photography is finished.,142,22,2,166,638,4083
"No, but they're new to me.",127,17,3,147,638,1044
"A drone homage to the Ed Sullivan show, of course.",125,21,1,147,638,3595
Beats suspenders!,156,18,5,179,638,688
"I can talk for hours and hours, on and on and on and on and on and on and on......................",155,20,4,179,638,3816
My kids hid my suspenders,154,22,3,179,638,5210
I'm not 'wearing' pants.,137,21,2,160,638,148
Who would have thought that Baron Harkonnen had a prescient sense of style?,136,23,1,160,638,1011
"And the headline said ""Millennials are Ruining Suspenders""",138,19,3,160,638,2434
"You know, these aren't really attached to my belt.",140,15,5,160,638,3370
"If you don't update soon, they'll start slowing yours down",138,19,3,160,638,3522
They've cut my travel time down by half!,122,16,3,141,638,486
I use a dash of vinegar during the rinse cycle for best results.,133,18,3,154,638,158
It tells me how many calories I've burned.,135,14,5,154,638,2226
"Like you, I have no waist.  Haven't you heard these new hi-tech suspenders are all the rage?",133,18,3,154,638,2260
Hey! Get with the 21st century.,132,20,2,154,638,3263
"I don't know -- the ticket said ""base economy.""",136,12,6,154,638,3588
I’m not a stranger,131,22,1,154,638,3699
Let’s see them try to call me a boring drone now that I’ve got two.,144,20,3,167,638,301
The hell with selfies! Now I'm on camera 24/7.,143,22,2,167,638,1040
I'd drown without them!,143,22,2,167,638,1785
I try to use technology in a way that fosters independence.,156,20,4,180,638,2886
Belts were just too much a hassle.,128,17,3,148,638,135
"Six dollars each, ten dollars for both.",127,19,2,148,638,4167
They also call me a nerd!,140,17,4,161,638,143
Quick! Grab me before my return is processed!,141,15,5,161,638,378
Lost my fantasy league.  Have to stream an atomic wedgie.,140,17,4,161,638,1933
I hate suspenders. These work great!,139,19,3,161,638,2258
"I hate to say this, but you have the tendency to drone on when you talk to me.",141,15,5,161,638,3875
"...and with the newest version, they can hold your pants for an extra hour.",138,21,2,161,638,5052
Belts and braces are so yesterday.,150,21,3,174,638,3104
These give me more protection than a bulletproof vest!,134,18,3,155,638,1041
"One heads south, the other north. Looks like I'm stuck in the middle with you.",135,16,4,155,638,1502
"My parents never stopped believing that some day I'd                 really Go Places.
(or)
When they go Low, I go High.",134,18,3,155,638,1919
"""Tinder 2.0"".",145,20,3,168,638,467
Amazon lent them to me!,146,18,4,168,638,1750
"They’re from Drone & Taylor. When they’re done 3D printing my suspenders, they can hem your pants.",144,22,2,168,638,1938
What did you say? I can't hear you over my drone slacks.,146,18,4,168,638,2224
With the midterms it's open season out there.,143,24,1,168,638,4156
My pants go down but they go up!,143,24,1,168,638,4225
I call this... how to keep your pants up.,156,22,3,181,638,165
"My security plan gives you a ""lift"" in more ways than one.",155,24,2,181,638,330
My wife wants to make sure that I'm coming right back - her cute little way of keeping an eye on me,158,18,5,181,638,2493
They play doubles at table tennis too!,156,22,3,181,638,5101
It is a concept piece. Hi tech suspenders.,128,19,2,149,638,2679
Pants technology has come a long way.,128,19,2,149,638,3506
This isn't what I meant when I said I needed a delivery man,132,12,5,149,638,3833
"It's just the prototype, the production models are a lot quieter!",138,23,1,162,638,134
...as I was saying...drone...drone...,142,16,4,162,638,734
"as seen on Shark Tank- new fashion for spring - these hold up pants  better than those old fashioned suspenders you're wearing and puts a spring in your step""",141,17,4,162,638,2097
Keeps the pants up while keeping me cool.,138,23,1,162,638,2524
"It's that new ""lifting-pocket"" underwear.",139,21,2,162,638,2620
It’s Airbnb 2.0.,152,19,4,175,638,707
Hands-free droning.,152,19,4,175,638,1782
I forgot my key. Can you get to the 12th floor balcony?,151,21,3,175,638,4500
Look...just belt up.,145,22,2,169,638,32
"Thanks but they’re not “drones,” they’re quadcopters.",145,22,2,169,638,768
"Hey, man, spare a couple of drone batteries?",145,22,2,169,638,1645
I see ICE didn't get their budget cut...,147,18,4,169,638,1898
They'll cost you an arm and a leg.,137,14,5,156,638,2481
Wanna trip the light fantastic?,126,12,5,143,638,3929
"Heck of a pair f braces.
I do miss the indoors though.",155,26,1,182,638,4201
Suspenders drag you down.  These guys are more optimistic.,124,16,3,143,638,4308
Joe with Dressed by Drones.,113,14,3,130,638,4670
Sorry I can't hear you these are  pretty loud.,136,16,4,156,638,5311
"Privacy is overrated, and plus the cameras were the most expensive part!",153,19,4,176,638,1939
"No, I said, ‘Could I borrow your headphones.’",155,15,6,176,638,2629
...and they multi-task.,142,17,4,163,638,2050
"No, it's not for flying; it's protecting me from falling stars.",144,13,6,163,638,3534
I was told this is a much better way to get hi than taking drugs.,142,17,4,163,638,3635
It’s amazing what they can do with suspenders these days.,141,19,3,163,638,4135
That Levi's company...always one step ahead of the crowd!,138,25,0,163,638,4554
I heard belts will be out of style next season.,141,19,3,163,638,5184
"Noise good, suspenders bad!",130,17,3,150,638,3701
Thank goodness my condo is on the 15nth floor and not in the basement!,157,24,2,183,638,2220
"Trust me, these Hi-Tech Suspenders are a babe-magnet.",158,22,3,183,638,4815
You'll need FAA approval for these.,146,22,2,170,638,2801
You just have to dream big.,148,18,4,170,638,3234
I'm part of Amazon's new rent-a-friend.,149,16,5,170,638,4054
"I allocated three months for the project, but two years later I'd want my wife and kids back more.",135,20,2,157,638,770
"Yup, the prison is up the street, can you spare some change?",137,16,4,157,638,5249
Passport expired.,127,12,5,144,638,4834
These suspenders are so comfortable. You can’t even feel them!”,114,14,3,131,638,5054
Borrow a pair of scissors? Duty calls.,155,17,5,177,638,1487
I get 22 miles per drone (44 combined).,153,21,3,177,638,3008
"Grab my hand  Shooter, I'm not gonna let us down!",153,21,3,177,638,4084
I tether drones for in the moment selfie headshots,153,21,3,177,638,5237
Don't call me 'fly boy!',142,19,3,164,638,729
"You buy, I fly.",142,19,3,164,638,1158
"And the Hepa filters do a great job cleaning the air, so I'm actually helping the environment!",142,19,3,164,638,4420
It's the latest in navel gazing.,133,13,5,151,638,3553
These drones generate as much buzz as the New Yorker’s front page.,132,15,4,151,638,5055
How would you like to feel safe in any neighbourhood?,118,19,1,138,638,473
Superman or Green Lantern ain't got a-nothin' on me.,160,20,4,184,638,1894
"Well, you did tell your stylist that you wanted to look fly...",120,15,3,138,638,4671
His and hers.,151,14,6,171,638,324
Still waiting for the patent on the Zip-Drone.,150,16,5,171,638,997
I know what you're thinking: The way these jeans were sewn were horrific.,147,22,2,171,638,3297
"With these I can jump over tall buildings.
Terry Breidenbach , Orange , California",138,16,4,158,638,1296
"I tried it with my suspenders first, but it made for too bouncy a ride!",139,14,5,158,638,4494
"This guys drones on so much, it suspends belief",164,25,2,191,638,1742
I thought I would make the job of the NSA easier.,155,19,4,178,638,2399
"Ugh, looks like I got another wrong Amazon order.",154,21,3,178,638,3375
I have a hard time looking women in the eyes  these days,153,23,2,178,638,4137
Are you with me?,143,19,3,165,638,263
It's called a virtual virtual.,143,19,3,165,638,856
Why walk around wearing a boring old belt when you can use these guys to hold your pants up?,142,21,2,165,638,2805
Helicopter Mom 2.0,141,23,1,165,638,2953
"If you don't like these, you can try them in pink.",141,23,1,165,638,3382
Did you get a free buggy whip with those suspenders?,158,26,1,185,638,1822
"They're not super-suspenders, they're super-braces, my good man",132,17,3,152,638,2207
It's great! My pants have never fit better AND  cartoonists worldwide are able to make ill-informed commentary via slightly humorous drawings illustrating the situation and their poor grasp of technology.,131,19,2,152,638,2426
I gotta be back home in ten minutes.,130,21,1,152,638,3574
"If any white woman calls the cops on me, I can fly away before they get here.",131,19,2,152,638,4781
They promise to have me home for Thanksgiving.,149,20,3,172,638,358
These are my suspenders.,153,13,6,172,638,2021
"They're powered by hot air, so we foresee a ripe market with political debaters.",150,18,4,172,638,2111
Why put on the same old clothes every day when you could have it done for you,150,18,4,172,638,3150
"Well, not everyone can access the latest technology.",150,18,4,172,638,3688
They each insist on helping me get dressed.,150,18,4,172,638,4984
Let’s just shake on it! There’s no need to get all belt-and-suspenders on me.,123,11,5,139,638,4290
"Look, what good is a wedding photographer unless you have a great wedding story?",139,16,4,159,638,371
donation for the dronation please,139,16,4,159,638,867
HEY WATCH IT I'M CARTOONIN HERE!!,139,16,4,159,638,3205
These pocket drones are surprisingly powerful!,139,16,4,159,638,3485
"Joe, I'm going to keep an eye on 
everyone now!",138,18,3,159,638,5147
“DROIDS are the new suspenders PAL.”,136,22,1,159,638,5169
"Hi, looks like I'm right on time.",155,21,3,179,638,1043
I was sold when they told me this will bring me up way higher than Viagra,127,16,3,146,638,1380
My wife sent me to get the pizza.,129,12,5,146,638,3559
Attach your product to one of these and beat the tariffs.,144,19,3,166,638,424
"My boss told me I needed to think big and get a new perspective on
Wall St. and the Market.",143,21,2,166,638,2792
Wow! These bullies are getting more and more high tech.,142,23,1,166,638,4628
I wouldn't be thriving on Instagram without them.,132,19,2,153,638,1554
Would you give me a boost?,132,19,2,153,638,1805
A  safety harness for you? Nah! Just grab my hand and hang on for dear battery life.,133,17,3,153,638,2053
It’s not be as safe but at least it’s fashionable.,132,19,2,153,638,4774
And the deafening whine is a constant reminder that me my pants are being held up by drones!,151,18,4,173,638,3448
"In light of  wrongful convictions in the US, I want to make sure the Innocence Project has something to work with.",151,18,4,173,638,5021
They come with a 12-pack of Cialis.”,157,19,4,180,638,200
And I don't need to wear a belt!,140,16,4,160,638,1100
"Next, you carefully remove the belt...",141,16,3,160,638,1418
I have a lot of trouble tightening my belt.,155,23,2,180,638,2465
Amazon meets Grindr.,123,13,4,140,638,3754
I'm getting a wedgie.,141,14,5,160,638,4434
Amazon's form of Affirmative Action,142,12,6,160,638,5309
and I'll include some ownership shares in a major bridge in Brooklyn.,145,19,3,167,638,85
I have the right to bear pants.,145,19,3,167,638,494
They keep my pants up!,148,13,6,167,638,1084
What can I say? I’ve got Amazon’s endowment beat.,146,17,4,167,638,1563
Works great!  Though in about 10 minutes could I borrow your belt?,146,17,4,167,638,3590
How do you think about my overall level?,145,19,3,167,638,4665
They're much more comfortable than suspenders.,144,21,2,167,638,4935
Are you in the market for a new ride?,153,16,5,174,638,361
Then I found out what I was paying my shoulders.,156,10,8,174,638,2027
Life has always been so two-dimensional. I'm trying to change that.,136,13,5,154,638,3273
It’s the newest suspender prototype!,135,15,4,154,638,3469
It’s self-evaluation week at work.”,136,13,5,154,638,4752
"It's from Uber, but they haven't gotten the pilotless function right yet.",158,19,4,181,638,3447
You can’t just snap your suspenders by hand! Come into the 21st century already!,157,21,3,181,638,3623
"My wife says I drone on and on, so these shouldn't be a big surprise.",139,20,2,161,638,960
"No poop to scoop?  I said, Sign me up!",141,16,4,161,638,2047
"The commute’s a LOT shorter now, but I wish it wasn’t so much of a snap!",123,15,3,141,638,3965
It takes two to tango.,148,15,5,168,638,704
Willing suspenders of disbelief.,147,17,4,168,638,1689
You have no walking on water is a miracle?...... How about walking on air?,146,19,3,168,638,2380
"Fred, I'm Jock Stone, your date from Hook-Up-Now.  Let's get busy.  Obviously, I'm very much in demand.",147,17,4,168,638,2755
"Doctor Suspenderones. Again, we see there is nothing you possess that I cannot take away.",146,19,3,168,638,3135
Got two for the price of one and thought I had a better chance of getting airborne this way.,127,20,1,148,638,4076
I'm trying to reduce my Me footprint.,136,15,4,155,638,438
Why do you think?,137,13,5,155,638,1120
"You have to go where the technology is, and follow the trends",134,19,2,155,638,2098
I thought it would be great to have proof for when we file the accident insurance claim,159,19,4,182,638,3886
It's the new look for Speed Dating. Girls love it!,142,16,4,162,638,958
I just don't believe anything unless I see it with my own two eyes.,140,20,2,162,638,1023
"When the 'Blue Wave' hits, with these I will be totally prepared, according to the DNC.",141,18,3,162,638,1291
Somebody has to bring Google to heel!,164,22,3,189,638,1935
drone wear! dig it,141,18,3,162,638,2499
"You see? With normal suspenders, you can't have pockets.",116,18,1,135,638,2591
"Enid told me that all I do is drone on and on, and it got me wondering...",140,20,2,162,638,3489
You mean you don't have a pair?,139,22,1,162,638,4088
I have stopped looking in the neighbor's bedroom since they have started mooning me.,139,22,1,162,638,5089
I'll set you up with my stylist.,170,23,3,196,638,4159
"Dude, there's a 1000 eyes on you!",146,21,2,169,638,4206
"Yeah, much better than a selfie!",123,17,2,142,638,1858
Now you can ditch those suspenders forever.,123,17,2,142,638,5275
It 's the latest in mobile dialysis.,132,12,5,149,638,2431
"I'm telling you Greg, this is cheaper and easier than buying a drone.",130,17,2,149,638,3368
"When 2019 suspenders are the new uber transportation""
Honolulu, Oahu, Talieah Ra",130,16,3,149,638,3558
I’ve already lost 20 pounds!,130,16,3,149,638,4825
My kids and my kids' kids will watch the movie of my entire life!,136,17,3,156,638,1030
Will these fly me to the moon?,135,19,2,156,638,1911
"When I ordered Friends on Amazon, I meant the box set.",137,15,4,156,638,2601
Don't worry.  They're very submissive.,142,18,3,163,638,2351
"That's right, I can surveil the surveillance from anywhere.",142,18,3,163,638,2420
Everybody loves fashion week.,143,16,4,163,638,2497
Your old-school ways are driving drone operators to unemployment.,139,24,0,163,638,3013
It’s Amazon’s new form of payment option,142,18,3,163,638,3937
Think of them as techno-suspenders!,154,20,3,177,638,646
"Hey, they never said anything about surveillance suspenders.",152,24,1,177,638,2176
"The name's Phil, Phil McKracken...",156,16,5,177,638,3280
How else would I know if I'm doing something wrong?,155,18,4,177,638,4041
These are very high tech spy suspenders.,125,15,3,143,638,2071
I'm the new Uber-plus service.,125,15,3,143,638,3597
Amazon’s Double-drones? Everyone downtown’s got ‘em. You’re definitely gonna want to switch!,125,15,3,143,638,5341
You know what they say...two spies are better than one.,161,19,4,184,638,5091
And these are just the ones I know about...,133,12,5,150,638,641
I picked these up on QVC,138,15,4,157,638,118
Apple and Facebook got together on this one.  It's called the iBelt-Selfie.,136,19,2,157,638,2186
Welcome to the Drone Zone!,137,17,3,157,638,2811
My wife calls it the iCan'tDressMyself.,138,15,4,157,638,4524
It's a lot safer than those opioids!,143,18,3,164,638,2638
"They keep my pants up and video anyone who tries to rob me.  Of course I have to take them off if I move, but I’m working on that.",144,16,4,164,638,3537
"So, how do they work?",152,13,6,171,638,279
Please get me a tighter belt before these batteries run out!,150,17,4,171,638,1063
"Yeah, my drone suspenders are way cool. The only drawback is  they’re for outdoor use only.",119,16,2,137,638,2276
"Flashier than a belt or braces, eh?",167,22,3,192,638,2370
My devoted followers deserve me 24-7.,126,15,3,144,638,4589
Elon Musk just challenged me to a race across the English Channel.,125,17,2,144,638,4866
It's easy to hail a cab wth a sunroof.,133,14,4,151,638,322
"Twice a day, I take them out for a see.",138,17,3,158,638,670
I kmow; I can't believe I'm here either!,138,17,3,158,638,1174
I was pants-ed a lot as a kid,137,19,2,158,638,4008
Us Angels have gone hi-tech.,137,19,2,158,638,5129
Psssst ... I've got an upgrade​ to your suspenders you'll die for.,142,22,1,165,638,2247
I ran into Maurice yesterday...,148,10,7,165,638,3295
Desperate times call for desperate measures.,143,20,2,165,638,5044
I traded him my bikes for these.,150,19,3,172,638,655
Let me tell you about the perks of this security position.,149,21,2,172,638,4995
I'm a belt-and-suspenders kind of guy.,156,20,3,179,638,2104
I'm very litigious.  I document everything!,164,17,5,186,638,1409
You have seen then advertised. They are called 'dronependers'.  They are credited with a side effect of instant weight-loss.,160,25,1,186,638,4431
"ok I can see your not quite convinced ,will ya buy one if  I can hover
60 seconds at 1000 feet?",133,16,3,152,638,1111
These are the most versatile Christmas gifts ever!,134,14,4,152,638,2507
"People keep telling me that I drone on and on, so I decided to go high tech. and provide personal delivery services.",136,10,6,152,638,3089
Testing out the sky's the limit two-fer Tuesday. You in?,133,16,3,152,638,4695
It's cheaper than buying a plane ticket and the scenery is better,139,17,3,159,638,1227
They are there to hold up my pants!,138,19,2,159,638,1752
Can you help me brainstorm for a logo?,137,21,1,159,638,5138
"I'm changing my name to ""George Jetson.""",146,16,4,166,638,787
That thing you haven't thought of yet—if ordered within the next thirty-six minutes—qualifies for free one-day shipping.,144,20,2,166,638,4608
You are droning on!,144,20,2,166,638,5125
And then the contractor tells me they don't make T-shaped doors.,114,17,1,132,638,5298
"...and, they will totally replace suspenders!",121,16,2,139,638,2296
"It's the future of ""peep shows""",128,15,3,146,638,210
It's the only strategy I have in case I meet the police.,135,14,4,153,638,1088
"Actually, the correct term is quad-copter.",135,14,4,153,638,2048
You should see me when I fly to the White House!,133,18,2,153,638,5105
"Sir, the future of blood donation is here!",133,18,2,153,638,5383
"Dude it's so easy, just download the app and you can start getting paid to get wedgies from masochistic Amazon drones too.",141,15,4,160,638,1632
It's part of my new health insurance plan.,139,19,2,160,638,1661
They beat suspenders!,139,19,2,160,638,2639
I just want to see for myself.,142,13,5,160,638,2650
"You wear these wherever you go, see, and when a big crowd of protesters gather these little guys lift you above it all.",140,17,3,160,638,2872
"None of this ""Doc Ock"" stuff.  I prefer Doctor Octocopter.",140,17,3,160,638,4522
Are you droning?,141,15,4,160,638,4676
"Suspended drones are the future, man.",145,20,2,167,638,1331
The new FAA regulations can't impact the fun!,145,20,2,167,638,2411
Hey Buddy! Can you spare a parachute?,146,18,3,167,638,3691
Spare any change for the bus?.. this thing is just another financial disappointment!,152,19,3,174,638,37
I don't like the way the cut into my shoulders,154,15,5,174,638,1031
No more traffic issues.,151,21,2,174,638,1451
It’s amazing. Just 9.95 per drone.,152,19,3,174,638,2780
The trick is superglue,156,24,1,181,638,5317
I'm planning to cross water.,154,17,4,175,638,556
"I don't know what, but something's been bugging me lately.",154,17,4,175,638,705
Airhead,147,18,3,168,638,996
It's all about training.,140,19,2,161,638,1042
"actually, you nincompoop, these ""wires"" are my patellar tendons. walking is so 2015.",127,19,1,147,638,1612
'No they are not alien spacecraft extracting DNA.',151,23,1,175,638,1676
"Hi, I tied drones to my balls!",141,17,3,161,638,2188
MoviePass' newest business model: MoviePants.,142,15,4,161,638,2480
I heard this is trending.,146,20,2,168,638,3019
"Get up-to-date, man",139,21,1,161,638,3063
It's because my subway line shut down.,158,22,2,182,638,3647
They're called  Drone Ups from the company Space Braces.,144,11,6,161,638,3969
They actually hold your pants up and guide your feet through sensors so you don’t trip,134,18,2,154,638,4009
you're under arrest for littering,147,18,3,168,638,4239
"Don’t worry. As long as you don’t call the cops on me for no reason, you’ll be fine.",143,13,5,161,638,4444
"Believe me, if anything happens to my ears....I will know about it.",142,15,4,161,638,5146
"Come on, man.  I need a running start.",128,17,2,147,638,5178
Let's shake hands on the deal.  It looks like you don't trust me.,146,20,2,168,638,5182
I asked for self-fulfillment,129,15,3,147,638,5255
It's a form of immigration politicians approve.,123,14,3,140,638,5326
New job. I deliver with a song and enjoy great views.,126,21,0,147,638,5328
Did you hear the new generation of kids are stealing people's pants with drones.,157,26,0,183,638,1518
Take me to your leader in high tech surveillance.,154,19,3,176,638,619
It's Trump's new executive order to protect jobs.,157,13,6,176,638,3928
Bzzzzzzzzzzzzzzzzzzzzzzzzzzz,154,19,3,176,638,4015
"You're wearing suspenders and a belt, I no longer 
need the damn belt, you should try it!",152,23,1,176,638,4160
"Thanks to your investment, these drone suspenders will make us rich!",151,12,6,169,638,4102
Can you even update your apps?,147,20,2,169,638,5222
The FAA won’t let me wear my new spats with them.,143,15,4,162,638,447
i just downloaded lyft 2.0,141,19,2,162,638,1715
I get so tired of you droning on!,145,13,4,162,638,1995
"Easy come, easy go.",142,17,3,162,638,2545
Flying is just one of my superman powers.,141,19,2,162,638,3872
I'm ready for the future. Are you?,141,19,2,162,638,4311
The wife says it's the latest in personal security...,137,14,4,155,638,209
"I know, but the snapping has stopped completely.",138,12,5,155,638,399
"I put on my pants two legs at a time, just like everyone else, present company excepted.",135,18,2,155,638,2214
Guaranteed never to chafe the shoulders!,136,16,3,155,638,2924
No suspenders. No belt. No sweat.,134,20,1,155,638,3151
But make sure you ask for the Kavanaugh 1100.,137,14,4,155,638,3822
Your new suspenders look great! - I lied.,135,18,2,155,638,5114
I’m a dancer -  light on my feet.,130,15,3,148,638,1068
I’m the Larry King of the 21st Century.,129,17,2,148,638,3705
"Drone me up Scotty""",128,19,1,148,638,5036
Its my leap frog improvement on suspenders.,124,14,3,141,638,3943
"No fairy dust need here, my friend.",165,25,1,191,638,310
"I used to need three of these things to get me up in the air, but then I went on a diet.",156,17,4,177,638,864
"Yes I’m a drone of sorts, but the difference being, unlike others, I’m still very much a meet and greet device...",154,21,2,177,638,1400
"Hey Man, drones are the new belt and suspenders!",155,19,3,177,638,3952
"I love those slow drone videos on my Apple TV so much, I thought I’d give it a try myself!",154,22,1,177,638,4940
"Everyone says they are just drones, but I find them fascinating.",156,17,4,177,638,4965
"I’m not from you’re planet, take me to your leader.",156,17,4,177,638,5107
I can balance a six pack of Diet Pepsi on each hip.,149,18,3,170,638,2229
"Oh, it’s not so hard — just look like you’re part of the caravan.",148,20,2,170,638,4188
Look at you. You're so mid-century.,147,22,1,170,638,5416
I'm writing my biography and I don't want to forget anything.,142,19,2,163,638,1003
RC suspenders are becoming a thing.,142,19,2,163,638,2884
Keep calm and drone on and on and on and on and on.....,138,15,3,156,638,4183
"Hi, I'm Bixby.",137,16,3,156,638,4363
"With a catchy name like 'Suspendz"", how can my new App fail?""",130,17,2,149,638,4982
I think daily status updates aren’t nearly enough for my social media feeds.,119,13,3,135,638,409
"It's not just derivative of  ""Lawn Chair Larry"" if I can provide POV.",117,17,1,135,638,3372
... because it's 2018!,158,15,5,178,638,2210
"Nice to meet you, I'm @Derek",144,17,3,164,638,568
"No, your Amazon order said ""casual Don Draper"" not ""casual damn draperies"".",143,19,2,164,638,888
"Help sir, these drones are beginning to undress me!",145,15,4,164,638,1377
Pleated pants? That's so last year!,145,15,4,164,638,3781
My Facebook Live followers would like to approve you before we can date.,145,15,4,164,638,4186
Excuse me if I tend to go on & on in a dull monotone about my new suspenders.,138,16,3,157,638,2025
It seems like everything I talk about eventually shows up as an advertisement.,140,12,5,157,638,3468
‘I’m calling it Chatroulette 3.oh’,137,18,2,157,638,4264
"Forget about those annoying little hoverboards, this is the future!",130,19,1,150,638,433
My bank is giving them away as part of their anti-privacy program and double authentication policy.  Makes good sense.  Right?,132,16,2,150,638,1447
Real drones for sale!,133,13,4,150,638,2837
Belts? suspenders?  That is positively archaic,127,12,4,143,638,1140
These will keep your pants up.,166,14,6,186,638,3096
I could drone on about the future of pick pocketing.,151,18,3,172,638,4614
Lastly it's patented.  Does that reassure your 5-year investment?,152,16,4,172,638,5224
"I can't get in to see the doctor for a month but I am flying by NOW and documenting it, to prove I lost the weight.",147,13,5,165,638,3279
"Sorry to keep droning on, but I’m really bummed about the elections.",146,15,4,165,638,4091
"It’s this great, new subscription service...",143,21,1,165,638,4338
"Jim, looks like you got the job. I’m your trainer, Dave. No time to talk we gotta 5-hour-energy needs to go over to Lexington. Take my hand.",148,11,6,165,638,5230
They're watching everything.,138,18,2,158,638,1839
You drone on.....I drone out,140,14,4,158,638,2353
"Hi, I'm Dan.  I hope to make you as uncomfortable as possible by live streaming your every move, mood and murmur.  There is no recourse of course since I have anonymized the source.  Do a little dance to jazz up my intro.  Now.",138,18,2,158,638,3222
High tech spiderman,139,16,3,158,638,4924
I eliminated the sunk cost of our drone delivery startup!,131,19,1,151,638,2269
This may you won't have to listen to me drone on about my loose fitting trousers,130,8,6,144,638,398
"Better run. Apparently,​ Bezos hates suspenders.",128,12,4,144,638,1727
"Name's Edo, I'm included in the condos fees.",159,17,4,180,638,3511
They’re energy efficient!,158,19,3,180,638,4418
Suspenders are too grounded for me.,151,20,2,173,638,1229
Just remember not to listen to any House of Pain songs when you're wearing these.,153,16,4,173,638,2917
"My eyes, my ears, my everything!",151,20,2,173,638,4452
some experiments can get you a lifetime ban from the petting zoo.,153,16,4,173,638,4761
Have you ever pictured a Picasso portrait of you?,151,20,2,173,638,5278
Quaint landlines.,146,17,3,166,638,637
They're not taking them; I'm returning them.,145,19,2,166,638,1830
They were great for avoiding I.E.Ds in Iraq,144,21,1,166,638,4193
"They're programmed to identify other life forms - and confirm we're not alone.  Of course, a refund requires a DNA test.",114,14,2,130,638,4692
"I Believe I Can Fly
I Believe I Can Touch The Sky",140,16,3,159,638,169
These drones use iron straws to suck the marrow from my bones and in return Peter Thiel lets me sit in on his monthly webinars. I get his libertarian tech tips and he gets the femur of a healthy 25-year-old!,141,14,4,159,638,260
Just dropped m to say hello.,138,20,1,159,638,571
The millennials call this a drone suspension,141,14,4,159,638,4741
You gotta better idea for doing 30 blocks in five minutes to make the play? Now go get yours!,135,13,4,152,638,4250
They're even altitude tested!,159,19,3,181,638,4219
"Elastic, shmelastic.",158,21,2,181,638,4326
I feel very safe and secure knowing who is within a mile of me  in any direction.,125,20,0,145,638,478
Our parents gave me up for adoption before you were born.,153,18,3,174,638,1355
"They only look like suspender holders, but they've become my transportation of choice.",155,14,5,174,638,1655
I figure it doubles my chance at deliverance.,153,18,3,174,638,2936
"Waiting for a bus, has gone the way of the horse-and-carriage.",120,17,1,138,638,246
Doing wonders for my venetian blind business.,139,20,1,160,638,1972
The Traffic up there was pusher prop to pusher prop.,139,20,1,160,638,5068
"I call it Suspendly!  It's like your *cough* regular suspenders there... but BETTER!  And, it's only $9.99 per month!",141,16,3,160,638,5223
"Actually, I'm very interesting -- not a drone.",160,19,3,182,638,2616
Our deluxe model offers a shave and a haircut.,163,14,5,182,638,5404
"Are you kidding?  I can fly, get 3D porno and no-hands masturbate all at the same time!",135,15,3,153,638,1603
"Bro, it's awesome. My shirts don't get creased, and I can take dick pics without getting off my phone.",137,11,5,153,638,1884
"Don't worry, they don't attack.",134,17,2,153,638,1937
Keep your spouse safe from crime and affairs!,134,17,2,153,638,2327
But my friends all call me Big Bro.,154,18,3,175,638,1056
Get out your Iphone and record the world's first drone-jacking.,155,16,4,175,638,2759
They’re my belt and suspenders.,153,20,2,175,638,4711
"I feel real, I'm techno free!",151,11,6,168,638,49
"It's definitely not bad for your sperm count.""",148,17,3,168,638,79
It’s my early warning system. What’s yours?,147,19,2,168,638,1135
Anti-retro.,150,13,5,168,638,3802
"A duo of drones you must have at your side ,
Your boss and his friends will have no place to hide .",146,21,1,168,638,3918
You don't get it... your white.,141,18,2,161,638,281
"I live by one simple rule : they'll never pants me again. Also, celibacy.",142,16,3,161,638,392
I am _so_ far past belt or braces.,134,19,1,154,638,984
Perplexed! They don’t call me a stable genius for nothing.....,138,12,4,154,638,4305
They’re made by Jack LaLanne”,177,15,6,198,638,4613
I’m so excited. On my way to my drone date.,169,20,2,191,638,1033
My shoulders have been disrupted.,150,15,4,169,638,874
"Much cooler than suspenders, huh?",149,17,3,169,638,2205
Plain old suspenders just aren't in right now.,150,15,4,169,638,4143
"After a while, they start to drone on you.",127,20,0,147,638,1904
"On weekends, I clothespin baseball cards on the propellers and play in a reggae band.",130,14,3,147,638,2246
"Everyone who is anyone, are wearing these latest new pants 'aero i-suspenders.'",143,17,2,162,638,3328
Would you like to join I-Fly?,143,16,3,162,638,3870
I'm trying to get over it.,155,20,2,177,638,2617
We'll finally have a street view of Mars!,156,18,3,177,638,5362
Perfect for cross-eyed viewers!,136,17,2,155,638,765
"First, I went on a diet, then I gave up smoking.",137,15,3,155,638,4190
I never miss a teacher's conference anymore.,136,17,2,155,638,5297
"Drone Belts are all the rage, I tell you!",148,21,1,170,638,1929
It's the new breakthrough in suspenders.,138,15,3,156,638,80
But the salesman goes on and on and on...,137,17,2,156,638,127
"Well, you've heard of belt and suspenders...",137,17,2,156,638,1074
"Hi, I'm Bob, just your local government spy.",138,15,3,156,638,2424
"Sorry, I can only come to your party with same-day notice if you're a Steve Prime subscriber.",136,19,1,156,638,2523
I've worn my ghost tie every year for halloween.  Thought it was time for something spookier...like these Phantom suspenders.,137,17,2,156,638,3011
"This, this is my stance on suspending our drone operation.",151,17,3,171,638,3161
Don't you believe I can fly?,164,19,3,186,638,1
This couldn’t work if I wasn’t on a no carb diet.,117,16,1,134,638,2282
The Energizer Bunny can't save you from up there.,133,12,4,149,638,4776
So who do you plan to vote for?,159,16,4,179,638,675
Mind helping me get turned right side up?,141,12,4,157,638,2657
Hi I’m Dr. One.,152,17,3,172,638,673
The straps are connected to an obelisk in my anus.,156,10,6,172,638,3287
"'GIVE ME ENOUGH MONEY TO BUY ONE MORE AND WE CAN BOTH FLY OUT OF HERE!""",154,13,5,172,638,4286
"You've got to admit, two phones, $40 a line and two drones at the same time sound a lot alike",166,17,4,187,638,3726
You should try it--beats wading through traffic with an Ubet!,146,16,3,165,638,3551
It's what all the cool kids are wearing.,159,18,3,180,638,3580
I broke my collarbone.So now I use suspend-a-drones.,148,12,5,165,638,3585
You can't imagine what I get to see. But I AM afraid of heights.,145,18,2,165,638,3968
They've got my back.,119,14,2,135,638,4497
THIS DRONE IS FOR SPLIT PERSONALITY USERS,132,16,2,150,638,4545
"All I'm saying is, “don’t drop bombs, drop trou.""",168,15,5,188,638,565
They work better on fat people.,152,19,2,173,638,3456
...It's a bird! ...It's a plane!...It's Superdrone!,151,21,1,173,638,4979
"Look Josh, getting ahead is all about having two drones to pick yourself up by the straps.",125,17,1,143,638,335
It's a practice run for the November 6th outcome. I might want out quick!!,125,17,1,143,638,2532
Don't worry. Their whirring noise is greater than their slice.,146,18,2,166,638,895
"It's about the same cost as the gym. Even better, I'm not watching TV.",147,16,3,166,638,978
They came with a double holster set and lifetime batteries.,132,18,1,151,638,541
"Man, this guy sure can drone on.",132,18,1,151,638,4799
"It's like I ""float like a butterfly and sting like a bee"".",135,12,4,151,638,5167
Wanna get a buzz on,155,15,4,174,638,2766
"Lucky for me, “Amazon Drone Services”
has not perfected
dog food delivery.",153,19,2,174,638,2820
"Don't worry, they won't bite.",138,21,0,159,638,31
"No, they're not tethered to my pants.",141,16,2,159,638,151
"Whenever I feel like I want to drone, I'm ready for it!",141,15,3,159,638,2533
"As my skin is slightly darker than is legally allowed for most ""pure"" Americans, these DNA testbots are taking a mandatory sample of my seed. I might be able to keep my life, but the government also might force me to have a vasectomy. Hail Trump!!!!",143,11,5,159,638,4178
'I'm suspending my security!,127,15,2,144,638,1328
Helicopter rides!  Only fifty dollars,128,13,3,144,638,3972
These may let me get rid of the belt,129,11,4,144,638,4680
What do you think of my new deep-learning suspenders?,161,18,3,182,638,360
"I have no clue, the cop told me to stand here in front of the church.",149,14,4,167,638,1787
Your wife sent me she think you’re cheating,147,19,1,167,638,3258
Remember the Seinfeld episode when Kramer had the TV  Studio in his living room?  Think Portable.,147,18,2,167,638,3439
"That's why I pity your generation, you don't get to watch the Infomercial channel anymore.",135,14,3,152,638,3600
What'd I do?,156,15,4,175,638,780
No panic...I’m your hybrid AI-Human who’s got lost!,155,17,3,175,638,2452
I need you to step into traffic for just a minute or two.,156,15,4,175,638,4559
I just had to get a pair like yours.,178,14,6,198,638,4785
Likewise... you unzip your zipper,142,15,3,160,638,2041
It is difficult to go potty.,141,17,2,160,638,3477
Are they at least smart-enabled?,161,20,2,183,638,1702
They're droning pigeons.,162,18,3,183,638,2948
"Yup, everything is going high tech.",147,20,1,168,638,277
"Driverless, above traffic, can even hover, newest Uber!",148,18,2,168,638,608
They’re the best suspenders you’ll ever wear.,148,18,2,168,638,823
Not only are these suspenders over-engineered—freshly charged they're prone to giving wedgies.,149,16,3,168,638,1509
My wife says these suspenders are unmanly,147,20,1,168,638,4955
"It involves using drone technology as a suspender installation-removal device, but we're clearly now there yet.",170,17,4,191,638,164
"The patent office demands multiple subject testing...hey, your suspenders are perfect!""",155,19,2,176,638,999
I prefer not to wear a belt.,154,21,1,176,638,1320
I can deliver your donation by tomorrow.,142,17,2,161,638,2068
Don’t just drone on.,151,14,4,169,638,682
"its a new Amazon feature, rent a shrink",152,12,5,169,638,1918
These are from NASA Outreach. Interested?,149,18,2,169,638,2418
"Don't worry about being late, Dave. You're fired.",130,13,3,146,638,5007
It's the DRONE CLUB    new exercise  routine,157,20,0,177,638,1062
I’m marketing them as modern suspenders.,158,15,4,177,638,1359
This conversation starter definitely beats a snazzy belt buckle.,136,16,2,154,638,1469
"As you can see, this model has many uses.",137,14,3,154,638,1916
The new belt and suspenders.,144,15,3,162,638,4657
Hey man. It's the new hip and uplifting fashion in suspenders!,152,14,4,170,638,3285
It’s an attempt to stabilize the economy by stabilizing day traders.,129,17,1,147,638,4209
"Have you seen the technology these days, they keep pants up, belts are a thing of the past. They are just used now for discipline on misbehaving children.",158,17,3,178,638,159
"Wow, you have taken the concept of a selfie to a whole new level.",158,17,3,178,638,2645
"Somewhere in South Carolina: “I always said, you can’t win if you don’t play....”",157,19,2,178,638,3403
Am I the only one who can't stand how Fitz drones on & on about his uplifting briefs?,137,16,2,155,638,2934
Wanna go to San Diego?,139,12,4,155,638,4597
"It gives new meaning to ""pocket change.""",146,13,4,163,638,812
Check out my new drone assisted braces!,146,13,4,163,638,2307
I know - I'm an airhead who does have a tendency to drone on and on.,150,20,1,171,638,2896
"The drones em-brace me more than the wife does!""",124,14,2,140,638,202
They keep the pants from slipping,129,19,0,148,638,1102
"Hey Grampa, nice shoulder wrinkles.",139,14,3,156,638,272
I'm practising for my audition with the circus as a high-suspender bungee act,140,12,4,156,638,2262
"Like I've always said, belt and suspenders.",138,16,2,156,638,4533
"I build bridges, not walls.",137,18,1,156,638,4591
It helps my arthritis.,145,17,2,164,638,302
21st Century suspenders.,145,17,2,164,638,1333
Just remember they can also get you suspended from work if you practice your trapeze moves too much.,149,12,3,164,638,2400
When will he stop talking?,145,17,2,164,638,2708
They’re my assistants.,144,19,1,164,638,4569
This is how all hipsters are doing it now.,117,15,1,133,638,2366
"It’s Apple’s latest thing in wearable devices—very chic and only $1,999.99 on Amazon!

Leslie Hardin
Summit, New Jersey",117,15,1,133,638,4409
They solved this issue by installing photovoltaic cells in the latest version,132,15,2,149,638,4542
I can leap tall buildings with a single bound.  Want to take a ride?,132,15,2,149,638,5418
I could do without one of the chastity belts,139,16,2,157,638,1456
You are not on fleek suspenders boy.,140,14,3,157,638,2958
"You know the old saying?
Brace Yourself & Up We Go!",138,18,1,157,638,4412
Everything works out better when you can suspend your hands.,140,15,2,157,638,4886
Im. an inventor these are the suspenders of the future,147,15,3,165,638,3007
"Yes,you drive",150,9,6,165,638,3088
For three easy payments these can be yours too.,154,17,2,173,638,1103
It is the newest  way to play pocket pool.,153,18,2,173,638,3666
With a selfie drone stick you’ll never lose your drone.,167,20,2,189,638,4189
Two drones is better than belt and suspenders,140,16,2,158,638,699
It'll be the 'killer app' for these things!,140,16,2,158,638,983
"It's the latest legal protection! 24/7 personal surveillance, plus a secret camera in my glasses so I've separate recordings at 3 different locations.",141,14,3,158,638,3729
Harvey was really looking to make an entrance at this year's Thanksgiving dinner,141,14,3,158,638,4906
They still wanted to be friends!,146,19,1,166,638,2844
I jut wanted to take “belt and suspenders” to an HNL.,146,19,1,166,638,2956
"Fist Amazon, then the NFL, but when the IRS starts using drones they've gone too far!",147,17,2,166,638,3566
"Hi, I’m an official greeted for the Amazon virtual store",147,17,2,166,638,4738
"Yes, they also come in matching colors.",154,18,2,174,638,2316
I’m getting up to 15 minutes of suspender life and it”s 4K!,155,16,3,174,638,3077
"""Does the crosstown bus stop here?""",155,16,3,174,638,4502
Your neighbor got one yesterday.,127,14,2,143,638,1881
Because it was too dangerous to use them on my belt.,128,12,3,143,638,2575
I'm a forward looking kind of guy.,133,17,1,151,638,2388
Mimics the thrill of a double life!”,135,13,3,151,638,4674
It's the new Un-Autonomous Drone!,149,15,3,167,638,3350
I use them for my Instagram.,158,12,5,175,638,892
"Dron't look so puzzled, they are to hold up my pants!",156,16,3,175,638,2359
They wouldn't work for you. They take a really big guy.,155,18,2,175,638,5079
Support my patreon,173,12,6,191,638,1452
This is the only way I can keep my pants up since loosing the weight.,120,15,1,136,638,1202
beats the heck out of suspenders to hold up my pants,136,13,3,152,638,1878
They're much better than suspenders.,134,17,1,152,638,2738
No thanks—I prefer for my belts to not be unmanned aerial vehicles,136,13,3,152,638,3313
"Hey Man, I'm an aeronautical engineer so I know they work",162,21,1,184,638,3339
"I’m from the nowhere, near future.",143,14,3,160,638,3359
When insurance say “we are always there.”,121,13,2,136,638,3361
Loading...,126,18,0,144,638,4981
Angel investors are so last season.,135,15,2,152,638,5315
My startup will change the future,171,20,2,193,638,4921
It's the latest in drone technology.,159,14,4,177,638,3531
Don’t you wish you were as fly as me?,152,13,4,169,638,818
It's the latest thing for losing those stubborn pounds.,148,21,0,169,638,894
The Robot Revolution hates saggy pants.,152,13,4,169,638,3898
I'm going to visit Suzy. These babies keep my pants up.,153,11,5,169,638,4192
THIS IS MY UBER ARMOR ANSWER TO BRACES,144,14,3,161,638,792
Stand back! They shoot laser beams.”,144,14,3,161,638,1814
We apologize. But the flight has been delayed.,143,16,2,161,638,3227
Hey! I’m trying to see if I lost weight.,142,18,1,161,638,3645
Amazon Prime has guaranteed on-time delivery,151,17,2,170,638,691
Can I interest you in a high-tech self-protection device ?  It's cheaper than hiring a bodyguard.,143,18,1,162,638,204
Go Drones of course!,143,18,1,162,638,2842
I used to fly everywhere.  But I put on too much weight 'cause I wasn't walking.,136,17,1,154,638,58
"3D selfie movie, duh!",137,15,2,154,638,1090
I can't hear you over that droning noise.,136,17,1,154,638,1270
"So I won't lose my pants when one of 'em says: ""Take me to your leader"".",131,12,3,146,638,4584
'I call it the new belt and suspenders.',123,13,2,138,638,4030
I am the modern version of a belt and suspenders guy.,122,15,1,138,638,4966
You in?,159,18,2,179,638,1294
"I work at the post office, and this is our new air mail service.",153,15,3,171,638,2926
Haven't I seen you before?,155,11,5,171,638,4655
The robots.........They're taking over!!!!!,147,12,4,163,638,160
"Hello..I'm Andy King, Larry's son.",145,16,2,163,638,183
"Drones to the second power, better than suspenders!",138,15,2,155,638,234
Iron man technology is just not cost effective yet!,138,15,2,155,638,314
I can't get them off me as they are powered by my essence!,137,17,1,155,638,4373
"Hey, buddy, do you have an idea for a visually creative performance from one to two people?”",124,13,2,139,638,2824
Do you want to be in my documentary? I need to introduce some conflict.,162,14,4,180,638,3228
Droning on a little too literally…,155,13,4,172,638,294
It's the only way to keep my suspenders up.,149,10,5,164,638,907
"If you think this is disruptive suspender technology now, you should see what happens when I go to to the Philharmonic!",148,12,4,164,638,2701
Just in case of a crack attack.,148,12,4,164,638,3288
"This is the future of tecknology, you just need to get used to it.",146,16,2,164,638,4075
"As soon as its dark, I’m going to try and break out of this prison for literally mad scientists.",148,12,4,164,638,4708
I'll get Sally to talk to me one way or the  other ! ! !,140,13,3,156,638,1711
"Hey, I love your pants?",139,15,2,156,638,2319
"It’s just a Joy Ride...
They’re attached to my Tighty Whitetys",133,12,3,148,638,2904
I'm just trying to figure out how to give myself my own direction.,163,14,4,181,638,483
I have been blessed with a new perspective of life.,126,11,3,140,638,539
This is our latest instant Temp.service,123,17,0,140,638,4029
I call them my eyes in Shaq's thighs.,153,19,1,173,638,950
"It's called a camera-copter, and it gets great 3-d shots of your wife in the shower.",155,15,3,173,638,2166
Stereo Selfie ?,155,15,3,173,638,2865
"Hey buddy, I hate it too!",146,18,1,165,638,1369
Bertram demonstrates the next generation of suspenders,147,16,2,165,638,3193
Pretty good ride considering no peanuts!,142,11,4,157,638,5350
I hear your stomach Droaning.,162,18,2,182,638,656
I call them constant selfies.,163,16,3,182,638,2555
Yes these are the new Amazon Delivery drones... once I'm emptied they deliver it right back to the Washington Post...,133,14,2,149,638,457
Hi. I am the Drone Man. Special powers are droning on and on.,133,14,2,149,638,4077
"Got a hot date tonight, just getting a quick equipment check and a tune-up.",133,14,2,149,638,4830
I figure they won’t get shot if I’m this close.,154,19,1,174,638,1089
"Well, the NSA was tired of seeing my pics",156,15,3,174,638,4358
How's your selfie doing today?,156,15,3,174,638,5226
Wedgie preventing drones...that caravan is trouble.,126,13,2,141,638,3116
They are the very latest in drone fashions.,149,14,3,166,638,1571
"Weird flex but, O.K.",149,14,3,166,638,1624
The 20th Century called and they want their belt back.,150,12,4,166,638,3144
Dude I promise this invention works unlike the last one,140,17,1,158,638,1464
"I promise, this will be our LAST..",141,15,2,158,638,3072
"“A.J. Dronenberg from Dronesville, developer of drone-assisted dressing. Dig?”",134,14,2,150,638,2448
"Nothing says ""I want that extra bit of security"" like an extra pair of eyes.",134,14,2,150,638,2930
My leg's just don't move like they used to,134,14,2,150,638,5206
My doctor said no more riding the bus.,149,16,2,167,638,2830
Because they said I go on and on.,148,18,1,167,638,3055
"Sure, the suspenders were a good idea, but what do you think of the leash for my shih tzu?",151,12,4,167,638,3949
I'm 'old school'--gotta see it with my own two eyes.,151,12,4,167,638,4529
"Thanks, I can always use another hand!",142,16,1,159,638,1527
Just thought I'd drop by and say 'hi.',141,17,1,159,638,1836
This way I can stare in my neighbor's room without making any incriminating pictures.,143,13,3,159,638,1908
"RRREEE these thi-RRRREEEEE -ngs are the fu-RRREEEE 
ture  RRRREEEEEEEEEEEEE",144,11,4,159,638,3062
These crop dusting suspenders will kill in the Midwest.,141,17,1,159,638,4483
"A better you, available in 60 minutes or less.",143,13,3,159,638,5233
"And because I'm a TOTAL nerd, I've named them Huginn and Muninn.",156,19,1,176,638,406
"Hi Bro, ""Remember, Big Brother is ALWAYS Watching.""",135,14,2,151,638,3902
I am going to prove once and for all that the world is flat,135,14,2,151,638,4052
"Ned Ryerson here! Your old pal, Ned Ryerson!; It’s Groundhog’s Day",136,12,3,151,638,4171
"Man #1:   What the Hell...?
Man #2:   You mean, what the Heaven!",150,18,0,168,638,866
"This is the closest  I could get to ""Bewitched"".",150,16,2,168,638,2305
Plus I never have to fear my pants will fall.,149,18,1,168,638,4963
It's got a lifetime warranty!,143,15,2,160,638,4893
"I'm new to Gotham, can you give me directions to Bruce Wayne's hideout?",156,21,0,177,638,13
Give Me A Kiss,159,15,3,177,638,845
I must be gaining weight. My belt keeps breaking.,136,14,2,152,638,900
Don’t mind me.  I’m just upskilling.,151,16,2,169,638,2937
"I think they messed up my shipment ... I ordered jelly, not 'Jerry'",153,12,4,169,638,3794
"Actually those ""cameras"" are spigots. Twenty bucks gets you the purest chilled organic pomegranate juice in the city. The very best, trust me. I even make the polyethylene terephthalate bottles myself.",153,12,4,169,638,4364
Stand back. NASA related.,150,18,1,169,638,4663
Welcome to the future.,130,11,3,144,638,2554
How do you get by in this city without a second set of eyes?,129,13,2,144,638,5265
"It's the latest diet, and it really works.",144,15,2,161,638,128
It’s the hot item this Christmas.,144,15,2,161,638,644
"Truly, I believe you. Just tell me what happened one more time.",145,13,3,161,638,1188
Outsourced my leg components.,144,15,2,161,638,3081
I was tired of non-functional suspenders,143,17,1,161,638,3652
They’re holding up my suspenders.,159,17,2,178,638,3694
"""I  was  not  delivered  by  a  stork,  I  was delivered  by  drones !!",160,15,3,178,638,5042
Im dissabled. It's technology.,153,14,3,170,638,156
"Sure your they stay up, but how do follow your facepants account.",153,14,3,170,638,1549
What! I just cancelled my order.,137,14,2,153,638,2619
I like my slim fits as slim as possible.,138,12,3,153,638,2787
Do you trust me?,138,12,3,153,638,3191
C'mon! It's Drone-errific!!!! Only fifty bucks....,146,13,3,162,638,1289
My boss swears it's better than Coach.,154,15,2,171,638,1429
Whatya think of my high tech suspenders?,153,16,2,171,638,4161
"When the batteries drain, they still can hold my pants up",137,16,1,154,638,4462
seeing is believing but feeling is the naked truth,154,16,2,172,638,827
I figure I’ll have to be able walk on water to primary the president.,153,18,1,172,638,4336
"The guy at the store told me if I didn’t buy it, he would give me the belt.",139,14,2,155,638,2042
Why limit find my phone to your phone?,109,10,2,121,638,3724
I forgot to prepare for the client meeting so I am going to have to improvise.,131,15,1,147,638,4773
"Eric Stratton, damn glad to know you.",155,16,2,173,638,1565
Drone knock-em til you try-em!,141,12,3,156,638,1957
"I'd say we've moved into the, ""Screw You"" part of the movement, but that's just hyperbole now.",141,12,3,156,638,5357
Spare change for the drone-less?,147,17,1,165,638,503
This isn't on autopilot! How about a donation?,157,14,3,174,638,1021
No more L.S.M.F.T.,134,11,3,148,638,3749
What? What?,141,14,2,157,638,487
It’s okay. Just be yourself.,141,14,2,157,638,3800
Would you give me a hand? I gotta keep these two from propagating.,140,16,1,157,638,4011
"Ignore the drones, we are filming a TV reality show.",140,16,1,157,638,5097
Bill Cosby sent me these,125,14,1,140,638,450
Today's been a whirlwind lemmetellya,135,11,3,149,638,1795
"Hi, I'm Birthright.",133,15,1,149,638,2251
"It's a two for the price of one sale,Buddy!",134,13,2,149,638,3244
Hats are a little easier.,141,16,1,158,638,3908
"Don't ask me, I was born this way.",151,13,3,167,638,100
I am selling drones today.  2 for 1 special price.,129,8,4,141,638,3200
"If robots are going to kill us all anyway, I may as well get my giggles in now",135,13,2,150,638,640
No they’re not suspenders.,143,14,2,159,638,2014
I’m just ridiculous like this so I have an excuse to interact with people,151,15,2,168,638,3735
I think there's a real market for Two for One delivery.,150,17,1,168,638,5353
"Don’t forget, ‘Opporknockity only tunes twice.’",158,18,1,177,638,5018
The Singularity is here: Lift-Belt Beta,137,11,3,151,638,506
I am a walking UFO; but I can also fly. Do you want to join me?,137,11,3,151,638,3415
My son has an interview this afternoon.,143,16,1,160,638,3248
"Am starring myself in a reality TV show, want to have some meaningless conversation for the masses who follow me?",145,12,3,160,638,3632
"Al Franken started this for reporters, 20 year ago.",146,10,4,160,638,3755
I still need a couple more to help me snap them.,152,15,2,169,638,841
"Look on my works, ye mighty, and despair.",151,17,1,169,638,1627
Seriously. #Timesup.,152,15,2,169,638,4588
"I  USED TO  DO  IT  WITH  TENPINS BUT  NOBODY GAVE 
ME  A  DIME.",159,18,1,178,638,3677
We are watching over your belt.,136,15,1,152,638,4875
It's two for one day! I can snoop on your wife and your lover!,144,16,1,161,638,2019
Sell you a selfie cheap.,145,14,2,161,638,3687
"My testicles are drones, bro! They're drones!!!",145,14,2,161,638,3731
I decided I wanted clean travel for a change!!,152,17,1,170,638,4962
Muggles caught up to the Howler technology,138,13,2,153,638,348
We now offer on-demand drone walks,147,12,3,162,638,767
"This is called ""pulling yourself up by your bootstraps"".",147,12,3,162,638,830
"Don't be nervous of technology Cinder Rella,they say the battery life bug has been fixed.",144,18,0,162,638,3638
It's nice not to be strapped anymore.,138,13,2,153,638,4251
Off leash they are embarrassing: somebody hacked the reproductive system.,155,15,2,172,638,2004
"He is liable for the drone, I just use it.",148,12,3,163,638,3602
"Your wearing that, but I'm wearing a thong.",139,13,2,154,638,2451
"Hey,what a great idea",139,13,2,154,638,2519
I'm the newest thing from Amazon.  Just ell me where you want me to go and I'll do the best job interview you can imagine.,141,9,4,154,638,3056
"Tbe right one sends encrypted secure-ish evil messages via Who Cares. The left one cracks the code, sets a 5-year plan for Mueller then flips over to record Trump's howls.  pg",138,15,1,154,638,4146
It's better to know.,131,12,2,145,638,3742
My drones have acrophobia.,148,14,2,164,638,1707
I've invested every cent I own...This is gonna change the world!,139,15,1,155,638,1370
Batteries not needed,142,9,4,155,638,2938
"I have to go, I start my new job some time between November 15th and November 22nd.",141,11,3,155,638,2945
Hey can ya stand back pal ? I’m trying to demonstrate the simplicity of the new drone belt MKII  !,131,14,1,146,638,3917
"Instead of the game, I'LL be on the news.",157,15,2,174,638,5179
This could be the next snuggle.,154,4,7,165,638,2317
"Now this is wha you call ""expert""",140,15,1,156,638,2031
The new trendy thing for suspenders,141,13,2,156,638,5390
"Blah blah blah, blah blah, blah blah blah blah...",169,10,5,184,638,1208
"This way, I don't even need belt! Thanks Amazon.",157,17,1,175,638,552
3D is next.,159,13,3,175,638,3562
Suspenders are so out of style these days.,150,14,2,166,638,2074
Just droning on about drones.,149,16,1,166,638,2804
You will need a good belt,141,15,1,157,638,5067
You are so old-fashioned my friend :D,167,16,2,185,638,216
"It's just plain easier - for instance, I don't have to find a fire hydrant.",133,14,1,148,638,927
How'd you like to be the first person to invest in the Manned Unmanned Air Vehicle (MUAV)?,133,14,1,148,638,1316
Help! My suspenders have been hacked!  Spare some change to help me avoid this tech bro wedgie?,160,13,3,176,638,3538
"This is the latest in ""belt and suspenders""",125,13,1,139,638,2772
What's expensive is the manual labor.,151,14,2,167,638,2637
"Bro you look like my dad, belt and shoulder harness and all, get with the program bro.. pants ride high, shoulders stay loose and relaxed.. these babies even double as mobile wifi stations.  So awesome, the future is now bro.",152,12,3,167,638,3037
Adios Amigo,152,12,3,167,638,4594
That's some weird graffiti on the curb down there.,145,9,4,158,638,3853
Don’t worry. One word. Keto,142,16,0,158,638,3964
These make sure I don't nut in November.,144,11,3,158,638,4117
Got a piece of chalk?,142,15,1,158,638,4856
You don't need cash. I take Via.,160,15,2,177,638,1599
They’re pure bred instructive. I picked them up from the shelter.,154,10,4,168,638,256
"If you can't beat them, join them.",151,16,1,168,638,1481
The suspenders are holding up the drones.,128,9,3,140,638,3843
Hovering is great fun! You should try it!,143,15,1,159,638,1794
They are lowering me down into the next Legos movie.,153,14,2,169,638,2382
"See, if you join the FEDDDEX (Federal Drone-Delivery Express) you won't need to wear those suspenders.",145,13,2,160,638,2279
Unidentified man is retained with new state-of-the-art drone technology from NYPD.,145,13,2,160,638,3555
Beats wearing a belt.,136,14,1,151,638,4203
"I love flying, but the fares are too high and I am a voyeur.",130,9,3,142,638,2394
Why wouldn't you want to appear in my 3-D biopic?,146,13,2,161,638,4807
"Yeah, not only do my pants stay up, but they have lasers too.",146,13,2,161,638,5370
"Hey, Bob, what do you think of my new veloraptor robots?",165,11,4,180,638,4211
i go my way by myself...……....,138,12,2,152,638,1434
It stops the jests about wearing suspenders.,139,10,3,152,638,3601
"It's my Diet Plan's guarantee: If I like my pants, I can keep my pants!",165,13,3,181,638,1843
wow this sucks,146,15,1,162,638,1579
Your pants will stay up AND you'll be stylin'!!,156,14,2,172,638,2557
"MEET MY EYE-LINE, JIM!",139,12,2,153,638,4540
Take my hand.We'll  be dropped off at a cartoon bank.,123,8,3,134,638,5240
They close their eyes whenever they're not doing their job.,129,15,0,144,638,1540
..a lifelong ambition...n I made the drones out of wax!,157,14,2,173,638,2819
There’s no wax. I’ll be fine.,141,10,3,154,638,241
High tech suspenders.,139,14,1,154,638,1914
How do you like my litter pants?,138,16,0,154,638,2309
Actually I only use them when I wear my baggy tweeds!,140,12,2,154,638,5282
"See, suspenders are no longer superfluous for
 Amazon's Personal Delivery",121,14,0,135,638,687
French drones. They always suspender.,149,13,2,164,638,36
COINTELPRO's been suspended.,149,13,2,164,638,3520
Welcome to the 21st century.,147,17,0,164,638,5189
"It's the new ""Technology Fashion"" craze. Drone you keep up with the times?",158,14,2,174,638,2333
I use them usually during my break.,165,19,0,184,638,4563
WITH THESE SYNCHRONOUS DRONES I CAN AIRLIFT MYSELF TO ANY PART OF NY,141,12,2,155,638,3772
Ha! Mine also targets useless belts,150,13,2,165,638,1828
I had lice.  These detect them before they settle in.,149,15,1,165,638,3861
You obviously need to upgrade from walking to flying.,152,9,4,165,638,4689
Talk about suspenders!,158,16,1,175,638,2908
'Seeing is Believing.',133,11,2,146,638,333
Last week I was on the Ed Sullivan Show.,141,14,1,156,638,3993
It was not a true drone. Fire can not kill a dragon,150,15,1,166,638,96
No I've got two. Give me your hand and I'll pull you up.,125,10,2,137,638,4254
"Er,well ... I left the control box at home. They are on control.",169,15,2,186,638,798
"It's my latest invention. I call it ""How to hold your suspenders up.""",154,11,3,168,638,3017
"Yes, I'm just perfecting a model that will spin when attached to suspenders.",135,13,1,149,638,4218
"Yes, Trump is a multitasker.  He glued his hair on while eating a cheeseburger and tweeting""",145,12,2,159,638,2604
My drones's fuselage's shirttail rotor system (my belt) needs a new fan belt.,145,12,2,159,638,4746
When the decals fade it's hard to tell between stop-and-frisk or just another pervert,154,13,2,169,638,3393
"Watch, they add functionality. Drones, number one.",154,13,2,169,638,3465
I'll never get Kananaughed!,127,12,1,140,638,651
"I'm a Democrat, so you have to accept whatever dumbass thing I do...like this.",165,12,3,180,638,808
It’s out of this world,154,17,0,171,638,2641
I was an Amazon No-Pest Strip by Sears until last week.,146,14,1,161,638,1104
"Hey bro, drones are the new swords",149,8,4,161,638,1356
A nice way to keep my pants up. High Tech is here for humans.,148,10,3,161,638,4372
I'm Flyderman. Good to meet you!,148,10,3,161,638,4739
I feel pretty Zen.,138,11,2,151,638,367
What to do when your drone remote control runs out of power.,137,13,1,151,638,416
"I have attached to two video projectors to the wall, then to my pants.",159,9,4,172,638,1329
"In a world, where shaking hands with a man attached to drones is a normal thing.",148,12,2,162,638,5090
These are way better than rolled up newspaper when they don't behave.,138,13,1,152,638,1460
Best way to keep my pants tight,129,12,1,142,638,4202
"Sorry, Gary, I won't be splitting that can fair anymore.",168,12,3,183,638,2172
Hair gel is definitely not an option.,150,10,3,163,638,2878
It’s all the rage.,148,14,1,163,638,3933
capitalism be like,139,14,0,153,638,4617
"... and, yeah, they're potty trained.",160,11,3,174,638,2169
"These are the 21st century version of pets, don't you know?",159,13,2,174,638,3564
"Okay, it sounds harsh but its easier to pay Amazon with blood than cash.",149,14,1,164,638,62
"Don't fret,  you can still levitate using my 2 custom-made drones if you are less than 60kg...",143,7,4,154,638,2106
It's the latest look in high - tech clothing.,140,13,1,154,638,4399
"Oh these Drones are great. Not only does soaring 'above' the jammed packed traffic cuts my commute time in half, the propeller blades make great nose hair trimmers!""",132,10,2,144,638,5098
"Trust me, everything's gonna be just fine",143,9,3,155,638,432
Who needs a belt when you have loyal servants...yeet.,142,11,2,155,638,1589
I'm a two drone parent.,142,12,1,155,638,2065
I’m droning out the sound.,160,15,1,176,638,4549
Suspender? I hardly know her.,142,13,1,156,638,522
It's suspended refrigeration.,143,11,2,156,638,4638
PT gig. FT pay.,142,15,0,157,638,5194
What did you expect when you moved into the Pibal Belt?,161,17,0,178,638,2794
They've flown six miles today!,144,13,1,158,638,537
Taking droning on to a whole new level.,136,10,2,148,638,1949
It's the latest in designer fashion.,164,15,1,180,638,4880
"Uhm...thanks, but I don't believe my suspenders are willing.",136,12,1,149,638,3486
I,149,7,4,160,638,914
They're really fun when you wear suspenders.,147,13,1,161,638,4205
test,158,12,2,172,638,420
My service drones. From Amazon.,148,13,1,162,638,4888
"It's called ""White Glove"" Drone Service!",161,8,4,173,638,1448
They're fighting over my braces! Better watch out for yours.,159,12,2,173,638,2437
It's the latest upgrade since ellen Show underwear...and faster!,128,13,0,141,638,1067
"Tom, tensile strength is key; I couldn't do this if I hadn't bought the best suspenders on the market.",140,12,1,153,638,587
My name IS Tom. How did you guess?,140,12,1,153,638,945
"Drones are automatically adjusting my suspenders! You can have this too, when you sign up for this great deal! An adjustable-rate vacation timeshare!",140,12,1,153,638,2287
It’s the latest trend with suspenders.,131,12,0,143,638,857
These are the latest fashion statement in suspenders!!,153,9,3,165,638,1179
They're h,151,13,1,165,638,1778
Let's forget this world.,132,11,1,144,638,4340
They return with a balanced menu,156,8,3,167,638,4973
The new Protecto Drone.  It has 360 vision and comes fully loaded with buckshot.,134,9,2,145,638,4647
It's time to trade in your vintage for high fashion.,133,11,1,145,638,5057
I'm on my way to hollywood!,154,14,0,168,638,2143
Drones do a great job getting me dressed.,124,10,1,135,638,4481
Haven't you heard?  Superman has gone out of style.,155,13,1,169,638,1276
"I'm doing a study of male pattern baldness, and these drones do a great job of capturing images in a crowd.",135,11,1,147,638,3107
"I'm a Super Hero in training. I call myself , ""The Whirligig Man.""",146,12,1,159,638,4611
"Where the, britches at?",146,12,1,159,638,5345
Thus Mankind eliminated the wedgie barrier.,147,12,1,160,638,3028
"It's just an MVP Jake, jut wait until I hit market-product fit.",146,14,0,160,638,3209
"Wearing these suspenders I don't look like strapped to the chair with vertical seat belts, unable to eject.",138,9,2,149,638,837
"Hi, you ordered same-day delivery of used glasses?",157,15,0,172,638,66
"I'm from Asia, and the White House had these extra drones to spare!",159,13,1,173,638,1468
I  saw  this coming at  least forty years   ago.,159,13,1,173,638,3582
So this I should what I’ve been droning on about...,139,9,2,150,638,4702
"She called it the “hyper-belt,” but think of it as The Stepford Wives in reverse.",150,12,1,163,638,2273
I should have known better than to carry around billiards balls in my pockets when wearing my green felt pants.,141,9,2,152,638,4574
Square nipples are nothing to be ashamed of!,153,8,3,164,638,4346
"GPS, face and voice recognition, 18 hours flight time and super fast charging time; right, Mom and Dad?",120,7,2,129,638,3513
I had to find a way to keep up my pants. Those pesky belts aren't worth the trouble,163,11,2,176,638,2438
I'm a belt and sus-spinders kind of guy.,141,11,1,153,638,1842
Does your wife tell you you're not ovservant?,143,7,3,153,638,2498
"It’s more than catches the eye , when you consider my own lenses , the glasses , and the cameras that cover the political spectrum...",165,11,2,178,638,2744
When you have to watch all angles,164,13,1,178,638,3360
De goils really luv it!,143,11,1,155,638,1128
I think I’ll need 58 moreI,155,10,2,167,638,1300
"I was trying to think of another use for my suspenders.""",154,14,0,168,638,1815
"Hup, hup, hup, hup, hup!!",155,12,1,168,638,1915
These suspenders really suspend!,146,13,0,159,638,4129
Let's just grab a coffee to go. I've only,147,11,1,159,638,4699
"Matter fact, I think you better call da-rone",148,9,2,159,638,5073
I may get charged if they lose charge.,147,13,0,160,638,2464
"Uh 1, Uh 2, Uh 3, Uh hi Tom, Uh 4",137,10,1,148,638,2293
You never have to worry about beer gut!,160,14,0,174,638,4731
"Hey Man, give me an hand please. They want put on my pants!",139,10,1,150,638,3961
"Let's shake on the deal, my word is my bond.",151,11,1,163,638,627
"I'd like to introduce you to my new product, Belt X",139,12,0,151,638,2439
"h ,mgkju",141,10,1,152,638,4045
Old survivor-New Survivor,141,10,1,152,638,5333
The biggest meeting of our lives and you iron your pants like a try-hard jackass!,154,11,1,166,638,40
no pudding today?,153,13,0,166,638,896
"It's called Suspendered Encounters . . .Win, it' s big prizes . . .Lose, snip, snip . .. You are wearing underwear, right?",142,12,0,154,638,1226
I recommend you buy at least a dozen.  Use one to scout for hotties and the rest to fly you there.,144,12,0,156,638,3670
"It's the feed, buddy, it's all about feeding the stream.",170,10,2,182,638,4720
Keeps me from creating nicotine stains on my shorts.,158,11,1,170,638,1019
No hand plate twirling is my gig.,158,13,0,171,638,1193
"It's so rad, dude. Whenever I take my pants off, even for non-jacking-off purposes, the drones start filming me and streaming it to my Twitch followers, thereby keeping me honest in my pledge to the Proud Boys.",147,10,1,158,638,2374
"Steve was down on his luck when John approached him with drones holding up his suspenders, offering him a business deal. Ten years later, and Steve has still never seen a dime of that money.",148,10,1,159,638,3554
Wow! These drones do help.,151,4,4,159,638,4287
"Hey, my friend！Which do you want to watch?",161,11,1,173,638,2469
Lame-oh,148,12,0,160,638,2663
Test Caption,163,9,2,174,638,431
December wedding sounds great.,163,11,1,175,638,464
I can deliver packages while lowering my on-scale weight decreased .,150,12,0,162,638,806
Wanna make a drone strike on this DI-YICK?!,141,9,1,151,638,4697
"Give me ten dollars, then go ahead and stick your fingers in.",157,4,4,165,638,2471
"- This new belts can make you fly.
- But I am ok with the old one I wear, you sold it to me two day ago.
- Well, it fits you (thinking to himself... I had them for years,thank god people like this guy exist)",182,10,2,194,638,350
"If you had told the truth, we woun't have broken your arms.""",169,13,0,182,638,2918
You will stand  here forever?,145,9,1,155,638,4374
Come fly with me. Exotic booze?,144,11,0,155,638,5109
I'm happy that the drones found you before I did,146,9,1,156,638,3552
You seriously don't have a drown by Apple yet? Get with the times.,160,12,0,172,638,1912
Mesmerized-by-droning Syndrome,163,6,3,172,638,4974
"You called for a pickup and delivery? But, this is a prison",148,9,1,158,638,2720
You ar such a clown you must be David Remnick from the New Yorker.,151,11,0,162,638,3421
I could find a belt or suspenders.,126,7,1,134,638,2734
It's hard for them to get back on their feet.,139,10,0,149,638,4317
Nothing,169,10,1,180,638,1564
"Did you see the ""Deckchair Danny"" movie?  Well - I'm doing it with drones, not baloons, and I'll be known as  ""Droning Daddy""!",140,10,0,150,638,2732
The world must know the impression a great man leaves upon the people of this homely burrow.,142,8,1,151,638,5135
"They're the latest trend, you know.",144,8,1,153,638,3128
"Pip,pip...""
""Human first!",165,9,1,175,638,2300
"oh hello you wonderful editors--im still tryin to get one of you get back to me about ""the real story of I Love New', coined by yours truly and made famous by milton glaser's heart logo---he was asked to make that because of the first thing ever sold",153,4,3,160,638,1508
"If the ridge one don’t get ya, then the left one will!",152,8,1,161,638,3487
Want to cut a deal?,157,6,2,165,638,288
"Hey, I'm the Dronester.  You wanted someone to spy on your moms?",155,10,0,165,638,3639
"No, thank you, my feet won’t go until you go.",161,6,2,169,638,4347
"Negative side is no queen bee up there to chase. Positive: don't die, though, after I'm done flying around trying to find one.",152,3,3,158,638,2714
Get on my level,170,8,1,179,638,3650
"Yup, that's right, Wally went down the drain",166,7,1,174,638,3678
Don't worry works got insurance.,171,4,2,177,638,3101
Do YOU think I human on and on and on . . . ?,144,6,0,150,638,2932
