caption,unfunny,somewhat_funny,funny,count,contest,target_id
Still got that new cat smell.,178,91,58,327,640,163
My other cat is a Jaguar.,194,64,70,328,640,1176
I just love that new cat smell.,184,80,48,312,640,885
It's a rental. The jaguar's in the shop.,208,69,59,336,640,4413
It's a Furrari.,207,79,55,341,640,2654
"Trump was right.  If you're rich, they just let you grab 'em.",219,58,66,343,640,4420
Best part is it’s self washing.,198,87,49,334,640,721
"Statistically, it's much safer to be up here than down there.",207,89,51,347,640,4493
Mousebroken !!,208,90,51,349,640,449
"This is, of course, the final item on my bucket list.",212,72,57,341,640,3104
Who hailed a tabby?,193,81,47,321,640,3363
I called a cab but...auto-correct.,216,53,64,333,640,3279
It's okay. He's mouse broken.,205,93,47,345,640,681
Watch the dog's face when I ride by.,208,76,52,336,640,1419
"First,  find a really really stupid cat . . .",201,77,48,326,640,4772
Listen to this baby purr.,212,83,50,345,640,1607
Keep your friends close but your predators closer.,187,86,40,313,640,2249
The Jaguar is in the shop - this is a loaner cat.,226,86,54,366,640,576
When it purrs it feels like a Harley,214,72,54,340,640,2220
"Once you learn how to use a can opener, they'll do anything you want.",196,61,51,308,640,600
It was the dog's idea.,179,75,40,294,640,577
She says she's taking me to meet my maker. How cool is that?,208,84,46,338,640,1441
This is nothing; I've got the dog out shopping for cheese!,210,87,47,344,640,2007
It's easy until someone points a laser at the floor.,227,84,54,365,640,4888
What are you looking at? Humans drive things that kill them all the time.,190,69,45,304,640,972
When you get her up to speed she really purrs.,223,71,56,350,640,4499
It's a loaner. The dog's at the vet.,205,76,48,329,640,3458
Of course he won't eat me. It would destroy his Uber rating.,209,86,46,341,640,2241
My other ride is a jaguar.,214,66,54,334,640,2596
I got a nine lifetime warranty.,208,84,46,338,640,2404
Keep your enemies close.,224,92,49,365,640,2624
I found a website where I could register him as an emotional support cat.,219,80,51,350,640,690
Let's just say there are some pictures he'd rather not have on the Internet.,208,80,47,335,640,3753
She's got 4 on the floor and purrs like a kitten!,207,63,52,322,640,2881
It’s easy as long as no one brings out a laser pointer.,193,72,44,309,640,3729
What could possibly go wrong?,191,82,40,313,640,2838
"If I'm not back by sundown, jiggle the can opener.",204,68,49,321,640,1255
This is nothing. The real trick is herding them.,211,71,50,332,640,4517
This thing really purrs.,214,81,47,342,640,2331
I’m saving up for a Jaguar.,233,70,56,359,640,1015
Turns out we have the same fantasy!,218,71,51,340,640,3123
I'm a little worried about Harold. That just screams mid-life crisis.,219,78,49,346,640,1090
He’s “Mouse” Broken,190,81,38,309,640,3192
Curiosity killed my last one.,215,80,46,341,640,947
Do you mind running in front of us?  I'm in a bit of a hurry.,217,57,54,328,640,583
He was sentenced to community service.,202,94,36,332,640,2060
"Relax, guys, he's mouse-broken.",211,90,41,342,640,389
Did you guys call for a tabby?,222,78,48,348,640,4417
You can’t herd them but they have a surprising aptitude for dressage.,208,59,50,317,640,1219
"He chooses to identify as a horse, and who am I to judge?",238,85,51,374,640,4428
Don’t worry. He’s mousebroken.,224,79,48,351,640,1019
It’s the last item on my bucket list.,191,82,36,309,640,4179
"Sure, it's a step down from the Jaguar - but it's so much more fuel efficient.",212,83,42,337,640,2338
"Relax, he's mouse-broken.",205,79,41,325,640,124
It's a real thrill when she hears the can opener.,202,82,39,323,640,3474
It's all good until she wants to lick herself.,218,76,46,340,640,4823
I just grabbed one like the President said. That guy's a genius.,203,61,46,310,640,4830
Let's just say it wasn't possible before marijuana was legalized.,209,66,46,321,640,4497
I got places to go - hand me a laser pointer.,216,72,46,334,640,2571
He's taking me to dinner.,213,72,45,330,640,474
The mileage isn't bad once you adjust for all the naps.,212,88,39,339,640,1513
He watched Fox News for thousands of hours. Now I can convince him about anything.,208,57,48,313,640,16
It’s a loner. My Jaguar’s in the shop.,196,72,39,307,640,2715
This is my emotional support animal.,214,80,42,336,640,1792
Things sure changed when they legalized marijuana.,217,80,42,339,640,1975
This baby purrs,212,87,38,337,640,332
And you laughed when I took that class on hypnosis.,214,80,41,335,640,3764
"He's vegan, it's fine.",198,78,36,312,640,446
It was easy. I slipped him a Mickey.,216,80,41,337,640,1519
"Better on than in, I say.",197,71,38,306,640,1868
Just listen to that engine purr!,214,72,43,329,640,671
Don’t worry. It’s a service animal.,213,71,43,327,640,3371
I told you I got a furrari,208,78,39,325,640,4789
"No, I haven't tried dismounting yet. Why?",210,71,42,323,640,4037
"When you're a celebrity, they just let you do it.",223,65,48,336,640,556
It comes with a nine lives warranty.,214,83,39,336,640,4457
Listen to the way this baby purrs!,198,71,38,307,640,2698
"I know, I know -- but the helmet made me look stupid.",198,94,30,322,640,3099
"The engine really purrs.""",212,92,35,339,640,481
He's taking me to his place for lunch,208,85,36,329,640,665
Turns out I’m the first one to ask.,229,74,46,349,640,2840
He's taking me out for a bite to eat.,234,87,43,364,640,3881
What could go wrong?,208,72,40,320,640,942
Tabby ho,206,70,40,316,640,3004
"It's  perfectly safe, he doesn't identify as a cat",209,78,38,325,640,2770
Can you hear that engine purr?,206,75,38,319,640,2107
It's actually easier than herding them.,221,85,39,345,640,3913
If you’re famous they’ll let you do anything,225,50,52,327,640,2520
"The safety ratings aren't great, but guys, you should hear this baby purr!",210,88,34,332,640,3326
"Certified pre-owned, but she purrs like a kitten.",224,74,43,341,640,18
He identifies as a horse.,216,72,41,329,640,1959
This could go south real fast – but I’ve never felt so alive!,218,68,43,329,640,4787
He's taking us all out to lunch afterward. I think that's what he said...,226,72,44,342,640,2676
"This, living dangerously?! My other cat is a jaguar.",212,71,40,323,640,2420
"That's not us, the app says our driver is in a white Persian",237,67,49,353,640,2360
Wow. The engine purrs beautifully.,210,63,42,315,640,36
We have a modern relationship,214,78,38,330,640,1278
The President said it was OK to grab one.,232,53,52,337,640,1781
Guide says the tour ends with a play and dinner.,234,63,49,346,640,2768
"Statistically, it's much safer than driving a car.",216,76,39,331,640,4069
"Turns out, all this time it's been just a huge misunderstanding.",211,63,42,316,640,1879
He’s taking me for lunch!,216,73,40,329,640,504
"Trump said to grab one, so I did.",224,57,48,329,640,962
Just listen to this baby purr!,233,79,43,355,640,485
"Don't worry, it's mousebroken.",195,80,31,306,640,2741
She's vegan.,194,76,32,302,640,595
Herding Cats is easier than you think.,231,82,41,354,640,3742
"So I said, “Have you ever been hypnotized?”  And he said, “No, but I’m curious.”",200,72,35,307,640,2849
Listen to that engine purr,218,76,39,333,640,1540
"Once you can herd them, taking it to the next level is easy.",216,77,38,331,640,1753
He’s my therapy animal,214,81,36,331,640,4303
We just want to see the dog totally freak out.,222,82,38,342,640,368
"I could tell you how, but I’d rather you buy my book.",212,90,32,334,640,2986
Don't worry. The next one is coming in three minutes.,213,85,34,332,640,1738
Find one on their eighth life and they’ll do anything!,209,73,37,319,640,4821
It’s a loaner. My Rottweiler is in the shop.,213,79,36,328,640,1874
"He's a tabby, but he identifies as a stallion.",213,59,43,315,640,562
We met on Litter.,234,71,45,350,640,4185
"Should we tell him that no one has returned from the ""free"" ride?",220,59,45,324,640,4062
The key is staying in the blind spot.,191,73,30,294,640,528
It is easier than trying to herd them.,236,75,44,355,640,3387
You don't wanna be around when the catnip wears off.,212,80,35,327,640,241
Reparations.,218,68,41,327,640,2033
Wait 'til you hear this baby purrr,208,79,34,321,640,2994
If you hear a can opener you better hang on.,232,65,46,343,640,1833
Either of you have a laser pointer?  I'm in kind of a rush.,209,51,44,304,640,3428
Only problem is you can never get off.,229,90,36,355,640,4576
It's easier than herding them.,214,63,41,318,640,3676
"It's a new rideshare, 'Puss en Routes'!",204,63,38,305,640,20
Next time I'm getting the jaguar,224,74,40,338,640,4919
"We made a deal - I get to ride him, he gets to eat one of you.",209,81,33,323,640,196
There'll be hell to pay when the catnip wears off.,227,79,39,345,640,1150
It’s a smooth ride until we see a dog,216,72,38,326,640,3828
Ready...release the dog!,214,70,38,322,640,261
It took awhile but now he's mouse-broken.,206,74,34,314,640,3207
It's kind of dull until he hears the can opener.,222,73,39,334,640,2026
What cat?,214,72,37,323,640,4380
"Don’t worry guys, he identifies as a horse.",242,78,43,363,640,4860
My other cat is a dog.,230,68,43,341,640,4605
I can't decide whether to lease or buy.,210,74,35,319,640,3570
"Keep your friends close, but keep your enemies closer.",219,87,33,339,640,2704
We got tired of playing cat and mouse,206,62,38,306,640,3820
"There once was a mousey from Gatt
who smilingly rode on a cat
at the end of the ride, 
young mousey was inside
And the smile on the face of the cat",218,63,41,322,640,657
You have no idea how stupid they are.  I just told him I would make his sandbox great again.,240,61,48,349,640,4723
I've only been thrown once when he had a hairball.,217,76,36,329,640,148
Anybody wanna go scare the hell out of the farmer's wife?,219,70,38,327,640,109
"Yea, I got her used. On her 8th life.",242,76,43,361,640,4247
"There IS a good chance he’ll eat me, but it cuts my commute by 12 minutes",227,75,39,341,640,3345
"Relax, he identifies as a pony.",216,80,34,330,640,3529
"If you have to ask how many kitty treats it takes, you can't afford it.",216,60,41,317,640,3433
Recreational catnip has ushered in a new world order.,224,86,34,344,640,1434
"It cost my husband an arm and a leg, but it's worth it.",248,66,48,362,640,948
"Breaking them isn't too hard, it's herding them that's the real challenge.",225,67,41,333,640,2830
We made a deal...I told him I will reveal how to catch the red laser dot.,216,68,38,322,640,1345
"I swear, this is a legitimate service animal.",212,76,32,320,640,4699
"When they’re on their ninth lives, they start taking penance really seriously",226,73,39,338,640,978
Don't worry...I've taken Uber rides that are way more sketchy than this.,226,67,41,334,640,101
They’re surprisingly easy to tame if you know where to scratch.,229,75,39,343,640,2199
You should hear how the engine purrs.,229,77,38,344,640,2301
"“Saddle-up, boys. They just legalized recreational catnip.”",246,73,44,363,640,146
My other horse is a dog.,222,73,37,332,640,4294
I met him in the alley behind Trump Tower. He’ll believe anything I tell him.,221,61,41,323,640,380
Turns out herding cats isn't that hard.,220,74,36,330,640,46
I got him already mouse broken!,217,80,33,330,640,704
My Persian is at the vet.,222,81,34,337,640,4500
"All you need is patience, understanding, and be a witness to who broke that expensive vase last week.",242,66,45,353,640,501
He wouldn't agree until I told him he could eat both of you.,212,70,35,317,640,3006
"When your famous,you can grab a pussy whenever you want!",221,49,45,315,640,804
"Yeah, well they said Trump becoming president was not possible, either!",239,66,44,349,640,2197
The only downside is that it needs to recharge for 18 hours a day.,230,70,40,340,640,1438
Now run in front of him and let’s see how long I can stay on.,227,73,38,338,640,3749
When I get her going she really purrs!,223,67,39,329,640,2012
Wait'll you see what's riding the dog.,223,72,37,332,640,4080
I just park her in a patch of sun to recharge.,215,74,34,323,640,372
Cuts my commute and life expectancy in half.,201,74,30,305,640,1194
I call it a Cat-ilac.,233,71,40,344,640,4223
My first rodeo?  Why do you ask?,208,68,34,310,640,2924
I can't believe we didn't figure this out sooner.,208,90,26,324,640,4278
The best part of the ride is when the dog gets loose.,204,70,32,306,640,1243
This model came with a 9-life warranty.,223,82,33,338,640,2696
Next week we'll work on getting that pig in the shed to fly.,215,84,30,329,640,3975
I call her 'Fleabiscuit',204,64,34,302,640,1261
"I always say, ""keep your friends close and your enemies closer.""",239,82,37,358,640,3591
"I got the idea when I heard Trump say, “just grab ‘em…”",231,48,47,326,640,2736
Watch when I bark!,220,67,37,324,640,4890
The cat said if I took a test drive there would be a nice meal waiting for me at the end.,224,70,37,331,640,1707
"What, you've never seen an emotional support kitty in training?",193,71,28,292,640,2
He was a rescue.,196,65,31,292,640,1411
"She has a smooth trot and
comes with nine lives or 
ninety thousand miles.",230,69,39,338,640,1157
It's ok - he's vegan,224,81,33,338,640,4036
"Today, we won the rat race.""",247,71,43,361,640,466
"Hey, when you’re a star, you can grab a pussy!",244,60,46,350,640,4090
Told you decriminalizing marijuana had benefits.,207,70,32,309,640,4486
"Herding them isn’t that hard, it’s feeding them where you have to be careful.",223,68,37,328,640,2132
We're herding cats.,233,70,39,342,640,3924
"When you're a star, they let you do it.",241,65,43,349,640,3943
"Don’t worry fellas, he identifies as a horse!",227,68,38,333,640,835
We’re on our way to help a fireman stuck in a tree.,244,67,43,354,640,4926
It's perfectly safe ... he comes from a no kill shelter.,245,73,41,359,640,2637
It's a rescue.,225,77,34,336,640,482
"Don't knock my ride, fellas. This baby purrs.",225,77,34,336,640,2590
You should hear the engine on this baby purr!,227,73,36,336,640,3668
This mouse in New Your City_Smiled as she rode on a kitty._They returned from the ride_With the mouse inside_And the smile on the face of the kitty.,240,58,45,343,640,4572
She corners like a dream and listen to that purr.,237,75,38,350,640,4541
This is his eighth life. He’s mellowed.,202,76,28,306,640,4495
It’s jerry and tom now,208,75,30,313,640,4406
"‘Some whispering, mostly catnip.’",214,74,32,320,640,955
The first step was to find a cat with a mouse food allergy.,213,76,31,320,640,2807
You become friends with the dog.  That's how.,222,66,37,325,640,3682
Therapy animals really do reduce anxiety.,206,62,34,302,640,2377
We’re in the majority. It’s time to start acting like it.,226,77,34,337,640,3409
The dog owed me a favor.,224,89,29,342,640,1082
"No worries, she's a vegan.",224,72,35,331,640,2252
It's actually easier than herding cats.,225,81,32,338,640,1851
This one's a vegan.  Sorry about last week.,246,72,41,359,640,3543
You haven't told me yet what happened to the previous 27 test pilots.,224,69,36,329,640,349
Who called for an U-Purr?,236,61,42,339,640,3571
"Mileage isn't great,but the wow factor is killer.",224,74,34,332,640,4508
"Because I'm a star, I just grabbed the pussy and he let me!",224,60,39,323,640,3604
"The riding is easy, it's the herding that's the challenge.",235,76,36,347,640,1733
"When you've participated in the number of scientific experiments I have, you learn a little about training.",240,74,38,352,640,4526
The best part is all I need to do to steer the thing is point a laser where I want to go.,243,57,45,345,640,1322
It’s a sweet ride until he has to refuel.,227,64,38,329,640,1997
It's not exploitation if I call him a service animal.,227,64,38,329,640,2190
Riding's easy - it's herding them that's tough.,204,66,31,301,640,3706
My other cat is a Persian.,222,71,34,327,640,1452
It's a long story.,224,86,29,339,640,1028
"Once they legalized recreational catnip ...
it was easy.",228,56,41,325,640,1713
"Once I convinced him that curiosity killed the cat, the rest was easy.",217,78,30,325,640,3877
"He responds to ""Kitty-up.""",239,75,37,351,640,4078
You gotta say ‘kitty up’!,210,70,31,311,640,1791
It works like magic until the dog barks.,237,68,39,344,640,539
"Actually, they crave discipline.",231,66,38,335,640,435
"It's the journey, not the destination.",227,82,31,340,640,4665
It's consensual.,211,78,28,317,640,4137
The trick is to always remember your safe word.,228,74,34,336,640,469
"it's pronounced ""U-PURR"" not ""UBER""",229,58,40,327,640,4805
"Of course, at the end of the ride, he still eats me.",231,73,35,339,640,2221
Now all we need is a laser pointer!,261,62,47,370,640,227
I learned how to use a can opener.,226,61,38,325,640,4569
Couldn't resist. She was a rescue.,231,78,33,342,640,1056
Did you ever see such a sight in your life?,221,57,38,316,640,773
He's dependable and gets pretty good mileage — except for when he sees a laser pointer.,213,73,30,316,640,3300
He's on a strict vegan diet.,220,67,34,321,640,312
Who says you can't complete your bucket list?,227,69,35,331,640,2357
This thing goes like a cat out of hell.,215,63,34,312,640,1899
My other ride is a Great Dane.,216,71,31,318,640,3188
Turns out he just wanted to be scratched behind the ears!,193,68,26,287,640,1361
He's a Republican.. keeps those blinders on all the time and goes anywhere I tell him...,252,64,43,359,640,108
How do you like my Furrari?,209,63,32,304,640,830
The trick is finding one on its ninth life.,214,72,30,316,640,1414
The key is to avoid mirrors.,218,83,27,328,640,1793
Sure beats herding them.,220,68,33,321,640,783
I think I’ve solved our cat problem!,220,76,30,326,640,175
Sometimes you have to think outside the litter box.,243,68,39,350,640,4686
I'm still working out the dismount part.,230,91,27,348,640,3280
Her name's Flea Biscuit.,229,71,34,334,640,1970
Check it out. This baby really purrs,220,70,32,322,640,2445
Got him from a little-old-lady...& he still has a few more lives left.,240,76,35,351,640,508
"All this time, we just had to rub their tummies a little.",223,72,32,327,640,568
I got tired of the rat race,218,63,34,315,640,3653
I Added Some Medical Marijuana to the Catnip,222,63,35,320,640,2096
My Jaguar is in the shop and this is all they could come up with for a loaner.,236,81,32,349,640,3671
"Said the mouse on a cat with a blinder,
To two friends who were smiling behind her,
""It's so lovely to ride,
While on top and outside"",
But the cat will laugh last should he find her.",218,60,35,313,640,2892
"What can possibly go wrong, guys?",236,70,36,342,640,289
It's a hybrid.,228,64,36,328,640,331
You just gotta start when they're kittens.,233,89,28,350,640,628
"Barring any unforeseen yarn balls, we’ll be there by noon.",243,74,36,353,640,2913
Kitty-up?,223,68,33,324,640,118
We're going to his place for dinner.,227,65,35,327,640,1089
The farmer's wife is going to freak out when she sees this!,230,59,38,327,640,1622
"Seriously, guys.  Ever since I got out of that maze, I feel like I can conquer anything.",224,71,32,327,640,1886
Its my new therapy cat.,223,54,38,315,640,3435
"If you have to ask the price, you probably can't afford it.",230,67,35,332,640,2786
It's a Catillac,208,73,27,308,640,367
"Yeah, it's a little unsafe, but you should hear this bad boy purr.",229,58,38,325,640,1823
"Okay, now one of you guys run up ahead--I wanna see how fast he can go!",242,67,38,347,640,2329
"Seriously, I don't know why we didn't think of this earlier?",229,90,26,345,640,4324
The dog was a big help.,259,92,33,384,640,4532
When I get there?  I don't know - I imagine I'll run like hell.,263,73,41,377,640,1808
He's not so bad. He just invited me for lunch.,221,76,29,326,640,3232
"Sorry, buddy, this is the fe-line.  The B -Line is across town.",231,64,36,331,640,2177
"Yeah, she really purrs.",237,87,29,353,640,2010
Keep your friends close and your enemies closer!,231,72,33,336,640,1648
"After he drops me off, he promised to take you both out for dinner.",232,70,34,336,640,4679
"If  you're  rich, you can grab one and they won't do anything",232,51,41,324,640,1843
It’s my new Catilac.,213,70,29,312,640,55
I got the video of him peeing on the bed.....,225,54,38,317,640,1066
"I don't know about you guys, but I'm smelling a nursery rhyme here!",239,61,39,339,640,2563
You have to think outside the litterbox.,234,71,34,339,640,3103
"I learned it from Trump.  If you tell enough lies, you can get anybody to do anything.",226,60,36,322,640,2388
We're going after the farmer's wife. Care to join us?,252,78,36,366,640,821
You have to make him believe it was his idea... like our president.,231,66,35,332,640,3519
"If you can get the dog in here, I'll show you the turbo.",252,67,40,359,640,3812
Ubercat,222,73,30,325,640,238
My other cat is a Siamese.,231,79,30,340,640,2655
First step is to raise them on a strict vegan diet.,218,70,30,318,640,203
My emotional support animal.,247,63,40,350,640,786
Cat whisperer.,240,77,33,350,640,2058
We are on a blind date.,228,63,35,326,640,989
Sorry I'm late. She stalled in a sunbeam.,215,54,35,304,640,2367
She's a gift from my husband.,214,56,34,304,640,3464
My other car's a Cheetah,231,65,35,331,640,2722
Take away the distractions and this baby really purrs.,217,74,28,319,640,3314
Purrs like a kitten.,243,81,32,356,640,569
Ha! And humans say you can't herd cats.,232,76,31,339,640,3527
"I know it's kinky, but she's into horseplay.",237,74,33,344,640,2939
"It’s a loaner, my mouserati is in the shop.",237,82,30,349,640,2656
Millions of years and no one ever had the guts to throw a saddle on one of these things.,220,73,29,322,640,1116
Have you ever seen such a sight in your life?,247,70,37,354,640,439
"Actually, this IS my first rodeo.",224,81,27,332,640,4260
My new ride really purrs.,228,81,28,337,640,4195
It's my therapist's idea,240,89,28,357,640,2495
It's a very smooth ride until he sees a dog.,224,78,28,330,640,3873
"Cool, right?  Just one question: does anyone know how long catnip lasts?",190,52,29,271,640,311
Not to worry. She's a vegan.,229,73,31,333,640,4870
"Hey guys! Have you heard of the new ride-share service, Upurr?",218,76,27,321,640,4841
I’d rather ride on a cat than in one.,216,88,22,326,640,4370
It's called thinking outside the litter box.,257,86,33,376,640,3617
3D printer.,239,63,37,339,640,4233
"Turns out, you can just grab 'em and they let you do whatever you want.",229,56,37,322,640,4070
Who called for an Uber?,239,68,35,342,640,4415
He's good for fifty miles or until he eats you.,244,66,37,347,640,582
Just wait until you hear this baby purr!,219,81,25,325,640,826
And yet they have the humans completely buffaloed.,238,75,32,345,640,1481
I'd rather you didn't pet him. He's working right now.,205,74,24,303,640,3394
I just reminded him what happens to the ones who get too curious.,225,63,33,321,640,4588
He's my therapy pet.,229,63,34,326,640,4089
Cat-a-lac...all-terrain and cleans its own chassis,229,71,31,331,640,3260
"He’s quite poor at dressage, but an excellent jumper.",233,71,32,336,640,4878
It's the 2019 Catillac.,242,61,38,341,640,3336
I decided to get out of the rat race once and for all.,230,66,33,329,640,1760
Rides great but parking is impossible,233,68,33,334,640,935
"It’s a game of cat-and-mouse—
I won.",235,64,35,334,640,3830
...but keep your enemies closer.,230,87,25,342,640,888
"On her days off, she rides the dog.",228,80,27,335,640,2439
"Heading back to the hypnotist, need anything?",257,94,29,380,640,2905
Ambien,231,66,33,330,640,3274
I guess you guys must have been in the control group.,235,66,34,335,640,4345
You ladies into bad boys?,223,66,31,320,640,4780
"It’s not quite a Jaguar, but it’s still a nice ride",234,73,31,338,640,4072
She's fast and runs great!  What do I care that the last owner disappeared?,230,73,30,333,640,2726
I'm not exactly sure what to feed him.,233,67,33,333,640,4505
He really thinks I'm the voice inside his head,225,59,34,318,640,4396
When you're a star they let you do it. You can do anything...,221,51,36,308,640,486
Why the surprised looks?  I'm Amish.,242,78,31,351,640,3211
No thanks; we'll walk.,229,64,33,326,640,898
Do you like my Catillac?,228,66,32,326,640,2675
"Don't worry, my insurance covers up to nine lives.",225,56,35,316,640,1271
"This was the easy part, now I'm off to herd Congress.",229,53,37,319,640,4894
We met on kink.com.,220,55,34,309,640,4348
Isn't Amazon great!?,254,56,42,352,640,1131
Just got her tuna'd up and she's purring like a kitten again,237,66,34,337,640,4432
My other cat is a cougar.,223,70,29,322,640,1078
I'm considering trading it in for a Jaguar.,221,58,33,312,640,4414
"So who will never amount to anything now, Janet?",239,67,34,340,640,611
"The blinders are more for his self-esteem, to be honest.",229,79,27,335,640,4196
Find yourselves a dog and we'll be reining cats and dogs.,238,58,37,333,640,3407
He broke like a tabby but he rides like a calico.,209,68,26,303,640,4440
The dealer assured me it's vegetarian.,240,59,37,336,640,649
"Yeah, I voted for Trump.  Why do you ask?",261,54,44,359,640,4895
It is amazing what you can get away with using  catnip and weed.,243,58,38,339,640,1616
"You just have to say ""Kitty-up""",216,64,29,309,640,3221
"First, you have to convince him that he's a horse. 
Then, you have to convince him that you're a human. The rest is easy.",241,64,35,340,640,4837
He lost a bet with the Siamese.,231,76,28,335,640,2389
"When you ride a cat, nobody knows you’re a mouse.",226,78,26,330,640,1124
"Fluffy and I will chase after the farmer’s wife, you two run up the clock.",224,58,33,315,640,189
It's safer than Uber,218,62,30,310,640,4427
"When you're a star, they let you do anything.",211,60,29,300,640,245
The hardest part was opening the tuna,245,74,32,351,640,4614
"In VR, nobody knows you're a mouse.",223,65,30,318,640,3497
"Milk, bread, cheese... anything else?",236,68,32,336,640,610
"They let anyone adopt,
they don’t even ask what you’re going use them for",229,66,31,326,640,3766
It's the greatest invention since sliced cheese.,232,60,34,326,640,4700
It’s amazing what they will let you do when you’re famous,225,66,30,321,640,910
It's important to avoid mirrors.,241,71,32,344,640,1039
"All those cat stories, ""Fake News""",246,61,37,344,640,2275
I'm planning to take them off when we get to my ex's.,242,82,28,352,640,4608
"Some guy named  ""Trump"" said that you could get away with putting your hand on a pussy and well here I am!",238,45,41,324,640,1748
So it turns out the cat's an idiot.,240,62,35,337,640,2932
For such an old model she purrs like a kitten.,237,73,30,340,640,3396
"26,578 “likes” so far",251,66,36,353,640,2535
He went vegan last year.,213,68,26,307,640,2212
What can I say? I'm a cat whiskerer.,235,58,35,328,640,559
"Once I discovered he's vegan, the rest was easy.",241,75,30,346,640,836
"Jump on, before the effects of the cat nip wear off!",225,91,20,336,640,1985
"Kitty-up"" works for me",247,81,29,357,640,1035
I always wanted a Catillac.,253,66,36,355,640,1954
"I call him ""Seabiscat""...",237,69,31,337,640,1780
"Yeah, and the cat you rode in on.",221,72,26,319,640,624
I told you not to eat those mushrooms.,238,80,27,345,640,32
It's a rental,215,68,26,309,640,434
What do you think of the new Catillac?,214,62,28,304,640,2261
It’s the dismount that’s concerning.,206,70,23,299,640,427
The only thing I worry about is the president grabbing it.,251,51,41,343,640,2956
This baby really purrs!,239,72,30,341,640,803
He promised me a ride if I would make him a meal.,217,66,27,310,640,984
"Some idiot told him they let you do anything when you're a star -
and he went out and grabbed himself a pussy...",232,57,34,323,640,1310
I can't believe no one has tried this before,246,71,32,349,640,212
"Say what you want, but it's safer than Uber.",259,71,35,365,640,825
"It gets me from point A to point B, but when my lease is up I'm getting a Jaguar!",227,64,30,321,640,1172
Who knew cats were so bad at poker?,224,70,27,321,640,4559
I'm heading to the dog park.,253,75,32,360,640,4387
He behaves as long as I speak with a dog's accent.,225,57,32,314,640,3491
What he can't see won't feed him.,230,68,29,327,640,3785
It'll make herding them so much easier.,229,70,28,327,640,4328
Check out my Catallac,241,67,32,340,640,139
He identifies as a race horse.,259,73,34,366,640,1919
Now this is what I call house broken.,226,68,28,322,640,2247
Who says you can’t herd cats?,225,70,27,322,640,2305
I am the cat whisperer.,241,80,27,348,640,3712
I’m off to accept my Nobel Peace Prize.,245,64,34,343,640,186
It's virtual reality.  He thinks he stalking a mouse.,240,74,29,343,640,3242
He’s been fixed more ways then you can imagine.,233,59,33,325,640,2518
She’s my emotional service predator.,204,54,28,286,640,3716
It wasn’t easy but he’s now fully mouse trained,240,58,35,333,640,3938
Adding cannabis to the catnip was all it took.,253,66,35,354,640,3195
Heading over to PetCo ... want anything?,202,55,27,284,640,1907
Scientists reveal most common theme in mice dreams,237,82,25,344,640,1444
I bought a can opener.,222,49,34,305,640,2712
"As long as he doesn't roll over, it's perfectly safe.",243,83,26,352,640,4729
The real trick is knowing when she’s going to roll over on her back!,235,78,26,339,640,1912
A trap? How could it be a trap?,240,81,26,347,640,268
"Our therapist said role change might ease the tension.""",237,66,31,334,640,3507
"Once they're broken, they're total pussies.",253,69,33,355,640,3852
"As you can see, he's a Trump supporter.",247,59,36,342,640,2816
Tell mom not to wait up.,230,64,30,324,640,1937
It only works right after he comes back from the vet.,242,74,29,345,640,2004
It's a self-driving cat. What could go wrong?,228,60,31,319,640,2240
The trick is to use alternative facts.,217,61,28,306,640,3096
And when you get her above 60... Wow! You oughta hear her purr!,224,60,30,314,640,3442
I'm safe until I dismount,209,69,23,301,640,285
"When you’re famous, they just let you grab ‘em by the pussy.",249,57,37,343,640,1501
He says the blinders give him 'plausible deniability.',218,56,30,304,640,4857
It's a conservative cat -- it was already into wearing the blinders.,243,53,37,333,640,1971
"I haven't finished reading the manual, but the salesman said fuel wouldn't be a problem.",241,67,31,339,640,1186
He is a vegan from California,247,55,37,339,640,1431
"You control the cat, you control the house.",231,66,29,326,640,4219
Do you by any chance know where the closest litter box is?,236,69,29,334,640,3368
Demouseticated Cat,221,65,27,313,640,2761
The blinders are just ornamental.  It's the LSD that makes this work.,247,60,35,342,640,635
The dog had fleas,231,71,27,329,640,2023
"To London, of course, to see the queen.",237,59,33,329,640,4307
I got the idea from the way Mitch McConnell run s the Senate.,229,54,33,316,640,1530
Herding them is the hard part.,222,60,29,311,640,2315
"Finally, a truly domesticated cat!",223,58,30,311,640,3047
"Yes, this is my first rodeo. Why?",237,77,26,340,640,2960
My therapist recommended it before she disappeared.,227,63,29,319,640,2517
It's zippy but the emissions are terrible.,231,81,23,335,640,3334
Got the basic idea from a Fox News story about Trump and the Republican Party,243,57,35,335,640,4288
I love herding cats.,244,68,31,343,640,4869
"Once he stopped focusing on the obvious,we were good to go.",237,74,27,338,640,1551
She wanted to atone for millenia of feline aggression. I wanted a ride. It's worked out for both of us.,237,74,27,338,640,3856
But the dismount is problematic.,224,79,22,325,640,1751
The hard part was getting her to believe she’s still in charge.,233,74,26,333,640,3325
"He rides fine, but I am a little worried about feeding time.",234,72,27,333,640,4737
"More often dressage, but steeplechase if he sees a good snack opportunity.",234,77,25,336,640,922
She really purrs like a kitten.,238,69,29,336,640,2380
"Three words, cognitive behavioral therapy..",222,80,21,323,640,4113
"Hey. It's carbon-free, sustainable transportation. What could go wrong?",251,74,30,355,640,4410
Wait till the farmer's wife gets a load of ME!,228,73,25,326,640,1795
It’s the next best thing to a Jaguar.,226,77,23,326,640,4374
"36 month lease, no money down and a full 9 lives warranty, how could I pass it up"" ?",226,56,31,313,640,1270
"'Fluffy says that your turn is next--right after lunch.""",235,64,30,329,640,1640
And he thinks it's his idea!,235,61,31,327,640,3893
How's this for karma?,247,63,33,343,640,477
Look what the cat dragged in.,208,68,22,298,640,1069
"Wow, can't believe Jerry made Tom his bitch",232,46,36,314,640,1308
Take my picture. Let's see how PETA comes down on this one.,231,61,30,322,640,891
Turns out the humans already domesticated them,253,82,27,362,640,1225
"Told you if I got elected, I would reach across the aisle.""",231,66,28,325,640,1670
"Vegans, gotta love 'em.",256,68,33,357,640,519
"Look fellas, I’m just sayin’: Be the change you want to see in the world.",265,89,27,381,640,3388
It's really the quickest way up the clock.,234,65,29,328,640,3862
It's great until you have to get off,257,76,30,363,640,2407
"He's my service animal, Muriel.",251,62,34,347,640,3616
"Hey you two, meet Schrödinger's cat. Poor guy is a little confused.",224,51,32,307,640,1317
All I had to do was promise to build a wall to keep the dogs out.,242,72,28,342,640,299
And they said nobody really owns a cat.,237,69,28,334,640,1291
It worked for the GOP.,238,41,39,318,640,1634
You must be Cubby & Annette ; I'm your Uber driver.,221,62,27,310,640,1288
One blind cat. Let's see how he runs.,214,63,25,302,640,3225
"And then I thought to myself - you’re either part of the solution, or you’re part of the problem.",247,67,31,345,640,4708
"Remember guys, he starts to look round, bark like crazy!",245,63,32,340,640,1459
Look who’s blind now.,237,66,29,332,640,356
He lost big in our poker game.,239,62,31,332,640,1002
I don't know how the saddle stays on either.,220,79,20,319,640,961
I see Troy has found a new rider. What happened to that last guy?,259,71,32,362,640,502
Once the catnip wears off we're doomed!,258,60,36,354,640,3577
Anybody order an uber?,246,58,34,338,640,2267
Now we take on the dog.  Are you with me?,238,61,31,330,640,2493
"“A bet is a bet--I hypnotize the cat, you guys get the cheese out of the trap.”",230,64,28,322,640,1710
"Yeah, you should hear her purr.",251,79,27,357,640,3558
"You play your cat-and-mouse games, I'll play mine.",242,71,28,341,640,3402
"So then I thought, why not?",231,68,26,325,640,3485
I've always wanted to drive a Catty.,230,69,26,325,640,4740
"I asked for a rat, but they offered a free upgrade.",222,72,23,317,640,1289
Hey look! I found one with identity issues.,255,76,29,360,640,4603
We won by a whisker!,215,60,26,301,640,2270
"Convince 'em you're a rich celebrity, and you can do anything you want.",243,61,32,336,640,3144
I fed him fake news and now he's mine.,228,52,32,312,640,1005
I get about 20 miles per gallon of milk,248,69,30,347,640,4548
He's giving free one-way rides.,252,66,32,350,640,1026
He can’t eat what he can’t see.,239,66,29,334,640,4695
Just grab 'em by the pussy!,241,36,41,318,640,4055
I say one blind cat is better than three blind mice.,242,78,25,345,640,1785
Don't look so surprised. You just never know what'll show up when you call for an Uber.,240,69,28,337,640,2542
"Trust me, it's okay. He's really just a big pussy cat.",226,71,24,321,640,2311
We met on ancestry.com.,233,57,31,321,640,4777
I'm a cat whisperer.,240,87,21,348,640,378
I know what you're thinking... If I were more risk-averse I'd wear a helmet!,221,68,24,313,640,326
"One day I asked myself:  ""If Republicans can ride blue collar workers to the White House, why can't I ride a cat to the cheese shop?""",223,64,26,313,640,1650
He's Cheshire. That's why I'm riding English.,243,68,29,340,640,3751
"As long as he keeps thinking we're auditioning for a western, I'm safe.",222,71,23,316,640,555
"As long as the sardines last, yes.",235,76,24,335,640,982
We’re gonna take another run at the farmer’s wife.,243,60,32,335,640,1474
Apparently they'll do anything for a belly rub.,235,76,24,335,640,2084
And you should check under the hood! She just purrs!,257,68,32,357,640,4306
I'll be back for you later when we need fuel.,245,48,37,330,640,3800
How do you like my new Catillac?,246,77,26,349,640,511
I just kick and say kitty up,246,77,26,349,640,3473
"And when you’re a star, they let you do it. You can anything...",251,54,36,341,640,3995
"The maintenance is high, but it's worth it for the looks I get.",217,78,19,314,640,3599
"...but on the other hand, I had that motorcycle when I was his age.",239,65,29,333,640,4340
"You just look him in the eye and say, ""Woof!""",208,52,27,287,640,3724
"My proposed entries for this week's New Yorker Cartoon Caption Contest:

""I hypnotized him. So for God's sake, nobody snap your fingers!""",203,49,27,279,640,40
"No problem, she is a vegetarian.",240,68,28,336,640,575
You have to grab them by the pussy.,246,56,34,336,640,838
It really is like herding cats.,241,66,29,336,640,3385
She thinks it's her idea.,249,81,25,355,640,3950
Can we keeep it?,258,68,32,358,640,3445
Don’t worry!  He’s a vegetarian.,221,67,24,312,640,4426
After this lets go milk the dog.,237,53,33,323,640,1575
"Yes, a sports cat may be dangerous but you can’t beat the wind in your fur.",241,76,25,342,640,2192
Great mileage. But I get nervous when he says he needs to stop and 're-fuel'.,245,68,29,342,640,2819
He gave me one wish before he eats me!,251,61,33,345,640,814
We're going to herd cats,252,77,27,356,640,650
All that chasing... he was really just begging to be trained.,239,72,26,337,640,1006
It was a bet and I won.,223,63,24,310,640,4597
He’s cool with it as long as I don’t run out of tuna.,242,71,27,340,640,2375
With enough catnip - anything is possible.,223,65,25,313,640,740
Is this Mouse Heaven or Cat Hell?,237,55,32,324,640,1731
"With blinders, anything is possible in a democracy.",232,52,32,316,640,4607
Grab your own pussy.,239,56,32,327,640,1729
Cat told me he was taking me out to dinner. Care to join us?,233,68,26,327,640,4542
"No fear, he's vegan.",232,70,25,327,640,4662
He knocked a piece of cheese off a trap last night and now he thinks he’s invincible.,236,67,27,330,640,937
It's on my bucket list!,259,75,29,363,640,4725
Can't wait until the cat lovers see this on YouTube,249,64,31,344,640,4234
This is much easier than catching the Greyhound.,242,65,29,336,640,2632
"This is the easy part.  Getting off, however, has its risks.",235,66,27,328,640,310
It's nice to be the 1%.,236,64,28,328,640,1881
Just say it's fake mews.,222,43,33,298,640,3331
"Turns out, we completely misjudged his intentions.",240,79,23,342,640,2502
"See, herding them isn't as hard as they say.",214,82,16,312,640,4865
"Who's the ""Big Cheese"" now?",234,60,29,323,640,237
Don't worry—he's vegetarian.,232,64,27,323,640,1236
What makes you think it’s a trap?,259,64,33,356,640,4798
"This baby purrs like a, well, you know.",240,71,26,337,640,1196
She's a vegan from Santa Monica.,246,59,32,337,640,2933
"It's fine, I have Cat-astrophic insurance.",220,62,25,307,640,393
Nothing to it. He’s a republican.,259,38,43,340,640,2025
Like my new Catillac?,241,74,25,340,640,3984
He's still transitioning.,253,68,30,351,640,2452
"Look, Secretaricat!",257,65,32,354,640,3781
Not exactly what I thought Uber would send but oh well.,228,56,29,313,640,2481
"I just finished reading ""The Power of Positive Thinking.""",238,72,25,335,640,218
It’s just a metaphor.,240,68,27,335,640,3858
The blinders made it receptive to alternative facts.,246,61,31,338,640,2193
"If a cow can jump over the moon, I figured anything was possible.",247,64,30,341,640,3450
"It's the newest model, the engine just purrs.",242,61,30,333,640,3362
I got a 10% reduction on my insurance rates just by adding the blinders.,226,75,21,322,640,2239
He’s Uber. What could go wrong?,225,59,27,311,640,3330
"It's really cool, that is until the catnip wears off.",252,82,24,358,640,3993
We're off to herd cats.,219,58,26,303,640,4650
"Boys, I've successfully manipulated the food chain.",243,69,27,339,640,12
This can’t possibly end well.,245,65,29,339,640,4284
Now this is how you herd cats.,237,63,28,328,640,1672
My other ride is a Chihuahua.,228,68,24,320,640,839
Cowards. You’re all for revolution until it’s time for action.,256,71,29,356,640,1119
"Ironic, isn't it?",242,81,22,345,640,1326
"If you’re rich enough, you can just grab one any time you want!",285,54,42,381,640,391
We thought role-playing might help our relationship?,211,71,19,301,640,1662
"When you are a star, you can just grab one!",257,56,35,348,640,2811
It's called domestication.,248,56,33,337,640,3003
Trust me!  Put fifty on Fluffy in the 4th at Belmont!,231,72,23,326,640,3100
He lost a bet.,235,69,25,329,640,180
"She's very reliable, but spooks easily at the sound of electric can openers!",240,59,30,329,640,884
It was on his bucket list.,222,77,19,318,640,3266
It's perfectly safe- she thinks she's a horse,244,74,25,343,640,1410
"I really wanted the Siamese, but all I could afford was the Calico.....",232,85,18,335,640,2576
"One of you stand behind the finish line, the other make sure the laser pointer is at the ready.",253,66,30,349,640,2608
The revolution is complete.,235,66,26,327,640,3084
I'm off to go herd cats.,261,55,36,352,640,97
I told him there's a caravan of dogs coming and only I could save him.,258,61,33,352,640,4479
Sometimes grabbing the pussy puts you on top.,234,50,32,316,640,4646
Dismounting can be tricky.,231,79,20,330,640,183
"Out of sight, out of mind.",240,61,29,330,640,629
I found that you just have to keep him focused on something other than the fact that he's a cat and I'm a mouse.,241,59,30,330,640,1022
"Don’t worry, this one says he’s a vegan!",240,61,29,330,640,2022
I spiked the catnip.,246,72,26,344,640,2962
When you stop believing stereotypes anything is possible...,203,61,19,283,640,4671
"I'm telling you, pet that spot on their back on you own them!",237,72,24,333,640,2763
"All I had to do was take a thorn out of his paw, and now he's mine!",256,75,27,358,640,3374
Genes are not destiny.,234,60,28,322,640,350
It's a new service - much like Lyft and Uber.  It's called Caxi.,246,59,31,336,640,1805
"Once you herd them, everything else is easy.",267,58,36,361,640,1794
"You can go a long way 
with a little bit of catnip",224,67,23,314,640,4720
It's my life and my decision whether or not to wear a helmet.,240,63,28,331,640,2412
They really just want discipline.,254,81,24,359,640,51
We figured we could get more views on YouTube if we joined forces.,216,57,25,298,640,2158
"I call it, ""Tom and Jerrymandering.""",217,55,26,298,640,2206
Seriously...he has no idea.,215,59,24,298,640,3253
"quick, youtube it!",250,76,25,351,640,4243
He's my emotional support animal AND a means of conveyance.,239,57,30,326,640,4075
"What he can't see, he can't eat.",242,74,24,340,640,2347
Looks like Jimmy is taking his new Catillac out for a spin,240,60,29,329,640,3468
I'm pretty sure you guys are in the placebo group,249,65,29,343,640,1723
Let's ride the dog next.,242,61,29,332,640,2991
They're easy to herd at an individual level,249,70,27,346,640,3397
It's a much smoother ride than the dog,244,80,22,346,640,3494
I've gotten him to ignore seven commands so far!,236,55,30,321,640,1563
"Guys, relax. This one’s never going to see how we run.",244,67,27,338,640,3957
I used the Uber promo code.,260,58,34,352,640,1189
"You see, it pays to reach across the aisle.",237,63,27,327,640,1016
I told him I'm Mighty Mouse and he thinks we are off to save the day,247,66,28,341,640,3126
He's still afraid of the water jump.,259,65,31,355,640,1319
We’ve found a way to beat the rat race.,233,76,21,330,640,418
And then it hit me ... what if it was the cat that couldn’t see ...,240,62,28,330,640,2020
Our mistake was trying to herd 'em!,239,64,27,330,640,2851
You should see my wife's cat. It's a Tesla!,240,67,26,333,640,1287
"He used to live in the White House, got out and applied for sanctuary, and will do anything to avoid being sent back.",237,55,30,322,640,2449
He's taking me to Fancy Feast for dinner.,269,83,26,378,640,4063
The only thing that stops a bad guy with a cat is a good guy with a cat.,221,64,23,308,640,4372
"If you can't beat them, domesticate them.",253,74,26,353,640,3791
We're off to the dog and pony show.,263,64,32,359,640,443
It's definitely a metaphor for something.,256,78,25,359,640,818
What he doesn't see can't hurt  me,249,74,25,348,640,1565
The audacity of hope.,232,62,26,320,640,4079
"Oh don’t worry about me, he’s a vegetarian!”",219,65,22,306,640,1370
Just wait till you hear this kitty purr.,229,73,21,323,640,1464
"It's amazing, you just scream ""Lock Her UP"" and stoke their fears and they will blindly go against their own best interests to serve your power.",238,60,28,326,640,188
"I'm not wearing a helmet because a concussion is only the second worst case scenario""",240,61,28,329,640,2368
"Yeah, I  worry more about dogs now.",236,69,24,329,640,3730
Domestic breeds are rated safer and more economical than the imports.,246,77,23,346,640,1969
I’ve gotta go. My tabby’s here.,229,65,24,318,640,4032
Turns out herding cats is easy.,232,59,27,318,640,4145
He signed up with Uber to earn a little extra cheese.,254,66,29,349,640,2611
"I know, I know, he's a Leo and I'm a Taurus but we make it work.",243,70,25,338,640,1644
Don't worry - she wants to go vegan.,243,70,25,338,640,2751
Look at the asshole on that cat.,266,52,37,355,640,1244
I found incriminating pictures on the internet!,221,68,21,310,640,3042
I'm ok as long as I don't squeak.,226,63,24,313,640,784
"He says one more ride, then it's lunchtime.",233,54,29,316,640,195
Riding is the easy part. It's putting on the harness that's tricky.,221,78,17,316,640,3916
"I know it’s dangerous but you have to admit, it looks badass to ride one",231,68,23,322,640,2094
We're off to make a cute  cat video on Youtube.,241,76,22,339,640,4304
"And this, my friends, is the Art of the Deal.",258,70,28,356,640,60
This is how I'll win the rat race.,248,67,27,342,640,1998
The all new 2019 Catillac,231,50,30,311,640,2106
key is to remain downwind,244,80,21,345,640,1877
Just set your Uber settings to “vegan” and you’ll be fine.,257,54,34,345,640,2169
Now we disarm the traps.,238,69,24,331,640,3661
I've got to see a man about a horse.,247,79,22,348,640,386
"Long story short, I convinced him to go vegan.",236,78,20,334,640,2781
Well look what the cat dragged in,259,60,32,351,640,1483
The immediate problem is what do I feed him.,239,77,21,337,640,3463
We're going on a cheese run. Any requests?,257,69,28,354,640,155
He told me to just sit on his back and he’d take me to a huge amount of cheese.,264,60,33,357,640,1782
This is easy. It’s the mounting and dismounting that’s scary.,231,70,22,323,640,4684
I suppose I'm putting the cat before the horse,250,65,28,343,640,1290
"First, The Cats, then The Cheese, then...The World.",225,59,25,309,640,2718
It's my new Attorney General !,240,62,27,329,640,711
It's like the Republican idea of bipartisanship.,246,50,33,329,640,2644
"He asked that foreign hairdresser to put a little mousse on his back.""",261,53,35,349,640,1537
I took a thorn out of its foot.,246,55,31,332,640,2678
"What, cat got your tongue?",232,55,28,315,640,234
Guess what? You CAN teach an old cat new tricks.,228,63,24,315,640,384
"Wish me luck, I am off to win the rat race",231,57,27,315,640,3824
I control the catnip....,230,64,24,318,640,1020
He is not happy about losing that bet,270,78,27,375,640,4552
Catnip is a hell of a drug.,264,67,30,361,640,1263
What's wrong? Cat got your tongues?,250,67,27,344,640,3510
That old saying about herding cats—it’s so not true.,235,69,23,327,640,4677
Anyone wanna try? The catnip will wear off soon.,239,66,25,330,640,744
"I was going to train a dog, but I decided to challenge myself.",213,62,21,296,640,1463
It took me a while to get him mouse broken. The blinkers helped.,244,61,28,333,640,1550
I told him I was heir to the catnip fortune,253,63,29,345,640,1033
The hardest part was finding a cat that thought he was a horse,247,75,23,345,640,4281
You have no idea how much you can learn about cats on YouTube.,236,74,21,331,640,817
Emissions? Kinda fishy...,241,69,24,334,640,1903
"If you raise them from a kitten, anything is possible!",255,74,25,354,640,924
"Well as you can see, he was no good at catching mice",247,67,26,340,640,1384
Getting on and off is the tricky bit.,230,73,20,323,640,1522
"Once I got him on catnip, the rest was easy.",231,71,21,323,640,3141
Cats were our best friends before fake news.,239,55,29,323,640,4794
My Siamese is at the vet!,253,65,28,346,640,2594
"Once they get over the humiliation, they're pussycats.",251,69,26,346,640,4889
B.F. Skinner would be very proud of me.,252,72,25,349,640,2765
"Don't expect me back soon. After I'm done exercising the cat, I have to feed the snake and sharpen the farm wife's carving knives.",256,64,29,349,640,2853
A little weed works wonders.,227,56,26,309,640,1046
It's ok—his owner raised him a vegan.,235,45,32,312,640,971
I told him the dog's my uncle.,246,61,28,335,640,3467
He's already lost all credibility in the cat world.,232,56,27,315,640,4859
I was listening to an NPR story on How to Train Your Cat and said 'why not?',251,56,31,338,640,587
Turns out you just have to scratch their bellies.,242,79,20,341,640,279
"It was easy, I just followed Putin's steps on ""How To Control Trump"", and it works on cats too!""",257,54,33,344,640,2289
It's amazing what speed-dating can lead to,252,64,28,344,640,3609
"If he doesn't eat me, I'll rate him 5 stars.",256,61,30,347,640,3459
10 miles per mouse and purrs like a kitten.,276,59,35,370,640,4558
"Hey ladies, check out my new Catillac.",246,53,31,330,640,4364
I thought you were getting him a bike for Christmas.,259,65,29,353,640,1558
"Once the catnip wears off, it will be one wild ride",243,69,24,336,640,4485
We just needed to overturn the dominant cultural paradigm.,249,57,30,336,640,4868
Taming by the shrew.,246,68,25,339,640,2735
it's the ability to tame and train the beasts that separates us from the animals,232,68,22,322,640,2400
Our safe word is tangerine.,254,62,29,345,640,2878
With enough catnip you can make them do anything.,254,72,25,351,640,398
Why should we always be the blind ones?,259,67,28,354,640,1391
Choose your irony,242,63,26,331,640,428
They become real pussycats once you break them.,227,60,24,311,640,726
It's a cliche for a reason - keep your friends close and your enemies closer.,225,65,21,311,640,4353
"Sure, the squeaky blinders, all-season paws, and catnip-free fuel all ensure that he handles like a dream, but the heated seat alone is to DIE for.",230,59,25,314,640,3528
It's called Upurr.,248,66,26,340,640,78
What he doesn’t know won’t hurt me.,232,60,25,317,640,17
"""It's shaved 30 minutes off  my daily commute.",227,70,20,317,640,403
"Worried? Are you kidding? Listen, I could stand in the middle of 5th Avenue...",235,59,26,320,640,684
All I got to do is stay on for 8 seconds and I win.,230,69,21,320,640,991
"Alright, kittyup.",234,71,21,326,640,490
"When you're a star, you can do anything.",218,65,20,303,640,3426
"It is a dangerous job, herding cats.",225,61,23,309,640,1635
"Since he's famous, Mickey just walks right up and grabs 'em.  When you're a star, they let you do it.",254,51,33,338,640,3312
Dont get off toward the front.,252,60,29,341,640,997
All fun and games until it decides to climb the drapes!,261,62,30,353,640,1417
He's pussy-whipped.,243,55,29,327,640,3500
They are paying me $20 to take part in this lab study.  You should sign up too.,262,65,29,356,640,3056
The rodeo starts when I pull off the blinders.”,243,60,27,330,640,929
This is how you grab 'em by the pussy.,251,49,33,333,640,3178
"Maybe they can't be herded, but they CAN be broken.",225,68,20,313,640,4648
It's a paradigm shift in the game of cat and mouse!,253,60,29,342,640,3701
This is easy!  The hard part was getting the blinders on.,253,65,27,345,640,655
The newest model is able to wash itself.,252,72,24,348,640,468
I wanted this ride in black but the dealer said it was unlucky.,211,58,21,290,640,2235
I called Uber and this is what I got.,236,56,27,319,640,2573
"The ride is great, but a ""flying dismount""  is less for show than for survival.",240,53,29,322,640,4678
We're off to herd some cats!,243,52,30,325,640,674
"It has a low safety rating, but this baby goes from 0 to 60 in two seconds.",243,62,26,331,640,2077
Blinders AND catnip.,223,74,17,314,640,2255
So far we've knocked over 3 wine glasses and 2 Christmas trees.,230,60,24,314,640,3553
She is a nice ride until she gets hungry.,236,58,26,320,640,3727
So let's reach across the aisle just this once--what's the worst that can happen?,236,63,24,323,640,3415
It’s easy! You just tell them you can make America great again!,247,46,33,326,640,3748
It was her idea. She wants to be a YouTube star.,243,64,25,332,640,1324
It's the logical conclusion of the #MeowToo movement.,226,50,27,303,640,4809
"Apparently, it's been a false narrative all along.",227,58,24,309,640,2339
He's high on catnip.,225,67,20,312,640,2906
Your Uber driver is here!,252,71,24,347,640,3985
"When I want an adrenaline rush, I take the blinders off.",232,58,25,315,640,3878
Does a rat on a cat trump a cat in the hat?,238,56,27,321,640,2457
"It's amazing what reins, blinders, and heavy sedatives did for our relationship.",265,70,27,362,640,1578
"On a lark, I searched ""kitty blinders"" on Amazon.",241,60,26,327,640,25
I had to learn how to whisper without squeaking,239,64,24,327,640,3389
This ain't my first rodeo.,243,71,22,336,640,376
...and it's eco friendly; runs on catnip.,246,65,25,336,640,441
Amish barn cat.,248,61,27,336,640,3137
"I know, but if he sees a bird he goes nuts.",246,70,23,339,640,3783
Don't you just love the purr of a new engine?,245,77,20,342,640,1080
The trick is to keep your back straight,253,76,22,351,640,2433
"Remember, NEVER try this without the blinders.",231,57,25,313,640,3095
"It's nice that cats can be service animals now, too.",233,58,25,316,640,2127
He seems nice enough but I'm a little afraid to get off.,228,68,20,316,640,3001
Found the catnip.,229,71,19,319,640,3887
I told him he could eat both of you for giving me a ride!,270,62,31,363,640,760
He turned out to be a real pussycat.,231,77,17,325,640,2634
"Schrodinger's cat is a safe ride-sharing experiment, until he's not.",277,53,36,366,640,3490
It's a mouse-and-cat game.,241,62,25,328,640,366
I told him I'd build a wall against invading dogs and now he'll do anything for me.,242,60,26,328,640,844
"Whiskers knew the mice were taking advantage of him, but he couldn't shake his dream of running in the Kentucky Derby.",243,58,27,328,640,1496
Safer than an Uber!,243,63,25,331,640,2544
He won't be able to see how we run.,226,54,25,305,640,3695
The blinders are critical.,253,73,23,349,640,618
You wouldn't imagine how much trouble it was to find a saddle my size.,256,72,24,352,640,408
"He thinks he's a horse, but I'm not questioning it.",223,65,20,308,640,1145
Just download TabbyCabby. It's an app!,264,61,30,355,640,1653
We bet on the midterm elections.,237,52,28,317,640,324
"With the right accessories, herding cats really isn't that difficult.",234,65,21,320,640,1218
He's actually just a big pussy.,231,69,20,320,640,3720
Canned food twice a day and an airtight no-neuter agreement.  It’s a win-win!,238,55,27,320,640,4818
You call Uber,236,64,23,323,640,99
It makes for a better ride if they're vegan.,242,57,27,326,640,405
See?  They just need clear boundaries!,238,65,23,326,640,581
What's a matter? Cat got your tongue?,236,69,21,326,640,4122
Hard to handle? Once you get him going he purrs right along.,242,67,23,332,640,2246
Yes -- THAT rich.,246,64,25,335,640,2188
"First I sweet talk 'em, then slip the blinders on.  Learned the technique watching Trump rallies.",258,45,35,338,640,743
"When I get off, all hell breaks loose!",256,59,29,344,640,4003
Dip the bit in catnip and he will put the bridle on himself.,261,64,28,353,640,2988
Wanna share an Upurr?,227,54,25,306,640,2471
It's after midnight. Don't tell him that he's not a horse and I'm not Cinderella.,269,58,32,359,640,4025
The Doberman owed me a favor.,278,65,31,374,640,2899
Getting on and off is the only tricky part,230,73,18,321,640,1021
We’re going to visit the queen!,237,59,25,321,640,3823
"Relax, we’re professional lab mice, and this is Pavlov’s cat. It’s a single blind, controlled experiment...",247,54,29,330,640,1182
Our mothers were very close.,257,59,29,345,640,849
One blind cat sure beats the heck out of three blind mice.,255,63,27,345,640,3478
My therapist suggested exposure therapy.,257,64,27,348,640,1388
The elephant was too skittish.,265,53,33,351,640,4528
"It's ""Giddy-up"" and ""Whoa"", just like the dog.",218,59,21,298,640,3193
My blind date's taking me to dinner!,226,63,21,310,640,3743
Now who’s the blind one?,237,56,26,319,640,1835
They finally domesticated cats.,237,56,26,319,640,4806
We finally took back the House!,252,51,31,334,640,231
"Irony aside, these things handle amazingly well.",248,74,21,343,640,691
Guess I'm the cat's meow.,252,71,23,346,640,24
Check this out!  I gave him an Ambien!,257,61,28,346,640,3094
"Oh, I guess he's taking the FE-line.",233,61,23,317,640,497
"Lucky for me, this is his fetish.",234,59,24,317,640,3778
How long before you think we'll hear from PETA?,239,59,25,323,640,1869
"Hop on, we're meeting his family for lunch",242,53,28,323,640,4762
Community service!,238,66,22,326,640,3942
"I know what you're thinking, but with Uber and Lyft jacking up their prices I'm willing to risk it.",237,68,21,326,640,4193
Catnip is the great equalizer.,235,72,19,326,640,4267
Secretaricat,239,69,21,329,640,3580
Beats scampering.,247,58,27,332,640,548
The saddle was relatively easy.  It was getting the blinders on that got Mickey.,247,58,27,332,640,2415
Now THIS is what I call playing cat & mouse!,246,60,26,332,640,4021
I heard those things are real death traps.,245,67,23,335,640,1972
Don't worry...it's not Uber Eats,253,56,29,338,640,4480
What it can't see won't kill me.,254,79,20,353,640,3418
Those self-help seminars are wildly effective.,208,48,23,279,640,4465
I call him Secritaricat.,228,53,25,306,640,1641
I love typos. They tried to order a house cat.,233,58,24,315,640,4133
That stuff you've read about cats and mice is fake news.,233,68,20,321,640,4342
"Well, I’m off to my high school reunion!",254,46,33,333,640,374
I have harnessed the ability to pussyfoot.,250,54,29,333,640,545
He's undergoing a mid-nine lives crisis.,250,69,23,342,640,1229
Hello ladies,260,59,29,348,640,3813
I let the cat out of the bag and here I am!,262,65,27,354,640,2925
"It's not a house cat, it's a mouse cat.",256,77,21,354,640,4228
"Once you break them, they purr like a kitten.",269,66,28,363,640,19
"You know, just because we're blind doesn't mean we can't ride horses.",227,52,25,304,640,4437
"On the Intercat, nobody knows you're a mouse",235,41,31,307,640,951
I’ll be back when she decides it’s time.,240,46,30,316,640,4404
Can I keep him?,234,63,22,319,640,3106
We're going to chase the farmer's wife.,237,62,23,322,640,134
you just need to project an air of supreme confidence,236,64,22,322,640,1742
"This is English, but I can also ride Western.",238,60,24,322,640,2225
I called Uber and this is what they sent.,250,51,30,331,640,3987
The hard part is getting on.,241,69,21,331,640,4160
Look what the cat dragged in boys. Me.,246,69,22,337,640,1521
Enjoying my last wish,247,67,23,337,640,1682
All you have to do is download the app.,251,64,25,340,640,1297
We’ll be back when he’s hungry.,260,46,34,340,640,3364
Now it’s truly the blind leading the blind.,258,55,30,343,640,2200
UBER and PETA settled out of court ... get on!,260,66,26,352,640,3581
You guys want anything from the kitchen?,232,44,29,305,640,1979
I'm going to see how he runs. See how he runs.,227,64,20,311,640,2992
The only problem is getting off.,229,70,18,317,640,952
"Nah, it was easy. They keep the Prozac right next to the catnip.",237,59,24,320,640,641
You just lead it where it wants to go.,242,54,27,323,640,3361
Hardest part is putting the blinders on.,239,60,24,323,640,4822
And you laughed at me when I signed up for hypnosis in college.,238,67,21,326,640,258
"And I asked, ""why not?""",244,60,25,329,640,4152
You guys get back to the stable. Those litter boxes aren't going to clean themselves.,251,61,26,338,640,194
It's not like I'm trying to herd a bunch of them.,247,69,22,338,640,2024
The only way to free yourself is to take control of your fear.,251,66,24,341,640,1168
Did either of you order an Uber?,255,63,26,344,640,1908
I figure this experiment will be a lot more fun than the ones we usually face in the lab.,252,69,23,344,640,4319
Watch and learn boys.,259,70,24,353,640,2866
We got tried of the rat race.,265,63,28,356,640,4383
It has 300 horsepurr.,273,57,32,362,640,54
If I weren't a cartoon this would probably kill me.,246,53,28,327,640,159
It was a bet. She had the Dodgers in seven.,244,57,26,327,640,168
This only works when they're on their ninth life.,224,52,24,300,640,494
The blinders help. She thinks I'm a chihuahua.,271,73,25,369,640,1350
"OK, fetch the laser pointer.",260,65,26,351,640,2717
It's just like riding a carnivorous bicycle,252,66,24,342,640,2909
One blind cat is better than Three Blind Mice!,255,65,25,345,640,3132
She's perfect safe.  Just listen to that engine purr!,227,61,21,309,640,3337
"On a cat with blinders, no one knows you're a mouse.",221,73,15,309,640,4352
No worries! He was rated four stars on Uber!,263,64,27,354,640,4395
Dog and pony has nothing on us.,263,56,30,349,640,3963
"All that time running, and it turned out he was the one who wanted to be caught!",258,61,27,346,640,3031
"Well, I'm off to the birds of prey convention.",252,68,23,343,640,2508
"The only difference is I say ""Kitty Up!"" instead of ""Giddy Up.""",244,79,17,340,640,3395
Craig's parents knew they'd never see him again once his uber arrived.,250,62,25,337,640,4245
What they don’t see can’t hurt you.,241,70,20,331,640,4158
Only seems crazy until you do it.,238,71,19,328,640,115
I told him he'd go viral.,242,58,25,325,640,4758
And he thought we were blind!,233,61,22,316,640,133
He gets more pussy than any mouse I’ve ever seen,244,34,35,313,640,908
"...except in this case, if you don't get right back in the saddle, you get eaten !'",228,66,19,313,640,4617
I'm handling the 'cat's away' part...,228,61,21,310,640,65
I finally have an edge in the rat race.,230,52,25,307,640,2798
"Yeah, payback's a bitch.",227,53,24,304,640,1933
I told him we had a compromising litterbox video.,220,57,21,298,640,1499
Amazing what you can accomplish with catnip and a little positive reinforcement.,273,68,27,368,640,4429
"Really, they're not that bad, once you've domesticated them.",255,79,19,353,640,2011
"Judge me all you want, but the mileage on this thing is incredible.",254,66,24,344,640,3516
"Just call me ""the Cat Whisperer""",254,56,28,338,640,623
Just try to stay in his blind spots!,243,73,19,335,640,1418
It’s quite safe. He’s catatonic.,240,79,16,335,640,2395
The odds of getting in a car crash are way higher,242,65,22,329,640,4033
"C’mon, it’s just like riding your greatest fear.",246,57,26,329,640,4675
"Be careful, he can't see me, but he can see you...",242,60,24,326,640,1705
He didn't go into specifics but the dealer assured me it runs on organic fuel that's abundant in our community.,240,64,22,326,640,2148
Isn't this the cat's meow?,238,63,22,323,640,1844
"He was just about to eat me, and we got to talking, and before we knew it, we realized that we both shared a keen interest in Equestrianism!",234,66,20,320,640,2382
That Tony Robbins seminar was totally life changing.,243,48,29,320,640,3704
What? I found these in Sessions' office after he left. Guess he didn't need them anymore.,233,58,23,314,640,1518
When you're a star you can do anything..he just walked right up and grabbed it!,243,38,33,314,640,1905
"Gotta face your fears, man.",263,75,22,360,640,3161
Staying on the saddle is easy. Getting the blinders on was the hard part.,251,69,22,342,640,3317
I bet Geico doesn't cover that...,258,50,31,339,640,3541
Herding cats isn’t so difficult if you have the right mount.,245,66,22,333,640,2673
Dismounting is going to be the tricky part.,240,76,17,333,640,4257
After six long years we finally took back the house.,245,56,26,327,640,74
It works better when we aren't the blind ones.,245,56,26,327,640,3171
The blind leading the blind,243,55,26,324,640,340
They call him The Cat Whisperer.,240,61,23,324,640,551
They are nowhere near as smart as you would think.,236,64,21,321,640,778
Therapy's really helping me take control of my felines.,242,52,27,321,640,4834
Did you call for an uber?,227,57,22,306,640,2093
"""On the advice of our therapist, we negotiated our boundaries.""",219,68,16,303,640,4503
It isn't cruel - they like to work!,262,59,28,349,640,329
He's cool.  He just ate a canary.,244,75,18,337,640,2390
You said get some pussy.,254,45,32,331,640,2621
Only drawback is you have to keep it pointed upwind.,244,60,24,328,640,2744
It's a Purrus,243,57,25,325,640,3780
The biggest problem was getting it to eat hay.,242,54,26,322,640,2242
I just want to say one word to you.  Catnip.,236,61,22,319,640,3465
"Actually, it's quite easy once you get the catnip dosage right.",233,57,23,313,640,4802
I know a guy.,226,66,18,310,640,4833
"I know the saddle is superfluous, but it does add to the humiliation.",262,61,27,350,640,797
"We're cartoon mice, we always win over symbolic oppression.",259,57,28,344,640,713
How do you like my new catillac boys?,249,67,22,338,640,4854
"They're the best. I've passed 3 dogs, 2 cat toys and a cucumber. Not even a twitch.",242,76,17,335,640,292
You gotta love this Virtual Reality stuff!,250,60,25,335,640,1451
He wanted a pony but his mom said no.,250,60,25,335,640,1686
"All I can say is ""Kittyup!""|",250,55,27,332,640,3573
"Doesn't respond to a damned thing, actually. But this beats getting eaten.",241,63,22,326,640,489
It's the new self-cleaning model.,241,63,22,326,640,2396
Guess what she uses for fuel guys?,244,57,25,326,640,2475
"Actually, it's a great job.... My only fears are (1) Uber switching to driverless cats and (2) his meds wearing off before my shift is over.",243,54,26,323,640,2328
and he thought we three were blind,237,56,24,317,640,3625
Hope nobody has a laser pointer handy,237,51,26,314,640,4240
And you thought hypnosis was a sham.,224,67,17,308,640,1473
Uber!  Who knew?,230,55,23,308,640,1885
The didn't want a dog and pony show.,230,40,29,299,640,187
What doesn't kill you makes you stronger.,261,75,21,357,640,3871
He handles much better than my dog.,215,65,16,296,640,4392
Want to take a spin on my Mouserati?,249,59,25,333,640,2694
"All you need is a dream in your heart, the determination to pursue your passion and some super glue.",240,72,18,330,640,4376
We're going out for dinner.,244,54,26,324,640,1663
"No worries, I’m a cat whisperer.",232,68,18,318,640,2353
They don't call me the cat whisperer for nothing.,231,65,19,315,640,410
No eye contact is the key,261,87,16,364,640,3200
But you can herd WITH a cat.,227,63,19,309,640,3784
This guy is a total pussy,257,65,24,346,640,2603
It will be OK until I run out of sushi-grade tuna.,253,68,22,343,640,1803
She wonders if you'd like to come for dinner!,252,70,21,343,640,2510
"It's legal here now. Just make sure you buy Fancy Feast, cannabis flavor.",248,53,27,328,640,855
"When I rev her up, she purrs like a kitten.""",247,55,26,328,640,4468
"I convinced him my name is ""Curiosity.""",244,56,25,325,640,2584
"Sidesaddle? Nah, that would look ridiculous.",241,52,26,319,640,1609
Getting on is easy; getting off is the hard part.,268,70,24,362,640,1213
I just gave him catnip. This was HIS idea.,239,51,26,316,640,1356
I suggest you stay away from my cheese.,240,49,27,316,640,2691
"First prize, as you all know, is a Catillac.",267,62,27,356,640,3239
"We lost the first four prototype mice, then we put the blinders on.",263,65,25,353,640,1948
Total pussy.,262,67,24,353,640,3875
"You say 'mixed-breed' - I say 'hybrid.""",219,66,16,301,640,1764
The hypnotist course paid off,253,65,23,341,640,639
Bet all the cheese.,250,51,28,329,640,1036
I tamed my fear.,249,53,27,329,640,4598
"Once you get to know him, he's just a big pussy cat.",240,66,20,326,640,3569
Uber for mice,249,43,31,323,640,580
We're going to have fun with the dog!,238,60,22,320,640,1275
"Now that she has been stuffed, I am living my fantasy.",235,61,21,317,640,210
"He only offers one-way trips, but the price is unbeatable.",256,66,23,345,640,1511
Until recently I never appreciated how important peripheral vision is.,247,74,18,339,640,4207
I know I look awesome but he’s stuffed,253,62,24,339,640,4470
It's so he can't see the dogs.,253,57,26,336,640,1722
It beats herding them!,249,60,24,333,640,812
You guys want to come over and watch me feed him?,271,63,27,361,640,2915
And I get great meowlage!,236,71,17,324,640,3649
Jerry and I have been going to couples counseling.,215,51,21,287,640,4748
"He was tired of the old cat and mouse game, so we're trying something new.",242,54,25,321,640,229
Like the new ride? You should hear it's purr.,241,56,24,321,640,2173
And you guys said that hypnotism class was a waste of time.,265,65,25,355,640,2772
The blinders option was highly recommended.,242,49,27,318,640,3262
I’m sort of a thrill junkie.,232,64,19,315,640,807
They threw in the side blinders with the 9-lives warranty,237,54,24,315,640,3472
"And the best part is, I've got him thinking we're making America great again!",265,50,31,346,640,834
He said it would be the ride to end all rides! And it's free!,258,59,26,343,640,1517
"When it's time for us to come back, just open a can of something.",253,69,21,343,640,2201
Evolve.,252,61,24,337,640,4874
This one gets 10 blocks on one bowl of food.,243,74,17,334,640,1961
So. What do you think of the new world order?,246,68,20,334,640,3068
It's amazing what LSD mixed with catnip can do!,268,71,23,362,640,122
"I got a book on hypnosis from Amazon; until some idiot snaps his fingers, she’s Sea Biscuit, and we’re in training for the Kentucky Derby.",269,64,26,359,640,1193
"Hey, when you're a star, they'll let you do anything!",251,43,31,325,640,592
Karma,241,63,21,325,640,3147
He thinks I'm a kitten,267,58,28,353,640,746
"I'd give you guys a lift, but my ride says he only wants to have dinner with me.",265,62,26,353,640,3305
"Yes, he's house broken. We're on our way to the litter box.",237,61,21,319,640,2931
I call it a Catillac by General Meowtors.,243,44,29,316,640,4074
"As long as I don't squeak, I'm fine.",255,67,22,344,640,176
Who’s blind now?!,258,61,25,344,640,1167
Can we keep him if I promise to clean up after him and feed him?,256,60,25,341,640,3548
He's terrified of curiosity.,246,70,19,335,640,3605
I guess it's probably safer than that Ford Pinto he was driving around for a while.,244,59,23,326,640,584
Who knew?,245,57,24,326,640,3654
Which room doesn't have a mirror?,264,66,24,354,640,1095
"""It's amazing what you can do if you show no fear.""",237,68,18,323,640,1556
"Boys, wish me luck!  On my way to meet with the Farmer's wife.",264,61,26,351,640,2294
Still think motivational posters are stupid?,235,57,22,314,640,3700
Getting the blinders on is the hardest part.,232,58,21,311,640,86
I don't really want her to see how we run...,234,54,23,311,640,2322
Did you ever see such a sight in your life as one blind cat?,231,60,20,311,640,3482
It's more of a mouse-and-cat game now.,268,75,21,364,640,1104
Uber for Sebastian?,256,52,28,336,640,2014
They're more afraid of us than we are of them,241,77,15,333,640,2292
"Trust me, guys. This is how they did it on YouTube.",268,65,25,358,640,2383
"i'm going into town, need anything?",244,61,22,327,640,1554
"Pardon me, do you have any Grey Poupon?",244,56,24,324,640,2234
"It'll be ok, just don't get ahead of me.",260,66,23,349,640,4801
"I found her on Craigslist.""",236,67,18,321,640,2787
"We’re into bondage, leather, and the occasional hairball.",242,50,26,318,640,2332
"He moved my cheese, so I removed his sense of dominance.",238,58,22,318,640,4779
It beats taking the subway.,251,74,18,343,640,2920
Never seen an Uber cat?,254,68,21,343,640,4077
He's the cat whisperer.,254,63,23,340,640,598
I told you he was domesticated.,257,57,26,340,640,880
I broke his spirit the same way Trump broke the Republican Party.,240,44,28,312,640,1443
We got bored with playing cat and mouse.,249,68,20,337,640,3928
It's a start-up!,251,64,22,337,640,4773
The hardest part was getting him to switch to oats.,271,66,25,362,640,293
"In the end, it just took some belly rubs and letting her sleep on the windowsill.",251,59,24,334,640,59
"I don't know Jerry, this seems like a bad idea. Not even the humans have successfully tamed that beast.",233,48,25,306,640,365
Just don't ask me what he eats.,249,58,24,331,640,3612
This could be a paradigm shift in the cat and mouse game,247,62,22,331,640,4446
"With a bit of devisive rhetoric, I demonized the dog and we're on the same side now.",226,57,20,303,640,4696
Who’s not seeing how we run now?,248,55,25,328,640,4001
We just simply believe that our friendship transcends history,246,54,25,325,640,965
It's the best way to win the rat race.,252,42,31,325,640,1199
We're finalists in the Cat and Mouse Games.,260,63,24,347,640,2065
He lost his bet on the midterms.,270,43,34,347,640,3904
Who says you can't teach an old cat new tricks?,259,60,25,344,640,224
For some reason I just don’t trust Uber.,247,42,30,319,640,4556
Don't act like you can't SEE this!,237,57,22,316,640,316
It's carbon neutral.,253,62,23,338,640,3025
I also turned him into a vegetarian.,249,70,19,338,640,3191
Three mice on a blind cat - what a great selfie!,237,52,24,313,640,4907
"See?  I told you guys it's nurture, not nature.",244,75,16,335,640,957
Put $2 on Catbiscuit in the 4th.,232,52,23,307,640,4354
No playing while I'm away.,265,65,24,354,640,266
He's really just a big pussycat.,263,69,22,354,640,3765
"That was easy, he's watching Fox News",267,56,28,351,640,62
That which does not kill me makes me stronger.,238,72,16,326,640,2307
Who says cats can't be trained.,241,61,21,323,640,4134
"When I pull the blinders, run like hell!",242,59,22,323,640,4906
Don't worry.  The app says you can trust the driver not to eat you.,261,58,26,345,640,3888
He promised it’s a dinner date!,243,52,25,320,640,79
Three blocks of cheddar says he'll be dead in the morning.,239,60,21,320,640,396
Schroedinger said it was ok,243,52,25,320,640,523
It lasts an hour and he drops me off at the Plaza.,257,61,24,342,640,939
He likes my position on milk subsidies.,259,57,26,342,640,2207
Sometimes you're the bug and sometimes you're the windshield.,253,69,20,342,640,2780
"Now, who's the big cheese?",239,55,23,317,640,199
Xanax!,260,50,29,339,640,1442
"Pretty much puts the whole ""nature vs nurture"" thing to bed, don't you think?",254,62,23,339,640,1579
Easy. He's a Trump supporter. I told him I would build a wall to keep out dogs.,220,51,21,292,640,2919
After the maze he's taking me to Fancy Feast for dinner!,214,63,15,292,640,4513
I slipped him a Mickey.,255,55,26,336,640,633
"I hypnotized him, he thinks he's a horse.",248,69,19,336,640,3816
I know where she really likes to be scratched...,230,63,18,311,640,1059
"Three blind mice, huh?  Fake mews!",241,41,29,311,640,2844
I told you; the squeak shall inherit the earth,246,68,19,333,640,1932
Mom!  Dad!  I trained him myself!,241,73,16,330,640,709
"...and when he purrs, it just like having a massaging recliner.",233,52,23,308,640,3758
Should we tell him what happened to her last passenger?,243,64,20,327,640,736
Don't tell him.,257,68,21,346,640,2766
He's an Uber cat.,246,53,25,324,640,4738
"Yeah, it's a new app, UberCat.",227,54,21,302,640,2982
Why herd them when you can tame them?,256,65,22,343,640,209
I'm training him to herd cats.,259,59,25,343,640,1171
I'm loving Uber's expansion into new business markets!,239,52,24,315,640,706
I got the idea from a TED talk.,233,64,18,315,640,3804
"It's fun, but he's eating me out of house and home.",266,67,23,356,640,1140
She wants to play with me before she kills and eats me.,251,60,23,334,640,2358
"Alright, now! We'll see how HE runs.""",238,49,25,312,640,2236
"Relax, he thinks he's a horse.",251,55,25,331,640,475
she thinks I'm the dog,249,59,23,331,640,2606
Wish me luck.  On my way to herd some cats.,232,56,21,309,640,2707
"Yes, I have a purrmit.",238,71,16,325,640,248
"It was easy: I just convinced him that he's a god, not a cat.",262,55,27,344,640,1786
"If  he'd won the bet, I'd be a grilled mouseburger.",256,67,21,344,640,1981
It’s really not more dangerous than a car.,263,53,28,344,640,4921
Amazing what you can get away with when others have blinders on!,272,67,24,363,640,3168
"As long as the blinders keep him from seeing anything but Fox news, nothing can go wrong. And we get a tax cut.""",245,52,25,322,640,3683
"The time has come, gentlemen. We shall no longer be oppressed!",232,73,14,319,640,1177
Role play keeps us fresh.,240,57,22,319,640,2626
I'm trying out a new ride-sharing service.,256,57,25,338,640,4444
They just need to be domesticated.,220,60,17,297,640,513
The riding part is fun.  But getting the saddle and bridle on can really be a bitch.,237,58,21,316,640,2620
"It's the post-truth era, guys.",238,51,24,313,640,3642
My cat whisperer course really paid off.,247,60,22,329,640,979
I convinced him that this was better than the rat race.,243,68,18,329,640,4164
Are you guys really seeing this or is it the brownies we had this morning?,233,51,23,307,640,3895
No one ever asked before.,268,77,19,364,640,845
"I'll admit there's a certain ""man bites dog""  aspect to it...",224,64,16,304,640,93
It's field work for a lab residency I'm doing at M.I.T.,258,55,26,339,640,2777
If it wasn’t for the dog I could ride him outside too,252,67,20,339,640,4056
They're virtual reality blinders. He thinks I'm George Washington.,244,51,25,320,640,455
"I know what you're thinking, but he says it's a big step up from his last job at the White House.",227,53,21,301,640,3760
"Three Tom and Jerrys in the saucer, and he was all mine.",253,55,25,333,640,843
This isn't an elephant?,235,59,20,314,640,2092
The hard part is hitching up the wagon.,257,69,20,346,640,2623
"Thanks, fellas - we'll go back. Totally forgot the helmet.",259,60,24,343,640,402
Just act like you are in charge.,262,54,27,343,640,3480
"Well, he did eat Jeff and Priscilla, but once we got the blinkers on he just turned into a big pussycat!",254,65,21,340,640,3715
Don't dream it. Drive it.,256,61,23,340,640,4566
"At first I was just going to bell the cat - but then I decided, why not go for broke?",245,51,25,321,640,321
Turns out we are the exact right size to be jockeys.,240,61,20,321,640,1387
How do you like my new Catalac?  Fur-lined exterior and purrfect 9-life motor.,249,43,29,321,640,1724
Tell Jerry I win.,249,43,29,321,640,4453
"Like I told ya, once we can talk, anything is possible.",243,55,23,321,640,4766
"The funny thing is, the dog version was a complete bust.",267,66,23,356,640,4391
"Wise up, guys. Alternative realities are all the rage.",264,72,20,356,640,4509
I got tired of waiting for the cat to be away!,241,54,23,318,640,557
I saw Jerry doing this to Tom in a past cartoon.  What could possibly go wrong?,249,66,19,334,640,2041
Just think of this as the GOP and me as Trump.,277,63,26,366,640,613
One blind cat sure beats three blind mice,256,46,29,331,640,3360
"Turns out, the fun was all in the chase. We reached a compromise.",232,64,16,312,640,1386
I told you we should have paid the extra five dollars an Uber X.,246,56,23,325,640,406
It's his idea. We watched a lot of westerns this week.,246,56,23,325,640,1541
He said he wanted to work together to increase bipartisanship.,241,66,18,325,640,3226
It's sensitivity training.,256,63,22,341,640,1696
Herding cats of course!,265,72,20,357,640,4761
I’m an old cathand  from the Rio Grande,255,60,23,338,640,2769
"The first step is herding them, and then you just keep adding to the training.",237,64,18,319,640,4091
Relax; you're in my blind spot.,234,65,17,316,640,694
"And just like that, herding cats became a breeze.",249,62,21,332,640,80
I told him my other cat was in the shop.,266,82,16,364,640,1008
HE BET THE DODGERS IN THE SERIES.,226,49,22,297,640,3170
"As long as she can't see who's riding, we're safe!",233,62,18,313,640,1606
Kids today and their pimped rides.,250,55,24,329,640,3544
"All you have to say is ""Kttyup!""",249,57,23,329,640,3689
Craigslist kink sites are awesome!,259,64,22,345,640,1836
The Three Blind Mice disband after one decides to pursue a solo career.,262,58,25,345,640,3110
Just don't get around front where he can see you.,246,58,22,326,640,4836
"Yeah, but it decreases in value the second you drive off the lot.",270,64,24,358,640,3412
It's a lot easier if you find a blind one.,250,45,28,323,640,2454
I’m a hypnotist and he thinks he’s a Clydesdale. It’s amazing ehat you can learn on YouTube.,236,68,16,320,640,1942
"Some call it neutered, I call it cat-nipped.",268,58,26,352,640,1989
"What's the matter, cat got  your tongue?",238,64,18,320,640,3406
Of course it's safer than Uber,255,57,24,336,640,4317
The food chain is simply a mindset ladies.,264,61,24,349,640,4369
"The humiliation scene was his idea ... but I have to admit, I kind of like it.",241,53,23,317,640,4711
"I'll tire him out first, then we can raid the kitchen.",271,69,22,362,640,3231
Did you know Kibble now comes with marijuana?,250,57,23,330,640,1920
A little cat nip goes a long way fellas!,242,73,15,330,640,2825
The trick is getting the blinders on.,252,70,18,340,640,4356
"Before the blinders, we just kept going in circles",240,67,17,324,640,1064
I told him it will help avoid curiosity.,253,63,21,337,640,512
"It took some work, but my scurrying days are over.",241,60,20,321,640,1329
Let's just say it was a lot of cheddar,237,68,16,321,640,3796
No country for old mice.,232,51,22,305,640,3593
It wasn't hard to do. I Googled it.,236,65,17,318,640,4287
"I know you'll miss your brother, but someone had to put the bridle on.",234,42,26,302,640,1107
Beats scurrying!,249,61,21,331,640,3143
"Hypnotism is easy, the real  art is to know just when the trance ends.",254,51,26,331,640,3981
We've reached a compromise.,250,81,13,344,640,1715
"Take it easy fellas, he's a vegetarian!",225,55,19,299,640,1763
The rat race has now become a cat and mouse game.,225,55,19,299,640,4600
Caught him napping.,249,56,23,328,640,1205
I got him from the Police Auction!,252,51,25,328,640,3067
I'll write when I find work.,243,68,17,328,640,3216
They’re not as hard to train as you might think.,262,79,16,357,640,2230
"Yes, he's service, not comfort",257,62,22,341,640,2666
"It's like Uber, but it only takes you to your final destination.",250,49,26,325,640,1239
Who's the alpha now?,266,66,22,354,640,2237
Want to ride-share?,249,73,16,338,640,2785
He's gone vegan!,254,63,21,338,640,3032
They banned horses in Central Park.,246,53,23,322,640,810
I wish he would at least wear a helmet,245,54,23,322,640,2612
This is Snowball getting his chance in Hell,242,60,20,322,640,3866
"I win if I stay on for 30 seconds after Mom says, ""Here, Kitty, Kitty!""",226,65,15,306,640,1582
You can't imagine the difficulty in saddling her.,255,56,24,335,640,1316
"After the catnip scandal, his racing days are over.",241,57,21,319,640,4088
"Mouse whipped, for a change.",251,59,22,332,640,2203
"Relax, this cat has a 5-star ride share rating.",246,69,17,332,640,2559
"Remember, as long as it's within the 5 Boroughs, he can't refuse.",228,56,19,303,640,4222
"They may take our cheese, but they'll never take our freedom!!!",252,52,25,329,640,58
Now who's blind?,255,68,19,342,640,3744
"Well, dressage was a bit of a challenge.",245,61,20,326,640,2285
"As long as you're the one up here, you're safe.",242,67,17,326,640,3116
This is nothing. Next week I'm teaching him to make a cheese soufflé.,248,55,23,326,640,3493
Hi there fellows! wanna ride my Furrari!,249,48,26,323,640,2946
We're entering the Purreakness.,240,66,17,323,640,4212
And he's trained to find cheese!,256,56,24,336,640,3561
Phase two will involve herding.,255,58,23,336,640,3628
Better to herd and not be seen.,266,58,25,349,640,315
"And the best part is when I get to say ""Git along little doggie""",229,61,17,307,640,1514
He was amazingly easy to train once I said he'd get more views on social media.,246,49,25,320,640,2243
I want to go see the farmer's wife and re-write history.,249,65,19,333,640,145
Check out my new fur-rari!,253,57,23,333,640,4209
The hard part was deactivating its sleep mode.,254,55,24,333,640,4573
Who's the blind one now?,264,57,25,346,640,774
Never say never.,256,73,17,346,640,850
"It's good for about an hour, then it needs to charge for 23.",226,62,16,304,640,1545
I’m taking this one for a run after the farmer’s wife.,255,70,18,343,640,2121
In the land of blinders a mouse is king.,260,60,23,343,640,4649
You should try this new ride-hailing app called 'Mouser.',275,74,20,369,640,750
I'm being taken for a ride.,251,51,25,327,640,3582
This brings new meaning to the term “pussy whipped”.,243,67,17,327,640,3587
"I'm telling you: domesticate these things, and we'll rule the world.",242,64,18,324,640,2256
"If you want to go faster, you just say kiddy-up.",247,54,23,324,640,3045
"On my way to the kitchen, want anything?",274,66,23,363,640,4667
Two words: Taxi-Cat,279,73,21,373,640,4349
"Get your affairs in order. 
We ride at dawn.",233,50,22,305,640,2088
It is a smooth ride so long as you do not mind the frequent stop for naps.,253,54,24,331,640,158
"Now, I'm certain to win the rat race!",247,66,18,331,640,303
He said he’s changed!,255,50,26,331,640,1878
"Party at the Farmer’s wife’s place, you guys want a ride?",231,49,22,302,640,3304
"Who's blind now, bitch?",257,41,30,328,640,3775
"The balance of power has shifted, friends! Are you in? Or are you out?",256,65,20,341,640,2948
Once I got him hooked on catnip- he was all mine!,265,69,20,354,640,1482
They'll do ANYTHING for catnip.,256,60,22,338,640,816
My other cat is a Brazilian Shorthair.,246,58,21,325,640,4736
Psst...I told him it would go viral on YouTube.,268,53,27,348,640,4482
"Once I got a saddle on him, the rest was easy.",242,61,19,322,640,622
"Don't be scared.  Deep down, he's a complete pussy.",236,51,22,309,640,354
"I told him we were pro-milk, and he totally bought it.",228,45,23,296,640,359
Ignore the fact that he's orange. He's trainable.,283,62,26,371,640,465
The golden doodle was just too high maintenance.,250,62,20,332,640,763
Underneath the gruff exterior he's really just a pussycat.,242,56,21,319,640,4717
"I don’t know what you’re putting in her cat food, but don’t stop.",260,59,23,342,640,2105
"The good news is, it's a great ride. The bad news is,
he gets to eat you when it's over.",254,49,26,329,640,811
"It's an election bet, Tabby here thought Trump would keep the House.",235,65,16,316,640,781
"It’s simple. First, tell him he’s GREAT, next tell him he’s the best leader ever and most importantly, convince him that fake-news outlets will run the story non-stop for a week straight.",243,49,24,316,640,2408
"Face your fears, Gentlemen !",255,64,20,339,640,499
I told him I know how to build a better mouse trap.,224,60,16,300,640,2459
"Not much, just heading to the river to visit the scorpion and the frog.",248,73,15,336,640,138
"The next time anyone tries to move my cheese, I'll be ready.",255,59,22,336,640,1420
She says she's taking me to her food dish.,253,63,20,336,640,2340
Once you get them accustomed to the saddle they're really quite manageable.,248,73,15,336,640,4442
Pre-Blind Mice,241,65,17,323,640,132
It’s a diversion from playing with those little wooden traps.,243,61,19,323,640,3769
I recommend getting the safety feature package.,246,72,15,333,640,100
"You look surprised, cat got your tongue?",244,54,22,320,640,13
See! That nursery rhyme is fake news. It wasn’t us that were blind.,242,58,20,320,640,840
He really didn't have much choice once his nine lives were up.,267,69,20,356,640,1462
I went to see Oprah and she was giving out cats.,249,61,20,330,640,775
I just said he’d be assisting the blind and he bought it.,249,61,20,330,640,1421
Who said they can't be trained?,252,55,23,330,640,2002
Vote for legalized catnip.,252,55,23,330,640,3851
Retirement from the lab has been great.  Just went out and picked up the cat of my dreams.,258,60,22,340,640,4760
"Well, they're not headphones, or you'd be dinner and dessert.",243,68,16,327,640,3057
Wait till you see me hogtie the dog!,251,52,24,327,640,4083
He thinks he’s Elon Mousk.,265,63,22,350,640,4326
I won the election bet,246,57,21,324,640,3399
It’s amazing what you can do with a little catnip.,258,72,17,347,640,1837
He thinks he has a monkey on his back!,274,57,26,357,640,2562
I guess no one has told him he was adopted,247,50,24,321,640,3681
I'm training her for the catwalk.,246,64,18,328,640,3386
He’s high on catnip. He thinks he’s a Tennessee Walking Horse.”,242,50,23,315,640,2165
Just grab your pussy.  You can do anything...,265,43,30,338,640,1799
Always remember to use an English saddle with a British Shorthair.,253,67,18,338,640,4803
They're really not as smart as you think.,234,61,17,312,640,4060
My other ride is a python,253,62,20,335,640,603
"“I wanted a pony, but my folks thought I should start with a kitten”",271,65,22,358,640,2468
This. Changes. Everything!,239,68,15,322,640,397
We're being extra-cautious about distractions. She's already used up eight lives.,259,67,19,345,640,2941
I'm not going to tell him!,243,60,19,322,640,3172
I told you those hypnosis lessons would come in handy.,249,65,18,332,640,3535
Nonsense. Cat’s are happiest when they’re working.,253,57,22,332,640,3789
I told you my major in positive psychology would one day pay off.,232,60,17,309,640,632
You said no to a motorcycle...,245,51,23,319,640,734
Uber had surge pricing.,246,49,24,319,640,3184
"Its just an urban legend that they are difficult.""",232,55,19,306,640,874
She thinks I'm a chihuahua.,277,60,25,362,640,4213
I have him hooked on strong catnip.,256,63,20,339,640,4018
They are not bad. It just depends how you raise them.,261,70,18,349,640,1113
"At midnight I turn back into a mouse, and the steed into an ally cat...uh, what time is it?",266,60,23,349,640,1536
. . . but you really have to stick the dismount!,265,62,22,349,640,3411
This is nothing. I’ve got a flock of seagulls flying us all to Wisconsin for my bachelor party.,250,53,23,326,640,1691
He's stuck. I think he's catatonic.,246,61,19,326,640,2708
"This is the only time it's ok to grab a pussy""",248,52,23,323,640,604
Wherever this ride leads must be really great because everybody who goes there stays.,261,60,22,343,640,337
It's just like horses. To herd cats you have to convince them they want to do it.,238,67,15,320,640,647
This is my version of playing cat and mouse.,242,59,19,320,640,2432
I've got something on him.,243,57,20,320,640,2537
"They thought it was an error when the ad said, 'Free cat. Horse broken.' Turns out the ad was right.",258,61,21,340,640,2996
Thought we'd reverse the nursery rhyme with three seeing mice and one blind cat.,262,53,25,340,640,3066
"You proved your point already, Algernon. Now you're just showing off.",261,55,24,340,640,3911
He's missing hindsight as well.,261,55,24,340,640,4640
"You just can't lead it to water.""",244,50,23,317,640,2650
This thing is a beast to control in the rain,242,71,14,327,640,161
"My secret? If you can dream it, you can do it! ... That, and catnip.“",257,58,22,337,640,90
If the blinders fall off  call 911 !,266,57,24,347,640,2848
"I don’t know, fellas. I just YouTubed it.",223,48,20,291,640,1127
It's a variation on Pavlov's classical conditioning.,254,59,21,334,640,4687
I told him we were blind. He feels sorry for me.,289,62,26,377,640,3994
He thinks he's a horse. Why tell him otherwise?,259,66,19,344,640,4042
"No, it wasn’t as easy as it looks",268,65,21,354,640,2536
"If you start them young, it's not a problem.",244,74,13,331,640,167
"Stick enough catnip up their nose, and they'll do anything.",249,64,18,331,640,831
Looks like we won.,250,62,19,331,640,933
I find an English saddle gives me more control.,226,54,18,298,640,890
We’re off to lunch,266,64,21,351,640,3349
Now let's see how HE runs!,265,66,20,351,640,3585
"I offered him 2 treats, some catnip, and a Xanax.",274,65,22,361,640,645
Just mix ambien and anchovies into the cat food - it makes them as docile as sheep.,262,67,19,348,640,4331
"I know it's unproven, but I take pride in being an early adopter.",275,75,18,368,640,969
"This way, he stays in his lane.",247,58,20,325,640,208
What can I say…He went all in and lost.,257,55,23,335,640,3699
"Shush! If he knew who is riding him, I’m toast.",273,57,25,355,640,1850
You’ve been watching the wrong cat videos on YouTube.,265,73,17,355,640,4820
So much for the master race. This simpleton went to Wharton.,284,52,29,365,640,1667
It can't be inhumane if we're not human,235,60,17,312,640,3347
Call me a “stable genius”.,244,59,19,322,640,858
See you later! I'm going to herd some dogs.,245,57,20,322,640,1857
It's okay. We won the election.,249,49,24,322,640,3154
The key is not letting them look back.,277,61,24,362,640,1944
It's really all about how you raise them.,239,64,16,319,640,363
He bet the dog that The Giants would lose.,251,57,21,329,640,2226
The really hard part is getting into the saddle.,250,59,20,329,640,3286
"Once I’d burrowed my way to where they keep the catnip, the rest was rather easy.",240,57,19,316,640,1643
Ever since the lottery win Rick has become so reckless.,253,65,18,336,640,4450
Sure it's not the safest...but you can't beat the ride on a cat-illac!,265,58,23,346,640,35
"I started out herding cats, then moved on to this.",245,59,19,323,640,1454
its a 2003,267,61,22,350,640,156
"Once you get the saddle on, he’s a real pussycat.",230,67,13,310,640,177
it’s all in the whispering,231,65,14,310,640,458
"Look, in this day and age, you adapt.",255,51,24,330,640,2794
"I'm on my way, unless he decides to take a 23 hour nap.",261,56,23,340,640,4093
Just working on my cat walk.,269,69,19,357,640,1077
He's just a big pussy cat really...,275,57,25,357,640,1202
"It's a great ride, but getting off is a little tricky.",245,66,16,327,640,1050
He was one of my Uber choices!,246,47,24,317,640,1432
Quick! Take my photo. I need a new profile picture.,232,58,17,307,640,2378
Prey for me.,222,61,14,297,640,4461
Once they legalized catpot it was pretty easy.,262,61,21,344,640,1986
I just got my license.,250,63,18,331,640,3423
"I know it's not practical, but you only live once, right?",241,64,16,321,640,846
"Finally, Service Cat for Three Blind Mice",243,43,25,311,640,918
The main hazards are laser pointers and sudden cucumbers.,292,59,27,378,640,554
The worst part is trying to get him to eat hay.,260,55,23,338,640,1720
What happens in Vegas stays in Vegas.,260,55,23,338,640,1973
There's no way he'll get that thing through the front door.,255,48,25,328,640,225
I knew my time volunteering in the Behaviorists’ lab would eventually pay off!,252,54,22,328,640,986
I'm 3:1 in the third at Calico.,246,66,16,328,640,3933
At least I will have enjoyed the ride.,243,72,13,328,640,4120
"The dealer told me that ""eaten rates"" are lower for this one than the Jaguar.",256,46,26,328,640,4731
All he needed was a laser pointer.,240,61,17,318,640,165
He’s thinks this will get his picture in one of those stupid cat calendars.,253,64,18,335,640,1656
Check out who's the blind one now!,251,51,23,325,640,4068
"No, she doesn't go through a lot of jockeys. A lot of jockeys go through her.",245,46,24,315,640,116
"It's mostly just sunny spots, but when he moves it's really fun",255,55,22,332,640,1711
If this is going to work you have to be as quiet as a...,248,52,22,322,640,1321
"Rule number one, and the most important rule!  Do not squeak!!",246,56,20,322,640,3438
"Hi Tom, look what you can do with Jerrymandering.",245,58,19,322,640,3567
"It's okay, she's deaf too.",267,77,15,359,640,3637
She’s my seeing eye cat.,269,56,24,349,640,3247
"We're going to look for the farmer's wife.""",267,60,22,349,640,4014
"Be right back, I'm gonna go piss off the neighbors.",223,51,18,292,640,2864
I'm trying to reduce my carbon paw-print!,256,65,18,339,640,1592
He is afraid of mice.,264,49,26,339,640,3641
He's taking me to meet his parents!,256,48,25,329,640,2238
"Believe it or not, he responds to ""Get along, little doggie.""",243,57,19,319,640,1597
What??  You've never seen a cat before?,246,51,22,319,640,3777
It's the blind leading the blind,270,66,20,356,640,2168
Apparently he is a born again cat.,238,50,21,309,640,2047
"After that farmer's wife incident, I prefer traveling by cat",255,62,19,336,640,1203
It’s all in the reins,247,61,18,326,640,4020
Pussy whipped.,276,66,21,363,640,1348
"Trump was right, just grab and go!",248,43,25,316,640,1612
Not to worry.  He has no idea who I am,263,58,22,343,640,3723
Aren't we suppose to be the blind ones?,257,53,23,333,640,2398
I had to cross that hot tin roof somehow.,219,66,11,296,640,4701
Sure beats trying to herding them.,245,60,18,323,640,994
"When YouTube gets this, we’ll all be swimming in cheese!",245,60,18,323,640,2018
"No 'grab 'em by the pussy' jokes, please.",252,46,25,323,640,2310
"First, I bought up all the catnip I could find...",237,60,16,313,640,1003
”Just don’t rub the fur the wrong way.”,256,67,17,340,640,3318
Uber for Matt?,260,59,21,340,640,4272
I used the same method that Trump did with the GOP!,262,55,23,340,640,4362
We're playing horse and mouse.,254,66,17,337,640,66
I laced his catnip with fentanyl.,280,60,24,364,640,973
"Hop on, let's go find a dog.",252,53,22,327,640,3449
The toughest part is getting up here.,268,67,19,354,640,2436
Once you get enough catnip the rest is easy.,242,56,19,317,640,4274
"I love him, so I suppose you could say we're both wearing blinders.",260,66,18,344,640,1889
It's also vegan.,263,60,21,344,640,3416
I'm off to Canada!  Trump's more dangerous than the cat.,240,43,24,307,640,3254
This one will do anything for catnip!,243,66,15,324,640,2484
We’re at 4-1 odds tomorrow at Calico Park,238,59,17,314,640,1133
"Hey fellas, I just watched a really great TED talk!",247,41,26,314,640,3966
"I just turned 50, so I thought: 'why not do something for myself?'",255,54,22,331,640,2575
He's been like this since I started spiking his kibble with Adderall.,248,68,15,331,640,3930
He decided to switch parties after the midterm elections.,268,57,23,348,640,4230
Kudos -- but what happens when you get down?,244,59,18,321,640,2302
It's Uber!,250,47,24,321,640,3560
"Hey, This is what they do on their 10th life",249,49,23,321,640,3711
Those lessons in hypnosis are paying off!,253,70,15,338,640,362
Now our only worry is the dog.,256,64,18,338,640,1032
It's mutual; I know all the places to get milk and cheese!,251,74,13,338,640,1668
I'll keep him away so you can play.,258,60,20,338,640,2978
It's a smooth ride until he spots his girlfriend.,242,46,23,311,640,920
Zero Celsius in Hell today gentlemen!,259,41,28,328,640,166
Amazing what you can learn from a YouTube how-to cat video!,247,65,16,328,640,192
"Actually, it's safer and more fun than scaring elephants.",251,57,20,328,640,4538
Once I got the blinders on it was easy,285,64,23,372,640,1923
It's amazing what you can achieve with a little catnip.,226,61,14,301,640,2987
He thinks I'm a pit bull.,264,60,21,345,640,2021
Have you ever seen such a sight in your life; as one blind cat?,264,60,21,345,640,3205
You guys need a Lyft?,246,50,22,318,640,964
"One word,  dressage.",257,57,21,335,640,2713
"Playing Cat & Mouse can be fun,when you're in control.",277,75,17,369,640,240
I found her on Craigslist under 'Transportation'.,250,54,21,325,640,213
"Don't worry, he's a scaredy cat.",243,68,14,325,640,3101
We even qualify for the carpool lane,258,67,17,342,640,2657
Couples therapy-- works wonders.,231,46,21,298,640,89
Come on! First ride is free!,243,51,21,315,640,3128
Run out ahead. Whoever doesn’t get caught can ride next.,254,58,20,332,640,4880
"Go ahead Steven, call me a rat again.",251,47,24,322,640,26
We’re trying out for stupid pet tricks.,264,79,13,356,640,4851
It’s the new Jaguar model.,267,56,23,346,640,1079
his name is Figment,238,39,25,302,640,3626
We've got our own Youtube channel.,244,56,19,319,640,1913
"Prey"" and ""Predator"" are merely mindsets, gentlemen — true power comes via implantable electrodes",240,64,15,319,640,3621
It's all tone of voice. . .,234,60,15,309,640,4283
"They're very green transportation, once you get past the whole eating your cousins hang up",249,58,19,326,640,171
He gets 20 miles per kibble.,247,62,17,326,640,2680
"It’s a great way to get around, but feeding time is the worst.",256,56,21,333,640,1118
What he doesn't know doesn't hurt me.,246,76,11,333,640,3457
Mom always said that Louie would either be eaten by the cat or ride him like a horse.,269,59,22,350,640,3483
We just got out of the bag.,238,46,22,306,640,2281
I finally smashed the Catriarchy!,235,52,19,306,640,3990
Friendly purrsuasion.,279,63,22,364,640,4016
Play nice or I'll turn this cat around.,249,65,16,330,640,4107
I got Alexa to order it for me on Amazon .,280,44,30,354,640,2374
Now just imagine Trump unable to watch Fox.,260,55,22,337,640,3530
Don't worry - it's domesticated.,239,68,13,320,640,493
The fact that you are still standing there is proof the blinders are working.,246,54,20,320,640,2074
It is my turn to walk the cat today.,275,66,20,361,640,1926
No need to worry - he's a real pussycat.,263,61,20,344,640,1164
Of course he’s stuffed! Best birthday present ever!,259,69,16,344,640,4280
Turns out a swinging laser pointer can be an effective hypnosis device.,250,58,19,327,640,510
I traded in my Pomeranian.,253,53,21,327,640,919
Nothing to it if you know where the catnip is stashed.,250,58,19,327,640,3512
"Please, no petting the service cat.",253,52,22,327,640,3861
"Let's just say, curiosity got the best of this cat.",234,61,15,310,640,4670
"I'm skeptical, too, but the concierge said this was the best way to see the park.",267,65,19,351,640,4887
"I know, I know, I'm a mid-life cliché, but you should see this baby at top speed!",256,58,20,334,640,33
You're okay as long as he doesn't see you,258,54,22,334,640,1330
"They go low, You go high.",258,54,22,334,640,4347
"Who says I can't have my cat and get eaten, too?",230,52,18,300,640,878
It's a trainer.  I'll be on an elephant in no time.,276,60,22,358,640,2901
"Wait 'til the catnip wears off.""",272,67,19,358,640,4565
Not to worry... we’re just playing cat and mouse.,248,57,19,324,640,2963
"This isn't a cat,guys! This is a metaphor. For Americans thinking they can control their president.",282,59,24,365,640,1251
I taught him how to open the pantry!,258,49,24,331,640,215
The personal growth seminar was awesome.  Why do you ask?,245,58,18,321,640,2446
What? You guys have never seen a horse before?,277,64,21,362,640,4189
Ride or die.,235,49,20,304,640,191
"It is the ""alternate truth"" trick. I keep on telling him he is a horse.",234,51,19,304,640,4218
The hardest part was training him to give me a leg up!,248,64,16,328,640,764
I hope curiosity kills him too.,284,62,23,369,640,3341
One blind cat beats three blind mice.,272,57,23,352,640,1915
"As long as the blinders don't fall off, I should be okay.",234,63,14,311,640,1272
"If this works out, I'll be rollin' in cheese just from the stud fees.",240,63,15,318,640,1725
That cat is mouse-whipped.,238,67,13,318,640,2296
"I'm telling you, its going to be the new Uber!",227,60,14,301,640,1433
He doesn’t know it so don’t tell him.,266,64,19,349,640,914
"'' Hop on but remember not to squeak.""",239,48,21,308,640,912
"It actually wasn't that hard.  I just told him ""the enemy of your enemy is your friend.""",237,52,19,308,640,4447
My shrink recommended feline-assisted therapy.,240,58,17,315,640,4142
It was surprisingly easier then getting a bell on him.,256,67,16,339,640,128
What doesn't kill you makes you smarter.,265,49,25,339,640,152
"How long do you think Jerry will pull this off before Tom realizes?""",264,51,24,339,640,1094
Wait 'til you see what happens when the Roomba comes around,263,53,23,339,640,1503
Living La Vida Loca!,257,65,17,339,640,4252
"His DNA came back 39% cat, 28% mouse, 33% horse.",267,57,22,346,640,4539
"Guys, pussy's a lot more fun when you use protection.",238,46,21,305,640,2869
Stop! We need to refuel.,253,56,20,329,640,1268
You just get their trust with some tuna and sardines.,250,62,17,329,640,3782
I've got some dirt on him.,273,57,23,353,640,4365
I think the whole thing works better if HE's the blind one.,247,51,21,319,640,3819
Orange tabby is the new black.,252,53,21,326,640,3353
Got it for a steal at the ASPCA,241,46,22,309,640,348
"Just make sure it never hears you say,  'S...Q...U...E...A...K'.",254,73,13,340,640,2711
I'm riding over to see my in-laws.,244,52,20,316,640,1693
They have been long misunderstood!,248,56,19,323,640,3805
His name is Uber,263,38,29,330,640,1631
To hell with the bell. This is even better.,243,61,16,320,640,1065
"I had some Ritalin left over from the Stage 1, double-blind, clinical trial.",258,43,26,327,640,2887
New world order,258,55,21,334,640,4194
Oh come on you guys... don't be such scaredy cats,262,59,20,341,640,2972
I hope he has insurance,277,53,25,355,640,4540
"See, the thing is you CAN teach and old cat new tricks.",251,52,21,324,640,2470
It’s the new ‘don’t ask don’t tell’ policy!,224,53,16,293,640,1103
Cat Got Your Tongue?,254,58,19,331,640,827
This ride is the cat's meow.,254,58,19,331,640,2995
This solar powered puppy bolts from napping to 30 mph in one second and it comes with a nine lives warranty.,257,52,22,331,640,4741
I was getting tired of the three blind mice jokes.,246,45,23,314,640,2019
"He doesn't know he's a cat, basically.",242,53,19,314,640,2888
Guess who's on top now?,272,58,22,352,640,1083
He wants to help me find Jerry.,246,57,18,321,640,1765
I recommend making sure they’re well fed before starting on a long ride.,253,55,20,328,640,2005
"Nah. It's cool. Just don't get in front of him. They're blinders, not a blindfold.",260,53,22,335,640,1136
He's on a diet.,265,55,22,342,640,1092
First step is to open up the tuna treats package.,256,73,13,342,640,1323
The shelter assured me that he is house broken.,264,57,21,342,640,2324
"If our President can do it, so can I.",267,51,24,342,640,3455
I've got a really good feeling about this rat race.,271,55,23,349,640,1126
...........and I persisted,274,61,21,356,640,3038
It's a piece of cake once you get the blinders on.,242,60,16,318,640,2505
It’s great as long as I sit downwind.,250,56,19,325,640,1055
He's offering free rides.,246,64,15,325,640,2290
Riding him is easy. Keeping him on the track is harder.,267,70,16,353,640,4634
"More like, ‘One Blind Cat,’ am I right fellas?",283,62,22,367,640,4752
This cat truly found himself when he embraced his identity as a trans-species horse.,247,57,18,322,640,4059
Told you.,251,61,17,329,640,731
"This is my new cat ""a""lac",223,52,16,291,640,61
"Forgive me, sir! doth thee knoweth whither I can findeth the nearest litter box?",237,48,20,305,640,1073
"If you can't beat 'em, ride em.",248,50,21,319,640,1853
"I don't know where we are going, but it's a free ride!",253,64,16,333,640,3648
Three blind mice - my ass.,273,48,26,347,640,894
It’s quite ironic. She only marches to the tune of  Three Blind Mice.,269,56,22,347,640,2325
Ain't I The Cats Meow?,274,58,22,354,640,2264
"Hello, laaaaaadies.",239,51,19,309,640,4416
Tell the farmer's wife I'm on my way.,244,53,19,316,640,813
"Nah, she’s as gentle as a kitten.",237,67,12,316,640,2191
Don't be a Luddite—there's no way this technology comes back to bite us.,245,63,15,323,640,2507
"Relax, it's a robot!",252,49,22,323,640,2743
It's self-driving.,244,65,14,323,640,4567
It's a nice ride but it purrs too much.,258,49,23,330,640,1224
"This is a lot easier than herding him, besides, he’ a great jumper.",261,55,21,337,640,4166
I call this my kitty litter.,274,53,24,351,640,4520
"We're headed West, where our relationship matters.",227,46,19,292,640,1029
I'll swing by for you once I figure out how to attach the carriage.,240,56,17,313,640,271
We can all play once I put him away.,241,54,18,313,640,3982
Catching her was the hard part,247,54,19,320,640,2610
"Luckily for me, Mrs. Whiskers believes the old adage about curiosity""",252,56,19,327,640,4375
Its largely about role playing!,260,52,22,334,640,4214
Plus it doesn't eat cheese,240,51,19,310,640,3886
What are the odds?,244,55,18,317,640,753
"Well, I guess I'll just be mouseying along now.",247,49,21,317,640,1645
It’s much easier to ride the domesticated cat than herd them!,249,57,18,324,640,2893
His name is Cheesebiscuit!,248,59,17,324,640,3139
"Don't ask.  You know, 'What happens in Vegas...'",258,51,22,331,640,257
Who ordered the mewuber?,260,59,19,338,640,2365
Beats the dog.,270,51,24,345,640,1718
Pussy whispering. It's a knack.,278,59,22,359,640,1285
The tough part is putting the blinders on,274,67,18,359,640,1856
Licorice...but you have to get the dose right.,286,67,20,373,640,515
It would have been unethical to ride the elephants.,243,40,24,307,640,1343
Of course it's a domestic!,241,56,17,314,640,290
"Getting the blinders on him can be a little dicey, but then he's fine.",235,68,11,314,640,4126
Be honest - do you think I look stupid?,245,60,16,321,640,91
"They're called ""blinders""; it's the greatest invention since the mousetrap.",245,60,16,321,640,4903
Fluffy’s my bitch,260,42,26,328,640,2826
"Two pieces of cheese to touch, five pieces to ride.",251,60,17,328,640,4198
"Apparently, anything goes in this gig economy.",264,58,20,342,640,634
Felix domesticus,266,66,17,349,640,3992
"THEY'RE domesticated, we're not.",241,51,19,311,640,2017
"Now, my brothers, we see how he runs!",246,53,19,318,640,4320
It's a convenient alternative to the Greyhound.,257,55,20,332,640,3462
"Ring the bell if you need me - and if that doesn't work,try one of the squeaky toys.  Or maybe the yarn.",256,69,14,339,640,1137
"Two chapters in to ""Cat herding for Dummies"" and voila.",268,57,21,346,640,256
"Relax. He's a real pussy!""",241,58,16,315,640,107
'He's just a pussycat.',241,58,16,315,640,335
It's actually more affordable than you might think.,260,56,20,336,640,1572
The hardest part was getting the blinders on!,238,64,13,315,640,1882
"Once you break them, they can be quite useful.",254,68,14,336,640,3052
"Now this is what I call the cat's meow.""",253,58,18,329,640,4066
This is his first rodeo!,264,60,19,343,640,4262
I promised him all of your hideouts.,272,68,17,357,640,4917
He's obviously compensating for something...,269,57,21,347,640,1422
"It's easy, really. Just keep your feet under you, relax your back, and use a light tension on the reins.",256,59,18,333,640,1594
"If you think this is strange, you should check out the dog and pony games",253,53,20,326,640,509
I’ve got him catniptotized!,250,59,17,326,640,3267
Don't worry. We'll be back in time for dinner.,265,48,24,337,640,1586
He's a unique pussy and I responded to an online ad he posted for a petite dominatrix.,265,48,24,337,640,3180
"If  you're going to herd them, it's best to be riding one.",253,60,17,330,640,2504
Need a Lyft?,257,52,21,330,640,3691
See? Told you he was a pussy cat!,255,44,24,323,640,3384
"All mice are equal, but some mice are more equal.",248,58,17,323,640,4100
"You said, Who will bell the cat?
I say, Why think small?",250,54,19,323,640,4807
Isn't this just the cat's meow?,240,50,19,309,640,4155
Don't worry!  He's a real pussycat!,267,63,18,348,640,3523
Once he was broken-in he's like a pussy cat.,261,63,17,341,640,1349
"I'm a cat whisperer, he's a herding cat, and this is our first rodeo.",254,65,15,334,640,4769
"Actually, you're statistically more likely to die on the way to the cat stables.",253,55,19,327,640,2397
Driving is safer than walking.,251,59,17,327,640,3538
"Gimme all your cheese, or I'll take his blinders off.",248,65,14,327,640,4668
Call me The Cat Whisperer,265,62,18,345,640,413
"Check out my ride, I just replaced the cat-alytic converter.",260,60,18,338,640,1346
What he doesn't know won't hurt him.,255,58,18,331,640,433
Don't let him see you until the final furlong.,248,60,16,324,640,525
Should I be wearing a helmet?,250,56,18,324,640,865
"He said catnip, I said cat trip",246,64,14,324,640,1449
It beats taking the L train.,250,56,18,324,640,2957
Don't ask me what I feed it.,250,56,18,324,640,3665
The hard part is getting him out the front door.,228,64,11,303,640,1819
I can make it from the basement to the attic in 12 seconds!,258,71,13,342,640,1339
He thinks that he's people. And that I'm rich.,257,49,22,328,640,2912
We've teamed up to go viral on YouTube,251,61,16,328,640,3197
Look who's blind now baby!,283,52,25,360,640,4920
"The trick is to keep your chin up, shoulders back and heels down when posting the trot and he won't eat you.",268,70,15,353,640,4017
"Once I saddle-broke him, the rest was easy.",263,68,15,346,640,412
He still has eight more.,258,54,20,332,640,4770
"Once they're broken in, it's as easy as stealing cheese from a mousetrap.",251,56,18,325,640,28
I had a coupon for 20% off your first ride.,247,64,14,325,640,242
It's easy.  Just take the feline.,253,52,20,325,640,1790
Three Blind Mice my #$%!,234,54,16,304,640,1745
"Say what you will, it’s a pretty nice ride!",267,55,21,343,640,2229
It's a seeing eye cat.,250,65,14,329,640,3256
Lynx Lyft,286,60,22,368,640,314
Three Blind Mice was only fake news!,250,53,19,322,640,765
I gotta get her tired enough so she can't chase me when I get off.,246,61,15,322,640,3489
She's a vegetarian and quite nice once you get to know her.,248,57,17,322,640,4498
He just ate the trainer and two barn hands so hopefully he's full.,242,57,16,315,640,780
If George Orwell could see me now. Giddy-up!,238,65,12,315,640,3903
It's Mouser - like Uber but for mice.,273,62,19,354,640,1148
I can't wait to see the look on the faces of those cheese hogging rats.,261,62,17,340,640,2805
"When the cat's a sleigh, the mice will play.",258,56,19,333,640,2356
Take the picture already! We can't hold this pose forever!,247,66,13,326,640,460
I scored big in catnip futures,249,62,15,326,640,1746
Give me back the cheese or I take off the blinders.,252,56,18,326,640,1777
I figure the blinders will avoid a cat astrophe.,253,54,19,326,640,3466
This is way better than putting a bell on it.,244,60,15,319,640,2834
Oh My! Look at the asshole on the cat.,279,45,27,351,640,2601
"You know, I am just tired of running.",236,52,17,305,640,3944
What did you expect?  An Uber?,233,46,19,298,640,2567
"Hey guys, you might want to move. That's his litter box, not a beach.",255,57,18,330,640,3264
I won the game.,259,49,22,330,640,4519
You guys still talking about the bell?,258,51,21,330,640,4672
It’s post-modern. HE’S  the one who’s blind and NONE OF US is running.,248,59,16,323,640,2424
I told you two to invest in Bitcoin.,299,67,21,387,640,1408
I started with a little bell.,270,58,20,348,640,1776
Someone needs to tell Phil to get off his high-cat already.,244,43,22,309,640,1110
You ought to get yourself one too-  it purrs like a kitten.,236,59,14,309,640,3702
This will work until he gets hungry!,261,64,16,341,640,422
The ride is much smoother than that dog I had.,261,64,16,341,640,2746
Just practicing for whenever Congress authorizes that $80 million Trump parade.,268,50,23,341,640,4097
A little catnip in her vape pen and it’s off to the races.,262,50,22,334,640,1734
"SEE , I TOLD YOU MY RIDE WAS THE 'CAT'S MEOW""",260,54,20,334,640,1988
"We’re going to “Catmandu”, wherever that is.",259,56,19,334,640,4411
It's all in how you grab them.,279,59,21,359,640,1736
Hey look! There is a filling station right there!,255,40,25,320,640,4400
Soft hands and light reins and they’re actually quite docile.,245,60,15,320,640,4900
"Our relationship improved dramatically right
after I cornered the market on Meow Mix.",233,60,13,306,640,1331
"I told him the whole ""Cats Eat Mice"" thing was fake news and then I asked him to give me a ride to the front door.  You might want to hop on before he figures out the truth.",281,50,25,356,640,1531
I've found lots of things work out better with blinders on.,246,65,13,324,640,558
She's a rescue from a horse barn.,249,59,16,324,640,1911
"It runs on only three mice a day""",224,54,14,292,640,3811
Catnip Rules!,248,49,20,317,640,1340
"But protein powered, tiny carbon footprints, and motor purrs like a kitten...!",244,57,16,317,640,2799
See how it runs?,241,51,18,310,640,695
The hard part is breaking them in.,239,55,16,310,640,1217
He insisted on a blind date,260,56,19,335,640,3841
He imprinted on a Clydesdale when he was a kitten.,256,64,15,335,640,4681
"Honey, how much did you have to pay for insurance.",248,56,17,321,640,125
Why be afraid of new technology?,250,52,19,321,640,415
It’s an exciting new twist to a very old game!,229,39,21,289,640,3292
Florida has to replace greyhound racing with something.,263,57,19,339,640,214
I’m telling you guys: exposure therapy is the way to go!,264,55,20,339,640,1252
"I might not be riding the tiger, but he knows where the good trash cans are.",258,67,14,339,640,2112
What she can't see won't hurt me.,236,56,15,307,640,445
"Just remember, it's ""Fabulous Feline"" to win in the fifth.",260,51,21,332,640,2474
On the final episode of Tom and Jerry...,255,49,21,325,640,3138
How the mighty have feline.,256,47,22,325,640,4258
"The magic word was ""Please.""",252,55,18,325,640,4694
I actually think of myself as more of a dog person.,286,61,21,368,640,719
Once I trained the dog this was a piece of cake,243,61,14,318,640,4325
See? Cats CAN be trained!,261,56,19,336,640,770
"Not exactly what I thought the Craigslist ad meant, but it's a fun ride all the same.",264,50,22,336,640,1353
"You can find my latest book on Amazon, ""The Cat Whisperer.""",242,51,18,311,640,4494
See that Mouse he tamed that cat to go against all its better instincts put blinders on it and named it the Republican Party,266,34,29,329,640,828
Just a precaution until we leave the house.  She prefers birds.,265,67,15,347,640,3806
His last jockey turned out to be a rat.,246,50,19,315,640,4138
Catnip never fails.,280,56,22,358,640,1652
Just one dose of genetically modified catnip and voila!,240,50,18,308,640,2427
Tell Mom I've run away to join the circus.,271,62,18,351,640,3773
"I read Art of the Deal, then did the exact opposite...",256,49,21,326,640,1204
"Once you break their spirit, they're as tame as kittens.",248,65,13,326,640,3988
What?  Cat's got your tongue.,255,39,25,319,640,542
I gotta sure winner here.  All the other ones in the race are dogs.,268,63,17,348,640,4642
Thanks for the catnip!,248,60,15,323,640,202
"Catnip and blinkers, and he becomes a pussycat.",248,60,15,323,640,1439
"Blind mice, my ass!",254,48,21,323,640,2944
"I don't know why, but until I put blinkers on him, I couldn't get life insurance.",256,44,23,323,640,3615
She's fine with it as long as I don't grab anything.,265,57,19,341,640,4827
"Long way from Tom and Jerry, am I right?",244,56,16,316,640,2067
No one could made an entrance quite like Carl could.,259,57,18,334,640,1935
My next cat will be an all electric  Abyssinian,241,50,18,309,640,2572
"They’re not blinders, they’re virtual reality units. She thinks she’s Seabiscuit. I think she’s nuts.",255,53,19,327,640,3153
Don't worry about the money. I'm only leasing it.,253,57,17,327,640,3296
You gotta get this app!,267,60,18,345,640,1180
"Easy, just a little catnip and the promise of media stardom.",270,54,21,345,640,4127
Three sharp-eyed mice. One blinded cat. Let’s see how Brown’s wife does with these odds.,246,59,15,320,640,2868
"Yes, you can pet him.",242,67,11,320,640,3024
Don’t worry. He said he’s just taking me fo a ride.,262,58,18,338,640,3484
UBER-KITTY!!,259,52,20,331,640,1916
Who's the pussycat now?,262,46,23,331,640,2134
There are two more blind ones...You should see how they run.,254,62,15,331,640,3070
"See, they can be trained!",259,52,20,331,640,4007
It turns out they're highly hypnotizable.,270,61,18,349,640,1281
"Nah, I couldn't afford one.  Anyway, I hear the self-driving model eats you.",290,52,25,367,640,4546
With the blinkers on he's a real pussycat.,220,56,12,288,640,741
This beats trying to put a bell on her.,219,58,11,288,640,2529
Awww...you guys worry too much! He's perfectly safe.,248,62,14,324,640,3046
I own this nursery rhyme!,270,68,15,353,640,2820
That hypnosis course really worked!,249,79,7,335,640,364
It's in case someone has a laser pointer during dressage.,244,58,15,317,640,3301
The key are the blinders and always mount from the rear!,242,62,13,317,640,4216
And she gets 10 miles on an ounce of catnip.,264,68,14,346,640,2555
"He's no Secretariat, but he knows a mousetrap when he sees one.",262,72,12,346,640,4445
"It’s not just the blinders, it’s knowing how to sweet talk",252,61,15,328,640,2854
The dog was the best man at my wedding.,266,52,21,339,640,2934
"I'm thinking of trading this one in for the dog, actually.",253,66,13,332,640,1368
"Cheer up, we won the house!",260,52,20,332,640,2976
"""He was already trained when I bought him.""",248,45,21,314,640,4452
You should see how he runs!,256,48,21,325,640,3584
She asked me to help frustrate the dog.,256,48,21,325,640,3854
How's this for a metaphor for democracy?,251,58,16,325,640,4226
We are each the other’s comfort animal.,236,57,14,307,640,4279
Off to the cat race.,258,63,15,336,640,3220
The hard part is getting into the saddle.,290,68,18,376,640,788
What do you mean a better mousetrap?,254,59,16,329,640,1231
Can I get anything for you from the Cheesecake Factory?,252,63,14,329,640,2248
a little catnip changes the whole game,257,53,19,329,640,2269
He's the mouse that road.,280,57,21,358,640,4217
It's guaranteed to be the ride of your life.,266,54,20,340,640,4704
It's all a matter of confidence.,227,51,15,293,640,1502
We’ll make a mint when he gets used to the carriage.,248,59,15,322,640,2629
"Yes, it did take some time, but it was totally worth it....",256,62,15,333,640,2179
The blinders keep it from going after dogs.,261,52,20,333,640,4161
I told you he was a pussycat,255,64,14,333,640,4828
I used to ride greyhounds but it just felt wrong.,282,60,20,362,640,4799
It’s the only way I could get him to stop chasing his tail.,243,57,15,315,640,2605
"I heard about ""Catnapping"" but didn't believe it.",267,59,18,344,640,1305
My other ride is a Porsche.,258,46,22,326,640,2055
He’s says he knows a secret place that mice find heavenly.,255,52,19,326,640,3134
The most important safety features are the blinders.,247,68,11,326,640,3475
Don't ask. Hop on.,276,60,19,355,640,875
Don’t worry; the worst part is when it bathes itself.,264,54,19,337,640,3846
Food chain? Never heard of it...,250,50,19,319,640,1854
Alpha Mouse,254,42,23,319,640,2451
"As long as he doesn’t see our reflection, he’ll keep thinking I’m a god.",280,59,20,359,640,4636
If we get it on YouTube we’ll be rolling in cheese.,253,63,14,330,640,1694
Have you listened to my podcast on controlling your fears?,257,55,18,330,640,3713
"'Git along little kitty' has a better ring to it, don't you think?",243,71,9,323,640,4220
I'm headed out to herd some cats,282,62,19,363,640,3167
I call it my catbird seat!,284,58,21,363,640,3937
"The cat whisperer? No, I am the catnip suppler.",269,57,19,345,640,944
It's easier than taming a shrew.,236,42,20,298,640,2059
When you're a star...,250,52,18,320,640,298
"Gentlemen, behold an alpha male.",262,66,14,342,640,669
"With the blinders, they don't know you're a mouse.",263,64,15,342,640,798
He just  read Puss  and  Boots,239,43,20,302,640,4864
It's called dressage...,242,56,15,313,640,4111
Under the bed? Take the black one. This one only stops at the couch and kitchen.,249,61,14,324,640,2882
There’s more than one way to train a cat.,261,56,18,335,640,3214
COME ON!!  THIS IS OUR MEOW- TOO MOMENT !!,262,54,19,335,640,3501
Is it cat calling if I whistle?,268,61,17,346,640,1276
"Worst mousetrap, EVER!",236,56,14,306,640,4776
My elephant kept running away.,250,47,20,317,640,1993
"I have about five minutes left, then I will wake up.",254,58,16,328,640,3111
We're going over to visit the three blind mice.,254,58,16,328,640,3750
This on;y works in states where catnip is legal.,253,60,15,328,640,4791
They call me the Calico Kid.,268,49,22,339,640,330
Who said you can’t have it all??,276,52,22,350,640,1620
I told him I was Dale Evans.,274,56,20,350,640,2071
No need to run. “They” identify as a horse today.,266,72,12,350,640,4589
The engine's hard to motivate but you get a whole 9- year warranty.,242,51,17,310,640,1375
We attack the birdhouse at dawn,245,45,20,310,640,2319
"Cat Town Races five miles long...Doo Dah, Doo Dah...",244,47,19,310,640,3319
Ladies...,285,60,20,365,640,3922
"It does seem kind of elitist, doesn't it?",246,50,18,314,640,1688
"It's called ""dressage."" Not that I expect you uncultured rodents to know anything about it.",246,50,18,314,640,2503
"Now if you'll excuse me, I have a lap to go sit on.",262,56,18,336,640,564
Your Mewber has arrived,263,54,19,336,640,4291
"Sure its a bit extravagant, but I did dupe 26 million humans into buying my book about moving cheese...",291,55,23,369,640,207
"The lab said if I hold off on the lawsuit, they’ll throw in this seeing-eye cat.",261,46,22,329,640,1047
I get fourteen miles per mouse.,255,58,16,329,640,1416
I've named him Elon.,262,44,23,329,640,2392
I just couldn't deal with the trains anymore.,259,50,20,329,640,4333
He says he got the idea in Central Park.,267,53,20,340,640,3575
You wouldn't believe the mileage I get on this thing.,276,54,21,351,640,476
It's like riding a bicycle--you never forget.,275,56,20,351,640,4570
Go figure. I app-hailed a ride and he showed up.,284,57,21,362,640,4388
This could be better than the tail wagging the dog.,252,52,18,322,640,2665
I told him I really liked him and that he was incredible.,261,53,19,333,640,1211
It's a little game we play.,254,67,12,333,640,2419
"Herding is difficult, but pampering makes the rest easy.",264,66,14,344,640,2176
It was hell breaking him.,283,67,16,366,640,2160
... and just a wee pinch of catnip in his dinner bowl.,230,65,9,304,640,1999
My epiphany was to stop trying side-saddle.,246,52,17,315,640,2649
The blinders are a key piece of safety equipment.,247,50,18,315,640,3588
"Hey, how about a wedge of havarti for me and some tuna for my friend?",247,50,18,315,640,4277
"Okay, I get it... but wait until he tries to dismount...",253,57,16,326,640,111
"Kitty-up, feline.",252,59,15,326,640,1871
I was tired of the old game.,254,55,17,326,640,2550
He thinks he's the cat's meow,257,49,20,326,640,3808
Much safer than an elephant.,265,52,20,337,640,1737
It’s got four-whisker drive.,269,63,16,348,640,4883
"Yes, I'm a member of the three blind mice...why?",280,60,19,359,640,2975
"Relax, Bob has been doing these rides for a long time...say, has anyone seen Bob lately?",232,49,16,297,640,325
A little catnip and he is putty in my hands.,244,63,12,319,640,1154
"Really, the hardest part is getting the blinders on. After that it’s a breeze.",245,61,13,319,640,1741
It's a cat-and-mouse game.,258,54,18,330,640,2837
"Don't worry, he's blind. He thinks i'm his uber customer.",282,63,18,363,640,4204
He thinks we are blind too.!,239,54,15,308,640,4472
It’s easy after the blinders are on.,247,57,15,319,640,4637
He wants to be on Animal Planet.,288,58,21,367,640,69
Thanks for asking. We’re off to join the Cirque du Soleil.,261,55,18,334,640,3799
It's a Domestic Shorthair without the bells and whistles.,264,49,21,334,640,4728
The only hard part was getting the blinders on!,246,66,11,323,640,832
The Catucky Derby!  Where do ya think?!,239,61,12,312,640,4147
They said it couldn't be done.,271,61,17,349,640,1
"Hop on. It's a catavan.""",271,61,17,349,640,1549
I used to infest a riding stable.,274,55,20,349,640,2430
Wait till he finds out who's holding the reins!,266,52,20,338,640,717
"Forecast was for reining cats, dogs predicted next week,",254,57,16,327,640,1928
"Get them as kittens, and you can snuggle the call of the wild right out of them.",251,44,21,316,640,3504
Just pitched Disney.  Tomorrow it’s Netflix.,248,50,18,316,640,4512
Now this is a hybrid.,279,71,14,364,640,3900
Found him on Craig's List under 'blind cats'.,270,51,21,342,640,3673
He turned vegan!,254,45,21,320,640,931
"A sure thing, Boo Boo Kitty in the seventh at Petsmart.",254,45,21,320,640,3162
"As long as I don't sing 'Git Along, Little Doggie,' he's fine.",275,67,15,357,640,4302
I’m The Mouse That Roared.”,269,60,17,346,640,2490
Ever heard of horse whispering? Same thing.,255,69,11,335,640,345
I call it three mice blinders,249,43,21,313,640,3451
"Yeah, he's a real pussy cat.",246,49,18,313,640,3996
Great acceleration but a fuel hog.,281,62,18,361,640,2312
"Finally, the better mousetrap!",281,62,18,361,640,4714
You can take the blinders off to activate self-driving mode.,264,58,17,339,640,4043
The other two are saddled up and ready.,248,52,17,317,640,1403
The trick is getting the blinders on right.,270,72,12,354,640,1895
They can get a little skittish if they see a dog.,227,56,12,295,640,4693
Just like riding a bike.,268,57,18,343,640,2222
See what happens when you conquer your fears?,266,61,16,343,640,4229
"Sure, it takes a lot of training, but think of the respect I get on the freeway.",256,62,14,332,640,1170
I'm auditioning for the 'Tom & Jerry' re-boot.,259,56,17,332,640,2945
"Couple scratches, but worth every penny.",250,55,16,321,640,2354
They say his mother was a mouser.,249,57,15,321,640,3421
It’s not like I’m riding a tiger or anything,289,60,20,369,640,2732
I have to keep kicking him so he doesn't nap.,289,60,20,369,640,3492
We're running in the Purreakness.,237,43,19,299,640,8
Forget Uber download the MEOW app.,236,45,18,299,640,500
"One blind cat, one blind cat.
See how I ride. See how I ride.",268,64,15,347,640,4756
This one is quite docile.  What could possibly go wrong?,266,49,21,336,640,1629
There's more potency in these new strains of catnip.,252,58,15,325,640,720
"Catnip in the Fancy F
east.",255,52,18,325,640,2827
A mouser is no match for a good cat wrangler.,245,53,16,314,640,943
"The key is, of course, the proper saddle.",263,62,15,340,640,178
"Going to the vet, to get him declawed.",268,52,20,340,640,4585
"Mice rule, cats drool.",251,48,19,318,640,1040
"I hypnotized him, he thinks he's a horse. Just don't snap your fingers in front of him.",239,53,15,307,640,2842
Come take a ride on the wild side,239,53,15,307,640,3690
Easy . . . Just convince him he is a horse.,266,63,15,344,640,1623
"So far, I am winning",266,63,15,344,640,4863
His mom is gonna KILL him!,253,51,18,322,640,1583
You just have to keep the blinders VERY secure.,246,65,11,322,640,2814
The tricky part was getting the harness on,249,59,14,322,640,3559
"You want to see something funny, wait 'til the dog gets on.",246,46,19,311,640,3437
I broke him with Sun Tzu and some rolled catnip.,295,57,22,374,640,1991
The cat no longer has to be away for this mouse to play.,265,53,19,337,640,2548
I really hope those blinders stay on.,253,58,15,326,640,204
"You wouldn't think, but the hardest part is actually finding a cat.",252,60,14,326,640,1495
Improbable but not impossible.,253,58,15,326,640,2600
Relax. We're just horsing around.,254,56,16,326,640,4405
The bitch thinks I'm a flea.,272,46,23,341,640,2581
It has all the latest safety features,260,51,19,330,640,103
I would call THIS cat and mouse game OVER boys,265,41,24,330,640,1613
It’s called “exposure therapy.”,248,56,15,319,640,2066
We are going to roundup some little dogies.,266,65,14,345,640,1072
It works on the honor system.,268,61,16,345,640,1456
"He's domesticated, after all.",264,69,12,345,640,2341
"Wake up, you're dreaming!
Yeah, I know.",246,41,21,308,640,2373
"See, Mom and Dad, I told you my English degree wasn't a waste of time and money!!",244,45,19,308,640,3414
He thinks I’m a monkey,261,56,17,334,640,705
"Oh, I've got purrs, that jingle, jangle, jingle...",264,50,20,334,640,2803
I’m safe as long as he doesn’t see me,260,58,16,334,640,4688
"Galileo, the Wright brothers, Edison... the really great inventors ALWAYS test their own devices.",231,52,14,297,640,1266
Head’n out to round up some little doggies.”,252,55,16,323,640,2345
"When I knew him, he was just another rat living in some hole in the wall place.",253,53,17,323,640,3215
Turns out to be the best way to herd them.,246,67,10,323,640,4412
"YouTube gold, I tell you!",257,45,21,323,640,4914
"With the blinders on, he thinks I'm a crazy cat lady named Doris who keeps petting him!",275,54,20,349,640,967
He needs to be in a catatonic state for this to work,292,65,18,375,640,2401
"....and if it doesn't work, we still have eight lives left.",257,52,18,327,640,4418
I put some Prozac in his kibbles.,256,54,17,327,640,4621
Belling a cat is so yesterday.,259,55,17,331,640,879
Ride 'em meowboy!,260,53,18,331,640,3986
So much for natural instincts.,240,48,17,305,640,461
It's better to be feared than to be liked.,253,49,18,320,640,970
It can't be dangerous if it's zero emissions,248,58,14,320,640,4584
Why just grab the pussy?,248,39,22,309,640,2981
"Relax, this one’s a pussy.",245,45,19,309,640,4049
Should we tell him what happened when the last guy tried to tie it to a hitching post?,277,52,21,350,640,1649
"One blind cat, see how he runs.",253,55,16,324,640,1253
"Don’t worry, guys! Paul Ryan told me I can control him.",255,51,18,324,640,1510
Negotiation and excellent communication skills are the key!,250,61,13,324,640,2970
Reframe your fear and let it work for you.,249,63,12,324,640,4184
What he don't know can't hurt us.,263,61,15,339,640,2645
Turns out that rhyme was just a very poor translation.,262,63,14,339,640,3235
Seems only fair.,264,59,16,339,640,3380
"I know, it’s just a dream.",246,50,17,313,640,3879
Behold the power of catnip,277,59,18,354,640,3953
This baby purrs like a Chrysler.,272,50,21,343,640,2111
Just because you're a mouse doesn't mean you have to act like a mouse.,246,57,14,317,640,2742
He’s also an excellent jumper.,257,61,14,332,640,4817
He thinks I'm an owl.,277,47,23,347,640,130
"I told him I’m going to build a bigger, better mousetrap and get Mickey and Minnie to pay for it.",286,55,21,362,640,4871
Catnip!  Works every time!,254,48,19,321,640,661
Beats being chased around!,250,56,15,321,640,1593
Just call me 'The Whiskers Whisperer'.,258,66,12,336,640,45
Home by 11:00 and no drinking!,261,60,15,336,640,1369
It beats Uber.,277,54,20,351,640,1603
Is this the first you realized I'm a control freak ?,247,43,20,310,640,390
Better living thru catnip!,277,61,17,355,640,2833
"I told him that the nursery rhyme is called 'Three Blind Cats""",247,50,17,314,640,3010
Wait 'til this goes viral.,261,48,20,329,640,1467
Relax; I haz catnip.,277,68,14,359,640,4197
Who says an old cat can't learn a new trick.,246,59,13,318,640,930
Think about it. They poop in a litter box instead of the street--how cool is that.,250,51,17,318,640,1209
"No, the hard part is how to mount in an English saddle.",249,53,16,318,640,3551
I just leveled the playing field.,259,59,15,333,640,2091
"See no mousie, chase no mousie.",263,51,19,333,640,4877
A little birdie was the first owner.,272,59,17,348,640,1293
"Actually, there are three blind cats.",272,59,17,348,640,2971
Wanna join the Mousecateers?,242,48,17,307,640,4054
What you can't see can't kill you.,248,62,12,322,640,3017
Daydreams of Three Blind Mice,255,55,16,326,640,1037
"If wishes were cats, all mice could ride.",269,53,19,341,640,538
"Once you break them, the trick is to keep the blinders on.",281,62,17,360,640,732
Now the mice can play while the cat's not away,247,52,16,315,640,1004
I grew up on a farm.,249,55,15,319,640,2278
"He may have nine, but I've only got one boys.",240,47,17,304,640,3566
"We're still working on the walking trot, but no one's ever said that dressage is easy.",247,66,10,323,640,3420
Best part is I get to use the HOV lane.,263,67,12,342,640,3378
Poor Tom! Jerry wins again!,255,57,15,327,640,3790
Sometimes you just need to take life by the reins.,221,47,14,282,640,272
Don't want him gettin' curious.,268,64,14,346,640,259
He's a little hard to train.,269,62,15,346,640,2061
"He’s half Persian, half Trojan.",265,70,11,346,640,2163
I took a class in dressage at the local community college.,260,54,17,331,640,4910
As long as she doesn't get distracted it's a great ride.,246,56,14,316,640,762
A lot cheaper than Lyft!,275,57,18,350,640,4256
Breaking him turned out to be pretty easy.  The dog is next.,251,53,16,320,640,4314
He's always been an overachiever,290,60,19,369,640,21
I tried whispering but it was the blinders that worked.,236,57,12,305,640,3413
Once you get the blinders on the rest is easy!,253,56,15,324,640,3424
"Yeah, the saddle was the hard part.",253,56,15,324,640,4553
There's plenty of room inside the vehicle!,256,50,18,324,640,4797
He's on the amends step.,285,51,22,358,640,2330
Save a horse ride a cat.,273,49,21,343,640,841
They help him ignore the catcalls.,232,46,16,294,640,1515
"What do you mean, Letterman’s new show doesn’t have Stupid Pet Tricks?",267,61,15,343,640,2515
It doesn’t have to be cruel. Start with bells. It calms them and makes them curious.,245,53,15,313,640,3821
"That's called a blind date,my friends.",272,58,17,347,640,585
"When the cat abides, the mice will ride.",272,58,17,347,640,1070
Do not attempt this at home! I am a professional rider on a highly sedated (but unharmed) cat look-alike.,276,50,21,347,640,2961
"I just told him I would build a fence to keep the neighbor's dog out, and now he does whatever I say!  It's amazing!",270,62,15,347,640,3912
"Her name is Duchess. She's a two year old with a nice, ambling gate.",272,58,17,347,640,4159
"Blinders on him, a shot of deodorant on me, and he doesn't notice a thing.",274,54,19,347,640,4322
Took it in to my dealer on a peripheral vision recall notice. They installed the blinders and this baby is purring like a kitten.,258,60,14,332,640,3074
"Your Lyft driver, Jerry, is here.  Look for license plate TOM.",261,54,17,332,640,4580
I told you he is a very kinky cat.,250,50,17,317,640,837
It's the only sure way to get into a White House press conference.,255,40,22,317,640,2218
"See, children, anything is possible when you overcome your fears.",247,56,14,317,640,3012
There has to be a 3 mice cat-blind joke in here somewhere,249,52,16,317,640,3747
"Dogs have owners, cats have staff, but we get the last laugh.",283,43,25,351,640,792
"We may be three blind mice, but at least we've got a seeing eye dog.",285,39,27,351,640,1814
"Ever since I swapped out it’s catnip for some Vermont Purple Kush, this ride has been purrring like a kitten.",279,51,21,351,640,3299
Look! I told you I can do the catwalk.,271,41,24,336,640,2172
"He's in charge of locating missing mice, but fails to see the irony.",263,57,16,336,640,2716
Even his owners thanked me!,253,51,17,321,640,41
I learned how from Donald Trump,257,43,21,321,640,44
"In your world, this could be catastrophic.",247,63,11,321,640,265
I'm just applying what I learned while in the Skinner box.,240,51,15,306,640,1367
"This model is guaranteed not to eat you, or your money back!",258,48,19,325,640,3525
... And I also heard the Model C is self cleaning!,254,56,15,325,640,4095
He's on anti-depressants.,273,51,20,344,640,1520
I love coming out on the right side of Super Bowl bets.,244,50,16,310,640,185
But you won’t believe the insurance bill on this beauty.,249,40,21,310,640,243
What he doesn't see isn't there,284,62,17,363,640,4899
"Aaaah, the irony!",258,62,13,333,640,2090
It’s amazing the stuff you can find on Etsy.,235,49,15,299,640,23
He thinks we're little dogs.,277,57,18,352,640,4384
Let's see how he runs.,257,38,23,318,640,302
I got the idea when the three of us were blind,255,42,21,318,640,1604
We're heading out for lunch.,251,50,17,318,640,2749
One Blind Cat,266,53,18,337,640,419
Looks like Dave is showing off his pussy again,266,53,18,337,640,644
He met the Three Blind Mice in rehab and they rocked his world.,267,51,19,337,640,2216
"Hey ladies, like my monster truck?",267,51,19,337,640,3833
Now don't try this at home kids.,268,56,17,341,640,4719
They are amazingly docile once you let them know who's boss!,255,56,15,326,640,392
"Very gentle once you get the bit in, but easily startled by pigeons.",254,58,14,326,640,1990
Always believe that your dreams can come true,258,50,18,326,640,3929
"If I can get two of them to cooperate, I'm buying a stagecoach.",255,57,14,326,640,4271
"Sorry the three blind mice are over, I got a seeing eye cat.",261,51,18,330,640,1152
The salesman said I''ll be surprised by the small fuel requirements.,279,48,22,349,640,2762
You think this is tricky ? Next week I'm herding...,262,56,16,334,640,2175
I'm a cat whisperer by nature.,237,47,16,300,640,1906
They are actually quite docile once they are broken,248,58,13,319,640,216
Dogs just can't be mouse trained.,250,54,15,319,640,222
It's all about trust.,250,54,15,319,640,3471
I’ve heard the term “pussy-whipped”.....,266,55,17,338,640,2448
"What, you've never heard the story of one blind cat?",264,66,12,342,640,1588
Snacks are on him.,290,47,24,361,640,2317
And he always thinks inside of the box.,276,50,20,346,640,1108
Edit the poem.,275,51,20,346,640,1397
"Kitty up, boys!",271,59,16,346,640,1659
"Pardon me you working class mice, but do you have any Grey Poupon?",257,54,16,327,640,1666
The election changed everything.  Now mice are in charge!,258,52,17,327,640,4656
Slipped a mickey into his milk.,277,54,19,350,640,4109
"Well, clearly, Whiskers is definitely codependent.",260,55,16,331,640,1446
See? I told you they were good for more than preening and pouting!,260,55,16,331,640,1963
Dressage has always been her dream.,243,56,13,312,640,2631
"Hey, it worked for fleas, right?",246,50,16,312,640,3514
Three seeing mice and one blind cat.,267,48,20,335,640,1428
"Guys, it’s like taking the train from Penn Station - only without the rats.",261,60,14,335,640,1430
It's the old cat and mouse game.,248,53,15,316,640,417
"Jump in, it worked for the Trojans!",248,53,15,316,640,2103
Don’t just stand there...pull out your iphones...took me years to break this Sumbitch.,272,45,22,339,640,3033
"We bet on the election. He took red""",269,58,16,343,640,686
all I had to say was lower taxes.,271,54,18,343,640,1726
It takes skill and technique to master the catwalk.,272,52,19,343,640,1951
All you have to do is get 'em hooked on Fox News.,243,44,18,305,640,755
WRONG!!! Mice were never prey to cats”. #fakenew,241,48,16,305,640,2756
"In the catdom of the blind, the one-eyed mouse is king.",262,46,20,328,640,2552
The GO button is when the dog shows up,262,46,20,328,640,4579
He's a catnip junkie. He'll do anything for a little taste.,287,69,14,370,640,251
I prefer one blind cat.,274,62,15,351,640,1873
"Of course, the blinders work; I bought him from a Chihuahua.",279,52,20,351,640,4757
Don't try this at home.,263,51,18,332,640,787
I’m his comfort animal while we’re on rat patrol.,263,51,18,332,640,1493
"Sometimes, you are the hammer, and other times, you are the nail.",261,55,16,332,640,3133
It's amazing what catnip can do.,243,58,12,313,640,3633
Hop On! Its mechanical. Meet ICat,269,46,21,336,640,471
"Arthur, you’re being taken for a ride!",261,62,13,336,640,3918
You approach from the left shoulder and hum softly.,261,62,13,336,640,4004
This mouse-too movement is just awesome.,256,39,22,317,640,1758
Roleplaying.,246,59,12,317,640,2334
Grab 'em by the tail.  You can do anything.,267,57,16,340,640,3379
Optimism works,287,57,19,363,640,2458
He's really a pussycat!,253,52,16,321,640,602
Promise them catnip and they'll do anything,252,54,15,321,640,3657
Grab them by the harness. You can do anything.,253,52,16,321,640,4132
Call me Ishmouse.,238,49,15,302,640,3741
That’s right!  That’s right! Now I’m gonna pay a little visit to the farmer’s wife!,253,59,13,325,640,4602
And they said Lady Godiva went too far.,258,56,15,329,640,823
You just have to let him know who's boss.,261,52,16,329,640,4571
It’s easy once you get the blindfold on.,278,56,18,352,640,2054
It’s reverse Darwinism,260,59,14,333,640,3352
He finally got him some pussy,251,44,19,314,640,3545
"Believe it or not, this works on 46% of cats.",266,54,17,337,640,1151
I can take the HOV Lane this way.,281,64,15,360,640,131
"They're actually earphones, but they keep slipping!",280,66,14,360,640,725
They say opposites attract,250,53,15,318,640,679
It's all in the tone of your squeak!,247,59,12,318,640,3945
He thinks I clean his litter box,270,53,18,341,640,2279
"C'mon, we'll be the three mouse-cat-teers.",272,49,20,341,640,3907
Robin!  Join me in the Catmobile.,269,62,14,345,640,467
"The fog comes in on little kitten feet, & so do I!",257,46,19,322,640,4286
You can lease one for an ounce of catnip a month.,257,53,16,326,640,1085
"I call him, "" Tiger.""",282,50,21,353,640,1824
I have to stay where the cat can't see me,276,62,15,353,640,3792
I'm my way to see the farmer's wife.,260,54,16,330,640,1624
#Mewtoo.,282,57,18,357,640,1314
If she really was a lady she’d be riding side-saddle.,267,47,20,334,640,857
She might be a short-hair but this baby can go 60 furlongs on a half tank of milk.,268,45,21,334,640,3357
"Its only for a day.  I bet on Disney, he bet on Comcast.",247,47,17,311,640,536
"Confront your fears,",240,61,10,311,640,2679
My other ride is a Buick.,291,46,24,361,640,3108
Completely safe—as long as I keep feeding him mice.,289,50,22,361,640,3332
"He's OK for short hops, but not furlong.",246,56,13,315,640,3596
"He'll drop me at the cheese shop, then come back for you",280,75,10,365,640,3606
"He can't herd, true, but it's a start.",269,57,16,342,640,3890
"It's OK for short trips, but the airlines remain blind to service cats",250,55,14,319,640,3073
Wouldn’t YOU really rather have a Cat-illac?,273,56,17,346,640,1847
Totally gentle! Just don’t let him see you.,254,54,15,323,640,1743
She’s dropping me at home and will be right back for you.,283,43,24,350,640,47
See you at the Wine & Cheese tonight ?,274,61,15,350,640,2282
Ignorance is bliss.,277,55,18,350,640,4153
Can't wait to hear the ditty they write about this!,251,67,9,327,640,1302
No I didn't forget my clothes. I'm making a statement.,265,39,23,327,640,3860
Blinded by the mice.,281,54,19,354,640,4591
"I did it with hypnosis, she thinks she’s a horse, and I’m a cowboy.",242,45,17,304,640,1855
"Yes, but this here is a domesticated Meowstang.",245,46,17,308,640,2099
The bell was too noisy.,263,57,15,335,640,2085
Trained?  He can walk a straight line through a laser light show.,268,47,20,335,640,2895
"What the pussy doesn't see, the pussy doesn't know.",285,67,14,366,640,4019
Whatever it takes to get him to stop checking his email every couple blocks.,269,59,15,343,640,361
"Guys, Florida has banned greyhound racing. Now's our chance!",269,59,15,343,640,1380
"It handles really well, and gets much better mpg than my old elephant.",272,53,18,343,640,3998
It’s only three grams of cheddar per mile.,271,55,17,343,640,4299
He thinks I’m a chipmunk.,248,61,11,320,640,2210
"Magnificent creatures, aren't they?",254,49,17,320,640,2958
You guys can keep NYC. I'm going west!,269,66,12,347,640,2541
The elephant was bathing.,256,52,16,324,640,1228
Serotonin!,231,55,11,297,640,1708
I can't believe how many meows to the gallon I get out this thing.,282,47,22,351,640,2046
Lyft has really lowered their standards.,237,43,17,297,640,2558
We should take advantage of Feline Guilt.,262,47,19,328,640,1485
The fuel efficiency is incredible!,261,49,18,328,640,2273
"No idea how this thing got into the house, but it's the best thing that ever happened to us!",259,53,16,328,640,2922
I'm off to herd cats. Do you know a better way to ensure our survival?,256,59,13,328,640,4067
Cat nip is now a controlled substance,281,63,15,359,640,2120
We're going for catnip and cheese.,260,58,14,332,640,856
Never before seen episode of “Tom and Jerry”.,263,52,17,332,640,2136
Let's see how this baby runs after the farmer's wife.,263,52,17,332,640,2379
Getting the right-sized saddle was the hardest part!,262,54,16,332,640,3050
He'll do anything you want as long as you don't ignore him.,267,51,18,336,640,960
"If they can't see the reigns, eventually they'll forget that they're not making their own choices.",272,48,20,340,640,693
She ate my entire family but now I get to work in half the time.,266,60,14,340,640,698
"Even cats can be trained, if we apply what we learned in the behavior modification lab.",272,55,17,344,640,1902
Wait 'til you get a load of my Seeing Eye dog.,257,45,19,321,640,718
"If wishes were horses, mice would ride.",277,59,16,352,640,3029
"I'm already on my way to another pickup, 
but I'll swing back and pick you up in 5.",231,50,13,294,640,4922
Do not ask.,238,43,17,298,640,1936
Don’t dare call PETA,237,52,13,302,640,1081
"who would've thought that lies, narcissism, deceit, arrogance , misogyny and ignorance would work so well?",272,36,25,333,640,2159
I got tired of being pussy whipped.,243,47,16,306,640,692
"You just have to sit him a little high in the saddle
- but he purrs like crazy!",239,55,12,306,640,1185
We are going to make America great again.,275,37,25,337,640,4743
It’s all in the wrist!,266,62,13,341,640,552
She said I'm her third jockey this week!,274,46,21,341,640,2194
And they say herding cats is tough...,264,66,11,341,640,3810
"Yes, we can!",250,47,17,314,640,2622
Screw the bell!,253,48,17,318,640,6
Image taken right before the three became visually impaired,255,44,19,318,640,4378
If they can’t see I’m taking away their healthcare they don’t get scared,281,53,19,353,640,1978
Just don't let the humans see you doing it.,261,39,22,322,640,1341
Sweet! Now how will you get down?,250,61,11,322,640,2223
I'm tired of running,253,55,14,322,640,2879
He's been a delight ever since I found his stash of catnip.,254,53,15,322,640,3865
"We were playing a game of ""cat and mouse"" and ""cat"" lost!",253,55,14,322,640,4146
"I had a donkey, but I prefer the double entendres I can use when I'm riding the pussy.",263,42,21,326,640,50
The trickiest part was getting the blinders on.,284,61,16,361,640,866
Both Cubs and Red Sox won the World Series.  Hell has frozen over.,285,59,17,361,640,3818
A carrot  won't work.  Anybody want to volunteer?,266,43,21,330,640,1880
"One blind cat,see how it runs !",261,53,16,330,640,4782
Hop on!  This is going to be one helleva Facebook video!,237,47,15,299,640,1355
The key is keeping him focused.,235,51,13,299,640,3755
"Kitty up, partner, kitty up!",262,58,14,334,640,1053
"Kitty Prozac, fellas.  Nothing like life in the 21st Century.""",235,58,10,303,640,2955
Just purr and she thinks you’re a kitten.,268,53,17,338,640,0
Hypnosis really works,263,63,12,338,640,2729
Tomfoolery is not for the timid.,268,54,16,338,640,3048
"As the French say, 'Ni vu, ni connu'",270,49,19,338,640,3614
What? I’m riding a cat.,269,51,18,338,640,3787
Its the new Mellow Meow Mix,271,54,17,342,640,4641
"You hear ""Three Blind Mice"" enough times and eventually something clicks.",273,57,16,346,640,3678
You think maybe he's taking the exposure therapy a little too far?,278,47,21,346,640,4163
The hardest part is putting on the blinders.,244,61,10,315,640,2465
"I finally got the dose right on the scopolamine, guys.  And, his owner doesn’t suspect a thing. She thinks he’s just gone into a new level of aloofness.",251,54,14,319,640,2693
He’s looking for three blind mice,289,53,20,362,640,4254
No Collusion. . . .,263,44,20,327,640,3517
I'm pomp. He's circumstance.”,255,60,12,327,640,4534
Shhh,260,57,14,331,640,3060
Kittyup kittyup Buttercup.,234,48,14,296,640,3278
I'm getting ready for the Squeakness.,267,50,18,335,640,988
"It's CVR, Cat Virtual Reality.  He thinks he's stalking me.""",271,49,19,339,640,1129
"You can purchase them from ""Sharper Image"".",242,60,10,312,640,2801
God forbid the three of us ever go blind!,282,48,21,351,640,3554
"Wasn't hard, he was kinda a pussy.",285,49,21,355,640,1440
Hypnosis.,261,50,17,328,640,150
I thought we were the ones that were supposed to be blind?,262,48,18,328,640,3779
I just read Cesar Millan's book on cats.,265,49,18,332,640,4705
And if you talk shit I'll take off the blinders,266,54,16,336,640,34
It’s all about the art of the deal,270,46,20,336,640,2089
This one can leap up on kitchen counters easily.  He gets a can of tuna and I get a bag of Cheetos!,267,59,14,340,640,2376
"No, I don't want to see how you run. We all know what happens next.",271,51,18,340,640,2648
The biggest problem is finding outdoor litter boxes.,271,51,18,340,640,4290
But it’s so easy. All you have to do is download the app.,271,58,15,344,640,1169
"Bell, hell!  All we needed was a bridle and saddle.",276,48,20,344,640,1299
We just topped a million views.,274,52,18,344,640,3836
"Yes, mice evangelicals, evolution is real.",276,62,14,352,640,3961
It beats the subway.,239,61,9,309,640,491
"Just you watch, I'll find out who moved the cheese!",248,50,15,313,640,1086
"You could do this, too, if you read ""Who Moved My Cheese?""",251,44,18,313,640,3049
This is the cat's meow!,252,50,15,317,640,806
"It's taking some doing, but she's starting to think like a dog.",251,51,15,317,640,3102
Just some CDB oil and I promised him a hat.,252,49,16,317,640,4128
Who's up next? I need a break from herding cats.,258,44,19,321,640,4557
It's better than holding a grudge!,255,57,13,325,640,1269
I’m a paid professional. Don’t try this at home!,260,47,18,325,640,2930
"If he comes back without me, that means I've probably been eaten.",261,59,13,333,640,4912
My shrink is the type who recommends strange support animals.,231,44,15,290,640,953
"I also wrote a song called ""One blind cat"".",276,57,16,349,640,2184
"She's a hybrid, very efficient, and I got a great deal!",279,58,16,353,640,1524
"He listens to a podcast about conquering fears once, and look at him now...",246,42,18,306,640,2274
"Sure, it’s stylish, but paying for fuel is murder.",251,46,17,314,640,4847
"Yeah it seems like a good idea now, but what's he going to do with it when he wants to go on vacation?",258,46,18,322,640,147
Blackmail......works wonders.,265,46,19,330,640,1318
Remember when he used to just go in circles?,272,67,11,350,640,4259
Quick! Take a picture for Instagram!,277,64,13,354,640,2473
She purrs like a beaut.,283,59,16,358,640,3272
How's this for a fresh twist: 'One blind cat; see how it rides'?,247,42,18,307,640,1240
"Adopt, adapt, & improve.",244,55,12,311,640,2260
It was Freud's suggestion.,255,40,20,315,640,1615
The meek shall inherit the earth,255,54,14,323,640,483
Did you meet our new Uber driver?,260,51,16,327,640,1014
"C'mon. We are ""The Three Mouse-cat-eers.""  Let's ride.",259,53,15,327,640,3533
I haven’t the faintest idea how I got this far.,261,56,14,331,640,174
Apparently the Lasix didn’t work.,265,48,18,331,640,2516
Take away the blinkers and I'm a dead man.,266,46,19,331,640,3672
Don’t look so worried I’ve been taking lessons.,260,58,13,331,640,4840
Can one of you check my blind spot?,265,55,15,335,640,1393
Stay behind us.,270,52,17,339,640,3097
I'm taking him to his litter,275,70,10,355,640,4330
Less litter than the subway!,241,56,11,308,640,2998
I bet he works for Jerry...,246,46,16,308,640,4788
He's like a little pussy cat in my hands.,243,59,10,312,640,1460
It's his kink.,254,37,21,312,640,1626
Did you see Dave's new Catallac? The engine really purrs.,252,55,13,320,640,1498
Eat my kitty litter.,260,46,18,324,640,2143
"I told him we'd "" Make the House Great Again"". 
.",261,51,16,328,640,631
Budweiser has asked us to join their team,262,49,17,328,640,1676
"As long as it doesn’t see, I’m it’s president!",262,49,17,328,640,4061
Guess who won the midterms!,267,46,19,332,640,2734
"Fetching feta,need anything?",277,61,14,352,640,2349
I got these blinders from a Trump supporter who thought she wouldn't need them after the election!,246,34,21,301,640,696
Let's see how quick with the carving knife she is when it's darling Fluffy she's dealing with.,240,46,15,301,640,3175
The power of paws-itive thinking!,249,49,15,313,640,985
"Dressage cats are just like dressage horses, only cheaper.",250,54,13,317,640,57
Twenty-Five purrs to the gallon!,262,37,22,321,640,1198
You look surprised I went with the four-paw catallac.,258,59,12,329,640,1562
"Hop on,it's the blind leading the blind.",269,51,17,337,640,1546
Three blind mice and a seeing eye dog. What could go wrong?,275,39,23,337,640,1816
It's my best-laid scheme yet!,272,52,17,341,640,2015
We're three mice with a blindered cat. What do you think of that?,270,56,15,341,640,4136
"I'ts ok, if you don't mind a little cat hair.",269,65,11,345,640,1426
"With the blinders on, he thinks I'm a very small dog.",280,50,19,349,640,4669
All it took was the blinders and a double dose of catnip.,283,58,16,357,640,1061
How you like me now?,289,67,13,369,640,1156
And you said we should put a bell on him.,248,46,16,310,640,2719
He doesn't know that he who rides the pussy cat cannot dismount.,247,48,15,310,640,4112
It's way more fun than the treadmill.,251,54,13,318,640,2835
He's a really good jumper!,256,51,15,322,640,1846
"One pussycat in blinders, beats three mice blinded any day.",261,41,20,322,640,2231
It's faster than the A train.,262,46,18,326,640,4624
I'd rather be sailing on my turtle.,263,44,19,326,640,4660
If you ask politely and don't try to grab 'em . . .,261,55,14,330,640,1702
"Hi, I'm Jeff and I'll be your Ub-fur driver today.",265,54,15,334,640,2185
It's pretty fuel efficient.,265,68,9,342,640,2133
It took lots of treats.,273,59,14,346,640,2486
"Hey Steve, Larry.
(Billy was happy to run into his High School bullies)
Watch what happens when I remove these blinders.",275,55,16,346,640,3436
It is all about establishing yourself as the leader.,284,58,16,358,640,1804
Riding a cat you got to be kitten me!,235,46,14,295,640,2204
We have a deal. I get to ride for a week then I have to tell him where the mouse colony is.,248,48,15,311,640,1714
"Is this a case of the blind, leading the blind?",249,53,13,315,640,1112
He's the last of the three blind cats.,253,45,17,315,640,2775
What does​ he eat?!,256,46,17,319,640,31
"If I took them off, I might be lunch.",255,48,16,319,640,3721
Mastering hot yoga is my next big goal.,258,49,16,323,640,3077
It's called empathy therapy.,261,50,16,327,640,1910
50 Shades of Gray Tabby,265,42,20,327,640,2174
Zipcat,264,44,19,327,640,3302
Those equestrian lessons finally came in handy.,263,53,15,331,640,3923
"Don't worry, just stay behind the blinders.",265,56,14,335,640,37
The headset makes him think he's in control.,269,48,18,335,640,3122
Look what I got with enhanced catnip!,272,49,18,339,640,3578
Gotta use the ‘blinders’ on her or else she gets distracted by the mice,271,51,17,339,640,4927
I got him from a CATalog,282,43,22,347,640,2156
I got a really good deal at Rent-A-Cat.,276,55,16,347,640,2227
I just need to attach the carriage and then the Central Park tourists will be all over this.,276,62,13,351,640,2442
He's house mouse trained.,266,56,14,336,640,232
...but he promises to support our social policies.,260,47,17,324,640,687
"If humans can ride elephants, I can ride a cat.",259,63,10,332,640,1342
What the hell is she feeding that cat?,281,61,14,356,640,1436
This is the new world order of the old cat and mouse game.,271,53,16,340,640,2063
It's all about core strength.,250,53,13,316,640,2745
Irony is at the heart of control...,276,71,9,356,640,3398
It's the latest hybrid.,260,48,16,324,640,3422
"If only my three brothers had thought of blinders,they'd be with us still.",274,54,16,344,640,3659
"I prefer, ""English Style"".",275,66,11,352,640,4114
It's kind of fun until we go to the sand beach in a box.,285,53,18,356,640,4425
I hypnotized him. At least I think I did.,303,68,14,385,640,903
Her name is Chedder and she fetches.,294,44,23,361,640,2839
And no furballs either since he identifies as a horse!,284,50,19,353,640,1940
Doesn't work with the feral cats!,283,52,18,353,640,3872
I call him Google; he finds all my friends.,279,53,17,349,640,1075
It thinks it smells a rat.,273,65,11,349,640,2753
"I bribed a Great Dane to put the blinders on him.""",276,59,14,349,640,3803
I promised him a good meal.,279,53,17,349,640,3958
I'm steering him right to the cheese!,274,56,15,345,640,3080
"If wishes were kitties, mousies would ride.",268,61,12,341,640,700
Who knew it was all just visual stimulus and response?,267,56,14,337,640,190
"He's a son-of-a-bitch, but he's our son-of-a-bitch.",268,54,15,337,640,1523
One blind cat. One blind cat.,270,50,17,337,640,1807
This is going viral!,265,60,12,337,640,3909
We took out the dog.,267,49,17,333,640,1027
He thinks the self is an illusion.,266,51,16,333,640,4491
Easy as getting the cheese off the trap once you get them trained.,262,52,15,329,640,1052
She prefers hunting virtual mice now.,260,49,16,325,640,1762
"These Fat Cats are easy to ride, especially with blinders on. After all, they voted for “you know who” that way!",263,44,18,325,640,2501
His name is Se-cat-tariat,254,61,10,325,640,4377
This virtual reality headset is a blast. I've got the cat thinking he's Secretariat!,257,48,16,321,640,1135
"Belling"" is for amateurs",252,51,14,317,640,462
It was easy. I just convinced him that I'm an optometrist.,254,47,16,317,640,2276
This is how *I* play `cat and mouse.',251,53,13,317,640,3774
Don't be scared. He's a real pussycat!,244,46,15,305,640,2494
Haven't you heard of herding cats?   It's more than a metaphor.,232,42,15,289,640,2531
I'll be back in time for cheese,284,52,18,354,640,761
"It's like the White House. He doesn't know where he's going either, so we might as well have some fun.",265,48,17,330,640,4316
new uber ap,267,44,19,330,640,4866
What are the odds on returning from a practice run,259,53,14,326,640,3692
And they say WE'RE blind!,260,44,18,322,640,2782
This time the cat runs after the farmer's wife.,255,54,13,322,640,4231
"They're a bitch to break, but easy to clean up after.",250,57,11,318,640,328
"I got fed up with our vapid, pointless existence. So I've decided to join the rat race!",247,63,8,318,640,4530
I got the idea from something the President said...,254,42,18,314,640,921
It's easy - just stay out of the cat's mouth.,298,54,19,371,640,2850
It's actually quite safe as long as the blinders stay on.,292,66,13,371,640,3469
"Yes, they are recycled headphones. He loves Cat Stevens, too.",280,62,13,355,640,1381
"My parents wouldn’t let me ride one when I was a teenager, they thought they were too dangerous.",274,67,10,351,640,3630
Think of it as a Cat & Mouse game ... and we won!,273,48,18,339,640,255
I hope that doesn’t turn out to be catastrophic.,267,46,18,331,640,2068
I've got $200 on Fluffy.,262,56,13,331,640,2298
It's easy once you let them know who's BOSS!,254,65,8,327,640,2674
See? There's still hope we can live in peace.,241,49,13,303,640,1809
Oh Alice. Don’t look.  That Jerry is such a show off.,243,45,15,303,640,4339
"If you guys ever read 'Dune', you'd totally get this.",299,68,13,380,640,4275
Haven't you heard? Uber is downsizing.,295,50,19,364,640,1598
I wanted something clean with paws-itraction.,292,54,18,364,640,3419
We’re going out to get some proper Cat Food”.,276,58,14,348,640,88
"And you get frequent rider points, too!",275,60,13,348,640,1007
Take a lesson from humans and enslave your predators!,280,50,18,348,640,3477
He's terrible at herding.,274,55,15,344,640,4073
First time here?,271,54,15,340,640,4431
He wants to be friends now and has invited us to a family picnic.,269,44,19,332,640,1328
It's called one blind cat. Want to play?,273,36,23,332,640,4232
She works great... but I wouldn't recommend looking under the hood!,263,50,15,328,640,244
"Later, friends.  I'm off to the airport to fly my private owl.",264,47,17,328,640,4825
I’m on a cat.,264,40,20,324,640,819
The blind leading the blind never felt so empowering!,256,49,15,320,640,1840
I'm not going to race him...I'm going to put him out to stud.,247,46,15,308,640,3321
"Improvise, Adapt and Overcome!",242,49,13,304,640,2155
"Pavlovian conditioning works for cats too, guys.",238,43,15,296,640,2162
C'mon! Uber Pool is cheaper.,286,61,14,361,640,2728
Nothing like the blind leading the blind!,288,50,19,357,640,2233
I just have to remember never to remove his blinders ... or step in front of him.,285,56,16,357,640,3688
"The reins are just for looks, as you can probably imagine.",283,53,17,353,640,451
They're easier to train than you think...,273,59,13,345,640,10
I got my inspiration from a Trump rally.,282,41,22,345,640,3549
I'm gonna see how he runs.,268,62,11,341,640,1333
The saddle was the biggest challenge.,273,52,16,341,640,1752
"With the blinders on, he thinks I’m Lady Godiva!",270,58,13,341,640,2951
Hop on boys we're going to the Cheese Factory!,270,51,16,337,640,1489
It's not really that hard. They come out of the bag like this.,261,62,10,333,640,254
Did you expect him to ride me?,268,48,17,333,640,3991
"One blind cat, see how he walks!",256,58,11,325,640,1796
"Like I said, dressage is my favorite cat and mouse game.",256,51,14,321,640,1161
It's the little things that help us overcome the Three Blind Mice stigma.,261,41,19,321,640,4562
"Don’t worry, he’s a Trump supporter.",260,36,21,317,640,2615
What? You never saw a mouse riding a cat before?,252,52,13,317,640,3130
"This one's just a lease, I'm thinking of trading it in for an electric model. Maybe a Roomba.",251,54,12,317,640,4173
I'm his dominatrix - he pays me to for the ride!,251,40,18,309,640,206
Tell our mother I have joined the `Can't We Just Get Along' movement.,249,44,16,309,640,2545
"It’s pretty simple; I played the, “I identify as...” card.",244,54,11,309,640,4692
"Transcendental meditation wørks.""",299,51,20,370,640,2167
Somehow I just don't feel comfortable about this.,284,60,14,358,640,1390
He has difficulty remaining focused.,282,64,12,358,640,3014
"...Yadda, yadda, yadda, now I can’t get down.",289,50,19,358,640,4596
Catnip goes a long way!,234,53,10,297,640,71
"The previous owner got eaten alive, but I think this baby purrs.",237,47,13,297,640,1995
"In “The Art of the Deal” it said if you repeat anything five times, your wish is their command.",281,52,17,350,640,3693
There are none so blind as those who will not see,276,55,15,346,640,2530
I’m no longer afraid to drive at night.,270,53,15,338,640,84
Got the idea from a nursery rhyme.,270,53,15,338,640,1569
I'm training him to hunt for cheese.,268,57,13,338,640,4793
Beats the hell out of a bell.,262,62,10,334,640,3078
The Taming of the Meow.,266,54,14,334,640,4463
All you have to do is out-sociopath them.,265,49,16,330,640,3373
Just submitted his DNA to Ancestry.com. Turns out he’s 164th Lipizzaner.,265,42,19,326,640,1173
Its all about making your enemy your friend.,259,47,16,322,640,4177
It makes great time with the right nap suppressant.,256,46,16,318,640,2308
So much for three blind mice.,255,41,18,314,640,2359
In case you were wondering how Tom and Jerry ended.,247,50,13,310,640,2699
We're looking into alternative fuel sources.,286,51,18,355,640,2841
He told me he's a seeing eye dog.,286,51,18,355,640,4487
Domestication is the key to household harmony,238,47,13,298,640,1143
"What do you mean, ""Get off your high horse?""",280,49,18,347,640,2523
"It is eco-friendly transport. Unfortunately, the current model only runs on mice.",279,51,17,347,640,4129
I'll go get the other two.,257,60,10,327,640,3083
Do you like my new ride? It was touch and go at first.,293,67,12,372,640,3234
meow,224,40,14,278,640,2496
I was inspired by the infamous Access Hollywood tape!,264,39,20,323,640,263
"I'd wait before buying one. 
They're working on a model that drives itself.",255,57,11,323,640,3687
IT WORKS AS LONG AS THE BLINDERS DON'T FALL OFF,292,55,17,364,640,3656
I just tell him that we're going mouse hunting.,247,52,12,311,640,1280
Haven't you been watching the news?  All the rules are out the window.,249,48,14,311,640,3503
"Their therapist told them to ""switch it up"" every once in a while.",285,48,19,352,640,357
"I know this looks impressive, but he gets to eat me after this.",285,48,19,352,640,521
I finally tamed the beast.,283,52,17,352,640,3166
"We're not quite ready to ""come out.""",280,51,17,348,640,2614
I convinced him I would help protect his sunny spot from illegal immigrants.,243,46,14,303,640,3506
What happens when you encounter another cat?,272,60,12,344,640,2036
He thinks we’re blind and and wants to level the playing field.”,272,60,12,344,640,4666
"It's a new strain of catnip, but it pulls to the left a little.",272,53,15,340,640,1754
He's all cat no cattle.,280,37,23,340,640,3768
'Man Bites Dog' is soooooo 5 minutes ago.,268,54,14,336,640,3759
Belling the cat was not enough of a challenge!,271,41,20,332,640,1325
She let me grab her,267,49,16,332,640,3351
They updated the “Game of Cat and Mouse” rules to be more equitable.,263,50,15,328,640,2685
He's a three-year old. I'm entering him in the Purrness .,293,62,14,369,640,3997
It's no longer a big deal now that a gallon of milk costs more than a gallon of gas.,265,46,17,328,640,4336
Breaking her was the hard part.,290,61,14,365,640,3125
"With blinders, she offers a smooth, sustained ride with plenty of reserve power.",262,45,17,324,640,4104
They are domesticated after all.,285,64,12,361,640,120
Rodeo at the litter box at eight.,252,58,10,320,640,932
The maze doesn’t stand a chance.,255,52,13,320,640,2800
Get a dog.,252,51,13,316,640,1076
"Next we’re getting the dog, but that should be easier.",255,45,16,316,640,1155
I never thought I’d tame my fear of heights!,285,50,18,353,640,4555
I looked it up on WikiHow.,246,56,10,312,640,2431
We won the midterms!,280,53,16,349,640,3669
"Today, the cat. Tomorrow, still the cat.",276,54,15,345,640,1111
"It's a great deal! A romantic tour all around Central Park, and then he eats you.",279,48,18,345,640,4527
He's got the inside rail in the rat race.,250,34,20,304,640,284
"Once you break them in, it's a piece of cake",273,53,15,341,640,1335
I got the idea from a song about us mice.,242,43,15,300,640,526
You ought to try this hypnosis app..,238,51,11,300,640,3521
Everything’s easy once you install the blinders.,265,62,10,337,640,1876
"We're safe. Out of sight, out of mind.",296,65,13,374,640,4473
I think Jerry's new gig as a dominatrix is working out,267,51,15,333,640,1301
"I'm the president, and you're not.""",297,49,20,366,640,2682
"It's cool: if I don't squeak, he don't peak.",266,46,17,329,640,2208
Please vote for this caption so I can finally win the contest.,243,27,22,292,640,2460
"If you give a cat a cookie, it can lead to some pretty crazy things.",260,51,14,325,640,1507
"I named him ""One-Blind-Cat"".",262,47,16,325,640,2977
I'm going after Mickey. Minnie will be mine.,263,45,17,325,640,3827
It's Cat and Mouse 2.0. Big upgrade.,259,46,16,321,640,2902
I just tell him he's Best of Show,254,49,14,317,640,3594
She’s blind too,252,53,12,317,640,4549
It's already cut my daily commuting time in half!,278,59,13,350,640,1727
"Of course it's safe. With the blinders, he doesn't even know you're a mouse.",246,51,12,309,640,1258
"Oh, please. Everyone's complicit in something these days.",242,52,11,305,640,430
"It's a whole new world, fellas! Let's go to the kitchen.",241,54,10,305,640,1294
This might be taking conspicuous consumption a bit too far,246,44,15,305,640,1735
"Confidence is all, just confidence.",269,56,13,338,640,1063
Much better than being the underdog !,268,51,15,334,640,2414
He's a real pussy cat when you get to know him.,263,61,10,334,640,4221
It is the blinders. He thinks I am yarn.,265,50,15,330,640,2861
I'm calling it an Aston Meowrtin.,263,47,16,326,640,1407
He's giving me a ride and he's promised not to eat me.,257,52,13,322,640,3565
The trick is to get Fluffy to chase a laser pointer for the whole mile at Aquaduct.,255,49,14,318,640,1215
I just signed up to be a driver with Meuber,255,49,14,318,640,4826
I told you that bachelor party video would come in handy one day.,283,44,20,347,640,479
Apparently I'm the same size as his jockey.....,279,52,16,347,640,833
With the blinders he's just a pussy cat.,274,62,11,347,640,2604
Don't get cocky! Who knows what will happen when the clock strikes 12!,279,52,16,347,640,4609
"Very low carbon, except for the non-vegetarian thing.",267,62,10,339,640,2907
"Yippee-ki-yay, Motherfuckers!",279,38,22,339,640,3708
Jerry won this time,245,48,13,306,640,3610
"Now hand over your cheese, nice and slow!",289,62,13,364,640,2461
Now we're working on the dressage training,261,53,13,327,640,1174
"Last week's three caption finalists, were so bad, even my cat didn't want to see them.",268,39,20,327,640,1358
When it comes down to it...they're just little pussies.,262,44,17,323,640,852
Better than three blind mice.,260,48,15,323,640,1469
It's great transportation but feeding him could be a problem...,263,42,18,323,640,4647
This is as close to driverless as I want to get.,258,52,13,323,640,4911
If you stay away from their bellies they're surprisingly docile,280,52,16,348,640,3089
She's a big pussy cat.,276,53,15,344,640,847
"I watched a ""how to dominate your cat"" video on YouTube.",277,53,14,344,640,1377
It’s easier than it looks,268,62,10,340,640,1001
We're building an alliance against our better judgement!,271,56,13,340,640,2580
He thinks he's a dog,292,58,15,365,640,1832
"We're on the verge of a whole new world, my good gentlemice...",268,55,13,336,640,2418
You can do some rather incredible things when you are rich!,275,41,20,336,640,2684
I told you guys the mind manipulation books I read would pay off.,249,42,16,307,640,4244
L’important c’est d’essayer!,265,54,13,332,640,2478
It’s just a matter of showing them who’s boss.,261,55,12,328,640,570
What he can't see sets us free!,268,41,19,328,640,1719
"as long as he wears the blinders, I'm safe.",263,51,14,328,640,1825
Even the cat-and-mouse game suffers from too much political correctness these days.,262,46,16,324,640,4521
One blind cat. See how it rides!,277,53,15,345,640,1000
My car ate a bird today.,230,52,9,291,640,2532
You may now play.,254,48,14,316,640,2592
Now boarding Group 2. Welcome aboard.,251,47,14,312,640,4050
That's in poor taste. Please call it a cat.,272,49,16,337,640,757
As long as he can’t see behind him you’re allright.,274,45,18,337,640,1766
"What, you’ve never seen a cat herder before?",267,59,11,337,640,4373
He thinks I'm Andrew Lloyd Webber.,268,50,15,333,640,2642
"And if things start to go at all sideways, you just say 'kitty up!'",265,56,12,333,640,3037
"It's not what you know, but who you know.",244,47,13,304,640,1918
No...he has the blinders on...not me!,287,49,18,354,640,3882
He thinks i'm a hamster,276,64,10,350,640,2268
Power trip!,261,50,14,325,640,2796
See how she runs? See how she runs?,242,44,14,300,640,3163
You should try Zoober. I took a hawk last week to that hole in the wall bar.,260,52,13,325,640,4402
They're remarkably task oriented.,278,53,15,346,640,872
I met her while going door-to-door for PETA.,275,59,12,346,640,3470
"When I fell off the turnip truck, this kind fellow said he'd take me to my final destination!",280,49,17,346,640,4896
Uber!!  It's not just for the big beings anymore!!,257,51,13,321,640,2723
I'm looking for his two blind brothers,241,39,16,296,640,4861
He's such a pussy-cat!,276,50,16,342,640,626
I'm the best catwalker there is.,269,64,9,342,640,936
"So cool, the dogs up the street sell them!",279,44,19,342,640,3740
Hey Guys! And you thought politicians made strange bedfellows.,274,54,14,342,640,4502
She thinks she's a Lipizzaner.,274,47,17,338,640,426
"Another case of  someone with a tiny brain leading the charge 
while those carrying the burden are blinded to the consequences.",274,47,17,338,640,2030
Will you please stop with the cat and mouse games and get back to work!,266,63,9,338,640,3969
"I'd give you a ride in the carriage, but we had an incident at the litterbox this morning.",269,50,15,334,640,2797
"One blindered cat! One blindered cat!
See how it runs! See how it runs!",247,50,12,309,640,2658
‘He’ll do anything for a bit of catnip’,248,48,13,309,640,4386
It gets great mileage.,286,53,16,355,640,1539
"Oh, I put them on when he's sleeping.  The tricky part is taking them off when he's awake!",283,59,13,355,640,4471
It's an upgrade on the old cat and mouse game.,263,48,15,326,640,1264
"Hey, our blindness is cured and our tails have grown back.  It's time we taught the farmer's wife and her cat a lesson!",268,38,20,326,640,1533
And people said we'd never take down the catriarchy...,260,54,12,326,640,2272
"If he can't see you, he can't chase you!",260,54,12,326,640,2410
Just takes a little catnip.,258,58,10,326,640,3288
I think the sense of power may go to my head.,240,50,11,301,640,1561
"It's not the story, it's the way you tell it.",279,53,15,347,640,1573
This is my new pet cat that I just found in an alley.  Do you know what it eats?,258,51,13,322,640,2916
We're going for instagram famous.,277,50,16,343,640,1149
"""If he becomes curious, you know what happens...""",235,53,9,297,640,2157
"It's kink, sure, but it's kink on his terms.",237,49,11,297,640,4594
It takes one to herd them.,255,50,13,318,640,4178
You girls come around here often?,273,51,15,339,640,3745
I am an ecatstrian,238,40,15,293,640,157
With the blinders on he thinks I'm a tiger,270,50,15,335,640,1311
Did you request an UberKITTEN?,268,54,13,335,640,3670
"Hey fellas check it out, the family that just moved in is from Portland!",270,43,18,331,640,4435
Just call me the cat's meow.,248,43,15,306,640,1359
Either I need to give him another gummy in the next hour or get the hell out of Dodge.,261,54,12,327,640,3040
I’ve been watching “The Cat Whisperer.”,260,56,11,327,640,3684
He's a lot cheaper than Uber!,303,44,22,369,640,824
"It´s so much easier, since everyone is vegan.",257,55,11,323,640,1223
Next stop is Katmandu.,260,49,14,323,640,4182
"Tra la la, the times they are a-changing!",256,57,10,323,640,4501
The secret is spiked catnip.,279,48,17,344,640,447
"No, you're thinking of the frog and the crocodile.",273,60,11,344,640,4108
It ate my mother in the process but well worth it,241,43,14,298,640,2737
I just try not to make any sharp turns,258,46,15,319,640,1506
Turns out we both enjoy primitive American guitar.,291,54,16,361,640,3249
C'mon! It's our new act! One Blind Cat.,254,47,14,315,640,1058
Forget cat and mouse. I like to think of it as mouse and cat.,256,43,16,315,640,3230
I call it my blind cat bluff.,269,54,13,336,640,3660
I won!,268,56,12,336,640,3849
It’s all in the knees.,286,50,17,353,640,1740
"The party was great, no one got eaten.",285,52,16,353,640,3202
This is how I win elections.,272,41,19,332,640,4
Win!?  I'll be happy if we're not a late scratch.,266,53,13,332,640,136
"Who said, “Nancy, that fat cat will never let you take control of the House?”",272,41,19,332,640,507
"Roy"", I said, ""You had Trigger, Buttermilk, and Bullet all stuffed when they died, so what about Fluffy?",271,43,18,332,640,1706
It's her peripheral vision which makes her want to eat us.,268,49,15,332,640,3113
I don't know why Jerry can't seem to get his under control.,252,44,15,311,640,1245
It's fine. I'm replacable.,264,50,14,328,640,3487
Rodent Cowboy,260,58,10,328,640,3639
This sure beats Uber.,251,39,17,307,640,1165
The Mouse Too Movement,249,43,15,307,640,2999
"Yeah, that’s right, I’m a riding a cat.",278,52,15,345,640,4309
Next stop: Royal Ascat,265,41,18,324,640,2662
My trainer recommended the blinders.,274,53,14,341,640,2151
El Trojan Gato......,272,57,12,341,640,4249
Apparently he self identifies as a gently mare.,258,48,14,320,640,275
"Hop on-board  - we'll become a new cool nursery rhyme""",269,56,12,337,640,3105
Three blind...who?,286,52,16,354,640,3177
And you guys made fun of my Tony Robbins class.,267,53,13,333,640,1423
I've convinced him that he's a thoroughbred and I'm the only jockey that can take him to the winners circle,269,49,15,333,640,3222
The blinders?  They're required after cat-a-rat surgery.,283,51,16,350,640,233
My car broke down.,280,57,13,350,640,3340
Looks like there’s only two blind mice now.,264,52,13,329,640,273
"The origin of the word ""CATastrophe""",268,44,17,329,640,4783
He’s blind to my scent since his tail got shut in the cupboard door .,279,52,15,346,640,2062
They really have a bad rep. They're actually quite easily trained.,277,56,13,346,640,3973
He has a lot of pep for a gelding.,264,45,16,325,640,1884
I told you that if we made a longterm plan we could reverse the oppression.,259,55,11,325,640,2455
'I let him eat Mickey and here I am!',296,48,19,363,640,2447
Three sighted mice. Three sighted mice. See how they ride. See how they ride. They all went off with the farmer's cat because he was blind as a bat. Did you ever think you would see something like that?   Three sighted mice.,279,45,18,342,640,383
Don't worry. He can't see you.,269,65,8,342,640,1750
It's better than being eaten.,288,57,14,359,640,3294
This will work as long as the blinders stay on.,279,61,11,351,640,1337
You wanna see me ride this pussy bareback?,257,38,18,313,640,714
"Well, look at me now Lucy! I bet you're now starting to regret leaving me for Jared.",267,48,15,330,640,4263
I'LL SEE YOU ON THE OTHER SIDE.,279,54,14,347,640,2784
Do you like my Uber?,277,58,12,347,640,2950
I convinced him that he was a horse,282,48,17,347,640,3826
We still don't know who tamed who.,248,49,12,309,640,1405
This is not my first time at the rodeo,251,43,15,309,640,3863
It's the blinders - she thinks they look like Ray-Ban Aviators.,266,43,17,326,640,3675
"I figured if you can't beat 'em, you ride 'em",272,61,10,343,640,2053
"Trust me, you will want to maintain your position on the periphery while he demonstrates the canter.",273,59,11,343,640,3187
It's more fun than tying a bell around his neck.,273,59,11,343,640,4180
Why the funny look?  It’s not like he can ride me!,289,57,14,360,640,2052
"I'm telling you guys, it's purrrrrrrrectly safe.",289,57,14,360,640,3772
Certainly you've heard of the tail wagging the dog.,244,50,11,305,640,143
"The hard part was convincing him he’s a horse”

(And the second hardest part is logging into the New Yorker’s website",265,38,19,322,640,4225
HEY GUYS! LOOK AT ME! I'M MAKING AMERICA GREAT AGAIN!,278,42,19,339,640,117
"A cat, a cat, my kingdom for a cat.",274,50,15,339,640,2891
Way easier than belling it...,286,56,14,356,640,52
You would be surprised what a little cat nip and fancy feast will do.  I am off to the races.,226,49,9,284,640,3157
The power of positive thinking—and blackmail.,245,41,15,301,640,341
She likes to relax before a meal.,260,41,17,318,640,144
"He's great at pouncing, but not so good on turns.",252,57,9,318,640,409
I’ve got forty head of cat out back.  Driving them straight to the pound at daybreak.,254,53,11,318,640,2776
"Yep, just like mama said; 'You can lead a cat to the litter box, but better hold on real tight when you get there'.",259,43,16,318,640,4712
Let's rewrite history! Three blind cats is the new narrative.,270,51,14,335,640,708
Mousus Aurelius,271,49,15,335,640,1362
"If you focus their attention, they’re easy to herd.",271,49,15,335,640,3696
Never thought I'd break a cat.,301,49,19,369,640,4035
We're on our way to Dresssage class.,238,48,11,297,640,4564
"We're headed to the pantry for catnip and, perhaps, a small wheel of cheddar.",264,56,11,331,640,193
Just grab ‘em by the _____and they’ll go wherever you want.,270,44,17,331,640,1867
Easy once I got the blinders on.,264,56,11,331,640,4119
To hell with the three blind mice shtick.,268,48,15,331,640,4183
Blackmail my friends. Blackmail,269,39,19,327,640,2792
He thinks blinders relieve his anxiety,264,49,14,327,640,3652
She's self driving believe it or not.,275,57,12,344,640,4343
"It's called an iMind; it has music, muzzle and peripheral blinders. Best invention since sliced cheese.",263,44,16,323,640,169
"Once you bell the cat, the rest is easy.",262,46,15,323,640,2790
It's my new catbriolet.,276,48,16,340,640,3011
We call him American Feral.,260,50,13,323,640,4623
It's the classic game of mouse on cat.,274,45,17,336,640,2900
"It's great, except for her nap time.",267,59,10,336,640,3372
"The mouse and cat games, you mean.",253,57,9,319,640,4753
we won the house didn't we,247,39,16,302,640,653
payback time for that stupid three blind mice song,284,48,17,349,640,4151
He's all cat and no cattle.,270,46,16,332,640,3146
"Hey guys, this horse says he’s got room for two more.",274,61,10,345,640,3595
"I tell you, this 'Uber' cat sure gives you a 'Lyft.'",268,43,17,328,640,269
It’s called immersion therapy.,270,39,19,328,640,2171
They say it's the Uber of fear management.,251,47,13,311,640,370
He’s in training,277,48,16,341,640,3393
Don't  squeak !!,272,58,11,341,640,4484
JUST CALL UBER...ALL I DID WAS ASK FOR A HYBRD!,262,48,14,324,640,4305
Bells? Where we're going we don't need bells. Now watch me get up on the kitchen counter ...,250,42,15,307,640,448
Mind over litter.,247,48,12,307,640,619
They're very obedient once you break their spirit.,287,51,16,354,640,1448
"Since I got him broke, he's been an ol' pussycat!",270,55,12,337,640,3867
I wish you could see this.,262,41,17,320,640,375
They say you eat with your eyes.,256,53,11,320,640,2865
You can get him to do anything just before dinnertime.,258,49,13,320,640,2896
And to think he calls US blind.,242,51,10,303,640,4904
Blind leading the blind,286,46,18,350,640,4350
Its nothing to switch out the catnip with THC edibles.  It's a whole new normal for us.,267,54,12,333,640,796
"Don’t worry, I told him you have rabies.",265,58,10,333,640,1849
"Mable, I’ve heard of the “Cat Whisperer” but never thought  I live to see him.",271,46,16,333,640,2625
It's dressage. He needs them to keep him focused.,252,54,10,316,640,1336
"He readily agreed after the ""Access Hollywood"" tape",254,50,12,316,640,3631
"He wouldn't go for the bell, but was remarkably amenable to my next suggestion.",277,57,12,346,640,2588
"If you did the same as I did, we could call ourselves 'The Three Mouse-Cat-eers'",267,47,15,329,640,677
"It's okay, we're just playing...""Cat and Mouse,"" he said.",269,43,17,329,640,1338
"She might have nine lives, but as for me, YOLO!",266,49,14,329,640,2702
He just thinks he’s saddled with debt.,272,37,20,329,640,3174
Whipped Pussy,270,41,18,329,640,4024
Hey Lorraine - now do you believe in karma?,285,64,10,359,640,3065
"Save a horse, ride a pussy.",258,35,19,312,640,487
"Ignore him, he just turned one and he's going through a midlife crisis.",296,65,11,372,640,2402
The horse was just too skittish!,261,52,12,325,640,1716
We ride for justice! And laser pointers.,264,46,15,325,640,1866
I've flipped the whole 3 blind mice scenario around.,284,59,12,355,640,2082
This is going blowup a lot of predator prey theories.,271,55,12,338,640,4140
"When they named him Secretaricat, what choice did I have?",272,46,16,334,640,2114
It's called counter-insurgency.,293,57,14,364,640,1955
"...and then he's going to replace our healthcare with ""something terrific"".",261,38,18,317,640,3015
Survival of the fittest.,278,57,12,347,640,567
"Don't worry mom and dad, no matter what happens, I guarantee you, I'll land back on my feet again.",279,55,13,347,640,4087
I know it looks ridiculous but the tourists will love it.,270,43,17,330,640,1605
It's a new world,273,60,10,343,640,1852
There's always a first time.,282,42,19,343,640,4879
It has a lazor pointer guidance system.”,260,33,20,313,640,1695
Which way to the S&M conference?,284,61,11,356,640,2669
I've got him thinking he's a member of the Hole in the Wall Gang.,261,55,10,326,640,1142
They’re THIS close to making self-driving ones of these.,266,44,16,326,640,1968
It's different. Horses don't eat people.,270,36,20,326,640,4124
"He spooks easily, so I added these.",280,62,10,352,640,3109
Definitely catatonic.,259,51,12,322,640,3515
House broken with benefits.,257,55,10,322,640,4478
Catnip extra strength!,246,47,12,305,640,4661
And now I can be The Mouse That Reared.,281,53,14,348,640,4619
"It's OK, we have a deal",220,46,9,275,640,3674
He's a little friskie.,255,52,11,318,640,1599
I told you I have friends in high places,285,68,8,361,640,1739
If he only knew......!!!!,266,53,12,331,640,911
Hopefully we can keep this up until we get to the animal control shelter.,264,50,13,327,640,737
"Don't worry, after I get all the cheese, I'll let him go.",274,53,13,340,640,3864
It's all in how you talk to 'em.,284,56,13,353,640,2108
It's our equivalent of having invented the wheel.,249,50,11,310,640,170
Don’t say anything - we’re playing blind man’s bluff!,246,56,8,310,640,1159
It's okay; I already checked. He promised he wouldn't eat me.,247,54,9,310,640,4253
It came with a manual.,260,51,12,323,640,334
We're OK if I can keep him looking straight ahead.,260,51,12,323,640,4205
He's a Trump supporter.,282,30,24,336,640,2885
"he was worthless until i tried the blinders, now he is a pussy cat",288,64,10,362,640,3627
Can you believe my parents didn't want me to major in Dressage?,291,58,13,362,640,3771
The blinders make all the difference.,249,43,14,306,640,1950
She came up with it at the loving-kindness workshop.,261,42,16,319,640,2815
I think this is our best chance of catching the framer's wife.,261,42,16,319,640,4742
The Tabby Taxi is finally in service.,267,53,12,332,640,371
"veni, vidi, vicheese",265,57,10,332,640,2044
He’s  been that way ever since he went to that Tony Robins workshop.,264,59,9,332,640,2117
They really are dumb as a post.,293,47,18,358,640,605
Finally decided to listen to someone with an opposing political view.,242,50,10,302,640,2464
"The blinders keep him in a CATatonic trance, haha!",253,51,11,315,640,68
"It's a ""ride or die"" relationship",251,55,9,315,640,1192
"I call him ""My Base"".",264,52,12,328,640,1544
"Have fun scurrying, suckers!",264,52,12,328,640,3054
"This has all the makings of a CAT-astrophe....""

(Submitted by Stephanie Hoina, White Plains, NY",274,55,12,341,640,1894
I’ve got this.,277,51,13,341,640,2701
"Because he can’t see me, he thinks I’m the cat’s meow!",278,47,16,341,640,4464
She ofered me a free ride to her dinner plate.,273,50,14,337,640,1564
It works better than the bell.,281,57,12,350,640,2574
I feel like that fancy new ride he going to come back to bite him.,302,38,23,363,640,3623
He’s grateful to have a job. Can you believe it?,247,49,11,307,640,2985
We couldn't find a bell but I think this worked out better.,259,48,13,320,640,1534
The key is the blinders.,257,52,11,320,640,1761
Does it have GPS,271,47,15,333,640,956
"The kitties are coming!"" ""The kitties are coming!""
-Paw Revere",274,41,18,333,640,2182
"Relax! He told me the trip would be short and sweet.""
Elaine Ryning, San Francisco, Calif",269,51,13,333,640,4475
"Other ridesharing services don't respect their employees, but at ""Tabby Road"" I feel like I'm part of the team.",283,46,17,346,640,2870
I’m gonna rustle us some cheese.,254,51,11,316,640,338
It's a part of the guiding eyes for the 3 blind mice program.,264,31,21,316,640,3240
"He must have heard ""nice""!",276,53,13,342,640,1553
Bet Yellow Cat to win!,276,53,13,342,640,2070
"Let's see how he runs, for a change.",273,59,10,342,640,3498
Nobody can beat him in the stretch.,271,56,11,338,640,95
Training him has been easy since I found the catnip stash.,251,50,11,312,640,630
Pot rules!,264,47,14,325,640,863
It feels good to be back in the saddle again.,265,45,15,325,640,904
And she's got a new CATalytic converter that really cuts down on those nasty emissions.,251,50,11,312,640,981
She answers to Cheddar,286,49,16,351,640,1074
Her name is Florence and we're going to Arabia.,288,45,18,351,640,1887
Even Mickey doesn't have a ride like this boys!,276,46,16,338,640,2001
"Thanks to Deepak Chopra, I've been able to achieve my goals through visualization and meditation.",272,54,12,338,640,2467
"We ride at dawn, Marcellus!  Hopefully Rawl never learns that our steed is declawed.",274,50,14,338,640,3410
I hope that cat isn’t smarter than it looks!,288,61,11,360,640,4582
After I took the bit out of her mouth she purrs like a kitten.,246,53,9,308,640,262
I taught him to channel his inner horse.,228,43,11,282,640,940
I'm off to the litter box Rodeo!,287,56,13,356,640,3322
"You can worry about toxoplamosis risky behavior, or you can lean into it.",276,48,15,339,640,901
"If you just shift your attitude, they become more pussy and less cat.",274,52,13,339,640,1542
They’re to keep him from being distracted by a piece of string.,262,53,11,326,640,560
I am going to be dead cert to win that rat race now.,259,59,8,326,640,2293
Anything is possible with blinders on.,264,49,13,326,640,3431
One blindered cat. One sighted mouse. One surprised farmer's wife. Three tails to glory.,241,49,10,300,640,379
"He’s my trophy cat—so his racing name is 'Cat-as-trophy'.""",286,44,18,348,640,4273
"I’ve gotta take it into the shop, the exhaust pipe keeps leaking.",263,44,15,322,640,1024
I hired a cat whisperer and voila...,256,58,8,322,640,2363
"Next thing I do,I'm going to put on a bell.",258,54,10,322,640,2482
"Don't worry, he's tame.",257,56,9,322,640,4632
It's uber purrlus,282,45,17,344,640,1861
He’s called The Calico Stallion.,280,49,15,344,640,3728
“I know they say one should conquer one’s own fears but he has taken it too far,269,48,14,331,640,411
"Come on, don't be a pussy. Try it",267,52,12,331,640,1249
Ssshh...are you guys crazy?!? Don’t say the word ‘M-O-U-S-E’ again!!,270,46,15,331,640,3959
"Shhhh, he thinks I’m a dog.",262,39,17,318,640,1584
We're safe as long as the blinders are in place!,283,59,11,353,640,3874
It’s a trick I learned in Mara Lago ...,240,37,15,292,640,4849
It's easier than I expected.,274,54,12,340,640,399
Where does justice end and vengeance begin?,263,53,11,327,640,305
"If you can't beat em, join em.",264,51,12,327,640,1447
Wanna see him do dressage?,254,48,12,314,640,666
We've gotten along great since he found out my family owns a catnip factory,273,49,14,336,640,106
"I look good up here, don't I?",263,46,14,323,640,996
And you said it could never be done.,283,45,17,345,640,3646
"Mouse, shmouse. He thinks he's got the Lone Ranger up here.",261,43,15,319,640,1259
She's laser guided.,264,37,18,319,640,4905
Suck it up...love thy neighbor,275,54,12,341,640,2747
Hey guys! I took your advice and sprung for the hansom cat.,273,58,10,341,640,2871
"Look at me I'm riding a lion. Oh yeah, we are all blind.",272,60,9,341,640,3898
Mouse in the house.,265,51,12,328,640,2990
There's a new sheriff running this cat and mouse game,265,51,12,328,640,4925
See how she runs!,292,59,12,363,640,179
"With blinders, he thinks I'm a jockey.",310,62,13,385,640,3932
I know you are surprised. But cats really can be trained.,272,53,12,337,640,3738
It took a while to break her. Now she’s as docile as a kitten.,261,52,11,324,640,2428
You just have to start the training when they are newborn kittens and weak!,265,44,15,324,640,2579
I spiked his food with Jeffrey's Xanax. Now he's placid as a cow.,274,42,17,333,640,889
Some cat videos on YouTube are more than compromising.,259,49,12,320,640,2806
"Hey, that new hypnosis technique you told me about really works!",274,58,10,342,640,4852
"Making a run to the Catnip Dispensary,  need anything?",268,47,14,329,640,1162
Who says we can’t build a better mousetrap?,244,33,17,294,640,4318
He's as tame as a pussy cat.,277,45,16,338,640,3532
This cat is a real pussy,266,44,15,325,640,264
I learned it from hypnosis for dummies.,269,54,11,334,640,140
Once you break them it's a blast.,269,54,11,334,640,596
There was a young lady of Niger . . .,272,48,14,334,640,822
I shared my cheese with him.,288,55,13,356,640,2808
Between you and me? She's nuts not having gone with a Western saddle.,243,44,12,299,640,4102
I’ll be there if she feels like it.,266,37,18,321,640,4341
"Yeah, who ya daddy now girlfriend",285,38,20,343,640,871
This situation doesn't need a caption.,278,52,13,343,640,4174
Could you make the mouse hole a little bigger?,277,54,12,343,640,4379
Doesn't everyone wear blinders in this country?,282,44,17,343,640,4744
"Well I know I said I wanted a Tuxedo, but you don't look a gift cat in the mouth.",270,46,14,330,640,43
Don't look so concerned. We're only playing 'Cat and Mouse'!,284,56,12,352,640,2635
He doesn't even have to be away any more.,269,47,14,330,640,3069
This was easy. Try getting him to eat cheese!,265,55,10,330,640,3568
"Git along, little kitty.",284,56,12,352,640,4064
We're gonna mosey on over to the cheese shop.,272,57,10,339,640,1166
Nature vs. nurture? No contest.,275,51,13,339,640,1994
"I just said to him 'If wishes were cats, then small mice would ride', and here I am",255,52,10,317,640,612
I am trying the ferretwheel next.,259,44,14,317,640,3055
"Control input, control reality.",270,38,18,326,640,1018
Role Prey,263,52,11,326,640,1773
“Kittyup ..... I’m so giddy.”,267,44,15,326,640,2813
Wait'll you see me with the owl,244,51,9,304,640,2793
"It’s bumpy, but it beats riding in the front.",246,47,11,304,640,3579
"It's the new Purr-geot""",272,52,11,335,640,1201
i think its o.k. as long as we keep the blinders on.,281,48,15,344,640,3817
I told you synthetic catnip would do the trick,261,49,12,322,640,572
Just a short trip over the Alps and on to Rome.,274,39,18,331,640,1674
Who's the biggest cat in the jungle now?,271,45,15,331,640,3448
It's surprisingly easy provided you have the right podcast.,269,49,13,331,640,4251
If you give a mouse a cookie.,233,43,11,287,640,3645
"Out of sight, out of mind I always say",233,43,11,287,640,4554
"That's okay, you can call me Mighty Mouse.",277,49,14,340,640,4081
I finally found someone willing to wear google glass.,278,47,15,340,640,4123
The hard part was getting the saddle and harness on.,258,48,12,318,640,1399
"Honey, I sold the kids",289,41,19,349,640,121
"They're species fluid and today they're feeling a little 'horse""y",268,44,15,327,640,2927
We pay after we take our rides.,269,42,16,327,640,4768
"Blinders, better than a bell.",250,41,14,305,640,1898
That looks like our UberBlackcat.,272,52,12,336,640,2087
I was granted the patent yesterday.,277,42,17,336,640,3265
You two better start behavin' or else I'm taking these blinders off!,273,50,13,336,640,4745
I started with a bell...,300,51,16,367,640,2938
Howdy pardners.....we're off to find the man who shot his paw....,254,49,11,314,640,2759
"His name is Dueteronomy, and he's a sure thing in the 7th race!",282,48,15,345,640,1248
"You lie, and lie, and keep on lying.",280,52,13,345,640,2113
"Pretty cool, eh? Just make sure you get the right blinders.",262,49,12,323,640,1957
"See, there's more than one way to tame a cat.",247,40,14,301,640,4201
"Turns out, you CAN train them, just like dogs!",275,39,18,332,640,1445
"Considering there's no bit in his mouth, I have no idea how this is working!",267,55,10,332,640,2417
She said she'd take me to Mickey's Birthday Party!,273,43,16,332,640,3876
The only things worse than going behind him is going in front of him.,279,47,15,341,640,563
"Once you train ‘em, they’re not too bad!",249,52,9,310,640,2506
"So I told her, When the cat's away, the mice will play.",275,55,11,341,640,3447
The dealership offered a no biting package,274,57,10,341,640,4629
Dressage anyone?,284,53,13,350,640,1296
He thinks he is Julius Cheesar,283,55,12,350,640,1527
"No fear, no thrill!",267,48,13,328,640,3892
It's the only way when your soulmate's instinct is to eat you.,267,48,13,328,640,4172
You just have to grab them right by the reigns,254,51,10,315,640,1250
The revenge of the three blind mice!,289,52,14,355,640,1044
The only thing I don't like is the trunk.,294,42,19,355,640,2145
Edibles.,263,49,12,324,640,211
"Hypnosis didn't work, but the Taser did the trick.",265,45,14,324,640,2406
I can dream can’t I?,261,53,10,324,640,4626
We're going to test them next on humans.,299,48,17,364,640,440
Wait'll you see me in my new silks.,301,44,19,364,640,1568
That's a stupid question.  I'm a person. I'm riding a horse.,272,47,14,333,640,1947
"YES WE HAVE OUR OWN YOU TUBE CHANNEL, HOW DID YOU KNOW?",276,39,18,333,640,2547
He thinks I'm Gene Autrey.,273,45,15,333,640,3181
"Fred, you called catnip a hoax! How do you like them apples?",279,49,14,342,640,2422
"Damn, Hertz Rent-A-Car, this isn't a Jaguar!",254,44,13,311,640,946
I'm entering him in the Cattucky Derby.,287,49,15,351,640,1774
Traffic makes him nervous .,277,46,15,338,640,1087
Who said cats are smart!!,276,48,14,338,640,4680
He couldn't resist a good business idea.,242,45,11,298,640,1508
It's how ya grab em that counts,295,42,19,356,640,4644
The line between love and hate REALLY is thin,261,55,9,325,640,1023
Cowboy Up! It’s a therapy cat...,264,49,12,325,640,2287
He thinks I'm the Vet.,273,47,14,334,640,1100
Life's always been a rat race.,272,49,13,334,640,3842
But what does the cat get out of it?,273,47,14,334,640,4599
I’ll be back before midnight.,276,57,10,343,640,3763
He's promised a big tax refund if I'd ride along,280,49,14,343,640,4409
Mouse-and-cat  is the new cat-and-mouse game.,291,59,11,361,640,1893
"...headed to The Fromagerie.  Want anything, guys""",256,42,14,312,640,442
Thank Dog for Pavlov and catnip!,264,42,15,321,640,3338
"No, we no longer ride sidesaddle.",257,56,8,321,640,4308
I am now teaching her to train a dog!,267,52,11,330,640,153
"It’s easy, I just talked with the Cat Whisperer”...",270,46,14,330,640,3636
The blinders keep Frisky here from noti...,276,50,13,339,640,907
"Yeah, it keeps her from being distracted by all the fake news.",278,46,15,339,640,2043
"Bell, my ass!",262,39,16,317,640,608
It's exactly like riding a horse!,262,39,16,317,640,2859
As cats go this one is the coolest.,265,49,12,326,640,235
"Once he has mastered the trot and the canter, then the blinders can be removed.""",262,55,9,326,640,1453
Of course you're seeing things!  Now hop on before I wake up!,266,47,13,326,640,4885
"When you ride dressage with the right blinders, you can convince anyone you're making America great again!",277,41,17,335,640,3098
It's all a matter of perspective.,279,53,12,344,640,1783
It's a living!,250,56,7,313,640,617
We're teaming up against the canines.,252,52,9,313,640,3620
"The bell was too noisy, but she has really taken to the blinders.",264,44,14,322,640,3219
"Yeah, got it on a 3 year lease. Smooth ride. Part of my family planning benefits.",263,46,13,322,640,3650
"I tell you, once you get the blinders, on training them is a piece of cake.",265,58,8,331,640,1098
He won one fight against the enemy and now he thinks he's Napoleon.,272,44,15,331,640,1300
From now on I’m gonna do things my way.,274,40,17,331,640,2692
Easy peasy once I had the blinders on.,279,46,15,340,640,4171
He wants to avoid the looks of shame.,304,44,19,367,640,3576
It’s the postmodern version,253,43,13,309,640,1138
"Dudes, I own this cat.""",259,47,12,318,640,2224
I'm the mouse that roared. Look what it got me! You can do it too. Think positively!,260,45,13,318,640,3583
But don't you know about that new ride-sharing app's predatory practices?,268,45,14,327,640,4361
"Not only do they get better milage, but I much prefer their sense of sanitary disposal.",271,55,10,336,640,423
My cousin Vinny’s catnip did the trick.,299,47,17,363,640,2964
"No, I don’t think she can see me around the training blinders. Why?",247,48,10,305,640,3488
I'm his hunting guide. Kitchen's safe for another forty minutes.,254,50,10,314,640,877
Lady Godiva got nothing on this.,254,50,10,314,640,3698
I've come for your cheese.,253,52,9,314,640,4496
"Once you find a cat the obeys humans, mouse-breaking it is a snap.",264,46,13,323,640,1701
...if it's the last thing I do.,264,46,13,323,640,4638
I rented you each one. You can see how they run.,270,50,12,332,640,1917
"It's all in the blinders, guys.",264,62,6,332,640,2647
My how the tables have turned,274,58,9,341,640,304
"He can’t see who is in charge, so I am safe!",276,54,11,341,640,1698
I never get cut off anymore!,274,58,9,341,640,3408
Did either of you call for a Hansom Cat?,290,58,11,359,640,4897
"You can lead him to an open doorway, but you can't make him go through.",245,45,11,301,640,1512
She's a really smooth ride once I finally get her started.,259,49,11,319,640,2832
Bell schmell. The secret is to blind the fucker.,272,39,17,328,640,49
His fuel efficiency and manueverabilitys been aces since we switched him to an all-vegan diet.,268,47,13,328,640,2894
It's the express to Katz's Deli.,287,41,18,346,640,782
We're training for the Kentabby Derby.,294,52,14,360,640,1472
I got a sweet deal on a Toxoplasmosis cat.,253,54,8,315,640,2101
His name is Horsey.,263,50,11,324,640,2667
"On even days, I play the 'trophy' for her owners.",267,42,15,324,640,3499
She’s my bitch.,289,46,16,351,640,4355
It's a '67.,293,47,16,356,640,2533
Dog people” will never learn,279,59,9,347,640,4551
I discovered a new spell: Catatonia.,270,45,14,329,640,1611
"Once you're saddled up,it's easy",266,53,10,329,640,2617
"Finally, The Democrats won.",273,39,17,329,640,3574
"It was a good idea, but we don’t  need that bell anymore",265,55,9,329,640,4321
Keep looking... there must be three blind cats.,267,51,11,329,640,4523
"Pizza Rat is done with the subway, my friends!",265,39,16,320,640,4265
"Insane times, right?  And it gets wilder...Trump is POTUS!",256,41,14,311,640,1187
"Hi , I'm Nancy , and my cat's name is Donald .",286,38,19,343,640,2064
Tallyho! I'm offf to see a man about a horse.,274,46,14,334,640,1585
You just gotta grab em by the pussy and show them the way,260,42,14,316,640,4268
Kitty dressage.  It's a new sport in the next summer Olympics,251,44,12,307,640,561
Good thing he doesn’t know I’m supposed to be the blind one,252,42,13,307,640,4901
Wanna go for a ride on my pussy waggon?,269,49,12,330,640,4676
he has no idea what's going on,265,41,15,321,640,129
"Nothing ventured, nothing gained!",256,59,6,321,640,975
"You know what they say, ""Don't look a gift-horse in the mouse!""",247,45,11,303,640,2993
"""The key is, putting the blinders on first.""",281,50,13,344,640,4242
We are training for the Catucky Derby,275,46,14,335,640,2526
I tamed the savage beast.,271,54,10,335,640,2755
You laugh? Watch this left turn.,257,50,10,317,640,4831
"I got the idea from, the three blind mice.""",253,42,13,308,640,2802
After all these years the 3 blind mice discover they only had cataracts.,245,42,12,299,640,590
"There was an adjustment period, but it gets great gas mileage.",241,50,8,299,640,2097
"For years hence, they will tell the tale of Three Mice and Blinders.",278,49,13,340,640,1179
He never heard of 3 blind mice.,265,59,7,331,640,2434
You see? Gotta learn to control your fears before your fears control you!,258,41,14,313,640,1872
I'm trying to teach him what giddyap means.,251,39,14,304,640,4239
"All’s good unless
We come upon some catnip",285,60,9,354,640,3129
Three blind mice more like 1 blind cat...,285,44,16,345,640,123
I use reverse toxoplasmosis.,283,48,14,345,640,1312
How did he even get up there?,283,48,14,345,640,2295
Just don’t open a can in the vacinity,282,50,13,345,640,4013
It helps keep him focused on the next lap.,271,56,9,336,640,4168
I've convinced him he's an UberXL.,278,43,15,336,640,4845
Sweet ride; you should get the app. Last week my Uber was a Bernedoodle.,267,48,12,327,640,3
We'll be fine as long as the blinders stay on,269,44,14,327,640,2979
"Later dudes, he's taking me to Cheese Mountain!",264,54,9,327,640,3622
"Why, yes, I am from Niger.",270,42,15,327,640,3859
Stick your finger in his ass and let's see if he gallops.,258,34,17,309,640,3564
"No worries, he only eats rats",293,53,13,359,640,2670
Going  on a big cat safari,289,45,16,350,640,4819
"I had to use Grandpa Joe as bait and he didn't make it, but he was getting old anyway.",281,45,15,341,640,1458
It's the blinders - he thinks we're nice.,272,63,6,341,640,4913
Ignore the fake news and marvel at the accomplishments!,242,34,15,291,640,4039
He's actually a really nice guy once you bend him to your will.,274,43,15,332,640,652
They're in therapy.,270,51,11,332,640,4200
Funny how now he sees things my way!,264,47,12,323,640,94
We're on our way to ta Tom and Jerry festival.,264,47,12,323,640,1576
Feeling much better since I fixed the blinkers.,259,57,7,323,640,4110
I got the idea from Fifty Shades of Calico.,266,43,14,323,640,4422
"You tell 'em I'm coming! ... and hell's coming with me, you hear?",259,41,14,314,640,1365
I used sweet talk and a lot of catnip rewards.,259,41,14,314,640,1661
"Sad to say, he's just a one-trick pussy.",292,48,15,355,640,2250
"Once she's used to the distance, we'll be offering rides through Central Park",287,42,17,346,640,1121
Don’t just sit there!  Hop on we’re going to see the wizard,282,52,12,346,640,1842
I told you the Dressage classes would pay off.,284,48,14,346,640,3079
"Well, I'm off to round up some cheese, boys.",265,54,9,328,640,82
I know you are riding high right now but wait when mom finds out,304,49,16,369,640,3978
DNA Testing got us together...again!,283,59,9,351,640,3236
The key is the blinkers and using a deep voice.,279,51,12,342,640,609
"One blind cat. One blind cat.
See how it walks. See how it walks.",270,53,10,333,640,53
"Don't worry, he's an outdoor cat",268,57,8,333,640,2890
Redux: The meeses shall inherit the Earth.,278,37,18,333,640,4141
It's the latest Tesla,267,43,14,324,640,291
"Shhhh, he thinks he's white, too.",263,35,17,315,640,1822
I’ve convinced him that all genus is fluid,258,45,12,315,640,1827
Let me take this puppy for a spin.  Just kidding.,255,51,9,315,640,2423
"Without his Twitter account, he’s a real pussycat.",285,48,14,347,640,2110
"Yes, it's a sport.",282,54,11,347,640,3845
"A blind cat, Lord knows it's about time!",272,42,15,329,640,667
My Uber app wasn’t working. So I had to resort to extreme measures.,268,50,11,329,640,2595
She's a real pussycat.,291,45,16,352,640,1084
"forget that 3 blind mice con, this works way better",287,53,12,352,640,2057
He’s blind when it comes to 3 mice.,284,43,16,343,640,4929
I used the fish and spray bottle technique.,268,59,7,334,640,1347
"It's very functional, and perfectly safe once you provide the blinders!",266,63,5,334,640,3124
These virtual reality blinders causes him to believe he's a horse.,269,41,15,325,640,3308
"Not to worry, I've convinced him he's 'Seabiscuit!",270,39,16,325,640,4041
You guys call for a taxiplasmosis ?,285,50,13,348,640,4000
He doesn’t really notice notice the irony of doing us a favor,256,51,9,316,640,886
What were you expecting a seeing eye dog?,252,43,12,307,640,70
It's a new ridescare.,297,51,14,362,640,1402
3 blind mice seek payback,292,61,9,362,640,3600
"Sure it'll kill me eventually, but until then I gain political power.",243,45,10,298,640,228
At least you can say you knew me when.,262,48,11,321,640,2251
"I need to use a ladder, but the missus is a Kangaroo mouse. She just hops on.",262,48,11,321,640,3160
The hardest part was breaking him to ride.,267,38,16,321,640,3586
These virtual reality blinders come with some awesome apps!,287,39,18,344,640,2867
I upgraded to the laser-guided model.,274,49,12,335,640,114
Just a seeing eye cat and his three blind mice.,270,57,8,335,640,3461
Can you imagine cleaning up after that thing?,268,45,13,326,640,4800
"Just be sure the blinders stay on her.""",303,57,12,372,640,4335
...a horse reared this litter...,279,48,13,340,640,4241
He said the bell was ruining his tai chi.,281,44,15,340,640,4622
We're cool now.,274,42,15,331,640,4130
We're off to chase mice -- let us know if you see any!,265,60,6,331,640,4891
The eye blinders absolutely must come first.,262,50,10,322,640,636
"Hey, we were blind ourselves once!",263,48,11,322,640,3131
co-working is the future,246,41,12,299,640,3926
What do you think will happen to him if those blinders fall off?,291,58,10,359,640,4027
Cat dressage is our best defense.,267,49,11,327,640,2598
I am dappling in cognitive behavior therapy. It’s working.,278,52,11,341,640,815
"I got the idea from ""Three Blind Mice"".",278,52,11,341,640,4778
His name is Pescatariat,262,43,13,318,640,294
"Grooming is a problem, and she's the pickiest eater.",259,49,10,318,640,4048
He's just a pussy cat until someone says 'mouse'.,258,51,9,318,640,4469
Better or worse without the chaps?,269,54,9,332,640,4706
"I no longer look for big cheese, I AM the big cheese.",272,48,12,332,640,4867
I call it revenge,252,47,10,309,640,703
Have you heard of  You Tube?,254,43,12,309,640,3213
"Contrary to popular opinion, they are trainable with the proper equipment.",255,41,13,309,640,4875
When you get into the back stretch he's unbeatable.,283,51,12,346,640,1307
Cat's are known for their sense of duty.,287,43,16,346,640,1744
Let me know how that whole bell thing works out.,266,44,13,323,640,2989
You can play when we’re out of sight . . .,263,50,10,323,640,3914
"No bit, no saddle cinch.  Who knew cats were easy to break.",277,47,13,337,640,868
Some cats will do anything for a buck.,281,39,17,337,640,4297
I preferred the high horse to all this pussyfooting around.,275,35,18,328,640,4006
He thinks he's carrying the Queen.,279,52,11,342,640,3043
Have you guys seen that cat herd around here anywhere?,261,47,11,319,640,625
You just got to love how this turned out!,294,48,14,356,640,2917
We're letting our predator/prey instincts ride until after the holidays.,290,55,11,356,640,3270
I'm entering Secretaricat in the Preakness.,292,51,13,356,640,3481
"er, do you know where the guy before me went to?",270,54,9,333,640,701
"When we get back, I'll have an inside view point.",272,50,11,333,640,2771
"I've hypnotized him so while the cat's away, the mice can play.",274,46,13,333,640,4664
It started as a family hayride.,276,51,11,338,640,137
Why else would I ride a Cheshire cat?,275,53,10,338,640,1141
We have a 5 Paw rating on CabbyTabby.com!,289,50,13,352,640,1509
"No more rat-race for me, I'm getting ready for the Cat-tuckey Derby.",291,46,15,352,640,2079
"Don't EVER challenge me again with ""Are you a Mouse or a Man!""",294,40,18,352,640,2843
Mighty Mouse saddles up for the last time,267,53,9,329,640,2663
"""The pundits never stop writing about our 'cat-and-mouse game.'  That's the only tiresome part of this job.""",273,41,15,329,640,3008
"They're a little ornery at first, but with a little training they settle right down.",277,58,8,343,640,3151
Don't bet your money on the bob-tailed nag.,255,36,15,306,640,1284
Using a bell was so old school.,251,44,11,306,640,2178
yes... but it has the highest crash test rating!,262,47,11,320,640,3757
"Think smarter, not harder,",263,45,12,320,640,3814
Blind alley cat.,275,46,13,334,640,223
We are the favorite to win the Catucky derby.,272,52,10,334,640,2300
Its all in the tone of my command,287,47,14,348,640,48
"Saddle up, boys! They've got cheese in Cheyenne!",241,48,8,297,640,4506
I convinced him he's from a long line of Triple Crown winners.,265,50,10,325,640,672
It's ride app for us called Purrfect,265,50,10,325,640,1820
Get Meow of here!,267,46,12,325,640,3204
Look! The thirty years since legalizing extra strength cat nip has produced great results.,278,49,12,339,640,4034
We're just horsin' around.,291,48,14,353,640,4076
Yes .. a pussy ... a gift from the first lady. Matt's the new presidential mascot here at the White House.,263,38,15,316,640,3440
It’s called intelligence,259,46,11,316,640,3829
It's all in your 'command' voice!,281,52,11,344,640,553
Now that's a cat and mouse game I wouldn't mind participating in.,250,48,9,307,640,459
The Fairy Godmother said that all the pumpkins had already been bought by Starbucks.,266,41,14,321,640,660
It's very easy--just a question of technique!,255,63,3,321,640,1689
The real issue is the poop.,265,43,13,321,640,3342
She's either riding or brushing him in every pic on her Tinder profile and she wonders why she doesn't get matches.,280,38,17,335,640,2874
"See, I told you I could break him in.",274,50,11,335,640,3217
I've found that it's much more enjoyable when I'm the one that can see,248,36,14,298,640,172
"Kitty up!  Next stop, the Cheese Factory!!",257,43,12,312,640,1315
"Now that she'll fit in, I'm thinking of running her as a Republican.",259,39,14,312,640,2928
I hope he takes another nap soon.,273,36,17,326,640,4208
As long as they aint on the cat nip - of course it's safe!,282,43,15,340,640,900
It’s all in the training.,277,53,10,340,640,927
Next stop... Murray's Cheese.,283,41,16,340,640,2583
Being three blind mice isn't too bad when you're dealing with a blinder cat,248,45,10,303,640,1120
"You've never heard of ""One Blind Cat""?",260,46,11,317,640,4371
Thank goodness he has blinders or we'd all be dead!,273,45,13,331,640,1642
"Now, this is how you manage a cat!",273,45,13,331,640,2551
If he doesn't see us he won't know.,265,47,10,322,640,127
"Plus, no trail of poop.",309,57,12,378,640,1102
They’re actually quite docile when fed.,264,47,11,322,640,1374
He's losing weight and I'm losing my fear of cats.,274,52,10,336,640,1560
I’m off to Catalonia.,275,50,11,336,640,1888
So much easier with the blinders on.,253,44,11,308,640,3186
You just have to remember to keep the blinkers on!,268,48,11,327,640,673
"Mice, how the stables have turned.",271,42,14,327,640,3908
We wanted to spice things up so we're experimenting with some bondage and submission.,251,32,16,299,640,2721
Ride or Die... Kitty-Up!,295,53,12,360,640,4382
What's good for the mouse is good for the mouser.,284,50,12,346,640,809
This way we get to play even when he's here.,286,46,14,346,640,1651
This part was easy once I declawed him.,269,55,8,332,640,73
"Turns out BDSM stands for ""Bridle Dressage Saddle Mouse.""",275,43,14,332,640,353
They’re called blinders. The cat will never know I’m here.,260,48,10,318,640,4902
Oh yes I've won many races with him. His name is Cheesebiscuit.,253,37,14,304,640,1684
"Thanks doctor, your hypnotism technique really did the trick.""",291,45,15,351,640,4150
He's scared of elephants.,292,43,16,351,640,4454
"He's usually not this agreeable, so maybe that wasn't catnip after all.",264,49,10,323,640,1465
"I just figured, if he's here anyway we might as well put him to good use.",268,41,14,323,640,3540
He's cat-atonic.,268,41,14,323,640,4898
"I also tried to bring down the elephants, but they kept the Senate.”",261,30,18,309,640,394
They are on sale,283,45,14,342,640,4746
The steroids worked.,270,46,12,328,640,1378
I’m thinking of starting a herd.,270,46,12,328,640,3061
"Bell, shmell.",263,35,16,314,640,990
I played - and then I won!,257,47,10,314,640,2911
I need to take it slow because this saddle isn't tied down to anything.,303,64,8,375,640,2228
This makes belling the cat look like cake.,298,49,14,361,640,1977
Three against one. Let's see how they run.,283,54,10,347,640,518
Who would have thought that blinders were the secret to dominating cats?,283,54,10,347,640,2641
"Yeah, but he still has to pick up it's poop",268,59,6,333,640,756
Mice will inherit the hearth...follow me!,272,51,10,333,640,1011
You gotta want it!,276,43,14,333,640,1697
You never know what to expect with climate change.,273,49,11,333,640,3725
"No I didn't bribe him, I just used reverse psychology!",260,50,9,319,640,1260
What do you mean? I dont have a death wish,266,38,15,319,640,4236
Wouldn’t you think he could at least smell me?,254,37,14,305,640,4873
Why bell the cat when you can ride the cat?,226,43,8,277,640,4403
"It works well when I'm steering, but it's a killer when you switch to autonomous driving",265,49,10,324,640,3562
"Once you get the bit behind the fangs and the blinders on, they’re really quite docile!",280,53,10,343,640,3694
"Yes, a bell would be better in the long run.",306,60,10,376,640,917
The really funny part is when Mickey finds out the cat is in on this,259,45,11,315,640,2346
It's my life time DREAM !,261,41,13,315,640,4052
He's as blind as a bat!!!,286,50,12,348,640,739
With an overdose of catnip you can do anything to them!,245,48,8,301,640,601
"Catnip, hypnotism and ""Black Beauty"" on a loop.",275,47,12,334,640,3020
"Look, it's this or deal with surge pricing.",266,40,14,320,640,2860
They keep him from seeing any cucumbers.,266,40,14,320,640,2952
Tired of the cat-and-mouse game?,264,44,12,320,640,3030
Ponycat says we’re gonna mosey on over and have a snack.,250,47,9,306,640,1921
Once the headphones slipped off I got full control.,278,50,11,339,640,4310
Catsup,268,45,12,325,640,735
And he even finds me cheese!,265,51,9,325,640,1372
The guy who sold it to me said it'll run all day without a feeding.,263,55,7,325,640,3643
She’s by beast of purrden.,281,53,10,344,640,4438
Don't  let him see you two. he thinks I'm a Shepard.,247,37,13,297,640,722
A horse is a horse of course....,273,44,13,330,640,2104
Wait till you see him riding the elephants...,272,46,12,330,640,3902
"It's easy, you just have to tame one.",274,44,12,330,640,4237
It’s not as easy as it looks!,287,50,12,349,640,723
We're on our way to get a nip or two.,289,55,10,354,640,2116
"If you have enough cheese, they really aren't that hard to train.",287,59,8,354,640,2549
See? Role play doesn’t require a collar.,291,51,12,354,640,4613
This was easier than trying to bell him.,279,50,11,340,640,236
Getting the blinders on him was the easiest part”,294,54,11,359,640,3233
"It's not expensive, just make sure you get on from behind.",267,49,10,326,640,2399
"This isn’t abandonment, it’s the building of an alliance.",282,53,10,345,640,4358
I'm betting 'Drugged and Neutered' wakes up at the top of the back stretch and eats his mount.,257,44,11,312,640,4459
We are on a way to get a bell!,275,42,14,331,640,2370
All those cartoons are fake.,271,50,10,331,640,2522
Time to take back what is ours!,288,50,12,350,640,4121
You can get anything with money!,293,49,13,355,640,344
Don’t panic. It’s a robocat.,294,47,14,355,640,566
"Three Blind Mice""  is just a misleading stereotype. There's only one of us",289,57,9,355,640,749
"Once you get the reins, it’s a piece of cake.",264,48,10,322,640,3983
It's called a Muskcat and it's autonomous.,280,50,11,341,640,3531
"We'll be back in a bit, just going to get the milk and cheese.",279,52,10,341,640,3703
"I'm ride or die, friends.",293,58,9,360,640,2037
This is better than 3 blind mice.,297,50,13,360,640,3707
He never saw it coming!,252,47,9,308,640,3934
"If they don't eat you
RIDE-EM!",267,51,9,327,640,689
"Don't worry, these rat races are safe.",271,43,13,327,640,1559
"Raju's riding tiger, does he know how to get off without being eaten?",287,45,14,346,640,676
Only fair I told  him-we  are the  THREE BLIND  MICE so  he wore  blinkers,272,50,10,332,640,1049
"'""She says she knows the way home.""",272,50,10,332,640,4393
"Kitty is suffering an identity crisis at the same time our friend there is working out his Napoleonic tendencies. It’s serendipitous, really.",262,45,11,318,640,1125
"Let's write a song called ""One Blind Cat"".",262,45,11,318,640,1581
I raised him from a puppy.,281,41,15,337,640,1589
"When the cat is away,we play,but when it's here,we have work to do!",283,46,13,342,640,274
He can't quit me.,268,42,13,323,640,1030
It's not really exercise when the cat does all the work.,296,54,11,361,640,2149
"Yippee aye oh ki yay, motherfucker!",288,36,18,342,640,2823
"So far, so good. Don't make a peep.",281,50,11,342,640,3640
I am a mouse on the hot tin roof.,290,41,16,347,640,3026
"If you're not the lead mouse, the view never changes",270,47,11,328,640,1632
It's easy once you get the blinders on her.,268,51,9,328,640,3798
It's part of the deal.,269,49,10,328,640,3802
Get in losers. We're going shopping.,273,41,14,328,640,4215
"I'm marking my territory.""",272,43,13,328,640,4733
I invested in my own supply of catnip.,292,46,14,352,640,3555
They make a good ride once you break 'em!,274,48,11,333,640,1681
This cat is a ringer.  Bet on us in the fifth.,308,57,11,376,640,2812
We're hoping to win the triple meown.,292,55,10,357,640,4843
Nothing is impawssible.,279,47,12,338,640,4458
A little cat nip...and he doesn’t bite the hand that feeds him.,260,51,8,319,640,2681
Who says you can't take the cat for a walk?,261,49,9,319,640,2968
It's okay; he's a jazz cat.,263,45,11,319,640,3367
"He's running at Hialeah, and they need a low weight jockey . . .the blinders are in case of dogs . . .",284,46,13,343,640,2659
What's a feller do for fun in this town?,280,54,9,343,640,4654
The only way to stop cat-related deaths is to buy your own cat.,270,40,14,324,640,1048
What?,258,39,13,310,640,141
The blinders were the key; the saddle was my idea.,256,43,11,310,640,1930
Don't worry. I told him my name was Catnip!,289,54,10,353,640,688
"They're hard to break, but now he's a lifesaver.",277,44,13,334,640,3697
Conquer your fears!!,262,49,9,320,640,1262
"Call me Mickey; call me Mighty.  Either way, i'm still the first mouse to invent cat-riding.",263,47,10,320,640,1528
"This is my pet cat, horse.",263,47,10,320,640,1938
"Ha, here's proof the best-laid plans of cats also go awry!",262,49,9,320,640,4846
"I was blind, now he can't see.",300,50,13,363,640,2078
"Not to worry, ""Whiskers"" diet is mouse-free!",297,56,10,363,640,2908
Behold the new separation of powers.,282,52,10,344,640,3237
It's easy.  You just catapult up.,282,52,10,344,640,3964
"Anastasia wouldn't wear her blinders until she learned they block out images of  that human face on the newsfeed that's angry, bellowing, ubiquitous and strangely orange.",251,37,13,301,640,4844
"Well...if you guys each get one, we can play “Three Blind Cats...”",267,48,10,325,640,1552
"Oh, old Doug here won't hurt me. Right, Doug? ...Doug?",265,52,8,325,640,3007
I really wish he's get off his high horse.,268,46,11,325,640,3505
He liked it when I called him Man o’War!,251,46,9,306,640,2323
We're off to see the Lizard.,275,41,14,330,640,1859
I've never seen a horse eat a human.,279,42,14,335,640,416
It was easy once I showed him who's the boss.,240,43,9,292,640,2561
"Who rides on a tiger can never dismount; astride on a pussy cat, that is repose.",280,49,11,340,640,3915
Happy Trails to you...,284,41,15,340,640,4269
You don’t want to know what he feeds it,266,43,12,321,640,801
He thinks he’s Trump .....,272,31,18,321,640,1109
"We're doing Shakespeare. I'm Petruchio, she's Kate.",284,50,11,345,640,2528
All I had to do was to get him to vape the old catnip and it’s git along little dogies all the way to the Bowery.,270,44,12,326,640,7
"We are fine, as long as he doesn't see any cucumbers.",271,42,13,326,640,1529
"Why yes, she is a two-stroke.",270,44,12,326,640,3797
We won at Ascat and we will win at Purrby.,252,46,9,307,640,2195
It’s a self driving cat in Calico,271,51,9,331,640,1974
There's blind and then there's blinder.,274,45,12,331,640,4292
I just renamed him Secretariat!,292,52,11,355,640,1826
"Hop on losers, we’re going shopping.",259,41,12,312,640,867
"It's an English Saddle, I'm learning to Post.",280,42,14,336,640,2469
"Hey, hurry up and place your bet! This race is fixed, 
and so is the cat!",277,48,11,336,640,2688
"With his credit, it's the only option he's got.",282,38,16,336,640,4135
They are genetically modified to think thry are a horse.,304,46,15,365,640,2098
It's the 2019 model.,284,43,14,341,640,1096
I am taking him for a trot through PetSmart this Saturday.,287,46,13,346,640,4727
He calls me Catnip.  It must be love.,264,49,9,322,640,870
"Look guys, I’m a “guide mouse”",266,45,11,322,640,2831
Which one of you is bait?,268,41,13,322,640,3613
Off to see the farmer's wife and look at this tail.,265,47,10,322,640,4154
"Gotta go, guys. Better take advantage of the ten minutes before the next nap.",245,44,9,298,640,1925
I found him in Central Park,271,44,12,327,640,2513
You should have seen my first ride,272,42,13,327,640,4625
He’s a top graduate of our Feline Training School.,294,50,12,356,640,2180
He was on sale at the stable!,275,45,12,332,640,1779
He's efficient.  And I can afford the fare.,276,43,13,332,640,2499
The Three Mouse-cat-eers,278,39,15,332,640,3090
What kind of cheese have you been eating?,278,39,15,332,640,4767
Am I riding too high in the saddle?,254,44,10,308,640,346
"Actually, the hardest part is keeping her in milk.",280,44,13,337,640,2483
We can play as long as he's away or blind.,279,46,12,337,640,2543
If you could see me now...,278,48,11,337,640,4522
"Come on boys hop on, he's blind as a bat.",262,37,14,313,640,4029
The blinders are a big help.,280,53,9,342,640,769
Believe me now?  Blind mouse sensitivity training is pure genius.,284,45,13,342,640,3190
The fake news about blind mice is finally exposed,265,40,13,318,640,2821
Come aboard the pussy wagon.,289,44,14,347,640,39
It’s toxoplasmouseis.,291,40,16,347,640,4227
I've found the heart of the Zen paradox.,267,45,11,323,640,2783
"Three blind mice, huh!",265,49,9,323,640,3005
I can still see and hear you talking about me.,288,55,9,352,640,2703
We're going hunting for terrier.,290,51,11,352,640,2929
It appears their smell sensory isn't all it's cracked up to be.,269,50,9,328,640,3261
"Next, I'll teach him how to catter",249,47,8,304,640,3601
I think she's calm enough now to teach her how to jump out the window.,277,43,13,333,640,320
The secret is gerrymandering voting districts,280,37,16,333,640,881
"Don't worry, he has tunnel vision",277,52,9,338,640,3717
He only charges a dollar an hour,285,54,9,348,640,2405
Don’t let her know but she’s the prototype.,292,49,12,353,640,4812
"Don’t tell her, I’m not her baby...",297,48,13,358,640,2100
It always helps to know someone.,274,42,13,329,640,534
"She insists on the blinders - I think it's a sado-masochistic thing"".",273,53,8,334,640,360
Planet of the Mice,279,41,14,334,640,1144
"What, Me worry.",226,43,7,276,640,3884
We’re cool-just as long as the blinders stay put....,277,54,8,339,640,772
It makes cattin' around possible.,257,42,11,310,640,2040
My Kittyuber is the cat's meow.,258,40,12,310,640,2789
Much more useful than a bell!,283,51,10,344,640,896
Didn't he read the one about the scorpion and the frog?,292,33,19,344,640,2578
BLINDERS !! Another creation of  ‘Three Blinder Mice’.,285,47,12,344,640,4086
"Sigh… here comes Gerald, showing off again...
Morning fellow mice! Don’t you just love my new cat? It’s a 1984 Furrari Feline-40! It has 163 catpower and low methane emissions to boot!”",287,43,14,344,640,4451
My Cat-illac finally arrived and this model comes with AEBs (Anti-Eating Blinders.),263,39,13,315,640,503
The dealership recommended these headlights for our protection.,261,43,11,315,640,4862
Just a quick foxtrot before the cat-and-mouse games begin.,291,44,14,349,640,599
You have to show him who’s boss.,283,60,6,349,640,983
"Yes, this beast can be tamed.",288,50,11,349,640,4850
"See, the blinders make all the difference.",266,42,12,320,640,1525
He is wearing blinders so that he can't see that I am a mouse. And so he thinks he is a horse.l,265,44,11,320,640,2778
"Forget the bell, this was accomplished with gentle whispering, a lot of patients and a little catnip.",263,48,9,320,640,4363
What’s his odds?,270,43,12,325,640,14
Come on...find the other two blind cats!,246,39,11,296,640,959
I learned this trick watching Fox.,275,42,13,330,640,2472
"The cat takes the mouse,
Hi ho the Derry-o",267,58,5,330,640,2818
"Next time, buy more chances",298,57,9,364,640,2757
"I lost two family members trying to get these blinders on him, but boy was it worth it!",250,40,11,301,640,4367
Sometimes a rat can grab a pussy that’s worth keeping.,313,36,20,369,640,3383
"I usually use a Western saddle, but I'll give this a try.",282,46,12,340,640,1555
Just taking it out for a spin. I'll be right back!,250,49,7,306,640,3041
"It's not magic. Genetic re-engineering!""",256,37,13,306,640,3629
Next I'm going to train him to meow out some authoritarian scare warnings about a non-existent mouse caravan.,290,39,16,345,640,1654
I told her what Trump likes to grab.,290,39,16,345,640,4028
"My friends , this will be catastrophic",259,40,12,311,640,431
We’re going fox hunting.,257,44,10,311,640,4524
"As long as the blinders are on, I'm fine.",263,41,12,316,640,3901
"Once you get the blinders on, it's no problem.",267,42,12,321,640,4315
Black Friday!,274,37,15,326,640,3255
"Honestly, I got nowhere with this one until I got the blinders for him.",246,41,10,297,640,795
His tail is up.  I won’t have to use the whip down the stretch,275,53,8,336,640,1996
Dint worry. He's domesticated and will take me for dinner after our walk.,275,53,8,336,640,4652
"Hey look, I found a horse!",283,37,16,336,640,4750
Tom and Jerry really got weird after the show ended.,249,44,9,302,640,2038
"Cat-and-mouse was fun, but now we play Cowboys and Indians.",288,36,17,341,640,938
There are no moves in dressage where he would turn to see me.,276,60,5,341,640,3686
He can smell jealousy.,283,46,12,341,640,4359
He's training for the Catucky Derby!,285,42,14,341,640,4443
"Have I heard of toxoplasmosis? No, why do you ask?",254,43,10,307,640,2086
Didn't know Tom and Jerry got freaky like that.,261,38,13,312,640,1382
Sorry she is a one mouse cat,255,50,7,312,640,4835
I've heard of rodent control but that's ridiculous!,298,43,15,356,640,2321
Please. I heard Mikaela got a full-sized Maine Coon.,261,47,9,317,640,2352
One blinded cat see how he rides.,269,40,13,322,640,2521
It's safer than Ralph's motorcycle!,274,39,14,327,640,594
Three mice blind.,271,45,11,327,640,1617
"Evolution, it’s a wonderful thing!",249,37,12,298,640,3546
And yet another feline succumbed to political party over nation.,287,40,15,342,640,3664
The voters love me!,256,41,11,308,640,2754
I got the idea from a song we used to sing when we were kids.,290,52,10,352,640,4031
His girlfriend likes sensitive guys.,293,55,9,357,640,1389
You have to break them before they're worth anything.,263,45,10,318,640,197
I might sell this technology to Tesla.,267,37,14,318,640,4441
The first step is have the cat struck by lightning.,273,34,16,323,640,3460
It's a little trick I learned from Roy Cohn.,276,37,15,328,640,794
He thinks I'm Dick Whittington!,275,39,14,328,640,2593
"They'll return from the ride with him inside, and the smile on the face of the kitty",281,36,16,333,640,4477
I’ll get to where I want to go eventually.,280,47,11,338,640,404
You two have been so nice to me lately.,280,47,11,338,640,2852
"It's my latest viral video, Cat Dressage. #mousepower!",286,44,13,343,640,4250
"Mom… Dad, they never said i  could train a cat… but i did.",285,55,8,348,640,1490
I'm potty training her next week.,289,56,8,353,640,524
CRISPR is a curious thing.,254,38,12,304,640,2683
Who wants to try next?,252,42,10,304,640,4657
Race you,294,55,9,358,640,3770
One blind cat. One blind cat.  Does not have the same lilt as the first one,274,43,12,329,640,3198
"Yea,it's a weird kink,but the sex is amazing",272,47,10,329,640,4771
See? Going through life wearing blinders is the way to go.,276,48,10,334,640,621
I'll be back!,282,45,12,339,640,1183
"'Forgot your glasses again, didn't you?'",283,43,13,339,640,2479
"Okay, I dare you - run in front of us - Double or nothing!",285,48,11,344,640,805
It’s more fuel efficient than hamster balls.,284,50,10,344,640,1901
It's time we changed the cat/mouse dynamic.,291,54,9,354,640,1401
You guys wanna come? We're going to test the catapult.,244,42,9,295,640,3343
It's very CAThartic,301,43,15,359,640,520
Training him got a lot easier after I found the blinders.,249,41,10,300,640,4175
"Pot does wonders.

Bev Lipman
Portola Valley CA",306,42,16,364,640,2560
He's just like a small dog.,258,41,11,310,640,3976
I took away her glasses.,259,48,8,315,640,260
This evens out our carbon footprint from all our undigested cheese.,262,42,11,315,640,2527
The secret is horse tranquilizers.,267,41,12,320,640,182
"Three Blind Mice.""  Ha! Just another example of antithetical reality",267,41,12,320,640,3203
"Belling is so last century,so I bridled the cat.",265,45,10,320,640,4683
Yup! That’s where you plug it in. Now let me show you the self-strolling feature.,273,38,14,325,640,2403
We still on for book club ladies?,272,40,13,325,640,3526
"Ride 'em, Catboy!",269,46,10,325,640,4456
"gentlemen! Nature, in her eternal hubris, had gifted the mighty cat dominion over the meek rodent. no longer shall this stand! we will become as Gods of a new world, a world that no longer brings the lowly mouse to heel for deigning to dream!",277,39,14,330,640,9
What did I tell ya? Susan is kinky.,275,52,8,335,640,1964
You’re next!,277,48,10,335,640,2539
"It’s not cheap, but smashing this in the face of those birds in the garden is worth every penny",275,52,8,335,640,2969
Want to see me canter?,279,44,12,335,640,4186
Jerry's got nothing on me,281,49,10,340,640,2344
He was sired by Seabiscat.,243,37,11,291,640,1242
They said it couldn't done.  Let's see how the hearding goes.,250,50,6,306,640,2599
His owner put him on the see food diet. We're safe as long as we stay out of his line of sight.,258,43,10,311,640,220
Mice day today gentlemen.,265,47,9,321,640,2166
I'm the beta tester for the 116th Congress,269,48,9,326,640,2836
"Cats rule, dogs drool? I don’t think so.",277,41,13,331,640,1034
"See, you just have to learn how to manage them.",275,45,11,331,640,3524
And they said the vision impaired can't drive!,278,48,10,336,640,1435
Those blinders were a genius idea!,276,52,8,336,640,3344
Peasants!,291,40,15,346,640,593
"It's ok. I picked her up at the home of the Broward County Elections Commissioner. Nobody saw nothing, including the cat.",289,44,13,346,640,1976
It runs on cat food and made it to space long before Tesla!,295,41,15,351,640,2029
The blinders we three had  came in handy.,289,53,9,351,640,2209
"Paw-don me fur-iends, just paw-sing through",290,51,10,351,640,2485
Sometimes the best caption is no caption at all .,295,50,11,356,640,4659
Big Cat....small brain!,255,42,10,307,640,697
Y’all ready for the cheese round-up?,253,46,8,307,640,1031
"LOL, I just copied the President",258,36,13,307,640,2534
"First cats - next the WORLD, muah ah ah ah!",262,46,9,317,640,1591
Jerry had never been one to pussyfoot around.,267,45,10,322,640,478
He’s got em’ by the domesticated shorthairs.,264,51,7,322,640,4394
You're welcome.,271,46,10,327,640,702
Hop on! She won't bite.,272,44,11,327,640,3815
"Don't worry, to the sides he's as blind as a mouse!",278,50,9,337,640,2730
It’s my fallback if they ever do ban horse carriages in Central Park.,287,50,10,347,640,1195
"She's going to be way easier to bell  now, too!",291,42,14,347,640,1818
"Make haste and play,""
Their leader did say,
""For the blinders they
May fall someday.",290,53,9,352,640,4561
The blinders really help!,293,56,8,357,640,2733
Payback's a bitch. Kiddy-up!,304,43,15,362,640,4545
He is the world’s best catquestrian!,306,57,9,372,640,3194
What? Haven't you ever seen a seeing eye mouse before?,256,42,10,308,640,339
"He thinks he is on his way to Disneyland to meat Mickey and Minnie, my first cousins.  He has a fetish for celebrities.",261,41,11,313,640,1277
The whole raining down from the sky thing leaves them pretty submissive.,258,47,8,313,640,1692
Just remember I can turn this thing around & really give you something to tell P.E.T.A.,263,37,13,313,640,4547
"After I escaped from the lab maze, I devoted my efforts to improving toxoplasmosis.",267,38,13,318,640,1088
He thinks he's been neutered.,274,42,12,328,640,4071
"Oh, haven't you heard? You can do anything in the Matrix.",278,52,8,338,640,414
"Don't worry, he's blind.",280,48,10,338,640,4689
You too can get out of the Cat & Mouse Game,276,56,6,338,640,4882
"The book’s called ..
“How to Win Friends and Influence People”!",293,49,11,353,640,2140
and I don’t need a metro card,241,38,10,289,640,3951
Can cats smell?,249,40,10,299,640,2554
We hooked up on #VeganB&D!,264,37,13,314,640,2361
"I can get you this elegant chariot in a Calico or Tabby if you prefer. Blinders and reigns included with every Skat-Cat, while leather seating and taillights are optional.",264,46,9,319,640,2211
"He's part cat, part ass.",270,43,11,324,640,3370
It’s our turn to change the nursery rhyme.,264,55,5,324,640,4813
It's the lastest kick - role reversal,272,48,9,329,640,472
We’re the brave new frontier of Vegan Cat food.,274,44,11,329,640,4334
I hired a Russian troll farm and now he's totally preoccupied with illegal dogs,278,45,11,334,640,3085
As long as we encourage him with positive reinforcements we can pretty much do whatever the fuck we please.  It’s a win-win.,279,43,12,334,640,3333
He belongs to The Pied Piper. Paybacks are hell.,281,48,10,339,640,1051
His buck is worse than his bite.,288,43,13,344,640,3857
He’s too mousy for the catwalk,291,55,8,354,640,3002
"‘“Just turning the tables, dudes”",296,45,13,354,640,3954
Really?,307,41,16,364,640,1476
This is better.  Don’t tell me you don’t get tired of hearing that damn bell.,258,42,10,310,640,543
The hardest part was finding blinders in his size.,257,44,9,310,640,682
He thinks I'm a grape.,283,46,11,340,640,1669
I had to promise him top billing in the remake of Cat Ballou,279,45,11,335,640,3086
The virtual reality glasses make him think he is the leader of the animal kingdom!,265,37,13,315,640,3259
After the recount the canine vote put me over the top.,273,39,13,325,640,3276
"Don't worry, I saw Fievel do it in An American Tail. It's legit.",271,43,11,325,640,3291
The blinders make the difference.,290,50,10,350,640,3496
Ya’ll!  Don’t no one run in front of him now.,272,50,8,330,640,3658
"Waiting for Godot? Nah, Waiting for Jerry",287,47,11,345,640,3834
I convinced him he is blind!,280,43,12,335,640,4270
I count on you to feed it,263,41,11,315,640,4535
"How does that limerick ""There once was a lady from Niger"" end?",303,53,10,366,640,230
This is as ironic as a person riding a lion,302,46,13,361,640,4337
Who’s the man or mouse now?,287,58,6,351,640,4276
I always knew he'd be an overachiever,287,40,14,341,640,1400
"Stay still, don’t trigger him.",277,51,8,336,640,1647
"It's safe, I swear.",281,43,12,336,640,2394
Anyone can 'bell' the cat.,272,43,11,326,640,3165
It's OK. We formed a bond.,268,42,11,321,640,306
He's only focused on whatever is in front of him.,270,38,13,321,640,452
"That done, now I’ll go after the other cats and herd them in.",266,46,9,321,640,3931
"You see boys, it's all about focus",259,42,10,311,640,429
"You, too, can learn to ""Mouseter Your Fears""
and ""Catapult Yourself"" to Success!",262,36,13,311,640,1351
He’s taking me to the theatre to see ‘Mouse Trap.’,257,46,8,311,640,2371
"You know what they say: if you can't beat 'em, ride 'em.",283,50,9,342,640,151
"And its self-driving feature is the safest in the industry!""",280,56,6,342,640,319
Something I learned when I was at a major software company.,290,36,16,342,640,1625
First jump's going to be a bummer without a cinch.,280,47,10,337,640,768
"Excuse me, which way is the refrigerator?",278,51,8,337,640,1983
"How did you manage to afford a 
purr-ari?",283,41,13,337,640,2914
She took third at the Kentucky Purby,275,48,9,332,640,2845
Don’t worry. He’s blind as a cat.,273,43,11,327,640,64
I read about it in National Geogrpahic before I ate the article.,271,38,13,322,640,2123
Toxoplasma gondii makes me take more risks!,265,41,11,317,640,747
Maybe they'll call us the three blinder mice.,260,51,6,317,640,1601
"Look, look Mickey, truly gene therapy was our salvation.",245,45,7,297,640,2186
"For all she knows, I'm just another cat jockey!",297,51,10,358,640,1548
It's called 'Riding the Dragon.',288,51,9,348,640,3476
It's all about the blinders.,283,52,8,343,640,2511
I can’t see anything. Can you?,282,45,11,338,640,892
You don't need a bell.,282,45,11,338,640,3608
It worked for Br'er Rabbit!,281,38,14,333,640,733
Keep the catnip away!,274,52,7,333,640,1413
I love travel adventure vacation dreams.,275,50,8,333,640,3896
At 5 to 2 odds he's a good bet in the third race.,278,44,11,333,640,4702
This is my new friend. He invited me for a fun ride into the woods.,272,47,9,328,640,2643
Poor thing thinks he‘s the New York subway.,272,47,9,328,640,2660
"Hey guys, that old ""Three Blind Mice"" song gave me a great idea!",272,47,9,328,640,4674
"After reading about the scorpion and the turtle, I thought, 'Why not?!'",267,48,8,323,640,659
"Jumping is better, because he lands on all fours; dressage would be a horse of a different colour.",266,41,11,318,640,861
Toxoplasmosis is more complicated than we thought.,253,40,10,303,640,4631
More like 'See how they ride',294,50,10,354,640,1628
"Catnip is the bait, indica heavy strain of weed is the clincher.",298,42,14,354,640,2291
"This kitty won the 2018 J.D. Power's most dependable midsized feline award—you guessed it, it's a Chevy.",291,47,11,349,640,1429
"Hey you guys, watch this!",292,45,12,349,640,1788
Who needs a bell?,287,46,11,344,640,1057
Who says this seat’s for the birds?,285,50,9,344,640,2031
Don't knock it till you try it!,285,50,9,344,640,2258
"Sure it's demeaning, but we take frequent naps.",274,54,6,334,640,4923
I threatened him with a cucumber.,276,41,12,329,640,2042
"Yes, I’m speechless too!",267,50,7,324,640,297
It took me a long time to house break him.,266,52,6,324,640,1860
It only cost 15 cents a minute to rent!,262,51,6,319,640,597
I don't understand why Tom and Jerry could never get along. Cats seem quite pleasant.,263,49,7,319,640,3107
"It's so much fun, just lace their catnip",268,39,12,319,640,4510
"So long, old pals.  Fluffy and me are headed to the last roundup.",259,48,7,314,640,4653
This is better than the original version of three blind mice.,286,50,9,345,640,2937
"We’re still a long shot, but at least the blinders stopped him from chasing his tail.",281,51,8,340,640,3290
I would’ve got a car but my feet can’t reach the peddles,283,47,10,340,640,3502
"5th race, Aqueduct..........""to PLACE..""",283,47,10,340,640,3624
You know what? I love her. She's my ride or die.,282,40,13,335,640,1232
Ya'll wanna ride?She's friendly. Though she ate my family,274,47,9,330,640,1491
"Tame one, tame them all.",271,53,6,330,640,1700
He made a passing reference to '3 blind mice'.,277,41,12,330,640,4531
"Yes, it was tougher than belling the cat, but it's worth so much more!",268,41,11,320,640,1982
Dream on!,264,49,7,320,640,3243
Told you I would win the Cartoon Caption Contest.,267,43,10,320,640,3897
"LIMERICK: Two buckaroos,named Larry and Festus...Their behaviour was odd and often times reckless...To the jeers and decry...Their standard reply...""Screw you..We're from Texas!""",263,42,10,315,640,4490
The cat’s willing to do anything as long as we stay out of sight in the house.,257,45,8,310,640,3838
The blinders and no cheese breath really help.  He doesn't even know I'm here.,299,53,9,361,640,864
"They say he’s a Quarter horse, but I don’t believe them.",249,43,8,300,640,4397
He insists we call him 'Muad'dib'.,293,47,11,351,640,3185
"""Not just chasing my tail anymore, huh boys.""",287,50,9,346,640,3035
Belling a cat just isn't enough anymore in this job market.,290,44,12,346,640,3148
"I found this ride-sharing app  you go online put in the address and say There, Kitty Kitty I want to go There, ​Kitty Kitty Kitty""",285,45,11,341,640,72
Giddy-up purrdner!,276,45,10,331,640,2391
"Just feed em regularity, and they’re all yours.",270,30,16,316,640,591
Text me if you think of something.,305,52,10,367,640,1962
Wouldn't drive anything smaller. Better milk millage than you'd think.,261,39,11,311,640,2940
Even a blind mouse finds a nutty cat once in a while.,254,44,8,306,640,1214
"All you eat cat food for an hour, boys!",299,46,12,357,640,3377
The secret is the blinders.,293,49,10,352,640,1295
It's all at www.Cat2Horse.com,296,43,13,352,640,3655
"The app is almost up and running, I'm calling it Alley Uber.",275,49,8,332,640,2259
Don't forget the blinders.,265,42,10,317,640,464
It appears one out of three mice can train a cat when given a saddle and blinkers but further study is needed.,265,42,10,317,640,1934
Self-driving cats are no fun!,254,46,7,307,640,4724
Which way did they go?,286,47,10,343,640,4755
I'm the new mouse speaker.,251,34,12,297,640,382
"I learned this while travelling with ""The Amazing Kreskin"".  Just don't say ""Cheese"" or she snaps out of it!",282,46,10,338,640,1071
I’m only one in a long line of El Gatolleros! We don’t get much time in the limelight.,284,42,12,338,640,1160
Fellas it’s time we ditch the walking canes.,279,52,7,338,640,3063
"The words are supposed to be ""three mice with blinders."" This changes everything.",241,36,10,287,640,1101
Later suckas...,279,34,15,328,640,1123
"And everyone thinks that ""Tortoise and Hare"" tale is really something!",276,31,16,323,640,876
"You can try, but... only in New York.",271,41,11,323,640,3182
"Cool cat, no?",268,47,8,323,640,3275
"Guys, my rider rating is a 4.82. Is that good?""",272,39,12,323,640,3358
I've also trained him how to deal cards.,271,41,11,323,640,3403
One blind cat - what’s the difference?,269,36,13,318,640,1892
Easy peasy. I gave him my cheese.,294,51,9,354,640,2677
"Or, ONE cat with blinders!  You should see how it runs!",259,47,7,313,640,2035
Meowwww! Meowwwww! Hear that engine roar!,263,39,11,313,640,2863
There are none so blindered as the ones who cannot see.,257,42,9,308,640,388
I'm going to play the role of the Mouse King!,321,53,11,385,640,1769
I can see your mousehole from here.,261,34,13,308,640,2589
He also salivates when he hears a bell.,254,39,10,303,640,3329
"He can't smell my scent either, the dog licked me clean.",286,40,13,339,640,1424
The subway just doesn't work for me.,282,48,9,339,640,1639
"As long as he has the blinkers on, it's no problem.",280,43,11,334,640,313
A cat can't chase you while you ride his back.,276,51,7,334,640,573
"Well, I'll be riding off into the sunbeam.",280,43,11,334,640,3366
"With this ride, we will catch the Farmer’s Wife.",275,44,10,329,640,473
Welcome to our Independence Day parade.,274,46,9,329,640,2265
The roles have been switched my friends.,301,48,11,360,640,4338
I'm tougher than both of you pussies,299,43,13,355,640,3382
These cat blinders are amazing!,292,48,10,350,640,278
"There's ""away,"" and then there's ""away!""",294,44,12,350,640,934
"Thrill-seeking like that at 12 months - midlife crisis, much?",285,53,7,345,640,1494
This is all part of my catnapping plan.,256,46,7,309,640,3536
‘...the L Train’s down.’,255,39,10,304,640,1516
"You can buy my book ""How to Hypnotize a Cat"" on line from Amazon if you want one of your own.",259,31,14,304,640,1749
"Unlike the dog, he doesn't run on gas.",279,47,9,335,640,643
"Honestly, the blinders were necessary.",279,47,9,335,640,767
We’re going to eat your relatives.,282,41,12,335,640,2519
Don’t worry. I told him we were playing cowboy.,307,47,12,366,640,3289
"Please get me my spurs: all he wants to do is prance.""",276,44,10,330,640,2333
"As Dad used to say: ""Tame the Beast""",272,52,6,330,640,2351
I'll let you know before I take the blinders off.,278,40,12,330,640,3327
"We thought about shoes or boots, but that seemed a little cliché.",271,45,9,325,640,85
You can do what you want but I'm done playing games.,270,47,8,325,640,2627
Her owner calls her National Debt.,272,34,14,320,640,1768
"No, I don't know the ""Lady and the Tiger"" limerick.",264,41,10,315,640,3316
Are you a man or are you a mouse?,291,43,12,346,640,81
It’s hard to say giddy-up to your natural predator but I’m willing to try.,287,42,12,341,640,954
"I got tired of the bell, so I've taken the reins into my own hands.",285,46,10,341,640,1660
The blinders are essential.,289,38,14,341,640,2463
But this one’s a real cool cat!,306,51,10,367,640,544
Technically I called a service mouse.,282,43,11,336,640,2619
I bought the deluxe model,260,31,14,305,640,3999
"What, you never heard of three blind cats?",253,45,7,305,640,4115
It's an original Stutz Mousecat.,300,54,8,362,640,3989
Its great exercise for both of us..,276,46,9,331,640,1570
"We're blind, remember?",294,48,10,352,640,2109
He finally succumbed to the orthodoxy of oppression.,293,50,9,352,640,3039
The number of rats in the subway has reduced since Mew-ber came to the city,291,54,7,352,640,3429
Like my new ride? The blinders keep me totally safe!,293,50,9,352,640,3948
"Hop on guys, we’re going meowntown!",269,42,10,321,640,2161
I told you I could domesti-cat her.,313,57,8,378,640,4210
He’s juicing this week.,245,34,11,290,640,2664
"Cat-cha later, my little friends.",262,47,7,316,640,1254
Catnip Blinders work all the time.,287,44,11,342,640,1595
"Hasta la vista, suckers.
Trump 2020.",264,34,13,311,640,3734
Hey guys. Have you heard of BDSM?,282,45,10,337,640,4455
It's a genetically engineered cat.  He think e is a mule.,273,45,9,327,640,1437
Hey Ratso...wanna ride?,272,47,8,327,640,2577
He's a thera-purr-ic cat.,267,48,7,322,640,916
"You only as blind as you want to be, my friends.",269,44,9,322,640,2049
"I’m changing it: One blind cat, see how it walks.........",268,46,8,322,640,3164
Don't let the fangs fool you. Flossie's one of us.,270,42,10,322,640,4697
This is more fun than putting a bell around her neck.,242,42,7,291,640,820
Why settle for a bell?,260,53,4,317,640,777
"For whatever reason, I can only get it going full throttle immediately after it takes a shit.",287,37,14,338,640,246
"Go read Who Stole My Cheese, Losers!",302,54,8,364,640,1181
We switch off. Next he rides me.,282,47,9,338,640,3315
"The bigger they are, the harder they fall.",283,36,14,333,640,104
The Blinders are key.,276,50,7,333,640,742
It's a one time thing. The prize is a year's supply of Fancy Feast.,279,44,10,333,640,1547
"The three blind mice,weren't always blind.
They all rode off on the farmer's cat.
It happened so fast, how could they see that.
The Three blind mice.",280,42,11,333,640,3114
The best way to deal with toxoplasmosis is accept you have it and then own it.,278,37,13,328,640,1630
Th only thing you shouldn't do is lead him to water.,273,47,8,328,640,2075
He’ll cross the Alps for a profit share of our Swiss cheese plunder.,269,46,8,323,640,1376
They said I'd never ride a horse. Well look at me now!,270,44,9,323,640,1395
"Of course it’s safe and free, courtesy of Uber Eats.",271,42,10,323,640,3454
It’s leading me to the cheese!!,285,52,7,344,640,2137
"""Jump on, and we'll avenge our blinding by the farmer's sadistic wife!""",264,47,7,318,640,2032
It's Cosplay. I am He-Man and he is Battle Cat.,265,45,8,318,640,2886
"I learned this from that song, ""Three Blinder Mice.""",264,47,7,318,640,3518
It is all about gentling.,265,36,12,313,640,1587
The blinders only partially worked. It was the words 'glue factory' that really won him over.,259,48,6,313,640,2126
"I'm a mouse on a hot stringed cat, in Tennessee Williams's lesser-known play",260,46,7,313,640,2462
The blind mice didn't need it anymore.,258,50,5,313,640,3644
He thinks he's a camel.,263,40,10,313,640,4098
Don't worry guys it's a robot.,260,46,7,313,640,4604
"Toxoplasmosis, amazing huh?!",300,51,9,360,640,2189
"I'm out of quarters,could you toss one up?",281,42,11,334,640,993
"Yes, and you're welcome for the blinders.",280,44,10,334,640,2497
Bet on me in the thirds race.,281,42,11,334,640,4235
No kinkshaming.,259,39,10,308,640,1364
I’ve joined the cat-valery!,258,41,9,308,640,4703
It's the purr-fect way to get to work!,277,41,11,329,640,4045
I call it Mewbur.,276,34,14,324,640,3059
Breaking this here barn cat sure was mighty rewarding,269,48,7,324,640,4658
Isn't that the one who ate the three blind mice?,293,38,14,345,640,3666
"It's perhaps presumptuous, but I call him 'The End of History.'",307,48,11,366,640,3307
That cat's taking the Mickey,268,41,10,319,640,1394
I'm Grand Marshal of his Sushi Parade.,286,43,11,340,640,457
I find hidden cat treats.,284,47,9,340,640,2760
Average customer rating purrfect.,301,52,8,361,640,4399
"When it’s your turn to ride, remember to mount only on the left",264,40,10,314,640,4462
Bet he is dessert before the blinders come off,281,44,10,335,640,1730
"Come on, guys! We can get snacks on the way.",280,46,9,335,640,2000
She's powered by the sun.,303,38,15,356,640,1922
It's always been his dream to run in the Derby.,297,50,9,356,640,2582
I won it in a raffle  His name is Tom.,292,51,8,351,640,2362
"Nature, nurture or toxoplasma?",273,42,10,325,640,3082
The other option was 25 bench presses on the mouse trap.,291,44,11,346,640,252
"I'm a meowboy. Just call me Buck, fellas.""",270,39,11,320,640,3257
Dogs scare the heck out of him.,286,45,10,341,640,160
Don’t even think about singing it!,288,41,12,341,640,578
Look what I tamed!,290,37,14,341,640,589
At last.  We're even.,282,53,6,341,640,1256
The visiting rats love Central Park rides.,288,41,12,341,640,2266
Watch it!  Five more steps and the blinders come off.,283,51,7,341,640,2910
We're on our way to the Kattucky Derby!,286,45,10,341,640,3313
Y’know where a mouse can get a good sarsaparilla?,298,50,9,357,640,2942
The thinks we're off to see Mickey at Disney World.,296,45,11,352,640,385
Well aren't you as high as the hair on a cat's back.,275,49,7,331,640,1924
Better than the bell!,274,51,6,331,640,2102
"It’s cool, this cat is woke.",262,37,11,310,640,799
The cataract surgery cleared up everything.,270,41,10,321,640,2342
It's the new self-driving model,268,45,8,321,640,3509
First you have to teach him to meditate.,252,39,9,300,640,3889
He said he'd lead us to the cheese,295,49,9,353,640,4606
This Cat Has No Idea Who His Rider Is,278,45,9,332,640,217
"How ironic that us, the blind mice, are not the blind ones here...",277,47,8,332,640,2337
I'm no longer blind!,279,43,10,332,640,4096
Just grab um by the reins boys,278,45,9,332,640,4312
"Sorry dudes.  I'm the heir, you're the spares.",262,39,10,311,640,2587
Our cataracts gone . . . His blinders on!,291,48,9,348,640,2509
She's a little finicky.,276,40,11,327,640,2889
"Hey, don't kink-shame.",291,40,12,343,640,1466
"Hey, if Hannibal can do it...",270,43,9,322,640,4612
It was easier than I expected.  My saddle is made from a chicken liver and I told him he could have it at the end of the ride.,281,50,7,338,640,800
I wonder if they do carriage rides around Central Park?,286,40,12,338,640,1457
The litter box mat get tricky.,282,48,8,338,640,3251
Once you get the blinders on it’s easy to control the situation.,263,48,6,317,640,1811
It's all in the blinders!,296,49,9,354,640,3022
I call it “squeaky blinders”,300,41,13,354,640,4872
Wish me luck in the Cat-tucky Derby.,284,35,14,333,640,1967
Their great once you break them in!,280,43,10,333,640,3920
Not what you think...it's really a dog in a cat costume...,292,48,9,349,640,1543
You two would have been dead meat without the blinders.,294,44,11,349,640,4248
Hey guys this is a purrrr-fect Taxi!,269,56,3,328,640,3218
We're three blind mice- can't we fantasize?,262,32,13,307,640,3807
We're on a mission from God,287,40,12,339,640,1960
"Stop squeaking, we're making a video.",288,38,13,339,640,3840
"...after that, we're headed to the dog fights.",302,39,14,355,640,1767
Some people just don't understand the benefits of being vegan.,267,42,9,318,640,495
"You might think he sees us as food, but he can't see it that way.",265,46,7,318,640,4085
"Snuggles, here, got a new job!  Says he wants to put food on his table!",295,44,11,350,640,1279
"It's not true, you can even ride them.",263,41,9,313,640,729
He says that he got the idea when he realized he was too small for a horse.,277,42,10,329,640,1637
"Hey, just strap a set of blinders on and tell him there's a migrant mice caravan infiltrating his territory.",279,38,12,329,640,3309
And I took away his dental plan!,294,37,14,345,640,4774
Turns out blinders are all you need to train them.,304,46,11,361,640,712
It’s not unusual for a pussy to be into  role play.,276,35,13,324,640,2013
Told you he’s no match for the farmer’s wife!,284,48,8,340,640,3127
Virtual reality for house cats-only $9.99.,284,48,8,340,640,4726
I'm just being myself! He really doesn't seem to have any pre-conceived ideas...,253,43,7,303,640,173
It's easy! Like riding a cat.,255,39,9,303,640,1815
These cat blinders work great!,253,43,7,303,640,2546
The only downsides are the rodeo rides after she you-know-whats.,267,44,8,319,640,2051
I really don't see what all the fuss is about.,269,40,10,319,640,4775
"I got the idea from the old nursery rhyme.""",281,45,9,335,640,680
"Christ, what an asshole.",286,35,14,335,640,928
"I call it reversing the food chain.  I cultivated fields of catnip, herded the cats, and trained them.",282,43,10,335,640,4881
She plays Bagheera and I play Maugli.,298,40,13,351,640,1332
"These blinders are ""Amazon's Choice"".  It's not just marketing bullshit, you know.",298,40,13,351,640,2557
He goes 3 mice-in-hour.,296,44,11,351,640,4590
Be careful where you walk - he's not litter box trained yet.,263,43,8,314,640,1845
We're vaulting on Tuesday. Come watch,258,53,3,314,640,2709
"WOW, it´s the Mouse who can talk with cats!",278,42,10,330,640,2028
"Race? No, we're going clubbing.""",289,49,8,346,640,309
What makes you think cats are bad news?,303,50,9,362,640,646
Seeing is believing!,260,40,9,309,640,4754
"She's off table food, we just gave her the strongest legal catnip/fish oil cocktail there is, and these new blinkers are 100% laser pointer proof. At 5 to 1 she's a lock",290,38,13,341,640,63
Don't show fear and mewl every minute or so.,280,49,7,336,640,373
Me and Cat Ballou here are gonna mousey...I mean mosey on outta here.,271,38,11,320,640,535
Who says we can't all live in peace ?,257,37,10,304,640,1373
I forget - what were you saying about cat hypnosis?,254,43,7,304,640,1477
We're playing 'Fifty Shades of Grey'.,286,37,13,336,640,2846
Tony Robbins is a genius.,271,38,11,320,640,4433
What.? He's got blinders on..,295,39,13,347,640,4009
My new service...Catamaround,266,39,10,315,640,4346
Is it safe? I get 9 lives to the cat...,252,38,9,299,640,1134
It's all in the wrist-kers.,302,45,11,358,640,1679
Stick around; after the final round there's a wine and cheese buffet.,273,36,12,321,640,3611
The climate is always changing.,253,47,5,305,640,2073
"With no chance of bright shiny objects to distract him, we'll finally be masters of this cat and mouse game!",257,39,9,305,640,4759
It's a Mouse on Cat Game,277,48,7,332,640,1132
"When the cat's on display, the mice will play!",278,46,8,332,640,4639
Yes...I found that it's simply all in the binders.,264,45,7,316,640,607
"Not much horse sense, that one.",262,49,5,316,640,1949
Bye Loser,289,44,10,343,640,2492
With this mind control technology Mouse Kingdom will be mine!,288,46,9,343,640,2954
I got the last Kittycab. Guess you have to get a dog Uber.,288,46,9,343,640,3176
They improve handling under micey conditions.,273,47,7,327,640,1309
He's been hooked to these VR blinkers for a week,273,47,7,327,640,1538
She'd rather be a pony than a mouse murderer,279,35,13,327,640,4313
The blinders are great!,272,49,6,327,640,4401
"H8ers gonna H8...""",276,41,10,327,640,4715
"Turns out cat whispering is easier than you think. We call it ""whiskering.""",259,46,6,311,640,716
"Actually ,they’re paper tigers",302,38,14,354,640,2364
The Dog and Pony reboot.,296,50,8,354,640,3479
"It’s just like Uber, you don’t have to call, you just hop on.",299,44,11,354,640,4323
"Psst, been training him to think he's a race horse. You're safe. Carry on.",268,48,6,322,640,2568
It's more practical than a bell!,272,40,10,322,640,4707
"Yeah, I got the idea from that old nursery rhyme.",294,45,10,349,640,1655
He loves it!,295,43,11,349,640,3136
The shades make all the difference.  He only knows my masterful voice.,278,48,7,333,640,887
She thinkgsI'm one of her baby kittens.,282,40,11,333,640,3238
"Six down, three to go.",282,40,11,333,640,4627
"To harness him, I learned to whisper  the ""Cat's Meow"" in his ear.",268,39,10,317,640,308
Just focus him on the network of his choice and you can steer him anywhere you want to go.,270,35,12,317,640,3910
He's bred for cheese.,290,44,10,344,640,4839
Ha!  Whose “blind”-sighted now guys?,272,51,5,328,640,1557
I just hope he's electric,301,42,12,355,640,4199
"Kitucky Dirtby and Catty McCat Face were taken, so I went with What The Hell?!",296,52,7,355,640,4829
Just took an EST course.,263,40,9,312,640,1054
pardner help me out and punch that red button back there,265,37,10,312,640,1357
"Well, you did tell me to try a new hobby.",286,43,10,339,640,1360
I am so much cooler than you...,287,41,11,339,640,2219
"Hey, Lenny & Stu, new lyrics.  'One blind cat...'",287,41,11,339,640,3883
"According to Dr. Daniel Kahneman, in this cartoon I represent the higher-order brain functions.",246,45,5,296,640,2232
Destiny rides again.,271,44,8,323,640,2725
This country will figure it out eventually.,272,42,9,323,640,4467
Brainwashing works!,299,39,12,350,640,1687
"'Yes, I know, I know how the song goes!  But my feet are tired!'",307,41,13,361,640,2862
Is that the new model?,292,42,11,345,640,2141
Don't believe a word he tells you,290,46,9,345,640,4143
Just getting ready for the L train shut down,291,44,10,345,640,4633
It's time to get off of your high horse,253,42,7,302,640,3401
Jerry would like this invention.,273,51,5,329,640,1747
Three can play at this game.,263,42,8,313,640,3346
‘Only Nixon can go to China”,288,41,11,340,640,909
"He was mocking me, so I said ""I got your three blind mice right here, big boy"".",275,38,11,324,640,925
It is much easier than it looks.,296,45,10,351,640,2215
"I'm going to retire soon and get out of this ""rat race""",271,46,7,324,640,2453
This is only cause my hawk is in da shop.,273,42,9,324,640,4203
"First you get a saddle, blinders, and reines. Then get yourself a cat.",296,45,10,351,640,4749
I'm taking him to Mouse Land. He'll be head of security and I'll be king.,282,44,9,335,640,4790
"First Belled, then English, then Western, then Safety",263,33,12,308,640,3246
"Come ride with me to Cinderella's ball 
on a fur-lined, blind-folded cat stall,
there'll be
 crumbs to nibble,  stories to share, 
without step-relatives anywhere!",267,45,7,319,640,1234
New York City is the best,303,42,12,357,640,4855
She doesn't get it.  My name's Bell.,282,35,13,330,640,3072
"He told me we were going for the ""big ride""",279,41,10,330,640,3662
"Once you get them trained, they can be quite accommodating.",280,39,11,330,640,4099
You guys want a ride on my pet cat?,287,45,9,341,640,1909
"Hey, Jerry. Is Cheesers a genius or an idiot, I can’t tell.",275,40,10,325,640,506
His safe word is “me-ouch.”,271,48,6,325,640,3252
As long as he thinks I'm a fairy I'm OK.,247,47,4,298,640,2170
This cat needs a hat.,285,40,11,336,640,1306
He's terrified of roadkill.,284,42,10,336,640,2653
"Schoolkids always get it wrong.  In the mice and feline wars, the mice and felines were on the same side.",259,43,7,309,640,4808
"10 cents a ride,2 for 15....",288,54,5,347,640,1677
Hey Good Lookin'! We'll be back to pick you up later!,270,41,9,320,640,2146
"Don't worry, the saddle is vegan leather.",272,37,11,320,640,3310
She said something about sciencing the shit out of her toxoplasmosis diagnosis.,281,39,11,331,640,1042
This is my base.,257,38,9,304,640,343
Great idea.The blinkers are working purrfectly,289,43,10,342,640,2115
"Next, I've got a pair for the The Farmers Wife.""",279,36,12,327,640,484
"What a coincidence, I had no idea my ex would be here.",283,28,16,327,640,4298
I think he seriously digs the Ray-Bans.,289,47,8,344,640,4481
"The first fleet is scaredy-cats, but them I'm expanding to copy cats.",290,45,9,344,640,4892
"After I got the blinders on him and convinced him I was a person, it wasn’t hard at all!",299,47,9,355,640,4084
It's just a matter of 'clicker'  training.,259,38,9,306,640,4058
I'm working on a sequel to the 'Three Blind Mice' nursery rhyme.,270,36,11,317,640,1680
"I was suppose to bell the cat, but look what a catnip enema does!",272,32,13,317,640,3835
"As long as the blinders work, cats are my new favorite predator.",270,36,11,317,640,4190
I think I’ve invented a better cat trap.,273,50,5,328,640,87
See you at dinner time.,275,46,7,328,640,333
Hey Huey !  Take a snap shot ! !,277,42,9,328,640,2263
"Hey, ma! Want anything from the market?",277,42,9,328,640,2327
The odds looked great but that front paw got him scratched before the race.,285,46,8,339,640,2538
"Oh, don't worry.  He's trained.",293,50,7,350,640,3733
Daenyris is my role model.,266,35,11,312,640,2309
"It's the fastest way to go through the maze, Dr. Farah Fowler set up, and eat the cheese.",259,49,4,312,640,3158
The farmer’s wife invited me to tea - you are welcome to accompany if you’d like.,274,39,10,323,640,2689
YOU JUST HAVE TO SHOW HIM WHO'S BOSS.,274,39,10,323,640,3534
Show Off! You couldn't do that if the cat wasn't wearing blinders.,272,43,8,323,640,3754
Eat your heart out mice,271,45,7,323,640,3776
"It only has one cat power, but it’s turpurr charged.",272,43,8,323,640,4266
First self walking cat,294,39,12,345,640,1813
The farmer's asleep in the dell.  Hop on and let's take the cheese!,297,34,14,345,640,3145
This is just payback for that “3 Blind Mice” song.,269,40,9,318,640,3201
I’m just showing her who is the boss.,276,46,7,329,640,1775
Hop on Minnie we're going shopping!,279,40,10,329,640,2138
"I could eat the entire cheese board, breed thousands of ruinous  
babies, chew off half the family bible and bring malady to all their homes; and they still wouldn't care.",281,36,12,329,640,3093
We're heading off to the back forty to round up a few strays.,258,33,11,302,640,4368
"All I have to say is ""Git along little doggie"".",265,39,9,313,640,2476
Naked mouse Godiva riding her trusty feline Boots made all the rodents whisper down in the burrow.,275,39,10,324,640,675
"With these new virtual reality blinders, its an in-home Lyft.",311,47,10,368,640,4301
It's got Oscar written all over it!,279,42,9,330,640,1484
"It’s easy. When they’re napping put on the blinders and saddle.  Next, use a LOW voice.",281,38,11,330,640,1671
"See, it's easy to train cats.",260,40,8,308,640,2923
"Yes, it took some time, but it was worth it.",269,42,8,319,640,3439
"You’ll never doubt Bob Dylan again, I bet!",291,49,7,347,640,4238
"A ride around the central backyard is only seven dollars a minute, fellas!",282,47,7,336,640,842
You won't believe the M.P.G. I get on it.,283,45,8,336,640,1610
Wanna place a bet?,274,43,8,325,640,2514
If you're not impressed yet; wait for the piaffe.,273,45,7,325,640,2602
"""Well, it looks like Squeaky won the bet with Dusty!""",264,43,7,314,640,4884
"Yes, please do wait with lunch. I'm just taking her for a spin",288,46,8,342,640,893
Risky? Betting your Uber driver won't talk your ears off is what's risky.,277,48,6,331,640,283
...He's in denial about his fear of elephants.,276,50,5,331,640,3441
Family reunion weekend at Disney World,277,48,6,331,640,3590
''I  found  him in the old  abandoned  ally''.,275,32,13,320,640,1787
This makes him think we're three blind mice.,251,40,7,298,640,1798
Welcome to Pestworld!,305,43,11,359,640,2872
You can read all about my new Harness Your Inner Mouse way of thinking in my book by the same title!  Coming to a mouse hole near you!!,289,35,13,337,640,664
He's off to the Mazes!,287,39,11,337,640,715
''Cat as catch can',276,41,9,326,640,656
I't's OK.  He's got blinders on!,260,33,11,304,640,1298
The vaccine shot this guy got made it a little woozy: I'm making the most of it!,277,50,5,332,640,771
It was a bet my life or his humiliation,280,44,8,332,640,4848
"Hey, how the heck am I getting down?",259,46,5,310,640,1596
Not a cell phone in sight. Just people living in the moment.,261,42,7,310,640,3390
Feeling sanguine about our supine equine feline!,266,43,7,316,640,3632
"He is one blind cat, so no squeaking.",298,50,7,355,640,2918
"Yeah, tell Melania to meet me at the Russian Tea Room.  They sent this cool limo for me!",249,37,8,294,640,1274
"Hi -yo Fluffy, away!",274,38,10,322,640,2271
Two can play at the Taming of the Shrew,311,55,6,372,640,4537
"We're practicing to be in ""Mousey's Thanksgiving Day Parade""!",289,39,11,339,640,2487
Look who’s the blind mice now.,286,45,8,339,640,3651
(R)Evolutionary,279,39,10,328,640,1117
Hey girl.,278,41,9,328,640,3556
Repurposed earphones - Isn't technology wonderful?,271,35,11,317,640,3603
I picked it up from 'Avatar',258,41,7,306,640,3199
"I'll tell yah,nine lives purr mile is the best in its felis catus.",292,44,9,345,640,4663
We're the favorite in the Catnip Stakes.,283,42,9,334,640,586
He thinks he is the cat's meowse!,276,36,11,323,640,4592
You just need to put 100 mgs. of phenytoin in her catfood bowl,307,45,10,362,640,2652
CBD Oil Cat Food. I sold out in Canada.,297,45,9,351,640,3456
It's a sure thing. Ten to one on The Cat's Whiskers.,302,46,9,357,640,3960
This is the new Everymouse model M.,274,31,13,318,640,1128
I am a cat whisperer.  Always have been a cat whisperer and always will be a cat whisperer.,267,45,6,318,640,1532
"Three Blinders Mice"" seems so much more to the point",273,44,7,324,640,355
And I thought I hated my boss....,273,44,7,324,640,3306
Don't worry. I promise to bring the headphones back,298,45,9,352,640,1238
"it's not to hard to manage, mostly, but you do get tiered of cleaning a litter box the size of a swimming pool.",296,49,7,352,640,3250
Maybe in about a week - we only ditched the training wheels yesterday.,265,40,8,313,640,2254
"I found the blinders online.""",290,41,10,341,640,754
All of this '3 blind mice' talk has given me such a Gouda idea...,279,43,8,330,640,1602
You should see his litter box!,283,35,12,330,640,2904
I was raised in a horse barn.,272,37,10,319,640,322
The farmers wife would soon meet the lesser known sighted brothers and pay for her careless carving”,274,33,12,319,640,1093
I hope this cat is the new normal.,274,33,12,319,640,2727
"After Florida,Kentucky will be next!",294,44,9,347,640,3677
Ratatouille II: The Cats and the Curious,287,41,8,336,640,950
"I've told him that I will take him to Felandia, where cats are great again.  It's ""The Art of the Ride.""",263,35,10,308,640,4105
Shhh!  She thinks she is Grizabella!,275,42,8,325,640,1756
The saddle protects my groin,280,32,13,325,640,4169
Check “me out”!,290,43,9,342,640,424
Shouldn’t she be sitting side saddle though?,292,39,11,342,640,4610
Reboot!,266,40,8,314,640,724
The blinders did the trick,261,50,3,314,640,1678
"I have a couple more if you're interested. 
I call them the Three Blind Cats.",263,46,5,314,640,4053
We're after a falcon.,304,46,9,359,640,2069
"Hey, cool dream!",282,39,10,331,640,1770
This new system is destined to disrupt the current bell method.,282,39,10,331,640,4489
"These felines had a good run, but they are done.",271,41,8,320,640,651
Nah — the hardest part was sliding down that corkscrew tail.,271,41,8,320,640,766
"Yes, they finally translated “The Secret” into our language!",287,40,10,337,640,3355
"It feels much BETTER than side saddle, BELIEVE ME!",302,43,9,354,640,620
Got a ticket to ride?,301,43,10,354,640,3634
"Stick around, next I'm going to do an extended trot.",279,36,11,326,640,2491
"Hi Ho , Silver",279,36,11,326,640,3539
I've been smuggling him cat food.,289,47,7,343,640,318
Awwww look at the mousies!,267,40,8,315,640,4601
Just practicing for cat dressage competition.  You?,288,29,15,332,640,2438
I thought we were suppose to be the three blind animals,282,41,9,332,640,3196
You can have a ride after dinner.,286,33,13,332,640,4092
Invest in Bitcoin.,293,50,6,349,640,727
"Don't worry, Mom, the blinders don't hurt him.",292,52,5,349,640,1685
"I get one mile on one kitty snack.""",294,48,7,349,640,3598
Removing the blinders will get you a 2G- force ride.,271,43,7,321,640,541
Tally- Ho!  Off to tame another cat.,270,45,6,321,640,1900
Google tries to improve its hiring stats by diversifying cat videos,273,39,9,321,640,2440
I have the enemy under my control.,250,34,9,293,640,4620
What are you going to do when the L shuts down?,280,36,11,327,640,1060
"Quick, hand me a crop!",279,38,10,327,640,1206
"What?  I think the market is hot for ""Uber Pussy"".",295,37,12,344,640,1890
"What, you think it would be easier for the cat to ride the mouse?",255,35,9,299,640,1812
"Yeah, there's this guy, Skinner...",266,44,6,316,640,2524
"you were right dear, I’m glad we spring for the blinders.",279,49,5,333,640,1848
"Hey you two, can you hear me?  Riding Miss Kitty is more fun and not as dangerous as running after the farmer's wife.",287,33,13,333,640,2706
"You can't tell, but this cat is actually sleepwalking.",258,40,7,305,640,2739
I got a job with the gnome he belongs to.  First I'm exercising him and after that I'm going to feed him.,274,39,9,322,640,1526
Now I got her where I want her.,271,45,6,322,640,2898
It's sensitivity training for cats who utter bad nursery rhymes.,275,37,10,322,640,3956
He keeps betting the Giants.,293,32,14,339,640,516
Watch. She can count to four!,286,46,7,339,640,963
"Never underestimate the motivational capabilities of Tony Robbins, gentlemen.",267,33,11,311,640,882
She's taking me for a ride!,261,45,5,311,640,3027
I'm taking him on the meowtorway.,279,40,9,328,640,56
It’s the only way he can save face with his family.,278,42,8,328,640,2638
Snazzy eh guys...easy on gas...feed him some dinner...the view up here is great...what's not to like...,275,48,5,328,640,4786
"See: no need to bell the cat.""",293,43,9,345,640,2314
I have blind sighted this country. All you need to do is play dumb and enjoy the ride. - Donald Trump,296,37,12,345,640,4474
"Simple psychology,mind over matter.",293,43,9,345,640,4698
"Just like the a lot of individuals, has blinders on and does not know what' going on.",308,44,10,362,640,2150
"Hey, if you can’t beat ‘em, conquer the entire species!",270,38,9,317,640,2306
"It's the fountain of youth, guys. Now I got me 10 lifes.",289,31,14,334,640,450
Her parents could not afford horseback riding classes,298,44,9,351,640,3281
Who's up for some wine 'n cheese?,276,37,10,323,640,480
I switched her Catnip for Gummies.,276,37,10,323,640,1712
It’s simply mind over matter.,274,41,8,323,640,2646
Curiosity kills a cat so I took away it's curiosity.,276,37,10,323,640,4611
The pioneers used to ride these baby's for miles.,294,43,9,346,640,492
"Remember what the dormouse said, ""Ride your cat.""",265,39,8,312,640,437
He struck it rich selling ice to the Inuit's.,264,41,7,312,640,2147
"The principle is the same, whether it be tiger or pussy cat.",297,48,7,352,640,4516
She likes something called Mary Wanna.,292,38,11,341,640,1282
"What? It's 2018,for rats sake!",276,39,9,324,640,1191
"Well isn't that the cat's pajamas!""
""They're not John, its clearly a saddle.",297,39,11,347,640,2966
Off to Tuscan for some Sharp Cheddar Cheese and getting my nails done.,296,41,10,347,640,3831
"No,it's not the blinkers either.  I'll give you guys one more guess.",283,36,11,330,640,1475
"Man, I wish Ted would just get off his high cat...""

""Seriously.. he’s so cat-descending..",282,38,10,330,640,3427
All I said was; 'do you want to play follow the leader'.,271,29,13,313,640,83
The blind mice… Go talk to them.,302,40,11,353,640,22
"He's the honorary Fourth Blind Mouse.""",301,42,10,353,640,164
This trick is called the unknown unknown.,269,44,6,319,640,4616
"So much for ""night vision""!",289,46,7,342,640,3572
We're into BDSM.,294,36,12,342,640,3801
"When will you start believing darlings, it’s not either-or, but and & both.",290,44,8,342,640,4814
I'm glad you asked.  I just finished reading The Seven Pillars of Wisdom.,265,32,11,308,640,4381
That's one blind cat!,297,42,9,348,640,4448
"It’s a tale of a tail , and  a cat who did not know that there is a mouse in the driver’s seat...",284,36,11,331,640,1222
"Look, it's one of those new self-driving cars.",280,35,11,326,640,281
He promised dinner and flowers.,283,29,14,326,640,1931
It's just a mental block.,263,38,8,309,640,352
Don't worry.  Cats have no sense of smell.,263,38,8,309,640,1941
"Pretty sure the nursery rhyme said Three ""Blinders"" Mice.",280,46,6,332,640,1257
"Technically, he’s blindly prancing after the farmer’s wife.",279,48,5,332,640,2553
I'm working my way up to bear back!,246,41,5,292,640,4504
No rides get your own puddy cat,267,41,7,315,640,3183
He thinks he's a race horse and I'm a jockey.,289,39,10,338,640,1567
He mistook me for an alpha mouse!,289,39,10,338,640,3087
We trained with the cone.,294,40,10,344,640,317
"Heh heh ,It’s the blindered leading the blind!",293,42,9,344,640,3013
I'm a cat whisperer - do you want my hourly rate? You'll discover that cat whispering allows you to confront your deep-seated fears.,281,35,11,327,640,2244
"oh, this? got him off the burned Disney lot.",277,43,7,327,640,2686
Yo Nibbles - Either you have Catshare on your iphone,279,39,9,327,640,4038
Riding your pussy,290,28,15,333,640,267
I’ll be right back,284,40,9,333,640,2125
"I read Donald Trump's ""Art of The Deal"" and took courses at Trump University",286,36,11,333,640,3638
It takes real skill to get him to land on just three feet.,268,41,7,316,640,3752
"Why not?  After all, life is really just us and a cat.",292,35,12,339,640,1178
It's a new take on three blind mice.,276,47,5,328,640,579
You just manifest it.,278,43,7,328,640,1304
"See, I told you Porthos wasn’t a dog person.",277,45,6,328,640,2884
"""He says he takes his humility to the bank.""",281,37,10,328,640,3868
"I'm not blind, and I'd rather ride than run.",257,43,5,305,640,3486
Three blind mice does not resonate with me. I refuse to be victimized.#three too,283,44,7,334,640,966
"Yes, and when it's home, mice gonna roam.",281,48,5,334,640,4261
America is great.  Do I look like John Wayne?,308,47,8,363,640,4518
"He promised,which of you is next?",288,45,7,340,640,4583
This weed is the shiznittlebamsnipsnapsack!,269,41,7,317,640,4057
"First I blindfolded him, then told him my name was cute little Meou Meou.",297,38,11,346,640,3149
It's a question of mind over matter.,293,46,7,346,640,4476
"Save a horse, ride a cat boys",273,44,6,323,640,3940
"Just be sure to stay behind the blinders until the robo-cat kills the other mice.  Then, the kitchen will be ours!",279,43,7,329,640,4008
"She has a lovely gait and is blind as a bat, oops I mean cat",309,47,8,364,640,3972
"Hey, check out Bob’s new ride.",266,38,8,312,640,4763
When I realized I wanted more than play I finally found the courage to take the reins.,268,45,5,318,640,759
Afterparty when the clock strikes midnight,297,40,10,347,640,4816
Mice! Fetch me the whip!,278,36,10,324,640,1292
I wouldn't say it's evolution but more like prostitution,278,47,5,330,640,1009
"No, I haven't heard that one, the scorpion & the what? Bon voyage!",282,39,9,330,640,1207
He’s what we call a real Trump-ian.,284,35,11,330,640,2050
Just another day with my ”catravan”!,288,38,10,336,640,3156
The mice blinders come free.,310,47,8,365,640,463
"But Georges, what if it's all a ruse?",270,32,11,313,640,1230
Wish us luck  We're headed to Belmont Park for the Manhattan Handicat.,268,36,9,313,640,4722
Already taught him to make cheese.,265,42,6,313,640,4838
It's basketball season. I challenged him to a game of horse.,275,33,11,319,640,2876
A mouse divided against itself cannot stand.,301,45,8,354,640,4012
He’s also my dermatologist!,306,35,13,354,640,4296
"See, being blind can take you places!",303,41,10,354,640,4408
I just tamed him,274,46,5,325,640,3837
"Before we go to the ""Land of All Cheese"", he's taking me to the ""Small Intestine"".",307,44,9,360,640,1987
It took less generations than the iPhone.,256,40,6,302,640,11
This cat doesn't nip.,289,38,10,337,640,2984
Don't believe that fake news. Everything DT said on Access Hollywood is true.,267,29,12,308,640,77
I still can't believe they managed to discover a new breed of horse this late in the game!,297,33,13,343,640,29
I'm the king of the world.,291,45,7,343,640,142
"I told you, I'm Ride or Die!",291,45,7,343,640,438
I trained him for the three blind mice.,293,41,9,343,640,4293
I’ll let you ride if she doesn’t eat me first,266,42,6,314,640,546
Of course she's purring the jingle Three Blind Mice.,271,32,11,314,640,2181
Does anyone have a carving knife?,278,29,13,320,640,2817
I trained her to obey my whiskers.,271,43,6,320,640,3189
"Guys, guys don’t worry. He has eye blinders.",275,35,10,320,640,3719
It’s not brain size but functionality.,279,38,9,326,640,670
You need blinders when riding pussy.,287,33,12,332,640,1010
Taking Puss out for some exercise while I house sit for Mickie and Minnie.,282,43,7,332,640,2877
"It's great, except e likes to sleep a lot!",289,40,9,338,640,4716
Awww... I'm just playing with 'im.,261,43,5,309,640,3607
We're a shoo-in as long as he sleeps fewer than 20 hours.,296,48,6,350,640,3016
"Well, so much for the Three Blind Mice myth.",236,40,4,280,640,4421
Who moved our cheese?”,271,45,5,321,640,3208
Its easy I just told him there's better food on the ground,278,31,12,321,640,4082
They needed more forces at the border wall,310,42,10,362,640,219
Technically we are supposed to be blind so the cat thinks he needs to be really focused.,279,40,8,327,640,776
And the butcher thought we were the blind ones!,281,36,10,327,640,2003
Kompromat!,286,37,10,333,640,226
This is what I call purr-fection!,283,43,7,333,640,3443
"Three Blind Mice"" is a bit outdated don't you think:",289,42,8,339,640,3847
"Boys,It comes with unlimited warranty !",294,43,8,345,640,1636
The Germans call it Pawsprung Durch Technik,264,39,7,310,640,3140
"He is a reformed mouser on Step Nine, and I just can’t tell him that my mother is still alive.",267,44,5,316,640,4796
He's gradually getting into character for my Mousterpiece Theatre production of 'Three Blind Cats.'',308,37,12,357,640,3092
We're auditioning for the Rose Bowl Parade.,303,47,7,357,640,4709
"Without it, she gets distracted by any food she sees",277,35,10,322,640,1139
"The blinders were a great idea; otherwise, I would have been bucked off long ago!",274,41,7,322,640,1929
"It's that new taxi service, CABUR",276,37,9,322,640,2076
"Alas, the tables have turned... And if the farmer's wife ever nears our tails with a carving knife, we all shall see how we run!",275,39,8,322,640,2318
"Side saddle, any one ?",277,46,5,328,640,1122
"This is Donald Trumps cat, he threatened me with ""fire and fury"" so I just got on his back.",248,29,10,287,640,2196
Check out my improved mousetrap.,282,36,10,328,640,2953
"Hey Tom and Mighty, make sure you stay behind the blinders, he's only green broke...",280,40,8,328,640,3709
Ssssshhhh...Don't reveal the truth. Pretend you see a Presidential figure in a limosene.,280,40,8,328,640,3946
"You'll get your turn next, on the dog.",284,43,7,334,640,1247
Make sure he doesn't see you.,286,39,9,334,640,3737
W T F?,298,26,16,340,640,2202
Capitalism 101,289,44,7,340,640,2804
The ladies love a man with a pimped-out hide.,291,40,9,340,640,4460
"When we play  cat and mouse games wearing blinders, it usually ends up cat-astrophic!!",258,31,10,299,640,4815
It's LYFT for mice!!,269,31,11,311,640,3381
What you can't see won't feed you.,307,41,10,358,640,779
You should see how he rides his camel.,273,45,5,323,640,1657
One cat with blinders: see how he trots!,316,56,4,376,640,2897
"This one pays by the hour in cold, hard cheese.",285,32,12,329,640,4005
Is that what its like to be the cool kid?,281,40,8,329,640,4529
Nothing to see here. Meow along.,288,37,10,335,640,2967
The cats and the cat nots,256,37,7,300,640,2779
"He could be faster, but useful nonetheless.",299,48,6,353,640,205
Don't be afraid. A cats brain is just the size of a mouse.,272,27,13,312,640,2081
"Trust me, bet Kitty to win in the eight race at Hialeah Park. She's a mudder, loves the slop",280,44,6,330,640,615
"Well, it's time to round up the frogs.",296,34,12,342,640,992
"No, he's not blind - just a case of severe astigmatism.",301,35,12,348,640,3542
Kitty and I are off…,301,46,7,354,640,2750
We find they help with the pouncing.,263,36,8,307,640,1396
Death takes lunch,274,36,9,319,640,2095
Am I imagining a Cat'ostrophe or was that a Purr-fect ride?,273,38,8,319,640,4810
Can you hear me now?,278,39,8,325,640,1210
It's to keep him from getting in a tizzy over politics...,279,37,9,325,640,3112
"If wishes were cats, mice could ride, Mickey!",283,40,8,331,640,2640
It's my new autonomous ride,289,39,9,337,640,1755
"You can lead a cat to catnip, but if you can make him roll over and purr then you've really got something!",288,41,8,337,640,1896
Thanks for your support. I can manage from here.,290,48,5,343,640,1147
"rat on a cat, new kids show",297,45,7,349,640,663
Don’t knock it until you’ve tried it.,296,47,6,349,640,4192
It's still 'playing' ... but it's 'horse and rider' instead.,306,49,6,361,640,1864
"This is my final shakedown run, tomorrow we go self-driving",259,35,8,302,640,3298
"At  long  last, Tom  won't  be
chasing us around anymore!",263,38,7,308,640,4747
Broke him in the bright sun,273,40,7,320,640,1801
That's just the live action role-playing game of cat and mouse.,270,46,4,320,640,3936
"I didn’t like the idea of three blind mice, and took it from there.",279,39,8,326,640,1068
Would you like to pet him? He doesn't bite.,283,42,7,332,640,4785
We’re filming a new sepisode of Squeaky Blinders.,286,47,5,338,640,3767
This is what happens when you get toxoplasmosis.,244,34,7,285,640,540
When he needs to eat I take off the blinders.,263,40,6,309,640,3244
I told you speaking to him in Dalmatian would turn him into a pussy cat!,264,39,6,309,640,3557
Ya just hafta make friends.,275,49,3,327,640,2409
"If you can’t lick ‘em, join ‘em!",275,49,3,327,640,2564
His herding instinct are unique.,278,43,6,327,640,4734
That’s what democracy looks like the 21st. Century.,286,38,9,333,640,3939
Grab'em by the bridle.,290,41,8,339,640,2570
It worked for Man o' War. I call her Cat o' Peace.,296,40,9,345,640,1041
Love is blind but what would our species know about that.,297,38,10,345,640,4407
He is one cool cat,293,46,6,345,640,4856
The hardest part was the bucking.,306,42,9,357,640,3258
"Hey Gregory, want to make fun of my catnip-smelling dick now?",245,23,12,280,640,336
"Hop on, Boys. We're running over to the farmer's house for some prime rib.",259,39,6,304,640,221
It's the only spot he likes being touched.,259,39,6,304,640,2039
Now that Hobson has changed his system I can choose any horse in the aisle and go like a pro.,265,38,7,310,640,785
Now there is a new sheriff in town! Well as long as we keep the blinders on Fluffy.,262,44,4,310,640,2118
I've been watching the Disney channel.,271,37,8,316,640,751
I'd like to add you to my LinkedIn network,272,35,9,316,640,752
Did I just hear a discouraging squeak..?,277,47,4,328,640,2421
With blinkers he doesn't know.,288,36,10,334,640,574
Not too shabby...,289,45,6,340,640,3088
it took alot of cat treats to train him ',294,46,6,346,640,4560
The odds are 2 to 1 that War Feline wins the Cat-tucky Derby.,313,41,10,364,640,1834
Best damn show pouncer I've ever trained.,239,37,5,281,640,1212
It’s like the Aesop fable where the mouse pulls the thorn out of the lion’s paw except in our case we’re fuckin.,263,22,14,299,640,1146
Whiskers and Squeak? I'm your Taxidermy ride.,278,36,9,323,640,2304
They call him the Meowse Rider,286,42,7,335,640,1778
His doctor told him to try the 'Fat Cat No More' health regime. Humiliation is a big part.,285,44,6,335,640,3905
"All aboard, it's the Three Mousketeers!",288,38,9,335,640,4144
"'I'm the captain now.""",302,43,8,353,640,1470
"With those blinders on, he thinks I'm a horse-whisperer.",322,47,8,377,640,531
"I've heard of three blind mice, but this is ridiculous.",270,32,10,312,640,105
The cats are now politically correct.,273,37,8,318,640,387
"So easy, even a blind man could...",263,35,8,306,640,549
It’s a whole new world!,288,40,8,336,640,829
Let's see how this cat runs!,293,41,8,342,640,862
I hope traffic isn't too bad.,289,38,9,336,640,1105
I much prefer the nursery rhyme reversed!,274,46,4,324,640,1838
Brainwash your predators to become your ally.,282,41,7,330,640,2164
I bought a wheel of cheddar by cashing in my rewards from my feline miles.,279,36,9,324,640,2498
"The Rat on the Cat:

A car? A horse? A great big raft? No, it’s a rat that’s riding a cat. 
Plip-pawp goes the cat, whose carrying the rat. 
Goodbye goes the rat, to the ladies that sat. 
They giggle, they swoon, they think he’s all that.",257,36,7,300,640,2822
"Don’t “rat” me out, guys!",271,41,6,318,640,3224
I need the cat's eyes on the road to drive safely.,289,49,4,342,640,4282
Cheesy!,288,42,7,337,640,119
"Hello boys, you'll be happy to know Kitty's almost got her confidence back.",285,37,9,331,640,4300
You want a ride?,279,38,8,325,640,3076
"Simon says, “sit on the blind cat.”",279,38,8,325,640,3731
It's the blinders that make this the greatest cat and mouse game!,277,42,6,325,640,4131
"This is the latest model, and with 4-wheel drive!
-Lincoln Barnard (age 9), Capitola, CA",270,34,9,313,640,3209
"Hey, everybody's got their thing.",299,44,7,350,640,2512
"Evidently, it’s a new breed that’s only interested in The Red Dot.",295,41,8,344,640,198
It is all in your attitude to control an animal bigger than you.,296,39,9,344,640,1045
"No Fievel, there are cats in Colorado, but we’ve learned how to manage.",284,41,7,332,640,1114
You never believed I could do this.,285,39,8,332,640,1600
"Just got done with the midnight shift, see you tomorrow.",285,39,8,332,640,4574
"Even if he doesn't break a leg, I'm shooting him.",274,39,7,320,640,529
"Don't worry, you guys, he is getting an apology from Pete Davidson on SNL this week.",275,37,8,320,640,2873
That's just a game - we play for keeps.,268,40,6,314,640,2997
Look what I traded my pizza for!,309,37,11,357,640,2668
"Hey, which way is it to the farmer in the dell?",301,42,8,351,640,1945
You are missing out on a great ride.,300,44,7,351,640,3091
his mom said horseplay isn't allowed in their house,305,34,12,351,640,3375
She’s vegetarian: The headphones were optional.,273,43,5,321,640,926
Would one of you mind helping me fill up?,274,41,6,321,640,3602
The fat cat rides again!,260,36,7,303,640,851
If the cheese will not come to Muhammad...,296,43,7,346,640,4351
Play.,294,36,10,340,640,1789
"Dig it.
Get hip.
Legit 
 Catnip !",294,36,10,340,640,3283
Best thing is I get to eat the seeds out of his shit.,289,35,10,334,640,282
Where's your Mint Juleps? The race is about to start!,283,36,9,328,640,658
Hey!  No animals were injured in the commercial.,284,34,10,328,640,728
Got the news media under control now,278,46,4,328,640,2350
"How do you do, fellow mice? Conquer the day we must.",274,43,5,322,640,96
"We're running in the ""Catness""",274,43,5,322,640,1535
"I know is not ethical, but I didn't want his horse complex go to waist.",255,37,6,298,640,4536
"When I was a little girl in Poland, we all had ponies. My sister had pony, my cousin had pony, ..So, what's wrong with that?",254,28,10,292,640,1241
It’s not the size that counts..,310,39,10,359,640,3520
You can thank a GMO version of Toxoplasma gondii for this.,307,34,12,353,640,1017
"Yee-haw""",295,36,10,341,640,3391
"So, what was it they said about forty acres and a mule?",288,39,8,335,640,2009
Next stop - The Kentucky Derby.,286,43,6,335,640,3062
Shall we breed him with the Siamese next door?,288,39,8,335,640,3710
"Sing along! One blinkered cat, one blinkered cat. See how she runs, see how she runs.",287,41,7,335,640,3965
Top mouse,285,34,10,329,640,3324
Just don't tell Snow White.,281,42,6,329,640,3880
This new breed of cat is just... disappointing.,280,44,5,329,640,4040
You know what they say: ‘If you can’t hunt with a dog hunt with a cat’.,273,47,3,323,640,2480
We're off to the Cat-tucky Derby.,263,45,3,311,640,181
I've never seen him so blind.,314,44,8,366,640,1012
I thot I saw a putty cat! I did. I did I did.,311,39,10,360,640,2724
Don’t be so mousy - it’s safe!”,288,41,7,336,640,102
It takes a cat to catch a cat.,284,49,3,336,640,745
Off to the I Can Has Cheezburger audition,283,40,7,330,640,3271
He's a good boy.,279,37,8,324,640,2569
Named him Feral  after the roundup.,278,39,7,324,640,3075
Hey fellas don’t worry he thinks he’s a show pony. Gets me where I want to go minus the traps’,270,33,9,312,640,2048
It's the swag she's after,258,35,7,300,640,906
Remind you of a nursery rhyme?,291,48,4,343,640,2983
"Just a few kind words and some cheese, and the cat is silly putty in my hands.",292,46,5,343,640,4176
"I like to think of it as ""blind as a cat.""",291,37,9,337,640,958
"Hey, guys one ounce of NY Cheddar for a ride.",288,43,6,337,640,3761
"CATch you all later ladies, I gotta pounce!",285,38,8,331,640,588
"Turns out if you give a cat a cookie, they’ll submit to your every whim",280,37,8,325,640,614
He's all visual.,315,46,7,368,640,3034
"3 blind mice has been done again and again""",270,35,8,313,640,3287
I'm off to the Breeders Cup Race.,301,30,13,344,640,110
I'm auditioning for a new reality show.  It's called  'Species Swap',292,37,9,338,640,1772
"Yep, the blinders and nasal anesthetic work!",279,41,6,326,640,1455
"RIP Cat-Back Mack, Mouse Legend",280,39,7,326,640,3722
"One blind mouse with no sense at all, rides off into the kitchen!",315,37,11,363,640,1497
I've got to see how he runs!,308,40,9,357,640,2262
"Making American Tail Great Again, boys!",271,35,8,314,640,1354
Tata.  I'm off to my LASIK appointment.,276,25,13,314,640,4690
The're really headphones so he keeps in step.,300,45,6,351,640,98
Howdy partner. Can ya'll point me towards the Calico Saloon?,264,38,6,308,640,3513
Trust me I put blinders on him he has no idea ... We are safe !!!,268,30,10,308,640,3597
She tells me “It will be fun!”,259,37,6,302,640,2764
"He usually behaves, but I get thrown every time he goes into Halloween Cat mode.",289,45,5,339,640,859
Meow  meow ... this ain’t my stop.,285,42,6,333,640,1939
Don't you just love her gait,288,36,9,333,640,2856
Pussy's been good since I broke him.,288,36,9,333,640,3735
It's not what you think!,284,44,5,333,640,4586
"It's got a good engine, and it's safe as long as you're careful.",282,37,8,327,640,2731
"Ironically,sometimes,” what you can’t see is what you get”.",280,41,6,327,640,3365
"The thing is, cats just aren’t cut out for open concept floor plans.",279,43,5,327,640,4739
Really. He’s a pushy cat.,291,54,1,346,640,3295
Sure the cats look good but they never fit in the underground car park.,266,36,7,309,640,3839
Shhh! He’s got a 4.99 rating!,290,45,5,340,640,565
"Let the dogs bark, Sancho. It’s a sign that we are on track",285,44,5,334,640,2903
She agrees. Vote the party not the person,282,39,7,328,640,2671
One blind cat...hi ho the Dario!,288,27,13,328,640,3119
I haven’t forgotten my roots - peeing on old socks behind the dryer.,284,35,9,328,640,3152
We're training for the Mouser Derby.,285,33,10,328,640,4103
Remember when Tabby here went to Russia last year?,280,32,10,322,640,1863
"Hay Fellows want to hitch a ride. Shh say nothing about mice,rats or names like Tom and Jerry.He thinks we're the Three Blind Ants. Ha ha ha",293,41,7,341,640,3142
"Love is Blind  Frank Buckley Boston, MA",288,40,7,335,640,154
"Great news, guys. If the trotting, cantering, and galloping are as easy as the walking, we're good to go.",285,46,4,335,640,1327
Hickory Dickory sold his clock business.,286,44,5,335,640,3404
"If it works for horses, why not for cats?",287,42,6,335,640,4550
He told me he’s a mousetrap detective,283,39,7,329,640,4366
She likes going to where they process the chicken.,308,36,10,354,640,420
He thinks I'm his daddy.,300,40,8,348,640,342
It only took 4 hours to break him!,300,40,8,348,640,1875
Don't worry! Odysseus is inside.,297,35,10,342,640,3592
"You can lead a cat to milk, I want to know if you can you make him turn it into cheddar cheese.",289,40,7,336,640,4764
Mouseketeer d'Artagnan has tamed another cat.,282,43,5,330,640,400
The king says only the greatest mouse is allowed to ride the cat!,281,45,4,330,640,2130
"Once you get the blinders on them,
cats can’t sniff us out.",259,32,8,299,640,2381
No worries! Cat's got blinders to block all truth. He has no idea we're prey.,281,34,9,324,640,3685
"No, guys!! He put them on all by himself!",284,28,12,324,640,3970
"you two can suit yourselves, she spooks easy but at least she’s not blind",279,38,7,324,640,4628
Get on up it's a free ride .,298,46,5,349,640,941
"HE'S NOT COMPLETELY BLIND, BUT YOU KNOW WE HAVE THE GENES FOR IT",301,40,8,349,640,4139
When Tom gives up,298,47,4,349,640,4329
It’s the blinders.,291,49,3,343,640,616
Relax -- He only wants to graze outside on the grass.,260,43,3,306,640,4466
It’s a trade off.,284,41,6,331,640,1404
"Yeah, being blind ain't easy, still, we see more than this blinkered fool.",287,35,9,331,640,3227
I’m playing chicken.,285,39,7,331,640,3328
Think of it as a better built fake mouse trap.,285,39,7,331,640,4853
It's been in development since the catpocolypse of 2014.,310,35,11,356,640,791
He says he's ready for the herd,280,38,7,325,640,377
I'm managing my Toxoplasmosis.,280,38,7,325,640,1267
My secret? The blockchain.,305,34,11,350,640,2748
"Do you like her? She’s a new breed of short hair, all the rage these days.",282,34,9,325,640,3228
hey guys he thinks hes a horse!,314,40,9,363,640,2416
This mouse has taken control of his house.,293,36,9,338,640,2973
"Bye for now, I'm off to veterinary school.",269,38,6,313,640,1703
Cat-ch me if you can suckers!,268,40,5,313,640,3919
Don’t judge us.It’s an S&M thing.,250,30,8,288,640,2672
Who knew antifreeze had other uses?,288,35,9,332,640,1665
It's his tiny eyes.  He needs guidance.,284,43,5,332,640,3667
"What's poppin', fuckin' losers?",283,23,14,320,640,505
How's that placebo treating you?,281,27,12,320,640,1757
"who's blind now""- former member of the three blind mic",277,35,8,320,640,3547
"Don't worry, he won't bite.",276,37,7,320,640,4419
Forget the bell . . . this one's a real pussy cat . . ..,315,40,9,364,640,923
"What? C'mon, it beats the heck out of dog-eat-dog.",292,40,7,339,640,1220
Git a long little kitties.,271,36,7,314,640,162
"Like I've always said, if you can't win an election then move to Florida and steal one -- and grab a race cat.",272,34,8,314,640,1158
CATch you guys later!,309,41,8,358,640,998
"My genetically modified Toxo, is working fabulously.",285,43,5,333,640,3339
"I was going to call him 'Dumpy Donald' but that name was taken""",293,27,13,333,640,3941
You could be sitting in my seat if you hadn’t pigged out on that  3 pound block of cheddar!,265,37,6,308,640,3021
"I think our problems are solved, but there's always gambling.""",303,42,7,352,640,4264
"He must be on Kat Nip"" , said the two mice for he has the mouse on his back",261,34,7,302,640,3064
His tail chasing obsession is now well controlled.,275,41,5,321,640,4781
You should see him trot!,294,38,8,340,640,184
"Guys! I promise, this one is NOT going to be about the ""3 blind mice""!",309,43,7,359,640,1831
"Catillac Uber alles Uptown, yo?",272,36,7,315,640,4449
"Pssh, typical Catillac driver, cat calling any female he sees and the blinkers are just for decoration...",288,39,7,334,640,522
"Pardon me gentlemen, but which way is Niger?",269,31,9,309,640,2336
"It's called 'ingenuity', babes. Look it up.",266,37,6,309,640,3282
You would be stupid not to!,298,43,6,347,640,2386
I'm going bungee jumping.,298,43,6,347,640,4533
"I gave him my mini van for the practicality but he’s such a daredevil, Hank. Always trying to impress the girls.",261,36,6,303,640,1870
It's perfect - I've learned to 'meow' & I steer her away from the mouse holes!,274,45,3,322,640,3269
Fievel Mousekewitz has tamed the Cossocks!,272,38,6,316,640,4511
"I'm looking for the owner of that cat. He's tall, blonde, he smokes a cigar, and he's a mouse",287,43,5,335,640,3732
"By luck, I got to him before the fleas did.",287,43,5,335,640,3949
Want to play Blind Cat's Bluff?,268,35,7,310,640,4439
"So...do you want to tell him Barnham & Bailey's is closed, or should I?",285,36,8,329,640,527
"Sorry, can only stop on  Central Park South.",261,38,5,304,640,3036
"See, like I said, it's easy.  You just channel your inner Victor Espinoza and then you, too, will become a cat-whisperer.",263,34,7,304,640,4181
Just cattin' around!,307,40,8,355,640,92
We used CRISPR to transfer the 'blind gene' to our cat friend,293,33,10,336,640,4525
Toxoplasma gondii infection as evidenced by risky behavior. Just ask Terry Gross!,274,36,7,317,640,915
"This is a foreign cat.From now on, it’s US mice first.",282,44,4,330,640,638
All I had to say was 'Don't mess with Squeaky Blinders'.,269,24,12,305,640,27
It’s about turning the power dynamic on those viral videos.,264,34,7,305,640,4094
"What he can't ""see"" just ""doesn't exist"" ... for Him!",264,34,7,305,640,4568
This way I don’t need a GPS.,305,46,5,356,640,1800
Feline break-in time is somewhere between a camel and a horse.,304,48,4,356,640,2883
Let's see Hannibal pull this off.,275,36,7,318,640,407
I see the lack of running has affected your waistline.,276,34,8,318,640,2027
I don’t like her feline proclivities,274,38,6,318,640,2556
I never said  our friendship was forever!,271,44,3,318,640,3135
"Look guys, I am no sceardicat!",318,44,7,369,640,2855
'''Let's give donkeys and elefants a good example!',302,41,7,350,640,1221
It doesn't HAVE to be away!,305,36,9,350,640,1717
"I'm not quite sure what mean by a 'better mouse trap' """,306,33,11,350,640,2313
They call him King Catnip!,268,39,5,312,640,678
"It runs great, but what fuel grade did you say it needs?",298,38,8,344,640,247
Oh these? They're called Squeaky Blinders...works wonders.,283,33,9,325,640,2119
"Go ahead and play while the cat’s away, but don’t count on us to go running after the farmer’s wife — you’d be blind fools to try that!",283,33,9,325,640,4916
"Don't worry. This model comes with the ""three mouse"" blinders.",276,36,7,319,640,1709
"'He believes, he can beat Justify in this years Derby'",303,41,7,351,640,1721
How’s he going to lead to the cheese with those on?,259,35,6,300,640,3263
"The blinders help curb 'sudden fuel chase syndrome', but don't turn your back on this new model yet, there are still some bugs to work out""",287,38,7,332,640,1577
We ain't no 3 blind mice. Maybe they'll cut off his tail with a carving knife,286,40,6,332,640,3832
I told y'all I broke the pussy!,274,29,10,313,640,2613
"Ever since he seen that ‘possum out back, he’s been real obedient.”

Greg Fukutomi, New York City",298,40,7,345,640,4909
just be glad he cant see you,286,29,11,326,640,3968
He's not a big fan of leaving the House.,312,36,10,358,640,2489
"He’s with Kitty’s crew now, the dirty RAT!",266,34,7,307,640,323
Even mice like to ride the Puddycat!,274,42,4,320,640,1839
"Watch and learn, kiddies....CATaracts, Blinders, early signs of Dimentia and a love of Old TV Westerns, will rock your world!!!",278,34,8,320,640,4357
I got the idea when I had that 'Three Blind Mice' earwig and ... Voila!,285,44,4,333,640,1675
"Hey! You thought that The Mouse that Roared and
 the Mouse that ate the cookie were something. 
Well, check out the Mouse who trained a cat!",272,35,7,314,640,3446
It's all about having the right blinders.,281,41,5,327,640,3284
see aesop - I  Belled  the Cat !,307,37,9,353,640,4065
"Look out, world!  Best cat meme ever!",280,32,9,321,640,4514
Shhh...he doesn't even know he lost this cat and mouse game,301,38,8,347,640,3432
"Doesn't the nursery rhyme say that ""the cat takes the mouse"" ?",274,33,8,315,640,532
I'm trying the buggy tomorrow.,286,33,9,328,640,1673
"Cheese and milk are both dairy, you know.",283,39,6,328,640,4577
"Onward with the caravan. ""We can sneak under the fence and join the rats on the other side.""",280,34,8,322,640,1965
I trained her myself'.  She's my friend Flea-ka.,280,34,8,322,640,3118
"You guys know Pete? He got eaten up by one of these things here. Don't worry though, once you get the saddle on they're like putty in your hands.",289,40,6,335,640,530
"If I keep his blinders on, he will never know who is driving him.

Cynthia Rudder",289,40,6,335,640,1806
I just ordered a snake for next week!,274,35,7,316,640,537
Blinders work every time!,284,39,6,329,640,2284
"Come on, don't be a scaredy cat",245,34,5,284,640,4344
Told you that story was bulls*$t!,294,32,10,336,640,15
Things have really been getting weird ever since toxoplasmosis got legalized.,293,34,9,336,640,4635
"Blind Animal Department:
Pairing Like-minded Animals Nationally",275,35,7,317,640,3121
"Well, maybe Frank should have got one that wasn’t so hard on fuel.",274,37,6,317,640,3392
"Cats only hear tonality. Meow!  and Yee-hah!  sound the same, so I'm sitting pretty.",286,37,7,330,640,3311
"Yeah, Central Park's Stables have been converted... just for us!",257,36,5,298,640,1571
We're off to the Derby!,268,38,5,311,640,2217
Free rides on my taxiplasma!,279,40,5,324,640,3955
Marchiavelli theory,278,42,4,324,640,4390
Nope!,292,38,7,337,640,253
Cat & mouse a new paridam,290,42,5,337,640,2288
"I have no more patience for these hip, new startups.",291,40,6,337,640,2926
"Ha! Last time I heard that, I fell off my dinosaur.",314,42,7,363,640,3850
Tom and Jerry ending. Ending 2 of 3.,262,39,4,305,640,1492
Next week we race eagles!,275,37,6,318,640,4643
You just get him to chomp at the bit.,284,43,4,331,640,3350
"How'd ya do that? Easy, reverse psychology.",285,41,5,331,640,3762
Narcissist!,288,35,8,331,640,3855
"Put your money on her to win the 1st race, the fix is in.",282,36,7,325,640,895
"Thought this was easier than ""belling the cat!""",281,38,6,325,640,2450
I think she can take the Triple Meow this year!,281,38,6,325,640,3405
"Amazing what a bit of catatonia and hypnosis can do,eh?",292,29,11,332,640,1190
Yippee-kye-aye!,284,45,3,332,640,4125
He's pure scaredy-cat.,277,35,7,319,640,1953
Recommended by Trump!,300,26,13,339,640,1237
"Totally blind, is what I heard.",292,42,5,339,640,3241
I’ll give you a ride when my side-cat is ready to go.,294,38,7,339,640,3245
She is purr-fectly tame,279,44,3,326,640,4118
"drink it up, motherfuckers. i'm on the way to bone my girlfriend....... aka your wife!!!!",318,27,14,359,640,5
"It’s a cat . . . Fangs, claws, and ears you can’t see around.",299,41,6,346,640,3537
The farmer's wife joined the rat race.,286,43,4,333,640,432
"I told you fellas my numbers would hit this time! 
His name is Jackpot and yes, he's a thoroughbred.",291,33,9,333,640,488
It comes with an autonomous upgrade.,276,39,5,320,640,67
Hurry!  We need to move with the cheese!,279,34,7,320,640,3452
We really need to think before we speak and remember we did go through that whole blind thing without too much incident,265,37,5,307,640,699
Dogs  Mostly,251,41,2,294,640,1216
It's like poor people; the big shot doesn't know we're here!,279,35,7,321,640,4721
If it weren’t for the blinders he’d never get away with riding Whiskers!,308,38,8,354,640,1409
Go tell Mother Hubbard! The mouse is not blind this time!,308,38,8,354,640,1858
Ride and conquer!,304,46,4,354,640,3962
See? All you have to do is smile.,293,44,4,341,640,2752
"...my name is Mickey, M,I,C,K,E,Y... the K is silent...",305,33,10,348,640,4615
Move over pizza rat.,279,37,6,322,640,112
Fuck Yous,312,32,11,355,640,1980
He couldn’t see eye to eye with his guide dog.,309,38,8,355,640,3155
I'm playing him Pet Sounds on repeat!,268,35,6,309,640,1580
"Never, ever, feed them so well they break their saddle cinch",268,35,6,309,640,4804
I wonder how many miles to the gallon he gets,287,34,8,329,640,3794
That asshole... He’s got the new one!,303,39,7,349,640,3303
Trust goes both ways...g'day !,292,37,7,336,640,4015
The blind spots on this ride actually prevent accidents,287,47,2,336,640,4915
Just elected to Congress to help keep this beast under control.,266,41,3,310,640,2974
"Sorrrry, we don’t “DO DRESSAGE”",300,34,9,343,640,3000
"When in Kathmandu, you cat-do!",300,34,9,343,640,4423
He developed a new cat food and,289,32,9,330,640,1904
"Marvin thinks he's such an intellectual because he trained a cat. Little does he know, the elephants are after him.",287,36,7,330,640,2695
It's all in the bit.,288,34,8,330,640,3927
"Bell the cat, hell no, I going to race ole Tiger !",324,36,10,370,640,3848
"Zira: What will he find out there, doctor?
Zaius: His destiny.",313,34,10,357,640,913
"It's fine until you try to ride outside,,,inside,,outside,,,,inside.",285,29,10,324,640,1943
.......... Tony Robbins,285,29,10,324,640,4046
I'm told he has the beginning of cataracts.,295,46,3,344,640,3495
This is a Crisper trial reject.  Love it!,318,37,9,364,640,789
This city is riddled with mice. Time to do something about it.,293,26,12,331,640,4327
Look who's running now!,258,35,5,298,640,498
Turn-about is fair play.,323,40,8,371,640,3028
Well we got the 'See' part out of the way!,295,35,8,338,640,1427
This blind kitty says size. Doesn’t matter,300,38,7,345,640,2607
"I say, 'if you can't beat 'em, join 'em'.""",301,36,8,345,640,4488
I just put blinders on him and told  him to follow the smell of cheese.,293,43,3,339,640,2500
"See, I told you.  As the new female Speaker of the House, look how they respect me!  I'm being given a Trump & GOP provided limo to the White House to cut a deal for us.",297,34,8,339,640,4544
No need to bow down.,309,46,4,359,640,2630
I told you things could only look up from here.,287,29,10,326,640,1471
Let's see how fast blinded cats can run!,308,37,8,353,640,637
It doesn't even have air conditioning!,314,38,8,360,640,514
"Hop on, cats!",303,36,8,347,640,3511
Hey guys...what do you think of my new ride?,285,35,7,327,640,1163
It's a non-partisan agenda,281,43,3,327,640,1303
"I came, I saw, I conquered the cat!",286,46,2,334,640,1891
Farewsell ! I am done with antispecism !,297,37,7,341,640,4289
Need a lift? There should be room for a couple more in his belly.,280,34,7,321,640,113
"They were tested on live Republican ,.......!",286,22,13,321,640,425
I have a turkey outfit I’ll be wearing in the parade.,262,33,6,301,640,3746
The only hard part was getting the eye shades to stay in place.,301,42,5,348,640,3159
Keep your blinders on!!,269,32,7,308,640,2144
...and I thought a rat's arse was bad,325,33,11,369,640,902
"Now it will read,'Two blind mice and one blind cat, they all went after the ...'",306,34,9,349,640,3663
He is one blind cat.,285,39,5,329,640,4735
"Help me out with the first two verses: 'One blindered cat""' just doesn't do it.",274,37,5,316,640,3212
"Hi yo, Boots! Away!",282,34,7,323,640,4673
"This game’s kind of cheesy, no?",289,33,8,330,640,2214
"How's it looking from down there Bob? I heard about what you said about me at Rolph's place, so how does it feel not having a cat to ride? jerk.",272,30,8,310,640,2591
Only the greatest mouse is allowed to ride the cat!,302,33,9,344,640,2128
It's called Reverse Toxoplasmosis,304,42,5,351,640,999
"Oh, I'm sorry...I thought you were poop.",261,28,8,297,640,2425
Just like riding political leaders. It takes one to know one.,288,37,6,331,640,2943
"It's rated-G, without all that carving knife gore.",291,31,9,331,640,4157
The dummy thinks I'm a Moose,295,36,7,338,640,1412
Did you guys figure out whether lunch was feta cheese or crack cocaine,304,31,10,345,640,758
We shall prevail !?,301,37,7,345,640,1313
"Hey, how are you, mice ?",297,45,3,345,640,2875
"The wombat has escaped, Mr. Prime Minister.",275,39,4,318,640,3223
Three blind mice?!!  I think not!!!,260,32,6,298,640,3853
If you don't let me name him Secretaricat then can't be friends.,290,35,7,332,640,395
Just purrusing the neighborhood for cats.,318,42,6,366,640,1115
"Rumour from the sewer has it that, he woke up like this.",294,40,5,339,640,2129
The hardest part was sewing the reins.,268,42,2,312,640,2198
Hi fatties,305,31,10,346,640,3739
The family had him Spotified.,248,32,5,285,640,2348
"I worked on the set of Robert Redford’s move; ‘The Horse Whisperer’ and well, a cat and horse are really no different!",277,37,5,319,640,642
I wish I could get my cat to Piaffe like that.,296,38,6,340,640,1246
Stay away from him.  He uses hypnotism.,297,36,7,340,640,4389
I have to guide my new horse to the carrots while we wait for his eyedrops to wear off.,279,35,6,320,640,1480
"Boys, all you have to do is take the 'fe' out of feline, and it'll stay in line.",281,31,8,320,640,2369
Her bio was just the lyrics to ‘Cats in the Cradle’ that’s how,290,39,5,334,640,2720
It’s all about the catmmunication.,262,32,6,300,640,3705
You guys have always been the butt of his jokes,300,32,9,341,640,2372
Even a blind mouse can tame a cat,267,35,5,307,640,358
If I remove the shades he will fall down and that could be CATastrophic!,307,31,10,348,640,683
Who's leading who in the Democratic party,283,29,9,321,640,2477
If it weren't for the Toxoplasma gondii I never would have tried.,285,38,5,328,640,1618
"Hey, you just need the right Cat-a-tonic and you can ride, too!",286,36,6,328,640,3891
His name is Nine 'O Lives.,299,36,7,342,640,980
Are you going to the rodeo tomorrow night?,298,38,6,342,640,1334
Don't worry he can't see you with these blinders on,305,37,7,349,640,3018
Whaddaya think it was,312,36,8,356,640,3885
I can see clearly now,275,34,6,315,640,2810
Riding off to the Wild Wild Pest,278,41,3,322,640,3967
"Left leg on the left, right leg on the right, and your mind in the middle. Oh yeah, opium, cat opium.",287,36,6,329,640,685
90% inspiration 10% peeeeerspiration,271,31,7,309,640,421
"How do you say ""giddyup"" in cat talk?",275,36,5,316,640,730
Mickey likes playing a virtual cat.,272,42,2,316,640,1233
"It’s a new video series. Cat and Mouse, Western Style.",276,34,6,316,640,3019
I am a politician you sillies,285,29,9,323,640,280
Cat'ch me if you can....,284,31,8,323,640,3786
Three words: Mueller's been fired,295,35,7,337,640,4930
Buy your own equipment on Amazon and get your cats at local rescue. We'll rewrite history.,301,36,7,344,640,3210
I'm a mouse.,307,37,7,351,640,1646
I call the shots here!,273,42,2,317,640,1830
"Evolutionary reversal, kids... I am enabling him in his denial of his phylogenetic tree....""",285,31,8,324,640,4581
"No worries, she doesnt have eyes behind her head",294,39,5,338,640,2387
He thinks I'm Britney Spears.,313,27,12,352,640,2616
I can’t wait to hear him screech when the farmer’s wife cuts off HIS tail!,258,35,4,297,640,517
Never give up on a cat because a cat would never give up on you.,265,34,5,304,640,606
"""...basically, the entire procedure is foolproof.",265,34,5,304,640,1371
He's qualifrd for the CAT-tucky Derby.,286,31,8,325,640,793
He is the first of three.,296,37,6,339,640,2122
I have some personal favors so this is what I wanted,301,27,11,339,640,4162
Dood I told you anything is possible!,304,34,8,346,640,738
Did,316,36,8,360,640,1097
I told you...Brains before Braun. Clearly brains ALWAYS  wins!,275,29,8,312,640,4434
It's my new seeing-eye guide cat.,290,25,11,326,640,905
"The nursery rhyme gave me the idea. Three mice, with a pair of blinders.",303,38,6,347,640,1810
We're training for the Run for The Cheese second Saturday in May.,322,39,7,368,640,1320
"And my next stunt is riding on the back of a horse while we are all at least partially blind, if not completely blind.",263,29,7,299,640,2857
They also play nonstop muzak cowboy songs.,260,35,4,299,640,3268
"You guys ""unleaded"" or...?",279,36,5,320,640,1366
"The clock may have struck midnight, but that doesn't mean our power-dynamics need to turn back as well.",284,39,4,327,640,2936
Lucky we all had LASIK!,297,39,5,341,640,3921
One cat with blinders - See how we ride!,314,44,4,362,640,2152
Thanks guys for the leg-up!,274,35,5,314,640,470
"Sorry, you're up next",283,30,8,321,640,3756
"Shoot your shot, right?",283,32,7,322,640,860
"""Jæja, ég fann að hann gæti verið þjálfaður!""",279,27,9,315,640,2183
"See, I  told you they could be tamed!""


Jill R Davis, St. Paul, M",317,42,5,364,640,2316
You know that Dave has got it figured out.,277,31,7,315,640,3563
"Fame, baby!",307,36,7,350,640,4047
They love to see me do it -- something about 'hits.,278,29,8,315,640,4211
"It takes a lot of Purina Friskies and, when under the reigns, full visual briefing daily.",306,38,6,350,640,4618
He's equfeline.,317,31,10,358,640,4924
"I added the blinders after what the press called the ""Great Flashlight Incident of 2017.""",295,36,6,337,640,4587
We can call ourselves the Three Blinders Mice.,286,41,3,330,640,4543
I still don't understand why Jerry doesn't move next door to the house without a cat?,289,35,6,330,640,4824
It’s our new circus act.,280,40,3,323,640,4765
They protect her from the catnips.,295,38,5,338,640,2828
"Don't worry Jerry, Tom is very nice.",307,42,4,353,640,987
Wait til you see his tempi changes!,297,36,6,339,640,4224
...hey Mitch and Lindsay...that shot for low T works real good...,296,38,5,339,640,4832
"I got her at the SPCA... and the best part is she's already rein-ready.""",290,37,5,332,640,1450
The vet said he has a fistula; Would you mind having a look?,280,31,7,318,640,668
This nag’s blind as a bat squeaky.”.,277,37,4,318,640,3009
"I don’t know about you, but I’m joining the Caravan!",323,25,13,361,640,3150
We're going for ratnip.,313,32,9,354,640,1862
I'd rather be Hannibal than keep following that Ganesh around.,298,36,6,340,640,1352
I wanted a side saddle!,293,33,7,333,640,4691
"There is a smiling mouse riding a cat using a saddle. To the right there are two other mice who are talking to each other, presumably about the mouse on the cat.",283,27,9,319,640,2795
"Bell the cat? No, honey. This is Williamsburg.""",278,37,4,319,640,4593
It's Catlyft.  When you get to where you're going you can just leave him there.  Just make sure there's no Bird around or he'll chase.,291,39,4,334,640,2429
Whoever thinks pussification is rampant hasn't tried this,290,41,3,334,640,4332
Virtual Reality can ba a real  Dog n Pony show,285,38,4,327,640,3647
The  Taxidermy Shop opens in 5 minutes. help me get our harness off Old Mouser.,258,27,7,292,640,2299
"Yup, Fluffy can spray a mite, but it ain't a problem if I get her to the litter box in time.",305,39,5,349,640,1566
Wait till you see our Mouse Trap Reverse Demi Volte Haunches Out.,299,38,5,342,640,3618
His favorite food is Hay!,294,35,6,335,640,1608
It's the new Rooomba model. Like it?,289,32,7,328,640,2566
"Get a Kitten Bit Kit, or get kitten bit, kits.",283,31,7,321,640,286
They say it comes with AI.,274,36,4,314,640,3335
Don't touch my shit.,308,35,7,350,640,1406
I’m hoping to join the Synchronized Feline Squad in the Tournament of Roses Parade.,301,36,6,343,640,869
This is the new way to travel meow.,301,36,6,343,640,4876
Gonna split before the farmer’s wife slits me!,289,34,6,329,640,3053
There's no charge. I'm Mickey's great-great-great-great-great-great-great-great grandson.,285,29,8,322,640,4795
"Ceasefire gone berserk.""",275,36,4,315,640,4492
"Hop on guys, this kitty is purrfect.",310,33,8,351,640,3348
C'mon guys! She's a really gentle cat!,308,37,6,351,640,4285
How to Train your Dragon Cat,302,36,6,344,640,347
I've got my cat right here!,301,38,5,344,640,2413
"...the only way to beat a cat is to pretend to be one, too.",284,33,6,323,640,1013
"The sign did say: ""This Way to the Kiddie Rides""",312,44,3,359,640,4436
Toxoplasmosis is fun!,281,28,7,316,640,454
"As long as we don't cut off ""his"" tail, he seems ok with it this way.",271,33,5,309,640,3051
Whoa there Sir Tabbyfluffles,303,36,6,345,640,2651
How do you like my new land catamaran?  You know how afraid I am of water.,264,34,4,302,640,1728
"You have heard of the blind leaving the blind, well, this is the stupid leaving the blind.",292,32,7,331,640,4507
Lipazzaner moves next!,289,40,3,332,640,1897
The blinders prevent him from being frightened by other mice.,304,38,5,347,640,899
Mice power over cat minds.,298,37,5,340,640,1958
"I've never said this before, but I hope for his sake that his mode of transportation has complete blind spots.",259,35,3,297,640,533
A fortunate feline fetish for us.,263,27,7,297,640,3522
I don’t get why humans couldn’ t figure out dinosaur domestication. Heading over to patent these puppies.,287,33,6,326,640,4044
"I don’t know what it is either, but it keeps those conniving cats at bay.",279,36,4,319,640,1802
That will be a mice little catastrophe!,246,35,2,283,640,3434
"You just grab them - they don't say anything,especially if they are from a red stated",263,29,6,298,640,4167
"Stay nude, my friends.",301,35,6,342,640,2257
You got a carving knife?,275,33,5,313,640,3277
"Hey, Do you know where I could get some saddle straps?",316,33,8,357,640,3979
"Keep living in the mouse equivalent of the 36th century B.C. See if I care. Hi ho, Butterscotch!",287,37,4,328,640,873
So glad us field mice aren't in that feline's field of vision!!,304,31,8,343,640,1478
"Yeah, I know it's a mouse eating cat, but that dog was a bitch.",304,31,8,343,640,2008
Visually - he's away.,303,33,7,343,640,2959
She read a sign as 'Cathorse' and now prefers oats and carrots,277,31,6,314,640,3359
The key to enslavement is crippling the captive.,295,36,5,336,640,2435
Being the cats pajamas,291,31,7,329,640,1344
"Kitty passed her desensitization training with flying colors!"" 
Julia Raymond, Meridian, Idah",267,25,8,300,640,3726
Nah. Nah. We just won The Catalina by three lengths.,261,37,2,300,640,4148
"It doesn’t matter if they’re blind or not, you just grab ‘em.",276,35,4,315,640,2687
hey look  at this I got the next big thing. A catmobile....... OF THE FUTUR,297,34,6,337,640,126
Thats Catawampus,298,32,7,337,640,3718
"Excuse me, is this the way to Dodge City ?",309,38,5,352,640,1265
IF KIM JONG UN CAN MOVE OUR POWERFUL PREZ WHY CANT I ?,309,38,5,352,640,1992
"He likes camels and dogs, too!",297,36,5,338,640,1984
Don't worry Whitaker won't even look at you.,306,33,7,346,640,4030
"Row row row your cat, gently down the street.",280,31,6,317,640,2139
"You know what they say about those ride on the backs of cats...""",258,34,3,295,640,1797
I never realized my appetite for mice was so tied to peripheral vision.,294,31,7,332,640,3023
I guarantee he'll get you out of the hole.,294,31,7,332,640,3081
"Mom, Dad, I'm with Ride-for-Cheese fundraiser wondering where's the Cheese?",274,30,6,310,640,3293
"Cheese n’ Rice,Ma! They’re pussy blinders, not beer goggles.",288,30,7,325,640,4170
"After a big bowl of milk and a nap, this cat woke up blind. Of course, I had nothing to do with the milk or blinding. I'm innocent.",282,29,7,318,640,883
"No money, no cats.",296,29,8,333,640,2142
Ever met a cat with poor vision?,307,35,6,348,640,2253
"Its the 2018 version of the classic ""Three Blind Mice""",285,38,3,326,640,149
They got the BEATS!,289,30,7,326,640,2016
It’s the whiskers AND winkers.,302,32,7,341,640,3425
"I figured we change it up this year, really stir things up!",295,33,6,334,640,4191
"Weird flex, but ok.",310,31,8,349,640,277
I got him at the DUMB friends league!,267,35,3,305,640,4023
Aaah Yes!  The Power of Positive Thought!!  Way better than Belling the Cat!!!,284,29,7,320,640,4165
Cat’s eyes!,307,39,4,350,640,2858
And now we’re heading to the beach over there.,291,30,7,328,640,4908
The Power of Mind over Body,303,34,6,343,640,1106
Wait until the breeze will change its direction.,301,38,4,343,640,1829
"Now that I got Felix these blinders, there’s nothing that can kill this cat!",271,29,6,306,640,1619
"I call them blinders. Just like cellphones, they bloke the peripheral so they don't know what's going on.",310,35,6,351,640,1500
"This is how we are going to find some of our relatives, live or otherwise.",288,38,3,329,640,1927
I finished my Guinness and gave him a boxing lesson.  Now he’ll do whatever I tell him!,284,33,5,322,640,1690
They see me rollin'.....they hatin',303,38,4,345,640,547
10 bucks for two! One midterm-election ride!,264,32,4,300,640,3843
"It'll be a climb, but she's auditioning for Die Valkyrie next week.",298,35,5,338,640,4682
Ooh...it's my turn to go on the kiddie ride next!,269,37,2,308,640,2628
"Stephen West: “The favorite was scratched.”
Angela O’Neal: “The blind leading the blind.”  
Markell West “If we name him Mouse, we can be the four blind mice for Halloween.”
Wes Dennis: ""I can't see how THIS could go wrong.""",276,23,9,308,640,4246
my version of Three Blind Mice.,281,28,7,316,640,1699
"See? I can disrupt things, too!",298,37,4,339,640,444
Calico herding is when the mouse gets rid of the cat.,296,41,2,339,640,4893
The blinders are virtual reality screens flashing scenes of cavorting mice in fields of catnip.  Keeps this guy on the straight and narrow and us guys safe.,287,31,6,324,640,2661
"We won out of the box.""",275,27,7,309,640,2277
"Stop you hemming and hawing, once focused, she is a real pussy cat",328,48,1,377,640,2690
Lice check”,294,32,6,332,640,30
I guess someone will be grabbing ladies by the pussy.,317,29,9,355,640,2072
Cats are said to own their humans. But have humans tried blinders to get some respect?,307,36,5,348,640,2980
The ancients kept tying the bell; for us the bell never tolls,287,35,4,326,640,1099
Don't think that I feed her.,239,32,2,273,640,4595
He can't see us with his blinders on.,263,27,6,296,640,75
I Gruffalo’d him.,294,36,4,334,640,4784
Remy got a new ride.,316,35,6,357,640,2135
No flash pictures - he's in the Sunken Place.,300,39,3,342,640,1683
I'm going to find out who Ronan Farrow's daddy is.,302,35,5,342,640,2540
"We might be of 'Three Blind Mice' notoriety, but this guy's blind as a cat!",303,33,6,342,640,4713
The Three Sighted Mice and the Cat that Renamed Them.,292,27,8,327,640,976
I can finally stop calling the fire department!,277,29,6,312,640,853
"If you want to ride,  you must enter from the FRONT. The rear is for EXIT only.",282,34,4,320,640,2213
SEE WHERE HE'S GOING ?,291,31,6,328,640,3917
"Hey, now.  I'm just along for the ride.",282,36,3,321,640,897
"Come on guys, without seeing us his preconceptions have no merit.",247,35,1,283,640,1488
"And if you feed it enough, it can go into space.",290,35,4,329,640,1771
"Gluten-schmuten; chafing, not cheese, will be our downfall.",291,33,5,329,640,4398
"Come, get on he will take us to the boarder,",310,38,4,352,640,1184
"Three blind mice.
See how they run.
They saddled a cat and the first hopped on.
They said ""He looks calm!"" and prepared for the fun.
He scratched out their eyes and now they're on the run.
Three blind mice.",258,28,5,291,640,1468
I give good head.,318,24,11,353,640,1487
I saved money on insurance; 'Goin' up the country!,290,37,3,330,640,2343
The blinders are amazing!,291,35,4,330,640,2443
"Yeah, I know...I've always ridden dogs. Brand blindness?",272,30,5,307,640,3376
My Cougar is,303,26,9,338,640,3894
"I don’t think one mouse with one blind cat is catchy enough. Why don’t the two of you contribute something?
Ellen Sullivan, Newbury, Ma.",257,32,3,292,640,3822
All you have to do is turn the saddle.,287,30,6,323,640,3971
Reporder to the Border.,296,27,8,331,640,2949
"Why did the chicken cross the road?
Because it was stupid.",293,33,5,331,640,3356
"It's just a little ritzy, that's all.",306,37,4,347,640,848
We're entered in the Catnip Tournament.,307,35,5,347,640,2774
''Giddy-up pussy! he grinned and cracked his whip.'',286,34,4,324,640,2205
Rats! He was my ride,267,29,5,301,640,3323
"Well I don't favor talkin' to vermin, but I'll talk to you just this once.""  Pilgrim",282,29,6,317,640,3058
"Taming them was easier than I expected. I broke this one by purring 'Oh Donald, my Diabolical Despot!'",310,31,7,348,640,3679
"""Well, cats aren't that courageous. You’ve only got to run the other way...""",279,37,2,318,640,4928
Any of you fellows need a ride on this big horse?,292,26,8,326,640,707
Catamice?,289,32,5,326,640,3206
"I'm not horsing around, he's a stable thoroughbred.",296,33,5,334,640,288
I can’t tell you how I did it. He might ear me!,299,27,8,334,640,1038
She ain't been the same since she heard 'A Toot and a Snore in '74.',276,30,5,311,640,2586
"'Niger'? No, never heard of it. Why?",298,31,6,335,640,748
Follow me !,302,38,3,343,640,1415
They look like the mouse that stole the cheese.,278,28,6,312,640,4385
We'll be in the counters in no time.,285,29,6,320,640,1759
Three blind mice and a cat with blinders!,297,35,4,336,640,1067
I guess distractions do control you if you want to eat them,306,32,6,344,640,3273
So they ride these things called horses...,306,34,5,345,640,3169
Hey fellas,315,31,7,353,640,945
Hey comrades! Wanna join me for a kitty ride?,286,31,5,322,640,2758
He really digs Moussorski!,291,36,3,330,640,1175
Follow me to the tabby stables,291,36,3,330,640,4730
"No worries, been there before!",297,39,2,338,640,2466
There is a greyhound in town.,305,38,3,346,640,249
Need a hand.,316,31,7,354,640,496
Be the girl of your own dreams.,267,26,6,299,640,1385
Don't blame the rat to tame the cat!,272,31,4,307,640,1956
"One blind cat, one blind cat,
See him not run, see him not run.",317,31,7,355,640,3417
"Climb aboard, he's broken to saddle.",321,38,4,363,640,4202
Donald ! did I hear you say ”When rats leave the ship...they usually go on the backs of fat French cats”  meow ‼️,294,34,4,332,640,2705
CATpture your goals,290,29,6,325,640,1273
"Even though we just met him, I like him. I call this feat ""The Taming of the New"".",304,31,6,341,640,3980
I'll be back soon. Don't let the apes see you.,311,32,6,349,640,2326
...and Marc Anthony thinks it likes cheese now!,280,36,2,318,640,301
-let go!...jump in the back.,282,32,4,318,640,2286
"?Don""t be a wise guy I trained him to love",290,31,5,326,640,1821
"My new venture..kitty uber.




Susan Elwood monterey california",298,30,6,334,640,4026
This is what I bought with my California fire insurance money,286,26,7,319,640,1200
We raised him with crumbs of cat food.,283,32,4,319,640,3320
Bet this beats HUGE EGGS on YouTube!,285,28,6,319,640,3935
Dig my new Whip gents,288,37,2,327,640,4149
"Cats are the new canes.""",296,36,3,335,640,627
Ice cream has no bones.,280,25,7,312,640,1952
Foo bar,297,36,3,336,640,2965
"There he goes, thinking he could enter a cat in the Kentucky Derby>",307,31,6,344,640,3589
I stole this rig from the Cartoon Editor of the New Yorker. Now he'll have to see Trump's economy as leading the world in a good direction.,316,28,8,352,640,4156
"I set the earphones to keep playing the Mickey Mouse Club theme song.  And get this, his name is 'Bose'.",307,33,5,345,640,327
"The cat is too small, the jockey too big, the trainer too old, and I'm too dumb to know the difference.",295,27,7,329,640,1286
"It's easy. It's called ""belling the cat"" -- the shades help, too.",270,32,3,305,640,710
It's only possible because of the blinders.,315,34,5,354,640,2565
Doctor Peale was right!,299,36,3,338,640,2633
"Coming soon to a theater near you, Vin Fieval in The Fast and the Fur-ious: 9 Lives",291,37,2,330,640,453
Equestrienne cat at his best!,284,36,2,322,640,4188
"Break ‘me, put blinders on ‘em and they become a cheap ride",277,35,2,314,640,2437
Doesn’t he know that cat steeds are out?,271,32,3,306,640,1883
"Neigh, we are not just horsing around. No cat and mouse games here but she unnecessarily purr-sists on wearing blinders even though we're in a stable relationship. Well, it's been mice talkin' to ya.",268,23,7,298,640,2609
"Follow me, when it drops a load there's still plenty of good stuff to eat in there!",313,25,9,347,640,2791
Oy! No Loitering,309,33,5,347,640,3453
WE'VE BECOME VERY CLOSE FRIENDS,296,29,6,331,640,3444
"He's a great fit""",293,35,3,331,640,3714
If you two could see me now! The procedure was just two days ago!!,288,30,5,323,640,2006
Just lower your squeak--this one takes me to work every day.,285,36,2,323,640,2131
I’ll be back on St. Catrick’s Day...,275,26,6,307,640,3825
Doesn't matter how little our used vehicle sells for as long as Mr. Lemon here is hungry every time we resell him.,253,25,5,283,640,38
Whats a matter? Mouse got your reigns?,314,40,2,356,640,3899
It’s a Commensalism relationship.,282,33,3,318,640,3508
"Grab?"" I thought he said ""ride.",285,27,6,318,640,4011
Mousetery Science Theatre 3000,298,33,4,335,640,2618
"Two bad-ass mice shout ""Where do you think you're going?""
""The third one replies, ""Going home to f**k the cat.""",291,17,11,319,640,1966
"It's a leisurely ride to outside,
And back soon with she inside.",323,30,7,360,640,1732
You should read it.  It's called How to Win Friends and Influence People...  or cats...,292,32,4,328,640,2411
He won't look that smug after the Stewards Enquiry,308,32,5,345,640,1226
I am a mouse riding a cat as though it were a horse.,302,29,6,337,640,239
"When I find the cat napping, I just put them on before the cat nips and give the cat a tonic that prevents cat ego rising, and voila! The cat walks!",300,33,4,337,640,2280
"The taming of cats is a difficult matter,
It isn't just one of your holiday games!
You may think at first I'm as mad as a hatter. 
When I tell you, a cat must have three different reins!",280,28,5,313,640,1914
Yippee ki-yay mousie-frienders!,300,35,3,338,640,300
You've heard the one about the elephant and the flea?,299,37,2,338,640,2153
"Okay, so this isn't Pandora. So what?",334,29,8,371,640,3680
Four blind mice. Four blind mice. See how they run. See how they run.,298,24,8,330,640,1486
Minnie! You forgot your clothes!,295,30,5,330,640,3179
"Good morning Bill, Fred! How is the fridge looking these days?",308,36,3,347,640,3369
"You can lead a cat to carrots and broccoli, but you can't make it eat.",278,34,2,314,640,550
"No, he's still The King....I am a hired playmate, or an OverUber if you will.",311,32,5,348,640,2639
See. The week Will inherit the earth.,279,34,2,315,640,1208
Could one of you guys help with the girth?,281,30,4,315,640,1784
What? Never heard of Manjusri Mouse?,272,33,2,307,640,2585
Could you direct me to the Alps?,298,28,6,332,640,1425
"Tonto took Silver to the vet. 'Hi-yo! Tubby! Away!'""",297,30,5,332,640,4101
"You know the old saying ""mouse see, mouse do.""",298,32,4,334,640,3229
this is what being nice is. i don't like it,274,33,2,309,640,135
I've tamed Tom! Now it's time to conquer the rest of the cat-ulation.,276,29,4,309,640,3117
The blinders made me do it.,290,33,3,326,640,4651
they said empower yourself.,282,34,2,318,640,2384
Cat's Game no longer.,283,32,3,318,640,4710
I believe in playing anytime.,313,36,3,352,640,4187
Not as tasty as cheeze but much more comfortable ...,292,31,4,327,640,1062
I just watched Big Her training it and did the same things.,292,31,4,327,640,1621
Do you guys know how to get to the closest cat breeder? Need to return this one due to inborn defects with the navigation system.,305,37,2,344,640,4578
Is there a room for two of us?,292,33,3,328,640,977
Being on top of things.....,298,25,7,330,640,1130
Don't worry — I made sure that he had his pedigree.,312,29,6,347,640,4515
Haha watch I’m going to make it take a shit on you,301,21,9,331,640,3925
"When I told her I was a monitor from the Teachers Union, she recommended the saddle and blinders.",312,31,5,348,640,369
"Just another dumb cat.
Tony Gallinari
Yonkers, NY",304,32,4,340,640,3974
To bell the  Cat,288,32,3,323,640,4010
Who knew it like pony play?,288,34,2,324,640,307
"I know what you're going to say: ""Weird flex, but okay.""",304,36,2,342,640,4886
"Hop on ......he won’t know he’s wearing blinders and you are light. But, no pooping allowed.",317,27,7,351,640,2456
'Joe - as great as that is - we're a bit distracted by the fact the cartoonist elected to draw a dog.',298,33,3,334,640,968
Yippee yi yo  yayah,308,30,5,343,640,1398
"What do you mean there's no such thing as a Not-A-Cat? 
He said they're very common where he's from.",293,28,5,326,640,1283
My three-time champion sprinting feline is about to win this cat-and-cat game.,300,31,4,335,640,2788
"This new hybrid Robotic is great, no longer the feline, chase & torture factor?  Pricey Transport though.",309,30,5,344,640,1235
Haters will day its photoshop,300,33,3,336,640,3285
He was born in the Knievel house,284,33,2,319,640,802
I relentlessly browbeated him into submission.,296,26,6,328,640,2283
"They never include my captions. Total reversal, as in this drawing.",294,30,4,328,640,3552
"' We are about to go through a covered bridge.""",287,29,4,320,640,4255
Tell the stewards she is going blinkers on this time!,309,34,3,346,640,4842
See you later,317,35,3,355,640,4295
Fear not!,302,33,3,338,640,2947
I set up a parkour in the kitchen and he nailed it!,297,28,5,330,640,2441
"'no, i'm not blind...i like riding a hairy muff..'",278,17,9,304,640,1504
Love those blinders!,272,29,3,304,640,4002
Negging; it works like a charm.,267,24,5,296,640,4051
Why do mice keep playing with my earphones before I set the dining table?,289,31,3,323,640,3947
So what if the other guy can cook?,297,32,3,332,640,2385
"I liked the show so much, I got one for myself. -Let’s go Griz!",306,31,4,341,640,4563
We're both big fans of Red Dead Redemption 2.,291,29,4,324,640,381
"Meet Oochie Coochie!
Why oh why did none of us think of this before?!",290,31,3,324,640,1461
Don't forget to mewl.,285,26,5,316,640,201
Just feed him hay and all is good.,310,27,6,343,640,276
"What, you never read ""The Diamond Age""?",293,29,4,326,640,1664
He's as poor as a mega-church mouse.,293,29,4,326,640,3844
Copy Cat; Three Blind Mice,313,40,0,353,640,1590
We'll beat a path to their world.,294,29,4,327,640,2124
It's getting the bottle rocket up it's nose that's the hard part.,302,30,4,336,640,1865
"He obviously hasn't paid his taxes.""",303,28,5,336,640,2738
I call him Oumuamua!,280,25,5,310,640,654
"Whenever he gets in a fix, I reach into my bag of tricks!",279,27,4,310,640,808
Chew on this.,294,33,2,329,640,287
It’s caus I don’t have cat style... !,319,34,3,356,640,1043
Red Dead Redemption 2 has changed everything.,264,29,2,295,640,1227
Flexing harder than Nibbles after her whisker implants,289,30,3,322,640,1383
Three mice and a cat voting on what to have for lunch.,307,28,5,340,640,3952
Anything to send on the Kitty Express,275,26,4,305,640,2393
The AfterShox makes Musical Purr Dressage training more effective.,285,23,6,314,640,2297
"What goes up, must come down",297,33,2,332,640,2809
"In this economy, it’s eitjer sink or swim.",306,32,3,341,640,1091
I asked the Genie who came out of that bottle we found for cat riding lessons!,306,32,3,341,640,3977
We should call the Animal Protection!,311,24,7,342,640,1841
"While he looks at the king, let’s march!",292,28,4,324,640,4575
It’s pronouns are Hee/Haws,310,28,5,343,640,4117
And I,302,27,5,334,640,1479
there was a mouse  woho was more  populer then the others he allwas rode around on a cat,300,31,3,334,640,1627
"I took some Toxoplasma gondii. The cat gave it to me. Pretty cool, right?",291,32,2,325,640,3793
"I think it's time we have The Talk with him, you know, about the praying mantis.",303,27,5,335,640,1614
And just wait until you here what I did to that eagle.,296,24,6,326,640,2710
"She said to me, 'Whaddya gonna do when you've got a pre-existing condition that isn't covered under your new plan?'  The Adderall prescription was just too expensive for her to handle out of pocket.",271,23,5,299,640,2740
"Livestock blinders allows a ""squeaky creature"" to ride high in the saddle.",320,29,5,354,640,200
"I'm on a horse"" – Old Mic",302,31,3,336,640,1363
I am taking Muffy to the UWS to see that amazing LASIK guy we saw last week. He is so good and takes Oxford.,270,27,3,300,640,3870
"Guys,this is my friend,Billy! Say ""hi,"" Billy!",319,33,3,355,640,4206
He’s just missing his purrs!,296,30,3,329,640,1828
When judging the difficulty of this performance keep in mind that this saddle isn,273,25,4,302,640,3248
Fortis KittyKitty Adiuvat.,306,31,3,340,640,2187
"A tisket, a tasket, ridin' catback in the saddle, again...",339,35,3,377,640,949
Got the idea from watching horse races.,292,27,4,323,640,3788
It takes one to know one!,283,28,3,314,640,974
I am dismayed. he even named the creature pussy willow!,284,26,4,314,640,4751
"It's made by Caterpillar.

Bill Drew
Providence, RI",301,28,4,333,640,2824
"Think ""blind as a mouse,"" and use it.",300,32,2,334,640,2335
"This is nothing, ladies. I'll roar by later in my King of Jungle model. If you're lucky, I might stop to give you a ride.",296,27,4,327,640,270
Helo kity kity kity .,297,27,4,328,640,4655
"Oh, man!",306,28,4,338,640,2773
And her tail is nice when I want wine with my cheese!,282,23,5,310,640,3115
"One blind dog and three blind mice.""",299,27,4,330,640,2320
I pwned it!,297,31,2,330,640,4718
"he lost the bet when Trump won the election...but I have a request, who would I contact regarding doing a Cartoon Contest regarding a project I am working on to nominate Jockey Abe Hawkins for the Racing Museum HOF 2020 Class (Special Consideration)",332,22,8,362,640,1197
"Don't worry Billy's a famous cat, he can't be distracted.",293,28,3,324,640,4630
"Nooooo, not bell ....blinder!",319,31,3,353,640,571
Ho! Ho! Ho! Merry Christmas!,285,27,3,315,640,4483
"Reverse roles are shown in this image. Usually the cat would chase the mouse. Therefore,the cat is in control. In this case,the mouse is riding the cat and the mouse has the power and control. The two mice on the side,are looking for direction.",313,26,5,344,640,2921
It's a dray cat--and the blinders work like magic.,293,30,2,325,640,4918
"I prefer to take the ride. 

Reid Grote, Los Angeles",302,31,2,335,640,995
Just thought I’d give bottoming from the top a try!,286,27,3,316,640,2700
"You’re crazy busters, join me for the ride! He’ nuts, pretty soon he will end up being dinner. There’s no way we’re tagging along for the ride!",304,29,3,336,640,648
I heard he's got Whisker's milk held CATptive,303,31,2,336,640,2034
What? I am just helping him block of the haters.,280,24,4,308,640,4106
With blinders you get Yoo Go Fee,312,34,1,347,640,1025
The Gruffalo is a little busy this season.,323,31,3,357,640,1946
"Fondue""",281,24,4,309,640,2426
"Appa, yip yip",307,27,4,338,640,1633
"How did you get on top of the cat without being eaten?"" 
""Well, it can only see in the front, so it doesn't know that a mouse is sitting on top of it""",299,26,4,329,640,4360
"Hi, I'm Mika, and guess who I'm riding again this morning...",280,28,2,310,640,2083
Where might they be holdin' the hackers' rodeo?,274,23,4,301,640,456
She wanted to play!  Morsel?  I think she knows how to find one.,301,30,2,333,640,2597
It wasn’t me!,278,25,3,306,640,3071
"Cat: uh huh I own it, I own it it’s mine!!!
Mouse: Finally, he’s getting the Instagram love he craves.",287,26,3,316,640,3354
"Well, if a rat cooked with a human...",297,25,4,326,640,3809
"The Blind leading The Blind.
""Hey Hillary, are you planning to run for the White House in 2020?""
""No. I'm just taking Donald to Vision Express.""",271,24,3,298,640,2303
"If you blind the cat, you can ride him to his death",309,26,4,339,640,1153
I don’t think he understands the expression Phil,282,25,3,310,640,4430
When we vote enough .. Sky,310,28,3,341,640,662
"Racing update: first time, but not last time, blinkers on",300,31,1,332,640,2154
I came to town by way of buffalo...,303,27,3,333,640,1638
See who's the settler now?,313,28,3,344,640,1379
This is catner.,285,27,2,314,640,2366
We're three-blinded mice.,332,30,3,365,640,3795
I blinded this cat while it slept.,296,26,3,325,640,296
The Big Cheese & Seattle Chew,307,25,4,336,640,3400
Worldstar!,289,23,4,316,640,3635
Before he moved to Cheeseville Tabby said he could ride on her nose!,290,23,4,317,640,2525
"Don't be silly, there's no such thing as 'Placebo Can & Mouse.",316,30,2,348,640,2829
I love my girlfriend Vicki,300,26,3,329,640,436
I've put in more miles on my grocery-getter.,282,24,3,309,640,3619
The morning workout times should have us in the purring,307,33,0,340,640,3736
REEEEEEEEEEEEEEEEEEEEEEEEEEEEEEE!!!!!,321,26,4,351,640,401
The singer guy who showed up looked a little sketchy.,328,33,1,362,640,1704
Three blind mice,302,26,3,331,640,1392
"He thinks it's a Lone Ranger mask, so I yell 'Get 'em up Scout'!""
Barbara Druskoff
867 El Caminito Rd
Fallbrook, CA 92028
760 723 0459",284,24,3,311,640,4645
"Watch out! It gives presents 
I am gone with the wind",293,27,2,322,640,2444
Truffle oil is the lie of love while you’re just being fucked. Incompetently.,318,17,8,343,640,640
"Ha! Yeah,our own private Lippanzaner. Now watch 'im stick this double axel.",275,27,1,303,640,2488
Some got talent some ains://www.newyorker.com/cartoons/contest?embedsrc,270,20,4,294,640,2880
You guys will have to get your own hosrse for the Military Parade,318,25,4,347,640,76
Always verify whether a dog-walking request is really for a dog.... or a blind cat.,303,19,6,328,640,1658
Don’t put me on. Pedestal.,292,22,4,318,640,1188
"Jerry, how did you even get up there?
Easy, I’ve been climbing meowntains for years!",300,27,2,329,640,4811
"We no longer scram thanks to Horse blinders,"" directing your path for you.

Talieah Ram, Oahu, H",321,27,3,351,640,3120
"Cat-riding mouse: ""Hey, you should try it!!! He's friendly, I swear!!!!"".
Bystander mouse: ""Until he's not!!! I called 911, you'll need saving, I swear!!!!"".",301,27,2,330,640,2697
"OMGosh, what ARE you riding Ted? Is that a..a...ahhhh...”

“Hey, Tad and Tod! He's as blind as our 3 ancestors as long as the eye shield stays in place!” 

“Meeooww?",286,23,3,312,640,2045
well it's like I always say: what's good for the goose is good for the gander!,308,25,3,336,640,2714
Onto the Oculus for our next stop,303,26,2,331,640,4116
"Well fancy that, I could have sworn it was just the opposite.",282,26,1,309,640,295
Giddiap Cat; giddiap!,297,21,4,322,640,3044
Have you never heard of the musketeer cat calvary?,294,27,1,322,640,4732
Welcome to it boys.,297,27,1,325,640,4858
We all wont to take a ride in a   new (Catty).  we are human like you??,281,17,5,303,640,2355
"Eat your heart out, Lee Harvey Oswald.",308,28,1,337,640,3430
He plays Red Dead Redemption II once...,300,23,3,326,640,2636
It's really just a docile old horse with blinders.  I just wanted to test out the volatile mix of faith and fear with me at the helm. It seems to be working.,280,25,1,306,640,2056
We're taking the reins for the sake of the dairy industry,315,24,3,342,640,1505
Have you ever heard of tertiary code? It’s involved in rods and cones.,290,25,1,316,640,2245
"If you would have paid attention to the KGB guys, I would have never been able to ride YOUR cat”",302,24,2,328,640,2767
"Don’t worry about going blind.
Joe Mauro 
Madison Conn",262,22,1,285,640,4022
Yee haw bois it's RDR2 time fellas.,284,24,1,309,640,351
"42,42,42, hey it really works.",318,25,2,345,640,3869
Need an eye,303,19,4,326,640,2935
Hop on boys! Tom said he's​ a cheese in his bowl!,291,22,2,315,640,3297
This new diet gadget is really working!,314,24,2,340,640,4685
if you Don't get your but DONW you going too get killed,291,24,1,316,640,2847
"I'll be back 'round once I let old Mrs. Andrews out of her bedroom, wander down the Fasty-food 'n sit in the Woman Park.",305,27,0,332,640,4424
"Riding mouse: ""Guys, there`s a new mouse in tauntaun.""
Mouse on the right:""Hun, I love you."" 
Mouse on the left:""""I know!""",307,25,1,333,640,2080
This gives new meaning to elevator butt.,311,23,2,336,640,1817
Want a ride? Only a few thousand dollars!,305,22,2,329,640,4311
"Squeak, squeak, squeak, squeaky, squeaker!",319,19,4,342,640,42
Once you’ ve be,311,22,1,334,640,250
"What does he thinks he is, Jhon Whitaker?",325,23,1,349,640,3173
"And I would have got the Bentley but I had to pay taxes
Settle for a Polo fit and some Air Maxes",303,19,2,324,640,3550
"For God’s sake Arthur,  pull it out don’t wiggle it",296,20,1,317,640,854
pudding?,323,21,1,345,640,790
"Hey bud, do y’know where the pussy’s at?",299,21,0,320,640,1574
With just these few changes we can literally ride this “new” song of ours all the way to the bank.,308,18,1,327,640,4792
"Why would you keep something that's a trap door? If you're building a floor, the constitution is the base of our country, would you build a trap door and accidentally something happens, you fall and end up next to the uni-bomber?",327,15,3,345,640,3906
