caption,unfunny,somewhat_funny,funny,count,contest,target_id
Linda suddenly realized she had entered the hallucinatory phase of her low-carb diet.,153,57,61,271,642,3423
It's a desserted alley.,149,65,45,259,642,583
"Oh god, Jerry, enough, the divorce is final.",156,55,49,260,642,2583
"Carol’s Dieting Log, Week 3: The hallucinations are getting worse.",162,52,49,263,642,3419
It's alley mode.,138,50,40,228,642,1112
"Louise tried to avoid carbs, but they aggressively pursued her.",178,67,45,290,642,1936
You're giving me the crepes.,156,42,40,238,642,334
"On Day 5 of Weight Watchers, the cake mirages began.",147,49,33,229,642,3136
"Excuse me, m'am, but would you like to be part of a cartoon that nobody understands?",158,40,39,237,642,1031
I might be the baker's man. Are you Patty Cake?,144,53,30,227,642,1723
Public display of confection,153,55,32,240,642,2808
It was in that moment of extreme holiday stress Barbara turned to street carbs for relief.,174,56,38,268,642,2569
"Margaret knew she shouldn't, but she just needed a little fix between Thanksgiving and Christmas.",177,57,38,272,642,1441
Would you like it alley mode?,178,55,39,272,642,2064
You misheard. I’m a cake dealer.,168,56,35,259,642,3488
I was the White House pastry chef until I served him a birthday cake with the correct number of candles.,164,58,33,255,642,916
"You must think I'm some kind of crepe""",173,67,32,272,642,733
Margaret's back alley carbohydrate addiction was becoming harder to deny with each passing day.,159,60,29,248,642,737
This is recommended for you based on previously viewed items,163,52,33,248,642,3230
It's part of our farm-to-table-to-prison-to-rehab-to-sidewalk program.,166,54,33,253,642,491
"She had beaten the addiction, but Susan knew temptation lurked around every corner.",157,48,32,237,642,2978
"I'm sorry, Harold, I need more from a man than a hearty breakfast.",164,60,30,254,642,1038
"Until that day, Inez couldn't recall any cautionary tales of a woman enticed into a dark alley by a stack of hotcakes covered in real maple syrup",179,73,30,282,642,2012
We call it Farm to Alley,169,47,35,251,642,1986
"Craig its been 3 years, there are some things pancakes can't fix",161,57,29,247,642,1546
Of course it’s hot. It’s stollen.,183,46,39,268,642,1797
"It's over Bill, you are homeless I'm diabetic. Don't make it worse!",187,58,36,281,642,3123
Do I give you the crepes?,174,41,37,252,642,164
Baking Bad,164,52,30,246,642,1932
"For the first time, Joan considered that the president's warnings of 'Belgian illegals dealing in back-alley waffles' might not be so crazy after all.",179,49,35,263,642,1870
Myrna had been warned that temptation could take many forms.,163,62,25,250,642,1692
"Here's the dessert you ordered at lunch, that you didn't want your girlfriends to know about.",182,65,29,276,642,969
"It was Day 10 of Mavis's Paleo Diet, and Fernando knew just how to strike the fatal blow.",171,50,31,252,642,1214
"Crepes, Suzette",171,69,24,264,642,424
Vinnie would appreciate it if you reconsidered that Yelp rating.,166,47,30,243,642,363
"As a former statistician, Alec knew that according to the laws of probability, eventually someone would happen by and it would be their birthday. Patience was his watchword.",182,62,29,273,642,763
Bob's business plan for a 'pop-up' had led him down a blind alley.,186,62,30,278,642,3214
"Always one to misinterpret analogies, Brian joined the black market shortly after hearing how well hotcakes would sell.",184,38,38,260,642,29
International Halfway House of Pancakes.,152,51,24,227,642,3021
"Done with dating sites, Terrence goes low tech.",178,39,35,252,642,2901
Last week I was working in the White House.,168,53,27,248,642,3135
Wanna try some contrabundt?,170,60,25,255,642,1390
It was just at the beginning of her new diet that Satan stepped back into her life,172,50,29,251,642,3211
"Let me guess,they're selling like hotcakes.",188,62,29,279,642,2981
Don't move. This is a stack-up.,181,59,28,268,642,1478
"If they were 'selling like hotcakes', would I be doing this?",155,55,22,232,642,1458
I’m the ghost of cellulite future.,194,45,36,275,642,258
"Get a job, crepe.",174,52,28,254,642,1150
Your purse or it goes right to your thighs.,173,42,31,246,642,3483
"Hey you, you in the market for Stollen goods?",174,49,28,251,642,1374
It's a stollen recipe.,166,43,28,237,642,1119
I already have a cake dealer.,169,56,24,249,642,976
"I told you at the restaurant last night. No, thank you!",177,37,33,247,642,2714
I'm a sidewalk café.  I just can't afford the tables and chairs.,161,52,23,236,642,3253
International Alley Of Pancakes,159,44,25,228,642,569
... and Jenny Craig don't need to know nothin' about it.,165,59,21,245,642,1323
"Each morning Frank woos her with extraordinary flapjacks and, each morning, Bonnie walks by flattered but mortified to admit her gluten intolerance.",170,49,26,245,642,3364
"Having only coffee for breakfast, Dolores was easy prey for the pancake stalker.",184,56,27,267,642,607
Welcome to International Alley of Pancakes.,166,48,25,239,642,699
I knew you'd be back.,165,47,25,237,642,2935
"Just keep walking, lady, and no one will gain weight.",159,53,21,233,642,2520
"My job is drugs, but my passion is baking.",178,58,24,260,642,824
Let's just say it fell off the dessert truck.,174,63,21,258,642,769
"In a classic example of a typo, Mel tried to sell his creations in a bake alley.",204,54,32,290,642,103
"Psssst, you gonna let Jenny Craig tell you what to do?",182,49,28,259,642,1613
I can also serve this to you alley mode.,191,44,32,267,642,792
"The meaning of her recent fortune cookie - when life gives you pancakes, eat them - suddenly made sense to Doreen.",169,53,23,245,642,1469
The day after gluten is banned in N.Y.C.,175,48,26,249,642,2931
"Based on your Zagat rating, I was expecting something better than a hole in the wall.",169,41,27,237,642,3273
"I know it's you, Steve. I told you, I'm not coming back.",184,43,30,257,642,1561
"We get our ingredients from Colorado, if you know what I mean.",184,53,26,263,642,2830
"I've also got apple pie, served alley mode.",177,59,22,258,642,1614
The first rule of cake club is you do not talk about cake club.,174,61,20,255,642,3002
We've gotta stop meeting like this. I've already gained 8 lbs.,172,62,19,253,642,1640
"Pssst… I got gluten, I got nuts, I got trans fats…",176,46,26,248,642,3049
"As she was approached by yet another “hot” cake dealer, she wondered, “What has happened to the neighborhood?”",172,46,25,243,642,2835
"Pancakehandling is illegal, sir!",183,53,25,261,642,1752
"After the legalization of marijuana, Geoff turns to selling gluten.",182,55,24,261,642,2528
Weight Watcher's meeting two doors down...or me. You choose.,173,54,22,249,642,443
"Greta, ambushed by another birthday.",177,46,26,249,642,1492
Bonjour Madame. Welcome to the International Alley of Pancakes.,188,61,23,272,642,65
"It's non-vegan, sugar filled, packed with gluten, and will make you forget your ex-husband's young new wife.",195,47,30,272,642,1868
Your children and husband never have to know.,188,53,26,267,642,2586
Helen receives an offer she can refuse.,176,61,20,257,642,1785
"Oh god, it's that crêpe again!",177,43,27,247,642,1513
"Suddenly, Bernadette was faced with a sticky situation.",188,42,30,260,642,956
Let's just say I'm no longer welcome at the international house.,173,64,18,255,642,2048
"If you're going as far as 35th, would you mind making a delivery?",168,63,17,248,642,962
"I'll be honest, this place is a hole in the wall.",190,50,27,267,642,3109
"Actually, they're not selling like hot cakes.",181,49,25,255,642,2478
"Wow, it really is a hole in the wall...",165,44,23,232,642,790
Marge was strangely drawn to Bob's pop-up bakery.,173,46,24,243,642,2636
You've been served,187,52,25,264,642,3434
"No, that's panhandling. This is pancake handling.",187,57,23,267,642,225
"Leave the bag, take the flapjacks and keep walking.  You never saw me...",151,55,15,221,642,3110
"Psst... Regular Pancakes, full gluten, real milk...",173,45,24,242,642,2134
I deleted Instagram but still have a deep need to show strangers my food.,163,46,21,230,642,877
Let's just say they fell off the back of a griddle.,182,63,19,264,642,900
"Still not interested, Steve. And now I’m also creeped out.",186,55,23,264,642,2939
Coffee's the next alley.,161,55,17,233,642,3462
You wouldn’t happen to have a candle on you?,195,57,24,276,642,952
"Your lips say no, but your eyes say yes.",163,58,16,237,642,43
You know the rules. Nobody quits Sara Lee.,194,43,29,266,642,1864
"Excuse me, but is this Baker Street?",150,57,13,220,642,392
This cake is right up your alley,161,45,20,226,642,814
"Ever since they legalized pot, these things have been selling like...well, you know...",174,50,21,245,642,2608
Let's just say it fell off the back of a bakery truck.,170,50,20,240,642,2150
Temptation Alley,185,56,21,262,642,3376
"...and, as suddenly as they came, Edwina’s dreams of a size seven “Holiday Blaze, Diet Daze” dress took a bus out of town...",188,42,27,257,642,2567
Jenny couldn't believe she was seeing another guy in an alley selling a cake he said his wife made. No wife she knew baked.,176,53,20,249,642,1750
Psst... What happens in the alley stays in the alley.,190,61,20,271,642,2690
Weren't you selling watches last week?,189,50,24,263,642,3279
Tell Mr. Manafort the file is in the second layer from the bottom.,185,55,21,261,642,134
Mary knew the pancakes had gluten and refined sugar.  She knew only the first bite would be free.  And still she couldn't look away.,185,47,24,256,642,2147
"And if you like this, I know a guy who can get you red velvet.",182,58,19,259,642,1503
International Alley of Pancakes. What would you like?,186,42,26,254,642,896
"This is nothing, you should see my buns.",185,44,25,254,642,2654
Psst - wanna have someone else's cake and eat it too?,164,34,24,222,642,669
"During her diet, Gladys felt temptation around every corner. Cake, why does it always have to be cake???",182,47,23,252,642,384
"Hello Miriam, I am the ghost of carbs past.",192,58,21,271,642,3448
I'm not like the other sugar daddies. I deliver.,172,41,23,236,642,794
"It’s not stalking - I just knew you were coming, so I baked a cake.",179,45,23,247,642,136
Make America Cake Again!,165,42,21,228,642,611
"Hold this for a sec, would ya? I just gotta make sure this guy's dead.",176,38,25,239,642,1147
"Psst. Hey lady, you in the market for some untraceable carbs?",184,45,24,253,642,766
These Banksy murals just keep getting weirder and weirder,192,47,25,264,642,2980
"Hey lady, wanna buy a hotcake? They're selling like watches.",203,48,27,278,642,2014
I am the Ghost of Breakfast Past.,183,44,24,251,642,579
"Yeah, the Muffin Man used to deal here. That was before Drury Lane got gentrified.",167,45,20,232,642,661
"Hey lady, I can't keep bringing your desserts to the back door.
Please just admit to your girlfriends you're off your diet.",171,55,17,243,642,1567
"Psst...Gluten, just like the old days.",178,41,24,243,642,2171
Niche Marketing,181,53,20,254,642,2236
I realize that I'm a stranger but technically this  is not candy,178,51,20,249,642,2617
"These are going like,uh, hotcakes",182,48,22,252,642,2350
Table two changed their mind.,204,58,23,285,642,2965
"She had been so good all day. Her resolve was strong. And then when she least expected it, from the dark, out of an alley the diet devil appeared...",173,53,18,244,642,2841
Psst wanna buy a......oh hi Mom.,184,46,23,253,642,2763
"I find it ironic, Satan, that you always try to tempt me with an angel food cake.",207,46,28,281,642,193
Carb-per-diem,180,46,22,248,642,202
"Please come back to me, Crystal. This time I used real maple syrup.""",181,44,23,248,642,389
These hotcakes are selling like crack.,181,44,23,248,642,3108
He thought he could lure her into a confection.,196,52,23,271,642,278
"To be honest, they're not selling like hotcakes.",170,50,18,238,642,58
Welcome to Tin Pancake Alley.,182,49,21,252,642,290
I told you that I never want to see you or your chocolate soufflé fudge infused toffee apple caramel glazed banana date drip drop cake again.,190,43,25,258,642,2191
No one has to know you didn't make it yourself,162,40,20,222,642,2093
"--I knew you were coming, so I baked a cake--",172,43,21,236,642,2463
Cheryl had been clean for months but the lure was too much–nothing was sweeter than black market pancakes.,185,58,18,261,642,2049
"Here at 'Michael Cohen's House of  Pancakes' , we specialize in foods you can flip.",201,49,25,275,642,537
"I said I wanted you out of my flat, Jack.",169,36,23,228,642,3402
"Stolen? Nah, stollen. Have some!",190,45,24,259,642,3074
"Of course they're hot, lady. Everything I sell is hot.",178,51,19,248,642,2652
"One embarrassing revelation later, Edna cancelled her membership to ""Weight-Stalkers.""",177,40,23,240,642,3111
"You've got a lot of nerve Marvin, this is going to require a lot more than cake and an apron.",172,42,21,235,642,892
Temptation lurks in every doorway for the low-carb dieter,173,45,20,238,642,1748
The crepe creep,195,47,24,266,642,1992
Of course they are. Everything I sell is hot.,172,52,17,241,642,438
I'm the ghost of addictions past...,177,42,22,241,642,2506
It's a black market forest cake,172,39,22,233,642,2985
You know you want to.,159,47,16,222,642,262
You the one looking for gluten?,213,33,33,279,642,1134
"My birthday was yesterday, George.",192,52,21,265,642,3063
"Instead of selling crack in a dark alley, Lenny decided to sell something close to it - red velvet cake.",193,55,20,268,642,879
"Pssst, looking for something off the menu?",184,50,20,254,642,1502
"Sigh. ""Hotcakes"" was a code word, Doug.",174,47,19,240,642,2107
"Someone left this out in the rain, and I can't take it.",193,37,27,257,642,2316
"Somehow, I always get the crepes walking by that alley.",182,41,23,246,642,561
We prefer to serve our pancakes syrup-titiously.,174,39,22,235,642,2879
"Ma'am act natural, we're trying to catch a pancake thief.",183,51,19,253,642,2010
"Psst! I got gluten, I got MSG, I got red dye 40!",172,45,19,236,642,705
"It's from the part of the tax reform bill titled
""let them eat cake"".",213,29,34,276,642,459
International Hideout of Pancakes,181,42,22,245,642,2057
Giving up drug dealing was the easy part.... But I've never been able to  quit selling things in shady allies.,167,52,15,234,642,3172
Rent got too expensive but we are still open for business.,193,60,17,270,642,719
I thought your Tinder profile said you were a banker!,192,44,23,259,642,939
"When you outlaw pancakes,only outlaws will have pancakes.",194,50,21,265,642,2460
It fell off the back of the serving cart. I can let you have it for half price.,175,52,16,243,642,712
Of course they're hot.,172,50,16,238,642,1018
"The whole location, location, location thing is overrated.",180,44,20,244,642,2560
Psst! Wanna score some of the last gluten in Brooklyn?,183,43,21,247,642,3408
"Pssst, I gotta cake here that breaks all the rules -- high-gluten, non-vegan, real sugar, and it's not locally sourced.",194,46,22,262,642,1951
It was no secret that Mrs. Hankins had herself a sweet thing on the side.,196,52,20,268,642,1446
Don't be crêped out.,173,45,18,236,642,716
"Noooo, I don't mean it's hot from the oven, I mean I stole it from the bakery!",172,52,15,239,642,2697
The Temptation of Margaret,187,42,22,251,642,1052
Medical marzipan...,189,48,20,257,642,1839
"No thank you, I just had pie from the alley down the street.",160,48,14,222,642,2347
"If you're really looking to party, I got a guy who can hook you up with some Cinnabons.",190,58,16,264,642,2502
"That Whole Foods bag isn't fooling anyone. You know what you want is good, old-fashioned trans-fats, and I'm the only one who's got 'em.",204,45,24,273,642,2011
"And then it hit me: if I can bake it there, I can bake it anywhere it’s up to you New York, New York.",177,46,18,241,642,1358
Maureen was shocked to discover just how much baking powder was getting cut into the cocaine on the lower east side.,192,56,17,265,642,47
"Look lady, let’s just say it fell off the food truck.",201,63,16,280,642,3173
Welcome to the International Alley of Pancakes.,172,53,14,239,642,186
That's right. I knew you were coming.,178,41,20,239,642,2859
Psst... you lookin' to score some gluten?,179,44,19,242,642,87
They're selling like you-know-what,181,40,21,242,642,2582
At the height of the Atkins craze pastry chefs resorted to desperate measures.,195,47,21,263,642,1910
I don't have a truck yet.,174,46,17,237,642,882
Psst. . .Two thousand calories. . .no kale.,187,45,20,252,642,907
The legalization of marijuana had left many local dealer branching out of their comfort zone.,203,53,20,276,642,1592
Psst! Wanna have your cake and eat it too?,187,42,21,250,642,685
I tried meeting women online but found it's easier to jump right to casual breakfast encounters,184,53,16,253,642,945
I've also got 32-ounce sodas.,189,43,21,253,642,2378
You shouldn't take candy from strangers... but pancakes are a whole different story.,187,47,19,253,642,3193
Go ahead. Lean in.,191,44,21,256,642,289
My Birthday was yesterday Paul,192,42,22,256,642,2159
Dean’s trying to get ahead of the food truck craze by offering alleyway brunch.,186,54,16,256,642,2273
"Believe me, you can’t get this at Whole Foods.",180,48,17,245,642,3399
"Whatever you need, gluten, refined sugar, artificial syrup, I've got it.",197,44,22,263,642,2791
"Yes, they're hot, but you didn't hear it from me.",190,55,16,261,642,986
"C'mon, you can't get addicted from just one sample.",190,57,15,262,642,2195
"Pssst!  You'd better buy them now, lady.  They're selling like hotcakes.",187,58,14,259,642,1633
Psst. You looking for some gluten?,185,47,18,250,642,544
It's like a food truck without the unsightly truck.,181,50,16,247,642,1423
It’s part of our new niche marketing strategy.,183,41,20,244,642,3466
"I'm Jenny's bad boy older brother, Jerry Craig.",183,36,22,241,642,2707
Last standing small business owner (year 2030).,181,35,22,238,642,1847
"Psst....you can have this and eat it, too.",168,46,15,229,642,2623
'Psst want some genuine gluten?',173,31,22,226,642,2805
"Can I interest you in a kale, lentil, purple carrot cake with a soy and almond milk icing? For some reason, it didn’t sell today.",166,47,14,227,642,2913
Do you think the cherry makes a too optimistic statement in these troubled times?,217,52,22,291,642,66
"If you see a cop with a bottle of syrup, you haven't seen me.",199,53,18,270,642,1260
Pssst. Carbs.,185,41,20,246,642,352
Freeze! This is a stack-up.,174,48,15,237,642,1496
"For heaven’s sake, Harold, I meant money when I said I wanted you to make more dough.",169,48,14,231,642,2919
"Yes, the Muffin Man is straight ahead, on Drury Lane.",200,53,18,271,642,1170
I'm starting to have doubts about my business model.,193,57,15,265,642,219
Can you spare a fork?,196,51,18,265,642,422
Please don't tell my paleo support group!,190,58,14,262,642,68
Pancakes in a dark alley - what could go wrong?,190,48,18,256,642,1273
Costco's got nothin' on our sample sizes.,195,38,23,256,642,1766
"Hey, lady, want to buy some ""hot"" cakes?",200,45,21,266,642,2382
"Psst, actual carbs here.  First stack is free.",197,46,20,263,642,2438
Didn't mean to scare you. I'm still trying to get the hang of this 'Pop-Up' thing.,176,53,13,242,642,2554
"This is the 365th time I've tried this, it has to be your birthday today!",200,42,22,264,642,2396
"I knew you would come back Carol. They always come back.""",187,53,15,255,642,2388
I couldn’t stand the heat.,203,48,20,271,642,1634
These pop-up restaurants are really getting out of hand.,168,36,18,222,642,1788
Want to be the one who takes the cake?,196,42,21,259,642,2021
I can give it to you for half the calories.,188,53,15,256,642,910
Go ahead... who’s gonna know?,184,61,11,256,642,1030
Welcome to my pop-up shop.,190,49,17,256,642,2749
"Hey, lady, wanna' have your cake and eat it, too?",187,45,18,250,642,1660
"You'll pay $25 inside, but I'll let these go for $8.",183,53,14,250,642,2017
"We have to stop meeting like this...wait, are those Blueberry?",180,44,17,241,642,602
Don’t worry... I got a syrup guy.,206,49,20,275,642,2418
"Hey lady, looking to get blintzed?",204,48,20,272,642,433
Is this the first stop on the cake walk?,179,41,18,238,642,1386
We're talking gen-u-ine gluten here,204,48,20,272,642,2501
"I'm a start-up, working my way up to brick-and-mortar.",188,60,12,260,642,1848
''Stay away crepe!'',193,45,19,257,642,281
This IS a storefront. It's all I could afford. Please buy something so I can get a door.,191,49,17,257,642,1892
"Psst!  Over here.  I have gluten, high fructose corn syrup, and red dye #5.",195,41,21,257,642,2476
I knew you was comin' so I baked a cake.,189,48,17,254,642,2429
"Black Friday, Cyber Monday, Pancake Tuesday....  I hate this world!",185,46,17,248,642,283
Pop -Up store. It’s a thing.,180,51,14,245,642,446
"I'm not a crêpe, I swear.",204,50,19,273,642,200
You look like a lady who knows fine alley cakes when she sees 'em...,194,55,15,264,642,212
"When she needed her fix, Marge had a back alley confection.",199,45,20,264,642,3133
Psst...a gift from Jenny Craig. She says she'll see you in January.,178,35,20,233,642,1926
Got a light?,201,36,24,261,642,2413
Carbs are the new crack.,170,36,18,224,642,676
It took too long to bake and then it was left out in the rain.,191,36,22,249,642,3121
No thanks. I'm pervert intolerant.,183,42,18,243,642,2599
I’m so tired of pan-handlers.,193,54,15,262,642,402
"You can have it, or eat it, but not both.",173,42,16,231,642,1711
"Pssst, just Stollen!",196,38,22,256,642,3245
Someone left my cake out in the rain.,213,46,22,281,642,617
"Ever since they legalized pot, I've had to get creative",184,52,14,250,642,3215
Our anniversary was LAST week.,199,59,14,272,642,359
At that moment Earl made Jane an offer she couldn't refuse.,200,57,15,272,642,3267
Let’s just say it ain’t exactly Angel Food.,202,43,21,266,642,13
"Edibles are legal now, Larry.",198,46,19,263,642,1554
My delivery guy's out.  Mind dropping this off two blocks over?,197,48,18,263,642,2402
Trust me when I say this merchandise is hot.,206,62,14,282,642,1391
Bake sale for a good  but anonymous cause.,193,46,18,257,642,1838
I'm the ghost of birthdays past.,194,44,19,257,642,3105
That dessert is right up my alley!,173,44,15,232,642,1139
"Oh yeah, I got sugar here all right--the real granulated stuff. And gluten.",201,52,17,270,642,2665
"psssst, you want some carbs?",194,46,18,258,642,2550
I just want to erase the stigma against dark alleys.,176,45,15,236,642,2143
An unintended consequence of marijuana legalisation: street pancake,181,35,20,236,642,3126
I also have heroin.,203,45,20,268,642,635
Julio Childs. Why do you ask?,188,38,20,246,642,185
Five-second rule cakes for sale.,198,45,19,262,642,1959
Psst. First bite's free.,194,53,15,262,642,3415
"Psst, you wanna have your cake and eat it too?",211,41,23,275,642,361
"When you're trying to go on a diet, but you start seeing men with pancakes in alleyways. Relatable.",211,41,23,275,642,2475
It's alley food. You won't find it in any restaurant.,206,41,22,269,642,76
"Don't stare at me like that, lady. I'm sure it's breakfast time somewhere.",198,47,18,263,642,148
Yeah ... the jewellery is hot too.,214,15,34,263,642,3182
"Please, Doris, it started out as just a couple shots of syrup after work; then I started sneaking out to fire up the waffle iron between clients. Before I knew it, I was in an alley hunched over a hot griddle with a one-eyed sous-chef named Maurice.",171,32,19,222,642,3332
Are you the lady who wanted hot cakes on the side?,177,47,14,238,642,3223
"Pst, I've got non-vegan, non-organic, non-artesian gluten pancakes with trans fat butter.",191,41,19,251,642,197
These are so good they're illegal.,177,37,18,232,642,3278
I only have pies for you.,160,39,14,213,642,2794
Hey. First one’s free.,186,41,18,245,642,1920
Sorry ... I didn’t mean to just crepe up on you like that.,200,40,21,261,642,1275
"Listen, I can’t promise that these cakes aren’t hot.",197,41,20,258,642,1262
I got gluten. I got sugar. I got fat.,199,37,22,258,642,3472
She knew what he was doing and it wasn't going to work. They had both agreed that what happens on the baking show stays on the baking show.,190,50,15,255,642,1525
Al said you'd know what to do with this.,178,42,16,236,642,2702
"Trade tensions with Canada, and the resultant maple syrup tariffs, lead to rampant urban lawlessness",189,37,20,246,642,1696
This is the grand opening of the Hole-In-The-Wall Eatery.,180,50,13,243,642,800
Is this your first day as waiter?,209,41,22,272,642,2071
Pssst! Want to cheat on your diet with me?,194,44,18,256,642,3239
This stollen is a steal.,179,42,16,237,642,2324
It's an outside upside down cake.,200,49,17,266,642,2199
How do I know these cakes aren’t hot?,192,38,20,250,642,2087
"Gluten free, fat free, sugar free, lactose free, taste free, here, it's free, take it.",185,47,15,247,642,1463
"Pssst...Vermont Crack: gluten, butter cream, maple syrup, cbd...",190,37,20,247,642,2603
This is the real Belgian stuff.,179,32,20,231,642,1373
"Psst, want something not locally sourced?",213,40,23,276,642,1440
The bakery's back door service has been booming since that cycle studio moved in next door.,196,47,17,260,642,2046
Barbra didn't really understand when she ordered the The Endless Pancakes ...,180,25,23,228,642,2141
"I knew you were coming, so I . . . . . . .",196,37,21,254,642,2536
"Excuse me, but I believe you lost this while at the gym last week.",196,37,21,254,642,3150
Pssst. Buckwheat with real butter and maple syrup. Cash only.,194,53,14,261,642,88
It was at this point when Nancy realized that the low-carb diet craze had gone too far.,172,48,12,232,642,690
"It’s the pure stuff: white flour, white sugar, and gluten. Your first bite is free.",176,35,18,229,642,1359
No one need ever know.,192,42,18,252,642,1357
"Crêpes à la Creep, Madam?",190,46,16,252,642,2470
Five dollars and we can make this whole birthday go away.,189,43,17,249,642,3070
"Yeah, I sell other drugs but sugar has the biggest demand.",202,39,21,262,642,2298
"Honey, one bite of this and you'll wish I was only pushing drugs.",206,53,16,275,642,2105
These things are selling like hotcakes.,202,56,14,272,642,1594
Shop local while you still can.,195,55,13,263,642,570
"Harry, Are you going to desert me again?",202,41,20,263,642,2622
Psst!  Pancakes with tariff-free Canadian maple syrup?,188,42,17,247,642,2676
Why do people think that nothing good comes out of dark alleys?,199,59,12,270,642,925
Psst. Genuine carbs here. Gluten. Corn syrup. Palm oil. The real deal.,201,33,23,257,642,2377
"Hey, you looking for some gluten?",176,39,16,231,642,1457
Who's to know?,178,47,13,238,642,2392
Our anniversary was on Monday.,203,31,24,258,642,1187
Jenny? Jenny Craig?,188,39,18,245,642,242
You're still a wolf in chef's clothing.,197,38,20,255,642,2104
It's the last one and I want to go home.,201,47,17,265,642,796
"'Psst...want some free pancakes?' he said, syruptitiously.",192,43,17,252,642,2764
"Pssst...I got gluten, sugar, white flour, shortening, maraschinos...",188,46,15,249,642,2960
You looking for high fructose corn syrup? Keep your head down and come with me.,187,43,16,246,642,2449
pssst...you can have it AND eat it...!,199,58,12,269,642,2638
"Death by chocolate, for your cheating husband.",220,55,17,292,642,1737
Woah don’t crepe up on me like that!,184,44,15,243,642,2233
"Dark Alley"" - it's a meal kit service for those who want to know even less about where their food comes from",203,45,18,266,642,2938
"Sure I'm a stranger, but it's not candy.",194,41,18,253,642,1621
"Hey lady, you lookin' for a quick sugar rush?",190,49,14,253,642,1965
"When Janice saw what awaited her in the alley, she knew her bad day was going to get much, much worse.

It was the icing on the cake.",194,41,18,253,642,1988
You get two more wishes.,191,47,15,253,642,2729
"Back-alley bakers:  the only place to find old-fashioned tasty treats containing real butter, sugar and eggs.",195,51,14,260,642,2400
"I used to have a food blog, but now I enjoy sharing my life story in person.",197,47,16,260,642,3313
"Psst, full gluten pancakes.",188,43,16,247,642,3204
Piece be with you Ma'am......,194,48,15,257,642,244
Psst - it's made with white flour and processed sugar.,200,36,21,257,642,1541
I saw on Facebook that today's your birthday.,199,33,22,254,642,2826
The trick was heating the trashcan to 350 degrees.,191,49,14,254,642,3351
"Psst, wanna buy some 'hot' cakes?",210,45,19,274,642,595
Would you like your just deserts?,196,34,21,251,642,2648
"Look, you should snag these babies while you can. Because they're sellin' like ... well, you know.",179,46,13,238,642,3413
"It's not illegal, yet.",179,41,15,235,642,3491
We're like a pop-up shop with lower overhead.,193,47,15,255,642,1059
"I assure you, they are NOT 'selling like hotcakes.'",194,45,16,255,642,1518
"I've brought home the bacon for 33 years, Larry; you dig up Cindy's Easy Bake Oven and what, I bow?",192,27,23,242,642,1057
"With all these Christian bakeries, somebody's gotta sell Devil's Food Cake.",192,44,16,252,642,150
No ma'am. The gluten free alley is two blocks over.,195,38,19,252,642,3157
"Sugar, butter, eggs. Whipped cream. 
If you get caught, you don't know me.
There will be no one to help you.",214,34,24,272,642,626
"I'm a short order crook.""",185,36,18,239,642,840
"What, you've never seen an alley cake before?",184,38,17,239,642,1930
It starts with pancakes.  Next thing you know you're running guns to North Korea.,189,45,15,249,642,1100
"Hey lady, looking for a good time?",193,37,19,249,642,1915
Psst! Gluten! GMOs! High fructose corn syrup!,193,32,21,246,642,411
"Despite being between storefronts, Jerry swore to keep his pancake business alive.",189,40,17,246,642,1733
"Clara suddenly realized that no number of cherry pancakes could satisfy her lust for excitement, no matter how illicitly acquired.",185,48,13,246,642,1928
"Hey lady, you lookin' to score some gluten? I can hook you up with some real restaurant grade stuff.",190,38,18,246,642,3051
"Keep moving, nothing to eat here.",194,47,15,256,642,2351
Our algorithm predicted you'd be craving this.,184,45,14,243,642,83
Just give me your syrup and nobody gets hurt.,199,49,15,263,642,1132
"Little did Vera know that she was about to ignore her mother’s warning, “Never accept pancakes from strangers in alleys.”",214,53,16,283,642,2955
Would you like some devil's food . . . little girl?,202,38,20,260,642,232
The name's Jack. Flap Jack.,208,43,19,270,642,726
This IS my restaurant. I'm trying to save on overhead.,195,52,13,260,642,1153
"It’s not a knock off, it’s a real Martha Stewart",190,45,15,250,642,1679
"This isn't for you, keep walking lady.",203,53,14,270,642,1747
You’re witnessing Ch 1 coverage of a live sugar deal going down in the Abstinence District. Details at 5:00.,199,44,17,260,642,2614
I knew I should have deleted that pancake-sharing app.,202,38,20,260,642,3329
Saw a crêpe-y guy in the alley today...,205,44,18,267,642,2711
I thought you were bringing home the bacon.,193,51,13,257,642,3168
Your mother-in-law will never know it's  a knock off,181,41,15,237,642,1392
"Psst - 500 calories, but I can let you have it for 250!",180,43,14,237,642,2530
Pssst.  You the broad with the Paleo diet husband?,193,46,15,254,642,1713
"It's a 24-carrot cake, but I'll let you have it for five bucks.",172,37,15,224,642,2995
I'm more of a cake dealer than a cake boss.,178,37,16,231,642,2254
"Don't tempt me, George. I've already eaten all of my feelings this winter.",191,40,17,248,642,1651
"If  we were in Amsterdam and you were a man, I'd be a woman in a window trying to lure you in, but this is New York and you're a woman on a diet. So, how 'bout some cake?",190,42,16,248,642,3113
Pssst...we got more LGBT wedding stuff around back.,182,41,15,238,642,1269
"Psst, we got waffles in the back.",169,50,9,228,642,2557
"If you got the bed, I got the breakfast...",188,41,16,245,642,3360
You can't get these on Amazon.,203,57,12,272,642,1354
"Okay, so I’m a creep selling crepes.",169,45,11,225,642,2701
Back again? You still owe me for the baked Alaska.,202,42,18,262,642,2776
I’m trying to build my street edibility.,187,38,17,242,642,3469
Walk past the carbs. Walk past the carbs. Walk past the carbs...,182,43,14,239,642,2906
You look like a woman who could use a little dessert.,184,39,16,239,642,3371
Your Fitbit said you earned this.,202,49,15,266,642,111
"I said I wanted cupcakes in this role play, Hank.",178,34,17,229,642,2863
Can I interest you in the new Trump Tower?,212,41,20,273,642,84
Carbs. Get yer carbs here. Carbs.,195,41,17,253,642,1395
"I also like to iron, and I don't mind vacuuming.",195,41,17,253,642,2778
"Psst...white flour,high fructose corn syrup,sodium benzoate,topped with #4 red...cash only.",195,41,17,253,642,2851
This is where the drive-through would've been.,185,44,14,243,642,3091
"Psst! Full-gluten, all GMO, no fiber pancakes with a non-organic strawberry picked by an underpaid foreign worker?",207,29,24,260,642,563
"With the city's recent influx of self serve restaurants, many a wait staff are left to ply their trade in the streets.",197,49,14,260,642,3038
"First hand over the money, than we can talk about frosting.",200,43,17,260,642,3297
When the Gluten-free Hipsters took over “Daves Famous Pancakes” was forced underground.,197,32,21,250,642,639
"Yeah, it's the real thing.  Since the ban, we smuggle the gluten in from France.",172,36,15,223,642,1070
"Psst, I gotta move these fast. Their “hot”cakes.",209,37,21,267,642,798
"It's gluten, but it ain't free.",194,33,20,247,642,3180
"Guaranteed, no Romaine.",199,52,13,264,642,760
"I knew you were coming, so ...",209,44,18,271,642,1066
"What's done in the alleyway, stays in the alleyway.",182,52,10,244,642,1020
Who are you calling Short Stack?,190,36,18,244,642,1913
Psst...lady you want carbs?,176,30,18,224,642,487
"Sally, see . . . I can surprise you!",177,40,14,231,642,1068
Now that sugar is a controlled substance ...,207,45,17,269,642,2902
Psst. You can have your cake and eat it too.,216,39,21,276,642,3199
This is the best I can do while I’m waiting for my food truck permit to be approved.,182,49,11,242,642,51
"And if you think that makes up for last night, you've got another thing coming",188,37,17,242,642,707
"Psst, you looking for trans fat?",186,41,15,242,642,2074
It's perfectly legal ... in Amsterdam.,209,36,21,266,642,484
Welcome to Paul Manafort's House of Pancakes.,209,36,21,266,642,2834
"Hey, Cupcake, want a pancake?",194,37,18,249,642,2973
Please bring this tasty cake to Michael Flynn that is definitely not poison compliments of one Mr. Rudy Giuliani.,187,34,18,239,642,2215
"Psst! File cake, Mrs. Manafort?",194,32,20,246,642,1701
"Psst! Lady, I got a random act of kindness for you.",189,42,15,246,642,3468
Yeah...of course they’re ‘hot’,181,41,14,236,642,2600
Your money or Death by Chocolate.,202,40,18,260,642,482
"Quick, give me the dough.",190,35,18,243,642,2403
"Psst., You into chocolate decadence?",192,43,15,250,642,1907
"And it comes with the recipe, in case your sister-in-law gets suspicious.",196,35,19,250,642,3191
That's all you got? The other guy is offering lobster with  truffles and caviar.,208,52,14,274,642,127
"I got pure, uncut gluten here.",178,42,13,233,642,473
"Happy birthday from your Facebook friends, Betty.",203,45,16,264,642,1451
"Take it quick, Gladys!  Your doctors aren’t looking!",202,47,15,264,642,2055
"Psst! I got your cake right here. Uncut, 100% Colombian cocoa, full gluten.",210,43,18,271,642,2274
Those eyes tell me you're longing for a little gluten.,204,38,19,261,642,145
It’s without kale.,185,47,12,244,642,3232
"Psst, psst.  They're hot cakes. Just take one and keep walking.",212,46,17,275,642,348
Hey lady! Tired of egg whites and whole wheat toast for breakfast? Wanna live a little?,197,35,19,251,642,159
"Psst, hey lady. Want some “hot” cakes?",184,44,13,241,642,1824
Gluten AND nuts! Live dangerously!,210,45,17,272,642,2651
"Sorry, more of a waffle girl myself.",196,44,15,255,642,427
Give me the birthday candles and no one gets hurt!,197,37,18,252,642,2784
""" Someone left the cakes out in the rain...""",204,35,20,259,642,2343
"Psst,hey lady, got some nice pancakes loaded with gluten and carbs. No one will have to know.",197,44,15,256,642,1430
Psst. . . want some gluten?,202,46,15,263,642,192
Gluten. Check it out.,203,44,16,263,642,784
Jan had not expected her post-holiday diet to get off to such a rocky start.,181,35,16,232,642,1599
Psst. You CAN eat it too.,217,52,15,284,642,2358
Lovingly baked by undocumented children.,189,43,14,246,642,466
"Lady, you don't ask if they're hot.",191,39,16,246,642,2020
Is it fattening....c'mon would I lie to you?,199,47,14,260,642,1363
Pssst! ... got yer gluten right here.,207,43,17,267,642,128
Your family will believe it's homemade.,187,42,14,243,642,30
"Psst, is your name Suzette?",189,38,16,243,642,260
"Lady, this is a stickup... Oh crap, I left the gun and took the cannoli",186,44,13,243,642,1007
My wife deserted me.,191,34,18,243,642,2511
"The first one is free, lady.",197,34,19,250,642,988
What!  You never bought from a street vendor before.,200,52,12,264,642,163
I'm not panhandling -- I'm just handling the pan.,200,52,12,264,642,990
Lookin’ for gluten?,212,52,14,278,642,2893
For you I can give eight layers for the price of seven.,180,51,9,240,642,229
Got Milk?,191,41,15,247,642,1912
"Psst, full stack, high gluten.",196,43,15,254,642,2266
Hotcakes sell like drugs around here,206,35,20,261,642,1019
"In New York, even the back alleys go through gentrification",203,36,19,258,642,921
We've re-branded to International Alley of Pancakes.,185,43,13,241,642,2468
Psst.  I got your gluten fix right here.,192,41,15,248,642,1860
"It's a front for my real cash cow, Vermont maple syrup.",183,30,18,231,642,992
Give me the purse or I'll stick this to your ribs.,203,50,13,266,642,1479
"Psst.  I got your gluten, your non-organics, your peanut content, alar apples, hormone beef, vintage cyclamates....whatta ya need?",186,36,16,238,642,1773
There's a fork exchange at the next corner.,193,46,13,252,642,2370
Were you followed? The FDA has been sniffing around.,190,40,15,245,642,3224
And it's all locally sourced.,202,40,17,259,642,3486
Psst! It has gluten AND real butter.,213,37,20,270,642,940
"Deals off,I said waffles.",210,43,17,270,642,1074
Give me that purse or I’ll make you eat these carbs.,210,43,17,270,642,1456
"Psst, real pancakes with gluten and high fructose corn syrup. The first one's free. C'mon, you know you want it.",189,37,16,242,642,98
"Hey, hotcakes! No, really, I have hotcakes.",186,43,13,242,642,2966
Welcome to the International Flop House of Pancakes.,193,36,17,246,642,91
"Sure, I sold pot til legalization.",183,44,12,239,642,1075
Psst! It has gluten!,195,39,16,250,642,2247
It’s been calling your name.,192,33,18,243,642,2193
"Pssst. Transfats, high fructose corn syrup, red dye #2, BHA, BHT. Good shit.",183,39,14,236,642,2054
Psst! Interested in breakfast from Tiffany's with no ambiance surcharge?,216,52,14,282,642,3031
Barry's alleyway pop-up concludes its fifteen minutes of fame.,208,44,16,268,642,2643
Will bake for work.,201,46,14,261,642,297
"Psst, lady, these are the real deal. Homemade with bleached flour, partially hydrogenated coconut oil and lots of high fructose corn syrup.",180,40,13,233,642,1285
It’s a pssstrie.”,173,42,11,226,642,3453
Are you Ms.Betty Crocker? I’d like to have a word about this “makes 8-10” nonsense.,195,41,15,251,642,1855
Gluten!  I got gluten!,196,39,16,251,642,2404
"And her hunger burns.
So she starts to roam the streets at night.
And she learns how to steal, and she learns how to fight.
In the gateau.",190,39,15,244,642,914
Welcome to the International Filthy Alley of Pancakes.,191,37,16,244,642,3138
Fine line between pop up shop and random guy on the street.,186,35,16,237,642,447
I knew you were coming so I baked a cake.,208,46,15,269,642,39
"Psst, lady, wanna buy some hot cakes?",216,30,23,269,642,578
Don’t give up. Even IHOP started as a hole in the wall.,199,40,16,255,642,1114
"IHOP, half price.",191,44,13,248,642,211
Pssst. I can give you pre-tariff pricing on banana pancakes.,179,32,16,227,642,1607
"If you get it from me, the calories don't count.",190,41,14,245,642,2196
Psssst  – I got the good stuff. It's got gluten.,218,40,19,277,642,3403
"Hey kid, you wanna do some gluten?",187,35,16,238,642,3007
Bundt ... Chiffon ... I can get it.,206,40,17,263,642,650
Didn’t mean to crepe up on you...pancake?,175,35,14,224,642,673
You look like you need a birthday.,190,48,11,249,642,638
Pssst - lookin' for some gluten?,201,45,14,260,642,2436
"Psssst.  Full stack, tariff free real Danish butter, tariff free Canadian maple syrup. Domestic cherry.  Check it out.",194,47,12,253,642,2216
"Happy Birthday, Lois.",188,35,16,239,642,310
"Just slip out the flap, Jack.",208,38,18,264,642,2208
"We call it alley food. It's better than anything 
you'll get on the street.",180,39,13,232,642,580
Gluten?,205,32,20,257,642,166
Pssst... wanna score some gluten?,207,35,19,261,642,2596
"It's a niche operation, but right up your alley.",202,45,14,261,642,2797
"Psst, all gluten, all butter...",184,38,14,236,642,444
"Listen lady, I'm not dealing junk here. Of course the toothpick came out clean.""",195,47,12,254,642,656
I eliminate the middleman and pass the savings on to you.,199,39,16,254,642,856
pssssssssst.........Gluten!,180,34,15,229,642,116
Hey lady... black market calories don't count!,212,44,16,272,642,2092
Please Gwen. Give me another chance. I promised I changed... my recipe.,193,39,15,247,642,190
"I got the money, Louie. Just don’t squeal to my kids.",190,45,12,247,642,285
I'll trade you this for whatever's in that bag.,206,44,15,265,642,2940
"Better than the diamond ring in Paris, but it's still no.",184,45,11,240,642,2538
Crappiest severance package ever!,212,39,18,269,642,644
No healthy ingredients.,204,43,15,262,642,776
Does this apron make me look fat?,209,33,20,262,642,1632
41% of all New Yorkers believe that pancakes should be legalized.,204,43,15,262,642,2578
These pancakes are dope.,201,37,17,255,642,709
"It contains four-and-twenty former Trump insiders, all threatening to sing.",193,29,19,241,642,2072
Spare some syrup?,207,32,20,259,642,2655
"You've heard of alley cats, well, we're Alley Cakes.  Hi, I'm Ali.",210,45,15,270,642,1896
This is the only place I can get carbs in Los Angeles!,170,32,14,216,642,1906
"Pancake Alley, hailed as the city's most exciting new pop-up dining experience, is now open for business.",178,47,9,234,642,2545
Thanks but I've had better offers,209,35,19,263,642,1650
Psst. I've got that good syrup. Straight from Vermont.,214,44,16,274,642,735
Psst...wanna taste gluten?,215,42,17,274,642,1179
"Psst, lady! Like fruitcake but embarrassed to be seen buying it in a store?",201,39,16,256,642,2445
"Oh, a sidewalk sale!",191,47,11,249,642,109
"Hey, pssst, need some gluten?",199,38,16,253,642,1401
"Yes, virtual storefront, virtual calories - you can have your cake and eat it too.",204,28,21,253,642,2417
Happy birthday from all the guys stalking you on social media!,204,47,13,264,642,2366
"My mother told me never to take candy from strangers, but she didn't say anything about pancakes!",178,37,13,228,642,1498
Black Market Carbs,199,45,13,257,642,2494
You had me at gluten free.,203,37,17,257,642,2624
"Wow, IHOP really went downhill after the name change.",183,46,10,239,642,1869
"That's right, it's a damn fruitcake.",171,39,11,221,642,841
Psst. You lookin' for gluten?,196,39,15,250,642,2671
Psst.  These cakes just fell off a truck.,199,52,10,261,642,837
You a foodie?   I got what you need.,191,37,15,243,642,2912
"I’m lost, can you lead me to the blind chef competition over on 23rd St.?",199,40,15,254,642,2703
It’s pure.  Real butter. Whole cream. White flour. And loads of pure white granulated sugar.,200,38,16,254,642,2869
The powder on top isn't sugar,213,31,21,265,642,3461
"Keep moving please mam, undercover police training in progress.",217,42,17,276,642,1071
You can have my cake and eat it too.,192,42,13,247,642,1413
Pssst... You like gluten?,215,34,20,269,642,1931
"Psst, wanna taste a carb?",187,40,13,240,642,989
Better get one while you can. These things are going like hot cakes.,190,34,16,240,642,1600
Psst... I got the gluten ones,183,36,14,233,642,2427
Street cake. It's now  a thing.,194,52,9,255,642,852
Buy it and I'll toss in a Rolex.,202,36,17,255,642,897
"A couple short stacks fell off the truck, if you know what I mean.",195,50,10,255,642,2532
Just stick 'em under my sweater - they're gonna end up there anyway!,200,40,15,255,642,3280
... the Pancake Man ISN'T real ... the Pancake Man ISN'T real ... the Pancake Man ISN'T real ...,204,32,19,255,642,3414
Pssst. Have it. Eat it too. I won't tell.,195,38,15,248,642,1516
"Hey baby, wanna come up and see my griddle?",198,32,18,248,642,2482
"Dark, dark chocolate cake lady...dark, very dark...",198,51,10,259,642,1832
Carbs are not a crime.,182,33,15,230,642,534
It's a rescue from the cake pound.,189,38,14,241,642,3424
Care for some hidden calories?,183,38,13,234,642,783
I said no the first time,196,31,18,245,642,503
Pssst... ya wanna sneak some carbs?,195,33,17,245,642,1060
Pssst…I'm the baker's man. Here's that Patty-Cake you and your granddaughter keep ordering.,209,43,15,267,642,1111
They're cut with pure maple.,211,39,17,267,642,1362
"I put the ""hot"" in ""hot cakes.""",210,41,16,267,642,2133
"If you eat cake in a dark alley, the calories don't count.",196,38,15,249,642,2448
Welcome to Pancake Alley.,211,46,14,271,642,1509
"There's no high like a carb high""",200,37,16,253,642,1045
Free sample ma’am? I’m in ‘Outside Sales’ for Costco.,195,47,11,253,642,2845
"My mother's recipe. Dad had this spot for twenty two years. And for you, a real deal.",198,41,14,253,642,3459
This cake is infused with warm family memories and an unshakable  belief in a loving God.,201,42,14,257,642,477
"Lost my lease, but not my baking skills.",184,38,13,235,642,2022
"Because I knew you were coming, that’s why...",178,31,15,224,642,1264
"Psst, lady, want some gluten?",206,39,16,261,642,2679
The bad news is that I'm going to rob you. The good news is that this consolation cake is gluten-free.,202,47,12,261,642,2755
As luck would have it my  food truck is in the repair shop.,192,48,10,250,642,936
"Alright lady, hand over the purse or it's death by chocolate",198,36,16,250,642,1956
Tariff-free crepes?,197,38,15,250,642,2616
Could you spare $10 for some maple syrup?,186,41,12,239,642,89
Psst....you wanna score some gluten?,212,34,19,265,642,3388
Pssst. I've got the real deal. Full gluten and everything.,203,33,18,254,642,1673
"See more cakes like this online at alleycakes.com""",198,43,13,254,642,3120
Sorry. The cops are cracking down on cupcakes.,181,39,12,232,642,857
Are you a registered voter?,207,51,11,269,642,1288
"Psst! It’s got sugar, gluten, egg yolks.....Hurry up! Before the cops come!",213,39,17,269,642,3349
You want to buy some really hot cakes?,205,36,17,258,642,2503
"Don’t be shy, you know you want it, the first bite is free.",192,43,12,247,642,582
Most of the recipe has been redacted,196,35,16,247,642,1341
"Psst, want something NOT gluten-free?",194,39,14,247,642,1475
I prefer to call it Room Service for the homeless.,212,48,13,273,642,1612
Please support your homeless chef.,206,41,15,262,642,245
The neighborhood's danger suddenly revealed itself.,204,45,13,262,642,908
I forgot it was Passover-I'll Knock 2.98 off the price and pretend we never met.,203,47,12,262,642,2258
"No, we're the alley next to the House of Pancakes.",209,35,18,262,642,3436
I think these will be right up your alley.,188,39,13,240,642,2184
This is a cake you can have and eat it too.,187,41,12,240,642,2411
Can I interest you in some free range cake?,189,37,14,240,642,2499
Helen had heard that companies were using here data for marketing but didn’t realise they could now read her thoughts,193,29,18,240,642,2868
Special clearance.  Last year's fruitcake just $1.50.,211,38,17,266,642,1533
Flapjack the Ripper didn't make as much of a splash as his English cousin.,193,36,15,244,642,859
The insulin is already baked in.,190,42,12,244,642,2553
Ugh. I preferred it when you used to wolf whistle,194,41,13,248,642,949
The method used by the pastry killer to procure his “real-lady fingers” for his evil tiramisu was not without irony.,190,30,17,237,642,613
Ubercake?,207,41,15,263,642,785
The boss said to wrap it in something that wouldn't seem obvious.,207,41,15,263,642,1784
It's uncut,206,43,14,263,642,1881
Would you like to help me celebrate my birthday?,193,31,17,241,642,2363
"Birthdays,  always hiding around the corner.",190,37,14,241,642,3075
"If you got the dough, I got the goods",205,52,10,267,642,509
"How'ja like some sweet cakes, sweet cakes?",208,46,13,267,642,747
"We can't say ""stacked"" any more. They're now an ""assembly"" of pancakes. By the way, nice assembly there Rose.",205,33,18,256,642,188
"Here, have your cake and eat it too.",202,39,15,256,642,1086
"Espresso-soaked 5-layer chocolate sponge cake, milk chocolate ganache filling, raspberry coulis, and fluffy whipped cream.
Five bucks.",191,42,12,245,642,2279
Do you want to come up and see my main course?,189,46,10,245,642,3331
Would you like to try a sample from the city’s smallest pop-up bakery?,179,47,8,234,642,1420
Psss...I got the good stuff...it has gluten,197,37,15,249,642,3265
"Psst, carbs and sugar.",209,39,16,264,642,535
"Psst... looking for a little sugar high, lady?",206,45,13,264,642,1662
You did swipe right on Griddlr,198,42,13,253,642,2897
Just fell off the Desert Cart.,176,41,10,227,642,2855
Psst! Looking for a sugar high with no nutritional content whatsoever?,219,52,12,283,642,1676
"Someone left the cake out in the rain, five bucks.",215,41,16,272,642,1884
This one comes with a file. I made it for The Donald.,194,38,14,246,642,810
Do you know how hard it is to get rid of hot cakes?,197,32,17,246,642,985
Light and fluffy with just a hint of THC.,194,38,14,246,642,1754
In recent days the Tribeca pancake cartel have become more brazen,191,44,11,246,642,1867
The first time is calorie-free.,196,34,16,246,642,3046
"Go ahead, you know you want it.",192,42,12,246,642,3427
Authentic street food?,203,46,12,261,642,943
Agressive pancakehandling.,196,41,13,250,642,771
Past! This contains gluten AND dairy. You never saw me.,210,39,16,265,642,748
Of course they're hot. They're hotcakes.,187,40,12,239,642,2510
Psst...wheat...sugar...milk...eggs from caged chickens.,202,36,16,254,642,1263
"This ain't no cakewalk, lady.",200,40,14,254,642,2002
"If the cops ask, you didn’t get your gluten from me.",190,41,12,243,642,246
Looking for something with gluten?,195,31,17,243,642,2118
Psst. Wanna try some gluten?,219,35,19,273,642,573
Could you spare some maple syrup?,207,40,15,262,642,2605
"If you know anyone in prison, there's a file inside.",199,37,15,251,642,1977
"Honey please come home. Angelfoodcakeinthealley.com will never work.""",191,34,15,240,642,540
"Gluten, lady. Gluten here. Real primo stuff.",175,40,10,225,642,1481
"Psst!  Pure chocolate, no weed.",203,43,13,259,642,1619
Psst...hey lady...you lookin' for some gluten?,205,39,15,259,642,2857
"If you're a member of Amazon prime, I'll give you 10% off",191,41,12,244,642,1681
Spare candles?,181,35,13,229,642,781
And this was the day that I learned the only way to stop a bad guy with pancakes is a good guy with pancakes.,193,44,11,248,642,1471
Back alley confectionist,196,38,14,248,642,2527
Now that’s what I call a nice stack.,180,44,9,233,642,2213
"Psst. You wanna score some gluten, sugar and transfats?",212,39,16,267,642,1174
3.14159265359,211,41,15,267,642,1352
Dont' wait! They're selling like hotcakes!,201,35,16,252,642,31
They don't call it a sugar high for nothing.,200,37,15,252,642,3381
Welcome to I Hop Out at You!,190,31,16,237,642,8
Today’s POP-UP BAKERY Special”,184,43,10,237,642,2267
"Black market forest, of course.",186,39,12,237,642,3495
"Careful, I’ve got a knife.",197,31,17,245,642,657
Can you spare a Yelp. ma'am?,198,29,18,245,642,1319
"Hey, got a great deal for you on a used birthday cake.",191,43,11,245,642,1935
This is a hold up! The knife is in the cake.,191,43,11,245,642,2875
They will never know you didn’t bake it yourself.,190,45,10,245,642,3131
Hey – I got gluten here.,194,37,14,245,642,3410
"Hey lady - you wanna buy a ""hot"" cake?",219,46,14,279,642,1702
"Psst, I got carbs here.",184,38,12,234,642,3498
The good news is they're hot. So is the bad news.,174,32,13,219,642,1450
They are selling like hotcakes,186,41,11,238,642,728
Yelp did say finding the store was a piece of cake.,200,46,11,257,642,1647
Pssst. Get your carbs here. Cheap.,219,48,13,280,642,266
Pssst... Looking for gluten?,198,31,17,246,642,826
"Last week, I'm star baker. This week, Paul Hollywood says it's 'underbaked' and kicks me off the show.",200,34,16,250,642,195
Our Facebook analytics suggest that you are about walk in and order this.,197,40,13,250,642,3306
PSSSST  lady.  Wanna go off your diet?,211,45,13,269,642,496
Your Tinder profile says you like pancakes.,209,49,11,269,642,1556
The real deal. All the gluten you can eat.,213,41,15,269,642,2644
Wow!  You remembered!,201,39,14,254,642,1177
"Hey lady, you looking for a good time?",206,29,19,254,642,1715
Aunt Jemima’s usually my dealer.,189,37,13,239,642,1379
You interested in getting baked?,189,37,13,239,642,2399
'Do I look like a coke dealer?',187,41,11,239,642,3039
Psst.  With real sugar,194,34,15,243,642,59
They're sellin' like hot cakes,188,46,9,243,642,3367
Psst!  Wanna cheat on your Paleo?,207,41,14,262,642,2243
"Your Uber Eats order, ma'am.",222,51,12,285,642,770
The word on the street is that you're a foodie.,193,43,11,247,642,1222
Mighty fine low carb diet you got there. Shame if something happened to it.,215,32,19,266,642,1394
"Hey there, hotcakes.",212,45,13,270,642,2446
"Pssst, Lady, I got Gluten here.",200,36,15,251,642,226
First layer is free,198,40,13,251,642,428
Flapjacks are a gateway cake.,200,36,15,251,642,1444
That’s right. I’m the cake boss.,201,34,16,251,642,1741
"Carbs, Carbs, got your carbs right here.",182,39,11,232,642,1955
The diamonds are between layer 2 and 3.  Wait!  You're not Guido's wife!,187,43,10,240,642,1689
Just have a taste - your nutritionist won't hear a thing.,191,35,14,240,642,2435
Psst....gluten!,212,33,18,263,642,157
"Psssst..... Hey lady, wanna buy a hot cake?",211,42,14,267,642,96
"Psst, you want gluten? I also got dairy, high fructose corn syrup, even GMO, whatever you need.",199,33,16,248,642,1437
Psst!  Want some 'hot' pancakes?,194,43,11,248,642,2619
Pssst! How 'bout some gluten?,200,38,14,252,642,1077
Wanna see my icings?,203,39,14,256,642,1953
Customer choked on a chicken bone so he couldn't do dessert. Want it?,192,28,17,237,642,1361
"Yes, there IS a patty cake man. Join me?",214,31,19,264,642,564
"Hash, heroin, gluten?",208,43,13,264,642,1436
The middle layers never touched the floor.,208,43,13,264,642,3444
"Psst ... this is the real stuff ... not gluten-free, lots of sugar too.",182,29,15,226,642,370
Pssst! Real sugar!,197,39,13,249,642,1047
Psst. Non-gluten free.,202,29,18,249,642,2895
"It's not only free, it's got gluten.",198,44,11,253,642,1550
"No, this is the Back of the House of Pancakes.",195,50,8,253,642,3425
"Hey, you there.. want some gluten?",200,47,10,257,642,2226
Voulez-vous crêper avec moi?,204,46,11,261,642,191
"Pssst, Lady...you wanna party?",214,33,18,265,642,3362
The file in here ain’t gonna saw by itself.,217,27,21,265,642,3433
Face your worst fears and enter Gluten Alley!,192,37,13,242,642,1908
"If you bake it, she will come.",170,41,8,219,642,3420
Death by chocolate?,214,40,15,269,642,698
Thanks but I have a prescription for it.,215,38,16,269,642,2971
"Made with trans fats, high fructose corn syrup, and every gluten you can think of.",211,46,12,269,642,3301
I don't wan't to role play anymore.,226,30,21,277,642,3246
Pssst!  Yummy pancakes.  What happens in the alley stays in the alley.,196,50,8,254,642,1136
Just blow out the candle and keep walking,201,40,13,254,642,1171
Only a very special kind of woman would be lured into an alley by a fruitcake.,184,34,13,231,642,3471
"If  Monica won't come to the short stack, the short stack must go to Monica.",189,38,12,239,642,80
"It is not pan handling, it is pancaking--$2 each",191,34,14,239,642,1716
Pssst...Saturated fats?,210,43,13,266,642,2890
"'Morning, Ma'am. Could you help a recently fired FBI operative
attempt to make ends meet?",199,39,13,251,642,779
You looking to score some gluten?,203,38,14,255,642,1243
The first one's gluten-free.,187,23,18,228,642,254
"It's not just at Christmas, ma'am - alley food is the next big thing",209,33,17,259,642,1350
"Pssst! Get your sugar high right here. Pure, uncut sugar.",185,34,13,232,642,2041
"Are you the lady who ordered the ""hot"" cakes?",179,46,7,232,642,3336
Don't ask questions.  Just take the fruitcake.,211,36,16,263,642,1411
Comfort food for a constitutional crisis?,207,44,12,263,642,3169
"They are free lady, the board of health is in the kitchen!",212,41,14,267,642,2342
Did you want it boxed or are you pretending it's home-baked?,191,36,13,240,642,217
They're hot.,194,30,16,240,642,655
"Finally, a REAL Cake Walk",197,31,16,244,642,1133
Psst! These are made with gluten.,198,29,17,244,642,1586
Syrup is two blocks over.,199,41,12,252,642,1476
"Hey, you wanna buy some pancakes?  They're hot.",210,40,14,264,642,2217
A clown with a pie is so cliche´,188,37,12,237,642,1947
"First give your money to the kid on the corner.""",190,33,14,237,642,2507
Pssst...looking for a good time?,198,38,13,249,642,889
Pssst... Got Milk?,201,46,10,257,642,3028
Psst. The first one's free.,205,45,11,261,642,1488
Pssst. Hey lady. Wanna buy some primo carbs?,179,36,11,226,642,1152
Psst...wanna sugar high?,209,44,12,265,642,2013
Madame you dropped your hat...,183,35,12,230,642,517
"If it's not your birthday, just move along, please.",215,46,12,273,642,416
This is the Black Forest Market.,216,44,13,273,642,3085
psst... lookin' for some trans fats?,220,43,14,277,642,1418
"Nothing to see here, keep it moving lady",188,39,11,238,642,2201
She left me on her birthday,192,31,15,238,642,2326
Have you seen how much it costs to rent a place in manhattan?,187,41,10,238,642,2360
"This is triple-layer imported Red Velvet, lady. You want dime-store Sara Lee, go to Ralph's freezer section.",193,36,13,242,642,844
Five bucks. Have your cake and eat it too.,188,46,8,242,642,1578
These carbs will be just between you and me...,196,37,13,246,642,2245
No thank you. I prefer breakfast in bed.,198,47,9,254,642,1138
I’ll take that in a brown paper bag.,203,44,11,258,642,822
"There was a huge diamond ring baked into just ONE of these cakes, and . . . YOU MIGHT BE THE WINNER . . .!",186,24,17,227,642,1976
"Trust me, you don’t want to know where we serve dinner.",218,42,14,274,642,512
"I've got nice watches, too",187,43,9,239,642,167
You take the cake.,190,44,9,243,642,1879
Want to get baked?,201,36,14,251,642,293
It wasn't always like this...the pancake industry's been a little flat recently...,203,32,16,251,642,1002
"Step on a crack, eat my mother's flapjack, ma'am.",203,32,16,251,642,1828
This is a flapjacking!,206,33,16,255,642,1642
"Psst-all gluten, buttery, high sugar goodie, no questions asked.",205,35,15,255,642,2936
Pssst. It's full of gluten and sugar. No one has to know.,208,36,15,259,642,2389
"Psst- high fat, full sugar, all gluten, nut pancakes",210,39,14,263,642,843
"You won't find a cake with gluten anywhere else, Ma'am.",172,26,14,212,642,2425
The first one is free.,213,40,14,267,642,803
You told me I take the cake but never told me to where to take it.,215,43,13,271,642,1388
You can eat it too,184,30,14,228,642,2376
Where is the Fentanyl laced heroin guy?,193,33,14,240,642,1905
"Good evening, Ma’am, can I interest you in some really hot cakes?",193,40,11,244,642,3057
"If you ain’t lookin’ for gluten, you best keep on scootin’.",193,40,11,244,642,3218
"Pssst, you wanna get fat?",196,41,11,248,642,609
Welcome to Chez Dark Alley.,199,42,11,252,642,272
Can I interest you in the guilty pleasure of empty calories?,199,42,11,252,642,2866
"Hey Lady, alley-to-table pancakes. You interested?",199,42,11,252,642,3479
"As a former drug dealer, Brian found it hard to stop loitering in alleys. ""Line of cake, madam?""",211,32,17,260,642,700
"Psssst, step right in. Totally nude tarts inside.",210,34,16,260,642,2974
"Best food alley flapjacks in the West 40s"" according to Yelp",213,42,13,268,642,2180
Forks and knives are in the next alley over.,183,34,12,229,642,2084
Look out for dark alleys. There are some shady characters in the Dessert District.,183,41,9,233,642,2407
Hey Hot Cakes,193,28,16,237,642,827
My wife told me selling crabapple pancakes as street food would lead me down a blind alley.  But did I listen?,195,31,15,241,642,618
Only cake for 5 blocks,188,45,8,241,642,1699
"Unable to stem the growing tide of legalized marijuana, Congress outlaws fruitcake.",197,27,17,241,642,2322
"Pssst, wanna sweet deal on some hot cakes?",192,37,12,241,642,2781
When gangsters have customer appreciation day.,192,44,9,245,642,2908
Get your back alley gay wedding cake...,204,34,15,253,642,1218
Empty calories...got your empty calories here.,201,40,12,253,642,2758
"Don’t tell me, your mother always said never to accept flourless chocolate tortes from strange pastry chefs",213,44,12,269,642,1141
"Yes, these are definitely hot cakes",216,38,15,269,642,1724
Want to pull out a plum?,195,33,14,242,642,1096
I am out of Rolex watches.  But this cake is a steal,192,39,11,242,642,1903
They have just come out with a study that says pancakes make you live longer. Eat it before they change their mind.,198,27,17,242,642,2548
"Legally, it's not a wedding cake so anyone can buy it.",192,39,11,242,642,3226
Pssst.  Want carbs?,199,32,15,246,642,2823
Looking to get baked....goods?,198,48,8,254,642,1333
"Don’t tell me, they sell like HOT cakes",202,40,12,254,642,1738
Psst!!   Gluten?,200,44,10,254,642,2288
First carbs are free.,201,42,11,254,642,2646
"I signed an NDA, but let's just say it may or may not be butter.",202,40,12,254,642,3209
"Psst! Baked with GMO, non-organic white flour, margarine, and caged chicken eggs. Cut with sucralose and a tad of aspartame.Cheap!",210,31,17,258,642,3311
"Psst...have some carbs, I promise you won't get hooked...",209,40,13,262,642,1268
"Yes, indeed, they're hot",207,44,11,262,642,2968
"I thought he'd be mad, but all he said was, ""You take the cake.""",214,37,15,266,642,3307
"My food truck is being repaired, but I can't afford to miss work.",212,48,10,270,642,469
"Hey. Psst. Hey, lady. Carbs... Be bad.",166,30,11,207,642,1166
"Careful, they’re addictive.",192,34,13,239,642,3451
Dessert noir?,189,40,10,239,642,3460
Sam surprised a less than impressed Donna with breakfast in an alley.,195,35,13,243,642,213
Psst...these babies just fell off a griddle.,193,39,11,243,642,1851
"Thank you for dining with us, and please enjoy this complimentary dessert: ""Alley Surprise"".",196,33,14,243,642,2576
Butter AND Gluten,198,36,13,247,642,2587
The first stack is free.,199,41,11,251,642,137
Number one on the food police most wanted list.,202,35,14,251,642,1078
Skipping breakfast induces the most vivid hallucinations,199,41,11,251,642,1710
"Don't ask how I got it, just enjoy the real gluten and butter.",197,45,9,251,642,2380
"Pssst - gotcha carbs, fats, sugars. Combo-pack $10.",197,45,9,251,642,3242
"No one will know,",211,45,11,267,642,531
"Hey, it's cleaner than a Denny's.",216,35,16,267,642,2818
Street food?,212,43,12,267,642,3353
Because I just knew you were coming.,220,41,14,275,642,2684
The darker side of the trans fats ban.,232,38,17,287,642,1774
Syrup's gonna cost you extra.,231,47,13,291,642,1537
Psst.I got gluten.,203,35,14,252,642,170
Psst. We do gay wedding cakes.,199,36,13,248,642,546
Here’s your order. Someone stole the door to my bakery!”,191,31,14,236,642,1124
I made it with gluten. Very hard to get.,210,42,12,264,642,1330
"Homeless, but not flourless.",201,39,12,252,642,2052
Just don’t tell the Cake Boss where you got this.,205,31,16,252,642,2239
Stop waffling,198,38,12,248,642,2259
Have you tried 'Blind Alley Hotcakes'? We only accept cryptocurrency.,210,35,15,260,642,3037
"Are you the lady that ordered an upside down cake 
from the inside out?",228,36,17,281,642,1206
Must keep walking...,219,40,14,273,642,706
IHOP's urban guerrilla marketing campaign went live today.,217,37,15,269,642,505
The Great Back Alley Baking Show.,211,42,12,265,642,2580
Check it out. Sugar...butter...GLUTEN. The first taste is free.,214,29,18,261,642,1486
Your trainer will never find out.,203,44,10,257,642,1442
"They’re dairy free, vegan, lactose free, soy free, gluten free, cholesterol free, carrageenan free, and sugar free, but they may give you gas.",208,34,15,257,642,2725
"You lookin’ for gluten, Lady?",210,30,17,257,642,2984
Tweets! I said tweets are the way to my heart.,195,46,8,249,642,3100
You’re not with weight  watchers are you ?,197,35,13,245,642,1317
Get it before the tariffs hit,195,39,11,245,642,1656
Christmas Crack?,191,40,10,241,642,702
"Soon to be illegal in Berkley, California! First one is on me.",192,38,11,241,642,3354
Need a sugar fix?,186,36,11,233,642,873
"With cannabis legalization sweeping the nation, I've had to branch out.",188,32,13,233,642,2290
I knew you were coming.,231,32,19,282,642,209
"Looks are free. You want a taste, it'll cost ya.",211,37,14,262,642,2265
"It's pancakes with a cherry on top. Or a Dagwood sandwich with an olive. It's whatever you want it to be, sweetheart.",203,46,9,258,642,972
Uncle Sam doesn't need to know about Aunt Jemima.,207,38,13,258,642,2465
So what if they're hot? You want 'em or not?,205,35,14,254,642,1589
"Free, to a good home.",199,47,8,254,642,1717
Free cake for anyone willing to clean up the kitchen.,201,36,13,250,642,3406
"What CREEPY!?  It's just a cake, lady.  But, uh, if you want creepy...",197,37,12,246,642,383
You look much better in in apron than a trench coat.,196,39,11,246,642,647
Homemade. Got your homemade here. No receipt. No questions.,195,41,10,246,642,773
What year model is that fruitcake?,198,28,16,242,642,201
"It's Carb Tuesday after cyber Monday""",191,42,9,242,642,1191
First short stack is always free.,189,32,13,234,642,132
Psst. lady.  Would you like to adopt a homeless fruitcake?,228,54,9,291,642,1609
Hey baby...  Wanna see my creme fraiche......??,218,32,17,267,642,3082
Take a walk on the wild side?,213,42,12,267,642,3334
"No, not hotcakes. Hot cakes.",205,44,10,259,642,1655
Pssst...more refined sugar than the FDA allows.,204,39,12,255,642,845
We call it our Black Market Cake,204,39,12,255,642,2891
It has gluten and nuts.,202,29,16,247,642,395
"Hey lady, you want carbs? Real carbs? Got a fresh short stack right here. Completely legal. Just for you.",193,40,10,243,642,732
"Psst, Lady, wanna buy a hot cake?",196,34,13,243,642,2874
Psst. Extra gluten?,195,29,15,239,642,347
"Psst, Wanna get high....
Fructose",189,41,9,239,642,2319
It's my severance package.,190,32,13,235,642,1790
Psssst -  It's made with flour and butter.  For a price it's yours and no one needs to know.,169,32,10,211,642,3195
"I’m your mama, I’m your daddy, I’m that baker in the alley.",217,36,15,268,642,365
Stroopwafels from that British Baking Show. Get 'em now before Brexit makes 'em illegal.,214,42,12,268,642,2516
Can you spare some change for maple syrup?,203,43,10,256,642,831
Wanna get sugar high?,201,40,11,252,642,1256
Back alley weight watchers,204,34,14,252,642,2037
"Excuse me, but, when I discovered edible marijuana, I discovered my passion.",203,36,13,252,642,3443
Could you try a bite and tell me if it tastes funny?,204,27,17,248,642,2320
Extra gluten.  Check it out.,192,37,11,240,642,478
"I heard you were coming, so...",194,33,13,240,642,2844
alley gateau?,218,43,12,273,642,1063
It’s full of gluten and cream and eggs and sugar. You want it! You know you want it!,173,33,10,216,642,3309
"Yeah, our café doesn’t have the best curb appeal.",215,42,12,269,642,355
"We know it's your kid's birthday, Alice.",214,44,11,269,642,2211
"Pssst, Lady, you like non-gluten-free?",217,31,17,265,642,3003
"Hello again, Edith.",209,40,12,261,642,1014
Why not make it a cake walk?,209,40,12,261,642,1645
The shady back alley deals that started IHOP,207,37,13,257,642,1076
Here. My mother wants me to marry somebody.,202,40,11,253,642,1146
Marie Antoinette wanted me to give you these.,199,39,11,249,642,1732
"Pssst...Can I interest you in some ""hot"" -cakes?",196,45,8,249,642,2963
Can I interest you in some “hot” cakes?,195,26,16,237,642,2256
"psst, hey lady, need some carbs?",193,30,14,237,642,2607
This is my side hustle to my side hustle.,217,47,10,274,642,1127
"psst.....care for some ""hot"" cakes?",219,36,15,270,642,1085
Your gluten-free support group doesn't need to know a thing.,212,43,11,266,642,3188
It's reefer laced with a sprinkle of LSD.  Some call it angel food.,210,40,12,262,642,1465
"Psst...gluten, carbs, sugar?",212,29,17,258,642,2348
Sensual assault charges against a baker were dropped today after the suspect admitted the ingredients were gluten free.,206,34,14,254,642,774
"Gluten, lactose, peanuts .... they're all there...",205,36,13,254,642,1510
"Wanna try an all natural, pumpkin-mint spiced, hemp milk, stevia sweetened,  soybean flour, air-cooked, vegan pancake?",204,31,15,250,642,793
It's a cake with ZERO calories -- made from recycled leisure suits.,200,32,14,246,642,140
Psst...eight hundred calories a slice. First one's free.,195,35,12,242,642,495
Best carbs money can buy--and no one has to know.,191,36,11,238,642,38
Hey. Hey lady. Carbs?,192,27,15,234,642,730
"I'm the Cake Man ma'am, Drury Lane is the two blocks over.",179,32,11,222,642,559
Welcome to Baking Pan Alley.,174,42,6,222,642,1995
You bet your ass these are hot!,207,27,17,251,642,2003
"Everytime I try to leave, they pull me back in with cake.",198,45,8,251,642,2531
I've had enough of your waffling.,201,32,14,247,642,804
Psst.  I’m your Secret Santa.,197,33,13,243,642,253
Pop up pancake restaurant ... I got six types of syrup back here by the dumpster.,194,32,13,239,642,836
"Beat it, buster. I know a Denny's knockoff when I see one.",189,42,8,239,642,2357
Lose weight fast with this one weird trick.,221,36,15,272,642,3203
Psst!  Want some carbs?,190,33,12,235,642,920
Hey! I got carbs here. Uncut. Try  a slice for free.,188,37,10,235,642,1694
"Can I interest you in a little something with intense gluten, real butter, and pure cane sugar?",185,36,10,231,642,1729
Guess the filling and you may enter.,207,43,10,260,642,946
Already had one at Costco.,209,39,12,260,642,1338
Psst...Black Market/Forest Cake.,207,36,13,256,642,303
"In its latest rebranding, the International Cartel of Pancakes has made you a breakfast you can't refuse.",208,34,14,256,642,815
Psst! You know you want it sweetheart. The first stack is on me.,205,40,11,256,642,1887
Pssst. It's legal but REALY bad for you.,206,38,12,256,642,2508
Hey Toots. Wanna bundt?,202,39,11,252,642,313
Does this look level?,205,33,14,252,642,1163
Where else are you going to find kosher pancakes on a Friday afternoon?,205,33,14,252,642,1807
"Your building's been condemned, but the oven still works",204,35,13,252,642,2611
"Though usually perceived as harmless, pancakes are a key gateway fat.",203,30,15,248,642,606
Sssst. Have you thought of gaining some weight?,196,37,11,244,642,1064
How would you like to be the Mrs. Butterworth to my tall stack?,199,31,14,244,642,1622
I guess you knew I was coming.,221,38,14,273,642,1605
I do not like stacked pancakes and cherry. I do not like them scary Jerry.,220,40,13,273,642,2484
That ain't powdered sugar lady.,192,38,10,240,642,221
"These are selling like pancakes which is ironic, since that's what they are.",196,30,14,240,642,1577
Get your black  market carbs here.,219,35,15,269,642,902
Pssst! You look like a lady who would appreciate a fine Gateau de Crepe for a mere pittance of its street value on 5th Avenue.,190,35,11,236,642,1225
Gluten.  Twenty bucks.,213,40,12,265,642,46
"It's foreign-sourced, and it's got lots of GMO and gluten.",216,34,15,265,642,862
"Hey lady, want some gluten?",215,36,14,265,642,2040
Secret Service. Would you taste President Trump's cake before he eats it?,216,34,15,265,642,2595
It's our traditional end-of-the season zucchini bread giveaway.,238,41,15,294,642,869
Gluten doesn't scare me like it used to.,188,32,12,232,642,28
"It has gluten, dairy, AND sugar. First bite is free.",204,44,9,257,642,679
Psssst!  Want some “hot” cakes?,204,37,12,253,642,457
"Hey, babe.  How's about some triple-layer chocolate espresso mousse 

cake with custard filling and ganache frosting?",208,29,16,253,642,541
Psst.  Wanna ‘hot’ cake?,207,31,15,253,642,2692
Made with Real Sugar...pure and uncut.,204,30,15,249,642,870
"psst, lady. I've got a Jacques Torres cake for $100, only two Weight Watchers points.",195,41,9,245,642,1698
Pssst. Gluten? I gotcher gluten here.,194,43,8,245,642,1886
Would you like to try artisanal hotcakes handmade in an alley?,193,31,13,237,642,2998
"Me too...I like your stack as well""",188,34,11,233,642,207
"Come to the dark side, we have pancakes.",185,40,8,233,642,2365
"Don't be frightened Miss, I'm just a blind guy with some pancakes.",205,44,9,258,642,397
Congratulations on finishing your cake walk!,185,33,11,229,642,2455
It’s a “pop-up” pancake.,205,37,12,254,642,1477
Could you deliver this to Sing Sing?,202,43,9,254,642,3304
"Psst, want to try some gluten?",221,42,12,275,642,765
psst... want some Sugar? High gluten white flour? Real Butter? I got them all!,185,26,14,225,642,1521
"I have it, so I can't eat it",205,30,15,250,642,1937
Business has been rough since McDonald's started selling breakfast all day.,217,50,8,275,642,2086
Psst... Can I interest you in some gluten?,217,43,11,271,642,2782
History had repeated itself with the gluten temperance movement.,196,41,9,246,642,2426
"Made from certified humane eggs, gluten free flour and pharmaceutical grade sugar. Guaranteed to give you a high that won't fail a drug test.",195,36,11,242,642,454
This is the best spot on the upper west side for alley crepes.,214,35,14,263,642,273
Come on try it. Your first one is free.,209,38,12,259,642,323
"Yeah, I got the stuff... you got the syrup?",207,42,10,259,642,933
"No, I was not calling YOU stacked.",210,36,13,259,642,1968
"Ain't no gluten free nothin in here doll, this is the good stuff.",207,42,10,259,642,2669
Psst...you ever tried gluten?,209,38,12,259,642,3404
"Hey, Miss, wanna buy some gluten?",210,29,16,255,642,1083
"The nutritionists are banging down the front door!  Please take this, you are our only hope.",205,39,11,255,642,2000
Pssst...it's cannabis cake for the holidays.,220,46,10,276,642,1039
Psst! I won't tell Weight Watchers.,183,39,8,230,642,2158
"Psst, we got carbs yo .",202,38,11,251,642,1849
"Hey lady, these are selling like hot cakes!",206,30,15,251,642,2947
"So, who's a nasty tart, eh?",207,28,16,251,642,3347
Psst    Want gluten?,219,41,12,272,642,991
It's all yours for a good online review.,222,35,15,272,642,2766
Just keep walking lady !  Nothing to see here but a creepy dude and his sweet delights .,195,45,7,247,642,904
Some people smoke on breaks; I eat pancakes.,200,35,12,247,642,2313
"Psst! Unhealthy food, twenty bucks.",200,35,12,247,642,3192
"It may be a pile of shit, Gladys, but there's a cherry on top.",201,26,16,243,642,99
"Parents, teachers, ex-wives all yelling at me ""Artie, you take the cake!"" Finally I did.",196,36,11,243,642,2691
"Sure, they're all natural ingredients.  Everything off the back of the truck is natural.",212,41,11,264,642,143
Psst... last  vegan tiramisu 'til Chelsea.,194,33,12,239,642,138
"Care for a decadent indulgence, ma'am?",188,45,6,239,642,331
"In case he doesn't get the pardon, I've baked a file in the cake.",170,37,7,214,642,3125
Psssst lady. 500 empty calories? $7.00.,188,38,9,235,642,3163
"Psst! Hey, Lady, wanna gain ten pounds?",223,42,12,277,642,2831
Just try a bite. All the kids are doing it.,216,49,8,273,642,703
Made with real sugar. You know you want a little taste.,220,41,12,273,642,1811
Psst! Interested in a ‘menage à trois’ with a double chocolate layer cake?,205,34,13,252,642,1861
After a hard day of shopping who wouldn't like a stack of  pancakes from a stranger in a doorway.,203,38,11,252,642,2612
"Psst. Over here. Flapjacks like Gramps used to make, loaded with gluten, animal fats, sugar, and a bunch of other good stuff you can’t find anymore.",203,38,11,252,642,3288
"Pssst. Wanna try some carbs and sugar?
Real white flour.",218,38,13,269,642,1553
Gentrification is really changing this neighborhood,199,39,10,248,642,612
"Pssssst......nondairy free, nongluten free, nonsugar free, vegan free, macrobiotic free, completely inorganic and God knows if there's any pesticides in it and the guilt factor, 1-10, is 18.",203,31,14,248,642,3045
Looking for a sugar high?,199,32,13,244,642,3134
Do you know which sidewalk the cafe moved to?,212,36,13,261,642,1949
I can resist everything except temptation.,212,36,13,261,642,2571
Could you hold the cake out in front of me? I can't have it and eat it too.,195,33,12,240,642,1734
Trust me. It’s a genuine Pierre Herme but since it’s not signed I’m practically giving it away!,208,37,12,257,642,90
It's a piece of cake,206,41,10,257,642,3151
"Right here, I’m a trendy pop-up. Six steps forward and it's hip curb service.",193,30,13,236,642,1974
No one wanted it because the eggs I used were not cage-free.,208,30,15,253,642,500
You panhandlers have really stepped up your game!,205,36,12,253,642,872
"Really, this is a legit pop-up. I'm Pop.",203,40,10,253,642,1583
"Pstt..miss, wanna buy some high gluten, full fat, high carb, pancakes with high fructose laced, artificially colored and flavored imitation maple syrup; topped with a sulfate preserved maraschino cherry?",209,28,16,253,642,2911
You’re stacked too Delores.,206,34,13,253,642,3055
Pssst... you look like a woman who would appreciate an epicurean Gateau de Crepe at a mere pittance of its true value.,185,32,11,228,642,881
Trust me.  This is too good to be gluten free.,213,43,10,266,642,1678
"Yo,yo,yo, I got some High Fructose Corn sweetened, Red Dye #2, Velvet Cake. Five dollars for you...",214,41,11,266,642,1709
Kellyanne! George sent this hacksaw so you can break out of the White House ...,182,38,8,228,642,2220
This is the moment the D.A.R.E. program warned me about,195,42,8,245,642,1156
"Surprise, Mom! Happy Birthday!",197,38,10,245,642,3450
The first calories are free.,212,38,12,262,642,628
"Yeah, pancakes, fresh this morning.  Ordered by a little old lady who never even lifted a fork to them.",211,40,11,262,642,2894
Ten years ago it was heroin.,210,42,10,262,642,3335
Want to get layered?,197,31,13,241,642,2990
"Pssst, free Gluten.",224,37,14,275,642,280
"With the governments ban on sugar, underground sweet dealers flourished.",223,39,13,275,642,1466
"You can have your cake and Edith, Edith.",205,38,11,254,642,4
Will work for syrup.,207,34,13,254,642,2512
Psst! 50% off with our five second rule...,219,40,12,271,642,574
Pssst…Hey lady…Wanna score some gluten?,204,33,13,250,642,1815
"If you keep it quiet, I can hook you up with a little trans fat.",199,43,8,250,642,3464
It's dusted with something that only looks like powdered sugar.,215,41,11,267,642,1505
This is on sale to make room for more inventory.,227,47,10,284,642,3322
"The crack was selling like hotcakes, so I thought I'd go right to the source.",185,34,10,229,642,1211
The first batch is free.,197,40,9,246,642,2296
Nobody ever said it would be a piece of cake now did they.,198,38,10,246,642,2621
"GMO, non-organic, artificially flavored, high fructose, BPA-laced 
and loaded with gluten — dessert the government doesn’t want you to have.",209,46,8,263,642,2096
"It was Jimmy Stewart's holiday fruitcake. Never been touched.
I can let you have it for $50.",209,46,8,263,642,2927
Pssst...Baked with gluten and high omega-6 oils,199,29,14,242,642,832
Karen doesn't have to know you broke the diet.,196,35,11,242,642,984
"Hey lady, welcome to the pancake overstock alley way! Your first time here?!",223,41,12,276,642,2715
"Hey lady, want some cakes? They're hot.",209,32,14,255,642,451
Ya' want some hot cakes?,210,30,15,255,642,1295
I can also get you some good black market syrup.,204,42,9,255,642,1686
One for the road?,202,46,7,255,642,1989
I see you hiding syruptitiously.,209,32,14,255,642,2840
International Cubicle of Pancakes,209,32,14,255,642,3235
Dad said my cooking would never see the light of day.,219,42,11,272,642,3248
It's to die for.,235,40,14,289,642,3465
"With no paper trail, I will let you have your cake and eat it too...",217,39,12,268,642,349
Pssst. In the market for some hot cakes?,205,33,13,251,642,2210
"Psst!. Lady, wanna score some carbs?",204,35,12,251,642,2680
Psst ...Cake,218,30,16,264,642,3497
Psst! The first slice is free.,198,40,9,247,642,2836
Lookin' to score some gluten?,185,36,9,230,642,1417
I have the trans fats in the van.,186,34,10,230,642,2222
It said to let it sit out for ten minutes before eating.,213,33,14,260,642,3187
I crashed your car honey.,185,29,12,226,642,590
pssst!....Genuine IHOP.,182,35,9,226,642,1445
Certainly not! What kind of woman do you think I am?,172,25,12,209,642,2108
"It's right up your alley, miss.",208,36,12,256,642,1042
Are the lumberjacks gone?,192,38,9,239,642,953
Are  you sure I'll get past the prison gate?,203,39,10,252,642,1672
"Trump Cakes lady?
I cannot lie. They're fake.",207,31,14,252,642,3019
"Thanks, you saved my ass.  They'll never know it came from the supermarket.",191,33,11,235,642,2155
Like your romance novel guys would ever do THIS!,175,35,8,218,642,3452
"Hey, lady! Wanna buy a cake, cheap? It fell off a truck...",201,36,11,248,642,376
Do I Look Like the lady who ordered panckes to go?,206,26,16,248,642,2292
"Pssst, hey lady, how's about some black market pancakes?
They're made with extra gluten, whole eggs and real butter, all drenched in sugary syrup and topped with a Maraschino cherry.",205,28,15,248,642,2878
"Chocolate cake, middle aged  lady?",229,33,16,278,642,1062
Psst! I’ve got gluten...do you want some gluten?,212,37,12,261,642,1157
I hear you're on the cake walk diet?,224,36,14,274,642,1971
Good prices. Very low overhead,221,42,11,274,642,3053
"You prefer edibles, right?",210,34,13,257,642,865
'You've been listening to that Marie Antoinette's podcast again.',230,40,13,283,642,2491
"Psst,lady! This cake has five times the federal standard for creme fraiche.",203,41,9,253,642,2317
"Pssst, wanna buy some non-gluten-free pancakes?",182,30,11,223,642,1008
"If you’re the cake boss, I’m Betty Crocker!",214,42,10,266,642,923
Psst. Calories!,193,31,12,236,642,2924
"pssst!  You lookin' for gluten, trans-fat, or the highest fructose corn syrup in town?",223,47,9,279,642,2328
Pssst...You wanna see my recipe?,198,44,7,249,642,230
Psst.  Carbohydrates here.,204,32,13,249,642,2097
Psst...Can I interest you in some carbs?,174,39,6,219,642,1772
"100 percent pure, uncut sugar.",211,41,10,262,642,3374
Looking for some sugar?,187,36,9,232,642,3034
They're called carbs. First stack is free.,224,38,13,275,642,154
"Well, it is my cheat day ....",199,35,11,245,642,3259
"Lady, you want some hot carbs?",212,32,14,258,642,1192
And I can dance and clean house !,210,36,12,258,642,2575
It's my protest against Amazon.,187,29,12,228,642,1176
Cake.  Much better odds than Tinder.,185,33,10,228,642,1889
You the one who wanted full-gluten?,183,37,8,228,642,3254
The cake is free but you lease the plate.,195,36,10,241,642,3348
"With the bad publicity Gluten is getting these days, we have to sell these on the down-low.",204,41,9,254,642,1597
"Pssst.... For the right price, you can have this, and eat it too.",201,47,6,254,642,2687
Still haven't sold it huh?,228,39,13,280,642,1195
Having failed to impress Mavis with his tasty panatone...Mario attempts the old chocolate cake with the cherry on top trick!,190,39,8,237,642,1818
I got your SOS message.,202,38,10,250,642,634
This stuff is like crack.,204,34,12,250,642,2543
Inspired by Domino's 'Hot Spots'  IHOP launches 'Alley Cakes.',214,37,12,263,642,2492
You forgot your pancakes.,186,40,7,233,642,550
"When we say 'hot cakes', we MEAN hot cakes",207,44,8,259,642,903
"Okay, lady, hand over the dough.",209,40,10,259,642,2539
"Psst, it just fell off the oven.",210,38,11,259,642,3175
"You can have your cake and eat it, too.",200,28,14,242,642,243
Would you like to support my school basketball team?,195,38,9,242,642,2111
Aren't you Mario Batali?,197,34,11,242,642,2948
"Sorry, Lady. With a torte like this, I figure I can hold out for at least a couple of tarts.",197,34,11,242,642,3392
We used to sell these on the menu before the War on Gluten began.,196,36,10,242,642,3438
Layer cake alley mode as requested.,196,29,13,238,642,2568
"Make the swap and keep walking. Any cops, we know where you live.",202,40,9,251,642,1235
"Pick a carb, any carb.",204,36,11,251,642,3446
Do I look like a birthday girl?,228,34,15,277,642,1803
"Hey lady, crepe cake àlley mode?",212,36,12,260,642,364
Wanna get baked?,212,36,12,260,642,421
"Play your cards right, and there’s a whole dessert tray waiting for you.",212,36,12,260,642,511
I wish to God that IHOP never started delivering!,212,36,12,260,642,808
...real sugar...lots of it..,212,29,15,256,642,743
"Psssstt... If you got any syrup in that bag, I'd call this destiny...",210,33,13,256,642,2117
"Psst, ya looking for some primo gluten.",208,37,11,256,642,2926
Psst!  Money first.  Then pancakes.,210,33,13,256,642,2951
Psssssssst...NOT GLUTEN FREE,205,43,8,256,642,3181
"I KNOW you work at the Times. I just think you're the one who can prove you CAN have your cake and edit, too.",223,46,9,278,642,2641
Psst...wanna buy a short stack?,217,35,13,265,642,660
"I'm generally against panhandling, but you handle that pan so well.",205,36,11,252,642,357
"""Psst...Gluten-rich!""",211,24,17,252,642,2813
The crackdown on cholesterol is pushing us into making back alley pancake deals.,192,39,8,239,642,82
Gloria. I mean it.  This is the LAST time.,177,23,13,213,642,3247
"Leave the bag, take a pancake.",224,37,13,274,642,2819
"I don't need a health inspector to tell me it's healthy. It's healthy, okay?",222,41,11,274,642,3342
I know it's almost Christmas when the alley cakes come out.,211,40,10,261,642,3164
Did you order this ?,204,31,13,248,642,3050
Pssst! Wanna pretend it's your birthday?,189,38,8,235,642,683
"Pssst.  I got good stuff, right here. I got wedding cakes, baptisms, confirmations. Whadaya need?",193,30,12,235,642,888
Try one bite. You'll be hooked.,211,33,13,257,642,603
"Yes, this seems odd, but it is the way that Carnegie Deli got started.",199,34,11,244,642,3293
Psst. We got cakes for sale no IDs or questions asked.,207,34,12,253,642,315
I've been looking for a sugar daddy!,197,31,12,240,642,2459
Just try one!  I'm training for Costco.,194,37,9,240,642,2953
"Psst, Lady. Dirty French pastries?",194,37,9,240,642,3129
Hi Mrs. Krause. I was snooping your Facebook page and saw that it was  your birthday so I figured I would make you a little something.,183,36,8,227,642,2130
"Psst. Wanna buy some carbs?""",214,36,12,262,642,1620
Kale cake.,206,29,14,249,642,1037
It's so good you'll think it's illegal—except in New Jersey.,204,33,12,249,642,3478
I know what you want. I know what you need.,192,34,10,236,642,1914
"Yeah mugging's my passion, but you gotta put food on the table somehow",212,33,13,258,642,252
What do you think you’re looking at?,209,39,10,258,642,2842
"Hey lady, you wanna buy some hot pastry?",210,37,11,258,642,3004
"Nice, but it was yesterday.",200,34,11,245,642,2188
It's gluten-freebase.,201,32,12,245,642,2993
"Psst! Full gluten flapjacks, made with the full complement of trans-fats and lard. Twenty bucks.",216,41,10,267,642,1215
"Lady, when you borrow a cup of flour from the Cake Boss you need to honor your debt.",216,41,10,267,642,2917
Cherry for your thoughts?,217,39,11,267,642,3295
The boss says he wishes your husband a happy last birthday- and to forget what he owes.,198,31,12,241,642,2024
Pssst... just one bite... Weight Watchers won't know.,196,35,10,241,642,2483
"OK lady, hand over the frosting and nobody gets hurt.",196,35,10,241,642,2809
Is it Kosher?,198,31,12,241,642,2896
I won't tell if you won't.,241,46,11,298,642,3494
Pancakes alley fresco?,215,36,12,263,642,1659
"Gluten-free? Sure, whatever. They're gluten-free.",203,37,10,250,642,1408
They're uncut.,204,35,11,250,642,2334
Dark alley chocolate cake ma’am?,202,39,9,250,642,3213
"Because they're sellin' like three-day-old fish, that's why.",221,40,11,272,642,1
"Yeah, they’re hot and they’re loaded with genuine gluten",194,32,11,237,642,1739
Pssst -- Wanna buy a hot cake?,213,33,13,259,642,108
I made a waffle you can't refuse.,214,31,14,259,642,2861
Your money or my cake.,213,33,13,259,642,3338
These cheap knock-offs are every bit as good as the name brands.,194,41,7,242,642,1725
"Psst...that New Year's resolution you made says ""Hello.""",197,35,10,242,642,2289
Chocolate cake emerging from a dark alley? Did I just stumble into the pages of a Kafka novel?,207,31,13,251,642,1080
"Psst, Lady…looking for some gluten?",206,33,12,251,642,1629
Cake?  This is artisan slow baked sponge layers with drizzled glaçage,203,39,9,251,642,2051
"Rolex watch?, Louis Vuitton handbag?..  gluten free cake?",211,39,10,260,642,591
"Gluten, carbs, syrup. Whatcha need?",211,39,10,260,642,641
"2000 carbs, 2000 carbs - you know you wann’em, you know you wann’em...",215,31,14,260,642,1670
Psst...fancy some gluten?,205,28,14,247,642,3114
"Happy Pancake Day!  It just creped up on us.""",227,39,12,278,642,1484
"I’m a pop up restaurant, wanna try my special?",209,36,11,256,642,110
"It's Pop Up Pancake Tuesday.""",191,33,10,234,642,536
"It's a hot cake, not hotcakes.",224,38,12,274,642,1200
Support your local bakery pimp.,224,38,12,274,642,3271
"How about it, sis? A full calorie torte with all the GMOs, saturated fats, and gluten you've been longing for.",183,26,12,221,642,1118
"Yeah, it's filled with sugar, gluten oozing from every pore and primo GMO wheat.  You want it or not?",190,28,12,230,642,141
"If you are planning to seduce me with cake, keep in mind I just visited the candle stick maker.",215,33,13,261,642,2590
"Psst!..Hey Lady, Looking for some Cannabis edibles?",212,39,10,261,642,3084
Can I interest you in a black market black velvet cake?”,204,32,12,248,642,270
"Hey lady, want some angel dust cake?",202,36,10,248,642,456
"Pssst.. I got transfats... The good stuff... C'mon, try some... All the cool kids are doing it...  Lemme hook you up...",201,38,9,248,642,1919
"Would you, Sally, eat gluten in an alley?",207,26,15,248,642,3299
"Trust me, they sell like hotcakes",193,31,11,235,642,772
The manager felt this surprise birthday cake would make up for   the fact that he's laying you off.,228,32,15,275,642,833
I USED TO BEG HERE.  JUST PAYING IT FORWARD.,228,32,15,275,642,1149
"Psst, welcome to the Speakeasy Bakery.  This is our illicit upside down cake. 
We call it the Trump.",211,27,15,253,642,1641
I used to sell watches.,203,43,7,253,642,2120
I got pie in the back.,203,43,7,253,642,3231
"No really, gimme a couple seconds and I change the name on it.",213,39,10,262,642,259
"A short stack in nice George, but it is not alimony.",221,23,18,262,642,1280
Think flapjacks are hard to get now... just wait till after the tariffs hit.,220,41,10,271,642,2408
"Hey babe, wanna score some hotcakes?",199,28,13,240,642,1104
Today’s specials are alley cakes and trash browns.,199,28,13,240,642,3310
"Psst... if you're looking for work, I can show you how to make stacks of dough.",204,34,11,249,642,974
Wanna buy some gluten?,192,35,9,236,642,2035
Of course it’s not addictive; it goes straight to your thighs.,210,31,13,254,642,160
"OK, I'll say it...pretty please, with a cherry on top.",210,31,13,254,642,1027
"Psst!  Hey lady, sugar and gluten, the new contraband.",210,47,6,263,642,1309
Something from our most recent patisserie heist?,215,37,11,263,642,1558
"So, you’re saying I can have and eat it too!",215,37,11,263,642,1751
No one leaves without dessert.,215,37,11,263,642,3262
Pssst. Full of gluten.,204,36,10,250,642,220
"I try to eat healthy, but the odds are really just stacked up against me.",183,23,13,219,642,1224
"For you honey, first taste is free.",205,27,14,246,642,369
Forget keto lady eat the damn pancakes,209,35,11,255,642,401
"Sure they're hot-cakes, but they ain't stolen... they fell of the back of a truck",189,36,8,233,642,714
"Psst, lady. First one's free.",195,24,14,233,642,3106
It's time for emotional eating somewhere.,196,38,8,242,642,453
"Flapjacks, waffles, whipped cream, extra pats of butter...you need it, I got it....",205,36,10,251,642,368
"Hey- full carbs, extra gluten...good price.",203,40,8,251,642,1155
Yea they have gluten. And peanuts too.,205,36,10,251,642,1843
Welcome to AlleyKakes. Care for a free sample?,205,36,10,251,642,2486
Welcome to Dine and Dash.,207,32,12,251,642,2713
Psst...this new stuff I got hits twice as hard as Ambien.,188,31,10,229,642,485
Psst...wanna make some quick dough?,186,35,8,229,642,3499
Real butter...,192,39,7,238,642,261
I swear I'm a contestant on Top Alley Chef.,192,39,7,238,642,1631
Spare some change for Pure Maple Syrup?,195,33,10,238,642,2956
Alley cakes.,202,35,10,247,642,518
We have to stop meeting like this!,212,31,13,256,642,240
Psst! Wanna buy some pancakes with extra gluten?,221,29,15,265,642,959
How ‘bout a picnic while the firemen finish up in the kitchen?,218,35,12,265,642,2299
Psst ... I gotch ya carbs right. I gotch ya gluten. Jus the ting.,223,41,10,274,642,2190
"Hey, wanna come up and see my icings?",223,41,10,274,642,2683
How much for just the cherry?,232,48,8,288,642,1266
Gentrification lurks behind every corner of a once charming neighborhood.,186,28,11,225,642,1424
May I offer you today’s suggestion for your gratitude journal?,193,30,11,234,642,2341
Pssst. Make a wish.,207,34,11,252,642,2362
"Gluten free fruitcake is a nutty nightmare, Fred, you can't even give it away.",192,32,10,234,642,2779
Could you spare a spork?,215,34,12,261,642,3276
Psst!  Sugar free.  Gluten free.  Guilt free.  Last one.,203,26,14,243,642,3305
Psst...wanna buy some stack?,234,37,13,284,642,3013
It's very dark chocolate cake!,209,39,9,257,642,440
Our morning special. Compliments of the missed pick up.,210,37,10,257,642,829
Psst. This is the real deal.  Last one.  They're not making them anymore.  Let's do this.,208,41,8,257,642,2157
Carbs?,203,35,10,248,642,694
Psst...want some prime gluten?,206,29,13,248,642,2914
The first taste is free.,194,37,8,239,642,71
Patty?  Patty Cake?,191,27,12,230,642,1657
Consider this a warning.  Next time... it won’t be gluten free.,226,30,15,271,642,3118
These pancakes were sent back by Mr.Clooney. Still hot. Ten bucks.,219,28,15,262,642,2132
Counterfeit only in the sense that it fits on the counter.,216,34,12,262,642,2282
I told you it would be a cake walk.,213,40,9,262,642,3502
Happy bertday to youse.,208,34,11,253,642,1213
What's it cut with?,209,32,12,253,642,2065
I made you a fritter you can’t refuse.,204,26,14,244,642,567
"Psst, it has extra gluten.",201,32,11,244,642,1863
Lady want some carbs ?,195,28,12,235,642,802
"Psst, Lady. Get your genuine Christmas Cake before the politicians force me to call it a 'holiday baked good.'",195,28,12,235,642,809
How was my day? “It was a piece of cake”,218,39,10,267,642,2677
"Psst, they lady, Make America Bake Again!",212,35,11,258,642,1396
"Psst. Hey ya jonesin' for some wheat flour, niacin, iron, thiamin mononitrate, riboflavin, folic acid, partially hydrogenated soybean oil, baking soda, sodium aluminum phosphate, monocalcium phosphate, dextrose, salt, and maple syrup?",211,37,10,258,642,1447
Can you take this bombe to the bakery next door?,209,25,15,249,642,2355
Flapjacks. Real Gluten.  Whatcha want? I got what you need. Check it out.,187,37,7,231,642,1011
"Those shoes give you away,inspector.  I got nothing to sell.",190,31,10,231,642,1581
Bite me,187,21,14,222,642,1924
Gnosh on ganache?,213,26,15,254,642,3317
Hot? No! These fell off the back of a truck.,207,38,9,254,642,3379
I’m afraid of my kids growing up in a neighborhood where gluten is sold on the streets,200,36,9,245,642,1227
"The breakfast is complimentary,
the room is gonna cost you.",197,26,13,236,642,1826
Hot cakes.,228,37,12,277,642,79
"You like gluten, Lady?  I got your gluten right here.",211,39,9,259,642,372
Looks like this batch isn’t selling like hotcakes.,210,41,8,259,642,1909
Psst...pssst. You know you want some....and it's NOT gluten free,208,29,13,250,642,2009
"Spare syrup, Ma'am?",205,35,10,250,642,2496
"C'mon, you know you want it...the first one's gluten free.",193,27,12,232,642,2023
"Pssst..hey lady, you wanna buy an all-natural torte made with real sugar, butter, milk and eggs?",218,34,12,264,642,77
"Last trans fat dish in existence, you interested?",218,34,12,264,642,2804
"Oh, another pop-up deli!",209,36,10,255,642,339
"You know you can get a store here, this is Colorado.",226,43,9,278,642,2976
Don't tell the chef but it's hot.,219,41,9,269,642,1265
Pssst! Ivankaka's Let Them Eat Cake! Comes with our Get out of Jail Free File!,206,35,10,251,642,1885
Did you bring the maple syrup?,190,35,8,233,642,3330
"Now that abortions have moved out of back alleys, I’ve set up a chain of micro bakeries.",217,38,10,265,642,2200
"Psst...guaranteed straight to your hips, lady.",182,35,7,224,642,954
Genie said you got one more wish after this.,208,40,8,256,642,2822
There are fewer calories if you take it to go.,203,34,10,247,642,787
They also have the added cachet of being illicit.,204,32,11,247,642,1202
"Eh! You looking? Fabulous fat, real stuff!",201,38,8,247,642,2783
Money for Food?,176,31,8,215,642,2673
"Psssst, lady, check out these hotcakes...I mean pancakes.",223,35,12,270,642,414
Gluten.  Get your gluten here.,221,39,10,270,642,3107
No one will ever know except you and me - and your scale of course...,192,40,6,238,642,2437
Amazon is getting very good,214,37,10,261,642,1526
"Uh, sure. Of course it's keto.",188,32,9,229,642,2308
It may seen strange but I preferred the pre-Guilliani New York,206,37,9,252,642,1536
Anne was at a crossroads and unable to pass on the brunch most traveled by.,210,29,13,252,642,3174
"Pssstttt.....!  Hey, lady! Have I got a deal for you!  This is the last gluten-loaded cake in New York City.",200,33,10,243,642,1172
"Here, one dollar and you can have your cake and eat it too.",203,27,13,243,642,1707
Would you be interested in supporting the Creep Scouts?,198,37,8,243,642,2495
Psst! I got a deal for you on some beautiful barely used pancakes.,215,44,7,266,642,1736
Can I interest you in something sinful?,211,36,10,257,642,223
I'll have the bottom one to go.,210,38,9,257,642,3327
It’s the good stuff. You interested?,213,32,12,257,642,3383
"Please.  He needs a good home, with a gluten-intolerant family.",230,39,11,280,642,978
They're addictive because I lace them with butter.,205,32,11,248,642,1491
This is the good stuff. It's got the gluten.,225,33,13,271,642,309
What's the point if I can't eat it too?,229,25,17,271,642,1714
"I offer this cake, but not in a sexual way.",222,39,10,271,642,2244
"Hey, you want some of this stuff?? It's selling like hot cakes!",200,26,13,239,642,1753
"A new Lexus, a Caribbean cruise, or door three. Just my luck,” thinks Reba.",222,23,17,262,642,2903
"Black market carbohydrates?""",228,36,12,276,642,1283
It’s a cakewalk,204,43,6,253,642,1671
Ten bucks takes the cake.,206,39,8,253,642,2083
Come on in and get layered,209,33,11,253,642,3323
Secret delivery for Mr. Atkins.,229,34,13,276,642,3454
Psst. Gluten-free.,185,24,12,221,642,131
"Pop-up pancake, lady?",209,42,7,258,642,885
The only place you can get waffles without the chicken.,195,29,11,235,642,1231
Psst. This never happened.,190,39,6,235,642,3432
Your last chance.  Presidential order making desserts available only in his hotels goes into effect at midnight.,210,24,15,249,642,460
"Pssst, wanna eat between meals?",204,36,9,249,642,2285
Pssst. Made with eggs from caged chickens.,219,31,13,263,642,3190
"Psst, hey lady, I got hot, 100% pure gluten cake. No one has to know",198,32,10,240,642,1602
"If we combine forces, it will be a cakewalk.",195,38,7,240,642,3216
Hey lady; I got your seven layers here.,210,33,11,254,642,2175
"It looks nice but the answer is still ""No"".",209,35,10,254,642,2849
I put love in it.,219,40,9,268,642,2747
I told you:  I hate surprise parties,202,33,10,245,642,2125
Did you bring the syrup?,210,42,7,259,642,189
"Hey, wanna get baked""",217,28,14,259,642,2457
"They're organic, gluten free, non GMO, free range, cooked by a documented citizen from his grandmas recipe.  If you act now I'll throw in a Rolex.",186,24,12,222,642,2490
Psst! First slice is free.,212,38,9,259,642,2739
This ain't no angel food cake.,226,35,12,273,642,1439
"Hey, lady! First stack's free.",192,37,7,236,642,14
Psst! It's hot.,196,29,11,236,642,782
"Pssst....Hey lady, need a quick Gluten fix?",194,33,9,236,642,3303
Care to try my marijuana pancakes?,198,25,13,236,642,3417
"Small stack, sweet cakes?",211,24,15,250,642,552
"Ma'am, no one has to know about your gluten hit.",201,28,12,241,642,2314
Dessert mugging. It's a thing now.,197,36,8,241,642,2656
"Excuse me, do you have a few moment to talk about our Lord, our savior?",213,29,13,255,642,2026
It's called The Hole-In-The-Wall.,210,35,10,255,642,2294
Wanna make a wish?,222,36,11,269,642,73
Comrade...cake from White House.  No questions.,188,38,6,232,642,3261
Can I interest you in some edibles?,203,33,10,246,642,125
"Why is there a cherry atop this birthday cake? Because I'm a butcher and a baker, but nothing more.",204,31,11,246,642,1012
"Can I eat it, too?",203,33,10,246,642,1712
We meet again...,204,31,11,246,642,2075
Psst. Hey you. The first stack is free...,214,45,6,265,642,114
New York bans sugar,241,41,11,293,642,1827
This is the last non-pot cake left in Colorado.,202,28,12,242,642,519
Psst - got some pure gluten here,198,36,8,242,642,912
The recession led to an epidemic of unemployed pancakehandlers,209,39,8,256,642,928
One little piece won't hurt.,213,31,12,256,642,3160
"Hey, lady, ya got any dough?",170,26,9,205,642,2361
"I'm standing in an alley.  I have food on a platter.
The new normal.",224,43,8,275,642,1107
Pssst ... these babies got extra gluten in 'em.,232,27,16,275,642,1700
"Pssst, want some real food?",208,34,10,252,642,1013
Psst! Hey lady I got some hot cakes here.,208,34,10,252,642,2079
Please don’t tell me this is the stack of work you needed to complete.,216,43,7,266,642,2996
Today's special: Black Forest on the Black Market.,206,38,8,252,642,3302
The gluten-free craze forced us to downsize.,209,41,7,257,642,2264
Leave  the groceries. Take the canoli.,212,35,10,257,642,2674
Would Madame perchance be interested in a deal on a lightly traveled Poire Belle Helene?,218,32,12,262,642,947
Psstt......hey lady.... I got the pancakes  .....the good stuff made with real flour....and butter from a cow.... ten bucks for the stack....,194,30,10,234,642,1434
"Hey Lady, wanna try this giant brownie I got in Canada?”",193,32,9,234,642,2987
"Lady. High-fructose corn syrup, high gluten, trans-fats.",192,34,8,234,642,3250
"My boss said to throw it out because I sneezed on it. Take it, it's free.",236,30,15,281,642,529
They repossessed my truck.,211,30,12,253,642,314
"Listen to your stomach, not your gut.",207,38,8,253,642,1246
"Sorry, I’m more of a pie person.",198,31,10,239,642,1216
I'm just trying to stay out of the Butterworth / Jemima turf war.,216,29,13,258,642,1427
Trump Cakes here! They're the best cakes you've ever had.,202,32,10,244,642,429
Allison? Welcome to Back Alley cakes! I can box it quickly to hide the shame.,200,36,8,244,642,997
Psst . . . I got yer just deserts,202,32,10,244,642,2241
Ben held his cake for hours in the alleyway to make himself tough enough to get on The Great British Bake Off,216,38,9,263,642,2284
I can give you a better deal than the diner across the street.,200,45,4,249,642,2303
"Of course, it’s not candy. You’re a big girl, now.",203,39,7,249,642,2356
Gluten-free and tasteless too,197,26,12,235,642,1116
It's the hidden carbs that get you.,195,30,10,235,642,2383
Big Sal sends three layers of thanks.,220,39,9,268,642,3225
It's got twice the gluten and none of the guilt.,212,30,12,254,642,23
"I didn't say a word, I am just showing it to you.",209,36,9,254,642,1281
"Don't go to the backstreets, there's a risk of getting battered",196,37,7,240,642,724
We're trying to cut back on plastic bags and deliverymen.,200,29,11,240,642,3080
"Who the hell are you, Marie Antoinette?",215,33,11,259,642,235
Only takes one bite to turn a bad day into a cheat day.,214,35,10,259,642,555
I didn't have other women here while you were gone; I just thought it would be nice to have breakfast in the doorway for a change,213,37,9,259,642,1548
Psst. Half the price and tastes just like the real thing.,207,33,10,250,642,621
P'sssst!   90% cacao!,205,37,8,250,642,2027
Hey lady! Can you drop This at the prison for me.,208,31,11,250,642,2056
You look like somebody who could use a pick-me-up.,220,41,8,269,642,853
"Don't worry, I'm not a cereal killer.",224,33,12,269,642,1897
Does Costco know about the size of your sample?,195,32,9,236,642,1425
It's a little stronger than rum raisin.,192,38,6,236,642,1970
"Psst, gluten? sugar? fat?",211,34,10,255,642,1005
"Pssst - I got high fructose, high fructose, the good stuff, right here",209,38,8,255,642,1846
I’ll give you the first slice for free.,209,38,8,255,642,2523
"I can let you have these hotcakes cheap, lady. They're just not selling.",199,33,9,241,642,2689
I covered the gluten in chocolate to hide it.  Want a fix?,201,29,11,241,642,2723
"Pssst, wanna buy a hot stack of pancakes?",232,35,12,279,642,265
"Psst, Maam.  Good price.  Take it home.  Your husband will never know you didn't make it.",205,30,11,246,642,547
"You know, you don't need both kidneys to enjoy good pancakes",207,26,13,246,642,1462
"Men see me as ""The old geezer that lives alone,"" but women say, ""He's weird, but he makes good waffles!""",204,32,10,246,642,2280
Careful lady... these cakes are hot.,201,38,7,246,642,3386
"Pssst! Hey lady, pumpkin spice latkes to go?",221,32,12,265,642,1159
"Yeah, it's that addictive.",219,36,10,265,642,1778
"How you doin', hotcakes?",221,32,12,265,642,2336
I got the stack of dough if you got the goods.,191,33,8,232,642,1916
Got a knife?,191,33,8,232,642,2581
"Reefer cake, got reefer cake.",205,39,7,251,642,3380
I'm beginning to think Amazon food delivery sent me to the wrong address.,194,36,7,237,642,3086
It won't kill you. It's just a carb.,211,36,9,256,642,1473
Pssstt.... it’s full dairy and sugar!,214,30,12,256,642,1760
"I assume you're not an authorized medicinal gluten dispensary.""",210,38,8,256,642,2099
"Hey, baby, I got your gluten free empty calories right here.",213,32,11,256,642,3358
"Psst, ay lady, You trynna buy some cake???",198,37,7,242,642,1102
"It's uncut, so be careful.",207,28,12,247,642,816
Unfitbit?,205,32,10,247,642,1532
PST!  It contains gluten.,190,28,10,228,642,1663
"Hot, fresh and locally sourced...",205,32,10,247,642,2008
I'm not interested in your apologies!,206,30,11,247,642,2121
"And you can eat it, too.",203,36,8,247,642,2885
I've got pot brownies and griddle cakes.,203,45,4,252,642,360
Would you do it for four pancakes?,209,33,10,252,642,3369
This stuff is pure - no stevia.,196,25,12,233,642,3475
Middle age was creeping up on Sue.,233,28,15,276,642,199
HAPPY BIRTHDAY,213,34,10,257,642,42
Are you a cop? You have to tell me if you're a cop.,213,34,10,257,642,745
Psst!  Wanna cheat on your low carbs?,212,36,9,257,642,1443
"Hey lady, interested in some gluten-laced pancakes?",197,32,9,238,642,3241
The top one's free.,231,41,9,281,642,2101
Of course it's pure. Take it. The first one's ALWAYS free.,195,45,3,243,642,269
"Psst. Hey, tariff free whole wheat from Canada. $20 a flapjack.",200,35,8,243,642,682
"If you've got the dough, I've got the stuff.",203,29,11,243,642,3382
"Pssst, tort with Saigon Cinnamon. Organic. Not that wack shit.",220,38,9,267,642,1508
"It's fair trade, I promise",221,36,10,267,642,1549
"Happy holi, errr, happy Chr, Rama, Happy Hanak, Me Two, Mueller....... Free cake.",204,36,8,248,642,2112
"Psssst!   How you feel about a little Carb Cheat day, eh?",203,38,7,248,642,2325
"Hey, want some gluten?",193,24,12,229,642,2929
"Psst, are you the one who's looking for a high-gluten cake?",211,31,11,253,642,3266
"I knew you'd be back.  Once a short stacker, always a short stacker.",193,33,8,234,642,409
"Psssst!
Gluten Free...",230,36,11,277,642,3229
"Kate you can have my cake, and Edith too.",216,30,12,258,642,483
Is it hot?,213,36,9,258,642,1902
Psst. This stuff is almost pure gluten.,232,41,9,282,642,652
"Sugar? Fat? Gluten?""",197,34,8,239,642,20
Pssst!  Got syrup?,217,37,9,263,642,930
Psst. I'm conducting a survey. Can you taste the marijuana I hid in these pancakes?,200,37,7,244,642,2409
"Sister, can you spare a lime?",206,34,9,249,642,576
I'm a tariff baker. Yesterday there were four.,204,38,7,249,642,1560
"'yo, got some pure GMO here.'",205,36,8,249,642,2115
"Hey babe, how 'bout a piece?",209,28,12,249,642,2300
"OK, OK. Is it eat my cake and have it too, or have my cake and eat it too?",246,40,11,297,642,231
"Pssst!  Come on, Lady.  Nothing says Christmas like a rum cake.",189,34,7,230,642,678
"Hey miss, how 'bout a little alley cake?",209,37,8,254,642,1165
"You, really, take the cake!",210,35,9,254,642,1342
Is that cherry on top because you're glad to see me?,232,34,12,278,642,2192
"Hey, I got some carbs here...you interested ?",212,40,7,259,642,35
Pssst. Tariff-free french cake.,219,35,10,264,642,893
Wanna buy some magic pancakes?  You plant 'em and they'll grow an IHOP!,205,29,11,245,642,1542
"I got, untraceable gluten.",207,34,9,250,642,2635
pssst...tall stack,187,31,8,226,642,49
Pssst! You wanna party?,231,38,10,279,642,1398
"Sweet deal, lady.",190,34,7,231,642,3355
"Hey lady, got any spare syrup?",215,36,9,260,642,2225
"No thank you, I don't eat at Pop Ups.",217,32,11,260,642,2949
I'll give you the first one for free.,196,31,9,236,642,2293
Step back in the alley. No sales tax.,242,34,13,289,642,3023
"It hasn't been the same since ""IHOB""",219,37,9,265,642,119
"The world seems so depressing right now, so I made some waffles.",203,26,12,241,642,437
It fell off the back of a truck.,204,33,9,246,642,412
Need a pickmeup?  First taste is free.,207,27,12,246,642,2881
My wife told me to “hit the road flapjack.”,215,29,12,256,642,2517
When Banksy said the best art is done in alleys I'm guessing he didn't mean culinary art...,209,41,6,256,642,3405
"Psst, buck a calorie, two grand for the whole thing.",219,30,12,261,642,1233
You can have it cheap.  It fell off a truck.,215,38,8,261,642,1593
You forgot dessert.,213,42,6,261,642,2414
I am SO lost.,223,31,12,266,642,2716
"Psst...Lady:  Pancakes, GUARANTEED no calories at all!",198,29,10,237,642,2564
"Hissst! All yours! Perfect for singles! Gluten free, guilt free, glutton free, sugar free, egg free, dairy free, alcohol free, calorie free, fat free, chemical free, expectation free, sin free, not free. Pass over your cash and keep walking.",223,40,8,271,642,175
Pssst..Lady! Want some nice tasty carbs?,224,38,9,271,642,408
Massive layoffs  at the Cheesecake Factories...all the baking jobs are going overseas.,223,40,8,271,642,1369
"Psssssssst, Lady . . . know anybody in the joint could use a file?",226,34,11,271,642,1630
Judge Kavanaugh in DC switches his M.O.,203,28,11,242,642,3117
"Excuse me Sir, I'm looking for Pancake Alley Bar and Grill.",202,39,6,247,642,642
"Psst, hey kid - ever try a gluten high?",207,29,11,247,642,648
Psst...this baby has all the fat and extra gluten.,236,32,13,281,642,378
It's from da Betty Crocker Crookbook.,208,36,8,252,642,1575
Are you a cop?,238,37,11,286,642,619
Police surveillance of my established street corner spot recently became a problem. There's a nice Rolex inside.,214,33,10,257,642,2921
special deal on 100% gluten,211,39,7,257,642,2986
I also have black-market large soda cups.,218,34,10,262,642,1524
Pssst! I've got gluten?,220,30,12,262,642,2062
I've seen this cake scam before.,217,36,9,262,642,3178
We're hoping to have the syrup smuggling up and running before the inevitable war with Canada.,218,34,10,262,642,3221
"Hey little lady, the first one's free.",193,32,8,233,642,97
It's not fruit cake.,195,28,10,233,642,731
I call it date bait.,224,40,8,272,642,15
Pssst. . . .you can pass this off as your own.,223,42,7,272,642,1056
"Breakfast is only $1.99, but the memories are priceless.",203,30,10,243,642,423
You got anything else back there? I'm not really doing gluten this week.,203,30,10,243,642,1381
I'd like to add you to my LinkedIn network,206,33,9,248,642,215
Pancakes are the gateway breakfast sweets,205,35,8,248,642,2497
"Psst, I got that gluten. Hundred percent uncut flower, not that fake spelt stuff.",211,23,14,248,642,3292
Psst...Made with 100% real butter!,206,33,9,248,642,3315
Free gluten?,205,35,8,248,642,3321
Flapjacks for Wifi,211,32,10,253,642,1798
You a critic? You gotta tell me if you're a critic.,219,34,10,263,642,463
' Have you tried Death by Chocolate?,221,30,12,263,642,2829
Here’s the backorder you requested.,217,38,8,263,642,3291
"Please, it's all I've got after the IHOb rebrand.",192,27,10,229,642,944
"Psst, 100% gluten",223,35,10,268,642,2250
"You can have this cake, but I wouldn't eat it too.",226,29,13,268,642,3285
"It's made with the finest grade, 100% pure, Colombian cocoa",230,30,13,273,642,50
Free samples - only $8.50.,228,34,11,273,642,1497
Give me your purse and no one gets force-fed gluten,196,28,10,234,642,1565
Give me your money or the cake gets it!,196,28,10,234,642,2514
"Well, I figured everyone loves hole-in-the-wall restaurants, so why not target the dessert crowd?",201,27,11,239,642,2722
The first bite's free...,233,42,8,283,642,1022
You naughty man!,206,26,12,244,642,203
"The butcher, in the alley, with the full stack of pancakes.",204,30,10,244,642,1128
Psst! Want a half-price “It’s a boy!” gender reveal carrot cake?,204,30,10,244,642,1504
"Honey, You haven't lived until you have tried these panhandled pancakes.",201,36,7,244,642,2451
"You forgot to finish your pancakes, ma'am. We have a no food left on plates policy at the diner.",206,26,12,244,642,3025
"Pssst, I've got a nice little knock off Martha Stewart cake here, half  price.",208,40,6,254,642,1787
My profile SAID ‘of independent means’.,216,24,14,254,642,3255
Special offer on state secrets and Russian honey cake...,213,39,7,259,642,3340
It's devil's food cake. We have to sell it on the sly.,230,32,12,274,642,2454
"Just got a stash of pure carbs, straight from the heartland.",192,29,9,230,642,1238
Baking supplies? Two alleys down.,189,35,6,230,642,3000
Psst!  You want a piece of it?,233,35,11,279,642,2272
"You can trust me. It's exactly like the cake you'd get inside, but only half the calories.",193,36,6,235,642,133
"Pst. Lady, you wanna buy a non-gluton-free cake?",195,32,8,235,642,1520
"""OK, lady.  Here's the cake you ordered""
""Shh!  Not so loud.  Here comes my Weight Watchers leader.  Meet me around back"".",195,32,8,235,642,1814
"Oddly enough, some nut job she met in an alley was to blame for Susan becoming a fruitcake junkie.",194,34,7,235,642,1858
"Helen, I've got hot pancakes, dripping with butter and syrup just for you. I'll never tell your husband you broke your diet if you don't tell my wife I love to cook when she's not home.",236,38,10,284,642,332
Welcome to the Extra-Dimensional House of Pancakes.,199,33,8,240,642,874
This city has a real pan-cake-handling problem.,238,43,8,289,642,1307
Don't mind me - I'm waiting to surprise the birthday girl,205,30,10,245,642,875
I need feedback.,205,30,10,245,642,1449
"This here is gluten-full, all trans-fat, and 100% high fructose corn syrup. The first taste is free.",206,28,11,245,642,2073
Back street baker during the gluten free apocalypse,201,38,6,245,642,2498
No. 3 of the Stations of the Crosstown commute,208,33,9,250,642,1646
"Psst, pure Jamaican uncut carbs.",202,45,3,250,642,2283
"Don’t crepe out on me now, Suzette! You can’t es-crepe your gluten-ous ways forever.",208,33,9,250,642,2732
Fruitcake!,214,30,11,255,642,322
Hey. Wanna have your cake and eat it too?,214,30,11,255,642,708
Turning 50 really creeps up on you.,217,33,10,260,642,268
"Gluten? So who wants to know, lady?",218,31,11,260,642,1933
Wanna get stacked tonight?,218,31,11,260,642,3001
I like big Bundts,219,38,8,265,642,668
Psst! Lotsa gluten here!,221,34,10,265,642,1664
"Hey, how about $5 for this cake?  It was originally intended to celebrate President Trump receiving a Humanitarian of the Year award.",197,30,9,236,642,2625
Psssssst.......Calories!,199,35,7,241,642,1685
"Psst, it's not gluten free.",202,38,6,246,642,228
Are your cakes baked in a nut free facility?,206,30,10,246,642,1331
It needs a good home.,208,35,8,251,642,356
"You don’t need to be gluten-free, Martha.",208,35,8,251,642,2899
Pssst interested in some hot cakes?,221,27,13,261,642,958
What kind of cherry? How far did it comes from? Is it organic?,221,27,13,261,642,1841
Psssst. Can I interest you in a little Grade A gluten?,223,32,11,266,642,2221
We ran out of buildings to gentrify.,225,37,9,271,642,741
Have you seen the movie American Pie?,226,35,10,271,642,2194
Welcome to flapjack alley.,232,32,12,276,642,821
Hey Lady!  Want a bite of the big Apple?,235,35,11,281,642,2883
"I run a pop up food cart, but the cart’s in the shop today.",191,35,6,232,642,336
Give me all your syrup and we’ll both be on our way,192,33,7,232,642,3052
This chocolate is to diabetes for.,195,36,6,237,642,1251
Last pumpkin spice in town.,202,31,9,242,642,2661
Gay cake. Gay cake.,203,29,10,242,642,2743
Do you have any syrup?,210,33,9,252,642,1415
Welcome to food alley where all your taste fantasies come true.,214,34,9,257,642,1298
All the cool kids are ditching Keto.,224,32,11,267,642,2275
"No Thanks, I don't like cherries.",235,28,14,277,642,3496
I don’t believe in sample sizes.,182,37,4,223,642,2726
Nice cakes...,190,30,8,228,642,1459
"Shopping for three-layer cake with a strawberry on top? Well, you've found the right place.",198,32,8,238,642,1261
"Here you go, lady. You can have your cake and eat it, too.",198,32,8,238,642,2668
If you want syrup you need to go to the other side of the block.,209,37,7,253,642,2346
"It may seem crêpey, but it stacks up.",223,27,13,263,642,1506
"Mom's Breakfast is Beta-testing our new slogan:  ""Cut us some slack and we'll serve you a stack.""",193,26,10,229,642,1636
Just fell off a truck and gluten free too.,201,28,10,239,642,1219
"Pssst! I'm out of Rolexes, but can I interest you in some Cartier flapjacks?",197,36,6,239,642,1708
"Psst...want some Red Velvet, doll?",202,26,11,239,642,2063
"Hey, sweetcakes.",206,36,7,249,642,494
"That ain’t gonna do it, Buddy.",211,26,12,249,642,1051
Psst... hey lady... interested in some hot cakes?,209,30,10,249,642,3083
"No calories, vegan, gluten free, and it comes with Chris Hemsworth. It’ll just set you back one soul.",214,29,11,254,642,162
Hey - gotta birthday you wanna ruin?,209,39,6,254,642,3059
"Hey lady, interested in a tariff-free cake?",217,32,10,259,642,1328
Cake and Edith,220,26,13,259,642,2207
"They said, 'Gluten free pancakes.' I'm setting 'em free.",226,32,11,269,642,1244
It’s my cheat day.,231,31,12,274,642,417
"Pure butter, lady.  Primo!",203,35,7,245,642,86
Wanna see some REAL cheesecake?”*,199,34,7,240,642,299
"Oh, it's that old 'free gingerbread' trick again, is it?",222,24,14,260,642,386
"If you're looking for something in chocolate, a batch of knock-off muffins will be ready in an hour.",213,33,9,255,642,725
....and loaded with gluten.....,205,31,9,245,642,768
"Or, if you'd rather, I've got a lovely assortment of day-old butter tarts in alley number 2, just around the corner.",180,36,4,220,642,848
The Short Stack epidemic has hit the street.,219,39,7,265,642,1034
Lady this is primo gluten...Nothing synthetic.,210,30,10,250,642,1142
Here's something for you to confess at OA.,203,35,7,245,642,1258
On Facebook you said you were looking for a cakewalk.,200,32,8,240,642,2060
"Pssst, real Acapulco velvet.",211,37,7,255,642,2219
"And if you don't like blueberry, I've got plenty others in the back.",226,34,10,270,642,2238
Come on. All the cool moms are eating it.,200,23,12,235,642,2416
"Don’t let people tell you that you don’t deserve it, ma’am.",204,33,8,245,642,2773
It's naughty but nice--90 calories per slice.,197,29,9,235,642,2793
You’re really willing to throw it all away for some gluten?,202,28,10,240,642,2824
Interested in some hot cakes?,207,27,11,245,642,2957
Your secret admirer sends you a gift of pancakes.,204,33,8,245,642,3006
First ones' free!,219,32,10,261,642,26
"Denial cake? Made with red-tide extract, frack waste water, meat from 4 endangered species, and wildfire smoke.""",219,32,10,261,642,1661
I have an offer you can’t refuse.,217,27,12,256,642,1271
Psst...extra sugar and gluten served on the down low.,214,33,9,256,642,2142
"Psst -- last year's fruit cake.  Pass it on.""


Catherine Barron
Fredericksburg, V",212,37,7,256,642,3044
Psssssttt! Hey kid you ever seen real flapjacks?,212,28,11,251,642,1527
How do I know it really has artificial ingredients?,203,37,6,246,642,3234
...you can have it and eat it too...do I look like I care?!,200,34,7,241,642,597
Counterfeit Crepes?,204,26,11,241,642,640
The Donald did say to let them eat cake so ...,198,29,9,236,642,2759
"No, they're not ""hot"". At best they're lukewarm.",198,29,9,236,642,3146
Need a fix,196,24,11,231,642,1755
"Hey, lady, 500 calories.",210,34,8,252,642,208
"Hey, sugar?",213,28,11,252,642,715
I can tell by your expression - they were out of syrup.,205,35,7,247,642,554
Pssst!  It's full of gluten,206,33,8,247,642,2647
"Last chance, 20% off and free delivery.",203,30,9,242,642,325
Zero calories - if you just look!,201,34,7,242,642,799
Your short stack is showing.,204,28,10,242,642,894
Cannabis pancakes?”,203,30,9,242,642,2138
Let you have this for just sixty-five cents.  Just fell off the bakery truck.,203,30,9,242,642,2559
"Hey weight watcher!  
We label these zero points.",204,28,10,242,642,2904
First slice is free.,239,32,12,283,642,404
"Hey, wanna buy some calories?",232,28,13,273,642,291
"Pastrami sandwich, Lady, hot off a 3D printer.  Just $25.",220,43,5,268,642,1529
are they gluten-free?,219,36,8,263,642,321
None of that corn-based stuff... The syrup on this baby's genuine Canadian maple.,211,34,8,253,642,795
"Yeah, three fucking michelin stars. I can't believe it either. Pancakes?",209,29,10,248,642,2323
Psst. Here! It has gluten. Take it!,206,35,7,248,642,2340
"With you, life has a cherry on top.",201,36,6,243,642,1297
PSST....Wanna buy some real pancakes -  not designer? Loads of Mrs. Butterworth's syrup and just a cherry on top.  And I can take that off.  Make you a real good deal.,200,29,9,238,642,3024
The first gluten is free,193,34,6,233,642,6
Wanna buy a gender targeted designer drug?,196,19,13,228,642,445
"Hotcakes, pancakes, griddle cakes, flapjacks, whatever.  It's the cherry on top that will make your heart sing.",190,31,7,228,642,524
"Interested in a hot cake, lady?",190,31,7,228,642,3447
No Dr. Brunholtz! I I did NOT imagine it! He was standing in the doorway offering me a plate of pancakes!,223,39,7,269,642,2811
No Thanks.  I don't let them eat cake,220,36,8,264,642,2458
Hey. Wanna buy a hot hotcake?,217,33,9,259,642,1329
First stack's free.  But the artisinal compote will cost ya.,212,34,8,254,642,431
It's got that pure Columbian white powdered sugar.,213,32,9,254,642,801
"If I was a narc, we would be talking donuts.",212,25,12,249,642,1082
You've heard of Back Door Donuts on Martha's Vineyard?  We're Back Door Edibles on the Upper East Side.,207,35,7,249,642,1375
This is not what it looks like.,209,31,9,249,642,1810
You want a piece?,209,31,9,249,642,1882
"Pssssst, hey Lady, want some cholesterol ?",210,29,10,249,642,1893
"HEY, last chance before you go gluten-free .  On the house !",201,29,9,239,642,2252
I specialize in forgotten birthdays and anniversaries but I also do holidays.,197,37,5,239,642,2887
Pssst you lookin' for some pancakes?,194,25,10,229,642,2555
How did you know  it was my birthday,222,34,9,265,642,577
"Hey lady, carb or sugar fix, cheap?",224,30,11,265,642,820
Pssst . . . Need a sugar fix?,224,30,11,265,642,2748
Pssst. Gluten and sugar,214,41,5,260,642,516
Kim knew never to even look at the forbidden treats of Secret Alley.,216,37,7,260,642,2033
I do.,222,25,13,260,642,2767
First bite is free...second bite will cost you your purse.,215,39,6,260,642,2962
"Hey, little girl, want some non gluten free carbs?",221,27,12,260,642,3437
"Hey, baby, want a high-sugar, high-carb, gluten rush?",217,26,12,255,642,333
Welcome to sweet tooth alley.,214,32,9,255,642,1377
It's a carbohydrate trap.,207,37,6,250,642,3022
get 'em while they're hot.,205,32,8,245,642,300
Raisin d' Eatery?,207,28,10,245,642,441
"Psst, I've got hot cakes",201,31,8,240,642,2276
"Cellphones killed the wristwatch, butter and maple syrup are here to stay.",195,34,6,235,642,834
Psst - gluten - check it out...,231,27,13,271,642,2129
The maple syrup cartel thanks you for your silence.,190,26,9,225,642,3426
I got the purest on the market. No GMOs. No preservatives.,226,28,12,266,642,514
"Psst. Hey, lady. Want some breakfast?",225,30,11,266,642,1410
"Psst, psst.  Gluten full.  Got some gluten full, here.",223,34,9,266,642,1412
"Pssst...lady, hey, have a piece of cake. You derserve it. No one’s gonna know.",222,36,8,266,642,2801
Mom... I can explain!!!,219,33,9,261,642,1763
"Psst, lady, want some of the good stuff?",222,27,12,261,642,3389
Patty cake?,214,34,8,256,642,1796
I'm as surprised as you are.,216,30,10,256,642,1983
"Porkbellies?  Nah, this is the TrumpBellies stock market cake: Tarriff-laden imported Belgian chocolate & sugar high followed in 4 hours by a postprandial hypoglycemia sugar crash that leads nowhere except to a big BlubberButt.",212,29,10,251,642,2123
"How much, for just the icing...?",245,37,10,292,642,1110
"Sorry, this one is spoken for. We’re accepting orders for Christmas though.",203,38,5,246,642,1289
"Sorry, not looking to get baked",208,28,10,246,642,2994
"You need a sugar boost, Supergirl.",238,33,11,282,642,1419
"Hey, Lady; Gotta knife?",195,36,5,236,642,153
"Pssst, lady. Just got a new load of hot cakes. You want in?",198,30,8,236,642,571
"Hey lady, you interested in some gluten?",231,29,12,272,642,918
"Seven layers, chocolate and raspberry - I got your vice right here, baby.",230,31,11,272,642,2942
Pssst....lady... Cocaine pancakes?,226,30,11,267,642,1704
50 bucks for a gram,190,28,8,226,642,1644
"Here. I have the cake ,but I can't eat it too.",220,33,9,262,642,817
"Psst, have I got a short stack for you!",220,33,9,262,642,1938
<sotto voce> Loose flapjacks.  Loose flapjacks.,214,36,7,257,642,788
"So, I needn't have baked after all.",217,30,10,257,642,3087
"Psst, I’ve got a sweet deal for you.",210,35,7,252,642,697
Pssst! Wanna buy some carbohydrates?,210,35,7,252,642,767
Alley way Al? I didnt know you baked!,211,33,8,252,642,2650
Welcome to our meet cute.,208,30,9,247,642,69
It's a stack of Pretty Pleases with a cherry on top.,202,33,7,242,642,3005
"Psst. When that broad said, ""Let them eat cake,"" this is the cake she was talkin' about.",197,34,6,237,642,830
Hand over the icing and no one gets hurt.,199,30,8,237,642,883
"C'mon, just one bite...",222,31,10,263,642,1069
Local pancakes...Help Make America Great Again,188,34,5,227,642,692
I lower my carbon footprint by leaving the truck at home. Flapjack?,196,18,13,227,642,1960
Psst! Ya wanna fruitcake? Fresh this year!,218,30,10,258,642,1880
I made you a pancake for every year of our marriage. Happy anniversary.,220,26,12,258,642,3286
Psst...need some cake WITH gluten?,212,33,8,253,642,1167
"Ever since the legalization of weed, dealers have been struggling to find the perfect underground niche",234,36,9,279,642,979
They're fair trade.,230,44,5,279,642,2700
We're offering alley pricing on this cake.,209,30,9,248,642,2735
"Pssst....try some,first one’s free.",209,30,9,248,642,2745
Still working out the business model.  But I'm giving 'Back Alley Pancakes' a try.,207,34,7,248,642,2768
Our alley cakes are made using my grandmother’s receipe.,210,28,10,248,642,3363
But I insist.,223,40,6,269,642,393
No one expects the Spanish Dietician,196,29,8,233,642,1274
"No ""box cake"" here -- we think and bake outside",219,30,10,259,642,1625
Made with quality ingredients from the back of my truck.,190,32,6,228,642,1043
These pancakes are hot-- in more ways than one.,191,30,7,228,642,1669
"Hey, you look like somebody who can recognize a good deal.",213,33,8,254,642,399
Pssst...wanna try some hot cakes?,212,35,7,254,642,935
"Gluten, gluten, anyone looking for gluten?",210,30,9,249,642,1123
You want syrup? It's in my van.,207,36,6,249,642,3263
Pauli's Pop-up Flapjacks -- we pass the savings to you!,183,28,7,218,642,1939
Psssst.  Like a sugar rush?,207,27,10,244,642,2591
"We’re booked, but can I interest you in a dessert?",227,34,9,270,642,432
A cake for your thoughts?,201,30,8,239,642,1301
Wanna follow me to the kitchen and help me frost it ?,222,26,12,260,642,3269
"I've got the stack, if you've got the syrup.",219,32,9,260,642,3473
"Hey lady, I got full on gluten pancakes.  First bite's free.  Then we'll talk numbers.",218,25,12,255,642,1422
"Sorry, Frank....the Zoning Board Director election is already over and I lost.",211,39,5,255,642,1900
Pssst... you wanna get stacked?,215,31,9,255,642,3489
Psssst. Tiramisu.,209,34,7,250,642,1175
Psst. It's calorie free.,207,38,5,250,642,2119
Pssst. Pancakes with all the gluten you want.,211,30,9,250,642,3008
Psst. Hot cakes. Over here.,209,34,7,250,642,3492
"Don't worry, you won't get hurt.  I know all about torts.",188,29,7,224,642,1046
Psst! You looking for non gluten-free eats?,190,25,9,224,642,2050
"Hey, lady! You wanna REAL cake wit GMOs, gluten and sugar?",207,29,9,245,642,70
You've had fondant icing; now there's a fentanyl version.,202,39,4,245,642,282
Our dog ate the icing.  Your dog want the rest?,205,33,7,245,642,665
Lemonade was my gateway confection.,206,31,8,245,642,1975
Pst... You lookin' for real Canadian syrup?,224,33,9,266,642,3372
"Pssst,
Hey you want buy a hot cake?",204,26,10,240,642,385
"When you're young, they warn you about drug dealers. I guess they forgot to tell all the adults about the pancake dealers.",202,30,8,240,642,2667
Psst. You a baking show producer?,216,40,5,261,642,330
Everyone's doing it... it's the most important meal of the day.,223,26,12,261,642,1272
psst... first short stack is free.,199,27,9,235,642,1306
I used a secret recipe.,216,31,9,256,642,1507
PSST - No one needs to know you're not eating gluten free.,217,29,10,256,642,1972
"I love your skirt.”

“Thanks, yours is great too.",216,31,9,256,642,2753
The patriarchy is having to resort to back alley double chocolate cake trickery to lure its usual victims back in.,235,31,11,277,642,3095
This isn't what I meant by backdoor creampie,196,24,10,230,642,102
Up for a cake walk?,196,24,10,230,642,1555
You try going back to fourth grade after selling your first lemonade.,192,32,6,230,642,2059
French pastries. The kind of thing you don't want your friends know you like.,228,36,8,272,642,63
I heard it's somebody's birthday!,227,38,7,272,642,294
"No, Monday is sacher. Tuesday is masoch.",230,32,10,272,642,305
I told you we have got to stop meeting like this!,227,38,7,272,642,3067
"Don't try to run, lady --- hand over the frosting.",210,25,11,246,642,1836
It's a living!,208,29,9,246,642,1993
"Yo mama, da cake a'int fake, please take, cuz I bake, for heavens sake.",206,33,7,246,642,2798
Psst...pure Kansas gluten...first one's free.,208,29,9,246,642,3344
is it gluten free?,222,39,6,267,642,216
Welcome to the After-Hours Breakfast Club.,205,26,10,241,642,2405
Is it Vegan?,224,26,12,262,642,1099
"Psst, Paula Dean flapjacks.",220,34,8,262,642,2224
"Don't tell me, it's probably another fake cake you trumped up.",225,24,13,262,642,2751
"Sure, I'll forgive him ...when some stranger hands me a birthday cake!",224,26,12,262,642,3373
Brown sugar... chocolate chips... gluten....,200,27,9,236,642,1336
Costo pop-up shop.  Can I interest you in a sample?,220,25,12,257,642,2799
Pssst! Forget IHOP... I’ve got the good stuff. First taste is free.,216,33,8,257,642,3201
The local dispensary drove my bakery underground.,194,30,7,231,642,126
"It's legal in 11 states now, lady.    You want a few ounces to try?",213,30,9,252,642,343
We’re doing a pancake pop up until Saturday when the Airbnb rental ends.,214,28,10,252,642,622
Welcome to have your cake and eat it.,212,32,8,252,642,704
"As a matter of fact, they ARE gluten free.",212,32,8,252,642,3090
Pssst...first stack is free,205,37,5,247,642,1095
"A humble pre-yoga tonight gift, from your husband's ex.",210,27,10,247,642,1817
"Hey lady, interested in a high end, cherry-topped, Christmas Fruit Cake made with weed-laced Gummy Bears?",190,29,7,226,642,493
Not again!,243,28,13,284,642,2124
I've been watching the Great British Baking Show. Is it scrummy?,223,30,10,263,642,825
You can't buy my silence that easily.,221,34,8,263,642,2110
What?  You wanna piece of me?,223,30,10,263,642,2632
"You'll love this hemp cake.  It´s good for your Keto, Ducan or Flexitarian diet. It´s non-GMO, free of artificial colors, preservatives, soy, antibiotics, pesticides, herbicides, high fructose corn syrup, lectin and other glycoproteins.",208,22,12,242,642,868
Are those hot cakes?,219,29,10,258,642,37
"Hey lady...you ever had creepy crepes before?""",219,29,10,258,642,941
"Doris, it's me or you Keto diet!",213,32,8,253,642,2642
Is that free gluten?,196,28,8,232,642,1648
"I'd play impossible solos for you on a violin, but I'm a cook.",225,37,7,269,642,513
Is that powdered sugar?,227,33,9,269,642,3421
Can I get a to go box with that?,208,33,7,248,642,1355
"Pssst, $5 gluten cheat and Santa will never know.",210,29,9,248,642,2572
"Thanks for making these, Bob. No one stacks up to you.",209,31,8,248,642,3365
Bet you didn't expect to find your future hotcakes in some alley.,238,40,7,285,642,1877
I hacked Marriott all I got was this lousy pancake recipe.,194,23,10,227,642,1151
Hey lady! Settle a bet? Are these pancakes or hoecakes? Or flapjacks? Or Johnnycakes? Or hot cakes?  Or griddle cakes?,222,34,8,264,642,1024
Cake porn?”,222,34,8,264,642,1421
"Yes, flapjacks!  And let your mind run free through the innuendos.",221,36,7,264,642,1535
Get your carbs here away from your friends,226,26,12,264,642,1782
Gluten pushers.,206,28,9,243,642,1368
"Don't be a quitter, lady.",206,28,9,243,642,2708
We really have to stop meeting like this.,222,25,12,259,642,604
"Psst, gluten pancakes here, get ‘em while they’re hot.",186,30,6,222,642,994
Ask - and you’ll receive.,189,24,9,222,642,1371
"Pssst, hey lady, wanna taste my dessert?",232,34,9,275,642,1009
Hello little lady......would you like to try my Petite Gateau?,202,27,9,238,642,1105
Can't. Bingo night.,212,36,6,254,642,106
"Hey baby, got any maple syrup?",229,31,10,270,642,3412
Pssst.I can get one with vanilla frosting too.,224,32,9,265,642,2856
Psst. Black market high-fructose corn syrup.,203,36,5,244,642,1805
Hot baked goods.,207,28,9,244,642,3352
"Would you like a piece of my cake?  Online dating didn't work, so I thought I'd try this.",217,37,6,260,642,130
Get your gluten fix.,218,35,7,260,642,3154
"Pssst . . . Interested in a stack of ""hot"" cakes?",200,33,6,239,642,1534
It's sugar-frosted chocolate butter-gluten cake. With a vegan cherry on top!,201,31,7,239,642,2609
Psst. Flapjacks. Hot.,215,32,8,255,642,486
"Hey lady, full stack of pancakes; the cost is your soul”",215,32,8,255,642,1627
Were you the one who ordered the pancakes?,215,32,8,255,642,3219
The pancakes are like crack.,226,39,6,271,642,1230
"Saul's Deli, 2 blocks down.",225,41,5,271,642,2234
"Pssst , get some ice cream , coupla candles , make a wish....?",231,29,11,271,642,2286
"If you buy, I'll throw in a hot watch.",246,28,13,287,642,742
The triple-decker alley special for today.,186,23,9,218,642,1728
Pssst! Buy from me and it will be approved by your weight-loss plan.,199,26,9,234,642,2838
Cynthia always had an eye for a deal on the Black Forest Gateau market.,212,29,9,250,642,275
"Dining out again today, are we?",209,35,6,250,642,3296
Ssst...Guilt-free ingredients..,223,36,7,266,642,2741
"As a reward for sticking to your diet, I present you with this buttercream marjolaine with chocolate ganache.",225,32,9,266,642,3393
"Hey lady, this pound cake is a steal for the price of a half pound.",204,36,5,245,642,3220
"Psst. Hey, lady. If you hand this off to the guy on the corner over there, no questions asked, there will be something in it for ya.",217,39,5,261,642,720
"The only surviving members of the """"International Fruitcake Regard Organization - Upper Peoria"" chapter - (IFRO-UP) gather for their monthly meeting.",222,29,10,261,642,1474
“Try any funny stuff and I’ll pack you full of partially hydrogenated soybean oil.”,207,21,12,240,642,274
Where the alley meets the sidewalk.,228,28,11,267,642,667
"Suffice it to say, I didn't win the bet.",215,25,11,251,642,1365
This is the only way I can sell carbs.,214,27,10,251,642,1917
...and I have a puppy in the back!,197,32,6,235,642,1050
Hay. Lady! Interested in some pancakes with gluten? We'll never tell.,201,24,10,235,642,2262
Beware the bringer of gifts,233,38,7,278,642,2803
Gluten this good costs ten bucks a gram.,210,26,10,246,642,1253
"It's gluten-free, but it's not guilt-free",210,26,10,246,642,3179
Welcome to my newest Pop-Up.,195,27,8,230,642,861
I couldn't get my hands on pannetone this year.,231,33,9,273,642,1199
If you really aren't a cop then take a bite.,199,39,3,241,642,906
My wife’s getting suspicious. We have to stop eating lie this.,207,23,11,241,642,2162
No one will know you ate this cake,205,27,9,241,642,2260
Psst! Lady! Looking for a special deal on a Gâteau aux marrons?,207,23,11,241,642,2633
Psst.  Hot pancakes?,204,29,8,241,642,3128
"C’mon baby, first taste is free.",192,24,9,225,642,1148
This is not what you think it is.,225,36,7,268,642,324
"First slice is free, kiddo.",225,36,7,268,642,436
"Jane, I snuck it from the restaurant before its 3rd star got taken away.",222,42,4,268,642,586
"Psst! hey baby, I got your gluten right here.",226,34,8,268,642,2387
Carbs...got those good carbs...that good gluten...,216,25,11,252,642,2109
Are those cakes hot?,210,37,5,252,642,3361
If you don't cheer up the office who will?,197,34,5,236,642,1962
Leave the vegetables. Take the cannoli cake.,198,32,6,236,642,2920
"You may have fooled me with the apple, but this ploy is not going to work.",237,32,10,279,642,566
"Carbs, am I right?",206,36,5,247,642,318
Pssst. Wanna try some refined carbs? The first taste is free.,210,28,9,247,642,1722
"Pssst ... back alley breakfast with a cherry on top, it's a party back there, you're invited. Interested?",207,34,6,247,642,1871
Al Cakepone before the name change.,212,24,11,247,642,2131
"Boris Johnson, in MAGA cap, street-tests the ""cake and eat it too"" theory.....",208,32,7,247,642,2278
"Pssst lady, want some nonna-that-vegan-crap cake?",219,30,9,258,642,2398
"Psst, pancakes - the first one's free.",219,30,9,258,642,2972
"Hey, I seen you ogling it in the market...",217,34,7,258,642,3268
Short stack?,241,35,9,285,642,1695
"Look, I know carob gets a bad rap, but try it.",206,27,9,242,642,1406
Are you going to eat that?,206,27,9,242,642,1943
It's got a fruit on it....'cause it's a fruit cake.,205,29,8,242,642,2589
"Excuse me, sir, I'm looking for the Short Stack, Long Alley bakery.",204,31,7,242,642,3060
Take that cherry off the top and it's just a stack of pancakes.,203,33,6,242,642,3341
Imported. Low carb. No tariff.,224,40,5,269,642,2746
Don't worry--these pancakes are hot alright.,210,39,4,253,642,1587
Psst. I got a cake here. Ya wanna get a sugar high?,200,30,7,237,642,1117
You forgot to take the cannoli.,226,27,11,264,642,3325
Psst... It’s all gluten-free up ahead”,209,32,7,248,642,2790
Psst! Mary Poppins hats cheap!,198,25,9,232,642,1032
Wanna try something feisty with a little cool whip?,195,31,6,232,642,1054
Here... The gluten is free.,222,26,11,259,642,614
"You want some hotcakes, hotcakes?",215,40,4,259,642,1065
Free fruitcake?,225,20,14,259,642,2137
Pardon me.  Would you mind taking this in to Mr. Chapo?,231,28,11,270,642,304
"Please, somebody, don’t let me eat it.",204,33,6,243,642,915
One step closer and I'll flap you jack.,230,30,10,270,642,1203
Hot off the truck.,206,29,8,243,642,1557
"Gourmet recycling, madame.  Straight from the trash cans of the rich and famous.",182,28,6,216,642,1693
It ain't easy living on the streets when you don't got any syrup.,204,33,6,243,642,2301
The streets are filled with so many shady dealers nowadays...,214,33,7,254,642,1512
"Brunch really should be legal by now, don't you think?",218,25,11,254,642,2473
"C’mon, all the cool kids are doin’ it.",215,31,8,254,642,2709
How about a few extra carbs? Cash only.,215,31,8,254,642,2828
"You won't pan these cakes,"" he purrs, triggering her two deepest fears: carbs and bad puns",225,31,9,265,642,1540
Make sure Aunt Jemima doesn't find out about our little rendezvous alright?,224,33,8,265,642,2311
Pssst!  You wanna some high-grade gluten?,232,37,7,276,642,1978
End-of-days special.,212,28,9,249,642,530
"They're hotcakes, but not-like- ""hot"" hotcakes.",207,38,4,249,642,1089
Your birthday today?,211,30,8,249,642,1106
"In America, strangers offer you candy from white vans. I must be in Canada.",209,34,6,249,642,1890
Psst! Wanta try my 3 layer surprise?,223,26,11,260,642,1226
"Sooo many calories, sooo litle time.",232,28,11,271,642,2999
Our CBD bakery cross-sells to different commuter demographics.,206,31,7,244,642,2658
You lookin' for carbs? First stack free...,206,31,7,244,642,2876
Business isn't what it used to be...,206,31,7,244,642,3290
"Feelthy calories, madam?",217,29,9,255,642,1194
"Cassata cake, $1.50, it fell off the back of a trucker’s plate.",229,25,12,266,642,1178
I was kinda hoping for an egg white omelette . . .,224,35,7,266,642,1820
Wanna buy some hot cakes?,235,33,9,277,642,165
"Hey baby, care for some sugar?",202,30,7,239,642,94
"Aw, c'mon...I added a cherry on top just for you!",203,28,8,239,642,1000
Psst..don't look over your shoulder. Gluten filled Carbs.,203,28,8,239,642,1891
Pssst. Hot hot cakes?,203,28,8,239,642,2182
Promise you won't tell anyone I didn't use kosher salt.,203,28,8,239,642,2610
Pssst---wanna cop some hot cakes?,221,32,8,261,642,1957
My last batch before I leave to cook at a spa.,199,27,8,234,642,406
"Psst, looking for some Betty Crocker gold?",205,35,5,245,642,806
"Knock off designer flapjackets down here, lady.",209,27,9,245,642,995
Psssst...sugar?,205,35,5,245,642,1844
"Stop it, Frank.  You know me and the kids are allergic to chocolate.",221,23,12,256,642,341
"Ma'am, this non-GMO, sugar-free, gluten-free, no added salt piece of cake will leave you speechless.",228,29,10,267,642,3202
Tinder wasn’t working out so well so I thought I’d try pancake handouts.,203,30,7,240,642,557
Not even if it's sugar and gluten free?,201,34,5,240,642,1299
"Here, you can have it. I don't even work here.",207,22,11,240,642,2305
I call it the pancoke.,218,20,13,251,642,630
"Hey mamma, yo daddy's got a stack of sugar here.",213,30,8,251,642,3165
"Psst, be honest, is the cherry too much?",199,29,7,235,642,2833
They don’t put gluten this good on the menu in the States,200,27,8,235,642,3378
Psst! Could I interest you in some hot cakes?,210,27,9,246,642,948
ANOTHER DAMN FATTENING POP-UP!,207,33,6,246,642,3207
"Hey! Hotcakes, got any syrup",219,29,9,257,642,247
"The first taste is free; if you want more, you're gonna have to pay",214,39,4,257,642,1963
"Psst, over here.  You look like you could use a little breakfast.",219,29,9,257,642,2765
"Pssst, no gluten or sugar. First bite is free.",194,30,6,230,642,2774
"They sell these for seven-fifty a pop.  This one's yours for a buck""",212,34,6,252,642,1523
"Excuse me, do you have any butter?",220,38,5,263,642,549
They're very legal and very cool. Trust me.,226,26,11,263,642,1499
psssst . . . babka?,183,23,8,214,642,354
Cakewalk?,189,31,5,225,642,176
"Can I please see the nutrition information, and I’m presuming it’s gluten free, lactose free, sugar free, and contains no nuts.",192,25,8,225,642,1015
A sous-terre chef,198,33,5,236,642,1315
Psst!  Hot cakes...,210,29,8,247,642,298
"Again, I'm sorry I forgot your birthday...but Breakfast-Way-After-Bed seemed a lot more inventive this morning.",231,27,11,269,642,3343
The pop up surprise birthday party is invented.,228,24,12,264,642,255
‘“The fell off a griddle.”,235,30,10,275,642,284
That time you were accosted by a pancakehandler.,216,28,9,253,642,1346
I put a little something extra in here.,222,36,6,264,642,1387
Psst! Wanna buy some pancakes filled with gluten?,195,30,6,231,642,1611
"If you got the syrup, I got the pancakes.",215,30,8,253,642,2742
The restaurant crawl starts here.,223,34,7,264,642,2770
Do you still eat gluten?,215,30,8,253,642,2837
"Hey, you! Nice cakes.",228,35,7,270,642,506
"Psst, hey lady you wanna a piece?",230,31,9,270,642,2312
Guaranteed to kill. And it's untraceable.,220,31,8,259,642,1209
This is not a crepe.,219,33,7,259,642,2368
Certified gluten-full.,220,31,8,259,642,2604
Care to try a Brexit waffle?,219,33,7,259,642,2615
How about twenty bucks for a Four Seasons dessert knockoff.,219,33,7,259,642,3144
We're trying a new business approach.,208,35,5,248,642,413
"Hurry up, before Ihop catches me sneaking these out the back door",207,37,4,248,642,572
I saw you coming...,209,33,6,248,642,811
It doesn’t matter if your apron isn’t blue. You were supposed to deliver the ingredients to my house!,211,29,8,248,642,1530
First taste is free!,208,35,5,248,642,2015
"Pssst! Want a sugar-loaded, gluten-heavy and filled with carbs cake?",213,25,10,248,642,3030
"Psst, lady. Check'em out. 100% real gluten.",206,19,12,237,642,1690
How about making the season jolly with me?,202,27,8,237,642,1799
Buy this on the Black Forest Market.,224,34,7,265,642,54
want to buy some hot pancakes?,211,40,3,254,642,3033
The pancake cartels laughed a Al's recipes but on this day Al's allycakes were born.,215,32,7,254,642,3435
Would you like to eat it too?,209,24,10,243,642,2205
They're full of gluten.,198,26,8,232,642,2420
"Psst, they've got gluten in 'em.",194,34,4,232,642,3243
You ever wonder where the gluten goes?,233,27,11,271,642,1311
Got any powdered sugar?,220,33,7,260,642,934
You can have your cake and beat it in a dark alleyway too.,225,23,12,260,642,1485
"Psst,  want a hot cake?",212,29,8,249,642,420
"psst.....  half price to go""!",209,35,5,249,642,1236
As seen on t.v.,203,27,8,238,642,95
Pssh...I got those sweet trans fats Uncle Sam said you couldn’t eat.,201,31,6,238,642,1888
Go ahead. Take it. Eat it.,206,21,11,238,642,2183
"Hey Lady, want some pancakes with real Canadian syrup?",255,34,10,299,642,1040
A bargain. Only a day old and half-priced.,215,34,6,255,642,2004
I know this great hole in the wall,197,30,6,233,642,419
This stuff is the real gluten.,201,22,10,233,642,1770
Omg you again,201,22,10,233,642,2814
Why are you looking at me like that?,224,27,10,261,642,3298
Delivery or pickup?,210,35,5,250,642,905
The first calories are no charge.,214,27,9,250,642,924
Its worth the jail time,213,29,8,250,642,2574
Psst!  Cake with gluten and GMO ingredients?,214,27,9,250,642,2905
Guess which day of Advent this one's for.,245,36,8,289,642,1033
Psst! C'mon. It's only for the holidays.,203,29,7,239,642,1854
They're hotcakes. I'm a frying panhandler.,227,32,8,267,642,1735
Well her dealer did say he was selling them like hotcakes.,183,29,5,217,642,3058
Forced to improvise as parole doesn't permit contact with minors.,208,30,7,245,642,2391
"Hey, I'll trade you these flapjacks for your kidney.",227,23,12,262,642,465
Psst. You look like an intelligent lady. Wanna buy a funnel cake?,226,25,11,262,642,2179
Trust me; the boss can guarantee that first prize in the Country Fair baking competition is yours!,192,22,9,223,642,113
Psssst...it's gluten-free!,203,31,6,240,642,92
Cakes with gluten here...,205,27,8,240,642,462
"The original concept of  ""GrubHub"" was ""GrubAlley""",205,27,8,240,642,2297
Pssst!  Pancakes?,203,31,6,240,642,2544
Take anything you want. Just don't make me eat the carbs.,207,23,10,240,642,3287
C'mon.  Try it.  The first piece is free.,193,31,5,229,642,2552
Would you like to buy some carbs?,217,34,6,257,642,434
"You look straight, wanna buy a cake?",216,36,5,257,642,1591
"I'm Goober, the Epicurean Uber.",218,32,7,257,642,3217
"Sample, miss? Otherwise, I'm just going to feed it to the rats.",208,32,6,246,642,876
"Hey, lady, wanna buy some crack-jacks?",208,32,6,246,642,2431
"Psst.....gluten , guilt-free GMOs, trace peanut products right here",210,28,8,246,642,2602
Susan was unsure about the new pop up divorced dad trend,209,30,7,246,642,2694
"Who's your dealer?""
""He goes by Bisquick.",234,31,9,274,642,241
New hipster trend: gritty alley way brunching.,236,27,11,274,642,674
"It's not bad enough that I gotta watch my calories, but now calories and my back?!",200,28,7,235,642,3166
"Hi, I'm Billy the blind baker. I can't see what this cake looks like, but it's yours for only ten bucks.",228,23,12,263,642,2122
Pssst. We’re expanding our catering service.,227,25,11,263,642,3490
"Psst, best alley cake in town. Cheap.",215,29,8,252,642,1745
Designer flapjacks ma’am?,239,32,9,280,642,1876
Pssst. Does high grade gluten rock your world?,214,31,7,252,642,2102
"Go ahead, try some.  It's not like that crap down the street that's cut with fruitcake.",216,27,9,252,642,2712
Psst! Weight Watchers will never know.,216,27,9,252,642,2757
It's a random stack of pancakes,204,31,6,241,642,345
"The cherry is just for you, whoever you are",206,27,8,241,642,388
It's a must-have for your prison visit.,203,33,5,241,642,797
How Devil’s food cake is sold.,218,34,6,258,642,3066
Nobody doesn't like Sal's alley.,219,32,7,258,642,3200
The're great with cough syrup.,197,25,8,230,642,3455
"Psst, want some carbs that fell off the truck?",210,30,7,247,642,2862
"Just one word, lady: gluten.",212,26,9,247,642,3185
Looks like you're having a bad hair day. Wanna borrow my hat?,249,34,9,292,642,2148
I bet you didn't think that you could sell pancakes on the black market.,222,37,5,264,642,1382
It's better than legal; it's government-subsidized!,203,24,9,236,642,2053
First slice is on me.,202,26,8,236,642,2547
"Crevice cake, mam?",237,38,6,281,642,374
You knew I was coming,218,25,10,253,642,1300
"Psst, lady, wanna buy a cake full of trans fats?",216,29,8,253,642,2558
Psst ... interested in some pastry with extra gluten?,204,33,5,242,642,2202
"""Psst! Cake, crullers, I got all the carbs you need, baby.""",222,28,9,259,642,681
Hey...pssst...you interested in a flourless tart?,223,26,10,259,642,3010
Welcome to the Alleyway Dispensary. Care to try a sample?,226,20,13,259,642,3016
I baked it myself.,198,25,8,231,642,1190
What you mean legit? You never heard of Bakery’s Alley,214,24,10,248,642,2068
"Psst, they contain gluten.",213,26,9,248,642,2178
pssst...hey lady...need some cake ?,216,20,12,248,642,2991
It’s gluten free.,203,26,8,237,642,2815
Bet ya IHOP doesn’t offer curbside cakes.,199,34,4,237,642,3346
"Psst, vegan cake, guaranteed gluten and fentanyl free “",218,27,9,254,642,913
Yeah I got your gluten right here...,217,29,8,254,642,1628
I got stacks on stacks on stacks out back.,215,33,6,254,642,3212
"Psssst, you like sugar?",245,35,8,288,642,474
"Gluten, Gluten,Gluten",208,27,8,243,642,1276
Salami on rye with Russian dressing and a Chinese fortune cookie on top.,207,29,7,243,642,1568
Try pancakes when hand shakes don't work.,221,32,7,260,642,666
"Keep it moving ma'am, this is a cake out",220,34,6,260,642,966
The first piece is free...,219,36,5,260,642,1944
Psst. Your first bite's free.,182,28,5,215,642,504
Psst...only 80 calories.,196,31,5,232,642,3350
"I'm telling you, this cake will grab your taste buds by the pussy",217,20,12,249,642,501
Your guess is as good as mine.,211,32,6,249,642,980
"These lips don't flap, Jack.",214,26,9,249,642,1764
"Happy birthday, Martha.",213,28,8,249,642,3385
Pssst! Gluten times fifty!,227,31,8,266,642,1756
I've also got gluten free.,231,34,7,272,642,625
Recycled from the joint next door. Half price.,202,30,6,238,642,1837
The pancake peddler had a hard time buttering up his potential client.,218,29,8,255,642,2369
Follow me. It’s really is a cake walk.,217,31,7,255,642,3015
"Call the fire department lady, my kids are still up there!",220,25,10,255,642,3503
"Hey, lady, I hear you like it moist.",237,33,8,278,642,2047
"They're so good, these flapjacks are illegal in 43 states.",209,27,8,244,642,57
Psst...My dessert experiences are completely confidential.,207,31,6,244,642,366
"Surprise, honey!",210,25,9,244,642,1845
"Here’s our all new stack of pancakes!  It’s especially good because there is one cherry on top! (Adam, 8 yrs old)",211,34,5,250,642,520
"Wow, happy birthday to you! You looked younger from a distance.",215,26,9,250,642,1154
Wanna party? I got carbs and sugar. Cheap.,214,28,8,250,642,2934
9 inches.,217,22,11,250,642,3274
Psst! Wanna buy a real cake? I had to go underground when they outlawed gluten.,200,25,8,233,642,198
"Keep trying, honey. Sooner or later
you'll produce something edible ...",231,36,6,273,642,3147
Psst! More gluten than you can shake a stick at!,219,29,8,256,642,871
"Hey, lady - how 'bout more than a coupla day's worth of calories in one heavenly layer cake?",216,35,5,256,642,1996
"Nourishment, good for you, consciously sourced...",236,37,6,279,642,2127
Psst -- made with trans fat and delicious.,227,24,11,262,642,1719
"All funds from these not-all-that-delicious cakes go directly to the War on the War on Trump. Please, ma'am -- there's only two or three of us left!",211,25,9,245,642,585
No Syrup?!,206,35,4,245,642,1927
"Well, if you must know, I think my guide dog licked it""",196,24,8,228,642,1204
Certified Diet Saboteur,227,35,6,268,642,1351
"Surprise""",217,24,10,251,642,2
Still better than Waffle House,217,24,10,251,642,3104
"Hey you, you look like you could use a cake.",199,29,6,234,642,461
"Hey lady, look at my cake!",200,27,7,234,642,2598
(Full gluten pancakes),235,30,9,274,642,367
"Come on, it'll be a cakewalk.",219,31,7,257,642,863
"Sure it's been a long day, but I don't think you're going home without dessert.",221,27,9,257,642,1291
Psst! Wanna evade sales tax on some pancakes?  I'm not a cop.,218,33,6,257,642,2344
My mother told me never to take sweets from strangers,202,34,4,240,642,3161
They're not organic.,238,35,7,280,642,3441
Being nice isn't always a piece of cake.,226,28,9,263,642,1079
Do you have that in my size?,209,31,6,246,642,19
Wanna buy a girthday cake?,212,25,9,246,642,1087
They're gluten-free.,194,30,5,229,642,600
Torte?,217,26,9,252,642,53
"Pssst. Want some Pancakes? 
They are with powdered sugar. If you know what I mean.",212,36,4,252,642,627
"Psst -Lookin' for some non-gluten free pancakes?""",217,26,9,252,642,2488
Want to have your cake and smoke it too?,218,24,10,252,642,2649
"No, honey, I am pushing drugs, selling your home-made pancakes is just my cover.",215,30,7,252,642,3162
These virtual treadmill environments are almost too real.,200,29,6,235,642,926
Loose latkes?,201,27,7,235,642,2992
"Hey, you wanna eat some strawberry shortcake and talk to God?",219,33,6,258,642,867
"These aren't selling like hotcakes normally do. Would you mind taking them off my hands?""",217,37,4,258,642,1480
They ran out of diamond rings.,221,29,8,258,642,2562
"We ran out of ""Brownies""",241,31,9,281,642,3480
"Cherry, mon amour?",205,30,6,241,642,2898
You wanna get gluten freaky?,193,23,8,224,642,750
Pst. wanna by some dirty pancakes?,234,25,11,270,642,2395
My birthday is tomorrow.,234,36,6,276,642,1029
Sugar free?,219,24,10,253,642,1240
Wanna try our death by chocolate?,197,26,7,230,642,1742
Its Pure French Laundry,220,33,6,259,642,394
journalism retraining,224,25,10,259,642,558
psst... hot cakes lady,217,39,3,259,642,3275
"C'mon, lady. Dis cake is so good it's illegal.",228,28,9,265,642,3418
Psst! Wanna buy a hot Black Forest cake?,208,26,8,242,642,615
Exposure Therapy Week 23: Death by Chocolate.,212,29,7,248,642,1143
This laxative cream cake is big with book club hosts.,212,29,7,248,642,2717
This is some cake from my therapist’s wedding; it will help.,214,25,9,248,642,3020
"You won’t answer your robo-calls, so I’m presenting this offer in person.",212,29,7,248,642,3387
Relax - I'm just a Master *Baker* hiding in an alley.,220,24,10,254,642,312
"They're so pretty, I just want to look at them.",219,26,9,254,642,2028
Wanna come in and taste my Devil’s Food Cake?,214,36,4,254,642,2977
I can't imagine that you think that this trivial little cake can win back my affection.,224,27,9,260,642,3395
"Pancakes, Lady? They're hot but they're delicious.",202,29,6,237,642,971
"Welcome to the alley galley,...no rent,less spent",199,35,3,237,642,2659
"Heh, heh.  Like this, you’re really stacked.",212,20,11,243,642,382
Psss... Do you want to buy some? Be fast before the vegan police arrive.,205,34,4,243,642,426
This is just my imigination.,211,22,10,243,642,594
First one's free - then I stack up the price.,229,39,4,272,642,1833
Its fentanyl-free,215,25,9,249,642,1515
"I got cake. Chocolate! C'mon you know you want some.
Make you feel good baby!",213,29,7,249,642,1569
I'll carry the heavy bags so it's a cake walk for you.,213,29,7,249,642,3318
Remember the Big Gulp—get one while it’s still legal.,218,30,7,255,642,78
Was Fiona ready for another Babka adventure?,230,28,9,267,642,1857
"Not enough, Big Guy.",202,31,5,238,642,1830
Cannabiscuit?,202,31,5,238,642,2251
"Psst, low cal, low fat, first one is free.",212,22,10,244,642,301
Spare change for a Baba Au Rhum?,184,25,6,215,642,2149
Pssst!..... Original Sin cake?  Straight from my garden.,213,31,6,250,642,2206
Pssst. Hey! Wanna buy a cake?,216,25,9,250,642,2675
"Just another petty, pedestrian, pancake peddler.",213,31,6,250,642,2706
We've had a high incidence of carb solicitation in doorways lately.,219,30,7,256,642,2144
free if you're straight.,195,25,7,227,642,263
Psst!  You wanna take a trip to Flavor Country?,201,24,8,233,642,17
Heard you were looking for some gluten free options.,228,34,6,268,642,1781
Did you want to eat this here?,203,31,5,239,642,2444
"New Yorks hottest club is ""Gluten""",204,29,6,239,642,2762
"What part of  ""No pancakes"" don't you understand, man?!",237,27,10,274,642,464
It's complicated,208,32,5,245,642,1637
I need a fix. You're not from Vermont are you?,213,22,10,245,642,2078
It's free.  Our rats are cutting out glutens.,221,28,8,257,642,380
Have some yellow cake from Iraq.,223,24,10,257,642,3081
"Pssst Lady, want some flour fat sugar cakes with a #2 red dye cherry on top?",230,21,12,263,642,139
"Hey! Want to buy some hot cakes, cheap?",225,31,7,263,642,562
"Pretty please hon, with a cherry on top, go back to your sister in Buffalo for another month?",229,23,11,263,642,759
My horoscope said to celebrate myself in a big way.,226,29,8,263,642,1335
Psst...ya might say this baby's hot.,225,31,7,263,642,2471
Try it! It's addicting.,224,33,6,263,642,3054
"Butter, sugar, eggs. Butter, sugar eggs.",196,25,7,228,642,1372
"Psst.  Hey, lady, I got a hot cake here ... cheap.",198,32,4,234,642,1416
PHIL THOUGHT HIS STRATEGY FOR SELLING HOTCAKES WAS A NO-BRAINER.,200,28,6,234,642,1929
"Let's make this quick, my mother doesn't know about it.",201,26,7,234,642,3398
Just say YES,235,33,7,275,642,3277
Hey lady! Got some latkes...cheap.,208,23,9,240,642,472
"Psst, looking for a deal on pancakes?",212,26,8,246,642,658
Help us prove there is no obesity epidemic.,215,31,6,252,642,2006
Of course it's not hot. The frosting would melt!,217,27,8,252,642,2228
"""If only life was a cakewalk.",220,21,11,252,642,3112
We happen to have a leftover cake with a gun baked into it. Would you like it?,222,28,8,258,642,122
Do you know any one year olds that need a Birthday cake?,221,30,7,258,642,2253
Just some back-alley flapjacks. The collusion you can taste!,186,25,6,217,642,3324
Psst. Take a look at these hotcakes.,229,25,10,264,642,838
These are the best edibles on the street.,191,26,6,223,642,3474
They raised the rent on my alley”,230,34,6,270,642,120
Damn you Alley Baker!,236,22,12,270,642,196
I told myself I wouldn’t eat anymore street food. Not after the “street waffles” incident. But these pancakes are tempting me.,195,29,5,229,642,1376
"Hey, lady, sugar?",199,21,9,229,642,3240
"Pssst, hey … it’s non-fat.  First taste is free.",233,39,4,276,642,3115
"If you lived here, you’d already be home.",202,26,7,235,642,2379
"Whatever you want lady. Flapjacks or Jack’s flap, I got it all right here.",202,26,7,235,642,2772
Can I tempt you with a little liver and onion torte?,246,24,12,282,642,3416
"Yo yo yo yo yo--got dat latest Four Seasons dope-to-death chocolate ganache cake, tastin' like Julia Child done went wild up in this piece, for a fine as wine lady like yourself jes' fo' dollas an' zee-row cents, y'feel me? Check it out...",207,27,7,241,642,2631
We're making America great again. This is the first store of the AHOP chain.,209,23,9,241,642,2950
"Francine wouldn’t mind the pancakes so much if they weren’t raw, vegan, and gluten free",207,27,7,241,642,3122
The day he fell in love with Edith ....,211,30,6,247,642,371
Care for some cul-du-chat gateau?,212,28,7,247,642,415
Psst. Purest ganache at absolute best price here. Want a little taste?,211,30,6,247,642,2601
Too late..my birthday was yesterday.,213,37,3,253,642,3320
"Nobody's watching, stash it in your bag.  You're not a cop are you?",221,32,6,259,642,3042
Psst. Trans fat on the cheap. Syrups gonna cost you extra.,186,27,5,218,642,919
"If it isn't fruitcake, I'm not interested.",238,31,8,277,642,812
We here at Dumpster Diners are now offering gluten free menu options.  Would you care for a free sample?,244,30,9,283,642,337
Gateau?,201,19,10,230,642,2695
Care for some leftovers from my just deserts?,214,26,8,248,642,932
All the cool kids are eating pancakes.,212,30,6,248,642,2870
I asked for a kilo of cocaine.,217,31,6,254,642,521
Pssst...contains gluten.,220,36,4,260,642,610
I thought this might attract that ‘Humans of New York’ guy.,226,24,10,260,642,878
"Pancakes, flapjacks, psylosiben... Pancakes, flapjacks, psylosiben...",225,26,9,260,642,895
Shhuuuger Freee...,221,34,5,260,642,2291
"Pssst ....... hey, wanna nickel stack?... sweet batch!",221,34,5,260,642,3314
Very locally-sourced.,187,27,5,219,642,2345
I promise I won’t tell anyone you ate the whole cake.,194,24,7,225,642,2212
Pssst.  It's made with the finest high fructose corn syrup.,205,24,8,237,642,1286
"Nice cherry, Frank, and a beautiful stack.  But it's still, ME TOO!",203,28,6,237,642,2724
Psst! I can get you a deal on a high stack you won't find at Waffle House!,209,27,7,243,642,680
Now that gluten is illegal.,204,37,2,243,642,2519
Are you here to eat or just for the photo?,217,22,10,249,642,3143
I hope you’re not FDA,218,31,6,255,642,11
"‘C’mon, waffles?  Don’t be a square.”",220,27,8,255,642,61
You called for a cake?,218,31,6,255,642,2166
"Hey, cupcake, would you like a blondie?",218,31,6,255,642,2487
"Hey, lady, wanna buy some hotcakes?",226,26,9,261,642,448
"Psst, Mary. Don't draw attention to us, but I've got a huge score of gluten-rich pancakes stashed in this alley if you want in. I can cut you in on the stash for cheap!",225,28,8,261,642,2066
"That’s right.  Keep walkin’. Nothin’ to see.  Just an ordinary stack of pancakes out for delivery.  Nobody’s head hidden inside.  Right, sistah?!",221,36,4,261,642,3099
Have you been waiting here since my birthday?,224,30,7,261,642,3196
Oh no - you got fired again?,238,35,6,279,642,22
Wanna party? This is gonna be lit.,240,31,8,279,642,756
It's a compliment.  You do look like someone who'd buy a cake from an alley chef.,237,37,5,279,642,2634
Pssst... wanna try a Pop Tart from my pop up store?,202,32,4,238,642,276
Psssst... I got triple stacks.,206,35,3,244,642,1551
It's IHOP's new alleyway pancake surprise!,208,31,5,244,642,1649
"I add the gluten myself, for quality assurance.",208,31,5,244,642,3251
"Hey lady, wanna purchase a three layer red velvet cake with vanilla cream cheese frosting and strawberries?",215,28,7,250,642,10
Happy Birthday to you??,218,22,10,250,642,645
"Oh, Honey!  I am not breaking my diet. I got these for you.",215,28,7,250,642,1312
It's made with real butter and sugar.,227,26,9,262,642,1842
The History of Street Names. Today : Baker Street (formerly known as Baker's Impass).,232,27,9,268,642,596
"Psst...it's your birthday. Yeah, that's right - you, lady...c'mon...""",230,31,7,268,642,2044
This is the one with the Marijuana baked in.,202,23,8,233,642,105
"Hey lady, wanna buy some non-gluten-free pancakes?",204,30,5,239,642,981
[Pst...just a taste. No points!],209,31,5,245,642,1856
The Don says it's poisoned and gluten free just like you ordered,213,23,9,245,642,2440
Everything is legal now so I gotta go with deadly sins... Wanna score some calories?,212,36,3,251,642,75
They’re sweet and unsavory,217,26,8,251,642,1878
Don’t worry. Nothing can happen. Their gluten-free.,217,26,8,251,642,2209
Do you take American Express?,217,26,8,251,642,2916
Psst...hey lady you interested in some really “hot” cakes if you catch my drift!,230,33,6,269,642,41
"Strawberry-short-fedora-cake,  your hat today, your dessert tonight.",236,32,7,275,642,328
Pssst! Lady! Wanna have some fun?,251,24,12,287,642,2777
Lookin' for a fruitcake that's not a century old?,235,25,10,270,642,161
Psst! Wanna buy a 420 Chocolate Delight?,218,26,8,252,642,287
"If you step over the crack, you'll get a flapjack",196,26,6,228,642,353
No survivor's guilt with these babies.,223,27,8,258,642,929
I ran out of pretzels.,228,28,8,264,642,957
"O.K. papa, what did you do today?",221,31,6,258,642,996
Can you move? I need to go down there.,204,21,9,234,642,1196
I told you I'm on a diet--and I''m a married woman.,194,30,4,228,642,1310
It's the Rolex of cakes.,206,28,6,240,642,1608
"Is that an original work of art, or just a stack of pancakes?",217,28,7,252,642,1793
"Would you like to invest in my blockchain-enabled pancake delivery platform? It's like Uber, but less sketchy.",239,28,9,276,642,2888
Got pancakes?,232,33,6,271,642,177
Don't worry - it's for 'Me Too.',231,24,10,265,642,60
Marvin was a Syrupticious cook at the diner.,229,28,8,265,642,3440
"Sigh, I asked for Blueberry...",215,34,4,253,642,210
"Congratulations, you're the hundredth person with an ""I can't take anymore of this"" resting face",220,24,9,253,642,721
This is the next level of pop-up restaurant.,214,36,3,253,642,2167
Maple Syrup Man was always ready to lift the spirits of the citizens of Waffleton.,212,29,6,247,642,489
"No,don't!  Don't take it a way! Tomorrow I'll pay everything I owe!   Please! Please!  I promise",206,30,5,241,642,117
"Hello, welcome to IHOP.",210,22,9,241,642,1825
"psst! Pancakes, get'em while there hot!",196,28,5,229,642,2541
I've also got some yellow cake in the back if you're interested?,243,35,6,284,642,1934
"Only serve flourless chocolate cake inside, if you want that full flour flavor this is your only option”",245,31,8,284,642,2082
"So you are telling me if I do ""that"" I can have my cake and eat it too.",236,27,9,272,642,1061
"Hey little girl, want something sweet?",229,30,7,266,642,1343
"A gift horse, don't look in mouth. A gift cake, put in mouth.",229,30,7,266,642,3141
"Baby, It's Cold Outside ♪♫♬""",226,25,9,260,642,2982
"Hey lady, a bundt cake for your thoughts?",214,27,7,248,642,1366
"Pssst, lady i'll give you this triple-decker pastrami and corn beef sandwich for what you've got in your bag.",213,29,6,248,642,3377
Can you help me get downtown? My seeing eye cake is lost.,213,18,11,242,642,2106
Its an IHOP copy.,207,19,10,236,642,3337
Psst ... carbs carbs carbs ... carbs carbs carbs ...,198,26,6,230,642,3014
Hey Lady. LGBTQ cakes. No questions asked.,181,27,4,212,642,1041
Care for some pot pancakes?,239,34,6,279,642,3140
"Gluten free, I promise.",233,35,5,273,642,2620
Your name must be Maple.,232,26,9,267,642,938
Psst - check it out lady.  The first slice is free.,217,34,4,255,642,3430
"Hey little girl, want some hotcakes?",215,27,7,249,642,403
"Psst, it’s loaded with gluten!!",213,31,5,249,642,677
Psst! Want a little sugar and spice?,210,26,7,243,642,7
"The judges didn't touch it. Guess I'll have to poison myself, instead.",210,26,7,243,642,835
Psst!  I got the hot cakes. You got the syrup?,208,30,5,243,642,1780
My wife won't let me eat these.,208,30,5,243,642,3017
"You need to get a watch, Daryl.",205,25,7,237,642,1582
I'm the cake you're looking for.,202,31,4,237,642,3102
"On the first day of Chanukah, my true love gave to me,
A plate of  latkes with a cherry.",209,17,11,237,642,3149
Nobody passes on Chef Luigi's pancakes.,193,27,5,225,642,1345
Take me to your baker ....,248,29,9,286,642,2645
"C'mon lady, ten bucks and you can take the cake.",249,27,10,286,642,2686
Another pancake handler. And I never carry spare syrup anymore.,237,29,8,274,642,2140
"I’d 
Prefer cash!",235,22,11,268,642,1108
Do we live and love by our own set of rules or what?,219,32,5,256,642,152
I gotta get back on my meds.,219,32,5,256,642,222
Hot cakes for the hottie?  I'm old school.,221,28,7,256,642,3431
"psst, gluten, processed food",218,23,9,250,642,2493
Psssst ... French pastries?,215,29,6,250,642,3249
"Welcome to Luigi’s, an equal-opportunity employer. I’m Riccardo, the blind chef.",210,28,6,244,642,2337
"Psssst, it’s made with gluten.",209,30,5,244,642,3400
It won't bite you!,207,23,8,238,642,307
"Ok lady, have it your way, it's a cake.",206,25,7,238,642,1470
Pssst! It's got your name on it!,204,29,5,238,642,3476
Surprise.  Make a wish and blow me,201,24,7,232,642,2214
I'll put a cherry on top for an extra 5$,193,29,4,226,642,107
I just took the cake...,196,23,7,226,642,2877
Somebody take these motherfucking flapjacks.,241,23,11,275,642,2410
it floppped and became homeless.  can you give it a home?,226,31,6,263,642,2566
"Alas Trudie,
""Alas, Rosie, city life hasn't stacked up the way either of us expected.",222,28,7,257,642,901
Don’t be afraid; it’s gluten free.,224,24,9,257,642,2116
"Pssst, you interested in some hot cakes?",216,29,6,251,642,545
"Are you kidding?
I can barely afford tuna-fish!",217,27,7,251,642,1389
It's half priced. One of our customers sent it back!,217,27,7,251,642,1426
"Pick a cake, any cake.",213,35,3,251,642,1563
Psst...tryna buy some carbs?,213,35,3,251,642,3093
I won Master Chef with this secret recipe.  It's yours for $20.,210,30,5,245,642,129
"Don’t look so shocked, I used only organic ingredients.",212,26,7,245,642,1255
"Psst.  Lo-cal, no-tel",213,24,8,245,642,1580
Say  one of the  boys   sent it-careful  lighting  the   candle--he'll understand,197,34,2,233,642,271
Follow me down this alley for a good time.,240,27,9,276,642,3407
They don’t call it “Bisquick” for nothing,233,30,7,270,642,1585
The owner's kid suggested we add 'Sunkissed Pancakes' to the brunch menu. I hate Millennials.,192,22,7,221,642,48
"Hey Lady, off Broadway Crapes, full stack, $5.",190,26,5,221,642,173
Oops. Your mother thought that today was your birthday.,220,23,9,252,642,3171
"Psst, Lady. Got dessert?",209,34,3,246,642,45
Psst! Devil's food cake here.,213,26,7,246,642,967
"The pancakes are free, but the cocaine will cost you.",213,26,7,246,642,1324
Want to cakewalk with me?,212,28,6,246,642,2007
"Don't judge, lady. Selling pancakes in an alley beats suckin dick in one.",210,21,9,240,642,182
"For a little extra, I can whip up some creme fraiche.",238,33,6,277,642,1740
Pancakes - the most addictive drug I’m selling.,202,26,6,234,642,1544
Want to join in the cakewalk?,203,24,7,234,642,1872
These are made with tariff free ingredients.,200,30,4,234,642,3485
"Psst! Hey! Keto dieter, I got some high quality pancakes here.",236,26,9,271,642,1727
"Yeah, but is it gluten free?",228,31,6,265,642,1270
But are they paleo?,229,29,7,265,642,2698
A scalper during the off-season.,223,30,6,259,642,1643
"Hey, lady. Want some pancakes?",225,26,8,259,642,2737
"The IHOP underground. Relax dude, it was a promotion.",223,30,6,259,642,2812
"Hey lady, if you're  on keto you may be interested in this goose liver pate' torte.",220,25,8,253,642,480
The syrup is 100% pure.,217,31,5,253,642,854
Psst...How about a taste of  some Canadian Gold?,213,28,6,247,642,689
Pssssst!,213,28,6,247,642,1353
Psst.  Carrot cake laced with dope.  Carrots are illegal in this state.,215,24,8,247,642,2168
There is kindness left in this world after all.,234,32,6,272,642,1467
How about you and I cut out the middleman on a cut of a delicious Black Forest gateau?,204,24,7,235,642,2521
"I hear you are looking for some fat, sugar and gluten on the DL, and I got the hook-up",231,27,8,266,642,1899
"Pancakes or cake, you tell me.",226,26,8,260,642,1414
"I've got the good stuff, $10 a slice.",224,30,6,260,642,2806
Cake adoddle-do!,220,27,7,254,642,257
"Care for a sample? It’s just a triple-decker balonga sandwich, but I feel the cherry gives it that extra holiday flair.",216,24,8,248,642,168
Hey lady ..look ..just 2 bucks. If ya like this one I got more in my trunk.,244,25,10,279,642,2946
Very rare. Gluten-free and delicious.,239,24,10,273,642,277
Gluten free.  Honest; guaranteed.,211,23,8,242,642,64
Come on...take it...the first slice is for free...,209,27,6,242,642,2198
Carbs with no guilt.   Limited supply.,229,33,5,267,642,390
Pssst.  I got hotcakes.,202,30,4,236,642,1402
"Guaranteed to blow your husband away.""",207,20,9,236,642,2128
Pssst! Need a tasty last minute gift?,207,20,9,236,642,2419
Pssst ... filthy French Cheesecake?,227,26,8,261,642,135
"Please, please, please with a cherry on top, leave me the hell alone!",227,26,8,261,642,3208
Bribery won't work!,247,32,7,286,642,3056
"Lady, I'll bet you've never made a Three-tier Pavlova Cake
with Berries while living in an alley!",219,31,5,255,642,2850
"Psst....Hey, Lady...Birthday cake??",239,26,9,274,642,1278
Maple syrup for the poor?,206,24,7,237,642,1665
"It may be the way to a man’s heart, but not mine, you creep!",208,20,9,237,642,1706
"I'm cooking out of the back alley now, but the food is still mobile.",204,28,5,237,642,2848
I sell marijuana and marijuana accessories.,204,28,5,237,642,3064
Tart for a tart?,227,28,7,262,642,2295
"(Seriously, this cartoon needs no caption.  It doesnt need the obvious caption of “Hotcakes?""",226,30,6,262,642,2699
"I may not have a geat perosnality, but I can bake.",217,37,2,256,642,256
"Heeeyyyyy, baby. I got what'cha need right here.",234,27,8,269,642,982
Never go into a back alley...unless there is cake.,234,27,8,269,642,1980
You're not going to find 100% pure Vermont maple syrup like this anywhere else,235,25,9,269,642,1981
A nosh will hold you over- the line at Carnegie is rediculous!,209,31,4,244,642,1006
"Don't worry, ma'am, I believe it's vegan.",247,36,5,288,642,1802
"The President labled the first round as “insipid, effeminate, and weak;” would you give this batch a taste, please?",229,26,8,263,642,548
"Yo, no-carb carbs. Check it out.",230,24,9,263,642,2785
Hi honey,222,29,6,257,642,2270
"Psst, hey lady want some Schedule I pancakes?",216,30,5,251,642,425
"Dejected supporters, forced into disguise peddle their MAGA hats from back alleys.",237,23,10,270,642,2860
"Sorry,I'm past the happy birthday stage of life.",229,28,7,264,642,1308
"Happy birthday toooo me, happy birthday toooo me....",229,28,7,264,642,2421
"Psst, lady, let me rock your world.",228,30,6,264,642,3155
I’ll give you a special price on ecstasy this morning.,206,28,5,239,642,687
the chocolate Mafia tried...but Madeline resisted,230,15,13,258,642,1759
"Thanks, but could I get it to go.",219,37,2,258,642,1783
In this Alley it's a Barter Economy.,224,27,7,258,642,2867
I just came from weight watches !!,186,22,6,214,642,3328
"Hey, lady, interested in a hot French dessert?",202,25,6,233,642,3194
Resist your temptations!,197,24,6,227,642,662
You call that making dinner?,196,26,5,227,642,1092
I bet you call it Serendipity,213,27,6,246,642,664
"I've had quite enough of your half-bakes creations, Oskar.",228,32,5,265,642,121
This is much better than Costco's lobster on a cracker.,228,32,5,265,642,308
"Extra gluten, just the way you like it.",228,32,5,265,642,396
Fake Free Samples.,232,24,9,265,642,1001
You got syrup in that bag?,207,28,5,240,642,2019
Pssst! Lookin' to buy a rum cake that actually tastes good?,222,33,4,259,642,18
"Trust me, it's genuine.",224,29,6,259,642,1572
It’s a sidewalk-side bakery,243,26,9,278,642,21
‘Someone left perfectly good pancakes out here. Want some?’,220,26,7,253,642,502
"Primo gluten, today, miss?",219,28,6,253,642,723
$15 bucks or fuhgeddaboudit lady. De Blasio says only one layer next week.,221,24,8,253,642,1055
Full-fat cheesecake?,220,26,7,253,642,1131
"Flour, eggs, sugar, and a dash of dark money.",218,30,5,253,642,1435
"Hey Hotcakes......oh, yeah, now I hear it.",235,31,6,272,642,9
Black Market Pancakes.,236,29,7,272,642,1181
"I say take the cake, leave the canoli's",231,28,7,266,642,1021
"Thanks, no . . . I'm cutting back on carbs.",215,25,7,247,642,2375
Please help another Wall-Street-guy-turned-chef who has to pay for his cocaine dealer's spot,213,29,5,247,642,3036
"Whatever you do, do not step on the cracks""",231,28,7,266,642,3359
Cherry Tart for the nice lady?,241,32,6,279,642,2452
Try it. You'll like it.,209,26,6,241,642,2139
"Agent Petrov, once you read the syrup message detailing your next consignment, be sure to destroy all evidence.... How? They're pancakes. Eat them... Celiacs?! Don't worry they're gluten free... Yes I'm sure... No, I don't know what the chef Putin.",251,36,5,292,642,2309
"No-for the 876th time, I don't want pancakes for breakfast!",219,30,5,254,642,1921
"Pssst, hey Ma'am:  I guarantee it's completely non fattening and illegal.",220,28,6,254,642,2257
"Hey baby, cherry for your thoughts?""",221,26,7,254,642,3366
You won't find a cronut cheaper than this. It just fell off the back of a truck this morning.,201,31,3,235,642,891
Is that a cherry bomb?,204,25,6,235,642,2277
"Pssst, Lady!  It's a genuine Betty Crocker!",230,32,5,267,642,1940
Sorry lady this hack-saw cake is for the President.,235,22,10,267,642,2657
Deez jacks will make quite a flap.,216,25,7,248,642,146
This is New York. The perfect place to start a cheesecake black market.,214,29,5,248,642,387
Psst! You lookin' for brunch? I got bar seats for $30--wait in the alley for my signal.,217,23,8,248,642,1305
Great. Now even window shopping makes me feel bad about myself.,213,31,4,248,642,3228
"No thanks, I'm a vegan.",199,24,6,229,642,1895
Psssst. Pancakes with gluten only fifty bucks.,200,22,7,229,642,2172
"Yeah, they're totally free. Sugar-free, gluten-free, fat-free, please take them now!",198,26,5,229,642,2718
"Psss, lady, wanna buy a fruitcake?",207,32,3,242,642,839
"No, thank you. I just snorted a bunch of coke.",211,24,7,242,642,937
I'm only the dishwasher but I made this for our special day.,212,22,8,242,642,2038
Psst!  Want to buy some legal marijuana cake?,235,35,4,274,642,2354
I'm flipping out.,225,20,10,255,642,581
Pop’s Pop-Up Bakery cakes for any occasion including Gender Reveal,220,30,5,255,642,1125
"Psst. It’s Gluten free, but it will cost you.",223,24,8,255,642,1991
"Hey doll, how about a not so short stack?",207,21,8,236,642,722
"I know what you’re thinking...it’s not according to you're diet, but it is vegan",202,31,3,236,642,1208
One stack to go!,203,29,4,236,642,2688
Psst... want some cake?,235,24,9,268,642,237
A vote for me is a vote for equality or whatever.,218,23,8,249,642,2461
This is just in case you forgot dessert...,243,32,6,281,642,187
THERE'S A FILE IN THIS IF YOUR HUBBIE'S IN PRISON-------,212,24,7,243,642,488
Psst...This way M'am! To Alberts Back Alley Birthday Parties!,212,24,7,243,642,1221
Jonesing? I can hook you up.,221,30,5,256,642,1579
Wanna buy some hot cakes......real cheap?,222,28,6,256,642,1691
Psst...totally made with gluten...,194,25,5,224,642,2443
"If I'd known you weren't staying, I wouldn't have baked you a cake.",233,30,6,269,642,3018
Please call me Richard. “Mr. Alley Cake Rapist” was my father.,211,15,11,237,642,1293
Psst! Ya want some cake don’t ya?,216,29,5,250,642,973
I come from H...'s  Kitchen and I KNOW Your addiction.,218,25,7,250,642,1090
"Alley cake, alley cake, oo la, lee, la lee la lee. Alley cake alley cake, oo la, lee la lee la lee. Alley cake, alley cake, oo la, lee, la lee la lee. Alley cake! Alley cake!",193,16,9,218,642,1683
"It's new and improved, with 90% less rat droppings.",233,19,11,263,642,2442
"A short stack is free, but any more will cost ya.",230,25,8,263,642,2546
Get your CBD cakes here for 1/2 price lady.,227,31,5,263,642,3319
Wait 'till you see where I found the syrup.,204,18,9,231,642,1334
"Hey lady, want to try some carbs smothered in butter and syrup?",211,28,5,244,642,1680
"Psst, want some gluten love?",216,18,10,244,642,2685
"The pancakes are a cover, they call me The Butcher.""",193,29,3,225,642,1400
"Hot cakes, good price.",207,25,6,238,642,780
"Dearie, how'd y'like a lit'l back alley calorie boost?",206,27,5,238,642,1511
"If you're transgender, I will not sell you this cake!",219,25,7,251,642,551
The Phantom baker of New York strikes again!,219,25,7,251,642,1584
Care to connect? I’m stacked.,215,33,3,251,642,1808
It's nice to see the homeless being so proactive these days.,222,19,10,251,642,2892
"Psst, you looking for pancakes?  I got powdered sugar if you're looking for a real rush.",199,30,3,232,642,5
The neighborhood doesn't seem to be responding . . . Is there something wrong with name Just Deserts?,214,24,7,245,642,439
Psst... gluten free ... gluten free...,214,24,7,245,642,601
It's a pick-up cake!,226,24,8,258,642,1103
Would you like to try our trash to table pancakes? They're 100% trash with 0% gluten.,227,22,9,258,642,2504
"As a consolation for the fear and distress caused by Brexit, we're handing out pancakes.",182,29,2,213,642,205
"It's fondant, and it's a knockoff.",196,25,5,226,642,2061
There's not enough birthdays to keep a cake addict happy.,209,23,7,239,642,499
"yep, tariffs are hitting home",218,29,5,252,642,1326
"Hey miss, want a non-gluten, non-vegan cake?",218,29,5,252,642,1407
"No, we're the Alley of Pancakes.",219,27,6,252,642,3429
C'mon. They have real maple syrup.,229,31,5,265,642,2016
The Good King Wenceslas Bakery wants to let you eat cake.,231,27,7,265,642,2853
It’s got gluten,223,32,4,259,642,1144
These are drug free & I’m definitely not a serial killer.,201,17,9,227,642,236
It’s Back Alley Flapjacks’ latest creation: our  Hootin Tootin Gluten Stack!,212,19,9,240,642,118
#literalsweetcakes,221,25,7,253,642,2359
"Hey, little girl--would you like a sweet?",219,29,5,253,642,2970
I heard you were interested in pancake trafficking...,243,29,7,279,642,960
"Try one, they're gluten-free.",243,29,7,279,642,2185
Psst. Want a stack of whole-wheat pancakes with real maple syrup? Only 1500 calories!,227,26,7,260,642,1169
"So, it’s come to this? Off-the-books strawberry shortcake?",215,26,6,247,642,2152
"Hey, you trying to get on a baking show?",246,25,9,280,642,1703
The white paneled van was repossessed...,219,31,4,254,642,151
"Wave hi to the nice lady, Jake.",221,27,6,254,642,2563
Guaranteed high potency pesticide free pure gluten,211,23,7,241,642,1035
Pssst...wanna buy a sandwich with real California Romaine?,211,23,7,241,642,1490
"It's genuine Black Forest, lady. Only two bucks.",210,25,6,241,642,2339
What’s the matter with you Saul? Ever since you took that cooking class you have been schlepping that stack of latkes all over the place.,209,27,5,241,642,2771
I'll pay you fifty dollars to take this off my hands......,229,24,8,261,642,587
I made you a bobka you can’t refuse.,228,26,7,261,642,3252
"I put my heart into this--go ahead, eat it.",227,28,6,261,642,3411
"Hey, sweetheart. You kitchen or mine?",217,24,7,248,642,1547
These were left on the truck for the White House Party. I’ll give you a great deal.,216,26,6,248,642,1595
...about our retirement savings.,206,22,7,235,642,3176
"Hey lady, get 'em while you can, they're selling like 'hotcakes!",204,26,5,235,642,3375
Psst... you Edith?,223,25,7,255,642,1539
Could I offer you a plate of Lyin Ted’s Creepy Crepes?,224,23,8,255,642,1961
We're doing our best to be PC. Have you tried our flapjills yet?,221,29,5,255,642,3272
Pssst.....wanna see something really stacked?,212,23,7,242,642,180
"Hey little lady, want to see my,er, flapjacks?",212,23,7,242,642,855
We all have needs. Now follow me into the alley.,212,23,7,242,642,2816
Care to share a Trump lie-pie? Someone ordered two by mistake.,200,23,6,229,642,326
Psst! Surprise.,228,28,6,262,642,1088
"Pssst. Leftovers from last night. No box, take it and run!",230,24,8,262,642,1302
Carb-dealers lurking before the New Year’s-slump.,249,23,10,282,642,2865
"I'll sell you these ""hot"" cakes, but I ain't going back inside for syrup.",224,25,7,256,642,3390
"Street meat, vegan Edition",209,31,3,243,642,2549
"Flap Jacks, half price! Get them while they are hot!",211,27,5,243,642,2889
Psst - pancakes?  cake?  triple cheeseburger?  Find out for yourself!  Ten dollars.,213,23,7,243,642,2930
Psst! You want a Palestinian latke?,201,23,6,230,642,1432
"Hello Stranger, in an effort to bridge our National Divide, can I offer you some pancakes? I don’t know, it just feels like the right thing to do.",192,17,8,217,642,2627
I finally finished Gravity's Rainbow and wanted to celebrate!,219,24,7,250,642,3484
Psst. do you wanna get carbed up!,224,27,6,257,642,718
They’re CBD infused,224,27,6,257,642,2255
If you are going to butter me up start with my pancakes.,210,31,3,244,642,2466
Wanna see me fart on this cake?,205,17,9,231,642,1318
"New Startup:  ""The Blind Alley of Pancakes.""",246,33,5,284,642,1794
"Weasel cake, lady?",209,22,7,238,642,1197
"PSSST!!... Three layer strawberry cream cheese cake...
Comes with cert. that says it only has 25 calorie...",207,26,5,238,642,1571
"Psst, lady. Michael wants you to give this special cake to Fredo.",254,30,7,291,642,458
"Lady, I tried it! lt won't fit!",199,18,8,225,642,3264
Enter me as Wanda in the baking contest.,243,28,7,278,642,1823
I had a message from your waistline.,215,23,7,245,642,329
There's nothing like surprise pancakes.,213,27,5,245,642,999
Hey you... want some pot pancakes?,201,27,4,232,642,713
Would you like to try some anchovy pancakes?,206,17,9,232,642,1883
Try some pop-up pancakes?,220,26,6,252,642,362
It's a gourmet cheese cake to keep them away. Have you noticed that even pay-off for the rats is more expensive in this city?,218,30,4,252,642,2821
Will you swipe right now?,224,31,4,259,642,1726
Free leftovers?,225,29,5,259,642,1829
Everyone uses brownies...,230,19,10,259,642,2067
You probably wouldn't like it.,214,27,5,246,642,1292
Hey fine lady... want something fresh?,214,27,5,246,642,1610
Just take them. I can't eat more than 4 pancakes with gluten a day.,233,26,7,266,642,2594
"If you don’t like these, I have more on the back of my truck.",203,25,5,233,642,805
Psst: The first taste is glutin free.,201,29,3,233,642,2315
". Help me out here. That’s either pancakes, a cake or a hat. Do I eat it or wear it?",222,24,7,253,642,1705
Please take these flapjacks. My dog won't eat them without syrup.,219,30,4,253,642,2964
"Pssst, you want some smackjacks?",227,27,6,260,642,1452
Pop up sale now - get 'em while they're hot!,226,29,5,260,642,2989
I ordered a gram not a Graham,235,24,8,267,642,1207
Shh! There's gluten in them..,214,29,4,247,642,181
Need a flapjack fix?  First stacks always free.,216,25,6,247,642,1097
Do want to do something crazy and have breakfast for dinner?,215,27,5,247,642,1922
This ain’t no knockoff Bisquick.,214,29,4,247,642,2637
"Psst, lady.  No one stacks up to my crepes.  Try one.  First one's free.",214,29,4,247,642,2969
"Your husband called, there's 15 minutes left in the 4th quarter, so he bought you endless pancakes special",257,30,7,294,642,1654
is he cake calling me?,207,19,8,234,642,1284
They aren’t getting any younger either.,206,21,7,234,642,1500
Oh you're back. Pancakes?,225,33,3,261,642,605
"Hey if you like pancakes, then wait until you see what else I've got in this alley",227,29,5,261,642,701
"No Way! Those ""hot ""cakes are cold.",229,25,7,261,642,2584
"Ey yo, wanna get some pure gluten?",228,27,6,261,642,3069
"On your budget, I could only get Tinkerbell inside.",212,22,7,241,642,3197
"Get that out of my sight! You know I'm on a strict low-pleasure, high-guilt diet!",233,30,5,268,642,1482
"Psst.  Hot, hot cakes.  No, really.  Hot!",233,30,5,268,642,2854
"Hey Lady, you know you want some carbs packed full of gluten?",217,25,6,248,642,688
"Hey Lady, you wanna buy a Mario Batali carrot and hazelnut cake?",217,25,6,248,642,1072
International House of Spy Cakes,200,22,6,228,642,2091
"Crocker here, you Betty ?  For the icing on my cake?",223,26,6,255,642,608
Keep moving! I’m allowed to eat my pancakes in an alley. It’s my privilege and my right.,222,28,5,255,642,746
Dessert?,222,28,5,255,642,1120
Syrup sold seperately,224,24,7,255,642,1438
"Hey, young lady, want some pancakes with a cherry on top?",226,20,9,255,642,2918
Gentrification is out of control.,222,28,5,255,642,3282
I am your sweet back-door man,205,25,5,235,642,1360
Either you buy this pastry right now or the dumpster rats will enjoy the best dessert of their lives.,229,27,6,262,642,123
"Knockoff Katz""s You cant tell the difference.",226,33,3,262,642,149
"5 minutes later
“Hey Siri....Remind me to use other sidewalk tomorrow morning!”",228,29,5,262,642,1081
"Psst... Interested in buying greasy gluten chocolate pancakes, with cow number 487023 butter and hen number 2838927 eggs?",229,27,6,262,642,1528
"Huh, well if that’s not the most ominous stack of pancakes I’ve ever seen.",230,25,7,262,642,3035
'I fixed the pancake machine at the Holiday Inn Express!',211,26,5,242,642,2005
I told you it needed whipped cream.,236,26,7,269,642,3356
It's a dime stack. No protein cuts.,216,29,4,249,642,523
"Yeah...it's gluten free, nice and pure.  I just did a stack.",220,21,8,249,642,1023
You should see the oven.,208,21,7,236,642,288
"Gluten-free, Lactose-free, No-Sugars-Added!
What's not to like?",204,29,3,236,642,556
"Pssst...they’re gluten free, swear.",207,23,6,236,642,2789
Our focus groups say these will sell like hotcakes. Want to get in on the ground  floor?  First one's free.,210,30,3,243,642,858
"Don’t worry, they’re gluten free.",235,30,5,270,642,1093
"I know, everybody expects a naked Arnold Schwarzenagger""",236,28,6,270,642,1217
I just don't see how it could be made with real carrots at that price.,213,24,6,243,642,2505
I see you here twice every week and I love you so please have these pancakes.,221,21,8,250,642,1911
Let them eat cake.,246,34,4,284,642,942
Hey Lady. Wanna taste my cake?,223,30,4,257,642,56
"Looks good, but I had a stack of pancakes with a cherry on top for breakfast",225,26,6,257,642,1084
"Yes. I. Will. Follow. You, Dark Lord",225,26,6,257,642,1967
"Because Bob the bakers voice sounded like Luther Vandros his sales pitches were often misunderstood...""Hey sweetcakes"".",228,20,9,257,642,2696
Psst...you want some banned cakes?,257,25,9,291,642,1010
This could be your breakfast tomorrow.,230,29,5,264,642,375
"Do you get sticky, lady?",230,29,5,264,642,1822
Loose pancakes...,231,27,6,264,642,3068
Chocolate cake cheap.,236,30,5,271,642,233
Do you want a box for this?,237,28,6,271,642,1036
Guess who made it.,216,20,8,244,642,2332
"It's not perfect, but then again, neither am I.   I'm sorry....._",223,19,9,251,642,686
It's a food stand.,225,28,5,258,642,1487
Want a See No Evil Cake?,227,24,7,258,642,2533
Psst...How's it goin? Hot cakes?,200,28,3,231,642,1137
"You can't be here, Ma'am.  This is the employee's lounge.",229,33,3,265,642,1313
It's not gluten-free. I'm not sure how to market this.,210,21,7,238,642,2094
Would you like a slice of orange kiss me cake?,207,27,4,238,642,2281
"Lady, youse want a fruitcake? It's da last one in Queens.",216,22,7,245,642,1282
You’re being followed by agent Keto Atkins step in here a minute.,214,26,5,245,642,2432
The Great New York Alley Baking Show is auditioning new judges. Paul Hollywood is in a diabetic coma.,215,24,6,245,642,3198
"Hey, sweetcake! By which I mean, would you like to buy one?",223,21,8,252,642,1048
Meeting as Deep Throat made me feel dirty.,190,24,4,218,642,963
Could you please sit on my cake?,196,25,4,225,642,636
Pretty please.,232,29,5,266,642,789
"Outsider artist explains to his Agent that he wants MOMA to pay him $46,00 for his sculpture of ' Six Pancake Birthday Cake.'",235,23,8,266,642,3186
Again with the cake news. You should be ashamed of yourself.,239,28,6,273,642,1367
Psst. . . Bundt hole?,240,26,7,273,642,3316
"Cronuts, shmonuts, Once you try my dino-nut, you’ll be hooked!",210,23,6,239,642,2721
"I'm on the new Great Wiseguy's Baking Show, can I offer you some of my tiramisu?",214,28,4,246,642,379
Legislation is being floated so that women will no longer have to resort to back-alley cake offerings.,215,26,5,246,642,1545
"It's an eat-it-as-you go ""Non-stop shopper's December special""!",224,21,8,253,642,124
"TAKE IT, I MADE IT MYSELF.",221,27,5,253,642,2907
"CanI interest you in some hot cakes, miss?",228,13,12,253,642,3153
Remember you never saw me and do not bbb   tell Weight Watchers.,226,30,4,260,642,507
"It’s gluten free, vegan and wasn’t made with nuts or bolts!",236,23,8,267,642,342
Think fast!,198,23,5,226,642,2423
"Hey lady, want some cake?",241,26,7,274,642,970
"Oh sweetness, you are perfectly stacked!",242,24,8,274,642,1279
Can I interest you in a little triple-layer-cake in the alley?,204,24,5,233,642,1126
My special recipe contains a truth serum for your husband.,211,23,6,240,642,1999
Pssst...no marijuana cookies here but I got some killer gluten filled Christmas pudding.,213,19,8,240,642,2126
Dumpster Delight?,212,21,7,240,642,2165
"Sure it's a little lived in, but the price is right.",216,26,5,247,642,532
Can I interest you in a little something from my basement?,216,26,5,247,642,1433
"Wanna score some ""Betty Crocker Off Her Rocker""?",214,30,3,247,642,1675
"Pssst, this is a very exclusive club.",223,25,6,254,642,1720
Bitcoin dollar pancakes. Secrete is in the hash,223,25,6,254,642,1852
Free sample? The cat licked it.,229,26,6,261,642,2081
"I knew you were coming so I baked a cake, sounds like a good song title.",226,32,3,261,642,3072
How could you forget this on your list?,233,31,4,268,642,2113
Pssst. Wanna buy some pancakes?,242,26,7,275,642,1866
I used to supply our allies.,204,26,4,234,642,2333
What do you hold me for - a foodie?,203,28,3,234,642,3158
"How about a kiss for a cake, Cookie?",211,25,5,241,642,410
"Honey, want some hot cakes?",209,29,3,241,642,2626
Psssst!  Clandestine Chocolate Cake?,218,24,6,248,642,72
"Psst...Hey...wanna buy some Cake? 
First slice is free.",217,26,5,248,642,1122
Spare a silver dollar?,217,26,5,248,642,1588
These babies are barely legal.,222,29,4,255,642,533
Your server forgot to tell you about the lemony whipped cream filling.,223,27,5,255,642,1223
"My father always said, “ You can take the pancakes out of the alley but you can’t take the alley out of the pancakes.”",231,24,7,262,642,115
"just a ""special"" from your corner bakery",230,26,6,262,642,490
Psst! This was leftover from breakfast. Wanna make a quick deal?,234,31,4,269,642,616
I ‘ve got only one left for you,235,29,5,269,642,2910
"Hello, would you like to visit my pancake parlor?",254,30,6,290,642,950
"Psst! Want to buy a low-fat, reduced-calorie, no-sugar-added chocolate mousse cheesecake?",202,19,7,228,642,1409
Of course the sugar is pure cane. You wanna cut into the bag and taste it from the tip of a knife?,212,25,5,242,642,671
Sustenance?,217,15,10,242,642,1850
Pssst!  Hey.  You need plastic straws?,213,23,6,242,642,2933
I baked it for my wife.  She died while it was in the oven.  Care for a piece?,218,26,5,249,642,249
I know it's politically incorrect but I always wanted to see you stacked.,223,16,10,249,642,2385
Diana Prince caught on camera finding sketchy alternative energy source,225,25,6,256,642,1164
He's sleepwalking again.,232,24,7,263,642,717
"No we don't carry candles, but you can buy some three alleys over from here.",228,32,3,263,642,3397
"Psst - hey I got blueberry pancakes for 20 bucks.  Yeah, their gluten-free!",239,23,8,270,642,155
Greg traded jackhammers for flapjacks.,238,25,7,270,642,2734
IHOP nothing happens to me,246,35,3,284,642,169
"Hey, you noticed the cherry, right.",199,27,3,229,642,729
"OOOOO girl you looking hot.....cakes""",209,20,7,236,642,2164
These are leftover Black Fridays hotcakes. Almost free.,215,21,7,243,642,1340
Carbohydrates are today's vices,213,25,5,243,642,2034
Do you like gluten?,217,30,3,250,642,311
"High-fiber, low-calorie and gluten-free!",220,24,6,250,642,2076
Word on the street--these buckwheats are naturally gluten-free.,224,29,4,257,642,846
"It's 5$ for a silver dollar, $10 for a short stack, and $25 for a grand slam.",229,32,3,264,642,1428
Stack the halls . . .,199,16,8,223,642,3312
"You can have your cake, but don’t be like the others, and eat it too.",204,19,7,230,642,2394
"Hey, you wanna buy a crushed top hat with a cherry on top?",207,26,4,237,642,214
I hear that kids these days think street vendors are hip.,208,24,5,237,642,968
"Hey, lady.  Want some sweet stuff?",209,22,6,237,642,1653
I can let you have these at cost...Barbra Streisand is feeling better after the mid-terms.,219,28,4,251,642,2509
"Hey Lady, have I got a treat for you!",234,24,7,265,642,2412
Psst. You in the market for some hot pancakes?,205,19,7,231,642,675
I hop so you don’t have to.,210,22,6,238,642,1130
"Hey Lady; now that Dunkin Donuts changed their name to  just Dunkin, would you like a bucket of donuts?""",216,23,6,245,642,1162
Psssst. Got some hot pancakes at a good price.,209,24,5,238,642,1212
"No I'm not going to tell you what I laced it with. That's for me to know and for you, if your adventurous, to find out.",235,24,7,266,642,1564
I think this is what they call synergy.,233,28,5,266,642,2681
Wanna start your morning off right?,224,20,8,252,642,3501
Only the first hit was free.,227,29,4,260,642,927
"Psst.  I got your hotcakes right here.  They're hot, and there's more in the back of the food truck if you need 'em.",227,29,4,260,642,3422
Mennonite Easter bonnet with a cherry on top.  How can you refuse?,223,24,6,253,642,1145
"Hey, it's the #metoo era. We bake now.",216,25,5,246,642,142
"Three for 79 cents, we beat Burger King.",217,23,6,246,642,381
Grandma's cake.  Live again!,214,29,3,246,642,1296
Give me your money! And you can try my pancakes.,218,21,7,246,642,1494
It's the latest thing–a surprise pancake reveal.,217,23,6,246,642,2467
"Freshly baked, man.",215,27,4,246,642,2682
"Yum, black market desserts... Are they selling like hot cakes?",208,28,3,239,642,1113
Copycat IHOP killer,242,27,6,275,642,16
Pssssst Lady .... stack of cakes?,245,21,9,275,642,2796
"No bites with the free candy, so I'm trying this now.",232,21,8,261,642,2727
"I was anxious to hear from you the whole day, and that's it!?",225,22,7,254,642,1205
Alleycakes Mamm?,221,30,3,254,642,2077
Welcome to IMOB.,225,22,7,254,642,3384
Did that come out of a certified safe kitchen approved by the Health Dept?,218,23,6,247,642,498
Psssst... gotta' good deal on some pumpkin spice pancakes.,210,26,4,240,642,1026
They banned carbs.,209,28,3,240,642,3089
Does that come with Wisconsin or Vermont maple syrup?,195,30,1,226,642,1875
I gots yer hot cakes right here!,229,29,4,262,642,400
You holding?,225,24,6,255,642,3139
What you don’t eat can be a yoga mat for your cat.,218,25,5,248,642,346
Take you to the Casbah lady?,218,25,5,248,642,2146
"This looks like a sticky situation.”
-Caroline Wesch, Mobile, Ala",219,23,6,248,642,2952
"Hey, Lady... got any Aunt Jemima?",218,25,5,248,642,3047
"If you think cake decorating is difficult, you should try cake delivery!",211,26,4,241,642,3103
"Hey, lady, want to try our 3-pounder?",200,22,5,227,642,670
"Psst!  Try some, it'll knock your socks off.  Uh, never mind.",201,20,6,227,642,2664
Breakfast for dinner?,192,25,3,220,642,1135
Dessert ANYONE!,230,29,4,263,642,542
You're stacked baby....,226,24,6,256,642,206
"Hey, still got some vintage muffin tops here.",229,18,9,256,642,755
"No, I swear they're hot, but their not hot!",225,26,5,256,642,1160
Lowest prices on gluten.,220,36,0,256,642,2462
I’ll take it to go.,219,25,5,249,642,864
Psst! Cake hat?,219,25,5,249,642,1718
Rich but low energy?,213,24,5,242,642,1769
Cake for a kiss.,212,26,4,242,642,3027
"The price is a bargain.  I used to work for Whole Foods, now I work for Walmart.",214,22,6,242,642,3300
Happy Pancake Day!,239,26,6,271,642,34
Flapjacks to go?,230,31,3,264,642,2592
"Excuse me mam, can I interest you in some sugar? It’s the newest street craze.",232,27,5,264,642,2738
Psst. Need a little taste of gluten-free?,233,25,6,264,642,3237
"Antipasti: Piccolo Pavement Bites
Primi: Ally Ratatouille 
Secondi: Dumpster-fire Grilled Pigeon
Dolce: Rohypnol Infused Tiramisu",213,26,4,243,642,1777
"You can't lure me into your alley with that thing. See, I don't eat gluten.",206,27,3,236,642,296
"This is not 1789, give bread!",208,23,5,236,642,1746
Piece of cake. Go for a ride?,207,25,4,236,642,1795
"The big cherry on top is just a tad too much, isn’t it?",208,23,5,236,642,3487
How much for the bag?,243,20,9,272,642,1348
"I like the content of pop-up ads, I just don't trust the source.",196,21,5,222,642,1189
Hot off my grill and half-price,233,27,5,265,642,2422
"Flapjacks...nutsacks...hey lady, nice rack...",231,18,9,258,642,1320
First one’s free at the Creepy Alley Baking Show,228,24,6,258,642,2666
want to buy some black-market gluten?,224,19,8,251,642,1543
Have any spare syrup ?,222,23,6,251,642,1997
Authentic pumpkin cheesecake--half price!,215,24,5,244,642,553
"It looks like a cake, but it's a cherry bomb.",212,30,2,244,642,2181
Come on back and I’ll show you all the other sweetcakes I’ve got,214,26,4,244,642,3145
Apparently you can have your cake and eat it too .,247,27,6,280,642,2880
The secret ingredient is crime,208,25,4,237,642,1677
Hi.  I have Uber Alley for Betsy.,209,23,5,237,642,2730
The free Cheesecake Factory slice you ordered through DoorDash ma’am.,208,25,4,237,642,3096
I won the Great British Make-Off-With-The-Spoils.,203,22,5,230,642,761
Looks like they're dancing the cakewalk,235,25,6,266,642,1314
"You surely didn't expect to find this gluten based delicacy in the white market in Williamsburg, did you?",227,28,4,259,642,736
"What's up, babycakes?",226,30,3,259,642,1982
"Hey lady, here's a stealth birthday cake for all your stealth good deeds.",229,24,6,259,642,1987
This syrup should be illegal.,222,25,5,252,642,12
I got the good kind of powder.,223,23,6,252,642,2114
I used to be a butcher.,215,26,4,245,642,3391
Come si dice: mangiare un po 'di torta Anna Mae.,237,23,7,267,642,1294
"The Cake Con
""You don't know me. You didn't see me here.""",234,29,4,267,642,1590
It's Keto.,237,23,7,267,642,2979
"Pssst. I got pancakes, hotcakes, all kinda sweetcakes. Come relax with mad stacks of flapjacks. Come sip up the syrup that makes you dip, flip and trip up. It’s no matter if you all about that batter. I got it all, so tell me what you need baby doll?",229,26,5,260,642,1522
For a limited time only—a pop up mugging.,223,25,5,253,642,1576
Good morning and welcome to The Pancake Handler.,251,23,8,282,642,1801
Looks scrumptious. Too bad I'm a diabetic.,217,24,5,246,642,1347
If you follow me down this passageway I'll give you a bite of this and share the recipe.  And maybe have a look inside your shopping bag.,216,26,4,246,642,1813
I realize  that an Occam's razor analysis would say don't eat this...,211,23,5,239,642,2031
Thank you for not sneezing.,233,20,8,261,642,1749
The most beautiful piece of chocolate cake that you've ever seen,205,22,5,232,642,2090
"It’s called  the Jimmy Hoffa, I found it in the back alley under a cement block",231,24,6,261,642,2268
Extra gluten!,234,18,9,261,642,2945
Free Sweets,223,27,4,254,642,3294
Me fork you long time,222,16,9,247,642,2577
Next week try theater tickets,193,20,5,218,642,2728
I just wanna serve somebody!,236,29,4,269,642,2154
"Excuse me, Ma'am. I have a delivery to make; the peasants are revolting again.",238,25,6,269,642,2453
House Husband greets his working wife with her birthday cake...p.s. then tells her the kids are fine.,237,27,5,269,642,2540
Pancakes.,213,21,6,240,642,1399
"Psst! Three layers: Death by Chocolate, Carrot Cake, and Lemon Pudding Cake, heavy on CBD.",216,15,9,240,642,1404
What about second breakfast?,211,25,4,240,642,2518
Psst… hotcakes… get your hotcakes here.,211,25,4,240,642,3236
Psssst! Stack ‘em ... high?,231,26,5,262,642,1073
"It's good, I didn't make it.",206,22,5,233,642,450
"Psst!  These pancakes fell of the truck, interested?",204,26,3,233,642,3012
"Yet, another street performer.",227,21,7,255,642,1364
Did you think walking with groceries in this weather a piece of cake?,222,18,8,248,642,1626
I'm gonna make you a Whopper you can't refuse.,208,20,6,234,642,1984
"Every morning, I pass here and you're still trying to sell cakes for $10,000. You can't sell cakes for $10,000.""   - ""If I could only sell, one.",228,21,7,256,642,264
"Even though it fell off a truck, it's in cherry condition!",223,31,2,256,642,842
"Hey babe, this sugar high will rock your world!",227,23,6,256,642,3238
"Psst! Forks, $299.",200,23,4,227,642,754
Wanna cake?,221,22,6,249,642,1115
Hubba-hubba,221,22,6,249,642,2660
Where’s the beef?,221,22,6,249,642,2988
"Pssst!  Half price today on cheesecake, and I deliver anywhere in the city. I'm losing money on every sale, but eventually I'll make it up in volume.",222,20,7,249,642,3119
"I bake a cake for your sake.
Being nice is my vice.",235,22,7,264,642,3
"""I can't.  I'm virtue signaling today.",217,17,8,242,642,2579
I left room for cream.,227,25,5,257,642,1185
"Psst! It's organic, non-allergenic, and gluten-free. Just add CBD oil,  and it will be pain free.",226,27,4,257,642,3130
Can you tell me if these alleyway pancakes are safe to eat? I am blind.,210,18,7,235,642,2719
Oh Lord... trans-fats...,188,21,4,213,642,1806
I love the smell of palm oil  in the morning.,220,26,4,250,642,807
Yo!  Lady . . . Boss wants me to make you an offer you can’t refuse!,236,22,7,265,642,338
"I’m gay, wanna buy a cake?",217,19,7,243,642,2373
"It's actually called a ""welder's lunch"", get it ?",250,22,8,280,642,1053
And the cherry is on top of everything I have ever done to you.,230,21,7,258,642,762
Can we share it?,228,25,5,258,642,3233
My first vegan cake.,212,16,8,236,642,2525
"Sweet looking cake, but it's not my birthday.",210,20,6,236,642,3073
"So I came out back to spit in these...let's keep it between you and me, OK?",220,28,3,251,642,435
Psst!  Wanna buy a chocolate cake?,222,24,5,251,642,543
*pishhh* Got any syrup?,223,22,6,251,642,2975
I’m pretty sure what’s in that.  Didn’t you hawk dime bags 20 years ago in that same alley?,200,27,2,229,642,2733
"OMG, what have you done?",237,22,7,266,642,1337
C'mon... It's not the new year yet,234,28,4,266,642,2029
Uhh is there an explosive inside of that?,234,28,4,266,642,3270
"Yankees aren’t playing anymore, gotta entertain myself somehow.",216,23,5,244,642,2058
"Hey lady, the 90s called.  They'd like their shoes back.",219,17,8,244,642,2628
We sell the potcakes out of the back of the store.,211,20,6,237,642,1786
It sells better than Bourbon Chicken.,236,26,5,267,642,178
"How about a nice triple-decker club sandwich for the modern woman on the go!""",204,21,5,230,642,1493
"Hey lady, I got what will fill the hole in your soul, right here: Only $10.",216,25,4,245,642,539
"Lady, believe me, you don’t wanna go home without it...",219,19,7,245,642,629
psst - Would you like to try a little cake?,217,23,5,245,642,1220
Psst! Wanna buy some pancakes full of gluten and sugar?,217,23,5,245,642,1397
Want a  d’tort?,219,19,7,245,642,2795
"You didn’t need to run out, Johnny’s snake had some eggs.",231,23,6,260,642,1429
We need tariffs so everyone will go to the American House of Pancakes instead.,200,16,7,223,642,449
"Hey, Lady. One bite, and you’ll forget all about the carbs...So.... you just slip me the cash, and I’ll slip you the drugs... uh, I mean the pancakes.",198,20,5,223,642,1229
Psst! You stepped on a crack. You should call your mother right away.,211,22,5,238,642,1684
Don't be afraid of a back-alley portion.,210,24,4,238,642,1979
"You'll love this hemp cake.  Its good for your Keto,Dukan,Vegan or Flexitarian diet.  It",224,24,5,253,642,3148
You bring home the bacon... and that takes the cake.,205,21,5,231,642,866
"I thought you said you made fat stacks, that’s a short snack.",216,27,3,246,642,1385
I found an old jar of maraschino cherries in back of the fridge and just couldn't help myself.,218,23,5,246,642,1596
"This you can have for a date, Gorgeous",231,25,5,261,642,1349
"Won't you eat my sleazy pancakes?""",230,27,4,261,642,1873
DoorDash Plus: We deliver wherever the heck you happen to be hungry.,229,29,3,261,642,2565
"Say there, interested in slightly used campaign promises? How about with a cherry on top?",212,22,5,239,642,955
"Psst, hey lady!  Wanna buy a cake?",236,30,3,269,642,526
Psst. Lady you want some.  In Kentucky you can't sell anything that tilts left.,239,24,6,269,642,2662
"Do you have a younger, prettier sister?",240,22,7,269,642,3009
Your torte is ready.,225,26,4,255,642,74
This commercial expansion is brought to you without any government subsidies.,212,24,4,240,642,1761
Pervert. Next time I will call the cops on you.,225,26,4,255,642,1840
"The Cake Man says ""Congrats your divorce is final!""",239,26,5,270,642,2489
You ordered it. You pay for it! You no right to change your mind.,227,22,6,255,642,2961
Is there a CBD breakfast menu?,208,19,6,233,642,1666
"It’s a sidewalk cake sale, the last one with a cherry",190,27,1,218,642,391
"D” rating, honey. “D” for “delish”",228,22,6,256,642,633
Not gluten free.....,226,26,4,256,642,1252
I won't have use my knife if you could spare me a fork.,227,24,5,256,642,3258
"I have burgers, too.  Looks and tastes just like IHOP.",214,22,5,241,642,965
Got the cream?,213,24,4,241,642,1448
"More ""stuff"" than you can cram into a brownie!",200,22,4,226,642,2653
Good deal on a cake full of gluten,234,25,5,264,642,2095
Come and show me what that mouth do.,237,19,8,264,642,2367
The cocaine is the icing on the cake.,221,23,5,249,642,1730
"It's Tort Cake, wearing the suit of your choice...",231,18,8,257,642,286
Pop-up plate of pancakes. Made ’em myself.,227,26,4,257,642,2524
Syrup? Syrup? Got that pure Canadian maple syrup.,214,24,4,242,642,977
"Look, no egg, peanut,soy, wheat or dairy and no damn taste. You wan'it?",215,22,5,242,642,2070
What! No fork?,214,24,4,242,642,3222
"Are You ready for a Wham Bam, Thank You Mam?",236,23,6,265,642,3394
"Careful, they're full of gluten",210,19,6,235,642,847
Psssstachio lady?,208,23,4,235,642,1044
Ps ps,206,27,2,235,642,1183
I've got a lovely bunch of pancakes...….,231,20,7,258,642,317
Cruelty-filled pancake ma'am?,227,28,3,258,642,1393
Even our eggnog is hundred percent vegan.,229,24,5,258,642,1405
"A rat taught me how to make it, but it’s really good.",217,20,6,243,642,911
Pssst... You look'n for bootleg pancakes?,217,20,6,243,642,1942
A little treat for te working mom.,223,23,5,251,642,2018
"Psst...want to buy a Trump cake?  It’s light, but filling and guaranteed to make your tastebuds great again”...",208,25,3,236,642,2248
Psst!  How about some pancakes?,229,26,4,259,642,1098
Pssst. They're gluten-free.,231,22,6,259,642,1668
Psst!  How about a sandwich with real meat.,198,17,6,221,642,1316
Invest in my tower and I give you special sweet.,254,19,9,282,642,1501
Can you make that with chocolate chips and whipped cream?,218,20,6,244,642,1762
New pick up line? You'll*have to do better than that.,219,18,7,244,642,2203
You know I don’t like cherries.,236,27,4,267,642,93
Those sure look mighty addictive.,202,24,3,229,642,1617
Cake or Death?,202,24,3,229,642,2100
"May I interest you in a cherry on the top of your day, Ma’am?",229,28,3,260,642,2310
It's critically acclaimed.,217,24,4,245,642,2802
Psst. I've got stacks!,217,24,4,245,642,2884
Food had completely overtaken women as eye candy,237,27,4,268,642,2597
Pssst! Care for cake from a stranger?,245,26,5,276,642,2447
Will sell pancakes for food,225,23,5,253,642,2710
"Hey lady, gimme all the syrup you got on you, pronto!",224,25,4,253,642,2775
No short stacks here lady,230,28,3,261,642,2371
Don't pass this up. It's hot.,211,23,4,238,642,52
But what's that white stuff on top?,214,17,7,238,642,2618
Alleyway pancakes! Squeeze as many as you can fit in!,238,27,4,269,642,623
"Sweets, for the sweet, Duckie?",224,27,3,254,642,691
Dumpster fire pancakes? A multitude of smoky flavors!,224,27,3,254,642,1969
I'm Jack- how about some flaps?,221,33,0,254,642,3477
"And there's enough for Adam, too.",234,22,6,262,642,778
Give me your money or I'll shove these pancakes down your mouth.,237,16,9,262,642,1016
'It's about time Tiffany.',261,26,6,293,642,2515
Is it autumnal?,222,18,7,247,642,101
"Psst, can I interest you in a little black market black pudding?",219,24,4,247,642,813
Hey lady. I can give you a great price on a cake.,219,24,4,247,642,1865
Only $10 for 500 grams of the best pancakes you'll ever eat.,219,24,4,247,642,1898
"Hot cakes, honey, want some?",245,30,3,278,642,112
"Psst! ....ok ok .I just got out of prison, but I assure you, this time the chocolate cake is guilt-free.",246,28,4,278,642,1303
"This is for your forthcoming wedding, unless you are gay!",201,17,6,224,642,2704
"Selling baked goods on Drury Lane is a dangerous biz, miss.",227,23,5,255,642,1489
She got flap-jacked in the bright daylight,227,23,5,255,642,1966
I ordered a short stack.,234,24,5,263,642,479
"You can have your cake and shopping, too!",185,21,3,209,642,1242
"Hey! Hey! Psst, I'm talking' to you! I this is my newest addition, Trippy Layering Choco",243,21,7,271,642,3409
Wanna walnetto?,222,20,6,248,642,85
"Buds, doses? Carbs?",218,28,2,248,642,147
The best people told me to tell you to eat it.,221,22,5,248,642,1245
"Un bon patisserie, madame!  Ya want, lady?",222,20,6,248,642,2678
"Merry Christmas, lady.",227,25,4,256,642,2522
This was a Carmen Miranda bonnet!,230,19,7,256,642,2997
"For twenty years of walking past our butcher shop and never once shopping here, me and the boys are giving you a genuine beefcake.",201,19,5,225,642,624
"If the product looks good, take a seat at a table and I'll make the drop.",198,25,2,225,642,2941
"10, 9, 8.....",236,22,6,264,642,575
"Promise me you're not an undercover extended family member, and I'll give you twenty for the homemade goods.",211,14,8,233,642,828
"I used to support gentrification, but those pastry boutiques sure do get weirder by the day.",209,18,6,233,642,1184
"Frankly, I'm flummoxed. Buttercream frosting or powdered sugar?",208,20,5,233,642,1652
Psst..hey Lady interest you in a Toke Torte?,243,23,6,272,642,156
Sugary pancakes; nickel stack,248,28,4,280,642,2534
"Made with LOVE!""",221,24,4,249,642,1378
Psst. Made from mom's secret recipe.,222,22,5,249,642,2043
Hey lady!  You look like you need a Black Forest cake fix.  Only $10 an ounce.,219,28,2,249,642,2186
Pssst....I got the cakes.,221,24,4,249,642,2593
"I know you can walk, talk, and blow out this candle",221,24,4,249,642,3142
Not everyone can pull off this look.,203,17,6,226,642,1254
"Free Gluten-free Pancak- Oh okay, have a good day anyways.",236,24,5,265,642,515
Hot pastrami here!,238,20,7,265,642,1812
Until now there’s been no complaints,193,24,2,219,642,3043
Not sure if this is a bomb or a stack of pancakes. Care to take a bite?,210,20,5,235,642,1744
29 again?!,219,17,7,243,642,758
Psst. You tried my gluten-free ganache yet?,223,24,4,251,642,475
Are you Syruppy Sally?,231,23,5,259,642,749
We've got more edibles in the back,230,25,4,259,642,2415
I'll take it if you can include the dirty apron with the deal.,230,25,4,259,642,2513
Psst ! It's free real estate.,233,19,7,259,642,2663
"We're Custom Cupcakes. You know, the ones with way too much frosting.",233,19,7,259,642,3493
>Help Wanted<,237,26,4,267,642,1831
Johnny Gluten,203,21,4,228,642,1771
It's the latest design for a smart home device. You can talk to your pancakes and no one will be the wiser.,210,22,4,236,642,1638
"Plus I've got six bucks and change on my nightstand, and I got HBO, whataya say ?",211,20,5,236,642,2441
"I'm scamming you, lady. Just take a sniff.",212,18,6,236,642,3071
Hey. Buckwheat. Cheap.,216,25,3,244,642,1821
Gluten free?,221,30,1,252,642,62
Only a months worth then you'll have to come back and bring a scrip.,225,22,5,252,642,653
"psst, hey kid wanna buy some pancakes?",223,26,3,252,642,1453
Mam we are only national but I think you will enjoy our pancakes.,225,22,5,252,642,2384
Do you have a recommendation for a five-cry movie to go with it?,233,21,6,260,642,2551
"We’re a weight watchers free zone!
Hand over the cash!",241,20,7,268,642,2045
"Oh wow, a Twinkie cake.  Haven't seen one in years.",236,30,2,268,642,3065
A little money in the cake for my child's birthday?,247,23,6,276,642,1247
Hey. Wanna buy a hot pastrami?,203,23,3,229,642,3189
No need to rub it in Giuseppe,211,22,4,237,642,1321
"lady, it must be this cake. Visitor day is tomorrow.",218,23,4,245,642,1332
This guy just doesn't give up,224,26,3,253,642,1792
"Hey lady, you want some pancakes?",224,26,3,253,642,2161
I can't see store bought.,227,20,6,253,642,2189
Will you be mine?,227,20,6,253,642,2937
"I understand that Baked Alaska is only a tiny part in the huge expansion of desserts.""",226,22,5,253,642,3326
I started my own thing after they pulled the IHOb stunt.,214,18,6,238,642,2307
"Psst, this fruitcake is killer",211,24,3,238,642,2573
Holiday Edibles?,218,25,3,246,642,184
"Listen lady, the shades are not for sale.",217,27,2,246,642,481
I got da goods.,221,19,6,246,642,522
Psst!  Hot tamales.,220,21,5,246,642,1193
Psst! Quick! Here's yer fancy homemade dish for da potluck. Is that the groceries fer tomorra's spaghetti platter?,229,18,7,254,642,1618
"Don't be afraid, just try it with the olive.",222,19,6,247,642,818
Hey Lady were stacked-you can be too!,221,21,5,247,642,2352
I ordered a hot dog !!!!,221,21,5,247,642,3040
It's  the oteK diet!    Make  America taf again.,224,30,1,255,642,851
Somehow it's hard for me to believe you ordered these,236,21,6,263,642,3088
"Hey girl, want some of this sweet gluten?",217,16,7,240,642,373
"Psst, over here",246,18,8,272,642,1287
These are for Gisele - the day before a big show she’ll give Tom the slip and do some serious carbo-loading.,212,26,2,240,642,2393
IHOP Endless Pancakes” sounds pretty safe to me..,209,17,6,232,642,2817
This cake is so good it’s robbery.,214,22,4,240,642,3183
Happy Birthday...Baby...,209,17,6,232,642,3428
"What do you think, lady?  Moscato or Chenin Blanc?",242,26,4,272,642,3456
"Oh come on, give me a break, not a cake.",242,28,3,273,642,2780
Pledge me your firstborn and you will win the great British baking show.,237,23,5,265,642,2237
Help me out here.  Do you see any dogs?,223,21,5,249,642,1248
"Hey babee, you vant cakee?",208,21,4,233,642,693
Cake-in-a-mugger.,208,21,4,233,642,1049
"No, no, I meant hot thermally.",206,25,2,233,642,1918
"Hey, Lay-dee. Have I got a Deal for You.",210,17,6,233,642,3467
Stacked,202,18,5,225,642,1161
"Lady, you haven't lived until you've had syrup made from liquefied bald eagles.",244,26,4,274,642,2174
"Hey there, I've got some sweet stuff if you're looking for a sugar high.",240,19,7,266,642,1257
I thought you would like the cherry on top.,230,24,4,258,642,850
The cap and the apron are half price.,230,24,4,258,642,1562
"""What?  No syrup, no butter, no bacon?  I won't be hopping into your place anytime soon.""",223,23,4,250,642,44
We call this the Breakin' Bad with the Heisenberg Blue frosting.,222,25,3,250,642,2480
I gotchya blueberry pancakes. 3 for $4.00.,214,26,2,242,642,2349
"I'm  not homeless and not hungry, and besides I'm a Vegan so thanks anyway!",209,21,4,234,642,1819
I have chocolate chip flavored back here too.,202,20,4,226,642,2160
You've made pancakes? For dinner?,246,24,5,275,642,467
"Psst. Sufganiyot is an anagram of ""you fasting"".",223,25,3,251,642,588
"Ok, I’m sorry already!  I killed Harold like you asked... and besides, I baked you a cake.",217,22,4,243,642,598
"Psst , Lady. Hot cake? ... Angel food, 100%.",211,19,5,235,642,183
Boutique restaurant acclaim is intimacy over square footage and menu focus over food meanderings.,204,18,5,227,642,2756
"Psssst, lady,  wanna buy some nice waffles?",233,22,5,260,642,961
"Ok wise guy, where is your gun?",233,22,5,260,642,1859
"Hi,
This is from our one person small business restaurant!",231,26,3,260,642,1894
Psst. Home-cooked meal. Just like Mama's!,234,20,6,260,642,2754
"$500 bargain deal! Gluten free, dairy free, nut free, meat free, soy free, and egg free. 100% all natural, organic chemical magic. Cake AND death!",226,21,5,252,642,476
"Stay calm, this is just another sticky bun stick up.",228,17,7,252,642,1091
"Honey, I got stacks on stacks on stacks.",224,25,3,252,642,1461
"Psst.. pancakes half price, hot of the griddle, so how about it lady? I was just got let go, and this is all I got as my severance.",219,20,5,244,642,508
The brick and mortar weren’t organic enough,217,24,3,244,642,1158
These memes look more real every day!,248,24,5,277,642,2401
'If I'd known you were coming' might have just sounded like one more failed initiative.,228,19,6,253,642,711
That's it. I'm moving to Mexico.,228,19,6,253,642,2327
Birthday cake for one?,215,15,7,237,642,497
"Hey lady, wanna buy a pancake? They're hot!",211,23,3,237,642,922
"Psst, can interest you in “cheap” hot cakes.",210,25,2,237,642,3156
Half stacks are fifty.,248,26,4,278,642,1615
I heard you love brunch.,241,25,4,270,642,2967
"Lady, whaddya mean, you don't want it? I told ya, it's inspired by a Raymond Carver story...",234,24,4,262,642,1964
This is the cherry on top of having to work out of a dark alley.,231,30,1,262,642,2477
Someone said it was supposed to rain today.,237,18,7,262,642,2944
Psst! It’s gluten free!,218,26,2,246,642,1259
Sweets fir the sweet. No questions asked.,248,28,3,279,642,3500
"You know the old saying?
I didn't know IHOP delivers now!",212,23,3,238,642,306
"Hey Lady, I’m selling this day old Bouchon cake cheap, and as a bonus I’ve sprinkled it with some nose candy!",207,18,5,230,642,1058
"Oh hi, I'm celebrating my birthday in the back, would you like a slice of cake?",237,20,6,263,642,2261
L.A.W.O.P: Local Alleyway of Pancakes,231,17,7,255,642,2846
Care for an organized cream pie?,220,24,3,247,642,1250
Is this the International Bodega of Pancakes?,222,20,5,247,642,1468
Pancakes again?,221,22,4,247,642,2372
"Pssst, yo! Mommi . . . Got maple syrup? . . . I'll take ketchup, too?",212,25,2,239,642,2080
"My mother always said, ""don't accept candy from stranger,"" but his pan cakes..


Talieah Ram, HI, Oahu",214,21,4,239,642,2163
Don't even think about touching my pancakes,214,21,4,239,642,2556
Hot cross buns.,243,25,4,272,642,3227
"Smile, Sweet Cakes!",237,22,5,264,642,786
Park Avenue deluxe: three hot Krispy Krèmes de la Krème.,206,22,3,231,642,2542
Don't accept sweets from strangers. Don't be lured into alleys by their offering.,223,20,5,248,642,849
It better be low calorie and gluten-free or else!,242,29,2,273,642,1973
"Persimmon pancakes, Lady?",214,23,3,240,642,1168
Pssst! It's genuine 18 carat.,218,15,7,240,642,2769
"Pancakes with a side of  ""make ends meat""?",242,14,9,265,642,1455
It's from Skip The Wishes.,239,20,6,265,642,1834
"Pssst.  Need a lift? $6 for 6 hotcakes, with a berry and syrup. Even got a table out back.  Hey! Don't look me in the face!",208,20,4,232,642,172
cheery sold separately,230,23,4,257,642,2364
"Psst, have you got a light maple syrup?",202,17,5,224,642,2469
Belgian pancakes? Go back where you came from you paperless pervert.,225,18,6,249,642,3011
Welcome to the International Hutong of Pancakes.,219,15,7,241,642,430
"I be whomever you wishes me to be for the next ten minutes, but pal, if you got no fork to give me, just send me to hell and be done wit it.",216,21,4,241,642,455
Fileless Cake hmmm sounds tempting.,216,21,4,241,642,1339
"Hey lady, you wanna buy some ""hot"" hotcakes?
Jeff Manly
Toronto, On",217,19,5,241,642,1923
"Oh, this is what happens in a version  of Chicago where people use a bait known as pancakes",202,19,4,225,642,510
"I wonder if those alleycakes 
 are gluten free.",250,17,8,275,642,527
The pumpkin spice craze is officially over. Want some free pancakes?,225,20,5,250,642,2098
"We need world PEACE, but I'm hoping a PIECE will do until we get that.",226,18,6,250,642,3260
"Psssst, guilt free cake made back there in America.""",215,25,2,242,642,295
"This aint no gateway drug. That's just right wing propaganda trying to take away your fun. So how about it cuz I aint got all day, Lady.",218,19,5,242,642,2136
I have a bomb,231,25,3,259,642,1519
"It's buy one, get 50% off your next purchase.",232,23,4,259,642,2042
"Free lunch, 100% cash back.",232,23,4,259,642,2500
Recently Viewed,232,23,4,259,642,3482
"Even pancakes go better with butter."" —David Edelstein starts his new job",211,18,5,234,642,1028
flapjacks. check it out. flapjacks.,203,19,4,226,642,1210
Fiftieth birthday cake?,218,21,4,243,642,1743
"I guarantee it, only 75 calories per slice.",219,19,5,243,642,3289
"I’d sing happy birthday, but I ain’t got no freaking candles and matches anyway, and It ain’t your freakin birthday anyway, is it ? Or maybe it is ,too bad.",212,18,5,235,642,1186
"Hey lady, want a free sample?",248,25,4,277,642,358
Pancakes little girl”,229,16,7,252,642,2353
Pssst. Do you have a cherry I can have?,225,24,3,252,642,2430
Pssst! Wanna buy a cake? My momma made it.,240,26,3,269,642,1188
"If true, it's a cake.",227,22,4,253,642,218
"Say again. A bologna bomb? No, thanks.",231,14,8,253,642,884
Hungry?,225,26,2,253,642,2406
"hey,hey ya wanna cake for 5 dollars?",244,20,6,270,642,2606
"Surender ,you don't want me to bring out the wedding cake!Do you?",219,23,3,245,642,599
I haven't made one with extra gluten in a while,235,23,4,262,642,174
I knew you would like me better with this smell.,228,22,4,254,642,2864
"Why yes, I eat gluten.",220,23,3,246,642,1789
Can you wrap it..to go,220,23,3,246,642,2873
It's an eggnog life.,220,23,3,246,642,3281
Last year's ganache?,234,27,2,263,642,696
The store said you were buying like hot cakes so I felt obligated.,235,25,3,263,642,1601
Real Canadian bacon!,236,23,4,263,642,2672
"Silver dollar stack, Silver dollar stack?",231,18,6,255,642,1017
Hey wanta buy a genuine Weight Watcher cakes?  Topped with real bakery icing.,228,24,3,255,642,1109
"Pancakes from ""Guy 'n Gone"" Alley?",212,24,2,238,642,3032
No cocaine? What about cocoa?,223,19,5,247,642,2740
"Psst, you ever get wide?",247,20,6,273,642,1573
Hey lady...you CAN have your cake and eat it too!,245,24,4,273,642,2153
Hey Lady! What to earn a few bucks?,232,18,6,256,642,593
"Hey, hey kid, wanna buy some pancakes?",230,22,4,256,642,823
From my very secret recipe.,228,26,2,256,642,2386
This one had a genetic disorder.,212,26,1,239,642,2629
"A penny for your thoughts; a cake for a few minutes of your affection.""  (All the lonely people - where do they all come from?",246,24,4,274,642,2943
"Yes, this is the gluten free cake all the ladies are raving about.",232,20,5,257,642,2485
Are you trying to ruin my diet for the holidays? Can't you see that I am so depressed?,232,20,5,257,642,3048
A stacked hole-in-the-wall,215,22,3,240,642,2928
Psssss... You wanna get baked?,224,21,4,249,642,1517
Uhh hi... are you Janet? I’m Todd from the new Postmates delivery service with your order.,223,23,3,249,642,3077
I'm not going to fall for another Dwayne Hansen!,231,24,3,258,642,744
"Hey you, I got some all you can eat ALLey-cakes fresh from the stove...",215,24,2,241,642,3094
Flapjacks hired me to give pancakes a bad rep,203,16,5,224,642,1239
You can’t get salmonella from Juul pod pancakes.,230,11,9,250,642,1874
I hope you brought something to go with the only thing I can make.,209,21,3,233,642,171
It tastes awful. Perfect for a holiday party.,210,19,4,233,642,1140
"Magic cake--you, Red Riding Hood, me,Wolf...",218,20,4,242,642,2843
I am a shady-looking chef in an alley offering what looks to be baked goods.,226,21,4,251,642,753
No one can eat just one!,247,28,2,277,642,791
"Want some pancakes, beauty, even though I can’t actually see you.",214,13,7,234,642,1383
You should see the other guy...,243,21,5,269,642,2397
"Just one bite, you deserve a break from the diet.",227,21,4,252,642,1201
"Want a little cake, Grandma?  Step over here for a moment.",227,21,4,252,642,1809
Psst... a slice of cake from Eleven Madison Park for only $25.,202,22,2,226,642,204
It's  a rum cake with hints of vomit and urine.,238,16,7,261,642,2173
You ain't seen nuthin lady...,215,13,7,235,642,2786
It’s half-baked—just like my first marriage.,210,23,2,235,642,3449
Skip the dishes?,241,27,2,270,642,2640
It's got ingredients from China. Interested?,222,16,6,244,642,1835
"""A Florian Bellanger, ten dollars.""",237,20,5,262,642,1129
"Well, at least he is not in a white van.",236,22,4,262,642,2287
Hey lady--wanna buy an escape special? It's got a built in file.,213,19,4,236,642,1570
"I got the cake-sellin’ blues, I can’t sell this cake.  I got the cake-sellin’ blues, come on and buy this cake...",245,21,5,271,642,738
These p-cakes will melt in your mouth then melt your brain.,221,20,4,245,642,1538
Katherine! Great to see you...,232,15,7,254,642,1853
"Would  you  like  a  slice  of birthday

cake   that I made?",229,21,4,254,642,3345
My peace offering for being rude this morning!,237,22,4,263,642,2839
"Hash? No, transfats!",205,20,3,228,642,239
Psst! Having a bad day? Want some cake with a cherry? Cheap.,213,21,3,237,642,1094
It's high protein and gluten free.,214,19,4,237,642,2263
Have some Alexandria Ocasio-Cortez cake. It’s free for everybody. The poster you just passed shows her plan for paying for it.,220,24,2,246,642,492
Hey! Wanna buy some pancakes? No gluten... And all organic,229,23,3,255,642,890
"Psst, hey lady, wanna go to the moon, best stuff in the city",239,20,5,264,642,1356
I lost 20 pounds using Nutrisystem.,238,22,4,264,642,1464
Interested in our alley pastrami special?,198,19,3,220,642,2630
Hey Lady.  You wanna buy a hot pastrami?,206,20,3,229,642,250
Stack of hipster pancakes made in this alley...twenty bucks.,231,21,4,256,642,36
Not to worry; this is a rodent-free alley.,214,23,2,239,642,899
WMD! I got that tasty WMD cake here! This dessert’s so tasty it’s practically a war crime!,216,19,4,239,642,1697
"Madame, would you like a piece of last week's ""three layer - chocolate - madness""?",214,23,2,239,642,1721
Pancakes with a side of alley in a side alley. Welcome to the ‘Experience Economy’.,225,18,5,248,642,589
"No means no, buster. I see you out here tomorrow, you’re going to get a big serving of that cake.”",223,22,3,248,642,2304
"The order clearly read ""tancakes"", but I'm beginning to wonder if that was a typo.",226,16,6,248,642,3357
Congratulations on bailing out of your parents helicopter.,227,14,7,248,642,3470
My Father wants to marry you. Okay?,240,22,4,266,642,3257
What?,239,24,3,266,642,3308
Forget 'edibles.'  Have some sugar-high.,224,22,3,249,642,350
These pancakes are neither vegan nor gluten-free.,244,16,7,267,642,1954
This brings new meaning to customer service.,211,16,5,232,642,292
Gluten free was never this good,217,21,3,241,642,302
"Hey lady, want to buy some Canadian back bacon?",215,25,1,241,642,663
"Psst! Hot cakes, Ms.",218,19,4,241,642,1731
Psst...Hey Lady...Wanna try a slice of Khashoggi cake?,229,14,7,250,642,659
"She's right behind me, but that's not a cherry pie.",226,20,4,250,642,2858
Psst! My kids couldn't finish these.,233,23,3,259,642,672
"Hello Maggie, it is I. I have brought you some food. Would you like to try some?",234,21,4,259,642,3124
I want to do my part to support immigration.,242,22,4,268,642,964
And in the next episode...when showstopper meets shopper!,244,18,6,268,642,2847
You might also like this; complimentary from the new Whole Foods.,211,18,4,233,642,3463
"Can I interest you in my cherry ""bombed"" cake",219,19,4,242,642,1687
"Ms. Kryuchkova, you're coming with me to Hyde Park.",219,19,4,242,642,2959
'Tis the season to be jolly.  Give me a break here.,226,22,3,251,642,158
Pssst...Want some fried chicken?,228,18,5,251,642,734
Trying viral marketing campaign for Blue Velvet Cake. Wanna taste?  Better than pie.,233,25,2,260,642,525
"Lady, over here...",235,21,4,260,642,2588
"its a hot chocolate cake with unsalted organic peanuts
and undersized apple on top.",244,20,5,269,642,234
"Hey, girl, can I interest you in a piece of my LAY-er cake?",260,22,5,287,642,1327
Buckwheat,221,17,5,243,642,335
"Hey lady, how would you like a hunky beefcake for just $25?",221,17,5,243,642,1688
Can I interest you in some cake?,238,17,6,261,642,2871
"Pssst!  I don't care where you're getting your acorn pancakes from now, I can beat their price by 30%!",253,23,4,280,642,1667
"Thought bubble:  ""Baker, beggar, baker, beggar--is there even any difference now?""",237,21,4,262,642,751
Spare a side of bacon for a guy who's down on his breaky?,229,20,4,253,642,319
"No,I 'm on a diet",229,20,4,253,642,1182
Do you happen to have a ticket for the Grateful Dead  shows this weekend?,222,17,5,244,642,470
"When crossfire went in next door, I had to start selling carbs out of the alley.",196,18,3,217,642,2705
Why did I put a cherry on this fabulous peanut butter/jellyfish sandwich?  Because it was too ripe for the sardine casserole.”,240,17,6,263,642,2227
Freshly powdered with New York snow,239,19,5,263,642,2434
"Ma'am are you interested in a triple-layered ""good stuff""?",231,18,5,254,642,1950
"Psst,  pure maple syrup!
Pancakes too",228,24,2,254,642,3132
Try it — it will put a spring in your step.,222,19,4,245,642,2922
"It's my birthday, I can ply if I want to.",195,22,1,218,642,1941
"I'm tired, hungry and  fantasize a sweet calorie laden illusion, served with a cherry on top!,",246,24,3,273,642,651
"My mother used to call them Flap- Jacks, want some?",240,19,5,264,642,1101
"What? You never seen a hot sandwich, lady? Keep walkin'!",229,24,2,255,642,1267
Try again tomorrow.,232,18,5,255,642,1598
The first one is never-ending.,221,23,2,246,642,3167
Just a little teensy bomb.,248,22,4,274,642,100
we can no longer fuck these on tumblr,250,18,6,274,642,998
"hey, wanna buy some cake?",249,20,5,274,642,2085
"You've not tasted my triple-decker, have you?",249,20,5,274,642,3396
Psst - Do you want to come into my stupid cake restaurant?,240,21,4,265,642,3159
Hey lady... you shell out now for a short stack with a cherry on top or else I hit you in the head with a can of maple syrup.,235,14,7,256,642,1862
Psst!  IHOB fiasco still in play.  Get your fallout freebies.,230,24,2,256,642,2479
Finding discreet treatment for cake abuse is up my alley.,233,18,5,256,642,3062
I'm sharing pancakes before the Greenland ice sheet melts.,206,21,2,229,642,1901
Wanna buy a day-old dessert from a day-old business?” I learned the hard way that not saving for retirement means I can’t have my cake and eat it too.,208,17,4,229,642,1958
"Tough day, how about a free membership in the waffle-of-the-month club?",208,17,4,229,642,3458
"Yo, get your Uber Cheats here.",240,23,3,266,642,2232
Let's star the new year with something different for you to make.,226,17,5,248,642,3029
"Hungry, Lady?  I got corned-beef-on-rye here for a pastrami-on whole-wheat price.",215,22,2,239,642,1025
Fresh from my layer lair.,258,23,4,285,642,1483
Would you like some loiter cake?,241,23,3,267,642,2235
"Pst, do you wat toby some pot?""












""Pst,do you want to buy some pot?""",242,21,4,267,642,2820
"Ay, sugar want SOME OF THESE “pancakes”",227,17,5,249,642,775
You give me the bag and then to take the cake,227,17,5,249,642,1173
It came baked by a secret baker up north.,225,21,3,249,642,1623
I don't know if I can handle it this time.,218,18,4,240,642,2561
Don't go looking for the crumb trail.,216,22,2,240,642,2983
"lo - fat, 20 calories",235,20,4,259,642,987
Chocolate Mouse,218,20,3,241,642,2169
"When pancakes bump into each other, it's almost never pretty.",235,22,3,260,642,2156
We make these without any motor-oil and it's cardboard-free.,235,22,3,260,642,3026
"Excuse me, but is this the way to the L train?",228,19,4,251,642,33
One can wonder if this cake will be here tomorrow,236,22,3,261,642,1249
"Napoleon cake?  Very French, da?",231,15,6,252,642,1003
"Ever since they became International House of Burgers, this is the only way we can vend that dodges management.",219,22,2,243,642,1765
"Psst...this is the rudely 'tudely fresh and moody pancake special, you want a selfie with it or not?",231,17,5,253,642,3283
"Would like a piece of the lonely cake, miss?",205,16,4,225,642,2318
"Have some pancakes, go for a walk?",221,20,3,244,642,1304
"If you can figure out what it is, you can win it.",219,24,1,244,642,1816
Any chance you are holding out for a hero?,224,14,6,244,642,2481
Psst. want to buy a tort...real sugar .,238,22,3,263,642,224
'...is this the cake party?...',237,24,2,263,642,2800
Catcalling is getting ridiculous.,215,15,5,235,642,320
"Take me, I am the cake",214,17,4,235,642,418
"Only selling dozens, chick, because I've driven all this way.",215,15,5,235,642,620
A homeless person fantasy.,215,15,5,235,642,3079
Stacks for stacks.,249,19,5,273,642,568
Psst...this the one you get to eat. Only $5 and your first born.,242,16,6,264,642,179
"Excuse me miss, would you like to buy this fruit cake? I assure you, it's alley made.",241,18,5,264,642,1767
May I interest you in some chocolate?,232,19,4,255,642,1800
Thanks but my boyfriend says I gotta lose weight.,249,21,4,274,642,777
Only if it's gluten free!,224,18,4,246,642,2330
"Gordon Ramsey is shaming me!""",276,22,5,303,642,2882
"At just ten bucks, these babies will take the Blue Ribbon Prize, come next year’s cow-chip toss!",216,17,4,237,642,2909
Pssht share a cake for two?,232,21,3,256,642,1658
"Just for you, Baby, a stack with a cherry.",231,23,2,256,642,2135
Because maple syrup is too messy.,217,19,3,239,642,2827
Spare cherries?,226,20,3,249,642,1514
"Are you the inspector? It's level, I swear.",225,22,2,249,642,1775
"62nd time's the charm...
""Hey-ya Hotcakes.""",228,16,5,249,642,2306
Indiana Jones? You just missed him,245,20,4,269,642,1198
"What will you do for ME, if I give you this cake ?",230,14,6,250,642,471
"Special for you, M'am, with a cherry on top!
Come with me and enjoy it in my shop.",229,18,4,251,642,2204
Hot cakes is so eighties.,262,26,2,290,642,643
The boss made me do it.,220,19,3,242,642,752
"Who has the time, you ask, to taste an alley-lurking creepy old man's strawberry-topped pancake? You must make the time, I say.",203,17,3,223,642,3170
GIDDY UP    THIS FOODS NOT GOING TO DELIVER ITSELF,265,22,4,291,642,3368
The morning's cakewalk was a piece of cake.,221,19,3,243,642,695
I used the dough hook.,230,20,3,253,642,327
You still lookin' to dine at IHOB? Come with me...,241,17,5,263,642,2450
'This is for your pretty room-mate',224,15,5,244,642,1990
Psst! I got a tester of this new short stack I think you’ll like.,221,21,2,244,642,2810
Flap.....jacks?,241,19,4,264,642,975
Doiiiiiiiiiiiiii,243,15,6,264,642,3256
Psst. Hey Mame. Wanna buy a cake.,206,15,4,225,642,983
It's a Ihup stack. Looks and tastes just like the real thing.,211,24,0,235,642,1604
Need a your gluten fix? There more where this on came!,235,14,6,255,642,1228
You want to double your pancakes from the comfort of your own home?,214,20,2,236,642,2231
Looking for some running man apple speed? 5 bucks per pound.,222,23,1,246,642,1370
'Penny for the pie?',222,23,1,246,642,2464
"I’ve got the chocolate raspberry, just be careful with the icing.",209,13,5,227,642,3116
"""Psst, cake lady?  Show 'em you love 'em.""",218,14,5,237,642,2529
"Uh, sweets to the sweet?",236,16,5,257,642,3445
"Extremely narrow and easy to miss popup Cherry on top of cake bakery""",244,19,4,267,642,2792
There's birthday cake in the meat locker.,200,14,4,218,642,2900
IHOP 's version of  Increasing Foot Traffic Market Share,226,19,3,248,642,2744
Cake...or a date?,233,24,1,258,642,251
Pancake Sundae?,235,20,3,258,642,2852
Welcome to the club.,219,16,4,239,642,24
Psst!  Who needs a layer cake?  Step right up.  Who needs a layer cake?,218,18,3,239,642,2760
"Hey, doll, you wanna buy a Roll-eggs?",227,19,3,249,642,2381
Micro Brunch,226,21,2,249,642,3078
"Pssst, give ya a ten spot if you deliver this to Scare Face.",253,24,2,279,642,2176
Make up your mind! If it's a cake forget about the olive!,228,19,3,250,642,144
So we can’t give you the all-you-can-eat-free food-so you-never-leave-the-building cafe but we can show you pancakes all day long.,210,17,3,230,642,1779
I've been spotted.,237,20,3,260,642,2039
Would you like a slice of some fresh Costco fruitcake?,221,14,5,240,642,3284
•	Pssst.  Check it out.  Genuine Rooty Tooty Fresh ‘n Fruity.,258,18,5,281,642,3481
Stack Friday Shopping,247,21,3,271,642,3041
"Your power blinis, my super woman!",241,14,6,261,642,1804
"Yes, I am certain I did not say “Bag-and-Breakfast” in my reservation.",237,22,2,261,642,3137
Ihop Employee selling in a dark alley way,230,17,4,251,642,819
I've got Layered Mousse Cake — with Strawberry on top — here!,231,15,5,251,642,1768
I found the cherry in the alley... works right?,229,19,3,251,642,2240
"On Hat: 
Make America 
Gefilt'Again
On Apron:
Don't Carp On Me",218,22,1,241,642,1067
Cake? I don't see any cake. You're getting sleepy.,221,16,4,241,642,2249
"Honey, I burnt the dinner",242,14,6,262,642,632
"No thanks, I'm not a hundred yet.",222,16,4,242,642,2915
I guess this must be a cakewalk. I'll have my cake and eat it too.,250,19,4,273,642,1121
"Its made with 100% recycled ingredients.



Submitted by Fred Kanter
 Greenbrae, California
 fkanter@financialguide.com",233,15,5,253,642,2932
"Psst, you want some candy?",215,13,5,233,642,654
"Make me an offer for genuine, ice cold, alley pancakes.",212,19,2,233,642,3339
"Top Blind Chef :
What i have here today Chefs,is my famous ""Blueberry Maple Flapjacks"".",232,19,3,254,642,2271
Psst! Hot pancakes! Just preheat your over to 375 degrees and pop them in for two minutes.,224,16,4,244,642,1290
You're some piece 'a cake.,251,21,3,275,642,2230
"Belgium Waffles here, get your Belgium Waffles!...Waffles here, get your Belgium Waffles here!""",226,14,5,245,642,1574
"C’mon lady, this is hand crafted authentic  IHOPP.",225,16,4,245,642,1998
Does anyone wanna try a lady passing by?,252,21,3,276,642,2807
How about a bite of my inside out ma'am.,243,20,3,266,642,538
Our last delivery was mostly flour.,206,18,2,226,642,2954
We ran out of samples.,236,17,4,257,642,340
How’s your rent? There’s a saw in the cake. Break out of jail.,236,17,4,257,642,3127
Hmm. More cake news.,227,16,4,247,642,3097
"Oooh, free food!",235,21,2,258,642,1946
Road kill?,245,22,2,269,642,2242
...designer knock-off: I call it 10 gallons of syrup.,239,15,5,259,642,584
"Got your LGBTQA to Z, if you're celebrating and they're consenting..I'm the guy to see.",227,20,2,249,642,40
Only 250 calories per serving.,247,20,3,270,642,2229
Call that a Christmas Cake. It looks like something an elephant  would roll in.,238,19,3,260,642,2923
Care for a free sample?,229,18,3,250,642,2246
"Hehe I bet she's totally gonna want to date me once she gets a taste of these pancakes""",227,22,1,250,642,3457
The flapjacks are heaven. They just don't have enough seating.,230,18,3,251,642,860
"Psssst..... They're hot cakes.""
Jason Mauro
Florid",231,16,4,251,642,2832
Psssst... Hot cakes for sale?,268,22,3,293,642,1325
the block is hot like these cakes,241,17,4,262,642,2585
Chocolate cake! ...mmmmmm,241,17,4,262,642,2788
"Ah, Dorothy, I see my new hat is ready.


                                      
                             (George Optical - More than just eyeglasses.)",231,18,3,252,642,560
Strawberry shortcake! I got strawberry shortcake. Who wants strawberry shortcake?,231,18,3,252,642,3210
Special pancakes....take 'em or leave 'em....10 bucks....coffee around the corner....,222,17,3,242,642,468
"Hey Lady, it's Pancakes In An Alley Month.
Wanna stack with me?",221,19,2,242,642,1994
"Original Hermé, twenty five bucks....",211,20,1,232,642,267
Passion cake for my cherie from le sauvage,241,21,2,264,642,2374
"Hey, Good lookin' ! Are you up for a Lay -er, or two or three with a cherry on top?""",221,21,1,243,642,377
Happy Birthday to me from me.,243,19,3,265,642,279
No worries. The recipe remains a family secret.,241,23,1,265,642,993
"Five bucks gets you erotic pleasure, Chickie.",222,21,1,244,642,1454
You look straight.,244,19,3,266,642,1431
"“Happy Birthday to me ... tee hee, hee, HE, HEE .... here?”",267,15,6,288,642,2537
HO HO HO,247,15,5,267,642,2825
"Pssst, Wanna sneak a few low calorie hot cakes M'Lady ?",217,14,4,235,642,909
Hot griddle cakes?,226,17,3,246,642,631
"Me and my boys say you can eat this one, too",226,17,3,246,642,740
"Just sayn,'' oppopernockities only tune twice.",209,11,5,225,642,2269
This isn't what I meant by a stack of that good-good.,231,9,7,247,642,1384
"Hey...hey, lady! You wanna buy some cakes?",248,17,4,269,642,3206
Undercover officer - EQM4FIDMBBNAmAYnvgO6kB0AdgKbECeA9gE4DWVjZAxvQLZEcCGjBPXoV0BLhQRUUCTPkZUw9fgBNMAEQSMArlTwYEcAJYpiVKsxAAaEIxgh+HLjqmUaDFm048QAXyA,252,9,8,269,642,3439
"Ah, the city Santa in disguise!",230,13,5,248,642,2761
"It's free. Only thing you have to do is come with me into the dark alley. Do not worry,nobody will hear you scream",232,11,6,249,642,646
I'm trying a new fast food system to illiminate traffic.,220,16,3,239,642,2088
"No thanks, I'm gluten sensitive",218,20,1,239,642,3177
Nice Allbirds!,240,18,3,261,642,1344
I said a plate with strawberries for desert not a strawberry with plates !,241,16,4,261,642,1682
"Like fine wine, this torte gets better with age.",221,16,3,240,642,2872
store went out of business turns out the food was poisoned,234,15,4,253,642,227
"Hey, this way,I got what you need",242,20,2,264,642,757
You're the seventh person who hasn't taken a hotcake.,213,15,3,231,642,2535
I have the best deal in pancakes,212,17,2,231,642,2720
I saw you had no butt and was wondering if you wanted some cakes.,245,16,4,265,642,2570
Anybody need pancakes? Anybody selling pancakes?,224,16,3,243,642,194
"It's a Seamless order for some dipshit 24-year-old who spends most of her time online, telling strangers that they're evil. She's not answering the doorbell because she's probably masturbating to Tumblr gifs or whatever. Want some?",237,13,5,255,642,2424
Psst!  Fresh off the boat from Russia!,236,15,4,255,642,2693
"Hey Lady, Hurry up, I'm waiting for Justin Bieber ,I'm gonna shove this big stack of lard in his face, Now Move along unless you want a face full of lard.",216,13,4,233,642,1180
"Anniversary dinner's off made us pancakes, dear?",215,15,3,233,642,2433
Renew now and give a free gift.,237,17,3,257,642,2331
My Word!  How can you bake that in a cold alley?,228,14,4,246,642,2032
Welcome to Wake N’ Bakery; care to sample our dank Brooklyn Blackout cake?,217,15,3,235,642,887
"It's only a day old, would you like to have some.",240,13,5,258,642,637
B T K  in the early years.......,238,17,3,258,642,886
"I know you just wanted bread, but a cherry on top means I love you",228,16,3,247,642,2731
"Sand patties aren't my favorite either, but these have a cherry on top!",229,16,3,248,642,727
Nice looking cherry.,227,20,1,248,642,2329
"Mrs May, here is this *delicious* cake for you to try..."" Said the man in the shop, shuffling his feet in trepidation as the one and only ex remained",241,17,3,261,642,2335
"You're not getting a handshake, buster.",209,16,2,227,642,2197
"It’s richer than you need, but you won’t be able to resist the low maintenance.",241,19,2,262,642,405
"Angel dust,"" ""Angel food,"" what's the difference? In the end all dogs go to heave",212,12,4,228,642,2472
"Hello, is this the Piecemeal Bakery",231,18,2,251,642,2750
Hi.  I'm the super of this building and I made a super cake.  Would you like to come in for a super slice?,243,17,3,263,642,1495
My cake is my retirement security.,232,18,2,252,642,1603
"Hey, I reeeally want this to be top notch ....
Did you remember that 
Pinot I like?",255,18,3,276,642,917
It's Wacky Day.  Our window menu is even posted backwards.,233,18,2,253,642,3370
"You look great princess!  I have a piece of cake, with a cherry on top, for your favor. Da or nyet?",256,18,3,277,642,2151
It's for your sweater.,225,15,3,243,642,2390
And you are the apple of my eye.,235,18,2,255,642,2089
Don't hug me I'm scared.,224,19,1,244,642,2170
"Hey, Wanna sprite cranberry?",239,12,5,256,642,1616
We can do bake or fake.,216,14,3,233,642,248
Quadruple.  Taste.,216,14,3,233,642,3098
She must be special to him.,227,15,3,245,642,2474
"Then I said, ""Put one of those on top and light it.""  He thought I was still talking about bombs!",237,18,2,257,642,764
Fresh kidneys!,231,11,5,247,642,2752
I was chpped.,219,14,3,236,642,442
"Look at me. I said, ""Look at me!"" Sir?!",218,16,2,236,642,2428
"No Brucie, you don't have to eat it.",230,15,3,248,642,3244
"“Just fifty bucks for weed, lady.  Or a C-note for crank or carbs.”",230,17,2,249,642,3184
I saw you in the check out line just now and knew that can't live without you!,242,16,3,261,642,1531
"Not knockoffs, build-ons.",219,18,1,238,642,2639
Poop cake?,243,16,3,262,642,528
"Psst!  Hey, I got me a nice piece of meat here ... make me an offer.",244,16,3,263,642,452
How-ja do. How-ja do. How-ja do.,243,18,2,263,642,2218
Oh! So you can!,221,20,0,241,642,55
$25 for the Recipe,225,12,4,241,642,1004
Oh sweetheart your remembered my birthday!  I can’t bring home as my deadbeat husband will know,223,16,2,241,642,1606
The sandwich dealer temps the vulnerable pastrami addict...,236,15,3,254,642,1757
I thought this was the private street.,235,17,2,254,642,2321
"Psst. Hey, lady, your diet will love these low-cal pancakes.",247,18,2,267,642,1948
"Sorry, ma'm.  I heard Aunt Jemima lived around here and I wanted to surprise her with our new pancake special!",213,17,1,231,642,1559
"I know this isn't shark tank, but will you endorse these yummy pancakes?",251,16,3,270,642,2886
"First, I have 'to go'...and then I will take the food to go.",229,14,3,246,642,2439
It ain't funny.,217,15,2,234,642,1776
The gym sends me reminders for my Free Weights class.,240,17,2,259,642,1566
This is at a a discount. It seems the cherries have gone sour.,218,15,2,235,642,2030
"Who’s a good stack of seeing-eye-crepes? Yes, you are!",265,17,3,285,642,398
The maximum sentence is only ten to-butter knife.,234,8,6,248,642,880
"Hey sweet thing, want some Pancakes?",230,16,2,248,642,898
This wasn't in the job description.,228,20,0,248,642,3401
do you mind if you could quickly eat this cake? My boss is low on calories and goes crazy when he sees cake.,244,15,3,262,642,3205
I charge by kilo of syrup.,207,18,0,225,642,0
"Sorry...my cab driver was so diplomatic, I gave him a huge tip.""",246,13,4,263,642,2145
"It's not what you think, lady-this one I just scraped off the sidewalk.",233,16,2,251,642,2069
I'll g you on a sugar high.,248,15,3,266,642,2187
"I am sent to provide this birthday embellishment.  If you accept, we must have sex first.",236,16,2,254,642,316
WELCOME MAM TO OUR SUMPTUOUS DINNER,237,14,3,254,642,684
"hey lady, i'm the cake goblin. i stand in this alley and offer cake ta strangers. you wanna know where da cake is from?  fuggedaboutit!",235,18,1,254,642,1552
I know all about the old too bright to eat cake trick,200,15,1,216,642,407
"Psst, want to buy a honey-baked pet potbelly ham?",224,17,1,242,642,3061
"I have been here for 99 years, but nobody wants a free cake. It is healthy and fresh.",240,10,5,255,642,2177
“ you are a holiday grinch.   How am I supposed to carryover that !”,239,14,3,256,642,2613
"This is a sample from the unpolitically correct food movement.

PS I have a better caption for your sheep cartoon:
""I tell you I am not Little Bo Peep.""",231,7,6,244,642,739
'I promise that the calories won't kill you.,227,15,2,244,642,3076
Hot cakes ready for the taking.,229,13,3,245,642,1985
"You just go down into this alley and into sewer and eat out Donatello and he’ll give you a cake. Yes, Donatello the Teenage Ninja Turtle. He has a vagina.",232,9,5,246,642,25
"Sir, a chive-fencer sells knives not cakes! Dah!",242,14,3,259,642,1403
"Jerry Picker? Yah, arrested for his broken window theory.",241,16,2,259,642,2036
hey come in my van I got them pancakes,220,12,3,235,642,2958
"O.K.?  Oy, vey!",219,16,1,236,642,3333
I could DIG a slice....,247,12,4,263,642,1460
Pssst.  Hot pastrami!,233,15,2,250,642,1945
Aren't you stacked?,249,12,4,265,642,238
Sometimes we are ahead of the game!,225,12,3,240,642,2925
"I wanted to make You a 'Cherry Heart' topping, but I Only had one cherry.",238,13,3,254,642,931
"""How about some Tarzan pancakes?""",237,15,2,254,642,2456
It's a special friendship gift.  Not everyone likes a crab-apple on their triple-decker.,226,12,3,241,642,1234
It was not well done enough.....10 bucks?,237,17,1,255,642,1232
I'll take them all!,226,18,0,244,642,1277
"Cheat-day cake. . . cheap!” 
p.j. corcoran, medford, m",240,17,1,258,642,1791
"No, no, no!  Not meat-too!!!",232,10,4,246,642,1241
Pssst! Wanna buy a Peasant Cake?,231,14,2,247,642,1674
"Mmmm, you look and smell amazing - a perfect creation, so warm and sweet.  I can’t wait to have you.",218,15,1,234,642,2787
"Hey.... Still interested in these?""
The local bakery decided to try online advertising tactic",230,18,0,248,642,104
"Hey lady, wanna buy a",232,14,2,248,642,2001
,234,12,3,249,642,1322
...you Pennsylvania 300 boys just cannewyorker.com,245,17,1,263,642,3152
You want some free servings,223,11,3,237,642,67
Feelthy mixtures?,234,16,1,251,642,2223
"Yes madame , please test the taste...",233,18,0,251,642,3442
"I brought home the bacon, but do you want to identify as a man?",233,11,3,247,642,1639
"Psst.  Want some cake, little g...lady?",234,15,1,250,642,2103
I got that Disco Bisquick...,251,10,4,265,642,2526
My passed away grandma told me that don’t eat the food from strangers.,222,12,2,236,642,1380
"Before you leave, what is this called again?",223,10,3,236,642,2736
"Pssst. Ever wonder what the USDA isn't telling you about all its rules on how meat should be processed, stored and sold?",235,15,1,251,642,1925
Stacked alms for the poor?,235,15,1,251,642,1952
"Sorry, this sample is meant to stay for another hour.",223,12,2,237,642,2670
"Breakfast is ready !   Hey, this stuff takes time like you couldn't imagine.",213,9,3,225,642,592
"Psst, wanna get ham on rye?",240,15,1,256,642,2302
Sure hope ya did the laundry.,243,11,3,257,642,344
Are my legs pancakes or am I serving you leg?,212,15,0,227,642,2025
"Just go down this alley and into the sewer and if you eat out Donatello, he’ll give you a cake. Yes, Donatello the Teenage Mutant Ninja Turtle. He has a terrifying asshole. Well I don’t know if it’s worth it yet if I haven’t tasted the cake, do I?",243,13,2,258,642,32
What ya do now?,245,13,2,260,642,351
"Here Pussy, Pussy,,,# Me Too",232,14,1,247,642,1635
"No matter how much high fructose corn syrup I used, this leaning tower of Boston cream pie just wont stack like Pizza???",233,14,1,248,642,649
Wanna buy some greasy spoon brown real cheap?,234,16,0,250,642,1624
"Just out in time for the holidays, New York City's Meat Man statues are all over town.",239,10,3,252,642,3092
"Look.............but, from appearances..........don’t touch!",254,17,0,271,642,1237
"You just go down this alley and into the sewer and you eat out Donatello and he’ll give you a cake. Yes, Donatello the Teenage Mutant Ninja Turtle. He has a terrifying vagina.",251,6,5,262,642,27
"Psst! Earwax, two bucks a hit.",247,14,1,262,642,2338
"If you fuck my dick, I'll give you these pancakes!",229,6,4,239,642,3101
Robinson Cano's coming back to New York.,218,9,2,229,642,1758
Im given heer a sunbath to discount the calories,252,11,2,265,642,710
It’s a very special holiday fruity.,238,10,2,250,642,81
I have thyroid cancer,245,8,3,256,642,1904
Wanna buy some pencil.,237,6,3,246,642,1472
These cakes are from the pan don’t tell the police,227,11,0,238,642,951
"Ah, Dorothy. I see my new hat is ready. (Should've gone to Specsavers) (Take on UK Optician chain Advert)",209,9,0,218,642,565
