caption,unfunny,somewhat_funny,funny,count,contest,target_id
My next selection sounds just like the last one.,139,42,40,221,643,1487
This next song is pretty much the same as the last one.,124,44,33,201,643,4127
I could have been a conductor.,128,49,32,209,643,4262
This next piece is dedicated to my ex-wife.,133,57,28,218,643,1676
My next piece may sound a little bit like the last one.,146,58,32,236,643,3183
Anyone else forget to turn off their cellphone?,123,60,22,205,643,4131
They say dress for the job you want; not the job you have.,133,54,27,214,643,2940
"And now, my musical interpretation of the Trump presidency...",145,39,36,220,643,2966
That's right. I'm just that good.,113,35,26,174,643,3458
And now Gershwin’s lesser-known ‘Rhapsody in Black and Blue’,134,56,25,215,643,2555
You don't understand.  I coulda had class.  I coulda been a conductor.,124,58,21,203,643,4623
My final encore is for the gentleman asleep in Row 3.,136,50,27,213,643,5000
You may have heard your children play this next piece.,136,49,27,212,643,2783
We'll have a brief intermission while I make a pretty big career decision.,131,50,24,205,643,1057
I wasn't joking about the cell phones,120,51,20,191,643,3965
"You may laugh, but the last time I had the lid drop on my hands I couldn’t play for a month.",133,51,24,208,643,4241
"Oh, you said ""Bach's""",159,46,33,238,643,3045
And now here's something for those of you who slept through the Mozart.,126,54,20,200,643,4794
"No, that was Für Elise. Now try to name this tune...",132,53,22,207,643,3518
"Ok, that's it!  Who forgot to silence their cell phone?",149,59,25,233,643,1658
Would the guy who booed please stand up?,126,56,19,201,643,659
I always hate this part of the dream.,128,49,22,199,643,2164
This next piece was written by my cat.,139,38,29,206,643,4059
I will now play Sonata for Trump’s First Two Years.,148,40,31,219,643,951
I would like to dedicate this to my ex-wife.,134,42,26,202,643,1729
"Every night it's the same dream.  I'm onstage, seated at a piano wearing box gloves, and no pants.",139,57,22,218,643,1645
I coulda been a contata.,133,46,24,203,643,4581
"And now, I've got an old score to settle.",137,55,22,214,643,5049
Hit it!,123,57,17,197,643,4363
You may have heard this little number before...if you have a cat and a piano.,150,60,24,234,643,1792
And now the famous sonata for piano and concussion.,111,52,15,178,643,1288
"For my next selection, Gershwin's ""Rhapsody in Black and Blue""",129,46,22,197,643,940
I will now play Trump's étude in diplomacy,128,28,28,184,643,2436
My cat composed this next one.,151,43,29,223,643,3917
After a few drinks we agreed to swap jobs for the evening. I guarantee the pianist is NOT having fun.,137,39,26,202,643,25
Someone stole my tip jar last night. That’ll never happen again.,124,48,19,191,643,1427
I’ll be playing this in pugilissimo.,128,45,21,194,643,705
I composed my next piece after my divorce.,118,34,22,174,643,3398
"After a month of Christmas songs,
 I'd like to play one for Boxing Day!",147,53,23,223,643,685
Now a tribute to our current President,138,40,25,203,643,2670
This next piece is dedicated to those critics who say I lacked a deft touch and attacked the piano with a pugilistic style.,139,32,28,199,643,2362
"I call this next number, ‘Rhapsody in Black and Blue’.",137,33,27,197,643,5111
And consider that a warning. Anyone else wanna answer their phone?,153,45,27,225,643,2639
"Finally, Ravel's Bolero is going to get what it deserves.",128,36,23,187,643,847
Sit back and relax -  tonight it's nothing but the hits!,143,53,21,217,643,3877
I trust the jurors will consider degree of difficulty.,137,48,21,206,643,4419
Please hold your applause until the final bell,151,53,23,227,643,2209
I will now play a piece inspired by my visit to the White House,126,28,25,179,643,5062
"No, Franz is my elder brother...I'm Pugi Liszt.",138,40,24,202,643,339
I'm gonna need a page turner.,140,52,20,212,643,3063
To make it even more interesting my Assistant will now blindfold me.,153,56,22,231,643,2316
"Now, “Rhapsody in Black and Blue.”",132,59,15,206,643,925
I'm going to need someone to turn the pages for me.,144,54,20,218,643,5576
Please join me in the Julliard School fight song,156,49,25,230,643,5374
This last piece is from my boxed set.,131,49,18,198,643,3902
It hasn't been a smooth career transition,156,54,23,233,643,4340
"Alexa, play literally anything.",143,44,23,210,643,2647
These stay on until the tip jar is full.,142,57,18,217,643,5226
I’m just going to hit a few notes.,132,41,21,194,643,1033
"I will now play The Boxer by Simon & Garfunkel, as it's never been played before.",156,56,22,234,643,2007
And now a piece by Punchini.,138,48,20,206,643,2718
"And now, because you're drunk and not listening anyway...",158,49,25,232,643,2660
You think this was bad?  You should hear me play the violin.,156,47,25,228,643,2305
Is there nothing atonal enough that you snobs wouldn't pretend to like?,139,45,21,205,643,2260
I've suffered for my art. Now it's your turn.,155,43,26,224,643,597
"And now, my tribute to Philip Glass.",138,44,21,203,643,2695
I'd like to knock out a few tunes for you,141,38,24,203,643,5522
"This next piece is forte. Very, very forte.",148,51,21,220,643,2862
It's Shostakovich.  You won't notice the difference.,145,46,22,213,643,1165
This next one’s dedicated to my ex-wife.,139,47,20,206,643,300
"And now, time to knock out a few classics.",143,39,24,206,643,3839
"And next, a piece written by President Trump.",127,30,23,180,643,3781
"This next piece features dense chords, unusual harmonies, and a pounding rhythm.",153,49,23,225,643,3817
"And now, a request from the drunks at table three.",133,48,18,199,643,2326
"And now, Mozart's Requiem for a Heavyweight.",144,45,22,211,643,5524
"Sorry for the gloves, but some of the notes are sharp.",146,49,21,216,643,3131
"And now, here’s one that pretty much anybody can play.",148,45,23,216,643,4545
And now a little piece I wrote watching the news.,144,42,23,209,643,1249
Would the gentleman in the balcony care to repeat that remark?,141,48,20,209,643,2905
I call it Requiem for a Heavyweight,145,59,17,221,643,2846
I coulda been a composer,151,55,20,226,643,1745
You don't understand.  I could've played a cadenza.  I could've been somebody!,143,41,23,207,643,3844
"When we change to C sharp major, the gloves come off.",160,56,22,238,643,4781
I play the anthem the way he runs the country,143,30,27,200,643,203
I find the piece goes quickly if I can hit a bunch of notes at the same time.,126,34,21,181,643,1015
I dedicate this song to my father and mother who had different plans for me.,138,48,19,205,643,1417
I'll be delighted to meet with the critics after the show.,137,58,15,210,643,585
"And now, Liszt's sonata in B minor, B major, A minor, C major... All of the keys, really.",142,48,20,210,643,2452
And now Rhapsody in Black and Blue.,155,60,19,234,643,498
"And now, my latest composition:”Requiem For a Heavyweight.”",161,48,25,234,643,5248
Please turn on your cell phones.,137,47,19,203,643,1126
"The next piece is entitled, ""The Trump White House.""",142,37,24,203,643,3749
"For my next piece, the gloves are coming off.",147,46,22,215,643,5418
I dedicate this piece to the Times critic in the second row.,143,51,19,213,643,3225
Tonight I'll be performing some of my greatest hits.,142,42,22,206,643,1850
This next piece was written as a round...actually ten rounds.,126,33,21,180,643,3847
This one's going out to my ex-wife and her attorney.,150,50,21,221,643,3291
Beethoven’s going down in the 5th,152,43,24,219,643,2218
Anyone can play blindfolded.,137,40,21,198,643,429
"Cough one more time, I dare you.",125,45,16,186,643,4615
Could I have a volunteer from the audience to come scratch my nose?,145,51,19,215,643,167
And this next piece is for my ex-wife.,139,44,20,203,643,4544
"The next selection is my own composition,'Rhapsody in Black and Blue'.",150,49,21,220,643,126
I shall say this only once. Cell phones off!,135,41,20,196,643,256
Let's see how many of youse remember dis one…,154,57,19,230,643,3082
What it lacks in subtlety it gains in punch.,124,52,13,189,643,2079
I was told to expect a tough crowd.,139,57,15,211,643,1953
I'll conclude with Gershwin's Rhapsody in Black and Blue.,144,55,17,216,643,1724
"If you think this looks difficult, wait till you see me play the harp.",155,49,22,226,643,3049
I am very happy to be back here in Madison Square Garden,155,49,22,226,643,5182
"It was at that moment,Ted realized he had put his boxing gloves on instead of his tuxedo pants. Again.",145,42,22,209,643,1869
I'm done tickling them.,142,45,20,207,643,1864
This is going to hurt you more than it hurts me.,151,43,23,217,643,4002
This next piece is a bit heavy-handed.,153,55,19,227,643,5368
"For my encore, Rhapsody in Black and Blue.",148,38,24,210,643,3498
"Tonight I'll be playing Chopin's Nocturne in C#, D, D#, E, and F Minor.",155,32,28,215,643,1180
I started out tickling the ivories ... now I like to beat the crap out of them!,163,51,23,237,643,5580
And now a piece by Sugar Ray Leonard Bernstein.,138,47,18,203,643,1058
"I will now play for you Mozart's little-known ""Requiem for a Heavyweight.""",140,43,20,203,643,2830
"I will now perform ""Dance of the Sugar Ray Plum Fairy"".",147,53,18,218,643,2624
And the hits just keep coming.,144,48,19,211,643,4183
"Before  I begin I want to thank my piano teacher, Mike Tyson.",128,45,16,189,643,1812
I just play the hits.,150,52,19,221,643,2748
The ski boots are making it difficult to work the pedals.,139,39,21,199,643,1750
Could somebody scratch my nose?,142,49,18,209,643,1983
Handel with care,127,44,16,187,643,5175
I'm not so much tickling the ivory as I am pounding them into submission.,155,55,19,229,643,4077
One of my greatest hits...,154,54,19,227,643,1956
Just wait until after intermission; that’s when the gloves come off!,157,56,19,232,643,2360
I was told to be careful - some of the keys are sharp.,134,43,18,195,643,3597
"And now, my rendition of the crap these kids are listening to nowadays.",145,37,23,205,643,381
"This is Mozart's Concerto in G minor, A major, D minor and C#.",159,41,25,225,643,873
For this next fugue I am going to take the gloves off.,146,40,22,208,643,2378
"The next piece is a new work titled ""A day at the White House"".",139,43,19,201,643,3532
"Sir, would you mind not ringing that bell before every movement?",143,51,17,211,643,4906
"Ladies and Gentlemen,.. Rhapsody in Black and Blue.",152,49,20,221,643,2462
Can somebody adjust my tie?,115,40,14,169,643,853
There are no white notes; there are no black notes; there are just... notes.,136,46,17,199,643,3806
"And now, Mozart's ""A Little Fight Music""",148,46,20,214,643,217
Can ANYONE name that tune ?? Anyone ?? Anyone ??,161,36,27,224,643,4839
This is dedicated to the critics who thought my last performance lacked finesse.,156,54,19,229,643,4390
Requiem for a Heavyweight,144,35,23,202,643,3362
"Howard had gravely misunderstood what the club manager meant by ""dueling pianos.""",132,32,21,185,643,1203
I guarantee: Beethoven is going down in the 5th.,133,46,16,195,643,1376
Anyone can play with his bare hands.,135,50,15,200,643,3055
What would you have done if your teacher kept hitting your fingers?,153,43,22,218,643,4662
Who requested a fight song?,130,49,14,193,643,1899
I thought you said FIGHT of the bumblebee.,134,41,18,193,643,4848
And now for a piece my two year old son wrote,152,50,19,221,643,4150
This piece is called 'Flight of the Elephant.',154,38,24,216,643,3771
"This next piece is titled ""Ode To My Parents Who Could Not Agree On After School Activities""",137,48,16,201,643,530
"Sorry sir, but ""My Way"" means my way.",146,51,17,214,643,4038
The inspiration for my next piece comes from being bullied on my way to piano lessons.,139,49,16,204,643,3574
Can I get a page turner in here??,141,45,18,204,643,4283
I’m just gonna knock out a few tunes for you.,138,43,18,199,643,4777
"I coulda been a cadenza.""",128,31,20,179,643,2661
Any other hecklers out there?  I thought not.,153,50,19,222,643,1553
My father wanted me to box and my mother wanted me to play the piano. I call this piece The Regrettable Compromise.,149,50,18,217,643,220
I call this number “Rhapsody in Black and Blue”,135,54,13,202,643,2005
I will only be playing my hits.,157,47,21,225,643,438
Maim that tune.,149,39,22,210,643,3053
I plan to take Beethoven in the Ninth.,146,45,19,210,643,4199
"You mean it isn't ""'Fight'"" of the Bumblebee?""",142,45,18,205,643,4141
I tend to fight Bach.,139,43,18,200,643,2413
And now for a little Rockymaninoff.,147,48,18,213,643,2605
"And now, my new arrangement of 'Hail to the Chief.'",133,28,22,183,643,4121
This song is dedicated to my mother-in-law....,128,51,12,191,643,4064
"Oh, THAT kind of dueling pianos.",142,44,18,204,643,4297
"Now, for the grand finale—my blindfold, please.",157,51,19,227,643,1772
"For my next song I'll play something from the early Trump years, Covfefe, in g-minor.",142,36,21,199,643,1237
"We'll start on the count of three -- and, of course, finish on the count of ten.",155,47,20,222,643,5532
Any other stupid requests?,136,40,18,194,643,831
This next one goes out to all my critics,150,54,16,220,643,3290
It’s not like you can hear me over your phones anyhow.,143,31,23,197,643,138
It’s an experimental piece.,129,43,15,187,643,468
"Now, the Philip Glass variations on Paul Simon's ""The Boxer.""",141,40,19,200,643,4515
I coulda been a conductor.,151,49,18,218,643,524
"My next song is ""Fight of the Bumblebee.""",153,37,23,213,643,1584
"And now, Rossini's earlier and lesser-known work, The Boxer of Seville.",141,45,17,203,643,1735
"I tell ya, I coulda been somebody...
I coulda been a conductor!",139,41,18,198,643,3235
"Tonight, I will finally give this piano what it has deserved for years.",143,33,22,198,643,3919
"And now the theme from Rocky, as it was meant to be played.",151,38,22,211,643,3762
"Now for my take on Gershwin, “Rhapsody in Black and Blue”.",143,46,17,206,643,2415
The critic from the Times will not be joining us this evening.,135,33,20,188,643,5044
I can't start without my page turner!,151,51,17,219,643,5696
"And for my next piece, ""Requiem for a Heavyweight.""",150,50,17,217,643,3960
No other pianist would even attempt this.,159,45,21,225,643,1796
This is my concerto in 15 rounds.,153,57,15,225,643,2194
Subtlety and nuance are so overrated.,122,40,14,176,643,673
"My version of ""Hit Me With Your Best Shot"".",143,40,19,202,643,3668
"Ladies and Gentlemen, welcome to my first ever Pay-Per-View event...",140,46,16,202,643,5238
"If I hear one more cell phone ringing, the gloves come off!",143,32,22,197,643,5700
I've found these to be enormously helpful in performing Bartok.,142,55,13,210,643,2515
"I shall now play ""Flight of the elephant.""",149,33,23,205,643,1709
My next piece will be “Fight of the Bumblebee”,142,47,16,205,643,3959
"And now, a Chopin nocturne in C, D, E, F and very probably G.",166,41,24,231,643,3812
"And now, an ode to my ex-wife.",137,41,17,195,643,1390
I will now perform 'Rhapsody in Black & Blue',153,51,17,221,643,4146
I call this next one “An Ode to 2018.”,160,42,22,224,643,2557
Here’s the tricky part.,158,59,15,232,643,3243
"Tonight, only hits.",160,55,17,232,643,5694
Yeah. I’m that good.,154,46,19,219,643,1205
I was told my tunes weren't punchy enough.,125,41,14,180,643,5505
I can't Handel this.,163,41,23,227,643,3609
"I dedicate this next piece to the critics.""",141,43,17,201,643,657
What?  It’s FLIGHT of the Bumblebee?,134,36,18,188,643,4058
"And now, the hits.",125,33,17,175,643,3126
Now a little something from Dukes Ellington.,137,43,16,196,643,1040
"Why yes, it IS a player piano. Why do you ask?",152,47,18,217,643,5335
I get a lot of criticism for this next one.,144,42,18,204,643,1403
No need to turn off your cell phones.,144,42,18,204,643,4442
Will someone ring the bell so I can start?,145,53,14,212,643,3631
The finale is a knockout.,152,52,16,220,643,91
"Could you turn the page, please?",156,44,20,220,643,1250
Now I'd like to knock out a few requests.,136,34,19,189,643,5144
For this next one I'll need a volunteer.,154,37,22,213,643,98
"And now, The Ill-Tempered Clavier.",150,45,18,213,643,196
Next critic?,149,47,17,213,643,4388
I'm the guest pianist at the Trump Family Christmas Party.,140,36,19,195,643,3731
"You want to step up on the stage and say that, sir?",159,45,20,224,643,995
This next piece is titled Beethoven's Fifth Round.,161,41,22,224,643,1640
Alex Ross wrote last week that I played as if wearing boxing gloves.  This next piece is for Alex.,150,63,11,224,643,5149
I seem to have Baroque the piano.,160,35,24,219,643,137
"And now, 'Requiem for a Heavyweight.'",154,39,21,214,643,361
"And now, a new composition, ""Ode to Trump.""",150,47,17,214,643,2540
"This next piece is called
A Presidential Press Conference.",152,43,19,214,643,3295
"And now, the 1812 Overture as it was meant to be played.",131,38,16,185,643,820
And now for Chopin with some punch.,130,40,15,185,643,5027
My other instrument is the hammered dulcimer.,137,39,17,193,643,3542
I shall select Rhapsody in Black and Blue,139,48,14,201,643,5119
This next piece is a knockout.,131,43,14,188,643,614
"And now, the Gold’s Gym Variations",147,37,20,204,643,2340
I call this piece Beethoven's Fifth Round.,143,45,16,204,643,5151
"Go on, request Piano Man man again. I dare you.",141,41,17,199,643,1728
"And now, a Victor Borge etude  from his deconstructive period.",144,48,15,207,643,1285
And now something for the critics,152,45,18,215,643,4135
"And now, 'Toddlers Pounding on Piano', an original score by my 3-year old twins.",144,53,13,210,643,2949
I will now perform Bach's little-know Golden Gloves Variations.,132,43,14,189,643,4137
"I call it ""Fur Ali.""",145,43,17,205,643,589
The ivories have announced they no longer want to be tickled.,155,49,17,221,643,4158
"And now, Beethoven's 5th Round!",148,42,18,208,643,2280
Give me a minute while I break in this new piano.,143,44,16,203,643,4672
This one goes out to my ex wife.,136,42,15,193,643,3678
"It's a percussion instrument, dammit!",145,42,17,204,643,5430
The best Opus is a good defence.,132,42,14,188,643,1968
"This next tune is called ""Fight of the Bumblebee.""",143,56,11,210,643,3321
I think you'll find this one less subtle than my earlier works,143,48,14,205,643,62
This last movement opens with a mandatory eight count.,138,45,14,197,643,737
"Next, Gershwin's Rhapsody in Black and Blue",162,46,19,227,643,5045
This next piece is my homage to cognitive dissonance.,141,44,15,200,643,3614
Rhapsody in black and blue.,135,56,9,200,643,5029
Due to the present social environment I can no longer tickle the ivories,136,41,15,192,643,139
"I am going to play an original composition that I am sure you will love, if you know what's good for you.",131,38,15,184,643,2523
And now for George Gershwin's 'Rhapsody in Bruise.',134,32,18,184,643,2861
The next one goes something like this.,165,45,20,230,643,3463
This piece is a knockout.,143,45,15,203,643,192
I call this one 'Crippling the Ivories'.,159,44,19,222,643,1710
I will be performing the cannon solo from Tchaikovsky's 1812 Overture transcribed for piano.,138,42,15,195,643,3511
"You see, I only play in my spar time.",144,48,14,206,643,1946
"First, I like to show the piano who’s boss.",140,43,15,198,643,1275
The conductor and I have worked out our artistic differences.,148,58,11,217,643,4838
Has it been tuned?,149,43,17,209,643,855
And now. Gershwin as you've never heard him.,136,43,14,193,643,1722
"And for my next piece, I will need a new piano.",147,44,16,207,643,4337
"""This next piece will be played in rounds.""",139,47,13,199,643,3120
"If you don't like my playing, I suggest you keep your mouth shut.",147,49,14,210,643,4510
And now for some of my greatest hits.,158,45,18,221,643,14
"And now Beethoven’s sonata in C, B, Bb, A and G#.",161,39,21,221,643,1143
"And now for my sonata in C, C sharp, D, E, and F.",149,32,21,202,643,4333
Can you hear me now ?,144,42,16,202,643,4377
I am also a neurosurgeon.,153,42,18,213,643,4753
I am now going to play a piano interpretation of Donald Trump’s presidency.,155,25,25,205,643,2610
"And now, Beethoven in the 5th.",155,43,18,216,643,5278
You should see the other piano,147,46,15,208,643,5052
For my next hit...,152,54,13,219,643,3450
This next little number will knock you out.,126,39,13,178,643,1123
"And now, 'Eine Kleine Knock-out-musik'",135,39,15,189,643,3093
"I have wrestled with Tchaikovsky my entire life, but tonight I'm going to clobber him!""",148,49,14,211,643,2220
"Good evening and welcome to our first 
Mixed Musical Arts competition.",135,44,13,192,643,938
"Tonight, I go 10 rounds with Liszt",129,43,12,184,643,2186
I dedicate this next number to everyone who believed  I coulda been a contender.,129,43,12,184,643,2278
I dare you to keep your cell phone on.,137,45,13,195,643,2819
The next piece is from the Maestro's black and blue period.,139,41,15,195,643,3347
This next tune may ring a bell.,156,43,18,217,643,2431
Bach off.,156,43,18,217,643,4847
"Now, for the fight song.",141,42,15,198,643,94
So what? Beethoven was deaf.,143,38,17,198,643,719
That's it! The gloves are coming off.,151,40,18,209,643,2564
Where is my page turner?,146,50,13,209,643,5506
While I drink a glass of water.,150,47,15,212,643,1255
"After all those Christmas carols, this one is for Boxing Day",153,41,18,212,643,2398
"Mom, you and Dad are going to have to reach an agreement as to what you want me to be.",153,41,18,212,643,4360
This next song begins with a standing eight count,139,51,11,201,643,5286
I like to think that I legato like a butterfly and staccato like bee.,147,35,19,201,643,5410
And now a piece by Sugar Ray Charles...,136,39,15,190,643,1242
"And now, a little Rockymaninoff.",132,29,18,179,643,5629
LLLET'S GET READY TO CRESCENDOOOOOOO!!!!,168,34,24,226,643,3030
"""Do I hear a request for Rhapsody in Black and Blue?""",154,44,17,215,643,823
And now I shall play Beethoven's Fist.,156,40,19,215,643,5221
"Before I begin, are there any critics in the audience tonight?",139,38,16,193,643,539
"I call this next piece ""Beethoven's Fist"".",174,45,21,240,643,2274
And now I’d like to play for you some of my greatest hits.,163,49,17,229,643,1280
I dedicate this last tune to the guy snoring in row one,161,40,20,221,643,1112
You shoulda seen the other Steinway!,157,48,16,221,643,4293
"...and now Piano Concerto No. 2 in C Minor. And also in A Major, B Minor, D Minor, E Minor, F Major and G Major. Just because I can.",161,40,20,221,643,5397
My therapist told me the way to treat performance anxiety is to imagine my worst fear.,151,42,17,210,643,3662
Next I am going to play one of my smash hits,141,44,14,199,643,2466
"Float like a butterfly, sting like a B flat.",135,43,13,191,643,376
And now... a medley of big hits.,138,37,16,191,643,2037
"Inspired by a recent court order, I call this piece 
""Anger Management""",128,39,13,180,643,1498
It'll be three rounds of Bach and then the gloves come off.,155,44,17,216,643,5087
This next piece consists of twelve rounds.,137,44,13,194,643,607
This first piece will be a knockout.,177,46,21,244,643,2827
"And as promised, my finale is a real knockout.",146,49,13,208,643,4917
I love pounding the ivories.,148,45,15,208,643,5267
"And now, a flurry of left jabs in G-minor.",167,48,18,233,643,4996
And now I’d like to bang out a few of my favorite tunes.,142,39,16,197,643,1105
Can I get a volunteer to turn pages....?,142,39,16,197,643,2014
"The sound is terrible, but I get way less hecklers.",146,54,11,211,643,2951
I've been told you're a tough audience.,148,50,13,211,643,3348
"And now for the younger members of the audience, a few death metal classics.",152,42,17,211,643,4389
"And, now for something completely different.",148,55,11,214,643,634
"Great, I'm having another anxiety dream.",160,31,23,214,643,704
"Clearly, I am the Greatest.",152,47,15,214,643,4908
"'This piece knocked me out the first time I heard it.""",147,39,17,203,643,5473
I do it my way!,152,52,13,217,643,736
We're doing the 1812 .... couldn't afford the cannons,136,43,13,192,643,909
This next piece was composed by the most talented lobster I ever met.,137,41,14,192,643,2054
"And now, a few of my greatest hits.",130,37,14,181,643,5546
"Tonight, I've a score to settle with the piano.",147,49,13,209,643,3650
It's a variation I call 'The Fight of the Bumblebee.',162,42,19,223,643,807
"Believe it or not, that was a little tune I just knocked out.",161,49,16,226,643,1873
"Now is there ANYONE ELSE who thinks
they want to leave before my recital is over ???",145,40,16,201,643,2914
"For my final piece, I'd like to play for you Mozart's 'Requiem for a Heavyweight.'",157,39,19,215,643,2968
My next number may lack subtlety but it more than makes up for it in punch.,124,41,11,176,643,3584
"Tonight, I will not be 'tickling the ivories' as they say...",145,45,14,204,643,2222
"And now, mauler",127,40,12,179,643,3496
This next piece is for the critic who called me a 'lightweight.',156,56,12,224,643,183
This next piece is by my two-year-old toddler.,152,41,17,210,643,3278
"And now, a touching musical tribute to the great Muhammad Ali.",157,36,20,213,643,1300
And now for a few of my greatest hits...,157,41,18,216,643,625
This one was written by my three-year-old,157,41,18,216,643,2887
I will now play the theme from Rocky as it was meant to be played.,146,40,16,202,643,1533
"This will be easy, tying my tie was the difficult task.",145,47,13,205,643,478
"Oh, I wouldn't say that I ""tickle"" the ivories.",151,35,19,205,643,3328
I float like a butterfly and sting like a B-sharp.,138,38,15,191,643,4890
I was misled about how duelling pianos worked.,149,44,15,208,643,509
I feel like I'm fighting the music.,150,42,16,208,643,1121
"And now the Minuet in C, C sharp, D, D sharp, E, F, F sharp",153,36,19,208,643,1132
Turns out the ivories prefer to be roughed up a little.,174,50,18,242,643,3096
I'd like to dedicate this next piece to my wife of 36 years.,142,40,15,197,643,2743
And now for something a little more dissonant.,142,45,13,200,643,242
"This one's called ""Eine Kleine Knockout-musik.""",145,39,16,200,643,5133
Now I'd like to pound out some old favorites.,155,47,15,217,643,2059
You wanna come up here and say that?,159,39,19,217,643,2780
"And now, Cacophony Number 9 in E minor.",144,46,13,203,643,2372
And now a little-known piece by John Cage.,152,30,21,203,643,3832
I call it pugilissimo.,158,46,16,220,643,664
"If you’re looking for treble, you found it.",136,44,12,192,643,2727
This next exuberant piece dates to Mozart's toddler years.,151,42,16,209,643,5152
And now for some Rockymaninoff.,140,41,14,195,643,626
I like to play this one Pugilisimo,150,49,13,212,643,135
We're recording this one as a boxed set.,164,49,16,229,643,4423
You should a looked out for me Charlie.  I could a been a conductor.,145,36,17,198,643,2821
Tonight I’d like to play a medley of my hits.,142,42,14,198,643,4207
Wait...wait...for the punch line!,142,42,14,198,643,4403
I miss the days when just tickling the ivory was enough.,156,42,17,215,643,4107
Go ahead. Ask me to play Piano Man. I want you to.,145,41,15,201,643,4899
This should settle the score!,158,48,15,221,643,5012
"My first selection is ""Blunt Force Trauma, in E-Minor.""",178,41,22,241,643,3421
I've always loved dueling pianos.,152,37,18,207,643,1756
I strongly urge everyone to turn off their cell phone!,151,39,17,207,643,5231
This tune should ring a bell.,139,35,16,190,643,479
"And finally, the theme from Rocky.",154,38,18,210,643,1039
And now J.S. Bach's – The Ill-Tempered Clavier,138,42,13,193,643,564
Piano Concerto by Pugilini,166,47,17,230,643,5129
Oh!  You meant BACH'S music?,147,34,18,199,643,1287
"This next piece is called Sonata in C, D, E, F, G, and B Flat Minor.",133,34,15,182,643,2874
I'm just going to punch it up a bit.,142,49,11,202,643,2418
"Well, fine, I don't think you're a very good audience.",148,37,17,202,643,4415
"And now, as promised, a knockout performance",161,44,17,222,643,2683
Welcome to an evening of mixed martial arts and music.,160,46,16,222,643,4040
"For my next number, I’ll need a volunteer from the audience....",144,50,11,205,643,2073
Now for my knockout finale.,149,40,16,205,643,4886
"And now, for a rather punchy tune . . .",135,40,13,188,643,5241
And now... a medley of my favorite hits,165,46,17,228,643,1325
I wish to prove wrong the critic who said I played as if I were wearing boxing gloves,160,56,12,228,643,2219
And now for something with a bit of a punch.,134,47,10,191,643,567
"Hey, don't laugh. It's a lot easier than Chief of Staff.",153,42,16,211,643,3644
"'I'd like to dedicate this next number to my ex-wife.""",142,36,16,194,643,4130
"This next tune was written by Mike Tyson, who, I'm told, plays by ear.",181,57,16,254,643,1861
And now for a punchy tune!,156,46,15,217,643,4621
I float like a butterfly and sting like B flat.,146,38,16,200,643,484
And to conclude tonight's program of heavyweight composers...,140,50,10,200,643,542
Could someone please straighten my tie?,145,40,15,200,643,2336
"And now, “Flight of the butterfly, by Muhammad Ali.",146,38,16,200,643,5244
"My record against Bartok is 10 wins, 2 losses, and one audience walkout.",162,44,17,223,643,1336
It's hard to follow a banjo-playing elephant,145,45,13,203,643,3383
"This next one's not subtle, but it's powerful.",158,57,11,226,643,2113
Anyone want to critique my performance now,152,46,14,212,643,3332
This piece is called Requiem for the Presidency.,144,34,17,195,643,3234
This is a punchy little number.,157,51,13,221,643,2223
One more comment like that and these gloves are coming off.,147,43,14,204,643,2580
I'm sorry. All I know are fight songs.,146,45,13,204,643,3695
From my boxed set of recordings.,149,39,16,204,643,4950
"And now, 'How I Feel About The Little Drummer Boy.'",168,44,18,230,643,111
And now for another piece composed by Donald J Trump,170,40,20,230,643,3103
I will now demonstrate how to knock out a tune.,136,32,16,184,643,4666
This one is for you mother,158,31,21,210,643,2291
"This next piece is called ""Fight of the Bumblebee.""",157,33,20,210,643,2697
"Well, on the plus side, it’s only a MINUTE Waltz.",152,43,15,210,643,3948
"I’ve finished writing the verses, but I still need the right hook.",157,38,18,213,643,3984
See if you can name this one!,153,51,12,216,643,1141
Trust me. It’s all in the wrist.,142,40,14,196,643,249
You'll find this next piece has a little extra punch.,129,38,12,179,643,1221
I'm done tickling the ivories.,152,45,14,211,643,4522
"Let's have a clean fugue, and no hitting below middle C.",158,38,18,214,643,1801
I'm done with tickling the ivories.,156,47,14,217,643,1739
I will now play our new national anthem.,145,31,18,194,643,59
I’m a professional. Please don’t try this at home.,141,39,14,194,643,297
Could I ask someone to retrieve the mouthguard from the soundboard?,142,42,13,197,643,4330
"And now, for something a little less intricate.",148,40,15,203,643,2623
The insurance on my hands hasn’t been processed yet.,149,38,16,203,643,4436
Tickling isn't what these ivories like.,149,43,14,206,643,1107
This next piece was written by Victor Borge.,149,48,12,209,643,2711
"Now, a brief interlude while I make a momentous career choice.",154,43,15,212,643,1079
"First, I thought I'd knock out a few show tunes.",156,49,13,218,643,770
I'm prepared to defend tonight's choice of music.,165,41,18,224,643,526
This piece comes from the West Wing of the White House.,166,39,19,224,643,1408
"Everyone else tickles the ivories""",137,44,11,192,643,5132
I could've been a contender if it weren't for those damn piano lessons.,138,47,10,195,643,1264
"I will now play a combo of Mozart Concertos in A minor, D minor, and G major.",170,41,19,230,643,3325
Excuse me while I knock out a few songs.,144,40,14,198,643,4898
I only play the hits,148,37,16,201,643,2828
This won't be pretty.,147,39,15,201,643,4712
I haven't practiced this piece much.  I figured I'd just knock it out.,146,46,12,204,643,341
Beethoven’s 9th Round,152,39,16,207,643,751
I will now play Chopin's Nocturne in Be-Flattened.,151,41,15,207,643,4791
"My next piece is Piano Sonata No. 8 in somewhere between A Minor and E Major.""",157,34,19,210,643,3016
For my next piece I’ll play Cacophony in D minor.,156,36,18,210,643,5620
Now for my biggest hit,157,39,17,213,643,78
"Indeed, I did not quit my day job.",158,37,18,213,643,4529
"My next piece is entitled...""To Hell With Nuance"" .",159,40,17,216,643,1791
"My next piece is dedicated to that miserable, heartless, brainless critic in the fifth row center, who had the Gaul to say I played with a heavy hand.",159,40,17,216,643,2708
"If you grew up on the streets of Philadelphia, you'll certainly appreciate this next piece.",136,38,13,187,643,42
I gift from my piano teacher just moment ago.,170,33,22,225,643,2272
I would like to play a little song I wrote that goes nothing like this.,166,41,18,225,643,3726
I thought this piece could use a little more punch.,138,44,11,193,643,4214
"Oh, sure, when Glenn Gould does it it's 'eccentric,' but when I do it you say 'Larry has dementia pugilistica.'",143,34,16,193,643,4259
"Ladies and gentlemen, I've had a request for the theme from Rocky.",148,39,15,202,643,4008
"And for the finale, here’s a little something that my 3 year old banged out.",147,46,12,205,643,4274
Tonight The 1812 Overture. Just the cannons firing part.,121,35,11,167,643,5293
I'm going to regale you folks with a few of my best hits.,152,46,13,211,643,1236
Hecklers are welcome to join me onstage.,155,40,16,211,643,4341
"And now, Sonata for Ali.",158,39,17,214,643,4857
And now for some of my boxer shorts.,160,40,17,217,643,226
And now for a punchy little number.,158,44,15,217,643,4311
"And now, I’ll be playing the hits.",133,36,13,182,643,3023
My money's on the piano.,165,50,14,229,643,4745
It says forte.,174,47,17,238,643,1761
Rocky-maninoff .,144,34,16,194,643,4219
"We now present a medley of ""Madame Butterfly"" and ""Flight of the Bumblebee"" as performed by Muhammad Ali.",140,42,12,194,643,5265
"Now, I’d like to hit you with something new!",140,47,10,197,643,695
"And in the final movement, I take off the gloves and just go wild.",145,37,15,197,643,4844
"For you, Mr. President, very large clumps of only white keys.",148,36,16,200,643,1589
I play by ear.,144,44,12,200,643,2787
This is The Bad-Tempered Clavier,154,29,20,203,643,3178
My next piece is George Foreman's concerto for pianos with really fat keys.,153,36,17,206,643,2359
Does anyone else have any criticism?,152,43,14,209,643,1070
I give you Rockymaninoff.,157,38,17,212,643,5084
Would someone be a darling and light my candelabra?,159,39,17,215,643,1437
"This next one, I'll play by ear.",158,46,14,218,643,5357
Will someone hit the bell?,161,45,15,221,643,2093
Now I’d like to knock out a little tune for you.,160,47,14,221,643,3301
"And now, ladies and gentlemen, I shall take a jab at the piano",160,57,10,227,643,2029
I had to fight for this gig.,166,50,14,230,643,5487
This one's got a great hook.,137,35,14,186,643,4865
"Rachmaninoff’s Concerto No. 2,” with all notes performed simultaneously.",143,38,14,195,643,2448
Another knockout performance.,143,43,12,198,643,2211
"Next up, Theme From Rocky.",141,47,10,198,643,3065
"Opus 12, Round 7",148,38,15,201,643,2011
"And now for ""Rhapsody in Black and Blue""",146,42,13,201,643,3649
"I'll play your request, maam, but for future reference it's ""*Flight* of the Bumblebee""",151,37,16,204,643,1149
This tune is dedicated to the President,149,41,14,204,643,2429
"I will finish with my own composition, “Fight of the Bumblebee.”",153,38,16,207,643,2
I fought the song and the song won,161,32,20,213,643,3191
This next piece is played in twelve rounds.,154,46,13,213,643,5660
Here’s a little number I recently knocked out.,159,46,14,219,643,4871
This next one is a punchy little tune….”,169,41,18,228,643,1477
This next piece is gonna knock you out.,169,41,18,228,643,2645
And now for something a little punchier...,167,60,10,237,643,5652
How can I play with that bright light in my eyes?,141,34,15,190,643,3438
"And this one's for Mother, who made me practice...",146,39,14,199,643,4049
Yes - It's Rocky the Musical,153,40,15,208,643,2832
"Sorry, I only do fight songs.",150,51,10,211,643,380
This next number is really going to knock you out.,153,50,11,214,643,103
And now a childhood favorite.,156,44,14,214,643,4692
For my next number I am going to really pound the keys.,160,41,16,217,643,266
The next piece is dedicated to my former agent,159,48,13,220,643,1359
"My next piece is Mozart's Piano Concerto 22 in E Flat Major.  Unfortunately, you will not recognize it.",162,47,14,223,643,2435
"and now, from the ring cycle...",175,36,21,232,643,4695
Round 4 will be Chopin,174,43,18,235,643,4174
This is from my greatest hits album.,133,37,12,182,643,2777
Did I hear a request for a fight song?,138,42,11,191,643,3116
"And now,    Eine Kleine Nacht Out  Musi",144,35,15,194,643,5460
I'd like to play you some Rocky-maninoff,147,39,14,200,643,2363
Next I will play a special piece for Boxing Day.,150,43,13,206,643,3353
"And now, J.S. Bach's BAD-Tempered Clavier.",157,39,16,212,643,755
"I'm warning you coughers, one more sound and the gloves are coming off.",158,37,17,212,643,4251
That’s the last time I write “OK” to my dyslexic agent.,159,35,18,212,643,5181
And now a selection from my boxed set.,159,35,18,212,643,5273
Just hitting a few notes,156,46,13,215,643,1736
Play chopsticks”? I can’t even hold them,161,41,16,218,643,2430
Now for a variation from Bach’s Bad-Tempered Clavier.,156,51,11,218,643,2611
Because I'm tired of wrestling with my muse.,166,41,17,224,643,790
The score says attacca con forza.,166,41,17,224,643,1471
And now a little something from the Ring Cycle.,159,42,15,216,643,22
This piece calls for more force and less precision.,143,44,11,198,643,303
My next piece is played in three minute rounds.,147,31,17,195,643,700
"You might have heard Chopsticks before, but I’m about to punch it up a little",143,39,13,195,643,1104
"GGGGGEEEEEEETTTTTT
RRRREEEAAAAADDDDY
TO
RACHMANINOFF!!!",156,43,14,213,643,2366
"If Trump can claim he always tells the truth, I can claim the following is a symphony.",146,38,14,198,643,2417
"And now, ""Float Like a Butterfly, Sting Like a B-flat""",148,39,14,201,643,3115
"And now, the Tyson Variations.",150,40,14,204,643,3638
I shall legato like a butterfly and staccato like a bee.',157,36,17,210,643,3794
My next composition is played in twelve 3 minute rounds.,159,37,17,213,643,3996
And now for Philip Glass's ode to Ali.,161,33,19,213,643,4320
This next piece is by TKO Bach.,147,36,15,198,643,4321
"That's right, I've been playing the piano with my penis the whole time!""",166,33,20,219,643,4676
You'll recognize this next piece from my boxed set.,170,40,18,228,643,5531
"And now, a little something from Punchini.",152,36,16,204,643,5581
"For the sake of all of us, let us hope I wake up from this nightmare any time now.",175,37,20,232,643,1461
My next melody is called Whack-a-Mole,166,45,15,226,643,1056
Is there a volunteer to flip the music sheet?,165,42,16,223,643,1273
Pianist? I thought you asked for a pugilist...!,164,44,15,223,643,5109
"Float like Madame Butterfly, sting like Flight of the Bumblebee.",165,37,18,220,643,487
"We've had a request for ""Hit Me With Your Best Shot.""",159,44,14,217,643,4567
I call this one 'Beethoven's Fifth Round.',156,45,13,214,643,57
This next song is a knockout.,155,47,12,214,643,307
I knocked out this piece in just ten minutes.,154,44,13,211,643,1866
I will begin with Rhapsody in Ear Flat by Mike Tyson.,158,36,17,211,643,2182
And now for something modern.,157,38,16,211,643,4829
This is from my box set.,155,37,16,208,643,4502
"I call it, “Rhapsody in Black and Blue.”",147,48,10,205,643,3478
My parole officer wasn’t clear on the type of community services I’d be performing tonight.,148,41,13,202,643,3800
This piece was composed when Mozart was only two.,146,40,13,199,643,1950
"Any requests, Mister President?",149,34,16,199,643,2475
I'm just going to knock out a couple of tunes.,147,33,16,196,643,4004
"I now present ""The Fight of the Bumblebee""",148,31,17,196,643,5015
"I will now play ""An etude for two fists, in three rounds""",141,40,12,193,643,2552
This piano is going down by the second movement.,142,38,13,193,643,4707
"Ladies and gentlemen, I am so sorry, I just realized that these are my violin gloves.",140,37,13,190,643,4883
It’s my reminder to think outside the Bachs.,139,34,14,187,643,4156
Here's something I pounded out just this morning.,168,48,14,230,643,5350
"Not to worry, folks. It’s  a player piano.",167,40,17,224,643,3459
Piano no problem. Tying bow tie is a totally different challenge.,165,39,17,221,643,4669
"For this next piece, I’ll be taking the gloves off!",157,50,11,218,643,3927
And now I will play all the keys at the same time.,160,39,16,215,643,276
"And for my next piece, I'll add a blindfold as well!",157,45,13,215,643,639
Here are some of my greatest hits.,160,39,16,215,643,4209
The music critic said my last performance lacked punch,155,44,13,212,643,4301
All That Jabz.,152,40,14,206,643,4835
This is my fight song.,149,36,15,200,643,104
Let’s get ready to rrrrubato!,149,36,15,200,643,2297
"And now ""Flight of the Rhinoceros.""",146,32,16,194,643,140
For this next number I’d like to punch it up a bit.,140,44,10,194,643,4399
"This sonata is called, “Yo, Adrian.”",135,34,13,182,643,1580
"And now, a selection of greatest hits.",165,41,16,222,643,2613
This next tune has quite a punch to it.,162,47,13,222,643,4455
Next is a punchy little tune I wrote myself...,158,50,11,219,643,2062
I'm asking you to please keep an open mind.,160,46,13,219,643,2688
"Now I shall play, 'The Fight of the Bumblebee'.",158,40,15,213,643,1855
"I'd like to dedicate the next song to my ex-wife. Trudy, this one's for you.",156,44,13,213,643,4187
"And in this corner, playing in at 185 lbs., ...",152,42,13,207,643,5168
"And now, for my next cacophony...",149,48,10,207,643,5476
And how am I supposed to turn the page?,150,41,13,204,643,2900
I’m told this next piece is a knockout.,149,33,16,198,643,3547
"I call this one, “A Fistful of Keys.”",144,43,11,198,643,5047
You've heard the theme. Now it's time for the variations.,148,30,17,195,643,2628
_Pass the tip jar and the gloves come off.,144,38,13,195,643,4552
I composed this next piece when I was two.,139,43,10,192,643,2509
This is a new piece I've worked out. Beethoven's fifth round.,137,42,10,189,643,724
"And now, if I may, my rendition of “Hail to the Chief”.",145,21,20,186,643,1214
"I shall toy with him throughout the adagio, then knock him out in the sonata.",166,56,10,232,643,5438
"The next piece is my first composition. I first played it at the age of 6 months. My mother named it ""Knock it off"".",169,45,15,229,643,2939
I'd like to play you a little something I wrote when I was two and a half.,168,47,14,229,643,4841
Has anyone seen my mouth guard?,163,47,13,223,643,244
"And now, the Hammerklavier Sonata like it's never been hammered before.",163,47,13,223,643,875
"Okay Jim, you got this. Float like a butterfly, sting like a B flat.",164,45,14,223,643,3331
Next I'll perform a few classical hits.,161,46,13,220,643,5004
I'll begin our evening of Wagner with 15 rounds in The Ring.,156,46,12,214,643,1668
And here's a little something that I knocked out this afternoon...,154,45,12,211,643,3251
I will now float like a butterfly and sting in B.,159,35,17,211,643,3460
This is by Liszton.,156,41,14,211,643,5028
"For tonight's encore, I am pleased to present  to you 'Fight of the Bumblebee'",151,46,11,208,643,49
And now for a punchy little tune...,153,42,13,208,643,647
"I'd like to dedicate this encore to my parents, who forced me to play piano, when I would have preferred then, as now, to be doing something else.",157,34,17,208,643,3510
This next piece is from Beethoven's welterweight period.,148,42,12,202,643,2692
"I will next perform Rachmaninoff's piano concerto No. 2, in the key of B-flat, A-flat and D-sharp.",152,34,16,202,643,2831
The next piece is scheduled to go four rounds.,144,45,10,199,643,3937
"I will now play ""Fight of the Bumblebee.""",141,41,11,193,643,667
This is from Beethoven's fist.,144,35,14,193,643,5209
"Yo, Adrian--this sonata's for you.",179,42,18,239,643,5611
"Here's a mashup I call ""Eine kleine Nacht-out-musik.""",140,38,12,190,643,5615
And for my next round...,135,43,9,187,643,5316
I call this next piece 'Losing a Bet',140,28,16,184,643,1942
You're in for a knockout performance tonight.,165,50,12,227,643,3821
Let's knock out some tunes!,170,40,17,227,643,5451
Who clapped?,130,38,10,178,643,409
I call it my Concerto in 10 Rounds.,157,41,14,212,643,745
And now for Beethoven's Ninth Round.,154,47,11,212,643,2114
And now the theme music from 'ROCKY' the way it was meant to be heard.,155,40,14,209,643,1637
That last Christmas concerto was by Rachmaninoff.  And a now a little something for Boxing Day.,156,33,17,206,643,2983
It’s hammer time!,153,34,16,203,643,1331
"And now for ""The Ill-Tempered Clavier"".",152,36,15,203,643,1943
I need another page-turner.,152,31,17,200,643,441
I am practicing for the White House New Year’s party.,147,41,12,200,643,1189
"The next piece is my own take on ""Chopsticks"" -- I call it ""Logs.""",144,47,9,200,643,2224
And now for the main event. Brahm's Requiem for a Heavyweight.,145,45,10,200,643,3344
A little help please. My fly is open.,144,42,11,197,643,1136
I thought the conductor said he wanted a little more punch?,142,46,9,197,643,4680
"And now, I will play the theme from Rocky  as it was originally composed.",170,52,12,234,643,1517
"At your request: Tyson's ""Fight of the Bumblebee""",140,40,11,191,643,3527
Tonight’s bout will be a twelve rondo.,136,43,9,188,643,3915
"I'd like to start with the second movement, third round.",160,52,10,222,643,1171
Let’s get ready to pianooooooooooooooo,162,43,14,219,643,4678
"And now, my Muhammad Ali concerto in, well, every key at once.",165,37,17,219,643,5356
Let me just knock out a couple of tunes for you.,154,54,8,216,643,3618
"Mesdames et Messieurs, la sonate pour Donald Trump.",159,39,15,213,643,2556
I guess it's time to take the gloves off.,159,39,15,213,643,5443
Tonight I'll begin with the Fight of the Bumble Bees.,155,42,13,210,643,651
The next piece is dedicated to my ex-wife who said I wasn't masculine enough.,157,38,15,210,643,3310
This Will Be A Knockout Performance,149,54,7,210,643,3497
All a song needs is a good hook.,158,36,16,210,643,4599
"A man hears what he wants to hear
And disregards the rest",150,47,10,207,643,3075
I no longer play by ear.,151,40,13,204,643,262
"If you think this is bad, I'm also not wearing any pants.",152,38,14,204,643,1234
"Any requests for ""Fight of the Bumblebee?""",147,48,9,204,643,4727
I will now play something by Rocky Maninoff.,151,35,15,201,643,1940
This is a punchy little tune...,148,41,12,201,643,2352
"Next - Michael Jackson's ""Beat It""",145,42,11,198,643,1890
I 'm sure they said I was to take on Wagner in the ring.,147,38,13,198,643,2909
I pity the fugue!,147,38,13,198,643,5502
And now ladies and gentleman “ The Trump Sonata.”,176,32,21,229,643,1225
I must warn you in advance about the crescendo.,168,48,13,229,643,1256
"And to my critics, a sustained beating in D minor.""",145,37,13,195,643,644
I've been fighting Beethoven all my life.,169,41,16,226,643,87
Now I will pummel the ivories.,164,51,11,226,643,3715
"And for my next selection. ""The Fight of the Bumblebee""",166,47,13,226,643,4063
"Ohh, Bach? I thought you said ""box"".",138,46,8,192,643,1130
I'm not the main event.,165,44,14,223,643,846
"Did you say ""boxer"" or ""Bach, Sir""??",168,38,17,223,643,4614
"I thought you said play ""box""' not play  ""Bach's""!",144,29,16,189,643,2069
"Observe, ladies and gentlemen, as I put the 'K.O.' back in Tchaikovsky.",164,41,15,220,643,712
Some people said my hands were too small to play piano. Not true. I'm a very good player. Nobody better than me at piano...,159,41,14,214,643,2451
"Once more, with feeling",135,37,11,183,643,5021
"Still, a man hears what he wants to hear, and disregards the rest.",152,50,9,211,643,5479
"And now Ladies and Gentlemen, a medley of my greatest hits.",129,44,7,180,643,3046
And now a lullabye,155,39,14,208,643,3304
"I'm now going to play 'The Fight of the Bumblebee.' """,153,43,12,208,643,4747
"And now, a quick jab at Rachmaninoff.",155,39,14,208,643,5250
I thought you said Box Prelude and Fugue.,155,34,16,205,643,1936
In honor of our times I'm playing dischords.,150,39,13,202,643,1488
"The music was lovely, but the pianist was a bit heavy-handed.",153,33,16,202,643,4246
"You want me to come in one measure after the bell, right?",169,48,13,230,643,575
He was told tickling the ivory is no longer workplace appropriate.,145,44,10,199,643,1616
And now let me punch out a tune.,148,38,13,199,643,2104
You might be surprised by how subtle and intricate this piece is.,146,42,11,199,643,2293
"Alright, the next time someone throws a tomato, the gloves are coming off.",147,40,12,199,643,4804
"And now, a roundhouse from T.K.O. Bach.",172,37,18,227,643,5655
"Most players “tickle” , 
I choose to pummel.",142,45,9,196,643,1424
This next song is a round.,166,44,14,224,643,1769
I’ll now do my last hit,168,40,16,224,643,3724
"...and now, ""The Black and Blue Danube"".",166,39,16,221,643,1457
"I call this next piece, ""Pounding Headache"".",164,38,16,218,643,3942
How better to pound the ivories?,140,39,11,190,643,1080
"Next, one of the biggest hits of Rocky Moninoff.",139,41,10,190,643,5421
"Next I will be performing Rimsky-Korsakov's ""Flight of the Bumblebee"" in the style of Muhammad Ali.",159,43,13,215,643,1426
And I'm wearing flippers.,159,43,13,215,643,3798
I really don't think it's been properly tuned,155,51,9,215,643,4786
Welcome to the Van Cliburn/Mike Tyson piano competition.,159,38,15,212,643,2409
"Now, an atonal piece.",158,40,14,212,643,3066
"Mendelssohn, Mozart, or Marciano?",160,36,16,212,643,3454
The good thing is I finally stopped chewing my nails,159,38,15,212,643,4818
This next one is going to be a round.,153,45,11,209,643,2722
And now Beethoven's Moonlight Sonata...molto pugilissimo!,156,39,14,209,643,3816
"I""ll start with one of my greatest hits.",132,40,9,181,643,205
This rendition will really knock you out.,151,44,11,206,643,2255
A pugilistic concerto in B flat. Round one.,151,44,11,206,643,2621
"And now, ""Float Like a Butterfly"" in B Minor.",154,38,14,206,643,4170
"Ladies and Gentlemen, I'm going to pound out a few numbers for you tonight.",148,45,10,203,643,476
"I'm going to pound one out, now.",151,39,13,203,643,832
Anyone else want to face the music?,151,34,15,200,643,4843
"And for my final number, I present Concerto: The Thrilla in Manila, Round 4, in B flat",159,55,8,222,643,881
Now I’ll play for you a medley of hits.,169,35,18,222,643,4759
I'll be going fifteen rondos.,147,37,13,197,643,2443
Shall I hit it?,165,38,16,219,643,413
"And now, the lovely Sonata in G-flat, composed by Michael Tyson",142,42,10,194,643,4968
My next number is a knock out.,158,47,11,216,643,2213
How about a fight song?,158,47,11,216,643,2322
A brief pause while I respond to a recent review.,163,37,16,216,643,5342
"Tonight folks, I'm just going to knock out a little tune. . .",143,35,13,191,643,3908
"Next I'll play a John Cage adaption of the theme from the movie ""Rocky"".",143,35,13,191,643,4506
"OK, I get it, a little less forte.",157,44,12,213,643,519
"And now, a collection of my greatest hits.",160,38,15,213,643,1034
"Next, I shall perform George Foreman's Symphony in A Minor",160,38,15,213,643,2724
Paganini's Pugilisto In D Minor,137,42,9,188,643,4801
"And for my last number this evening, I'll be performing, ""Rhapsody in Black And Blue.""",153,42,12,207,643,448
I love playing Beethoven's 'Hammerklavier Sonata',151,46,10,207,643,2615
"Well, this is unique. In the last one I was naked!",153,42,12,207,643,4978
"Well, this is going to be rocky.",173,39,17,229,643,3073
Brad was asked to knock out a tune.,154,35,15,204,643,2243
"If I hear one more person request ""Piano Man'"", these gloves are coming off.",151,41,12,204,643,4102
There will be no heckling tonight.,150,43,11,204,643,4352
"And now, selections from ""The Ring Cycle.""",150,43,11,204,643,5682
"And now, for your enjoyment....The Ring Cycle.",155,28,18,201,643,1559
I can knock out any tune you name,147,44,10,201,643,5023
This number will be a knockout!,183,46,16,245,643,720
"And now, if you don't mind, I'd like to knock out a little Chopin.",161,43,13,217,643,4128
I call this piece “Sonata for an Untuned Piano in A-flat minor through G major.”,160,40,14,214,643,5061
Thank you to the White House Correspondents' Association for inviting me to perform at this year's Correspondents' Dinner.,143,37,12,192,643,3485
I think I'm on the wrong stage.,170,52,11,233,643,2762
"Now, 'The Tyson Variations.'",160,35,16,211,643,4225
"Ladies and Gentlemen,'Beethoven's 5th Round'""",157,41,13,211,643,5609
"The record shows I took the blows 
And did it my way",158,34,16,208,643,1581
This is it. This is the nightmare.,175,32,20,227,643,590
"I call this ""The Old One-Two.""",168,46,13,227,643,3906
"NOW,CLAIR DI LUNE AS YOUVE NEVER HEARD IT PLAYED BEFORE.",172,38,17,227,643,4046
"Well, you said to make it more punchy!",148,49,8,205,643,1603
"Oh, 'boo' yourself! Let's see you try it!",153,39,13,205,643,4954
And now a tune by Henry “Boom Boom” Mancini.,151,38,13,202,643,2449
I guess I can try to knock out some tunes!,150,40,12,202,643,2510
"Folks, please remember, I am a professional. Do not try this at home.",164,44,13,221,643,3181
You want pianissimo?  I'll give you pianissimo!,165,42,14,221,643,3918
"Sir, I submit that you would not know a fugue if it hit you in the face.",162,38,15,215,643,306
So I promised the composer not to pull any punches.,162,38,15,215,643,3396
"Next, the World Premiere of ""Get Your Ass Out of Bed!"" composed this afternoon by my very own wife.",145,35,13,193,643,4307
"Ladies and gentleman, I will now play for you, ""The Ill-Tempered Clavier""",161,35,16,212,643,490
My next piece is by Rocky Marcianinoff,160,37,15,212,643,668
Knock out a tune?,160,37,15,212,643,3849
"This next piece I call ""The old one-two""",155,42,12,209,643,4277
"To anyone who didn't immediately recognize it, that was Tchaikovsky's Piano Concerto in B-flat Minor.",169,41,15,225,643,1823
This might sound a little rocky.,154,39,13,206,643,1455
"And now, a rarely-performed work by an obscure composer ...",153,41,12,206,643,3750
Does anyone else care to complain about my playing?,156,35,15,206,643,4374
. . and I've taken the liberty of consolidating all individual notes so as to not offend the listener who might be sensitive to borrowed folk melodies of identifiable ethnicity.,139,37,11,187,643,1620
Rondo Two!,138,39,10,187,643,5330
And now for something a little more punchy.,163,48,11,222,643,1753
I would like to now play a piece by Rocky Maninoff.,166,42,14,222,643,5666
I felt this tune needed some punch!,151,40,12,203,643,3338
This should be a lot better than my piccolo playing.,136,38,10,184,643,4081
"This next piece was composed by my cat, Barnabas.",141,28,15,184,643,4273
You said you wanted a fight song.,178,45,15,238,643,713
"Look, I was told to pound the keys, and that's what I came here to do.",161,47,11,219,643,1
My teacher said it's time to take the gloves off.,151,35,14,200,643,3359
"Next, a tune I composed in tribute to Muhammed Ali, Fight of the Bumblebee""",148,36,13,197,643,3335
I will now go a couple of rounds with Shostakovich,157,45,11,213,643,711
I'm going to play some Johann Sebastian Box,157,45,11,213,643,3776
This piece is dedicated to those that did not like my previous one,160,39,14,213,643,4751
I will now play something from my boxed set.,145,37,12,194,643,2560
It just looks hard.,158,38,14,210,643,483
And now one of Schönberg's more challenging pieces...,161,27,19,207,643,3021
Rough crowd tonight,154,41,12,207,643,4250
"I've never butchered a tune in my life. Bruised one, occasionally.",149,51,7,207,643,4636
"And now, for Tyson's 5th...",168,35,17,220,643,2017
"Yeah, but I don't get any more hecklers.",162,42,13,217,643,168
"Playing isn't the problem, who's going to help me if I need to use the bathroom?",167,32,18,217,643,4322
I will now play an original piece by Frederic Chopin that he played in 1850 when he was 7 month old.,167,32,18,217,643,4683
"Next, Variations on a Theme by Pugilisti.",164,38,15,217,643,5077
"And now, ladies and gentlemen, a song about my marriage.",137,33,12,182,643,4409
They call me Johann Sebastian Box.,144,46,8,198,643,618
And for my next selection....Cacaphony in G-major.,161,39,14,214,643,3095
"Instead of tickling the ivories,tonight I'll be beating them.",162,37,15,214,643,3782
"For my next piece,I will perform J. S. Box' Golden Glove Variations",161,39,14,214,643,4424
"And now, for the second round...",170,48,12,230,643,1005
When was the last time this piano was tuned?,159,38,14,211,643,1047
"Please be quiet, or I’ll take the gloves off",171,41,15,227,643,4047
And now Concerto No. 2 by Rocky Maninoff .,148,28,16,192,643,1144
Trying to knock out a few tunes,165,48,11,224,643,1360
I’m going to pound out a tune for you.,156,39,13,208,643,2308
"Go ahead,ask me if I'll play Misty for you.",131,35,10,176,643,5035
I just had a manicure.,167,39,15,221,643,1335
This next piece is a total knock-out.,165,43,13,221,643,4255
"If I hear one more phone ring, someone is getting knocked out!",153,40,12,205,643,36
"And now, the theme song to 'Rocky'",154,38,13,205,643,2241
This next one is Beethoven's fists,147,25,17,189,643,4555
"And now, here's one for you lovers of polytonality....",164,40,14,218,643,2950
"And now, the Sonata in Me Minor, by D. J. Trump.",169,30,19,218,643,5073
The conductor said my fortissimo needs a bit more punch.,149,43,10,202,643,1078
"And now, a more punchy tune.",150,41,11,202,643,2287
"And now Ladies and Gentlemen,
The Fight of the Bumble bee",153,35,14,202,643,4943
"...and for my next number, I would like to punch it up a bit.",145,51,6,202,643,5472
This next piece will be very hit and miss,171,48,12,231,643,1614
I can only play the 'dun dun dun dun' part.,159,45,11,215,643,1638
"This next piece is rather punchy, but softly incorporates many, many notes close to one another.",162,39,14,215,643,1947
I will now play The Minute Waltz in ten seconds.,161,41,13,215,643,5220
During the prestissimo the gloves come off.,161,41,13,215,643,5677
And now I’d like to belt out a little tune.,150,36,13,199,643,1366
"And now....""Flight of the Butterfly/Sting like a B flat.""",150,36,13,199,643,2617
I took a piano to the zoo to see if elephants could compose as well as paint. This is what they wrote.,150,36,13,199,643,4381
"And now, a new piece by John Cage...",155,26,18,199,643,4780
"Tonight I'll be performing Beethoven's ""Moonlight Sonata"".  You may need to use your imagination.",147,37,12,196,643,1766
How do you expect me to play without sheet music?,151,51,7,209,643,1100
This next one's an opus in ten rounds.,155,43,11,209,643,3322
"And now, something  from the light heavyweight classics.",150,48,8,206,643,792
I will now perform Round 3.,149,50,7,206,643,879
And now for a number with a little more punch...,151,46,9,206,643,5614
I’ve seen my fair share of piano bar fights.,162,46,11,219,643,171
A concerto for neither left nor right hand.,152,39,12,203,643,3375
"Tonight, I thought we'd start off with a little Philip Glass",154,35,14,203,643,3495
Didn’t you ask me to bang out a tune”,153,37,13,203,643,4425
They told me to come up with a punchy number.,153,37,13,203,643,4795
"I'll knock out this Beethoven in the Fifth.""",167,31,18,216,643,930
Tonight the ivories have begged not to be tickled.,164,37,15,216,643,1530
I bite my nails.,163,39,14,216,643,2200
This is a piece I just knocked off.,156,53,7,216,643,4840
"A piece titled, ""The Next Election",165,35,16,216,643,5314
I will now pound out my favorite Soussa march.,160,45,11,216,643,5536
Now I will play the theme from the movie Rocky.,152,34,14,200,643,3062
And now for Eine kleine Knockout Musik.,145,48,7,200,643,3333
This next piece is another punchy little number.,148,42,10,200,643,4842
Is my tie crooked?,160,40,13,213,643,19
This next piece may sound a little dissonant....,157,46,10,213,643,189
This next piece packs quite a punch,160,40,13,213,643,525
"And now, Paul Simon's ""The Boxer""",160,40,13,213,643,2781
This next piece is a real knock out.,136,39,9,184,643,3663
And now it’s “time to take the gloves off”,156,43,11,210,643,1382
This next number is a knockout. It packs quite a punch.,170,37,16,223,643,883
"For my next piece, I will explore the roots of the piano as a percussion instrument.",146,36,12,194,643,1844
The next number is a real hit song.,158,34,15,207,643,1619
This is ridiculous.  How do you possibly expect me to play the piano without my mouthpiece?,154,42,11,207,643,5678
"My Dad wanted me to box, and Mom wanted me to play the piano.",166,40,14,220,643,586
That coulda been a concerto.,170,32,18,220,643,5514
"Next, I will play with one hand tied behind my back.",156,33,15,204,643,2117
They made me give up the harp.,152,41,11,204,643,3228
"Trump asked me to do the musical score for the ""Chuck & Nancy"" meeting.",154,37,13,204,643,3515
"Brahms? A minor punch. Rachmaninov, fell flat. But Beethoven? Kills in the fifth.",165,37,15,217,643,3094
"For my encore, I will play a little-known piece by George Gershwin and Joe Louis.",162,43,12,217,643,4505
Beethoven's Fifth Round.,163,41,13,217,643,4789
"My next piece is entitled ""Requiem for a Heavyweight.""",173,43,14,230,643,748
"My next selection will be the theme from ""Rocky.""",174,41,15,230,643,931
"Now, the punchier rendition .",150,40,11,201,643,4254
"My next number will be in the key of E, G, and C.",166,30,18,214,643,1916
it’s really more about my creative approach and not the actual notes,158,46,10,214,643,5386
"If I hear a cell-phone ring, watch  out!",139,35,11,185,643,2313
"Ladies and gentlemen, I plan to do more than just ""tickle the ivories.""",146,43,9,198,643,1551
"And now I will perform ""Fight of the Bumblebee""",146,43,9,198,643,3214
I’ll be knocking out songs all night.,166,47,11,224,643,1184
I will now play the Theme from Rocky...badly.,169,41,14,224,643,3339
Here’s an old standard I’d like to pound out for you,143,44,8,195,643,1681
I coulda been a concerto.,165,44,12,221,643,2871
The full boxed set will be available after the performance.,166,42,13,221,643,2884
This is a concerto composed by my 2-year old.,173,45,13,231,643,2299
"And now, a fugue by T.K.O. Bach.",167,35,16,218,643,2908
"Evening, folks. I'm gonna knock out a few tunes for ya.",149,49,7,205,643,1748
"And now, ""The Pugilist's Sonata,"" in a bunch of keys.",154,39,12,205,643,2034
I shall now perform Beethoven's 10th Round Piano Concerto.,157,33,15,205,643,3273
This is not going to be easy.,140,45,7,192,643,2865
This combines the artistry of Joe Louis and Louis Armstrong.,144,37,11,192,643,3606
"And now, for my last number I will play the title song on my new album Trump Year 2.",146,33,13,192,643,3932
"Ladies and gentlemen, let me knock out a little number for you.",180,48,13,241,643,4216
Tickling got me nowhere.,175,36,17,228,643,3619
"Well, at least it's not the late and naked for the final exam dream.",167,30,18,215,643,2933
Tonight we present dueling pianos...,165,34,16,215,643,3922
"I call this next number ""The Critic's Face"".",154,34,14,202,643,2390
A method pianist prepares to play the score of Rocky.,149,44,9,202,643,5097
I will now play selections from my boxed set.,144,32,13,189,643,642
I'd like to begin with a little warm up exercise.,132,34,10,176,643,3140
I'll start on the count of three and stop on the count of ten.,157,45,10,212,643,331
And now for a little not music.,158,43,11,212,643,1017
"For my encore, I will now play 'Fight of the Bumblebee'.",163,33,16,212,643,3519
The next one is going to be a hit.,162,35,15,212,643,5295
"""This next one's gonna be a knockout.""",164,31,17,212,643,5333
"And now, Rockymaninoff  piano concerto 3.",148,41,10,199,643,681
"And now, with your kind indulgence, I'll change the mood a bit.",139,37,10,186,643,1888
"Now for my unique rendition of ""The Boxer"" by Paul Simon.",160,34,15,209,643,4196
"And now ... Symphony No. 7 in C, D, and E Major.",162,30,17,209,643,5075
This next number is a round.,176,41,15,232,643,4604
"Thank you, that was ""Chopsticks."" 
And now, ""Chopsticks.""",166,39,14,219,643,1657
They call him the Manassa Mahler,169,33,17,219,643,3775
I’m told I have a very aggressive playing style,158,55,6,219,643,5216
"My next number will be the ""old one two.""",151,47,8,206,643,1333
"And now, by request, ""Theme from Rocky."" Again.",156,37,13,206,643,1540
"Ladies and Gentlemen, I will now perform for you Ali's concerto in the keys of A,B,C , D and E.",152,45,9,206,643,4217
"Looks like I’m gonna have to go with the Philip Glass, not the Debussy.",146,35,12,193,643,1347
"And now, a rarely heard Boxing Day carol.",147,33,13,193,643,1650
Flight of the Bumble Bee is out of the question. Any other requests?...,157,52,7,216,643,1865
My next composition is a punchy little number.,160,46,10,216,643,4015
And my next song is sure to be a hit!,166,34,16,216,643,5307
It was at this moment he realized delivering a knockout performance did not require boxing gloves.,162,42,12,216,643,5657
"Next I will perform, Fight of the Bumblebee",155,34,14,203,643,173
They're required by my insurance company.,152,40,11,203,643,2492
Today I shall be playing 'Concussion in fist major',173,37,16,226,643,4106
This next work is entitled “Symphony in Three Rounds.”,159,43,11,213,643,841
Here's a little tune I recently knocked out.,160,41,12,213,643,4478
"For this number, I float like a butterfly, sting like a B flat major.",148,43,9,200,643,514
Tonight I’ll be going a few rounds with Beethoven,145,49,6,200,643,866
"Unlike Phillip Glass, I’m a maximist. I hit as many keys as I can at once.",152,35,13,200,643,1159
And it goes something like this.,155,29,16,200,643,2080
"For this Inaugural Dance, I will now play I Did It My Way.",157,42,11,210,643,2329
I'll knock out a quick tune.,158,40,12,210,643,3318
And now for some Phillip Glass.,160,36,14,210,643,3514
"No, but I can hum a few bars.",182,31,20,233,643,2421
And now for my final round...,145,44,8,197,643,371
"Pianissimo like a butterfly, fortissimo like a bee.",168,37,15,220,643,5007
And now Bach’s Golden Glove Variations.,158,35,14,207,643,867
"This next piece I call, ""Float like a butterfly, sting like a Bee-thoven.""",157,37,13,207,643,1357
Who said I play with a heavy hand​?,156,39,12,207,643,1910
"No, Dad. I told you before: I want to play piano.",162,44,11,217,643,3604
I am also Blind!,163,42,12,217,643,5227
"And now, an eight-count piece by Mauler",149,31,14,194,643,1142
And now for my box set.....,128,34,9,171,643,1913
"Now, I shall bang out a tune.",173,39,15,227,643,4020
Here’s a punchy little number.,153,40,11,204,643,1178
Ever feel like you've got the wrong job?,156,34,14,204,643,5488
Any more requests? I could pound out tunes all night.,159,45,10,214,643,329
I shall now play my interpretation of Beethoven’s Hammerklavier sonata.,168,27,19,214,643,4205
I'm gonna add a little punch to this one,147,30,14,191,643,3933
"And now, especially for those of you out there with the drooping eyelids and the nodding heads, here is a little wake-up number!",142,40,9,191,643,5094
Now here's one from a real heavyweight.,167,46,11,224,643,2765
"Not often performed,this is young Mozart’s very,very, first piece.",172,36,16,224,643,4437
Next comes a number that only a two-year-old will appreciate.,152,37,12,201,643,474
"and now, Beethoven's Fist Symphony in C Minor...",153,35,13,201,643,1125
And now... “Make America Great Again!”,154,33,14,201,643,3034
There is no punch line!,174,49,11,234,643,1116
"And now, Balboa's variations on ""Eine Kleine Knock-musik""",160,38,13,211,643,4748
My next piece is by Johann Sebastian Boxer.,185,44,15,244,643,1063
"And now, the Dempsey Sonata",143,33,12,188,643,5336
I first learned my next number from my three year old.,167,41,13,221,643,641
I just got tired of tickling the ivories...,145,46,7,198,643,2139
"And now, I will batter the ivories.",150,36,12,198,643,4869
"I'm sure you'll all recognise my next song, it has a ring to it.",151,34,13,198,643,5471
Let's get ready to Pianooo!,157,39,12,208,643,5224
"And now, the Fight of the Bumblebee.",165,40,13,218,643,372
I’m going to knock out some tunes for you tonight.,163,44,11,218,643,5547
I would ask that you suspend disbelief,139,36,10,185,643,1389
"I call this one, 'Fight of the Bumblebees'.",174,39,15,228,643,1419
I will now play 12 rounds of Chopin.,168,51,9,228,643,2728
"For my next selection I will play ""Fight of the Bumblebees""",151,29,15,195,643,708
"And now, my rendition of Mike Tyson's 'From Ear to Eternity'.",149,33,13,195,643,2010
"And now , I coulda been somebody concerto in A minor.",149,33,13,195,643,2249
Any requests before I start pounding on the keys?,147,37,11,195,643,3173
Who tuned this?,147,37,11,195,643,3380
My next piece is by the lesser known Johan Sebastian Box,169,44,12,225,643,5107
"Crazy? 
Maybe. 
But you won't forget me.",143,40,9,192,643,4378
I'm really gonna pound this one out!,156,31,15,202,643,3966
"No, this is NOT to compensate for small hands.",153,37,12,202,643,5092
"Look mom, no hands",165,47,10,222,643,3838
"First movement, round three.",151,36,12,199,643,240
"And now, a literal rendition of Simon & Garfunkel's, ""The Boxer.""",154,30,15,199,643,274
I lost a bet.,151,36,12,199,643,5099
"Please excuse the gloves, I'm saving my fingers for a more sophisticated audience",158,39,12,209,643,2941
Next: 'Rhapsody In Back And Blue'.,172,45,12,229,643,1014
"Forte like a butterfly, staccato like a bee.",174,41,14,229,643,1494
I'm going to play Erik Satie's Aperçus désagréables for two gloved hands.,181,44,14,239,643,810
Welcome to Mixed Musical Arts.,138,40,8,186,643,4691
Let's get ready to Handel,155,40,11,206,643,118
"This year, instead of Christmas music, I will play a couple of Boxing Day pieces.",155,40,11,206,643,1062
"Hey, it's flu season.",163,41,12,216,643,1853
"And, for the final match, it’s me against Steinway.",145,38,10,193,643,1641
Who coughed?,158,29,16,203,643,591
"And now my original composition, ‘Float Like a Butterfly, Sting Like a B Minor.’",164,34,15,213,643,1133
I’m all thumbs tonight.,160,42,11,213,643,4371
For an encore I will play Beethoven's Hammerklavier Sonata.,157,48,8,213,643,4477
I got tired of just tickling the ivories!,159,44,10,213,643,5425
"I will now play ""The Boxer""  by Paul Simon.",167,45,11,223,643,630
Time to break in the new piano,165,49,9,223,643,3573
"And now, my interpretation of Wagner's ""The Ring.""",167,45,11,223,643,5268
Potential hecklers should take note...,156,45,9,210,643,9
The first movement is to be played ‘molto aggressivo.’,158,41,11,210,643,635
I couldn't find Madison Square Garden,139,45,6,190,643,775
I'd like to play a punchy little number.,162,33,15,210,643,1386
"This next song, is a total knock-out!",142,39,9,190,643,3241
"If you don't quiet down, your nose is going to B-flat.",151,38,11,200,643,3696
"Ladies and gentlemen, tonight's piece is a real knock-out.",149,42,9,200,643,3868
And for my second piece I will also be wearing handcuffs.,149,42,9,200,643,4935
"I will now perform Mozart's first sonata, which he composed at the age of 16 months.",160,37,13,210,643,5192
"This is a medley of my greatest hits,",166,37,14,217,643,2839
I will now play 'Temper Tantrum in C Minor'.,154,44,9,207,643,4176
"Next, I will perform 'Rhapsody in Black and Blue' by Deontay Wilde",158,36,13,207,643,4227
Good evening folks....Thought I'd belt out a tune for you.,142,51,4,197,643,874
The Pugilist's Waltz,140,38,9,187,643,2310
Welcome to our First Annual Boxing Day Concert!,140,38,9,187,643,4813
"Following this encore, I would like a word with the reviewer who has called my playing ham-fisted.",154,39,11,204,643,3850
"And now I will play, ""The Fight of the Bumblebee """,154,39,11,204,643,3995
This next piece is atonal.,147,36,11,194,643,312
And it goes a little bit like this...,146,38,10,194,643,1535
"Hey, I can knock out a tune with the best of them",139,35,10,184,643,856
"And now, ladies and gentlemen, Chopin and I will duke it out.",138,37,9,184,643,5651
All I’m asking is that you give me a fighting chance.,159,41,11,211,643,646
"'The Boxer by Paul Simon.""",160,39,12,211,643,1010
I like to punch out a tune for you.,157,45,9,211,643,4536
"And now, my rendition of the theme song from ""Rocky"".",154,34,13,201,643,2545
And for those of you who think playing piano is for sissies...,148,46,7,201,643,5496
For my next attempt I will fight my way through Rachmaninoff's 3rd.,175,38,15,228,643,5204
"Tickling the ivories, has never been my forte.",162,47,9,218,643,1785
My next number will be The Fight of the Bumblebee.,167,37,14,218,643,1918
"Unfortunately, the necessity of dealing with hecklers has placed certain…constraints…on my artistry.",162,30,16,208,643,710
I call this piece 'Bach-xing.',156,42,10,208,643,978
Tickling the ivories is not enough for me.,155,44,9,208,643,1805
Any fight song requests?,156,42,10,208,643,3608
Doesn’t”matter now if it’s tuned or not.,153,31,14,198,643,3054
And now a punchy tune,149,39,10,198,643,3102
I had to fight my way to the top.,181,38,16,235,643,3153
That was a knockout performance,142,36,10,188,643,5297
"My next piece is by Rockymaninoff.""",142,36,10,188,643,5463
This next piece is a technical knockout.,159,48,8,215,643,580
I’m just going to knock-out this new piece for you.,163,40,12,215,643,1266
The following selection will be played in B-flatten.,164,38,13,215,643,2391
Tell the conductor I'm ready to punch it up a little.,163,40,12,215,643,4279
"Ravel's Piano Concerto for the Left Hand in D major,the hard way.",157,35,13,205,643,2797
This next number will be a real knockout.,154,41,10,205,643,4109
I was told to take a dive in the third cadenza.,143,46,6,195,643,1183
Any last requests?,149,34,12,195,643,1964
"No, they're not for playing. They're for dealing with anyone who criticizes the playing.",145,42,8,195,643,5431
"And now, a special request from my piano professor.",163,35,14,212,643,1957
This next tune was popular during The Boxer Rebellion.,156,49,7,212,643,3385
I call this next one 'Beethoven's Fists.',161,39,12,212,643,3936
What?  I got tired of tickling them.,159,43,10,212,643,4684
And now for Beethoven’s 9th round.,154,36,12,202,643,2189
"Chopin, Nocturne No. 2 in every key.",175,40,14,229,643,1843
"As soon as my opponent arrives, we can begin.",139,49,4,192,643,445
Ive had to fight my way to get here!,143,41,8,192,643,1746
Here's a little number I punched out this morning.,144,39,9,192,643,4160
My playing style is known to be rather aggressive.,165,43,11,219,643,159
Tonight’s performance is sponsored by Everlast.,163,47,9,219,643,1516
"And now, Rocky III, Opus I.",156,44,9,209,643,2558
"I said I’d play for a Grand, baby! Not play a baby-grand!",183,36,17,236,643,3436
"For my next selection, I will play the 'Theme from Rocky'.",131,31,10,172,643,3468
Bach? I thought you said Box.,151,37,11,199,643,1883
"To complete this Mancini set, I’ll switch from Henry to Ray Boom Boom.",149,41,9,199,643,3072
ARE ... YOU ... READY...TO ........GLISSANDO!!!!!,151,37,11,199,643,5066
"And now, I shall perform my impressions of what some of you call ""jazz"".",141,40,8,189,643,1439
Its not easy being Victor Borg's son!,165,38,13,216,643,2382
"Here in the final round is the theme from 'Rocky.""",143,36,10,189,643,3104
"Next up is the theme from ""Requiem for a Heavyweight"" in the keys of A, C, and F",164,40,12,216,643,3203
"And now, my Concerto in A-B-C-D-E-F-G minor.""",162,44,10,216,643,4139
"And now, I will sock it to you.",141,40,8,189,643,5261
"And now, a sonata in twelve rounds.",163,42,11,216,643,5510
I would like to play this next number the way people have been saying I play it.,158,35,13,206,643,2455
I see you're as confused as I am.,155,41,10,206,643,2620
Thank you. That was Rockymaninoff's Piano Concerto in Round No. 2.,155,41,10,206,643,2860
Do you want the black notes or the white notes?,159,33,14,206,643,4003
Here's a new tune that will knock you out.,155,41,10,206,643,5526
Round three goes something like this.,168,44,11,223,643,598
"And now, the 1812 Overture for solo piano",173,34,16,223,643,735
"On the other hand, 15 note chords are easy!",147,40,9,196,643,1064
Next I'm going to knock out a few favorites...,149,36,11,196,643,5070
"Eh, my playing's a little rocky.",158,47,8,213,643,382
I Only Play Fight Songs,160,43,10,213,643,5146
This next piece is called 'Ode to Percussion',153,40,10,203,643,1448
"For my next number, I’ll be pummeling the ivories...",154,38,11,203,643,2120
I would like to play now a little something composed by the late Marquess of Queensberry.,156,34,13,203,643,2151
This one is called “Fight Of The Bumblebee”,154,38,11,203,643,2229
What tune would you like me to knock out next?,153,40,10,203,643,3725
I think I've lost this bet already.,154,38,11,203,643,5470
A copy of my new album to whoever guesses what I'm playing,169,37,14,220,643,3809
I'll just punch out a little number,144,41,8,193,643,917
"And now, Rockymaninoff 's concerto #2",150,29,14,193,643,3565
I promise you a knockout performance.,146,37,10,193,643,3818
And now my tribute to Jerry Lee Lewis.,158,42,10,210,643,212
"Yes, the whole piece is to be played Fortissimo.",166,26,18,210,643,461
Hook and Jab in D minor by Johann Sebastian Box,159,40,11,210,643,2734
This next piece I composed for Boxing Day.,161,36,13,210,643,3426
"For the encore, I take the gloves off.",156,46,8,210,643,5402
This time I'm not going to tickle the ivories!,171,45,11,227,643,3504
"Float like a butterfly
Sting like a B major",153,35,12,200,643,680
I'll just knock out a few tunes for you.,150,41,9,200,643,4438
"And for my next selection, a round.",166,38,13,217,643,3416
Before I take the gloves off are there any requests?,142,40,8,190,643,5309
"3, 2, 1... Hit It!",158,37,12,207,643,921
"Yo, Hayydnnn!",156,41,10,207,643,989
Are you certain these are the same gloves Glenn Gould used?,159,35,13,207,643,1662
The gloves come off for the Rachmaninoff!,175,32,17,224,643,884
"This next piece is ""'Requiem' for a Heavyweight,"" my homage to Mozart.",153,30,14,197,643,2075
This way I don't have to insure my hands.,148,40,9,197,643,4073
Here's my rendition of Beethoven's Fifth – Round.,159,47,8,214,643,1962
Is there someone who can read music and turn pages for me?,159,47,8,214,643,2474
I just knocked this last piece out last night.,164,37,13,214,643,2716
"Beethoven, Brahms, Mozart — lightweights!",162,41,11,214,643,5260
They're insured!,175,44,12,231,643,2446
"Having defeated all challengers, I will now continue with the Chopin.",157,34,13,204,643,1339
And now a special arrangement of the Battle Hymn of the Republic.,152,44,8,204,643,1673
For my next piece...the theme from Rocky,160,28,16,204,643,3070
I will now play a piece from my boxed set.,162,36,13,211,643,3032
"Piano Sonata No. 3, fortissimo",159,42,10,211,643,4929
This next number is a knock out.,149,33,12,194,643,1859
Sit back and relax while I pummel the ivories.,145,41,8,194,643,2098
"and now,  I'll knock out one your old favorites.",148,35,11,194,643,4911
This is going to be very postmodern.,183,35,17,235,643,4030
"After all, the piano is a percussion instrument.",167,38,13,218,643,904
This next piece was composed by my toddler,166,40,12,218,643,1012
When you asked if I could pound the keys...,166,40,12,218,643,1326
"In a sudden moment of panic, Mitch realizes that the Rachmaninoff concerto was actually written for a southpaw.",168,36,14,218,643,4671
My next piece consists of ten rounds.,155,33,13,201,643,1459
I said I could punch out a tune.,151,41,9,201,643,4449
I am now going to play for you a medley of works by Rockymaninoff.,140,34,10,184,643,1220
One cannot just tickle the ivories with Rachmaninoff.,147,32,12,191,643,5108
"Ready for this? I’ve decided to give it the old one, two.",163,41,11,215,643,3111
My Rachmaninoff may be a little Rocky.,160,47,8,215,643,5101
"And then I realized, my fight with the music IS the music",153,32,13,198,643,2633
"The last time I played this next tune, someone nearly bit my ear off.",153,32,13,198,643,4145
Heavy handed—me?,184,40,15,239,643,677
"But first, Rockymaninoff’s ‘The Pugilist’s Prelude‘ .",174,31,17,222,643,326
I'll be playing Fight of the Bumble Bees.,156,38,11,205,643,2133
"Let's see if you can guess who composed this piece.""",157,36,12,205,643,3283
Why hunt and peck when you can bob and weave?,157,36,12,205,643,3885
Oh! I thought you wanted a knockout performance.,157,36,12,205,643,4673
I thought you said to play the hits,179,33,17,229,643,1624
This is going to suck.,147,27,14,188,643,1585
Symphonie Pugiliste?,142,37,9,188,643,1588
I shall now perform Fight of the Bumblebee.,151,31,13,195,643,623
Okay. let's knock out a few tunes on the piano. Any request?,147,39,9,195,643,3594
I invite you to sing along while I  punch out a few notes.,148,37,10,195,643,5551
"Tonight, you’ll hear DeBussy with some punch!",163,48,8,219,643,1156
"Any more requests ,except ""go to hell""?",168,38,13,219,643,3207
My next piece is Chopin's Noc-out-turne opus 9,167,40,12,219,643,4394
"When I told the host of this show, I'd play for free, he said 'sure, knock yourself out.'""",167,40,12,219,643,5079
"And now my rendition of ""The Fight of the Bumble Bee"".",152,41,9,202,643,1404
The theme from Rocky,156,33,13,202,643,1464
A knockout performance!,153,39,10,202,643,3603
I'm making Mozart great again.,165,27,17,209,643,34
Put up your Duke Ellingtons,157,43,9,209,643,1506
This next piece is going to be a little punchier,157,43,9,209,643,2522
This is the best way I have found to knock out a tune.,158,41,10,209,643,3865
It was a restraining order from my piano teacher!,165,27,17,209,643,4414
"For an encore, I've chosen to knock out a few bars of Beethoven's Ninth.",174,50,9,233,643,5542
Prepare to be knocked out!,160,49,7,216,643,239
Ever have that dream that you went to school in your underwear?  This is my version...,171,39,13,223,643,1463
I shall now perform Handel with kid gloves.,153,34,12,199,643,2154
This next piece is to be played 'molto forte.',153,34,12,199,643,3576
Now for my knockout piece as the encore.,153,46,7,206,643,2755
OSHA regulations.,164,36,13,213,643,2687
And now for my knockout number...,141,41,7,189,643,1730
"A Paul Simon song, sir ?   Any one in particular ?",171,34,15,220,643,1444
That's the last time I schedule a concert on Boxing Day.,174,40,13,227,643,4884
Yet another dream where I don't have my underwear on.,156,35,12,203,643,969
"'I'll knock out a few melodies.""",154,39,10,203,643,2148
Hopefully this will strike a chord with you as it did for me.,154,39,10,203,643,2859
This piece will knock you out.,153,41,9,203,643,4448
"And now, my arrangement of Paul Simon’s ‘The Boxer.’",157,33,13,203,643,4472
This one is by Rockymaninov.,160,39,11,210,643,3
"My next selection will be  ""Fight of the Bumblebee"".",160,39,11,210,643,4364
"For my next selection, I have prepared an interpretive rendition of the Theme from Rocky.",163,33,14,210,643,4574
My next selection is a Rockymaninoff,163,33,14,210,643,4642
Ladies and gentlemen ... I will now attempt to free my hands and play the Minute Waltz in 55 seconds or less.,183,46,12,241,643,1970
The melody could use a little more punch.,141,36,9,186,643,2664
"And now, an interpretation of Liszt based on my true feelings.",166,39,12,217,643,3413
Before my next performance I'd like to ask the Gazette's music critic to join me onstage.,169,33,15,217,643,4113
And for my next number I will play  Fight of the Bumble Bee.,148,34,11,193,643,1912
Box variations.,178,39,14,231,643,1190
They said the keys would be larger,175,45,11,231,643,3521
"To close, a traditional Boxing Day tune.",151,40,9,200,643,1672
"After 30 years of tickling the ivories, I’ve decided to try something new.",151,40,9,200,643,2856
I always dread the Boxing Day gig.,151,40,9,200,643,3987
I think you'll agree this next tune is a real knockout.,126,37,6,169,643,3536
"And now, ""Fight of the Bumblebee.""",158,38,11,207,643,95
...And now a selection from my new boxed set.,157,40,10,207,643,1145
"Folks, this won't be my usual performance. I'm not wearing any pants tonight.",161,32,14,207,643,3720
And now for some Wagner.,161,44,9,214,643,2283
"Next, a piece I composed when I was three years old.",171,24,19,214,643,2946
Gerald was finding his two jobs were beginning to interfere with each other.,167,32,15,214,643,5674
"Good evening, Ladies and Gentlemen. I’m Down for the Count Basie!",139,35,9,183,643,4977
And now for a piece by Pugalini.,167,44,10,221,643,572
"If the bartender is listening, I'm ready for another round.",168,42,11,221,643,4983
Now for a thumping good tune,166,46,9,221,643,5056
"For your pleasure, “Cacophony in B flat”",145,35,10,190,643,816
"And now, I will play the 0ne-two waltz.",146,33,11,190,643,3040
And now for a touch of Wagner.,148,29,13,190,643,3100
"Ladies and Gentlemen, the Fight of the Bumblebee.",181,28,19,228,643,4531
Who brought the piano? I asked for a gong!,171,48,9,228,643,4724
This next piece I will play using only gentle jabs and delicate hooks.,153,31,13,197,643,4332
"This is a lessor known but musically athletic Bach piece, the poundo and feud in three rounds.",151,35,11,197,643,5675
Here comes the hook.,155,39,10,204,643,1454
"And now I shall play for your listening pleasure a few pieces from my latest recording, ‘Atonal Bludgeoning Cacophony.’",164,33,14,211,643,85
And here's a knockout hit I wrote recently...,162,37,12,211,643,209
And now the hard way.,166,29,16,211,643,1470
And now a song that floats like Madame Butterfly and stings like the Flight of the Bumblebee,161,39,11,211,643,3351
"Ladies and Gentlemen, I will be performing Simon and Garfunkel’s, The Boxer, as it was originally conceived.",171,43,11,225,643,2319
Let's get ready to Rrrrrrachmaninoffff!,173,39,13,225,643,3712
I'm hoping to be saved by the bell.,169,47,9,225,643,4984
I think you'll all recognize this Paul Simon tune.,150,32,12,194,643,3600
"Are you sure about this, Mr. Cage?",150,32,12,194,643,3785
And now for a piece that sounds like something a toddler could play.,153,38,10,201,643,164
Who's ready to hear my hit song?,155,34,12,201,643,463
"John Cage's 4'33, as played by Rocky Balboa.",157,30,14,201,643,1699
That was John Cage. Any questions?,157,30,14,201,643,3042
"Now for a mash-up I like to call ""Float like a Butterfly; sting like the Flight of the Bumblebee.""",159,38,11,208,643,1475
"And now I will perform""Horowitz at age 2""",159,38,11,208,643,1960
For my next number I shall pound the keyboard.,156,44,8,208,643,2584
"And now, for your listening pleasure, I will attempt chopsticks.",161,34,13,208,643,4153
"I would now like to play Ravel's ""Concerto for No Hands.""",165,38,12,215,643,1388
They said my playing could use a little punch.,163,42,10,215,643,2134
Let's see you bring your booing up here.,165,38,12,215,643,2848
"If Beethoven could do it deaf, then I might as well try my best.",166,36,13,215,643,4496
I will now play a round by Johann Sebastian Box.,164,40,11,215,643,4912
"Now, I’d like to play you a selection of my greatest hits.",169,42,11,222,643,753
"Last time, Rachmaninoff won.",168,44,10,222,643,2553
I’d like to now play the piano version of Simon & Garfunkel’s “The Boxer”,168,44,10,222,643,2930
"We take ""dueling pianos"" very seriously.",174,44,11,229,643,3080
I only play Fortissimo.,188,40,15,243,643,4913
My next selection is a real knockout.,140,35,9,184,643,2498
Uhhh...I kinda lost a bet.,153,33,12,198,643,4542
This next one is more ‘Rocky’ than Rachmaninoff.,156,39,10,205,643,2419
Any other requests?,159,33,13,205,643,4797
It’s not The Fight of The Bumblebee?,165,33,14,212,643,493
I  coulda had class. I coulda been a conductor. I coulda been somebody. Instead of a bum. Which is what I am.,164,35,13,212,643,4849
"My next number is ""Chopfists"".",167,41,11,219,643,1937
Here’s a little something for all you boxing fans”.,172,31,16,219,643,2338
This next one is also by Stravinsky.,170,35,14,219,643,3381
"And now, I give you Punchini's ""Madam Sting Like a Butterfly.""",168,39,12,219,643,3990
"...and now an original composition that I 
like to call  ""Thrilla in Manila""",168,39,12,219,643,5515
Gimme a mandatory eight count.,171,45,10,226,643,444
"And now I'd like to play something with absolutely no regard for talent, technique or quite frankly, for any of you my dear audience.",174,39,13,226,643,2635
This next piece was composed by a 2 yr. old with no formal training.,150,34,11,195,643,3840
"Now, my rendition of Fight of the Bumble Bee.",154,38,10,202,643,2625
I thought I’d punch up this last number just a bit.,153,40,9,202,643,3316
This will be 1812 like you've never heard.,159,40,10,209,643,3279
I will now play Rockymaninoff’s Piano Concerto No. V.,158,42,9,209,643,3979
"That was in the key of C minor, give or take...",165,40,11,216,643,4700
"Its Rimsky-Korsakov with a postmodern vibe: I call it ""Fight of the Bumblebee""",168,34,14,216,643,4927
I will now play for you a piece by Donald J. Trump called ‘Bing Bing Bong Bong’,173,36,14,223,643,569
"It’s an upbeat tempo.  One, two.  One, two.",169,44,10,223,643,1186
This next piece is by Sergei Knockyerblockoff.,169,44,10,223,643,5105
It's called Bach-sing.,183,40,14,237,643,2035
Does anybody dare to make a request?,139,39,7,185,643,5543
"I dare you, ask me to play ‘Piano Man’ one more time.",149,31,12,192,643,2531
This next one has a hook that will be in your head for days.,153,35,11,199,643,270
"And now, I will do a rendition of ""The Boxer,"" by Simon & Garfunkel.",149,43,7,199,643,799
Let’s get ready to RE-CI-TAAAAL!,153,35,11,199,643,1046
Would the person who requested Proud Mary please come forward?,161,31,14,206,643,885
...and now the band and I would like to punch out a couple of old favorites.,155,43,8,206,643,1926
We'll have a brief intermission while I decide my future.,161,31,14,206,643,2086
Good evening and welcome to 'Boxers Got Talent'!,159,35,12,206,643,4410
I'd like to pound out a few tunes.,156,41,9,206,643,5539
I hope you enjoy this next number. I knocked it out last night.,169,39,12,220,643,3036
"My next selection is Beethoven's ""Hammerklavier""",174,41,12,227,643,877
Let's get ready to rumba.,156,36,11,203,643,88
"Before I start playing the theme from ""Rocky"", can somebody come up here and zip up my pants?",152,32,12,196,643,204
"1, 2, 3 - hit it!",159,42,9,210,643,322
Too punchy?,155,38,10,203,643,470
This song was composed by my two year old son on the pots and pans.,145,22,15,182,643,513
It's kind of a punchy tune!,170,44,10,224,643,561
And now in the key of Ali.,168,36,13,217,643,843
. . . and now the theme from Rocky,154,28,14,196,643,908
And now ... The Pugilist of Seville.,156,36,11,203,643,1377
"Chopin Piano Concerto, round 3.",161,50,6,217,643,1397
"As a Jazz Pacifist, I believe it's more about the notes I don't strike",169,34,14,217,643,2857
I am going to float like a butterfly and sting like a B major,146,32,11,189,643,3164
My next selection will be from the Ring Cycle,148,40,8,196,643,3218
I float like Madame Butterfly and sting like Flight of the Bumble Bee,165,42,10,217,643,3270
I think I misunderstood the phrase 'hitting the right notes'.,153,42,8,203,643,3517
"My next song is The Boxer, by Simon and Garfunkle.",162,36,12,210,643,3538
"I went to a tough music school. The keys were black and blue. But seriously, take my arranger. Please!",142,28,12,182,643,3664
"I call this next piece, Ali vs. Frazier, in B minor.",151,34,11,196,643,4242
This next piece is from the Ring cycle.,151,34,11,196,643,4846
They told me it was Boxing Day.,171,42,11,224,643,5365
"And now for the old, ‘One, two’",168,43,10,221,643,2736
And now a little number by Schoenberg—please feel free to hum along.,168,31,15,214,643,1018
"This next piece - ""John Cage Match"" - is an homage.",165,37,12,214,643,2825
Rockymaninoff’s Piano Concerto No. V,162,43,9,214,643,3190
"And now a contemporary rendition of Schoenberg's transcription of LL Cool J's ""Mama Said Knock You Out""",168,31,15,214,643,3946
"I think you will all recognize the theme from ""Requiem for a Heavyweight.""",157,41,9,207,643,661
"Maestro, Uppercut in C Major please.",158,39,10,207,643,827
They’re rather tired of being tickled.,160,35,12,207,643,1111
"And finally, I'd like to knock out a few.""",158,39,10,207,643,2676
This next piece is by John Cage.,163,29,15,207,643,3904
What you are about to hear has never before been played in a concert  hall.,153,37,10,200,643,968
"Did you say, ""Bach's""?",148,35,10,193,643,3106
And now a tribute to the late great Muhammad Ali.,147,37,9,193,643,3552
What does Beethoven being deaf have to do with it?,154,23,16,193,643,4123
I Am The Greatest!,146,39,8,193,643,4939
YOU FORGOT THE BLINDFOLD.,157,17,19,193,643,5334
"Trust me, this next song will be a knockout.",172,42,11,225,643,392
"I shall now play Float Like A Butterfly, Sting Like A Bee Flat",177,32,16,225,643,3564
"And now, my own rendition of the 1812 Overture.",176,34,15,225,643,4222
Here's a punchy little etude...,162,50,6,218,643,348
"And now, I'd like to play ""TKO for Two""",166,42,10,218,643,4875
"And now, a recently discovered composition by John Cage.",171,32,15,218,643,5176
Many of you know this from my box set.,161,40,10,211,643,2536
"LIMERICK: There was a pianist named Billy...A heavy weight singer from Philly...His tunes packed a punch...And he delivered a bunch...But personally, I found them silly.",161,40,10,211,643,5399
This one has a punchy beat,154,42,8,204,643,3051
"Well, not usually, but these are my Bach-sing gloves.",155,40,9,204,643,3531
It needed the right hook.,157,36,11,204,643,4710
This composition needs more punch.,155,40,9,204,643,4830
WOULD YOU LIKE ME TO KNOCKOUT ANOTHER TUNE?,157,36,11,204,643,4923
"Thank you, ladies and gentlemen.  Tonight, I don't plan to tickle the ivories as much as smash 'em to bits.",150,38,9,197,643,789
"Next, I'd like to play the Ali Variations.",151,36,10,197,643,2472
For my final piece I'd like to play Schubert's  Four Impromptus D899 but I can't.  So instead I'll just beat the crap out of this thing.,147,32,11,190,643,1993
This next piece is a punchy little number.,147,32,11,190,643,3044
It's worse than it looks.  They're thumbless gloves.,167,35,13,215,643,977
"And now, my final number will just knock you out!",164,41,10,215,643,2707
The Fight of the Bumblebee,168,33,14,215,643,3249
This next little number is a real knockout!,166,37,12,215,643,5485
Yo adagio!,160,37,11,208,643,327
Would anyone care to hear another fight song?,158,41,9,208,643,540
The first number I'll be playing this evening is going to sound like hell.,161,35,12,208,643,933
"Sonata for two boxing gloves on three keys at a time, molto grandissimo.",156,45,7,208,643,1004
My next piece is a real knockout.,147,39,8,194,643,48
This is for the table that requested the theme from “Rocky”!,141,39,7,187,643,2388
"Now, a new work, “Brexit Compromise,” in B flat minor.",146,29,12,187,643,2808
For my next number...'Requiem for a Heavyweight',167,42,10,219,643,142
I have found it difficult to refrain from texting during performances.,165,34,13,212,643,1989
"Next, ""Dance of the Butterflies,"" by Muhammad Ali.",160,44,8,212,643,5322
It worked for my cat.,157,38,10,205,643,1340
"Float like a melody, sting like a B-flat.",152,48,5,205,643,1743
"Roll over, Beethoven.",153,34,11,198,643,154
"And now, Ravel's Piano Concerto in D for Southpaws.",155,30,13,198,643,1352
"And now, I would like to play the theme song from the movie, Rocky.",158,24,16,198,643,2973
"...and so in tribute to Michael Jackson, I will ""just Beat It.""",152,36,10,198,643,4701
Let the first round of the concerto begin.,149,30,12,191,643,3999
"Harolds worst nightmare, trying out for the ""L.A. PHILHARMONIC""",146,24,14,184,643,1430
And now for a bit of Rocky maninoff!,180,35,15,230,643,1906
"Concerto in A, B, C, D, E, F, and G",139,38,7,184,643,2550
My next piece is in one-two time.,174,35,14,223,643,535
"I call the next piece ""The Ring Cycle"".",174,35,14,223,643,3677
I’m wearing these gloves at the request of my fans,166,39,11,216,643,2953
"Now, for a rarely-played piece from Wagner's Ring Cycle.",169,33,14,216,643,3509
"Float like a butterfly, sting like a B-sharp.",159,41,9,209,643,412
"That concludes Round  1, Round 2 will begin after intermission .",160,39,10,209,643,3376
'We're now going to take the gloves off.',155,37,10,202,643,254
"The contract stated I was not allowed to ""tickle"" the ivories",156,35,11,202,643,1813
"I will take off the gloves, but I want you to know how it feels to be challenged by Prokofiev.",155,37,10,202,643,2543
"Then what precisely DO you mean by ""Punch it up a little""?",154,39,9,202,643,3993
"Ladies and gentlemen, I will now perform a medley of my greatest hits.",177,48,9,234,643,2606
"Excuse me, the keys are too small.",147,29,12,188,643,830
"If Billy Joel claims to be the piano man one more time, I swear I'm going to deck him.",144,35,9,188,643,5025
Fair warning if you don’t applaud.,167,44,9,220,643,551
"Ladies and Gentlemen, Rockymaninoff No. 3.",172,34,14,220,643,1073
Tickling the ivories! I think not.,136,39,6,181,643,1131
I love challenges!,169,28,16,213,643,2171
"And now, the Trump Suite of Dementias, in F Major.",167,32,14,213,643,2285
This concert is off to a Rocky start.,163,40,10,213,643,5459
Apologies for the rocky start...,159,36,11,206,643,986
What do you mean I am off key?,160,34,12,206,643,2928
"What?? No, the contract definitely said glove songs...",163,28,15,206,643,3246
And it sounds a little something like this....,157,40,9,206,643,5324
"And now, ""The Boxer""",186,37,15,238,643,3137
"Well, technique isn't everything.",179,51,8,238,643,3792
"No dad, I'm giving up on your dream",183,43,12,238,643,5318
"I dedicate this next piece to my manager, who needs a better understanding of what a ‘boxing day concert’ is.",155,32,12,199,643,368
And now for the hook.,154,22,16,192,643,83
Oddsmakers have ebony over ivory in the third round .,149,32,11,192,643,915
"Now for Chopin’s Etude in G# minor, Op.25; No.6 the hard way.",148,34,10,192,643,3985
This next number will be a little Rocky,167,39,11,217,643,888
"And now, round four...",168,37,12,217,643,2295
And now for a little fight music.,169,35,13,217,643,2559
"On tonight’s program, “Float like Les Papillons, sting like Debussy.”",170,33,14,217,643,4989
"And now, the theme from ‘Rocky’ as it was originally composed...",165,31,14,210,643,1262
They keys in this piece are pretty sharp.,162,37,11,210,643,3274
The second movement begins with delightful arpeggios and ends with an uppercut.,162,37,11,210,643,4971
"Ladies and gentlemen, The Palooka Polka.",163,35,12,210,643,5676
"I wanted to be a boxer, but mother made me take piano lessons.",178,48,9,235,643,3192
I'm trying to stop tickling the ivories.,153,43,7,203,643,557
This is called he Mefisto Waltz.,156,37,10,203,643,1826
"It was at that moment, Rocky knew he had to give up his dreams.",155,39,9,203,643,2407
Sharp or flat?,177,38,13,228,643,1952
And now: Beethoven's Ninth--in the style of American democracy.,155,27,14,196,643,179
My next number will knock you out.,150,37,9,196,643,3698
"And next, the theme from Rocky.",173,34,14,221,643,2731
I'm working on my fortissimos.,170,40,11,221,643,5567
"And now, Muhammad Ali's fifth symphony.",167,34,13,214,643,1208
"I've had a request for ""The Boxer.""",160,36,11,207,643,1371
I dare you to cough one more time!,161,34,12,207,643,4154
Get ready for my latest hit...,159,38,10,207,643,4494
This next selection is a real knockout.,159,38,10,207,643,4511
I will now take on Mozart,156,44,7,207,643,4826
"Heads up, folks -- this next number's going to be a knockout.",181,37,14,232,643,5456
Just how fortissimo do you want it?,153,38,9,200,643,74
Now I'd like to knock out my latest for you!,152,40,8,200,643,699
"You said pugilisimo, right?",157,30,13,200,643,1087
So! I’m not all thumbs!!,155,34,11,200,643,2232
It’s not as delicate a piece as one might think.,170,47,8,225,643,4017
They complained I was all thumbs.,153,38,9,200,643,5482
"And now, reimagined for pianoforte, the theme from Rocky.",175,25,18,218,643,4166
I dedicate this next piece to Philip Glass.,150,32,11,193,643,1740
"*“Alas, ebony and ivory don’t always live together in perfect harmony.”",183,40,13,236,643,1991
This next piece may be a little Rocky.,165,33,13,211,643,2323
I have A Minor problem,162,39,10,211,643,2694
What? You've never seen Bach-sing gloves?,168,27,16,211,643,4411
J. S. BACHINGGLOVE,161,41,9,211,643,4466
"Now, i am going to play my greatest hits.",162,39,10,211,643,4572
"And now, Madam Butterfly, Stings Like A Bee.",168,27,16,211,643,5169
"And now, ladies and gentlemen: ""'We Will Rock You!",146,28,12,186,643,1167
"I thought you said ""bach"".",176,42,11,229,643,942
"Introducing classical music for millennials. Because alone, Piano Sonata No. 29 isn't enough to maintain your attention.",178,38,13,229,643,2302
It's an unfinished piece if anyone's cellphone goes off.,178,38,13,229,643,5186
"And in this corner.......Liszt-loving, Bach-breaking, Mozart-mauling .....two-handed ""Steinway Tommy Tune""!!",178,38,13,229,643,5237
"Well, most musicians needs two jobs",157,37,10,204,643,4872
"I know it looks odd, but it got me into Harvard.",175,32,15,222,643,5308
"And now, I'll play selections from my box set.",154,31,12,197,643,92
"And now, by Rimsky-Korsakov, The Fight of the Bumblebee.",151,37,9,197,643,1447
"I call it ""Pounding on the keys like a goddamned Ape.'",164,42,9,215,643,77
"And now for Rachmaninoff’s piano concerto in c minor.
 Better known as Rocky II",169,32,14,215,643,2996
Victor Borge in his final round,165,40,10,215,643,4580
The nightmare before the concert.,134,28,10,172,643,5663
And now I'd like to bang out a little ditty of my own...,178,45,10,233,643,99
I will next perform the theme from Rocky.,178,45,10,233,643,3412
It's a Cage session.,148,31,11,190,643,313
"That was the fury, now comes the sound.",148,31,11,190,643,3755
"And now a new take on a classic: ""Beating You Senseless With My Song.""",145,37,8,190,643,5483
Playing piano helps with my anger management issues.,172,45,9,226,643,4638
You were right. This does sound a little better.,157,32,12,201,643,537
This one's in the key of Knock You Flat.,154,38,9,201,643,2535
They laughed when I sat down at the piano.,172,33,14,219,643,2513
"For my next piece, I'll be playing the theme song from Rocky.",171,35,13,219,643,4386
"This next piece is called ""the fight of the bumble bees"".",171,35,13,219,643,4559
"And now, my rendition of the ""The Theme From Rocky'.",181,46,10,237,643,2844
And Now Tyson's Ninf Symphony,151,32,11,194,643,619
You should see what the keyboard looks like,145,44,5,194,643,2662
I'm in between careers.,163,39,10,212,643,1003
"In tune, but out of touch.",166,33,13,212,643,1241
"And now, some tunes from The Ring.",169,27,16,212,643,2392
...And it kind of goes like this.,162,41,9,212,643,3866
These?  They're for when I meet that #*&@* composer after the concert.,165,35,12,212,643,4048
Please have patience as I fight my way through the always difficult Rachmaninoff  3rd piano concerto.,182,32,16,230,643,432
"When I play fortissimo, I don't fuck around.",182,32,16,230,643,4316
"Next, I'll play you a punchy little tune.",142,38,7,187,643,1822
Pianist!? I could've swore the classified sought a pugilist.,162,29,14,205,643,1920
I used to play by ear.,164,25,16,205,643,2118
"This is a little etude for note clusters, which I composed myself.",160,33,12,205,643,2842
"And now, a visual depiction of writer's block.",167,38,11,216,643,1196
"And next, a lovely little composition by Victor Borge.",152,37,9,198,643,1575
"Despite his millions earned, Rocky Balboa eventually went baroque.",153,35,10,198,643,1784
Boxing. It helps me think outside of the piano.,161,38,10,209,643,3637
The chorus will now join me  for few rounds.,161,38,10,209,643,5051
This Flight of the Bumblebee is in honor of Muhammad Ali.,166,28,15,209,643,5202
"Float like ‘Madame Butterfly,’ sting like ‘Flight of the Bumblebee.’",148,33,10,191,643,2174
I will now play for you “Eine Kleine Knock You Out.”,171,37,12,220,643,491
Let me give you a tune with some punch!,171,37,12,220,643,2937
It's time for the greatest hits.,171,37,12,220,643,4331
I’m afraid I can only take requests for something from “The Ring” cycle.,155,38,9,202,643,2459
"Yo Adrian, can you turn the music for me?",157,34,11,202,643,3329
Ohhh...you said we're going to Bach's!,143,31,10,184,643,2546
Tickling the ivories is for beginners. This is advanced stuff.,162,43,8,213,643,1590
'Chop Sticks.' Why?,165,37,11,213,643,2210
"And now, an unusual rendering of ""Chopsticks"".",137,31,9,177,643,1442
Welcome to Ultimate Piano Club,160,35,11,206,643,1881
I'm waiting for the opening bell.,160,35,11,206,643,2747
If you hum a few bars I can probably punch it out.,158,39,9,206,643,3078
Next I'll perform Rockymaninoff's arrangement of Bach's concerto,158,39,9,206,643,4159
And now I’m going to pound out an old favorite.,160,35,11,206,643,4407
Tonight I only play music from the Rocky films.,155,45,6,206,643,5521
This next piece makes Beethoven look like a little bitch.,181,43,11,235,643,1158
I'd like to dedicate my next number to Muhammad Ali.,182,41,12,235,643,1501
"Oh, ho, yes, I’m the great contender.",145,34,9,188,643,4619
"Next, I will play the theme from Rocky.",171,32,14,217,643,1364
"Trust me, this next piece was a real knockout at my last recital",167,40,10,217,643,2738
"So much for modern stuff. Now for Chopin, and the gloves come off.",170,34,13,217,643,2978
And now I go three rounds with Rachmaninoff.,153,37,9,199,643,33
Nobody talks during my performance.,154,35,10,199,643,1235
Wasn't the program Rockymaninoff?,156,31,12,199,643,4349
"Ladies and Gentlemen, Flight of the Bumblebee like you have never heard played before!",156,31,12,199,643,4854
It is the best way to keep my hands insured.,154,35,10,199,643,4990
"Makes ""hitting"" those notes much easier.",174,45,9,228,643,2434
Now I will do the piece I played for Harvard’s Admissions Committee.,175,43,10,228,643,3423
Tonight I'll be playing the theme from Rocky XVII.,178,37,13,228,643,3562
Who's up for another round?,162,38,10,210,643,1383
Now for the Fight of the Bumble Bee.,161,40,9,210,643,4439
No hitting below b-flat,164,34,12,210,643,5076
Get me LARGER KEYS.,164,34,12,210,643,5649
If you all don’t stop heckling me the gloves are coming off,154,23,15,192,643,797
"I'm just a poor boy, though my story's seldom told...",174,33,14,221,643,176
This next piece is a big hit!,158,34,11,203,643,89
Would you care to join me in a round?,159,32,12,203,643,3545
I was told to punch up the ending,159,32,12,203,643,3955
"And now for your listening pleasure, the theme from “Rocky”.",156,38,9,203,643,4889
"Don't prejudge.""",163,43,8,214,643,291
This is a little tune I learned when I studied under Sonny Liston,165,39,10,214,643,1007
Why tickle the ivories? Pound them with passion!,163,43,8,214,643,5020
Next is a song that took Jim Morrison 8 1/2 minutes to sing. I plan to knock it out in 2.,167,35,12,214,643,5659
"Actually, it's all in the technique.",163,31,13,207,643,161
I don't think I can play pianissimo.,168,40,10,218,643,5
Here's a punchy tune I wrote to celebrate the Senate Judiciary Committee Hearings,172,32,14,218,643,844
I will now perform an experimental piece by John Cage.,173,30,15,218,643,1011
I  HAVE TO HANDAL THE NEXT NUMBER WITH KID GLOVES,149,28,12,189,643,2904
"I will now perform a more faithful interpretation of ""Baby Elephant Walk"".",146,34,9,189,643,3334
"This one's for my Pop, who always wanted me to become a fighter",155,35,10,200,643,928
The ivories aren't being tickled tonight.,157,31,12,200,643,2341
Any requests for another Round?,155,35,10,200,643,3857
"For my next selection, I'm going to play 'Chopsticks' again.  Anybody got a problem with that?",155,35,10,200,643,4704
And now a new medley for those in the audience who are tone deaf,166,32,13,211,643,365
"I like to call this one, ,'You're Gonna B-flat-tened.'",165,34,12,211,643,1696
"And now, Rachmaninov in three rounds.",161,42,8,211,643,4245
I    consider the  piano my opponent.,169,45,8,222,643,117
I'm the boxer of Seville.,148,37,8,193,643,1679
"And now, for The Fight of the Bumblebee!",160,32,12,204,643,911
I'm going for a knockout performance of Box Sonata #1.,158,36,10,204,643,4726
What do you mean it could be punchier?,161,30,13,204,643,5272
"and now, the ever popular 'Mitten on the Keys'",166,39,10,215,643,3001
"...And in the right corner, hailing from the Steinway factory in Queens, weighing in at 1200 pounds, it's GRAND PIANO!!!",166,39,10,215,643,3399
This next one is entitled “Eine Kleine Chinmusic”,165,41,9,215,643,4926
This next piece is from the opera “Don King Giovanni.”,168,35,12,215,643,4967
"I call this next piece ""The Crash of the Bumblebee.""",167,37,11,215,643,5305
"This is the point in the program at which I respond to requests for ""Feelings"" or ""Piano Man"".",175,40,11,226,643,342
And now the overture from the opera 'Rocky',172,46,8,226,643,391
"Hit it, maestro!",136,30,9,175,643,272
Welcome to Fight Club.,133,36,6,175,643,2226
I call this The Pugilissimo.,142,37,7,186,643,2838
I wish my manager could enunciate. The word was Bach.,143,35,8,186,643,3143
Punchy melody it is.,153,34,10,197,643,346
"But the maestro said this was a 
Boxing Day concert.",149,42,6,197,643,4961
I call this 'Fight of the Bumblebee'.,164,31,13,208,643,545
The ivory is going to be black and blue after I'm done with it,161,37,10,208,643,622
"yeah,well if I could box,do you think I'd be trying to play this thing?",164,31,13,208,643,1649
"I now present a new piece entitled ""Modern Diplomacy.""",173,32,14,219,643,459
The next is a request from Mike Tyson,171,36,12,219,643,3259
This may look easy... It is not.,176,45,9,230,643,1230
"Now, for a more muscular piece.",150,47,4,201,643,2024
"Some people say I'm a bit heavy handed.""",155,37,9,201,643,4634
Raymond is undefeated in the spinet division but now faces a big challenge in a higher weight class.,163,40,9,212,643,1639
"...and the Fourth Movement: ""graziano ma non marciano.""",164,38,10,212,643,2155
I will now play Rachy 3.,171,24,17,212,643,2423
Shall I play some selections from the boxed set?,167,32,13,212,643,5074
Staccato?,174,37,12,223,643,2027
This next piece will be performed in 12 rounds.,172,41,10,223,643,5573
"Personally, I thought it was a knock-out performance.",139,38,6,183,643,275
"My next piece will be a Concerto in 15 Movements, or Until the Referee Stops the Concert.",143,30,10,183,643,1562
"Mother wanted me to be a pianist. Father wanted a pugilist, so I learned to punch the keys.",149,37,8,194,643,1435
There will be a 1 minute intermission between each of my 10 pieces.,154,27,13,194,643,4418
The next piece is titled 'Thrilla in Manila.',148,39,7,194,643,5535
This is one I call 'Beethoven's 9th Round.',158,38,9,205,643,1478
My mother wanted a pianist.....my father wanted a pugilist.,158,38,9,205,643,1602
"Now for the main event, ...",165,43,8,216,643,4994
Playing with ten fingers is easy.,174,44,9,227,643,232
Anyone else got any smart remarks ?,153,36,9,198,643,1297
"Wait, downbeat? I thought you said beat-down.",155,32,11,198,643,1467
"Good  Evening Folks, this is the first time I've played at a ""Fight Club.""",142,39,6,187,643,1880
Punch it again Sam.,168,44,8,220,643,4469
"This next piece is called Holidays at the In-Laws.""",137,30,9,176,643,5398
I'm a lover and a fighter.,171,45,8,224,643,5379
"I present my new composition ""Trumps attempts to hit the right chords""",169,30,14,213,643,1304
This next song is alittle more up beat.,163,42,8,213,643,5234
"And this time, you had better applaud.",165,38,10,213,643,5382
I know what you're thinking.,154,41,7,202,643,1092
"For my first piece, I will be playing an adaptation of the ""Rocky Theme""",159,31,12,202,643,3139
And now in Fortississimo.,156,37,9,202,643,5481
Not to mention I've never learned to read music.,179,36,13,228,643,582
You could say I'm digitally-challenged.,170,35,12,217,643,2597
My next piece will be ‘Chopsticks - The Hard Way,168,39,10,217,643,3129
"Don't worry, I can Handel myself",158,40,8,206,643,1747
"Well, I only minored in music. My degree is in the martial arts.",158,40,8,206,643,4579
I always wanted to beat the band.,161,34,11,206,643,4896
This is why it is called The Unfinished Symphony.,153,31,11,195,643,1908
"And now, a Canto from Ezra Pound.",153,31,11,195,643,3503
"This next piece, inspired by John Cage, is called Bruised Piano",150,37,8,195,643,3656
"And now, a fantasie by Franz Liszton.",151,35,9,195,643,4452
"And now, Requiem for a Heavyweight for piano and gloves!",152,33,10,195,643,4782
"When you're as great as I am, you really should have some kind of handicap.",144,30,10,184,643,1168
The precision may not be quite adequate but fortissimos are exeptional !,178,45,9,232,643,532
"My last piece is entitled ""Float Like a Butterfly, Sting Like a Bee.""",176,30,15,221,643,451
And for my next piece; 'Rocky V' in A minor.,172,38,11,221,643,2850
"Now for tonight’ s last request :
BADDA-BING, BADDA -BANG.",172,38,11,221,643,5065
Schubert has requested a rematch.,160,43,7,210,643,1032
I thought they said pugilist.,165,33,12,210,643,1504
My counter punch is much better than my counter point.,163,37,10,210,643,4941
"Tonight, I'll be going fifteeen rounds with the Schoenberg.",164,35,11,210,643,5283
Wait until the gloves come off.,151,42,6,199,643,4344
This one's for you in the box seats.,156,32,11,199,643,4887
Here's a song that packs a punch.,152,40,7,199,643,4957
I will now play the Mike Tyson Rhapsody in Black and Blue.,144,37,7,188,643,3744
Next will be the theme from Rocky,147,31,10,188,643,4873
There will be copies of my box-set available in the lobby after the show!,138,30,9,177,643,2599
The Boxing Ring Cycle,175,39,11,225,643,1137
I will now play Sonata in B Flat by Mike Tyson.,175,39,11,225,643,1317
Never steal from the casino the night you’re scheduled to play piano there.,177,35,13,225,643,1654
"Next, my take on the theme from ""Rocky.""",177,35,13,225,643,2665
It's easier than the violin.,168,34,12,214,643,72
"And now, something a little more lightweight.",161,48,5,214,643,3294
"And now, ladies and gentlemen, I'd like to play for you my interpretation of Paul Simon's ""The Boxer.""",168,34,12,214,643,3980
And now I shall attempt Fight of the Bumblebee,169,32,13,214,643,4272
"For my next number I would like to play a new composition I call ""The Fight of the Bumblebee""",155,41,7,203,643,3419
"And now a little piece I call the ""The Fight of the Bumblebee.""",158,35,10,203,643,3544
This next piece will knock you out!,149,34,9,192,643,1228
Now I’d like to pummel my own interpretation of  ‘Rhapsody in Black and Blue’.”,151,30,11,192,643,1452
"And now, something in tempo ""pugilissimo"".",146,40,6,192,643,2826
You asked for a heavy hitter!,150,32,10,192,643,4080
And now a selection from Madame Float-like-a-Butterfly.,177,42,10,229,643,3433
I'll just knock out a quick sonata before dinner.,171,35,12,218,643,486
Each song will be followed by a 1-minute intermission.,168,41,9,218,643,2569
Let's get ready to Rachmaninoff!,174,29,15,218,643,5257
I call this one Rach'em-Sock'em-Maninoff.,160,38,9,207,643,594
Raging Bach,163,32,12,207,643,2699
"Next will be my Mohammed Ali ""Flight of the Butterfly""",159,40,8,207,643,5068
I'm now going to pound out some Mozart.,160,38,9,207,643,5422
And now for the Cantata Pugilisto,153,33,10,196,643,1025
I had to struggle with this piece...,154,31,11,196,643,4383
"And then I hear my ex-wife laughing in the audience, and then I wake up--every time.",156,27,13,196,643,4803
"I don't know why, but tonight I feel like I'm all thumbs.",149,41,6,196,643,5173
"To unlock the premium concert experience, please open the app and select the $3.99 in-app upgrade.",145,30,10,185,643,1802
"And now, a heavy-handed version of Jingle Bells.",173,38,11,222,643,2357
"And now, the Muhammad Allegro.",177,30,15,222,643,5564
"I predict it will end in the sixth measure.""",162,41,8,211,643,4041
"Be quiet please, I'm going to knock out a few tunes for you.",162,41,8,211,643,4295
And now the theme music from Rocky,163,39,9,211,643,4306
Please hold your applause until I've finished.,166,33,12,211,643,5442
"Now, I shall float like a butterfly and sting like the 'Flight of the Bumblebee""",180,50,7,237,643,742
Power chords are my forté!,174,43,9,226,643,2955
"I apologize for that last prelude. 
Now, on to box the ill-tempered clavier.",175,41,10,226,643,3534
"This next piece is one I wrote for my ex-wife called ""you should have signed the prenup""",149,29,11,189,643,4755
...and now for my most-difficult piece...,170,32,13,215,643,3975
My insurance carrier insists I take special care to protect my hands since my career depends on it.,137,34,7,178,643,4888
We shall now experience the atonal grandeur of the Rocky Variations.,157,39,8,204,643,1098
"For my next piece, I shall float like a butterfly and sting in the key of B flat.",161,31,12,204,643,3505
"And now, a piece titled ""Yo Adrian!""",178,42,10,230,643,4489
"My next number will be the theme from ""Rocky.""",147,40,6,193,643,2988
Rachmaninoff’s Concerto no. 2- twelfth round.,153,28,12,193,643,5644
"Next, my rendition of The Nutcracker.",162,36,10,208,643,224
"And now, I will once again play the theme from Jaws",162,36,10,208,643,2511
I’d like to slow things down a bit. Then speed back up. Then a left. A right. Another left...,164,32,12,208,643,3158
"And now, Round 3 of selections from my complete boxed set!",163,34,11,208,643,4271
"I shall now play my new composition, 'Lullaby for Mike Tyson'.",147,21,14,182,643,4428
And a little bit softer now...,165,30,13,208,643,4956
Ladies and Gentlemen: Simon and Garfunkel's The Boxer.,161,38,9,208,643,5141
This is how I avoid carpal tunnel syndrome.,160,40,8,208,643,5691
I will now perform a piece by JS Box,173,40,10,223,643,784
"This one is called 'I'm gonna smash your face', in G minor.",156,29,12,197,643,1091
Ladies & Gentlemen...Wolf Gang Amadeuuuuuuus Mozart !,151,39,7,197,643,1248
"Si, let me pound  out a few tunes for you.",153,35,9,197,643,1362
This next round is from the work of TKOvsky,149,43,5,197,643,1541
"Should anyone in the audience fail to appreciate this beautiful musical piece, I must advise you that there will be consequences.",153,35,9,197,643,1929
"And now, I shall play Beethoven's Fifth Round",151,39,7,197,643,3465
My current album comes in a boxed set,143,36,7,186,643,64
Let's get ready to treble!,145,32,9,186,643,2131
"For my finale, I will  perform: ""Float like a Butterfly, Sting like a Bee.""",181,31,15,227,643,886
"And for my next piece, 'Float like a butterfly, sting like the Flight of the Bumblebee.'",156,36,9,201,643,81
They said my performance was a knockout!,152,44,5,201,643,1327
This one is dedicated to my lovely ex-wife.,149,31,10,190,643,332
This next nocturne is scheduled for 10 rounds.,145,39,6,190,643,2204
And now a little tune from Johann Sebastian Box.,148,33,9,190,643,5039
"So, how does your school’s fight song go?”",178,44,9,231,643,1294
"Now, this next tune may ring a bell.",128,28,8,164,643,402
You requested Roberto Duran Duran?,160,35,10,205,643,1392
I need my mouthpiece!,162,31,12,205,643,3780
"And now for a blow by blow rendition of Schubert's Three Military Marches, Opus 51.",166,23,16,205,643,5434
Can anyone help me find middle C?,175,31,14,220,643,1981
Now for some minimalism.,171,39,10,220,643,4752
"Thank you. And now, this one will just knock you out.",178,51,6,235,643,308
"My next piece will attempt to float like a butterfly, sting like a bee.",181,45,9,235,643,1114
"And now, Rockymanenough Piano Concerto no. 2",185,37,13,235,643,3286
"And now for ""The Boxer"" by Paul Simon.",154,28,12,194,643,4878
"And we start our session with
Chopin’s “Barcarrolle in F Sharp Jab to the Right.",146,44,4,194,643,5545
"And now, for my rendition of Simon & Garfunkel’s “The Boxer”",163,36,10,209,643,1020
Minuet for two thumbs.,162,38,9,209,643,1856
…called Migraine in A Major.,163,36,10,209,643,2157
Chopsticks it is then!,186,42,11,239,643,1368
"Ladies and Gentlemen, this is what I learned from Viktor Borge.",152,39,7,198,643,2346
This next number really hits hard.,166,37,10,213,643,4290
Let's get ready to crescendo!,175,45,8,228,643,5474
"I said Bach, not box.",135,28,9,172,643,5340
"If anybody shouts, ""Yo, Adrian,"" you will be removed from the premises.",159,32,11,202,643,2330
Trump Concerto in F Minor,162,26,14,202,643,2794
Now I know what Theresa May must feel like.,158,34,10,202,643,3469
I shall now attempt the dreaded Rachy III,159,32,11,202,643,4088
Sonata in the key of Ali,170,36,11,217,643,1195
Knocked out Bethoven's Fifth.,172,32,13,217,643,2375
"...and to conclude, here is the Welterweight Waltz in B-flat Major.",169,38,10,217,643,5245
And now I will transition from tickling the ivories to punching them,148,35,8,191,643,4443
Welcome to our Boxng Day concert.,164,29,13,206,643,56
And now for something 'molto energetico e furioso' !,162,33,11,206,643,73
It's just a little number I came up with for Boxing Day this year.,163,31,12,206,643,2052
"Ok, I'm gonna' need an eight count for this next one...",175,33,13,221,643,2642
And now for round three.,171,41,9,221,643,3779
"In this final piece, I will be combining The Art of  the Fugue with the Queensberry Rules.",170,43,8,221,643,4585
I call this one Too Many Notes,154,30,11,195,643,666
My next piece is John Cage's 4'33,151,36,8,195,643,2342
This next song is a punchy little number ...,160,44,6,210,643,3117
This is a little something my three-year-old wrote...,138,36,6,180,643,3411
"This final movement, a rondo played in robust fortissimo, delivers a real knockout!",169,52,4,225,643,3452
I will now play some Black & Blues.,164,36,10,210,643,3683
"The gloves, sir, are to protect my hands.",165,34,11,210,643,4328
"And now, in memory of Rod Serling, Anthony Quinn, Jackie Gleason and Mickey Rooney: Requiem for a Heavyweight",162,40,8,210,643,4402
"Promise you, next song is a knockout.",163,45,6,214,643,252
This evening instead of tickling the ivories I will be punching them.,167,37,10,214,643,1607
"And one more time, the opening notes of Beethoven's Fifth.",167,37,10,214,643,2649
Boo me one more time - I dare you!,166,39,9,214,643,4034
And now something more contemporary...,170,31,13,214,643,4372
You should hear me play when the gloves come off,167,37,10,214,643,4697
"And now, a couple of rounds with Shoenberg.",169,33,12,214,643,5191
Down goes Mozart!,157,31,11,199,643,3986
Now I will play a theme from Rocky.,145,29,10,184,643,1323
I will now perform the Nocturne Pugilistica by Sugar Ray Mozart.,143,33,8,184,643,2554
Clair de lune?  What key?,142,35,7,184,643,3768
"Last,  here's my rendition of that old favorite:     
 ""There's a Bull in the China Shop.""",169,40,9,218,643,2703
My performance will float like Madame Butterfly and sting like Flight of the Bumble Bee.,173,32,13,218,643,2977
Welcome to Rocky in E minor,159,34,10,203,643,7
"I call this next piece, “The Stomping Elephant”",156,40,7,203,643,4568
"And now, Rockymaninoff’s IVth",160,32,11,203,643,4689
"Yes, I lost a bet and yes, you can get a ticket refund.",172,41,9,222,643,4870
"Yo, Adrian! I did it!",165,29,13,207,643,1839
and now...Brahms'  Second Concerto in Knocked Flat.,160,39,8,207,643,2389
"I thought you said ""_Box_ Sonata""!",163,33,11,207,643,2974
"...and while I am entirely grateful to Modells for underwriting this concert, I do feel compelled to mention that there were certain strings attached....",158,43,6,207,643,3050
I'll now play the 3rd movement of Muhammad Ali's second symphony,162,35,10,207,643,3642
This piano and I haven't been getting along lately...,162,35,10,207,643,4679
I thought you said this was a fight song...,163,33,11,207,643,5194
"And for my next number, a knockout version of Moonlight Sonata.",163,40,8,211,643,235
'I will now play 'Silent Night'.,168,30,13,211,643,2735
Can somebody give me a hand?,165,36,10,211,643,3967
Any request?,154,32,10,196,643,1001
"And, now, something a little punchy.",150,40,6,196,643,2508
My next number is the Carpal Tunnel Suite.,154,32,10,196,643,3473
Here's a little something for those of you who like less definition.,168,37,10,215,643,3829
"Contrary to what others believe, Mr. Trump believes a pianist plays just as well with boxing gloves as without.  While I don't expect to convince him, I will try to prove to others this just isn't true.",166,41,8,215,643,4085
"Up next, my classical one-two combo.",153,41,6,200,643,1428
"I apologize, the gloves proved much more difficult to take off than to put on.",154,39,7,200,643,5327
". . . my own composition, an atonal 'Ode to Donald' .",148,25,12,185,643,4071
Let me know if you don't like this one.,169,42,8,219,643,4456
My next piece is played fortissississimo.,162,30,12,204,643,123
It's more of a Box-trot.,158,38,8,204,643,1885
This next one will be a bit punchier than the last.,159,36,9,204,643,2671
"And now, The Dance of the Butterfly, by Muhammad Ali",163,28,13,204,643,2696
"To start with, I'll just knock out a little sonata.",156,42,6,204,643,4894
What do you mean there's no punchline?,161,32,11,204,643,5046
You might recognize this Paul Simon cover,158,38,8,204,643,5453
"Tickling the ivories? Uh, no. I don't think so.",172,43,8,223,643,3099
And now for Rockymaniovs's Concerto No. 3,148,32,9,189,643,2852
And now I'm going to knock out one of my old favorites.,146,36,7,189,643,3520
"And now for my next piece, ‘Float Like a Butterfly, Sting Like a Bee.’",152,24,13,189,643,5575
These piece symbolizes both internal and external conflict,160,41,7,208,643,1615
Now here's a little ditty from my boxed set.,161,39,8,208,643,1848
I'm taking requests for fight songs,161,39,8,208,643,2042
Franz Lizst bangs the Piano with his Fizst.,161,39,8,208,643,2796
Now a little something from Wagner’s “Ring of the Mittelveight”.,148,39,6,193,643,2903
And now my medley of college fight songs.,163,42,7,212,643,2704
Tonight I will be playing selections from Wagner’s Ring Cycle,167,34,11,212,643,3151
"The record shows I took the blows 
and did it myyyyyy waaaayyyy",167,34,11,212,643,3824
And now The Mike Tyson Overture.,168,32,12,212,643,4055
But you said you wanted a more punchy arrangement!,136,37,5,178,643,2867
"As Beethoven famously asked, “Do you want a piece of me?”",153,36,8,197,643,378
The gloves come off when you start clapping.,154,34,9,197,643,1771
And not without a smattering of irony.,150,42,5,197,643,1907
Now a little music for Boxing Day.,155,32,10,197,643,5681
It would be best if you sang in rounds.,170,35,11,216,643,5043
You should see the keys!!,160,29,12,201,643,258
Now I’d like to play music from The Ring.,159,31,11,201,643,2468
My next piece is a bout . . .,156,37,8,201,643,4628
Get ready to rumble,170,42,8,220,643,728
You were expecting maybe the guy with the candlabra?,171,40,9,220,643,1052
I said I was a pugilist not a pianist!,173,36,11,220,643,1939
And now more favorites from the life of Joe Louis!,187,41,11,239,643,4220
"Shubert's Piano Sonata No. 21 in B-flat major, Trump technique.",148,27,11,186,643,4021
Let’s get ready to rondo!,160,36,9,205,643,559
The sudden realization of having forgotten to zip.,178,33,13,224,643,1415
"Anvil Chorus, anyone?",173,43,8,224,643,3374
"And now, Balboa's piano concerto in C, B, B flat, A, A flat and G""",181,27,16,224,643,3526
...in the key of b-c-d-e-f,175,39,10,224,643,4368
"I call this next piece,
“The Fight of The Bumblebee “.",166,31,12,209,643,584
And now for Round 2 of tonight's performance.,177,42,9,228,643,828
I fought my whole life to get on a stage like this!,163,37,9,209,643,4257
Just warming up,163,37,9,209,643,4484
And now for a sonata by Serge Rockymaninoff.,167,29,13,209,643,4719
"Oh, I thought it was “Fight of the Bumblebee” !",182,39,11,232,643,2986
My next piece is the theme from ‘Rocky’!,168,34,11,213,643,663
And now my knockout sonata.,165,40,8,213,643,869
Naturally  I belt out music.,164,42,7,213,643,2123
"I will now play 'Sonata in D minor', by George Foreman.",151,35,8,194,643,133
And now ladies and gentlemen the Ali Fraser concerto,149,39,6,194,643,2894
I'm afraid my performance will be a little rocky,158,21,15,194,643,3764
"Sorry I'm late, folks! I had to fight my way through traffic.",170,37,10,217,643,2050
I'll knock out one more tune prior to intermission.,171,35,11,217,643,2960
This next piece was composed by the great Muhammad Ali.,171,35,11,217,643,3802
"And my next piece will be ""Uppercut in D Minor""",171,35,11,217,643,3925
And now a little something I wrote for Boxing Day.,169,39,9,217,643,5466
Some consider my interpretation to be aggressive,157,30,11,198,643,3285
Allow me to punch something out for your listening pleasure.,149,46,3,198,643,5355
Agreed--but wait till you hear my double glissando.,172,40,9,221,643,2851
"After I am done here, dis piano will be nuttin but chopstiks",142,34,7,183,643,4560
I was told to give the ivories a good pounding.,143,32,8,183,643,5602
It's a knockout tune.,160,38,8,206,643,108
"I thought you requested the ""Fight of the Bumblebee""",163,32,11,206,643,2840
They wanted me to stop tickling the ivories,161,36,9,206,643,3002
"And now, the theme song I wrote for ""Rocky,"" which was unfortunately rejected.",176,46,7,229,643,2795
Thank you.  This next piece floats like a butterfly but stings like a bee.,166,33,11,210,643,821
I'm still working on the hook.,167,31,12,210,643,4639
Taking the gloves off is not mentioned in the composer’s original manuscript.,164,44,6,214,643,894
Music box?,168,36,10,214,643,2125
"This next piece is titled, ""Theme from Rocky"".",169,34,11,214,643,3253
I am thrilled to be performing my first concert since completing my twelve step anti nose picking program.,166,40,8,214,643,4823
"And now, for my final piece, The Battle Hymn of the Republic.",164,44,6,214,643,5317
My next piece will be the theme from Rocky.,185,42,10,237,643,5378
"This will be on the forte end of pianoforte, okay?""",150,39,6,195,643,1951
This next piece is by Pugiliski,150,39,6,195,643,2041
"...and now, ""Brahms' Lullaby"".",154,31,10,195,643,4733
This next piece is a banger.,172,35,11,218,643,1356
I'm hoping this will strike a chord with you.,173,33,12,218,643,1776
And you thought Ray Charles had it hard!,171,37,10,218,643,1961
Now here's one that'll really knock your socks off,169,41,8,218,643,3599
"My next piece, Schumann's Toccata in C Major, is dedicated to my first piano teacher who told my mother I was all thumbs.",154,38,7,199,643,707
"And now, Ladies and Gentleman, I will take a stab at the notoriously difficult ""Etude Brute.""",156,34,9,199,643,787
I will now play the classic theme from ROCKY.,155,36,8,199,643,1762
I will now perform the Victor Borge Concerto,160,26,13,199,643,2813
"Which one of you yelled, 'I want the hits'?",156,34,9,199,643,4276
My ‘knockturno’ interpretation is quite dramatic.,154,38,7,199,643,4569
"And now, I would like to play you something from my pugilistic period.",172,42,8,222,643,3533
Last time this piece got the better of me.....,160,33,10,203,643,2208
Tough piece.,159,35,9,203,643,4152
"As you may have surmised...No, I,don’t have insurance for my hands.",160,33,10,203,643,4539
I'd like to start tonight's Jerry Lee Lewis tribute with an old favorite,176,41,9,226,643,1924
"And now ""he Theme from Wagner's ""THE RING""",169,22,16,207,643,991
This sonata will knock you out.,161,38,8,207,643,4738
"They said I should ""punch it up.""",161,45,5,211,643,749
Next up is a really punchy tune.,163,41,7,211,643,3165
"And now, ladies and gentlemen: Für Evander.",169,29,13,211,643,4729
This next one is by Rockymaninoff,148,31,9,188,643,1243
‘Some say I am the Mike Tyson of the keys.’,144,39,5,188,643,2876
"Well, tickling the ivories wasn't working!",187,40,11,238,643,5100
My other job is a hand model.,168,38,9,215,643,1222
"And now I'd like to play a little sonata of my own composition called ""Golden Gloves"" in the keys of C through G.",172,30,13,215,643,2843
"What can I say? When I play ""The Boxer"" I have to get into character.",169,36,10,215,643,4646
Management wanted me to stop tickling the ivories.,168,38,9,215,643,5031
"Now, I'll knock out the encore.",169,36,10,215,643,5549
I will next do battle with Rachmaninoff's No. 3,149,36,7,192,643,3397
I bet you've never heard the 1812 Overture on the piano!,174,33,12,219,643,980
This next one goes out to  ADRIAAAAAAN!,170,41,8,219,643,4507
How do you folks feel about tone clusters?,171,39,9,219,643,5507
My next number will be a one hit wonder.,154,33,9,196,643,1557
"I will now do my performance art version of ""Flight of the Bumble Bee""",152,37,7,196,643,1727
The latest OSHA regulation.,156,29,11,196,643,2351
They said make the finale more punchy!,152,37,7,196,643,5500
"...And by special request, I'll be playing the theme to ""Rocky"".",175,38,10,223,643,819
The next piece will be a bit bombastic....,159,30,11,200,643,650
This is how I knock out the hits.,156,36,8,200,643,2756
You requested more punch?,156,36,8,200,643,2767
I did it myyyyyyy wayyyyyyy,155,38,7,200,643,2885
"For your listening pleasure, I'll knock out a few oldies.",157,34,9,200,643,3763
Rockymaninoff's Rhapsody on a Theme of Pugilism.,162,24,14,200,643,4626
I will now play from Wagner's Ring Cycle. Round One.,177,41,9,227,643,2167
"And now, my unique version of  ""Sock It ToMe!",157,41,6,204,643,2145
"For my next number, I will play the theme from ""Rocky.""",165,25,14,204,643,5292
playing piano is nothing compared to getting dressed.,166,30,12,208,643,500
I never liked the piano,164,34,10,208,643,903
"And now finally Mr. President, a special piece for you -- a little atonal number you might recall, 'One is the Loneliest Number.'",166,30,12,208,643,1351
Now I will play ‘Fight of the bumblebee’ better known as ‘Float like a butterfly sting like a bee.’,166,30,12,208,643,2924
It's all in the wrist.,164,34,10,208,643,3195
With so many Messiahs to compete with I dedicate this next piece to the Electoral College.,184,41,10,235,643,776
The next piece will be three minutes long.,144,34,7,185,643,53
What - you don't like Punchini?,144,34,7,185,643,717
"Not to brag, but this concerto will be over in one round.",162,45,5,212,643,374
"And now, for the 'modern music' portion of our program ....",167,35,10,212,643,777
It needs a good tune up.,166,37,9,212,643,1678
"Staccato, you said?",165,39,8,212,643,2339
"The starting note is ""ding ding ding"".",164,41,7,212,643,4922
I am leaving.  I am leaving.,168,40,8,216,643,533
"Now for the couple at the cozy corner table, some tunes to fight by",172,32,12,216,643,1707
"As my hero said, ""Float like a butterfly, sting like a Flight of the Bumble Bee"".",146,37,6,189,643,3554
I’ll do the next song a cappella.,149,31,9,189,643,4860
I would like to begin my Simon and Garfunkel medley with “The Boxer”.,166,44,6,216,643,5009
That was the 'pianissimo.',172,39,9,220,643,334
I can assure you - you've never heard chopsticks as I am about to perform it!,176,31,13,220,643,1798
"I haven't worked out every note on this next piece, but I'm very passionate about it.",151,34,8,193,643,1218
I will now play ‘the Boxer’ written by Simon and Garfunkel! In D flat.,151,34,8,193,643,1988
This time I'm going to play something a bit more punchy.,152,32,9,193,643,2345
Let’s get ready to rumbaaaaa!,174,42,8,224,643,3085
"I'm thrilled to finally reach the ""Knock-Out Round"" of this prestigious competition.",174,42,8,224,643,5646
"...and now, the theme from ‘Rocky’",157,29,11,197,643,69
I could a been a contender...,151,41,5,197,643,609
And now I will knock out the rest of the ring cycle,152,39,6,197,643,4260
As for the reviewer who suggested my repertoire lacked punch.…,178,41,9,228,643,1349
It helps with the nail-biting.,177,43,8,228,643,3859
What happens in Piano club...stays in piano club.,160,30,11,201,643,1484
"I will now play the theme from ""Rocky"".",160,30,11,201,643,2003
"In the spirit of this Holiday Concert, and to celebrate the diversity of the season, I will now perform a special Boxing Day carol.",161,28,12,201,643,2185
"My next number is the ""beat goes on""",158,34,9,201,643,5090
It's 'Chopsticks' but with a 3.2 degree of difficulty.,182,40,10,232,643,2001
"And now, by request, LaMotta Sonata.",186,32,14,232,643,3113
"Take that, Mr. Rachmaninoff......",185,34,13,232,643,4674
I always wear these when I play the theme song from Rocky.,159,39,7,205,643,643
"And next, I would like to pound out a tune on my old piano...",160,37,8,205,643,2807
Now I’ll knock out another song for you.,160,37,8,205,643,4116
"What did you think ""Ring Cycle""  meant?",161,35,9,205,643,4933
Tonight I will be playing selections from “The Divorce of Figaro”.,162,33,10,205,643,4958
I'm ready to Bachs.,163,31,11,205,643,5320
"...and for my next piece, here's 'Float Like A Butterfly, Sting Like A Bee.'",163,38,8,209,643,744
"And finally, the punchline.",166,32,11,209,643,2242
The next selection is by Johann Sebastian Box.,168,28,13,209,643,3217
"And now I present to you: knuckle-sandwich, in C minor.",163,38,8,209,643,5103
"And now ladies and gentlemen, Tchaikovsky’s ‘Incompetent Piano Movers’ in G Minor.",192,34,14,240,643,190
"While my scales may have suffered, my arpeggios are to die for!",188,42,10,240,643,4618
"Oh, I'll hit the right note alright!",165,41,7,213,643,5420
Guess I grabbed the wrong bag at the airport,146,32,8,186,643,1468
It is the insurance company's rule.,170,38,9,217,643,3742
"For my next number, I will play Beat Me Daddy, Eight to the Bar.",174,37,10,221,643,813
"Float Like a Tchaikovsky, sting like a Beethoven",153,32,9,194,643,2705
Want to hear a punchy tune?,153,32,9,194,643,4292
The judges had warned Marcel that his habit of picking his nose between sets made the other contestants uneasy. Yet their solution seemed harsh....and made it difficult for him to compete.,154,30,10,194,643,5264
He'd do anything for a hit song,157,31,10,198,643,1723
"And now, for the Flight of the Pugilist.",154,37,7,198,643,2162
They all laughed when I sat down at the piano...,157,31,10,198,643,2296
"We're going to pick up the pace. For the next number, I'm going to play something a little more punchy.",153,39,6,198,643,2680
For this next piece you might want to turn down the volume on your cellphones.,156,33,9,198,643,2897
We've had a request for the National Anthem.,156,33,9,198,643,3647
"Yes, I'm Johann Sebastian Box.",156,33,9,198,643,3701
And now I shall play Wagner...,157,31,10,198,643,3796
let's hit it again,156,33,9,198,643,4945
"My finale will be a unique, spirited medley of fight songs.",154,37,7,198,643,5367
"My next piece is entitled, ""The Boxer Rebellion.""",186,34,13,233,643,251
I guess I'll just roll with the punches,158,36,8,202,643,1348
Here's a punchy little number I think you'll like.,161,30,11,202,643,1882
"And now, ""Fly Like a Butterfly, Sting Like a Bee""",160,32,10,202,643,2144
This one is called ‘Sonata in ABCDEFG’,162,28,12,202,643,4681
"Pianissimo forget about it, Fortissimo I got.....",182,49,6,237,643,3860
This one'll be a knock out.,160,39,7,206,643,1313
"I call this piece ""Etude in the Key of Everything.""",163,33,10,206,643,1337
"For my next number, I'd like a stool, a mouthpiece and a round girl from the audience....",161,37,8,206,643,3869
"And now, Beethoven’s Right Hook, in D.",167,32,11,210,643,2754
"Float like a Puccini, sting like a Rimsky-Korsakov...?",143,19,13,175,643,3410
Now I will play for you 'Sting Like A Bee.',167,32,11,210,643,5579
I have a love- hate relationship with the piano,167,39,8,214,643,2809
And now I'd like to play Black and Blue Suede Shoes,168,37,9,214,643,3355
"As a former boxer, I will play the next piece in my favorite key. B flat.",169,35,10,214,643,4827
I prefer to pound rather than tickle the ivories!,167,39,8,214,643,5196
"And now Mister President, I shall play the “Minute Waltz” in 47 seconds.",170,40,8,218,643,271
Everyone now...supercali-pugilistic-expialidocious...,176,28,14,218,643,393
I could play this with one hand tied behind my back.,169,42,7,218,643,1476
Let me welcome you to our annual Boxing Day concert,171,38,9,218,643,2337
I float like a butterfly but sting in B-minor,174,39,9,222,643,3477
Here’s a little something I wrote that requires playing a lot of consecutive keys at the same time.,174,39,9,222,643,3665
"Did someone request, The Boxer?",172,43,7,222,643,4201
Tonight's performance is a tribute to Mohammad Ali,146,34,7,187,643,4934
"Excuse me, this piano needs tuning!",178,38,10,226,643,4768
A-minor challenge,149,35,7,191,643,4775
"And now I present Sibulski's Concerto in A minor, D minor, and E-flat major",152,29,10,191,643,4863
"Next, I'll be playing a classic piece by Muhammad Ali.",183,35,12,230,643,2788
This next piece is a hit song.,182,44,8,234,643,472
Down an octave goes Frazier! Down an octave goes Frazier!,182,44,8,234,643,3220
"And now, Mozart's Sonata for middleweight southpaw in A Minor",184,47,7,238,643,3989
And now I will attempt to go twelve rounds with the piano.,154,39,6,199,643,358
"And now, for Chopin's Fight of the Bumblebee.",159,29,11,199,643,2776
This is for the critic who called me ham handed,157,40,6,203,643,2096
I will now play Box Prelude and Fugue in G Minor,163,28,12,203,643,2504
Welcome to the White House holiday party! And please remember to protect yourselves at all times!,163,35,9,207,643,1410
This one will knock you off your feet.,164,33,10,207,643,1524
That’s OK! I’m all thumbs anyways!,161,39,7,207,643,3814
It's for your protection and mine.,163,35,9,207,643,4741
I don't know if I can play it in that key.,163,35,9,207,643,4765
"I'm sorry, I only play boxed sets.",167,34,10,211,643,1268
Due to recent OSHA regulations for Rachmaninoff...,167,34,10,211,643,1561
Let me knock out a number for you!,168,39,8,215,643,701
My new composition is a real knockout.,171,33,11,215,643,5607
It is so damn hard to follow my dreams simultaneously.,176,30,13,219,643,1314
And in this corner...Rocky Rachmaninoff !!!,177,28,14,219,643,2216
"I will now perform ""Fight of the Bumblebees""",169,44,6,219,643,2709
I shall now bust your Chopsticks.,178,33,12,223,643,3015
"And now ladies and gentlemen, you may remove the complimentary earplugs.",174,41,8,223,643,3968
I will now perform Beat It.,174,41,8,223,643,5263
"An now, a medley of “Rocky” theme songs.",181,34,12,227,643,1090
Excuse me while I pound out a few notes.,176,44,7,227,643,2137
Now for the old one two,184,42,9,235,643,714
I really like to pound out the notes.,144,40,4,188,643,1466
"I was thinking of the President when I wrote this piece, it’s really great.",188,34,13,235,643,2365
"And now some Gilbert and Sullivan melodies, as they might have been played by Jack Dempsey.",148,39,5,192,643,612
I’m not sure Simon & Garfunkel’s “The Boxer” is supposed to be played like this.”,154,27,11,192,643,839
This one's a bit punchy.,151,33,8,192,643,2196
I’d like to punch out a few tunes from my new CD.,147,41,4,192,643,2400
Chopsticks?  Really.,151,33,8,192,643,5213
They say my performance is a knock out.,155,32,9,196,643,4072
Of course I play by the Queensbury rules!,153,36,7,196,643,4350
"In honor of Brexit, I will now play the piano version of ""Bang the Drums Slowly.""",159,24,13,196,643,5239
Whew! Rough house!,152,45,3,200,643,355
I alone can play it.,159,31,10,200,643,4761
"I’m gonna float like Madame Butterfly, sting like the flight of the bumblebees!",158,33,9,200,643,5071
Why do I do this?  Because I can't sing or dance.,161,34,9,204,643,3058
Lllllllets get ready to rumbaaaaaa!,163,30,11,204,643,3219
"Sorry folks
I’m all thumbs today",160,36,8,204,643,3590
This is Stravinsky - Symphony in three rounds.,160,36,8,204,643,5019
Next! A college fight song composed by Joe Louis.,164,35,9,208,643,4836
And my next number will really knock you out!,170,30,12,212,643,234
"No, this is not a variant of the Suzuki Method; it is pure Tyson.",169,32,11,212,643,296
"Bear with me, I just had a mani-pedi.",164,42,6,212,643,629
...And in this corner weighing in at 1086lbs,167,36,9,212,643,1272
Let's get rrready to bumble!,168,34,10,212,643,1443
"Oh, it was ""Flight of the Bumblebee?""",169,32,11,212,643,5424
A serenade for Boxing Day.,169,39,8,216,643,1201
These ivories need more than tickling.,172,33,11,216,643,1310
Chopin's “Etude in G# minor Has always been a battle for me...,171,35,10,216,643,2043
Sugar Ray Charles,170,37,9,216,643,2238
It's the only way I can play the score to any of the Rocky movies.,170,37,9,216,643,3795
"I will now play, Float Like A Butterfly,Sting like a Bee.",172,33,11,216,643,5528
This concert is going the full twelve rounds,171,42,7,220,643,1138
They're called Chopsticks preventers.,176,32,12,220,643,4369
"Louie, Louie"" again? Well, if you insist..",178,35,11,224,643,1480
"And now, variations on a theme by Marciano.",171,49,4,224,643,2176
Are you ready for some chin music,178,35,11,224,643,3738
of course I'm wearing a cup,182,34,12,228,643,3589
"And now, a musical tribute to the Marquess of Queensberry.",184,37,11,232,643,546
And now a piece I call Für Muhammad Ali,144,35,6,185,643,2102
Let's see if you can stand me for 12 rounds.,147,36,6,189,643,997
It's the most efficient way to play twelve-tone music,153,24,12,189,643,3256
This concert comes as a boxed set,146,38,5,189,643,3302
If he doesn't C sharp he’ll B flat.,154,29,10,193,643,825
This is a heavyweight sonata,147,43,3,193,643,1816
This original composition will really knock you out.,153,38,6,197,643,683
I should have put more thought into this career change.,153,38,6,197,643,992
My music packs a real punch.,154,36,7,197,643,1421
"Some football players do ballet in the off-season, I do this",156,32,9,197,643,4203
"With so many notes, it's always a fight to the finish!",154,36,7,197,643,4454
I'll be playing Beethoven's Symphony No. 7 in A major.  It may take awhile.,157,37,7,201,643,2321
...and for my next piece I will play “Bling Blong Blaap Blorp” in C-minor,160,31,10,201,643,4373
I will now play the Joe Louis lullaby.,159,40,6,205,643,935
"Pacquiao's ""A Little Fight Music""",160,38,7,205,643,1587
"My next piece is titled 'Yo Adriana' """,164,30,11,205,643,2404
"I wouldn't say ""tickling the keys"" is my style.",160,38,7,205,643,3973
My encore is a real knockout!,164,30,11,205,643,4606
"I will now play a version of ""Flight of the Bumblebee"" , that I have restyled as ""Romp of the Hippopotamus""",164,30,11,205,643,5280
I shall now play Bach in the combative style.,163,39,7,209,643,1217
And now for Beethoven's Piano Sonata Number 1 in F-Minor-ish,168,36,9,213,643,2150
And now a little piece by Victor Borge.,169,34,10,213,643,2967
Here's a Gershwin favorite that really knocks me out...,172,35,10,217,643,3185
"And now our main event – Beethoven's Sonata in C minor, in 12 rounds",166,47,4,217,643,4814
For my next number: Tyson's Overture in B-Flat on Your Back.,171,37,9,217,643,5187
Here's a new song that'll really knock you out,171,37,9,217,643,5640
This next number is called 'Fists of Fury'.,174,38,9,221,643,941
"For me, playing Chopin's Sonatas have always been a personal battle",172,42,7,221,643,3445
"Yo, Beethoven -- I did it!",174,45,6,225,643,2779
Which one is Middle C?,181,31,13,225,643,3248
No worries.  The piano's prepared.,178,37,10,225,643,4305
Is my playing too aggressive?,179,42,8,229,643,5683
I’m hoping to knockout this Sonata in the first movement.,179,49,5,233,643,4762
I don’t take requests.,186,42,9,237,643,3727
"My next number, a sing-along, is also a round .",147,31,8,186,643,803
"Currently, Rachmaninoff is winning.",149,27,10,186,643,4632
I was hoping they’d help me hit the right notes.,155,29,10,194,643,2083
I only perform once a year - On Boxers Day.,153,33,8,194,643,2202
Let's get rrready to rrrubato!,158,37,7,202,643,8
Now I’ll play a fugue by Mohammed Ali,163,27,12,202,643,1088
"Ladies and gentlemen:  Counterpunch was Bach's specialty, as I shall now demonstrate",162,29,11,202,643,1867
Watch and listen while I pummel the hell out of this thing.,161,31,10,202,643,3441
"For my next piece :""The fight of the Bumblebee",159,35,8,202,643,3737
The insurance on my fingers was outrageous!,164,32,10,206,643,1211
My ivories don't like to be tickled.,163,34,9,206,643,4212
A boxed set of tonight’s performance will be available for purchase during the interval.,163,34,9,206,643,4315
Next time you clap or somebody gets hurt.,162,36,8,206,643,5127
Well you said I should attack the music!,160,47,3,210,643,560
This next number will really knock you out!,167,40,7,214,643,955
I believe single notes are banal and over-rated.,173,35,10,218,643,517
My next piece is “Float like a butterfly”,173,35,10,218,643,3077
I will now play the Rachmaninoff Prelude in A through G minor.,178,32,12,222,643,950
And now I will play Dance Like a Butterfly and Sting Like a Bumblebee by Rimsky Ali,178,32,12,222,643,2824
"Ladies and Gentleman, Bachy Balboa!",174,40,8,222,643,4732
I don't know why I can't hit that last note.,175,38,9,222,643,5128
This next piece demonstrates the difficulty bumblebees actually have in flight.,178,39,9,226,643,2636
"And more, much more than this, I did it Steeeiiinway.",175,45,6,226,643,5570
Time to punch out a new tune.,184,34,12,230,643,1514
My next piece is critic-proof.,182,38,10,230,643,1986
A special technique is required for the arpeggios.,188,33,13,234,643,5352
Something punchy?,146,35,6,187,643,2638
"Tickling the ivories"" is so last century",153,28,10,191,643,1687
Would someone from the audience help me find my keys?,151,32,8,191,643,2793
"Yo, Liberace.",155,31,9,195,643,1449
"This evening’s performance, of Tyson’s 1st, is also available on a box set.",159,30,10,199,643,330
I will be playing pugilist in D Major.,157,34,8,199,643,2371
Maybe this piano's out of tune.,158,32,9,199,643,5158
"And now for my final piece, ""Float like a butterfly, sting like the flight of the bumblebee.""",163,29,11,203,643,1809
"Ladies and gentlemen, we are recording tonight's performance which, I expect, will be released as a boxed set.",160,35,8,203,643,3685
"Next, The Minute Waltz in 30 seconds.",163,36,8,207,643,1086
"'""and now - Franz Listz's My Fisto Waltz""",164,34,9,207,643,3752
How else do you propose I play The Boxer?,163,36,8,207,643,3871
I call this one 'Punch in the F-A-C-E.,164,34,9,207,643,5669
"Float like a butterfly, sing in B.",166,37,8,211,643,3028
"...and now, my tribute to Rocky Balboa.",170,29,12,211,643,4180
I thought you said “Box Art of Fugue.”,169,31,11,211,643,5199
This next piece is a little punchy.,167,42,6,215,643,285
Tickling the ivories got old.,166,44,5,215,643,2240
"Who knew playing ""The Boxer"" would prove this challenging ?",173,30,12,215,643,2901
next round's on me...,173,37,9,219,643,688
One note requests please.,178,41,8,227,643,3691
Now I'm going to play 4'33'' by John Cage,182,33,12,227,643,5668
I'm only playing my greatest hits.,184,36,11,231,643,4461
And I'd like to close with a little chin music.,155,33,8,196,643,245
I play like a butterfly and sing like a bee.,160,23,13,196,643,395
Yo Amadeus...I did it.,158,27,11,196,643,555
"And now for my finale, Rope-a-dope fortissimo",160,37,7,204,643,610
"For my encore, the theme from 'Rocky.'",178,36,10,224,643,648
I present to you now a finale that floats like Madame Butterfly yet stings like Flight of the Bumblebee.,158,34,8,200,643,798
You want me to do what??,157,29,10,196,643,860
And now for a slow rendition of Flight of the Bumblebee,196,35,13,244,643,971
"My next selection is Paul Simon's ""The Boxer"".",163,45,4,212,643,1651
"And now, for your enjoyment, I will box the ivories.",186,27,15,228,643,1661
This next piece is sure to be a knockout.,155,33,8,196,643,1708
This next one's a knockout.,147,35,6,188,643,1896
"Now I will play, “Domm, Domm, Domm,...Dommmm..",172,34,10,216,643,1969
"I said Bach's work, not box work.",148,33,7,188,643,1987
Who is my opponent?,176,40,8,224,643,2045
Now for some Rachymaninoff.,168,28,12,208,643,2105
"This next piece is called “Float Like a Butterfly, Sting Like a Bee.”",173,39,8,220,643,2650
"This is my own interpretation of Cage's 4'33"".",157,36,7,200,643,2890
Anyone want to hear the theme from Rocky?,158,41,5,204,643,3572
"This next piece is called ""I am the greatest"" and is dedicated to Muhammad Ali",167,37,8,212,643,3595
"And now, ""Eine Kleine Kampfmusik"".",200,41,11,252,643,4110
This is how I flatten the flats.,176,40,8,224,643,4243
My next song will be a cappella,177,31,12,220,643,4367
"Nail fungus is nothing to chuckle about, ask the harp player.",167,30,11,208,643,4375
I don’t exactly tickle the ivories anymore.,158,34,8,200,643,4576
"I shall now play the ""I AM THE GREATEST"" Sonata I composed in memory of Muhammad Ali.",161,35,8,204,643,4592
I call this `Broken Piano`.,151,34,7,192,643,4816
I will now float like Madam Butterfly then sting with the Flight of the Bumble Bee.,172,34,10,216,643,4828
And then The Maestro begged me to stop fighting the instrument.,166,32,10,208,643,5054
...and a special thanks to Performers Insurance Co. for finding a way to reduce my premiums.,176,33,11,220,643,5304
"This one's for you, Mr. Stallone.",174,37,9,220,643,5413
"For my next piece I will play ""The Fight of the Bumblebee""",154,28,10,192,643,5423
"I call this next piece,""Fight of the Bumblebees.""",188,32,13,233,643,3409
This next one’s called “I’m a failure and my wife’s leaving me.”,184,33,12,229,643,4982
"And now, our alma mater's fight song.",179,36,10,225,643,4190
This next one really packs a punch!,173,41,7,221,643,3748
"Next, a lively rendition of Fight of the Bumblebee.",173,41,7,221,643,4417
And now a piece from Wagner's lesser-known Boxing Ring Trilogy.,175,30,12,217,643,1648
"This next piece is titled 'I Could Have Been (a Contender)'.""",175,30,12,217,643,1751
"Now, the ‘Fight of the Bumblebee’",168,44,5,217,643,2750
"And now, a new composition for Boxing Day.",173,34,10,217,643,4861
"Jetzt, eine kleine Kampfmusik.",169,35,9,213,643,1175
Prepare to be really impressed.,167,39,7,213,643,5672
"And now for 'Float like a butterfly, Flight of the Bumblebee' in A minor",165,36,8,209,643,289
That bum is going down in the second movement.,163,40,6,209,643,2740
You guys like “Chopsticks”?,167,32,10,209,643,4593
I range from Marvin Hamlisch to Marvin Hagler.,165,36,8,209,643,5338
"Quite frankly, I’m much more accustomed to pounding on an organ.",160,39,6,205,643,4960
"And now, Concerto Number 4, Round 3, in B-flat minor.",158,36,7,201,643,1591
"Don't play it again, Sam.",161,30,10,201,643,4267
My guess is this job switch is working out better for me than my partner.,159,34,8,201,643,5455
I forgot the punch line!,159,27,11,197,643,3373
My dog wrote this next piece.,160,25,12,197,643,4193
I glissando like a butterfly and trill like a bee!,151,36,6,193,643,3074
You should hear me play the zither.,149,33,7,189,643,3674
I will now play... with your expectations.,145,34,6,185,643,4463
"For my encore I will play Opus 7 in A, B and C Major",191,28,15,234,643,3245
My next piece will be played on this Steinway that has never been touched by human hands.,178,40,8,226,643,4361
I hope that some in the audience tonight will be able to distinguish the downbeat versus the beat down.,172,38,8,218,643,175
This next selection is an experimental piece by Philip Glass.,172,38,8,218,643,2726
"And now, C minor in 12 rounds.",175,32,11,218,643,3899
Chopin is down for the count in three -quarter time.,172,38,8,218,643,4965
I will now perform Mike Tyson's concerto in B flat.,176,23,15,214,643,1971
And now the punchline!,171,33,10,214,643,3071
This next one needs to be preformed with a certain amount of punch,169,37,8,214,643,3903
Can you please give me a hand?,170,35,9,214,643,4167
"For my next selection, I will be playing the theme from ""Rocky"".",170,35,9,214,643,5656
...and this next piece is sure to be a knock out!,170,28,12,210,643,2065
"I shall now play ""Flight of the Sting Like A Bee.""",168,32,10,210,643,4434
"And now, I will take Beethoven to the 12th.""",169,30,11,210,643,5081
"To increase the degree of difficulty, I will put on a pair of swim fins.",169,30,11,210,643,5206
I'm afraid I've boxed myself into a corner with this concerto.,161,46,3,210,643,5540
Please hold your applause until you count to ten.,164,33,9,206,643,481
"And now, the theme from Rocky IV",163,35,8,206,643,1252
As an encore I'll now play the Notre Dame Fight Song.,166,29,11,206,643,2358
And now I shall pummel out a pleasing polonaise for your pleasure.,163,35,8,206,643,2800
I'd like to close this evening with 'Flight of the Bumblebee.',167,27,12,206,643,4959
This one's from the boxed set.,163,28,11,202,643,2424
It's going to be a Wagner piece.,164,26,12,202,643,2989
The ivories tickle me.,163,28,11,202,643,4431
"Now, Mozart’s Piano Sonata No. 20 in B-flat major, TKO.548",160,34,8,202,643,4453
"And now, ladies and gentlemen, the Theme from Rocky VII",162,30,10,202,643,4763
My last recital ended in a TKO in the sixth round.,158,31,9,198,643,228
This piece was written for no hands.,157,33,8,198,643,1601
Get ready for this hit!,158,31,9,198,643,2008
"And now, by your request, the Love Theme from 'Rocky'.",157,33,8,198,643,2094
Raging Beethoven.”,158,31,9,198,643,2268
"The critics all say that anything I might be lacking in finesse, I more than make up for in punch.",157,33,8,198,643,4547
This next piece is by Rocky-maninoff.,156,35,7,198,643,5083
When you don't have time to change between your part-time jobs.,156,28,10,194,643,208
"He got hit pretty hard, i think he has a Percussion",156,28,10,194,643,2666
What?  You told me to pound it out.,154,32,8,194,643,3836
"Next, my own composition: ""The Ring.""",156,28,10,194,643,3945
"For my next piece, please enjoy 'Mama Said Knock You Out' in B-Flat.",151,31,8,190,643,857
...and now:Beethoven's Hammerklavier sonata.,144,31,7,182,643,4549
"When I said I wanted to hit the ivories...""",193,40,10,243,643,121
These are to prevent me from “tickling the ivories”....,183,46,6,235,643,4931
I usually have a sheet music page turner.,185,35,11,231,643,2497
"Etude"" by Muhammad Ali..",180,31,12,223,643,2099
"And for you Brits, ""A Ballad for Boxing Day.""",180,31,12,223,643,3910
"I will now play my tribute to Simon and Garfunkel's ""The Boxer.""
It's a knockout!",179,33,11,223,643,4482
"And the winner by judges decision
after 8 rounds is... Steinway.",174,36,9,219,643,2038
"Any Requests? Anything but ""Flight of the Bumble Bee""",171,35,9,215,643,424
The next is a cross between Ali and Amadeus!,171,35,9,215,643,829
The Boxer Rebellion concerto,174,29,12,215,643,1810
My Carpal tunnel's flaring up again.,169,39,7,215,643,1863
Once you hear this next song composed by Cassius Clay you will know why he changed his name to Mohammed Ali,173,31,11,215,643,3688
My teacher says it will remind me to not hit the keys too hard.,169,32,10,211,643,902
"Ladies and gentlemen, let us prepare ourselves to rumble.",166,38,7,211,643,2124
"For my next piece, I will play 'Great Balls of Fire.'",163,44,4,211,643,2878
And now I will perform “The Fight of the Bumblebee.”,167,36,8,211,643,4066
Box Magnificat,175,20,16,211,643,4948
And now for a swinging little tune with a hook that'll knock you out.,165,33,9,207,643,1375
"I will now play the Third Round of the Moonlight Sonata, Presto Agitato.",165,33,9,207,643,3783
"This next piece was first performed in Paris in 1913. It was quite controversial for the time, and fights broke out among the audience.",162,39,6,207,643,4179
I never wanted piano lessons.,166,31,10,207,643,4737
My next piece is Ali in C minor,164,28,11,203,643,446
This next sonata is a real knock out.,161,34,8,203,643,964
I’m trying to stop biting my nails.,159,38,6,203,643,983
"This one I call ""Float like a butterfly, sting like the flight of a bumblebee.""",158,40,5,203,643,3512
Tickling the ivories really isn’t my style.,154,41,4,199,643,975
I shall now demonstrate that my piano coach was right.,161,27,11,199,643,1485
This modern stuff is a real pain in the ass.,159,31,9,199,643,4616
"And now for a nuanced little mashup I call 'Étude, Sonny Liszton?'",158,26,11,195,643,946
I asked for box seats.,154,34,7,195,643,1009
And now I will float through Madame Butterfly and sting into Flight of the Bumblebee.,154,34,7,195,643,2770
My next piece is dedicated to the immortal Muhammad Ali...,154,34,7,195,643,2891
"Yeah buddy?  Come down here, I'll give you discordant notes!",154,34,7,195,643,3950
"And now, with your gracious indulgence, I'd like to bang out a new composition.""",153,36,6,195,643,5162
I offer Republican Chopsticks for our times.,155,25,11,191,643,870
I'm just going to play a little rope-a-dope until I find middle C.,151,33,7,191,643,2450
I only sing,151,33,7,191,643,4358
Box Fugue in D minor,195,38,11,244,643,5636
"I can't tickle the ivories but I can pound them""",181,38,9,228,643,3204
"Now, "" I would like to play the theme from ""Rocky"".",183,34,11,228,643,3388
I call it Concerto Marciano.,174,45,5,224,643,4391
"For my encore, a knockturne by Sullivan... John L.,",179,28,13,220,643,897
"For my next number, please prepare to have your socks knocked off",173,40,7,220,643,2203
"And now, Simon and Garfunkel's The Boxer.""",172,42,6,220,643,3350
"I will now play Simon & Garfunkel's ""The Boxer""",173,40,7,220,643,4151
Oh my story’s seldom told,175,36,9,220,643,5121
Are you suggesting there is a problem with my technique?,175,36,9,220,643,5415
I'm doing a Victor Borge!,175,29,12,216,643,788
"Ladies and gentlemen, you'll be glad to know that I'm about to play John Cage's '4'33'.",176,27,13,216,643,1625
This rendition is going to be a knock out !,172,35,9,216,643,3645
I regret auditioning for Rocky the Musical,172,35,9,216,643,5639
"Now that I've answered my critics, I shall play music from 'Requiem for a Heavyweight' """,165,42,5,212,643,177
"And now, from Wagner's Ring Cycle....",170,32,10,212,643,2481
"And now, by request, the theme from ""Rocky"".",172,28,12,212,643,2919
"And now, all three rounds of Beethoven’s ‘Moonlight Sonata.’",168,36,8,212,643,3200
I will now punch out the theme from Rocky.,166,33,9,208,643,937
"Okay, it doesn't work for Beethoven, but my Mahler's a knockout!",165,35,8,208,643,1174
"Concerto no. 10! 9! 8!, 7!.....",168,29,11,208,643,1187
"And now, from the Manassa Mahler, “The Heavyweight Requiem",164,37,7,208,643,2816
And now Rockymaninoff symphony #9 TKO.,166,33,9,208,643,5254
"And now, a largo in fall flat.",166,33,9,208,643,5276
"I said I could play Rachmaninov, NOT Rocky Marciano!",161,36,7,204,643,158
Mind if I punch out a tune?,160,38,6,204,643,4596
"Is this the ""sting like a bee"" part?",158,35,7,200,643,674
Fortissimo Piano.,154,43,3,200,643,1172
Time to punch this tune up a little,159,33,8,200,643,4819
"And next, I'll be playing,""Fight of the Bumblebees.""",156,32,8,196,643,1567
A new Sonata called 'Float like a Butterfly and sting like a Bee.,157,30,9,196,643,5390
And now I will perform 'The Theme from Rocky.',156,25,11,192,643,127
"I will now play ""Hail To The Chief"".",157,23,12,192,643,3778
"Yes, I am a heavyweight musician.",149,39,4,192,643,4475
Welcome to my Nightmare Sonata!,186,44,7,237,643,573
"And now, “glovesticks”.",152,26,10,188,643,2518
Did I hear a request for the theme from Rocky?,184,41,8,233,643,1016
"Now, a tribute to the Rocky movies.",183,36,10,229,643,621
"This next number is a new piece I wrote, Below the Belt in B-Flat.",177,34,10,221,643,3090
"And for my next piece, I’ll need the assistance of someone in the audience, preferably the abusive guy in the corner...",170,41,6,217,643,1274
"And now, a piece for ill-tempered clavier by Box.",176,29,12,217,643,2602
Rachmaninov wasn't challenging enough.,176,29,12,217,643,3483
my plan is to pound these ivories into submission,170,41,6,217,643,5159
"Playing Stravinsky is always a battle, but this time I win!",205,43,10,258,643,2778
I am just a poor boy ....,168,38,7,213,643,1117
"Tonight I'll be playing ""Rumble in the Jungle.""",167,40,6,213,643,3692
"This one's from ""Rocky: the Musical.""",170,34,9,213,643,3801
Perhaps my tribute to Boxing Day was ill-informed.,165,37,7,209,643,779
It's a clause in my insurance contract.,165,37,7,209,643,3672
It's called dueling piano.,164,39,6,209,643,3787
"Remember students, always practice safe sax, and don't forget to put a glove on your pianist.",168,24,13,205,643,494
"Look ma, no fingers.",161,38,6,205,643,1889
‘And now for a tribute to Mohammed Ali.”,159,42,4,205,643,3089
Rachmaninoff's Third is in for the fight of its life.,162,36,7,205,643,3299
You will each find a pair of ear plugs under your seat.,164,25,12,201,643,702
"This next piece is titled, ""Would You Please Stop F**king Playing That, Timmy?",162,29,10,201,643,804
"And now my rendition of Jerry Lee Lewis and ""Great Balls of Fire""",163,27,11,201,643,2502
what?   you said we were doing rounds...,159,35,7,201,643,3313
Welcome to the atonal music festival!,158,30,9,197,643,237
"At your request, Rocky's Fourth!",158,30,9,197,643,3719
My next tune will be The Boxer  by Simon and Garfunkel.,154,38,5,197,643,4938
"For my next number, ""Baby It's Cold Outside.",160,19,14,193,643,512
For my next selection I shall perform for you Mozart's Rope-a-Dope Concerto in E minor.,155,29,9,193,643,2763
And now I'd like to pound out a little number from Mozart.,184,36,10,230,643,1876
"The Boxer's Rag, by Slapsie Maxie Mendelssohn.",153,26,10,189,643,2122
"It may be unconventional, but it is the first Mozart-meets-Muhammad-Ali performance I know of.",148,36,5,189,643,2562
The former champ came to understand his new pursuit required a different set of skills.,149,34,6,189,643,4587
I shall now perform Basie's Down For The Count.,173,44,5,222,643,122
"Yo, Elise! I did it!",171,41,6,218,643,1627
And here's my rendition of Boxing Matilda.,143,32,6,181,643,1312
"For my last number, Mozart's Sonata in D TKO.576",147,24,10,181,643,3708
Any less abusive requests?,169,31,10,210,643,260
Let's see Mike Tyson do this!,165,39,6,210,643,1570
"...and next I will perform the theme from""Rocky""",167,35,8,210,643,1586
"It’s my brother’s idea. I love him. 
But don’t expect much.",168,33,9,210,643,2004
Someone found my privilege and ability offensive.,166,37,7,210,643,3704
"Sorry for the delay, folks - my trainer is looking for my mouthguard.",165,32,9,206,643,945
"And now, Rocky's Symphony No. 5 in C minor.",161,40,5,206,643,1247
Just wait until I take the gloves off!,167,28,11,206,643,1353
Be-Bop,163,36,7,206,643,1821
I thought you requested a Box Trot!,164,34,8,206,643,3238
I've really boxed myself into this corner.,166,30,10,206,643,4265
Here’s a little number I made popular back in my club days,166,30,10,206,643,4944
I would describe my relationship with Debussy as tumultuous.,161,33,8,202,643,153
Chopsticks?,163,29,10,202,643,769
"Yes, it's a fight song!",158,39,5,202,643,1124
And now for some of my Boxing Day favorites! Let me punch out a few tunes for you.,161,33,8,202,643,1509
Now I Will Play My Opus Trumpus.,162,31,9,202,643,3145
"Dat was ""Ode to George Foreman"", in E minor.",160,35,7,202,643,3188
I shall now play the Rach Four using only my nose and my elbows.,163,29,10,202,643,3852
'Introducing Baroque-y Balboa',187,39,9,235,643,4685
Wow! A knockout performance!,158,32,8,198,643,802
It adds a little punch to my Bach..,182,42,7,231,643,2165
"And now, the theme for Rocky XVII",183,40,8,231,643,4346
"I will now play selections frrom ""The Ring Cycle "".",182,35,10,227,643,3886
"And now, Chopin with the gloves off....",155,31,8,194,643,806
"Pianissimo enough for you now, Maestro?",155,31,8,194,643,958
"I think this piece will really knock you out, folks.""",155,31,8,194,643,1500
DOWN goes Mahler...DOWN goes Mahler....,155,31,8,194,643,3735
I call this next piece 'Fight of the Jumbled Keys'.,155,31,8,194,643,5558
"Lets just say ""I AM a contender!""",176,40,7,223,643,2271
And now for my best combination.,175,42,6,223,643,3462
Oh. Bach?,174,37,8,219,643,1777
"For my encore, I will play an original piece titled, ""Rush Hour Traffic""",178,29,12,219,643,2654
Yo Adrian... this nex numbers fur you!,174,37,8,219,643,3870
"And for the tenth,and final,round,I shall play Chopsticks.",150,27,9,186,643,1628
"And now, Interlude, by Rocky Maninoff.",152,23,11,186,643,4760
This composition is called 'The Thrilla in Manila.',175,28,12,215,643,1973
"It's the only way I can make it through John Cage's 4'33"" without playing a wrong note.",174,30,11,215,643,4006
I have chosen to play The Marquess of Queensberry's First Piano Sonata in A Minor.,174,30,11,215,643,4288
"I call it ""Flight of the Pugilist"".",165,41,5,211,643,3142
I thought you said you wanted me to knock out a tune?...,169,33,9,211,643,3730
"And now, Variations on Theme From Rocky.",169,33,9,211,643,4901
"And now for your listening displeasure, I will pound the ivories.",170,31,10,211,643,5247
I will now knock out the theme from Rocky,164,36,7,207,643,2227
"Now, I will wear my Bach-sing gloves.",166,25,12,203,643,5650
And now something a little more modern: 'The Boxer' by Paul Simon.,180,41,7,228,643,1568
I have a really great hook for this song.,180,41,7,228,643,3998
"I'll now play a little-known Wagner piece, ""The Boxing Ring.""",181,39,8,228,643,4052
This next piece floats like a butterfly and stings like a bee.,179,43,6,228,643,5140
"And now, for your listening pleasure, I'd like to knock out this little number.",156,38,5,199,643,1787
It helps me keep a beat.,160,30,9,199,643,3471
"For my first trick, I will be playing Chopsticks.",161,28,10,199,643,4811
Now here's the main theme from Rocky.,157,36,6,199,643,5329
"And now, Nikolai Rimsky-Korsakov’s little known composition, “Float Like A Butterfly, Sting Like The Flight of The Bumblebee”.",160,30,9,199,643,5664
"Quite frankly, I’ve had quite enough of tinkling the keys",179,36,9,224,643,1013
"Just so you know, I’m all thumbs.",181,32,11,224,643,1324
I've been fighting through this song for weeks.,174,46,4,224,643,1489
"Which would you prefer: Stravinsky's Pumchin' Ella Suite, or Mozart's Eine Kleine Knockout Music?",154,35,6,195,643,2985
It's music boxing.,157,29,9,195,643,4548
I learned this next number from Joe Louis Armstrong.,178,31,11,220,643,3679
Flogging the ivories,154,28,9,191,643,350
The real problem is my cauliflower ear.,173,34,9,216,643,3709
"This next piece is called, ""Good Enough for Government Work.""",172,36,8,216,643,4056
And next a rumble in the ensemble.,170,40,6,216,643,4379
I dare anyone to say that I am all thumbs.,150,29,8,187,643,5537
I just won the first part of the competition but this part is really going to be hard.,166,41,5,212,643,351
"I call this next number ""Fight of the Bumblebee.""",169,35,8,212,643,352
"And now, a preview of the theme from Rocky VIII . . .",171,31,10,212,643,2573
I wear them because these ivories are so ticklish.,169,35,8,212,643,3101
"I managed to learn to text with these, now onto playing the piano!",169,35,8,212,643,3428
"Pyotr Pavlosky, Pugilist Pianist",168,37,7,212,643,4512
For the person who keeps requesting Paul Simon’s “The Boxer”...,171,31,10,212,643,5358
And now for my rather unique rendition of Beethoven's 5th,188,41,8,237,643,1834
"I call this piece,""Boxer's Rebellion.",145,32,6,183,643,1577
"My sonatas are impetuous, my concertos are impregnable, and my etudes are just ferocious.",146,30,7,183,643,3357
"And now, Shostakovich’s Piano Concerto No.2, as if played by your two year old niece.",145,32,6,183,643,3586
1-2-3-Hit It!,167,32,9,208,643,3861
Tonight I'll be knocking out the tunes for you.,189,32,12,233,643,3549
"...and now, I will punch it up a bit with the Anvil Chorus.",161,37,6,204,643,1076
And now I’d like to play a medley of my greatest hits.,164,31,9,204,643,1976
And for my next knockout performance...,167,25,12,204,643,2785
Fuego means fight doesn't it?,161,37,6,204,643,4104
Can I skip the black keys?,183,37,9,229,643,2713
My next piece really packs a punch.,155,42,3,200,643,503
"Begging your indulgence, my New Year's resolution is to stop biting my nails.",159,34,7,200,643,3231
"I shall now float like a butterfly, sting like a bee.",162,28,10,200,643,4703
"I will now play the theme song from ""Requiem for a Heavy Weight.",178,40,7,225,643,5441
"Now a little something called ""Float like a Butterfly sting like a Bee""",176,37,8,221,643,1700
"This piece is in ""Stallone staccato"".",154,37,5,196,643,2632
"After 32 variations, I'll be going 12 rounds.",157,31,8,196,643,3212
He does a great scherzando but he needs a page turner,159,27,10,196,643,3759
This grand is fighting me all the way !!!,174,34,9,217,643,785
Tonight I’m going to play The Fight of the Bumblebee.,171,40,6,217,643,1148
I can knock out the Minute Waltz in 45 seconds.,173,36,8,217,643,2548
"And now, U of M's fight song",152,34,6,192,643,415
They laughed when I say down to play. They're not laughing now.,170,35,8,213,643,691
"I shall now play the Concerto No. 2, Opus 18 by Rockymaninoff.",168,39,6,213,643,880
"And now, the theme from Rocky, with a salute to Victor Borge.",173,29,11,213,643,1202
Now I will perform Rocky Maninoff's Conflicto #13 in Duh-Minor.,172,31,10,213,643,4200
"This version of "" Flight of the bumble bee"" was inspired by the late Cassius Clay.",173,29,11,213,643,4348
Whaddya mean it hasn’t been tuned?,174,27,12,213,643,4988
Rachmaninov: Piano Concerto No.2 as adapted by Rocky Marciano,147,30,7,184,643,4629
For my next request ... The Boxer by Paul Simon,148,28,8,184,643,5050
Glenn Gould playing the Palooka Variations.,166,29,10,205,643,605
J.S. Box  prelude and fugue in b minor.,163,35,7,205,643,2944
Knockout in the fifth movement.,167,27,11,205,643,3394
I'd rather punch a clock.,165,31,9,205,643,3470
I can’t eat with chopsticks either.,164,33,8,205,643,3851
I will perform ‘Variations on a theme by Liston’ composed by Ali.,166,29,10,205,643,4571
I'm just not that in to melodies,163,35,7,205,643,5098
"Tonight I will perform ""Fight of the bumblebees""",163,35,7,205,643,5469
"And now, Chopin's Knockout-turne in B minor.",180,38,8,226,643,4504
My next song is about my experience with my stockbroker and his attorney.,161,32,8,201,643,2061
Don't fight me on this one!,162,30,9,201,643,3669
Why is this piano out of tune?,162,30,9,201,643,4519
And now my rematch with Rachmaninov.,160,34,7,201,643,5124
In this Christmas season I'd like to play a little Boxing Day number.,177,37,8,222,643,1923
"I can’t play today, I am feeling a little punchy",143,24,9,176,643,4188
"The next composition is John Cage's ""Music for Muhammad Ali"".",159,29,9,197,643,754
"Beethoven's Moonlight Sonata, Round 3.",175,34,9,218,643,462
...And now the theme from Raging Bull,173,38,7,218,643,4997
"And, when the burgers are done , this George Foreman grill turns into a grand piano .""",192,37,10,239,643,4562
And now I will play Chopin’s Preludes all at once!,152,36,5,193,643,3068
The next piece is the Knockout Sonata in B-flat major.,172,33,9,214,643,600
This is from my latest box set.,170,37,7,214,643,1886
My next piece is by Schoenberg.,173,31,10,214,643,2883
Concerto for Raging Bull in E Minor,173,31,10,214,643,4625
"Well Jim, I agree Smith is faster, but he will be conceding over 700 pounds to Steinway.",171,35,8,214,643,4682
The melody I'm about to play will knock you out!,189,36,10,235,643,1519
"And now I'd like to pound out a little something for you.""",185,37,9,231,643,730
Now for a demonstration of late 20th century classical piano compositions.,152,29,8,189,643,1543
I can now play five songs at once.,187,33,11,231,643,1632
"And now, a little thing called ""One Note Samba.""",187,33,11,231,643,1675
"Welcome to the premiere performance of 
the Boxing Ring Cycle.""",168,34,8,210,643,1997
"Oh, you meant BACH's Goldberg Variations?",152,29,8,189,643,3247
I’m just going to pound this one out.,170,30,10,210,643,3500
Looks like we have a music critic in the audience!,169,32,9,210,643,4129
"This is a selection from Rockmyblokoff’s Opus 3, B-flat major, better known as The Pugilist Symphony.",153,27,9,189,643,5616
And we will finish off the evening with Rimsky-Korsakov’s “”Fight of the Bumblebee.”,186,28,13,227,643,5587
"This one is called  ""The Fight of The Bumble Bee.""",164,35,7,206,643,4
And now for a piece by a exciting new young composer.,164,35,7,206,643,4278
My playing can float like Madame Butterfly and sting like the Flight of the Bumblebee,167,29,10,206,643,5617
"This isn't quite what I thought they meant by ""dueling pianos"".",179,35,9,223,643,6
"For my next song, I will be playing the theme from Rocky I.",179,35,9,223,643,1720
Let me bang out some notes.,178,37,8,223,643,1817
This is the LAST time I do request.,178,37,8,223,643,2394
"And now, ""Variation on 'Flight of the Bumble Bee'"" by Muhammad Ali",181,31,11,223,643,4253
"I'd like to play a Paul Simon tune called ""the Boxer"".",162,32,8,202,643,1399
"The Pizzicato Polka, performed pugilistically.",164,28,10,202,643,1522
"And now, the viral ""Piano Cat"" arranged for a human",165,26,11,202,643,1701
"It is a sonata for Boxing Day, in B flat.",159,38,5,202,643,1852
I'll now play the overture from 'Rocky' in B flat on your back.,162,32,8,202,643,2855
"When we get to the Chopin, I'll take the gloves off.",160,36,6,202,643,3786
The glissandos are killers.,163,30,9,202,643,5381
"This one's called, ""Ode to Joe""",174,38,7,219,643,1227
"Oh! Bach? Yes, I suppose that does make more sense.",173,40,6,219,643,2300
I will now play Piano Concerto round 12.,158,33,7,198,643,1068
Real men don't tickle the ivories.,161,27,10,198,643,4045
"Wait, so you meant Simon and Garfunkel's The Boxer?",157,35,6,198,643,4134
"Say again, Bach or box?",159,31,8,198,643,4165
"Yes, I can do ""Eye of the Tiger""",189,38,9,236,643,325
I was advised to attack Schumann’s Toccata in C Major Op. 7!,170,39,6,215,643,96
This is my warm-up number.,170,39,6,215,643,269
And now a tribute to Sylvester Stallone.,173,33,9,215,643,4770
And now for the main event...,183,43,6,232,643,4098
I'll punch out one more before the break.,168,36,7,211,643,3774
"Float like Madama Butterfly, 
Sting like an in-flight bumblebee, 
I Am The Greatest,
Since Tchaikovsky",152,31,7,190,643,1071
Just sayin' The Boxer would have peaked higher than seven on Billboard's Hot 100 if Simon and Garfunkel had thought of this.,180,42,6,228,643,1346
"Da ,da, da, daaa!",153,29,8,190,643,1414
"Sorry, I only take requests from the box seats.",183,36,9,228,643,1814
Refunds will be available in the lobby.,183,36,9,228,643,3305
This next piece is for AAAAADRIANNNNN.,184,34,10,228,643,4097
Who says I'm not playing it myself?,157,21,12,190,643,4334
and now for some duke ellington!,168,29,10,207,643,692
"And now, Rocky-maninoff!",167,31,9,207,643,3293
And now for the ever-popular theme from Chitty Chitty Bang Bang ...,165,35,7,207,643,3456
It’s a bit gimmicky but I have to pay the rent.,164,37,6,207,643,4766
I'm gonna play the Rocky theme.,179,37,8,224,643,2490
At least wait for the hook.,144,40,2,186,643,277
"I will now play the theme song from ""Rocky"" .",146,36,4,186,643,1440
I will now punch out this little tune..,147,34,5,186,643,2804
My next selection has a familiar ring to it.,160,38,5,203,643,826
"You see, the score calls for fortississississimo.",161,36,6,203,643,2152
Now I will play something a little softer.,162,34,7,203,643,5628
And now my original theme for Rocky.,180,28,12,220,643,3889
This next piece needs a little punching up.,178,32,10,220,643,5236
"Before I begin, if you are wondering why the boxing gloves, you will find out first if you take a call before this concert ends.",146,29,7,182,643,4486
Otherwise I’d just be tickling the ivories,160,31,8,199,643,974
Okay.  Let's do this one in the keys of ABC and D.,158,35,6,199,643,1716
And now a piece from my hit record.,158,35,6,199,643,3216
"Concerto in Gloves hits all the right notes and most of the wrong ones, too.",161,29,9,199,643,5364
Apologies to those who thought they were going to hear Bach.,159,33,7,199,643,5584
I've been fighting the urge to play this tune all night long.,171,39,6,216,643,568
"First, Sting like a Bee followed by Float like a Butterfly",175,31,10,216,643,1182
A rendition of Balboa’s 5th,171,39,6,216,643,2320
"And now, as requested, the theme from Rocky...",173,35,8,216,643,4068
It was The Boxer Rebellion in C Sharp Minor.,174,33,9,216,643,5135
Did you say forte or fortissimo?,144,26,8,178,643,3341
"My next number will be ""Fight of the Bumble Bee"".",158,28,9,195,643,267
"And now I will close with the Boxer's Lullaby.""",153,38,4,195,643,2257
"This piece is titled, ""Eye of the Tiger in B, C, D, G, and F.""",157,30,8,195,643,4282
"And now, the Lumbering Death Throes of the Bumble Bee",157,30,8,195,643,5142
How about a punchy tune?,153,38,4,195,643,5449
"And now, as counterpoint to Beethoven's ""Moonlight"",  here's a sonata with some punch.",170,34,8,212,643,2325
Give me a Ten Count!,169,36,7,212,643,4663
This is the only way to fight through Bach!,140,27,7,174,643,3888
My first number will be the theme from 'Rocky'.,155,27,9,191,643,882
"Before I start, are there any complaints about the program?",153,31,7,191,643,1006
"And In This Corner...""The Well Tempered Clavier"" by J.S. Bach",153,31,7,191,643,1432
"It may sound a little rough, but I'd like to play something new for you tonight.",152,33,6,191,643,1438
"This piece is called 'Float Like a Butterfly, Flight of the Bumblebee'",153,31,7,191,643,2603
"And now the classic ""88 keys in .8 seconds"".",156,25,10,191,643,3442
And now for Flight of the Bumblebee.,168,31,9,208,643,581
This song's going to be a knock out!,170,27,11,208,643,1150
I’d think twice about criticizing my playing”,166,35,7,208,643,4432
"And for my next selection, I would like to play Flight of the Float Like a Butterfly, Sting Like a Bumblebee.",185,27,13,225,643,5195
"Oops. Wrong venue, wrong night.",162,36,6,204,643,281
Next I will punch out an original tune,163,34,7,204,643,282
And now the Symphonic Dances by Rockymaninoff,150,30,7,187,643,465
When Liberace met John Cage.,165,30,9,204,643,687
Contrapunto on a Divorce,148,34,5,187,643,763
Now for Mozart's Piano Sonata in Sting Like a Bee-Major.,165,30,9,204,643,1758
"And now, my introduction to contemporary music, 101",165,30,9,204,643,1933
I hope you enjoy tonight's concert. It is a real knockout,162,36,6,204,643,1985
"Tonight, it's just me versus Mozart.",161,38,5,204,643,2267
My next selection is Beethoven's Moonlight Sonata in three rounds.,160,40,4,204,643,3162
Without these I’m all thumbs!,179,32,10,221,643,3791
This will sound a little more like a concerto grosso.,178,34,9,221,643,3976
A few more sonatas and I will have Beethoven on the ropes.,177,36,8,221,643,4851
"And now, my new arrangement of “Baby It’s Cold Outside “",187,39,8,234,643,1704
Good evening. Let us prepare ourselves to rumble.,190,33,11,234,643,2121
"For my encore, a little piece from the Pugilistic period.",187,39,8,234,643,5259
I think you'll all recognize this next little number,173,37,7,217,643,174
They said this piece was a sure knock-out,162,29,9,200,643,264
pianissimo,160,33,7,200,643,859
"I call this “Float like a butterfly, flight of the bumblebee.”",162,29,9,200,643,1050
When do I take the fall? After the first glissando?,158,37,5,200,643,3157
Are you ready to ruuuuumble?!!!!!,160,33,7,200,643,3211
"No,I said I was going to play the “flight” of the bumblebee !",160,33,7,200,643,5200
And now in honor of Boxing Day...,183,40,7,230,643,2290
"Next my own composition,""Mitten on the Keys"".",190,26,14,230,643,3848
"And now, AADRIAANNN!..in C minor.",173,30,10,213,643,783
"And now something with a bit more punch, Rocky's theme.",169,38,6,213,643,2965
„And now something little more progressive!“,169,38,6,213,643,3160
This evening I will be performing The Hagler-Hearns Concerto No. 2 in Three Rounds.,157,32,7,196,643,1147
"For my first piece, chopsticks.",158,30,8,196,643,1659
And now my rendition of the ham-fisted symphony as inspired by Donald Trump,159,28,9,196,643,2025
"Don't feel sorry for me.
Feel sorry for Bruiser; he's boxing with white cotton gloves.",182,35,9,226,643,2376
I hate encores.,170,29,10,209,643,1060
I'm putting a new spin on a John Cage classic,166,37,6,209,643,2406
"...and finally, by Johann Sebastian Box...",167,35,7,209,643,2895
Who tuned this damn thing anyway?,169,31,9,209,643,2923
"My next piece will be ""Float Like a Butterfly, Sting Like a Bee,""",168,33,8,209,643,4620
"Vote for me to ""Make Music Great Again"".",169,31,9,209,643,5345
And now for a short Roundo by Vladimir Fisticuffski.,154,31,7,192,643,2250
"And now, an evening of glissandos.",157,25,10,192,643,5695
"Chopsticks, please....",183,26,13,222,643,2427
"I now know what they mean when They say; 
 my written answers to Mueller’s questions were akin to that of a child playing the piano wearing boxing gloves.",163,36,6,205,643,1026
Adrian. Adrian. Adrian.,165,32,8,205,643,4686
"Next up, the Theme from Rocky.",164,34,7,205,643,4940
I MUST BE DREAMING,164,34,7,205,643,5598
You ain't heard nothin yet,152,28,8,188,643,1966
My playing's been a bit Rocky of late...,176,33,9,218,643,1023
The optional ear plugs are under your seat.,175,35,8,218,643,1490
"''No, there isn't intermission.''",180,25,13,218,643,3575
"Now, for something softer.",161,33,7,201,643,2868
"For my encore, I shall attempt to destroy all the BLACK keys!",164,27,10,201,643,3387
"This next piece is called ""Two gloves on eighty-eight keys"".",147,31,6,184,643,1932
Degree of difficulty 9.7,170,38,6,214,643,1027
"Now one by one of my favorite composers, Sonny Liston.",168,42,4,214,643,1213
This next song was written by Paul Simon.,172,34,8,214,643,1456
Now I'd like to punch out a little number for you.,172,34,8,214,643,5332
Turns out I’m my own worst enemy.,174,30,10,214,643,5544
Let me just punch this number out.,161,26,10,197,643,1511
"Yo, Tchaikovsky!",159,30,8,197,643,1642
"My next piece is called ""Requiem for a Boxer.""",184,33,10,227,643,2405
"In my next lesson video I will demonstrate more secrets of my patented technique for avoiding repetitive injury, carpal tunnel syndrome, and tendonitis.",146,26,8,180,643,3624
"Now, the Beethoven Piano Sonata #8 ‘Pathetique’ as interpreted by Muhammad Ali.",168,35,7,210,643,4500
"Good evening, Palookaville.  Before I begin the Mussorgsky, it is imperative you understand that I coulda been a contender.",167,37,6,210,643,5157
This next piece requires a soft touch,169,33,8,210,643,5435
"Believe me, it helps with the fortissimo, but not with the piano.",168,35,7,210,643,5508
I am qualified to be the president's greatest Chief of Staff ever! I can do anything.. . . anything.,181,32,10,223,643,1271
"To begin,I'd like to punch out a concerto by Bach.",181,32,10,223,643,5131
"Float like a butterfly, play like a ham.",154,33,6,193,643,2461
I will now perform Box Prelude in C Major,157,27,9,193,643,5429
I have sensitive hands,166,32,8,206,643,852
I will now be playing the theme to ‘Rocky’.,166,32,8,206,643,1954
This next piece is called “STELLA!!!!!!!” in D minor.,164,36,6,206,643,2231
They work better on the kettle drums,165,34,7,206,643,3319
And now my signature THREE SECOND WALTZ.,167,30,9,206,643,3827
"For my next number, the theme from ""Rocky II.""",179,29,11,219,643,377
At this point I can only play the Rocky theme.,175,37,7,219,643,1879
"My next piece is an original composition entitled ""Elephant on the Keys""",174,39,6,219,643,3502
"I must apologize for the typo in the program. My name is Bang Bang, not Lang Lang.",178,31,10,219,643,4380
Lie-la-lie... lie-la-lie-lie-lie-lie-lie...,157,20,12,189,643,304
Please join me for punch after the concert.,152,30,7,189,643,715
This last movement is quite the knock-out.,152,30,7,189,643,970
I'm taking a dive in the 9th symphony.,155,24,10,189,643,1714
"It's my newest composition.  I call it ""Float Like a Butterfly"".",154,26,9,189,643,2433
This is Chopin’s Knockout in E minor.,152,30,7,189,643,4605
This one's simple but it has a good hook.,155,24,10,189,643,5279
I can easily cover 2 octaves this way.,162,33,7,202,643,649
This next piece is a bit John-Cage-meets-Muhammad-Ali.,162,33,7,202,643,920
"And now, for my Jerry Lee Lewis segment.",163,31,8,202,643,922
"I call it the “Butterfly Sonata”, in the key of Sting-Like-a-B.",164,29,9,202,643,2958
I've had a difficult time choosing a profession.,162,33,7,202,643,4275
Did someone move my spit bucket?,171,38,6,215,643,1536
This next piece is a bit more raucous.,171,38,6,215,643,2263
"My next number is a real knockout, in three rounds.",187,29,12,228,643,3687
Ladies and Gentlemen... Let's get ready to treble.,143,41,1,185,643,425
I will now play Boxmaninoff,197,32,12,241,643,3364
"And now for ""Float like a butterfly, sting like the flight of the bumble bee.""",159,32,7,198,643,1545
My next number will be 'Kitten On the Keys.',162,26,10,198,643,5495
"Oh no, they are expecting me to take a bow now and I'm only wearing boxer shorts.",160,30,8,198,643,5625
And I thought tying my bow tie was hard!,167,39,5,211,643,1611
I tried facing the music but got hit with a one two.,173,27,11,211,643,3472
"If you please, let us now prepare ourselves to Rumble.",171,31,9,211,643,4564
Get ready for something punchy.,195,29,13,237,643,2030
"......and in this corner weighing in at 158 pounds in the dark tuxedo, fromVienna, Austria .....",193,33,11,237,643,2457
Fortissimo!,147,26,8,181,643,913
Below the belt? I'm not even using the pedals.,157,29,8,194,643,547
Adrian!,168,30,9,207,643,385
"And now, the Mohammad Ali Sonata in G minor.",165,36,6,207,643,1870
I want to get the hell  home so I'm just going to knock this piece out quickly.,176,37,7,220,643,2637
"And now, to reprise Victor Borge's Musical Punctuation...",172,45,3,220,643,3184
"Trump being an ineffective president produces a most disharmonious effect, the same as playing a piano with boxing gloves on.",180,29,11,220,643,3201
"And now, one of my own compositions!",178,33,9,220,643,3621
I float like Chopin and sting like Mozart,180,29,11,220,643,4223
"I call this one ""Sting like a Bee"".",187,38,8,233,643,2659
My dermatologist says I need to stop scratching my eczema.,190,32,11,233,643,4215
This song promises to be a knock out!,141,31,5,177,643,2412
And for my final work I give you Box Toccata and Fugue.,144,25,8,177,643,2837
And now for a little chin music.,152,32,6,190,643,30
"While I can't put my finger on it, my performances have somehow been a little Rocky lately.",152,32,6,190,643,79
And now the concerto from 'Raging Bull',150,36,4,190,643,443
And now I shall play a medley of pet-performed pieces from the Internet.,167,25,11,203,643,187
"And now, the very challenging LaMotta Sonata in F minor",159,41,3,203,643,1380
"For my encore, I will play the 1812 Overture",161,37,5,203,643,4476
For round 1 I will be performing Fight of the Bumble Bee,176,30,10,216,643,231
And now for my Post-Modern interpretation of Philip Glass,174,34,8,216,643,4717
"And finally, Marciano’s Scherzo per Due Pugni",150,29,7,186,643,370
John Cage is a dead man.,156,17,13,186,643,811
Maestro - sote voce please.,158,36,5,199,643,1081
Tickling time's over.,172,31,9,212,643,343
"And now, Sonata No. 6, by Rockymaninoff",171,33,8,212,643,1135
Hitting the right notes.,169,37,6,212,643,4440
And now for Box' Concerto in D minor.,191,39,8,238,643,2335
My repertory is limited...I can only play rounds,169,30,9,208,643,379
"I started wearing them to stop sucking my thumb. Turned out I'm pretty darn good.""",167,34,7,208,643,536
And now for a lights out encore!,168,32,8,208,643,1446
Progressing from the precision of atonal construction....,181,29,11,221,643,1548
"And now, Tyson's Sonata in B Minor.",158,29,8,195,643,1703
"Now for your enjoyment, ""Take that, Steinway!""",181,29,11,221,643,1799
I’ve been informed that this is a piano. Thank you.,170,28,10,208,643,1914
"The following composition, titled 'Mother-in-law,' has a very striking, punchy tone.",168,32,8,208,643,2653
In this composition I am honoring the heavy-handed approach of two masters - Wilhelm Richard Wagner and Mohammed Ali.,178,35,8,221,643,2751
"Bring it on, Chopin. I'm ready.",178,35,8,221,643,3244
Tonight's performance will be included as part of my holiday box set.,157,31,7,195,643,3555
"And now, from Rocky IV...",175,41,5,221,643,3803
It was in tune when I bought it.,174,43,4,221,643,3961
I’m trying to beat out a tune.,167,34,7,208,643,4012
"As a composer, I have become fascinated with tone clusters.",154,37,4,195,643,4467
"Float like a butterfly, play in the key of B.”",175,34,8,217,643,721
"Next, I would like to play my rendition of ""Slaughter on Tenth Avenue"".",176,32,9,217,643,3788
Chopsticks -- that's it.  You were expecting maybe Mozart?,178,28,11,217,643,5053
"So many times, it happens too fast. You trade your passion for glory.",162,37,5,204,643,356
"I'm pounding the keyboard, like you asked.",164,33,7,204,643,696
And now my latest rendition of  “Baby it’s cold outside.”,166,29,9,204,643,3369
You cannot force an individual to succeed in something when their heart is desiring another.,166,29,9,204,643,4824
"Man vs. Piano: ""Modernism?  I'll show you Modernism!""",156,26,9,191,643,960
"And now my rendering of a little ditty I wrote, ‘Thrilla in Manila’.",154,30,7,191,643,2100
"For this next piece, use of your mobile phones is encouraged.",155,28,8,191,643,2689
Good evening.  I'm Rocky Marcipiano.,156,26,9,191,643,2841
"This one is called ""Saved by the Bell""",181,38,7,226,643,435
This is it. Time to take the kid-gloves off.,183,34,9,226,643,1550
"And now for my ""Boxer Rebelion Overture #1",183,34,9,226,643,4655
"Manilla Thrilla"" in B flat",173,31,9,213,643,1832
I'm going to punch up this next number a bit.,172,33,8,213,643,2741
Now for something a bit more heavyweight,167,43,3,213,643,3265
Not to worry there is only one large ebony and one large ivory key,173,31,9,213,643,3494
"For my next selection, Eye of the Tiger.""",170,37,6,213,643,4400
"And for our finale, the Theme from Rocky in D minor",163,28,9,200,643,2612
"I'll be playing ""Mitten on the Keys""",149,33,5,187,643,1418
FOR HIT SONGS ONLY,150,31,6,187,643,4351
And now Wagner's Der Ring des Nibelungen.,148,35,4,187,643,5082
"eat your heart out, Jerry Lee Lewis",141,26,7,174,643,236
And now an obscure piece by Rocky Mannicoff...,201,37,10,248,643,2044
Would you mind holding your coughing until after the first round?,189,38,8,235,643,5201
Piano buffo?,182,29,11,222,643,1176
This fugue is a knockout.,180,33,9,222,643,1955
"For my encore, Chopin’s lesser-known ‘Mitten Waltz’...",180,33,9,222,643,2053
"…and now, I’d like to perform Sugar Ray’s Piano Concerto No. 2 in F Minor.",179,35,8,222,643,2138
Tonight I will be playing Box' concerto. I may B Flat,184,25,13,222,643,3855
I’d like to dedicate this next number to the inspirational Muhammad Ali.,178,37,7,222,643,4736
This one was my first big HIT!,170,30,9,209,643,191
"How thoughtful, she gave me mittens to play  ""Baby it's Cold Outside.""",169,32,8,209,643,962
How about a little Duke Ellington?,168,34,7,209,643,4324
I've never been much of a tickler.,172,26,11,209,643,4435
"Next I will play a piece from LL Cool J: ""Mama Said Knock You Out"" in F#m",166,38,5,209,643,4631
Are you ready to crescendo?,170,30,9,209,643,4649
I will now improvise in the French manner.,170,30,9,209,643,5018
"And now, the theme from the Boxer Rebellion",159,29,8,196,643,631
This is an atonal rendition,158,31,7,196,643,1763
"And now, ""Fight of the Bumble, Sing Like a Bee"".",163,21,12,196,643,1901
Who forgot to tune this piano?,158,31,7,196,643,4117
"Yes, of course I play by ear",149,26,8,183,643,1179
"Float like a butterfly, pound on the keys.",150,24,9,183,643,3012
"And now, The Ring Cycle for Dummies, in twelve rounds.",186,37,8,231,643,1301
I went to a prizefight and a sonata broke out.,177,32,9,218,643,1319
This part of the song requires you to punch things up.,167,29,9,205,643,408
I hope you enjoy this punchy little number.,166,31,8,205,643,697
But I have bone spurs in my hands!,166,31,8,205,643,1891
"And now for something pugilistic, in A minor.",164,35,6,205,643,3490
"For my last number, Floats Like a Butterfly, Stings Like a Bee",165,33,7,205,643,4924
You say the Rach 3 is difficult? I’ll show you difficult.,166,31,8,205,643,5179
"And now, Duke's Waltz, in D minor, A flat, and C.",156,28,8,192,643,362
I'd like to thank the Mike Tyson Foundation for commissioning the next piece.,156,28,8,192,643,1409
I really hate this song.,156,28,8,192,643,2915
In honor of Boxing Day . . .,155,30,7,192,643,3815
"And now, Box Prelude and Fugue in C Major.",155,30,7,192,643,3930
"For the next prelude, the sheet music's dynamic said combattivissimo.",156,28,8,192,643,5013
"Need a fellow to punch out a party tune? I'm your man.""",183,36,8,227,643,1655
I glove a piano,173,33,8,214,643,1089
...and this will be a real punchy number.,170,39,5,214,643,4016
The doctors said it couldn't be done.,173,33,8,214,643,4269
Tonight we will be beating out Beethoven's 5th.,172,35,7,214,643,4406
"Ladies and gentlemen, the kangaroo is off for the night.",174,31,9,214,643,4421
My next composition is impressionistic with a touch of violence.,165,26,10,201,643,1129
Now a little known piece from Boxtehude,165,26,10,201,643,3037
"Ladies and Gentlemen, Wagner's  'Ring Cycle.'",162,32,7,201,643,3570
This next one is Beethoven's 9th Symphony - the Rocky Balboa version.,152,29,7,188,643,295
For my next number I'll play the Thrilla in Manila Concerto by Frazier.,182,31,10,223,643,1338
"I  didn't literally mean ""I would 
punch out a tune""",178,39,6,223,643,5436
"And now for my grand finale, I shall perform my very special rendition of that classic Simon and Garfunkle hit, ""The Boxer.""",177,41,5,223,643,5647
Gloves come off when they turn up the heat.,170,32,8,210,643,944
My next piece is the two-fisted Sonata.,174,24,12,210,643,1169
"I call it, ""Concerto in A-minor Concussion for Graziano and flute.""",170,32,8,210,643,1406
"I'm sorry sir, that's not possible. I'm wearing boxing gloves.",174,24,12,210,643,3875
For those who are sitting ringside—the theme from 'Rocky'.',169,34,7,210,643,4291
"Étude No. 1 in A, B, C, D, E, F, and G, by my 18 months old son.",169,34,7,210,643,4554
My critics say I can never hit the right key...,174,24,12,210,643,5063
Wait 'til I take the gloves off,188,35,9,232,643,5277
This Concerto may seem a little modern for some.,162,25,10,197,643,1579
"Beethoven's got two chances, slim and none. And slim just left town.""",177,34,8,219,643,101
"And now for my most recent composition, a reverential homage entitled ""Beethoven's Fists""",178,32,9,219,643,1043
"And now, a variation on ‘Flight of the Bumble Bee,’ I like to call, ‘Float Like a Butterfly, Sting Like a Bee!’",177,34,8,219,643,1119
Tonight and one night only: Bach-y Balboa!,178,32,9,219,643,1210
"This is my interpretation of Wagners ""Ring"" Cycle.",177,34,8,219,643,3878
Fortissimo is my forte,149,28,7,184,643,1181
"And now, as I like to put it, I’m gonna go a few rounds with Ludwig van.",147,32,5,184,643,4232
This is Sugar Ray Leonard's Piano Concerto No. 3 in C Minor.,150,26,8,184,643,4610
Let's get ready to Rondoooooo!,167,31,8,206,643,1725
"And one, two, one two, one two,",165,35,6,206,643,2068
And now - my interpretation of a Paul Simon classic.,169,27,10,206,643,5242
"And now, my latest composition in celebration of Boxing Day.",188,28,12,228,643,5566
"And now for my next selection, “The fight of the bumblebee.”!",158,26,9,193,643,993
"Oh no, I forgot the sheet music!",156,30,7,193,643,3013
I'd like to close with a medley of Jack White's greatest hits.,155,32,6,193,643,5461
And now I shall play the theme from Rocky.,174,33,8,215,643,124
Rachmaninoff always makes me punchy.,173,35,7,215,643,1646
I hope you enjoy the tunes I am about to knock out for you.,173,35,7,215,643,1773
I can promise you’ll never hear Alkan’s ‘Concerto for Solo Piano’ the same way again.,145,29,6,180,643,504
I will be playing fight of the bumblebee.,166,26,10,202,643,129
And now to pound out a little different beat.,160,38,4,202,643,1048
"For the first round, I shall play Chopsticks.",168,22,12,202,643,3880
And now I'd like to perform a mashup in ALL the majors and minors.,165,28,9,202,643,4743
"So far so good. Now, with the gloves on, what is this one?",165,28,9,202,643,5223
They make Chopsticks much more difficult.,163,32,7,202,643,5337
This next number is why I am known as the best pound-for-pound pianist in this town.,151,33,5,189,643,1110
"Tonight, you will hear me pound the keys like I've never done before.",156,23,10,189,643,3856
"Okay, I guess the gloves aren’t coming off.",153,29,7,189,643,5608
"For obvious reasons, I will not be performing “Chopsticks’ tonight.",171,32,8,211,643,207
I’d like to close with The Boxer by Simon and Garfunkel.,172,30,9,211,643,2691
I float like a butterfly and sting like the key of B.,172,30,9,211,643,4987
I  shall now play Chopin's Minute Waltz in ten seconds. It's a Knock Out!,188,37,8,233,643,3721
The maître d' just asked me to sit down and pound out a few numbers.,175,40,5,220,643,156
You got a problem with that?,161,29,8,198,643,1162
"My arrangement of the the new ""13th DAY OF CHRISTMAS"":  BOXING DAY!!!",180,30,10,220,643,1674
"Pardon me for any wrong notes, folks.  These are actually my cello gloves.",162,27,9,198,643,1738
"And next, Muhammad Ali's favorite, Flight of the Bumblebee.",181,28,11,220,643,2023
"For my encore, a little-known work by Rimsky-Korsakov:  ""Float Like a Butterfly, Sting Like a Bumblebee.""",158,35,5,198,643,4641
And now I will play my homage to John Cage.,177,36,7,220,643,4850
"In the spirit of the times, I'm now going to play a little ditty I've tentatively titled: ""Who Gives a Fuck Anymore?""",179,32,9,220,643,4962
Just a little something I put together for the Boxing Day annual concert.,142,28,6,176,643,5114
"For tonight's performance, I will be playing 'Rocky's Theme Song' in D Minor.",143,26,7,176,643,5153
I am much better with drums,156,39,3,198,643,5447
I hope you find my next number a knock-out.,157,37,4,198,643,5512
My manager said I needed a knock-out tune.,166,35,6,207,643,520
I could of been a contender instead of the bum of pianist I am.,167,33,7,207,643,3403
Intermission will be in three minutes.,148,32,5,185,643,660
This makes it much simpler to play some of today’s new symphonies,151,26,8,185,643,4210
You told me to punch it up a bit.,174,35,7,216,643,299
Every hit song needs a memorable left hook.,155,34,5,194,643,1677
Tickle the ivories? More like pummel 'em.,155,34,5,194,643,5458
"No, not Fight of the Bumblebee, it’s Flight of the Bumblebee.",183,33,9,225,643,1525
"This next little number is called ""Float like a butterfly, sting like a bee.""",166,28,9,203,643,899
Excuse me ladies and gentlemen.  The composer has indicated the following passage be played sforzando fortissississimo.,163,34,6,203,643,4094
What's funny?,162,36,5,203,643,4541
"I call this one ""It's hard to sexually assault someone when you can't unzip your fly"". (Louis C.K. 2019 Comeback Tour)",192,31,11,234,643,3823
A knock out performance of Rhapsody in Black and blue.... all 15 rounds,190,35,9,234,643,5125
"This next piece is called ""Boxing Sonata #2.""",168,40,4,212,643,1329
"To complete our tribute to the president, I will now play Mueller Said Knock You Out.",170,36,6,212,643,2972
"Oh, no. I'm having a nightmare.",173,30,9,212,643,4970
"""I've got a tough one coming up.""",188,32,10,230,643,5478
"And now, I’d like to play my new composition, the Rocky Balboa Piano Sonata #5.",167,35,6,208,643,1922
"Next is ""Flight of the Bumblebee,"" which I will also play blindfolded.",167,35,6,208,643,2282
The odds in Vegas are 25 to 1 that I defeat the piano.,166,37,5,208,643,2614
"Well, it hurts to play Beethoven",172,25,11,208,643,2943
I will now play “Chitty-Chitty Bang Bang”.,167,35,6,208,643,3269
Now we will punch up the tempo and add a bit pzazz  to this Rachmaninov piano concerto,168,35,6,208,643,4302
"Pound for pound, I'd say Tchaikovsky.",173,39,5,217,643,150
"They told me it was harassment to tickle them, so I have to wear these.",176,33,8,217,643,2132
The next song I will be performing is sure to be a knockout.,153,24,9,186,643,2561
"Let's get ready to Rachmani-noffffff!""",177,31,9,217,643,2733
"For my next song, a piece played solely on black and blue keys.",152,26,8,186,643,3617
In tribute to Ali….”Flight of the Bumblebee”,151,28,7,186,643,4092
"And now, ladies and gentlemen, I'm going to try something I don't usually do. Simon & Garfunkel's 'The Boxer'.",150,30,6,186,643,5433
"My next piece will be a concert for four hands, but Mike Tyson couldn't make it.",173,39,5,217,643,5516
"And now ""The sting of the bumblebee"" by Rimsky-Korsakov-Ali.",186,29,11,226,643,1685
"And now my personal rendition of  ""The Boxer"" by Simon and Garfunkel.",182,37,7,226,643,3635
"Yes, I was the star of the 1939 movie Golden Boy. And yes, I was very musical. But I always wanted to be a boxer. Any other questions?",183,35,8,226,643,4037
I used to play the violin but I find the piano a lot easier. At least I don’t drop it.,188,25,13,226,643,4603
I just punched out this next piece.,158,30,7,195,643,676
It's my way of conveying the world's dissonance.,158,30,7,195,643,972
And now let me conclude with some  Beathoven.,159,28,8,195,643,4687
"For my next selection,I will play ""The Flight of the Bumblebee"".",159,28,8,195,643,4910
Hit 'em with the old one an' a two...,164,34,6,204,643,162
"And now, my own composition,""Le Cantique de George Foreman.""",163,36,5,204,643,1257
Bom	Bom 	Bom	Bommm!,164,34,6,204,643,3317
Now for the crescendo!,167,28,9,204,643,4140
"Now, I would like to conclude with an original composition.  I call it ""Ode to Ali""",163,36,5,204,643,4900
"And now . . . the theme song from ""Rocky.""",165,32,7,204,643,5491
"And now, Michael Jackson's ""Beat it.""",164,34,6,204,643,5626
I don't want to spread my cold to the next contestant.,170,38,5,213,643,1862
It's for the artillery chorus in the 2012 Overture...,174,30,9,213,643,2426
A little help here?,170,38,5,213,643,5383
I will now perform John Cage’s 4’ 33”.,202,45,6,253,643,469
"And now, excerpts from The Ring, by Sonny Liszton.",154,31,6,191,643,771
"The night he realized ""Put Up Your Dukes"" wasn't coined after Duke Ellington.",154,31,6,191,643,4427
Box Symphony is just Bach's Symphony but with a nicer ring to it,153,33,5,191,643,5341
Let's get ready to ready to rumble!,189,32,10,231,643,1712
"I am just a poor boy
But my story is seldom told...",189,32,10,231,643,4503
"Punchdrunk, am I? Keep smiling like that and you'll lose those 88 teeth!""",162,31,7,200,643,18
At least I'm not all thumbs!,162,31,7,200,643,1927
"The next piece is called, “Requiem for a Pugilist”",161,33,6,200,643,2385
"Hecklers, beware!",159,37,4,200,643,3079
"Now for the percussion crescendo, molto allegro",161,33,6,200,643,3121
Dang.These talent contests are brutal.,164,27,9,200,643,4384
I had a fight with the rest of the quartet.,162,31,7,200,643,5686
And for my finale... The Flight of the Bumblebee challenge,172,27,10,209,643,3713
"What I said was, I could outplay you with one hand tied behind my back...!",168,35,6,209,643,3982
"At least I'm no longer ""all thumbs""",171,29,9,209,643,5118
"Okay, so my dare is to knock out a few tunes.",177,33,8,218,643,286
"And now, to conclude tonight's tribute to Sylvester Stallone,
the theme from 'Rocky.'""",181,25,12,218,643,562
"Life is choices and family compromise. My dad wanted me to be a boxer, my mom a pianist, but I just wanted to play the drums.",175,37,6,218,643,1206
"My next piece is called the ""Lamotta  Cantata",175,37,6,218,643,1974
"Standing up....in a hammock, if you must know.",180,27,11,218,643,3741
For my encore I’ll play ‘The Boxer’ by Paul Simon,146,24,8,178,643,2902
"And now for my next number, the theme from 'Rocky'.",183,37,7,227,643,68
Rocky the Musical,186,31,10,227,643,4133
"And now, a Box concerto.",152,28,7,187,643,35
I give you Rockymaninoff piano sequel III.,150,32,5,187,643,458
Well how else am I supposed to express my anger?,151,30,6,187,643,492
This next number is inspired by the life of Mike Tyson.,193,33,10,236,643,414
"This evening, ladies and gentlemen, I'm going to pound out Chopin's Nocturne in B Sharp Minor.",158,32,6,196,643,2629
"It's Box Fugue in G Minor! Hang on, I was just getting to the hook.",159,30,7,196,643,5637
"In my next round, I will be playing....",170,24,11,205,643,4342
Hope you like this punchy number.,168,28,9,205,643,5106
"And now, Pummel in Fugue in 5 rounds",163,38,4,205,643,5110
"You've just heard me float like a butterfly. Now, listen as I sting like a bee.",166,32,7,205,643,5366
"Please excuse me Ladies and Gentlemen, I’m fighting a cold tonight.",175,30,9,214,643,388
"I call this piece ""All the Wrong Notes"" which uncannily makes it all sound right.",169,42,3,214,643,2000
This next one's going to be a knock-out.,173,34,7,214,643,2184
I'm a little punchy.,192,28,12,232,643,1634
"Ladies and Gentlemen, put your hands together for our latest sensation, Beat-hoven!""",140,29,5,174,643,4919
Sometimes you just have to roll with the punches.,148,29,6,183,643,134
My next selection is Rope-a-Dope in C Major.,157,27,8,192,643,188
"Now, I'll knock out a number that you all know.",156,29,7,192,643,2479
And now for the Box Set?,159,23,10,192,643,2997
I couldn't decide between sports and music,156,29,7,192,643,3563
"You may notice me pounding the keys tonight with a little more punch than usual, folks.",154,33,5,192,643,5667
I will now try Bach-sing.,165,27,9,201,643,759
"I will now play ""Flight of the Muhammad Ali""",165,27,9,201,643,3361
"And now, for your listening pleasure: the John Philip Sousa rendition of ""Kitten on the Keys"".",163,31,7,201,643,3654
"Hello everybody, my name is Wolfgang Amadeus Balboa.",160,37,4,201,643,5477
I have always been a fierce competitor!,168,37,5,210,643,4022
"I am about to play Rockymaninoff’s
Symphonic Dances",185,35,8,228,643,3345
The melody of modern politics.,194,33,10,237,643,193
"Hey, it's like my piano teacher, Mickey, once told me: ""You'll be able to spit notes, kid. You're gonna eat sonatas and you're gonna crap concertos. You're gonna become a very musical person.""",152,30,6,188,643,2477
"When I'm through with it, it'll be a mini grand piano.",154,26,8,188,643,2947
Here is the musical stylings of the Black Eyed Keys.,167,32,7,206,643,28
"And now from my modern version of the Nutcracker, here is ""Melee of the Sugar Plum Faries.""",169,28,9,206,643,206
"And now I’ll be playing Rachmaninoff’s Piano Concerto No. 4, better known as the one where Rocky fights the Russian.",165,36,5,206,643,345
Box Toccata and Fugue has been requested.,168,30,8,206,643,1074
"Would Ed Sullivan have loved this, or what!",168,30,8,206,643,1120
Ladies and Gentlemen...The Concerto For The Nail-Biter in D-minor,167,32,7,206,643,2542
Next up: 'Flight of the Stumblebum',167,32,7,206,643,3439
I will now play the Muhammad Ali Amadeus concerto the way it was intended.,168,30,8,206,643,4521
"My left hook is quite sharp, but my right jab is flat",167,32,7,206,643,5504
Common time?! I only know the ole' one-two!,173,36,6,215,643,896
"And now, ‘Chopsticks.’",175,32,8,215,643,973
And now I would like to perform Rocky's 5th.,177,28,10,215,643,1069
The Boxer”? Don’t know that one,175,32,8,215,643,1258
Just in case I get in treble while playing.,172,38,5,215,643,3306
"this next piece is from ""Rocky"".",174,34,7,215,643,3320
For my next performance I'd like to punch out a little ditty.,172,38,5,215,643,3479
It gives the music the right hook,178,26,11,215,643,4018
I will now perform variations on a famous theme of John Cage.,174,34,7,215,643,5387
This next song will knock your socks off!,184,30,10,224,643,2582
"And now, the Ring Cycle!",158,27,8,193,643,3834
"What? I thought I was supposed to play ""The Boxer""...",158,27,8,193,643,4054
I  play with my boxer shorts on too!,158,27,8,193,643,4714
I punched out this next piece earlier today.,161,37,4,202,643,147
"Tonight,I introduce a new work ""Massacre in A"" by Klitschko.",163,33,6,202,643,2964
I prefer to punch out a tune,163,33,6,202,643,3944
I guess I'll roll with the punches.,161,37,4,202,643,4718
This next song is known for it's hook.,166,27,9,202,643,5419
And now I will pound the hell out of the keys...,168,23,11,202,643,5583
"Merry England, holiday time, Boxing Day concert.",163,33,6,202,643,5701
I have entitled this next piece: Dischord,170,35,6,211,643,1445
Paderewski?  I'll moider de bum!,170,35,6,211,643,1768
"And for my encore, I will  play “The Theme From Rocky!",168,39,4,211,643,3337
"And now, after having finished the slow pieces of tonight's  concert we're going to really  punch up the tempo.",170,35,6,211,643,3804
My next piece will really be a knockout.,172,31,8,211,643,3914
It's only available as a boxed set.,170,35,6,211,643,4370
"And for my encore I will play ""The Fight of the Bumble Bee.""",179,33,8,220,643,2019
"And a left, and a right, and a left right left right.",176,39,5,220,643,2115
"And now, may I present, Rocky the Musical",181,29,10,220,643,2987
I can't hold or play chopsticks.,180,31,9,220,643,4309
"This next number is called, 'Fight of the Bumble Bees',
feel free to sting along.""",186,35,8,229,643,5613
I'm preparing a Boxing Day concert for the royal family.,192,39,7,238,643,2228
Piano-fought-e,193,37,8,238,643,3670
"My next selection is, Beat me daddy eight to the bar.",164,24,10,198,643,109
Do I hear a request for “The Theme From ‘Rocky’?,177,30,9,216,643,116
They don't respond well to tickling.....,179,26,11,216,643,433
"And now, my version of Chopsticks.",175,34,7,216,643,473
Tonight's Key Player: Rocky Man-in-Off,158,20,11,189,643,558
Any requests I can pound out for you?,144,32,4,180,643,2141
You'll have to forgive me if my Bachsing is a little Rocky.,154,28,7,189,643,2221
I am pleased to open tonight’s Masochist Society gala with a special performance of “Flight of the Bumble Bee”.,160,32,6,198,643,2248
Here's a chord progression within the circle of fists.,165,22,11,198,643,3010
I'll never bet again... never,170,28,9,207,643,3180
This next song may be a bit off key.,170,28,9,207,643,3956
"Just hit the keys lightly, don't knock them out!",174,36,6,216,643,4070
My composition is in the key of B-flat.,184,32,9,225,643,4162
"This next number I shall now do on you is ""Fight of the Bumblebee.",156,24,9,189,643,4240
This one will knock you out!,159,34,5,198,643,4589
Shut the fuck up.,175,18,14,207,643,5294
Please turn off all flash photography during the performance.,164,24,10,198,643,5326
And now I'll perform my latest big hit.,177,30,9,216,643,5467
"Float like Jarrett, sting like Monk.",179,35,7,221,643,1653
"A sacred performance of the Boxing Day classics “O Come All Ye KO” “Ring-Side Bells”, and “All I Want For Christmas Is My Two Front Teeth”.",181,31,9,221,643,3011
"Next is a little diddy I call, ""TKO"".",164,33,6,203,643,760
This isn't The Ring I was expecting.,167,27,9,203,643,2246
"I'd like to play for you a sonata composed by Chucky, my golden retriever.",169,23,11,203,643,2792
"Horace took the Jazz Meistro seriously when he shouted 
""Hit it!""",163,35,5,203,643,4125
And now for some of my more obscure hits...,168,25,10,203,643,4192
Rocky-maninoff Piano Concerto No. 2 you say?,158,29,7,194,643,1529
"IT'S OK, I TUNED IT WITH THESE ON.",155,35,4,194,643,2060
I am proud to be a contender in this year‘s Van Cliburn competition...,151,27,7,185,643,63
And now I take the gloves off and play a mean Chopin.,150,29,6,185,643,1425
"My next number is ""Bust Your Chopsticks""",178,30,9,217,643,2379
You can call me Mittstro.,181,24,12,217,643,3773
"I dedicate this song to Mrs. Shirley Abercrombie, who sent me packing from this keyboard, sobbing, 'Never again Jimmy!'",176,34,7,217,643,4136
It's called Rhapsody in Gloves,174,38,5,217,643,4527
"I will now play ""Gonna Fly Now"" as it was originally composed by Rocky Balboa.",169,32,7,208,643,633
Piano Concert on Boxing Day.,170,30,8,208,643,2488
Just a brief encore... I have to get across town before the bell for the opening round.,169,32,7,208,643,3484
"They told me, ""Knock yourself out!""",164,26,9,199,643,2541
I just think Rachmaninoff's no. 2 needs a little punching up.,165,24,10,199,643,3141
I hope no one notices that my socks don't match.,162,30,7,199,643,3155
"I call this composition, 'Hey Kids, Get Away From The Piano!'",161,32,6,199,643,4808
"Since I’m in between rounds, there is only enough time to play Chopin’s Minute Waltz.",154,30,6,190,643,1652
"Now, for my rendition of The Rocky Concerto",181,33,8,222,643,4470
I will now play the Mike Tyson sonata no.3 in knocked flat opus 12 round 5.,175,29,9,213,643,3392
Welcome to dueling pianos.,177,25,11,213,643,3402
"Sam, don't play it again.",177,25,11,213,643,4126
Know it?? I wrote it!!,166,31,7,204,643,1858
"For my next selection, the prelude to We Will Rock You.",163,37,4,204,643,4359
Now I shall play my version of Box Concerto.,167,29,8,204,643,5003
Here is my bellicose rendition of Chopin.,166,31,7,204,643,5697
"For this next piece, I got my inspiration from Jerry Lee Lewis.",159,29,7,195,643,3168
Now for my rendition of the theme from Rocky.,157,33,5,195,643,3239
Now my interpretation of Simon & Garfunkel's The Boxer.,156,35,4,195,643,3659
"And for my next number, Beethoven's ""Hammerklavier"" sonata.",150,31,5,186,643,3389
"My next offering is ""Tempest in a Trump-pot"" in F#*@ Major.",195,30,11,236,643,2596
"What do you mean by ""forte"" fortissimo?",180,44,3,227,643,336
In this next Mixed Martial Arts bout my opponent is J S Bach,186,32,9,227,643,5032
"And now for a change of pace, the Pugilist's Polka.",176,36,6,218,643,2470
The cacophony suite is a new work,175,38,5,218,643,2766
Oh and Mike Tyson can act?,180,28,10,218,643,2980
Don’t make me take the gloves off.,168,36,5,209,643,690
"The theme song from Rocky, why?",170,32,7,209,643,1578
As a pugilist pianist I prefer to pound the piano,171,30,8,209,643,2566
"And now, something a little more lively.",170,32,7,209,643,3114
"I feel like this method captures more of the emotion, you know?",166,40,3,209,643,3130
Welcome to Full Contact Sonatas.,173,26,10,209,643,3261
"I call it ""Requiem to a glass jaw""",173,26,10,209,643,3324
"I'm gonna knock out this tune so badly, you won't even recognize it by the time I'm done !",170,32,7,209,643,3540
I’ve had a request for Music Dance Boxer.,164,28,8,200,643,318
I play like Duke Ellington and hum like a bee!,161,34,5,200,643,1311
"As an encore, I will preform all 31 Goldberg Variations within 42 seconds.",162,32,6,200,643,1592
This next piece is by Johann Sebastian Box.,163,30,7,200,643,1996
"And now, my latest composition, ""Blammo, blonk, blonk.""",161,34,5,200,643,2190
I'll take these off after my first piece and I guarantee you're  going to love the rest of my performance.,164,28,8,200,643,3097
I make no excuses.,161,34,5,200,643,3652
...and now another Simon and Garfunkel favorite- The Boxer.,160,36,4,200,643,3828
And now I will fight the piano.,166,24,10,200,643,3928
I thought I'd punch it up a bit,161,34,5,200,643,4093
You didn't tell me I was going to have to perform 'Chopsticks',163,30,7,200,643,4244
I'm going to dedicate this next song to the back row.,158,24,9,191,643,936
"At the bell I will perform ""Ode to Adrian"", by Rocky Balboa.",187,39,6,232,643,957
I believe I left an order for the piano with the very large keys.,189,35,8,232,643,4825
"Ladies & Gentlemen,
Theme from Rocky 12 in F Major.",182,33,8,223,643,1051
It's me against the music.,181,35,7,223,643,2402
I only play power ballads.,185,27,11,223,643,2579
"And now, a new and different arrangement of Brahm's Lullaby.",142,24,7,173,643,3167
"Ladies and Gentlemen, this part of the score needs to be punched up a bit.",173,35,6,214,643,703
...but enough silly love songs. Time for some silly glove songs!,174,33,7,214,643,4168
Because this next piece was too easy for me . . .,167,31,7,205,643,743
I feel like my current job is boxing me in.,168,29,8,205,643,3144
"And now, for the main event, the ""Hammerklavier"" Sonata.",166,33,6,205,643,3711
"And now, for my grand finale, Fight of the Bumblebees",165,35,5,205,643,4612
This is just cruel.,194,34,9,237,643,5217
"Does it start...Ba,Ba,Ba,BOOM!",159,31,6,196,643,1378
May I punch out a tune for you?,158,33,5,196,643,4310
Here's the hook.,161,27,8,196,643,4329
I'm thinking outside of the boxing ring.,187,32,9,228,643,987
"Beat me, daddy, eight to the bar!",187,32,9,228,643,4247
"I know — I could’ve been a contender, instead of a piano player .  .  .  which is what I am",184,38,6,228,643,5184
"Tonight's performance will be ""A Little Rocky.",153,27,7,187,643,13
Well the position said it was for a keypunch operator.,154,25,8,187,643,3892
"left jab, right cross, left hook, arpeggio.",151,31,5,187,643,4326
Break a LEG next time,154,25,8,187,643,4462
"And now, Round 3.",178,34,7,219,643,1394
No. I can’t play “Flight of the Bumblebee.”,179,32,8,219,643,2411
let me punch out a few of my hits,170,34,6,210,643,1604
Please ring the bell in the key of E.,167,40,3,210,643,1915
"You said pianoforte, didn’t you?",171,32,7,210,643,5343
Applause is highly encouraged.,166,26,9,201,643,4042
"Thank you so much.  Next, I'd like to play the theme from Rocky.",164,30,7,201,643,5210
I'll punch it out!,156,30,6,192,643,2428
But I'm still training.,157,28,7,192,643,3611
"And now one of my personal favorites, Rocky Balboa's Louie Louie in C minor.",156,30,6,192,643,4776
"And now, the Thrillah in Manillah",182,35,7,224,643,5497
"I shall now play the timeless classic, ‘Moonfight Sonata’’, by the great Sugar Bee Thoven.",156,30,6,192,643,5645
"Actually, it’s a request from Mr. Steinway himself.....",175,33,7,215,643,2604
Any requests for tunes you want me to bang out?,174,35,6,215,643,2836
Imma nockturne you out.,174,35,6,215,643,3420
"I call my next composition,""TKO in A Minor.""",176,31,8,215,643,3651
"For my next number, I will sting like a bee.",151,24,8,183,643,1209
"For the Scriabin, the gloves come off!",170,27,9,206,643,152
Its a tough piece to master.,166,35,5,206,643,1967
Any problem? Meet me outside!,170,27,9,206,643,4627
Bach's...ing gloves,189,30,10,229,643,4537
And now...a little Toughaikovsky.,163,25,9,197,643,2084
My stylist says it helps the nail polish last longer.,159,33,5,197,643,2101
And now for my rendition of  The Boxer,160,31,6,197,643,4422
And now for some improvisational jabs.,158,35,4,197,643,4458
Uppercut in D Minor aka Straight To The Moonlight Sonata,166,19,12,197,643,5670
I am now going to perform a song by Simon and Garfunkel,182,28,10,220,643,3384
"Next, a smashing transcription of The Ring Cycle.",154,27,7,188,643,2790
"No, sorry. 88 Fingers Louie couldn’t make it tonight. I’m 2 Gloves Sal.",152,31,5,188,643,3221
"And now, from the masterful soundtrack of Rocky.",171,34,6,211,643,1917
"For my next piece, ""Great Balls of Fire"" by Jerry Lee Lewis.",173,30,8,211,643,3808
"It would be unethical of me to wager, but Las Vegas has it 3:1 for Prokofiev.",166,28,8,202,643,1177
This next piece is titled Füry Elise.,166,28,8,202,643,1200
This next composition is written to go nine rounds.,163,34,5,202,643,2206
I find this is the safest way to perform the “Nutcracker”,166,28,8,202,643,2491
These are the most ticklish ivories I've ever seen.,165,30,7,202,643,5096
"I ain't no friend of the piano, see?",187,27,11,225,643,2383
"For my next performance, I will be playing the theme from the movie Rocky.",184,33,8,225,643,4831
"This piece of music was written by the late,great Muhammad Ali",155,34,4,193,643,3019
I really like to belt out a song.,157,30,6,193,643,3123
"It’s fortissississimo all the way, all the way!",159,26,8,193,643,3133
"And now “The Boxer,” by Simon and Garfunkel.",175,35,6,216,643,762
"I call this next piece ""Float like a Butterfly, Flight of the Bumblebee.""",177,31,8,216,643,2921
Live at the Apollo Creed,178,29,9,216,643,3091
The next piece was originally performed by Simon and Garfunkel,175,35,6,216,643,3729
"And now, in the key of B flat, the theme from Rocky",170,29,8,207,643,1321
"Well, it's really only my voice they're interested in anyway.",167,35,5,207,643,2574
I will now play Ode to Ali.,182,30,9,221,643,1945
"Believe me, ladies and gentlemen, you will be grateful.",179,36,6,221,643,2952
"My next selection will be ""The Death of the Bumblebee>""",180,34,7,221,643,3760
Let me try that again in G major.,161,31,6,198,643,3772
"Gloves, Maestro, Please ??",165,23,10,198,643,5222
"Now, this piece must be played with a one-two punch.",161,31,6,198,643,5610
Ol' Black and Blue Eyes.,142,28,5,175,643,4468
"Pound it once, Sam. For old times' sake.",171,36,5,212,643,319
Who'd like to hear the opening notes of Beethoven's Fifth again?,175,28,9,212,643,2810
And the beat goes on.,175,28,9,212,643,2999
Thanks... I get Billy Joel a lot!,175,28,9,212,643,3043
"Next I shall play Mozart's Piano Concerto No. 21, K.O. 467",173,32,7,212,643,4067
I'm also a part time nurse.,172,34,6,212,643,5274
You seen me float like a butterfly - now here's my Flight of the Bumblebee.,156,25,8,189,643,198
Ladies and Gentlemen...Let's get ready to rhumbaaaaaaaaa!!!,152,33,4,189,643,2880
The next piece is a punchy rendition of O Holy Night.,156,25,8,189,643,5038
Flight of the bumblebee. Ohooo Kay.,155,27,7,189,643,5698
"Millenials are tone-deaf to high culture, so what does it matter?",188,27,11,226,643,2528
"I will begin with a selection from Beethoven; move to a piece from Chopin, and end with some knockout jazz.",184,35,7,226,643,5014
A brief announcement: I'll not be holding any punches in this next piece.,183,37,6,226,643,5590
"And now, a selection by Beat-hoven.",165,32,6,203,643,1330
"It's the only way to play The Boxer Rebellion Symphony in D Flat.""",165,32,6,203,643,4027
"Next, a medley of hits from a little known Stevie Wonder album, 'Songs in the Key of Strife.'",146,29,5,180,643,919
You should see what I'm wearing below the belt.,176,35,6,217,643,538
I shall now perform Wagner's 'Ring'.,177,33,7,217,643,3206
I told you that I was a pianist not a pugilist!,177,33,7,217,643,3571
"Okay, who wants to hear some Mahler?",180,27,10,217,643,4416
Too much bass?,181,25,11,217,643,4501
I'm a bit out of practice so I'm just gonna roll with the punches.,177,33,7,217,643,4930
"They said if I wanted a raise, the gloves had to come off.",155,36,3,194,643,383
Punching up the performance suddenly felt like a mistake.,160,26,8,194,643,2482
"Hey, it's boxing day!",157,32,5,194,643,3418
"You want me to bang this one out, don't you?",158,30,6,194,643,5385
My teacher said the audience would go wild!,190,32,9,231,643,2317
I only play bareknuckle at dive bars,192,28,11,231,643,3718
"For my next number I'd like to play an extract from the soundtrack for ""Rocky"" called ""One More Round"".",168,35,5,208,643,563
"Next,  I will play Float Like a Butterfly, Sting Like a Bee by Cassius Clay",170,31,7,208,643,2396
I have a request to play the Rocky Theme Song.,170,31,7,208,643,2577
I call it the Boxing Day Concerto.,168,35,5,208,643,5207
This one is a little punchier.”,167,37,4,208,643,5622
I once played this way at the White House. The President said he too played this way - once at Carnegie Hall. He felt he should have received a Grammy for the concert but a liberal conspiracy stole it from him.,152,26,7,185,643,765
I don’t use the pedal.,180,36,6,222,643,2732
Liberace's Nightmare,192,37,7,236,643,3640
"See dad where  ""pounding the keys"" got me!",161,33,5,199,643,861
Do-Re-Mi-Jab-Cross-Hook,162,31,6,199,643,1959
Are we sure a Rocky and the Piano crossover movie is going to work?,162,31,6,199,643,2630
I'm going to give this baby a pounding.,173,34,6,213,643,323
I'm prepared to knock you out if you ask me to play 'Piano Man' one more time...,171,38,4,213,643,616
"And in this corner, coming in at 5'10"" and 155 pounds, his C major will bring you off your seat, the pianist from Vienna...",173,34,6,213,643,1629
I will now play the 'Flight of the Rumble Bee'.,174,32,7,213,643,2143
Sorry.  I only play Bartok.,176,28,9,213,643,3825
"For my encore, I have been requested to take off my gloves and play ""The Theme from Rocky""",153,33,4,190,643,3615
My next piece is a jab-jab-cross in 3/4 time,156,27,7,190,643,4319
"As a matter of fact, I was somewhat suspicious when my manager referred to this gig as ""undercard.""",166,32,6,204,643,93
This evening I will only play octaves,165,34,5,204,643,912
This one has a very catchy hook”,166,32,6,204,643,988
"And in this corner, our returning, dueling piano champion",164,36,4,204,643,2217
The next concerto is twelve 3-minute movements with 2 minutes of rest between movements.,167,30,7,204,643,2622
Any requests APART from Flight of the Bumblebee?,167,30,7,204,643,3673
Sure. I'm a concert pianist; but I like to punch out a little jazz on the ivories just as much as the next guy!,164,36,4,204,643,4233
This next piece is called ‘Bopsticks.’,168,28,8,204,643,4598
"When they called him the Muhammad Ali of piano, I didn’t think it was so literal.",164,36,4,204,643,5249
"¨As humans, this is the closest we can get to Thelonious¨",168,28,8,204,643,5595
For those who say my playing is too sensitive...,178,33,7,218,643,4601
And for the next song from my new boxed set . . .,177,35,6,218,643,4785
"And now ""Mama Said Knock You Out"" in G minor.",182,25,11,218,643,4837
Really? I thought this was how Thelonious Monk got his sound.,191,32,9,232,643,4202
"You'd wear boxing gloves too, if you slammed your hands in a Grand Piano.",187,40,5,232,643,5163
"And now ""The Boxing Blues""",189,36,7,232,643,5339
"For my next selection, I would like to play ""Fight of the Bumblebee.""",161,26,8,195,643,1521
"And in keeping with tonight's authentic concert series,  here's an old Simon and Garfunkel hit...""The Boxer..""",161,26,8,195,643,1877
"Alright, who called me a ""pee-anus""?",162,24,9,195,643,3826
Ooooooh.... you meant Bach's piano music?,159,30,6,195,643,4296
"I need a new manager.""",160,28,7,195,643,4866
I'll just roll with the punches.,170,33,6,209,643,497
I'd now like to play Everlast Love.,172,29,8,209,643,1095
He composed his first concerto when he was six months old.,175,23,11,209,643,2749
Yes...and Richter and Monet destroyed some of their works of art. So what's your point,172,29,8,209,643,4236
"In my next piece ... I will float like the ""Butterfly"", sing like a bee.",171,31,7,209,643,5499
"Yo, maestro!",182,34,7,223,643,2640
"This next piece is entitled “float like a butterfly, sting like a Beethoven”",183,32,8,223,643,3513
"Once again, Henry was faced with the question: was he a lover, or a fighter?",180,38,5,223,643,3633
Now I know how the Democrats feel!,182,34,7,223,643,3743
No refunds,189,45,3,237,643,1508
"And now a piece by our esteemed conductor, Michael Tyson Thomas.",152,28,6,186,643,2817
"And now, here to play the theme song from ""Rocky""...",164,29,7,200,643,554
"Ladies and gentlemen, may I suggest we prepare ourselves to rumble?",162,33,5,200,643,2129
"Float like a butterfly, fly like a bumblebee.",164,29,7,200,643,2936
"For my final piece this evening, I will be performing Beethoven's Piano Concerto No.5, his 'Emperor,' this time moving away from the sweat style of Sugar Ray Leonard to the awe inspiring stamina and knockout artistry of Rocky Marciano.",174,34,6,214,643,442
This sonata has a punchy finish.,176,30,8,214,643,1101
"And now, Ladies and Gentlemen, a work by J.S. Box.",176,30,8,214,643,2465
"And now, my rendition of, ""The Thrilla in Manilla.""",174,34,6,214,643,2651
"Thank you, thank you. Now for an encore, I will play Autumn Leaves with my wrists handcuffed behind my back.",174,34,6,214,643,4664
"And, after sparing  a little with my friend Mozart , it's now time to take off the gloves and duke it out with one Sergei Rachmaninoff.",186,35,7,228,643,750
Why are the keys so tightly spaced?,189,29,10,228,643,4119
I hope you like my version of a song made famous by Simon & Garfunkel.,154,33,4,191,643,293
"And now, an old Simon & Garfunkel favorite ...",167,32,6,205,643,3354
This tender number is about to become more tender.,169,28,8,205,643,5219
"For my encore,I wish to play the beloved piano solo,Chopin's ""SP'ZJMVPOIALKNCV38XSLAEADSNZKSX.""",181,29,9,219,643,5406
Tonight my concerto for the left hook.,190,36,7,233,643,4524
This is the part where we all sing together,192,32,9,233,643,5112
And then I wrote “Sonata to a Left Uppercut .”,184,32,8,224,643,496
It's by Khachaturian.,172,31,7,210,643,1754
Yo Adrian!!!! This one's for you.,162,26,8,196,643,2187
"So you see, it's easy to hit the right note.",182,36,6,224,643,3020
This next number is from Ali's 'The Ring Cycle'.,173,29,8,210,643,3230
"And for my encore, I'll be playing the finale to ""The 1812 Overture"".",162,26,8,196,643,4051
"That tune was from my new album, ‘Mozart on Meth!’",147,31,4,182,643,5036
I will now play Beethoven's 3rd Symphony in the key of TKO,171,33,6,210,643,5439
I'll pound out your favorite for a small fee.,187,35,7,229,643,114
Beats me.,189,31,9,229,643,5457
I'm sorry...did you say you have a request?,176,32,7,215,643,979
"Next, a punchy little tune that will ring your bell.",175,34,6,215,643,2916
You Beat Me to the Punch by The Temptations in C major seventh.,164,31,6,201,643,1795
"Float like a butterfly, sting like a Beethoven.",163,33,5,201,643,1838
"And now, Michael Tyson's piano concerto number one in D minor...",164,31,6,201,643,3630
"For my next composition, ""The ill-tempered clavicle""",166,27,8,201,643,5091
Next up: Mozart and Salieri's piano concerto collaboration,166,27,8,201,643,5519
This is how I played Rachmaninov's 2nd when I fooled Penn and Teller.,192,34,8,234,643,71
And now a piece by TKOkovsky,179,35,6,220,643,587
"Oh, the other Rachy?",179,35,6,220,643,1598
Let me punch out a few bars for you.,181,31,8,220,643,3537
"Ladies and gentlemen, a punchy little melody...",167,34,5,206,643,2521
This Baby has been fighting me ever since I was five years old.,169,30,7,206,643,3506
I will now play the famous tune called Drumsticks.,170,28,8,206,643,3949
This number I call “Sting like a bee.”,168,32,6,206,643,4353
"While I'm confident this will relieve some of the violence of the Rachmaninoff, I fear something essential may be lost.",156,31,5,192,643,4535
"For my finale I will play a new composition titled ""Float like a butterfly, sting like a bee.""",145,28,5,178,643,5375
"Play it again, but this time make it punchier!",205,42,6,253,643,5089
"And now, the impossible: Chopstix!",199,29,11,239,643,4969
"What do you mean, ""tickle the ivories?""",182,38,5,225,643,344
I'm still fighting my fear of  learning to play the piano,185,32,8,225,643,4087
How about “Flight of the Elephant”?,187,28,10,225,643,4392
"And in the red corner, weighing in at 165 pounds, hailing from St Petersburg, Russia... Dmitri Shostakovich!""",187,28,10,225,643,5085
Bare-knuckle piano playing is for savages.,174,29,8,211,643,333
"As my first selection, I now give you ""Chopsticks.""",172,33,6,211,643,1898
"Mom, I'm having that bad dream again where they announce I'll be playing, 'Fight Of The Bumblebee.'",171,35,5,211,643,3170
And now for my rendition of Fight of the Bumblebee.,177,23,11,211,643,3833
Fortissimo?  Fortissimo is for lightweights!,173,31,7,211,643,4553
You should see the other guy!,161,30,6,197,643,54
My next piece is Fight of the Bumblebee.,163,26,8,197,643,893
For those of you who doubt that the original name of this instrument was the pianoforte...,161,30,6,197,643,1245
"Tonight, on America's Got Talent, Thumbs Noodleman will punch out some Beethoven.",161,30,6,197,643,1825
Isn't this a dueling piano bar?,162,28,7,197,643,5380
His playing was a bit Rocky...,162,28,7,197,643,5577
"And now I'd like to play for you Paul Simon's ""The Boxer"".",147,33,3,183,643,238
"Next is my original composition, Rocky Balboa Suite.",188,35,7,230,643,347
"Not without the secret fingerholes, I can't!",194,23,13,230,643,1919
Leeeeet's get ready to rhuuuuuumba!,188,35,7,230,643,2486
Let's get ready to r-u-u-u-u-u-mba!,174,38,4,216,643,1938
"And now, Johanna Sebastian Box’s  One and Only Sonata in B-flat",178,30,8,216,643,4460
"Piano? Why, no, I'd never lay a glove on it.",164,33,5,202,643,3263
"The gods had condemned Sisyphus to ceaselessly rolling a rock to the top of a mountain, whence the stone would fall back of its own weight. They had thought with some reason that there is no more dreadful punishment than futile and hopeless labor.",169,23,10,202,643,4516
"You should see him play the flute,  amazing",168,25,9,202,643,5188
My next piece is the theme from the 'Rocky' movies.,155,26,7,188,643,407
This next one's got a hook that'll knock you out.,192,36,7,235,643,2920
"And now, Box Prelude in F.",156,24,8,188,643,4820
This piece is known for its uppercutsio.,183,29,9,221,643,132
"Bring up your instruments, I’ll take them all on",182,31,8,221,643,645
"Believe me, this is for your own good.",181,33,7,221,643,1002
"I’m classically trained, but learning jazz.",182,31,8,221,643,1563
I swear coach told me this was the right Gymnopédie!,183,29,9,221,643,1808
"In the clearing stands a boxer, and a fighter by his trade...li la li",178,39,4,221,643,2849
"My next number, is the lost classic ""Gorilla on the Keys'.",181,33,7,221,643,2877
This next song is a real knockout.,143,25,6,174,643,3352
This is going to take your breath away!,168,34,5,207,643,679
The New Yorkers calls me a heavyweight,171,28,8,207,643,2414
This next piece is from the opera 'Bin Nacht aut'.,169,32,6,207,643,4323
"...and in this corner, we have C#.",174,22,11,207,643,5104
"This next piece is something I like to call ""Dueling Piano.""",196,37,7,240,643,194
"Anyone else object to ""Surrey with the Fringe on Top""",199,31,10,240,643,5520
Sure I take requests - as long as its 'Chopsticks',156,33,4,193,643,5527
This next piece is in two-fists time.,184,36,6,226,643,3587
It’s light on notes.,184,36,6,226,643,5123
"For tonight's main event, I will perform for you 'Chopsticks'""",177,25,10,212,643,353
...and now a selection from my new boxed set of CDs,172,35,5,212,643,1059
"Bored silly by my insane virtuosity, I’ve taken up concert pugilism.",175,29,8,212,643,2172
"Next is a selection from the Ring Cycle, sung as a round.",173,33,6,212,643,2410
I've always considered Schubert a challenge.,173,33,6,212,643,3026
"And now, Bach's Concerto in C # or B ♭.",173,33,6,212,643,3447
"Oh excuse me! These are real ivory, and you paid a $3 cover.",176,27,9,212,643,4650
Geoffrey could think of only one way to honor Ali.,173,33,6,212,643,5376
"Now, Beethoven's Fifth in the 3rd.",161,32,5,198,643,390
"Somewhat shatters the illusion, don't you think?",165,24,9,198,643,2225
"Pound for pound,  the number one pianist in the world.",180,28,9,217,643,868
"Next I'll be performing Dance Like a Butterfly, Sting Like the Flight of the Bumblebee.",183,22,12,217,643,1702
"Oh, you wanted something by the Bachs?",177,34,6,217,643,3280
"Thank you, ladies and gentlemen. Next, in our tribute to Hollywood, I'm going to knock out 'Gonna Fly Now', the rousing theme song of the 'Rocky' movies.",151,27,6,184,643,4879
This piece is dedicated to Muhammad Ali.,195,32,9,236,643,1837
This is my only way to knock out fifty songs a night.,195,32,9,236,643,5480
This song goes out to my father.,168,27,8,203,643,367
"I am just a poor boy 
Though my story's seldom told ...""",168,27,8,203,643,1037
It's the Punch and Judy show......But Judy didn't show.....,167,29,7,203,643,2994
Ten rounds with Mike Tyson in D flat,166,31,6,203,643,3252
You did say that you would box my recordings for Christmas!,165,33,5,203,643,3432
When you apply for the wrong job and still get,168,27,8,203,643,3567
I thought this was a dueling pianos bar.,182,33,7,222,643,4754
"Ladies and gentleman, my psychiatrist says I have to stop tickling the ivories.",180,37,5,222,643,5412
This piece will be played in fortissimo.,152,34,3,189,643,2963
The next tune is a round.,153,32,4,189,643,3643
"And now, before I take off my gloves, let me show you my Rachmaninoff.",169,34,5,208,643,854
"And now, 'Coup de Lune' by Cassius Claude Debussy.",176,20,12,208,643,4204
They said my Beethoven last night was everything but passionate.,170,32,6,208,643,5403
"And now, 'Mars the Bringer of War' by Gustav Holst.",186,34,7,227,643,1934
I’m sorry; all I can play is Simon & Garfunkel’s “The Bóxer.,159,29,6,194,643,1161
"Ladies and Gentlemen, I am not going to tickle the ivories; I am going to clobber the Bosendorfer.""  This is Beethoven's ""Moonlight Sonata"" without the moonlight",157,33,4,194,643,1931
"Ladies & Gents, pardon my candor, but whoever leaves their cell phone on is gonna get slugged.",156,35,3,194,643,2149
I punched up the composition a little.,157,33,4,194,643,2527
"Huh, she was right. These gloves don’t go well with the suit after all.",176,29,8,213,643,1030
"The day after Christmas, Harold was obviously confused.",164,28,7,199,643,349
"Float like a butterfly, sting like a bee. California can hear my fortissimo from Carnegie.",162,32,5,199,643,550
Was that Box or Bach ?,165,26,8,199,643,1358
"I had some minor injuries, but now I'm Bach and better than ever",168,20,11,199,643,3596
"You will hear a combination of the 1812 Overture, and the Nutcracker Suite........",152,27,6,185,643,1990
"I shall now attempt to play Box Prelude in C Major""",152,27,6,185,643,4366
These are perfect for BACHsing!,151,29,5,185,643,4893
"The tuner..., where is the tuner? This piano needs to be tuned, right away",167,31,6,204,643,766
Who requested Wagner’s Ring Cycle?,168,29,7,204,643,865
"To prove that I hold no grudges, the next complicated piece is in honor of the critic who recently wrote about me that, ‘He plays the piano with fingers permanently wrapped in bandages ensconced in boxing gloves.’’’",167,31,6,204,643,3022
"I didn't want to be handled with kid-gloves,but, this is ludicrous.",182,35,6,223,643,354
This next piece will knock your socks off.,155,30,5,190,643,359
"Preparing to play ""The Boxer""",186,36,6,228,643,601
Let's see you demand 'Free Bird' now.,169,36,4,209,643,1453
Dun Dun Dun Dun!,169,36,4,209,643,3086
And now my Rocky overture,173,28,8,209,643,3634
And now I shall play the Flyweight of the Bumblebee.,190,28,10,228,643,4050
"And next, I'll play cxlaeirr dfee lyunme.",173,28,8,209,643,5596
"He's pretty good, but he always goes down during the Fifth.""",190,37,6,233,643,1744
which one of my arts have you come to see?,178,27,9,214,643,436
"Sorry, I can't perform tonight, this piano is out of tune.",174,35,5,214,643,3092
"...and now,the Rocky Sonata",175,33,6,214,643,3240
Could I get my cut man up here for this next piece?,179,25,10,214,643,3667
"Next, ""Fright of the Bumblebee"".",162,25,8,195,643,552
"Final Fight Scene from Rocky III, in B Flat""",164,21,10,195,643,2020
"And now for my next number, the Tyson Concerto in A Minor",160,29,6,195,643,3258
"This next number is a heavyweight with an uppercut in D minor Frank Buckley Andover, MA",197,32,9,238,643,453
And now to play the same song softly.,179,34,6,219,643,317
"I am just a poor boy
Though my story's seldom told
I have squandered my resistance
For a pocket full of mumbles, such are promises
All lies and jests
Still a man hears what he wants to hear
And disregards the rest...",180,32,7,219,643,1667
I'll knock out the other finalists !,181,30,8,219,643,2275
It's time to get in the ring...cycle.,165,28,7,200,643,489
I'm terrible with chopsticks.,163,32,5,200,643,1216
I told the Times critic I would knock the hell out of that Rachmaninoff concerto!,164,30,6,200,643,1518
Who said I'm all thumbs?,165,28,7,200,643,2147
It’s the theme from “Rocky.”,183,35,6,224,643,901
"I doubt that my challenger, Mr. Cage, could last four minutes and thirty-two seconds, let alone thirty-three...",184,33,7,224,643,2156
I'd like to dedicate this next song to Simon and Garfunkel.,168,31,6,205,643,287
"And now, my latest composition, 'Glissando Waltz'.",166,35,4,205,643,1166
And so to start of my Boxing Day concert...,170,27,8,205,643,3693
"And now, Prokofiev's piano concerto no. 5, written in one-two, one-two.",168,31,6,205,643,4946
Helps keep the beat.,153,27,6,186,643,363
Another round?  Harmony or counterpoint?,154,25,7,186,643,963
We're trying for a new demographic,151,31,4,186,643,2601
"And now, something guaranteed to make you let down your guard.",185,40,4,229,643,216
"Next, I shall play a new edition of John Cage's 4'33""....",192,26,11,229,643,2820
Now for the Flight of the Bumblebees in Colony Collapse.,174,28,8,210,643,1309
"And now, Boxer Concerto No. IV, in G minor.",172,32,6,210,643,3122
"Well, you said to punch it up a bit.""",154,34,3,191,643,151
The odds are 50 to one that I can't knock this baby out.,155,32,4,191,643,1163
Then your four-year-old must be a musical prodigy.,161,20,10,191,643,2458
And now for some Rachmaninov.,197,25,12,234,643,2301
"And now I will bang out my number, 'Love is a battlefield.'",178,29,8,215,643,422
"This is not, what I had in mind for dueling pianos !",176,33,6,215,643,4787
And next I'll be playing my interpretation of 'The Boxer'.,157,37,2,196,643,510
"And now for a little number called ""Punch Drunk"".",158,35,3,196,643,3041
Wouldn't want to tickle the ivories.,162,27,7,196,643,4345
This next piece is originally by Tyson.,182,30,8,220,643,4862
"What I said was ""with one hand tied behind my back""!",163,34,4,201,643,1269
I just can't fight this feeling anymore.,165,30,6,201,643,4009
"I'll just be pounding out a few jabs for you, until the main event tonight.",163,34,4,201,643,4053
"As you probably guessed, the next piece is the soundtrack from ""Rocky.""",167,26,8,201,643,4057
Now we present...Punch de Rhythm in C Minor,164,32,5,201,643,4221
Would someone in the audience lend me a hand or two?,160,40,1,201,643,4441
"Now, from the original score, ‘The Boxer’.",164,32,5,201,643,4796
And now the mitt fit concerto world premiere,185,33,7,225,643,2956
I guarantee this next one will knock your socks off.,148,30,4,182,643,4915
"Thank you.  My next piece is ""Piano as Percussion Instrument in 3 Rounds - TOPS!""",171,27,8,206,643,726
"And now, ""Mitten on the Keys.""",173,23,10,206,643,1395
"My next tune, The Boxer.",166,37,3,206,643,2775
"CHOPSTICKS?
THAT'S YOUR REQUEST?
CHOPSTICKS!",169,31,6,206,643,3006
I bite my nails before I play and these help me to stop.,169,31,6,206,643,3059
I would like to welcome everyone to the Muhammad Ali Memorial Concert...,168,33,5,206,643,4100
"I'd like to thank my mom for this next song, titled ""Stop Itching Your Poison Ivy.""",189,34,7,230,643,4757
For the boxed set.,191,30,9,230,643,5589
Mid-career transitions are always difficult - but this one has been especially so for me.,153,29,5,187,643,943
Life of an artist is a constant battle,151,33,3,187,643,4658
"And now, the unfinished symphony!",175,28,8,211,643,298
I've been asked to tone it down.,174,30,7,211,643,994
"I could write something clever, but the New Yorker wouldn't get it.",178,22,11,211,643,2119
They're so I don't bite my nails.,174,30,7,211,643,3487
"I give you, the Ali Conceto.",173,41,2,216,643,3148
Applaud or I'll punch you in the nose.,154,36,2,192,643,4479
You said to ‘make it punchier.’,202,35,8,245,643,4904
This next part I call the Mike Tyson finale.,180,36,5,221,643,2315
I intend to knock out this song in very short measure.,162,29,6,197,643,5661
"This next selection is entitled ""The Terrible Twos.""",185,35,6,226,643,1292
Rachmaninov is merciless. So am I.,166,30,6,202,643,2981
Now I will perform Rocky Balboa's Ringside rhapsody in g-flat minor.,170,31,6,207,643,723
It's safe to remove your ear plugs.,172,27,8,207,643,953
I wish my brother Ali were here...,171,29,7,207,643,3830
"I shall now play ""Knockout!"" by the late John Cage.",172,27,8,207,643,3971
its the beat,194,35,7,236,643,658
This may only be a baby grand but it packs a powerful punch.,175,30,7,212,643,900
"I'm more of a ""tackle the ivories"" kind of guy",174,32,6,212,643,1199
"If you will,a Rachmaninoff/Ali variation: Float like a butterfly,sting like a bumblebee.",174,32,6,212,643,1254
...and now I'd like to play a selection from the concerto for piano and boxing gloves in the key of whatever.,174,32,6,212,643,2484
And now: Box Fugue in D Major.,175,30,7,212,643,2538
"What? I'm just preparing for the end 
of Tchaikovsky's 1812 overture.",174,32,6,212,643,3407
"Hit it, Maestro! I’m ready to pound those keys!",171,38,3,212,643,4118
"Sorry, was I a little flat?",153,31,4,188,643,3797
"And now a song from the movie, Raging Bull .",152,33,3,188,643,4280
When was this piano tuned?,181,27,9,217,643,1342
At this point in the program I get quite punchy.,180,29,8,217,643,2945
My next number will be a Palooka  composition.,155,36,2,193,643,842
This piano murdered my father.,160,26,7,193,643,982
"And now, another of Box cantatas...",162,22,9,193,643,3356
I am really going to knock this one out!,156,34,3,193,643,3489
"l""My piano style is to float like a butterfly and sting like Ali.""",182,34,6,222,643,218
And now for the staccato portion...,182,34,6,222,643,1626
It's cutting edge in Post-Modern music.,186,26,10,222,643,4082
...and in..3..2..1!,163,29,6,198,643,1391
"If you don’t like how I’m playing, come up here so we can discuss it!",163,29,6,198,643,2078
"For my next tune, similar to the first, a bunch of noise produced from banging on the keys.",163,29,6,198,643,2140
I will just punch out a few tunes  for you,161,33,4,198,643,2678
"And now, the grand finale: Chopsticks.",164,27,7,198,643,4784
‘I used to be a contenda’,162,31,5,198,643,5243
"Tonight I will  be performing ""Eye of the Tiger"" in D# Major",185,37,5,227,643,2197
You bet I know the ‘Notre Dame Fight Song’!,166,32,5,203,643,457
"For my next piece, ""Rocky"" in D minor.",166,32,5,203,643,1513
"My opponent has been talking trash about my glissandos, but his crescendos are pathetic.",167,30,6,203,643,4974
They give my pianissimos a pugilistic touch.,199,27,11,237,643,1151
"And now I give you “Für Alise,” by Stings-Like-A-Beethoven.",194,37,6,237,643,5287
"And in this corner, The Challenger, Rachmaninoff Concerto No. 3--AREYOU READYTORUMBOOOOOOOOOOOL?",172,29,7,208,643,366
And now my interpretation of baby Mozart.,171,31,6,208,643,455
"Don't worry ladies and gentlemen, I'm just the undercard.",172,29,7,208,643,1061
"Adrian, my music.",173,27,8,208,643,1072
Symphony in flat accidentals!,171,31,6,208,643,2183
"Is it cold in here, or is it just me?",169,35,4,208,643,2745
And this next song is really a knockout....,172,29,7,208,643,4084
And now I will play something soft yet powerful.,171,31,6,208,643,5064
"...but he said, dualing pianos?!",180,22,11,213,643,2064
I am also a great lover.,175,32,6,213,643,3535
"This way, I can play more notes at once.",175,32,6,213,643,4142
At measure 40 it's a real knockout.,179,33,6,218,643,2590
And now I'd like to play you a punchy little tune.,156,27,6,189,643,3593
"And now, the Rocky theme song.",187,26,10,223,643,1779
Now for a rendition of that Simon and Garfunkle classic 'The Boxer',160,28,6,194,643,280
"Theme song from ""Rocky""? Sorry, I don't know that one. Any other requests?",158,32,4,194,643,531
I thought the point was to create as much dissonance as possible?,159,30,5,194,643,2364
"I will now play the Overture to ""The Boxer's Tale.""",163,22,9,194,643,2845
Let’s get ready to rrrumble!,189,31,8,228,643,1344
Pugilist or Pianist? You decide.,188,33,7,228,643,4069
"I can still do ""Chop Sticks""",166,25,8,199,643,961
I will now play Box Toccata and Fugue,164,29,6,199,643,1109
But I don't know 'Rhapsody in Black and Blue!',161,35,3,199,643,1671
You think it's easy to play this way ?,164,29,6,199,643,3746
This next piece should be a knockout in the 7th.,192,34,7,233,643,112
"Music Therapy ""Bring to mind the image of your music teacher and proceed to pound.""",196,26,11,233,643,5563
Next piece is for the Poughkeepsie “his Beethoven lacked punch” Times-Herald.,169,28,7,204,643,1610
Next I will preform a piece composed by Rocky Balboa.,140,25,5,170,643,1631
"Ladies and Gentlemen, for my encore I will play a real smash hit!",169,28,7,204,643,4148
"And now I'd like to play a little number called, ""Punching the Ivories.""",171,24,9,204,643,4172
"""Yes, I can play the theme for Rocky.""",175,25,9,209,643,70
It's called 'No place to Haydn'.,172,31,6,209,643,5373
"This next piece is ""Etude in B-flat"" by Joe Lewis.",179,26,9,214,643,761
"It's ok, I'm the undercard.",176,32,6,214,643,1083
L-l-l-l-l-let's get ready to Rachmaninof-f-f-f-f!!!,178,28,8,214,643,2476
This piece will knock your socks off.,175,34,5,214,643,3260
The forte begins when the gloves come off!,176,32,6,214,643,5024
Why is my first request song  always: 'Tenderly' ?,152,19,9,180,643,1680
These ivories seem to be extra ticklish!,180,33,6,219,643,335
"Next, my version of Nancy Pelosi's budget blues.",179,35,5,219,643,3424
"And for my next number, the theme from ""Raging Bull.",180,33,6,219,643,3561
political correctness my ass. This piece can’t be handled with kid’s gloves,181,31,7,219,643,4731
"And now my latest composition, which I call ‘Ten Rounds of Agony.’",151,30,4,185,643,5037
Nobody would ask Bobby Short to do this.,155,22,8,185,643,5212
I have a request from Agnes for a punchy tune,183,36,5,224,643,3897
I hope you like Bach's music.,185,32,7,224,643,4189
Anybody else want to throw out a request?,156,29,5,190,643,170
I'm going to play Mozart's all thumbs sonata in E major.,157,27,6,190,643,837
The concert was a knockout,156,29,5,190,643,2467
My final encore: our college fight song,155,31,4,190,643,2681
To consider this next song to be my biggest hit is a bit of an understatement.”,156,29,5,190,643,2700
I’ve been known to bang out those oldies but goodies!,153,35,2,190,643,4224
"Sorry, doctor's orders to stop biting my nails.""",155,31,4,190,643,4852
I think I came to the wrong auditorium.,159,32,4,195,643,2693
"Any other beatboxers in the audience, tonight?",161,28,6,195,643,4299
I'm taking an eight count.,165,29,6,200,643,1978
"I call this one ""Back Home in Palookaville""",165,29,6,200,643,3025
I will now play a Branding Burger by Bach-Sing-Gloves,167,25,8,200,643,5679
No worries...there only two keys,169,30,6,205,643,527
I’m actually a featherweight according to this scale.,169,30,6,205,643,1398
"And now, my very own, Raging Bull Concerto in B-flat major.",169,30,6,205,643,3150
Now I shall play “Float Like A Butterfly and Flight of the Bumblebee”.,171,26,8,205,643,4518
I get punchy before a performance.,174,29,7,210,643,1690
"And now I'll go a few rounds with ""Chopsticks.""",171,35,4,210,643,4788
I can knockout this Steinway in three notes....,180,26,9,215,643,2057
This is a little something George Forman wrote when he was a bit woozy after a bout.,179,28,8,215,643,2720
"I,ll knock one out to you",180,26,9,215,643,5344
"Next up is Rachmaninoff’s little known submission for the ""Theme from Rocky""",183,29,8,220,643,637
I thought it should sound more bombastic.,182,31,7,220,643,3680
"Despite claims that I'm punching above my weight,I will now attempt to knock out some Chopin.",185,34,6,225,643,916
This is gonna get nuts real fast.,187,30,8,225,643,4932
It’s last call and I got a request for Nickelback. You kinda just have to roll with the punches.,149,27,5,181,643,5281
It's not time to take the gloves off.,189,35,6,230,643,1755
ARE...YOU...READY...TO...RRRUMBLE?!?,151,32,3,186,643,5138
It's my new brand. The critics say I play like I'm wearing boxing gloves.,194,34,7,235,643,4991
Here’s my rendition of “Heart and Soul.”,158,27,6,191,643,305
"And now I'd like to play the theme from""Rocky """,158,27,6,191,643,1803
"When I told you to order any gloves with Prime shipping, I did not mean ANY gloves.",159,25,7,191,643,2230
My next piece is “Punchinello” in B flat.,158,27,6,191,643,5139
"I will now play the theme song and other songs from 'Rocky'""",161,30,5,196,643,155
I’m a Bachser by trade.,202,36,7,245,643,261
What? A TKO? But we're only in the first rondo!,163,26,7,196,643,2791
This next event will consist of ten three-minute rounds.,161,30,5,196,643,3179
Oh! Not the fight of the bumblebee?,164,24,8,196,643,3789
Please Ma.  I'll never play with myself again.,161,30,5,196,643,4928
My next piece is Opus No. 19. by Mayweather.,166,29,6,201,643,3135
And now my ode to Rocky… mononinoff.,168,25,8,201,643,3138
The pugilist in me will now pound out a familiar martial score.,169,32,5,206,643,120
"The secret is ""mind over matter"".",169,32,5,206,643,1354
It's called 'The Sting of the Bumble Bee.',171,28,7,206,643,1819
"And now, the 1812 Overture....",170,30,6,206,643,1820
"And now, the Maxie Rosenbloom Variations!",170,30,6,206,643,2286
"And now, ""The Well-Tempered Clavier,"" by Johann Sebastian Box.",174,22,10,206,643,3437
"My dad wanted me to be a boxer and my mom wanted me to be a pianist. Please enjoy this next song, 'Gonna Fly Now'.",169,32,5,206,643,4822
This rendition calls for a soft touch.,171,37,3,211,643,3475
He’ll be out by the 10th bar.,173,33,5,211,643,3872
"This may look a bit bizarre ladies and gentlemen, but somehow I have misplaced my hockey stick.",176,27,8,211,643,4354
And we'll conclude the evening with a knock out medley from the  Lord of the Rings soundtrack.,181,26,9,216,643,2261
This next piece is in key KO sharp,178,32,6,216,643,2581
The Third Contender Sonata by R. Balboa,178,32,6,216,643,2990
Now let's hear you say my music has no beat,175,38,3,216,643,5362
This is a new piece I call pianissimo,188,30,8,226,643,2875
Lay em out again Sam.,153,21,8,182,643,1411
"The composer was also briefly the bantamweight champion of the world, 1936.",154,19,9,182,643,1689
Must be how Trump attempts to play pianissimo,154,19,9,182,643,2858
Can I start again?,149,29,4,182,643,3923
"And now, Rocky's Fifth Symphony in Creed major.""",155,26,6,187,643,595
"And now, the Marquess of Queensbury Symphony.",158,29,5,192,643,814
Are you sure Billy Joel started  this way?,160,25,7,192,643,984
I will now preform Sting of the Bumblebee,160,25,7,192,643,2742
"The  Copacabana presents,
 “An Evening with Mike Tyson”",162,21,9,192,643,4630
"In the lobby after the show, I'll be selling my box set.",164,26,7,197,643,31
We start on the downbeat after a standing 8 count.,163,28,6,197,643,654
Improvisation is the key.,165,33,4,202,643,518
"So, we will now perform THE PASTORAL SYMPHONY by Beethoven   I am debuting a new interpretation of the storm.",168,27,7,202,643,2161
"I know, I know it's disappointing. Yet here in this golden Trump Hotel DC I feel strangely moved to present my own version of A Boxer's Rebellion.",165,33,4,202,643,2922
"Our first piece tonight is ""Vivaldi's K.O. in the First Round.""",170,32,5,207,643,3110
This next piece was written and recorded by Muhammad Ali,170,32,5,207,643,4185
Now a surprise treat -- a little composition I wrote as a ham-fisted beginner.,169,34,4,207,643,5654
My next selection is ‘Slopsticks.’,179,23,10,212,643,1507
"Next is 'Ode to Mohammed Ali, Opus 1'",175,31,6,212,643,1664
It took me a while to get the right hook.,172,37,3,212,643,2525
"Now my own original piece, 'Bach's Gloves'",177,27,8,212,643,5282
Did I win?,174,33,5,212,643,5703
This is what happens when you tickle the wrong ivories.,178,34,5,217,643,1024
"Our next number will be a three minute score
titled - Pound of flesh.",178,34,5,217,643,2177
What key is this in?,179,32,6,217,643,2395
I'm now going to play Beethoven's Fist Symphony followed by a Bop cantata.,180,30,7,217,643,3767
"And now i will perform, the one note samba",178,34,5,217,643,5450
And now Ladies and Gentlemen Beethoven's two fisted symphony in a left and a right and a...,184,31,7,222,643,1029
"This is the best way to play ""Louie, Louie"".",184,31,7,222,643,3406
'Toccata and fugue in g minor' by J.S. Box.,183,33,6,222,643,4586
I wrote it in the Boxa Nova genre,185,29,8,222,643,4694
It's just a forte when I play,188,32,7,227,643,4742
"This next one goes out to my good friend, 'Sly"" Stallone!",195,36,6,237,643,4868
For my encore I will now play “Left hook in G-minor.”,198,39,5,242,643,1299
"And now ladies and gentlemen -
Let’s get ready to Rumble!!!!",152,25,6,183,643,2215
My manager thinks I need something to fall back on.,149,31,3,183,643,3703
"Heckle me one more time and I swear you're going to be the one ""off key"".",163,21,9,193,643,1994
Here's my fortissimo crescendo without breaking a mano.,158,31,4,193,643,2130
first few notes of beethoven’s fifth is my favorite.,160,27,6,193,643,3723
This is how I warm up.,156,35,2,193,643,4845
"And now, the theme from ""Jaws"".",163,30,5,198,643,428
And now Rocky Maninoff’s Suite in 12 Rounds,166,24,8,198,643,840
I will now play some of Beethoven's VERY early works.,165,26,7,198,643,3963
"Okay,so I lost the bet. But,for God's sake,I'm a piano player!",170,25,8,203,643,693
And now I shall perform Etude to Discovering the Piano by a Three-Year-Old.,168,29,6,203,643,1547
"And now, I'll play a selection of Muhammad Ali's hits.",171,23,9,203,643,2496
I will now perform Trump's Minuet in F flat minor.,171,23,9,203,643,3237
"I, too, don't understand this gig.",174,26,8,208,643,225
"This sonata is all about nimble finger work, and a good left hook.",173,28,7,208,643,780
"Next, I'll be playing ""Great Balls of Fire """,171,32,5,208,643,3909
Up next: Box Concerto in D Minor.,175,33,5,213,643,1429
Did I hear a request for “Chopsticks”?,176,31,6,213,643,2487
Are you ready to rumba?,177,29,7,213,643,2576
"The owners of this establishment have asked me to wear these during ""Candle in the Wind"" because I can't help touching myself.",179,25,9,213,643,3343
Next I will perform for you one of the lesser known piano compositions by the legendary John Cage.,178,27,8,213,643,3431
"I will now play 'Braggadocio,' an etude of my own composition.'",175,33,5,213,643,5562
I'm going to pound out my next selection.,178,36,4,218,643,172
And now I will play some chin music for you.,181,30,7,218,643,3612
"On second thought, my next piece is much better suited for a cappella.",181,30,7,218,643,4382
I call this 'Chopsticks'.,185,22,11,218,643,4404
"And now for my next number, “Can’t Fight This Feeling.”",178,36,4,218,643,5321
"This piece is to be played ""buone percosse"", which means ""with a good beating"".",180,32,6,218,643,5501
Let's get ready to rumbaaaaaaaaaaaaa!,183,35,5,223,643,1233
"And now, a Box Sonata",185,31,7,223,643,4856
"and now a number from my boxed collection""",189,32,7,228,643,4513
"This piece is called the ""Boxer Rebellion""",188,34,6,228,643,5300
And now from Simon & Garfunkel,146,21,7,174,643,4595
This is the only way to make “Chopsticks” impressive.,155,21,8,184,643,508
"Original ""Chops""",150,31,3,184,643,2334
"Float like a butterfly, sting on the keys.",152,27,5,184,643,3266
88 Keys to Anger Management : “#1: instead of tickling the ivories beat them to a pulp”.,155,21,8,184,643,3935
It bit me during rehearsal...,157,26,6,189,643,4060
"My uncle went to Julliard,so I'm pretty sure I know how to hit the notes.",161,27,6,194,643,1868
And now for a completely new attack on the Rachmaninov No. 2!,161,27,6,194,643,3003
Now for my feisty version of Brahms's 'Lullaby.,164,21,9,194,643,3118
"For my next selection, I'm going to attempt a very difficult composition that I've been fighting to learn.  It requires dexterity and expert fingering.",160,29,5,194,643,3186
"Hey Shostakovitch, I know they don't want me to win, but... seriously?",164,21,9,194,643,4387
His symphonies really pack a punch.,162,34,3,199,643,211
I like to lace up for Der Ring.,162,34,3,199,643,243
"And now, without further ado, let us bid a final farewell to the jerk first violinist.",169,20,10,199,643,1757
Let's see you try to 'beat it eight to the bar' with these damn things.,165,28,6,199,643,1980
"And now, the overture to one of my favorite contemporary operas, The Raging Bull.",164,30,5,199,643,2055
"And now, ladies and gentlemen, here is our last contestant  battling it out for most original song .",165,28,6,199,643,3202
"For my next selection, I present an avant-garde version of Chopsticks.",168,31,5,204,643,2009
"Well, this explains the tux.",174,28,7,209,643,4577
All I can play is 'The Rocky Theme' or 'A Piano Being Beaten to Death (in C minor)'.,177,31,6,214,643,1387
"Ok, you can play until you see the towel thrown on stage.",184,26,9,219,643,278
This next number is from my box set.,188,27,9,224,643,454
Any requests or should I just F you up?,186,31,7,224,643,706
Glen was feeling creatively boxed in.,187,29,8,224,643,4313
Boxing Day Overtures,183,37,4,224,643,5136
"And now, my rendition of 'The Boxer'---it really packs a punch!",190,32,7,229,643,2854
My therapist suggested this when i forget the notes,190,32,7,229,643,5315
"This one is for all the drunks and suckers in the house.  It goes one, two...",189,43,2,234,643,3107
Any fans of Bach's?,202,35,7,244,643,3289
"Lie la lie, lie la lie la lie la lie
Lie la lie, lie la lie la lie la lie, la la lie la lie.",160,31,4,195,643,47
I'll show you what 'punching keys' really means!,165,30,5,200,643,247
"Next, the theme song from ""Punch-Drunk Love""",172,34,4,210,643,1260
"For my encore, I will premier ""Slam, Bam, Thank You Ma'am"" by Michael Tyson in the key of ""Whatever"".",173,23,9,205,643,1560
And now....Anyone care to dispute my abilities in B Flat?,169,31,5,205,643,1582
"And now, The Pugilism Concerto",170,29,6,205,643,1583
Nobody could hold a candle to Ol' Sugar Ray Tchaikovsky.,156,30,4,190,643,2485
"Shall we begin, Maestro Tyson?",165,21,9,195,643,2578
You've never heard a sforzando quite like this!!,174,21,10,205,643,2896
And for the next song from my greatest hits CD...,176,26,8,210,643,3193
Beat-often's Fifth.,179,29,7,215,643,3455
"Seeing that it’s almost closing, allow me to punch a quick  one out for you.",189,36,5,230,643,3499
"As an encore, I pound my way through some Liszt!",193,28,9,230,643,3507
Mr Musicreview wrote that I needed to add more punch to my tempo. Now lets see what he has to say.,161,29,5,195,643,3676
My mother said they'd protect my fingers.,201,30,9,240,643,4173
I thought it said Concerto Fist Movement?,152,20,8,180,643,4186
The music industry is getting competitive.,176,35,4,215,643,4312
"Ladies and gentlemen, Beethoven’s Last Movement.",183,39,3,225,643,4497
"Finished with the sharps , you can take them off now",168,33,4,205,643,4633
And now for some fancy footwork,175,28,7,210,643,4713
KILL THOSE LIGHTS  - I'm hand syncing !!,170,20,10,200,643,4832
"Now, by a split decision, I will play 'Mozart's Tenth Piano Concerto'.""",184,37,4,225,643,5016
My teacher said I had to fight to make it to the top!,176,26,8,210,643,5348
Don’t Laugh! This will be a knockout!,154,25,6,185,643,5633
It was try this or brain surgery,192,41,3,236,643,2927
I’m ready to duke it out with The Battle Hymn of the Republic.,183,32,6,221,643,338
"Umm, are these things on?",179,31,6,216,643,1905
I'm taking requests.,179,31,6,216,643,3863
No...I’m not a showoff! As a kid I just loved Rocky movies and Rachmaninoff.,177,35,4,216,643,4749
"Note like a butterfly, sting like a B minor.",184,21,11,216,643,5591
Tonight’s Cage Match! Thelonius versus The Grand! Let’s get ready to Rumba!,177,26,8,211,643,320
Of course it’s Rachmaninov.,174,32,5,211,643,1306
And for my next act... I will light a match with my toes.,173,34,4,211,643,1806
"""Ali never had to play the piano.""",175,30,6,211,643,4566
"All right, you've made your point, no need to be cruel.",172,27,7,206,643,418
I'd rather be a boxer at a piano than have a piano in my boxers,176,19,11,206,643,565
"And now what I call ""Mozart's Mohammad Ali Sonata.""",171,29,6,206,643,747
Ta rah rah BOOM de aye!!,171,29,6,206,643,2159
"OK Beethoven, lets rumble",170,31,5,206,643,2759
"I call this next one ""Flight of the Bumble.""",171,29,6,206,643,3777
Appears I'm a bit ham-fisted today....,165,32,4,201,643,1688
Yo Adrienne!,170,22,9,201,643,3675
Next I shall play the flight of the bumble bee,170,22,9,201,643,4480
Beethoven's Pugilistica Sonata in B-Flat!,167,28,6,201,643,4964
I will now play a selection of works by Hans Zimmer.,168,17,11,196,643,579
And now my rendition of Kitty Cat Sonata,163,27,6,196,643,603
The odds are 2 to 1 for Bach over Mozart.,162,29,5,196,643,718
"He’s the best at hitting those low notes, for his weight class.",162,29,5,196,643,878
This is a new one: Rhapsody in Trump,162,29,5,196,643,2175
Float like a butterfly,164,25,7,196,643,3264
"My piano technique? I just float like a butterfly, sting like a bee, tickling these ivories",160,33,3,196,643,4590
My next number is dedicated to the Marquess of Queensbury.,162,29,5,196,643,4622
"Though best known for his boxing skills, Jack Dempsey could pound out a darn fine tune on the piano - or so claimed his beloved mother.",157,30,4,191,643,1847
I float like DeBussy and sting like Rimsky-Korsakov,158,28,5,191,643,4014
I will performing TKO and Fugue in D Minor.,158,28,5,191,643,5572
This next one tugs at the eardrums.,159,26,6,191,643,5643
if someone boos’s one more time you’re gonna get it,154,27,5,186,643,781
"Sorry, I'm late. My last gig ran long.",142,24,5,171,643,4108
"As a follow-up to my successful rendition of  'Chopsticks',  I'm going all in on 'Flight of the Bumblebee'.",193,23,11,227,643,1282
You misunderstood I play Box not Bach.,184,32,6,222,643,1572
Please be sure to sing along if you recognize this tricky old tune.,185,30,7,222,643,4790
My next selection is Flight of the Bumblebee.,178,35,4,217,643,3366
"For my next number, Sonata a la Ali",180,31,6,217,643,4966
"Now for my new arrangement of John Cage's 4'33"",on steroids.",178,26,8,212,643,948
'To the tables down at Mory's'? Oh. I thought you wanted the fight song.,176,30,6,212,643,3422
"Maestro, I understand this is a Rocky-themed concert, but...",175,32,5,212,643,3529
"Everybody now! 
'...float like a butterfly, sting like a bee...
My name is Muhammad... Muhammad Ali!!!'",179,24,9,212,643,3912
Any requests for Chopsticks?,171,31,5,207,643,43
Tough Croud,172,29,6,207,643,1835
I will now attempt the Boxer Rebellion Etude. Wish me luck.,171,31,5,207,643,4474
"With the holidays coming up, I will now play, ""Boxing Day Blues.""",172,29,6,207,643,4517
This is the first performance of Rach 3 with gloves on.,174,25,8,207,643,4976
"I usually get a standing O, but tonight I’ll take a standing 8!”",172,29,6,207,643,5193
I don't think I can box my way out of this one.,172,29,6,207,643,5662
This piano is tough to play.,167,30,5,202,643,578
If I speed thru the Rachmaninov concerto I can still make my fight,165,34,3,202,643,851
I'm composing a theme song for a film called Rocky.,169,26,7,202,643,2110
Hold your applause until I get to the hook.,165,34,3,202,643,3076
And now a tribute piece I call “Sting of the Bumblebee.”,167,30,5,202,643,3556
"Float like a high C, sting like a C#",168,28,6,202,643,5057
"And now, friends, a little 'soft Rocky' music for your listening pleasure.",166,32,4,202,643,5641
"I shall now play ""Mitten on the Keys.""",161,33,3,197,643,4061
"This evening,I'll be punching out my new hit.",162,31,4,197,643,4405
I'll be playing Tchaikovsky's 1812 Overture,160,26,6,192,643,160
So which joker requested The Minute Waltz?,159,28,5,192,643,223
"And now, ladies and gentlemen, the theme song from 'Rocky'.",159,28,5,192,643,1502
And now my version of Paul Simon’s “The Boxer.”,157,32,3,192,643,5034
Now I will play my Sonata for Boxing Day.,162,22,8,192,643,5618
Sam played only fortissimo.,156,25,6,187,643,5347
The Pugilist Pianist prefers the percussive-style keyboard approach.,148,23,6,177,643,521
"Up next, Eye of the Tiger.",194,32,7,233,643,1066
"My next selection is ""Eye of the Tiger""",193,34,6,233,643,4594
"In the future, there will be fewer nuances.",185,32,6,223,643,24
I call this one 'imagination'.,180,33,5,218,643,2158
It's about playing to your strengths.,181,31,6,218,643,5252
Now this won't be easy.,177,30,6,213,643,1781
They said I ought to have a knockout on the piano during the performance,178,28,7,213,643,3883
And now the entire Rocky score through Creed 2.,176,32,5,213,643,4617
In a clearing stands a boxer/ And a fighter by his trade...,175,25,8,208,643,1608
"Next, Iron Buttlerfly's interpretation of ""Flight of the Bumblebee.""",174,27,7,208,643,2454
"Well, what did you expect, madame? It was billed as a Dueling Piano show.",175,25,8,208,643,3884
"I was booked for ""The Battle of the Dueling Pianos""",173,29,6,208,643,4864
So you’re not fans of avant-garde...,169,37,2,208,643,5211
"Float like a butterfly, sting like the Flight of the Bumblebees.",168,30,5,203,643,694
Now I would like to play my rendition of the 'Rope-a-Dope' overture,167,32,4,203,643,1008
"Sorry, I only think inside the box.",171,24,8,203,643,2312
I didn’t know a standing ovation was even possible at a music therapy recital!,166,34,3,203,643,3223
And now we move from Beethoven's works to Bach's.,174,18,11,203,643,3461
And now the Mike Tyson concerto,170,26,7,203,643,4184
I’m not wearing any pants.,163,22,8,193,643,250
"I will now perform my masterwork:
Piano Destruction in D",159,30,4,193,643,2984
This next number's going down by the second verse.,161,26,6,193,643,4859
They said to play it as if I had gloves on...these were the only ones I could find.,154,31,3,188,643,1308
This next concerto is dedicated to tonight's sponsor - The School for the Deaf,160,19,9,188,643,1617
"And now for that great jazz classic, “It don’t mean a thing (If it Ain’t Got That Swing”).",149,32,2,183,643,3242
I can't play with cold hands,155,20,8,183,643,4124
"For my next performance, “Fight of the Bumblebees” by M Ali.",153,24,6,183,643,5205
"For this next one, I shall punch up the jam.",197,37,5,239,643,1573
"Sorry, I don't know anything by Paul Simon.",150,21,7,178,643,2277
Aaron Copland's 'Knockdown'.,193,27,9,229,643,1539
Tonight we're going 88 rounds!,185,34,5,224,643,2957
"And now, 4'33"".",179,37,3,219,643,1698
This next one is experimental but it got a lot of hits online ...,181,33,5,219,643,3156
"For my next selection, I'll pound out a selection of sentimental nonsense.",182,31,6,219,643,3405
Anyone else want voice an opinion of my interpretation of the Grieg concerto?,183,29,7,219,643,4805
"Alright, who took my sheet music?",179,28,7,214,643,1289
I'm training for a John Cage-fight.,182,22,10,214,643,2549
"What do you mean ""Outside the box""?",180,26,8,214,643,3277
I will now knockout a concerto by Boxmaninoff,178,30,6,214,643,3952
you'll never be a pianist Schumannn....try composing,172,33,4,209,643,4376
"I will now play Knuckles.""",175,27,7,209,643,4723
"I shall now play ""The Flight of the Bumblebee""",170,28,6,204,643,1400
"This next piece is my rendition of Simon & Garfunkle's, The Boxer.",171,26,7,204,643,1783
This next piece is more avant-mouthguard.,169,30,5,204,643,2126
"First, a little Rocky Mananoff followed by my own Bachster medley.",170,28,6,204,643,4807
"Float like a butterfly, play chords in B.",165,29,5,199,643,45
"This recital will last 12 rounds, or until I’m knocked out",167,25,7,199,643,2432
Wait until you heard it.,161,28,5,194,643,4740
And now my musical portrait of Muhamad Ali...,162,26,6,194,643,4999
The next movement has many sharps.,159,23,7,189,643,805
I used to play outside the box.,153,26,5,184,643,100
"The final piece of the evening is Piano Concerto no.1, in multiple keys, ""Rhapsody in Black and Blue"" by Mr Michael Tyson.
From his Magnum Opus, "" You better clap!""",156,20,8,184,643,4001
"Jolly good Boxing Day recital, isn't it?",185,36,4,225,643,5603
"I promise you, you’ll be instantly hooked.",181,35,4,220,643,110
"This is for Mr Stallone at the bar who has requested his nightly favorite, The Rocky Theme Song....",182,33,5,220,643,627
Box Piano Concerto No. 1,178,32,5,215,643,3810
"I call my next piece, Could Someone Please Come Scratch My Nose",179,30,6,215,643,4028
If it calls for cords I can.,176,36,3,215,643,4690
I am just the page turner.,180,28,7,215,643,5658
And the boxer on the bus goes Wham Bam Bam.”,178,23,9,210,643,906
"Yo Adrian, it's called Rocky V' Maninov...""",177,25,8,210,643,3224
"If you liked the last one, you should like this one too.",138,20,6,164,643,656
And now a prelude in C minor by Rocky Balboa,205,34,7,246,643,1479
I can punch out this symphony in 11/16ths time.,170,30,5,205,643,3610
"I'm going to punch my way through this tune, no pun intended.",138,20,6,164,643,3646
Vladimir Ali is shocked by his 10 stanza penalty for hitting below the keyboard.,200,35,6,241,643,4891
Who requested a glove song?,166,29,5,200,643,4688
They call me Beathoven,160,32,3,195,643,952
Liberboxy.,162,28,5,195,643,1972
"As part of my international series, a new composition on the Boxer Rebellion.",162,28,5,195,643,2495
"Next, I'm going to try to pound out Liszt's Campanella.",162,28,5,195,643,4263
"Please sing along while I knock out 15 rounds of ""Row, Row, Row your Boat"".",161,30,4,195,643,4450
It’s a safety thing.,162,28,5,195,643,5059
"Oh, a 'jaunty' tune. I thought you said 'punchy,' Madame.",190,37,4,231,643,1606
My Sforzando tends to be too forceful.,156,31,3,190,643,406
"And now, Concerto in C Minor by the great Rocky Marchiano.",156,31,3,190,643,2505
"And now, 'Variations on the Theme from ""Rocky"" .'",158,27,5,190,643,4951
Let's get ready to mambooooooooooooo!,191,26,9,226,643,4892
"And for my encore this evening, I give you ""Fight of the Bumblebee"".",155,24,6,185,643,82
Is someone recording this?,154,26,5,185,643,5189
Its called the 10 second sonata,188,23,10,221,643,1038
Am I supposed to float like a butterfly or sting like a bee?,184,31,6,221,643,4270
"And now, a ci·né·ma-vé·ri·té reimagining of the theme to “Rocky” — as played by the protagonist.",187,25,9,221,643,4287
"And now, 'Bombast'.",182,26,8,216,643,246
And now Knockout in B flat minor.,180,30,6,216,643,1597
"And now, allegro for ten toes.",180,30,6,216,643,4161
Do I hear another request for “Eye of the Tiger?”,179,23,9,211,643,4916
"At Master Class, he said I was pounding the keyboard. I just want to play the triangle.",176,29,6,211,643,5388
"Plus, I could dance like a butterfly and sing like a bee.""",176,29,6,211,643,5559
And now my rendition of LL Cool J’s “Mama Said Knock You Out”,145,26,4,175,643,5592
Asking only workman’s wages I come looking for a job . . .,173,26,7,206,643,887
I’m just all thumbs!,170,32,4,206,643,1789
"And for my last piece, I will deliver a sucker punch to Schumann.",171,30,5,206,643,2757
"My first selection will be ""Sonata for piano and bell"".",174,24,8,206,643,2822
If you don't stay quiet I'll take my gloves off!,170,32,4,206,643,3255
My last gig was the Punch n Judy Show!,172,28,6,206,643,3793
And now my gloves on rendition of the theme song from the film Rocky,174,24,8,206,643,5359
The conductor told me he  looking for musicians with fistfuls of  talent.,198,32,7,237,643,2568
I’m going to play the next song with alternating body parts,168,27,6,201,643,2784
This next piece is by Simon and Garfunkel.,168,27,6,201,643,3754
I will now play Simon and Garfunkel’s “The Boxer”.,169,25,7,201,643,3784
In case I get booed.,166,31,4,201,643,5302
"And now a piece from Ali-Frazier ""Thrilla in Manila.""",163,28,5,196,643,4339
"This one's called ""Revolution 9.""",162,30,4,196,643,5486
"And now a word from our sponsor, Everlast.",188,34,5,227,643,3894
You disgust me.,161,23,7,191,643,574
"Yo, Beethoven.",186,29,7,222,643,105
Adrian? Adriaaaan!,185,31,6,222,643,3819
And now for some post-Charles Ives.,154,28,4,186,643,1067
I call this one Raging Bull in the Eye of the Tiger.,180,32,5,217,643,3298
"For my next piece, I shall work the body, relentlessly.",181,30,6,217,643,3684
I call this Fight Song.,179,34,4,217,643,4261
There would be no sequel to Concerto #1 by Rockymaninoff,179,34,4,217,643,4397
This is nothing.  Try using chopsticks to eat with these things on!,182,28,7,217,643,4728
And now for something that's tough to play ...,182,28,7,217,643,5233
Next person talking shit about my piano playing is getting they ass beat.,179,25,8,212,643,146
"Well, I can hardly be expected to sumo wrestle in this outfit, now can I?",176,31,5,212,643,2245
Sock it to mi?,176,31,5,212,643,2863
My next piece is in the key of Z.,175,33,4,212,643,3434
And my next piece is titled Nail Biters Lament.,179,25,8,212,643,5271
How about a little Beethoven?,150,27,4,181,643,3689
I'm doing my grand finale in the first round.,197,36,5,238,643,5638
"For round one, I will play a rhapsody in jab",175,24,8,207,643,2506
My next piece will be the opening score from Jaws,172,30,5,207,643,4708
"Mama wanted me to be a pianist, but my doggie wanted me to be a boxer.",191,39,3,233,643,5593
What was wrong with the hook?,169,27,6,202,643,1713
I'm only the undercard.,165,35,2,202,643,2089
I will  now play chopsticks,169,27,6,202,643,2107
"... next, your applause will determine whether I play Chopin’s Scherzo No. 2 or punch myself in the face.",173,19,10,202,643,2276
This is dedicated to the memory of “The Boxer Rebellion.,172,21,9,202,643,2575
I'll take requests for fight songs,186,40,2,228,643,1497
I couldn't make it as a concert pianist so now I’m a performance artist.,188,36,4,228,643,4318
I’ve always had a mixed relationship with this next piece.,165,26,6,197,643,294
Hello Philly! Just for you the theme from Rocky.,164,28,5,197,643,2350
"Float like a Satie, Sting like a Stravinsky",166,24,7,197,643,3807
I am certain that I heard NIGHT club.,164,28,5,197,643,4702
Forget Horowitz.  I am the greatest!,164,28,5,197,643,5328
It would be remembered as a poor performance if the cellphone had not gone off,163,30,4,197,643,5346
Bach's fourth fugue?  I thought you suggested box for the few--,162,23,7,192,643,793
And my favorite chord; a four octave G minor 7th.,161,25,6,192,643,1053
Music AND sports? 'Wild Thing' says yes.,162,23,7,192,643,1554
"Yes, there was actually a lot of competition for this gig,
 now that you ask. How did you know?",158,31,3,192,643,4079
"Yea, just pounding out a new tune.",159,29,4,192,643,4294
Sotto? I thought you said Lamotta....,179,36,3,218,643,947
Boxing in E flat,182,30,6,218,643,1343
I'm having a little trouble expressing the nuances of the tonality on this pieces.,183,28,7,218,643,2674
"Next, Sonata for Losers in D flat-on-your-back minor.",181,32,5,218,643,2684
Now I'd like to play a tune which was a favorite of Muhammad Ali.,157,24,6,187,643,2869
I will now play 'Pugilism in D minor'.,156,26,5,187,643,5145
"So she says I can do it, then doesn't show up",155,28,4,187,643,5392
My next piece is the Muhammad Ali arrangement of ‘4’33” ’.,177,31,5,213,643,2026
This next one is a bit heavier...,178,29,6,213,643,3901
"And now, ladies and gentlemen, my rendition of the theme from Rocky.",180,25,8,213,643,4557
I call this one The Flight of the Dirigible.,178,29,6,213,643,5026
I will now play “Bust You in the Chopsticks.”,173,30,5,208,643,397
I float like a butterfly and tickle the keys,174,28,6,208,643,452
And now... the Joe Louis Suite...,175,26,7,208,643,1450
I will now play for you Frédéric Chopin's Nocturne in C-Sharp Minor featuring a right uppercut-left hook combination.,151,27,4,182,643,3429
"No, please. Not ""The Boxer"" again.",153,23,6,182,643,4947
"Tonight I'm going to play ""Tyson"" Sonata in be flat",191,32,6,229,643,2799
"How to fix jammed piano keys 
~wikiHow",168,31,4,203,643,456
"And now, ladies and gentlemen: Rocky 3.",169,29,5,203,643,1155
"Sorry folks, but the muffle pedal isn't working.",171,25,7,203,643,1232
"And now for the debut of my latest composition, 'Glissando Serenade, in F♯ Major'",171,25,7,203,643,3921
And now for my interpretation of Ravel's concerto for the left hook.,167,33,3,203,643,4044
"This fighter is a natural, Jim. His punches are sharp, despite being a bit flat-footed, and that accidental in the 5th measure was fairly minor. He should have no trouble walking out with A Major victory tonight.",172,23,8,203,643,4356
"In honor of Victor Borge I shall strike up the band, by hand.",168,31,4,203,643,4538
"It's Beethoven, not Bach.",190,25,9,224,643,1420
Coach said I needed to decompress a little.,185,35,4,224,643,2397
"if you don't like it, leave",187,31,6,224,643,3864
I’m sure the ad said pugilist wanted...,165,28,5,198,643,3911
My next tune is a knockout you ladies will enjoy.,165,28,5,198,643,5585
"It's called ""12 Rounds"" . People find it punchy.",182,32,5,219,643,596
My next set has a pirate theme....pass me my hook please.,182,32,5,219,643,2179
I will now play a composition by Charles Ives.,162,25,6,193,643,1807
The audience immediately felt the weight of this political metaphor.,161,27,5,193,643,2247
This is dedicated to ‘Rocky’,160,29,4,193,643,4256
"And now, Marciano's First Sonata, traditionally performed as a round.",179,29,6,214,643,201
it's a big sound when the leathers hit the ivories,176,35,3,214,643,1000
"Beethoven's Hammerklavier sonata, cluster-chords, and glissandi: my work here is done.",178,31,5,214,643,1193
"I don’t tickle anything,I float like a butterfly and sting like a Muthafucka!",179,29,6,214,643,1505
"Oooo...the 1812 Overture, You bet I can do that....",179,29,6,214,643,2251
"Float like a butterfly, sting like a Beethoven sonata!",175,37,2,214,643,3161
Play something punchy.,177,33,4,214,643,3262
"For my next piece, a little number by Mr. Mike Tyson.",160,20,8,188,643,2520
Now my classical reinterpretation of Mama Said Knock You Out.,157,26,5,188,643,3548
"And now, Muhammad Ali's ""Float of the Butterfly""",159,22,7,188,643,5002
I shall now play the Marquess of Queensberry version of Debussy’s “Clair de Lune.”,157,26,5,188,643,5349
This next songs gonna be a real Knockout!,172,34,3,209,643,3401
"I guarantee tonight's performance will be a knockout.""",176,26,7,209,643,3813
And now for my final piece.. I will be playing boxsticks.,176,26,7,209,643,4206
My next piece is an homage to Keyboard Cat.,151,29,3,183,643,3047
Now for the Opus One-Two--bang! Right in the kisser.,171,27,6,204,643,420
"So far, I can only play the first eight notes of Beethoven's Fifth Symphony",170,29,5,204,643,2087
I only heard play Rocky not Rachmaninoff.,169,31,4,204,643,2517
"Wait, you mean to tell me this isn’t Canada and it’s not Boxing Day?",173,23,8,204,643,4499
And then I threw a left hook in A-minor.,169,31,4,204,643,4508
"Was aiming for a punchy staccato. Precision, not so much.",171,27,6,204,643,5331
"Volti subito, or else.",145,32,1,178,643,404
"And now, for the fifth time, the Theme From Rocky.",165,30,4,199,643,480
Wait till I get to the hook.,167,26,6,199,643,3069
This next concerto was inspired by incompetent eight-year-old and my lack of empathy.,167,26,6,199,643,3770
The told  me I was playing a boxed set.,167,26,6,199,643,4076
"On now, next on the program: Box Well-Tempered Clavier",166,28,5,199,643,5060
Jam ? I thought you wanted to jab,167,26,6,199,643,5377
"And now, my Boxing Day Concerto.",165,30,4,199,643,5706
Are you not entertained?!,182,34,4,220,643,3427
Max Schmeling's Symphony No. 1 in E flat major combination.,180,29,6,215,643,1829
I will now pound out my last tune.,182,25,8,215,643,1998
I’ll knock out a few rounds for you now.,182,25,8,215,643,3486
"I'm often referred to as a ""technical knockout.""",183,23,9,215,643,3566
"I always say folks, 'float like a butterfly, sting like a Flight of the Bumblebee.'",182,25,8,215,643,4570
"Next, THE BOXER by Simon and Garfunkel!!! You’ll G-love it!!",178,33,4,215,643,5115
"Well, I find it easier than the string bass.",178,33,4,215,643,5612
"Elton, Wednesday night is NOT alright for fighting.",194,30,7,231,643,290
"...and for all you dancers, I'll  take a mandatory 8 count for this  round.",159,24,6,189,643,772
...and now a new composition intended for tweeting.,196,26,9,231,643,956
As seen on TV: pound the keys without pain. Guaranteed or your money back.,178,24,8,210,643,1663
Pugilist Waltz in C...,160,22,7,189,643,2199
"Ah, the light! It was prerecorded, yes, but I wrote every word.",157,28,4,189,643,3622
"Next, the Mayweather concerto in e minor.",191,36,4,231,643,4229
I tried to explain to the people in wardrobe that the fight isn't till tomorrow night!,176,28,6,210,643,4657
"My next selection will consist of a couple of arpeggio-flourishes, and a combination jab-cross-left hook. The title of this piece is, ""The Great Butterfly Dance of Ali in C-Major"" by Angelo Dundee.",175,30,5,210,643,5404
"Next, I will get out of this piano all that I can.",194,21,11,226,643,910
Piansubmissimo?,189,31,6,226,643,4670
"And now, Toccata, no Fugue.",170,31,4,205,643,421
My next selection is the theme song from 'Rocky',172,27,6,205,643,4659
"And now, Rocky Concerto #3 in D Minor.",184,32,5,221,643,4327
"Und now vee geev you
 Bach’s ‘Erhöhtes Fleisch und Blut’",165,32,3,200,643,4972
"My parents always called it banging, so here it is!",181,29,6,216,643,1786
Concerto for the dexterity impaired.,180,31,5,216,643,4855
iTunes has the whole boxed set.,178,35,3,216,643,5452
And now I will perform the newly-discovered very last symphony composed by Beethoven when he was both deaf and blind.,163,27,5,195,643,2331
"And now, Boxing Rhapsody",161,31,3,195,643,3199
"And now, my own special version of ""Mama Said Knock You Out""",165,23,7,195,643,3233
"You're gonna love this guy, Zoe!  He's a real knockout!",173,36,2,211,643,675
We are only on the cusp of what reality TV will be,177,28,6,211,643,3215
I've got the beat --down.,177,28,6,211,643,3543
I will now hum that song from Rocky.,176,30,5,211,643,5492
"I heard of ""all thumbs"" but this is ridiculous",157,30,3,190,643,786
"For my next little number, the theme from Rocky.",158,28,4,190,643,5033
"Mike Tyson, this one's for you.",193,25,9,227,643,52
I call it Rocky 'n' Roll.,173,27,6,206,643,2344
"If the flutist can have his mouth guard, I get to keep these.",175,23,8,206,643,3112
"And now, Rocky's Piano Concerto No. 2.",201,38,4,243,643,5008
"Keep playing or start fighting, that's the question",185,32,5,222,643,1370
And now a Simon and Garfunkel tune,156,23,6,185,643,4709
I’ll now fight my way through some more Chopin.,152,31,2,185,643,4858
"This next one's entitled: ""A Major knockout""",200,31,7,238,643,1683
Caution:  This may knock you out.,167,30,4,201,643,102
And now I suppose you're going to request Liszt's Campanella?,171,22,8,201,643,1373
How do I open this thing?,166,32,3,201,643,4396
My next bout is Prokofiev's Sonata #6.,184,25,8,217,643,403
"For my final match, I will be taking on Liszt's ""La Campanella.""",179,35,3,217,643,2380
if we count to 10 maybe he'll leave,185,23,9,217,643,2442
Backstage I'm light as a feather but when the lights come on I'm a bit heavy handed.,181,31,5,217,643,2480
Ok....so I'm not known for my delicate arpeggios.,179,35,3,217,643,2815
I'm gonna beat this music into submission.,165,25,6,196,643,1263
This isn’t the Steinway vs. Sons match?,159,37,0,196,643,2071
I need the score for this number!,177,30,5,212,643,1198
"Did I hear a request for ""Flight of the Bumblebee?""",176,32,4,212,643,2782
We'll knock 'em out with Beethoven,174,36,2,212,643,4026
I will now box the boogaloo in D minor.,148,21,6,175,643,4362
"....and next, songs from the millennial generation.",163,20,8,191,643,1381
"Ladies and gentlemen, please pardon the gloves. They're a temporary solution to my chronic masturbation.",178,19,10,207,643,1842
I like a good challenge,172,31,4,207,643,2374
"the piano is a broad spectrum instrument whose range is rarely exploited in full...I invite you to listen carefully as I play my 
concerto no1 ""for our times""",188,28,7,223,643,2441
"In synthesis of my interests, I will be playing the theme from 'Rocky'",167,32,3,202,643,1423
I just don't want Lang Lang to see my fingerings!,170,26,6,202,643,4062
"And now, variations on a theme of Pacquiao.",170,26,6,202,643,4208
"Now, listen to this beat!",169,28,5,202,643,4756
"And now ladies and gentleman, my classical rendition of  
LL Cool J's ""Mama Said Knock You Out"".",188,19,11,218,643,1492
How does the Fight Song go?,152,24,5,181,643,1197
"For my next act, I will be playing ""under pressure"".",151,26,4,181,643,4198
This is a performance art piece where I pummel the keys into submission. I always win.,178,30,5,213,643,2198
Chopsticks was easy.,204,36,5,245,643,283
"First some Beathoven, then Box Third Movement, and finishing with a TKOvsky's piece",175,27,6,208,643,279
-The piece ends in a fiery double octave scale run down the keyboard.,173,31,4,208,643,1224
I'm multitasking.,186,34,4,224,643,1385
"And now, the Punch Drunk Concerto in C Minor.",161,26,5,192,643,1532
#RockyManEnough,173,31,4,208,643,2585
'This next was first performed molto vovace by my three-year-old.',172,33,3,208,643,2677
did i get the schedule wrong?,161,26,5,192,643,3900
"I told you, I'm a pugilist.",187,32,5,224,643,5126
I hope you like the opening of Beethoven’s Fifth.,163,22,7,192,643,5405
The refrain is a bit punchy.,194,38,3,235,643,1527
I was told it was impolite to tickle the ivories without their permission.,184,29,6,219,643,1481
"This is a little number I call 'float like a butterfly, sting like a bee.'",181,35,3,219,643,3583
sonata #10 for Boxers in TKO flat,186,25,8,219,643,5568
Anyone have a sippy-cup?,172,24,7,203,643,2993
"My ivory tickling was going too far, apparently.",180,28,6,214,643,248
"C, D, E, F, G, K. O...",180,28,6,214,643,2702
My next song will be in the key of OH.,180,28,6,214,643,3636
I'm rehearsing for a box set,168,23,7,198,643,4298
Did I miss the punchline?,170,19,9,198,643,4792
Imposter syndrome? Never heard of it!,166,27,5,198,643,5289
Shall I play The Boxer?,204,29,8,241,643,2237
Any guesses on my first career?,190,28,7,225,643,1830
"In this political climate, I ‘m always prepared to hit back.",175,29,5,209,643,2954
"You have heard of a lead foot, now you have heavy hands.",163,24,6,193,643,46
Pianissimo anyone?,161,28,4,193,643,757
If you wear these you can hit the K and O notes,200,28,8,236,643,5137
"Next, I'll be pounding out Helter Skelter.",186,27,7,220,643,259
And now a piece from The Nut Cracker,180,39,1,220,643,2170
"I'm gonna knock out a little tune for you right now. It's called ""Float Like  Butterfly. Bang on the Keys Like a Five Year Old.""",185,29,6,220,643,2912
....but the music says molto softo,184,31,5,220,643,3666
This piece is now in hommage to Muhammad Ali.,185,29,6,220,643,4005
I'm a student of Sugar Ray and Ray Charles.,174,22,8,204,643,186
"Float like a butterfly, sting like Flight of the Bumblebee.",169,32,3,204,643,4451
Could someone please stick their head in the Green Room and wake me up?,160,21,7,188,643,1902
Cliburn's mama said knock you out . . .,184,22,9,215,643,927
A little more Stockhausen?,180,30,5,215,643,5518
"Hey, I'll play anything I want!",170,21,8,199,643,288
I'm hoping this next number will appeal to the Millennials.,170,21,8,199,643,617
Baby it’s cold outside.,166,29,4,199,643,1246
I want you to really belt it out on this one!,165,31,3,199,643,2207
"And now:
Chopin Prelude in #@%? minor.",191,28,7,226,643,1412
And now for Schubert's Undefeated!,191,28,7,226,643,3163
"Are you sure you want to hear me play the theme from ""Rocky"" again?",152,28,3,183,643,1153
They told me to punch out a song.,177,27,6,210,643,794
I like to call this one the Pizzicato Palooka.,175,31,4,210,643,1279
This is one of Tchaikovsky's greatest hits. I hope you'll enjoy it.,174,33,3,210,643,2292
I will now play 'Chopsticks' with using only my thumbs.,175,31,4,210,643,3466
This melody is going to hit you like a punch in the face.,199,32,6,237,643,4408
I’m practicing my Boxing Day medley.,161,30,3,194,643,3288
"And now, the Box Sonata in d minor",166,20,8,194,643,3717
This will be my first concert in the percussion section.,165,22,7,194,643,5030
I'd like to play for you a little 12- round blues.,184,33,4,221,643,722
Ding ding ding,183,35,3,221,643,4809
"For the second round, I am going to take a more creative approach.",186,29,6,221,643,5684
This isn’t what I meant when I said we should play a music box.,174,24,7,205,643,3372
This one is a punchy number,169,34,2,205,643,5299
"As requested, I will now play The Boxer.",196,29,7,232,643,588
You want me to break its leg?,195,31,6,232,643,3916
my hands are really delicate,183,26,7,216,643,1093
Piano Club,180,32,4,216,643,1365
"Sure, I'll play you a song. But first, I need to take off my gloves!",160,23,6,189,643,1824
I will now play Bach’s Boxer Fugue in F Major/Minor,156,31,2,189,643,1872
I'm know for subtlety and nuance.,182,28,6,216,643,3451
This next piece is the Apollo’s Creed.,159,25,5,189,643,4023
"And now, a Sex Pistols medley.",181,30,5,216,643,4213
I'm going for badass profondo.,159,25,5,189,643,4457
"Next I'll play the punk rock version of ""Flight of the Bumblebee"".",178,36,2,216,643,5465
My first number will be Bach's Concerto to Mike Tyson,194,24,9,227,643,301
"Tonight, ladies & gentlemen
Punch for Punch in B Minor",192,28,7,227,643,2370
"No, I don't know any punchy tunes!",192,28,7,227,643,3907
I do big sounds.,188,36,3,227,643,5306
"♫♫ I am just a poor boy, though my story's seldom told... ♫♫",168,27,5,200,643,534
And now I will play a selection from ‘Ready to Rumble for Chopsticks.’,169,25,6,200,643,1251
Should I start with the hook?,167,29,4,200,643,1270
Dueling Piano,170,23,7,200,643,2539
My next song is The Boxer.,166,31,3,200,643,2801
"Oh shit, I left the light on at home.",179,25,7,211,643,1276
I was always taught to punch the keys.,177,29,5,211,643,2669
Ahma gonna sock it to ya tonight!,176,31,4,211,643,2672
Chopin is no match for me,175,33,3,211,643,2712
"The Eye of the Tiger"", of course",179,25,7,211,643,2789
"And now, Bach’s most famous counterpunch!",177,29,5,211,643,3187
"Now, I will fight through Schumann’s Toccata in C Major Op. 7.",175,33,3,211,643,4197
I've been fighting with that diminuendo for weeks.,176,31,4,211,643,5154
"And for those who may be offended by any of my songs, I've taken matters into my own hands.",155,24,5,184,643,76
"For the very first time, sit back and savor the theme from ""Rocky"".",153,28,3,184,643,384
I never thought my job as a keypunch operator would ever lead to this...,155,24,5,184,643,398
"And now my own original composition, “Piano Concerto No. 1 in Box Major.”",154,26,4,184,643,1742
And now for something a bit more light-weight.,186,31,5,222,643,1041
SRO for the TKO.,187,29,6,222,643,2072
"It's ok, I'm just the undercard.",161,32,2,195,643,1097
"Listen up, kids. Never be afraid of expressing yourself.",162,30,3,195,643,1804
I call this one 'Bopsticks'.,163,28,4,195,643,1828
Where are the nose flutes?,161,32,2,195,643,2259
For my encore Rondo #10,164,26,5,195,643,3033
"For my next selection, ""Fight of the Bumblebee""",163,28,4,195,643,5048
"I know you all wanted a Rocky themed event, but this might prove challenging.",172,30,4,206,643,263
"Okay, I got it. Float like a
butterfly and sting like’ the 
flight of the bumblebee.’",174,26,6,206,643,3194
Hitting the keys has a whole new meaning with these gloves on.,171,32,3,206,643,3592
I can turn them into black and blue keys.,173,28,5,206,643,4699
"No, No, No!  I said, ""We need to punch up the LYRICS a bit!...NOT the MELODY!!!",182,30,5,217,643,2303
Ah! I beg your pardon. Bach’s what?,183,28,6,217,643,5689
Let me know if you think it's a knockout.,158,29,3,190,643,80
The suit and piano are just for show.,158,29,3,190,643,2328
Now for my next piece is LL Cool J’s “Mama Said Knock You Out” .,192,30,6,228,643,2373
"We conclude our ""Cinema from the 70's"" program with this classic rendition of ""Eye of the Tiger.""",193,28,7,228,643,3988
"My next piece is Rocky's Rachmaninoff""s Piano Concerto .2",162,21,7,190,643,4237
"Please don't yell at me Coach! I know the fight is tomorrow, and I should be skipping rope and running up the stairs and stuff like that, but, may I tell you something? Music means more to me.",158,29,3,190,643,5394
I am not a real pianist; I just play one on TV.,200,34,5,239,643,2847
"Uh, ""Flight of the Bumblebee,"" in B Flat Minor.",168,29,4,201,643,4099
"Now, I will really bang out the notes!",167,31,3,201,643,4722
The conductor won’t fight me on the next piece. He’s Haydn,170,25,6,201,643,5303
In the next round I'm going to play one of the all-time hardest hits of Rodgers and Pummelstein.,169,27,5,201,643,5597
Allow me to punch in a few of your favorite tunes,180,25,7,212,643,918
And now a selection form “Rocky “,175,35,2,212,643,1075
"For my next number, I'm going to play Moe Zart's ""Rondo alla Trump""",179,27,6,212,643,4090
I said with my hands tied behind my back,176,33,3,212,643,5632
"My next medley will be Eye of the Tiger, Rock Me, and Kaboom.",188,29,6,223,643,2926
Welcome to the half price tribute to Elton John,186,33,4,223,643,5174
Who said pound it,154,28,3,185,643,2460
A funny thing happened on my way to the concert you all paid a lot of money for .....,156,24,5,185,643,3083
"I'm gonna knock Mr. Steinway out, then I'm gonna knock him back in again.",196,33,5,234,643,858
This next dance will be the box step.,164,28,4,196,643,624
"And now, Ludwig von Marciano's Eight Round in D Minor",168,20,8,196,643,833
I will now continue with works by Motzhurt and Beatoven.,164,28,4,196,643,2354
And now for my impression of the late great Bobby Short.,167,22,7,196,643,2864
"Okay, Beethoven, bring it on!",174,28,5,207,643,2979
"We are the champions, my friends
And we'll keep on fighting till the end"".",173,30,4,207,643,3541
This us my homage to Boxing Day,182,32,4,218,643,4115
This will be a real bash.,192,32,5,229,643,3620
"Imagine Van Cliburn, the early years.",160,27,4,191,643,2440
"This next piece I am going to play for you this evening is a ""real knockout"".",171,25,6,202,643,511
This seems a bit extreme for a single hangnail.,169,29,4,202,643,1231
"I knew you VanCliburn guys changed the audition protocol, but this?",171,25,6,202,643,2377
It’s modern music !,170,27,5,202,643,2679
"Thou shalt see these thumbs play all 88 keys, then I'll float like a butterfly, sting like a bee.",173,21,8,202,643,3149
"And now for you my new piano concerto, ""Slugfest in B Flatten"".",170,27,5,202,643,3378
I shall now perform Brzęczyszczykiewicz's 'Concerto for Piano and Boxing Gloves.',181,25,7,213,643,734
..if I finish and you're still clappin' i'll know for the first time in my life...that I weren't just a another bum from the conservatory.,179,29,5,213,643,932
"And for my next selection I'd like to play  that old favorite, 'Put Up Your Dukes.'",180,27,6,213,643,1774
We will start the evening with a little Rachmaninoff up in here.,180,27,6,213,643,2270
Marcato!,181,25,7,213,643,2729
"This one is called ""I Wanna Punch Your Lights Out.""",185,17,11,213,643,2898
Let's Get Ready to... Percussion?,181,25,7,213,643,3846
"Now, I will play ""Boxer on a G String.""",189,29,6,224,643,4132
And now I shall fight thru Listz’s Campanella,189,29,6,224,643,5208
"I'd like to dedicate this next number - ""Eye of the Tiger"" - to my good friend Mr. T",201,25,9,235,643,1520
A knockout performance or should I say a Bach-out,195,37,3,235,643,3314
This next piece is “Beethoven’s Fists in A Minor Fight”.,199,29,7,235,643,3415
One man show. One man audience.,202,23,10,235,643,3448
"My next selection, The FIGHT of the Bumblebee.",147,24,4,175,643,5600
"And now, a little paino...",165,28,4,197,643,2563
For my first piece I would like to play “Contender” in the key of G flat.”,166,26,5,197,643,2656
Are you kidding me? These aree not the kid gloves I had in mind!,166,26,5,197,643,4095
I will now play the Bang Bang Bang Concerto,174,30,4,208,643,4096
"Ahh, Happy to oblige! Chop sticks it is!",186,26,7,219,643,2128
Could you please tune this piano?,184,30,5,219,643,2464
This next one is called 'The Fight for Art.',187,24,8,219,643,3346
And you all sound like you're sawing wood.,186,26,7,219,643,4401
"And now, “The Double Knuckle Concerto”",193,32,5,230,643,5122
Please wait until the end to tweet your reviews.,160,29,3,192,643,2085
This next piece has a nice right hook.,162,25,5,192,643,2188
And now: Fisticuffs Etude ala’ Cage.,161,27,4,192,643,3969
I will now knock out 'The Theme From Rocky' for you....,162,25,5,192,643,5601
And in 1998 I knocked out a guy named Steinway.,181,27,6,214,643,1474
I will now play Bim Bang Bach in C Major,190,29,6,225,643,1537
I apologize for the brutality you are about to hear in three rounds.,182,36,2,220,643,67
"I'm pretty sure this next one's called, ""You Go to My Head.""",193,34,4,231,643,178
"For my critics, we'll settle if it improves the playing?",158,24,5,187,643,241
"And now, the bar crawl sonata",187,26,7,220,643,655
I like to end with the 1-2 upper-cut cord progression,156,28,3,187,643,848
This one goes out to the knockout in the corner.,176,28,5,209,643,1433
"The next piece in our holiday program is ""Anvils We Have Heard on High"", originally composed by James Slamwick, Bishop of HexHamfist",178,24,7,209,643,2265
"And the last piece tonight is Ali's ""Piano Sonata in A minor"".",177,26,6,209,643,2526
"I'll be playing 'Rite of Spring' tonight, I just thought I'd come prepared.",166,28,4,198,643,2591
"I said, ""I don't take requests!!""",176,28,5,209,643,2607
I have to go to the bathroom.,177,26,6,209,643,3582
One more low blow and Steinway is disqualified,174,32,3,209,643,4268
"I will now perform Beethoven’s 5th round, a piece widely regarded as his boldest.",178,35,2,215,643,1084
"I call it ""Float like a butterfly sting like flight of the bumblebee.""",181,29,5,215,643,2706
This next piece requires more than a little punching up.,178,35,2,215,643,3377
He never expected his performance would be such a hit.,182,27,6,215,643,4231
"And now, 'Everlasting Love'.",173,25,6,204,643,86
This next piece is 'Ode to Mom',173,25,6,204,643,1555
"...and now, the Concerto Pugilisto in C# Major by Muhammad Ali...",171,29,4,204,643,2063
This one is called 'Midnight Cat'...,174,23,7,204,643,2493
"According to known aerodynamic principles, bumblebee flight is not possible.",170,31,3,204,643,2529
"Round four will be a short John Cage piece, and then I have a request for the dance mix of Swing, Swing, Swing.",173,25,6,204,643,3739
How much did you bet?,170,31,3,204,643,3766
"Next, Schumann’s Tocatta—mezzo forte.",176,19,9,204,643,4490
How long is Fur Elise again?,174,23,7,204,643,4624
"So, you think this would go better with a necktie?",176,19,9,204,643,4764
I will now play “Theme from Rocky.”,165,21,7,193,643,3516
"And next: my variation on an etude by John Cage.
...In D-minor.",165,21,7,193,643,3605
Shall I pound out Tea for Two?,166,19,8,193,643,4821
This keeps me from being all thumbs.,154,23,5,182,643,2995
"And now, this, from Joe Frazier and the Knockouts... You'll TOTALLY get the piano part...",185,32,4,221,643,255
"And now, ""Toddler on the Ivories"".",185,32,4,221,643,3326
The Cadenza!,186,30,5,221,643,4498
"And now, Flight of the Bumble Beast.",179,24,7,210,643,115
"That's half of it, they stuck my legs in cement",178,26,6,210,643,2369
"And now, some Stockhausen.",180,22,8,210,643,3017
"What!?
It’s strong conceptual music!",178,26,6,210,643,3740
"I thought I’d punch up this next number. See what I did there? I can be funny too ... and for Josh’s information, the word is pronounced ‘pianist.’”",168,26,5,199,643,477
"Letssss Get Ready To ANIMATO!""",169,24,6,199,643,3296
Please excuse the absence of a B flat-on-my-back chord.,168,26,5,199,643,4778
"I need these to play Prokofief's variations on Chopsticks,",169,24,6,199,643,5229
We are definitely “going out with a bang” tonight!,160,22,6,188,643,652
"Oh, so you meant handle with 'Kid gloves?'",159,24,5,188,643,3686
"Is my ‘time out’ for playing too loud, over?",192,29,6,227,643,5290
"And now, 'The Lucky Hand' by Shoenberg.",182,29,5,216,643,340
"Maestro, cut me please.",181,31,4,216,643,5354
I can play other songs than the theme to Rocky you know!,173,27,5,205,643,516
"Knuckle Down Winsocki, Knuckle Down",172,29,4,205,643,1108
"Thelonious Monk today, tomorrow, forever!",175,23,7,205,643,2644
A one and a two and a one two punch.,174,25,6,205,643,3414
I would like to pound out my latest political satirical piece.,174,25,6,205,643,3964
"Now, to break some hearts.",173,27,5,205,643,4335
"Lie-le-lie, Lie-le-lie-lie-lie-le-lie, Lie-le-lie, Lie-le lie-lie-lie-le-lie, Lie-le-lie-lie-lie ...""",173,27,5,205,643,5214
"Risin' up, back on the keys",162,29,3,194,643,1462
I wear these to keep from going blind.,166,21,7,194,643,3546
"When I was learning to play the piano, I also bit my nails as a kid.......mom made me wear gloves.",198,28,7,233,643,4235
Now for my piano transcription from the Ring!,181,22,8,211,643,1298
"YOU ASKED FOR 12 TONE SERIES IN FORTISSIMO ,
VOILA   ......!!!",182,20,9,211,643,1721
This is how I provided thunderous applause at his rally.,177,30,4,211,643,1737
Tonight's set is scheduled for 12 songs.,178,28,5,211,643,2422
"And now I'm going to play my discordant Mazurka No.1 in E.
I don't know if it is sharp or flat.  I hope you like it.",177,30,4,211,643,2723
And now for some beatboxing...,177,30,4,211,643,4734
I call this piece Glissando.,176,32,3,211,643,5256
The composer told me this was a knockout...,165,34,1,200,643,872
And now my own composition. I call it “Boxsticks”,170,24,6,200,643,3569
Now for some Beathoven...,194,27,7,228,643,1593
I'll now be taking a quick break to make a momentous life decision.,191,33,4,228,643,2108
"And now the 'Rocky' sonata in E minor.""",193,29,6,228,643,2969
"slam,bam,ali-kazan!",191,33,4,228,643,5561
"Now a few tunes from that indie-rock group, The Boxer Rebellion",150,24,4,178,643,5556
"For this next tune, I recommend dancing the box-step.",182,31,4,217,643,1621
my insurance agent will be here soon to release my hands,185,25,7,217,643,3408
"They say the Rach 7, is very tough",187,21,9,217,643,4488
This next interlude will sting like a Bumblebee,175,25,6,206,643,1422
"They think my tux looks stupid, don't they?",173,29,4,206,643,2081
Sometimes the C13#5b9 fights back.,176,23,7,206,643,3881
Be ready for something different.,194,38,2,234,643,60
I will now play Liszt's Campanella in boxing gloves to prove how crazy good I am!,162,31,2,195,643,3702
"without further ado, I bring you the theme from Rocky, ""I will fly now""",187,32,4,223,643,227
"I stand corrected, you really can punch the keys.",192,22,9,223,643,746
My manager told me to punch up the encore...,189,28,6,223,643,3081
"Pound-for-pound, Frank is one of the best, but tonight he just couldn’t beat the refrain.",186,34,3,223,643,4667
"Lesser pianists can play Chopin Etudes with fingers unfettered, but listen to me  . . . says Trump",148,19,6,173,643,1569
"And now, Box Two Part Inventions.",170,26,5,201,643,1836
I feel as though my career is at a crossroads.,170,26,5,201,643,4523
There had once been a time when Albert did not feel quite so defensive about his affinity for playing Russian pop music.,171,24,6,201,643,4525
I think this piano needs tuning.,171,24,6,201,643,4602
"And now, Sonata in A minor by my wittew itty kitty cat, Colonel Chubby Von Meowington...",169,28,4,201,643,5218
My next tune is ‘The Boxer’ by Simon and Garfunkel...,158,30,2,190,643,2067
"OK Table 4, let's see you request Freebird now!",160,26,4,190,643,3257
We said the audition was for covering Marvin Hamlisch not Marvin Hagler.,159,28,3,190,643,4812
For my next piece I’ll play ‘Piano Is Very Manly Dad’ in A-minor,160,26,4,190,643,5534
The 1812: Bells and cannons ready? Go!,182,33,3,218,643,731
I will now play 'Chopsticks' blindfolded and without sheet music.,184,29,5,218,643,1345
Badda Bee Badda Boom,184,29,5,218,643,2256
"And now, in a salute to Bill Conti, I’ll perform “Gonna Fly Now” from Rocky..",182,33,3,218,643,3205
which key should I punch again?,173,31,3,207,643,1036
"Oh, it's Rocbalboa's piano concerto in A flat.",171,35,1,207,643,4532
I am playing “The Boxer.”,175,27,5,207,643,4608
I’m not particularly good with chopsticks.,191,26,7,224,643,800
This piece was composed in July 1919 and dedicated to Jack Dempsey after von Krawlitz won a bundle on the Dempsey/Willard fight.,190,28,6,224,643,1229
Rocky XII - The Dueling Piano,189,30,5,224,643,1666
"Can you, Sir, find a better way to bring Pollock to the piano?",165,27,4,196,643,2239
"No, I cannot play chopsticks with these on.  Anyone else?",191,26,7,224,643,2931
Think of it more as a performance.,164,29,3,196,643,4652
"If you have any requests, please raise your glove",165,27,4,196,643,5258
...and attempting to play Sonata No. 14 WHILE sanctioned by the Nevada State Athletic Commission...,154,29,2,185,643,3227
It galvanizes my bass.,161,15,9,185,643,4514
I have a day job as a key punch operator.,196,27,7,230,643,434
"Half-step, bob and weave.  Float like a butterfly, pound the keys like Liberace.",193,33,4,230,643,522
This next song is called Crescendo of  Cacophony,190,39,1,230,643,725
I will now play Ravel’s Left Foot Concerto.,197,25,8,230,643,2233
Every body has a plan until they are told to play.,168,32,2,202,643,1295
"And now a knock-off of ""Baby, It's Cold Outside.""",171,26,5,202,643,1995
"And now, for the Symphony Fight Song.",173,22,7,202,643,2655
No worries. I spar with a viola.,184,31,4,219,643,2252
"...if you must know, I am a welterweight",183,33,3,219,643,2811
I float like a butterfly and sting like a bee.,160,28,3,191,643,4716
"I’ll be doing The Boxer , originally done bySimon and Garfunkel .
My version is much better , because I have props .",197,36,3,236,643,4420
"Now to punch out ""Take the A Train"" by the Duke",176,27,5,208,643,0
"Theme to 'Rocky'.""",177,25,6,208,643,229
"Next I'm going to play a little number I call ""The Mike Tyson Etude.""",177,25,6,208,643,324
I composed the next piece after hearing about beatboxing and before Googling it.,181,17,10,208,643,3579
I don't see how I can hit the high notes,177,25,6,208,643,5288
And now a selection from the Simon and Garfunkel songbook.,177,25,6,208,643,5538
Better this than brain surgery.,192,26,7,225,643,838
Easy on the piano,190,30,5,225,643,895
I play all the right notes,152,24,4,180,643,4445
"Pick any etude, I’ll nail it!",164,31,2,197,643,128
My next piece is dedicated to those who failed to achieve their boyhood dream despite a very inspiring '70s movie.,167,25,5,197,643,467
"I call this one the ""pugilistic pianist.""",167,25,5,197,643,2627
"When I do box, they call me 'Kid Baby Grand'.",166,27,4,197,643,5665
I present Invention no. 3 the way it was meant to be played:   Bach-xing style.,180,30,4,214,643,2906
Next I shall play 'Boonlight Bonata.',182,26,6,214,643,3981
Here’s one for all you glove birds out there tonight.,184,22,8,214,643,5692
Tell me when I get to a 10-count.,195,31,5,231,643,130
spouf menhf skgb.,194,33,4,231,643,3958
"And now, Chopin sans arpeggios",156,27,3,186,643,5298
"Eye of the Tiger? Yeah, I know that one",174,22,7,203,643,466
This way I can have that heavy Horowitz touch.,168,34,1,203,643,985
"I'm happy to take requests, Madam, but Chopsticks is off the table.",173,24,6,203,643,1286
I never should’ve agreed to this Boxing Day Special…,173,24,6,203,643,2367
"I will be performing several songs this evening, including the soundtrack from all the ""Rocky"" movies, and my especial favorite, ""You Broke My Heart, So I Busted Your Jaw.""",173,24,6,203,643,3440
I shall perform a round by the Marquess of Queensberry.,173,24,6,203,643,3753
My next selection is Ravel's Bolero.,171,28,4,203,643,5389
Just trying to punch up my jam.,187,27,6,220,643,2872
This next composition is an opera prelude by my Nebelung cat.,188,24,8,220,643,2910
Use the hook!,199,34,4,237,643,4357
Nobody knows the trouble I've seen...!,161,28,3,192,643,2353
"Hang on, folks, I need to tune him up.",164,22,6,192,643,4573
The vocalist will not be joining us for this next song in the program.,159,32,1,192,643,5671
If the very attractive redhead in the first row would take a seat - I'll proceed with 'Concerto with no Hands.',175,31,3,209,643,1636
When you play Rocky,176,29,4,209,643,2178
My next selection will be the only étude composed by the Marquess of Queensberry.,180,21,8,209,643,2652
I can do anything.,191,30,5,226,643,2074
In B flat.,191,30,5,226,643,2109
You can Tune a Piano but you can't Tuna fish,195,22,9,226,643,2725
I coulda been a piano masta,169,23,6,198,643,16
This next one’s a punch up of an old classic.,165,31,2,198,643,144
I bring you now Box Concerto Number  in D Minor.,168,25,5,198,643,733
That was the theme from Rocky III.  Now here’s IV.,167,27,4,198,643,3845
"I shall now play my ""Uppercut Sonata"" until the sound of the bell.",166,29,3,198,643,3957
"I thought they said, “you are to play-box piano concertos.”",167,27,4,198,643,5312
Rocky Balboa.  Why do you ask?,181,30,4,215,643,1833
And now for a somber rendition of T.K.O in C major.,181,30,4,215,643,2667
Think outside the box...ing gloves?,181,30,4,215,643,4446
I did hear he played with punch.,183,26,6,215,643,5291
"Well if you didn't like that, you're going to hate the undercard.",158,25,4,187,643,17
My piano career started out rocky but I'm getting strong now.,172,28,4,204,643,26
Now for my favorite Boxthoven Sonata.,184,35,2,221,643,273
"Since my accompanist has fled the building, there will be no dueling pianos tonight.",188,27,6,221,643,732
"I'm playing my, "" Float Like A Butterfly, Sting Like A Bee,""  song.",174,24,6,204,643,1405
"Man, they've really run out of ideas for new Rocky movies",173,26,5,204,643,1565
"And for the main event, I'll be performing Concerto no. 3.",171,30,3,204,643,2103
I will now pound out my latest opus.,186,31,4,221,643,2544
Simon did this song the easy way.,171,30,3,204,643,2802
Think Henny Youngman had great punch lines? You're in for a real treat!,172,28,4,204,643,3176
Of course it looks silly - but you try playing pianissimo on a Hammerklavier,186,31,4,221,643,3340
Time to knock them out with my Mozart,158,25,4,187,643,3581
I will now play Tyson's Pugilist Sonata in B-flat,185,33,3,221,643,3734
"Oh, yeah....who's next? I'll give you a sonata right in the Steinway.",189,25,7,221,643,4815
I want my manicure to last until I give the performance.,190,34,3,227,643,3098
"When I sing my Alma mater fight song, I don’t want to ,”tickle the ivories.”",193,28,6,227,643,4314
"And now a little thing I like to call, 'On the Waterfront.'",179,25,6,210,643,27
Thank you. My next song has a real sweet beat.,177,29,4,210,643,2284
"Next, I'll pound the ivory for you in my version of--ahem--Rocky's Concerto in D Minor.",177,29,4,210,643,4075
And now for my next number--The Fight of the Bumblebees.,180,23,7,210,643,4171
"Well you're all in the mood for a melee, 
and I've got you feeling alright.",164,24,5,193,643,386
I’d say I have a softer touch than Oscar Peterson.,163,26,4,193,643,3585
My new invention makes glissando a snap .... but staccatissimo is impossible.,163,26,4,193,643,5156
Oh SRO? I thought they said TKO.,150,21,5,176,643,505
This shouldn’t hurt spectator’s ears!,181,32,3,216,643,801
"I didn't ask for these hands, sir. You're the one who bought tickets.",169,25,5,199,643,1526
I have to treat my psoriasis during practice.,170,23,6,199,643,5464
"But, I don't need these to play Wagner . .",155,22,5,182,643,2512
"Like this, you always hit the right chords",188,29,5,222,643,1303
"This next one is called 'Song for My Mother, but also My Father'.",189,27,6,222,643,2349
Ready for some big block chords?,190,25,7,222,643,3031
"This next piece is the TV sportscast theme from ""The Rumble in the Jungle.""",175,24,6,205,643,3887
"Let me move you with a few ""tone clusters"".",173,28,4,205,643,4147
"Betethoven's Symphony No. 5 in C Minor, Op. 67: I. Allegro con brio? SURE!",161,21,6,188,643,1574
"This is a little piece I created called ""All Thumbs"".",159,25,4,188,643,2913
It's called free jazz.,160,23,5,188,643,3934
"At this keyboard sits a boxer
With a fighter in the wings
And he’s wearing the reminders...",181,23,7,211,643,850
I will now play the Muhammad Ali boxing overture with gloves.,179,27,5,211,643,1851
The following is `Rhapsody on a Theme of Muhammed Ali',180,25,6,211,643,2039
"I call this one, 'Jabba, Jabba, Jabba'.",177,31,3,211,643,5407
I'm going to float like a butterfly on Flight of the Bumblebee.,166,22,6,194,643,709
"Folks, welcome to Raging Bulls. Let’s start off tonight with a rousing chorus of I could have been a contender.”",163,28,3,194,643,3014
This one calls for a lots of Fs.,166,22,6,194,643,3300
"Excuse me, but it's NOT  called ham-fisted!",164,26,4,194,643,4083
"At audience's  request,  Uppercut Sonata in A Minor.",183,30,4,217,643,3997
"And now, the Goldberg variations.",169,27,4,200,643,592
Too early for gloves off?,169,27,4,200,643,949
"I'm only playing ""The Black Keys""",170,25,5,200,643,981
I thought you wanted me to do interval training.,170,25,5,200,643,1402
"Please enjoy the next piece in our Mixed Martial Music Series called ""Find The Tune"".",208,22,10,240,643,3312
Tonight we will have 3 rounds of knock out piano sonatas.,168,29,3,200,643,5624
I plan to finish it.,191,25,7,223,643,488
It keeps my playing punchy.,185,37,1,223,643,5130
I'm just punching keys,154,26,3,183,643,1741
Please dim that spotlight. I can't see my hands.,175,26,5,206,643,3858
"I tried to beat the notes, but they kept ringing true.",177,22,7,206,643,4228
Good evening. My name is Robert Schumanny Pacquiao.,173,30,3,206,643,5148
"Now playing the ""Clean Up the Government"" sonata.",160,25,4,189,643,1878
My newest piece is titled Middleweight Bout in Vegas.,159,27,3,189,643,3382
"Cut me, Maestro.",180,27,5,212,643,2608
"My biggest inspiration? Bach, sir.",185,17,10,212,643,2634
E sharp is way off,184,19,9,212,643,3061
"This next piece is called: ""Alex Jones in C Minor"".",184,19,9,212,643,4029
"And now, my rendition of Rock'em Sock'em Staccato",179,29,4,212,643,4986
My next song is a favorite by Simon & Garfunkel.,181,25,6,212,643,5180
My next number is a real knock-out song.,181,25,6,212,643,5253
"Alright, I’ll stick to chords!",178,31,3,212,643,5353
All my unfinished symphony needs is for me to complete the punch list.,180,27,5,212,643,5631
Who wants to hear Simon and Garfunkel's The Boxer ?,167,22,6,195,643,1140
"Hum a few bars, I think I know that one !",165,26,4,195,643,3653
In the clearing stands a boxer...,165,26,4,195,643,4465
How about something by Choppin'?,166,24,5,195,643,5363
I call it 'Sonata Your Day' in the key of Ouch.,186,26,6,218,643,1265
"Ladies and Gentlemen, Rocky Beethoven.",187,24,7,218,643,1670
This next tune appears on the boxed-set anthology of my greatest hits.,187,24,7,218,643,5080
Box me Amadeus,173,21,7,201,643,2012
I've Got Blisters on My Fingers,173,21,7,201,643,3315
"And now I will play, what I call, ""The Two Note Handy"".",197,26,7,230,643,410
"And now, Hungarian Rhapsody No. 2, played backwards!",175,28,4,207,643,1332
Will you ring da bell?,173,32,2,207,643,2266
"And now my favorite request, the ""Knockout"" in B Major!",174,30,3,207,643,3522
"What! I was  to train Bach's way, not box way?",173,32,2,207,643,4833
"And now,Box Piano Concerto in D Minor.",178,22,7,207,643,5017
Are you sure this will get me a hit?,200,20,10,230,643,5513
"My next number is what I call The Butterfly and the Bee. Flying and Stinging are my favorite parts. Enjoy!""",185,19,9,213,643,3029
1st note is a K.O.!,183,23,7,213,643,3391
This next selection should make you feel a little punchy.,162,23,5,190,643,4264
Fight me. In B minor.,184,32,3,219,643,328
Any other comments on my Mozart?,186,28,5,219,643,2090
Can you be allergic to ivory?,184,32,3,219,643,2254
"And now, Chopin Nocturnes, punched up.",185,30,4,219,643,4111
Now let’s just lay back with the smooth ‘n’ easy sound of Chuck Wepner.,167,24,5,196,643,1493
I’m ready to do battle with this Beethoven piano concerto!,188,35,2,225,643,1576
I took off my white gloves for the encore: 'Tribute to Liberace,189,33,3,225,643,2333
"Without your hands and wrists you have no career, so I always keep them safe!",191,29,5,225,643,3008
The key to this fight is...,173,23,6,202,643,1884
How else do you expect me to play “Eye of the Tiger?”,170,29,3,202,643,3159
"And now we begin the ""Rocky"" Concerto No. 4 in G Major.",173,23,6,202,643,3736
"Last night, my anxiety dreams reached crescendo level.",177,26,5,208,643,2403
He Was shooting for a knockout performance after all,176,28,4,208,643,3501
Join in while I play a Bach-Sing Along.,156,26,3,185,643,665
This next original tune is featured on my CD box set.,183,25,6,214,643,495
"Oh, it saves my fingers for the performance.",178,35,1,214,643,3210
It's okay. I'm a keyboard genius.,163,23,5,191,643,1028
"And now, the butterfly and bee concerto.....",162,25,4,191,643,1152
Mama Said Knock You Out in E Flat Major...,163,23,5,191,643,1293
Everything about this next piece reflects my mid career change jitters...,163,23,5,191,643,4010
This one has too many sharps,187,28,5,220,643,3842
This may sound a little off-key.  I just got back from the gym.,167,26,4,197,643,1416
"For my next number: Here's Conti's Theme from ""Rocky.""",169,22,6,197,643,3430
I can't feel my hands!,169,22,6,197,643,4191
The late pianist was known for his punchy style on the keys.,167,26,4,197,643,4696
"Next, I will play possum.",170,20,7,197,643,5621
"And now, I will play “Flight of the Ostrich.”",192,29,5,226,643,3822
"Now, a prelude to Beethoven's Fifth!",173,25,5,203,643,3147
And now my rendition of “Hittin’ on the Keys.”,202,31,5,238,643,2444
"My next piece is called, ""Kapow!""",176,30,3,209,643,40
Can I call Sarah Sanders or Sean Spicer for advice?,180,22,7,209,643,836
"And now, as a demonstration of my virtuosity, listen to this!",177,28,4,209,643,3136
"I've heard of tickling the ivories, but punching the ebonies?",177,28,4,209,643,3550
I'm afraid this piece requires one to pound the keys.,151,27,2,180,643,143
The conductor was afraid I would play off beat,151,27,2,180,643,5178
My first selection is by Bouthoven,184,25,6,215,643,214
Do I use a left hook or a right cross?,180,33,2,215,643,482
"And now for your listening plesaure, I will play the theme from ""Rocky",182,29,4,215,643,2077
A pugilists worst nightmare,184,25,6,215,643,3657
"It's really hard for me to play the piano because my hands are
in boxing gloves.",186,21,8,215,643,3835
Still not as bad as the time I entered that high-heel race.,181,31,3,215,643,4810
"Oh, come on! This is how the original piece was written!",158,24,4,186,643,3330
Concerto No 5 in Knoch'em flat by Ludwig van Beatonthem,158,24,4,186,643,4769
Gives me that soft touch.,187,30,4,221,643,268
I’ve been feeling a bit punchy lately,188,28,5,221,643,3658
"{""This has a high degree of difficulty.""",160,31,1,192,643,4668
It was another knockout performance by Philip!,192,31,4,227,643,824
I will now play Box Piano Concerto in F Minor,167,28,3,198,643,2021
"As a gentleman, I refuse to take my gloves off.",173,27,4,204,643,180
For my next selection: Chopstick,173,27,4,204,643,5262
"Please,no requests for Chopsticks.",177,30,3,210,643,3087
And for my next bout: First performed by the legendary Queen..,185,25,6,216,643,604
"Seriously, I'm a lover not a fighter.",181,33,2,216,643,3905
"All of the greats are dead, so I'm not taking any chances.",182,31,3,216,643,5393
I need a tuning.,157,28,2,187,643,1465
Now for the knock out blow!,159,24,4,187,643,2690
Play to win what?,194,29,5,228,643,4675
"Wait, you asked if I could play ""mitten on the keys"", right?",162,29,2,193,643,2273
My wife never wanted me to wake the kids.,161,31,1,193,643,4078
This next one is Rocky Manoff’s Prelude in C Minor.,166,21,6,193,643,5055
When you have to perform Mozart at 8 but fight in the ring at 9.,201,26,7,234,643,849
I just hate playing with cold hands.,199,30,5,234,643,1401
What happens after the glissando?,170,24,5,199,643,2236
"And now, my rendition of Survivor's ""Eye Of The Tiger""",168,28,3,199,643,2805
I'm the first boxer to perform in Carnegie Hall.,170,24,5,199,643,5183
"By popular request -- the Butterfly and Bee Sonata in A sharp major""",205,29,6,240,643,2600
Round 13,178,19,8,205,643,1734
I am not all thumbs and I'm here to prove it!,175,25,5,205,643,2437
LET’s Let’s let’s GET Get get READY Ready ready TO To to BACH Bach bach.,211,28,7,246,643,2786
I was hoping for a dissonant  sound.,175,25,5,205,643,4993
I play as a butterfly and sting like a bee!,180,26,5,211,643,1035
"I  just  punch, the  lid  falls  BINGO  !  CANON SHOT",180,26,5,211,643,1984
"And now, the Battlt Hymn of the Boxer Rebellion!",179,28,4,211,643,3067
... and my next piece is entitled 'Banging on Keys with Boxing Gloves'... in D minor,184,29,4,217,643,1413
I've been told this next piece is a real gut punch.,184,29,4,217,643,3124
Contemporary music these days...,185,27,5,217,643,4985
"One more thing, I majored in Sociology.",193,22,8,223,643,4739
"And now, a little something I call, 'Rap City in Two'.",157,19,6,182,643,3991
"I call thith nextht number ""Down Goeth Frathier.""",193,33,3,229,643,265
"And now, I will take on Bach’s Canon.",160,24,4,188,643,809
"Now, who'd like to hear some Simon and Garfunkel?",166,23,5,194,643,3943
"I don’t care if Streisand loves The Main Event, I’m never playing it agaiin.",166,23,5,194,643,4520
Do I look like Tom Hanks?,170,26,4,200,643,863
I can't land the hook,171,24,5,200,643,1705
"I know you like immersive experiences, but isn't this a bit much for playing the Rocky theme song?",170,26,4,200,643,2616
I'm going to belt out the latest showstopper.....,168,30,2,200,643,5150
I think these are very effective in subduing the percussion expression of Mozart's compositions for harpsichord.,169,28,3,200,643,5185
DUM DUM DUM   DUM...,170,26,4,200,643,5232
"I call this ""Adrian""",169,28,3,200,643,5525
And now....my homage to Simon and Garfunkel.,175,27,4,206,643,1099
"Next, “The Flight of the Bumblebee.”",176,25,5,206,643,3119
'Melancholy Baby' a la Charles Ives? No problem.,175,27,4,206,643,4211
"Yo, Adrian! It's me, Rocky. I don’t think I can beat this guy.",175,27,4,206,643,4640
Pugalistic Punching Music by Steve Reich,182,24,6,212,643,791
My next piece will be Piano Fighter  by Warren Zevon.,181,26,5,212,643,3057
And now I'd like to play for you the opening bars of Beethoven's Fifth Symphony.,184,20,8,212,643,3626
Let’s get ready to Tinkle!,186,27,5,218,643,125
Its suposed to Sound like that,186,27,5,218,643,1191
"And now, from my ""Pugilist's Promenade,"" . . .",187,25,6,218,643,1711
"And now, “Fight for Your Right”",185,29,4,218,643,2715
This piece will be played in fourths.,189,21,8,218,643,4234
"So, who wished for ""Eye of the tiger""?",189,32,3,224,643,1318
"No, this is a composition by Beathoven",191,28,5,224,643,5164
"I shook up the world! I shook up the world, by playing Shostakovich!",193,24,7,224,643,5235
I can give you Hits or a can give you punches,144,25,2,171,643,671
"For my next number, I will pound out Gershwin's 'Rhapsody in Blue.'",165,27,3,195,643,1965
"Every tenth concert I play for the folks in the back seats. For those of you with better tickets, I quote On The Waterfront: 'This ain't your night'",166,25,4,195,643,2127
Saturday Nite’s alright for fighting,166,25,4,195,643,5040
"That’s it, I’ve warned you before, get that light off me or I’ll....",170,28,3,201,643,3182
"And now, Liszt in a clinch.",170,28,3,201,643,3939
You may remember me from the orchestra for “Rocky” on Broadway.,173,22,6,201,643,4767
My next number will be a medley from Punch Drunk Love.,177,25,5,207,643,1656
"Drink up, everyone! The next 15 rounds are on me.""


LockaBlocka2018@gmail.co",180,19,8,207,643,2311
"Sorry, my trainer just quit.",175,29,3,207,643,2420
"The next few songs are a touch more mellow, softer....",175,29,3,207,643,4036
Prepare yourselves for an eight count knockout.,174,31,2,207,643,4101
"And now, the Tyson Piano Sonata in B flat major.",177,25,5,207,643,4909
"That last one was by Chopin. And now, a piece by Punchin.",177,25,5,207,643,5203
"And now, a short tone poem by Floyd Mayweather...",176,27,4,207,643,5284
"And now, I'll knock out ""It Don't Mean A Thing.""",177,25,5,207,643,5707
"This next number will be a ""mash-up"" of   Mozart vs Eminem",182,26,5,213,643,21
"'Hard to tickle the ivories with these puppies.""",183,24,6,213,643,686
"For my encore, Thumbsticks.",181,28,4,213,643,3169
"No, I'm not cancelled.",180,30,3,213,643,3598
And now Piano Concerto for the Old One Two.,182,26,5,213,643,4430
"And now, for your listening enjoyment, my new pie.ce, which I call ""Etude:  for Boxing Day""",182,26,5,213,643,4981
"My signature composition, 'Hand in Glove, Knock Wood.'
Enjoy!",188,25,6,219,643,640
"Up next, my biggest hit. It’s a knockout!",185,31,3,219,643,1930
"Sorry, it’s not tuned...",187,27,5,219,643,3837
"Impetigo,mates.",193,26,6,225,643,141
"And now, a piece I call Rocky-maninov II.",204,26,7,237,643,4218
"And now for my own exuberant interpretation of ""Eye of the Tiger""",163,22,5,190,643,1691
"I shall now perform Rachmaninoff's Concerto No. 3, followed by a piece of my own composition, Lionel's one-two.",161,26,3,190,643,5197
"Looking out on the crowd, I think I may have hit the wrong note.",164,31,1,196,643,213
"Then . . with his next Indictment Rhapsody . . it was time to take off the gloves. Notice the developed motifs . . the supporting intricacies . . .No more sparring, as it were  . .",166,27,3,196,643,653
"And then I wrote my next big hit,",168,23,5,196,643,796
"And now my newest composition: ""Crawl of the Sloth""",168,23,5,196,643,2598
It is the sweet art.,172,26,4,202,643,113
Which round are we up to my good sir?,173,24,5,202,643,1115
Stop pounding on the keys!,180,21,7,208,643,230
I will now play 'Chopsticks' in the key of D sharp minor.,176,29,3,208,643,2519
I’m concerned the minor fall will be misconstrued as taking a dive.,176,29,3,208,643,3641
Rachmaninoff.,177,27,4,208,643,4303
"Oh...I thought we were doing Ravel's 'Bolero"".",178,25,5,208,643,4509
He dreams of the days when audiences just wanted their money back...,185,22,7,214,643,1717
Please vocalize loudly on my behalf while I bang this out.,186,31,3,220,643,3553
You actually thought this might sound good?,186,31,3,220,643,4583
Just plunking out an idea for a Rocky 9 theme.,191,32,3,226,643,1752
I will now attempt the Minute Waltz,154,20,5,179,643,2022
The critics say I punch out the melodic line.,152,24,3,179,643,5642
"Tommasini said one hand dominated too much, but I forgot which  one.",167,27,3,197,643,738
"Affection for this next little number was the only other thing in common betwixt Rocky Marciano, Rocky Balboa, and Rocky the Flying Squirrel.”",169,23,5,197,643,1451
The gig economy has been very confusing to him,166,29,2,197,643,1686
...they increase the bass response.,172,28,3,203,643,2773
"Whateya mean, 'go to my corner?'What round are we in?",177,29,3,209,643,292
"To conclude our selection of Simon & Garfunkel Classics, I present ""The Boxer.""",179,25,5,209,643,2870
Playing Country Music for Your Pleasure,181,21,7,209,643,4773
I’ve got a hand modeling gig tomorrow morning!,178,27,4,209,643,5143
I shall play for you Muhammed Ali's Piano Concerto in B-Flat.,178,27,4,209,643,5529
Let's get ready to risolutooooooooooooooo!,185,24,6,215,643,369
And now for my Chopin.,184,26,5,215,643,566
"And now, the American premiere of Chopin’s early Black-Eye Etude.",182,30,3,215,643,2033
"I'm all thumbs, which works for Eye of the Tiger.",182,30,3,215,643,2710
Hey!  YOU requested a soft glove song...,183,28,4,215,643,2998
I can’t fight this feeling anymore. I’ve forgotten what I started fighting for...,183,28,4,215,643,3132
I'm going to treat this next composition with kid gloves.,192,21,8,221,643,182
"I was told ""the gloves won't come off""

Chris Krusa",185,35,1,221,643,2658
I just don't hit the keys... I hit them like a pro.,188,29,4,221,643,3994
"I shall now perform my rendition of LL Cool J's ""Mama Said Knock You Out""",188,29,4,221,643,4540
Cowell or Bartok?,190,25,6,221,643,5493
My agent asked me to perform something more inside the box.,195,26,6,227,643,2082
And now Eye of the Tiger in C minor,169,25,4,198,643,107
my next number is entitled: discordance is just frame of mind,163,26,3,192,643,215
I'm not sure that concert pianists NEED a handicap system.,152,26,2,180,643,375
"Next, I'll play the Moonlight, er Moonfight Sonata",176,33,1,210,643,1259
Sorry. I can't play with myself.,183,30,3,216,643,1284
"And now, my version of ""Eye of the Tiger.""",179,27,4,210,643,2163
"Flight of the Bumblebee? Come on, someone request a real challenge.",190,27,5,222,643,2324
"I call this next number, ""Fighting With My Inner Critic,"" in D minor.",168,27,3,198,643,2686
"I am not yet prepared to ""take the gloves off"".",178,29,3,210,643,2959
"Charles, I thought you said these gloves would make my hands ""float like a butterfly""",192,23,7,222,643,2970
"Next I shall play ""Music Dance Boxer"".",168,16,8,192,643,3232
Jabs aren't as effective on the piano.,169,25,4,198,643,3390
I will now play Chopin's sonata for boxing gloves.,180,25,5,210,643,3876
"""In my younger years, I could blend the fourth movement with the fourth round.""",183,30,3,216,643,4611
"And for my next number, Sonata For Boxing Day",175,24,5,204,643,4720
What’s wrong? I like to punch the keys.,170,23,5,198,643,4880
"I shall now play float like a butterfly, sting like a bee",169,25,4,198,643,5095
Could you stop coughing? You’re ruining my concentration.,195,30,4,229,643,1305
Maybe no one will notice,193,34,2,229,643,1665
Oh! I prepared for the wrong event!,196,28,5,229,643,2593
"Did I hear a request for ""Mama Said Knock You Out?""",190,29,4,223,643,1765
My final selection is a tribute to Glenn Gould: Box 'Goldberg Variations'.,191,27,5,223,643,4473
This next one goes out to The Enemy of the People.,188,22,7,217,643,2675
Hey Joan can we wrap up the show I got noses and keys to break,184,30,3,217,643,2976
Standing in for Paul Simon tonight....George Foreman!,188,22,7,217,643,4920
Is there a Corner Man in the House?,179,29,3,211,643,197
"Welcome to the third concert in our series, Beethoven’s Great Beat-Downs!
Bill Hunter,
Plymouth, MA",178,31,2,211,643,2631
"And now, my tribute to Liberace.",182,23,6,211,643,3052
"And now from ""The Suite
Science...""",180,27,4,211,643,3577
Waltzing Matilda? I heard Boxing Matilda?,169,27,3,199,643,782
I shall now play this next composition in the pugilist key.,169,27,3,199,643,1049
"Ladies and gentlemen, there's no need to worry, these are only kid gloves.""",168,29,2,199,643,1594
"Viggo, this isn't working!",170,25,4,199,643,2595
Does anyone out there have a spare set of chopsticks?,169,27,3,199,643,3284
"I'm sorry, say that again ?",168,29,2,199,643,3992
This is not a piano. It is a music box.,171,23,5,199,643,4412
I will now go Bach to basics.,165,24,4,193,643,360
"Next, I will belt out ‘Clair de Lune.’",164,26,3,193,643,5533
I guess they don't like Shostakovich.,159,25,3,187,643,2942
"Look, if I can do contacts, I can do anything with them.",193,25,6,224,643,5371
"And now, Round 3 of Tyson versus Holyfield.",188,24,6,218,643,1903
"Just remember your training: jab, jab, jab.",186,28,4,218,643,4177
This week I'm trying out boom-boxing.,181,27,4,212,643,4834
Just getting ready to pound out some New Wave.,177,24,5,206,643,41
"A warning to those of you expecting ""Chopsticks.""",175,28,3,206,643,2932
"My next selection, Boxers concerto in G minor.",177,24,5,206,643,5240
"With finesse and endurance, the 88s always defeat the challenger",170,27,3,200,643,2565
I can only do the one note Samba,167,22,5,194,643,752
The theme to Rocky 12,161,23,4,188,643,2907
Give me an A!,193,27,5,225,643,2040
Get ready to ruuummmble!,194,25,6,225,643,2962
"Tonight I will be giving new meaning to ""pounding the 88s.""",189,24,6,219,643,1523
The drummer couldn't make it tonight.,190,22,7,219,643,3371
And now I'd like to perform Beethoven's Pugilist's Polka in the key of ABCDEFG.,183,25,5,213,643,2818
and now a litta numba I pound..it's called Lights Out...,185,21,7,213,643,2929
I call this next piece Pugilistic Percussion...,182,27,4,213,643,3559
Do you think that this is worse than two left feet?,177,26,4,207,643,3671
"In the clearing stands a boxer, and a fighter by his trade...",178,24,5,207,643,5462
I used to be able to tickle the ivories real nice.,173,23,5,201,643,1290
"That was the Moonlight Sonata.  Oh, no, wait--it was Frosty the Snowman.",173,23,5,201,643,2975
I can't do both at the same time. You gotta problem with that?,171,27,3,201,643,3134
Hello?,174,21,6,201,643,3539
"And for my encore, ‘Variations on Louie Louie!’",167,24,4,195,643,4025
"Ladies and Gentlemen, I present to you... ""Gonna Fly Now"" from Rocky's 1st symphony.",170,18,7,195,643,4885
"I’m a lover, not a fighter!",162,23,4,189,643,2306
"Now, for my next act, I will make this piano disappear!",162,23,4,189,643,2744
This is one of my recordings featured in my latest box set of piano pieces.,160,27,2,189,643,2806
"After several failed attempts to entertain his audience, Manuel stumbled upon the key to his knockout set.",160,27,2,189,643,3983
"Especially for fight fans, Chopin's Three Minute waltz.",157,22,4,183,643,4637
And now... Beethoven’s Moonlight Sonata in D-flat Major,151,23,3,177,643,90
"Mr Houdini, are you in the audience?",199,28,5,232,643,2368
"My next number is a variation of Flight of the Bumblebee;
it's called Float of the Butterfly, Sting of the Bumblebee.""",196,23,7,226,643,219
"If you don't want to hear something awful, somebody better wake me up.",196,23,7,226,643,321
"Good evening, Ladies and Gentlemen. I’m expecting a standing ovation....",191,33,2,226,643,2332
I always told my parents I wanted to fight,194,27,5,226,643,3027
Next: The Boxer. Just me. Simon and Garfunkel have the day off.,188,28,4,220,643,3578
And this next piece is just brutal on my fingers.,187,30,3,220,643,4746
Don’t give up your day job,181,31,2,214,643,3208
"Now, my homage to 'Eye of the Tiger'.",179,24,5,208,643,97
I will now perform ADRIENNE !   by Rocky.,178,26,4,208,643,2961
Smooth Jazz?,174,23,5,202,643,1044
What if I need to use the little boys room...?,172,27,3,202,643,1894
This adds emphasis to my allargando.,170,20,6,196,643,210
There are those who find Rachmaninoff bombastic.,170,20,6,196,643,764
"And for myy next selection,""Punch Drunk Love""",168,24,4,196,643,1469
"That was my interpretation of the theme from 'Rocky III.' Next, 'Rocky IV.'",167,26,3,196,643,3694
Still better than boxing in a top hat.,166,28,2,196,643,4266
I need to protect my assets!,162,25,3,190,643,3951
"Yes, but I can play it with a handicap.",165,19,6,190,643,3977
The drummer cancelled so I'll have to keep the beat myself.,151,25,2,178,643,5627
Mom says it sounds like I'm playing the bagpipes...,192,22,7,221,643,11
I only prepared for Hot Cross Buns!,190,26,5,221,643,1542
"Pay per view on PBS—
Rocky vs Rachmaninoff",185,25,5,215,643,1240
I will now play Fur Elise as Byron Janis,186,23,6,215,643,3492
"This is a number I like to call, TKO.",183,29,3,215,643,4721
Why is Mike Tyson the conductor?,187,21,7,215,643,5161
And now for my next bout -- I mean Beethoven Sonata.,177,30,2,209,643,1328
His Carnegie Hall dreams knocked out in a single piece.,177,30,2,209,643,2438
"Now, I wrote this piano concerto in honor of ""Rocky 4.""",176,32,1,209,643,3710
Boxeo:  A Concerto In Two Fists,179,26,4,209,643,4365
I'm protecting my hands before tomorrow's title fight.,174,25,4,203,643,892
"For my next number I’ll play ‘Buddy, Can You Spar a Dime’",174,25,4,203,643,3196
"And now, Boom Chuck Chuck in D minor.",176,21,6,203,643,3962
I will now demonstrate how to properly beat an antique piano.,173,27,3,203,643,4230
"Uh, what fresh hell is this?!",170,22,5,197,643,2031
Anyone remember the last works of John Coltrane?,171,20,6,197,643,2058
It keeps going out of tune.,167,28,2,197,643,3007
But the keys are sticky!,200,30,4,234,643,1818
This next rhapsody is a real knockout.,162,27,2,191,643,3367
I'm just making sure I'm ready for J.K. Simmons when I can't keep tempo.,198,23,7,228,643,163
"Ladies and Gentleman, now for B-Flat.",193,33,2,228,643,606
"Buxtehude? I thought you said Boxed a Hoodie.""",194,31,3,228,643,1045
"It’s a strong metaphor, but the next piece I wrote really has nothing to do with boxing.",191,26,5,222,643,2212
Uhhh...You don’t need boxing gloves to perform the Mephisto Waltz!,184,29,3,216,643,678
"See,I  can’t play jingle bells one more time.",185,27,4,216,643,1374
One mustn't perform this next piece with kid gloves.,179,28,3,210,643,2168
"And now,""Bang Bang"",arranged by Jessie J,Ariana Grande,and Nicki Minaj.",179,28,3,210,643,3222
"For my next piece, I will play 
Bacchanale by John Cage",183,20,7,210,643,4998
"Available on pay-per-view only, this Saturday.",174,27,3,204,643,427
I've never heard 'Eye of the Tiger' performed with such grace before!,173,29,2,204,643,485
I’m Boxing Jim - subbing in for One-Eye-Closed Ron. Hope you like it.,175,25,4,204,643,1977
I thought this was a keypunch machine.,173,29,2,204,643,3627
It's not really about boxing.,172,31,1,204,643,4433
The texture is actually quite nice.,171,22,5,198,643,967
I knocked that song out of the ring.,164,25,3,192,643,1267
If I could get someone to cut me I'll begin.,163,27,2,192,643,1635
"You may have heard this next one ... ""Float like a Butterfly, Play like a Cat.""",195,20,8,223,643,3896
"I heard he was all thumbs, but this is ridiculous!",187,25,5,217,643,2453
"This is my ode to Mike Tyson's brilliant Broadway production, his undisputed truth and all the Tysons who went before him.",185,29,3,217,643,2760
"Yes, Frère Jacques IS a round in tonight's Ring cycle.",187,25,5,217,643,2764
I punch the keys for a crisp sound effect.,161,20,5,186,643,4286
Now for the newly discovered Rach 5!,157,28,1,186,643,4677
"Duel talents?""But,I sing with this one""",185,29,3,217,643,5251
No need to go to this extreme.  I promise: no more chopsticks!,210,25,7,242,643,5360
And now my rendition of  'Flight of the Bumble Bee...',186,16,9,211,643,871
I can’t find middle c.,180,28,3,211,643,3625
"Albert realized that his post-bout recital lacked finesse, somehow.",183,22,6,211,643,4195
"I'm all for tickling the ivories, but this is Chopin's Black Key Étude.",155,21,4,180,643,5594
Now I'll play Chopin with my left foot while eating an ear of corn.,204,26,6,236,643,66
"Now for my encore, “Sting of the Bumblebee.”",174,29,2,205,643,602
Round 1: Classical Beats,180,17,8,205,643,817
"I shall now perform John Cage's 4'33"", to be filmed by Andy Warhol.",176,25,4,205,643,1605
Pugilistic pucussion Opis. 3,180,17,8,205,643,2516
"I don't hate Beethoven, but I pity the fool!",177,23,5,205,643,4493
I thought I was invited to a pugilist contest not a pianist concert!,170,26,3,199,643,373
And I can play this piece with one hand tied behind my back!,170,26,3,199,643,1811
"I can't play a chord progression, but I can play you a few chords.",172,22,5,199,643,5605
"Ladies and gentlemen, my next piece will be the premier of the Ring Cycle as interpreted by Gio Palooka.",194,24,6,224,643,2425
These ivories are extra ticklish.,194,24,6,224,643,2719
I did not lie on my C.V.,186,29,3,218,643,965
Now I will perform the TKO.,185,31,2,218,643,2524
"You can,t beat this song",185,31,2,218,643,3655
These new Rocky installments keep getting stranger and stranger...,188,25,5,218,643,3758
"Hey look, Mohammed Ali was a poet. I’m a pianist.",191,19,8,218,643,3873
At least I have clothes on,160,24,3,187,643,898
Is there an Ali in the House?,162,20,5,187,643,2471
"And now, Mama Said Knock You Out No. 12",164,16,7,187,643,5541
"I’ve got a bad neck rash that I need to scratch. With a collar cone I couldn’t see the keys,
but at least with these gloves I can.",184,22,6,212,643,756
And now for the Flight of the Stinging Bumblebees,179,32,1,212,643,1483
I don’t want anyone stealing my fingerings.,183,24,5,212,643,3449
But I'll bite my fingernails if I take them off!,157,19,5,181,643,1566
This next piece will be a box waltz.,177,25,4,206,643,423
I usually like soft music but this guy's a real lightweight.,176,27,3,206,643,3733
The staccato notes have been omitted.,177,25,4,206,643,5058
Box piano concerto no.1 packed quite a wallop in last night’s concert.,200,25,6,231,643,1731
I'm not supposed to punch the keys BUT I CAN'T HELP IT I'M A BOXER >:(,198,29,4,231,643,2489
I guess we know what happened to Rocky after the fight,175,18,7,200,643,499
"Well, ham isn't kosher.",172,24,4,200,643,2657
"I jab with the left and hook with the right, correct?",174,20,6,200,643,5301
"And now..."" Mama Said Knock You Out"" in E flat.",171,26,3,200,643,5619
"Do you think we could make an exception to the ""all employees must wear boxing gloves at Mike Tyson events"" ?",190,23,6,219,643,3841
"The ""Rocky Theme"" may be more challenging than anticipated...",186,31,2,219,643,5361
Punch and  Judy Garland,165,27,2,194,643,149
I’m gonna knock this one out of the park!,167,23,4,194,643,611
I am NOT playing chopsticks tonight!,198,31,3,232,643,3601
I like the way it sounds when I play with my boxing gloves on; kinda like I'm crappin' thunder!,180,21,6,207,643,405
"Take my piano, please",180,21,6,207,643,3765
"And now, Liberocky playing “Hey Adrian”.",172,26,3,201,643,3064
"For my encore, I will play a two finger polka.",174,22,5,201,643,3623
"Hey, put your Vernon Dukes up!",171,28,2,201,643,3722
I will now play Boxing with Beethoven,189,27,4,220,643,2146
"So, music speaks to me.  Last night, it said, killing me softly with this next song.  I'll do my best.",190,25,5,220,643,3018
"Now, ""Ebony and Ivory""",189,27,4,220,643,4800
And now for a song by Everlast.,207,26,6,239,643,4942
Gonna play now,166,27,2,195,643,1103
This latest workout fad is not what I signed up for.,167,25,3,195,643,1534
"Liebestraum No. 3, by Franz Liszt. What's it to ya.",166,27,2,195,643,3682
My next piece will be Box Piano Sonata.,183,28,3,214,643,620
"And now,I will play the theme from ""ROCKY""",185,24,5,214,643,1495
I need these to play all soft like.,162,24,3,189,643,5574
"To get the desired softened effect,boxing gloves may be used instead of the pedal.",161,26,2,189,643,5599
"I'm thrilled to debut my most recent composition. 
'The 2018 Overture in G Major'",178,27,3,208,643,51
What is going on? They didn't tell you I am blind!,180,23,5,208,643,4877
"So Mr. Tyson, who do you think has a tin ear now?",193,32,2,227,643,990
Life's not a about how hard of a hit you can give... It's about how many keys you hit before the security notices.,195,28,4,227,643,3660
I stay in shape by playing a few clusters before taking off the gloves.,142,18,4,164,643,5511
This next one will be played in KO.,172,28,2,202,643,1921
"This next little number, ‘A Bloody Pulp,’ I wrote bare knuckle.",176,20,6,202,643,4528
Wrong scenario impresario!!,171,30,1,202,643,5705
Watch as I play a mean “Three blind mice.”,193,21,7,221,643,5445
"Softly may I punch the keys with the theme from ""Rocky"" fortissimo.",151,24,2,177,643,4543
"And now for my own composition, ""The Ballad of the Boxer:  A blow by blow account""",167,27,2,196,643,337
"No, I didn't forget anything!",167,27,2,196,643,1775
"Sir! In the front, you — the Belgian-looking guy. Listen up, because I'm only gonna say this once. I will NOT be playing ""White Iverson"" again tonight, so you can stop fucking asking, OK?",172,17,7,196,643,2753
We're going to need you to play with more punch.,182,32,1,215,643,4239
This next piece is Marcatissimo Maximus.,186,24,5,215,643,5428
"Lie la lie, lie la la la lie lie
Lie la lie, lie la la la la lie la la lie",179,27,3,209,643,959
"The Pianist everyone called ""Al Thumbs""",161,28,1,190,643,1334
For my next trick...,181,23,5,209,643,1361
I am trying to punch out two chords at a time.,161,28,1,190,643,1499
Uhh...would it be alright if I just played chopsticks tonight?,164,22,4,190,643,3342
Free Bird? Coming right up!,180,25,4,209,643,4546
"Der Ring des Nibelungen"" by Wagne",178,29,2,209,643,4779
This guy's SWINGING.,196,28,4,228,643,5086
ffuck. Everyone happy with ffortissimo?,197,26,5,228,643,5401
And I'd like to thank my parents who allowed me to pursue a career in boxing even though they had other ideas.,176,22,5,203,643,1472
"And then I wrote the theme song for the movie ""Rocky"".",178,18,7,203,643,1992
"i call this Tango, Uppercut!",174,26,3,203,643,4613
"baby, its cold inside",175,24,4,203,643,5171
"For my next selection,Chopin's 5 Minute Waltz.",204,25,6,235,643,3613
Are you sure Beethoven started this way?,187,24,5,216,643,2032
I'm saving them for my hand model gig.,185,28,3,216,643,2051
They appear to have shrunken in the washer.,186,26,4,216,643,3004
"I said ""piano"" not ""Marciano.""",170,23,4,197,643,914
The first rule of Fight Club is: you do not sing about Fight Club.,174,15,8,197,643,3171
I believe I've found the lost chord.,199,24,6,229,643,4705
"I may be punching above my weight, but I’d really like to perform this next piece for you.",179,29,2,210,643,471
"And now a selection of Brahms, in the eye of the tiger.",180,27,3,210,643,1760
My hands are fine but I should have worn protective headgear.,181,25,4,210,643,3393
"And in just a moment, Ladies and Gentleman, the Keys Lorraine will be ready to come out",182,23,5,210,643,4635
"And now, Mike Tyson’s favorite sonata.",181,25,4,210,643,4693
They said I was too heavy a hitter,179,29,2,210,643,4975
And now let us proceed to Bach's piano solo.,165,22,4,191,643,2626
It's my way of fighting the good fight.,190,31,2,223,643,924
"And now, the Saved by the Bell Sonata in D, by Ludwig ""Kid Zucker"" Schteinmetz",192,27,4,223,643,3920
"Ladies and fentlemen, for my next number my rendition of Punch Drunk Love.",191,29,3,223,643,5550
"Lean, mean, piano playing machine.",174,28,2,204,643,996
"I play the songs, not the melody
I'll sing you a song tonight
I'm the piano man
and I'll make you feel alright",173,30,1,204,643,1558
"So this little number’s called, ‘Race for the White House.’",204,27,5,236,643,5384
"Who wants to hear a rousing rendition of  ""On Wisconsin?""",186,28,3,217,643,3898
He was a Double Major.,185,30,2,217,643,4024
"Now that the jab is established, I'll work the body a bit.",170,25,3,198,643,364
Good thing this is a talent show.,172,21,5,198,643,1219
Want to sing a few rounds with me as I play?,167,31,0,198,643,2530
"""Well, it worked for the Keyboard Cat.",154,22,3,179,643,5400
Wait... is this some sort of  twisted metaphor? I thought it was an étude!,180,29,2,211,643,1341
Tonight I thought I’d give beatboxing a try.,181,27,3,211,643,1693
The next piece was originally composed by Rocky Marciano.,181,27,3,211,643,4491
Is anyone going to unlace them for me?,181,27,3,211,643,4534
You try playing with these things on.,167,20,5,192,643,1546
"Yes, it appears that Round One goes to the piano, but for my next number, I'd like to try a little Tchaikovsky.",194,25,5,224,643,5432
"For all of you who think I'm all thumbs I present the ''Everlast
Serenade.'",176,26,3,205,643,2192
I'm an outside the boxer thinker,176,26,3,205,643,2572
I don’t think the level playing field is all it’s cracked up to be.,178,22,5,205,643,3446
He’s really taking the battle of the bands serious this year,178,22,5,205,643,3882
Thank you. Thank you. This last piece is for mother who has always observed that my playing leaves her feeling most short-changed in the note-differentiation department.,177,24,4,205,643,5011
This punch line is a trifle too black and white for my liking.,149,21,3,173,643,2663
"And now C Flat in, you guessed it, C flat.",186,30,2,218,643,768
Now for the Cantus firmus.,190,22,6,218,643,1194
"My next piece, is a self-composition, which I call 'Political Bipartisanship.'",161,21,4,186,643,502
I just wanted the kids to talk about me.,162,19,5,186,643,2201
"Swinging tune, Mac. Ease up on the keys.",162,19,5,186,643,4561
"The add said something about swing, I assumed I'd need punch too.",202,22,7,231,643,5408
Concerto “Antifortisimo”,173,21,5,199,643,3453
"Okay, that's better.",172,23,4,199,643,4317
"Begging your consent, an interpretation of the movement: Pound Me Too.",171,25,3,199,643,5167
"Boxing Day? Heck, I say boxing play.",171,25,3,199,643,5468
"I’m toe tarry I’m not feeling very well tonight, I’m fighting a bad chord.",184,23,5,212,643,2469
Simon and Garfunkel require this if you cover the song...,191,33,1,225,643,417
"Believe it or not, I can still play 'Twinkle, Twinkle Little Star!",192,31,2,225,643,2918
Are there any chopsticks in the house?,196,23,6,225,643,4565
I thought I'd play a little Bach's,167,22,4,193,643,2717
And now from the Adam Sandler movie Punch Drunk Love,178,24,4,206,643,2002
"Oh no, where's the men's room?",189,26,4,219,643,221
Perhaps a musical boxing variety show isn’t such a clever idea.,190,24,5,219,643,1895
"I am so sorry, darling, but maybe you can finally begin to understand this crippling commitment phobia",190,24,5,219,643,2234
"And now for my encore, “The Float of the Bumblebee”",203,22,7,232,643,543
And now for Box Well-tempered Clavier,203,22,7,232,643,2992
...And now I'll show you how I gave him good Haydn.,163,19,5,187,643,4706
"My next piece is titled, 'Float of the Butterfly!'",174,21,5,200,643,3254
"Theme song from ""Rocky"" anyone?",183,27,3,213,643,815
Sure it fits me like a glove but the uppercut technique is not working for D#.,197,23,6,226,643,4876
It's a living!,204,33,2,239,643,357
This next piece was written by a boxer.,167,24,3,194,643,449
Taking a test for the right to vote—I need to play Dixie.,167,24,3,194,643,3056
"And now, I will be playing ""Gonna Fly Now"" in C Major",179,24,4,207,643,1897
Does the key of A major have three sharps?,188,30,2,220,643,2269
"I shall now proceed with "" The Lost  Chords""",188,30,2,220,643,3363
Now we shall box the piano.,189,28,3,220,643,3874
Way easier than my last job. There we had to know how to count all the way up to 10...,163,21,4,188,643,1278
"When life?
Expects more!
And you?
Disappoint everyone.
Mr. President.",163,21,4,188,643,1633
What have you been smocking? Gloves have nothing to do with it. Really bad piano tuner!,164,19,5,188,643,1759
"I do take requests, as long as they are ""Chopsticks.""",165,17,6,188,643,4530
"I probably can't play Beethoven, but I can play ""Row, Row, Row You're Boat"".",175,21,5,201,643,1226
Try me...try one more time calling me a pianist.,173,25,3,201,643,2173
This is how you play those Chris Nolan trailer noises.,175,21,5,201,643,3476
BAM BAM BOOM,172,27,2,201,643,4325
"I’m feeling boxed in, at this stage.",184,27,3,214,643,4817
"This movement is titled ""Scontro non troppo.""",195,29,3,227,643,3127
"My next selection will be ""Thinking 'bout you"" by Frank Ocean",197,25,5,227,643,4398
Wanna hear me play Chopstick ?,212,19,9,240,643,4169
Who said play it again Rocky,185,14,9,208,643,1042
"And now, the ""Concerto Grosso Mosso"" by Spinks.",212,32,3,247,643,1538
And now for box prelude in C Major.,170,20,5,195,643,1788
And you attack a new piece.,182,20,6,208,643,2095
I still need to crack my knuckles.,177,30,1,208,643,3024
"I said ""A box for the recital.""",155,26,1,182,643,3480
"Will somebody please  turn up the thermostat, so I can take these off?

Michael Rogness, St. Paul MN",196,29,3,228,643,2866
I feel as if I'm punching the keys.,187,23,5,215,643,727
It’s easier than chopsticks.,186,25,4,215,643,1622
*I forgot my pants*,187,23,5,215,643,3379
"Ruckus, please.",174,25,3,202,643,615
When I dreamed of being a key punch operator I never dreamed there would be an audience.,175,23,4,202,643,4758
"Hope you enjoy my latest composition. I call it 'Noise'.""__%",164,21,4,189,643,1022
"No, really --- ""Man, what are you doing here ?!""",167,15,7,189,643,4289
"Unfortunately, the lessons omitted certain key fundamentals.",165,19,5,189,643,4429
My percussion teacher recommends an eclectic approach to piano playing.,190,30,2,222,643,1188
Box seats at the matinee.,192,26,4,222,643,3697
Somebody doesn’t like the way I play.,193,24,5,222,643,4963
"And now, a rendition of my favorite Skrillex song",183,20,6,209,643,1170
I wrote this next song for all of the Pianist-Pugilists out there.  It'll knock your socks off!,168,26,2,196,643,1887
You mean starring in ROCKY wasn't enough???,160,18,5,183,643,1892
Pounding the keys is the only way to play Boxx,200,23,6,229,643,2116
T-K-PianO,188,23,5,216,643,1733
"I was going to take my gloves off and let you know how I really felt, but this is Carnegie Hall, isn't it?",187,25,4,216,643,2835
"Oh my!!!!
Where do I begin. From right to my left or left to my right.",185,29,2,216,643,3714
Now I'm going to punch the keys to Eye of the Tiger,176,23,4,203,643,184
These gloves came as a boxed set!,175,25,3,203,643,2570
And now. The Levine variations by Cardi B.,174,27,2,203,643,2714
"I used to be a real ""hands on"" type of guy.",175,25,3,203,643,3751
On the scales at 300lbs...,178,19,6,203,643,5102
“This next tune is likely to punch out your Likes.”,163,25,2,190,643,4035
"Baby, don't get hooked on me!",192,28,3,223,643,15
Just tryin' to punch-up Shcumann's Piano Concerto Op. 54,193,26,4,223,643,5606
We here at he Music Box have added something new!,183,22,5,210,643,2899
Welcome to the new Two Note Piano!!,181,26,3,210,643,4308
"I can't even do ""Chopsticks"" like this.",180,28,2,210,643,5225
And now..”Eye of the Tiger Symphony No. 12” by Beat-hoven,173,18,6,197,643,1948
"Sorry, my German is pretty bad, I thought they told me to get ready for Beat Often.",172,20,5,197,643,3005
Do you mind if it's just the Minute Waltz?,169,26,2,197,643,4607
"For my next piece, I shall play a ten roundelay.",161,18,5,184,643,2761
"For tonight's encore, I will play for you the ""Theme Song from Rocky"" by composer Bill Conti.",158,24,2,184,643,3591
Hey Dad this is my dream!,177,23,4,204,643,1239
And now I will bang your out a few of my favorite tunes for you,175,27,2,204,643,2348
I need a volunteer from the audience to hold open the piano while I work the inside.,175,27,2,204,643,2503
"I thought they said grand championship, not grand piano.",175,27,2,204,643,2587
How about a duet?,176,25,3,204,643,2668
Sing us a song Cinderella man! Sing us a song tonight,176,25,3,204,643,2938
And now I would like to do a little thing I wrote called bopsticks,163,27,1,191,643,426
My next piece is Mozart's Sonata in B flatten major.,166,21,4,191,643,1102
Yes I can see how piano and boxing can sound the same.,165,23,3,191,643,5198
"Could you kill the lights? you aren't gonna want to hear or see this.""",166,21,4,191,643,5395
This is the welterweight performance of the Right Hook Overture,194,26,4,224,643,1770
"Ladies and gentleman, please put your hands together for Mr. Piano Man!",184,22,5,211,643,1958
Real champions are always ready for a knockout performance whether in the ring or at the player piano.,184,22,5,211,643,4471
"I call it a ""boxerto""!",200,27,4,231,643,689
That sonata is included in my remastered box set.,188,27,3,218,643,315
Play Rocky for me.,189,25,4,218,643,4952
The proclivities of my Father have nothing to do with this!,161,20,4,185,643,1407
"Yes, my rendition of the Creed theme song was a little rocky.",164,14,7,185,643,2769
"From his earliest days Luigi had promised, ‘Rachmaninov and Marciano!, Rachmaninov and Marciano!’.",160,22,3,185,643,2982
"And now, Beethoven's 'Boxing Day Concerto No. 4.'",177,25,3,205,643,2641
"And now for a song by an artist known as ""Limp Bizkit.""",176,27,2,205,643,5490
This captures their attention from the get-go,193,30,2,225,643,845
"Now for my next bout, how about mostly Mozart?",193,30,2,225,643,5311
But it’s not wearing a mouth guard.,167,21,4,192,643,2401
"I've been so anxious lately...I think my stage ""fight"" is getting worse.",166,23,3,192,643,3769
"I'm not a fan of, Chopsticks.",165,25,2,192,643,4103
Can you punch me in?,185,22,5,212,643,2066
"And next, Rocky's theme in knocked flat.",186,20,6,212,643,2070
"And now, 'chop-sticks', by Henry's realative, Ray (Boom-Boom) Mancini!""",184,24,4,212,643,2399
"Now, the Detroit tocatto in the style of Thomas the hitman Hearns.",152,27,0,179,643,3974
"This isn't right, Mr. Jordan.",172,24,3,199,643,834
Up next is the Pugilist's Overature in D minor,172,24,3,199,643,1369
I attack ferociously every piece I play.,174,20,5,199,643,2091
This is the next book of Gene Luen Yang: Boxers & Pianists.,170,28,1,199,643,2594
I knew I should have stuck with trombone.,175,18,6,199,643,3457
I am playing piano while wearing boxing gloves.,163,18,5,186,643,253
"Folks, does this strike the right note of middle aged whimsy?",161,22,3,186,643,4226
"Places, please.",177,27,2,206,643,1460
But it's my version of the 'Rocky' theme!,196,26,4,226,643,1320
This next one has a knockout one-two-punch! one-two-punch! hook.,150,20,3,173,643,447
I play in broad strokes,169,19,5,193,643,4495
They were out of hams.,187,20,6,213,643,3628
"I'm a classical pianist, yes, but also the next heavyweight champ.",184,26,3,213,643,5147
Is this not what it meant when it said the music was hard hitting?,202,27,4,233,643,3799
I will now play “Kidney Chopsticks.”,191,25,4,220,643,1212
"Bobby Short was never asked to play with these, was he?",209,26,5,240,643,2834
"Round 6, Round 6!",189,29,2,220,643,5503
A-major fight ends in defeat.,154,25,1,180,643,5704
"While difficult, it’s easier than being a defensive back...",177,29,1,207,643,966
Mmmfm fmmmf mffmm fmmfm!,179,25,3,207,643,2018
And now Hayden’s symphony 12. The Boxing Symphony,163,20,4,187,643,3732
I am trying to avoid the flight of the bumblebee,193,23,5,221,643,3716
I play to fight off the blues!,192,25,4,221,643,5702
"Float like a butterfly, tickle the keys, no one tried harder than self-proclaimed Mozart Ali.",157,21,3,181,643,4393
"This song goes out to my piano teacher, Miss Lydia Prunkett, who taught me that I can play the piano, even with boxing gloves on.",181,23,4,208,643,570
"Everyone get up and dance to Simon and Garfunkel's ""The Boxer.""",178,29,1,208,643,1238
And now... a slam dance tune!,181,23,4,208,643,1549
"I said to book The Black Eyed Peas, not Keys.",182,21,5,208,643,1857
"Wow, that concerto really packed a punch.",181,23,4,208,643,3035
"I plan to take off the gloves, if the completion gives any indication that it might  be a challenge.",180,25,3,208,643,5548
Chopsticks anyone?,187,24,4,215,643,4853
Excuse the gloves. I’ve had a falling out with my Fairy Godmother.,170,21,4,195,643,2294
"As they say, ""Float like a butterfly, ring like a key""",169,23,3,195,643,4343
This next piece was composed by Harrison Bergeron.,191,29,2,222,643,1849
Sorry folks can't play tonight; this stage fight got the best of me.,191,29,2,222,643,2181
Do you have a shorter bench?  I can’t reach the pedals.,192,27,3,222,643,4304
Now I shall play Cage Fight in 4 33’,177,20,5,202,643,905
The gloves are on...,174,26,2,202,643,3941
Soft and smooth gentle with whites and blacks.,173,28,1,202,643,4526
Has anyone seen my cut man ? This Concerto is killing me.,199,26,4,229,643,3267
I'm trying to play Spar Spangled Banner,181,25,3,209,643,632
Oops! Wrong Job.,182,23,4,209,643,2142
"No requests for “Freebird,” lest thee desire a proper pummeling.",183,21,5,209,643,2499
This is Beethoven's Concerto 1-2 (Jab-Right Cross),180,27,2,209,643,3661
And now I shall play the final masterpiece by Trumpelstiltskin.,181,25,3,209,643,5296
Old habits die hard!,187,26,3,216,643,1393
"The classic piano music box at your service, sir?",188,24,4,216,643,1780
I  won't be taking any more requests ladies and gentlemen,187,26,3,216,643,2289
"I know I’m all thumbs, but I can really knock out a great tune!",188,24,4,216,643,2447
I'd like to dedicate this next song to Freddie Mercury.,189,22,5,216,643,3358
"And now, the Michigan Fight song.",187,26,3,216,643,4772
"Once I built a tower, now it's done. Brother, can you spar a dime?",195,23,5,223,643,2046
the title is Cached Fingering,193,27,3,223,643,3287
"Written by Fisto Pugilist, this is simply entitled...BALBOA.""",171,21,4,196,643,222
The key to success is to knock on wood before every performance.,169,25,2,196,643,556
His recital was every bit as staged as a WWE match,170,23,3,196,643,1096
A boxer's dream,171,21,4,196,643,3309
"Sir,  the  song  you  are  performing is
requiem for  a   fighter; not  The
Boxer!",169,25,2,196,643,5555
I just finished my warm up,176,24,3,203,643,437
I'm here for the keypunch operator position.,177,22,4,203,643,2746
And to those critics who said I couldn't beat the Rach 2-- watch.,205,29,3,237,643,5569
Adrian!!  Adrian!!,184,21,5,210,643,934
What? My fingers are cold!,183,23,4,210,643,4584
I can do it by instinct,181,27,2,210,643,5285
How does that Rocky tune sound again?,189,24,4,217,643,4485
"And now, the Multitask prelude composed during the Boxer Rebellion.",166,20,4,190,643,1623
"Before I formally begin the work, I should like to execute a little soundcheck for those of us in the balconies.",166,20,4,190,643,3843
"In this corner, three time concerto soloist, the Piano Man, the KO Kid.",195,25,4,224,643,2106
It  made a fool of me once too often!,192,31,1,224,643,3761
How exactly is this supposed to help me win coach?,196,23,5,224,643,4867
This one goes out to all the hangry people in the house.,176,26,2,204,643,1283
It's heavy metal night.,179,20,5,204,643,3879
The next song is 'she's crafty' by the beastie boys,180,18,6,204,643,4980
I can’t believe I forgot to take these boxing gloves off. Too late to do it now! Just have to play the piano with boxing gloves. I should have taken them off earlier.,185,21,5,211,643,396
"And now ladies and gentlemen, Bach’s Concerto in C major for Two Pianos!",187,30,1,218,643,3226
"My next number is a real ""knockout""!
Jeff Manly
Toronto, On.",193,18,7,218,643,3690
I call this: Flight of The Boxer,187,30,1,218,643,4902
I'll be playing the Boxing Ring Cycle.,191,22,5,218,643,5444
Ignazio vs. John Cage,190,24,4,218,643,5604
my next number is Rocky Rolling  with the Punches,161,19,4,184,643,2361
"I know it looks odd, but just wait for the sound!",160,21,3,184,643,3853
"Please excuse my playing, but I've recently been declawed.",168,18,5,191,643,1782
"Tonight I will be performing the classic melodic death metal album 
""Hot Yoga Farts""  by ""MetalMurderSexMachine."" I thank you for your support of the fine arts.",173,21,4,198,643,5699
"Float like a butterfly, sting like Ali.",178,24,3,205,643,812
"And now, Chopin's Polonaise in G flat diminished (doubtful), ""The Boxer""",177,26,2,205,643,2015
They told me to break a leg!,178,24,3,205,643,2501
"And now for the calming music of 
Galina Ustvolskaya.",177,26,2,205,643,4281
I apologize in advance. Blame my poison ivy.,177,26,2,205,643,4550
It's better than my last job I had with these; picking flea shit out of black pepper.,193,20,6,219,643,628
I don't remember seeing this in Whiplash!,192,22,5,219,643,4347
".... and how the theme from ""Rocky"" ...",155,20,3,178,643,3629
"I dunno, my agent said something about 'twinkle toes', boxing, a piano, an audition and I just... Tried to be prepared for anything,",196,27,3,226,643,4793
"I'd love to play the concerto but 

I feel all tied up and boxed in.",201,30,2,233,643,3648
This movement’s nickname is The Knockout,201,30,2,233,643,5113
I'm just playing it how LaMotta would have played it if he had altered Bach's version.,166,24,2,192,643,309
"I was classically trained in the ""think system"".",168,20,4,192,643,1854
"I think you're punching above your weight, Steve.",173,23,3,199,643,50
"For my next number: ""Flight of the Bumblebees""",174,21,4,199,643,3303
My next piece will be a tribute to Erroll Garner,172,25,2,199,643,3790
"When George heard ""break a leg,"" he took matters into his own hands.",174,21,4,199,643,5370
Hope it's not Prokofiev's 1st or 3rd?,173,23,3,199,643,5475
Does anyone here know how to play 'The Boxer'?,180,22,4,206,643,923
"hmmmm,",182,18,6,206,643,2416
"I’ve got a touch of the flu, but I’m fighting through it.",186,23,4,213,643,4013
And now for a Bach Suite,187,21,5,213,643,4114
"Please forgive any inelegance, the repertoire always suffers a bit on December 26th",188,19,6,213,643,4481
"And, now, the Cannibal Corpse trio sonata.",194,20,6,220,643,1244
"I signed up for tuxedo boxing, does this piano have anything to do with it?",198,25,4,227,643,3370
"I need these, I'm playing the ""Rocky""  theme song!",198,25,4,227,643,4715
This one goes out to Harrison Bergeron.,163,19,4,186,643,1719
And now for my version of Rachy II......,161,23,2,186,643,4252
"I'll play 'row, row your boat once', as my trainer warned I might be KO'd after the first round.",160,25,1,186,643,5006
"Gonna giv'm the ole 1, 2, 3, 4",167,24,2,193,643,890
I think I'm punching above my weight.,165,28,0,193,643,1302
"In honor of the tenth anniversary of the Piano Fight Club, I shall play the theme from Rocky in the Italian classical tradition.",168,22,3,193,643,2551
"I call this piece, Giving My Fingers a Rest, and I hope you all will enjoy this.",168,22,3,193,643,3395
"And now for my next selection, ""Mama Said Knock You Out"" by LL Cool J.",174,23,3,200,643,148
I've been getting really into Henry Cowell and John Cage lately.,173,25,2,200,643,2264
"And now I will play ""On Wisconsin,"" the Badger's fight song.",175,21,4,200,643,4806
Beethoven wrote the next sonata in seven #s.,182,20,5,207,643,2049
I play only chopsticks and you will like it,186,25,3,214,643,1021
"Tea, a drink with jam and bread...
That will bring us back to Boom-Boom, Pow-Pow",188,21,5,214,643,3166
"My next number will be Dwayne Johnson - ""The Rock"" III",193,24,4,221,643,2948
"And now, Chopin’s Nocturne in B-flat minor, as interpreted by Keyboard Kat.",196,18,7,221,643,5117
"I just said I'd be Bach.  See sharp, not be flat.  
Mistake to hire agent instead of trainer.",208,20,7,235,643,44
I could not decide if I wanted to be an athlete or a musician!,170,20,4,194,643,84
Did someone request BeatHoven?,176,21,4,201,643,3443
Flight of the bumblebee?,179,15,7,201,643,5069
I will now perform a real knockout of a tune!,183,20,5,208,643,2381
Tonight I'm going to play Chopin.,182,22,4,208,643,3528
"If Liberace could do it, so can I,",181,24,3,208,643,3924
"As a former Boy Scout, I am compelled to be a prepared pianist.",180,26,2,208,643,5417
This is a heavyweight piano. I told you I only play Bantam.,188,23,4,215,643,1113
"If Keith Emmerson could stab his Hammond organ with a knife, why can't I ...",188,23,4,215,643,2768
"I AM the Greatest, but ""Freebird?""  Really??",191,17,7,215,643,3929
"In lieu of the Squeeze Box, I will now play the Piano Box.",185,29,1,215,643,5134
I'm just going to assume I'm not hosting the boxing championship.,193,26,3,222,643,4492
And now from my new rap concherto,195,22,5,222,643,5426
I'm committed to the lower register.,165,19,4,188,643,2456
"And now, Eye of the Tiger!",170,22,3,195,643,199
"I'm allergic to bees so I like to wear these when I play Rimsky-Korsakov,",172,18,5,195,643,1874
Gonna pound these keys like I pound my dick!,174,14,7,195,643,4949
And the beat (box) goes on...,179,17,6,202,643,106
"Today, I defy Benjamin Franklin's advice to please my critics.",180,28,1,209,643,145
"And now, Beethoven's Mmmm%$oonli88ght So?#natta2222222222...",185,18,6,209,643,2643
Play Punch Rock!,182,24,3,209,643,4895
Be-Bop-A-Lula!,188,25,3,216,643,4031
I will now attempt to beat the Für Elise land-speed record set by Sir Chuck Norris.,197,20,6,223,643,1496
I don't need these to play my College Fight Song.,172,20,4,196,643,767
It's a Balwin,179,19,5,203,643,929
Can we turn the heat up? These are treble clefs,192,19,6,217,643,1055
Unanimous? Another ballad it is.,188,27,2,217,643,1315
My major in Composition and minor in Method Acting give 'Gonna Fly Now' a real one-two punch.,183,24,3,210,643,1764
A concert pianist's bad dream after eating spicy tuna rolls after 9pm,185,20,5,210,643,1840
"---AND FOR MY NEXT PIECE  ""THE THUNDERER------""",160,18,4,182,643,1949
Beethoven was a bit if a pugilist,191,21,5,217,643,2016
What is everyone’s appetite for a black and blue concerto?,175,27,1,203,643,2056
Where's the Ring Girl?,196,24,4,224,643,2214
"Ready for the soundtrack for ""Boxing Helena.""",200,29,2,231,643,2318
C'mon people! Let's pump it up!,176,25,2,203,643,4578
Concerto for boxing bouts,182,26,2,210,643,4661
Procrastination wasn’t working.,190,23,4,217,643,4799
"For my next number, Chopsticks.",201,29,2,232,643,5437
I call this composition 'Sweet Chin Music volume  IV',198,22,5,225,643,4660
I have a severe Gershwin allergy.,193,19,6,218,643,5072
"What do you mean, 'this isn't the glove compartment'?",190,25,3,218,643,5310
I think it's safe to assume I've been knocked out.,183,26,2,211,643,2532
"Um, I don't think this is how you play ""chin music""!",185,22,4,211,643,3311
Punch punch punch puuuunch.,176,14,7,197,643,2408
This is the greatest piano concerto ever!... and I’ll slug anyone who says otherwise!,171,24,2,197,643,4464
"And now, here’s Wonderwall.",167,19,4,190,643,3060
"Okay, guys, I promise I won’t play Chopsticks again.",168,17,5,190,643,3152
"Hell no, man.",166,21,3,190,643,3444
"And now we’d like to play Mike Tyson’s piano concerto in E#, also known as “Fingers? Who needs fingers?”",166,21,3,190,643,5166
Feel free to join in with the hook.,166,21,3,190,643,5275
"Next, I will play Beethoven - 'Moonlight' Sonata in a new C Stick and Move.""",203,27,3,233,643,1515
"Like Pop always said... ""Dance like a dragon flies, and string it all to B.""",199,22,5,226,643,3862
They want something new and different.,200,20,6,226,643,3890
It's suppose to sound better with the new rap music.,191,25,3,219,643,3272
What 's the punchline?,184,26,2,212,643,2991
"This next piece is called, 'The Three-Hundred Pound Kitten's Run'.",186,22,4,212,643,4918
Is this someone's sick idea of a joke?,179,23,3,205,643,2567
This ISN’T for the Punch and Judy reboot?,179,23,3,205,643,2730
Ah-oneeeeee....ah-twooooo....ah-threeeee....ah fou,178,25,2,205,643,3386
I'll be presenting a program of Bach's music.,177,27,1,205,643,3681
"That’s if one is falling on you. But up close and personal, take the gloves off.",172,24,2,198,643,2088
I'm the best.  I just haven't played yet.,165,25,1,191,643,3105
"Some of you might not know that as of last midnight the tenets of Vonnegut's ""Harrison Bergerson"" became law. Therefore, in place of Beethoven's sonata number thirty I present ""Chopsticks.""",159,24,1,184,643,1797
"And now, Ladies and Gentlemen, may I present to you, ""The Eye of the Tiger.""",209,30,2,241,643,1644
Be prepared.  I'm coming out with a swing.,191,27,2,220,643,4338
Chopsticks? Afraid not. A knife and fork please,192,25,3,220,643,4897
"My next piece is titled ""Politically Incorrect""",189,18,6,213,643,3189
"In keeping with the spirit of the times, I will now play Bach the way Mafia Don governs.",188,20,5,213,643,5010
I was afraid there'd be a boxing kangaroo in the audience tonight.,180,23,3,206,643,450
These heated keyboards make simple ditties quite challenging.,179,25,2,206,643,1512
The una corda pedal is malfunctioning.,179,25,2,206,643,2445
Are you sure this is how to play Diminuendo?,181,21,4,206,643,4533
I suppose you want me to play “Eye of the Tiger?”,180,23,3,206,643,5270
"It's a knockout.
If looks could kill, they probably will",175,20,4,199,643,2166
"For my next number, I'll be playing ""Brontosaurus On the Keys"".",174,22,3,199,643,3276
Dueling Pianos Competition,174,22,3,199,643,3368
"I don't care what you think,it's comfortable!",166,25,1,192,643,2013
"Please don't laugh, this is the only way to play  lil Xan on piano.",170,17,5,192,643,3467
I thought they said thunderdome not metronome,196,32,0,228,643,3474
Could somebody please turn down the air conditioning?,200,24,4,228,643,3854
I auditioned for the kettledrum.,193,25,3,221,643,1367
And if I hear any snorin' out there I'll play chopsticks with your head.,195,21,5,221,643,2609
Fighter introduces Gleft.,143,19,2,164,643,1355
The Reprise Fighter,187,24,3,214,643,4336
"I told you, I play hand in gloves...",186,26,2,214,643,4698
Boxing Beethoven! You all ready for this?,182,21,4,207,643,1204
Requiem for a large harmonica.,182,21,4,207,643,2823
Dooby-dooby-doo...,176,20,4,200,643,400
"And now, my rendition of the new uncomplicated classical beat",176,20,4,200,643,1077
I only play Bach's pieces,173,26,1,200,643,1732
"...and now, winner by unanimous decision, I will play your request.",174,24,2,200,643,4181
Let's Make the Tune Great Again,170,19,4,193,643,1706
"And then , at the peak of the crescendo , you take the gloves off and proceed with a gentler finale for ten fingers...",155,23,1,179,643,75
Play to win!,194,25,3,222,643,2911
'Chopsticks' is not on tonight's set list.,197,19,6,222,643,3088
m now going to play a Chopin mazurka,194,25,3,222,643,3482
"I wish my brother George Foreman was here.""",189,22,4,215,643,166
I'ts a tune up fight.,188,24,3,215,643,1660
I should have just majored in Engineering.,220,27,4,251,643,233
Which keys should I rubeato?,184,19,5,208,643,464
The only issue is that it is untuned.,185,17,6,208,643,507
I gotta right to sing the blues...,183,21,4,208,643,1396
"And now, so as not to offend anyone......",181,25,2,208,643,1434
"Damn it! Not this again,"" huffed his unimpressed, exasperated subconscious at his mediocre nightmares.",181,25,2,208,643,2387
One more request for 'Melancholy Baby' and I'll put my dukes up.,182,23,3,208,643,5409
"Yo Mick, can I go back to chasing the chicken?",175,24,2,201,643,119
Who would like to hear Knock-out?,174,26,1,201,643,2160
I always wear gloves when playing a percussion sport.,178,18,5,201,643,3699
"My closing piece: ""Unanimous Ten""",176,22,3,201,643,5489
"For your holiday enjoyment, we'll be singing 'Jingle Bells",170,21,3,194,643,2893
"And now, Beethoven's fifth...",195,25,3,223,643,401
"And now, ""The Minute Atonal Crash-Bang.""",191,20,5,216,643,1982
This isn’t exactly what I had in mind by the piano needing a tune up!,183,23,3,209,643,2537
I tried tying strings around my fingers to remember the punch lines.,178,20,4,202,643,2618
Can we play it in C major and D major?,177,22,3,202,643,5484
"He gloats like a baritone, but sings like a chickadee.",177,22,3,202,643,5634
"Seriously, I'm trying my best,",169,25,1,195,643,2193
It's an eh tu Brute in punch-drunk manner.,169,25,1,195,643,3757
My hands get cold!,164,22,2,188,643,2483
My next selection is called ‘Gonna Fly Now’ by the great Bill Conti.,188,28,1,217,643,501
for my next  selection after  the flight and attack of the bumblebees,190,24,3,217,643,3327
"The pitch might sound a bit rocky, as I play wearing these gloves.",186,19,5,210,643,439
"If you don't like it, come on up here and fight me.",183,25,2,210,643,523
These are fighting musical notes,185,21,4,210,643,1085
Jackson Pollack Rhapsody No. 4 in C Sharp Minor.,186,19,5,210,643,2343
Chopin and I will not be pleased if maestro's tempo is too slow this evening.,182,27,1,210,643,3307
You think so? I'm gonna knock 'em dead.,176,26,1,203,643,3125
"No hands!
Pitch Perfect!",172,21,3,196,643,576
"So you want to hear ""Flight of the Bumblebee?""",172,21,3,196,643,672
You lied to me!,172,21,3,196,643,3481
"The sound is sharp, but the piano is flat.",164,24,1,189,643,1215
Enrique “The Spanish Pianist” Carrasco plays the music of Lady Gaga.,165,22,2,189,643,1473
I 'm just here for free drinks. My twin is the musical one.,166,20,3,189,643,3323
I will now play the theme song from the movie - Rocky.,165,22,2,189,643,5190
And now my talent offering in this year's WBA welterweight competition,167,18,4,189,643,5454
I wrote this one after being clocked by Mike Tyson in the ring.  It's called 'Huh?',184,25,2,211,643,4750
He is a germaphobe - won't touch anything without gloves,178,24,2,204,643,998
This is one of the greatest works of Bach's.,198,25,3,226,643,55
"Jim specialises in all sorts of movements - 5th movements, head movements etc...",197,27,2,226,643,5517
"Tonight, I’ll be playing 4’33”.",174,19,4,197,643,4033
"For mohammed Ali,Sting like a bee and float like a butterfly",172,23,2,197,643,5565
"Hey Yo Adrian, one more time, I swear just one more time",166,22,2,190,643,3349
Nobody knows the troubles I've seen. Nobody knows but Jesus.,168,18,4,190,643,4953
And they said I didn't stand a puncher's chance of playing Carnegie Hall.,183,29,0,212,643,729
"I thought that you said ""Chop On,"" not Chopin!",187,21,4,212,643,2892
Desperate one hit wonder tries again....,186,23,3,212,643,4575
"And now, a selection of pieces from Ludwig Von Beathovan, Wolfgang Ama-No Mas Mozart, Johann Sebashing Bach and Giacomo Punchini.",208,20,6,234,643,1669
I will now play Bill Conti's 'Gonna Fly Now',207,22,5,234,643,1831
This is going to be a real page turner.,162,17,4,183,643,3745
"Floating on Lunesta, ""Fight of the Bumblebee""",161,19,3,183,643,5557
‘Occhio di Tigre’ by Sopravvissuto.,180,22,3,205,643,3268
Fly like a bumblebee,180,22,3,205,643,4091
Tonight I will differentiate beat from beat,192,26,2,220,643,195
I shall now type a letter to Terpsichore.,173,23,2,198,643,440
...and in this corner...,194,22,4,220,643,1192
I might be nervous for the concert. I had this terrible dream last night...,174,21,3,198,643,4609
You listining to D magore engery,208,22,5,235,643,3831
..and now I'll play Chopin.,185,27,1,213,643,3525
I will now play my own composition called 'Rocky Roll.',185,27,1,213,643,3558
"This next piece, I call, Rocky Marciano",187,23,3,213,643,4881
The gloves help when I play Rachmaninoff— especially when I’m ‘Russian’ it (ha ha).,187,23,3,213,643,5685
Well it wasn't the first  piano performance to put me to sleep,167,22,2,191,643,954
I wear these to beat my meat.,169,18,4,191,643,2882
This sonata 1-2-3b-2's movement is a knockout,197,31,0,228,643,1253
I'm the typecast for 'Rocky' not 'Liberace'.,182,20,4,206,643,2136
Take the gloves off!,181,22,3,206,643,4588
And now for my impression of Jake LaMotta - after he retired.,160,23,1,184,643,5230
"I call this ""What's Black and White and Red all Over.",194,24,3,221,643,3602
"And now for my final selection: 
Rollin, Rolling, Rolling!",174,23,2,199,643,939
I should like to play my randition of The WilliamTell  Overture,176,19,4,199,643,1718
A Heavyweight Music Box,175,21,3,199,643,3172
I hate playing ham handed songs and music.,175,21,3,199,643,4711
Ali's Flur de Punch in A minor.,189,21,4,214,643,571
"Next I will play Tchaikovsky's symphony number 1, 2 and left hook",200,27,2,229,643,1223
"He is incomparable at recognizing its percussive potential.
Hilary A. Kaplan
Silver Spring, Maryland",181,24,2,207,643,795
"And now ladies and gentlemen, Sugar Ray Stravinky's ""Knocked Coal Digger,"" in A Flat Miner.",183,20,4,207,643,926
"And now, for the latest by John Cage. It's not a """"Cheap ""Imitation"".",183,20,4,207,643,976
There's poop in here!,186,14,7,207,643,1173
My hero was Harry Houdini..,183,20,4,207,643,5446
Beathoven piano concerto no 5,195,24,3,222,643,39
"I will now play ""Fanfare for a Triamphant Presidential  Knockout of a Democratic Congress.",180,13,7,200,643,3084
I call this next piece 'Going HAM.',176,21,3,200,643,4122
They call me the rope-a-dope ivory tickler.,188,25,2,215,643,1054
Mind if I play with my mitts on?,192,17,6,215,643,3805
"Fiddlesticks? Why, sure!",203,23,4,230,643,999
Pound them keys is what I say.,169,22,2,193,643,302
"And now for the grand finale,
Boxing Boogie Woogie.",197,22,4,223,643,4925
This is just my hobby. I made my name by getting in the ring without gloves.,176,23,2,201,643,529
We be ham fisting. Yeah!,177,21,3,201,643,4644
'Welcome to Chris Brown in the lounge.',191,21,4,216,643,544
But this piano goes below the belt.,176,25,1,202,643,38
"I call it ""The Upright Uppercut""",177,23,2,202,643,3913
For my final ringside number I would like to play one of Bach's Sonatas.,190,25,2,217,643,3488
"Maestro, I'm ready. Bring on the concerto!",190,25,2,217,643,5391
"Yo, Simon, it ain't over till it's over.",204,25,3,232,643,3972
"boxing glove: ""unhand me, you fool! """,159,18,3,180,643,1134
"My next tunes for my Mommy, for letting me borrow her gloves",185,22,3,210,643,1975
"Gloves off for this dueling piano fight, please.",184,24,2,210,643,2253
"Ladies and gentlemen, Let’s hear it for the boxin love chords!",172,20,3,195,643,4105
I will now play one of Dwane's great pieces.,192,23,3,218,643,2721
"Yes, I've taken some tough knocks, but maybe I can hit the world stage this way.",190,27,1,218,643,5041
They asked me to tinkle the ivories,190,27,1,218,643,5088
"This grand ol' box I'm boxing
'til the whole damn place is rocking
I'm the PianoBoxer Man",181,17,5,203,643,3978
this really is the ONLY way to play Beethoven,168,15,5,188,643,23
Everyone  needs a second job these days!!,200,22,4,226,643,2798
"If you loved ""Mrs. Robinson"", Art tells me this song from our latest album ""Bridge Over Troubled Water"" will knock you out.",184,26,1,211,643,3707
"I'm from Julliard, doing my practicum on Heckler Control.",187,20,4,211,643,3938
"Good, but your playing needs a different attack.",188,18,5,211,643,4065
Heavy-handed? No punch?,184,26,1,211,643,5498
"For my next piece, ""Canon in CTE.""",192,25,2,219,643,613
Breaking  News— Rocky Balboa attempts the piano!!!”,192,25,2,219,643,2356
Just Refined Enough,180,21,3,204,643,2298
And now here’s “Revolution #9.”,201,22,4,227,643,2935
Is there a sports doctor in the house?,203,18,6,227,643,5588
Down for the count!,188,20,4,212,643,1531
"I bet Saul Bellow could never do this.""",189,18,5,212,643,4907
My next piece was written by Bach when he was training for the Golden Gloves.,174,20,3,197,643,2112
And now for an interpretation of Hurricane.,207,25,3,235,643,593
You forgot to take the gloves off..,209,21,5,235,643,1682
I call it the 'Stump of a Crash of Rhinos'.,160,20,2,182,643,2288
"Chop kicks, not chopsticks!",160,20,2,182,643,3365
Stella. Estella?,161,18,3,182,643,4647
"I shall now play, ‘Duke it Out’!",181,21,3,205,643,394
"Rocky"", eight coun",181,21,3,205,643,548
This piano just came out of a box.,180,23,2,205,643,2682
Gimme that old soft shoe.,179,25,1,205,643,5165
"In the next piano duo, I will be performing the Kangaroo Hop with the bloke from Down Under.",190,18,5,213,643,3891
"I channel Ali: float like a butterfly, sting like a bee.",208,25,3,236,643,2737
I’m playing it “pianissimo”.,176,18,4,198,643,2262
Haven’t you ever seen Elton John play with his feet?,176,18,4,198,643,3275
'Excuse me while I lay down some phat beats...',196,21,4,221,643,1963
He catches a glimpse in a mirror as he prepares to perform a Leonard Bernstein piece that requires special instrumentation.,194,25,2,221,643,5120
"Recently “chopped” on the food network, he moved on to his next artistic endeavor.",203,22,4,229,643,5560
"ladies and gentlemen, without further ado, i regret to inform you that the men’s bathroom is closed.",168,21,2,191,643,131
Come out swinging?,171,15,5,191,643,1911
"The meat locker was too cold, so I do this instead.",190,20,4,214,643,12
"In fact, sir, I trained at Fleety Floyd's Gym.",186,28,0,214,643,4591
A blind pianist? Wait until you see this next guy.,174,24,1,199,643,1600
"What do you mean, you never saw the movie ""Jaws""",175,22,2,199,643,2304
...and for my next challanging piece,195,25,2,222,643,1510
For my first trick...,194,27,1,222,643,4654
I'm the accompanist for the Punch Brothers.,184,19,4,207,643,3616
"My next piece is entitled ""Ode to Cross-Training""",189,24,2,215,643,4771
And now I play for you... ‘An ode to boxing.’,191,20,4,215,643,5022
They had asked me to box-in the keys.,195,27,1,223,643,2355
"They protect me from the threats I have received--sinister forces plan to close the keylid on my precious fingers.  Now, enjoy my outstanding play.",198,21,4,223,643,2439
One Note!@,176,22,2,200,643,3048
"Ladies and gentlemen, the official scoring is a draw.  No blows were landed during the 4'33''.",176,22,2,200,643,3895
This next one is a Split-Decision.,204,24,3,231,643,5372
This one was penned by Bundini Brown.,184,21,3,208,643,136
Bah! To think they criticized my last concerto for lacking that signature punch - preposterous.,183,23,2,208,643,185
"ooh, maybe you better turn up the heat instead.",183,23,2,208,643,2097
let me box to this beat,185,19,4,208,643,3557
Try fisticuffs on chopsticks.,184,21,3,208,643,4019
Boxer on the keys,163,20,2,185,643,1544
And Muhammad Off-Key is on the piano.,164,18,3,185,643,2771
Lullaby of Broadway requires me to play with kid gloves,164,18,3,185,643,3435
I am boxing it up,191,22,3,216,643,1749
AND STILL CHAMPEON,190,24,2,216,643,5155
Perhaps I should use my head instead.,199,21,4,224,643,4558
I'll start with twinkle twinkle little toes in the key of c,177,22,2,201,643,431
"I'd like to take this opportunity to remind all of the fine people gathered here tonight, that there's plenty of folks out there who still say that no black man could ever play Liszt.",179,18,4,201,643,2195
"I just can't fight this feeling anymore...
now somebody cut these thing off of me!",176,24,1,201,643,3292
Next I’ll play my fight song. I call it my take back my life song.,180,16,5,201,643,3811
This is not the Thrilla in Manila,178,20,3,201,643,4551
And now for the Bach-sing along!,180,16,5,201,643,4730
I feel bad for things with paws.,177,22,2,201,643,5578
"I call this next piece, 'Me Versus Pianola Roll.'",184,23,2,209,643,202
"I was told there would be a boxing match, but now I see that I am to play the piano. Random!",190,26,1,217,643,3009
Now they tell me that the only words I could make out in their garbled voicemail were actually 'Bach sing loves.',200,21,4,225,643,5673
"And now, I'm going to box your ears!",171,21,2,194,643,3706
"Chopin's etude Butterfly, plink a minor key.",179,20,3,202,643,3417
Pinching hazard.,187,19,4,210,643,1019
"Bam bam, ey, what a bam bam.",186,21,3,210,643,2463
"And now, thumping keys by my boy Elroy. If you don’t like it please cross that line on the stage.",186,21,3,210,643,2812
The last time I attempted Franz Liszt's Campanella I injured my hands therefore my Dr. insists I wear these.,185,23,2,210,643,3281
My next piece comes right out of the box.,192,24,2,218,643,2881
they said be unique ya think this is easy?,190,28,0,218,643,4802
He plays the most amazing glove songs!,166,18,3,187,643,4447
Or would you rather be watching the maestro now replacing me in the ring against the heavyweight world champion?,199,25,2,226,643,4979
"Just another key puncher, in the slog of life...",173,19,3,195,643,608
"My next # is ""Waltz around the Ring"" composed solely to be played with boxing gloves.",204,30,0,234,643,1491
Classic keyboard  boxer,172,21,2,195,643,4089
"Ladies and gentlemen please welcome George! George is an excellent multitasker —  effortlessly defending his title in the ring, he also tickles the ivory AND simultaneously accomplishes advanced pivot tables in Microsoft Excel. Give it up for George!",179,22,2,203,643,528
"Flight"" of the bumblebee?

Nevermin",180,20,3,203,643,5266
It is the only way I can play The Polooka Polka!,187,21,3,211,643,4385
"And now, a Paul Simon rhapsody.",192,26,1,219,643,758
There's a rhythm in the ring of the keyboard...,160,17,3,180,643,1277
"What my playing lacks in clarity, my un-bitten fingernails display in acuity.",166,20,2,188,643,2889
"Everyone, if you would kindly look under your seats, I've seemed to have misplaced my hands.",181,20,3,204,643,3639
"Sir, kindly take your mitts off me.",188,21,3,212,643,4744
What I burnt my hands.,189,19,4,212,643,5269
When you said “ punish the counter” ...?,209,24,3,236,643,3530
"Ladies and gentlemen—I present to you, the -only- way to play Eye of The Tiger…",169,16,4,189,643,4285
Victor had always wanted to be a two sport competitor,169,16,4,189,643,5680
Can you play ‘Love Is A Battlefield ‘??!!,173,23,1,197,643,2888
Gwyneth said no porcelain.,183,18,4,205,643,3926
"I don't know how to sting like a bee, but I do know Flight of the Bumblebee.",180,24,1,205,643,3970
"Oh no I knew I forgot something when I got up this morning... i forgot my hat, my hair will be ruined in this rain!",183,18,4,205,643,4149
"Do not try this at home.
                                         


""Do not try this at home.""",182,20,3,205,643,5172
And to conclude tonight's performance: Beethoven's bowel movement.,180,24,1,205,643,5688
"Hamfisted ?
Hell no!  -- These are my Piano-training Gloves!",197,20,4,221,643,774
Niles pretending to pound out a tune when the CD skipped.,195,24,2,221,643,1139
You said play with your left hand? I thought you said play with your left hook!,169,18,3,190,643,2191
"And now, Chris Brown’s cover of Rihanna",176,19,3,198,643,37
They told me to learn some monophonic pieces.,175,21,2,198,643,387
"I heard Mike Tyson was coming to watch his nephew perform at the piano recital, so I had to impress.",174,23,1,198,643,2586
"now, i understand how ridiculous this may look! however, this piano is - against all odds - the heavyweight champion of the world, and i have had to enact both a cinematic heist and a personal revelation in order to find myself on this stage today!",182,22,2,206,643,1503
I can't even do Chopsticks,183,20,3,206,643,4007
"This piece was written for my newly formed, ""Heavy Leather band.""",196,24,2,222,643,4144
This is that old chestnut: Belt It Out and Punch It Home,172,14,5,191,643,3154
And now for a little Simon & Garfunkel ...,171,16,4,191,643,4284
This song is called “Puncher.”,177,19,3,199,643,739
"The piano was prepared, but Mike wasn't.",179,15,5,199,643,4665
What the! This is NOT what I wished for! I asked to be a key member of the board!,187,14,6,207,643,1944
"Three blind mice, three blind mice...",184,20,3,207,643,2384
"My next opus is entitled ""CT in E minor""",190,23,2,215,643,2393
Where do I punch,191,21,3,215,643,2739
Playing the piano on 'hard' mode,194,17,5,216,643,2047
My parents never loved me.,173,14,5,192,643,3931
"and now Cauliflower Ears', JuNgLe In ThE rUmBlE",192,21,3,216,643,4249
Savate Concerto,183,24,1,208,643,4774
And now for the Israeli national anthem...,199,24,2,225,643,1595
Chopsticks? Are we eating Chinese?,193,21,3,217,643,822
This is where John Garfield and I diverge.,191,25,1,217,643,4582
Do I look sharp with these gloves?,194,19,4,217,643,5571
"You should see Cody, the other guy.",178,21,2,201,643,5582
"Yes, I’m exercising!",196,17,5,218,643,3728
I was not prepared for this kind of duel.,187,20,3,210,643,32
I'm so pleased  to a part of this Day after Christmas Concert at Massey Hall.,188,18,4,210,643,2533
Liberace can really pound out some mean tunes!!,186,22,2,210,643,2571
"Sorry folks, I'm all thumbs tonight.",187,20,3,210,643,3580
"Next number is ""Boxer's delight""",185,24,1,210,643,5177
"Apologies. I was under the impression I was to be playing Beatoven, not Beethoven, tonight.",178,23,1,202,643,1846
He's really known for his voice. The piano is just a prop.,180,19,3,202,643,5160
Come out flat and get played like a fiddle,172,20,2,194,643,2698
"And, now,  I'd like to play for you the Intermezzo from Cavalleria Rusticana , by Pietro Mascagni.",175,14,5,194,643,4882
"Dear, my fingers don't hurt any more!",197,17,5,219,643,1571
You wanna fight me on this piano bro!?,195,21,3,219,643,1643
"And next, ""Flight of the Albatross""",195,21,3,219,643,2879
"And, now, Tyson's Etude Op.10 No. 3 - B-Flat Major.",188,20,3,211,643,682
It isn't what it looks like!,186,24,1,211,643,876
"Ali, was always my dream to play the Ivory keys..",186,24,1,211,643,3236
"Damn, caught red handed...",185,26,0,211,643,3493
The key to being a musician is to glove your work.,186,24,1,211,643,4155
How do you expect me to do two things at once?,181,19,3,203,643,1612
Oscar Bait,182,17,4,203,643,3108
"Boxing the keys, Bobby Shorter style:",173,20,2,195,643,4995
"Time out, foul, breaking rhythm, loss of one point.",166,19,2,187,643,1793
"I,m just wearing these to keep my hands warm.

Elizabeth Shaw
San Francisco, Calif.",187,24,1,212,643,2258
". . . Gonna Fly Now. Next the theme from Raging Bull, Cavalleria Rusticana Intermezzo.",187,24,1,212,643,2534
He’s a man of many talents.  Beating up pianos is just one of them.,189,20,3,212,643,3174
"The next piece is my own composition entitled, 'Fight Club.' And no, I haven't been drinking, but am a bit punch drunk from my previous profession.",188,22,2,212,643,3308
Aren't we playing the first movement from the Pugulist Concerto in Bb?,180,23,1,204,643,2547
"And now as my Al Jolson tribute continues, I'd like to play AlaBAMy Bound.",174,20,2,196,643,1082
This is the Winner By Knockout sonata for piano four hands.,174,20,2,196,643,4903
"When I pound the black and whites, the harmony is incredible.",198,19,4,221,643,1164
OK.. the odd's are even.. I can play Chopin VS Trump knew nothing...,196,23,2,221,643,5319
Best technique to compose a fine lullaby.,191,18,4,213,643,1350
klsfjsd,192,16,5,213,643,1999
No encore tonight.,190,20,3,213,643,2076
"Next, I’ll be playing Bach’s “In G Minor”",189,22,2,213,643,5351
"Do I have to do your job, too?",192,16,5,213,643,5687
"At recital, all the way up the scale, my hands told me I was a non-pianist.",183,19,3,205,643,5170
I'd like to play chopsticks. Again.,175,20,2,197,643,2685
The guy at the store said these go loves would knock you out!,174,22,1,197,643,4874
"As an encore, I""m going to play my Boxing Concerto.",189,24,1,214,643,889
"I,m now going to play gloves get in the way",182,23,1,206,643,4487
I have a boxing match at 6:00 but a recital at 5:30.,184,19,3,206,643,5653
"The next selection is ""The Hypochondriac's Concerto""",175,22,1,198,643,636
"And now, the Box Well-Tampered Clavier",180,12,6,198,643,698
Perfect to start off Tchaikovsky's first Piano Concerto!,176,20,2,198,643,4921
"It fifights me.
I have no chouxe.",200,19,4,223,643,2036
No this isn't a piano. I have a scale in here.,198,23,2,223,643,5630
How dare you say I'm all thumbs!,170,17,3,190,643,3146
"And now, Mozart's Piano Concerto N. 23 in A.",192,20,3,215,643,1871
Has anyone seen my shadow?,183,23,1,207,643,4563
I'll be playing the piano sonata by Wolfgang Amadeus K.O.zart,177,20,2,199,643,1794
My drums was stolen,186,19,3,208,643,200
That was a real knockout!  This next one will be a TKO...,186,19,3,208,643,778
"Please welcome our next performance, ""The Boxer's Treble""",186,19,3,208,643,1065
"Next I put the top down, take my gloves off, tie my dance shoes on and dance my favorite song.",187,17,4,208,643,3560
And now I give you Rondo No. 15 by my boxer.,185,21,2,208,643,4735
TKO!!!  (Tickle the keys!),177,22,1,200,643,1122
"Last song he was sharp, but now he just sounds flat.",200,23,2,225,643,1618
I like to feel the beat through the piano.,220,30,0,250,643,2473
"Oh, I'm so sorry. I just came from boxing practice.",180,16,4,200,643,5586
"And that's how I learned to play ""Concert Toes"".",195,18,4,217,643,1128
You shall know me as Hasim Rachmaninoff,194,20,3,217,643,1157
A singer is not going to be a good boxer without knowing piano.,195,18,4,217,643,2583
"Nah, Anything but chopsticks!",186,21,2,209,643,1160
"I’m going to play this way, believe it or not.",186,21,2,209,643,2180
"For my next number, I will be punching above my weight",163,20,1,184,643,3282
He packs a punch on the b-minor chord!,180,18,3,201,643,2514
"my record is 0 and 111 losses, however my nest opponent J.S. Bach only has a simple tocata and fugue in d minor played lively with ppp dynamics",192,26,0,218,643,3820
"Sorry, but the piano has chickenpox.",188,19,3,210,643,1307
This tune is in gratitude to the bouncer who is so great with his hands.,180,20,2,202,643,864
This is how Doraemon plays the piano.,179,22,1,202,643,2934
"You think this is ridiculous, ....",174,17,3,194,643,1684
"I'd like to play for you, but I just washed my hands.",174,17,3,194,643,5396
It  practically plays itself,202,25,1,228,643,20
"Float like a butterfly, sing like a Beatle.",167,16,3,186,643,4143
It says to play it ff af,166,18,2,186,643,4426
"My next number is Bill Conti's ""Gonna Fly Now.""",181,20,2,203,643,165
"And now, my impression of Lang Lang.",184,14,5,203,643,1322
"Liszt was out of the question, but, ohhh, Christmas Chopsticks!",197,20,3,220,643,1207
This next piece is for prepared piano.,195,24,1,220,643,4444
Sting like the Flight of the Bumblebee.,189,21,2,212,643,5554
Did Golden Boy survive?,202,27,0,229,643,4905
Muhammad Off-key,182,20,2,204,643,314
Shut up! Fifty years ago we'd have you upside down with a fucking fork up your ass...,187,10,7,204,643,1827
I’m sorry. I can’t. My hands are tied!,182,20,2,204,643,5215
"A standing 8 count please! A standing 8 count!! A one, a two, a onetwothreefourfivesixseveneight: Boom! Yeeeeah!!",204,25,1,230,643,3747
Big decision: Pizza or chicken for dinner?,191,19,3,213,643,3297
"Hey, it’s Rachmaninov!",159,19,1,179,643,5001
I swear this is the right way to play the piano!,182,22,1,205,643,4163
"And now, a little something by John",184,18,3,205,643,4556
"You better be prepared for a fight,  if you play Christmas music!",183,20,2,205,643,5411
Your only limit is you,191,21,2,214,643,3109
"We don’t have Boxing Day in America, but I’m sure I can find the right beat.",192,19,3,214,643,3524
Now please enjoy several selections from my new album.,177,17,3,197,643,583
Keep your hands up!,199,22,2,223,643,740
My town.  Round ten?,199,22,2,223,643,2309
This is not what I meant by “break a leg”!,177,19,2,198,643,3250
I once thought there were no second acts in American lives.,185,20,2,207,643,4182
This next piece helps me touch some tender feelings...,186,18,3,207,643,5440
"I just had a manicure.So, bear with me, or I'll punch you out.",171,16,3,190,643,411
"By executive order,
I present you a piano concerto in Me Mayor.",170,18,2,190,643,2619
"Before tonight, Peter had only played  Symphony No. 5 in bars and small rock clubs.",177,21,1,199,643,2205
My sinphony for appassionato.,210,21,3,234,643,1694
"I will now play, ""D.E.A.D"".",194,21,2,217,643,10
Psst! Hey! Wanna score some gluten?,194,21,2,217,643,61
And now I will play Islamey alla Bellicoso.,173,14,4,191,643,2917
"For some reason, Haydn is Hidin'",180,17,3,200,643,2853
Aren’t there already too many YouTube videos with this gimmick?!,185,24,0,209,643,3523
I will now perform Rocky's concerto no. 1 for pianist's penis.,165,15,3,183,643,1726
"You better like this, or else I will knock you out.",203,22,2,227,643,1928
"I'm a classical fighter, not a lover.",182,15,4,201,643,399
"My next number is ""A Rollin' and a Tumblin""",180,19,2,201,643,1146
you want me to shell the peanuts right now?,210,25,1,236,643,4783
This piano has been shading me,195,23,1,219,643,1281
"We'd like to welcome Rocky, here in the front row.",195,23,1,219,643,4194
"LIGHTS, please!",196,21,2,219,643,4395
"I would now like to play for you my latest composition , The rope-a-dope.",195,23,1,219,643,4973
Our next act is MMA sousaphone.,174,16,3,193,643,2646
No one expected the spelling bee's elimination round to be like this.,212,23,2,237,643,4653
I'm auditioning for the Punch Brothers' Christmas concert.,188,22,1,211,643,862
"Eb-o-ny and i-vo-ry,
From Stallone.
For his herd's men-ta-li-ty...",190,18,3,211,643,1436
"No, Penn & Teller, not a piano roll",188,22,1,211,643,2772
The next piece is by Dave Brubeck.,190,18,3,211,643,4238
"The ex-boxer had moved from the ring to the classical music stage. Although still limited in his piano playing, he has become highly regarded in the nearly lost art of round singing. Here he is shown preparing his audience to go the full 10.",188,22,1,211,643,4597
"Wait, this is not the bathroom... Too late I guess.",184,15,4,203,643,1609
"OK, you guys go ""dah-dah-dah, dah-dah-dah""
and then I windmill and do some jabs
we'll all feel hugely uplifted",184,15,4,203,643,5414
"Sorry, my last sparring partner only knew Heart and Soul.",197,23,1,221,643,389
"It ain't never gonna stop 'cause
You can't fight the feeling",199,19,3,221,643,1316
My next song is “Gonna Fly Now”.,199,19,3,221,643,2829
Chord Master,175,18,2,195,643,1372
Ushio Shinohara pivots into a musical career.,184,17,3,204,643,311
Doctors orders I'm afraid.  Bad case of Onychophagia.,185,15,4,204,643,1379
"for my next number i shall play ""punch""",198,23,1,222,643,2028
"Fight, or Floght if the Bumblebee?",199,21,2,222,643,5530
This boxing-piono match really shows off both of my talents!,177,16,3,196,643,3213
How about some K.O. Key?,176,18,2,196,643,4355
I'm going to hit a grand slam with my grand piano.,175,20,1,196,643,5635
take the gloves off and let me kill it,184,19,2,205,643,1695
Enough with the snotty critique. I do.,184,19,2,205,643,4011
"For my last number, I need to play only a few keys and I need to protect myself from my OCD.",201,19,3,223,643,3271
"Sorry, I just finished the boxing match.",169,17,2,188,643,2592
I'd like to add you to my LinkedIn network,176,20,1,197,643,835
I feel like such a dick,194,18,3,215,643,2752
I wasn’t sure what was scheduled tonight at MSG,210,20,3,233,643,3954
Cluster time!,204,17,4,225,643,310
A.J. Liebling taught me everything I know.,186,19,2,207,643,684
Another day at the office...,169,19,1,189,643,1486
Now for a medley from the World War II era,187,17,3,207,643,1841
You never know when you may be attacked,187,17,3,207,643,2153
"This is Princeton, right?",203,19,3,225,643,2494
Good boxing is a piece of art,194,20,2,216,643,5552
"And now, I play Beethoven’s Moonlight Sonata",204,19,3,226,643,1904
Sergio is obsessed with Victor Borge.,179,18,2,199,643,3700
"Before I begin, I’d like to thank my parents for showing me the value of compromise, as applied to my choices for after-school activities...and now, the MMA concerto.",170,19,1,190,643,1893
Let's get ready to huuuummble.,213,20,3,236,643,1630
You promised me I'd have a corner man and a trainer.,203,23,1,227,643,5093
Rejoice-- I was able to get this concert on Pay TV.,195,22,1,218,643,515
What people don't realize is that the gloves have made it more likely that pianists get injured.,187,21,1,209,643,5325
What about the pianissimo parts?,179,20,1,200,643,157
"His salary known work, this piece was composed by Handel at 6 months.",181,16,3,200,643,1935
I 'm the poster boy for Trump's new rhythmic safe sex and birth control plans.,181,16,3,200,643,5553
"Ladies and Gentlemen, get ready for some action on the old 88!",172,17,2,191,643,2048
Everything started when I received a music box at Christmas,215,18,4,237,643,670
Piano concerto in b minor. Boom Boom Bang Bang.,188,21,1,210,643,2925
I call this one 'The Sweet Music of the Sweet Science.',180,20,1,201,643,3607
"Yo Adrian. Yo Adrian, you have become part of my plan.
Yo Adrian. Yo Adrian, here's the one thing.
I'll step out of the boxing ring and give you another kind of RING!
(excerpt from Rocky: The Stage Performance)",181,18,2,201,643,4178
Don't bring boxing gloves to a piano fight.,207,19,3,229,643,1556
I find it difficult to float like a butterfly and sting like a bee just now.,200,16,4,220,643,818
I will now attempt Beethoven's Moonlight Sonata on super duper hard mode.,189,21,1,211,643,1800
I just have to punch the keys on the piano to bring 'em back to tune,191,17,3,211,643,3953
'Am I loud enough to go through your hearing aid?',183,16,3,202,643,1528
"I call it Pieces of Eight, of course.",181,20,1,202,643,4043
Don't break a leg!,192,17,3,212,643,3568
It's so declasse to do this with naked hands!,191,19,2,212,643,4648
"Clearly, I am the most superb.",175,17,2,194,643,549
Beethoven again?,176,15,3,194,643,4164
"You've seen Golden Boy?  Well, I just can't decide!",166,18,1,185,643,1860
easy enough,190,23,0,213,643,2006
"No, I'm hardly a kitten on the keys!",191,21,1,213,643,3400
You want me to play Chopsticks? I can't even hold them!,192,19,2,213,643,3508
"‘Ay, it’s me, Brooklyn Maitre-D! I got a nice pipin’ hot piano pie, straight from da oven! Just kidding, I’m Piano Hater! I beat ‘em up! Stop me when one of these is good enough for my MadTV audition tape.",184,18,2,204,643,1647
It seems my manager's text message auto-corrected from 'plink those black keys' to 'punch those black eyes.' Apologies.,207,25,0,232,643,58
...and now for my truly smashing rendition of the Diabelli Variations,176,17,2,195,643,3867
"(Afternoon of requests) ""Tchaik 1st?   OK.  Ready!""",192,21,1,214,643,3756
We aren't fighting the conchords after the show?,187,14,4,205,643,316
It's a new style. We call it Beethoven.,186,16,3,205,643,3229
"A boxing we will go,
A boxing we will go,
High-ho the dairy oh,

A boxing we will go!",210,21,2,233,643,4300
And now for the opening notes of “Night and Day” by Cole Porter.,176,19,1,196,643,1185
Looks like I accidentally wore my boxing gloves instead of my piano gloves,175,21,0,196,643,3197
"AS A BOXER ,I AM TOTALLY UNSUITED FOR MUSIC",202,20,2,224,643,3947
"And now for your musical enjoyment..Boxer Rapsody





Susan Elwood Monterey Calicornia",201,22,1,224,643,5246
I will now perform my swinging ‘Larkin’ suite.,194,19,2,215,643,4645
"This sonata has 12 movements. It's called ""By Unanimous Decision""
Javier Pescador, Ann Arbor, MI",185,20,1,206,643,1599
You hate my playing this much!??,187,16,3,206,643,1900
Can’t I just use the electronic keyboard to mute the sound?,178,17,2,197,643,181
"This one is called ""Rudolph the smash-nosed Reindeer.""",178,17,2,197,643,3551
"Oh, Mr. Mayweather, I'm going to tune you up!",194,21,1,216,643,1458
I thought we were playing the Notre Dame fight song next,169,18,1,188,643,4032
I call this 'The Sweet Science Sonata.',186,20,1,207,643,1031
"And now, Mozart's Opus No. 1, The Enfant Concerto",188,16,3,207,643,1845
For my next piece I'll literally be tinkling the ivories.,187,18,2,207,643,5693
My week beats your year,180,15,3,198,643,506
I shall now play Total Concerto for Radness and Coolness by Strong Bad.,180,15,3,198,643,2111
This is no pianola.,195,21,1,217,643,4000
So it's playing piano first and then the boxing.,155,12,3,170,643,1441
I don't want to hear another word about your fat thumbs.,171,16,2,189,643,5323
"You thought I said my favorite things were pianos and violins, did you?",204,22,1,227,643,475
"And now a little composition of my own called 
""Etude for Washington, No. 535"".",180,17,2,199,643,257
I didn't mean to actually break a leg!,181,15,3,199,643,1979
"Oh, Henry Mancini!"" (Please underline the word Henry.",188,20,1,209,643,2673
"A famous rap artist told me to ""knock it out the box"", maestro!",180,19,1,200,643,5228
"I hope you weren't expecting ""Chopsticks"" with these things.",162,19,0,181,643,1261
I'm taking giant steps.,208,18,3,229,643,419
I think I lost by a TKO ...,190,18,2,210,643,1715
When,190,18,2,210,643,2833
"Next,the boxing champion Ali will perform.",182,17,2,201,643,2588
Do you prefer my rendition of Mozart with a left hook or right cross?,184,13,4,201,643,3336
I'm moving up in classical music.,166,15,2,183,643,1564
"Joe could always set a beat down. Tonight, he was going to set a beat-down.",192,18,2,212,643,1552
"They call to the Jersey bounce, it’s the rythem that really counts!",176,14,3,193,643,4258
I'm feeling boxed in and want greater freedom to develop my music.,183,19,1,203,643,3360
War and music ? Lets keep Smileing,211,18,3,232,643,4937
i was afraid there'd be a boxing kangaroo in the audience,193,18,2,213,643,460
That's supposed to be Bach's prelude in C!!,165,19,0,184,643,2886
But I thought he said I played as if...?,200,23,0,223,643,3464
Its the challenge of playing Bela Bartko,185,17,2,204,643,638
It’s the new fashion,183,21,0,204,643,2169
"Thirty years, and he still can't get ""Hot Cross Buns"", folks.",185,17,2,204,643,4955
"We will,  we wi[[ box you""

Deda Jacobse",189,11,5,205,643,3940
My next selection is by a well known 21st century composer.,169,15,2,186,643,2701
"You didn't say 'delicate hands for a delicate task'?"" - David Steenburg, Washington, D",187,17,2,206,643,1925
"Chopped, not chops",186,19,1,206,643,2244
umm..k...then...o,187,17,2,206,643,5523
The piano is my ring and the sheet music is my mouth guard.,203,23,0,226,643,2135
Perhaps I should switch to hand drumming instead.,207,15,4,226,643,2971
Marshmallow gets into hard rock,188,17,2,207,643,430
"We are now going to sing a round: Row, Row, Row Your Boat.",198,16,3,217,643,891
Chief of Staff?  I'm not dressed for the occasion,172,13,3,188,643,4725
"You know the old saying?
Yes...I am a professional Pugilist Pianist.",179,18,1,198,643,1613
"I mastered this advanced technique by watching the Ali vs. Frazier 3 fight""",181,14,3,198,643,2507
Now I will play Bachoxing piano concerto No. 3,180,16,2,198,643,4413
I guarantee this will be the best rendition of Boulez's Second Piano Sonata you will hear.,180,18,1,199,643,4086
"If someone will hit me with a touch of smelling salts, I'll close with Ode to the Renaissance man.",182,14,3,199,643,5494
It's closer to 'punch' music.,182,14,3,199,643,5690
"And now for ""The Flight of the Boom Boom Beegone""!",198,20,1,219,643,5005
I shall now attempt Mozart's Sonata No.16 in C major.,184,14,3,201,643,1384
"And for my next piece, I like to place a tune by Simon & Garfunkel",185,12,4,201,643,1767
"Hello, Pianist Temps, send someone over quickly. One of the pianists in the duet suddenly came down with a splitting headache.",174,15,2,191,643,2386
He punches below his weight.,204,14,4,222,643,5509
… And now: “Battling Joe”,191,21,0,212,643,2281
the last number really did a number on me!,192,19,1,212,643,4175
Just to show you that I'm not at war with myself...,185,14,3,202,643,5427
'Time to duck & cover bitches while I fulfill the request for 'The Theme from Rocky'.,197,11,5,213,643,4656
OH GOD IM GONNA CUM,207,12,5,224,643,1815
"This is my fight song
No hands no feet song
Just mouthing words song",175,19,0,194,643,669
"And as I face the final curtain, Boss, I honor you.",196,17,2,215,643,599
I never knew that a set of punches could sound like a set of keys.,185,20,0,205,643,2589
And then I fought ...,169,14,2,185,643,4483
There are many reasons why I am confused right now. Chiefly amount which is the question of where my seeing-eye bat is?,179,15,2,196,643,4798
"You might say “This looks like a sack race” and then you might say... 
“Yes, you can run a sack race, but why run a freakin’ sack race?”  
And I tell you “It’s all thumbs.”",181,15,2,198,643,2307
"You know, I HAVE  the chicken pox!",181,15,2,198,643,3893
I totally expect you to account for every song that vaguely fits.,164,11,3,178,643,1106
Is this how Scott Joplin learned?,181,17,1,199,643,2648
"A Beethoven Classic, right up.",181,19,0,200,643,541
With all due respect to Simon et al  - this is not going to work.,181,19,0,200,643,4459
We are not the UFC - we have class!,163,15,1,179,643,5448
I don't think they'll even notice I sent a sub for this gig.,203,17,2,222,643,3177
Once I Ko'ed Ali .,183,17,1,201,643,1790
Something about using the gloves to masturbate I dunno figure out your own caption.,184,15,2,201,643,2314
"Since I can play only chords, my concert  repertoire is limited...but we'll see what happens.",183,19,0,202,643,1909
Meet me in the ring after this piece. Five O'Clock. Don't be late.,185,15,2,202,643,1941
Hey ! Wanna learn my boxing style ?,184,17,1,202,643,2279
Rachmaninoff?  I don't Think so.,195,16,2,213,643,4248
"Hmmmm, Insurance Company says I am not covered if I am not covered""",177,14,2,193,643,1482
Three little kitten lost their mittens...,187,17,1,205,643,2803
They call me the Gloved Geek.,206,21,0,227,643,3000
Sorry  I promised my wife to stay off Facebook for a week  But i can box my way through.,178,16,1,195,643,1431
They told Johnny he was a one hit wonder . Look at him now !,188,17,1,206,643,2347
"What's that? You'd like me to play with boxing gloves on? Well, it's highly unorthodox. I won't be able to use my fingers to strike individual keys. Might as well give it a try, I suppose.",169,15,1,185,643,5042
Just the kind of gloves I need for a piano.,190,15,2,207,643,4936
'This next piece is called 'Boxing Clever'',199,18,1,218,643,1875
"""Every time I  try to play 1 key I play 6 other keys""",219,20,1,240,643,3705
`We now take you to a very controlled contest!!,191,15,2,208,643,1596
"And now a new original work for our time, 'Pizza Chord.'",210,19,1,230,643,2092
You think these gloves can stop me from playing my brilliance,181,16,1,198,643,2500
"Aww crud, was I sleep walking again?",182,16,1,199,643,1094
"''I heard Chuck Norris plays the violin with a piano between his teeth, this will be easy in comparison...what do you mean internet memes aren't true?''",183,14,2,199,643,3491
Turn off that spotlight!  I don't want the audience to see why I play so delicately.,182,16,1,199,643,4643
An uninpired riff off of my Baa Baa Blacksheep entry made the finals.,203,18,1,222,643,29
"My firsta requesta eez ""Box Em RoundO",183,16,1,200,643,5255
Chopin handicaps himself just to flex on his peers and assert domincance.,174,13,2,189,643,1118
How will I flip the notes?,183,18,0,201,643,1697
Required paraphernalia to perform the latest new music and to fight back.,183,18,0,201,643,4914
"I didn't want to, it sounds awful.",195,17,1,213,643,2478
"Trust me!
  This is neither an easy-to-set nor effective large rodent trap.",186,16,1,203,643,2814
The performance will continue as soon as I dispose of this anthropomorphic mouse!,176,15,1,192,643,3404
"Bach-sing! Cantatas. By Bach. Me singing. Dammit, they were right! The only sight gags that work with you people are pianist jokes. Somebody get these off me. The gloves, madam!",189,14,2,205,643,4138
,179,13,2,194,643,1363
I was told not to juggle boxing and piano but I didn't know that it was to avoid something like this!,180,11,3,194,643,5067
How'd you like to pull my gloves?,179,15,1,195,643,553
Safety first of all: I prefer to skip a note that the piano top makes me jump my fingers.,179,15,1,195,643,4651
Thank you thank you I will be autograph signing healthcare bills after the show. Thank you!,202,15,2,219,643,169
"I can't Bogy 

gus zaso, concord nh",181,13,2,196,643,3425
They just told me I needed to know ten key punch.,180,15,1,196,643,5116
And now I shall perform Chopin's Prelude in G for pianist's penis.,192,14,2,208,643,65
Get used to this.,171,14,1,186,643,2774
Mum can I take the gloves off now so I can play piano?,182,15,1,198,643,3588
I Call this number....,187,17,0,204,643,3039
Remember: 9/11 was an inside job,210,17,1,228,643,4600
Rocky still has a punchers chance of knocking out Liszt's Campanella,211,17,1,229,643,3198
"And now playing “The Cinderella Man” in Cross, Hook, Uppercut.”",199,18,0,217,643,773
Oh! Oh no! This must be how you hit “the brown note.”,200,16,1,217,643,2758
"Its the fermata tiger, its the trill of Wainwright",189,15,1,205,643,416
"OK, I've got a nail biting problem, nut couldn't I wear a cone instead?",214,13,3,230,643,741
"I said Moonlight ""Sonata'""- not Moonlight ""South Paw""!",203,16,1,220,643,284
Oh request those great 1-2 beat tunes.,204,14,2,220,643,4120
"Guess who said, ""I punched my music teacher because I didn't think he knew anything about music and I almost got expelled.""",181,14,1,196,643,716
And now for your request...punch in time...sing alone folks...,170,13,1,184,643,808
"My bad, I have pummeling walls and newspapers as my primary job, and this as my second.",194,13,2,209,643,5648
A punchers chance my a#%!,217,15,2,234,643,3038
"This isn’t a boxing match for crying out loud! You are meant to play the piano and those gloves are completely inappropriate. Don’t look at me like that, you know exactly what to do, so get them gloves off and use your fingers like you’re supposed t!",184,12,2,198,643,2873
"Its tough to survive in this business.""

Mel Vigman, Summit, N",184,16,0,200,643,3632
Here’s an old standardyiu May. It recognise,186,14,1,201,643,1127
I will now attempt my encore in C#m,212,16,1,229,643,5313
It's not gay. It's big dick energy.,177,13,1,191,643,1692
Casio Clay got more than e asked for when presented with a Baby Grand,178,11,2,191,643,3175
This next number is really hot.,167,12,1,180,643,3128
I wish I had knuckles instead of these crab hands.,191,14,1,206,643,4992
What is Stevie Wonder up to now?,193,12,2,207,643,4074
Watch out for the hammer move!,191,16,0,207,643,4112
What a Louis Lortie Nightmare looks like,204,15,1,220,643,2327
"Risin' up, back on the street",186,15,0,201,643,5078
How do I piano tune with my claws?,215,13,2,230,643,577
First they took away the boxing ring...now I don't know how to play this piano...unless they have really really wide keys...,181,10,2,193,643,5623
Nauseating discordance is the soundtrack to my career but they’ll never understand :(,207,16,0,223,643,1291
"So if I think Beethoven's Minuet in G, I can play.",182,14,0,196,643,1778
"I am fighting a cold tonight. I play not Tchaikovsky, but Chopsticks.",185,10,2,197,643,4157
"I am David, Front of House at the Wigmore Hall.",189,12,1,202,643,4039
"I'd gladly spar but I'm ill-prepared in today's reign of hip hop, rap, house and Brittney/Bieber clones.",198,10,2,210,643,1296
On piano making right noise.,189,13,0,202,643,2235
"R is for the way you drove me crazy,O is for the way you drove me nuts,Cis for the way you drove me insane,put them all together they spell fricking psyco..",178,12,0,190,643,662
"The Scouts new ""Trump Advisor"" badge.",192,8,2,202,643,5416
"Man, taking 25 lsd tablets wants my best choice",187,9,1,197,643,1154
"""The key to solving any problem is to just finger it out.""",205,10,1,216,643,3209
Never made a better performance,189,11,0,200,643,5369
sorry guys just came back from a game and i sweat alot and my gloves are stuck   sorry we are still doing the show but i will have twin brother do it instead you won't tell the difference well be dose play boxing,171,9,0,180,643,907
