caption,unfunny,somewhat_funny,funny,count,contest,target_id
"I'll tell you one thing - if a train ever does stop here, I'm getting on.",74,36,37,147,649,1629
"I said, 'Not in my backyard,' and they said, 'Ok, have it your way.""",69,59,31,159,649,7446
The coroner ruled it a suicide but I'm pretty sure Bob was just on his way to the bathroom.,89,36,41,166,649,980
Just look both ways before you go to the bathroom.,83,45,26,154,649,3934
Something's different... is that a new lamp?,88,43,31,162,649,5275
"If we time it right, I can show you the rest of the house.",85,56,25,166,649,3921
That’s not the tea kettle.,88,46,31,165,649,4247
His mother refuses to fly.,97,32,35,164,649,2028
"Yeah, but I no longer need a vibrator.",88,31,32,151,649,14
I could never live by an airport.,93,44,29,166,649,4702
"Oh, I didn't cost a thing, Mexico is paying for it.",95,35,35,165,649,3933
He told me he was an engineer and worked from home; I figured he meant software...,97,51,29,177,649,3612
"Carol, it is very important that you not be in the hallway between 9:04 and 9:07.",102,48,31,181,649,3450
He's in the kitchen with Dinah.,95,44,31,170,649,6403
The worst part is having to remind my kids to look both ways when they cross the living room.,79,43,24,146,649,1113
"- So, it turned out I didn't have tinnitus!",92,39,30,161,649,5910
The renovation started with subway tiles in the bath and the theme just kind of got out of hand.,92,45,26,163,649,830
The worst was last week when a cow wandered onto the tracks.  This is all new furniture.,106,48,30,184,649,3232
You'll want to finish your coffee by 10:23.,91,37,24,152,649,2536
Of course it doesn't go through the bedroom; that'd be ridiculous,83,40,25,148,649,793
It’s a compromise. He loves toy trains and I love being tied up.”,110,37,29,176,649,4597
The annoying thing is that nearest stop is two blocks away.,102,46,28,176,649,1717
See this is something you might want to mention on your Airbnb.,110,36,35,181,649,5183
Bob’s been working on it all the livelong day.,75,36,22,133,649,5644
The first blueprints had them going through the bathroom. Can you imagine living like that?,110,41,34,185,649,187
I'll admit that flattening pennies isn't the thrill it once was.,88,50,22,160,649,4174
‘$700 a month in Brooklyn did sound too good to be true’,96,40,27,163,649,6597
We're still trying to get this straightened out. What we ordered was track lighting!,105,49,28,182,649,4830
"I just said, 'Alexa, make mass transit more convenient for us'",102,40,27,169,649,6531
"Eminent domain can be quite complicated, apparently.""",92,35,27,154,649,2336
"In hindsight, we should have let them buy the house",96,43,27,166,649,5046
"Sure, we could pull up stakes and move out of here, but there are so many ties.",106,42,27,175,649,882
And we hardly hear the neighbors at all.,94,46,22,162,649,2411
I should have said yes to the man cave.,89,46,22,157,649,2079
"On the bright side, I sleep right through Dave’s snoring now.",87,39,21,147,649,4643
I'd invite you for dinner but my kitchen is literally a train wreck.,93,46,24,163,649,4546
"No, don’t be silly. That’s the tea kettle.",91,43,24,158,649,3177
"I thought it was just a game of Monopoly, but apparently I bought a railroad.",81,40,18,139,649,1833
"And to add insult to injury, it's an express train that doesn't even stop here.",104,35,31,170,649,6616
Don’t go in the kitchen. It’s a trainwreck in there.,91,32,25,148,649,2922
"If you're ready to eat, we can move to the dining car.",82,41,18,141,649,728
"I'll be right back, I'm going to catch the 4:02 to the bathroom.",80,41,19,140,649,196
It all started when we adopted a highway,95,40,25,160,649,5889
He’s with Amtrak. On Mondays they let him work from home”,79,41,17,137,649,6520
It’s just for fun. Sometimes we do this whole thing where he ties me up and then rescues me.,97,37,25,159,649,1198
"At first I didn't think that I could afford this house, but I kept saying I think I can, I think I can...",93,33,26,152,649,2621
It’s always like Grand Central Station around here.,102,39,26,167,649,4834
"So, are you here on business, or just passing through?",99,62,17,178,649,602
"We're having an open house tomorrow at 10:19AM, 10:49AM, 11:19AM, 11:49AM, 12:19PM and 12:49PM.",103,38,27,168,649,3043
So how did you and Thomas meet?,104,40,23,167,649,531
"And THAT""S when I learned the meaning of eminent domain.",93,44,21,158,649,2459
It seems convenient but it doesn't stop here!,83,40,17,140,649,1492
Amtrak recently offered Jim the option to work from home.,90,34,20,144,649,7045
I miss living next to the airport.,94,39,22,155,649,2563
I should never have said size doesn't matter.,87,32,22,141,649,3215
It didn't look that big on the box.,88,50,16,154,649,985
"If you want the bathroom, you'll need the uptown train from the kitchen",94,39,23,156,649,4381
One minute he's going to the fridge for some chicken and the next I'm a widow.,87,24,23,134,649,4435
"And the worst part is, it's never on time.",93,35,21,149,649,174
"No its not a xylophone, guess again.",102,32,28,162,649,1958
"..so naturally, when we read that the first place prize was from Amtrak, we thought they meant a trip...",99,32,24,155,649,268
Remember to look both ways before going into the kitchen,81,45,13,139,649,4288
"The good news is we're close to the subway.  The bad news, it doesn't stop here.",102,37,26,165,649,7150
We'll need to wrap up this conversation by 4:14.,88,32,21,141,649,4455
"Yes, all the livelong day, why do you ask?",98,54,19,171,649,5849
"I'd show you the kitchen, but a river runs through it.",99,39,24,162,649,3513
"We’re doing well, but I always feel like something is coming.",90,45,16,151,649,6565
We told them 'not in my backyard' and at least they listened,102,41,23,166,649,4124
". . . and then great grandpa Cyrus said, “I ain’t selling out to some damn railroad company !”",101,32,26,159,649,2965
"I order so much from Amazon they put me on their ""top of the line"" delivery system.",97,40,22,159,649,4972
We're happy with our station in life.,99,48,20,167,649,3306
On the upside - the vibrating bed is an unexpected thrill.,90,48,16,154,649,4761
I'm afraid it's the end of the line for Bob and me.,100,51,20,171,649,4755
"Yeah, can you believe they accepted our first offer?!",107,47,21,175,649,5876
It doesn't even stop here.,99,40,21,160,649,451
And that's when Ralph said I don't know what Eminent Domain means and I don't want to know.,94,33,22,149,649,3440
Will you be taking the 4:05 or can you stay for dinner?,90,45,16,151,649,685
It's only someone in the kitchen with Dinah,106,39,25,170,649,7105
"Everyone thinks it's a light at the end of the tunnel. But really, it's a living room.",88,35,19,142,649,6043
"Well, we had been ordering so much from Amazon...",97,46,18,161,649,4652
"I'm just thankful his favorite movie wasn't ""A River Runs Through It"".",106,29,28,163,649,1399
"Let me show you my smashed penny collection.""",99,45,21,165,649,172
Please remember to look around and gather your belongings before you leave.,86,26,19,131,649,3727
Steve should be home at 5:57. Or 6:23.,90,24,21,135,649,4992
We think it will be  worth a lot more when they want to turn it into a bike trail,95,48,17,160,649,5786
"I'm leaving Jim, Marcy. At 12:14.",93,31,23,147,649,337
Amtrak lets him work from home now.,106,45,23,174,649,6085
"I would show you the rest of the house, but it's a train wreck.",102,32,23,157,649,5313
The Mexicans paid for it.,117,35,28,180,649,2199
Either the kettle is ready or the 2:20 to Utica is early.,94,47,18,159,649,7116
"It's our dream home.  Except at 7:04 a.m., 8:04 a.m., 9:04 a.m....",94,33,19,146,649,5265
Did you have any trouble getting here?,90,41,17,148,649,3541
The only thing that gets laid around here are the tracks.,108,40,25,173,649,5820
We were hoping for hardwood under the carpet.,95,36,21,152,649,6528
Not the Home Depot I expected.,105,30,25,160,649,343
When the kids get home it’s like Grand Central Station here.,96,48,18,162,649,4471
"I can't say he's easy to live with, but he's always punctual.",85,42,16,143,649,4700
"So, I told him, ""I know you can; I know you can.""",117,35,28,180,649,5900
I think I can.,96,35,22,153,649,33
"Yes, he bought rope too, why do you ask?",92,43,18,153,649,672
I don’t know where it goes. I always drive.,108,57,19,184,649,3627
"On the bright side, we can flatten a penny anytime we want.""",97,44,18,159,649,1218
"Unfortunately, the railroad company hired better lawyers.",107,56,18,181,649,814
"At first, I was excited when he said we were getting a place on the Eighth Avenue Line.",94,30,22,146,649,5755
"The lamp is new, thanks for noticing.",92,36,20,148,649,1573
The bathroom is two stops down on the left.,92,48,14,154,649,1381
I think you'll like Casey. He should be here at 6:02.,95,43,18,156,649,6411
Is this one of those situations where you want me to be supportive?,100,36,22,158,649,535
It will make more sense when we can afford the train.,84,33,18,135,649,6941
"You won't believe it, but it's not as convenient as it seems.",97,34,20,151,649,4961
They have plans to tear it up and put in a bike trail.,98,34,21,153,649,1993
Henry says we still won since we didn't have to move.,95,41,19,155,649,391
I can stay and talk for another four minutes.,100,50,17,167,649,3366
When Howard said he was going to make tracks I thought he just wanted a divorce.,109,44,22,175,649,1895
"I want to hear all about the kids, and we have about the next seven minutes.",125,51,25,201,649,2281
"Little boys, little trains. 
Big boys, big trains. Just wave to him as he comes by and he'll toot.",100,36,18,154,649,3594
"You marry a hobo, you learn to compromise.",95,47,16,158,649,244
It's not the noise that bothers me. It's the people getting off,102,37,21,160,649,4026
On the plus side I can’t hear the neighbors incessant yodeling any more.,107,34,23,164,649,794
"The noise used to bother me, but then we had the kids.",112,33,27,172,649,5590
"Honestly, I still end up taking Ubers most of the time.",116,34,26,176,649,2783
"When he said he was a conductor, I thought orchestras.",109,45,22,176,649,6879
"The train line has been abandoned, and we're going to turn it into a bike path.",85,43,13,141,649,7075
It's like Grand Central around here in the morning.,91,38,18,147,649,363
It's so convenient.  I leave the kitchen at 7:05 and arrive at the living room at 7:06.,92,40,17,149,649,2508
It’s 5:14. You may want to hang onto something.,100,25,24,149,649,7351
I thought he was saying he was into Coltrane.,99,32,22,153,649,6857
He should be home at 6:27.,95,49,15,159,649,650
I thought we were buying a tract house.,97,44,18,159,649,4548
He never listens. I told him I wanted track lighting.,104,36,23,163,649,1025
Let's catch the 5:02 and I can show you the new kitchen cabinets,105,34,24,163,649,7064
Go ahead. You'll make it. That horn isn't as close as it sounds.,108,34,23,165,649,2805
"When you said your husband was an engineer, I had a different picture.",113,46,22,181,649,7014
"You know, I think I can!",99,34,19,152,649,308
It hasn't been too bad...except when the cattle cars come through.,99,36,17,152,649,1678
"Before you go, check around your seat and gather your belongings.",102,48,18,168,649,3737
$2.75 to go to the kitchen?? No way. I'll call an Uber.,103,39,18,160,649,4539
Long distance relationships aren't normally my thing. But we've found a way to make it work.,92,34,18,144,649,4800
Oh.  THAT kind of engineer.,113,42,23,178,649,5014
"As it turns out, ""Let's lay some track"" has nothing to do with sex.",98,27,23,148,649,5489
But what really bothers me is that it's never on time.,112,41,21,174,649,6308
The kitchen is in a better neighborhood,108,49,19,176,649,6570
"Then Walter said ""if we don't sell what can they do about it?""",121,39,23,183,649,2442
"Really, the only inconvenience is the weekend schedule. Sometimes it takes 2 hours to  get to the bathroom.",112,40,23,175,649,7317
The dining car will be here soon.,104,50,15,169,649,4235
This is the original Home Depot.,109,30,26,165,649,6496
"But the box did say ""items inside may not be to scale.""",101,43,19,163,649,6698
"What's wrong with you, Midge? Of course there's no train for it. That would be crazy.",99,45,17,161,649,20
I hardly notice Bill's snoring anymore.,101,36,20,157,649,1060
I told you we could afford an apartment in Manhattan.,94,48,15,157,649,5101
Please consider yourself lucky. My husbands fixation is with submarines.,97,34,20,151,649,3051
I didn't know what a railroad flat was until we moved in.,94,38,15,147,649,4012
It just brings a sense of anticipation that the carpet runner didn't.,90,32,19,141,649,368
It all started with subway tile.,87,33,17,137,649,1323
The Airbnb ad said “easy rail access”,113,45,20,178,649,5600
Flattened penny for your thoughts?,107,39,20,166,649,4615
You should see his stamp collection.,108,34,24,166,649,5943
After awhile you don’t even hear it.,103,41,18,162,649,1854
Sometimes that light at the end of the tunnel is the kitchen,99,39,18,156,649,6736
Of course it leads to the bedroom. I told you he had a one-track mind!,104,25,25,154,649,7359
"It's quite an imposition, especially since it doesn't 
stop here.",101,29,22,152,649,2619
The alternative was kids.,90,38,16,144,649,1497
Someday they'll rip it out and make a bike path.,91,29,20,140,649,5677
It’s part of Amtrak’s new work-from-home program.,87,34,17,138,649,7216
The hardest thing is teaching the kids not to play on them.,113,49,19,181,649,5074
Don't go in the kitchen - it's a train wreck.,116,37,24,177,649,3331
The real nightmare is sweeping between the ties.,106,50,17,173,649,5494
"Alexa, bring me the train.",109,39,21,169,649,162
"Walker was totally upfront about being a model railroad enthusiast. I just underestimated ""enthusiast.""",101,55,13,169,649,2350
At first I thought it was an Ikea bed.,110,37,22,169,649,3473
"If it’s a girl, Acela; if it’s a boy, Thomas",100,46,17,163,649,1571
George will be home at 6:49.,104,38,19,161,649,6792
He works on it all the live long day.,105,30,24,159,649,520
I like it- Now I don't have to pick him up at the station.,97,46,10,153,649,5713
"I told the realtor, I have two requirements: cheap, and on the train line.",93,35,17,145,649,2997
So there’s a long pause and then the realtor says do you like trains.,83,35,15,133,649,4750
"The apartment rental ad said, ""Close to public transportation.""",109,43,18,170,649,7044
Oh listen to me.  I've been talking all the live long day!,108,36,22,166,649,382
"I know, but at least we’re in Brooklyn.",105,41,20,166,649,887
It's not as bad as his snoring.,104,40,20,164,649,3167
Thanks for bringing me a coffee – I missed the 8:05 to the kitchen this morning.,103,37,20,160,649,590
I still don't understand eminent domain.,104,35,21,160,649,2195
Switching from cups and saucers to mugs has made a huge difference.,100,42,16,158,649,5505
We don't actually use it.  It's a metaphor.,94,45,15,154,649,1840
You should see our smashed penny collection.,97,37,18,152,649,1290
And still he's late for work.,95,40,17,152,649,4888
"I’m sorry I’m late, I got off at the wrong stop.",97,34,19,150,649,2586
We just redid the place and decided to go with home depot.,119,38,24,181,649,1639
"It's funny, but when my boyfriend said he was going to lay down some tracks, I thought he was a musician.""",116,39,22,177,649,3822
After a week or two you don't hear it,109,48,16,173,649,1267
"Now that I'm telecommuting most days, this move makes less sense.",93,27,18,138,649,291
I say we catch the 12:43 to the kitchen.,90,29,19,138,649,352
"The commute has never been easier, but we ARE on our fourth dog.",106,42,19,167,649,37
He’s been working on it all the live long day!,106,39,20,165,649,4571
We're just glad it doesn't stop here anymore.,102,46,17,165,649,7033
"Governor Cuomo says it's going to be up and running in a couple of weeks, so I figure I have a least 10 years of quiet.",106,29,24,159,649,497
It really brings out the subway tile in the kitchen.,103,34,20,157,649,1247
"Yes, Thomas is doing great. He works from home now.",97,43,15,155,649,283
The downstairs neighbor kept complaining about me walking in heels. So I figured this would show him.,100,36,19,155,649,3539
I just got tired of Uber.,94,44,15,153,649,5361
Men... Am I right?,98,34,19,151,649,4025
It's so much better since they switched from steam.,111,45,20,176,649,2403
Don’t worry.  It’s being converted to a bicycle path.,111,45,20,176,649,6944
"Sam will be home at 6:02, or 7:10.",116,34,24,174,649,3661
"Happy accident. We thought the realtor said 'tract' home, but we've come to love the convenient commute.",130,51,22,203,649,4715
"I can't wait for you to meet my husband, Thomas.",114,34,22,170,649,7241
"The 6:15 to the kitchen stops at the bathroom, or you could just walk.",108,40,20,168,649,5252
Actually it’s the ties that bind.,113,33,20,166,649,4275
"When he said he was an engineer who brings his work home, I expected spreadsheets and charts and a slide rule...",105,39,20,164,649,380
"When the listing said, 'steps from the metro,' this isn't what I had in mind.",111,29,24,164,649,5614
The dining room is farther than it looks.,104,35,21,160,649,5825
The tracks really tie the rooms together.,96,43,15,154,649,5836
"How long? All the live long day, obviously.",115,46,18,179,649,4123
I'll get you a refill from the kitchen after the 1:30.,98,38,16,152,649,5383
I don't really even hear it anymore.,112,45,20,177,649,7195
He should be home at about 5:38.,97,38,15,150,649,1069
"Honestly, it's like Grand Central Station around here sometimes.",95,38,17,150,649,4802
"If you need to use the bathroom, be sure to stop, look, & listen.",93,37,16,146,649,6374
It's my fault. I insisted he get a hobby.,111,37,21,169,649,4946
Twice a day.  Why do you ask?,94,33,17,144,649,5493
"Well, we have lost a few pets.",106,43,18,167,649,4706
It’s true Helen. All men have a one track mind...leading right to the bedroom.,109,39,19,167,649,5978
It's pretty clear Charles and I have reached the end of the line.,92,37,13,142,649,6148
"It’s getting worse, Marge. He built a canal in the basement and an airstrip on the roof.",111,26,26,163,649,5983
If we want to fly we just go upstairs.,106,38,19,163,649,6847
"With transit, so many people say, 'Not in my backyard.' Not us.",101,46,16,163,649,7431
And my parents were so happy I was marrying an engineer.,102,38,19,159,649,349
It's included with Prime.,104,37,18,159,649,6686
"At first it did, but we've been here ten years, so now I hardly notice it.",86,39,11,136,649,2038
"And if you need the bathroom, go before 5:05.",104,34,19,157,649,1518
It's always the last Christmas decoration to get put away.,99,35,19,153,649,6335
Do I need to transfer to get to the bathroom?,96,38,17,151,649,2116
...but we still have to change trains in Hoboken.,98,38,15,151,649,4002
My fear is the light at the end of the tunnel is an oncoming train.,108,47,17,172,649,3657
Sometimes it’s like Grand Central Station around here.,111,44,17,172,649,6508
Howard may be arriving late tonight. He's been working all the livelong day.,98,32,19,149,649,6955
He calls it his 'what the F-line'...,108,35,21,164,649,7395
Did you know that Geico can save you 15% off train insurance?,106,37,19,162,649,6083
"When you said Tom was an engineer, I assumed you meant civil.",101,42,17,160,649,41
And once we get a crossing installed we'll be able to use the kitchen!,117,41,21,179,649,2756
It just seemed to make sense after we got that Costco membership,102,37,17,156,649,553
What elephant?,99,40,17,156,649,7327
Dinner will be delayed a bit because of signal problems at Bowling Green. Thank you for your patience.,97,41,16,154,649,2546
"So the agent says “the payments will be much easier with an easement” and Bob says “that sounds great” and, well, here we are.",97,43,14,154,649,4664
"Oh, and avoid the bathroom at 7 and 37 past the hour.",100,36,18,154,649,6573
We’re trying a different search engine.,102,32,20,154,649,7347
Our realtor assured us this property had all of the bells and whistles.,97,39,16,152,649,299
We wanted something to go with the track lighting.,90,30,13,133,649,1939
I buy so much from Amazon that it just made sense.,107,47,15,169,649,314
Sorry I’m so late. I had to transfer at the Hendersons’.,115,32,22,169,649,6803
We order a lot from Amazon.,100,30,20,150,649,6298
I still have to walk ten blocks to the station.,96,36,16,148,649,441
He’s still late.,109,35,19,163,649,2417
I feel my life is finally on track.,97,30,17,144,649,3987
"There are train nuts, and then there's Bob.",116,44,20,180,649,6304
The worst part is the hobos.,105,38,18,161,649,1580
...and he was so sure their easement was not valid.,120,38,20,178,649,7174
"He kept repeating ""I think I can"" and I didn't have the heart to stop him.",99,41,15,155,649,2992
"Why? Because he knew he could, he knew he could, he knew he could.",97,40,16,153,649,4799
"So tell me, how is life on the fast track?",99,34,18,151,649,4245
"I'd get you a cup of coffee, but the kitchen is in a bad neighborhood",121,35,25,181,649,7383
I didn't even know what eminent domain meant.,105,38,19,162,649,4144
It’s Brooklyn!  You go find a better apartment for under $1500.,101,43,16,160,649,2726
We thought we bought a tract home.,105,32,21,158,649,4520
"Well, I've been working on the railroad. Now I work from home.",94,31,16,141,649,7098
"You know...., I really think he can.",102,35,19,156,649,4699
I can barely hear it over my husband's snoring.,101,38,17,156,649,6430
"...and oddly enough , my husband still prefers to drive to work!",102,34,18,154,649,2304
I'm afraid the 6.15 to the bathroom has been delayed.,112,37,20,169,649,4091
I didn't realize what type of conductor he was when I first met him.,109,41,19,169,649,6233
It does make it tough for the Roomba.,96,41,15,152,649,454
"Once the kids come home from school, it is like Grand Central Station around here",116,47,19,182,649,1037
I didn't know the box said 'actual size'.,97,33,18,148,649,3538
"Easement"" just sounded like something that'd make our lives easier.",98,35,15,148,649,5805
Am I still yelling?,106,35,20,161,649,649
"That’s what I thought too, but unfortunately it’s an express.",106,37,18,161,649,1722
It’s like Grand Central station around here.,102,40,17,159,649,5492
"If it were anything else but a hobby, I’d be concerned.",107,30,22,159,649,5898
But we heard they're turning it into a bikepath.,109,44,17,170,649,1329
We don't want her to play with dolls.,114,36,20,170,649,6424
It's not as convenient now that I work from home.,113,38,19,170,649,6647
Let's catch the 7:15 into the dining room.,110,38,20,168,649,431
It goes straight to the bedroom. Men have a one-track mind...,108,42,18,168,649,2490
"No, that’s just the teakettle.",86,43,11,140,649,3663
"As for me, I wish we'd never moved to Chattanooga.",107,44,17,168,649,4110
"It's true what they say, after awhile you don't even hear it anymore.",107,46,15,168,649,7164
At first we were very excited to learn we'd be getting a new rapid transit line near us.,103,29,21,153,649,6417
I signed up for the latest enhancement to my  AMAZON Prime Account.,111,33,22,166,649,742
Amtrack's answer to Uber.,107,43,16,166,649,6173
"We thought it was a metaphor, but we were wrong.",92,30,16,138,649,6385
You give in and name your first child Lionel and then this happens.,96,37,16,149,649,6801
It's New York. You get used to the noise.,94,26,14,134,649,747
Timmy thinks that replica train sets are juvenile and lack authenticity.,98,32,17,147,649,4714
I’m just glad there’s no longer an elephant in the room.,107,32,21,160,649,3668
He came with a lot of baggage.,104,36,18,158,649,3030
"It looks like an easy commute, but unfortunately the train doesn't stop here",114,36,21,171,649,2294
"And yet, he still can't make it home on time.",111,39,19,169,649,144
Why stop with track lighting?” I said,110,23,23,156,649,5706
We just thought that we needed a little R&R.,120,40,20,180,649,1637
I'm Triple Platinum on Amtrak - they gave me my own siding!,103,39,12,154,649,1636
I like that it's so close to public transportation.,104,37,13,154,649,3954
"It was cute when Jeremy was two and loved Thomas The Tank Engine. But now that he's 30, I think we need to set boundaries.",103,31,20,154,649,4312
He never saw it coming.,110,36,19,165,649,2237
"It started with model trains, but then his eyesight began to go.",114,29,22,165,649,3007
"On the plus side, the kids are never late for school.",111,49,16,176,649,656
Thomas is staying with us for a few nights,119,35,22,176,649,5623
It's no big deal Mom.  You're carrying on like we have the bloody Orient Express in here.,97,38,15,150,649,1067
It was a conceptual piece but the woman that was tied to the tracks retired.,92,29,16,137,649,5004
"Alexa, deliver crumpets.",105,38,18,161,649,5233
Being married to Thomas is not without its challenges.,97,37,14,148,649,6938
"But other than that,we sleep just fine.",119,44,20,183,649,597
Will you need a refill before 4:26?,118,47,18,183,649,2661
I thought we’d have a quick drink here first then catch the 6:15 to the dining room.,112,40,18,170,649,6106
It’s good to see some money finally being spent on infrastructure.,110,45,15,170,649,7128
"Oh, don't worry. Someone's in the kitchen with Dinah.",110,42,16,168,649,17
Did I hear what?,106,47,15,168,649,3405
How was I to know what size a standard gauge ‘train set’ is?,127,43,22,192,649,4154
It's better than Debbie next door. She has Trump's wall through her bedroom.,114,31,23,168,649,4371
The only downside is now my parents drop in three times a day,112,36,20,168,649,5484
I should be able to offer you a very small packet of peanuts at about 2:47 p.m.,116,45,18,179,649,357
"No, we’re actually both very light sleepers.  Why do you ask?",116,44,19,179,649,4738
Thomas will be home at 5:07.,105,32,18,155,649,1537
Mr. Monopoly already took Baltic Avenue and Park Place so we had to settle for Reading Railroad.,105,48,13,166,649,2414
His life is a train wreck waiting to happen.,110,38,18,166,649,4939
This is the only way I can afford to live in New York.,110,40,16,166,649,6789
I thought he meant it metaphorically.,97,28,17,142,649,586
We just signed up for Amazon Prime Elite.,118,38,21,177,649,2430
"Well, I did ask the decorator for something that ties the room together.",92,32,16,140,649,1612
"I don't mean to cut you off, but in five minutes a top-hatted madman is supposed to come by and tie me to my new carpet.",103,33,15,151,649,3736
I'm so glad we didn't opt for the 'shotgun' apartment.,100,36,15,151,649,4087
"After tea, we can take the 1:15 to the dining room for lunch.",103,28,20,151,649,7421
It's three seconds door to door,127,34,23,184,649,2812
No we're lucky ... it never stops here.,106,35,19,160,649,683
"Every night it's the same thing, 'What is this, Grand Central Station?' til I think I'm gonna scream!",100,28,19,147,649,967
I'd show you the kitchen but the 3:20 from Chicago is due any minute.,96,32,17,145,649,6134
"He told me he was some sort of engineer when we met, but I didn't expect him to bring home his work",107,45,15,167,649,2909
Raymond will join us at 2:42.,111,39,17,167,649,4129
The listing said 'great for commuters.',107,41,17,165,649,879
"It’s totally fine except a 7:25, 8:10, 9:10, 11:30, 1:35, 3:55, 4:10, 4:20, 4:38, 5:05, 5:25, 6:10, 7:10, 8:10 and 9:26.",112,33,20,165,649,1487
The bathroom? Just one stop down the hall.,107,45,13,165,649,1996
My mom says that people used to actually WALK from room to room!,114,44,18,176,649,5746
I can't say we've had much luck with pets.,103,32,19,154,649,6025
"Atchison, Topeka, and Santa Fe should be home from school soon.",121,44,20,185,649,3042
Tell me fast; the 2:35 is about to come through.,113,45,16,174,649,4661
this place is a gold mine,117,43,14,174,649,7463
We can't hang pictures of any kind.,110,37,16,163,649,5146
We have until 6:17,100,36,16,152,649,2822
I'd love for you to meet my husband... He should be pulling in any minute now.,99,36,15,150,649,185
"It fine. Just don’t go to the dining room 4:20, 5:10, 6:05, or 7:10.",107,33,19,159,649,5815
Would you like another drink?  The bar car should be coming through shortly.,102,42,15,159,649,6706
"We thought it was tract housing.""",97,36,15,148,649,2105
At least the house isn’t next to a highway.,90,32,15,137,649,3588
MINIATURE trains weren't enough for Lionel.,119,44,14,177,649,525
"Well, I'd love to stay, but I have to catch the 5:15 to Judy's house.",91,30,14,135,649,6282
"…so I lie down, tie myself to the rails…Geoffrey gallops in and cuts me loose just before…  
It's been fabulous for our sex life.",109,40,17,166,649,1794
"It's been pretty quiet since the shutdown, so that's a plus.",108,41,17,166,649,5026
"Pardon me for a second, I have to check the roast and green light the 4:10 through to Tuscaloosa",96,31,17,144,649,3090
It was either this or Staten Island.,115,38,20,173,649,2461
You'd be surprised how getting tied down and rescued can really improve your sex life.,89,26,16,131,649,6425
Yes it can get loud but we love the look of reclaimed wood.,98,38,15,151,649,3438
We've got time; I think it's running late.,103,33,15,151,649,5523
I’d invite you into the kitchen but unfortunately it’s a train wreck.,114,34,21,169,649,3910
It's a conversation starter.  Except when the train goes by.,96,39,14,149,649,2478
Frankly I'm not sure there's a right side of the tracks.,115,47,16,178,649,2705
The bathroom? Take the 7 line all the way to the final stop.,102,44,12,158,649,5566
"I am sorry, I lost my train of thought.",111,41,15,167,649,6735
"Yeah, we bought it because it was close to the train. 
We only found out later that it doesn’t stop here.",98,32,17,147,649,1915
It's like people say. The difference between men and boys is the cost of their toys.,109,31,16,156,649,476
"I'm sorry Sheryl, I just feel like that table is...out of place.",106,44,15,165,649,5385
When I married him I didn't know what kind of engineer he was.,111,36,18,165,649,5835
I can't blame him entirely. His profile did say he was an engineer who worked from home.,102,35,17,154,649,630
I'm glad to see you and Thomas are making it work.,111,34,18,163,649,1258
When we bought this place they briefly mentioned something about an easement.,112,44,16,172,649,6031
Never order a train set online.,102,32,18,152,649,213
Maybe it was unwise to ridicule his model train set.,109,47,14,170,649,6182
Dinner should be here at 7:07 pm.,120,39,20,179,649,460
It doesn't go anywhere. I just like the sense of travel.,99,40,11,150,649,1936
"Then he said : I want you to know, I have a model train hobby"".",96,43,11,150,649,6934
This railroad really ties the room together.,106,37,16,159,649,6066
I thought I was marrying an orchestra conductor.,111,41,16,168,649,3993
Our next project is to install track lighting.,88,26,16,130,649,1798
"Oh , he lives on the other side of the tracks— at least until I get an apology.",106,32,19,157,649,1200
"Sure it's a little farther out, but we can still get into the city in no time.",109,31,17,157,649,4594
"Yes, but at least I know Harold will be home at 6:17 every night.",109,44,13,166,649,5539
"Be careful when you go to the bathroom, it's our crossing guard's day off.",122,32,21,175,649,2484
Right up until the day he left he claimed it was just an innocent basement hobby,94,26,17,137,649,1132
"We love our new carpet, but tracks really show up in it.",94,26,17,137,649,3471
Living next to the airport was worse.,108,40,16,164,649,4856
The next train to the bathroom is in seven minutes.,119,35,19,173,649,575
What can I say?  He has a cute caboose.,110,49,14,173,649,1004
"We subscribe to Amazon Prime Delivery - free, two minute shipping!",97,33,14,144,649,863
"It’s ok, we’re alone now, at least until 8:02.",106,40,16,162,649,1232
It's Arnold's secret fantasy — he likes to tie me to the tracks.,115,36,20,171,649,1971
"It's down the hall, but I'd wait until the 8:05 goes through.",89,32,14,135,649,2284
"Oh, you know Jerry and his one-track mind...",97,30,17,144,649,3280
It's really not that bad until the circus comes to town,113,41,17,171,649,5187
We were told Mr. Rogers was the original owner.,108,33,19,160,649,5963
The most annoying part? We live seven miles from the nearest station.,110,33,17,160,649,7004
The realtor was right: I don’t even notice it anymore.,96,30,16,142,649,4176
"On the plus side, it's fun to put pennies on the track.",117,43,16,176,649,7177
Once you've lived here long enough you won't even hear it anymore.,109,31,18,158,649,7197
"Yes, it definitely ties the room together.",92,34,14,140,649,5792
Yeah. The worst part- it's an express. I still have walk three blocks to catch the local.,94,16,21,131,649,2180
"Hold the lamp, here it comes!",115,45,14,174,649,7191
Harold will be home at 6:52.,113,33,19,165,649,3810
I try never to discourage his hobbies,109,39,17,165,649,4568
Next week we get track lighting!,108,42,15,165,649,5919
"That’s crazy, Linda. That’s all you pay for rent?",106,33,17,156,649,1675
"And I yelled after him, 'Fine, leave, and stand clear of the closing doors on your way out!'",95,39,13,147,649,2342
I should have spoken up when he said he needed room for his ties...,102,36,16,154,649,1453
It's much quieter since the Government shut down.,114,37,19,170,649,1011
"$3.8 billion, and it only runs from here to the dining room!",98,41,13,152,649,5212
"The 5:15 brings wine,",105,30,17,152,649,6419
We like taking the 10:30 to Bed.,108,33,18,159,649,3669
"With Amazon Rail , you get delivery in 12 hours",95,32,14,141,649,4885
"On a hot day the breeze is great at 7:01,10:22, 3:11, and 6:47""",102,41,14,157,649,6296
"At first, I wasn't all aboard.",105,39,13,157,649,6785
I really only notice it when the train comes through.,124,34,22,180,649,5791
When he said he was making tracks I thought he meant he was leaving.,105,32,18,155,649,7452
"After the sudden loss of our dear Mr. Whiskers we decided to remove the third rail""",110,34,18,162,649,2924
We hardly use the car anymore!,110,21,22,153,649,1744
I told you it was like living in Grand Central Station.,103,33,17,153,649,5235
"If you put an ear on the rail track, you can hear grandma fart in her bedroom.",116,32,21,169,649,826
"You're welcome to use the restroom at 2:15, 2:40, or 3:05.",117,30,22,169,649,5006
It's called Amazon Super Express Prime.,117,33,19,169,649,5808
"Well, we had a partial victory in our Eminent Domain case.",112,26,22,160,649,155
"When he promised to get our lives back on track, this is not what I thought he meant.",107,43,10,160,649,4060
"All I said was, ""I think you need a hobby, dear.""",117,43,16,176,649,6175
"Oh, you should see his LEGO set.",107,49,11,167,649,3213
We moved the couch last week - didn't want our kids hanging out on the wrong side of the tracks.,103,32,16,151,649,7000
"Well, I do get tired of the trainmen yelling 'nice caboose' while I'm doing dishes.",105,37,16,158,649,1164
And you have to transfer to a local to get to the bedroom.,108,32,18,158,649,2668
This is your first time in a railroad apartment?,108,33,17,158,649,3613
I'm just happy there's a bar car.,94,37,11,142,649,3023
"I've got a ticket to ride, but I don't care.",85,27,14,126,649,2534
"My landlord's intimidation tactics are getting bolder, but I'm not budging.",111,38,16,165,649,4150
Can I get you anything from the dining car?,113,44,15,172,649,613
It feels like I've been working on the railroad. All the live long day.,103,38,15,156,649,2031
Would you like some cake with that coffee? The dining car should be coming through in a couple of minutes,117,50,12,179,649,3743
It makes it much easier to move the elephant from room to room.,100,30,17,147,649,1410
That's okay. I'll just call an Uber.,112,22,20,154,649,4314
The real estate agent said it was just steps away from public transportation.,98,46,10,154,649,5624
Jeanette! What did I tell you? The first rule is to always cover your tracks.,113,26,22,161,649,6250
We replaced the elephant in the room.,98,23,17,138,649,6354
The contractor said we could choose between being railroaded and being shafted.,94,31,13,138,649,7258
But does it spark joy?,130,40,21,191,649,5328
When he said he was a trainspotter I thought we would be living in the English countryside.,93,41,11,145,649,3770
Howard wanted a retirement hobby that would qualify for federal funding.,101,37,14,152,649,5958
When you said the renovations were on track I did not expect this,105,40,14,159,649,5846
"We love our new home! Unfortunately, the bathroom is on the wrong side of the tracks.",97,32,14,143,649,3336
It's just until the L train gets fixed.,116,42,15,173,649,496
Wait til you see Howard's new wheelchair.,116,41,16,173,649,5245
"Dinah, the neighbors ask that you refrain from blowing your horn before 8 a.m. on weekends.”",125,44,18,187,649,2339
"On the bright side, we no longer oversleep.",122,53,12,187,649,4922
Roger married me because he liked my caboose.,112,25,20,157,649,6100
The light at the end of the hallway is the 9:05.,110,37,17,164,649,1669
He's big for his age.,115,30,19,164,649,4760
My realtor was right. After three weeks you don't hear a thing.,101,32,15,148,649,567
"On the plus side, we're selling squashed pennies on Etsy.",107,40,15,162,649,1058
"Like any man, Ed has a one-track mind. But I adore his transparency.",110,34,18,162,649,6746
Is that the kettle whistling?,114,38,17,169,649,697
This is just a starter home. Our dream is to eventually live at the airport.,113,39,17,169,649,6090
"Hold on tight to your coffee ! ,  the next one's an Express.",118,43,15,176,649,1483
"I know rent is cheap, Susie, but this is why you do a walk-through before you sign a lease.",109,34,17,160,649,743
"Yeah, I know, but we just fell in love with those hardwood floors.",108,37,15,160,649,2399
"I asked for track lights, not light tracks.",117,30,20,167,649,4076
"It was either this, or moving to Baltic Avenue.",110,43,14,167,649,4255
The rent is very low; why do you ask?,113,47,14,174,649,2300
Thomas and I recently moved in together.,126,35,20,181,649,3939
Have you considered un-coupling?,97,32,15,144,649,89
"The rental ad did say "" Close to Public Transportation""",101,38,12,151,649,915
I didn't think he'd build it to scale.,104,29,18,151,649,1061
I asked for a landline and they upsold me.,102,35,14,151,649,3008
"The other apartment we looked at said, a river runs through it.",116,33,16,165,649,2520
"It's mostly fine, except that the kids often hang out on the wrong side of the tracks.",116,39,17,172,649,5982
"Oh, those? Sometimes we do a little damsel-in-distress roleplay.",123,36,20,179,649,7482
"But, Mom, I don't want to be tied down.",101,33,15,149,649,4186
Did  I mention that Bob is a railway buff?,107,38,11,156,649,3141
It gets crowded around 5:15,108,42,13,163,649,895
"Sleep is a problem, but the commute is a dream.",110,37,16,163,649,7228
Thank God when he built it they did not come.,112,35,16,163,649,7294
We won the eminent domain case... sort of....,122,35,20,177,649,2085
We make the kids play outside because it’s actually a lot more safe.,128,33,23,184,649,2087
It goes so well with our track lighting.,90,30,13,133,649,2323
Did I mention Tom got a train set for Christmas?,98,38,11,147,649,3245
Of course it's the right side.,118,40,17,175,649,4211
Well the rent is cheap and cuts my commute time in half.,95,32,13,140,649,5202
We’ve gotten used to the noise; it’s living in a tunnel that still bothers us.,104,46,11,161,649,5834
I ordered a yellow brick road.,110,37,14,161,649,6869
The realtor said it would be a selling point to be near public transportation.,94,36,10,140,649,7330
"It's not that bad, but the 9:05 interferes with the Rachel Maddow Show.",124,35,21,180,649,2551
I work on it just to pass the time away.,115,42,16,173,649,5804
"Yeah, that was the 5:18, I should start making dinner..",111,42,13,166,649,3600
I'm just not happy with my station in life.,111,42,13,166,649,5861
Sorry if the coffee's cold. The 3:15 from the kitchen was late again.,104,37,11,152,649,727
"Now that I can decipher between it and the tea kettle whistle, it really hasn’t been too big of a problem.",103,36,13,152,649,3046
"Actually, you're sitting in one of the original track homes.",103,35,14,152,649,4500
My designer said it would go well with the subway tile.,104,33,15,152,649,5864
I was for eminent domain until I was against it.,114,42,15,171,649,7115
The coolest part is the Doppler effect.,111,36,17,164,649,5636
We refused to sell.,102,45,10,157,649,2752
I never worry about breakups.  New men show up every fifteen minutes.,96,35,12,143,649,121
"I guess when the realtor said, ""It's a railroad flat"" I wasn't paying attention.",94,29,13,136,649,4602
We can't hang anything on our walls.,127,46,17,190,649,1074
It’s called the Mommy track.,132,39,19,190,649,1469
I've come to accept my station in life.,112,42,15,169,649,5638
I got tired of being called a helicopter mom,106,32,17,155,649,712
"Honestly, things aren't that different on the other side of the tracks.",104,41,10,155,649,4672
"And then Harold said to the realtor, nothing too close to the airport.",104,39,12,155,649,5827
"He's a bit louder and bigger than the other boys, but I love Thomas just the same.",107,30,18,155,649,5935
Don't look in the closet.  It's a complete train wreck.,104,30,14,148,649,3977
Right side.  Wrong side.  Isn't it all just semantics?,94,35,12,141,649,3962
"Seriously Susan, He's not coming back",118,29,20,167,649,1205
"Other people whine about the L shutdown, Rodger did something about it.",115,33,19,167,649,1890
"Oh no dear, the train doesn't stop here anymore.",111,42,14,167,649,3371
"On the bright side, we were able to keep our mineral rights.",108,39,13,160,649,4226
What did you think a railroad apartment was?,130,46,17,193,649,3666
"Our son plays piano, but he hopes one day to be a conductor.",104,38,11,153,649,512
"On the plus side, my dinner guests ALWAYS leave at 10:47 PM.",104,35,14,153,649,4208
I hate it when Bob’s Amtrak supervisor lets him work from home.,104,34,15,153,649,6441
I inadvertently agreed to my internet provider's new tracking policy.,106,29,18,153,649,6537
"Oh, and the bathroom is just two stops down the line.",114,45,13,172,649,1439
"After a while, just making choo-choo noises wasn't enough to get him to eat his vegetables.",118,35,19,172,649,4301
"Park Place is nice, but railroads are a much more sensible investment.",106,38,14,158,649,6837
Would you like another drink before the 5:40 comes through?,103,33,15,151,649,2136
"When you said you were being railroaded, I didn't think that you were being so literal.""",120,43,14,177,649,5430
"When he told me he collected ties, I thought he meant that he was interested in men's fashion.",115,38,17,170,649,6937
"Oh, come on. Do the locomotion with me.",112,36,15,163,649,819
Now explain eminent domain again!,114,32,17,163,649,2260
My mother-in-law put these in....she’ll never let me forget where I was born...,114,34,15,163,649,4332
After a while you don’t hear it.,106,34,16,156,649,412
I should have seen it coming.,106,36,14,156,649,3698
"The letter from Amtrak said something about eminent domain, we just ignored it",106,34,16,156,649,4068
The look's not so much 'boho' as 'hobo'.,111,26,19,156,649,7043
I am resigned to my station in life.,102,31,16,149,649,5280
When you marry a railroad man you get tied down.,104,30,15,149,649,6339
He always gets home at 6:05,102,35,12,149,649,6479
The tax break was hard to resist,112,42,14,168,649,362
He's got a one track mind.,118,34,16,168,649,943
Most people are just passing through.,114,37,17,168,649,6524
Lionel should home any minute.,98,31,13,142,649,7436
"Get ready for the whistle, and don't wave.",109,36,16,161,649,5693
Little men have little trains.,107,32,15,154,649,2092
Yes! We won our eminent domain case.,105,33,16,154,649,4281
"The downside is you have to go to apartment 6G to transfer to the Number 6 train, and the people who live there sometimes sleep late.",106,32,16,154,649,4925
"I did tell you, Diane. We're sitting on a gold mine here.",100,45,9,154,649,6623
...and please don’t even ASK about the erector set.,115,40,11,166,649,2400
"My husband trained as a violinist, but now he wants to become a conductor.",112,30,17,159,649,795
Air bnb said it was a railroad apartment.,119,46,13,178,649,4273
I tried online dating but once I mention I have a big caboose a lot of them never get back to me,109,26,17,152,649,263
"No, George still doesn't get home on time.",113,33,18,164,649,2359
There really is no wrong side.,98,33,14,145,649,7371
Build it and it will come,120,39,17,176,649,5338
The drink car will be here at 10:26.,109,32,16,157,649,2019
This is the last train set we buy from Costco!,119,30,20,169,649,2510
All. the. livelong. day.,114,40,15,169,649,3682
I don’t know if I’m coming or going.,105,33,12,150,649,3402
We successfully fought Eminent Domain!”,104,31,15,150,649,5882
It makes emptying the car after a Costco run so much easier.,106,44,12,162,649,407
"Sure beats ""The Wall"" my cousin in Texas got.",115,28,19,162,649,1581
You're in luck. The 4:25 express to the bathroom is arriving now.,114,31,17,162,649,2268
Things have been so crazy...it's like Grand Central Station around here!,109,38,15,162,649,5042
It's a shame your husband was a sleepwalker.,117,24,21,162,649,7321
I knew it was a mistake to get a railroad flat.,96,34,13,143,649,166
"Initially, I just wanted track lighting.",98,30,15,143,649,1677
"I'm traveling to the living room, where are you off to?",118,40,16,174,649,5770
It would be an advantage if at least it stopped here.,117,41,16,174,649,6212
George takes his Monopoly deeds seriously.,118,30,19,167,649,1684
"It's a little close to the train, but the price was right.",113,38,16,167,649,4675
"Funny, I hardly hear them anymore.",125,36,18,179,649,4880
We're MTA nesters.,110,35,15,160,649,513
"Don't worry - it's NJTransit, so we won't be disturbed for another three hours.",109,40,11,160,649,800
"For us, it was about good schools and great access to transit",106,41,13,160,649,6473
"For the love of  God Marian, please help me talk your brother back into HO gauge.",124,27,21,172,649,2032
What sound?,117,47,8,172,649,2096
"Last time I was here, you were still tied up on the living room floor.",121,31,20,172,649,3758
"It's a great place to live except at 11:07, 11:43, 12:17, 12:36....shall I go on?",103,37,13,153,649,1172
I just sleep through it now.,104,36,13,153,649,3571
"His ""model train thing"" was fine until we won the lottery",104,35,14,153,649,4849
It's hard to believe I'm at this station in life.,111,39,15,165,649,786
"Ties the room together, don't you think?",122,41,14,177,649,1322
Too bad you have to leave at 8:37.,116,48,13,177,649,1437
It’s a lot quieter since they switched from coal to electric.,119,43,15,177,649,3437
We don’t even need the alarm clock anymore. The 6:17 is very reliable.,92,34,8,134,649,6815
"I'd invite you to our kitchen, but right now it's a train wreck.",102,27,17,146,649,1213
It goes to the bedroom. He has a one-track mind.,103,25,18,146,649,2963
The rent is a bit high but the transportation access is too good to pass up.,107,38,13,158,649,5478
We were disappointed that we missed out on the Windmill House... but then this became available.,105,30,16,151,649,2876
It's my fault for calling his last model railway a toy!,107,28,16,151,649,5317
"Any time, now.",108,43,12,163,649,6113
Well at least it's not that damn wall.,128,34,18,180,649,1682
Now I’m literally 2 minutes from my kitchen.,100,28,16,144,649,2094
So now I get why they call this a railroad flat!,102,43,11,156,649,3288
I told you. I'm keeping track.,110,33,13,156,649,5914
"Coming from a rural state, I had no idea what a railroad flat was when I agreed to marry him.",124,47,14,185,649,738
My life is a train wreck just waiting to happen!,120,34,19,173,649,4497
Frank gets home at 6:12 on Thursdays.,114,46,13,173,649,4973
I think Jerry's having an affair. He claims the train is late at least three times a week. Won't HE be surprised.,110,35,16,161,649,1625
Well at least it's not a wall.,105,29,15,149,649,2816
You know how it is. I was young. Took a midnight train going anywhere. And ended up here.,103,31,15,149,649,4947
Don’t worry.  It’s a New Jersey Transit line.  The trains are always cancelled.,106,33,15,154,649,3819
I only wave if there are kids.,101,44,9,154,649,4086
Well at least it's not in my back yard,104,37,13,154,649,5107
"Do you want to go out to eat, or just wait for the dining car?",106,33,15,154,649,7238
"I’m sorry, but until the 4:15 arrives you’re just going to have to hold it in.",120,31,20,171,649,199
"No, really, I don't even hear it anymore.",109,53,9,171,649,5099
It's only $2.75 to get to the bathroom.,111,30,18,159,649,1988
"The rules say you can't build a hotel on Reading, but I guess he just wouldn't take no for an answer.",107,39,13,159,649,6550
When they threatened eminent domain we negotiated a compromise.,111,39,14,164,649,5427
"They claimed eminent domain, but my lawyer was able to work out a compromise.",102,37,13,152,649,623
"The worst part is, it's still a drive to the station.",106,34,12,152,649,5926
It goes with his one-track mind!,106,34,12,152,649,6167
Fred will be home at 6:03.,125,37,19,181,649,3326
"At the moment, this is my station in life.  But, I hope to move on.",127,34,20,181,649,6811
It's okay except when the cattle cars roll through.,104,41,12,157,649,7488
It is the latest from  Amazon Prime,131,35,20,186,649,3776
We're not backing down on this Eminent Domain nonsense.,121,36,17,174,649,543
It turned out that John's miniature train fixation was just a gateway hobby.,104,30,16,150,649,1979
Pete has been pretty busy...He works all the live long day.,117,31,19,167,649,664
It’s not that unusual; there are lots of railroad apartments in NYC.,114,37,16,167,649,3274
The listing DID say reclaimed wood flooring...,118,30,19,167,649,7069
"Yes, it's noisy. But we barely noticed it until after the kids grew up.",115,43,14,172,649,402
The cartoonist thinks it’s a laugh track.,115,43,14,172,649,4217
"So long story short, compromising on eminent domain doesn't work.",99,29,15,143,649,1189
I can be dowtown in ten minutes.,108,41,11,160,649,28
"Sadly, the nearest station is 4 blocks away.",116,24,20,160,649,4838
The house was like Grand Central Station today!,128,31,18,177,649,6068
Why do you ask?,104,27,17,148,649,1361
Do you think we have the wrong schedule? We're the only ones waiting.,106,26,16,148,649,5556
We were playing Monopoly last night and things got out of hand.,112,39,14,165,649,3841
Tom? Well let's just say he's been working all the live long day and I'm about to blow my horn.,120,33,17,170,649,808
Be really careful ordering track lights by catalog.,102,39,12,153,649,2451
Wow! Your husband really does have a one track mind.,107,41,10,158,649,906
"It was convenient, but they discontinued the stop, claiming we were the only ones using it.",104,43,11,158,649,1645
"I have to admit, at first it seemed pretty weird, but I'm beginning to see the light at the end of the master bedroom.",125,38,17,180,649,47
"The ad on craigslist said ""Manhattan railroad flat, only $1,000 a month rent.""  So of course we jumped at it.",111,39,13,163,649,2063
I fought The Eminent Domain Law and The Law won.,113,33,17,163,649,2526
"If the alarm doesn't wake him, the 7:05 to Poughkeepsie will.",112,35,16,163,649,6877
Just pretend you don't notice when he comes huffing and puffing into the room,100,32,14,146,649,4903
I'm sick and tired of hearing you say that my life is a train wreck waiting to happen.,103,30,13,146,649,6743
The realtor told us it’s a classic railroad apartment.,115,37,16,168,649,922
Amazon now delivers directly to your kitchen.,118,31,19,168,649,3866
How’s your eminent domain fight going?,113,43,12,168,649,7176
My marriage? A train wreck? Why in God’s name would you ask that?,124,30,19,173,649,1715
As I was saying...,122,31,20,173,649,6107
It's not like I'm tied down or anything.,112,28,16,156,649,1092
"You know, my life has just been one long series of train wrecks.",105,38,13,156,649,5181
"Well, the flat was very cheap and the bathroom is just two stations down the line.",121,41,16,178,649,138
I asked the realtor if it was near public transportation. She said yes.,116,51,11,178,649,3151
"Well, he never had a train set growing up.",116,52,10,178,649,5905
"Yes, it's noisy but the cat has something to chase twice an hour.",110,38,13,161,649,1367
"When we finish our coffee, we'll take the 7:16 to dinner.",110,36,15,161,649,2429
"The older the boys, the bigger the toys.",131,32,20,183,649,4197
There's no way we can get a dog.,96,38,10,144,649,2306
I’m curious - how is the eminent domain challenge coming along?,98,33,13,144,649,4740
"We're heavy sleepers, so it's not a problem.",86,30,11,127,649,1174
"Since becoming a conductor, he's been bringing his work home with him.",100,40,9,149,649,2107
"So, are you just passing through?",104,40,10,154,649,2610
My husband is an idiot.,122,38,16,176,649,4622
It beats sitting in traffic.,107,38,9,154,649,5090
"Sometimes I feel like the world is passing me by, especially weekdays at a quarter past the hour, and every other hour on weekends and holidays.",104,37,13,154,649,6556
He'll be here around 5:19.,125,32,19,176,649,7198
"We just couldn't believe how affordable this place was,we kept asking the agent,""did someone die here?""",108,37,14,159,649,3664
The right-of-way easement was a bit more intrusive than we expected.,109,37,13,159,649,7331
I’m his damsel in distress and he’s my little engine that could.”,98,22,17,137,649,2720
Are you here to stay or just passing thru?,114,38,12,164,649,1554
"Yes, it's a ""railroad"" apartment.  I much prefer it to the ""shotgun"" apartment I had in Tucson.",115,34,15,164,649,3566
Sorry I just got sidetracked,97,33,12,142,649,4147
"If we're lucky, we can catch the 4:00 to the kitchen.",119,34,16,169,649,6016
And the bar car stops here at 5 o'clock.,121,35,18,174,649,4282
I assume you heard that we won our defense against eminent domain?,118,41,15,174,649,6228
Can you hold it until 1:07?,105,35,12,152,649,1598
I misunderstood what they meant by track lighting,105,32,15,152,649,4341
It was this way or the highway.,112,37,13,162,649,2524
"We're still married, but Glenn lives on the other side of the tracks.",111,37,14,162,649,5776
What is eminent domain?,102,20,18,140,649,3089
"Being close to transit is nice, but most days I prefer to walk to the kitchen.",122,32,18,172,649,2757
Bathroom? Down three stops to the left.,121,35,16,172,649,5174
Would you prefer the sleeper sofa or the sleeper car?,121,41,15,177,649,3149
The neighbors are all onboard.,100,39,11,150,649,4219
Next stop splitsville.,132,31,19,182,649,1194
"So, did you drive or take the train?",129,34,19,182,649,2540
We told the realtor our number one priority was an easy commute,125,41,16,182,649,5852
"Lionel takes his hobby very seriously.""",110,29,16,155,649,6193
John's been doing a lot a work around the house since the government shutdown,112,31,17,160,649,5238
It's not so bad except at rush hour.,108,44,8,160,649,5248
"So, what's new with you",107,49,9,165,649,1400
"Considering he's from the other side of the tracks, my husband and I get along quite well.",96,25,12,133,649,1307
"Well, the broker said it was a railroad flat.",94,25,14,133,649,3716
Rezoning was the hardest part.,122,39,14,175,649,1178
They're all fine except Thomas. He's the cheeky one.,128,24,23,175,649,2070
Herb drives to work. Why do you ask?,99,34,10,143,649,5258
What was I saying?,128,34,18,180,649,702
"If you want to meet Steve, he'll be here at exactly 5:17.",125,39,16,180,649,1292
"It may be hard to believe, but this house was once a tunnel.",99,38,11,148,649,379
"Bob usually gets home at 5:40, 5:55, or 6:10.",106,26,16,148,649,2717
"After the 8:02, we can return to the kitchen.",129,41,15,185,649,4891
We love the proximity to public transportation,100,37,11,148,649,6771
The boarding platform is in Apt. 4G,126,51,13,190,649,6033
At least we're on the right side of the tracks.,105,38,10,153,649,4529
"It's very convenient, but vacuuming between all those slats is a nightmare.",106,42,10,158,649,1098
Sometimes it's like Grand Central Station in here.,106,41,11,158,649,1509
I need to open the front door every hour.,109,35,14,158,649,2575
"Our commute is fantastic, but this is the third dog we’ve lost.",116,32,15,163,649,1721
We got railroaded into buying the house.,115,30,18,163,649,2033
It's just until the L line is repaired.,117,35,16,168,649,2198
As long as you keep an eye on the timetable it’s actually quite convenient.,116,36,16,168,649,7153
"Really,the only inconvenience is the weekend schedule",116,43,9,168,649,7305
"At first retirement was hard, but now Tom has a hobby.",119,38,16,173,649,2593
"Frankly, I'm proud of Jack for standing up to the city and refusing their measly right-of-way offer.",123,33,17,173,649,5975
The Airbnb ad said “close to  public transportation to the  museums. It sounded perfect”.,99,25,12,136,649,3433
We went with the medium-stain oak to match the table,92,33,11,136,649,6368
In a few minutes we can catch the 3:17 to the kitchen.,97,31,13,141,649,1166
"Yes, five husbands. They were all sleepwalkers.",105,17,19,141,649,1663
Otherwise we couldn't afford Manhattan.,125,50,13,188,649,7122
"He said he wanted the ""big boy"" train set.",130,48,15,193,649,6394
We never have to set an alarm.,106,38,12,156,649,1173
I think he’s having an affair. The least he could do is make an attempt to cover his tracks.,110,31,15,156,649,4794
"'Because he's mine , he walks the line...""",108,33,15,156,649,4984
The real estate agent said it was close to transportation,111,29,16,156,649,5533
"Well, he really was a very good salesman.",111,35,15,161,649,2759
Track housing is just so much more affordable.,116,26,19,161,649,4257
I think I finally found my station in life.,116,27,18,161,649,5069
We lost the right-of-way lawsuit.,114,32,15,161,649,5080
I blame myself for telling him he needs a hobby!,115,36,15,166,649,3194
Is Harold still fighting eminent domain?,121,24,21,166,649,3550
"When the realtor said it was a railroad apartment, I thought he was using a metaphor.",117,33,16,166,649,6271
It's only an issue twice a day.,113,40,13,166,649,7394
I call it early American.  They call it eminent domain.,117,35,14,166,649,7493
It's my fault really.  I made fun of his tiny model trains.,120,34,17,171,649,2855
Ralph said miniatures just didn't do it for him anymore.,98,34,12,144,649,1386
Things haven't been the same since Roger won the powerball.,95,40,9,144,649,6073
We've been enjoying Amazon Super-Prime.,106,34,14,154,649,7255
We'll have to wait for the 5:10 express before we can head back to the dining room.,111,38,10,159,649,5694
"No,actually my husband's a pilot.",113,36,15,164,649,837
The Apartment Ad did say close to transportation.,116,32,16,164,649,1628
"Technically the coffee table is railroad property, but we use it between stops.",107,48,9,164,649,3753
But I have both utilities.,118,27,19,164,649,4591
Amazon double Prime avoids porch thefts.,113,36,15,164,649,6055
"On the other hand, it's very convenient.",120,35,14,169,649,4348
"I know the Joneses have a floating maglev train, but we’re going for farmhouse industrial.",120,32,17,169,649,5646
I don’t know what he’s building back there but he’s always on time for dinner,122,35,17,174,649,4248
"When Hubert said he was bringing home a little coal train, perhaps my hopes for Thelonious Monk and Ornette Coleman were set a bit too high.",121,36,17,174,649,6514
It's the damn whistle I hate the most!,124,39,16,179,649,4075
"I truly don’t know if I’m coming or going.""",93,26,13,132,649,2348
I like to think of it as a metaphor,100,31,11,142,649,857
I will be leaving at midnight & heading to Georgia.,100,36,11,147,649,990
Thomas is always on time.,100,36,11,147,649,4142
For now at least it does spark joy.,113,28,16,157,649,128
Being married to Thomas is challenging!,113,26,18,157,649,4425
I told him no toy trains.,109,33,15,157,649,4469
You do not even hear it after a while.,114,34,14,162,649,1095
Would you like a coaster?,111,37,14,162,649,1226
Long Island Railroad holds our mortgage.,115,30,17,162,649,3238
"At my boy friend’s apartment, a River Runs Through It.",117,29,16,162,649,6400
Our cat lasted about 15 minutes.,115,39,13,167,649,7212
I think track lighting would do wonders for this place.,120,35,17,172,649,5272
It's only a bother every hour on the hour.,113,49,10,172,649,6661
I meant it literally when I said my life is a train-wreck.,119,45,13,177,649,6964
Of course the in laws had to out shine Santa with Billy's train set,136,35,21,192,649,1288
"So I told Jerry-- next stop, Divorce Court.",114,37,14,165,649,383
We still have to install the track lighting.,106,37,12,155,649,704
We enjoy the fact we can get a bit of extra sleep before rushing to catch the 8:10 to Boston.,90,36,9,135,649,937
"When my co-workers ask me if I work out or not, I tell them I train at home.",104,33,13,150,649,991
"Honestly, you get used to it.",114,44,12,170,649,1021
"Quick, do you have a penny?""",112,32,16,160,649,1510
"I admit there’s a downside, but I always know when it’s 5:43.",112,48,10,170,649,1516
"On the other hand, we just need one car.",105,54,6,165,649,1803
We moved here for the easy commute.,99,35,11,145,649,3065
"Yeah, eminent domain's a bitch, but this way, I keep my condo.",112,25,18,155,649,3943
Just keeping up with the Casey Joneses.,91,28,11,130,649,4657
It's no so bad...nobody ever gets off at this stop.,116,48,11,175,649,4780
"I thought ""zero minute walk to the nearest train station"" was a typo.",101,38,11,150,649,5421
And through the open window I hand Charlie a sandwich.,110,29,16,155,649,6313
"Mom, I'm in love with an engineer.",126,44,13,183,649,5244
"Our mantra is STOP, LOOK, LISTEN.",124,41,13,178,649,2728
"When he said he was a personal trainer, I thought he meant something else.",120,39,14,173,649,2466
"They weren't kidding when they advertised,""If you lived here,you'd be home by now""",114,42,12,168,649,4185
I refuse to be a NIMBY.,118,29,16,163,649,3832
We needed more than just a little R&R.,111,39,13,163,649,4970
"Better still, we're under a bowling alley.",110,34,14,158,649,3579
He says he no longer finds model train sets fulfilling.,114,28,16,158,649,6949
Thomas likes to make an entrance.,112,32,14,158,649,7161
"The worst pat is, my office isn't even on this line.",109,30,14,153,649,739
"I thought it was just a misspelling when I read the listing,"" FOR SALE: Charming late 70s track home.""",107,31,15,153,649,1294
We love being so close to public transportation.,105,35,13,153,649,6705
I thought you said daily espresso...,101,38,9,148,649,1661
We could only afford a railroad flat.,104,29,10,143,649,170
Ed sometimes gets a little carried away with his hobbies.,99,33,11,143,649,3673
I thought it was serious but he was just passing through.,102,25,16,143,649,7357
"When it said ""zero steps to the train""  in the ad, I thought it was a typo.",93,27,13,133,649,6773
It started with a little one in the basement,132,33,16,181,649,4000
"It's a conversation piece for sure, but a nightmare to vacuum.",113,48,10,171,649,787
We're always arguing about which side is the wrong side.,116,43,12,171,649,1540
It’s nice to have a quiet night. It’s usually like Grand Central Station around here.,113,48,10,171,649,5655
"Well, they gave us a choice - eminent domain, or living room train.",113,41,12,166,649,3713
The TV remote made our lives much safer.,115,39,12,166,649,6543
"Yes, it’s a track house.",114,31,16,161,649,1457
"It doesn't go anywhere, but it makes me feel less trapped.",112,34,15,161,649,3204
It was listed as a railroad apartment.,111,36,14,161,649,6268
"There's plenty of affordable housing, if know where to look! You wouldn't believe the deal we got on this place.",107,36,13,156,649,446
"Uhm, do you want to be tied up...or would you rather be the engineer?”",111,28,17,156,649,1752
It's like Grand Central Station in here.,104,34,13,151,649,3261
The only downside is I can't make soufflés anymore.,108,26,17,151,649,5268
We really feel like our landlord is railroading us,111,19,16,146,649,1078
It's usually an elephant in the room.,103,29,14,146,649,2433
It might be time to cover your tracks.,102,30,14,146,649,6664
So this is a railroad flat!,105,26,15,146,649,7349
marv traded boardwalk and park place for all the railroads and four houses,98,30,13,141,649,7215
I'm so glad the MTA is adding more local stops.,137,39,18,194,649,555
And now they want to build a wall through here.,123,33,18,174,649,3264
We also have a lazy Susan.,118,35,16,169,649,979
"I told him... It's not the size that matters, it's the locomotion!",118,30,16,164,649,4949
"Well, yes, he does have a one-track mind.  But at least it's not just in the bedroom.",116,31,17,164,649,7155
It really does tie the room together.,109,37,13,159,649,252
sorry we got sidetracked,113,34,12,159,649,762
You’re doing well considering you grew up on the wrong side of the house.,112,33,14,159,649,956
He heard that lonesome whistle blow and I haven't seen him since.,110,36,13,159,649,3317
"Admittedly, narrow gauge would have been better.",110,35,14,159,649,4349
Look both ways before you cross the living room,108,39,12,159,649,6899
"You'd never guess, but it's from IKEA.",106,44,9,159,649,7368
The ad didn't lie – it IS on a major transportation line.,106,37,11,154,649,2779
It’s technically still hardwood flooring,110,33,11,154,649,4791
Before we moved the couch we were on the wrong side of the tracks.,108,25,16,149,649,1585
"He just walked out on me, on the midnight train to Georgia.",103,20,16,139,649,4741
Should be here any minute now...,97,34,8,139,649,5678
I told him. Pay up for Amazon Prime. They deliver with drones. But does he listen?,131,32,19,182,649,6329
They told us the commute would be the main attraction of the house.,128,35,14,177,649,3182
"The agent did mention ""easy access to the High Line.""",116,47,9,172,649,7093
It's useful for moving the elephant in the room.,118,32,17,167,649,2511
It would be a great commute if only it would stop.,115,32,15,162,649,5417
"Jack prefers to be called an ""Extreme Hobbyist.""",105,44,8,157,649,1986
"I wasn’t sure, but the realtor railroaded me.",112,28,17,157,649,3475
"Sorry, I really didn’t get it when you said he had a “one track mind”.",106,40,11,157,649,4083
"Twenty years on the railroad, and my husband is still bringing his work home with him.",106,34,12,152,649,6758
At least its on the right side of the tracks,102,32,13,147,649,81
"Well, its hard to have pets",101,34,12,147,649,760
We thought they said eminent domain but it was imminent train.,107,25,15,147,649,4232
Most of my visitors are transients.,124,41,15,180,649,2696
"Needless to say, we're not huge fans of eminent domain.",99,30,13,142,649,1262
I'm still adjusting to the new schedule.,99,30,13,142,649,2811
"There are drawbacks, but he's unbelievable in bed.",98,26,13,137,649,4969
"We still don’t know how it got here, but we suspect it has something to do with the drug cartels and the new border wall.",97,28,12,137,649,6069
"Oh, silly me; I thought you meant 'tract' house!",119,38,13,170,649,3628
I now have a better understanding of eminent domain.,121,23,21,165,649,2519
Oh Don't go.  Lionel will be coming through the door any minute now.,114,37,14,165,649,4582
"He barges in like a freight train every night at 6:03. Worse yet, he leaves tracks on the carpet that I can't get out .",118,32,15,165,649,6494
"Sorry I'm late, I had to make a few stops.",113,40,12,165,649,7193
It's only temporary until the L Train tunnels are fixed.,111,38,11,160,649,478
"Bob is too lazy to walk to the refrigerator""",109,34,12,155,649,2528
"People think working from home is easier, but I'm still at it all the live long day.",102,37,11,150,649,502
"It is loud, but SO convenient!",102,37,11,150,649,5465
Sorry about the mess. My husband always leaves tracks on the living room rug,101,32,12,145,649,775
We're really committed to public transit.,118,42,13,173,649,1919
Aren't you going to answer the door?,123,33,17,173,649,7085
Thanks for coming in to see me off-peak.,101,26,13,140,649,1791
"Explain it?!  He warned me...""The only difference between men and boys... is the size of their toys""",121,32,15,168,649,6526
"Big boys,Big toys",110,42,11,163,649,554
I told him he should have asked the realtor what eminent domain meant before we bought the house.,115,32,16,163,649,1911
It was a compromise.  I wanted a walk-in closet and Fred wanted an easy commute.,116,30,17,163,649,4029
Just when we got the elephant out of the room.,116,30,17,163,649,5445
"With the money we got selling the railroad this right-of-way, 
we paid off the house, our student loans and 
can now afford health care.",112,30,16,158,649,178
I have my book club and he has his trains,108,38,12,158,649,1094
"The ad said ""Natural light. Spacious. Close to train.""",112,33,13,158,649,2889
It's just a whistle stop.,105,44,9,158,649,5788
"I think it fits my 'industrial chic' aesthetic.""",121,49,11,181,649,2573
It's not easy being married to a hobo. We've had to make compromises.,111,26,16,153,649,877
I think you're taking this 'my life is a train wreck' metaphor a bit too literally.,106,36,11,153,649,1104
"When it’s late, you notice.",107,33,13,153,649,3434
Things have really gotten better since we moved the couch from the wrong side of the tracks.,126,32,18,176,649,1944
See you again tomorrow at 2:36,104,30,14,148,649,1002
Now that the kids are gone we can finally put in a third rail.,105,29,14,148,649,3675
Most railroad jobs don’t offer “work from home” but Michael got lucky.,109,22,17,148,649,7461
Putting pennies on the rails somehow never grows old.,114,47,10,171,649,4072
My husband asked for lots of ties for his birthday.,100,31,12,143,649,6150
"A little noisy, sure, but this place is a commuter's dream.",102,28,13,143,649,6435
After the first couple of months you don't even notice it.,128,41,15,184,649,1488
We bought it sight unseen because the ad said 'close to transportation.',95,33,10,138,649,5175
"I thought it meant something else, too",114,34,13,161,649,6495
"This way, he has his side and I have mine.",109,37,10,156,649,1404
"There's light at the end of the hall.""",121,39,14,174,649,679
The cocktail car will be along at 4:08.,120,40,14,174,649,1558
It ties the house together.,101,42,8,151,649,1018
And the fact that it runs on clean coal made it a no brainer!,108,31,12,151,649,2371
"So, does this mean you’re being fast-tracked or railroaded?",108,27,16,151,649,4049
I think it really ties the room together.,105,33,13,151,649,6235
We were surprised it was so affordable given how close it is to the new rail line.,135,45,12,192,649,1749
I liked it better as a xylophone.,136,38,18,192,649,4684
"Oh no, I never drink before the 4:15.",115,44,10,169,649,3174
The china rattles a lot but it’s cut our commute by 45 minutes!,100,35,11,146,649,6198
"Never marry an engineer. 
They love to bring their work home with them.",130,45,12,187,649,1499
We thought the realtor said it was a tract housing subdivision,114,40,10,164,649,387
What really sold us on the place is that it's close to transportation.,116,32,16,164,649,5997
"And then I said, ""It's a metaphor Jay, it's a metaphor.""",103,28,10,141,649,5687
"You have a such a lovely home depot, Alice.",99,30,12,141,649,6562
Our only worry is the Rails to Trails movement.,114,29,16,159,649,2984
And we have a bus stop in the kitchen.,116,27,16,159,649,3388
I wanted something close to transportation.,111,37,11,159,649,4541
I hid his legos.,113,30,16,159,649,6533
"Amazon Super Prime delivers everything in 30 minutes, or it's free!  I can't remember what life was like before this!",127,31,19,177,649,2229
"So when we first met, he told me he was an engineer...",121,43,13,177,649,2489
It's the ties that bid,110,32,12,154,649,792
"Since his retirement, he has taken his hobby to a new level.",107,34,13,154,649,950
It actually really cuts the street noise.,110,28,16,154,649,1710
Trust me we want to be out of her by 8:17.,107,34,13,154,649,6703
They really tie the room together.,105,41,8,154,649,7416
This was the only affordable lot left in the Hamptons.,119,41,12,172,649,6972
The rent is cheap and it's quite near the train.,107,33,9,149,649,452
"It was this, or my parents'.",103,34,12,149,649,3585
It was advertised as being only a short walk to public transportation.,108,30,11,149,649,6989
If there is no delay Ed should be back from the restroom at 7.48.,118,33,16,167,649,1383
"So, what's it been like living on the other side of the tracks?",118,35,14,167,649,2760
Actually his train left the station years ago.,115,39,13,167,649,3156
"It's a little weird when it stops and people get off! I'm like, hello?",116,31,15,162,649,6205
"I could order Uber Eats, or we could get something from the dining car.",121,40,14,175,649,203
Waving back has become less fun.,109,36,12,157,649,2837
One of our must-haves was proximity to public transportation.,110,35,12,157,649,5591
Don’t go to the kitchen - it’s on the wrong side of the tracks.,120,37,13,170,649,7459
It was so much easier when he was into Lionel.,107,31,14,152,649,3179
Getting the kids out in the morning is SO much easier.,127,41,15,183,649,2591
"At first I dismissed ""on subway"" as realtor hype.",113,40,12,165,649,1384
The price was right  and one advantage is I always know when it's 5:36 am,116,38,11,165,649,5626
I kinda feel like he railroaded me into it.,115,38,12,165,649,5633
It’s only while they repair the ‘L’,105,30,12,147,649,1926
We were warned there would be some disadvantages to taking a basement apartment in the Hudson Yards.,103,31,13,147,649,2802
I got tired of someone else conducting my life.,104,31,12,147,649,3712
I won the eminent domain court battle but was forced to settle for an easement.,117,30,13,160,649,2670
He started with track lighting.,113,32,15,160,649,2897
"It’s a compromise.Unfortunately, Jim and I are from opposite sides of the tracks.",117,29,14,160,649,3281
At least it's not a wall.,99,31,12,142,649,1181
"Oh honey, but it’s always a trade off in this city.",108,35,12,155,649,640
2 more and we'll have a monopoly.,109,35,11,155,649,2301
He talked about track lighting. I didn't realize he also meant track flooring.,133,34,19,186,649,3598
Next phase of the renovation is a funicular to the master bedroom.,111,28,16,155,649,4309
It started out as a hobby in the basement.,129,45,12,186,649,6718
I didn't know what he meant when he asked for a playstation.,122,33,13,168,649,4884
My real estate agent wasn’t lying when she told me that the nearest train was at an arm’s length.,119,35,14,168,649,7247
We probably should've suspected something when we saw the address was 9-3/4 Hogwarts Way.,127,39,15,181,649,1968
"Yeah, and wait until you see the Christmas tree!",106,30,14,150,649,111
My other choice was an interstate highway.,106,33,11,150,649,4321
The decorator assured me. This is the right side.,106,30,14,150,649,6321
Sorry what were you saying.,101,32,12,145,649,1808
A short commute was his top priority.,114,32,12,158,649,5242
I think I'm the only person in Brooklyn looking forward to the L train shutdown.,114,28,16,158,649,5333
I finally got my life on track.,122,36,13,171,649,2868
Now I know what 'eminent domain' means.,125,27,19,171,649,4879
It started with just a tie for Christmas...,114,23,16,153,649,5802
"On the other hand, it's a lot of fun when the circus train comes through.",113,42,11,166,649,3487
Couldn’t Amazon just leave the package on the front step?,116,38,12,166,649,3578
And will Mr. Bezos be claiming the model train set in the divorce as well?,126,37,16,179,649,6080
There should be some cheese and crackers coming on the 4:15.,108,29,11,148,649,1190
Henry's parents never gave him a train set.,98,43,7,148,649,1421
The listing said it was close to public transit.,99,41,8,148,649,3436
I thought he meant he loved going to the track ...,115,32,14,161,649,7046
He'll be home at 6:47.,118,32,11,161,649,7497
I don't even hear it anymore.,138,28,21,187,649,160
I’m not sure the convenience is always worth it.,86,38,6,130,649,207
It’s a bit noisy but it cuts my commute time in half.,110,38,8,156,649,3619
You should see his caboose.,103,26,14,143,649,4975
"Big children, big problems.",93,27,10,130,649,6600
The houses next to the tracks were outside our price range.,118,41,10,169,649,6615
Yes I was just as surprised when they agreed he could work from home.,124,41,12,177,649,6845
"After years of nagging, I told him he could get a train set.  What did I know?",119,31,14,164,649,394
"You get used to it, unless that is, it hits you.  That's how I lost Ralph.",119,31,14,164,649,2278
So I just put the kids in the quiet car and shunted it onto a siding.,118,33,13,164,649,2987
"I'm glad the L train shutdown was canceled, I just wish we had known before we remodeled.",115,39,10,164,649,5133
We've replaced the elephant.,119,28,17,164,649,6234
It's a prototype for a new system he believes will compete with Amazon's drones.,100,23,15,138,649,4187
I do have cream but the next train to the kitchen isn't until 5:27.,97,33,8,138,649,5621
If the L train closes we’re golden.,111,37,11,159,649,279
I couldn’t dream of moving with such an easy commute.,112,33,14,159,649,3102
I drew the line at crossing gates.,112,33,14,159,649,4933
"It's only once an hour, and it's rent controlled",97,43,6,146,649,1887
"As you might have guessed, I am moving forward with the divorce.",102,32,12,146,649,3003
Now I can work all the live-long day AND night.,95,28,10,133,649,2795
"Funny thing, the nearest stop is two blocks from here.",128,38,14,180,649,6314
Boys never grow up. Only their toys get bigger.,117,37,13,167,649,5247
If we catch the four-oh-five westbound we’ll get to the dining room in time for tea.,115,40,12,167,649,5753
"...so I play Nell, and he’s Dudley Doright...",120,30,17,167,649,5971
It was the only way to get the elephant out of the room.”,115,21,18,154,649,1967
"It looks convenient, but the nearest stop is 9 houses away.",110,31,13,154,649,3762
I told you you could have taken the train here.,109,31,14,154,649,7138
It's the Midnight Special that really bugs me.,126,33,16,175,649,3496
"Sorry for rushing you, but we're on a schedule.",89,30,9,128,649,2226
"The neighborhood's iffy, but the commute's a dream.",117,30,15,162,649,6133
I just got TIRED of waiting for my ship to come in.,105,32,12,149,649,3233
"When I give the signal, just hold on to your mug.",98,45,6,149,649,4249
"""Brad called and said he's on the 5:58. 
It should be pulling in any minute.""",102,37,10,149,649,4666
The only problem we have is when another train is coming the other way.,106,31,12,149,649,5612
I'm working my way up to helicopter parent.,126,44,13,183,649,2262
It really ties the room together.,114,47,9,170,649,52
Really? I didn't hear a thing!,121,38,11,170,649,2002
"My commute is cut in half, the steam is great for my skin, and the whistles give me periodic confidence boosts. I just need a roommate.",123,31,16,170,649,5281
I just have this feeling that I'm being railroaded,106,42,9,157,649,1447
Thomas likes to make a grand entrance when he gets home from work.,125,38,15,178,649,823
"As bad as things are, I really do see the light at the end of the tunnel.",100,33,11,144,649,6264
Tell me about this mystery man in Dinah's kitchen.,120,28,17,165,649,607
I should have noticed when he didn't use the word 'scale' when he talked about his model trains.,120,27,18,165,649,1966
"On the bright side, we never oversleep.",113,42,10,165,649,3026
You might want to use the bathroom before the 3 O'clock comes through.,116,35,14,165,649,4907
He started with HO-gauge but you know Mr. I'm-never-satisfied!!!,127,47,12,186,649,4544
"When we weighed the pros and cons, it was the access to public transport that put us over the top.",110,30,12,152,649,2513
It's the only way we can get our stuff home from Costco.,105,36,11,152,649,3562
Of course ordering something large is no longer a problem,93,39,7,139,649,1215
Every night a train drives by and I swear it sounds like it's coming right through my house!,114,32,14,160,649,2588
Eminent domain.  Sheminent domain.,113,34,13,160,649,3134
He never waves anymore.,115,29,16,160,649,3800
He’ll be coming around the chaise lounge when he comes.,112,35,13,160,649,4618
"It began with me asking him, “maybe you should find a hobby?”",124,46,11,181,649,6673
It's a railroad flat.,120,32,16,168,649,134
It's bigger than his last one but it's still electric.,121,44,11,176,649,2312
Somehow I really feel like I got railroaded into this relationship.,128,33,15,176,649,2941
...and that's when I told him to make tracks.,126,35,15,176,649,5419
He refused to move after we lost the eminent domain lawsuit with Metro.,125,38,13,176,649,5462
"Ah sorry, I've lost my train of thought."" ""Don't worry, there will be another one at 12.",112,27,16,155,649,5060
"Don’t worry dear, it’s just the tea kettle!",113,27,15,155,649,6027
I work from home for MTA.,107,37,11,155,649,7362
"Yes, it is loud.",94,30,10,134,649,5625
"No, despite the convenience, I usually Uber.",111,42,10,163,649,720
You can set your clock by it.,117,30,16,163,649,779
The husband is due in at 5:45,117,34,12,163,649,1391
"You'd think it would be disruptive, but our last house was on a flight path!",116,33,14,163,649,1548
I told them to take their eminent domain and shove it.,116,32,15,163,649,1972
It all started when Jack said he wanted to stay connected after the divorce.,117,33,13,163,649,6614
Let me explain my husband's hobby... before the 4:32 arrives.,96,38,8,142,649,5222
"Enjoy your tea. If we miss the 3.05p, there's another one at 3.30p.",99,33,10,142,649,7031
Somewhere along the line our signals got crossed.,122,34,15,171,649,1102
He commutes from the bedroom to his home office.,121,38,12,171,649,3398
You should see his set-up in the basement.,120,38,13,171,649,6966
"Cheap rent, easy commute, what’s not to like?",122,34,15,171,649,7479
It was this or let him buy a Corvette.,105,35,10,150,649,339
"Yes, big boys, big toys.",107,29,14,150,649,799
Sometimes I wonder if narrow gauge might have been a better option.,105,34,11,150,649,2054
"And even his bedroom talk is ""I think I can...""",108,27,15,150,649,6044
"The ad said, “Near Grand Central, cats welcomed, low rent to die for.”",128,37,14,179,649,2840
"If you put your ear to the rail, you can hear the Roomba coming.",117,23,18,158,649,2743
Chuck will be home at 6:38.,113,33,12,158,649,3686
"At first I was upset, but then he suggested we dress up and pretend we are on the Orient Express and then, after that, the sex got a lot better.""",113,32,13,158,649,5077
Alexa what does Eminent Domain mean?,116,26,16,158,649,6262
What I really enjoy are the looks on the faces of the passengers.,111,34,13,158,649,6297
"Bathroom is down the hall and stand clear of the closing doors, please.",108,43,7,158,649,6991
I love him...but he's a train wreck,95,33,9,137,649,5674
"Actually, it's just light rail.",115,40,11,166,649,312
"Believe me, at this price you can get used to anything.",116,39,11,166,649,5909
It’s not exactly the wall he promised. It’s more of a fence on its side.”,107,22,16,145,649,6575
In this political climate I need to be able to lie face down on railroad tracks at a moments notice.,106,27,12,145,649,6940
Well it's definitely an improvement from your shotgun house.,111,31,11,153,649,177
Most of the house is on the right side of the tracks.,107,34,12,153,649,2114
Tim has a one-track mind toward the bedroom.,106,36,11,153,649,3383
I love Henry.  It's the shrieking whistle that I hate.,132,44,14,190,649,2512
"It's so convenient, we hardly use the car anymore.",115,33,13,161,649,1900
My husband's name...Lionel.,117,27,17,161,649,2580
Trust me - the industrial look is in.,117,32,12,161,649,6914
So Bob and I decided enough of this sense of entitlement! Our kids are going to know what it’s like to be from the wrong side of the tracks.,115,34,12,161,649,6984
"On the plus side, it's been a boon to our sex life.",113,35,13,161,649,7079
"I mean, the broker said it was a railroad apartment, so, yeah.",124,40,13,177,649,1249
I can’t believe you pay so little for an apartment so close to the subway.,109,24,15,148,649,907
Yeah I got everything in the divorce. Even the train set that caused it.”,106,32,10,148,649,958
Should we take this to the dining room with the 6.54 or the 7.24?,103,36,9,148,649,2396
Elon Musk says it's the future.,107,32,9,148,649,2653
But I can say in his defense that he's a model husband.,128,44,13,185,649,5091
Tim went to M.I.T. to become an engineer.”,106,28,14,148,649,6824
Sure it's convenient but I still have to pay full fare.,109,35,12,156,649,1441
"I always thought being married to a train conductor could only be positive, until he started bringing his work home with him.",119,28,17,164,649,59
"I lost my train of thought, but it'll come back shortly.",119,28,17,164,649,2780
You really just don't even hear it after a while.,86,34,7,127,649,3162
"I think all boys go through a train phase. 
Billy's just really committed.",122,35,15,172,649,414
"Unfortunately, it's only a local.  We've got to go three stops to pick-up the Express.",119,43,10,172,649,1309
Our top priority was an easy commute.,124,35,13,172,649,4020
"I love when he waves and does the special whistle""",93,33,9,135,649,4030
Most of the house is on the good side of the tracks.,104,27,12,143,649,1901
"Oh, no. The agent assured us it's a historic part of the underground railroad.",106,34,11,151,649,7244
"At the end of the day, we’re all just passing thru.",111,39,9,159,649,3719
"When our realtor said our purchase agreement paperwork to buy this house was ""on track"", I didn't think he meant THIS !",109,40,10,159,649,3903
At least the commute is door to door,113,35,11,159,649,4610
Almost never. It's a Amtrak line.,118,25,16,159,649,5627
I think it's some kind of tracking device.,117,37,13,167,649,1519
"I still prefer biking to work, though.",120,31,16,167,649,5153
"I'll show you out, with stops at the kitchen and hallway.",119,34,14,167,649,7037
I like it when the kids wave.,122,43,10,175,649,2724
Just until the new L is finished.,127,43,13,183,649,1480
It was this or the wall.,130,38,15,183,649,3091
"He was already working all the live long day, and then he started bringing his work home with him.",109,19,18,146,649,1602
"Let's just say there's a lot of, 'I think I can', but no 
'wooo wooo'?",106,38,10,154,649,3488
At first I thought he'd grow out of it.,113,39,10,162,649,1584
It's just easier with all the Amazon deliveries.,114,36,12,162,649,3356
'Force majeure' they said.  I don't speak French.,116,31,15,162,649,3535
"Would you believe we get free shipping from Amazon, Costco, AND Exxon Mobile?",113,38,11,162,649,5536
I’m much happier since we moved to the other side of the tracks,116,33,13,162,649,6849
This is my stop.,120,38,12,170,649,3370
"I'd love to stay, but I need to make the 5:42.",116,45,9,170,649,4452
Thank God he didn’t retire as a funeral director.,122,32,16,170,649,5177
The hardest part is having to share the toilet.,129,35,14,178,649,2671
It’s not the railroad flat I expected.,126,37,15,178,649,2751
"It wakes you up the first few nights, but you get used to it.",131,40,15,186,649,1658
He's tied up right now.,109,24,16,149,649,3044
He usually comes home at 7:23pm.,106,30,13,149,649,5409
And Amazon delivers right to my living room.,113,33,11,157,649,4394
He's from the other side of the tracks but we make it work.,118,32,15,165,649,2643
"Yeah,but the closets are so fabulous.",116,36,13,165,649,2662
"...and considering it's on the express line, the rent's a steal.",116,39,10,165,649,5988
"Title, schmitle, I told Stanley. Skip the title policy. What could go wrong?",117,34,14,165,649,6325
It was this or a walk-up.,119,43,11,173,649,770
"I know this is going to sound horrible, but this is the first time I've actually met someone from the other side of the tracks.",125,31,17,173,649,5653
But are you sure you're on the right track?,130,34,17,181,649,686
I wish we’d known about the easement when we bought!,128,40,13,181,649,2914
We said we’d take anything on the right side of the tracks.,115,32,13,160,649,173
You'll appreciate it when it comes time to move.,95,35,6,136,649,676
He's running a little late but Thomas should be here soon.,113,35,12,160,649,689
It beats the neighbor's sewer easement.,120,35,13,168,649,710
I was reading a biography of Harriet Tubman and thought I should do more.,104,26,14,144,649,788
YOU BARELY NOTICE IT AFTER AWHILE!,131,30,15,176,649,1024
"The landlord said it's only temporary, until the L train repairs are completed.",121,31,16,168,649,1592
Emma inadvertently left out the word ‘miniature’ on her wish list to Santa.,102,31,11,144,649,1728
You should see the christmas tree.,112,23,17,152,649,2056
I told him to get rid of his toy train set and grow up.,115,23,14,152,649,3122
"To be honest, we’re looking for something without hobos",115,32,13,160,649,3478
You’ve done well for having grown up on the wrong side of the house.,117,26,17,160,649,3534
"Malcolm preferred the cost savings and flexibility of a bus route, but there's just something about light rail.",97,40,7,144,649,3801
"We had to close our child care business, though.",114,34,12,160,649,3929
"An easy commute, he said. It has to be an easy commute.",128,46,10,184,649,5088
Just until the L is finished,110,29,13,152,649,5191
"Last year it was boats, and let me tell you...",117,40,11,168,649,5628
"Funny, but I still think of the other side of the tracks as home.",114,35,11,160,649,5844
It's only an issue if there's a freight train.,104,39,9,152,649,6416
It all began with a Lionel train set in the basement.,108,32,12,152,649,6846
"Well, you know, the bigger the boys, the bigger the toys.",114,32,14,160,649,6959
It makes me feel that I have arrived.,125,37,14,176,649,7039
It's actually still a 10 minute walk to the station.,128,35,16,179,649,1286
I think we should address the elephant in the room.,126,39,14,179,649,1886
Your husband is an engineer who works from home?,130,23,18,171,649,5728
"Never opt out of ""Do Not Track.""",118,31,14,163,649,2241
Every time I come into this room I get sidetracked.,116,33,14,163,649,2733
It's the perfect commuter apartment.,115,35,13,163,649,6878
Drink up and let's go before the 6:03 comes through.,102,38,7,147,649,3234
"First he started with ""N"" gauge, than HO, than ""O"" gauge and now this.",105,30,12,147,649,6728
We tried to encourage Legos.,104,33,10,147,649,7483
The renovation will be complete once we install the track lighting.,98,30,11,139,649,1240
Do you think Dinah needs any help in the kitchen?,100,28,11,139,649,6038
It's called hobo chic.,129,38,15,182,649,5032
"Well Betty, as you know, a marriage often involves compromise",120,43,11,174,649,1785
"Okay, we've got 5 minutes til the next one.",113,44,9,166,649,2571
It's good feng shui.,124,27,15,166,649,6553
"When Harold told me he was a New York conductor, this isn’t what I imagined.",121,32,13,166,649,7239
Thomas will be right in with the tea,113,31,14,158,649,6699
I figured when Larry quit his job to become a train conductor that he'd stop bringing his work home with him...,102,30,10,142,649,5185
"He thought the realtor said, locomotion, locomotion, locomotion.",99,21,14,134,649,5256
"The sound of a train has always put me to sleep, so when I won the lottery...",127,47,11,185,649,4449
It's the latest in farm to table cooking,126,36,15,177,649,197
"Frankly, I kind of miss his Lionel years.",124,40,13,177,649,1319
I know. But it helps with the mortgage.,121,46,10,177,649,3463
Our standoff against eminent domain wasn’t a complete success. But it’s just a spur line.,119,37,13,169,649,1878
Our adjustment to the shutdown was to sell this right of way.,111,29,13,153,649,5918
I’m afraid I told him he could build a model railroad in the house without asking him what scale.,108,34,11,153,649,6770
Take your time. The train to the kitchen doesn’t come for another 20 minutes.,101,34,10,145,649,892
I fought eminent domain and won.,99,25,13,137,649,5303
We wanted a pattern that could  handle heavy traffic.,89,32,8,129,649,6443
"So, what exactly happens at 4:15?",91,29,9,129,649,6515
"I always thought that if he left me, it would be on a jet plane.",113,41,10,164,649,5830
"It's very convenient, except the express train doesn't stop here.",109,36,11,156,649,1284
We buy so much from Amazon they thought this would be easier for everyone!,114,30,12,156,649,3649
Hurbert said he's too big for toy trains,113,33,10,156,649,5255
"His models were taking up too much space, so I told him he could only have one.",109,24,15,148,649,791
"The realtor said, ""Only steps to the train.""",103,36,9,148,649,1042
His therapist said it was important to nurture his hobbies.,107,30,11,148,649,5438
Amazon has taken in home delivery to a new level,98,33,9,140,649,736
It started with just a little train around the Christmas tree ...,127,32,16,175,649,6721
The bathroom is down the tracks on the left.,121,30,16,167,649,369
I wondered why the ad said “price reduced. Near subway”,118,38,11,167,649,4387
You have no idea how cheap this property was.,117,39,11,167,649,5237
"Yea, but the commute is like, really easy!",119,35,13,167,649,6629
"This sublet seemed like a good idea during the L train shutdown, but now I’m not so sure.",112,35,12,159,649,660
Its the only house that's actually on the beaten track.,113,34,12,159,649,1159
Sometimes it feels like Grand Central station.,108,44,7,159,649,2207
I gave it to Frank for his retirement and haven't seen him since.,111,37,11,159,649,4184
It is a commuter's dream.,115,31,13,159,649,5546
And the Border Wall runs through our backyard too.,119,22,18,159,649,5595
And Lisa got into the Engineering Program! We couldn't be more proud...,111,24,16,151,649,239
"I swear,there are days I just don't know whether I'm coming or going!",110,29,12,151,649,4143
"On the plus side, at least we don’t have to worry about living on the wrong side of the tracks.",111,27,13,151,649,4988
"Just be careful, the bathroom is on the other side of the tracks.",104,28,11,143,649,2062
Eminent domain proved to be more intrusive than I had imagined.,103,30,10,143,649,3812
. . .and Mary's running track this year.,104,25,14,143,649,5549
John should be home any minute now.,102,29,12,143,649,7356
"If you're hungry, the refrigerator car comes through around 5:00.",120,37,13,170,649,19
"Well, it started small.",119,42,9,170,649,2707
This marriage is just a train wreck waiting to happen,125,27,18,170,649,5083
"Yes, it is s little noisy, but our commute is so much easier",118,31,13,162,649,3251
Tom’s been working from home a lot more ever since he got the conductor job.,112,40,10,162,649,4649
"I do like it Jan, but I really think we should have gone with the arched alcove.",129,37,15,181,649,2327
My husband always said I have a one-track mind.,111,32,11,154,649,4103
We meet the nicest people when it stops.,109,35,10,154,649,4429
"I know, Lionel just never grew up.",109,34,11,154,649,5991
He'll be back around 3:19.,111,31,12,154,649,7185
"Airbnb said this place was on the L-line, but this is ridiculous",125,33,15,173,649,817
"My Baby takes the morning train, at night he takes it home again.",123,36,14,173,649,4559
I always wanted to live on the right side of the tracks.,126,34,13,173,649,5304
Apparently Brad Pitt lives in the house next door and A River Runs Through It.,125,32,16,173,649,5795
"Every time I bring it up, he goes off the rails.",104,31,11,146,649,612
We use to live on the other side of the tracks.,120,29,16,165,649,1056
"'Ralph,"" I said,""you've got to cover your tracks or people will get suspicious.",134,35,15,184,649,1489
It cuts my commute in half.,108,40,9,157,649,585
I think you may be using your Amazon account too much.,114,29,14,157,649,3195
"Well, you know. Boys and their toys.",110,36,11,157,649,3542
I only wish the station was closer.,114,30,13,157,649,4422
"Sure, but the commute's a breeze.",109,39,9,157,649,6768
Say it while you have the chance.,94,24,12,130,649,2171
Sometimes it feels like Grand Central Station in here!,104,35,10,149,649,1538
"We'll make our way to dinner at 6:12 pm, barring any delays",105,35,9,149,649,2566
I love to wave to the engineer.,119,38,11,168,649,99
"Seriously, you just would not believe how competitive they are in the model train community.",122,33,13,168,649,231
"I asked for a personal trainer, Martin misheard me and... y'know what? It's fine. I save 15 minutes on my morning commute. It's fine. Doesn't even bother me.",117,41,10,168,649,1306
I am just glad we don't live on the other side of the tracks,121,35,12,168,649,1420
It’s better since they cancelled the midnight express.,119,36,13,168,649,2787
Have you seen the kitchen yet? It’s only two stops from here.,118,39,11,168,649,3107
We decided to move grandma upstairs after she derailed the 4:05 with her walker.,122,30,16,168,649,6542
"Face it, Bernice, you've been railroaded.",102,26,13,141,649,2929
They told us the house had siding.,104,24,13,141,649,5276
So glad you were able to settle the eminent domain claim with the Transit Authority.,116,34,10,160,649,1664
Jack grew up in Chattanooga.,115,35,10,160,649,1704
At least it's not in my backyard,116,31,13,160,649,4775
"I should have said no that first Christmas.""",113,35,12,160,649,5423
It started with that little train around the Christmas tree.,118,26,16,160,649,6774
"I'd like to redecorate, but Bob has a one-track mind...",115,33,12,160,649,6923
"You'd think the commute is great, but I didn't realize we're between stations.",124,44,11,179,649,1139
"Rent control,discount tickets and I'm dating the conductor.",128,37,14,179,649,4357
"Sure, noise is an issue.",111,29,12,152,649,137
. . . all the live-long day,112,24,16,152,649,913
It was a compromise. It was the only way we could afford a house in California.,111,28,13,152,649,2143
"So I told him, either quit drinking or make tracks.",119,41,11,171,649,4361
"I'd love to stay for dinner, but I have to leave at 4:07.",109,30,13,152,649,4901
"Roger claims I only said, 
‘NO TOY TRAINS.’",122,38,11,171,649,6342
Amazon,129,39,14,182,649,1089
It started with a small set in the basement.,112,42,9,163,649,1301
"Honestly, most nights I just sleep right through it.",117,34,12,163,649,3511
"Of course, we had to install the carpet first.",116,35,12,163,649,6690
"Funny, he's usually right on time.",106,29,9,144,649,3870
"My husband loves the model trains club, but he has this competitive streak...",104,31,9,144,649,5616
My husband has a one track mind.,125,35,14,174,649,374
I fought them on eminent domain and we reached a compromise.,125,34,15,174,649,6954
What's your and Snidely's safe word?,115,26,14,155,649,1054
Would you like to walk to the dining room or wait  for the train?,109,35,11,155,649,2271
I don't believe in covering my tracks.,110,34,11,155,649,3362
The worst part is I need to change in Jamaica for the train to the kitchen.,113,27,15,155,649,3715
It was a spur of the moment purchase.,113,30,12,155,649,6828
Jerry's home for dinner every night at 7:03.,121,31,14,166,649,2355
After a while you don't even notice it,117,39,10,166,649,2574
Our interior designer said it would really tie the house together.,120,34,12,166,649,5763
His toys were smaller when he was a boy.,114,43,9,166,649,7092
"Well, the rent is unbelievable and I'm never late for work!",106,29,12,147,649,3665
Ralph lives on the other side of the tracks.,104,32,11,147,649,3797
"It was a win - win situation.  They paid us for the use of our property, and  Harry never misses the 8:40.",124,41,12,177,649,2131
We settled the eminent domain lawsuit out of court,113,33,12,158,649,1686
Yes. It is a railroad apartment.,111,36,11,158,649,2269
I wish we'd gotten the narrow gauge.,111,37,10,158,649,2310
"Eminent domain is a bitch, but this sure trumps a wall.",118,25,15,158,649,3499
This is why Brooklyn is so convenient.,107,44,7,158,649,4286
We believe strongly in public transportation,112,37,9,158,649,4390
Wait until you see his caboose.,126,30,13,169,649,1110
And the crossties are made from reclaimed mantle pieces that were made from reclaimed railroad crossties.,124,29,16,169,649,2209
It all started with Lionel trains. . .and then things got out of hand.,124,28,17,169,649,3018
The only downside is the express train doesn't make a stop here.,120,36,13,169,649,5270
We find it really saves on Uber.,120,38,11,169,649,5615
"I knew he was really into trains, but I thought it would just be a basement thing.",117,44,8,169,649,7179
Apparently it's not so easy converting to coal.,106,34,10,150,649,4081
Somehow I thought life married to an engineer would be different.,114,36,11,161,649,1317
My husband says it is the next Uber.,116,34,11,161,649,1444
A bit loud but affordable.,116,35,10,161,649,1797
I said to Frank 'it's about time our sex life got back on track'.  This is what he came up with.,119,28,14,161,649,2881
The sense of peace after it passes is truly transcendent.,112,39,10,161,649,6241
We wanted something close to public transportation.,115,36,10,161,649,6818
"It's a little noisy, but you can't beat the commute.",116,36,9,161,649,7487
George should be here any minute.,124,38,10,172,649,1902
You can catch the 4:10 in the kitchen.,122,37,13,172,649,1982
I don’t think we fully understood what De Blasio meant  when he said they were using new methods to keep the L train open,103,27,12,142,649,542
We're fine. It's my son who's growing up on the wrong side.,106,20,16,142,649,2289
Let me show you the rest of the house before the 4:22 comes through.,99,35,8,142,649,4121
He’s not particularly good at covering his tracks.,101,30,11,142,649,4736
"Joe will get you a refill. Honey, get your caboose in here.",115,23,15,153,649,45
"Ok... yes I am setting you up with Thomas, how did you know?",112,27,14,153,649,846
"Yeah, but it's rent controlled and the stop's just down the hall.",107,36,10,153,649,4146
But I still Uber to work a lot.,110,30,13,153,649,4931
"The neighbors all sold, but this home holds too many memories for us.",111,28,14,153,649,5335
Why can't men be reasonable? Narrow gauge would have been plenty.,120,28,16,164,649,3099
I guess we should have been suspicious that the broker never let us visit for more than ten minutes at a time.,118,35,11,164,649,5033
He'll join us at 5:39.,129,31,15,175,649,5783
I think he misunderstood when I said I was on the track team.,125,36,14,175,649,6826
Bob will be back soon. He had to make a few stops.,123,40,12,175,649,7190
"Yeah, but it's rent controlled",96,27,11,134,649,546
"It's a nice apartment, but the people upstairs are so loud!""",106,28,11,145,649,3094
No way I could foresee that my marriage would end in such a train-wreck.,106,26,13,145,649,4667
My husband will be home exactly at 5:47.,102,33,10,145,649,4727
"It's Fred""s idea, let's talk about something else ... anything else.",111,35,10,156,649,398
"I'm not crazy about the layout, but the commute couldn't be more convenient for Bill.",109,37,10,156,649,867
"You know men, they have a one-track mind.",122,34,11,167,649,3795
"Yes, he'll be home at 5:47.",133,43,13,189,649,6284
I guess you could say my life is a trainwreck.,106,32,10,148,649,3301
My therapist recommended an emotional support train.,107,30,11,148,649,3876
These stubborn track marks.  Next house - hardwood flooring!,112,36,11,159,649,1331
It was cheaper to build this place while the government was shut down.  There was no one to enforce the zoning laws.,117,26,16,159,649,4835
"I forgot to say ""model.""",113,35,11,159,649,7217
"Talk fast, the 5:15 is about to come through.",102,28,10,140,649,2152
"Well, there's that, but we get a great deal on rent!",106,35,10,151,649,1940
Bob will be home at exactly 5:03.,109,30,12,151,649,2039
I divorced him because he went off the rails.,110,27,14,151,649,2376
"Unfortunately,it doesn't stop here,so the commute's not as easy as it seems.",107,33,11,151,649,2444
Zoning was our main issue,111,27,13,151,649,4042
I prefer this to the usual train wreck in here.,110,30,11,151,649,7444
I don't even notice it anymore.,117,31,14,162,649,898
"Oh no, it's electric.  I wouldn't allow a smelly diesel in my house.  Plus the conductor is kinda cute.",116,35,11,162,649,2969
The agent sold us on convenient access to public transportation.,118,30,14,162,649,4102
Now all we have to do is put in the track lighting.,115,35,12,162,649,4362
After 2 weeks you don't notice it's there.,118,29,15,162,649,4557
"He got the kids, I got the right of way.",125,36,12,173,649,6532
"He started with a Lionel Train Set back in 1946, and it just grew and grew.",137,31,16,184,649,4621
Our last house was near an airport ... never again!,118,34,13,165,649,1084
"The agent said it couldn’t be done,  but George insisted on a place right on the Uptown line and here we are!",111,32,11,154,649,1606
Life is much better since we moved the sofa and chair to the north side of the tracks.,116,38,11,165,649,1907
Harry’s fear of flying has meant a few changes.,108,36,10,154,649,2020
I don't like Junior crossing the tracks on his way to the bathroom.,116,38,11,165,649,3002
"And in exchange, Bill and I ride free!",103,28,12,143,649,3731
My motto is always have the inside track.,113,28,13,154,649,3941
"But the subway tile in the kitchen is original, too!",106,24,13,143,649,4006
It's a cozy little place - and just steps from public transportation.,116,41,8,165,649,4584
"No, I don't feel railroaded. Why do you ask?",127,36,13,176,649,5012
Now I don't have to ask about the hobo symbols carved into your front door.,126,38,12,176,649,5118
George is on the fast track...,110,32,12,154,649,5458
I suppose there are worse things he could be doing,117,36,12,165,649,5479
"Since we moved, I haven't missed the train once.",118,52,6,176,649,6652
I thought working from home would beat the commute.,116,38,11,165,649,7401
The gravy train will be arriving soon,129,36,14,179,649,2858
It all started with a Lionel Train Set when he was a kid.,119,37,12,168,649,2156
It all began with Lionel one Christmas,125,28,15,168,649,2853
"To be truthful, he really did warn me he was BIG into trains!",115,30,12,157,649,1522
It used to wake us up but now we hardly hear it.,111,37,9,157,649,1773
I’d wait for the 4:17 express. The 4:02 stops in the kitchen and dining room.,111,35,11,157,649,3766
What was I saying? I seem to have lost my train of thought.,116,25,16,157,649,6128
When I hoped he would move past his model train phase this was not what I had in mind.,107,27,12,146,649,1051
I'm sleeping with a guy from the other side of the tracks.,104,31,11,146,649,1415
I prefer French Country--he likes Industrial. We compromised on a steam engine.,109,23,14,146,649,2150
It takes an hour off his commute.,106,27,13,146,649,5672
I hope the 5:28's on time = we're due in the dining room at 5:30.,94,33,8,135,649,3420
They weren’t kidding when the rental listing said it’s a commuters dream!,95,31,9,135,649,4216
‘At least it’s not the L train.’,121,38,12,171,649,164
The apartment is pet friendly and near public transportation,121,38,12,171,649,604
"Well, first of all his name is Lionel...",124,33,14,171,649,1565
The City wants to turn them into a bike path,119,42,10,171,649,7354
Who’s in the kitchen with Dinah?,116,32,12,160,649,2060
My husband discovered coal in his man cave.,114,35,11,160,649,2472
It's not easy being Mrs. the Tank Engine.,115,32,13,160,649,4786
You barely notice it after the first month.,110,31,8,149,649,232
Bob likes to make a grand entrance.,104,36,9,149,649,484
"Well, you know, eminent domain and all, but we got to keep the house.",108,28,13,149,649,721
He hates the commute so I got him a little surprise for his birthday.,107,32,10,149,649,1957
Doug started with model trains...,110,25,14,149,649,3852
The only problem is that it’s always late.,107,31,11,149,649,4209
"When they told us it was a railroad apartment, we were not quite sure what they meant.",93,26,8,127,649,658
"We like to lay on it and imagine a train coming, then the rest of the day's a breeze""",92,26,9,127,649,7026
"And then I told them, “Since it’s always like Grand Central Station around here, you might as well run the tracks through my living room....”",123,39,12,174,649,4995
Change trains in the kitchen to get to the bathroom or garage,124,37,13,174,649,6328
"Well, he does have a one track mind",120,31,12,163,649,5412
My husband's name is Lionel.,112,26,14,152,649,1106
He said he was going to track me down -- but this?,108,35,9,152,649,1596
We told the realtor that commute was a priority.,111,32,9,152,649,3386
The 5:38 should get you there in time for dinner.,106,38,8,152,649,4629
"Well, yeah, but it still beats having to change at Jamacia.",108,36,8,152,649,6863
The other apartment we looked at allowed pets and children.,102,28,11,141,649,1075
Growing up on the wrong side of the tracks was heavenly compared to this.,107,24,10,141,649,3501
My husband railroaded me into it.,120,33,13,166,649,108
He wants to hold out until the railroad increases their offer!,119,34,13,166,649,3448
"Yes, I suppose you could say that my life is on track.",113,31,11,155,649,2144
You know: boys and their toys.,109,38,8,155,649,4198
"Yes, he's a little precocious.  More tea?",115,27,13,155,649,6970
I got tired of driving him to the station.,110,34,11,155,649,7024
I just keep feeling like my life is a train wreck,103,30,11,144,649,909
"In hindsight, model trains were just a gateway drug for George.",131,34,15,180,649,4825
It goes from Costco to our pantry.,122,37,10,169,649,2518
Our highest priority was to be near transportation.,118,41,10,169,649,2722
"It's noisy sometimes, but the realtor promised us excellent access to transportation.",123,31,15,169,649,6947
"No, life isn't better on the other side of the tracks.",116,31,11,158,649,1077
The rent is a lot higher on the other side of the apartment.,113,33,12,158,649,1138
We're just about finished baby-proofing,115,29,14,158,649,3081
"Now that we've sold our car, it is very convenient.",112,35,11,158,649,3553
Yep.  I keep trying to get Fred to throw out his old ties.,112,37,9,158,649,4674
Sometimes I just lay on the tracks. It's very cathartic.,118,25,15,158,649,5771
You should’ve seen our last place on the middle of a runway.,118,26,14,158,649,7158
"When they said  convenient to the railroad, they weren't kidding.",104,35,8,147,649,281
You're going to have do a better job hiding your tracks.,120,42,10,172,649,238
Since it's the local he won't be due for another another hour.,118,46,8,172,649,2413
"Sure, it's noisy at times, but I haven't been late to work in over 3 yrs.",124,36,12,172,649,6171
Mine is one of the few MTA jobs that allows me to work from home.,123,37,12,172,649,7263
"Well, it's cut my commute in half... so that's the positive.",141,41,15,197,649,3311
You see why I voted against this light rail system,119,31,11,161,649,444
"With Super Prime delivery, we get don't even have to get up off the sofa.",118,30,13,161,649,700
I pictured something slightly different when your profile said “loves to travel.”,113,38,10,161,649,2303
"It's our very own home depot""",118,32,11,161,649,4983
"Don't worry, a little club soda will get that out.",117,31,13,161,649,5072
OK.  I know it sounds kinky but he is so cute tying me up and then going into the other room making train noises and blowing his train whistle as he chugs closer and closer.,108,30,12,150,649,1283
I don't mind - Charles arrives home at 5:32 every day.,126,37,12,175,649,5220
Its OK the Switchman's sleeping and someone's in the kitchen with Dinah. We've got all day to catch up.,128,31,16,175,649,5297
He still manages to get home late every night.,126,35,14,175,649,5902
It was advertised as a railroad flat.,118,33,13,164,649,5938
He outgrew Lionel.,120,29,15,164,649,6257
The place was such a deal and it is so easy to get into the city.,127,40,11,178,649,3352
"It’s not the best floor plan, but the commute is great.",136,24,18,178,649,7210
His one track leads right to the bedroom,112,29,12,153,649,1991
Sadly it didn’t work out. Dave is a sleepwalker.,108,36,9,153,649,5342
When I met him he said he was an engineer. I thought he meant like a doctor or lawyer.,112,32,9,153,649,5651
"So Thomas moved in, huh?",112,27,14,153,649,6502
My husband says he's running late but he should be here by 7:19.,96,23,9,128,649,6512
"Fabulous, isn’t it? It’s reclaimed wood.",120,34,13,167,649,4431
You should see his record collection.,120,34,13,167,649,4625
"I knew Henry was a railroad buff when I married him, but now all he wants to do is tie me to the track and  pretend a train is coming.",105,26,11,142,649,5666
We were here first.,134,33,14,181,649,1478
Truthfully our marriage is a train wreck waiting to happen!,113,31,12,156,649,3667
It's a reminder that life is a journey not a destination.,112,32,12,156,649,5203
We were lucky! Most apartments on the High Line are out of our range...,113,30,13,156,649,5995
Do you ever moon the conductor?,127,28,15,170,649,6651
"Yes, but you can't beat the commute.",126,28,16,170,649,7073
He transfers at Penn Station and then it's a direct route home.,92,32,7,131,649,225
The railroad ties the room together.,104,30,11,145,649,1230
I told him to make tracks.  So he did.,118,25,16,159,649,4744
"Oh, that's nothing.  We used to live by the airport and you wouldn't believe how loud that was.",116,30,13,159,649,6607
"I’m usually in bed by now, but the sleeper car is running late.",116,31,12,159,649,7440
It's a great school district,124,38,11,173,649,326
I just wanted to be sure we didn’t end up living on the wrong side of the tracks.,124,38,11,173,649,2808
"Someone's in the kitchen with Dinah, someone's in the kitchen, I know...",125,36,12,173,649,6782
Our first priority was an easy commute.,119,29,14,162,649,5964
"Sure, it gets noisy, but my commute’s a breeze.",129,34,13,176,649,524
I choose to think we're on the right side.,131,30,15,176,649,2839
After a few months living here I don't even notice it anymore.,86,30,7,123,649,4056
I’m sorry my husband can’t see you. He’s tied up right now.,111,28,12,151,649,3711
"I figured the kids are always running through the house like a dam freight train,so why not lay some tracks for the little fuckers",114,22,15,151,649,6018
The rest of the house is the wrong side.,120,31,14,165,649,78
"Well, the listing said it was a railroad apartment.",123,27,15,165,649,4815
"The house is nothing special 
but you can’t beat the commute.",121,31,13,165,649,6612
Eminent domain is overrated.,132,31,16,179,649,6247
"We used to live at O'Hare, but when Hank retired we decided to go for something a little more relaxing.",108,37,9,154,649,212
What makes you think I got railroaded into buying this place?,121,36,11,168,649,2047
An exceptional child needs an exceptional train set.,130,39,13,182,649,3228
I said I wanted a private line for the house...,120,38,10,168,649,3652
"You mean THOSE tracks?""",112,29,13,154,649,3775
It started one Christmas...,114,27,13,154,649,4577
"Whenever the engineer waves back at me, life is magical again.",113,31,10,154,649,7139
"Maybe I should have googled ""railroad apartment.""",124,34,13,171,649,1624
The railroad was here first.,124,38,9,171,649,5451
"It's a little noisy, but only 20 minutes to get downtown.",115,34,8,157,649,1263
"I dare him to claim, again, that he missed the last train.",113,36,8,157,649,1921
"As you can see, my husband's model train hobby
 has really gotten out of hand",111,37,9,157,649,3607
His room is a train wreck.,115,28,14,157,649,4073
I could have my dream house or my dream commute. I chose my dream commute.,110,39,8,157,649,5996
We hired a decorator from Home Depot . . .,103,29,11,143,649,1709
I never realized how small we were until Walter got into model trains.,108,21,14,143,649,1918
"The rent is a little high, but my commute time has decreased considerably",103,29,11,143,649,6639
Eminent domain is really getting out of hand.,115,33,12,160,649,6751
"Oh no, this the downtown local. Uptown express is in my bedroom.",118,27,15,160,649,7082
He's never late for dinner now that he takes the train!,105,33,8,146,649,2419
Being so close to public transportation raises the value of our house,107,30,9,146,649,5249
We've always wanted to travel.,105,30,11,146,649,5931
The crime rate is terrible on the other side of the house.,138,38,15,191,649,6748
"It was great to see you, but I have a train to catch.”",126,44,7,177,649,3964
"I  said , ""I'll take the A train and next thing you know, here it is!""",116,36,11,163,649,3021
Didn't they tell you it was a railroad apartment?,118,32,13,163,649,3189
"Well, they DID tell us the house was right on the Metro line.",119,30,14,163,649,4448
The kids set just wasn't enough for him.,120,34,9,163,649,5524
This all started with a toy train under the Christmas Tree,123,23,17,163,649,6765
"Sadly, the master bath is still on the wrong side.",120,29,14,163,649,6952
He designed this house with a one-track mind.,117,36,10,163,649,7048
"No, he isn't. Actually, I'm the model railroader in the family.",105,37,7,149,649,1409
We do all our shopping on line now.,110,26,13,149,649,2642
We hardly notice it anymore.,108,31,10,149,649,6611
At least it doesn't stop here anymore.,134,33,13,180,649,6793
Try not to stare at my husband's caboose.,124,29,13,166,649,1027
It's our side hustle,120,33,13,166,649,1423
We bought the place because it’s convenient to public transportation.,120,33,13,166,649,5364
"On the plus side, I have never been late to work.",118,39,9,166,649,6285
"I designed it so the kitchen is on the 'wrong side of the tracks'.
Fifteen pounds down in only five days!",110,32,10,152,649,2561
The dining car usually comes through around 7:23 p.m.,107,36,9,152,649,5062
"So, tell me, exactly when did your husband go off the rails?",137,30,16,183,649,2828
Recently I have been worried my husband’s going off the rails.,135,36,12,183,649,6749
Who knew 'The Little Engine That Could' could progress into a clinically-diagnosable disorder?,102,23,13,138,649,4845
You should see the rest of the layout.,99,29,10,138,649,6445
I’m not a fan of eminent domain. Why do you ask?,126,27,16,169,649,435
When I said ok I thought it would be a model train.,121,36,12,169,649,526
"Yes, we live on the wrong side of the tracks.",125,30,14,169,649,2844
His boss told him he’d missed the train once too often.,108,39,8,155,649,784
We traded a thousand square feet to save an hour of commute time.,109,39,7,155,649,1336
It’s an authentic railroad apartment with period detail.,116,25,14,155,649,2925
"At first, but now it almost lulls me to sleep.",106,45,4,155,649,6945
The best thing about this place is it makes for an easy commute.,123,40,9,172,649,3
Uber? What's Uber?,123,40,9,172,649,229
Our upstairs neighbors are so annoying... always stomping around!,121,41,10,172,649,1083
"Sorry for the mess, it's a train wreck in here.",126,33,13,172,649,4104
"We pray for a railway strike everyday""",105,29,7,141,649,509
Our protest against the pipeline was a great success.,98,36,7,141,649,1601
Amazon said it was either this or drones.,102,28,11,141,649,5224
Mass transit is the future and the future is here.,107,23,11,141,649,5567
And those eminent domain people were so considerate,101,30,10,141,649,7186
So your text about moving to a track housing development wasn't a typo after all.,115,30,13,158,649,4955
He says I railroaded him into marriage.,113,37,8,158,649,5949
He dresses up like Little Bo-Peep and I tie him to them.,117,28,13,158,649,6124
It was either this or the pipeline and you know how Charles is about the environment.,113,35,10,158,649,6546
I practically live on line.,112,36,10,158,649,7141
"Well,there goes my train of thought.",133,26,16,175,649,1039
"Sometimes, I literally roll out of bed and go straight to work.",105,27,12,144,649,6503
"It wasn't bad when it was just in the
 basement.",104,30,10,144,649,6823
"Statistically speaking, it's still the safest way to get to the bathroom.",119,30,12,161,649,2313
I keep telling the kids not to leave tracks on the carpet.,118,30,13,161,649,4021
I was happy he finally had a hobby until I woke one day and he was gone.,129,36,13,178,649,3064
I expect him any moment now.,130,35,13,178,649,4745
"They say we're spoiling him, but I just can't say no to little Jimmy",108,31,8,147,649,453
"Hey, my husband has a one track mind too!",107,28,12,147,649,2830
We're part of the Amazon H2Q commuter feasibility study.,106,30,11,147,649,3740
My husband and I mainly talk about when the next train will come.,104,34,9,147,649,6437
the Realtor said it was close to public transportation.,119,32,13,164,649,131
"Men and their toys, what can I tell ya'",118,35,11,164,649,1670
"Me? I've been working on the railroad, all the live long day.",121,30,13,164,649,2309
Larry should be arriving on the 5:15.,118,37,9,164,649,4207
I'm thinking of track lighting.,120,30,14,164,649,4677
And he lives on the other side of the tracks,132,35,14,181,649,970
Bob will be here shortly..... the 5:05 is always on time!,129,41,11,181,649,1505
"I told him I wanted to get our marriage back on track, and here we are.",96,32,5,133,649,1852
Tom thinks the value will triple once Amazon’s new headquarters move in,95,29,9,133,649,2690
I agree with you. It is an addiction.,97,28,8,133,649,4342
"We were going to go with G gauge, but then we thought ... let's make a statement, here.",107,33,10,150,649,1969
Cuomo's L-train solution is not working for me.,111,28,11,150,649,2242
But what really annoys me is that stick coming out of the lamp.,112,23,15,150,649,2288
It’s a little confusing living on both sides of the tracks,112,29,9,150,649,3432
I know it seems extreme. But we were attracted to each other by our utter commitment to public transportation.,105,38,7,150,649,3976
"Keep fighting, mom. I'm sure the railroad does not have the right-of-way.",107,33,10,150,649,7117
"Well, they did say is was a railroad apartment.",121,35,11,167,649,3504
"In my defense, no one thought the Q line expansion was happening.",120,37,10,167,649,4766
I love the new rail system! It’s cut ten minutes off my commute.,119,37,11,167,649,5117
I told Jerry he could upgrade his model train set if he did the dishes.,132,40,12,184,649,6484
I've been working on it all the live-long day...helps me pass the time away.,126,29,15,170,649,378
"I owe you an apology, I thought your life going off the rails was symbolic",112,29,12,153,649,652
"Well yes, there's that. But they allow pets!",109,34,10,153,649,925
My mother keeps complaining that it’s like Grand Central Station in here.,119,44,7,170,649,1507
It's his eyesight. 12 gage doesn't cut it anymore.,113,29,11,153,649,1736
It wasn't until recently we went from coal to electric.,122,37,11,170,649,4432
You SURE you're not being railroaded into this?,111,30,12,153,649,4530
I just love what you’ve done with Union Station,110,33,10,153,649,5640
The Realtor said it was priced to move.,109,37,7,153,649,6856
I like what you've done with your place.  The train tracks really add a sense of flow.,126,32,12,170,649,6973
We're a ten-car family.,137,36,14,187,649,7462
It's really the only downside to marrying a hobo.,125,35,13,173,649,120
But we do get to meet new people regularly,117,51,5,173,649,3724
"I told the railroad, ""I'll never move!""",123,39,11,173,649,5264
My white noise machine just wasn't cutting it.,131,26,16,173,649,5601
We were sold on the shorter commute for my husband.,115,29,12,156,649,408
"Well, you know, location location location",114,32,10,156,649,2522
"Big kid, big toys, right ?",107,43,6,156,649,3119
Do you have light rail where you live?,112,33,11,156,649,3461
My mother-in-law warned me about his one track mind,111,38,7,156,649,3886
The only one that really bothers me is the 6:05.,113,34,9,156,649,4926
I forgot to specify HO gauge,128,35,13,176,649,7140
The good thing is that the 5:15 bar car stops right here at rush hour.,117,29,13,159,649,1093
"He says it’s motivational to repeat ‘I think I can, I think I can’ on the hour.",110,42,7,159,649,2718
"It’s called Lionel disease, clearly a full blown case!",117,30,12,159,649,5569
"Actually, the price for the full size train set wasn't that much more.",105,26,11,142,649,3744
"On the bright side, I always find a seat.",101,32,9,142,649,6874
Working from home is just one Amtrak's corporate perks.,131,33,15,179,649,1706
I had a feng shui expert determine the right side of the tracks.,129,38,12,179,649,4278
Open concept was not an option so I decided to use the layout as both a focal point and a vanishing point.,118,33,11,162,649,381
"Location, location, location!",111,45,6,162,649,1376
Comin for tea sure is much easier now that we have completed the trans-apartmental railroad.,115,37,10,162,649,3257
Wait for the local if you want to go to the bathroom.,120,29,13,162,649,4639
It’s a little noisy but the commute’s great.,116,35,11,162,649,6056
The shorter commute clinched it for us.,105,29,11,145,649,2859
This was the closest apartment I could find to mass transit.,103,33,9,145,649,4426
"The tracks sparked joy, but the train did not.",106,29,10,145,649,5439
It’s two trains per day. I’ve almost got the schedule memorized.,122,29,14,165,649,40
Timing is everything,118,36,11,165,649,2800
She’ll be comin’ round the futon when she comes.,120,32,13,165,649,4182
The ad said it was a ‘railroad apartment.’,118,36,11,165,649,4628
"No no, you're mistaken. Thís is the right side of the track.",119,35,11,165,649,6595
It really isn't bad at all since they converted  from diesel to electric.,119,35,11,165,649,7274
And it's just steps to the subway!,109,29,10,148,649,872
"Yeah, it's a little noisy but the commute into the city is a dream.",108,33,7,148,649,6270
Harold wanted an easy commute.,116,45,7,168,649,1605
My husband has a one track mind too.,120,37,11,168,649,2286
Are you hungry? There’s a 12:20 non-stop to the kitchen.,125,30,13,168,649,3506
I didn't even know eminent domain was a thing.,124,29,15,168,649,4376
I told him to install track lighting.,116,45,7,168,649,7068
"Funny, the ad said it was a railroad apartment.",108,34,9,151,649,1035
"Oh sure, it gets noisy, but we save a lot on taxes.",108,35,8,151,649,5691
Well this is a new approach to eminent domain.,113,25,13,151,649,7223
"Dinner in the diner, nothing could be finer.",105,39,7,151,649,7301
"I know, for the sake of our marriage I should just get on board.",125,32,14,171,649,1431
"What you lose in privacy, you save in convenience.",123,38,10,171,649,2302
"First it was HO, then O gauge, but live steam is too much.",124,37,10,171,649,2976
My husband keeps saying he's getting railroaded.  Isn't that ridiculous?,126,35,10,171,649,3080
We got a really good deal on this house.,122,39,10,171,649,4399
My New Years resolution was to get my life back on track.,115,24,15,154,649,1154
"Well, it would be even more convenient if it were an express line.",112,31,11,154,649,1281
Our lawyer negotiated an eminent domain exception.,112,30,12,154,649,4008
The baby got bored with Legos.,112,31,11,154,649,6466
I came from the other side of the tracks. John never lets me forget it.,130,30,14,174,649,1005
Honestly it's nice. I don't even use my alarm clock anymore.,96,35,6,137,649,142
"When he said training, naturally I thought he meant weight training.",102,24,11,137,649,2974
Sure it's noisy but it shaves fifteen minutes off my commute.,111,39,7,157,649,1656
I've been working on this layout all the live-long day.,115,30,12,157,649,2130
hmm.... just lost my train of thought.,114,31,12,157,649,2172
And it's only one stop to the backyard,114,36,7,157,649,4069
"Sure it's a compromise, but it really is the best school district.",119,26,15,160,649,626
They did say it was a railroad apartment.,113,38,9,160,649,2532
"Please,stay until 10:15",117,32,11,160,649,2558
"The noise is an issue, but you can't beat the commute.",129,41,10,180,649,4871
I’m finally content with my station in life,102,27,11,140,649,7477
I’ll make a fresh pot after the 3.09 from Poughkeepsie.,129,45,9,183,649,725
"We’re here for now Mom. But if we work hard and save our money, some day we will get to the other side of the tracks.",139,27,17,183,649,1577
I'm loving the convenience of  Amazon's new delivery option.,120,29,14,163,649,449
"To be honest, it's a real pain in the caboose.",117,37,9,163,649,4167
Say what you want about Thomas but he's got a great caboose.,120,30,13,163,649,5165
I misread the ad when I rented this  condo. I thought it said in-house trainer.,104,28,11,143,649,3183
Who ever heard of an easement?,101,34,8,143,649,7290
I've been working on the railroad.,125,27,14,166,649,3248
I don’t know. He caught the 4:04 last July and I haven’t seen him since.,123,30,13,166,649,4443
"Hope you’re hungry...I’ve called for tea, pralines and 1,400 head of cattle.",127,24,15,166,649,5520
"""I'm trying to get my life back on track""",109,24,13,146,649,1063
We finally replaced that yellow brick road.,104,33,9,146,649,1372
"It's only temporary, until the L Train resumes service in 2024!",109,27,10,146,649,1759
"Yes, but it was either this or the interstate.",105,31,10,146,649,2267
The difference between men and boys is the size of their toys.,108,28,10,146,649,6057
At least no one can say we live on the wrong side of the tracks.,126,33,10,169,649,1036
And it's only one stop to the grocery!,121,39,9,169,649,3071
They are beginning the overpass next week.,123,33,13,169,649,3984
Metro North Made Me An Offer I couldn't Refuse.,122,37,10,169,649,6504
Living out his childhood fantasy has gotten out of control,110,31,8,149,649,2378
It was this or eminent domain.,108,30,11,149,649,4730
They oversold the convenience factor--the closest station is 5 blocks away.,109,30,10,149,649,5764
He didn't want another necktie.,124,38,10,172,649,1641
Does the 1:15 stop at the kitchen?,124,36,12,172,649,3201
Hold that train of thought. I think I hear another one coming.,121,42,9,172,649,3838
You tie me this time. My safe word is dastardly.,111,29,12,152,649,774
"It’s a bit noisy, but it really cuts down on our commute times.",110,34,8,152,649,939
Dusting is a piece of cake since they switched from steam to diesel.,112,29,11,152,649,3101
It plays hell with our Roomba.,109,35,8,152,649,5668
I actually prefer this to his old hobby of indoor yachting.,129,32,14,175,649,538
"I know it seems strange, but I love Thomas, tank engine or not.",129,31,15,175,649,975
"It’s amazing, the things you get used to in exchange for more affordable housing.",113,30,12,155,649,894
Just make sure you finish your coffee by 10:15.,110,36,9,155,649,1161
"The listing did say, ""Close to transportation and shopping"".",110,37,8,155,649,1170
I work from home all the live long day.,112,32,11,155,649,1183
But... I feel  more sorry for water front properties with rising sea levels.,113,31,11,155,649,1223
It seemed better than the shotgun house.,116,26,13,155,649,2058
Don't worry. It's an express. It stops in the apartment next door.,114,28,13,155,649,3144
"There were no red flags he wanted to leave the marriage, but there were flashing lights and alarm bells.",112,32,11,155,649,6396
Can I get you another cup before the 9:05 comes through?,122,50,6,178,649,5194
John Henry has been working from home.,101,22,12,135,649,1308
We misunderstood when they told us it was tract housing.,114,33,11,158,649,1097
These internet tracking sites are getting out of control.,118,27,13,158,649,1335
"I said, if you are going to extend the line, make it as close to my house as possible.",113,37,8,158,649,5189
"No, I haven’t quite gotten used to the sound, but it is the only place we could afford in San Francisco.",118,25,15,158,649,7235
"Little boys,little toys. Big boys...",117,33,11,161,649,218
"Why yes, my baby does take the morning train.",117,34,10,161,649,2781
We took a lot of work home during the shutdown.,123,23,15,161,649,5801
George got bored with models and decided to go 1:1 scale.,138,35,14,187,649,7080
I had no idea what a railroad flat was.,120,35,9,164,649,2951
"But crime is low, property taxes are reasonable, and the schools are to die for.",123,31,13,167,649,2358
It stops at our bedroom with a 'Woo! Woo!',107,25,12,144,649,936
It leads straight into the bedroom.,121,39,10,170,649,422
Trains are like men: there'll be another one coming along in five minutes.,122,34,12,170,649,5468
"Unexpectedly, Amanda found herself on the other side of the tracks.",128,31,11,170,649,6830
I told him he needed a hobby.,105,33,9,147,649,4280
"The listing said “railroad flat,” but for the price I wasn’t about to quibble over details.",104,37,6,147,649,7030
It's much quieter since we got rid of the runway.,124,39,10,173,649,399
"It is inconvenient at times, but nothing gets you out of bed in the morning like the 6:14 Grand Central Express.",107,34,9,150,649,4135
"My marriage is on the rails.""",124,45,7,176,649,621
"Well, yes. 'eminent domain' has its dark side'",91,28,8,127,649,6859
"But like I said, it’s rent-controlled, so... you know.",110,33,10,153,649,2708
You just can't imagine the deal we got on this place.,133,36,10,179,649,4637
The worst thing about it is Harold strummin' on the ol' banjo.,116,26,14,156,649,3277
"Craig's List did say it was a ""railroad flat.""",110,39,7,156,649,4088
It gives a whole new meaning to railroad flat.,113,34,9,156,649,4096
When it was just in the basement I didn't complain.,115,29,12,156,649,4401
Better in here than the bathroom,114,36,9,159,649,1454
"I know it's not much, but we're finally on the right side of the tracks.",118,33,8,159,649,3148
Most of the railroad apartments we looked at were just missing that certain something.,113,38,8,159,649,5667
"So I said, ""I've lost my train of thought"".  And he said, ""Hey... I can fix that.""",114,35,10,159,649,6259
We decided to unplug Alexa after little Tommy’s ‘big train set’ fiasco.,103,16,14,133,649,4807
Casey prefers to work at home.,117,34,11,162,649,3049
"You’re lucky, I grew up on the wrong side of the tracks.",117,35,10,162,649,3926
"His last words were, ‘Look, mistletoe!’",121,28,13,162,649,4421
Thankfully it’s an express line.,116,36,10,162,649,4681
Actually it's faster to bike to the dining room.,137,44,10,191,649,4688
Hope to be seeing more of you now that you're local.,118,39,8,165,649,3297
"It was either this, or a highway to hell.",120,33,12,165,649,3637
"I told Herbert that if we moved to Jersey, I wanted an easy commute.",118,37,10,165,649,3684
It turns out that model train sets are a gateway drug.,126,21,18,165,649,4724
It was either this or getting a damned cat.,122,30,13,165,649,4751
Momma warned me he had a one track mind.,123,30,12,165,649,6350
It was advertised as a railroad apartment.  People are so literal these days.,122,31,12,165,649,7090
It's so great to be living on the right side of the tracks!,101,28,10,139,649,3907
I know but the place is rent controlled.,99,32,8,139,649,3945
"In retrospect, I probably shouldn't have fought the eminent domain case.",123,33,12,168,649,1073
We do get the occasional noise complaint from the neighbors.,120,38,10,168,649,1217
Arthur thinks light rail is the solution to every problem.,118,42,8,168,649,6628
He started in 1954 with a Lionel O-Gauge.,123,34,11,168,649,6854
"Ted's model railroading has gotten a bit out of hand, 
but at least I can keep track of him.",106,25,11,142,649,5871
"When John said he was into model trains, I didn't think he meant to scale.",105,27,10,142,649,6893
We've decided to expand the house westward.,127,31,13,171,649,364
"It might get a little loud, but it's rent-stabilized.",124,36,11,171,649,2754
We met quite a lot of nice people this way.,123,39,9,171,649,4689
Those were Henry's last words. The tracks were laid right over his dead body.,134,22,18,174,649,1443
"At only $4,200 a month in SoHo, who needs to be above ground?",106,28,11,145,649,2298
I have supper on the table when he steps off the train,127,36,11,174,649,2476
"""The price was right, and the commute is short.",109,28,8,145,649,3460
I thought he was the other kind of engineer,103,34,8,145,649,6176
"Sorry, I lost my train of thought",109,28,11,148,649,2192
After the show ended Thomas decided to step away from the spotlight.  The kids and I really like having him around the house.,108,30,10,148,649,2931
Isn't that just like a man... who puts a train crossing by the kitchen?,108,29,11,148,649,5163
"Yes, it can be a bit loud, but it really shortens my commute.",109,29,10,148,649,5789
It's the third rail in our marriage.,109,28,11,148,649,7196
At least he doesn't tie me to the tracks anymore.,131,36,13,180,649,4734
It's the only way to get out of Brooklyn these days.,108,34,9,151,649,237
It used to go around the tree..,112,29,10,151,649,806
I picked this design 'cause it makes me feel like I'm getting somewhere.,107,37,7,151,649,4279
I don't think he understood what I meant when I said he should be making tracks.,137,32,14,183,649,5715
It has really cut my commute!,111,33,10,154,649,1535
Marrying a conductor really bit me in the caboose.,112,31,11,154,649,2012
Next stop: the kitchen.,112,33,9,154,649,4578
"Build it ,they will come. It’s been three weeks.",115,26,13,154,649,5869
He was never allowed to have a train set as a child.,113,30,11,154,649,7050
So often that you won't even notice it.,112,37,8,157,649,3843
"Come on, let's see what's happening on the wrong side.",115,30,12,157,649,6438
At least this is better than living next to an airport,113,40,7,160,649,671
We paid under market value for the home because it’s on the wrong side of the tracks.,116,35,9,160,649,1207
We decided to boycott Uber.,118,31,11,160,649,1348
"No, the tracks were the easiest part. Getting George to wear a villain mustache once a week for five minutes is more challenging.",116,33,11,160,649,2649
We can't dine until after the 6:21 goes through.,115,38,7,160,649,3320
"Yeah, the noise is a problem, but it sure makes the commute easier.",117,33,10,160,649,3689
"They say it's the new ""exposed brick""",117,33,10,160,649,4023
"On the bright side, some of the older neighbors swear you can set your  clocks to it.",113,39,8,160,649,4050
He will be here at 8:03.,114,37,9,160,649,5619
When Peter started with HO scale I never imagined this.,116,33,11,160,649,6349
The best part is I get to meet all the locals.,122,27,14,163,649,903
"And in return, we got the concession for soft drinks, popcorn, and the morning papers.",118,36,9,163,649,3221
"On the plus side, we won a partial judgment in our imminent domain case.",118,34,11,163,649,3615
Yeah and my husband is still late for work.,120,35,11,166,649,49
This is the only way I could get mother to visit.,119,37,10,166,649,532
Is that your boy fiddlin’ in the kitchen with my Dinah?,126,23,17,166,649,4117
It's worth it  -  my commute is amazing!,119,37,10,166,649,5955
"Well, the ad did say it was a railroad flat.",123,29,14,166,649,7035
"Honestly, after awhile you don’t even notice them anymore.",120,40,9,169,649,287
This is so much more fun than having the grandfather clock.,125,32,12,169,649,3603
Our attorney settled for semi-eminent domain.,98,32,7,137,649,667
It all started with a little train around the Christmas tree and then....,99,30,8,137,649,1746
And it was one of the very first Roombas ever sold.,134,23,15,172,649,1010
I was railroaded into it.,127,33,12,172,649,2212
A little inconvient but it has drastically reduced Bill's commute time.,125,35,12,172,649,4434
"The kids didn’t like the new living arrangements at first, but now they’re finally on board.",123,39,10,172,649,5768
It really cuts down Charlie’s commute time,102,32,6,140,649,1838
I'm sure he'll find a new hobby soon enough.,128,36,11,175,649,2100
Ian insists gin-and-tonics only after the 5:09 passes through.,128,36,11,175,649,5392
I'm tired of covering our tracks.,129,34,12,175,649,7470
It’s really not that much better being on the other side of the tracks.,133,32,13,178,649,2432
"It is noisy, but it beats sitting in traffic",127,41,10,178,649,4116
Wow your opinions are so insightful and interesting. Do you mind standing right over here for a moment.,134,27,17,178,649,4854
The real estate agent told us it would be an easy commute to downtown.,128,43,7,178,649,6062
The Bar Car should be along about 5:03.,125,46,7,178,649,7151
"When they said I was being railroaded, I ddn't know that they meant literally.",104,29,10,143,649,1801
It sparks joy.,107,24,12,143,649,2165
When he said  l’m going to make tracks l didn't think he meant real ones.,109,25,9,143,649,4663
"Sorry, we just ran out, and the milk train doesn't stop here anymore.",107,26,10,143,649,6344
"Yes, I did tell my husband to get his life on track",133,35,13,181,649,1615
He's the one who's going to be lonesome if I have to hear that whistle one more time.,107,29,10,146,649,695
It's the Anders from Ikea. It's meant to be both decorative and functional.,107,30,9,146,649,2504
Whatever it took to bring Roger up from his man cave.,102,38,6,146,649,5144
Our therapist said we are on the right track this time.,136,38,10,184,649,4234
"Everyone said we were crazy for building on the commuter line, but Harold hasn't missed the train since.",135,36,13,184,649,4977
My husband travels a lot,109,29,11,149,649,4575
"Well, we’re only using the handcar until we find an engine with doorway clearance.",109,30,10,149,649,4974
My parents weren't happy when I told them Bob was from the other side of the room.,108,31,10,149,649,5259
The realtor did tell us it was steps away from the Metro-North.,139,39,12,190,649,1179
Well he now makes it home on time.,110,36,6,152,649,6469
The schools are outstanding and we're terribly close to transportation.,110,36,6,152,649,6850
I just wish there was a stop nearby.,111,34,7,152,649,6887
Did I tell you George was a train buff?,111,31,10,152,649,7381
"The Parlor Derailment of '08 was an insurance headache, but otherwise it's been fine.",110,37,8,155,649,1144
"So, he told him, “You can shove that eminent domain order where the sun don’t shine.”",118,22,15,155,649,2026
You should see our basement!,113,32,10,155,649,2697
I told him not to leave tracks in the house.,114,31,10,155,649,3660
"With Amazon Platinum Prime membership,  they guaranteed I would have same-day in-home delivery.",112,33,10,155,649,3960
Larry misunderstood when I asked him to show me his caboose.,112,34,9,155,649,5260
Bill will be home at exactly 6:32,115,27,13,155,649,6217
We work on it all day long,116,25,14,155,649,6929
What can I say? It sparks joy.,115,27,13,155,649,7049
Thomas tends to bring his work home.,117,28,13,158,649,2163
"When I said to keep track, I meant it as a way for you to organize your life.",117,30,11,158,649,4064
"But I didn't realize this is what they meant by a ""railway flat"".",122,23,13,158,649,4620
"Sorry, my son got a job with the railroad. I told him to clean his feet, but he keeps leaving his tracks in the living room.",116,32,10,158,649,4846
StreetEasy called it 'a cozy railroad apartment.',116,35,10,161,649,302
I almost died once trying to get to the kitchen...,119,31,11,161,649,1334
"Sure, the Home Depot sign confuses some people.",118,34,9,161,649,2115
"Sure I work long hours, but I have a relatively short commute.",119,30,12,161,649,3005
I haven't slept a wink since Brad got us this new rug.,118,31,12,161,649,4496
....WAITTT for it...,115,37,9,161,649,4585
What's life like on the other side of the tracks?,119,31,11,161,649,5733
Don't let the 4:19 hit you on your way out,120,34,10,164,649,1544
He never got a train set when he was a kid.,122,31,11,164,649,2539
"Pardon me, Joy, is that the Chattanooga sofa?",123,28,13,164,649,4592
You should’ve seen what I was spending on Uber.”,122,33,12,167,649,62
"For crying out loud, there's no elephant in this room.",125,29,13,167,649,1055
Sometimes I just hand him a sandwich.,121,36,10,167,649,1412
He says I railroaded him into this marriage.,131,23,13,167,649,2122
I always tell him to read the fine print.,121,37,9,167,649,3623
"It’s loud at night, but you can’t beat the commute.",116,45,6,167,649,4687
Don't give it a thought. The New York subways are so dysfunctional these days there won't be a train through here for hours.,124,32,11,167,649,5137
"When I say ""loco,"" I mean LOCO!",129,27,14,170,649,1640
We live on this side to maintain our socio-economic status.,124,34,12,170,649,5111
Not to worry. We always remember when to open the front and back doors.,120,43,7,170,649,7457
"The bedroom is tiny.  But to be fair, the realtor did tell us that it was on the other side of the tracks.",125,37,11,173,649,3272
I see Henry made tremendous progress getting himself back on track.,128,34,11,173,649,6671
We’re trying to get our lives back on track.”,130,34,12,176,649,104
"On the other hand, it cuts Jeff's commute by half an hour.",134,33,12,179,649,1945
The kitchen is what really sold me,134,30,15,179,649,6767
We wanted something close to public transit.,99,27,9,135,649,3004
"Yes, we won the bidding war for this house, sight unseen.",138,36,14,188,649,2223
"Sure it's a bit loud, but Wally hasn't been late to work since we moved here.",107,27,10,144,649,2819
"Yes, it’s noisy, but it cuts our commute time in half.",107,27,10,144,649,4433
"It's a little noisy, but the commute is so much easier.",108,25,11,144,649,6119
"No,we prefer flying.",138,47,9,194,649,409
The pre-construction sound study assured us that the noise would be equivalent to the hum of a refrigerator,107,30,10,147,649,461
We got railroaded,110,27,10,147,649,1931
"Noisy, yes, but oh, the places we go!",106,33,8,147,649,2015
"It's only a side track, so it's not too bad.",104,37,6,147,649,3074
I think the new carpet is lovely.  But it unfortunately its showing tracks much worse than the old rug.,107,32,8,147,649,3357
My husband lives on the wrong side of the tracks.,108,29,10,147,649,6244
But we've been rent-controlled since 1943.,106,32,9,147,649,7467
It’s never easy living on the wrong side of the tracks.,113,27,10,150,649,2296
I’m sick of always covering my tracks,113,26,11,150,649,3702
"Taking down the Christmas village got to be too much, so we just leave it up all year round.",109,31,10,150,649,5410
I guess I'll miss the hobos most of all,113,25,12,150,649,7147
It may not be much to look at but it has really cut down my commuting time.,115,29,12,156,649,945
"When we first got here, i didn't know what a railroad flat WAS!",116,28,12,156,649,3905
I don't know what happened. We followed the IKEA instructions to a T.,116,27,13,156,649,6197
The 3:19 to the restroom should be here any second.,117,30,12,159,649,1070
So how have things been since your Dad moved in?,118,28,13,159,649,2111
"I know, but the rent is very reasonable",120,29,10,159,649,3532
I've been working on fast-tracking my career.,120,28,11,159,649,4100
"Before I moved in, Harold warned me he was into model railroading big time.",115,34,10,159,649,4268
Mr. Rogers used to live here.,118,28,13,159,649,4607
"The older they are, the bigger their toys.",123,22,14,159,649,5036
"No view to speak of, but it’s affordable, the neighbors are good and we’re close to public transport...",119,29,11,159,649,5648
We stopped hearing them only weeks after moving in.,116,33,10,159,649,6786
Vacuuming's a challenge.,115,36,8,159,649,6942
Is your new apartment local or express?,120,34,8,162,649,470
Another cup of tea?  My husband won't be home until 6:58.,118,33,11,162,649,5150
Can I get you more tea before the next train?,119,38,8,165,649,820
We looked a long time to find a place close to public transportation.,116,42,7,165,649,1935
"He's right, I railroad him into everything.",122,31,12,165,649,3164
The only downside is if there is a strike we have to walk.,120,35,10,165,649,3601
Thank god we don’t live on the other side of the tracks.,121,35,9,165,649,5948
I knew he was an addict the first time I saw the track marks,126,29,13,168,649,475
"We thought about having a river run through it, but decided on a train.",122,35,11,168,649,1019
We like our track lighting so much we decided to get track flooring.,125,34,12,171,649,7380
"When the realtor said this place was close to public transportation, she wasn't kidding.",131,27,16,174,649,1642
"Nice house, but I think you got railroaded.",123,43,8,174,649,2585
He doesn't like to walk to the bathroom.,131,39,10,180,649,1934
"Henry doesn't like to wait for the 4:40.  He says if he builds it, it will come""",136,29,15,180,649,6037
Imminent domain. But we have a good lawyer.,98,21,8,127,649,2380
"The dirty, railcar hobo sex was worth the compromise alone.",144,37,14,195,649,2456
"Yeah, he still lives in the basement, but at least he got an engineering degree.",95,31,7,133,649,4051
"Bob just outgrew his ""O"" gauge.",99,28,9,136,649,6160
We needed a place close to public transportation.,102,29,8,139,649,7329
We found out that right-of-way is a thing.,107,27,11,145,649,353
You might say the eminent domain suit ended in a compromise.,102,38,5,145,649,6813
It’s a slippery slope from a model train layout in your basement to a commuter station stop in your living room.,106,29,10,145,649,7469
"So, tell me more about your son.",112,25,11,148,649,2320
"He said he was a ""model train enthusiast"" when we started dating, but I really had no idea what that meant until he moved in.",106,34,8,148,649,2691
"I don't mind the train so much, it's that damn song",109,28,11,148,649,4550
It’s OHNO gauge.,111,26,11,148,649,7334
"Compared to the upstairs neighbors, it’s not that loud.",108,35,8,151,649,838
"Well, they did say it was a railroad apartment.  And you can't beat the convenience.",114,29,8,151,649,2559
The good news is that the realtor said it only passes through twice a day.,111,34,6,151,649,5360
Because we decided that if we were going to move to the city we were going to make his commute as short as possible.,108,37,6,151,649,6287
No worries. My ex lives on the other side of the tracks.,114,26,11,151,649,7213
"Emphasis on ""loco"" in locomotive when it comes to Harold and his train set.",112,32,10,154,649,488
The commute is so much easier this way!,114,31,9,154,649,1246
It’s pretty quiet except every four hours on the hour…,112,34,8,154,649,3158
"Don't worry, we're on the right side of the tracks.",114,30,10,154,649,3760
Union Pacific is offering home delivery now.,115,29,10,154,649,5460
"His favorite movie? ""3:10 to Yuma"" - why do you ask?",113,30,11,154,649,6832
"You have such a one-track mind, Doris.",114,29,11,154,649,7350
I used to live on the other side of the track. Now I own the track.,116,29,12,157,649,4423
I’m leaving my husband.,115,32,10,157,649,6360
We are so much more comfortable since moving to the other side of the tracks.,119,25,13,157,649,6816
His model train obsession just keeps getting bigger,119,29,12,160,649,999
I was told that nowadays your property is more valuable if it’s close to mass transit.,117,33,10,160,649,2146
"Well, it’s a mighty fine line!",118,31,11,160,649,3431
"Don't you feel that everyone in your life is just passing through""",113,40,7,160,649,3985
I've been feeling a little bit off the rails lately.,116,36,8,160,649,4420
He never emerges from the tunnel until he's had his morning coffee.,114,38,8,160,649,4698
We'll catch the 5:06 for dinner.,116,36,8,160,649,5156
Lionel expanded their gauge.,114,38,8,160,649,5180
"In retrospect, giving him that first model train kit for Christmas was a pretty big mistake.",115,36,9,160,649,6722
I make sure I'm done showering by the time the 8:15 Express comes through.,118,35,10,163,649,599
The realtor did say it was literally on the Q line.,119,34,10,163,649,1047
"As you can see, the place is very commuter-friendly",115,41,7,163,649,2491
He'll be on the 5:10.,117,40,6,163,649,6189
We put them down so people wouldn't leave tracks all over the carpet.,123,33,10,166,649,129
I decided to try a train-at-home fitness regimen.,124,31,11,166,649,457
You get used to it as soon as you lose your hearing.,126,24,16,166,649,1243
"The neighborhood isn't great, but the commute to work is a breeze.",119,38,9,166,649,4253
We've gained a new understanding of how people live on the other side of the tracks.,119,38,9,166,649,4316
Amazon installed it for free!,124,30,12,166,649,4475
"Say what you will, but I haven't paid a cent in gas.",118,45,6,169,649,50
"We were going to renovate, but then Cuomo got involved.",125,31,13,169,649,3527
We were railroaded into buying the place.,127,32,13,172,649,579
Sometimes I imagine that I’m a Monopoly game piece.,128,30,14,172,649,2341
Amtrak has really made an effort to make travellers feel at home while they wait.,129,33,13,175,649,2765
I just missed the sound of a train at night....,129,37,9,175,649,3010
On the bright side I can use my metrocard to pay the rent.,130,36,12,178,649,477
"You see,I've gone off the rails a bit lately.",131,34,13,178,649,1136
"A Third Rail?
That’s just crazy talk .",135,28,15,178,649,3163
Carl had a bad Uber experience.,133,37,11,181,649,3047
"We've got until the 5:10 comes through. So, how've you been?",136,34,14,184,649,5824
It’s okay; we’re on the right side of the tracks.,135,41,11,187,649,7022
"Except for maybe people getting off in our bedroom, we just love the convenience.",94,25,9,128,649,5318
"It was a miracle finding a place this close to public transit, but I still take Uber Everywhere.",95,33,6,134,649,941
I didn't quite understand the concept of a 'railroad flat'....,99,27,8,134,649,1758
We have exactly five minutes if we are going to go into the other room.,106,22,12,140,649,2000
"The blurb on this house's  location says
""With easy access to local transport""!",107,25,11,143,649,327
Y ou heard of Baby Grand pianos? Let me tell you about my new Xylophone,110,21,12,143,649,2200
Dinner should be here any minute now.,106,30,7,143,649,5800
So when you said you live near the train tracks...,111,26,9,146,649,3950
We should finish our drinks. The 3:10 to Yuma is never late.,104,38,4,146,649,5496
Bill likes to get up at 6:11 and make the 6:12.,106,32,8,146,649,7343
"I know, but it was rent controlled.",111,26,12,149,649,96
I see your little boy has really grown up,112,27,10,149,649,1158
We resolved to stay on track this year.,112,28,9,149,649,2318
Three words - locomotion locomotion locomotion.,112,29,8,149,649,3462
Bob is really dedicated to getting our marriage back on track.,115,20,14,149,649,5553
My husband Thomas should be here any minute.,112,29,11,152,649,133
"The porter is surly but otherwise, it's perfect.",111,33,8,152,649,292
I just have to make sure not to use the hallway on the half hour.,110,34,8,152,649,3556
Most of the other railroad apartments we looked at seemed to lack something.,112,32,8,152,649,6734
"It's noisy at times, but I'm never late for work.",108,43,4,155,649,246
It certainly generates far more conversation than that elephant we used to have in here,114,30,11,155,649,2703
My husband railroaded me into buying this house,110,38,7,155,649,4581
And it's really close to public transportation.,114,32,9,155,649,4895
We were able to negotiate a better price for the house because of the cemetery next door.,115,33,10,158,649,430
"Her listing did say, 'Close to train'.",115,33,10,158,649,860
But it's really the ties that bind us.,121,24,13,158,649,1340
He wanted to be sure the prenup had an exit strategy.,116,33,9,158,649,1373
"I do have a one-track mind, I'm afraid",115,34,9,158,649,1897
"We just have to be sure we're up by 7:42 and not taking a nap at 4:11.""",115,33,10,158,649,3882
He took the last one and never came back...,117,31,10,158,649,4250
Harold is on the fast track now!,117,30,11,158,649,4604
Shall we take the 5:30pm train to the kitchen?,116,32,10,158,649,6364
We save a fortune on gas.,118,34,9,161,649,1603
"All I asked for was an espresso, and he goes and does this...",119,30,12,161,649,1648
"Who knew? The ""little engine"" really could!",117,36,8,161,649,6460
Not long ago we were on the other side of the tracks.,121,37,6,164,649,1330
Tom never really grew up. He just got bigger toys.,123,29,12,164,649,1342
The tea is ready ... or the 9:55 is early.,118,37,9,164,649,6190
"So, we just signed up for Amazon Rail and couldn't be happier.",125,28,14,167,649,297
He’s really never outgrown them.,126,28,13,167,649,1432
I misunderstood what he meant when he said he had a one-track mind.,119,43,5,167,649,5683
"Four words. Eminent domain binding arbitration.""",126,29,12,167,649,7118
It's the L-train.  We hardly ever see it.,130,23,17,170,649,2885
"I can't explain it. I just feel like no one cares 
what I think.""",126,32,12,170,649,5721
"It may be a little loud, but you can't beat the commute.",124,42,7,173,649,811
Like I said -- one-track mind.,127,34,12,173,649,3145
"What do you mean, are we sure we're on the right track?",131,32,13,176,649,1827
"'I just wasn't getting to work on time until we bought the new place.""",130,35,11,176,649,2915
Well...he takes the 5:40 every night so he will be here any minute.,127,39,10,176,649,7091
I've tried everything to get my life back on track.,138,30,14,182,649,920
"I know, I know.  I should have finished reading the Feng Shui book before I started to decorate.”",135,33,14,182,649,2189
My husband thinks I should get out of the house more.,132,40,10,182,649,4552
It all began when he bought a deed to the Reading Railroad.,121,38,9,168,649,258
I asked him what's the point if it's not a local?,109,34,7,150,649,273
You might say I got railroaded into it.,146,28,18,192,649,300
Jeff works from home but missed his reading time on the train.,110,22,13,144,649,448
The.commute is so convenient.,109,28,10,147,649,815
Maybe I pushed things a little too far when I told him to get serious about our relationship or make tracks.,102,31,8,141,649,1081
"He's a conductor, but gets to work from home once a day.",121,28,13,162,649,1085
We said we wanted to be closer to the NQR train and the broker really came through for us.,101,34,6,141,649,1118
The easy commute is what attracted us to this house in the first place.,123,21,15,159,649,1143
We enjoy the graffiti.,118,37,7,162,649,1244
Kevin? I've completely lost track of him.,145,35,15,195,649,1360
"Yes, it's convenient, but the neighbors complain the passengers take all the parking.",103,24,11,138,649,1479
They weren't kidding when they said the house was convenient to transportation.,122,34,9,165,649,1531
It has something to do with eminent domain.,111,35,7,153,649,1635
"He missed complaining about 
his commute to work.",103,29,9,141,649,1652
"But Mom, I told  you I was living in a railroad apartment",124,38,9,171,649,1814
Welcome to Grand-fucking-Central station.,129,27,12,168,649,1869
"So, we wanted a better commute and I said, ""if you build it, they will come.""",117,33,9,159,649,2128
"On the bright side, our commuting time has been cut in half.",121,31,10,162,649,2529
Knowing where I'm going is not the issue.,111,32,7,150,649,2826
He's been playing with Trains since he was three,97,28,7,132,649,2980
We're really happy with our current station in life.,117,32,10,159,649,3254
"Oh Martha, you're so observant. Yes, Bill has been working on the railroad. All the live long day. Nighttime too. And between you and me I'm getting pretty damn tired of it.",125,37,9,171,649,3290
These are the ties that bind.,113,29,11,153,649,3458
Will this room be a 'local' or 'express' stop?,124,38,9,171,649,3502
Better drink up....the 4:11 to the front door will be arriving shortly.,132,31,14,177,649,3707
Bob's commuting time has been cut considerably.,121,38,9,168,649,3835
The 3:15 to the dining room is never on time.,121,38,9,168,649,4152
It's the Rock Island Line. They don't actually operate trains anymore.,107,30,7,144,649,4339
"We were hoping to renovate the kitchen, but we got sidetracked.",110,36,7,153,649,4386
"Well, he kept complaining about how HO just wasn't doing it for him.",121,32,9,162,649,4867
"We don't get much sleep, but at least he stopped complaining about the commute.",126,29,13,168,649,4869
"He was O gage and I was N, but now I think we're on the right track together!",122,31,9,162,649,4960
Plus I can sleep 13 minutes longer.,120,31,11,162,649,5511
It's taken at least an hour off our commute.,125,35,11,171,649,5681
I really feel as though I was railroaded into buying this house.,109,30,8,147,649,5723
"When George told me he wanted to collect trains, I had no idea...",119,28,12,159,649,5757
Except every three minutes it really is a cosy place.,113,20,14,147,649,5951
"On the flip side, it cut 20 minutes off Harold's commute.",115,25,13,153,649,6065
My lawyer found a loophole in the eminent domain law.,134,42,10,186,649,6131
It runs in the family.,118,39,8,165,649,6185
"Eminent Domain, my eye, I said.",117,31,11,159,649,6289
Railroad architecture transports me in a way midcentury modern never has.,109,33,8,150,649,6318
"On the up side, we get a 10% discount on our MetroCards.",115,30,11,156,649,6351
That is how we bring in our farm to table food.,112,26,12,150,649,6658
I hate the delays when I need to get to the kitchen to make dinner.,113,29,11,153,649,6672
It feels like I'm getting nowhere fast.,116,36,7,159,649,6684
At least it doesn’t make a stop here.,111,35,7,153,649,6788
Harold is not your standard gauge hobbyist.,116,30,10,156,649,6810
He said this time he really was leaving.,113,29,11,153,649,6974
Close access to transit was what really sold us on the house.,114,27,12,153,649,7325
I told you he railroaded me into agreeing​ to this house.,136,37,11,184,649,1595
"It’s my fault, really. I ordered “OH” gauge by mistake.",135,37,12,184,649,2629
My realtor assured me this house is close to transportation.,133,40,8,181,649,4614
The agent did say we would be really close to transport.,126,45,7,178,649,3788
"I love what you've done to the place, Marge. 
El Chapo would be proud.",135,24,16,175,649,1296
It’s an authentic railroad flat.,134,25,16,175,649,1504
If you have to go the 3 o'clock should be here soon.,128,37,10,175,649,2208
On the plus side I'm never late for work anymore.,129,34,12,175,649,2609
"For some reason, anything or anyone on that side of the house becomes messy, falls apart or turns to crime.",129,34,12,175,649,4326
It doesn’t really make a difference which side you’re on.,128,38,9,175,649,5431
It is the ties that bind us together .,123,41,8,172,649,1456
"I love Fred, but he does have a one-track mind.",129,33,10,172,649,3111
The vibration has pepped-up our love life.,128,31,13,172,649,6935
"Phill?, yes we are still married but he lives on the wrong side of the tracks.",125,32,12,169,649,230
What train?,131,20,18,169,649,2307
"I'm sorry, but the cafe car will not re-open for another twenty minutes.",123,38,8,169,649,4038
Sure it looks convenient but the closest station is two miles away,127,29,13,169,649,5888
"On the plus side, the commute is great.",121,40,8,169,649,6170
We can talk now. The train only comes by on the hour.,123,40,6,169,649,6242
"And to think I was so happy when he said, “Let’s upgrade to a larger model.”",127,28,14,169,649,6538
Easy access to public transport is very important to us.,125,31,10,166,649,957
I assumed he'd choose HO scale for his train set.,116,45,5,166,649,4011
"Nope, I'm not a ""helicopter"" mom.",125,27,14,166,649,4111
"It's a pain, but the lunch trolley does have a lovely croissant.",121,37,8,166,649,5657
"Why yes, we support the pipeline.  What makes you ask?",126,27,13,166,649,6753
The sound of the train is the only thing that gets the baby to sleep.,126,25,15,166,649,7361
I can always take the train back to my place.,122,32,9,163,649,733
This was cheaper than the mid-life crisis Porsche he was eyeing.,122,29,12,163,649,1403
The listing DID say it was a railroad flat.,121,34,8,163,649,1732
"We love the neighborhood, but what really sealed the deal is the easy commute.",122,32,9,163,649,4082
Just hold on to your chair when it passes through and you'll be fine.,120,32,11,163,649,5002
I've had to more carefully schedule vacuuming in the nude.,121,34,8,163,649,5777
I usually sit on the other side of the tracks.,123,33,7,163,649,6783
"The pay isn't great, but I love working from home.",117,38,8,163,649,6797
"Yes, but does it spark joy?",125,24,14,163,649,7112
I thought it’d be a problem but actually it never comes.,119,29,12,160,649,517
It’s Amazon rail for large deliveries into the home.,121,29,10,160,649,693
Admittedly the time spent climbing on and off negates the benefit of the speed between here and the bathroom.,119,31,10,160,649,2351
I was actually hoping to be in the focus group for home delivery by drones.,117,34,9,160,649,2790
"Yes, there are stops in the kitchen, bathroom, bedroom and garage.",119,29,12,160,649,6700
"I love the pick up drop off, but it's hard to clean the carpet.",118,34,8,160,649,7302
"You have a narrow one-track mind, Lois.""",116,35,9,160,649,7385
This new apartment has really shortened our commute.,117,29,11,157,649,769
"""He's an Amtrak conductor and brings a lot of work home.""",116,34,7,157,649,828
"Mom ,can we please move so I can date nicer boys",117,29,11,157,649,1956
The landlord is trying to railroad me out of  my rent controlled apartment.,114,35,8,157,649,2589
I thought you WON the Eminent Domain case ...,116,31,10,157,649,2939
"Even with the tracks, it's impossible to follow Gary's train of thought.",120,22,15,157,649,4094
We get a nice breeze every 15 minutes,118,30,9,157,649,5207
Since retiring George takes his hobbies more seriously.,114,35,8,157,649,5273
No it’s perfectly safe this side of the tracks,114,34,9,157,649,6225
I love this place because it's so close to public transportation.,116,30,11,157,649,6855
"Down the hall, second door on the left, and stay clear of the crossing gate.",117,31,9,157,649,7009
I really miss zoning.,118,27,12,157,649,7489
"Alice, I'm never late to work. You should totally get one.",113,31,10,154,649,622
IT'S A TROMPE L'OEIL RUG,115,29,10,154,649,3037
"Sure, it's clean in here...but the kitchen is a real trainwreck.""",116,25,13,154,649,3634
"We could have built on the waterfront, but we're really more train people than boat people.",110,37,7,154,649,4039
"That ship may have sailed, but the train hasn't left the station yet.",114,29,11,154,649,4965
I didn't believe him when he said he'd been railroaded.,116,25,13,154,649,6254
He likes the easy commute.,114,32,8,154,649,6805
"""I love living in the city! It's so vibrant!""",112,31,8,151,649,487
Harry has cut his commute time in half.,112,30,9,151,649,541
I can't believe I found an affordable apartment.,111,30,10,151,649,2125
"You know, we paid a premium to be on the High Line.",113,27,11,151,649,6632
"On the plus side, it's very commuter-friendly.",108,32,8,148,649,2509
"It's what's known as a ""Railroad Flat""!",111,29,8,148,649,3048
"We agreed it was a bit close to the tracks, but, oh, the price!",111,25,12,148,649,6478
Being near mass transit has always been important to us.,106,31,8,145,649,1211
"I'm sorry, what were you saying? My train of thought just left.",111,25,9,145,649,3591
"Karen sends her regrets. She's a little tied up in the kitchen.""",110,24,11,145,649,5641
"Now and then a hobo jumps off, but they're usually friendly.",109,26,10,145,649,5922
My husband should be coming through the door any minute.,107,29,9,145,649,5973
"As long as it continues to spark joy, it's staying.",108,26,11,145,649,6875
Oh I don’t know. Sometimes staying at home can be quite exhilarating.,106,33,6,145,649,6900
As you can tell we’re on the fast track,103,26,10,139,649,2449
"On the other hand, it only comes through once a day.",101,30,8,139,649,6361
We were railroaded into buying the house,103,29,7,139,649,6842
He had a one track mind.,98,27,8,133,649,1062
Sure it's loud. But it makes the commute so convenient.,101,23,9,133,649,1476
HO gauge is so yesterday.,95,27,8,130,649,3647
"Honestly, after a while you don't notice the noise.",136,44,8,188,649,1033
Amazon says it's faster than FedEx.,145,25,18,188,649,4136
When I said it sounded like a good idea I thought you meant he wanted to lead an orchestra.,136,33,13,182,649,176
We have decided to fast track the divorce,138,24,17,179,649,3730
Some men never grow up,125,39,9,173,649,6522
It's true. Thomas has left me and filed for divorce.,126,34,10,170,649,5831
The kitchen?  That’s the A.  And the bathroom – the #2 goes there.,125,37,8,170,649,7224
We love it here in Clarksville,124,33,10,167,649,2864
May I suggest we take the express to the bedroom?,122,35,10,167,649,3481
"I told him, it’s a train wreck waiting to happen.",127,26,14,167,649,4488
The Road to Nowhere had to go somewhere; you see,124,31,12,167,649,6450
We hate flying.”,118,39,7,164,649,2807
I'm just passing through,118,38,8,164,649,4526
We needed something close to public transportation.,124,29,11,164,649,4787
I think we can agree.  You've come to a strange station in life.,121,27,13,161,649,3038
Martin asked the Long Island Express if he could work from home.  We've had some pretty loud arguments about it.,118,36,7,161,649,3041
I've finally got my life on track.  Can you tell?,115,37,6,158,649,18
"I love working from home, but I really missed bitching about my commute.",118,30,10,158,649,2088
"Technically, it is the suburbs. But you can't beat the commute.",116,32,10,158,649,3895
Women need a platform,118,28,12,158,649,4517
It saves on gas.  We no longer have to drive to the station.,117,31,10,158,649,5780
"All I said was ""Let's try to get our relationship back on track.""",117,31,10,158,649,5896
Jeff Bezos bought Amtrak.,117,30,11,158,649,6453
Everyone is so busy. It's like Grand Central Station around here.,116,29,10,155,649,198
"My realtor advertised the place as “just steps from the nearest train stop,” but I didn’t realize she meant it literally.",116,27,12,155,649,3217
"We won the expropriation case, so we didn’t have to move after all!",116,28,11,155,649,3898
"No, I don't feel like my life is finally on track. Why do you ask?",118,27,10,155,649,4095
Those are the family ties.,117,22,13,152,649,1569
"Actually, it's better now with electrification, the diesel exhaust was really trashing my ceilings.",116,29,7,152,649,1815
"When my husband said he wanted to start training, this isn't what I had in mind.",116,23,13,152,649,2325
This was John's revenge for my constant nagging about his one-track mind.,120,21,11,152,649,3480
Helicopter parents really don't get it.,113,30,9,152,649,6136
We get everything delivered.,113,28,11,152,649,7468
"It used to be underground, but you know, the times.",108,33,8,149,649,2404
"So I told my husband ""You still play with model trains...grow up!""",110,30,9,149,649,5066
Buying ‘as is’ saved us a ton and then we just got used to it.,110,30,9,149,649,6739
Sure it's noisy but you don't have to stand outside on a platform when it's 10 below.,109,28,9,146,649,5516
I love what you've done with Union Station.,107,28,8,143,649,2865
"I meant, how do you explain the tracks on your arm Lucy?",105,29,9,143,649,3793
It's called 'eminent domain'.,101,32,7,140,649,340
It's rent-stabilized and we love the commute.,103,29,8,140,649,6582
"I’m hungry as well, but we’ll have to wait for the 6:15 from the bedroom.",136,41,9,186,649,44
"My husband?  Oh, him – he lives on the other side of the tracks.",140,32,14,186,649,437
"Well... boys grow up,and their toys do,too.",135,33,12,180,649,5343
"Yes, this town is REALLY serious about discouraging single occupancy vehicle use.",132,37,11,180,649,6930
I love what you’ve done to your apartment,134,28,15,177,649,1998
"I told him so.  I said, Howard, I think you mean a scale of 1:87.",131,36,10,177,649,4499
Who's to say it's the wrong side?,131,34,12,177,649,6486
"Everybody loves the sound of a train in the distance, but not me.",127,33,11,171,649,5093
Clark will be home at 5:43.,125,31,12,168,649,36
"Yeah, sorry about that.  There should be a shipment of coasters on the 3:06, though.",125,31,12,168,649,2792
It’s a classic railroad apartment. A bit noisy at times but we love the pre-war details.,130,25,13,168,649,3389
I grew up on the other side of the tracks.,125,32,11,168,649,4166
The men in my life come and go,121,35,9,165,649,2460
"Oh, you barely hear it.  Did I tell you about the school district? And this is the ONLY house on the cul-de-sac!",120,36,9,165,649,3057
"Some mean people say I’ve “missed the boat” a few times in my life...I bet they
won’t be saying anything now!",121,34,7,162,649,1687
Grab hold! The 12:15 is about to come through!,122,29,11,162,649,2108
It’s only a short commute to the kitchen.,122,29,11,162,649,3739
"Turns out there are *two* definitions of 'Railroad apartment'.""",119,33,10,162,649,4913
"We got a great deal on the rent, and we’re NEVER late for work anymore.",122,31,9,162,649,6379
"Excuse me, Linda - my train of thought seems to have gone right out the door.",121,31,10,162,649,6844
"Ever since the Airbnb partnership with Amtrak, I can finally afford my rent.",117,38,7,162,649,6912
We tie up the kids here when they're being bad.,120,26,13,159,649,1405
But the rent is very reasonable.,115,36,8,159,649,2148
We are the first to live this close to the high line.,120,29,10,159,649,2166
Earplugs help.,116,35,8,159,649,2435
The realtor said people will ignore it if we put 'steampunk decor' in the listing.,118,33,8,159,649,3400
They told us it was close to transit...,115,36,8,159,649,5293
Wait until you see our Christmas tree!,121,24,14,159,649,6924
''It was an eminent domain compromise.',112,37,7,156,649,1882
Sometimes I feel like we were railroaded into taking this apartment.,114,33,9,156,649,2158
Remind me again why you didn’t just take the money?,117,27,12,156,649,4017
Really cuts down the commute time!,118,26,12,156,649,4446
"Yeah, it can be hard to sleep at night, but in this market I’ll take what I can get.",114,30,9,153,649,2597
"The ties came with the place, I installed the tracks.",113,31,9,153,649,3679
The listing said it was a railroad apartment. But I didn’t expect this.,112,33,8,153,649,5339
Everybody has a private jet.,113,33,7,153,649,6045
"FINALLY, I'm living on the right side of the tracks",108,37,5,150,649,1610
"Unfortunately, the kitchen is on the wrong side of the tracks.",116,23,11,150,649,1654
It’s much better now that they won’t let the passengers flush the toilet in this station.,113,29,8,150,649,3181
If he hasn't grown out of it by now ...,111,29,10,150,649,4813
"Oh no, when you become accustomed to it, it's like it's not even there.",110,29,8,147,649,1557
"Years ago he inherited quite a bit of money, but he didn't want to completely give up his life as a hobo.",106,30,8,144,649,680
I read that helicopter parenting is out this year,111,20,13,144,649,1370
I just worry about living on the wrong side of the tracks,108,26,10,144,649,6047
We splurged a bit on our kid's Christmas present.,104,28,9,141,649,1450
It's standard gauge.  Harold doesn't like anything unconventional.,110,20,11,141,649,2676
"How do I gauge this, Cynthia?  Simple, he has the body of a man and the sensibilities of a ten-year-old.",103,30,8,141,649,6240
I think we did a good job repurposing this building but I still look both ways when I cross this room,103,30,8,141,649,6695
This is not what I had in mind when he told me he's a trainer.,138,37,12,187,649,3308
"I signed up for speed dating, but it has been getting a bit intrusive.",136,39,9,184,649,2344
Our eminent domain case is still pending.,103,25,10,138,649,3683
I found this great runner rug abandoned in a field.,104,23,11,138,649,4768
It definitely saves on the commuting time.,132,36,10,178,649,384
"It’s a great house, but I suspect you might have been railroaded into buying it.",135,30,13,178,649,6750
The difference between men and boys..........,130,34,11,175,649,2763
He should be home anytime now...,131,31,13,175,649,4804
Well the listing did say it was a Railroad Apartment.,134,28,13,175,649,6388
'I thought that meant that there were no corridors or side-rooms.',134,24,14,172,649,3268
"I thought he said, 'life-like' train set, not 'life-size' train set",129,32,11,172,649,7173
This is not what I expected when he said he was a personal trainer.,127,32,10,169,649,305
It's been dicey ever since Ralph lost the timetable.,124,35,10,169,649,884
"No, this set is to actual scale.",124,35,10,169,649,2408
"Not only are the schools excellent, I don't have to drive my husband to the train every morning.",122,39,8,169,649,5873
The cookies should be done after the 3:10 comes through.,127,29,13,169,649,6074
"Well, at least the commute is short.",126,36,7,169,649,6145
Did you just compliment that train engineer’s cabouse?,123,36,7,166,649,1398
"The ad said ""railway apartment,"" so I just assumed...",124,33,9,166,649,1528
"Well, you know how strongly Peter feels about improving the country’s infrastructure.",125,32,9,166,649,1959
That's the last time I let Stan buy the gifts on the kids' Santa list...,125,28,13,166,649,3024
We told the realtor that it was important that we were near transportation to the city.,122,34,10,166,649,3821
You weren't kidding...this is great coffee,121,36,9,166,649,4771
We were so lucky to find a rent controlled apartment we hardly notice it’s a railroad flat.,119,40,7,166,649,4966
I’m just glad he’s found a hobby he loves.,125,29,12,166,649,5887
Drone delivery didn't work out after all.,124,30,12,166,649,6021
We talked about track lighting but decided to go in a different direction.,119,36,8,163,649,486
Yes the house is that big.,119,35,9,163,649,881
It's rent-controlled and I can catch the F train right from my living room.,121,32,10,163,649,1064
I have a thing at 3:10.,125,26,12,163,649,1257
You’re going to have to get rid of your cat.,120,34,9,163,649,1536
... and then I found out that what he wanted was a personal trainer.,123,27,13,163,649,1795
We still have to get a bus to the station.,123,28,12,163,649,2416
It's not called a railroad flat for nothing.,123,28,12,163,649,4098
"Sure, noise is an issue, but we got the place under market and now our commute is a breeze.",119,35,9,163,649,4840
I didn't realize this is what they meant when they called it a railroad flat.,119,35,9,163,649,6711
I can’t wait until they have drone deliveries.,118,32,10,160,649,688
I’m just thankful we didn’t have to leave Williamsburg.,119,33,8,160,649,4138
"Yea, it’s a great space but honestly if feel like I was railroaded.",122,25,13,160,649,4307
The light rail subsidy makes it affordable.,117,30,10,157,649,1572
This is what happens when you marry a giant xylophonist.,119,25,13,157,649,2735
"We told Lionel they sent us the wrong gauge track, but it was so much trouble to box up and ship back. Anyway, now we're used to it.",112,39,6,157,649,4016
"Like ""A River Runs Through it"", only different.",118,28,11,157,649,4034
"..on the other hand, commuting to work is a breeze",118,29,10,157,649,6151
"Well, the owners are still in litigation over eminent domain.",85,28,4,117,649,4489
I actually liked it better when he had a revolving door leading to his bedroom.,109,42,3,154,649,248
Sometimes I worry my life's a little too on-track.,114,32,8,154,649,265
"We didn't want our children growing up on the wrong side of the tracks, so we just rearranged the furniture.",113,33,8,154,649,474
My baby takes the morning train.  He works from 9 to 5 and then...,117,25,12,154,649,3557
It was a spur of the moment decision.,112,34,8,154,649,3589
"It's our 'Overground Railroad.' If America ever becomes a full-blown dictatorship, we'll smuggle what's left of the human race into Canada.",117,24,13,154,649,4329
When he found out that his ex had adopted a highway.,113,32,9,154,649,4356
I’m starting Railbnb,111,36,7,154,649,4713
"In about a minute and a half, let’s move into the back den for 22 seconds or so.",112,34,8,154,649,5158
...and that's why you never tell a literalist to move on.,113,33,8,154,649,5560
Thomas should be arriving at any moment.,115,29,10,154,649,6387
It helps with our long distance relationship.,113,32,9,154,649,6841
"I simply suggested a chairlift for the stairs, and the next thing you know....",119,19,13,151,649,592
We moved here for the commute.,112,29,10,151,649,1327
"Well, it's not a WALL, but it does keep us separate.",111,31,9,151,649,1550
"You're right. This re-designed station DOES make you feel ""right at home.""",113,28,10,151,649,1748
It's called mid-19th century modern.,114,25,12,151,649,2753
It’s only burdensome when it’s one of those long  freights,113,27,11,151,649,3395
"Well, I told him, I'm not moving to Manhattan unless you find an easy way to commute.",109,32,7,148,649,705
"Oh, this model is way more than an ordinary robot vacuum.  It also delivers the mail, farm to table vegetables, and takes us on vacation.",110,28,10,148,649,3723
"As Dale says,""eminent domain"" is just a negotiating position.",110,28,10,148,649,6236
"It makes sense, really.  He has a one-track mind.",139,32,14,185,649,7437
"I know, it’s fantastic! I keep waiting for the catch.",136,35,11,182,649,7352
"It's a little noisy, but it cuts down on the commuting time.",110,29,6,145,649,25
I cut my commute time in half.,107,29,9,145,649,1429
You could say my husband has a one-track mind.,108,29,8,145,649,2674
And this was before he got ino Lego.,107,31,7,145,649,7435
I just feel like I'm being railroaded.,110,22,10,142,649,1377
We got it on Etsy.,104,32,6,142,649,7130
They don't come through since the mill closed in the house next door.,134,28,14,176,649,1352
Better than a wall...,137,22,17,176,649,1526
"Even with the renovation, it's still always late.",133,29,14,176,649,6177
"Well, our commute is easier but it’s been hard on the cats.",104,25,10,139,649,849
"You know, this isn't what most people expect when I tell them I live in a roundhouse.",106,22,11,139,649,874
It's a multi-use building.,130,32,11,173,649,2993
My husband is not around much but he's always on time.,105,24,7,136,649,202
the 7:39 takes us straight to dinner.,126,34,10,170,649,615
"When he said bigger doorways, I put my foot down.",127,31,12,170,649,2995
It didn’t work out between us. He was from the wrong side of the tracks.,124,37,9,170,649,4752
Now I don't have to drive Bob to the station every day.,101,28,7,136,649,4985
"you'll barely notice it, they said ...",127,32,11,170,649,5210
Amazon says that it's faster than drone delivery.,127,34,9,170,649,6795
We love it. It's much like having Amazon Prime.,127,31,12,170,649,6988
It's the mommy track.,130,27,13,170,649,7236
Fred sort of took the 3:10 to Yuma and never looked back.,126,29,12,167,649,3031
"If it were up to me, I prefer HO gauge.",125,34,8,167,649,3789
"I can see you've made a tremendous effort, but I'm still not convinced you're on the right track",123,36,8,167,649,4059
Tom finally has grown out of his model train phase.,125,32,10,167,649,4181
And here I thought waking up on the wrong side of the bed was bad!,130,21,16,167,649,5039
You’re not the first person to accuse me of having a one-track mind.,129,23,15,167,649,6694
"So our stubbornness met their eminent domain thingy and voila, everyone wins!",124,29,11,164,649,2700
He said I am his third rail.,121,28,12,161,649,673
Just wait until you see his caboose!,115,40,6,161,649,1126
It's the 3:15 that bothers  me otherwise I hardly notice.,119,32,10,161,649,2827
"After I told him he was a train wreck, he installed the tracks.",121,30,10,161,649,3632
"Yeah, my husband misunderstood me when I said we needed to house train the dog.",118,34,9,161,649,4642
"Sure, it’s close to the tracks, but it’s a two and half bath!",123,28,10,161,649,4685
"We hesitated on the 200,000 foot floor plan until Bob came up with a solution.",117,36,5,158,649,3130
Harold never got a train set for Christmas as a boy.,117,31,10,158,649,5206
Right side of the tracks and you can’t believe my commute!,119,29,10,158,649,7126
I kept forgetting that someone’s in the kitchen with Dinah.,119,26,10,155,649,3953
"well, he said he no longer found HO gauge challenging.",117,27,11,155,649,5271
The other unit had a Wall?,118,25,12,155,649,5463
On weekends it runs through the kitchen.,116,33,6,155,649,6421
This has really helped put our marriage back on track.,117,29,9,155,649,6455
He'll be home on the 5:15.,141,34,11,186,649,6530
He hasn't touched a Lego in two years,116,31,8,155,649,6981
"So, he said,""I'm tired of driving to the station.And I said "",well it's time you thought out of the box for a change.""",111,34,7,152,649,632
Wait til you see the bedroom. Does the name John Deere mean anything to you?,113,29,10,152,649,3083
"So then I said, ""Tom you really need to get your life back on track.""",112,33,7,152,649,3147
"I'm getting used to it, and its so convenient when we go to Chicago for the weekend",115,29,8,152,649,3337
"Anyways, that's our news. What's new with you? Oh, wait, I haven't even told you about the train that runs through our living room! But look at me, hogging the conversation. Later. Tell me about you.",115,28,9,152,649,5266
"Any problems living so close to the train?  I'm sorry Alice, what did you say?",112,32,8,152,649,7167
You should see his other toys,114,22,13,149,649,1049
And the best part is delivery is free.,109,32,8,149,649,1740
"Yes, our entire home was done by an inferior decorator",115,24,10,149,649,2804
"He arrives on the 4:27, pronto.",110,31,8,149,649,3662
The third Benadryl helps.,130,38,9,177,649,3996
"When you said your housing search was on the right track, I didn't take it literally...",105,35,6,146,649,1219
Told you I got railroaded into this marriage,109,31,6,146,649,3327
The best part of the living room location is that it’s  just one stop to the dining room.,106,34,6,146,649,5722
"I've always hated that expression: ""living on the wrong side of the tracks.""  It just seems so limiting.",109,27,10,146,649,7051
'Norm doesn't cover his tracks particularly well.',128,37,9,174,649,356
We were looking for a place with good public transport.,127,38,9,174,649,4447
Now I never lose my train of thought.,131,32,11,174,649,5112
The job is 24/7 but the commute is a breeze.,110,25,8,143,649,758
The Jones family only has a model train set...,128,33,10,171,649,1681
"I know it seems convenient, but the service is so unreliable I didn't get to the dinner table until 11:30 last night.",128,33,10,171,649,1928
"So,are we going to talk about those tracks,Martha,or just sit here and sip our tea?",124,39,8,171,649,3902
Our lawyer says it's an eminent domain compromise,126,36,9,171,649,5961
"I don't love the space, but you can't beat the commute.",124,35,9,168,649,1135
Do you like our new siding?,126,30,12,168,649,4959
"Well, I won and lost the eminent domain case.",128,28,12,168,649,5420
"We tried to get the rider removed from the deed, but it was ironclad.",125,28,12,165,649,462
You can't miss it.,121,35,9,165,649,1848
The good news is it's only ten minutes to downtown.,121,36,8,165,649,3592
This isn’t your typical railroad apartment.,123,35,7,165,649,4126
"Well, it does give me a heads-up. When I hear the whistle, I know he's coming home.",119,39,7,165,649,4261
"Dear,if you need to pee,there's a crossing in the foyer.",125,27,13,165,649,5816
Of course we’ll need to ditch the lamps for track lighting.,125,27,13,165,649,6724
Ed's commute is a snap.,123,26,13,162,649,595
Mommy track?” No! Why would you say that,137,41,9,187,649,2834
"It can be a little loud sometimes, but commuting has never been easier.",114,39,6,159,649,1014
This is the only way to keep our marriage on track.,117,33,9,159,649,1760
I'm on the fast track.,117,33,9,159,649,5129
"At night I wake up with the sheets soaking wet, and a freight train running through the middle of my head...",120,27,12,159,649,5571
"To be honest, I pictured someplace a bit more exciting when I took the midnight train going anywhere.",121,25,13,159,649,6555
So THIS is a railroad apartment!,140,32,12,184,649,3019
He started small in the basement.,116,33,7,156,649,1672
I love being so close to the station.,113,37,6,156,649,2560
Bob always wanted to live on the Main Line.,114,34,8,156,649,4573
I told Frank he should take up a hobby during the Shutdown.,119,27,10,156,649,4824
"We may be on the wrong side of the tracks, but at least we are not on the tracks.",115,33,8,156,649,5912
It's even worse for my neighbor--    There's a STOP in 3K,117,32,7,156,649,6372
I'm afraid John's hobbies have a tendency to runaway.,129,47,5,181,649,6042
"He's always been very passive aggressive, last week I implied he'd been going off the rails and now...well, you see.",115,28,10,153,649,930
Lionel is supersizing their train sets,114,30,9,153,649,3058
"Yes, it really does help with the commute.",117,26,10,153,649,6888
It’s 19th Century Modern.,114,24,12,150,649,24
Just wait until you see the size of the sushi!,114,25,11,150,649,1879
You can't beat the commute.,114,24,12,150,649,2892
"I tell you, Thomas has been a completely different guy since we moved in together.",134,27,14,175,649,2981
"Not only did we beat eminent domain, but Amtrak pays us royalties.",113,29,8,150,649,3445
We used to have a house where a river ran through it!,130,34,11,175,649,3845
The minute we saw this house we knew we were on the right track,113,29,8,150,649,3861
I see John still likes his trains,133,32,10,175,649,4670
We should talk fast. The 3:45 is due in any minute.,114,29,7,150,649,6340
It never would’ve worked out anyway. He lived on the wrong side of the tracks.,130,31,11,172,649,119
"I should have checked which train set my husband ordered for 
little Jamie!",133,28,11,172,649,2618
Dinner should be rolling in around 5,110,29,8,147,649,3991
My upper body strength has doubled since I installed a pump handcar and track system.,123,38,8,169,649,841
It has a small town feel.,121,42,6,169,649,4215
"If it gets Fred out of the house, I’m all for it.",126,32,11,169,649,5717
My cronies at work said I got railroaded.,110,23,11,144,649,2067
"My husband, the model train ""expert"", doesn't understand scale.",107,28,9,144,649,2880
What makes you think he's railroading you into marriage?,110,23,11,144,649,7232
The renovation is on track.,122,35,9,166,649,684
"On the other hand, we're never late for it.",122,38,6,166,649,4686
I guess Harvey misunderstood me when I said he needs to cancel the gym membership and do his training at home.,128,28,10,166,649,5589
"On the plus side, my commute to work is a lot shorter now.",126,29,11,166,649,6622
"On the plus side, his commute time has gone way down.",125,32,9,166,649,6999
Staying”on track” is very important in my family.,107,26,8,141,649,645
I have to pay my cleaning person extra.,105,27,9,141,649,5726
He'll be here on the 8.06.,141,34,13,188,649,5797
The only difference is the size of their toys.,106,25,10,141,649,6903
I saw it on Pinterest...,124,26,13,163,649,1680
"As a heavy sleeper, the 7:15 is my favorite alarm.",119,38,6,163,649,3676
Frank's hobbies always end up this way.,124,26,13,163,649,4224
We were looking for an easy commute.,121,32,10,163,649,4352
Close to public trans “ was important to us,140,32,13,185,649,1563
It's only disruptive when the train comes through.,102,28,8,138,649,440
"Well, It's no falling water.",105,23,10,138,649,4531
All we could afford was a railroad apartment.,109,17,12,138,649,5535
We really got railroaded into buying this place.,103,28,7,138,649,7443
I'm just feeling underappreciated all the live long day.,119,32,9,160,649,647
"When they said ""railroad apartment"" I guess I had something less literal in mind.",119,31,10,160,649,1772
It's faster than Amazon but a little noisy.,118,35,7,160,649,3347
Our contractor says our remodel is right on track.,115,39,6,160,649,4241
Fortunately they are all express trains,117,38,5,160,649,4914
"Unfortunately, the sweetener is on the wrong side of the tracks.",118,34,8,160,649,6890
I’ve asked you here to share an exciting opportunity to work from home and be your own boss.,120,29,11,160,649,7072
My husband keeps telling me that I railroaded him into this marriage,120,29,11,160,649,7165
Thomas never outgrew his obsession with trains.,119,32,9,160,649,7208
Eminent domain. Trump's wall goes through the bedroom.,134,38,10,182,649,6209
He said: “it’s my way or the highway.”,134,38,10,182,649,7404
He's just acting out because his father never bought him a train set when he was a kid.,117,30,10,157,649,2516
just the first floor........,120,25,12,157,649,2740
"Oh, so that’s why you buy title insurance.",119,26,12,157,649,2860
I feel like I was railroaded into buying this house.,116,33,8,157,649,4200
"So, unable to increase Acela's speed, and unwilling to lower its price, Amtrak opted to improve convenience.",120,26,11,157,649,5095
I got a small fortune for the rights.,120,26,11,157,649,5692
So happy you finally have your life on track!,116,32,9,157,649,6099
You know Kevin--he pulled out all the stops.,116,33,8,157,649,6174
He never got a train set when he was a kid. I'm giving him one for his 40th birthday.,135,32,12,179,649,3452
We mostly wanted to be near the train.,116,28,10,154,649,836
We had begun to feel that our marriage was a little off-track.,129,40,7,176,649,848
...But that is outweighed by the convenience of commuting to the city.,112,35,7,154,649,1665
... I lost my train of thought ...,116,28,10,154,649,3455
The price was right and we have the right of way.,111,39,4,154,649,5434
We rented out some space during the shutdown.,114,31,9,154,649,6439
Who's tracking you?,135,27,14,176,649,6776
I see you are from the right side of the tracks.,119,30,5,154,649,7490
I was railroaded into this relationship.,147,34,14,195,649,139
I did tell him we wanted to live on the Main Line...,128,35,10,173,649,1970
"It's a bit noisy,  but the dining car offers room service.",125,42,6,173,649,2072
It's not as bad as our last place with the crossing gates.,130,32,11,173,649,2159
He started with HO gauge.,114,26,11,151,649,2789
"I""m one moment away from a trainwreck",115,25,11,151,649,3745
"The locals are convenient, but the expresses are a problem.",111,32,8,151,649,4365
"Sure, the rent is expensive, but the subway access is undeniably convenient.",114,26,11,151,649,6679
It’s certainly a more literal interpretation of a ‘railroad apartment.’,115,27,9,151,649,7206
My husband lost the agument with the right-of-way people.,97,23,9,129,649,5436
He's scheduled to pull in at 6:43.,126,37,7,170,649,514
It wasn't what I expected when he said he had a one track mind,125,37,8,170,649,3323
"Some aspects of MTA employee housing are a mixed bag, for sure.",127,32,11,170,649,4291
Please don't tell me your favorite novel is Anna Karenina!,125,36,9,170,649,5344
Only during rush hours do you really notice it.,127,34,9,170,649,6778
We paid a little extra to live on the right side of the track,111,27,10,148,649,6578
There are trade offs but he has more time with the kids,121,40,6,167,649,1614
"Yes, it's funny what you can get used to.",121,40,6,167,649,3525
"At first it's loud, but you'll get used to it.",126,31,10,167,649,3951
"Like so many things, after a while, you just get used to it.",123,36,8,167,649,4556
He said he was always working on the railroad.  He said he didn't hear any banjo.  He said it was over between him and Dinah.,126,29,12,167,649,6472
We just love the shorter commute.,126,32,9,167,649,7032
Ben's always making tracks when I want to talk about our marital issues.,125,36,6,167,649,7332
I wish he had a one track mind....you should see the basement,107,30,8,145,649,625
It made more sense than building a wall.,111,24,10,145,649,803
"A little.  But the closet space is amazing, and they deliver the mail seven days a week!”",124,29,11,164,649,1318
He's furious the engine won't fit through the doorway,122,32,10,164,649,1408
My husband went big on Johnny's Christmas present.,123,30,11,164,649,3692
"With the security lines these days, flying to the kitchen just isn't convenient anymore.",124,28,12,164,649,3833
He's been off the rails for some time now. I don't think I'll ever get him back on track.,124,30,10,164,649,4239
I am just one track away from being a train wreck.,125,27,12,164,649,4921
It sure makes the commute easier.,107,28,7,142,649,868
This is the first class waiting room.,107,28,7,142,649,6865
Can you repeat that?  I just lost my train of thought.,108,23,11,142,649,6933
"Yes, I do, in fact live on the other side of the tracks !",120,31,10,161,649,1975
I'm starting to think your husband has a one track mind.,126,23,12,161,649,2548
The State and I came up with this compromise regarding Eminent Domain. I've met a lot of nice people.,122,29,10,161,649,2640
Ralph’s always loved ‘’The Little Engine That Could’,130,18,13,161,649,3309
"The realtor was right, it made my commute so much easier.",122,29,10,161,649,5182
I need to catch the next train to the bathroom.,116,41,4,161,649,6302
George’s old circus buddies visit a lot more now.,122,29,10,161,649,6669
"The apartment is fine, but the commute is amazing.",125,21,15,161,649,6779
"You have to look on the upside, I’m never late to works...",92,22,6,120,649,64
"Sorry, I keep losing my train of thought.'",117,33,8,158,649,754
They made us an offer we couldn’t refuse.,119,28,11,158,649,1984
"Model"" railroading was never good enough for Ralph",118,32,8,158,649,5215
Lunch should be here at 12:18,119,28,11,158,649,6181
"When I told my ex to make tracks, I forgot that he worked for the railroad.",123,24,11,158,649,6668
Of course we welcome people from the other side of the tracks!,131,38,8,177,649,4817
The hobos can be a nuisance.,101,27,8,136,649,4120
Tying me up and throwing me on the tracks was the last straw.,103,23,10,136,649,6410
It's all about my inner hobo.,114,35,6,155,649,2644
What was I saying? I keep losing my train of thought.,117,28,10,155,649,4436
His large gauge model railroad obsession has grown annoying...,117,29,9,155,649,5719
"On the plus side, sometimes they throw candy at me.",117,30,8,155,649,6590
"Sure, it’s a little far from the city, but it’s an easy commute.",116,31,8,155,649,6727
Your father's parents would never let him have a train set as a kid.,133,32,9,174,649,272
Paul insisted on a place with an easy commute.,128,37,9,174,649,2450
The divorce papers are in the mail.,146,33,14,193,649,1212
Thank god only the express runs through,115,31,6,152,649,30
It' can get loud but at least we live on the right side of the tracks.,112,34,6,152,649,608
"Fred was inspired by ""3:10 to Yuma.""",111,34,7,152,649,824
It started as a hobby and then he went bananas.,116,26,10,152,649,1396
And talk about convenient!  My commute has been cut to 18 minutes!  Shorter if I use the bathroom station...,127,36,8,171,649,3165
"When they described it as a railroad flat, I had no idea.",114,29,9,152,649,3937
"No, I mean, when Bob gets home, it's LITERALLY going to be a train wreck.",116,26,10,152,649,4230
It was either this or a wall.,114,28,10,152,649,5038
It’s too bad that we’re on the wrong side,116,24,12,152,649,5968
I don't know why people say rent is so expensive in Manhattan...,115,27,10,152,649,6157
My husband stops here every two weeks.,124,35,9,168,649,79
It used to be a railroad flat .,128,30,10,168,649,5380
He hasn't missed the train once since we had it installed.,133,19,16,168,649,5790
Yes. It is noisy. But it really shortens the commute.,127,29,12,168,649,6130
He likes trains. I like the free massages and steam facials.,128,27,13,168,649,7010
"No, the ticket office is next door in the old dining room.",110,32,7,149,649,4964
It is very important to Harold that we live in this side of the tracks.,111,29,9,149,649,5854
I'm having an affair with the conductor of the 5:29 to Mamaroneck.,136,38,10,184,649,472
"So convenient!
You don't need a car
AND it reduces Carbon",141,33,10,184,649,5688
The place could use a bigger kitchen and more closets—but it’s really close to public transportation.,140,30,14,184,649,5856
Jim is mining bitcoin in the back room,124,31,10,165,649,6474
Darren up and left on the 5:23,111,25,10,146,649,1899
"With the baby on the way, we had to kid-proof the house and get rid of the third rail.",113,22,11,146,649,4259
George tells me I'll have a big surprise this afternoon at 5:05.,109,28,9,146,649,4405
"It's a win win.
Ed has a hobby and it cuts down on commute time.",130,46,5,181,649,4106
Some days I feel like I'm being railroaded but I just can't seem to put my finger on it.,123,34,5,162,649,876
It's okay.  We live on the right side of the tracks.,124,25,13,162,649,1820
And I still come late to work,118,38,6,162,649,3027
If we run we can catch the L train in the kitchen.,121,31,10,162,649,4543
I don't have any closet space but my commute is fantastic.,121,34,7,162,649,5092
"I mean I'm all for him having hobbies, but this is just too much.",123,28,11,162,649,5169
"I'm intrigued, Nell. Tell me more about Snidely's hobby.",121,34,7,162,649,5219
Wait. What is eminent domain?,122,29,11,162,649,6129
"You know him, he’ll sleep through it.",124,30,8,162,649,6529
Yes I know he's a train wreck but he's my train wreck!,109,23,11,143,649,2093
It was a tough choice between hardwood and high-speed.,107,28,8,143,649,5959
I really prefer the other side of the tracks.,138,28,12,178,649,1520
Larry’s model train obsession is really getting out of hand...,134,32,12,178,649,2773
Ralph says it saves him 30 minutes on the commute.,119,31,9,159,649,3826
Donald has big ideas when it comes to his hobbies.,119,31,9,159,649,4240
"My ex husband bought the most age inappropriate, annoying toy he could find for our four year old son.",120,28,11,159,649,5803
"We’ll, it eliminates park and ride",119,33,7,159,649,5969
We finally figured out why the agent would only bring us here for minutes at a time.,119,31,9,159,649,7094
You have no idea how hard it is to decorate a railroad flat.,130,36,9,175,649,1448
"On the bright side, he never misses the 8 o'clock to Manhattan.",133,32,10,175,649,1974
Jack saves 10 minutes on his commute time!,116,32,8,156,649,251
This has gone far enough! I didn’t even know they made 1:1 scale models!,122,21,13,156,649,1221
He told the realtor that we wanted to be as close as possible to light rail.,116,32,8,156,649,1621
"When Bob told me our new house was on track, I thought he was talking about when it would be completed.",117,31,8,156,649,6058
"So, what kind of an engineer IS your husband?",122,23,11,156,649,6404
It was a great selling point until they cancelled the L train shutdown,131,31,10,172,649,200
"Dave's a cattleman, so he's really pissed.",130,34,8,172,649,1929
I've lost track of why,133,24,15,172,649,1963
"I grew up on the wrong side, but I finally made it here.",128,35,9,172,649,5320
Can you believe that people used to have walk to get around IKEA!,134,25,13,172,649,6423
"Down the right-of-way, past the turntable, first door on your left.",116,26,11,153,649,277
It never occurred to me that the completion of the 2nd Avenue subway would make living on the upper east side so convenient.,114,30,9,153,649,888
Ya good luck sweeping this one under the carpet,113,35,5,153,649,4190
They say the trains should stop after the wall is built,112,34,7,153,649,7076
train must be arriving anytime now to take us to the dining room,115,33,5,153,649,7405
We really didn't expect they'd ever restore the High Line.,128,30,11,169,649,4634
And I'm on a waiting list for a local stop.,104,19,11,134,649,822
I need to pay closer attention to my shipping options.,100,26,8,134,649,1382
We're thinking of getting a boat next.,110,34,6,150,649,4864
Is Dinah in the kitchen? Do you hear banjo strumming?,113,30,7,150,649,5227
"He's afraid to fly, thank heavens.",117,21,12,150,649,6908
This place was cheaper than the one beside the tracks.,120,40,6,166,649,545
This railroad is ready to go under any kind of border wall.,129,23,14,166,649,919
Bob should be home on the five twenty-three.,122,36,8,166,649,2137
The house is smaller but the commute is much much quicker.,124,35,7,166,649,2985
'I told you not to make fun of a politician who could route a railroad through your living room',125,30,11,166,649,3103
Seemed better than the L shutting down for 3 years.,127,33,6,166,649,3796
I think this tracking software is really getting out of hand.,142,28,12,182,649,1587
Now he's always on time.,109,31,7,147,649,2470
I was hoping for a monorail.,114,24,9,147,649,3784
Jim gets home from work promptly at 6:15 every day - I can set my watch by it.,123,32,8,163,649,271
The 5:15 does interfere with dinner time...,124,31,8,163,649,3307
"Read the fine print about home delivery, they said.",123,29,11,163,649,7312
"I finally got tired of hearing his ""it's my way or the highway.""",130,42,7,179,649,1517
Vic hasn't bought Viagra since we began experimenting with last-minute rescues.,136,30,13,179,649,3890
It's so nice to meet someone from the right side,122,27,11,160,649,147
"Stan started with HO gauge, then O and G....now you see where it's going.",126,23,11,160,649,373
We upgraded the tea trolley.,120,33,7,160,649,562
"It’s annoying, but if the L train shuts down, I can still get to work.",122,31,7,160,649,2436
Nowadays it's better to live on both sides of the tracks.,130,37,9,176,649,2910
"The rent is so low, you get used to the shaking.",126,23,11,160,649,3072
"Regrettably, the conditions of release specified a tracking device.",110,26,8,144,649,4599
"I must admit Linda, it’s not initially what i had in mind when you said you were moving into a railroad apartment.",117,37,6,160,649,4644
It’s a decorative suggestion from ‘Eminent Domain for Dummies.’,119,32,9,160,649,4870
This is what it's like on the other side of the tracks.,119,32,9,160,649,5358
"Pam won’t be joining us, she woke up on the wrong side of the tracks.",133,32,11,176,649,5605
"Long freight trains and getting to the bath room on
the other side of the tracks is the only problem",110,27,7,144,649,6183
Our insurance provider insists my insomnia is a preexisting condition.,121,30,9,160,649,6509
"We hardly ever go over there. It's full of...well, I'm sure I don't know, dear.",131,31,11,173,649,1048
My train of thought will be coming through here very soon,135,27,11,173,649,6245
The kids rooms are on the other side of the tracks,122,25,10,157,649,205
"You've heard of Trump's infrastructure plan, right?",119,29,9,157,649,427
"On the plus side, Hank's commute is much quicker.",117,33,7,157,649,587
You get used to the noise.,117,32,8,157,649,843
It all started with a small train set.,121,23,13,157,649,1162
George has a one track mind.,121,26,10,157,649,1204
Growing up I always dreamed of moving to New York and finding a railroad apartment.,117,31,9,157,649,1491
Don't you think John's hobby is getting a little out of control?,118,30,9,157,649,1731
"We can't walk between here and the kitchen without checking the schedule, but it cut Bob's commuting time in half.",118,30,9,157,649,1824
You don't need no baggage--you just get on board.,120,25,12,157,649,3974
It must be nice to live so close to the subway.,117,31,9,157,649,7306
We're pretty sure we're on the right track.,109,21,11,141,649,993
My husband has outgrown model railroads.,108,22,11,141,649,4781
Bob’s commute is a breeze.  And I usually manage to grab a cup of coffee from the café car of the 7:45am train.,107,29,5,141,649,5739
He always blows the whistle before he comes through,104,30,7,141,649,6114
We hardly notice the noise anymore.,105,29,7,141,649,7304
"It's the whistle that bothers me""",139,38,9,186,649,5455
I always get a seat on the way to the bedroom.,132,25,13,170,649,550
Bill’s commute is so much shorter now.,126,37,7,170,649,1269
You'll have to excuse me.  I have a schedule to keep.,123,41,6,170,649,1465
"Well, there is that!",130,28,12,170,649,2856
"In the end, the right of way penciled out better than airbnbing the place.",130,30,10,170,649,2978
"When I advised you to lay tracks, I meant it metaphorically.",129,30,11,170,649,3284
Don’t let me derail the conversation.,128,31,11,170,649,5848
This is...lost my train of thought,117,26,11,154,649,885
I told him I liked the distant sound ... not the distinct sound.,119,24,11,154,649,2188
No matter how close we move to the station Harry misses the 7:50 almost every morning.,117,26,11,154,649,6323
And in just a minute he'll shout all aboard from the kitchen,117,26,11,154,649,7007
The realtor said the house would come with free tickets. Too bad this train only goes to Newark.,108,20,10,138,649,6431
Bob never misses his train anymore.,105,27,6,138,649,7124
I'm just happy the days of coal-burning steam locomotives has passed.,137,36,10,183,649,2652
"The apartment has no balcony, but it is well connected.",142,29,12,183,649,4074
"Herb always said, ‘I’m going to cure this sleepwalking if it kills me.’",130,28,9,167,649,1032
"The land was cheap, but we do have to watch out for the 9:09",126,31,10,167,649,4099
When you said you lived in a railway flat you weren’t kidding.,130,25,12,167,649,5296
"This flat cost more, but I can't beat the convenience.",126,32,9,167,649,5475
"You sound just like my whiney ex. I'll tell you the same thing I told him: HO scale is for pussies, Brenda.",129,24,14,167,649,6140
Gotta go. My ride is here.,110,36,5,151,649,74
"I still love him, but it just feels like we've gone off the rails.",115,28,8,151,649,3561
My husband works from home; he's a dastardly villain.,114,27,10,151,649,5697
"I know, but it shaves MINUTES off of my commute!",114,27,10,151,649,7262
I just have the feeling that the realtor really railroaded me on this one.,137,33,10,180,649,255
"Apologies, Thomas is always running late.",98,32,5,135,649,5000
He told Santa he wanted new ties for Christmas and I told Santa we needed new rails in the house. Who knew?,136,32,12,180,649,6097
This way I'll never miss the L train,124,32,8,164,649,2730
"Then one day at 7 the whistle didn't blow, and we were all like ""What was that?""",124,30,10,164,649,3576
I like being married to a guy on the fast track.,122,34,8,164,649,4175
"Yes , It was foolish not to have the property surveyed before our purchase",123,31,10,164,649,4941
I’m on the fast track at work now.,124,29,11,164,649,6004
It beats walking to the subway,125,29,10,164,649,7226
I gather your husband has a one track mind.,122,33,9,164,649,7348
Lionel’s hobby has gotten a tad out of hand.,111,28,9,148,649,358
I just got tired of explaining why it's called a railroad apartment.,113,24,11,148,649,1117
Santa really outdid himself this year.,108,34,6,148,649,2134
It all started when he got a set of Lionel trains for Christmas.,114,23,11,148,649,5017
It shortens his commute by 15 minutes.,113,28,7,148,649,5022
"Yeah, but Edgar cut his commute time in half.",112,26,10,148,649,7376
"I said I wanted to be on the inside track, but my decorator misunderstood.",136,29,12,177,649,6586
"Wow, and it's so close to public transportation.  What about the schools?",121,31,9,161,649,2164
"I know it's a little cozy, but tracked housing is just so convenient.",122,29,10,161,649,4763
"On the plus side, we're close to the train.",120,33,8,161,649,6196
Allen? He lives on the other side of the tracks,122,28,11,161,649,6490
"Sure it's loud, but its so close to the station.",137,23,14,174,649,12
We know that creating good feng shui is going to be challenging!,130,34,10,174,649,240
After a while it just becomes white noise.,110,26,9,145,649,4916
"Ed's been working on it — you know, just to pass the time away.",109,27,9,145,649,5291
"It has its quirks, but you can’t beat the commute.",129,37,8,174,649,6540
Now you can see why we do not conduct business at home.,128,38,8,174,649,7038
Rent is so much higher on the other side.,116,35,7,158,649,135
Is the dining room uptown or downtown?,118,31,9,158,649,805
The only problem is the 8:15 from the kitchen is often late.,118,32,8,158,649,2496
"Of course you can't call them hobos, but that's what they are.",118,32,8,158,649,2829
"Helen, you were on the right track, but got off at the wrong station.",120,28,10,158,649,4151
I just love the kitchen spur.,122,25,11,158,649,4293
And its even cheaper than Uber Pool.,116,38,4,158,649,5053
"Don't worry, it's an Express -- it only stops at the kitchen and bedroom.""",122,28,8,158,649,6498
It's my husband's idea - he has a one track mind.,120,29,9,158,649,6499
"Couldn't help myself, it was 50% off.",131,32,8,171,649,609
The commute's amazing.,128,36,7,171,649,1422
My husband believes that this idea will be even better than Uber,126,38,7,171,649,5461
"As you can see, I’ve lost my train of thought.",130,31,10,171,649,5586
Tom loves his commute.,108,25,9,142,649,4565
He thinks he's really on the fast track now.,108,24,10,142,649,7055
I asked my husband to buy more ties one too many times.,141,31,12,184,649,6592
The realtor said it was a classic railroad apartment.,118,27,10,155,649,332
"Believe it or not, the train still takes more than fifteen minutes to get here.",115,32,8,155,649,1128
My New Years resolution was to stay on track.,121,23,11,155,649,3121
"When George first told me he lived in a railroad flat, I never thought he meant it literally.",118,28,9,155,649,4872
"The time I save rushing to the station every morning has more than made up
for the installation costs.",118,27,10,155,649,5329
I suggest we leave by 10:22!,116,32,7,155,649,6527
Our Christmas decorations got a little out of hand.,115,33,7,155,649,7303
"When I first met him, he didn't have a hobby.",137,32,12,181,649,3783
I’m so glad I missed my stop today and finally had the opportunity to meet you.,137,32,12,181,649,5068
Eminent domain. But it pays the mortgage.,106,27,6,139,649,401
Door to door?  Two and a half seconds.,116,27,9,152,649,1583
"He misunderstood... I said: "" To get in shape, you need to train!""",114,29,9,152,649,2055
They say the underground railroad ran through here.,119,20,13,152,649,2118
"Yea, you know that movie, ""A River Runs through It""?",113,32,7,152,649,2211
Sometimes model railroading can border on obsession.,111,36,5,152,649,2685
Bill's having a hard time adjusting to working out of the house.,119,29,4,152,649,2836
"It can be noisy, but you can't beat the convenience",113,32,7,152,649,3171
I don't even hear the train anymore.,116,27,9,152,649,3552
I just asked him to repair the fence.,118,22,12,152,649,3631
My designer says reclaimed wood is very chic.,115,29,8,152,649,3878
"Sorry, dear...it just wouldn't be right to get another dog.",117,28,7,152,649,5477
"So, what brings you here today?",112,33,7,152,649,7307
Wait till you hear the whistle,125,31,9,165,649,3599
We told the realtor we wanted a place on the rail line into town.,119,41,5,165,649,6442
A hint of disarray and he shouts 'Grand Central Station'. So I thought 'why the heck not.',127,29,9,165,649,7372
Weird. I've got coins in my coffee too.,134,33,11,178,649,438
It's 5:00.  Would you please use a coaster?,132,38,8,178,649,1435
Warren Buffett called on behalf of BNSF and made a 99-year lease offer we just couldn’t refuse.,95,20,8,123,649,130
"I hate to admit it, but Bob was right.  A railroad apartment makes so much more sense with tracks!",100,30,6,136,649,582
The railways were kind enough to let my husband work from home.,103,25,8,136,649,6446
"What was I just talking about? Sorry, I lost my train of thought.",112,30,7,149,649,593
"Yes, I've gone off the rails a time or two...",111,31,7,149,649,1964
"Isn't this great? With Google Train, I can go anywhere in my house without ever needing to walk!",116,21,12,149,649,2272
Phil's hobby sure has grown since I last visited.,112,29,8,149,649,6602
"My husband decided to build a model railroad, but it got out of hand.",121,32,9,162,649,539
We got railroaded into renting this apartment!,122,31,9,162,649,2132
"Stan's model train hobby started on a small scale at the train club, then he decided to go big or go home.""  ""Unfortunately he did both.",126,23,13,162,649,4310
I love waving at the engineers.,122,31,9,162,649,4590
"Wow, Lisa, your new apartment is so peaceful and quiet. How did you get it so cheap?""... ""You'll see at a quarter after, Margo.",124,27,11,162,649,6337
Roger can get a bit obsessive.,122,32,8,162,649,7181
I'm waiting for the 6:22 to the kitchen.,124,28,10,162,649,7280
"I always knew you were going places!""",124,26,12,162,649,7310
"He was scheduled to arrive at 6:23, but a problem with the front gate latch is causing a delay",141,37,10,188,649,6226
It's only one stop to the dining table and two to Brooklyn Bridge.,99,29,5,133,649,4902
We told the realtor we wanted a house that was close to transportation.,109,29,8,146,649,4655
"So the realtor said, ""Only three things matter; locomotive, locomotive, locomotive!""",113,21,12,146,649,6117
We wanted something incredibly loud and close to transportation.,109,31,6,146,649,6545
I hear your son is an engineer?,117,35,7,159,649,56
I find that the tracks spark joy.,121,27,11,159,649,2299
"Ms. Jones, didn’t you realize his name was Casey when you married him ?",119,33,7,159,649,3247
There was a misunderstanding when they said it was railroad layout.,117,35,7,159,649,3643
"Oh it is no problem, it is only a whistle stop.",122,25,12,159,649,4878
At first we were skeptical but it's definitely made the commute simpler.,122,25,12,159,649,5056
We sold the caboose due to a feng shui issue.,118,35,6,159,649,6547
I told the broker I was OK with a railroad apartment.,118,33,8,159,649,6775
It's temporary until they fix the 'L' train.,128,37,7,172,649,637
It makes for a real easy commute!,130,34,8,172,649,3172
Luckily they're all quiet cars.,118,28,10,156,649,143
I see the 3:10 to the pantry is slightly off schedule.,106,32,5,143,649,254
Silly me! I assumed he meant model trains.,120,27,9,156,649,1210
"So Harold always said that getting better local service from the MTA is just a matter of knowing who to complain to.""",130,29,10,169,649,2590
"It was either this or a dog, and a dog doesn't help you commute.",108,27,8,143,649,3009
It took a while to train the dog. Poor thing.,128,30,11,169,649,5337
"Yes I know it’s a railroad apartment, but how can I give it up? It’s rent stabilized!",115,34,7,156,649,5675
You'd be surprised after awhile you don't even hear it,118,30,8,156,649,5932
He seems to have outgrown model railroading,124,38,7,169,649,6525
"It took a while, but I finally got him trained.",137,29,13,179,649,6300
You would not believe the deal we got on this place!,126,31,9,166,649,2646
"You can take the 6:05 and be home in plenty of time for ""Jeopardy.'",125,34,7,166,649,2957
My other therapist thinks I’m on the wrong track.,125,32,9,166,649,3421
"What, you've never heard of a railroad apartment?",126,29,11,166,649,6897
"Now ,I can say that I live on both sides of the tracks.",121,40,5,166,649,6993
Doug hates to drive anywhere.,113,35,5,153,649,1299
"At this point, it's the only way to get to Brooklyn.",117,27,9,153,649,2256
"Well, Nancy...I'd say we can make small talk for about 10 more minutes before the 6:03 rolls in.",110,39,4,153,649,4272
"When he said he was ""an engineer"" I thought he meant he worked in design....",118,25,10,153,649,5079
"When it comes to interior decorating, I guess you could say I have a one track mind.",109,22,9,140,649,606
I know the layout is awkward. But I didn't think it would be this hard to find a roommate.,107,23,10,140,649,7400
But the commute is amazing.,132,34,10,176,649,311
Yes. He does have a one-track mind.,132,35,9,176,649,5579
"I’ve got the same problem, the coffee runs right through me.",125,29,9,163,649,450
I couldn’t resist a classic railroad apartment in this neighborhood with no broker’s fee!,121,34,8,163,649,1146
"Yes, a little noisy but it feels good to be right on track.",123,33,7,163,649,3966
"Yes, it is true what they say about men and the size of their toy train set!",126,28,9,163,649,4323
It's a rather modest house but it's really convenient to public transportation.,120,38,5,163,649,4887
"My mother was right, marrying him put me on the fast track to nowhere.",128,22,13,163,649,5585
"The model train set you got for Tim was thoughtful, but a little much.",123,30,10,163,649,7389
"When you had to choose, how did you make the decision between in-bound or out-bound?",109,37,4,150,649,687
And now I can't get that Thomas the Tank Engine song out of my head.,114,27,9,150,649,1380
"It seemed so benign,those HO trains of his...",115,28,7,150,649,1570
"I must admit, I do enjoy living on the other side of the tracks.",114,26,10,150,649,2257
The realtor assured me the dining room is on the right side of the tracks.,117,22,11,150,649,3932
You can't say we didn't try to get our son to move out.,114,27,9,150,649,4516
"Honestly, it’s not that bad...except when everyone is home and I’m trying to get dinner on the table.",110,35,5,150,649,6142
"It’s not easy being married to Thomas the Tank Engine, but I love the big lug.",115,26,9,150,649,6169
Yes. The tracks were here first.,113,28,9,150,649,6356
"With all the delays, it’s generally pretty quiet here.",100,34,3,137,649,175
Living together just feels like a train wreck waiting to happen.,103,26,8,137,649,262
It's whatever sparks joy.,109,16,12,137,649,2659
"Since Trump, my husband switched to a train set that runs on coal.",106,20,11,137,649,5381
For some reason I keep losing my train of thought.,126,41,6,173,649,3185
Better than Amazon Prime,135,27,11,173,649,3806
"I swear, I thought the agent said ""tract"" house. On the bright side, Roger is never late for work.",128,37,8,173,649,5140
Shall I call an Uber train for you?,123,30,7,160,649,2497
"We told our realtor the house had to be on a train line into town, and boy did he deliver.",121,30,9,160,649,2738
My husband was determined to live on the right side of the tracks.,123,27,10,160,649,3157
It's the same thing every night.  He'll chug in and want his dinner.,123,26,11,160,649,3200
"We just sold a right of way, not the whole apartment, and Ned's always on time now.",120,36,4,160,649,5136
Tom’s dad always told him to think big.,118,37,5,160,649,5793
"The house isn't much, but it's an easy commute.",110,29,8,147,649,5557
They said this place was above our station,111,29,7,147,649,5862
"Yeah, it’s loud but it’s close to downtown and we figure we’ll get used to it.",139,32,12,183,649,5526
Hold that thought for three minutes and forty-five seconds.,101,25,8,134,649,23
"And it will run on beautiful clean coal, from this side of the Wall.",101,25,8,134,649,1260
Dan will be home at 6:52.,105,18,11,134,649,5855
Sometimes I wonder why I can’t get a guy to stick around.,129,34,7,170,649,663
He outgrew the models in the basement.,126,39,5,170,649,1727
I know but at least now we're not on the WRONG side of the tracks,128,33,9,170,649,1877
Really? I just thought he was snoring.,128,32,10,170,649,2048
"At first the sofa was over there, but it was the wrong side of the tracks.",130,29,11,170,649,2227
"When they said, convenient to the subway, they weren't kidding.",127,34,9,170,649,2297
I'm in a constant give-and-take with Amazon between convenience and invasion of privacy.,133,25,12,170,649,2608
I lost my boyfriend in a tragic sleep-walking accident.,134,20,16,170,649,3853
I married him because he said that he was on the fast track.,133,24,13,170,649,5620
"Rent price is good, but there is one draw-back.",128,33,9,170,649,6395
We’re just barely on the right side of the tracks.,93,23,5,121,649,6580
"It's a little loud, but the commute time is amazing.",122,26,9,157,649,2650
It's cheaper than Uber,119,29,9,157,649,3967
He wanted a step up from O and HO and settled on OH NO scale.,123,22,12,157,649,4997
"No, they're definitely the tracks of MY tears.",121,25,11,157,649,5514
"Oh, he should be home any minute now...",116,34,7,157,649,6292
Joe travels a lot,118,31,8,157,649,7201
"Theoretically,we should be able to sleep in later.",108,28,8,144,649,1800
You're right--I'm fit to be tied!,139,30,11,180,649,5812
That real estate agent wasn't kidding when he said this apartment was only two steps from the train,106,33,5,144,649,6948
Bob has this damsel-in-distress fantasy.,125,35,7,167,649,424
Bob basically re-engineered the whole house.,130,27,10,167,649,634
It all started with a train set he got for his 8th Birthday .,124,36,7,167,649,2305
He said I could never derail his childish passions.,125,34,8,167,649,4378
I thought he was leaving me when he said he was going to make tracks.,115,31,8,154,649,1525
Our commute is so much easier.,117,28,9,154,649,2645
"Honey"" if you are willing to compromise a marriage can last forever",113,35,6,154,649,3069
My son is captain of  the track team!,119,23,12,154,649,3085
And they said you couldn't challenge eminent domain.,121,22,11,154,649,3180
"Oh that, that's just Bob's short line from the table to his recliner!",118,25,11,154,649,3759
"I'll give you the grand tour,but be warned. The guest room and the laundry are on the wrong side of the tracks!",117,27,10,154,649,5284
"Ah, there goes my train of thought again",118,27,9,154,649,5727
He has always had a one track mind but lately he never leaves the station.,133,36,8,177,649,6467
"You laugh, but the elephant is finally out of the room.",109,22,10,141,649,5828
"True, but you won't believe the rent!",121,36,7,164,649,110
I try not be here when the 9:10 freight goes through.,120,38,6,164,649,7353
Did I mention that our eminent domain lawsuit is still pending?,142,35,10,187,649,6286
Loud? Sometimes. But you can’t beat the rent.,113,30,8,151,649,709
Model trains just weren't enough for him anymore,116,27,8,151,649,801
Look ! We’re never late to work.,113,32,6,151,649,1811
Railroad Flat!  I had no idea.,119,18,14,151,649,4334
Our advisor told us to invest in railroads.,110,38,3,151,649,5787
"For $300 a month, I can put up with it.",112,33,6,151,649,5860
I'll never complain about about Frank tracking through the kitchen again.,132,31,11,174,649,864
I'm looking for someone that makes it run on time.,129,38,7,174,649,934
"Since we became a user tester for Amazon, we've been ahead of the curve for rapid delivery.",132,31,11,174,649,1566
It makes for a quick commute.,132,31,11,174,649,2698
You're looking at the Democratic response to the Wall.,105,24,9,138,649,573
"I told him, ""my way or the railway! """,136,40,8,184,649,948
Free shipping with Amazon Primitive.,124,28,9,161,649,1086
We were lucky to get an authentic railroad flat.,123,27,11,161,649,2401
Hold that thought: The 3:10 to Yuma will be passing through any moment.,103,28,7,138,649,2431
Being tied to a bed is so Gen X.,122,29,10,161,649,2672
It's much safer on this side of the tracks - great for real estate prices too,122,31,8,161,649,3235
Tom insisted on getting the new engineered flooring.,123,27,11,161,649,3847
Joe wanted to be a hobo.  I compromised.,121,31,9,161,649,4089
"If you see something, say something.",122,29,10,161,649,5190
I really need to catch the 4:50 to the kitchen.,122,32,7,161,649,5413
I’m afraid that Harold has become obsessed with his tenure track.,121,35,5,161,649,6375
I blame myself. I told him train rooms were for children.,106,24,8,138,649,7260
"Yes, it’s a little cramped but the commute is fantastic.",129,32,10,171,649,711
He likes to track things,131,29,11,171,649,2706
"Well, at first it was really just a thought.",127,36,8,171,649,2803
"I know, but just think of how valuable the apartment will be when they decommission it and make a park.",131,28,12,171,649,3175
Karl thinks we got railroaded when we accepted the government's offer of an easement when we expressed our concerns over eminent domain...,133,30,8,171,649,3425
"Ever since they finished the Orange Line extension, my commute time's been cut in half. But, so was the cat.",128,34,9,171,649,5891
The biggest drawback? The kids have to walk through our bedroom to get to the bathroom.,132,29,10,171,649,5915
"Kept loosing my train of thought, I had to do something.",133,31,7,171,649,6681
"You know what they say, 'Locomotion, locomotion, locomotion.'",114,23,11,148,649,1142
So I told our agent... I don't care what they say about eminent domain.  Find me a way to keep my 212 area code.,114,23,11,148,649,1235
I better head to the kitchen if I want to make my train.,114,24,10,148,649,7403
The Wall has created a whole new set of Eminent Domain laws.,135,38,8,181,649,290
"It might be loud, but it cuts our commute in half.",134,40,7,181,649,5606
I'm starting to think Harriet Tubman never lived here...,137,33,11,181,649,7418
George never listens to me. I asked him to clean the dog's feet and not let him track all over the carpet.,120,29,9,158,649,847
"When I told Jim we needed to get our relationship back on track, he took it literally.",119,30,9,158,649,1201
"He said ""if you want track lighting you have to have a track first.""",128,32,8,168,649,372
"Ruth, I think you're on the right track.",127,33,8,168,649,480
I'm starting to think we went overboard with the trainset we gave Timmy for Christmas.,128,31,9,168,649,1326
"The noise doesn’t bother me, especially after three drinks.",125,35,8,168,649,7270
It's art.,111,25,9,145,649,932
My husband is from the other side of the tracks,109,29,7,145,649,3446
"Oh that, I sold a right of way through my house to help pay the mortgage.",112,24,9,145,649,3528
It all started with Harold's little choo choo village in the basement.,112,22,11,145,649,6138
It's for Donald. He keeps losing his train of thought,136,31,11,178,649,3608
We're currently involved in an eminent domain dispute.,135,35,8,178,649,6927
It was a great price and is a really convenient commute.,91,26,5,122,649,2117
Well I lost  my driving license,118,29,8,155,649,2261
I'm worried he's bringing his work home more and more,116,31,8,155,649,6603
"We bought it at a great  price, and the realtor said that after a while we won't even notice the noise.",127,26,12,165,649,351
When you said your apartment was a classical railroad layout you were not kidding.,124,32,9,165,649,890
"You know, Emily, you really need to work on that one track mind of yours.",128,27,10,165,649,1650
"And so I remain, on the wrong side of the tracks...",126,28,11,165,649,2367
At first we though little Elroy's model trains were getting out of hand but it's shaved 20 minutes off my commute in the morning!,127,29,9,165,649,3209
It wasn't enough just to say I railroaded him into marriage.,125,30,10,165,649,3216
They called it a public-private partnership.,124,36,5,165,649,3369
"On the upside, the commute is a snap.",120,41,4,165,649,3710
"Actually, it's only a siding and not used very often.",125,31,9,165,649,4149
I've lost my train of thought but I am sure I am not too far off track,127,26,12,165,649,5162
Pickups from soccer practice are easy but our coal bill is through the roof!,131,37,7,175,649,3136
The upside is that I'm never late for work.,133,33,9,175,649,3385
It halved my commute.,132,33,10,175,649,3567
Sure it's loud - but it cuts my commute in half.,130,37,8,175,649,4579
"It's a little loud, but I haven't been late to work once since I got it.",130,37,8,175,649,7402
"Well, to be honest, I didn't think you were quite so literal about this being a railroad apartment.""",107,28,7,142,649,6072
"Now when I vacuum during rush hour, the noise doesn't bother the neighbors.",116,28,8,152,649,1646
"Yeah, he has his train set. Wait till you see my macrame.",114,30,8,152,649,2091
Avoiding the parking hassle at the station makes it totally worth it.,116,26,10,152,649,2686
"Carlyle came from the other side of the track, and sometimes he likes to go back there.",115,28,9,152,649,3205
Time to secure the table lamp,110,38,4,152,649,4003
"The MTA is paying us off with free rides for life and 20 million off shore, who could say NO to that?",114,31,7,152,649,4097
"You've never heard of a ""railroad flat""?",119,21,12,152,649,4646
I gather you're making travel plans.,115,29,8,152,649,5782
I told Thomas our relationship was going off the rails...,115,28,9,152,649,7169
My new year's resolution is to train three-four times a week.,119,37,6,162,649,536
"The conductor waves, and it's a lot less creepy than drone delivery.",121,33,8,162,649,832
"The L train is running with slight delays, after an earlier incident in the foyer.",123,31,8,162,649,1236
He usually comes in on the 4:30.,121,33,8,162,649,2894
"""The county's offer for this house was ridiculous.""",123,29,10,162,649,3887
"With Martha Stuart’s redesign, subway platforms have become so homey.",125,27,10,162,649,5976
The dining car comes by around 3pm.,124,45,3,172,649,158
What's it like living on the other side of the tracks?,131,33,8,172,649,1949
Boys will be boys.,132,31,9,172,649,2311
It started with  His Lionel train set,130,32,10,172,649,4313
"You make a good point. On the other hand, I don't have to subscribe to Amazon Prime.",133,29,10,172,649,5701
Definitely centrally located,133,29,10,172,649,5972
Tom thought a little white noise might help with his insomnia.,132,31,9,172,649,6567
Thom loves the commute!,137,36,9,182,649,3858
Sometimes it feels like there is no right side.,138,33,11,182,649,3981
"We got a good price on this Florida timeshare.
They called it ""The Orange Blossom Special""",106,25,8,139,649,780
We're running on the weekend schedule for dinner.,111,34,4,149,649,840
"According to our realtor, the last owner was an engineer.",109,36,4,149,649,1501
I do NOT have a one-track mind.,113,28,8,149,649,1729
It's the least I could do. The L Train absolutely needs to keep running during the repair work.,111,31,7,149,649,1755
"They weren't kidding when they said the apartment was ""railroad style"".",111,31,7,149,649,4653
"It’s a bit noisy, but our lives are right on track.",113,28,8,149,649,5378
Always ask to see the inside of the house before you buy.,112,29,8,149,649,6246
If I could derail the conversation for a minute to talk about a great business opportunity...,122,26,11,159,649,191
George realized his childhood dream with our inheritance,118,35,6,159,649,963
Our realtor was wrong - the convenience of boarding doesn't offset the inconvenience of  being on the Midnight Express route.,126,22,11,159,649,1932
"Luckily, it crosses the highway in the kitchen.",127,20,12,159,649,2168
The mail should be here any minute now.,119,32,8,159,649,2886
I guess we are on the right track.,122,29,8,159,649,3546
"You know, I think my life is finally back on track!",123,26,10,159,649,4294
Fred hates to drive.,117,36,6,159,649,5184
I've had to abandon midcentury modern for eminent domain.,121,29,9,159,649,5228
This chair is very comfortable.,126,19,14,159,649,6255
'It makes Jim's commute much easier.',119,32,8,159,649,6867
Oh that? That’s just Alexa tracking our conversation.,123,24,12,159,649,7438
"The best thing about it, I never forget dinner time. The 6:05 rolls thru.",123,41,5,169,649,3990
We couldn't decide which was the right side of the tracks.,126,37,6,169,649,4036
My landlord told me this would drown out the train noise outside.,132,23,14,169,649,4532
I can get you a refill right after the 8:15 express comes through.,128,32,9,169,649,4722
The little engine that could got carried away.,130,28,11,169,649,7289
Oh that. Reg got sick of his wheelchair.,139,27,13,179,649,3456
"First there's a 'toot-toot,'  then a 'choo-choo,' but what I really love is the 'chugga chugga chugga chugga chugga.' """,134,36,9,179,649,5950
"Having an adult son still live at home is fine, but his hobbies got bigger with him.",146,30,13,189,649,236
I've definitely had a bad track record moving in with boyfriends.,114,22,10,146,649,1917
Bob's commute is so much easier since we moved.,111,28,7,146,649,2850
I look at it straight on any time I need some perspective.,115,21,10,146,649,2937
"When the 5:10 commuter gets here, we'll have croissants from the dining car.",112,25,9,146,649,3952
"""We used to live in a shotgun house but nothing compares to the convenience of a railroad flat.""",108,34,4,146,649,4757
"There is some noise from the tracks but other than that it's a great, up-and-coming neighborhood.",114,24,8,146,649,5661
Larry says it adds depth to the dining room.,111,26,9,146,649,6626
"I don't know, I feel like eminent domain is working out just fine for me.",112,24,10,146,649,7180
We finally upgraded our canal.,121,28,7,156,649,646
He's so much easier to live with now that he doesn't have to get up at 4:30 to catch the 7;18,116,33,7,156,649,1512
It's ok unless they blow the whistle.,121,23,12,156,649,2422
"This book I got, ""How to train your husband"", didn't work out the way I'd hoped.",118,31,7,156,649,3198
I asked my husband to download his favorite tracks for me to listen to.,118,29,9,156,649,3558
We compromised on the eminent domain case.,118,30,8,156,649,4627
"It is hard to vacuum, but I get to work in record time.",118,29,9,156,649,5085
Our Airbnb guests say it's so convenient,118,29,9,156,649,6338
You get used to it and it saves a lot of time.,119,30,7,156,649,6726
It goes to the bedroom.  Harold definitely has a one-track mind.,120,25,11,156,649,6963
"With his one-track mind, you can guess where that leads.",131,21,14,166,649,152
I promised Herman he could play with his trains anywhere he liked.,127,32,7,166,649,159
"Bill is enjoying retirement, but his train set hobby has gotten a bit out of hand.",125,32,9,166,649,426
"At some point, he has to respect what I do ""all the live long day.""",131,22,13,166,649,1233
Boys and their toys...,122,38,6,166,649,1436
It’s just a train of thought.,130,24,12,166,649,2945
"Despite Margaret's hospitality and reassurances, Laura couldn't help but feel that her home was on the wrong side of the tracks.",126,30,10,166,649,3587
He keeps telling me model trains are for kids!,129,25,12,166,649,4221
My husband's commute time has been cut in half since we moved into the new house.,123,36,7,166,649,4366
It's noisy but it cuts an hour off my commute.,130,26,10,166,649,5354
The house was a bargain and the commute is a breeze.,125,34,7,166,649,6003
It took us a while to get used to the grandfather clock.,138,25,13,176,649,5745
"Yes, it is a bit noisy at times, but it really shortens the commute.",143,34,9,186,649,7041
Surprisingly for having so much space this house was well under our budget.,106,16,11,133,649,5277
It's not called a railroad flat for no reason!,112,23,8,143,649,530
I wanted a place closer to my commute.,111,21,11,143,649,2265
"Sorry, I missed the last part.",106,31,6,143,649,5286
Just wait until you see the runway on the roof,120,21,12,153,649,3533
Philadelphia caption: We are so pleased; now that we live on the main line.,120,24,9,153,649,4445
Sometimes I feel railroaded.,118,25,10,153,649,4987
One will be along soon. Life is so exciting since we volunteered to be the zoo’s anthropocene exhibit.,127,24,12,163,649,2074
"I've still been working on the railroad all the live-long day, but I have to admit, the work-from-home policy really helps.",125,28,10,163,649,5145
"We knew it was a railroad apartment when we signed the lease, but we didn't take it literally.",122,33,8,163,649,6802
I would not cave to eminent domain.,132,19,12,163,649,7315
It's not so bad. My commute's been cut in half.,126,27,10,163,649,7417
Just put some cookies in the oven before the open house.,132,30,11,173,649,5010
I said model trains.,128,39,6,173,649,6975
It was the cheapest we could find this close to the city,120,32,8,160,649,65
This is how you're getting your life back on track?,113,32,5,150,649,98
I got railroaded into coming here. You?,126,38,6,170,649,749
I didn't want to live on the wrong side of the tracks so I hedged.,108,23,9,140,649,933
We’re hopeful that renaming our living room the Mario Cuomo Memorial Viaduct will encourage the governor to allocate funds for repairs.,137,32,11,180,649,1072
"You can save your judgement, Karen. We don't have a car and frankly, it has charm.",111,34,5,150,649,1171
It was a great buy! The train only goes through once a week.,114,27,9,150,649,1697
Easiest morning commute ever!,128,33,9,170,649,1734
I'm afraid I've been railroaded.,118,37,5,160,649,2530
At least it’s local.,128,34,8,170,649,2954
I like the wide plank look.,132,26,12,170,649,3066
"I always assumed he meant 'models' too, but here we are.",113,30,7,150,649,4033
"When I agreed that he could have a model railroad, I had no idea that he would choose 1/1 scale!",139,29,12,180,649,4370
Dinah's in the kitchen with someone...,116,27,7,150,649,4451
Bulk delivery is great but there are some downsides.,120,33,7,160,649,4928
I didn't know you had a railroad flat.,120,32,8,160,649,5011
We got it for cheap and commuting is a breeze,113,30,7,150,649,5078
He left the house to get lightbulbs...I think the guys at Home Depot talked him into it,106,27,7,140,649,5731
It really cuts down on our commuting time.,120,32,8,160,649,5924
Did I mention that Josh went to the Hobby Show last weekend?,133,42,5,180,649,6141
He started out with H-O scale.,115,26,9,150,649,6461
It's a pre-war apartment designed by a friend of Mussolini.,141,24,15,180,649,6798
"It wakes us up on time, and we save a ton on toll-tags.",139,36,5,180,649,6910
We relocated from the other side of the tracks.,132,42,6,180,649,7060
"Sure, Bob has really nice suits - but his taste in ties is atrocious!",125,23,12,160,649,7132
Let's take the 9:30. It's the first one after the morning peak.,135,36,9,180,649,7272
It's really cut down on Dan's commute time.,140,39,8,187,649,6010
We never stay in one place very long.,135,32,10,177,649,1103
I told our realtor we wanted a house on the Hudson Line.,134,33,10,177,649,3674
We just feel in love with this place when we saw how close it was to mass transit.,138,27,12,177,649,5155
The administration calls it eminent domain.,137,28,12,177,649,5205
"Yes, I have him trained.",128,28,11,167,649,288
"It's a little annoying, but the house came with granite counter tops and stainless steel appliances.",124,36,7,167,649,1638
His hobby has outgrown the garage.,124,38,5,167,649,2825
At first it was just a choo-choo that went around in a circle.,125,34,8,167,649,4067
"Don't mind the noise, we're mining bitcoins",127,35,5,167,649,7407
... Then the border wall led to a new Underground Railroad ...,125,36,6,167,649,7428
What else has your husband conducted?,120,27,10,157,649,1475
...and I told her: “You bet your ass this train sparks joy!”,123,22,12,157,649,3315
It’s still quieter than my upstairs neighbor’s box springs.,115,37,5,157,649,4551
Who knows?  He's been off the rails for weeks.,120,28,9,157,649,5798
I still have a problem eminent domain,116,22,9,147,649,2468
Harold said a mini train set would be sad.,110,32,5,147,649,6348
He claims I railroaded him.,107,21,9,137,649,6391
Amtrak wants to offer passengers a unique travel experience,103,27,7,137,649,6413
Our eminent domain suit settlement was a compromise.,106,21,10,137,649,6422
They're closing the station for repairs this year so we'll have to use the bathroom shuttle bus.,104,27,6,137,649,7062
Once our solar is installed we will be upgrading to a third rail.,146,39,9,194,649,7297
"We just missed the dinner car, there is a table in the back room available",133,32,9,174,649,455
Our neighbor’s yard is a train wreck.,136,27,11,174,649,871
It's cut our commute time by half!,134,31,9,174,649,6956
He's usually on time.,126,27,11,164,649,2064
No wonder the rent is so low.,124,31,9,164,649,3805
"I always wanted to live on the other side of the tracks.""",126,30,8,164,649,4444
"He’s a trackman at Amtrak, I’ve asked him not to bring his work home.",123,35,6,164,649,6326
"Well, there had to be a reason for calling it a railroad flat!",122,35,7,164,649,6397
"Oh, do stay. You’ll be here to see the 10:47 go by.",121,38,5,164,649,6732
"Marge, your marriage is train wreck , just waiting to happen.",115,32,7,154,649,101
it's a classic railroad apartment.,116,30,8,154,649,1990
This place was the cheapest we could find in Brooklyn.,116,31,7,154,649,2628
"No worries!  It's an express, not a local.",116,31,7,154,649,3363
I'm so glad you tracked me down.,116,31,7,154,649,3489
Elon says he'll be home at 2:58pm,118,27,9,154,649,5008
"Is there anything in your deed that mentions a ""right-of-way?""",115,33,6,154,649,5013
"Well, if that’s what it takes to keep the L train running, we’ll gladly take it.",117,30,7,154,649,5819
"When Venus says 'make tracks', this is how Mars responds.",107,31,6,144,649,2798
I find I don't lose my train of thought anymore.,111,27,6,144,649,2968
I was railroaded into this apartment.,111,23,10,144,649,3781
It all started with HO scale.,112,22,10,144,649,5120
We got an unbelievable deal on the house.,104,23,7,134,649,6814
It’s noisy but my commute is very convenient.,130,31,10,171,649,1
"Pardon me, is that the Chattanooga Cho Cho?",127,22,12,161,649,1771
"So, how long have you been subletting this railroad apartment?",123,28,10,161,649,6005
George has a pretty easy commute,123,30,8,161,649,6763
"I knew marriage was going to be a two way street, but this is a bit much.",116,26,9,151,649,114
"I know it's not for everyone, but we really enjoy our neighborhood of track houses.",116,27,8,151,649,580
I'm getting my life back on track.,114,29,8,151,649,641
We live on the right side of the tracks.”,116,27,8,151,649,2029
How do you like the new carpet runner?,121,21,9,151,649,4906
"He said he was leaving me, so I offered to move things along.",113,32,6,151,649,5211
"Old school, railroad-style apartment"" - said the listing",114,29,8,151,649,6007
Our son is away at college and we could no longer afford the helicopter.,117,25,9,151,649,6050
"We thought they meant ""railroad-style"" apartment.",114,31,6,151,649,6086
We had a hard time finding a place we could afford.,116,25,10,151,649,6990
"You never lose your train of thought in this house, do you?",142,37,9,188,649,3227
I find it helps me follow my train of thought.,147,28,13,188,649,7414
Where should we go for lunch?,135,35,8,178,649,977
But we get a courtesy pass for the inconvenience.,134,37,7,178,649,6014
Sure it’s noisy but our commute can’t be beat!,101,22,8,131,649,6513
You could say Jerry's hobbies have grown.,125,36,7,168,649,1896
It greatly improved our commute.,128,31,9,168,649,4900
"Not so bad, really. I used to live on the wrong side of the tracks.",126,21,11,158,649,1358
I can be downtown in 20 minutes!,121,28,9,158,649,1698
"Hey, its better than him sitting at the bar every night.",121,30,7,158,649,2960
"Well, it started with the remote...",122,26,10,158,649,6951
Thank God for cow catchers.,122,25,11,158,649,7396
The social media service claims it's just a simple tracking error.,122,28,8,158,649,7471
We wanted to make sure that our kids didn't grow up on the wrong side of the tracks.,114,25,9,148,649,1012
I told my husband that Tommy wanted a train for Christmas.,109,34,5,148,649,1862
"Bob feels it shows our commitment to public transportation, but my feng shui consultant says it messes with the room's energy flow.",111,30,7,148,649,3154
When you've been furloughed for a month you get creative about your side gigs.,115,25,8,148,649,3325
Our marriage was never going to work. Bobby was from the wrong side of the tracks.,111,31,6,148,649,4788
"We tried the runway, but it just wasn't us.",139,37,9,185,649,4833
So will you be taking the 7:43?,133,34,8,175,649,5754
It was a gravy train joke that went too far.,104,27,7,138,649,883
"As long as it runs on time, who am I to complain?",103,30,5,138,649,1041
"Well, it started with a Lionel Train set!",107,22,9,138,649,2739
My husband says we're on the right track now.,104,27,7,138,649,5147
Well you said you wanted an industrial feel...,124,35,6,165,649,285
The only one I don't like is the 10:35 to Scarsdale.,123,35,7,165,649,4863
"I have no health benefits, but the commute is manageable.",121,39,5,165,649,5471
"I prefer to call it ""reinforced parquet""",123,19,13,155,649,2525
Adjusting to the wheelchair was simply too dispiriting for him.,117,30,8,155,649,3611
"Narrow gauge was nice, but we wanted full-size...",120,25,10,155,649,3892
We couldn't afford to live on the right side of the tracks.,118,31,6,155,649,4364
"Railroad flats are all the rage, now.",116,32,7,155,649,4492
"Amazon, MTA joint Direct to Home program is available now with Prime membership. Isn't it awesome?",121,22,12,155,649,6617
It's my new exit strategy for awkward breaks in conversation.,137,36,9,182,649,7135
I wish I could go without a car like you,111,27,7,145,649,1818
"But sweetheart, the landlord told you it was a railroad apartment",109,29,7,145,649,3263
"Several times everyday, I feel like I've nearly been run over by a train.",116,20,9,145,649,3569
His hobbies tend to get out of hand.,129,35,8,172,649,2875
His inner child grew up.,132,31,9,172,649,3738
"On the positive side, I have a shorter commute.",130,33,9,172,649,4274
"It's not so bad, only one train a day.",131,32,9,172,649,5400
Harold is always on time for dinner.,128,38,6,172,649,6848
I told them that I don’t believe in eminent domain.,126,25,11,162,649,334
This has done wonders for Bill's  commute,124,29,9,162,649,1195
"With all the comings and goings, this place is like Grand Central station.",123,31,8,162,649,1768
"When the 2:40 comes through, I know it time to pick up the kids.",120,36,6,162,649,1863
"To hell with ""location, location, location!"" It was cheap!",123,32,7,162,649,2814
It's my husband's idea. I told him to get his life on track.,124,29,9,162,649,4046
"Well, we knew we didn't want track lighting ...",121,34,7,162,649,5054
Apparently the original owner worked for Amtrak.,145,33,11,189,649,5063
We can catch the 12:15 for lunch in the dining room.,122,33,7,162,649,5168
We wanted to make sure we stayed on the right side of the tracks.,136,33,10,179,649,926
He's really just a big kid at heart,139,34,6,179,649,2637
It's even better than the hop-on hop-off bus!,137,34,8,179,649,3441
"Like I said, it’s a railroad apartment...",135,35,9,179,649,7257
"The rent is a little high for this neighborhood, but the commute is fantastic.",114,31,7,152,649,581
"We had to get him a mobility scooter since his accident, albeit an older model.",119,23,10,152,649,661
"It’s ugly, but my commute is down by 30 minutes.",118,23,11,152,649,4694
Jimmy decided he's outgrown model trains,119,21,12,152,649,6046
The decorator calls it Neo-Magritte.,134,26,9,169,649,2080
Eminent domain is not what it used to be...,128,33,8,169,649,3197
I know he is from the wrong side of the tracks... but I love him.,132,26,11,169,649,3512
Amazon will remove them as soon as drone delivery is approved!,128,32,9,169,649,4470
Dad said I should buy an apartment as close to the subway as I could afford.,130,28,11,169,649,4759
He started with HO gauge ... why do you ask?,129,32,8,169,649,5886
My husband's keeping track.,127,34,8,169,649,6291
"""I think I'm finally on the right track.""",132,24,13,169,649,6962
Amazon Prime is Now Even faster,128,33,8,169,649,7366
"Yes, we like it. It saved on material and gives the hardwood an industrial look.",109,25,8,142,649,2439
My husband might be passing through.,144,29,13,186,649,3813
Harvey's been fast-tracked.,121,30,8,159,649,516
"It's noisier than I wanted, but the price was great and my commute has never been shorter.",122,30,7,159,649,1079
On the plus side I have fresh croissants delivered  by the 3:10 to Yuma,119,34,6,159,649,1407
We used to live on the wrong side of the tracks.,121,29,9,159,649,2250
"You'll have to excuse me, I just completely lost my train of thought.",126,20,13,159,649,3246
George always arrives on the 5:15,123,26,10,159,649,3282
It's only temporary until a self-driving car becomes commercially available.,119,34,6,159,649,3338
So now I finally get to find out if Frank really can sleep through a freight train.,121,32,6,159,649,4678
"Oh yes, this is what you call in NYC a ""railroad"" apartment.",135,30,11,176,649,3696
"True, but the commute is awesome.",116,23,10,149,649,445
"I barely even notice it anymore, but it still scares the hell out of my pet elephant.",112,30,7,149,649,1116
It gives us a constant sense of time and direction,114,29,6,149,649,2243
Where were we? I think we're getting a little off track,115,29,5,149,649,3973
Tim thought it was a better deal than the 'O' Gauge,116,24,9,149,649,4929
It's been tough getting home owners insurance.,111,32,6,149,649,6362
"Still, it’s better than being on the wrong side of the tracks.",124,34,7,166,649,1133
On the other hand my commute is much easier.,122,39,5,166,649,2893
Yes.....they used Emminent Domain.,128,27,11,166,649,5940
The school system is the best.,129,25,12,166,649,6052
"I've heard of eminent domain, but this is ridiculous!",127,30,9,166,649,6256
I told him building model trains was a childish hobby.,136,40,7,183,649,2395
Proportion is not one of Herb’s strengths.,140,32,11,183,649,2967
"Sorry, what did you say? I lost my train of thought.",142,31,10,183,649,6907
It's very manifest destiny.,109,22,8,139,649,952
It shaves eight minutes off the commute.,105,27,7,139,649,5481
The lack of privacy is easily outweighed by the convenience.,118,33,5,156,649,816
It's not as loud as you'd think.,119,30,7,156,649,3470
My son tracks everything into the house.,121,26,9,156,649,3925
Herb's model Cessna is on the 2nd floor. Also life-sized,119,29,8,156,649,3931
"But you know, I'd still rather he experiment at home than with a bunch of strangers.",124,26,6,156,649,5453
The downside is that it only runs express.,117,34,5,156,649,6084
I just love Chatanooga.,117,34,5,156,649,6164
At least they didn’t go through the bedroom.,117,33,6,156,649,6459
He was getting too old for Thomas the Tank Engine.,121,29,6,156,649,6882
"It’s a little dangerous for the kids, but it really cuts down on Doug’s commute.",128,39,6,173,649,4569
It's better here than through the bathroom.,132,31,10,173,649,6156
Ralph always wanted an easy commute...,127,42,4,173,649,6276
"We're just chugging along, trying to stay on track. Harold says if things get bad again this could be the end of the line.",110,30,6,146,649,5138
"When Harvey said he wanted to fast-track his career, I had no idea.",118,19,9,146,649,5352
"Yeah, you can ask me pretty much anything at all about eminent domain.",123,32,8,163,649,802
I like to keep up with the latest graffiti.,127,28,8,163,649,2283
It's a little noisy but the commute is fantastic.,121,36,6,163,649,6232
"I used to date Elon Musk""",127,25,11,163,649,6539
The alternative was a wall.,137,33,10,180,649,1508
"Yes, Gwen, he really does love Jahnny Cash that much.",141,28,11,180,649,2845
"Imminent domain, am I right?
Want some more coffee?",135,37,8,180,649,4990
the apartment was very expensive so we lease out the right-of-way.,117,28,8,153,649,2217
"The location of the stairs does not bother me , it's the low banister rails.",144,31,12,187,649,2630
We do our best to avoid third rail-type conversation in this house.”,116,31,6,153,649,2679
"I have no explanation. They took $10,000
Off the selling price and I took it.",117,29,7,153,649,3310
There's always a catch,121,22,10,153,649,4213
It's just until they finish work on the L line.,120,24,9,153,649,4238
You may have misunderstood what I meant when I said you could train your husband,119,23,11,153,649,4549
"As a matter of fact, this tea IS from China.",103,26,7,136,649,5892
"If we hit it off, you can always consider a monthly pass",141,37,9,187,649,6324
“George hasn’t made a smooth transition from commuter to retirement just yet .”,140,25,12,177,649,6808
My husband hates to be late for his commute.,120,34,6,160,649,620
I thought the underground railroad was a metaphor.,122,31,7,160,649,1608
"Oh yeah, it’s track flooring. We just had it installed.",124,29,7,160,649,2234
John's on the fast track at work.,122,30,8,160,649,4881
And he still has his first set of Lionel trains,126,23,11,160,649,5399
It started with just model trains but I think his hobby is now out of hand.,113,18,12,143,649,234
It was landmarked.,113,20,10,143,649,1649
John didn’t like the long drive to the station.,108,28,7,143,649,3298
Sorry you just caught me off track,114,21,8,143,649,3947
This technically makes us hobos.,130,25,12,167,649,571
It's much more efficient than the revolving door that used to define my dating life.,128,30,9,167,649,577
We find it saves time on our daily commute.,129,28,10,167,649,831
We just thought it would be such a fun way to use our tax refund.,130,27,10,167,649,4032
Once the 5:30 passes I can hop on and get you some sugar from the kitchen.,124,37,6,167,649,4084
His obsession with model trains has gotten a bit out of hand lately,132,25,10,167,649,6725
"I tried to talk him into HO scale models, but you know John.",118,26,6,150,649,1088
"As far as your designer,I think her motive is loco.",121,18,11,150,649,1484
"Actually, we meet a lot of interesting people who stop at our apartment.",114,30,6,150,649,3515
They just took it by tenement domain.,113,30,7,150,649,7065
It’s used to be a fence but we didn’t want a wall.,118,20,12,150,649,7256
I thought you knew we live in a railroad flat.,103,22,8,133,649,2495
Happily we are on the right side of the tracks,145,36,10,191,649,2280
"Well, at least we're on the right side of the tracks.",133,31,10,174,649,796
At least we live on the right side of the tracks,133,31,10,174,649,1291
We're a bit obsessive about minimizing our commute time,134,33,7,174,649,2443
We just upgraded our prime subscription.,133,31,10,174,649,4416
It started out innocently. with a HO model train.,132,34,8,174,649,6851
"Amtrak sued, but you know...location, location, location.",120,31,6,157,649,182
It's called a railroad flat.,121,29,7,157,649,1826
People keep telling me I live on the wrong side of the tracks.,119,32,6,157,649,2683
"Yes, it's a bit noisier, but you don't have to wait out in the cold.",117,35,5,157,649,3509
Lionel didn't have one when he was a kid.,123,22,12,157,649,6201
It seemed nice that he had a hobby that could grow with him.,120,28,9,157,649,7203
"Yes, right down the middle...  Come, let me show you the bedroom.",155,33,10,198,649,568
"Well, they’re giving us a tax break.",105,29,6,140,649,4769
I get my packages from Amazon faster this way.,111,19,10,140,649,6488
The easy access to mass transportation tipped the scales on this house for us.,144,22,15,181,649,5845
"Though it lacks in charm, the convenience was the selling point.",125,31,8,164,649,4841
Beats the subway,124,32,8,164,649,5295
"We're sort of a ""super local"" stop.",125,30,9,164,649,5386
He used to be content with model trains.,129,25,10,164,649,6237
They got as far as the dining room before the lawsuit stopped them in their tracks.,126,28,10,164,649,7358
"Yes, exactly like Grand Central Station!",112,27,8,147,649,1933
It was either this or a third story walk up in The East Village.,111,30,6,147,649,1977
It's the new Transapartmental Railroad.,114,24,9,147,649,4013
"Ben was late for work one too many times, so the company had us install it.",111,30,6,147,649,4671
"To be honest, Lupita, I've never even been to your side of the house.",112,27,8,147,649,5050
It’s a hobby he just never out grew!,113,25,9,147,649,5680
"Yes, this is the right side.",111,29,7,147,649,6054
Lunch has been held up at Fulton Street Station.,129,35,7,171,649,54
Roger and I had different pictures in our heads of what a Railroad Flat would actually be.,127,39,5,171,649,324
I think we're finally on the right track.,133,28,10,171,649,1668
"Listen, I know we got off track.",136,23,12,171,649,5711
It's 10 minute delivery on anything but you need to read the fine print.,116,32,6,154,649,31
So often you don't even notice.,115,33,6,154,649,216
"Yeah, sometimes he gets carried away with his hobbies",115,33,6,154,649,473
"On the bright side, Peter gets home before dinner gets cold.",116,32,6,154,649,556
The therapist is helping us get our marriage back on track,115,33,6,154,649,923
"If I were you, I'd enjoy every second of silence",116,32,6,154,649,2045
The easy commute is what really sold us on this place.,115,33,6,154,649,2998
It all started with HO.,122,19,13,154,649,4070
"Well, you're lucky. My husband's one-track-mind leads right to the kitchen.",117,31,6,154,649,5559
I married him for his inside track.,119,27,8,154,649,5643
It’s the next best thing to working from home,117,30,7,154,649,6115
"Eminent domain, of course",119,25,10,154,649,6376
We picked the house with the shortest commute,119,26,9,154,649,6399
"It's a beautiful place to live, but you have to mind the closing doors.",139,28,11,178,649,3109
The house is perfect except for the right-of-way.,137,33,8,178,649,5449
"Get over it, darling. I'll always have the inside track.",108,21,8,137,649,192
"Once you get used to it, you can sleep through anything.",104,27,6,137,649,322
"Of course, there are disadvantages to living near the commuter line.",109,19,9,137,649,5500
"You may not be aware of this, but Roger is a lobbyist for the railroads.",103,29,5,137,649,6366
Sure it's annoying but the commute is so easy.,120,36,5,161,649,6707
It's the ideal apartment. If there is a recession we can move back to the wrong side of the tracks without a new lease.,123,30,8,161,649,7157
"It is noisy, but it shortens Harry’s commute.",122,31,8,161,649,7365
We both had wanted to marry someone from the other side of the tracks...,125,25,11,161,649,7486
I like to think this is the right side.,110,26,8,144,649,417
"So often, you won't even notice it.",128,33,7,168,649,515
My commute time is cut in half.,111,29,4,144,649,3459
My husband lives on the other side of the tracks.,129,29,10,168,649,4555
"On the other hand, I never miss the train anymore.",125,39,4,168,649,5037
I never imagined waiting for the Metro would be so luxurious.,135,30,10,175,649,4300
"I know the Underground Railroad,wasn't really a railroad,but he won't listen.",136,31,8,175,649,6238
We chose this place because it's a convenient commute,115,28,8,151,649,3804
He says it cuts his commute by twenty minutes!,115,29,7,151,649,5532
"Yes,it's a great neighborhood and my husband loves the easy commute.",114,32,5,151,649,7408
We get alot of take-out.,123,26,9,158,649,902
"Oh Betsy, sometimes I feel as though my train will never leave the station”",124,22,12,158,649,1859
You've never heard of O-My Gauge?,124,25,9,158,649,2149
It's drier than last year when A River Ran Through It.,124,23,11,158,649,2764
I always wondered what it was like to live in a railroad apartment,121,30,7,158,649,2848
Pardon me Sue.  Is that the chat and mingle Choo-choo?  I’ll have some wine.  I hope it gets here on time!,123,25,10,158,649,2901
He's now the big engine who couldn't.,123,26,9,158,649,3636
Ralph says hell will freeze over before he ever accepts the state’s eminent domain proposal.,104,23,7,134,649,4229
"Sure it's inconvenient, but it's still better than closing the L train down.",132,22,11,165,649,1050
We've just got to wait for the lunch cart to come back around.,126,30,9,165,649,6904
"Sure,it's a little noisy,but you can't beat the commute.",104,33,4,141,649,821
It's the commuter line and we have much more time together than before.,105,31,5,141,649,1175
"The worst part is that at five o'clock, we have about 150 extra people for dinner.",114,17,10,141,649,2279
We thought it stood for rest and relaxation,105,31,5,141,649,5139
We couldn't figure out which was the wrong side of the tracks so we compromised.,128,40,4,172,649,1242
We'll have some cookies at 8:53.,128,39,5,172,649,1462
"Since the reno, it's been like Grand Central in here.",133,28,11,172,649,2766
But he's agreed to shovel his own coal.,130,35,7,172,649,5404
I can't seem to stop the kids tracking things into the house.,131,33,8,172,649,7478
The broker said “railroad style” but I didn’t think he was being so literal.,109,36,3,148,649,439
"When George told me he was renting us a railroad apartment, I had no idea he meant it literally.",118,21,9,148,649,2065
I guess somewhere along the line I got derailed.,114,26,8,148,649,5048
"They call it ""Traintrification"" now.",115,27,6,148,649,6154
"Yes, it's inconvenient and dangerous, but I always know when he's coming home.",135,36,8,179,649,1737
"Yeah it's loud, but the commute is so easy!",137,33,9,179,649,3908
This house was practically a steal.,137,32,10,179,649,4560
"He started with the little engine
that could and he has never stopped.",136,35,8,179,649,7162
"When I read the listing which claimed 'public transportation immediately accessible,' I never could have imagined this.",119,28,8,155,649,224
Plants are just so boring!,119,27,9,155,649,691
"Coffee’s due at 10:18, followed by scones at the top of the hour.",124,22,9,155,649,1503
He got the locomotive...,121,25,9,155,649,1804
"The local is convenient, but the uptown express ruins the ambience.",122,23,10,155,649,2173
"I keep my perspective, you know, and it just disappears off in the distance.",121,26,8,155,649,3188
Wait till you see the transformer in the basement.,120,27,8,155,649,4638
Herbert's model train hobby has gotten a little out of hand.,122,25,8,155,649,5261
Is your landline Pennsylvania 6-5000?,121,24,10,155,649,5936
We live or die by the Timetable.,116,34,5,155,649,6598
"You’re on the right track, but I think it might be time to hire a professional decorator.",118,29,8,155,649,7339
"Not only is this apartment rent-controlled,  it's also convenient to all transportation.",125,30,7,162,649,969
"Yes, but it makes this house affordable.",126,25,11,162,649,1553
It only stops here twice a day.,124,29,9,162,649,4337
What can I say to him? It's his only vice.,123,31,8,162,649,5089
"He said no to music school, but still wants to train to be a conductor.",125,28,9,162,649,7465
"On the plus side, we are .5 secs from the train station!",99,28,4,131,649,563
"I know it’s wrong, but I still use my grandma’s handicap access pass.",130,31,8,169,649,2340
"I'm trying to be supportive, but do you think my husband has gone a bit off the rails with his model train hobby?",129,31,9,169,649,6095
"When I told my therapist he was railroading me, I don't think she fully understood me...",106,26,6,138,649,1428
"It's a lovely house, but he never lets me forget I'm from the wrong side of the tracks.",137,30,9,176,649,3476
His way of getting us back on track.,112,26,7,145,649,1152
We opted for Amazon train deliveries,117,18,10,145,649,2767
The commute is quite a bit shorter now.,111,26,8,145,649,3242
"Ed didn’t go see his mom as often as she thought he should, so she made damned sure he had no excuses about traffic.",108,32,5,145,649,3474
"The restroom will be available again at 8:43pm, but closed between Christmas and New Year.",111,26,8,145,649,3510
We finally found the perfect apartment to reduce our commute.,108,32,5,145,649,3630
I'm so lucky to live on the right side of the tracks.,113,24,8,145,649,4353
Train spotting is how it started.,110,30,5,145,649,6640
"... And the lawyer says we can't break   our lease, since it was advertised as a ""Railroad Apartment""",111,27,7,145,649,7095
The realtor said it was a historic rail station. We're trying to preserve a lot of the original fixtures.,139,37,7,183,649,2081
Our home renovation project went off the rails.,139,39,5,183,649,3061
"Honestly, we've been worried for some time now that Leland's miniature railroad hobby was getting out of hand.",141,32,10,183,649,4616
It wasn’t easy Getting on the right side of the tracks.,119,24,9,152,649,638
It beats running to the Station.,118,29,5,152,649,1473
We just hop on and we're there in a flash.,115,32,5,152,649,1730
A bit noisy but so much more convenient.,112,36,4,152,649,2210
It IS the express.....,114,33,5,152,649,2948
I'm fine with it asong as it bypasses his mother's house.,120,24,8,152,649,3629
"Noisy, but convenient",117,31,4,152,649,3722
We are mostly on the right side of the tracks,115,30,7,152,649,4163
"I keep telling him, "" I Think I Can' won't pay the electric bill.",149,30,11,190,649,4462
"Well, you did always complain about the commute.",119,26,7,152,649,7102
"It was the sixties, okay?",118,36,5,159,649,1673
"Smokey Robinson said it best, this is ""The Tracks of my Tears.""",122,30,7,159,649,1685
"So this is life on the other side of the tracks.""",122,31,6,159,649,2602
"no really jan, i sleep like a baby",125,26,8,159,649,2687
My husband loves trains.,123,30,6,159,649,3659
"SO TAMMY, HOW LONG HAS YOUR HUSBAND BEEN 6 YEARS OLD?”
“WHAT?",127,22,10,159,649,4542
I guess they call this a railroad flat?,118,38,3,159,649,5617
Our neighbors won't come over now that we are on the other side of the tracks.,124,25,10,159,649,6958
"All my life, I dreamed about living on the right side.",120,32,7,159,649,7455
Are we fucked up or what?,130,24,12,166,649,2331
George always goes the extra mile with his hobbies.,123,38,5,166,649,5577
I finally feel that my life is on right track,124,37,5,166,649,6571
"Got the property at a great price, and the 6:05 train is a perfect alarm",129,26,11,166,649,6594
"It’s a long ride, but door-to-door the commute’s not bad.",124,36,6,166,649,6601
It's the ultimate commuter pad.,128,40,5,173,649,3255
Just you wait...the next train that comes through and I am outta here!,135,33,5,173,649,6418
"Thanks for the earplugs, Emmy. And don't forget to wave.",104,23,8,135,649,4720
"We have a few minutes before the 6:05 passes through, Marge, tell me about your kids",136,37,7,180,649,5622
Heaven forbid that we would live on the other side of the tracks!,105,21,9,135,649,5987
"The new carpet looks nice, but it leaves a lot of tracks.",111,24,7,142,649,865
"On the plus side, Jim’s never late for dinner.",108,29,5,142,649,1022
"It's an easy commute.""",116,23,10,149,649,583
"It's a railroad apartment, complete with a daily express.",112,34,3,149,649,3717
We heard Transit Oriented Developments are a hot investment.,115,29,5,149,649,3871
It only runs local on weekends.,110,35,4,149,649,3989
The rent is very affordable.,115,27,7,149,649,4133
"I don't mind him playing outside, but he's leaving tracks everywhere he goes.",115,28,6,149,649,5841
"When I told Henry what kind of mind he has, I didn't think he would take me literally.",120,19,10,149,649,7288
"As you can see, I'm still on the wrong side of the tracks.""",119,30,7,156,649,328
"It started with HO scale, but after a while, that just wasn’t enough for him.",120,29,7,156,649,390
"He did tell me he wanted a scale model railway, so I suppose it's my fault for not realizing he meant full scale.",119,31,6,156,649,405
At least most of the rooms are on the right side of the tracks...,123,23,10,156,649,1828
"Cuomo told me that it was my civic responsibility and now
I hardly notice it.",118,33,5,156,649,2716
The model train set just wasn't cutting it for him,121,25,10,156,649,3522
Can I offer you something to drink and chew chew?,124,22,10,156,649,3543
It goes directly to Costco.,119,29,8,156,649,3936
What time is the next express service to the restroom?,121,26,9,156,649,4327
"When he said he way ""getting into training, I thought, you know...""",125,20,11,156,649,4347
This isn't a very busy line but they are planning on rerouting the L train through the breakfast nook.,121,28,7,156,649,4647
He never got a set as a kid.,114,39,3,156,649,5488
"Oh no, Timmy's bedroom is on the wrong side of the tracks.",122,26,8,156,649,5574
It's really an easy commute for George.,121,28,7,156,649,6408
"As he puts it, I only told him he was too old for *model* trains",119,30,7,156,649,6901
Welcome to my eminent domain!,127,26,10,163,649,3638
"WhenI bought the house,I thought the realtor said it was built in the right way.",124,31,8,163,649,4690
... But you can't beat the convenience.,128,25,10,163,649,6064
I just got tired of always living on the wrong side of the tracks.,125,29,9,163,649,6905
It could have been worse. He could have taken us to all live in a yellow submarine.,131,31,8,170,649,1741
"Yes, our Amazon purchases have grown quite a bit this past year.",136,22,12,170,649,1860
I know you're into being tied up.. but I don't think that's a good idea.,132,27,11,170,649,5366
...not what I expected when I hired a personal trainer.,130,32,8,170,649,5879
"Frankly, I think Harold's hobby has gotten a bit out of hand!",127,37,6,170,649,7171
Frank's always been a train buff but the 5:10am is annoying as hell.,131,32,7,170,649,7273
Charles has always had a one-track mind.,134,37,6,177,649,5486
Is life on the on the other side of the tracks as amazing as  you though it would be?,140,37,7,184,649,1065
"The rent is affordable and over the weekends, it's only one train a day!",139,38,7,184,649,1591
"Bert's railroad hobby has really taken him far, thankfully.",139,37,8,184,649,5917
The 3:18 will pass in a minute then we can put our cups back down.,96,24,5,125,649,132
I hope it becomes a rails-to-trails project soon.,110,20,9,139,649,2235
We compromised with the feds' Eminent Domain.,103,32,4,139,649,6186
Hopefully the next stop has macaroons.,113,25,8,146,649,1266
Oh that....those are the tracks of my tears.,113,24,9,146,649,3382
Finally my life is back on track.,112,26,8,146,649,6432
"I couldn't work from home, but I figured out a way to shorten my commute.",109,33,4,146,649,6969
We wanted to expose our kids to life on both sides of the track.,115,33,5,153,649,468
Sometimes I feel like I was railroaded into this marriage.,116,32,5,153,649,1514
Living together was never going to work. He was from the wrong side of the tracks.,119,26,8,153,649,2407
Our timing wasn’t right for the windmill house.,123,20,10,153,649,2537
It’s a little loud but the commute is amazing.,117,29,7,153,649,4669
He's just a REALLY BIG kid with a train set.,118,28,7,153,649,4683
The scones should be arriving on the 320 southbound,114,36,3,153,649,6275
It makes the commute a whole lot easier.,116,33,4,153,649,7268
I can go from kitchen to downtown in 10 minutes.,122,31,7,160,649,4
"The rent is high, but at least it’s on the right side of the tracks.",123,29,8,160,649,947
I like to walk the rails. He likes to rescue me after tying me to them.,123,28,9,160,649,3285
We raised our son to play with a real train.,123,29,8,160,649,4018
"Well, its better than a wall.",124,26,10,160,649,4495
"Hold onto your coffee, the express is due in three minutes.",125,25,10,160,649,5234
At least we have the mineral rights,125,26,9,160,649,5446
"He gets the bar car, I get the house.",121,33,6,160,649,5732
"So the joke goes, “Knock, knock.  Who’s there? Chooch...”",122,30,8,160,649,7386
Larry's conductor fetish is a little much.,127,36,4,167,649,425
Ready for another highball?,128,30,9,167,649,1464
It's a whistle stop now but we are lobbying to get a station built.,124,38,5,167,649,2934
"Noisy, yes, but so convenient.",130,28,9,167,649,4466
"I know I told him to get a hobby, but this is getting ridiculous.",125,36,6,167,649,4982
Our marriage is back on track,127,34,6,167,649,5441
The man who sold it to me said it was from the original underground railroad,130,27,10,167,649,5609
I always wanted a place walking distance to mass transit.,125,36,6,167,649,6860
So you're only passing through for the weekend?,131,36,7,174,649,741
Jimmy came home crying that a bully said we lived on the wrong side of the tracks.   James decided to make it into a teaching moment.,136,27,11,174,649,1777
I wanted a short commute,130,38,6,174,649,2852
My husband just wanted to give our kids the things he couldn’t have.,130,39,5,174,649,3880
It beats having to walk to and from the subway station every day.,135,31,8,174,649,5267
It started as a miniature gauge and I just nurtured it.,136,38,7,181,649,227
The Express doesn't stop in the kitchen.,139,34,8,181,649,3161
Noise?  We just turn up the volume on the TV.,102,32,2,136,649,5904
"My favorite part is when they cry ""all aboard""",109,28,6,143,649,2008
It's a really old-school railroad apartment.,115,20,8,143,649,4708
I'll answer that question after the 3:12 comes through.,117,23,10,150,649,1254
"It saves him a half hour ride to work, so we figured, what the hell.",116,27,7,150,649,3249
The upside is it cuts 30 minutes off my commute.,116,27,7,150,649,6953
"Yes, I know he lives on the other side of the tracks.",125,22,10,157,649,365
We were losing track of each other.,120,30,7,157,649,744
I didn't mean that I was literally a train wreck.,121,31,5,157,649,1712
We're looking for a babysitter with train-crossing gate experience.,124,26,7,157,649,3380
"He says it is a fast track to the top, but I have my doubts.",120,29,8,157,649,3837
"On the other hand, there was no broker fee.",122,25,10,157,649,4795
"When Bob said he'd rented a railroad apartment, I thought he meant it was narrow.",125,19,13,157,649,5003
"He's such a discerning child, toy trains just weren't authentic enough for him.",116,37,4,157,649,7100
"Yes, but the rent is dirt cheap.",127,29,8,164,649,499
"Well, HE said he wanted to work from home. And I forgot he was a locomotive driver.",126,29,9,164,649,670
I followed your advice. Although I’m not sure how getting my life on track is going to help.,129,23,12,164,649,1841
Sharon always has to make an entrance.,127,31,6,164,649,2418
"This old house has its rattles and creaks, but we love it...",124,33,7,164,649,2731
"You'd think it would be inconvenient, but you'd be surprised how a steady stream of tramps, hobos and highwaymen can change your attitude.",125,31,8,164,649,3344
The transportation convenience tax was offset by what the railroad paid for the easement so it all worked out.,124,35,5,164,649,4345
Look.  I just can't shake the feeling I'm being railroaded.,128,27,9,164,649,4561
We are reverse engineering the floors.,124,33,7,164,649,5695
"So, he passes through often then?",126,29,9,164,649,7056
"Jerry was from the wrong side of the tracks, but I married him anyway.",122,38,4,164,649,7175
My husband's kinda woo-woo.,128,26,10,164,649,7453
"Mom, we really need to upgrade our Roomba.",140,17,14,171,649,4227
"Yes, Arthur has been pursuing some at-home training for work recently.",136,28,7,171,649,4721
He says it reminds him that my father railroaded him into marrying me.,149,31,12,192,649,2061
We’re told this is the good side of the tracks!,120,26,8,154,649,124
And Charlie no longer rides forever 'neath the streets of Boston.,129,32,7,168,649,345
Buying in bulk has one drawback.,132,24,12,168,649,603
It’s one of the advantages of having a one-track mind.”,135,25,8,168,649,773
'You get so you don't notice it after a while.',119,26,9,154,649,1180
Build it and they will come,133,35,7,175,649,1368
We can double the homes' resale value if we can get them to schedule a stop in the study!,135,31,9,175,649,1442
Finally I'm getting to work on time!,117,32,5,154,649,1511
"Then the fortuneteller told me that if I was proactive enough, the right man would come rolling into my life.",123,31,7,161,649,1829
More like tripping over it on my way to the John all the live long day.,116,21,10,147,649,2308
Jim keeps hoping for the midnight special.,130,16,15,161,649,2462
...but it's not all bad. Weekend and late night service cuts through the Jefferson's.,97,22,7,126,649,2654
It's our version of the Stair Master.,108,26,6,140,649,2656
He outgrew HO scale.,125,27,9,161,649,2926
I keep losing my train of thought.,142,40,7,189,649,3143
Edgar likes to pretend he’s Snidely Whiplash,120,37,4,161,649,3418
He started with model trains and it just got away from us.,124,28,9,161,649,4223
The 5:15 stops at the powder room.,107,26,7,140,649,4283
"Well, it does get a little noisy but the south view is wonderful!",117,20,10,147,649,4375
Our therapist said we were completely off the rails.,127,34,7,168,649,4414
It was easier for them to ask forgiveness than get permission.,127,22,12,161,649,4510
"Imminent domain? Well, look on the bright side; it could have been a wall.",126,26,9,161,649,4679
Finally on the right side of the tracks.,123,31,7,161,649,5363
The title search left something to be desired.,122,32,7,161,649,5593
We decided a more convenient commute would spark joy.,129,30,9,168,649,6019
They're calling it the Low Line.,128,33,7,168,649,6088
"Once a railroad man,always a railroad man.",135,42,5,182,649,6111
"Say what you like about my ex, he made the trains run on time.",116,20,11,147,649,6624
"Now that I'm in walking distance to the train, my commute is down to under an hour.",111,30,6,147,649,6633
We like to keep track.,124,28,9,161,649,6665
"My mother said, 'What did you expect? It's a railroad flat.'",122,32,7,161,649,6733
I told him to pursue his hobby; I can't turn back now.,109,34,4,147,649,6819
"Yes, it's parked in the kitchen.",126,36,6,168,649,6936
"It is kind of noisy, but it cuts John's commuting time in half.",115,22,10,147,649,7243
"We couldn't build  a Wall, so in the same spirit we built a rail to yesterday",137,33,9,179,649,3547
I like to think that at any time I could just roll on out of here...,135,37,7,179,649,5195
We bought it from the person who wrote 'A River Runs Through It'.,136,25,11,172,649,410
Elon Musk really does have some crazy ideas.,130,36,6,172,649,2381
John believes in a simpler time before drones.,134,27,11,172,649,2482
Edgar's commute is less stresful now.,127,29,9,165,649,458
"Yeah, my husband took his model train hobby to the next level.",125,33,7,165,649,479
"Yes, it's a little noisy but the commute's a snap!",122,39,4,165,649,1575
It’s convenient and I’m able to serve dinner every night at 6:02 pm.,120,32,6,158,649,107
We are on a really tight schedule,122,30,6,158,649,954
This family is back on track.,123,25,10,158,649,2274
We just love being so close to the subway.,118,36,4,158,649,2930
"The Roomba is pretty good with most things, but not with tracks.",119,34,5,158,649,3036
It’s noisy but the commute is really convenient.,121,29,8,158,649,3648
It has cut Dave’s commuting time in half.,115,29,7,151,649,366
We just found out that our home was part of the underground railroad.,112,35,4,151,649,648
It reminds Lionel and me we met at Union Station,113,33,5,151,649,3500
You have my full attention...until the 10:05 and its on schedule today...,115,29,7,151,649,3757
All I could afford in Brooklyn was a railroad apartment.,115,29,7,151,649,3874
They grow up so fast.,111,25,8,144,649,4127
"Yes! Can you believe it?  So I told him where he could stick his eminent domain!  Well, that didn’t work too well.",106,23,8,137,649,2368
I liked it better when Eminent Domain gave a big check and you could move wherever you wanted.,104,27,6,137,649,3126
We heard that living on the wrong side of the tracks can help with college admissions.,133,36,7,176,649,6102
"On the other hand, Walt's commute is a breeze.",135,32,9,176,649,6752
It's a big apartment.,133,30,6,169,649,6
You wouldn't believe how much it costs nowadays to live on the right side of the tracks.,130,31,8,169,649,489
"After we achieved some level of comfort, William wanted a shorter commute.",127,36,6,169,649,2595
The governor's L train proposal really hits close to home.,124,31,7,162,649,309
I see you've been training,129,27,6,162,649,716
"Sadly, my commute to work hasn't changed. The nearest station is a town over.",128,24,10,162,649,1157
It's my thoughts. They go nowhere...,127,26,9,162,649,1451
The upside is 5 minutes from now the Local will stop in my dining room and we can go aboard for sandwiches and chips.,122,36,4,162,649,1701
We have a good shot on the appeal.,125,30,7,162,649,1875
My therapist says I need it to get back on track.,127,27,8,162,649,2326
I'd like to get my life back on track.,128,26,8,162,649,3275
But commuting is so much easier now,126,27,9,162,649,4676
"It's a more literal version of a railroad apartment than most, but the price was right.",123,32,7,162,649,4952
I love living in Chicago.,126,26,10,162,649,5167
I told him not to track in my carpet and he never listens.,130,24,8,162,649,5652
"His hobby was model trains, then all hell broke loose.",125,28,9,162,649,6267
Amtrak won't stop because the platform isn't high enough.,126,27,9,162,649,6303
I told Ralph this morning his hobby has finally outgrown the house.,125,32,5,162,649,6322
"Actually,we are on the right side of the tracks.",125,29,8,162,649,7454
The kids love it.,116,34,5,155,649,338
"We asked for a river runs through it, but got this.",124,20,11,155,649,717
"Well enjoy that coffee, we've got peace and quiet until the 11:28 comes through.""",121,27,7,155,649,1440
He started out with 00  gauge,119,29,7,155,649,1853
. . . and he told me that he finally had his life on track.,120,27,8,155,649,2474
It’s a little loud but the commute is terrific.,118,32,5,155,649,2962
Hank should be home any minute now.,121,25,9,155,649,3551
"6am is a bit of a nightmare, but we got it for a great price!",116,34,5,155,649,3554
We know we're on the right track.,120,28,7,155,649,5221
You wouldn't believe how much time Bob now saves on his commute.,119,29,7,155,649,6216
"Yes, it’s another plan of Trump’s to make America safer.",122,22,11,155,649,6692
It's not too bad. After awhile you get so you don't even notice it.,117,32,6,155,649,7251
We’re beta testing Uber X,120,28,7,155,649,7378
The gravy train will be along next,114,27,7,148,649,974
We have two Roombas.,114,26,8,148,649,1864
He never got over his childhood love of trains.,109,36,3,148,649,2554
It’s better than the Dakota Access Pipeline”,115,25,8,148,649,3584
When the listing said Railroad Apartment this isn't what I envisioned.,114,26,8,148,649,3823
It has cut my commuting time in half!,115,27,6,148,649,3864
My lobbying for a local transit stop finally paid off.,116,22,10,148,649,7345
We couldn't decide which side of the tracks to live on.,112,20,9,141,649,5103
One track seemed enough. Herman is bidirectional.,111,21,9,141,649,7109
"Barb, I love the new decor you went Orient Express instead of Oriental Carpet.",110,25,6,141,649,7279
"When John said he wanted to get a Train set
I thought...",145,31,11,187,649,1962
"Well, he's got a one-track mind.",133,31,9,173,649,2059
"It's a little loud and I had to get rid of my white carpet, but the commute is great.",131,27,8,166,649,1662
Yes. It’s the Trans-Suburban,130,30,6,166,649,4242
"The information superhighway bypassed this neighborhood, but I like to think we do okay.",128,32,6,166,649,4506
"You see, my husband grew up on the wrong side of the tracks.",126,33,7,166,649,7411
Wilbur found a new hobby to enjoy during retirement.,119,35,5,159,649,629
But you can't beat the commute.,128,21,10,159,649,708
"Yeah, I rode him out of here on a rail",125,26,8,159,649,1718
I asked him to take the kid out to buy a train set Christmas.,122,31,6,159,649,1738
"If you hear a canary sing, you probably want to head out",124,29,6,159,649,2295
"Yes, my husband sometimes brings work home. How did you know?",121,34,4,159,649,2321
"We had to make a few minor concessions, but we really got a great deal on this house!",123,27,9,159,649,5105
He insisted on an easy commute.,123,30,6,159,649,5504
"It's really not a problem, until the passengers come off the train.",123,27,9,159,649,6429
"He said ""You won't even notice it after awhile""... That hasn't happened yet...",122,30,7,159,649,7189
"It was actually the decorator's idea, but George and I think it strikes the right note of middle aged whimsy.",117,28,7,152,649,5897
"The ad DID say it was a railroad apartment, but it neglected to mention the train.",115,20,10,145,649,3412
"The bathroom is on the wrong side of the tracks, but the commute is a breeze.",108,34,3,145,649,6804
Yeah that's actually a painting.  Wile E's really into it.,146,26,12,184,649,2673
I think we've finally got our life on track.,108,23,7,138,649,6852
"It's noisy, but our commute to work is only 15 minutes.",130,32,8,170,649,1395
"At first it bothered us, but now we hardly even hear it.",130,32,8,170,649,2891
The commute is easy from here!,130,34,6,170,649,4485
It started with some HO trains then he saw an old doc about Walt Disney.,131,32,7,170,649,6207
You can set your watch by it.,123,46,1,170,649,6796
We're just in time to catch the 3:10 to the kitchen.,129,34,7,170,649,7283
"You know Harold and his train display, it gets bigger and bigger every year.",123,35,5,163,649,393
"Sally, let me help you get your life back on track.",128,26,9,163,649,4419
I suppose we knew what we were getting into when we moved to the corner of Atlantic and Illinois Avenues.,125,31,7,163,649,5141
"Since I work at the White House, I guess I should start covering my tracks.",126,29,8,163,649,5491
Bill and I don't go out anymore--it's more exciting staying in.,126,29,8,163,649,6320
He'll be by in Just a Minute With Our Tea,124,34,5,163,649,6766
The change in commute has made him a new man.,124,28,4,156,649,295
It’s OK until the 4:30 AM comes through.,120,28,8,156,649,755
"Well, it is close to transportation.",118,32,6,156,649,3595
Waiting  for the 5:15 to the dining room,122,24,10,156,649,3618
At least it's not a local stop,122,25,9,156,649,3930
At least it's not hauling coal anymore.,121,26,9,156,649,4403
George's hobby is getting out of hand,123,22,11,156,649,5858
"It's hard to find the right track in life, but I found that the right track for me goes through my living room.",121,28,7,156,649,6641
Yes. we may have gone too far with little Donald's Christmas present.,116,27,6,149,649,3203
"My husband told me not to worry, after all it's only a right of way.",113,30,6,149,649,3735
We finally just said the heck with Amazon.,116,24,9,149,649,6559
We think we've solved our problem with porch pirates.,116,24,9,149,649,6689
I’m outta here on the next train.,114,29,6,149,649,6997
"After the tax cuts, we could afford our own subway station.",139,33,9,181,649,146
We'll take the 6.45 to get dinner,141,34,6,181,649,4609
It will pass - just be thankful it isn’t terminal.,110,26,6,142,649,109
I'm sorry. You can't have more coffee. The kitchen is on the wrong side of the tracks.,109,27,6,142,649,3899
I get great discounts on shipping.,110,25,7,142,649,5104
"Trust me, I have some essential oils that will be sure to help you sleep.",136,32,6,174,649,1702
We hardly notice it unless the engineer blows the horn.,132,35,7,174,649,1839
"Compared to what we would have gotten for the house from eminent domain, we're still way ahead.",136,28,10,174,649,4336
He’s due in on the 5:10.,133,33,8,174,649,5289
We want everyone to know we live on the right side of the tracks.,128,31,8,167,649,3178
"Rent’s due on the 1st, and no loud parties.",131,27,9,167,649,4772
It's quite delightful except at 4:10.,128,33,6,167,649,5515
New Yorkers cannot comprehend the allure of Main Line living,130,30,7,167,649,6251
"Yes, Casey usually gets home on the 6:42.",127,33,7,167,649,6295
You should see the size of the garage!,131,28,8,167,649,6390
"""More coffee? Sure thing; the train to the kitchen arrives at 8:42.""",130,28,9,167,649,6723
A hundred thousand a year for the right of way. Defently worth it.,128,33,6,167,649,7042
At least we agree on the importance of keeping track.,123,29,8,160,649,924
I like the way Amtrak makes its lounge so comfy.,119,37,4,160,649,2345
"You know Fiona, you seriously do have a one track mind.",126,25,9,160,649,3318
"To be honest I'm most worried about the kids, apparently their room is on the wrong side of the tracks.",124,27,9,160,649,3633
...And that's my train of thought,126,23,11,160,649,3799
"On the up side, it knocks fifteen minutes off the commute to the office.",123,30,7,160,649,5086
"I know, right! All I said was we needed to make tracks.",125,27,8,160,649,5172
...but the station stop is convenient.,120,36,4,160,649,6203
"Loud, yes, but wait till you see the commuters' expressions.",126,25,9,160,649,6980
We save a lot of money on clocks.,117,29,7,153,649,1111
I couldn't resist.  It's a doorman building.,122,22,9,153,649,1922
At least you ended up on the right side of the tracks.,122,21,10,153,649,3477
And public transportation is so convenient.,116,31,6,153,649,4855
I enjoy getting to meet all the people like you who are waiting for the next train.,118,29,6,153,649,4967
"We have super-duper extra-special heavy-duty Amazon UltraPrime. They not only deliver, but they do it non-stop.",119,26,8,153,649,5554
It’s called the EMINENT DOMAIN EXPRESS,119,27,7,153,649,6059
The rent is a little high but I wanted to live on the right side of the tracks.,121,21,11,153,649,7107
At least this time it's electric,119,25,9,153,649,7344
"He said he was taking up track, but he's dyslexic.",121,25,7,153,649,7433
This used to be Joe Biden's house.,138,31,9,178,649,1631
"He calls it ""transcontinental chic"", but I know it's just another excuse to bring his work home with him.",112,28,6,146,649,6030
The last mile is still a problem.,116,20,10,146,649,6858
"Oh, It’s just a phase he’s going through.",132,32,7,171,649,4409
it's peaceful until the 4:15 comes through,132,31,8,171,649,4951
"Yes, Manhattan is known for these railroad flats--",131,34,6,171,649,5027
“It’s really convenient except when they unload passengers in the bathroom.”,132,31,8,171,649,5049
"It gets a little loud, but I always get my window seat.",130,34,7,171,649,5204
It's how the West was won.,132,31,8,171,649,5402
"Becky, personal drones are so 2018.",130,36,5,171,649,6868
I didn’t think that “Right of Way” was for real when I signed the papers.,108,24,7,139,649,859
"Actually, it’s a step up. Harry and I both grew up
on the wrong side of the tracks.",108,23,8,139,649,2713
It'll be a while before Jimmy outgrows this one.,108,26,5,139,649,6569
"Yes, it took some haggling with the City, but it cut Jim’s commute by about 12 minutes.",124,35,5,164,649,123
"Yes, we did go over budget, but Carl is almost never late to work now.",129,26,9,164,649,1847
We couldn't decide on which side of the tracks to live.,128,26,10,164,649,2174
"When the realtor said it was a railroad flat, 
I didn't think she meant it literally.",124,34,6,164,649,3001
But I have been working on the Railroad...,130,25,9,164,649,4481
"In retrospect, I should’ve told the architect more than “I love the High Line.”",130,22,12,164,649,4728
He says it relaxes him.,100,27,5,132,649,873
When he talked about getting back on track I didn't know he was so literal.,124,22,11,157,649,949
We're doing ok although we wound up on the wrong side of the tracks.,121,29,7,157,649,1273
We were so tired of the long commute.,123,28,6,157,649,2480
Marge — the nerve of that guy telling me that I lived on the wrong side of the tracks!,119,32,6,157,649,3621
We didn't think carpeting would track this badly either,121,28,8,157,649,4472
We built for a shorter commute.,121,29,7,157,649,4746
The easy commute is what sold us.,126,21,10,157,649,5944
"First it was model trains, now he's a director at the MTA",138,37,7,182,649,982
"When I married him, he promised me a gravy train.",143,29,10,182,649,7231
I like to go off the rails every now and then.,98,22,5,125,649,127
"Not bad, so long as I leave before the 8:34 and return after the 5:56.",137,28,10,175,649,627
"We struggled at first, but Glenn and I are finally on the right track.",113,32,5,150,649,766
I get my Amazon deliveries every day on the 3:17. Same day at no extra cost!,116,29,5,150,649,953
We don't like to walk.,117,30,3,150,649,3417
We're never late for work.,139,27,9,175,649,6063
I can never follow Tom's train of thought.,115,28,7,150,649,6772
"I now regret saying yes to Mark's model railway plans, I should have listened.",131,27,10,168,649,126
"Mercy, no! Widening the door was extra!!",132,26,10,168,649,3419
Sure it's  a little noisey but  I never miss my train,129,36,3,168,649,4464
I told him that telecommuting was the best way to work from home - but he's old school.,136,24,8,168,649,7199
After a while we don’t even hear it.,112,22,9,143,649,2003
Your railroad flat is awesome,110,26,7,143,649,4612
The railway easement was in the contract we signed but we really paid no attention to it -- unfortunately....,113,21,9,143,649,5545
"Yeah, when he ordered a tracking device from Amazon, I don’t think this was what he had in mind...",110,26,7,143,649,5967
My husband’s due at 2:18...unless there’s another ‘breakdown’ in the kitchen.,112,22,9,143,649,5998
So. Do you have any hobbeies?,123,31,7,161,649,1855
I was tired of carpet tracks.,125,28,8,161,649,2498
Didn't fully understand the real estate agent when we rented this apartment.  She told us it was a railroad flat.,125,27,9,161,649,3050
I feel I've been railroaded.,122,35,4,161,649,4437
"Yes, I’m still working on the railroad all the livelong day. But I’m now allowed to telework.",124,29,8,161,649,4816
"...So I told Heather if she wants Kevin to share his model train set, she has to share her dollhouse",125,31,5,161,649,5135
It really cut down on Tom’s commute time.,126,30,5,161,649,5347
"Well, a man should have a hobby.",122,34,5,161,649,5752
It's a trade-off between the noise and the convenience.,107,24,5,136,649,2021
I would say having our bedroom on the wrong side of the tracks has spiced things up nicely.,137,34,8,179,649,2365
It’s loud at times but the commute is great!,137,35,7,179,649,6534
Our next stop is my dining room.,119,28,7,154,649,3396
Relocation was never an option,121,27,6,154,649,5257
MetroNorth was having a yard sale.,119,27,8,154,649,5308
"And then Cuomo said rehabilitation was not needed for the L train - he had a cheaper, better plan...",118,31,5,154,649,5913
I thought Eminent Domain had something to do with the Pope.,136,24,12,172,649,886
"What did you mean, exactly, by your 'train of thoughts'?",131,35,6,172,649,1364
The convenience is worth the noise.,134,29,9,172,649,6631
What can I say? It's the only reason we were able to afford this house.,149,33,8,190,649,2225
"He started with Tracks of My Tears, went to the folksy 900 Miles, and then, after a few Woo Woos, he was gone.",145,37,8,190,649,5359
"They said it was right on the commuter belt, they weren't wrong.",111,31,5,147,649,385
"I'd get you something to eat, but the kitchen is on the wrong side of the tracks.",116,23,8,147,649,3999
Bob says it really ties the house together.,113,27,7,147,649,5760
Peter voted for a stop closer to home.,114,25,8,147,649,7264
"It was distracting at first, but makes commuting easy.",127,30,8,165,649,0
"It's just symbolic, our way of protesting the way Trump is trying to railroad his wall through.",128,29,8,165,649,346
He thinks it will help his train of thought,133,23,9,165,649,1059
You have to know when to cross the tracks.,128,32,5,165,649,1366
"Yes, a train runs through it.",126,33,6,165,649,2053
"Yup, so I moved into this railroad apartment. They're supposed to be common in New York.",132,24,9,165,649,3392
It saved our marriage “.,132,21,12,165,649,5064
"After he retired, Larry needed a hobby. I, for one, really think it pulls the room together.",141,33,9,183,649,421
No rush. He’s always late.,143,32,8,183,649,746
"Sure, it's a little loud. But you can't beat the commute.",139,37,7,183,649,1199
He gets home from work in no time.,155,38,8,201,649,2651
"As you can see, he's into full-scale models.",108,26,6,140,649,1168
The public schools by the TV are pretty rough.,110,23,7,140,649,7240
It's a new App. We can go anywhere without leaving the house!,123,26,9,158,649,154
It's an express so it's only bothersome during morning and afternoon rush hours,125,23,10,158,649,1029
I'd say my life is right on track.,123,26,9,158,649,1495
I'm never late for the 7:06.,127,22,9,158,649,1502
He usually arrives home at 6:35.,122,29,7,158,649,3340
"With the government shutdown, we had to cut down on our commuting expense",125,24,9,158,649,5323
It does get us moving in the morning.,121,31,6,158,649,5336
"Well, you get used to it. But that Friday 5 a.m. to D.C. is a real eye-opener.",125,23,10,158,649,5470
We told the broker we wanted to be as close as possible to the train.,124,24,10,158,649,6599
It’s called the High Line Effect. Our realtor says just give it time.,123,28,7,158,649,6992
Herman did emphasize to the broker that he wanted a short walk to the train station.,118,36,4,158,649,7134
It was the only way to kick my Uber habit.,132,39,5,176,649,942
It's really only an issue 4 times a day - and the savings on rent is terrific!,139,30,7,176,649,1790
"Yes, Al has been a serious model train enthusiast for many years...Why do you ask",140,25,11,176,649,2153
My husband Thomas likes to blow off some steam.,136,33,7,176,649,5034
"It's just until the L train repairs are done.""  

John Canning
Sea Cliff, ,NY",137,32,7,176,649,6036
I finally live on the right side of the tracks.,140,23,13,176,649,6402
Is this the wrong or right side of the tracks?,138,28,10,176,649,6730
And they thought imminent domain was the only option.,118,24,9,151,649,1783
I told you not to get railroaded into this relationship.,118,25,8,151,649,3017
"The railroad said they would give us $ 2,000 a day for a right of way through our house--they only come through twice a day. We are getting nothing from our 25 year old son living here !!!",119,24,8,151,649,3901
"Since he began working from home, his commute is so much quicker.",117,29,5,151,649,4022
"And that's when it hit me, they might be able to ban me from their indoor amusment park, but they can't stop me from building my own.",119,24,8,151,649,6310
At least it's not in the bedroom.,116,28,7,151,649,7099
He seems to have a one track mind.,130,33,6,169,649,5952
I warned him I’d run him out on a rail. Now he believes me.,130,35,4,169,649,6305
I think I hear our Uber.,132,27,10,169,649,7233
My husband's model railroading has really gotten out of hand,133,26,10,169,649,7252
We got our toddler a Brio starter set and it just went on from there.,144,34,9,187,649,1813
Just the opposite. We had to pay a premium for being close to the train.,147,32,8,187,649,4210
"Did you get here by Amtrak, too?",113,22,9,144,649,247
Rent controlled apartments are so hard to come by these days.,111,26,7,144,649,521
We live on both sides of the track.,124,33,5,162,649,944
Bob thinks that with his prostate problems this will get him to the bathroom faster.,128,26,8,162,649,1252
"At least now, the relationship is on the same track.",130,22,10,162,649,2372
"It's been pretty quiet around here, ever since they built that new highway.",124,31,7,162,649,3408
"My husband, the mayor, is proud of his example to use public transportation.",127,27,8,162,649,4114
"Wrong side, right side, it looks like you have it covered.",126,30,6,162,649,4819
The place where the train stops was cheaper but Jack and I decided to pay more for extra privacy.,153,35,10,198,649,5131
We told our agent we had to be close to a metro,141,31,8,180,649,5178
I know. My husband is nuts too. Last week he went completely off the rails.,127,25,10,162,649,6116
It started with a Lionel train set when he was nine.,126,27,9,162,649,6355
"We don't have room for a man cave, but this keeps Tom out of my hair 3 out of every 4 minutes.",148,34,9,191,649,370
"And as you can see, the house is conveniently located near the commuter rail line.",148,35,8,191,649,3279
It was cheaper than the one with a windmill or a clown's mouth for a door,131,36,6,173,649,1490
"Well, it chops a good 10 minutes off my morning commute.",134,30,9,173,649,4396
We lead separate lives now....he was always from the other side of the tracks.,118,32,5,155,649,968
"All I ask, is for you to blow the whistle, before passing through my room.",118,31,6,155,649,1425
"When my therapist said, ‘Get on track,’ I took that literally.",121,27,7,155,649,1643
I can’t believe you got the tickets.,125,22,8,155,649,2247
It's his One Track--it goes with his mind.,121,26,8,155,649,4562
"You know, I can and I can't complain about the commute.",120,27,8,155,649,5192
"It's a little risky for the kids, but it's worth it to get them into the schools here.",121,27,7,155,649,5977
I can always call you an Uber.,128,30,8,166,649,1293
It helps with the commute.,126,36,4,166,649,2191
"Yes Sarah, I've decide this is the year I'm going to be on track.",126,35,5,166,649,2841
"Say what you will about Phil, he made the trains run on time.",126,36,4,166,649,2943
The MTA gave us free rides for this alternate L line route,131,25,10,166,649,2983
"The best part about a ""railroad apartment"" is the easy commute.",130,28,8,166,649,3917
"Don't worry, the next one's a local. You can't miss it.",128,30,8,166,649,4141
It mid century.,116,25,7,148,649,150
He does EVERYTHING big.,137,31,9,177,649,2222
Our interior designer wanted Prairie Style revisited.,135,36,6,177,649,2521
Dave said he wants me to get a bigger caboose.,126,22,11,159,649,2623
On the other hand living in a railroad flat makes it an easy commute!,121,33,5,159,649,3454
I guess it's a guy thing.,120,34,5,159,649,3559
It's a charming railroad apartment.,124,26,9,159,649,6258
"When Bill said he wanted to get a train set, I expected a smaller scale.",124,29,6,159,649,6398
"On the upside, his commute is short.",125,25,9,159,649,6566
"Noisy yes,  but the price was right.",109,25,7,141,649,2535
I suppose every man needs a hobby.,109,26,6,141,649,2793
"We have been Amazon clients forever!""",132,29,9,170,649,7447
"On the upside, my commute to work is a breeze.",117,28,7,152,649,2492
"Since the railroad moved out , it's been a little lonely out here.",118,29,5,152,649,2911
We got this place for a song.,117,28,7,152,649,3399
I've been working on that all day.,120,23,9,152,649,3497
Our  commute is so much shorter.,115,32,5,152,649,4400
"Yes, I was railroaded into this marriage.",118,26,8,152,649,4430
Watch out for the guy who lives on the other side of the tracks!,120,24,8,152,649,5164
The white noise helps me sleep through my husband's snoring.,118,26,8,152,649,5309
He promised the commute would be easy,114,34,4,152,649,6693
"Well the listing did say cute, cosy & close to commuter line.",118,26,8,152,649,6895
"On the plus side, it cuts 10 minutes off my commute to work.",118,26,8,152,649,7013
"Eventually, I guess, NIMBY had to lead somewhere.",141,31,9,181,649,6916
Your son does have quite an interest in model trains,102,27,5,134,649,3916
"""Don't worry-there is light at the end of the tunnel""",102,27,5,134,649,4398
Fred’s hobby’s are always over the top,106,19,9,134,649,7034
I’m so glad you’re back on track!,125,34,4,163,649,330
So I guess little Billy got the train set that you said he couldn't have?,126,29,8,163,649,432
We just had to replace the awful track lighting.,127,27,9,163,649,2794
He wanted to move to the other side of the tracks,125,35,3,163,649,2878
"Well to be fair, I did tell my husband to make tracks.",124,33,6,163,649,3225
Can't beat the commute!,127,28,8,163,649,3928
You'll love the latest in tract housing.,131,20,12,163,649,5114
This is nothing compared to the tarmac in Janet's bathroom,127,28,8,163,649,5604
The rent is really cheap for this neighborhood!,124,34,5,163,649,6986
Thomas gets home around five-thirty.,135,30,9,174,649,1312
"It cut his commuting time in half.""",113,25,7,145,649,1634
Donna will be coming round the mountain when she comes...,115,22,8,145,649,2363
"The express train is fine, it's the local that drives me insane.",111,29,5,145,649,4118
I think he's making a point about commitment.,113,29,3,145,649,4665
"Henry never bought in to the 10,000 steps  a day program.",110,30,5,145,649,6917
Our relationship went off the rails long ago.,110,30,5,145,649,7398
"I grant you that “feng shui” is the work of the devil, but does this not tie the rooms together perfectly?",134,33,7,174,649,7410
"I’m sorry, I just KNOW my train of thought is around here somewhere.",147,26,12,185,649,674
Better drink up! The next train is due to arrive soon.,119,31,6,156,649,1295
It's still quieter than my last apartment. Less rats too.,122,27,7,156,649,2246
The 2:10 to the kitchen for more coffee usually runs late.,120,30,6,156,649,2533
The plus side is you don’t have to drive to or from the station,121,27,8,156,649,4252
Harry's convinced we're finally on the right track.,124,22,10,156,649,4650
"Yes, our relationship is right on track.",133,24,10,167,649,4630
This was the only apartment in the city with a reasonable rent.,133,25,9,167,649,6476
Makes my commute much shorter.,105,28,5,138,649,3763
"Janice, do those railroad tracks ""spark joy?""",141,25,12,178,649,1493
"I never notice it, when the conversation is interesting!",136,35,7,178,649,3206
He thought it was a good investment to buy where the railroad would be coming through,115,27,7,149,649,2185
"It's fine, it runs on Clean Coal.",115,27,7,149,649,3849
"Little Winston just wanted a train set but you know Charles, he has to go big on anything for his little man.",116,28,5,149,649,5340
It does make using mass transit more tempting,114,30,5,149,649,7136
"Well, it's a unique way to tell time!",123,31,6,160,649,2167
I'm trying to train myself to stay on track.,125,27,8,160,649,4521
"The train is a bit noisy, but I was able to cut 5 minutes off my commute.",134,30,7,171,649,983
"Think of it as an alarm clock. A very loud, very dangerous alarm clock",130,35,6,171,649,2815
"Yes, trainspotting is somewhat competitive.",133,29,9,171,649,2952
"If you hear a rumble, just chug your coffee.",131,33,7,171,649,4701
Harry’s train phase never passed,132,34,5,171,649,6588
We decided we needed separation,138,38,6,182,649,6742
I have a strange premonition I’m being railroaded,111,26,5,142,649,833
. . . and then he shot a man in Reno just to watch him die.,119,26,8,153,649,665
"Yes, Jim's model train hobby has gotten a little out of hand.",117,31,5,153,649,1279
It was a choice between a nice home or proximity to mass transit.,117,32,4,153,649,2046
"Look, I really don't want to tell you how to conduct your life, I'm just afraid you might be on the wrong track.",121,22,10,153,649,2069
"We can hear that train a coming, coming round the bend...",120,27,6,153,649,2721
It’s only a bother during the morning and evening commutes.,113,38,2,153,649,3656
At least the commute is easy.,121,25,7,153,649,4109
He keeps growing and so do his trains.,118,28,7,153,649,5550
Hopefully David caught the local otherwise he will have to circle back from the Schwartz's.,116,33,4,153,649,5999
"Why yes, he is a railroad man.",121,25,7,153,649,6165
At least half the house is on the right side of the tracks.,127,31,6,164,649,51
"Well, the positives are,  I always know what Frank is working on, and he never complains anymore about bringing in the groceries.",127,29,8,164,649,93
We got tired of all the foot traffic.,130,25,9,164,649,400
The train is so regular that I've been able to stop wearing a watch.,128,28,8,164,649,2667
Leonard should be arriving any minute now.,131,21,12,164,649,2898
I am trying to train my mind to stay on track,132,23,9,164,649,4668
George and I really seem to be living on opposite sides of the track latley.,128,28,8,164,649,4847
Jack is never late for work now.,129,25,10,164,649,5495
"It started with HO gauge, but got out of hand.",128,28,8,164,649,6049
We were concerned about traffic noise at first but now I don't even notice it.,126,32,6,164,649,6870
"They told us about the railroad easement at the closing, but we loved the oversize doorways and high ceilings.",132,39,4,175,649,416
"And once the door frame has been enlarged, we'll finally have train service.",132,38,5,175,649,2027
It’s MY field of dreams.,137,30,8,175,649,3467
"No, not because the walls shake...
I removed the family photos
to protect our privacy.",142,37,7,186,649,7025
I always feel at home in this train station.,106,22,7,135,649,1023
"Like I always said, my Walter has a one-track mind.",107,19,9,135,649,2824
I finally feel like I'm on he right track.,116,23,7,146,649,675
That's why the call it a railroad flat.,114,29,3,146,649,1356
We finally solved Rudy's tardiness at work.,114,27,5,146,649,3056
"Yes, we downsized.  Except for one thing.",113,26,7,146,649,3519
"My place is small, but it’s an easy commute.",113,26,7,146,649,4263
He'll be here any minute. He's got a GREAT caboose.”,112,28,6,146,649,5979
Door to door it takes me 36 minutes to get to work.,122,27,8,157,649,3223
"A short commute was important to us, with the new baby and all.",122,27,8,157,649,5519
We circumvented eminent domain.,120,33,4,157,649,5630
"Oh, it's no big deal. It only comes through once a day.",135,20,13,168,649,419
Bob  really wanted to get our lives on track. It’s only inconvenient when the 3:10 blows thru.,133,27,8,168,649,1044
How did you end up on the wrong side of the tracks??,133,26,9,168,649,1176
But the worst part is the 7:15 blows our lasagna everywhere...,133,26,9,168,649,1378
He just kept upgrading his model trains.,130,30,8,168,649,3894
Mama always said he had loco motives ...,132,26,10,168,649,6202
You're fine Ellie.  Finish your coffee you will certainly catch the 8.34,130,31,7,168,649,6477
"Susan, as your neighbor and your friend, you're completely off the rails.",118,24,8,150,649,505
It’s Harold’s seven-eighths-scale model train project.,118,24,8,150,649,2806
After a few days you get used to it.,122,35,4,161,649,1276
Fred has a one track mind.,128,26,7,161,649,1881
Not the railroad apartment I was expecting,124,31,6,161,649,2842
He's always complained about commute time. I thought this might help.,123,32,6,161,649,2996
We’ve taken up gandy dancing.,125,30,6,161,649,4266
"Yes, our house is usually a train wreck!",127,25,9,161,649,4397
Yeah still no “wall “ but somehow we’re connected to the Siberian Railway.,124,31,6,161,649,5388
So close to the metro the rent was much less than one might expect.,136,29,7,172,649,204
"Sorry, he’s late",134,31,7,172,649,1414
I am off the rails today!,135,32,5,172,649,1799
"In this neighborhood, it was a steal! And the train only comes through twice a day!",135,27,10,172,649,3202
It's pretty much like any other railroad flat.,134,29,9,172,649,3548
We had to. Jimmy was going off the rails!,139,23,10,172,649,6881
"No,it wasnt my first choice, but Harold was adamant that he have an easy commute.",136,29,7,172,649,7023
I'm all about the commute.,141,38,4,183,649,3782
Bob will be on the 4:15. It’s never late.,130,28,7,165,649,377
We don't even notice the noise anymore.,111,25,7,143,649,395
The rent is low.,123,23,8,154,649,1482
"Well, it all started when he was just a kid",118,30,6,154,649,1865
It started with HO scale but now it’s gotten out of hand.,122,22,10,154,649,2043
"I thought he was going to get N gauge, or something.",130,26,9,165,649,2231
We could catch the 4:15 to Rita's.,131,25,9,165,649,2385
A True Railroad Apartment - Our Commute is to die for !,134,38,4,176,649,2388
"Fifty years ago, it might have been a problem.",120,28,6,154,649,2770
At least it doesn't have a third rail.,118,30,6,154,649,2821
I didnn't know you lived in a railroad apartment.,125,19,10,154,649,2879
Sheldon has become an extreme hobbyist.,92,26,3,121,649,3092
"The bathroom is on your left, and the 5:42 from Maplewood is approaching.",112,24,7,143,649,3169
"'Yes, Don's model train hobby got a little out-of-hand, but he always gets to work on time.""",120,30,4,154,649,3575
I am trying to get our relationship back on track,118,30,6,154,649,4004
and my commute’s been cut in half!,137,33,6,176,649,4178
"I don't mind that it grew into this from a small model train railroad, but the vacuuming after the coal cars come through is horrendous.",118,30,6,154,649,4458
I guess we live on the wrong side of the tracks.,119,28,7,154,649,4718
We’re reducing our carbon footprint.,126,34,5,165,649,4859
"Sure it's a bit loud, but so convenient!",137,31,8,176,649,5372
He's hoping coal makes a comeback.,144,36,7,187,649,5981
It's not too bad until rush hour.,121,27,6,154,649,6412
Such a better neighbourhood here than the other side of the tracks.,127,33,5,165,649,7166
"On the other hand, the commute is convenient.",128,29,8,165,649,7320
I haven't missed a train in years!,152,28,11,191,649,95
It’s convenient.,139,33,8,180,649,7430
We wanted to be close to public transportation.,130,32,7,169,649,764
My  husband  retired last year after forty years working for the railway and is having a problem finding a new  hobby,131,30,8,169,649,1825
"Honestly, I don't know if he can. But I'm sure he would if he could.",130,32,7,169,649,4450
It started with a model train he got for Christmas.,125,23,10,158,649,2179
"When he said he was a train enthusiast, I did not expect this.....",124,30,4,158,649,2187
"Oh, just the milk run, and we're at work then.",121,32,5,158,649,2224
I did run track in high school. Why do you ask?,123,27,8,158,649,2958
"It's a little inconvenient, but I don't have to worry about the L train shutdown any more.",121,32,5,158,649,3302
Harold likes it because it's close to transportation.,123,28,7,158,649,3374
Looks like the boys have made tracks for the kitchen.,126,25,7,158,649,4385
Well not exactly what I meant when I said I wanted to get track lighting...,129,16,13,158,649,4415
I got railroaded into this whole train thing.,125,25,8,158,649,5501
Harry likes being able to walk to the train.,125,23,10,158,649,6188
In approximately 3 minutes we can move to the dining room; I hear the train whistle now.,116,22,9,147,649,1345
"Honestly, when he said he would only bring one thing, I just assumed a model.",115,27,5,147,649,1973
I got him a tracking device for Christmas and now he sends me cocoa with marshmallows every half hour.  Will you stay for the 3:47?,112,30,5,147,649,3818
"The master bedroom was re-done on this side of the house, we ultimately put the kids on the other side of the tracks",114,27,6,147,649,3824
It's Infrastructure Week.,114,28,5,147,649,3946
They’re taking  commuter benefits to a whole new level these days.,115,24,8,147,649,5401
We didn't know it was on the right of way until closing.,113,29,5,147,649,6702
"We need to talk about the Steampunk thing""",115,26,6,147,649,7248
You're definitely on the right track,152,34,9,195,649,2157
"Believe me, now commuting's a breeze!",139,26,8,173,649,1496
I love it - it shaves at least 15 minutes off my commute!,134,33,6,173,649,4889
"Well, its better than living on the wrong side of the tracks.",136,28,9,173,649,6483
Imminent Domain?  What's that?!,129,25,8,162,649,2005
"Pardon me, Joy, ‘is that the cat that chewed your new shoes,’ is what I thought you said!",126,28,8,162,649,2641
"So I said to him, why do you say I have a one track mind?",125,30,7,162,649,3609
We finally hired a Bartender for the Club Car.,127,28,7,162,649,4162
"Unfortunately, my husband  lives on the wrong side of the tracks.",125,30,7,162,649,4707
"My husband's in recovery so, you know, once a hobo always a hobo.",128,27,7,162,649,5047
I think he carried his hobby a little too far this time.,126,28,8,162,649,6683
My husband is a train engineer. I hate it when he works from home.,125,31,6,162,649,7278
Looks impressive but sadly no train has rolled down my tracks in months.,122,17,12,151,649,1119
This cuts down his daily commuting time by over 2 hours.,117,28,6,151,649,2253
"Well, you remember ""A River Runs Through It?""",114,33,4,151,649,3807
I couldn't talk him into narrow-gauge,119,23,9,151,649,4513
He started with a model train set and it just grew from there.,117,29,5,151,649,4776
Our marriage counselor said to get the relationship back on track,113,35,3,151,649,6147
I think I see the light at the end of the tunnel,114,33,4,151,649,6367
"I was viewing the cover of the book ""Life back on the rails"" on Amazon. An 1-click later...",112,21,7,140,649,2605
It’s a not so subtle reminder I’m not on the right track in my life.,111,23,6,140,649,3854
I've always favored public transportation,110,23,7,140,649,4201
You did say you would do anything to get to work on time.,138,30,9,177,649,7393
It saves time in the morning.,132,25,9,166,649,1779
His OCD mandates we keep a tight schedule.,129,31,6,166,649,3052
"This way, I know exactly what time my husband will be home.",129,30,7,166,649,6717
...but the rent is an absolute steal.,132,23,11,166,649,7485
"Lionel train sets got so expensive, the real thing was cheaper.",125,19,11,155,649,1129
Do you ever have the feeling you have been railroaded into doing something?,119,30,6,155,649,2437
We got lucky; the lotteries for affordable housing in Transit-Oriented Developments are the most competitive.,120,29,6,155,649,2587
"At least we don't live on the wrong side of the tracks.""",117,35,3,155,649,2866
Their relationship was further strained.  The awkward silences now replaced by something else entirely.,121,27,7,155,649,4085
"Sure it's a crapshoot, but the chances the L Train shutdown lasts longer than our lease are better than even.",122,26,7,155,649,4837
We had to do it to get things back on track.,121,28,6,155,649,5362
Hold that thought.,119,31,5,155,649,5588
"Oh, there's no train; we're fixing our foundation with braces.",124,22,9,155,649,6336
Everyone warned us about the new commuter rail coming in.,120,29,6,155,649,6926
Bob says: 'public transport is the future',118,33,4,155,649,6978
I was surprised how much he missed his commute...,121,27,7,155,649,7338
They added a stop just for Henry.,117,35,3,155,649,7346
My commute is great!,115,19,10,144,649,3914
the basement wasn’t big enough,150,33,9,192,649,4605
And Jim is a lot happier with the commute now.,111,29,4,144,649,4732
"Thank you, yes. I've finally gotten my life back on track",111,27,6,144,649,6608
This house is so much better for the children - their bedrooms are on the right side of the tracks.,146,25,10,181,649,3339
I think you’re taking Magritte too literally.,144,26,11,181,649,5325
It's noisy but my commute is truly door to door.,103,25,5,133,649,4533
"He installed it after I told him I lost my train of thought.

Victoria Bestock, Seattle
(I clicked  on the ""click here"" but the file path was too long and I got an error message.  I hope this caption qualifies for the contest)",135,24,11,170,649,2293
It's my fast track to the dining table!,132,30,8,170,649,4065
They gave me a discount on rent and its the fastest way to get to work.,133,31,6,170,649,4297
"They claimed eminent domicile""",132,34,4,170,649,6492
"""It's a good conversation reminder to stop, look, and listen.""",134,29,7,170,649,6674
We only get the A train.,132,30,8,170,649,6682
It’s much less expensive than a runway.,133,28,9,170,649,6799
We don’t have much time to chat - the local is due in 12 minutes.,125,25,9,159,649,698
"I guess I didn't realize this is what our realtor meant by ""railroad apartment""!",128,20,11,159,649,854
And we love the close proximity to public transportation.....,124,29,6,159,649,1723
"It's great, I commute in my socks.",126,24,9,159,649,2959
Yes - my life's finally back on track!,123,29,7,159,649,3687
It’s great. I  no longer have to go the station to pick him up!,124,29,6,159,649,4014
It does make the commute a bit easier,126,25,8,159,649,4346
I just feel like he's railroading me.,124,29,6,159,649,4380
Our lawyer said it was either this or a border wall out back...,125,25,9,159,649,5310
You have to be from the wrong side of the tracks to really appreciate it.,124,28,7,159,649,6996
"Express PLUS may cost more, but oh what it's done for my commute.",125,27,7,159,649,7011
It shaves a few minutes off of my commute.,115,28,5,148,649,13
We refused to move but we gave them a Right of Way.,117,24,7,148,649,2626
It's a collectors item.,117,24,7,148,649,2831
"I hit ""TrackChanges"" and the next thing I knew...",114,29,5,148,649,4158
I thought the saying was 'life is a highway'...,118,22,8,148,649,4165
"It's the A Train express, but it stops here just for me.",112,32,4,148,649,4490
"Its a bit hectic morning and evening, but we avoid having to stand in rush hour crowds.",116,25,7,148,649,7018
Christmas gets way out of hand in this house.,139,24,11,174,649,2037
"You know, I feel like my home life has so been derailed lately.",137,28,9,174,649,2801
We bought it for the easy commute,136,30,8,174,649,4617
"Sure, it's noisy. But I can commute to the kitchen in 1.3 seconds.",135,31,8,174,649,7364
It does cut down the commute...,105,27,5,137,649,2424
"He may have had a little engine,but boy he really could!",106,28,3,137,649,6309
"About 10 times a day, but the whistle never fails to make me wistful for precious memories of people and things long ago and far away.",125,32,6,163,649,9
"You've noticed, perhaps, the subtle acknowledgement of Fred's New York Central years?",129,27,7,163,649,375
It's a little noisy but we're saving twenty minutes a day on our commute.,128,27,8,163,649,1943
"Sure it’s noisy, but it really cuts down on my commute time.",126,30,7,163,649,2030
"It's a little noisy at mealtimes, but the commute's a breeze",127,29,7,163,649,3070
We think Lionel is on to something.,127,28,8,163,649,4071
The transit score is really what sold us.,126,31,6,163,649,5603
So it appears we're at a crossroads in your treatment.,130,23,10,163,649,6279
I'm just happy the MTA is actually getting it built.,127,28,8,163,649,7088
It has really saved wear and tear on the carpet!,127,29,7,163,649,7399
"With a full-size toy train, you don't have to worry about stepping on it.",147,34,8,189,649,4704
Next bathroom express in 11 minutes.,115,33,4,152,649,259
"Mort really, really, loves public transportation.",123,21,8,152,649,537
"Oh, I don't know.  I think this interest in railways has been good for her.",122,23,7,152,649,1365
"When you consider what it's meant for our commute, the noise is negligible.",116,31,5,152,649,1832
He did tell me he was into training.,119,26,7,152,649,3610
"He prefers a full-size,one-to-one scale train set.",123,21,8,152,649,3755
Cuts commuting time amazingly.,116,35,1,152,649,5322
I feel I'm wasting my life on the wrong side of the tracks.,116,31,5,152,649,6470
The realtor said that Mr. Rogers' mistress used to live here.,120,23,9,152,649,6745
"Size is restricted by the doors, so its not too bad, and we collect a toll.",111,23,7,141,649,4290
"... and, although it’s noisy, it knocks half an hour off the commute.",110,24,7,141,649,5367
We plan to charge tolls when it becomes an urban trail.,111,22,8,141,649,6642
"My marriage was such a train wreck... I mean it was really off the rails, so I figured, why not?",133,28,6,167,649,2120
He says his dream all his life has been to own a big train set.,128,33,6,167,649,2712
"Train is a comin', oh yeah",131,31,5,167,649,4424
The property taxes are to die for.,131,28,8,167,649,5708
Well he always had his toy trains. He said it was a hobby. But I thought once we got  married...,134,23,10,167,649,7335
We didn't want to buy on the wrong side of the tracks.,125,20,11,156,649,186
It creeps me out.It always goes in the same direction.,103,19,8,130,649,3278
We always enjoy the A Train,121,28,7,156,649,3322
"You see, my husband is a traveling man.",125,26,5,156,649,4077
Did you see that caboose?,121,28,7,156,649,4196
"It can be noisy, but you can’t beat the commute.",118,34,4,156,649,4244
"Since the government shut down, it has been very quiet around here!",141,34,7,182,649,6087
"And then I said to myself, ""Why not try living on both sides of the track.""",153,36,8,197,649,6192
"We can put up with the commuter trains, but the 3 am freight train’s a killer.",133,30,8,171,649,2190
"A little noisy, but it sure beats our old shotgun shack.",137,22,12,171,649,5186
It helps me keep on track.,134,28,9,171,649,5840
It's better than having the whole house on the wrong side of the tracks.,114,26,5,145,649,58
I was actually looking forward to the L train shutdown...it would have been nice to get some peace and quiet in here.,115,21,9,145,649,344
We’re still negotiating the eminent domain case.,147,28,11,186,649,549
It reminds me of my hobo days.,128,24,8,160,649,1394
"I know the rules say you can’t build a house on a railroad, but we are Kushners, after all",126,25,9,160,649,1720
Lydia hoped Anette would not ask how her husband's therapy was coming along..,127,24,9,160,649,1876
I just felt like I could never keep track of anything.,128,25,7,160,649,2506
It's much easier now to get back on track after I lose my train of thought.,129,22,9,160,649,3131
thank goodness we're on the right side of the tracks.,126,28,6,160,649,3132
...it's actually supposed to stop running next year,127,26,7,160,649,4384
"It reminds him, that like a train, if he is not here when I need him, there will be another one here soon.",125,27,8,160,649,7160
Lionel really needs to dial back their toys,132,39,4,175,649,3367
My old place was a 10 minute walk to the station.  This is so much more convenient.,137,29,9,175,649,4183
"It cost a lot of money, but my children will never live on the wrong side of the tracks.",136,33,6,175,649,4857
I love it when my vacuum cleaner leaves tracks in the carpet.,135,33,7,175,649,5564
This hobboy of his is really starting to annoy me.,139,25,11,175,649,7245
"He was always humming ""3:10 to Yuma"", but I never thought he'd go this far.",114,30,5,149,649,3025
You wouldn't believe what a great deal we got on this house!,117,26,6,149,649,3123
We really wanted a place close to public transportation.,117,27,5,149,649,5398
It all started with the HO set he built when we were first married.,115,28,6,149,649,5874
Ours is a model marriage.,133,23,8,164,649,1992
Joe said he just couldn't take the drive to work any longer.,131,22,11,164,649,4693
At least this is not a local stop any more.,128,28,8,164,649,5954
"Now that we're in a ground floor apartment, we thought, ""Why not?""",125,35,4,164,649,6605
It’ very comfortable on this side of the tracks.,139,32,8,179,649,3208
I like being from the other side of the tracks,141,28,10,179,649,4324
Glad we got off on the right track,136,39,4,179,649,4935
It's cut our commute time.,106,27,5,138,649,179
And we finally got our household expenses on track.,109,21,8,138,649,6606
I love this ‘home depot’.,118,29,6,153,649,260
"Yes, it is a little noisy, but the commute to work is a snap!",124,22,7,153,649,1609
It is non-stop with him all the time.,118,29,6,153,649,2682
It's the fastest way to get from the refrigerator back to watch the game.,118,29,6,153,649,4725
I figure the way Amtrak is headed I'll be able to carpet over the whole lot in a couple of years,120,25,8,153,649,6215
"Unfortunately, they're not shutting down the L line after all.",125,18,10,153,649,6407
"'Sorry, we got off track.'

'I completely lost my train of thought.'",131,29,8,168,649,3243
Could it be that we are both on the wrong side of the tracks?,133,25,10,168,649,3328
Driverless cars? Who needs them?”,133,25,10,168,649,4305
It’s much cheaper than living on the express track,142,34,7,183,649,2577
"yeah, but the commute's gotten a lot easier.",111,25,6,142,649,206
I feel like my life is a total train wreck.,112,24,6,142,649,1191
"I know you wanted a shorter commute, but this is ridiculous.",111,24,7,142,649,6921
"We’ve made some friends on the local, but the express has broken china in the cupboard.",110,27,5,142,649,7183
"Somehow, my transit-oriented housing solution got off track.",124,27,6,157,649,1953
We couldn’t find a more convenient commute.,120,34,3,157,649,2356
He still doesn't believe we're all being tracked.,124,24,9,157,649,5376
"He wanted a motorcycle, so I had to settle.",122,28,7,157,649,5503
I wish he wouldn't bring his work home.,121,33,3,157,649,7229
We’re very pleased. Not a single one has derailed since we moved in.,120,32,5,157,649,7254
The proximity to the train station sounded like a really good selling point when I saw the ad...,137,24,11,172,649,5684
Maybe we shouldn't have gotten Jonathan the train set for Christmas,141,21,10,172,649,6433
It's actually very convenient for bulk deliveries.,147,32,8,187,649,5960
Walking between the rooms just got too tedious.,103,21,7,131,649,1052
"Well for starters, we got a deal you wouldn't believe, plus it's super convenient if you're heading to Yonkers.",117,21,8,146,649,1757
His obsession with trains has really taken over!,115,23,8,146,649,6440
We told the realtor we wanted a home away from the airport.,115,27,4,146,649,6834
… but the right–of-way revenue allows us to afford the apartment.,124,31,6,161,649,1324
Our therapist says we are on track,131,21,9,161,649,4276
I told my husband that when he retired it would be the end of the line.,127,28,6,161,649,4407
Location is everything—our commute is now 20 minutes shorter!,125,29,7,161,649,4968
It matches the lamps.,123,33,5,161,649,7424
I lived in a railroad when I first moved too. You'll get used to it.,133,40,3,176,649,2545
"Jack does have his weak points, but he is well trained.",137,31,8,176,649,3372
"Yeah, we really have to watch out for the 6:53 from Poughkeepsie.",139,28,9,176,649,7412
"The problem is,  I don't whether I'm living on the right side or the wrong side of the tracks.",131,24,10,165,649,35
"I agree, it takes a certain sort of mind to appreciate.",106,23,6,135,649,201
"Yes, but it makes the commute so much easier.",134,26,5,165,649,1694
It prevents manspreading.,144,27,9,180,649,2073
.....and our real estate agent was able to get us a price we couldn't pass up!,120,25,5,150,649,2112
"There's a freight that comes through every morning at 5:15, but other than that we hardly give it a thought.",117,28,5,150,649,2382
He wanted a railroad and I wanted original details.,105,24,6,135,649,3376
Bigger the toys.....”,118,24,8,150,649,3449
It's a childhood obsession his therapist  is helping him work on.,128,31,6,165,649,4180
At least you and I are on the right side of the tracks.,118,26,6,150,649,4189
"Sometimes the late express is a hassle, but we're usually done with dinner.",125,36,4,165,649,4411
"What a morning, I ran of milk, burned the children's toast AND I missed the A Train!",121,20,9,150,649,7406
Or we could just relax and enjoy ourselves.,141,37,6,184,649,3321
We have one strict rule in this house: 'No singing that Sheena Easton song.',136,22,11,169,649,904
"Some disagree, but I think we bought on the right side of the tracks.",131,31,7,169,649,1713
We were looking to be near a through line!,132,32,5,169,649,4483
My decorator said that Floor Art is the latest thing.,131,31,7,169,649,7369
"Pardon me Gail, is that the........",123,21,10,154,649,2847
"Of course, I envisioned a miniature version.",119,29,6,154,649,4148
I know but otherwise they would have shut down the L train for eighteen months.,118,32,4,154,649,4836
Talk about getting sidetracked.,121,25,8,154,649,6162
He thinks this renovation is a train wreck but I think we’re right on track.,126,17,11,154,649,6548
But it really cuts down on his commute time!,119,31,4,154,649,7016
"They said they'll put in a crossing sometime next year, budget allowing.",118,31,5,154,649,7311
This apartment used to be a park called “The High Line.”,120,27,7,154,649,7429
I'd invite Carol to join us but she's from the wrong side of the tracks.,137,26,10,173,649,209
The new zoning laws have really brought down our rent.,141,24,8,173,649,2723
"Since then, our relationship has been back on track.",136,30,7,173,649,4875
"Timmy wanted a Lego set, but somehow this was cheaper.",139,26,8,173,649,6836
It can't be 4:30 all ready. The 4:20 from Boston isn't here yet.,126,24,8,158,649,745
"The other option was eminent domain.""",121,33,4,158,649,1338
Here comes the 3:10 to the kitchen,120,35,3,158,649,2018
It cuts my commute time to dessert in half.,122,31,5,158,649,2377
"Wayne wanted to be a symphony conductor, but we had to settle.",125,26,7,158,649,3045
I was always losing my train of thought.,129,17,12,158,649,3062
I think you need a haircut.,131,12,15,158,649,3333
It's what happens when you try to negotiate eminent domain with this administration.,125,24,9,158,649,3703
When the broker said it was a railroad apartment...,124,28,6,158,649,5285
He’s been working on the railroad,126,23,9,158,649,5474
I still have to wait for the 5:15 to the kitchen.,124,27,7,158,649,5587
My in-laws love our children very much.,128,20,10,158,649,6051
It was a spur of the moment kind of thing.,124,27,7,158,649,6448
But the rent is great!,111,26,6,143,649,869
"Bob is very serious about his hobbies.""",110,29,4,143,649,4191
"I know, but with this I can finally keep track.",116,18,9,143,649,6646
the L train?! oh how convenient!,117,16,10,143,649,7222
Moving here has shaved 5 minutes of my commute!,101,24,3,128,649,1114
I'm waiting for the espresso.,103,16,9,128,649,7081
it's cut our commute time to the city in half,134,39,4,177,649,34
"Yes, it's wonderful! Frank never gets stuck in rush hour traffic.",139,30,8,177,649,5537
So I told him to go to L.,141,27,9,177,649,6008
We're thinking of putting in a vending machine for other travelers.,136,36,5,177,649,6144
It seems John's model trains grew up with him...,129,28,5,162,649,540
"It's noisy and dirty, but it really speeds up Bill's commute.",124,33,5,162,649,1816
I get derailed easily.,126,32,4,162,649,2942
"Imminent domain, my ass...",132,20,10,162,649,3241
The kids come home and leave tracks in every room.,128,25,9,162,649,3529
I  misunderstood  when they said Right of Passage,128,25,9,162,649,4410
"The second he gets off the train from work, I get on.",126,30,6,162,649,4547
The noise from the neighbors is only part of the problem.,129,26,7,162,649,6122
"You know Charles, he loves his infrastructure.",125,31,6,162,649,7237
We bought this place for the easy commute.,115,25,7,147,649,1961
"I hate that his favorite movie is ""Planes, Trains, and Automobiles""",114,27,6,147,649,2515
The commute killed him.,121,18,8,147,649,2935
I don’t want to hear your trainsplaining.,113,29,5,147,649,6500
"A little unconventional, I know, but you can't beat the commute.",142,32,7,181,649,4043
It's a little rough when it makes the turn under the Christmas tree but the kids love it!,127,36,3,166,649,1339
"""So then little engine that couldn't started having an affair with his secretary.",134,23,9,166,649,2579
"He's taking his appointment to the MTA board a little too seriously, don't you think?",125,38,3,166,649,3210
Carl’s much happier now. It literally cut his commute time by half.,133,25,8,166,649,6654
I take it you're still at his one track mind stage . . .,115,32,4,151,649,1883
"Unfortunately, it's just the Express.",117,29,5,151,649,2354
It all started when he watched ‘Thomas & Friends’ as a child.,119,24,8,151,649,5254
Going full-scale with one's hobby is just the next logical step. Don't you think?,121,25,5,151,649,5529
"For one, Westchester schools are very highly rated.",117,29,5,151,649,6552
They told me Mussolini used to live here.,150,25,10,185,649,2991
I feel like we were railroaded into buying it.,131,33,6,170,649,1948
"Well, it certainly adds some thrill to playing “here comes the choo-choo!” while we’re feeding the baby.",134,28,8,170,649,2142
Your train will be here any minute.,132,31,7,170,649,2919
"On the other hand, it's a much easier commute to work.",135,28,7,170,649,3794
You could say he's never grown up,106,27,3,136,649,4904
"First it was HO gauge,then O scale.  What can I say?  Freddie just LOVES trains!",134,27,9,170,649,4938
"It's a little noisy, but my commute is so easy now.",132,32,6,170,649,6662
Love the outdoor design elements!  You’re definitely on the right track.,123,24,8,155,649,850
"Yes he ordered a model train, but it was too inconvenient to return.",121,27,7,155,649,1619
And the clincher was when the real estate agent told me about the easy commute I would have,121,27,7,155,649,1705
Best commute ever!,122,25,8,155,649,2956
So I see Ryan still hasn't gotten through his train phase,124,25,6,155,649,4779
"I like realism when writing my book, ""A Train Runs Through It.""",120,30,5,155,649,6213
We're the last stop in the 52 Places to Go in 2019!,123,25,7,155,649,6657
Wilbur has upgraded from his Lionel set!,134,35,5,174,649,1460
"Now, I can sleep in mornings, because I no longer have to drive Ralph to the station.",137,30,7,174,649,1796
We’ve found the hourly torment to be a real bonding experience.,137,32,5,174,649,2034
Mother always said he'd be the sort to railroad me.,131,40,3,174,649,6918
Bob will be home any minute; it’s such an easy commute now!,110,23,7,140,649,1251
"Well, we’re trying to travel more now that the kids have moved out.",109,26,5,140,649,5927
We're mining bitcoins.,113,21,6,140,649,7227
I bought him the large toy train for Christmas.,129,23,7,159,649,226
Bob just got tired of driving into the city and dealing with the parking ...,126,28,5,159,649,420
I finally feel like my life is back on track.,125,27,7,159,649,827
"When we moved here, George told our realtor our chief criterion for buying a house would be close access to public transportation.",123,30,6,159,649,2218
"I told Bob I wasn't sure we would like a Railroad Flat, but he insisted the price was too good to pass up.",128,23,8,159,649,3053
"At this stage in my life, I actually prefer the local.",122,33,4,159,649,4603
I need to blow off some steam and get my life on track.,126,27,6,159,649,6696
He hates rush hour.,126,25,8,159,649,6902
Now he's much less likely to miss his morning train.,140,30,8,178,649,1186
Jim hates to be late for work,138,33,7,178,649,4606
"I'm doing my thesis on the ""Dopler Effect""",142,29,7,178,649,6195
"The rent is very cheap and of course, we are all hearing impaired.",114,23,7,144,649,2835
"Big tracks; small train.
We cope.",112,26,6,144,649,6389
"Yes, Harold was devastated when they fired him, so we got this and he sits here every morning in his suit and then says, ""I guess they are still on strike, so I'll have to stay home today!"" And he's all happy.",116,21,7,144,649,7061
"My boyfriend says I’ve been off the rails lately, so I had these installed.",133,19,11,163,649,617
A free transfer is valid only downstairs.,126,31,6,163,649,706
"I was forced, pressured, badgered, I don't know how else to put it.",132,19,12,163,649,825
"Before we got married, my husband told me he was a big train buff, but I never expected this!",133,22,8,163,649,4328
He swears it's cut his commute by 20 whole minutes!,128,27,8,163,649,4632
I  still will not be railroaded,127,32,4,163,649,5307
He's over compensating since he never had a model train set.,130,24,9,163,649,5842
Charley finally convinced the MTA to let me move into the Scollay Square station. Pretty cozy don’t you think?,127,30,6,163,649,6210
"Greg insists there's a little-known ""Railroad Home Office"" deduction.",127,29,7,163,649,6288
I thought it was just a figure of speech.,129,27,7,163,649,6363
it comes with a lifetimes first class travel on Amtrak,142,32,8,182,649,3193
"Come L or high water, I'm getting to work on time.",141,36,5,182,649,3877
we converted this apartment from a railroad flat,144,29,9,182,649,5916
The realtor did say it was a railroad apartment.,140,37,5,182,649,5920
It's not so bad now that they reduced the night-time schedule.,115,30,3,148,649,1837
"Well, it's extra convenient, and the MTA pays the rent!",119,23,6,148,649,2360
"Honestly, it’s halved the morning commute.",115,28,5,148,649,2709
Our therapist suggested a different train of thought.,118,27,3,148,649,6357
"Well there goes my train of thought again. I’m sorry, Susan. What were we talking about?",131,28,8,167,649,596
You're always saying you want a shorter commute.,131,31,5,167,649,1753
The weekend closures are becoming a real problem.,134,27,6,167,649,4358
It's the only way I can keep track of my family.,133,24,10,167,649,5157
I am his third rail.,146,32,8,186,649,1300
This is a terrible investment mom,149,27,10,186,649,2025
"When I saw this railroad flat, I just had to have it!",121,23,8,152,649,668
It really cut down on his daily commute to the den.,122,20,10,152,649,3517
No clock needed. I know the time by the train schedule.,135,29,7,171,649,3792
Dinner's running a little behind.,104,23,6,133,649,3816
This all started with his model train set.,119,26,7,152,649,4243
I found my train of thought.,124,18,10,152,649,4803
We don't believe in eminent domain,137,26,8,171,649,5009
Well Jack lives on the other side,138,24,9,171,649,5742
The upside is an easy commute.,117,30,5,152,649,6896
"The rent's a bit steep, but there's an express every 20 minutes, except nights and weekends.",131,35,5,171,649,7309
My mom used feng shui to make sure we mostly grew up on the right side of the tracks.,134,29,8,171,649,7384
You can't beat the breeze in the summer.,137,31,7,175,649,560
"Locomotion, locomotion,locomotion.",138,30,7,175,649,3409
"Then, I keep Anna Karenina on the nightstand and everybody in the family on pins and needles.",143,20,12,175,649,5759
"I did say no, but he railroaded me.",122,27,7,156,649,3606
We were tired of people telling us that we lived on the wrong side of the tracks.,122,27,7,156,649,4792
sugar and cream will come in the next train,122,29,5,156,649,5956
He'll be here sharp at 3.05pm.  It's a very reliable service.,106,26,5,137,649,1446
It helps keep me regular.,128,23,9,160,649,1564
You know...it's loud.,127,25,8,160,649,2244
I love it here. My commute has been cut in half.,127,27,6,160,649,4461
...the new Amazon-Amtrak collaboration will change our lifestyles for ever.,126,26,8,160,649,4716
"Oh Betty,you have such a one track mind.",126,26,8,160,649,5610
I remember the fateful day Phil announced he'd outgrown toy trains.,127,24,9,160,649,6619
"Well Pauline, what do see as the peril of visiting me?",112,22,7,141,649,1724
"My Ex still hasn't moved out his stuff, so lately I've been dropping a few subtle hints.",109,27,5,141,649,2544
Harold left his job to mine Bitcoins.,109,27,5,141,649,3786
How does one tell her husband that he's taken is hobby too far?,128,31,5,164,649,331
It’s cut his commute in half!,129,27,8,164,649,986
My new boyfriend?  He's just passing through.,127,31,6,164,649,1766
He loves Thomas the Train so now we're on their route.,129,30,5,164,649,1842
My New Year's resolution is to wake up without an alarm.,128,30,6,164,649,3963
They call it imminent domain.,130,26,8,164,649,4927
I'm telling ya... There is no stopping Billy on his way to the fridge!,134,20,10,164,649,4976
It's the only way I can keep track of my husband.,127,31,6,164,649,5351
You know what they saw about boys and their toys.,127,31,6,164,649,6822
"Oh, it’s what they call a ‘railroad apartment’”.",132,21,11,164,649,7015
We were hesitant about the railroad apartment in the beginning but so far it's working out great!,115,24,6,145,649,443
It just feels like you're stuck on a one-track mind.,114,24,7,145,649,511
"Yes, I was railroaded by Corporate.",113,29,3,145,649,3768
We really wanted a place close to the High Line.,114,24,7,145,649,5019
Are you sure it's not laminate?,115,23,7,145,649,5067
The rent’s cheap but you gotta be careful where you walk in  towel.,113,26,6,145,649,6110
We wanted something convenient for the morning commute.,148,33,6,187,649,5450
He snores so loud I can’t sleep.,135,23,10,168,649,257
"At least we're not on the wrong side""",135,22,11,168,649,851
My husband comes in every 20 minutes.,131,30,7,168,649,4574
"If this side is wrong, I don't want to be right.",134,24,10,168,649,4945
It’s not too bad. It stops running at 4:00 AM.,129,34,5,168,649,5561
"I'm just saying, the importance of having your kids grow up on the right side of the tracks is something that might be worth revisiting.",132,28,8,168,649,6821
"Wow...I *know* you said you lived 'just this side of the tracks', but...",131,30,7,168,649,7184
At 5:03 Dan has time for a quick visit.,133,28,7,168,649,7390
"I wanted a two-story colonial, but Bob insisted on this tract house.",153,26,12,191,649,4908
He wanted to work closer to home,117,27,5,149,649,347
I can feel my life getting derailed.,116,27,6,149,649,1192
"On the other hand, it makes my commute a lot more convenient.",118,23,8,149,649,1756
"Our daughter was told she'd make a great conductor by her teacher, so we got her some facilities.",116,28,5,149,649,2527
"It's a convenient location, but when we first landed here, the landlord just owned this property -- since he bought the Pennsylvania and B&O Railroads, rent has skyrocketed! If he acquires the Short Line, I'm afraid it's ""game over"" for us.",116,29,4,149,649,3350
We wanted a river but had to settle for this.,120,23,6,149,649,3590
He had a deprived childhood...,133,33,6,172,649,376
I figured if it was going to be delayed I might as well be comfortable.,134,32,6,172,649,1182
What was I saying? I lost my train of thought.,136,31,5,172,649,2612
The tracks of my tears.,135,30,7,172,649,5213
"Well, I think I should get SOME credit for nixing John's pet alligator.",139,23,10,172,649,5538
"Well, on the plus side, now Harold is never late for work.",134,33,5,172,649,6000
This hobby of his is getting out of hand,136,29,7,172,649,6638
I am so glad I was able to track you down.,136,30,6,172,649,7137
‘“At first the vibrations were annoying but I’ve just learnt to lie back and enjoy them’”,121,24,8,153,649,730
So then things got so bad I told my boyfriend to make tracks . . . .,123,24,6,153,649,6263
It's literally steps from the L train.,118,32,3,153,649,7409
We're passionate supporters of the governments new infrastructure plan.,123,30,4,157,649,274
But here in Coney Island we were able to afford this two bedroom.,123,28,6,157,649,570
"The DOCTOR said for him to get a hobbie,first he wanted to be  a elephant trainer....",123,27,7,157,649,699
Nice to meet you — we’ve always dreamed of living in Chattanooga.,122,30,5,157,649,835
"I would have preferred a ranch, but my husband had a one-track mind.",122,29,6,157,649,2863
Can't beat the location,124,29,4,157,649,3857
"Harry said, ""You can't put a dumb waiter in a single story house!"" I guess I showed him!",122,29,6,157,649,4651
We couldn't find a place that was reasonable next to the actual High Line.,127,21,9,157,649,5581
It IS noisy. But shortening the commute is important to us.,120,33,4,157,649,5734
I should have never told my husband he was too old to play with toy trains.,126,21,10,157,649,5885
That's how I keep track of him.,124,25,8,157,649,6152
My husband never covers his tracks.,124,25,8,157,649,6272
"Yes, John admits his interest in model railroading has really grown.",146,24,10,180,649,3700
I chose it because it's close to transportation,143,28,9,180,649,6123
Sometimes it's like a freight train came through here.,128,27,6,161,649,600
The realtor said it would be an easy commute to work.,142,37,5,184,649,703
Are you familiar with the term 'railroad flat' ?,127,26,8,161,649,3912
It's not the gravy train.,127,27,7,161,649,4338
It's cut Ted's commute in half.,127,26,8,161,649,4554
I'm worried that Jack's model train obssesion might be going a bit off the rails.,131,21,9,161,649,4877
His mother gave away his model train layout,129,22,10,161,649,5128
"The views are meh, but the commute is to die for!",144,33,7,184,649,5130
"He said it’s not for me, it’s for us.",125,30,6,161,649,5659
When the railroad went under we got a great deal on this lot.,126,28,7,161,649,6604
When Arnold left me I felt I had been run over by a train.,126,28,7,161,649,6864
"Like my Haiku? Right side, wrong side, one track mind.",130,24,7,161,649,6961
"I don't know, Karen. I feel like we're getting a little off-track.",128,24,9,161,649,7120
"we're a roadrunner-friendly, coyote free household.",131,29,5,165,649,325
It's Cuomo's detour for the L train.,129,30,6,165,649,1275
You know my smile looks out of place...if you look closer it’s easy to trace.,132,27,6,165,649,1889
We had no idea this was what they meant by 'full service' unit!,134,21,10,165,649,3516
He's grown up with his train set.,130,27,8,165,649,4130
I always dreamed my children would grow up on the right side of the tracks.,131,26,8,165,649,4325
I think Rodger’s model train hobby is getting out of hand.,129,29,7,165,649,5100
We like to live on both sides of the track.,130,27,8,165,649,6035
I still feel like they railroaded us into buying.,127,33,5,165,649,7415
And our new place couldn't be closer to transit,112,26,4,142,649,4943
It started out as a hobby.,129,36,4,169,649,1000
"“I can’t figure out if I’m on the good side of the tracks 
or the other side of the tracks.”",132,30,7,169,649,4749
I've been railroaded into everything.,134,26,9,169,649,7448
"Actually, we're just part of Ed's model railroad",119,16,11,146,649,1576
How much earlier do you get home?,117,20,9,146,649,3379
It's not so bad if they are on schedule.,112,30,4,146,649,5966
Got railroaded into this!,140,22,11,173,649,122
I love the open L train floor plan.,133,35,5,173,649,807
Jim comes home on the 4:43.,139,27,7,173,649,1527
It's perfect for commuters.,135,32,6,173,649,3034
"It didn't take us long to lay the track. Unfortunately, it leads to nowhere.",119,24,7,150,649,707
"Yes, this is a true railroad apartment.",122,21,7,150,649,1846
"Eminent domain? More like, most convenient commute ever!",119,23,8,150,649,2550
The railroad declared “eminent domain” on my property & wanted to tear my house down. But  I worked out and compromise & it turned out to be a win win for both of us.,115,32,3,150,649,4374
"Bill got it on sale, High Noon memorabilia.",120,24,6,150,649,5426
And then he said ‘Let’s not get sidetracked.’ Can you believe it? I still smile when I reminisce about it.”,120,23,7,150,649,5448
His favorite movie is ‘Stand by Me’ and my favorite book is ‘Anna Karenina’ so...,121,22,7,150,649,6277
I can’t complain. He said he was making tracks toward his career goals.,135,38,4,177,649,2499
Bob was getting tired of the commute,123,24,7,154,649,102
Life on the right side of the tracks.,121,26,7,154,649,184
I think you should go blow off some steam.,122,25,7,154,649,1231
When Harry said he'd rented a railroad apartment ... I had no idea!,121,27,6,154,649,1805
"We decided that instead of the constant barrage of the 24-hour news cycle, we'd try nonstop trains careening through our home.",119,30,5,154,649,2543
"I know, but it cuts our commute in half.",119,30,5,154,649,2600
with the delays we can have a full night sleep,121,28,5,154,649,3817
"I love the morning runs, so I can wave to the passengers",120,28,6,154,649,5148
"It's a railroad apartment, specifically the Metro-North.""",124,20,10,154,649,5188
"As a matter of fact, he's a hobo.  And he should be here any minute now.",120,29,5,154,649,5306
Getting to work is very convenient.,123,27,4,154,649,6574
I put them in hoping my train of thought would return.,126,18,10,154,649,7423
Don’t home improvement projects seem never-ending?,103,22,6,131,649,4040
My husband patterns his life after 'The Little Engine That Could.',122,31,5,158,649,77
This station is so convenient,125,25,8,158,649,4105
We try to keep the kids on track.,122,31,5,158,649,4179
Herb always dreamed of moving to the other side of the tracks.,124,28,6,158,649,5116
I'm mining my husband for all that he's worth.,124,27,7,158,649,6299
"Good question, they said something about eminent domain?",127,22,9,158,649,6777
We get a complementary stop in the next room.,123,31,4,158,649,7261
"After he finished laying down the tracks, one day he took the train into the living room room and never came back.",126,23,9,158,649,7434
"Mostly, we love the commute.",125,32,5,162,649,2500
I never thought my life would become so stationary.,126,30,6,162,649,2564
Cuts our commuting time in half.,130,25,7,162,649,2615
"It's not ideal, but we got a good deal on the house.",109,19,7,135,649,2750
I got my life back on track in three easy steps.,130,24,8,162,649,3115
It gets pretty busy during rush hour.,126,32,4,162,649,3423
"If you want a ticket to ride, the station is in the kitchen.",129,27,6,162,649,3944
"When we built, convenient commuting to his downtown office was important.",106,23,6,135,649,6501
"When I said ""literally,"" I mean ""literally.""",130,22,10,162,649,6928
John really railroaded me in the divorce.,132,25,9,166,649,359
We have found that Harold's shorter commute far outweighs the inconvenience.,133,24,9,166,649,404
"At least it’s the first stop, plus I know exactly what time to expect him home now.",131,29,6,166,649,669
"Sorry but I cant talk any more, this is my train.",132,26,8,166,649,1043
The Governor has a new plan to fix the Subway!,133,23,10,166,649,3075
His new job promised an easy commute.,128,34,4,166,649,4851
I've tried everything but I just can't keep the kid on track!,127,35,4,166,649,5369
so this is what you meant when you said railroad apartment,137,19,10,166,649,5447
"Oh, you live on the other side of the track's.",109,24,6,139,649,2758
"It's really awesome: I travel a lot and I got a killer deal on the house. It's a win, win.",108,26,5,139,649,4355
Phil refuses to get an uber account.,107,28,4,139,649,4705
I’d offer you tea but unfortunately it’s been re-routed to the bedroom,110,24,5,139,649,6393
"It makes the commute a lot easier, but the noise does get to me",112,26,5,143,649,2099
I bought this house to be closer to my commute,119,17,7,143,649,5939
I love to express myself.,112,25,6,143,649,6409
I TOLD FRED HE NEEDED A HOBBY.,136,32,6,174,649,493
"So, would you like to see the other side of the train tracks?",140,23,11,174,649,955
"Well, we bought the block for a song, and it comes through only once a day.",139,26,9,174,649,1711
And it's so convenient to public transportation...,115,28,4,147,649,3133
I’m really not keen on Cuomo’s new L train plan,113,30,4,147,649,4468
All of the thrill of waiting for the train from the convenience of your own home.,115,26,6,147,649,5239
"He's aquaphobic so we couldn't get the ""river runs through it"" layout.",116,24,7,147,649,6121
I think he misheard me. I said MODEL train sets are fun.,142,33,3,178,649,316
They call it a wall.,143,24,11,178,649,5781
"Yes,, unfortunately one of our children was born on the wrong side of the track.",119,26,6,151,649,1617
Our interior designer is at the forefront of eminent domain,122,21,8,151,649,7242
"I'm telling you, proximity to the train will make this property double in value",121,22,8,151,649,7379
He started with simple model trains,146,28,8,182,649,6589
Yeah but I get both his and hers closets.,123,28,4,155,649,492
.... Harold started with the HO series as a child.,125,22,8,155,649,1787
"Not a bad roommate, punctual rent payer.  But I have a suspicion its smoking inside when i'm at work.",125,22,8,155,649,3653
„It makes the commute so much easier.”,122,28,5,155,649,4820
He's hoping to turn his hobby into a new career.,122,27,6,155,649,5466
Jim is having a midlife crisis.,146,34,6,186,649,5957
I still think it’s better than my old studio apartment.,120,30,5,155,649,6155
"On the other hand, commute is easy.",125,25,5,155,649,6755
The shutdown won’t affect us.,125,28,6,159,649,100
"I thought it would be a good conversation starter, but Dastardly Dan keeps tying my guests to it.",126,27,6,159,649,981
My commute has gotten so much shorter!,128,25,6,159,649,2799
They don't allow pets.,128,21,10,159,649,3856
"I grew up next to the tracks, so I'm used to it.",125,27,7,159,649,4246
"The shame is, you haven't reached the end of the line.",125,29,5,159,649,4558
It started with his HO gauge.,127,23,9,159,649,5314
We got a really good deal on the place.,125,28,6,159,649,6053
Commuting by public transit is so much more convenient these days.,128,29,6,163,649,3335
I'm worried his model railroading is becoming obsessive.,129,29,5,163,649,5151
It's Elon Musk's latest idea to shorten our commutes--AND we'll never have to set another alarm clock.,129,26,8,163,649,5773
HE says he was railroaded...,125,34,4,163,649,6517
Father would be so happy we are finally living on the other side of the tracks.,103,24,5,132,649,2455
"Honestly, it's not all bad. It cut my commute in half.",103,24,5,132,649,3705
We compromised with Amtrak. We get to ride free.,132,27,8,167,649,11
It's really not too bad.  It mainly runs on a weekend schedule.,132,28,7,167,649,5025
He’s just a big boy with big toys.,111,20,5,136,649,3265
Well you did marry a Rockefeller,106,25,5,136,649,3384
"Jack's interests, which initially had a certain charm, are now taking a toll on our marriage.",107,23,6,136,649,5853
Doug's model train hobby has gotten pretty serious.,109,23,4,136,649,6252
Hold on to your coffee. The mail’s a comin’.,132,34,5,171,649,4660
I was railroaded in to buying this place.,136,30,5,171,649,6415
The HO gauge has changed so much since we were little.,112,21,7,140,649,1898
So what times your train?,108,29,3,140,649,2068
"Yes the rent's a little high, but you expect that when you are so near the subway!",142,23,10,175,649,3055
"When we married, my husband promised ""To deliver the freight.""",141,26,8,175,649,3349
He always wanted a large train set”,137,32,6,175,649,5669
Robocalls are worse.,144,19,12,175,649,6405
But it makes for an easy commute,143,28,8,179,649,3401
I wake up to his snoring much more than the Midnight Express.,143,30,6,179,649,5573
"Have you ever asked yourself, “Am I truly on the right track?”",142,31,6,179,649,6909
"Mom, I'm sorry about the party, but we didn't go off the rails or anything.",114,28,2,144,649,719
"Yes, Railroad Flats are coming back. This one knocks an hour off my commute.",115,23,6,144,649,3022
At least we're not on the wrong side of the tracks,114,25,5,144,649,3924
"On the plus side, it was easy to train the dog.",112,28,4,144,649,6915
The ‘Little Engine that Could’ grew up to be the Entitled engine that didn’t know when to stop!”,118,16,10,144,649,7496
It's the latest plan for the L Train. It won't be here long.,146,29,8,183,649,3873
My commute is much shorter now.,144,31,8,183,649,4829
Mass transit has certainly come a long way.,119,21,8,148,649,1271
"On the other hand, he's never late for work.",112,34,2,148,649,1379
it was the track or the wall,119,20,9,148,649,1452
He'll be along at 7:05.,117,24,7,148,649,1980
It started when he said my opinions were so groundless that a train could be driven through them.,118,23,7,148,649,2547
This is so much nicer than the Depot,117,24,7,148,649,3639
He started out with a miniature American Flyer,147,33,7,187,649,2796
What's a little noise when you can retire on station fees.,146,35,6,187,649,5065
"I hate flying, don’t you?",122,22,8,152,649,85
My place is a train wreck.,119,27,6,152,649,591
I feel like we’re finally on track.,119,28,5,152,649,2353
"Its noisy, but my commute is amazing.",122,25,5,152,649,3020
He missed the 5:15 but he says to go ahead without him,119,28,5,152,649,4231
You know that the symbol for feet and the symbol for inches are very easy to confuse.,115,35,2,152,649,4388
Well I did tell you I bought a railroad apartment,116,33,3,152,649,5665
I'm finally sold on public transportation.,121,25,6,152,649,6274
Twelve minutes from here to the office.,127,18,11,156,649,3672
Gas prices were just too high.,123,28,5,156,649,3891
The 7:15 is a real nuisance at dinner time.,121,30,5,156,649,5023
Runways are so overpriced these days.,128,18,10,156,649,5159
Did they say what time they'd be back?,120,32,4,156,649,6620
The other side of the tracks has really gone downhill.,118,37,1,156,649,6839
"It's all about location, location, locomotion.",126,23,7,156,649,6884
"Dining room to bathroom, I take the express.",127,27,6,160,649,1630
'There's no shame living in a track house.',130,20,10,160,649,3583
Choo Choo Charlie was an engineer after first failing as an architect.,125,29,6,160,649,4479
"On the positive side, it cuts our commuting time in half!",126,28,6,160,649,5232
"It’s the best compromise we could reach, when they wanted to take the house by eminent domain.",129,23,8,160,649,7319
This house sucks.,132,23,9,164,649,321
Still better than a tract home.,126,34,4,164,649,1542
I asked them to extend the Second Avenue subway just a bit farther,129,31,4,164,649,2151
Every time I go to the kitchen I might fucking die.,134,20,10,164,649,2565
They say the whistle in the night is soothing.,130,26,8,164,649,2923
We honor family ties.,130,29,5,164,649,3305
Railroad flats are in again!,131,25,8,164,649,3725
It really helps to keep the kids on track!,130,28,6,164,649,4331
We're finally living on the right side of the tracks but Bruce thinks the agent railroaded us into it.,133,25,6,164,649,4673
We got the house as a steal because we don't mind the noise.,131,24,9,164,649,5682
It reminds men not to get too comfortable here.,130,28,6,164,649,6653
Gary started working from home.,136,23,9,168,649,737
I hope he didn't get off on the wrong stop.,131,33,4,168,649,2741
"Relax, Madge! The boys said the 5:03 is running late!",130,34,4,168,649,3997
I really feel like my life is finally on the right track.,134,27,7,168,649,4132
It really does wonders for the commute.,132,29,7,168,649,4596
"No doubt, it's the perfect gift for the Johnny Cash fan who has everything.",134,25,9,168,649,6347
You just can't beat the proximity to public transportation in a big city.,133,27,8,168,649,6998
They say it will significantly reduce our commute time,133,29,6,168,649,7063
"Rent is $500 per week, it's close to great public schools, and we're in an up-and-coming neighbourhood with unrivalled access to public transport!",137,27,8,172,649,789
My shrink recommended it to keep me on track.,137,26,9,172,649,1817
"When I feel like being bad , all I have to do is cross the tracks.",137,26,9,172,649,1843
"Sure it's noisy, but it beats moving.",135,30,7,172,649,2904
We plan to market it to the young commuter demographic.,133,35,4,172,649,7276
"It's one of the perks of being yardmaster - 
they pick him up for work straight out of bed.",141,25,10,176,649,1357
The train only bothers me if I choo-choose to let it.,143,23,10,176,649,7071
I think it's a bit late to negotiate right of way!,143,32,5,180,649,3097
"Well he hasn't been late for the train since we put it in.""",144,30,6,180,649,4453
I was railroaded into marriage.,109,23,5,137,649,1026
"Your new station in life is really something, but I need to be getting home soon.  You said the 6:08 is an express downtown, right?",109,29,3,141,649,1264
At least you don't have to deal with rush hour traffic...,110,27,4,141,649,6184
Who knew the wrong side of the tracks was so close?,114,25,6,145,649,1594
Looks like you got railroaded too.,117,21,7,145,649,3422
This is just our starter project. Eventually we will be able to take the train right from here to the city.,115,23,7,145,649,4538
"Don't worry - men are like trains, if one leaves there is always another one coming - and I mean literally!",118,26,5,149,649,156
We rue the day we gave him that first wind up!,118,26,5,149,649,5110
"A little noisy, but great commuter access.",112,36,1,149,649,6273
If we rush dinner we might be able to catch the 9:00 to the backyard!,117,27,5,149,649,7388
We're finally on the right track.,123,21,9,153,649,2009
Are you sure you are on the right track?,122,23,8,153,649,2324
Harvey decided that HO was kid stuff.,124,24,5,153,649,2604
"Well, it was a lot cheaper than living by the High Line.",120,29,4,153,649,3867
I've never heard of an eminent domain compromise.,123,24,6,153,649,5142
It's so hard to keep track of everything.,124,26,7,157,649,2902
Don't you just love the nostalgic sound of the locomotive whistle?,122,30,5,157,649,2953
Coal is trending right now.,125,25,7,157,649,3855
We're finally on the fast track!,123,28,6,157,649,4454
"Sure it's noisy, but it's cut my commute time in half",125,27,5,157,649,5269
"It's so convenient for going to work, and we never have to deal with bad weather.",122,30,5,157,649,5596
"You know, I always dreamed of living on the Main Line.",125,27,5,157,649,5702
I’m having an affair with a conductor.,125,26,6,157,649,5907
The drive to the station was longer than the commute,121,32,4,157,649,6231
We're still waiting for the Crossing Gate to be delivered.,126,22,9,157,649,6301
"Sorry, rush hour noise is brutal. What were you saying about friendships that no longer serve you?",129,24,8,161,649,323
We think it's really going to improve commute times between the kitchen and the living room.,129,27,5,161,649,2287
The movie company is paying me a lot of money.,128,27,6,161,649,3840
Frank is trying to stay on the straight and narrow,128,25,8,161,649,6026
"Sure, it's not as big as the last apartment, but it's much more convenient for commuting.",126,30,5,161,649,6610
We got this place at an unbelievable price there is just one little problem...,127,27,7,161,649,6843
"If you’re gonna go for a guy from the other side of the tracks, I’d venture beyond your living room.",132,24,9,165,649,1708
The commute is easier now.,128,32,5,165,649,1716
It's a convenient commute: the door to the first car on the 6:07 stops right by this chair every mornng.,129,30,6,165,649,2252
"His obsession began when he was a boy. Later his uncle died and left him the land with the old tracks. After we married he built us a house around them. They're such a pain to clean, but he never asks for sex, so I actually like them.",132,25,8,165,649,2964
He works from home.,131,27,7,165,649,4944
"Yes, but it does cut down on Stanley’s commute time.",128,33,4,165,649,5240
Paul likes to play with trains.,135,29,5,169,649,2415
"honestly Karen, your life doesn't seem much like a train wreck to me..",134,27,8,169,649,4843
It helps me to get back on track.,134,27,8,169,649,6029
At least I don't sleepwalk,133,29,7,169,649,6645
This works a lot better than living at the airport did.,131,40,2,173,649,734
I love the convenience but the rats are a nuisance.,136,30,7,173,649,1031
He calls it the refreshment track and rolls it out before each big game.,142,26,9,177,649,7249
We've tried everything to stay on track.,145,26,10,181,649,1868
Would you like some more tea?,147,25,9,181,649,2398
Your home reminds me of my uterus.,146,25,10,181,649,2542
We like the small town charm.,100,27,3,130,649,7285
Be careful if your boyfriend offers to lay down some tracks for you.,112,21,5,138,649,1321
So you married a train? How is that going—is it legal now?,113,23,6,142,649,501
He told me he was really into model railroading.,115,20,7,142,649,1297
We just got tired of being late for work every morning.,113,29,4,146,649,1363
I used to live in a railroad apartment on the upper West Side but it was nothing like this.,113,29,4,146,649,2259
We got a great deal on this place and there is always a nice breeze!,117,21,8,146,649,2332
"Noisy, yes - But sooo convenient!",115,27,4,146,649,4168
"What’s wrong Betty?”

“Ivan. Working on the railroad all the livelong day.",115,25,6,146,649,6551
It's not too bad. The trains only run late nights and weekends.,117,29,4,150,649,4896
. . . and it helps keep him on the straight and narrow.,120,24,6,150,649,4981
They said the train would be close enough to see from your house,120,23,7,150,649,6098
"""At midnight, it shines its everlasting light on me!""",118,26,6,150,649,6253
It saves so much time on the commute.,121,23,6,150,649,7202
We are fortunate that there are no trains between 10 p.m. and 6 a.m.,120,29,5,154,649,3095
You know Bill. If he's in the Bar Car he still might miss his stop.,124,22,8,154,649,4735
"Come to think of it, you didn't have to remove your shoes.",119,32,3,154,649,5096
Gerald thought it was important to live on both sides of the track,122,27,5,154,649,5690
It's part of the L-Train reroute by the Governor.,122,32,4,158,649,245
Most starter homes in our subdivision are railroad flats.,124,28,6,158,649,1304
I used to be on the wrong side of the tracks but now I feel very comfortable.,125,27,6,158,649,1461
"When he said his career was derailed and his home-based business was offtrack, I thought he meant it was a risky start-up.",127,22,9,158,649,1765
He started out with '0-Guage.'  Now we're part of the scenery.,128,23,7,158,649,3741
We're at a standstill  with eminent domain.,127,24,7,158,649,6191
We shouldn't have made assumptions when they said that it was a railroad apartment.,124,28,6,158,649,7326
"Simply saying “Here comes the choo-choo train” just wasn’t enticing him to eat anymore. Kids, hey?",131,21,10,162,649,148
I’m getting worried about Jim’s model train sets,132,22,8,162,649,217
Just watch the third rail when you get up !,127,29,6,162,649,1903
"See, this is why I don't need a car.",133,24,9,166,649,140
"Sure the square footage is great, but this wasn't what I had in mind when I told the realtor we didn't want to live on the wrong side of the tracks.",133,27,6,166,649,2219
"Yeah, when he grew up he put away childish trains.",132,26,8,166,649,4697
It’s great! I sleep in Chicago and eat breakfast in New York.,134,25,7,166,649,4909
"You know, I still want sex.",133,32,5,170,649,1418
I'll never be late for work again.,136,29,5,170,649,3922
The title search on our new place ended up being a fascinating read.,132,33,5,170,649,4368
He's gotten a little carried away with his train set.,134,32,4,170,649,5200
We changed our votes once he promised we’d never lose our home due to “eminent domain”,135,31,4,170,649,6345
A large child needs bigger toys.,139,27,8,174,649,3614
"Well, I've been working as a teacher down at the middle school, and you know Jerry, he's been working on the railroad. All the live long day, you might say.",143,28,7,178,649,1071
This isn't what I had in mind when I lobbied to fast-track the nation's infrastructure improvements!,143,29,6,178,649,4691
You knew he was from the wrong side of the tracks.,140,31,7,178,649,6370
"Dinah, would you mind going into the kitchen?",143,26,9,178,649,6709
Mr. Musk says it's the future of moving.,143,32,7,182,649,544
It used to be an elephant but we've modernized.,147,26,9,182,649,2899
His interest in trains keeps growing,148,29,9,186,649,5544
We got used to the noise after a few weeks—and it’s rent-controlled!,105,26,4,135,649,6563
This wasn't really the at-home training I was expecting.,108,27,4,139,649,180
Moving here really shortened our commute.,112,22,5,139,649,4505
"When you told me the NSA was tracking you, I thought you meant internet activity.",113,18,8,139,649,5703
We aren't getting anywhere.,112,26,5,143,649,354
"We turned to this installation to save our wall space. The artist calls it ""eminent domain"".",111,28,4,143,649,2788
"You know, Life has really gotten back on track since we moved in.",117,23,7,147,649,866
"It goes with the new super-convenient UberTrain app.  I can order a train ride any time, day or night!",121,15,11,147,649,1541
We're lucky. We easily could have been on the wrong side of the tracks.,116,25,6,147,649,2155
It really helps on the taxes.,116,25,6,147,649,2820
We got a great deal on the house.,116,25,6,147,649,3127
My husband's hobby is a growing obsession.,116,26,5,147,649,3680
"I’m sorry, he is not usually this late.",120,21,6,147,649,5230
I feel like this discussion has gotten off track.,123,21,7,151,649,83
"I thought it would be good motivation, but it turns out that Ted is the Little Engine That Won't.",120,24,7,151,649,1780
The landlord gave us a break on our rent while they work on the L train.,121,22,8,151,649,3077
John's obsession with model railroading has grown exponentially resulting in our being on different sides of the track.,122,22,7,151,649,5160
He takes his model trains very seriously,119,26,6,151,649,5821
I can’t wait! Charlie says we can upgrade to the monorail soon!,119,27,5,151,649,6013
"No, not local, it's an express from bedroom to kitchen.",122,27,6,155,649,163
"We weren't sure which was the wrong side of the tracks, so we're covering our bases.",120,31,4,155,649,4107
The conductor is late with his half of the rent.,121,30,4,155,649,7375
We bought this place because it's so close to the train ststion.,126,27,6,159,649,433
Shall we catch a train to the kitchen?,127,24,8,159,649,2282
Rumor has it that Jane Jacobs lived here at the height of her spat with Robert Moses.,123,32,4,159,649,2483
"He has a one-track mind.



Kay Spencer, New York, NY",124,30,5,159,649,3173
If only I was on the right track,127,24,8,159,649,3295
Jim never wipes his feet - he always leaves tracks.,127,26,6,159,649,4566
We decided to restore it to its former glory as a railroad flat.,128,22,9,159,649,5070
It's actually soothing except for the morning and evening commuters.,125,29,5,159,649,5508
George is on the 5:15. He should be here any minute.,125,28,6,159,649,6109
George is very proud of his train collection.,123,33,3,159,649,6139
"Dinah, I kinda figured we'd be in the kitchen.",128,24,7,159,649,7464
I am not too sure about Elon Musk's new idea for transportation,128,29,6,163,649,547
It all started when he found his old Lionel set.,129,27,7,163,649,3039
"On the other hand, it is very convenient to public transportation",130,25,8,163,649,4177
The rent is really low and it's very spacious. Just dont switch rooms every twenty minutes on the hour.,132,24,7,163,649,4318
It all started  with an o gauge under the Christmas tree,133,20,10,163,649,4624
Don't worry about actual traffic. This tracks serves the president's logical train of thought.,135,17,11,163,649,4641
Eminent domain isn't nearly as effective with the government shutdown.,133,20,10,163,649,4899
"Well, in all fairness, you did hire a conductor to install tract lighting.",127,31,5,163,649,7200
Transit Oriented Development doesn't get any better than this!,133,31,3,167,649,1470
"Really,Jean,after a while you don't even think about it
(Except of course at 6:17am, 12:08pm and the 8:33 Express).",133,26,8,167,649,2832
He just didn't really want to retire,132,29,6,167,649,3769
L Train... you know.,139,19,9,167,649,5348
"Yes, we love the place and it's an easy commute for Ralph.",132,29,6,167,649,5986
"The sooner my job gets telecommuting, the better",131,32,4,167,649,6149
Sorry I lost my train of thought after the 9:37 went through.,137,28,6,171,649,2239
My attorney says he is trying to railroad me.,135,29,7,171,649,3291
The sound of passing train is as soothing a waterfall,134,32,5,171,649,7040
Bill will  be arriving on the 5:20 .,144,27,8,179,649,2775
"This isn't quite what I meant when I said ""You and your husband need to get back on track.""",144,26,9,179,649,3641
Oh that! I get my groceries delivered.,141,32,6,179,649,4057
"Well, yes that’s true, but he is an enthusiast.",142,29,8,179,649,6475
Harry wanted a railroad apartment,142,32,5,179,649,7308
One toke over the line.,152,20,11,183,649,1942
"It was terribly expensive, but Bruce is never late for work any more.",146,28,9,183,649,3387
Our little Jimmy was moved to the advanced track.,125,31,4,160,649,141
"My husband works in Georgia. This makes it easier for him to  take the midnight train.""",138,26,8,172,649,261
It is the original robot vacuum.,125,19,8,152,649,367
It's only inconvenient in the winter when the doors are closed.,134,28,6,168,649,534
Makes the commute to work much easier,127,27,6,160,649,772
We just love it here. The commute can't be beat!,135,26,7,168,649,783
We're just trying to stay on track,125,30,5,160,649,989
"It's a common mistake. It's like Grand Central ""Terminal ""in here, not ""Station"".",127,22,7,156,649,1225
"He's still unemployed, but he's been keeping busy working on the railroad",133,31,4,168,649,1270
We thought the apartment downstairs would rent right away. Its so close to the train.,122,21,5,148,649,1371
"I ran him out of the house on rails, and now I just have to get rid of tracks before he can get back in.",142,27,7,176,649,1393
We don't mind being close to the tracks.,127,29,4,160,649,1764
When you said you married him because you were a gold digger I guess I didn't understand.,128,26,6,160,649,2010
Charlie robs banks and might have to make a fast getaway.,127,21,8,156,649,2186
"I'm telling you, ever since the twins turned 3, it's like a freight train running through the house",148,27,9,184,649,2197
My architect has a one track mind,113,26,5,144,649,2213
"My husband may be a bit of a Mussolini, but he does keep the trains running.",124,25,7,156,649,2441
It's a small price to pay to reduce my commuting time.,114,24,6,144,649,2576
It's been a real emotional roller coaster lately; it follows me everywhere.,129,18,9,156,649,2578
"``We're in the suburbs, yes, but the commute is a cinch.''",135,31,6,172,649,2594
"sure it's dangerous for the kids, but the money we save on gas going in to town is amazing",134,26,8,168,649,2607
I think Bill has an ulterior motive here.,109,16,7,132,649,2658
"The color is ""Industrial Revolution.""",126,28,6,160,649,2862
"Yes, let's do that before the train leaves the station.",109,27,4,140,649,2913
Doesn't it seem like just yesterday when he outgrew his first little Brio set?,155,31,6,192,649,2916
A bit noisy but a great commute.,140,21,11,172,649,2949
It helps to keep everything on track.,123,22,7,152,649,3088
"The bar car is just passed the dining car, you can't miss it!",125,18,9,152,649,3240
"Service should be good, but Amtrack told us that we'd first have to raise the doorway another ten feet.",125,24,7,156,649,3296
The express coffee is on the way,122,23,7,152,649,3404
"I should update my tracking device, but I like the whistle.",121,33,2,156,649,3407
"The commute is great, but I'm not a fan of the buskers.",125,23,8,156,649,3544
"Convenient, yes, but it does get a bit noisy.",141,36,3,180,649,3626
"As a therapist, I can help with your derailed life and put you back on track.",133,22,9,164,649,3752
First it  was just a train whistle,113,26,5,144,649,3780
It's a bit more expensive than the airport but affordable now that we're both working.,105,28,3,136,649,4047
I can see you're on the right track.,132,25,7,164,649,4080
And he is still going off the rails.,138,27,7,172,649,4269
He loves playing with it inside,113,23,4,140,649,4507
I think I finally have my life on the right track.,133,28,7,168,649,4564
It only gets bad during tourist season.,120,26,6,152,649,4801
"Well, Jon thought it would look rustic.”",126,29,5,160,649,4821
I think we are moving on.,139,26,7,172,649,4897
His - little engine that could - spirit has been good for the marriage.,128,27,5,160,649,5007
Grand Central Living Room,131,26,7,164,649,5288
Jeffrey will be by any minute. His 5:45 is right on time.,113,20,7,140,649,5345
It gives the room excellent perspective,121,24,7,152,649,5373
Things were going great until I realized he was from the other side of the tracks.,97,23,4,124,649,5542
Only forty-five minutes from Broadway,151,29,8,188,649,5575
It shortens Roger's commute big-time.,131,21,8,160,649,5637
The shaking is our cue to cover our ears.,134,28,6,168,649,5649
We qualified for a Trump tax credit.,134,27,7,168,649,5656
It has cut my daily commute in half.,120,33,3,156,649,6048
The tracks speed up our Amazon deliveries,134,29,5,168,649,6561
It's the only way I can keep him on the rails,128,26,2,156,649,6950
I like trains.,123,28,5,156,649,7143
But it's an easier commute.,123,29,4,156,649,7259
It looks like I've lost my train of thought.,128,24,8,160,649,7292
"When I signed up for the meal-train, I didn't read the small print.",162,24,11,197,649,7282
I know we just met. I was railroaded.,151,36,6,193,649,4367
"Fortunately, there is only one a day!",144,36,5,185,649,7163
He promised he was back on the rails.,145,31,5,181,649,2823
Roger should be here on the southbound at 5:17.,139,39,3,181,649,3360
It gets a little noisy but we're close to everything.,142,27,8,177,649,4996
"You know, I really do think the coffee tastes better on this side of the tracks.",137,30,6,173,649,7172
"I asked my husband to go down a new track, and this is what I got.",132,32,5,169,649,241
It's a great job and the commute is easy.,132,32,5,169,649,692
"He became disenchanted with his N, HO, andO sets. So we got him this.",134,30,5,169,649,1655
So this is the B&0? I’ve heard that the Reading is so much more modern.,134,28,7,169,649,3222
We will miss the easy commute.,134,29,6,169,649,6194
"Oh, we guage everyone's reaction.",133,25,7,165,649,959
Brad's been working on the railroad.,132,29,4,165,649,1020
"Weekends are fine, but the late nights are killing me.",133,25,7,165,649,2334
I didn't realize he meant 'railroad-style apartment' literally...,132,26,7,165,649,3875
It's really only bad during the rush hour commute.,127,35,3,165,649,5518
My commute time has been cut in half.,129,25,7,161,649,1188
So I guess you were able to delay that eminent domain eviction notice?,131,22,8,161,649,2719
Our marriage counselor suggested we try it.,129,25,7,161,649,3300
The transit score definitely won us over,127,28,6,161,649,4932
"It's actually a step up, we used to live under the cyclone.",125,32,4,161,649,4958
Mi station es su station.,128,27,6,161,649,6911
The Industrial Revolution is our jam.,124,35,2,161,649,7391
"With kids, you know, you can't have a home with a third rail.",123,29,5,157,649,72
My husband does all he can for us to get the gravy train.,127,24,6,157,649,880
When you really have to go.,126,25,6,157,649,1121
At least it stopped him from singing I’m working on the railroad each time he comes home,126,25,6,157,649,1925
"I know he said his name was Lionel, 
But when he said he was a train enthusiast,
I thought he meant HO",124,27,6,157,649,1927
and so now we never lose our train of thought,125,25,7,157,649,2393
I told my ex it was either me or the train set.”,129,20,8,157,649,3006
A Railroad Runs Through It,124,28,5,157,649,3262
"On the bright side, with the goverment shut down I can finally get some peace and quiet.",125,26,6,157,649,3642
"Glad we went 1st class, the second class lounge looks drab!""",122,33,2,157,649,3958
"Fred's impossible if he doesn't get his martini when he steps off the train.""
Kurt Kruger, Westport, C",123,29,5,157,649,7148
"He unwinds by hitting it with a hammer and singing ""I've Been Working on the Railroad.""",122,24,7,153,649,548
We're really looking forward to them going full electric next year.,124,21,8,153,649,2373
It shortens Ben's daily commute.,123,22,8,153,649,3646
"Well, if you wait for the 5:20, you can see Bill then.",123,23,7,153,649,5540
"If it's another High Line, we'll be rich.",121,26,6,153,649,6468
"After a couple weeks, you get used to it.",121,25,3,149,649,1560
Lionel's a caboose buff.,119,25,5,149,649,2375
"Well, at least IT never comes early.",126,12,11,149,649,4873
He'll be arriving by six-thirty this evening.,119,25,5,149,649,5229
I ordered railroaded fabric but it looked very different in the catalog.,121,20,8,149,649,5332
It's what they call a tract house on steroids.,123,18,8,149,649,6346
He started with model trains and then the hobby just got bigger and bigger.,116,25,4,145,649,552
Our marriage is back on track now he's found the kitchen.,119,20,6,145,649,1028
"Well, as the realtor pointed out:  It's much better than living next to a railroad track.",117,21,7,145,649,1884
"Finally at 45, He woke up one morning and just outgrew his miniature train hobby downstairs in the basement.",114,27,4,145,649,2387
"Yes, it is loud, but it shaves hours off our daily commute!""",116,26,3,145,649,2552
Governor Coumo has taken control of Subway repairs.,118,19,8,145,649,4092
"Well, the morning commute makes up for that.",117,23,5,145,649,4963
"With all the grief this shutdown has caused so many, it's hard to think there could be any upside, but it's been so quiet here, sometimes I forget I'm not in my own living room!",116,22,7,145,649,5829
Magritte's in the bedroom.,114,19,8,141,649,2877
The 6:02 is late today.,112,25,4,141,649,4062
you could say our love life has gotten a little steamy,115,20,6,141,649,5923
"This certainly takes the ""staycation"" to a whole new level!",115,19,7,141,649,6769
"Jen, your relationship is going off the rails.",145,36,5,186,649,3982
"Finally, a place on transit that we can afford!",141,38,3,182,649,6015
"At least, the commute is very short.",146,21,11,178,649,3834
We’ve finally got our careers on track.,143,26,9,178,649,4910
Young Anna Karenina with her shrink,142,28,8,178,649,5433
“Harold should be home any time now.”,140,27,7,174,649,118
The takeout delivery service here is a bit old school.,137,32,5,174,649,2473
We told the renovators to stay on track…”,137,31,6,174,649,3526
Its Johns creation to extend our new Magritte print from the fireplace.,146,17,11,174,649,4206
"So, you say you were born on the wrong side of the tracks. What do you mean by that?",138,25,7,170,649,2113
How do you enjoy your new home on the right side of the tracks?,133,32,5,170,649,3192
It's the railroad flat of the future and super simplifies the commute downtown,128,37,1,166,649,1165
"I threatened divorce, but Harold agreed to stay on the wrong side.",137,20,9,166,649,1809
It’s really not bad . .. once you get their schedule.,129,33,4,166,649,2109
"It's pretty loud, but you can't beat the easy access to public transit.",133,26,7,166,649,3491
It helps me sleep at night.,130,31,5,166,649,3586
"We are concerned for our son, his model trains are becoming more realistic by the day.",133,25,8,166,649,3808
"Well, it's more like Yuma than Grand Central.",132,29,5,166,649,4188
"Funny thing is, Al used to hate taking the train to work.",134,23,9,166,649,4236
Just as advertised: a railroad apartment!,134,24,8,166,649,5125
Sorry Carol..I got a little off track and lost my train of thought. #whatisINthiscoffee,136,19,11,166,649,5992
"I know it's an eyesore, but we needed it for Stuart's one-track mind.",134,24,8,166,649,7456
"And then he climbed on his train and said, ""I'm outta here.""",131,24,7,162,649,1203
I was speaking figuratively when I told my husband I wanted to get my life on track. He took it literally.,131,24,7,162,649,1320
"You've heard the title ""A River Runs Through It""? They got that from us.",131,22,9,162,649,1660
"I didn't want to live on the ""wrong side of the tracks.""",130,25,7,162,649,3104
But we get a discount on our taxes.,129,27,6,162,649,4053
We're trying to keep our spending on track,134,20,8,162,649,4157
The faster job commute was a major selling point.,128,28,6,162,649,5061
"There's a washer/dryer in the unit, AND it's close to the subway.",129,28,5,162,649,6371
It sounds just like a tornado.,130,27,5,162,649,6456
Your father and his train set !,135,18,9,162,649,7234
They were out of models.,131,17,10,158,649,1303
"They say the L will only be closed for a year, but at this price it's worth the risk.",125,27,6,158,649,2316
It’s a bit loud but John’s commute is so easy now.,124,29,5,158,649,4134
He has this thing about being on time.,128,23,7,158,649,4862
My girlfriends suggested I start tracking my husband's movements.,127,25,6,158,649,6223
The tea and cake arrives on the 3 o’clock.,123,31,4,158,649,6659
I have a loco-motive.,129,23,6,158,649,7019
John has taken his hobby to the next level.,122,26,6,154,649,644
Rudy moved on down to Washington.  He's off the rails now.,123,26,5,154,649,1177
Turns out I love working from home!,120,30,4,154,649,2453
Just lost my train of thought.,126,22,6,154,649,4155
I think this conversation has gotten off track.,125,24,5,154,649,4493
Working on the Railroad does have its pluses and minuses.,125,24,5,154,649,5341
WELL THE  TRUTH  IS  DAVE'S  OBSESSION WITH  TOY TRAINS  HAS  GOTTEN  OUT OF  HAND.,120,24,6,150,649,1955
It’s really convenient once you get used to the noise.,122,21,7,150,649,2746
"But,hey, they promised to blow the whistle so we can keep off the tracks",118,27,5,150,649,2938
Yes it’s noisy but it’s a shorter commute for him,120,25,5,150,649,3332
The 12:19 used to frighten me!,120,24,6,150,649,3726
"Since we've moved here, Bob really doesn't mind the commute.",119,25,6,150,649,3803
It’s an old VCR; you have to adjust the tracking manually.,120,18,8,146,649,43
"Nope.  A lot of people make that mistake.  It's TRA-BeCa, as in TRAin BEside CArpet.",122,16,8,146,649,3573
So we were able to buy the land for this house really cheap.,114,28,4,146,649,4202
"To be honest,Nance,you seem to have gone a little off the rails.",117,26,3,146,649,7492
The only downside is that it's hard to sleep when the whistle blows.,116,22,4,142,649,3751
New York basement apartments have no keys. But we need a MetroCard.,111,27,4,142,649,6227
"Noisy? Sure, but the rent is great and Bill shaves 20 min off his commute!",110,22,6,138,649,5377
His hobby just grew!,106,30,2,138,649,5865
It's a Dali-Escher prefab.,107,22,5,134,649,6132
"The White House said that if we didn't let them build it, Hannity would say mean things about us.",144,26,9,179,649,3640
I asked for an apartment near the High Line.,144,28,7,179,649,5946
My interior decorator suggested shiplap but I decided to go another way.,140,29,6,175,649,2465
Jerry insists on a door to door commute.,140,27,8,175,649,3503
"So, things got off on the wrong track right away...",141,29,5,175,649,4811
You can catch the 2:41 for the powder room stop.,135,30,6,171,649,21
"If I were you, I'd sell your car.",137,26,8,171,649,914
It can be surprisingly subtle at times.,139,25,7,171,649,940
"I refused to submit to eminent domain!""











""So I refused to submit to eminent domain!""",138,25,8,171,649,6333
Somehow my conversations always get derailed.,133,29,5,167,649,16
"It rattles the house some, but it makes it easier to get to work.",135,24,8,167,649,4764
My husband insisted on buying a house on the commuter rail.,132,29,6,167,649,6630
I thought you said it was a model train set...,135,23,9,167,649,6920
My husband is really into trains.,127,32,4,163,649,270
The worst part about it is that it is a one hour drive to get to the next station.,131,25,7,163,649,1227
I made it very clear to my husband that we live on the right side of the tracks.,128,30,5,163,649,5108
"Just this morning I said to Charles ""Do you think you're model train hobby might be getting a little out of hand?""",127,32,4,163,649,5741
I can get to work in 10 minutes!,129,21,9,159,649,694
Just a reminder that I married a man on the wrong side of the tracks,124,32,3,159,649,1096
I guess you could say that I was railroaded into living here.,128,25,6,159,649,3862
"I can't help feeling we got railroaded into buying this place.""",127,25,7,159,649,3959
Thankfully we are not from the other side.,129,23,7,159,649,4463
"Walking is too downmarket, I prefer to take the train these days.",124,32,3,159,649,4809
It's what they call an eminent domain compromise.,128,27,4,159,649,5762
So we can set our clocks,132,19,8,159,649,6187
I told Bob I wanted to train the kids...,125,29,5,159,649,6200
He just tightened up his commute!,125,32,2,159,649,6283
"So the MTA is doing its own review, but Cuomo really thinks it'll work.",128,25,6,159,649,7293
You are getting off track...,124,24,7,155,649,280
"He said he’d give up his mistress the day I let him have an indoor train he could ride naked through the house.” I called my divorce attorney, and he said “All Aboard!”",124,24,7,155,649,962
You've really been going off the rails recently.,124,26,5,155,649,1298
Keeps the kids out of the kitchen.,122,30,3,155,649,2638
Our realtor assured us we would be on the best side of the track.,122,28,5,155,649,4853
......it goes by so often you won't even notice.,123,27,5,155,649,4934
So THIS is what they call a railroad apartment!!,125,25,5,155,649,5292
Easiest commute ever.,125,23,7,155,649,5937
It is a very short commute to the train station in the morning.,119,29,3,151,649,105
"On the plus side, it's really ON the blue line.",118,29,4,151,649,992
We wanted an easy commute.,119,28,4,151,649,2337
We got such a deal on this house you wouldnt believe.,119,27,5,151,649,4145
He claims that I'm railroading him.,123,23,5,151,649,5218
I'll be glad when detours are over.,123,20,8,151,649,5483
I never know who he's bringing home for dinner.,121,23,7,151,649,5953
And we have the airport runway upstairs in our bedroom.,121,23,7,151,649,6985
"Anger management, meds -- nothing seemed to be working. So when Herbert went off the rails yet again we figured we'd try something new.",121,18,8,147,649,889
Oh stay a while longer. You can still catch the Five O'Clock Express to the kitchen.,119,20,8,147,649,4814
I love the sound of a distant train. I figure a close train would sound even better.,116,28,3,147,649,6060
"It's a little loud, but it cuts his commute in half.""",117,25,5,147,649,7220
I like to keep track of things.,145,34,5,184,649,4600
"After a short stop, we'll be right back on track.",146,32,6,184,649,5838
Looks like you were railroaded into taking this place.,149,26,9,184,649,6024
I'll do anything to keep my husband on the right track.,138,40,2,180,649,2421
On the bright side I don't have to go outside to catch the subway,139,31,6,176,649,1277
"No, I never heard the song.",139,31,6,176,649,3464
You like the place? I’ve been working on it.,142,26,8,176,649,7441
"No trouble, it's a side spur.""",102,26,3,131,649,1823
WE  got a really good price on the house,136,31,5,172,649,3160
"It's in a great school district, but I think I got railroaded on the price.",138,27,7,172,649,4954
"I know. But, It's affordable.",139,25,8,172,649,6034
He really likes to ge into charector when we role play.,134,34,4,172,649,6621
We threw away our GPS. This new tracking system gets us anywhere we want to go.,140,23,9,172,649,7054
The therapist said we had to get our marriage back on track.,138,27,7,172,649,7413
My life at home is back on track,135,28,5,168,649,2771
It's not what I pictured with the listing for a railroad apartment but  I like the commute.,137,26,5,168,649,3486
He switched his model trains from O-Scale to OH-@#$ scale,135,26,7,168,649,3754
"On the plus side, it means the “L” line won’t be shut down for the next two years.",132,31,5,168,649,4333
"Barry took it literally when I said, “keep the kids on track.”",135,25,8,168,649,4778
Having grown up in a railroad apartment this feels like home,131,34,3,168,649,5724
"When he said he needed to make tracks to the office, he meant it!",135,25,8,168,649,6260
I got the coffee beans from Guam.,133,24,7,164,649,666
"I'm beginning to think Alan isn't a civil engineer, but a man-child.",131,26,7,164,649,804
What were we talking about? I’m sorry I think I got off track.,131,26,7,164,649,912
It was supposed to be a Wall but at last  minute...,134,20,10,164,649,3260
Commuting by light-rail is very convenient now.,128,32,4,164,649,4509
My husband's a big model train enthusiast.,125,31,4,160,649,2562
We downsized from our uptown brownstone to this downtown railroad flat.,125,31,4,160,649,3635
...and we got to throw away our alarm clocks.,124,33,3,160,649,4265
Harold could never leave the bar car.,127,30,3,160,649,5709
"Yeah, we put them in so he could rescue me when we play ""Cliffhanger"".",129,27,4,160,649,6650
The commute is unbelievable.,127,27,6,160,649,7427
"As you can see, our new addition is right on track.",126,22,8,156,649,313
The location isn't great but my commute time has been cut in half,123,28,5,156,649,1140
"Unfortunately, I choose the wrong gauge model train for Harry...",126,24,6,156,649,1534
He took the stereo system with him and left me the tracks of his life.,125,25,6,156,649,7204
My son has grown so big - you wouldn't believe it.,121,32,3,156,649,7221
I guess there are a few downsides to Phil's growing interest in model trains.,122,24,6,152,649,3129
Sorry - I've told Little Johnny to always put away his train set before we have company over.,121,25,6,152,649,4024
The listing said the subway was steps away.,119,23,6,148,649,27
According to our agent being from both sides of the tracks is trending these days.,119,24,5,148,649,73
"It’s going to be more useful when the
“L” train is shut down.",120,23,5,148,649,1769
Beats the “L” out of imminent domain...,118,24,6,148,649,4372
and the best part is that this property won the governor's award for socially responsible urban development...,143,34,4,181,649,757
"It’s loud, but my tax return is great.",114,25,5,144,649,1274
Our realtor said that the neighborhood was a little noisy so he took off 1% from his commission.,112,29,3,144,649,1494
Herbert wouldn't give up his model train set when we downsized.,114,25,5,144,649,4292
When we moved I sold the station wagon.,117,20,7,144,649,6312
He always hated walking to the station.,114,25,5,144,649,6480
This is a classic railroad apartment layout,115,23,6,144,649,6885
"Our own private train for commuting into the city, really it’s the latest status toy.",140,32,5,177,649,4737
"I get a pool, Harry gets the train tracks.",138,35,4,177,649,6812
"As Artie likes to say, "" It railly ties the rooms together.""",138,35,4,177,649,7296
Our new year's resolution was compromise.,111,26,3,140,649,3028
"Yes, we signed an easement with the New Haven. Cut 11 minutes off  our commute. More tea?",111,24,5,140,649,6754
It's great for Tom's commute.,137,32,4,173,649,5290
You really just get used to it after awhile....,138,30,5,173,649,5809
"When he left, he was singing ""Driving that train, high on cocaine.""",110,19,7,136,649,1471
My mother is trying to make a witty point about how my life is NOT going.,109,23,4,136,649,4656
Commuting is just so much easier now!,135,28,6,169,649,2940
Is Bill railroading you again?,134,29,6,169,649,3602
I misunderstood when he told me that I'd be waving the flag to let his train enter the station.,141,19,9,169,649,7168
I've lost my train of thought.,138,16,11,165,649,168
I don't even hear the noise anymore.,134,23,8,165,649,235
"It’s small but the commute is great

Submitted by brett lowell 
Brettlowell@gmail.com",133,25,7,165,649,616
"Quick, tell me about your divorce before the G train arrives.",132,29,4,165,649,1666
If you look closer it’s easy to trace the tracks of my years!,131,28,6,165,649,2410
My husband?  He lives on the other side of the tracks.,130,30,5,165,649,3113
"The loacation is a bit noisy, but the commute is great.",131,28,6,165,649,5408
"Yeah, but it cut 10 minutes off my commute.",131,28,6,165,649,7036
"I know it's a bit extravagant, but I've never trusted AMTRAK",130,30,5,165,649,7114
"I don’t know about you, but I’m all aboard for dinner soon",126,38,1,165,649,7466
"It was worth it, we have a free pass to Chattanooga.",127,30,4,161,649,167
"Sure, he is on track now, but I laid the groundwork first.",131,21,9,161,649,1209
"Sure, but it really makes my commute easy.",127,32,2,161,649,2095
It's the only way he'll come to dinner.,129,28,4,161,649,3521
"It all started with the Lionel Pennsylvania Flyer Train Set and and,well, you can see he really likes trains.",131,24,6,161,649,5444
John likes an easy commute!,130,24,7,161,649,6248
So how do you like living in a railroad apartment?,128,27,6,161,649,6343
"Yes, it can be loud, but now he’s never late for work.",126,31,4,161,649,6987
Do you ever feel like you're just a figurine in someone's model train collection?,126,25,6,157,649,342
They give us free rides in compensation.,128,20,9,157,649,732
We've always lived on the right side of the tracks,126,25,6,157,649,1216
... and then the hoboes arrive each day for dinner on the 6:15.,129,20,8,157,649,1880
Would you believe that John started out with a simple Lionel train set for Christmas.,126,25,6,157,649,2882
And then they both grew up.,129,18,10,157,649,2936
"Yes, but you get used to it. And the rent is so reasonable.",124,30,3,157,649,3032
We have a destination marriage.,121,34,2,157,649,6332
Fred’s little hobby quickly spun out of control,128,21,8,157,649,7005
"These Subway renovations weren't exactly what I had in mind, but it is convenient.",150,30,6,186,649,4256
A mad example of eminent domain,123,24,6,153,649,329
"I had to ask, ""How many steps to the subway?""",122,25,6,153,649,1282
We're able to keep our lives right here on track,123,25,5,153,649,3413
"I 
I was so lucky to get this apartment. I never miss the train!",121,27,5,153,649,4528
"Honestly, marrying a railroad man isn't as bad as it sounds.",121,29,3,153,649,4789
"It's noisy, but the commute is worth it.",126,19,8,153,649,5686
"We agreed to the Governor's L line solution in exchange for a rent
decrease.",121,31,1,153,649,7205
And you should see our electric bill! The Feds thought we were growing pot in the basement.,145,30,7,182,649,348
"Jason's commute is pretty great, 
but getting to the kitchen's not ideal.",145,32,5,182,649,1137
"My career coach tells me, ""Fast-tracking your professional goals begins at home.""  At $300 an hour, I don't argue.",116,30,3,149,649,813
lt’s always been been my dream to live in a railroad flat.,121,20,8,149,649,3390
It's only a problem when Joe sleep walks on Christmas,119,24,6,149,649,6386
How come you never drive into the city?,143,27,8,178,649,870
Sure it's noisy. But you get to meet a lot of new people.,141,32,5,178,649,2452
"We love it here, it's only a 10 minute scenic commute to work.",138,30,6,174,649,436
"Why yes, this table is from Crate & Barrel, and it IS made from 100% reclaimed railroad ties.  You do have a good eye!",114,28,3,145,649,753
The mail comes 6 times a day now.,118,20,7,145,649,2182
"Four feet, eight and a half inches. Why?",114,27,4,145,649,3620
"Yes, Our marriage is back on track!",116,24,5,145,649,7057
Rick should be coming round with those hors d'oeuvres any minute now.,136,29,5,170,649,2493
"Maybe it flies in your house, but that's not how we conduct ourselves here.",139,22,9,170,649,3994
"Of course, a big selling point was proximity to light rail.",137,27,6,170,649,4515
"The thing I like about Albert, he’s always on time.",136,29,5,170,649,4823
We have an open marriage.,137,25,8,170,649,4868
Sheldon loves his trains.,134,32,4,170,649,5418
"Actually it's quite efficient, everything's right on track.",113,22,6,141,649,75
Bob finally got the train he always wanted for Christmas.,115,18,8,141,649,215
You should have seen our Christmas tree!,114,20,7,141,649,1552
Dave and I started data mining from home.,112,25,4,141,649,2384
Drone trains: it's this new Amazon package delivery system we agreed to test out for the company.,118,15,8,141,649,3294
Who cares if we grew up on the wrong side of the tracks?!,111,26,4,141,649,3572
"My financial advisor said it would get us back on track, although I may have misheard him.",116,18,7,141,649,4156
"Yes, it's a bit noisy. But it's cheaper than driving to the station.",113,22,6,141,649,4844
"No, I don’t think you’ve been railroaded.”",112,24,5,141,649,5512
I'm really not sure.  Usually the dessert trolley is right on time.,112,26,3,141,649,6708
You can't imagine how low the mortgage rate was.,134,27,5,166,649,722
The house didn’t come with a garage,130,32,4,166,649,748
I assumed he actually meant he was figuratively making tracks for the border.,135,24,7,166,649,1761
"Don’t be alarmed, it’s just Rob’s way of blowing off steam.",133,29,4,166,649,6713
"It's just that hardwood, carpet and tile are all going nowhere.",133,26,7,166,649,6764
"It turns out I also misunderstood, 'Till death do us part.""",132,28,6,166,649,7299
And people say you only have a one-track mind?,111,19,7,137,649,6306
We've been catching up on 'Westworld.',127,31,4,162,649,1546
I spent my entire childhood waiting to be on the right side of the track.,128,29,5,162,649,3086
It's a bit noisy but it cuts Tom's commute time in half and he does't have to worry about finding a parking space at the station.,126,33,3,162,649,3334
The good news is that non-stop MTA service changes means the weekends are quiet here.,132,21,9,162,649,3443
"When I said he had a one track mind, I never thought he would take me literally",131,27,4,162,649,4363
He told me I had a big caboose! This is his lame attempt at making a joke out of it!,107,20,6,133,649,2277
They said it would put Bob on track for a big promotion.,128,22,8,158,649,296
"Don't worry – these railroad tracks are just a peculiar interior design element. Obviously, they don't connect to any train line. If they did, the train would have to travel right through my living room. Can you imagine? That would be crazy!",128,24,6,158,649,1185
It's half the price of Brio.,127,26,5,158,649,2154
"He doesn't want to be late to work, so we moved by the tracks.",126,27,5,158,649,2193
"I want you to put on the top hat and the curly moustache, tie me up, and put me on those tracks. I didn't get shitty and judgy when you wanted to try spanking.",126,27,5,158,649,2810
"My ""door to door to door"" commute can't be beat.",127,24,7,158,649,3863
"I really do love Bob, but the marriage feels like it's on rails.",124,30,4,158,649,5837
Our last place was a track home too.,125,28,5,158,649,6204
The 5:30 is a bit tough...,130,19,9,158,649,6584
It keeps him busy,147,29,7,183,649,171
Sam thought he’d build a model of the Pelosi-Trump compromise: the horizontal wall.,124,23,7,154,649,3365
It's a very easy commute to my office.,124,24,6,154,649,3531
Oh not at all....only when the train comes through!,125,21,8,154,649,3846
Twenty years ago it all started with a little HO set.,122,29,3,154,649,3893
"It's noisy at times, but it's great for commuting.",127,19,8,154,649,4709
"We’re actually delighted with it. The rent is a steal, we never hear noise from the neighbors, and it gives a whole new meaning to the phrase “convenient to transportation”.",142,31,6,179,649,3494
We're holding out for a better price.,145,27,7,179,649,4595
Do you ever feel like life is passing you by without you noticing?,141,33,5,179,649,5406
Just to pass the time away.,141,26,8,175,649,161
Everybody loves the sound of a train in the distance.,120,24,6,150,649,611
You know how important access to transit is to Bob.,117,31,2,150,649,1644
His train hobby just keeps getting bigger and bigger.,140,28,7,175,649,1674
Fred hated that commute to and from the station.,139,30,6,175,649,2374
Ted's little hobby outgrew the basement.,119,26,5,150,649,2598
"I know but now we're in the movie, ""A Train Runs Through It.""",122,21,7,150,649,2627
He's taken his model trains hobby too far!,144,25,6,175,649,2636
Harry decided to switch up from “O” gauge.,142,26,7,175,649,5980
"Actually, we're part of the governor's new plan for the L train.",140,21,10,171,649,1416
His father owns the building. We got railroaded into taking the apartment.,134,33,4,171,649,3187
Shall we take the 6:28 into dinner so we can get there by 6:38?,137,27,7,171,649,4635
I paid an extra million to get a piece of the High Line without the tourists.,138,26,7,171,649,5662
"Yes, it's a little noisy when I'm sleeping, but it really cuts my commuting time.",115,27,4,146,649,1747
"Anthony toyed with installing an escalator, but decided  to kick off his candidacy with a whistle-stop tour.",120,19,7,146,649,6883
"Why can't we remember Andrew Carnegie with something else? You know, like a portrait.",117,23,6,146,649,7059
This isn't as big of a deal now that I have that white noise app on my phone.,135,24,8,167,649,2236
"It helps Bob get home from the coal mine faster, so I put up with it.",134,28,5,167,649,5454
"He just said, 'To hell with all that H.O. and scale model crap, I'm going for the real thing.'",133,29,5,167,649,7284
"My teacher encouraged me to ""think big"" for my engineering project.",114,23,5,142,649,921
Turns out Kevin didn't mean he was going to make a record when he said he was off to lay some tracks.,110,30,2,142,649,4777
"It's little inconvenient, but Rob's never late to work anymore.",149,33,6,188,649,5875
Really helps with the commute.,127,33,3,163,649,726
The decorator said it made the room feel quaint.,129,29,5,163,649,842
It beats eminent domain.,130,30,3,163,649,2133
He's so much happier now that we've moved into this bigger place.,131,27,5,163,649,2276
It's faster than the F train.,131,26,6,163,649,2457
I really want to stay on track with my diet this year.,133,25,5,163,649,3410
"We had a railroad flat in the city too...different,of course.",137,17,9,163,649,5994
Oh! You're the girl NEAR the train!,113,19,6,138,649,5945
I think my Husband is going through midlife crisis.  His latest hobby is building a train set.   You should see the rest of the layout....,130,22,7,159,649,1311
It's all about Herb's commute. He said it was either this or a big carbon footprint right on the carpet.,128,25,6,159,649,2557
"Tim wanted a rug. Suzie didn’t, and Suzie gets what Suzie wants.",124,33,2,159,649,3212
It all started with the model train under the Christmas tree...,129,23,7,159,649,4237
"Like most men, Lyle has a one-track mind.",128,25,6,159,649,4729
Men! They're just big children.,129,27,3,159,649,5962
At least my daily commute is easier now.,126,28,5,159,649,6079
He’s always wanted to live in a railroad apartment.,127,29,3,159,649,6931
"Harry's trying to railroad me to marry him.""",130,24,5,159,649,6979
We pick up our suitcases in the dining room. It' all very romantic!,143,31,6,180,649,5250
It was part of his early retirement package.,145,29,6,180,649,5847
"My husband has a used railroad tie business, but I don't think we entirely understood the new ""pass-through"" deduction.",107,24,3,134,649,7298
He got real serious about the last train to Jackson. I hate that song.,125,25,5,155,649,3442
And you KNOW it’s only because I’m Native American.,140,30,6,176,649,908
"The windows rattle, but at least he gets to work from home.",141,29,6,176,649,2900
'I got it from Home Depot.',144,24,8,176,649,4696
I'm so excited for little Gigantic Billy to get out of this toy train stage...,121,24,6,151,649,1468
To hell with the L.,120,27,4,151,649,2370
He said he was just passing through ...,122,22,7,151,649,3067
And through the open window I'll hand Charlie a sandwich as the train comes rumbling through.,123,20,8,151,649,3772
The county lowballed us. Frank's just waiting for the right offer...,124,21,6,151,649,5485
Makes for an easy commute.,124,20,7,151,649,5645
Lionel railroaded me into renting this apartment.,121,24,6,151,649,6137
I stay on  track and never lose  my train of thought in this railroad apartment!,123,20,8,151,649,6760
"It comes pre-furnished, walking distance to public transportation.",120,27,4,151,649,7066
We love urban redevelopment however misguided it can be.,121,24,6,151,649,7219
He started out with O-gauge model trains.,137,30,5,172,649,1742
"I know men are like subway trains, but I wanted to improve my odds.",136,32,4,172,649,2921
LIONEL HAS UPSIZED.,136,26,6,168,649,1458
Its only bad at commute times!,133,30,5,168,649,1960
We mostly notice it at breakfast.,134,28,6,168,649,2972
We scored a great deal on the house!,137,22,9,168,649,3252
I'll hop on after tea,118,25,4,147,649,3694
"So, how do you like living this close to the tracks?",135,26,7,168,649,4009
Well it's about time for me to leave. Can you call me an Uber?,134,30,4,168,649,4710
"Our children are away at college, so they'll love getting home so easily.",117,27,3,147,649,5279
"Wendell thought it was a great way to keep our marriage on track.""",137,22,9,168,649,5785
It still beats traffic.,115,29,3,147,649,5947
"Nell, I love what you and Simon have done with the place.",134,29,5,168,649,6127
At least my bedroom is the right side of the tracks,132,27,5,164,649,2196
It helps me to keep track of things.,135,21,8,164,649,3957
Mike says he's outgrown the model railway set he got for Christmas in 1950.,130,30,4,164,649,5416
Isn't the breeze nice in here?,117,18,8,143,649,3697
They still can't get me to work on time.,117,18,8,143,649,6741
«His law firm said commute will not be an issue”,116,21,6,143,649,6880
You sound excited about this new training program.,116,22,5,143,649,7225
"I know we'll have to enlarge the doorway and make some other adjustments, but when the construction is completed,we'll have our own station in the dining room and Charlie's commute will be much more convenient.",117,23,3,143,649,7474
We take our cross training very seriously.,141,37,3,181,649,151
I don't usually think of myself as being an angry woman...,131,23,6,160,649,2553
I'm afraid we've gotten sidetracked.,126,30,4,160,649,6006
I prefer sitting on this side of the tracks.,110,26,3,139,649,2791
His model train hobby has gotten away from  him.,140,32,5,177,649,3155
"It started with a model railroad, then got out of hand.",129,19,8,156,649,1786
"Our agent warned us they might exercise eminent domain, but we couldn't pass up the chance to get Elroy into the Scarsdale district.",125,25,6,156,649,2617
"It’s high speed rail to the kitchen, our “chew chew” train",107,24,4,135,649,3968
"We were hoping for Amazon drones, but this is even better.",138,29,6,173,649,2838
When he gets home he goes directly to bed.,140,25,8,173,649,4055
"It's the L-train fix.""",120,28,4,152,649,153
We thought it was quintuplets. Turns out it was just one big baby.,122,24,6,152,649,551
It's a local train.,122,24,6,152,649,4440
Are you sure it’s “Potty Training” your son is going through?,120,28,4,152,649,5225
I wish they'd stop tooting their horn in this building!,119,26,5,152,649,5779
I feel like our relationship has gone off track,123,22,7,152,649,6579
I would have preferred asphalt.,148,33,5,186,649,1112
He moved back after college but still loves his toy trains.,116,30,2,148,649,165
Roy's a company man.,119,25,4,148,649,681
We chose this place because it’s so convenient to the subway.,119,23,6,148,649,1802
Doesn't that old 'A river runs through it' aesthetic make you want to gag?,122,18,8,148,649,3207
"He said ""American Flyer"" and I believed him.",124,16,8,148,649,3314
He rushed into my life like a freight train...now it's the end of the line.,119,23,6,148,649,5521
It hasn’t really affected the bedroom.,120,22,6,148,649,6317
"He thought, as long as we're going to live in a railroad apartment...",118,25,5,148,649,6353
Move out of the way? Well that train has left the station.,130,31,4,165,649,845
Junior can't abide model-sized anything.,132,28,5,165,649,1873
It cuts our Amazon delivery time in half.,136,19,10,165,649,2467
"Yeah, it did bring our property value down, but we have a great morning commute time.",130,31,4,165,649,4930
It's part of our conversion to living a risky life-style.,137,22,6,165,649,6691
"You know Marsha, it was like a freight train running through the middle of my head.",147,27,8,182,649,3230
You really do live on the wrong side of the tracks.,117,23,4,144,649,76
"I ordered a train for Bobby’s first Christmas 
Neiman Marcus, of course",118,19,7,144,649,233
Sometimes I think he’s still down there in the basement where this little obsession started,122,15,7,144,649,1016
Of course we're very egalitarian so we take turns tying each other to the tracks.,117,20,7,144,649,3346
It’s the A train.,118,18,8,144,649,3809
I told my husband we need a bigger house if he insists on keeping his train set.,115,24,5,144,649,3955
You’ve got to stop ignoring the railroad tracks that carried the elephant out of the room.,119,20,5,144,649,4287
Was the place worth 2 million? Maybe not- but was it worth having the L drop me off right at home? Maybe still no.,118,19,7,144,649,5452
"Yeah, my husband likes to work from home a lot.",127,30,4,161,649,214
"It gives new meaning to a ""Railroad Apartment"".",127,30,4,161,649,2127
"Elon Musk cutting some corners for his 
Hyperloop to become a reality...",129,29,3,161,649,2622
"I’d offer you a drink, but I try not to go to the other side of the tracks.",126,32,3,161,649,4717
"I thought that when Harvey retired from  Amtrak 
he'd give up trains.",135,16,10,161,649,4731
Moving the furniture around has been so much easier.,130,24,7,161,649,5076
"Karan was right, you do live on the other side of the tracks.",130,25,6,161,649,6039
We're strong supporters of transit-oriented development.,144,26,8,178,649,2955
"Traffic’s gotten so bad, this was the best way to ease my commute.",111,25,4,140,649,6089
"The Little Train That Couldn't is my new patient. Unfortunately, he doesn't run on time.",115,18,7,140,649,6108
Husbands are like trains - one comes along every half hour!,127,24,6,157,649,2813
Stan is quite the railroad enthusiast,124,29,4,157,649,3270
"When my husband said he wanted a train, I thought he meant a model...",128,23,6,157,649,4289
Jeff’s always felt that he was railroaded into buying this house.,126,25,6,157,649,5833
But the commute is fantastic!,124,29,4,157,649,6535
"I knew you wouldn't get my place, mom. It's disruption.",140,27,7,174,649,84
"As a child, Ralph couldn't have a model train.",141,25,8,174,649,1633
"Alas, the milk train doesn't stop here anymore.",141,25,8,174,649,2523
We bought the house because of the transportation.,137,33,4,174,649,2568
When you buy in bulk you can’t beat it!,123,25,5,153,649,310
"Thankfully, ‘the third rail’ was just a metaphor for the grouch in 4B.",153,28,6,187,649,491
Fred's really into trains.,122,26,5,153,649,2161
"We know the Underground Railroad wasn't lierally a railroad but we loved the concept. Then there was a four hour delay and they said, ""Make yourselves at home!""",114,15,7,136,649,2458
Bob just never got over the Lionel Golden Arrow he got when he was 7.,136,28,6,170,649,3116
Fred just can’t get away from his job.,135,31,4,170,649,3267
"With your poor Leonard being deaf, and my dear Ralph being dyslectic, no wonder that first 8:05 got them both.",125,20,8,153,649,3605
It’s a true railroad apartment.,124,22,7,153,649,3671
"Yes I am keeping on track ,why do you ask?",122,26,5,153,649,3734
He says everyone  is trying to railroad him.,122,26,5,153,649,4028
I work for the government. These are the tracks of my tears.,124,24,5,153,649,4320
I got it on sale from the MTA.,123,24,6,153,649,7111
My company's compromise to working from home.,110,21,5,136,649,7127
Do not let him railroad you.,131,31,4,166,649,92
"You get used to it!""",133,27,6,166,649,282
This used to be a roundhouse.,131,31,4,166,649,388
Since we moved here my husband loves his commute,135,23,8,166,649,3644
"My husband Lionel's favorite toy grew up too""",133,27,6,166,649,4439
"Oh my, he really railroaded you!",135,23,8,166,649,5718
I think it's a sign our marriage is off the rails.,134,25,7,166,649,6265
We guarantee your podcast will be available across all platforms.,135,24,7,166,649,6290
"At first, I objected. But then we realized it would save 5 or 6 minutes on Fred's daily commute....",133,28,5,166,649,6762
It's a railroad apartment.,120,24,5,149,649,320
"It's a local stop but, they finally finished the 2nd Avenue subway.",120,24,5,149,649,510
We'll put our drinks on the coaster the next time it rolls through.,118,28,3,149,649,1068
"Sure we had some setbacks, but the living room reno’s are back on track. Next stop, the kitchen.",120,25,4,149,649,2050
The 4:15 should be coming by any minute now.,123,20,6,149,649,3060
I no longer go to the Scollay Square station to hand Charlie a sandwich when he rides on the M.T.A.,120,26,3,149,649,3231
Trains are a great source of white noise.,120,23,6,149,649,4842
John has always loved model trains,121,25,3,149,649,5214
you get used to the train whistle and ease of the commute  is what sold us,120,25,4,149,649,6104
"Oh Barb, I've lost my train of thought.",121,21,7,149,649,7119
Henry is thrilled with how easy his commute is now.,116,32,1,149,649,7121
I enjoy chatting but we always veer off track.,106,24,2,132,649,1220
"Well, I come from Wisconsin where the previous governor rejected--much to my anger and dismay--light rail.  So, when I found this place--well you just can't believe how happy I am!!",147,25,7,179,649,1349
"I tried to explain that the train to Flavortown is just a metaphor, but you know Warren...",144,28,7,179,649,1626
If we had only know. It began so innocently years ago years ago with a Lionel locomotive and H O gauge.,147,26,6,179,649,6636
I never would have given my okay had I known what Doug meant when he said he wanted to increase the size of his train set.,130,28,4,162,649,275
We’re still trying to find a boxcar to match every room.,129,28,5,162,649,2275
I'm so glad that your marriage is finally on track.,130,27,5,162,649,4682
"Well, it does get Michael to work and back on time.",129,30,3,162,649,5890
"It's loud, but it's fare-controlled so we don't really see how we can give it up.",129,29,4,162,649,6678
His grandfather got him started on toy trains.,120,16,9,145,649,293
"Remember how Bill was always saying,” Well, gotta be making tracks.”?",119,19,7,145,649,901
IT'S JUST EASIER TO KEEP HIM ON TRACK!,117,22,6,145,649,1285
"Thanks for the tea, Joanna. I think I see my 4 o’ clock to Grand Central coming.",118,22,5,145,649,3485
"No, 'Meals on Wheels"" opted not to use drones.",118,22,5,145,649,3883
My husband is very literal .,117,24,4,145,649,5243
We're still waiting for high-speed rail.,115,26,4,145,649,6704
The station manager has a crush on me.,154,35,3,192,649,6452
We love the commute and put up with the noise.,139,31,5,175,649,1155
It's still better than 'Old Man River.',128,25,5,158,649,1474
"Coal seemed like the sensible choice . . . inexpensive, . . . efficient . . . and no hidden installation costs.",127,25,6,158,649,1914
"Other than the noise, sometimes there's a little grain dust.",126,27,5,158,649,2625
It makes commuting to the city so much easier.,129,24,5,158,649,3040
"Yes, only twice a day.",130,20,8,158,649,3330
"Well, it used to be very small like one
you would get from an uncle at Christmas.",128,26,4,158,649,4220
They offered to buy the land but I love having access to transportation.,127,25,6,158,649,4783
"On the other hand, it makes my commute really easy as I just jump on board.",127,25,6,158,649,5490
It makes rearranging the furniture more challenging.,123,33,2,158,649,6677
We have to hold on to everything when the 5.45 comes through,126,28,4,158,649,6794
I know it must have been difficult; but I’m so glad you got your life back on track!,129,21,8,158,649,7170
Living here makes for an easy commute.,154,25,9,188,649,256
Now he comes home and goes straight to the TV,116,17,8,141,649,1543
At first it is quite loud but then you will get use to it.,115,21,5,141,649,4588
Children can adapt to everything ...,111,27,3,141,649,4865
Not only is the rent reasonable it is conveniently located near the subway.,138,26,7,171,649,682
Transit oriented housing?,128,17,9,154,649,2330
"I pick up the train in the morning and get off here at night.
A win win situation.",128,20,6,154,649,2933
You get used to it somehow.,125,26,3,154,649,4640
"Of course, I commute by train.",122,29,3,154,649,5930
You can commute from the comfort of your own home!,134,28,5,167,649,911
It's good for suicide.,139,17,11,167,649,964
"My Bill said ""Dinah, it's only twice a day and it eliminates my commute,"" and then he gave me a horn.",136,25,6,167,649,1739
"- I just finished reading of ""Anna Karenina"" by Leo Tolstoy",137,22,8,167,649,3397
Yup! The tracks of my tears....,137,23,7,167,649,4354
He takes his work home with him.,157,35,5,197,649,6871
We're on the fast track.,147,26,7,180,649,219
You can’t get much closer to the commuter rail than this.,122,22,6,150,649,856
It's noisy but getting to work is a snap.,119,27,4,150,649,3011
Since we moved out here our doors are always open.,118,30,2,150,649,4258
"Our new Roomba is really powerful, but we have to keep it away from furniture and small animals.",126,17,7,150,649,5670
"‘Living room for rails’ offered this incentive for an amazing rent control  one bedroom.  How can I go wrong, it’s the L train!?",131,28,4,163,649,3226
It makes  his commute a lot easier .,134,24,5,163,649,3373
It's the best way to meet eligible vagabonds.,134,20,9,163,649,4494
"Enen though I grew up on the wrong side of the tracks, I did ok for myself.",132,25,6,163,649,5440
Harry is always bringing his work home with him.,130,30,3,163,649,5974
Your knowledge of eminent domain procedure law is unsurpassed!,130,28,5,163,649,6536
"It gets a little noisy  at times, but Robert's commute to and from the City is so much easier.",129,30,4,163,649,6618
My husband wants to make sure that we are always on track.,131,26,6,163,649,6886
The broker said was it was a railroad apartment but this was not what we expected.,129,30,4,163,649,6957
Since he left me I became a train wreck .,135,20,8,163,649,7192
They only come through in the daytime!,103,29,1,133,649,4797
"Train Wreck?
 My marriage is more of an inconveniece.",142,27,7,176,649,3059
We call this our eminent domain,118,23,5,146,649,2908
"Funny thing is, I'll wake up when the 2:34am from Poughkeepsie is running late.",113,33,0,146,649,3253
I'm not sure this railroad apartment was a good idea.,119,21,6,146,649,3439
Life is so much better here on the right side of the tracks.,117,24,5,146,649,6738
Our lawyer didn't tell us our air rights started on the second floor.,121,17,8,146,649,6932
"It is a tad bit intrusive,but Jerry was so tired of the commute.",127,30,2,159,649,1856
"This isn't so bad, Theresa next store has a train stop in her bathroom.",129,25,5,159,649,1965
At least Harold won't be late for work every morning!,128,26,5,159,649,3224
I have a train-based peril fetish.,130,21,8,159,649,3970
Our relationship with Jimmy is on the fast track now.,130,23,6,159,649,3978
"Ever since he worked out his lateness issues, things between us have been great.",127,28,4,159,649,4204
"Well, I’ve always had a one track mind.",128,26,5,159,649,5326
Henry thinks we're finally on the right track!,128,26,5,159,649,6293
You'd be surprised how quickly you get used to it.,127,29,3,159,649,7070
"I'm old Baltimore,  James' family owned the Eire.",102,24,3,129,649,2181
"Oh THAT.... Guess we haven't had you and Bill over for TRAIN NIGHT with my Fred in costume playing conductor, punching tickets. Serious fun, Millie!",140,24,8,172,649,2572
I REALLY wanted one close to transit.,101,26,2,129,649,2918
We struck a deal with the eminent domainers.,138,28,6,172,649,3269
"Well, he did tell me that he longed to be an engineer.",141,26,5,172,649,4978
At least my kids won’t grow up on the wrong side of the tracks.,147,33,5,185,649,7286
I feel like I got off the wrong track.,118,17,7,142,649,3190
The noise is a nuisance but it make's Rodney's commute much more convenient.,112,28,2,142,649,5321
"The apartment's not pre-war, but it is a railroad flat.",124,26,5,155,649,565
"The noise isn't great, but the location makes commuting a breeze.",124,26,5,155,649,1375
"Well, the house certainly has good circulation.",126,23,6,155,649,1893
The real estate lady promised these tracks would lower our rent significantly.,125,26,4,155,649,2001
I'm thankful that we chose this side.  Aren't you?,125,25,5,155,649,2014
You are the only person who isn’t happy with the newly extended Q line.,125,26,4,155,649,3658
I was kinda looking forward to the L shutdown.,126,22,7,155,649,4893
but it's so convenient to the High Line,126,24,5,155,649,5051
It has a time table for drowning out tedious conversations.,133,31,4,168,649,1268
Theodore is punctual. You can say that much.,134,30,4,168,649,5578
My lawyer said it was a case of imminent da train.,134,29,5,168,649,5826
"After I found out what he did, I railroaded him out of here!",142,19,7,168,649,7387
"And Now...
 It's only the 3:30 train that stops to use our restroom.",144,35,2,181,649,2314
"Don't worry, it's safer than living on the wrong side of the tracks.",148,26,7,181,649,5263
"Sorry to railroad you like this, but your fence is in fact touching our property line",160,24,10,194,649,3087
"Like Lenin said, look for the person who will benefit.",113,19,6,138,649,46
It's the latest trend in lieu of paychecks. They call it being railroaded.,114,16,8,138,649,896
"Mexico wouldn't pay for our wall, so we went with the Trump train.",114,18,6,138,649,5353
We weren't sure which side of the tracks was the wrong one.,123,21,7,151,649,39
The rent is still pretty high.,122,26,3,151,649,333
I love what you did with your continental railroom.,121,28,2,151,649,519
"We got it at the huge 'Toys-R-Us' liquidation sale, the same time my husband was being railroaded at work.",123,27,1,151,649,2606
Ralph is still working on the locomotive.,121,27,3,151,649,4035
"Yes, the President HAS made the trains run on time.",124,20,7,151,649,4079
"Just about the middle, yes, but there hasn't been a train through here in years.",121,26,4,151,649,4793
Greg wanted a short commute.,124,19,8,151,649,6331
Every 45 minutes I thank the Metro Express for free rent.,133,26,5,164,649,853
"Yes, it is noisy, but we opted for delivery convenience!",130,30,4,164,649,1160
"He's a great father, I just wish Thomas the Tank Engine wouldn't bring his work home with him",134,22,8,164,649,2505
"Actually, it's made his commute so much easier.",134,22,8,164,649,4131
"The artist calls this installation “Horizontal Slats to Nowhere”...

Leslie Hardin
Summit, New Jersey",135,24,5,164,649,4344
"On the other hand, it's easy to keep track of him.",134,25,5,164,649,4536
And it’s also a convenient reminder that I must pay the rent.,136,22,6,164,649,4822
I was hoping Billy would outgrow his train obsession before he turned 40.,145,24,8,177,649,4473
"We didn't get the model railroad that we ordered, but at least it's really handy for our commute.",119,25,3,147,649,2097
Has this shortened your commute?,116,30,1,147,649,2567
The dog's always tracking in something,118,25,4,147,649,6094
"Moving in together was tough at first, but now our relationship is back on track.",128,27,5,160,649,636
"My husband loves trains,  and atleast they aren't fracking...",127,30,3,160,649,639
The rent for this railroad flat was too irresistible to pass up.,130,23,7,160,649,1763
"Shirley, my husband is always tracking stuff into the house!”",132,20,8,160,649,3597
It's a new way to express myself.,134,17,9,160,649,5102
"He just loved Arlo Guthrie, don't you know.",128,29,3,160,649,5327
It really shortens my commute time!,126,32,2,160,649,5437
They say it'll only be partially shut down now. I'm furious.,128,27,5,160,649,6028
'The MTA claimed it was eminent domain.',150,31,5,186,649,276
Bob is into trains.,151,28,7,186,649,6521
"I can't believe you are still trying to train your husband,",127,22,7,156,649,1325
our Decorator is on Track to finish this month !,136,27,6,169,649,1424
"WELL, BILL ALWAYS WANTED A TRAIN SET",116,22,5,143,649,1647
My husband is on the 4:15 local.,136,27,6,169,649,2736
"I said the president is unhinged, not derailed.
Wait ... let me rethink that.",136,28,5,169,649,4852
I'm afraid your train has left the station,126,25,5,156,649,5390
It all started with Adam on Christmas morning...,129,22,5,156,649,5608
We've heard every Mussolini joke.,146,30,6,182,649,6925
We chose this house because it's so convenient to the light rail.,131,16,9,156,649,7067
I've been model railroaded by Russell's new super gauge layout.,118,21,4,143,649,7449
Same Juan Valdez. Same coffee. Updated delivery system.,126,25,5,156,649,7475
My husband insisted on a one-fare zone.,145,27,6,178,649,1607
It’s hard to keep Fred on track.,145,26,7,178,649,4593
Is not that noisy,143,29,6,178,649,5679
Eminent domain Schmeminant domain.,133,26,6,165,649,193
But it makes it so convenient to get to the stockyards.,133,27,5,165,649,434
It was the only place where we could buy the land and build to order.,130,32,3,165,649,557
"I finally got used to the trains, and now the government wants to use eminent domain again...
This time to build a wall through my sun room.",134,24,7,165,649,797
We're committed to transit-oriented development.,133,26,6,165,649,2711
I shouldn't have insisted he stop spending so much time on model trains.,132,28,5,165,649,3377
I've decided to channel my inner hobo.,133,26,6,165,649,4998
We're still house training.,134,25,6,165,649,6229
"No Susan, all the live-long day I said!",135,23,7,165,649,6311
"Eminent domain, just never really worked for our family, ya know?",132,28,5,165,649,6426
My husband never really outgrew it,135,23,7,165,649,7230
At least its a railroad track instead of the interstate,124,22,6,152,649,301
I’m on track to buy a condo by the time I’m 49!,127,19,6,152,649,318
Irreverent Domain.,127,18,7,152,649,1427
"The conversation, however, soon got off-track.",121,27,4,152,649,3505
"Well, the dee Id did say subject to an easement.",122,25,5,152,649,5482
I got sick and tired of waiting for the uptown express!,113,22,4,139,649,3342
"Don't worry about the wall, eminent domain compromises are possible.",113,20,6,139,649,5906
"You were right, he railroaded himself right into my life.",115,18,6,139,649,6577
"Yes, and as soon as it's 5 o'clock, he's home",138,33,3,174,649,3428
We refused to sell out to the railroad baron!,142,24,8,174,649,4199
Wait’ll you see the wall.,142,24,8,174,649,5121
The rent is reasonable.,140,30,4,174,649,6835
Our remodeling plans are right on track.,131,25,5,161,649,2704
His retirement has not been easy...on eaither of us...,130,26,5,161,649,2971
It's been nonstop with him since last Christmas...,127,31,3,161,649,3616
"And it stopped right in to my bathroom, can you imagine that?",134,21,6,161,649,3956
John got tired of waiting for the 7:50 from Babylon....,129,28,4,161,649,5350
Can you believe that  I'm on the 'fast track' at work,131,24,6,161,649,5396
It’s Lionel’s latest.,130,25,6,161,649,6206
"And the new job?"".  "" Oh, I'm in training.",131,25,5,161,649,6939
It’s convenient if you need to catch a local.,118,28,2,148,649,653
We've been upgraded to whistle-stop status!,118,27,3,148,649,1359
It started when Herman was a boy and his parents never gave him the Lionel train set he wanted every Christmas.,120,22,6,148,649,4522
I'm the weekend detour for the N Train.,112,17,6,135,649,6576
I hear the kitchen this time of year is lovely,136,29,5,170,649,469
I can't seem to find a vacuum cleaner that lasts more than two months.,135,31,4,170,649,1261
It's the only place where we could afford the rent.,136,29,5,170,649,1344
"Jim loves the detail and realism of larger-scale model railroads, but it’s a slippery slope. . .",140,23,7,170,649,1822
Our teenage son wanted a real train or shrink ray gun for Christmas.,136,29,5,170,649,4369
"The lighting is so much better on this side of the tracks, don't you think?",139,26,5,170,649,5217
I told him to get a retirement hobby.,137,28,5,170,649,5459
He's a great guy but he's from the other side of the tracks.,136,29,5,170,649,7342
"It's ugly, but saves us a lot of commuting time.",126,26,5,157,649,750
The 4:20 train to the kitchen is running late.,127,24,6,157,649,1125
"True, but my commute time is fantastic!",130,19,8,157,649,2479
We're subletting this while we get our house in ship shape.,129,20,8,157,649,2715
"He said, ""I know I can, I know I can, I know I will,"" clickty clack up the railroad track. That was last Christmas. I'm still waiting for him to put his toys away.",128,22,7,157,649,3359
I'm so jealous of all your space. How do you afford this?,131,17,9,157,649,4898
Amazon Express has certainly opened us up to new doors.,128,25,4,157,649,5127
He really misses the commute.,125,28,4,157,649,5149
"When he said rails, I hoped he meant cocaine.",130,21,6,157,649,5528
It's the only commute he'll accept.,126,27,4,157,649,5676
I thought you said your Husband was into model trains?,132,21,4,157,649,5725
A train runs through it,127,24,6,157,649,6218
Upside - cinch commute.  Downside - crossing barrier in the dining room.,114,27,3,144,649,2175
My life's been going off the rails lately. I've been trying to get it back on track.,115,25,4,144,649,2631
We had a home birth. But it was on the wrong side of the tracks.,115,25,4,144,649,3815
"So take a good look at my space
You'll see my smile looks out of place
If you look closer, it's easy to trace
The tracks of my tears",148,22,9,179,649,4703
Gwyneth Paltrow said train tracks give the home a more rustic feel... she also named her baby “Apple”.,105,23,3,131,649,7432
His model railroad hobby got out of hand.,136,22,8,166,649,2663
It’s best to sit on the right side of the track.,138,21,7,166,649,2732
"If you hear a train, and if you have to use the restroom, you better make sure you're not on the wrong side of the tracks.",135,24,7,166,649,2917
Just don't use the bathroom on the wrong side of the tracks,134,26,6,166,649,3150
On the bright side it does shorten our commute to work,135,25,6,166,649,3896
Our Avant Guard son has been studying Interior Design and he says its cutting edge,134,27,5,166,649,4456
"Don’t be ridiculous, of course the dog is house-trained!",136,23,7,166,649,4911
He always dreamt of being an engineer.,132,30,4,166,649,5736
Yea - That's not what I had in mind when he said he was into trains either.,127,19,7,153,649,5794
"I don't want to drive you crazy, but I have a loco-motive.",114,22,4,140,649,1413
"Now that we've polished off the leftover vodka, it's about time Fred will be rollin in here on the 5:30 with the take-out.",140,31,4,175,649,1754
"Yes, this was George’s doing.  His Eminence didn’t fully grasp the proclamation of eminent domain.",112,25,3,140,649,2071
"It's a little noisy, but the mail always gets here on time.",140,30,5,175,649,2255
He tells me he's on the fast track for a promotion to corporate.,142,26,7,175,649,3287
"Yes, my dream home! A railroad flat!",139,32,4,175,649,3479
Lionel is back and bigly.,145,20,10,175,649,5179
"Let's just face it, Sissy.  You might not be proud 
to be a coal miner's daughter, but I am.",131,25,6,162,649,559
"I may have taken the railroad apartment decorating suggestions a tad too far, what do you think?",134,20,8,162,649,624
It's a last resort to potty train our little one.,134,21,7,162,649,1184
We just love the movie “Stand By Me”.,134,23,5,162,649,1688
We were determined to get the full Mainline experience.,129,30,3,162,649,6249
We wanted a place near public transit.,134,19,9,162,649,6294
We wanted a view of the high-line,131,26,5,162,649,6392
I can't imagine what life is like on the other side....,121,22,6,149,649,1038
"Sure it's a little noisy, but getting to work is super convenient!",120,24,5,149,649,1498
I’ve always wanted to live in a railroad flat.,122,22,5,149,649,1770
He was tired of missing the train!,121,23,5,149,649,1908
"The MTA  is finding all sorts of new revenue sources and, it fit our budget.",118,30,1,149,649,3492
"You know,I'm kinda worried about our house insurance.",119,28,2,149,649,6384
It’s not for everyone but owning your own railroad is really special.,141,21,9,171,649,211
You won't believe what he tracks in.,137,29,5,171,649,1343
You can't beat the rent on a railroad apartment.,137,29,5,171,649,2481
She's quite popular with the boys.,140,26,5,171,649,3303
I like to think I’m an armchair tourist.,138,30,3,171,649,3549
"Damn it Jill, this is not what I meant when I said you need to be trained.",143,19,9,171,649,3814
The chew chew train should be arriving any moment now.,138,29,4,171,649,6715
"When I woke up, he was in the shower singing, ""I've been working on the railroad...""",108,25,3,136,649,2990
"Harold, in retirement, can be surprisingly contrary and childish, and seems to chafe at any
constructive criticism I offer. 
This is the product of my asking him to ""Not track things in the house"". 
And to think, at one point I looked forward to this",113,15,8,136,649,6710
I had no idea really.  He said it'll save the wear and tear on the carpets.,127,26,5,158,649,1196
I got tired of going to the station to throw Charlie his lunch so I built the house around the tracks. He still has not returned.,130,20,8,158,649,5531
So..... is this what it means to live on the other side of the tracks?,125,32,1,158,649,6219
I heard that today's snack time might be delayed because of a snow storm in the north.,144,32,4,180,649,4828
Our commute time is startling.,144,33,3,180,649,4994
Sometimes I feel like a third rail in this house.,136,24,7,167,649,38
I've heard of a railroad apartment but this is ridiculous!,139,19,9,167,649,71
"After the cold winter walks at our last apartment, being close to the train station was a must for John.........",142,17,8,167,649,659
It makes my husband's commute much easier.,137,22,8,167,649,763
Your rent is so cheap for being so close to the train.,135,27,5,167,649,2541
"Yes, it has cut down on our commute, but it can be a little noisy at times.",138,20,9,167,649,3995
"Could've just told me he felt railroaded, but I guess he's a hands on kinda guy.",139,21,7,167,649,4487
It's our way of conveying our feelings.,135,28,4,167,649,7178
I'm not sure I like the new office layout.,154,27,8,189,649,3142
"Sure the diesel smells, but the cattle cars? Well...",129,16,9,154,649,601
The realtor said that we could be the next High Line.,142,30,4,176,649,2177
"I take it your toddler is really into trains, too?",106,22,4,132,649,3105
AMTRAK-sponsored Feng Shui program on DIY network. Interesting idea.,126,24,4,154,649,3868
"NEVER CONSIDERED A RAILROAD FLAT BEFORE,BUT THE PRICE WAS RIGHT!",144,27,5,176,649,3911
"When I told him we were all out, he made tracks for the liquor store.",125,26,3,154,649,4465
"Just think, in 45 minutes we'll be in Poughkeepsie.",125,24,5,154,649,5735
How's your coffee? More milk?,128,20,6,154,649,6862
We always travel with our own furniture in case of delays.,123,28,3,154,649,6873
"Of course, and it's electric.",131,27,5,163,649,2463
"‘He told me that he was into home train sets, but this was something else!’",133,26,4,163,649,2946
Howard takes his Lionel seriously!,134,23,6,163,649,2961
Its really cut down on the commute and we've come to love the sound at night,134,21,8,163,649,5196
"-You know what they say, a man who never went to school may steal from a freight train, but a university-educated man might steal the whole train.",129,31,3,163,649,6655
"I hope presidential whistle stops don’t make a comeback!” John Vanderheide-Stevenson,Washingto",133,23,7,163,649,6800
We keep our bullet train in the safe.”,117,18,6,141,649,317
"It's OK, we were told it will soon be a Rail Trail.",114,23,4,141,649,2657
"My husband is a real fan of ""3:10 to Yuma"" .",114,22,5,141,649,5389
I don't find it awkward...it's the rats that it brings in.,113,24,4,141,649,5766
I like to think of myself as a modern day hobo.,116,20,5,141,649,6243
Gerald says if our living room is designated a metro station the train will actually stop.,116,21,4,141,649,6829
It's made my commute so much easier!,138,29,5,172,649,1477
Our coffee car will arrive any minute.,136,33,3,172,649,3219
We figured it would really cut down our daily commute.,140,27,5,172,649,7323
"Where’s the bathroom? But more importantly, is there an express train?",122,23,5,150,649,561
"Have you met your neighbor, Elon Musk, yet?",120,26,4,150,649,897
"Honestly, waiting for the G train is not as bad as everyone says.",120,27,3,150,649,1278
His new hobby makes it difficult to have friends over but on the other hand commuting is now a breeze,122,22,6,150,649,2004
"Unfortunately, it only leads to Deadwood.",120,26,4,150,649,2817
I’d like to know more about your train of thought.,122,23,5,150,649,5817
The architects weren't kidding.,119,29,2,150,649,6012
Harvey says the shorter commute time is worth the hassle.,121,28,1,150,649,6373
"I thought I would start a little sideline from home """,124,18,8,150,649,6898
Well...my husband is an architect and an engineer.,129,24,6,159,649,371
He's really off the rails with our home improvement.,132,20,7,159,649,1234
My husband likes to keep himself on track as best he can!,129,26,4,159,649,1239
"It's a little noisy at times, but the rent is a real bargain.",127,28,4,159,649,1547
The MTA has a new home owners program for those who renew their cards on a monthly basis,130,24,5,159,649,2170
He started with HO and moved up to HOME  gauge!,133,19,7,159,649,3465
Just keeping track,132,20,7,159,649,4382
"No matter how hard I try, I still can’t get us on the other side of the tracks!",128,26,5,159,649,5216
It takes some time off the commute.,125,32,2,159,649,7110
Our kitchen makeover plans have gone off the rails.,112,20,5,137,649,984
"He grew up on the wrong side of the track, so we compromised.",110,23,4,137,649,3596
He's due home any time now.,136,26,6,168,649,978
Could you please hurry I'm on a tight schedule.,138,24,6,168,649,1107
All my friends are engineers,136,26,6,168,649,1539
You get used to the noise and opening and closing the doors to let it through is great exercise.,132,34,2,168,649,1789
It was a whirlwind affair... from “I think I can” to “I Do’s” in no time flat.,136,26,6,168,649,1985
We have encouraged Clifton to think big.,137,26,5,168,649,5087
I don't like to think of it as gentrification.,116,27,3,146,649,960
"Yeah, we got a really sweet deal on this rent-stabilized railroad apartment.",117,25,4,146,649,1150
My husband is big into trains.,141,32,4,177,649,751
"Strangely enough, my crazy train sticks to a pretty tight schedule.",144,27,6,177,649,973
We love hearing the sound of a train whistle from our bedroom.,143,28,6,177,649,1124
"The last thing I heard was, "" Chattanooga Choo Choo won't you choo choo me home.""",145,24,8,177,649,4827
"My therapist said I was on the wrong track, so I had the house moved to what I hope is the right track.",125,26,4,155,649,1891
LA proved too much for the man.,128,22,5,155,649,2082
"Gosh, darn it! It looks like the 6:15 to Des Moines is late again!",125,27,3,155,649,3078
"I tried, but Dirk‘s from Chattanooga.",126,24,5,155,649,3250
It was the only way for us to be on the Hi Line.,127,25,3,155,649,4980
I feel like this conversation is not going anywhere,152,26,8,186,649,6482
I don't mind the commute as much anymore.,129,34,1,164,649,116
That's not what I meant when I said I needed to be trained,133,25,6,164,649,447
"It's a little noisy, but we get discount tickets!",132,28,4,164,649,1109
It has wonderful curb appeal.,132,27,5,164,649,3029
"I want the fast track to the top, how about you?",133,25,6,164,649,4692
What makes you think I'm trying to railroad you?,111,14,8,133,649,2603
Our goal was to stay on track and I guess we did.,107,23,3,133,649,4078
But practically speaking I’m aboard and off to work in a jiffy.,108,22,3,133,649,4733
It's my plan B.,140,28,5,173,649,6224
The Trump train come rolling through again. I'm still not going to jump on board no matter how many times he serves McDonald's on that thing,115,22,5,142,649,3014
"It takes so long to get to Penn Station by taxi, he made a deal with the MTA.",117,19,6,142,649,3872
"It's not the butler bot I pictured, but it works!",115,25,2,142,649,6067
You can't beat the convenience of public transportation.,146,31,5,182,649,1530
"It's nostalgia, he grew up in a railroad flat.",124,20,7,151,649,1574
I shortened my commute by 15 minutes,122,25,4,151,649,5671
"I am sorry, I got sidetracked. I hoped you can understand.",122,24,5,151,649,6697
I didn't realize Monopoly had it so wrong about railroads.,132,22,6,160,649,1122
The rent for this place is a steal and it's a short walk to the metro.,128,28,4,160,649,1667
I always suspected we were just having a Whistle Stop relationship.,130,24,6,160,649,1821
"It blends in quite well with the cherry table, doesn’t it Karen?",125,34,1,160,649,2329
"Let's find a good stopping place for this conversation, the 6 o'clock is due any moment.",127,30,3,160,649,4377
I've been a personal trainer for about a year now.,129,28,3,160,649,4826
You get used to it after awhile.,132,21,7,160,649,5594
His therapist suggested that his fascination with toy trains was unhealthy.,127,30,3,160,649,5993
And he is able to spend more time with the kids now that his commute is cut in half.,133,23,4,160,649,6687
Bill's still toying with his idea for a laminated cardboard bullet train.,139,28,2,169,649,88
"“Face it Mom, Dad’s finally gone too far with his ridiculous model railroads.”",139,25,5,169,649,97
Elon Musk is sort of a dumb shithead.,141,19,9,169,649,1087
He thinks we'll see more of the apartment this way.,140,23,6,169,649,1812
So this is where the underground railroad ends.,138,28,3,169,649,2214
Joe wanted to live close to the L train.,136,28,5,169,649,3098
It was cheaper than a Lamborghini.,135,31,3,169,649,3742
"Yes, the windmill would have been kind of pretty, but the commute from here is brilliant!",139,24,6,169,649,4343
My brother's from the wrong side of the tracks.,137,27,5,169,649,5082
"Affordable, but the commute's a bitch.",137,27,5,169,649,5422
THIS SOLVED THE PROBLEM OF HIM MISSING THE TRAIN EVERY MORNING!,144,28,6,178,649,3992
"MTA is really going above and beyond to expand their service this year, huh?",122,19,6,147,649,3825
"Now that you have taken the tour, what do you think of our new training center?",122,19,6,147,649,5115
"Door-to-door,it's brought the daily commute right down.",120,21,6,147,649,6982
"I did insist he find a hobby, I just wish I’d emphasized the word ‘model’ more clearly. At least he’s getting out of the house more.",127,24,5,156,649,396
"Well, it all started with model trains!",126,25,5,156,649,465
"In 2007, the MetroCard mayor himself called on us to fight climate change and traffic on the Upper East Side.",130,18,8,156,649,798
Are you aware that your son is telling tall tales at school?,130,20,6,156,649,2503
It’s worth waiting for the caboose,125,28,3,156,649,4576
What can I tell you?  I have trouble staying on track.,127,24,5,156,649,5530
Walter doesn't mind his commute to the city.,126,26,4,156,649,6096
We are so happy to have been chosen to be fast tracked though life!,128,23,5,156,649,6180
It makes the morning commute so much easier!,136,24,5,165,649,336
Mel always could be a little excessive with his hobbies.,131,31,3,165,649,1120
"Hey, at least I'm not lying when I tell mom I married an engineer.",132,30,3,165,649,1238
"Those ""railroad"" apartments in Williamsburg, those are just poseurs.",135,23,7,165,649,1657
"These miniature train sets are really getting out of hand, I haven't seen Tom in months.",138,19,8,165,649,5029
It's a scheduling tool for my new home office...helps me stay on track.,138,19,8,165,649,5031
"Well Jeannie, this is part of our president's $200 billion plan to invest in the country's infrastructure. He's going to use these gleaming new rail lines for his Make American Great Again whistle stop tour and we''ll have a front row seat!",135,24,6,165,649,6092
"Sorry, but the bathroom is on the wrong side of the tracks.",140,30,4,174,649,724
We wanted to be close to the comuter line.,144,22,8,174,649,1611
I hear Jenny's husband had to get a surface job to make ends meet.,117,24,2,143,649,3701
We always wanted a railroad flat.,123,24,5,152,649,190
I can't telecommute because the internet's down.,124,24,4,152,649,3764
It's cut Irwin's commute by 20 minutes,123,26,3,152,649,5555
"If you drink your coffee fast enough, you can catch the next train home.",123,24,5,152,649,6487
You shouldn't have taken her so literally!,122,27,3,152,649,7188
He bought the deluxe model train set.,124,23,5,152,649,7291
"I know he loves me, but I won't be railroaded into marrying him.",132,22,7,161,649,5176
Our design inspiration? We just love the High Line!,131,24,6,161,649,5877
"Our youngest, Thomas, has a terrible time about leaving tracks all through the house.",140,22,8,170,649,498
I told my broker that I wanted to be close to the subway.,138,26,6,170,649,4264
Things just got real all of a sudden ...,138,26,6,170,649,4484
It helps me stay on track.,148,22,9,179,649,4139
My mother taught me to always stay on the right side of the tracks,143,32,4,179,649,7131
The only problem is that the kitchen is across the tracks.,114,19,6,139,649,1347
At least it's more energy efficient than the gravy boat.,117,18,4,139,649,1946
"They call this a ""Railroad Flat!""",114,20,5,139,649,3798
"At first we had some trouble with board approval, but they finally discovered the advantage of a subway stop in the basement near the laundry room.",119,26,3,148,649,2086
"Once a train gal, always a train gal.",119,25,4,148,649,5843
We really wanted a good flow.,129,22,6,157,649,403
He asked if it would be alright to run a model train through the house.,127,26,4,157,649,1305
He's in training.,132,17,8,157,649,1521
He started with HO.,126,28,3,157,649,1733
It's a bit noisy but we got an unbelievable deal on the price,129,22,6,157,649,1849
"Well, you know the real estate situation in Brooklyn....",127,26,4,157,649,2184
My husband likes to bring his work home.,127,26,4,157,649,5024
We're part of the new Adopt-A-Station program.,128,23,6,157,649,5143
"If you put your ear on the rail, you can hear the Democrats stampeding towards Washington….",127,25,5,157,649,6663
_______Sure is a pain opening the doors when the whistle blows!__,129,24,4,157,649,7159
"The little engine that couldn't, am I right?",134,29,3,166,649,210
I always enjoyed the sound of a train in the distance.,137,21,8,166,649,5375
"I don't care, Olive, if those are the tears of his tracks. I'm not going back!",141,30,4,175,649,4476
Thank God the train can't fit through.,149,30,5,184,649,3986
Well...it gets a little noisy now and then...but we got a great deal...,117,22,5,144,649,60
We're thinking about redoing the kitchen next.,156,28,5,189,649,80
"I know it’s a little extreme, but I do love those scenes in the movies where they tie the girl to the railroad tracks.",121,14,9,144,649,654
This is the only home in your price range that isn’t on the other side of the tracks.,134,20,8,162,649,862
I think your model train hobby is out of control.,133,24,5,162,649,1259
"My favorite movie is 3:10 to Yuma.""",125,22,6,153,649,1310
We still get good service even with the Government shut down.,128,16,9,153,649,1467
It's taken awhile but I've finally got him back on track!,142,22,7,171,649,1906
"Sure, it's unconventional, but we saved a ton of money!",140,27,4,171,649,2361
My husband's an engineer...,110,21,4,135,649,2485
"Since they got away with using imminent domain to build the wall, there's been no stopping them.",136,16,10,162,649,2905
He told me I'd better make tracks before it's too late.,124,25,4,153,649,3117
Herb's just not ready to let Amtrak go.,131,27,4,162,649,3444
At least the trains run on time.,117,22,5,144,649,3732
Our son is really into track.,116,25,3,144,649,3885
"1. I lost my train of thought
2. I wondered if we're on the wrong side of the tracks
3. I've wondered if this is a better deal than eminent domain
4. His model train collection has continued to grow
5. I wish they'd stop blowing the whistle",137,15,10,162,649,4005
"Of course, it started with Brio, then Lionel, then LGB....",139,26,6,171,649,4041
"My husband  isn’t interested in model railroading, just the real thing.",134,25,3,162,649,4260
I keep telling him to not bring his work to home with him,133,25,4,162,649,4892
This was Cuomo's idea.,135,18,9,162,649,5043
"If you don't deal with them, mice can get really out of hand.",126,20,7,153,649,5055
"He said no, I said yes!”
“He’s never late anymore!”
“We’re sticking it to the government by staying put!”
“So, what’s new?”
“I wanted to give him a clearer track to the bedroom!”
“I’m putting my foot down by allowing Henry only one full scale train",112,16,7,135,649,5058
This image is humorous because trains aren't normally in living rooms.,129,15,9,153,649,5154
I can handle it now but it took some training.,154,28,7,189,649,5499
Working for Zillow gave me the inside track.,125,24,4,153,649,5740
The company agreed moving into the L subway tunnel was a win.,125,23,5,153,649,5767
I like being able to walk to the commuter train.,114,29,1,144,649,5899
This used to be a railroad flat.,143,27,6,176,649,106
"Well, you know, he’s always on the go.",144,26,6,176,649,3771
The convenience of my commute more than makes up for the noise.,145,26,5,176,649,3923
"Are you packed, its almost midnight",142,29,5,176,649,6269
how convenient,136,25,6,167,649,589
I guess you can say it’s the elephant in the room.,134,29,4,167,649,4001
It reminds us to stay on schedule.,127,29,2,158,649,2201
"Yes, my husband works on the railroad and I hate itwhen he brings his work home with him.",131,20,7,158,649,2386
"To be fair, he did warn us about his big model train obsession.",125,31,2,158,649,2434
John's on track for a big promotion.,130,23,5,158,649,4501
Things really changed when the Green Line came in.,130,21,7,158,649,5592
"Well, that ride to the train station was getting old.",130,21,7,158,649,5868
He didn't want to give up the house... plus he loves trains.,131,23,4,158,649,6820
'And I though the tracks from my husband's boots were bad.',120,25,4,149,649,633
...You told me I had to keep him on the right track.,120,26,3,149,649,2944
It’s kind of like the ‘open concept’ only cheaper.,118,29,2,149,649,3979
"Usually he comes home on the 5:15, but he called earlier, saying he'd be late.",123,22,4,149,649,5415
We've been railroaded by the government.,122,23,4,149,649,5714
"Well, it certainly gives new meaning to the term 'railroad apartment.'",116,19,5,140,649,3685
Lets' face it I've gotta' get my life back on track.,116,19,5,140,649,3750
He never really got over his childhood Lionel train set.,109,17,5,131,649,7101
"Sure the sirens are sometimes a nuisance, but you can’t imagine the benefits of commuting to work.",146,30,5,181,649,3645
He said it was just temporary.,144,20,8,172,649,927
I always knew he loved trains but never dreamed to this extent,138,30,4,172,649,3137
We’ve been railroaded!,140,26,6,172,649,4205
The  government calls it Eminent Du Train but I think we got railroaded,143,23,6,172,649,6266
Well the noise is a bit much but it's convenient for our commute.,145,20,7,172,649,6518
I've just been stressed out about getting to the other room.,135,20,8,163,649,181
It shuts down on nights and weekends.,133,25,5,163,649,2066
I time things to have my drink with the 5 o'clock express.,130,30,3,163,649,5818
We better chug this tea quick.,134,25,4,163,649,6827
This is what happens when you bring your work home with you.,125,24,5,154,649,429
You actually get used to the noise after a while.,126,22,6,154,649,5611
"He wanted a house closer to the train, so we bought this one......and it was really cheap too!",125,25,4,154,649,6791
George is a big model train enthusiast.,118,24,3,145,649,1245
But the rent is quite reasonable!,147,37,2,186,649,1951
"You know kids these days, always wanting bigger toys!",154,25,7,186,649,2221
Tobin wanted to keep his commute as short as possible.,151,30,5,186,649,5689
"I got railroaded into living here""",150,31,5,186,649,6082
It makes it easier to stay on track.,138,24,6,168,649,183
It was either this or lose the reservation entirely.,138,26,4,168,649,1567
My husband takes our 'western movie villain' role playing' pretty seriously,132,22,5,159,649,266
Jack’s very punctual. He will be passing through in 71/2 minutes,130,23,6,159,649,2270
"Dan's still on the Trump Train, but it's really starting to affect our daily lives.",129,25,5,159,649,2624
And it’s so near the ‘d’ train.,131,21,7,159,649,3146
"After Tom's bariatric surgery,I'm hopeful he'll be able to walk to the bathroom.",131,21,7,159,649,5119
I'm sorry to be the one to tell you this but they're no longer shutting down the L train.,121,25,4,150,649,386
It's to remind him if he's not faithful I'll ride him out on a rail.,120,28,2,150,649,3761
The ll:30 local should arrive with snacks for us.,121,25,4,150,649,3988
It's very convenient.,124,22,4,150,649,5201
It cuts down on the commute by 30 minutes,123,21,6,150,649,5319
Our next meal is at precisely 6:45 pm.,121,25,4,150,649,5467
And we chose to build in this location so that we would be on track for an early retirement...,122,25,3,150,649,5878
The dinner train should be here in about two minutes.,120,27,3,150,649,5884
My decorator calls it industrial style.,121,25,4,150,649,6316
"I love your new house, Nancy, it's so close to public transportation.",124,19,7,150,649,6427
"Just wait for the 4:02 to come ripping through here, it'll take away your obsession with Hitchcock's ""Strangers on a Train"" AND your underpants.",124,19,7,150,649,6447
"The rent is only so-so, but the commute is easy-peasy!",113,27,1,141,649,1892
It's the engine that connects us!,113,26,2,141,649,4839
My commuting time has really been cut down!,139,30,4,173,649,566
It's easier to make wall prototypes when you lay them flat.,142,26,5,173,649,1459
It’s possible we complained too much.,140,28,5,173,649,1782
Maybe now our marriage will stay on track.,143,25,5,173,649,2103
Really...I think they're quite a-track-tive.,145,19,9,173,649,2555
I'm glad our Airbnb is on the right side of the tracks.,143,22,8,173,649,4979
"Well, he started out with those 'H0' size things, then it just got out of control.",144,21,8,173,649,5356
Oh just ignore the mess on the other side of the tracks.,140,28,5,173,649,7187
"Yes, it’s railroad style but it has cut my commute in half.",140,29,4,173,649,7209
Affordable?  Yes.  Housing?  Let’s just say that using the crossing to watch TV in the den gets old real quick.,137,24,3,164,649,26
"I tried decorating but would have to move everything back in place six times a day.""",133,26,5,164,649,55
It's a whole new approach to housetraining!,134,24,6,164,649,4861
"My mom was so nostalgic about her railroad flat in Brooklyn when she was a girl; so, when I saw the ad.....",132,28,4,164,649,5052
Fred always wanted to be on the fast track.,101,19,3,123,649,5395
I know why they call it first time home buyer now.,125,26,4,155,649,916
And I guess the sound of the outward-bound made him a slave to his wandrin' ways,129,21,5,155,649,1389
"It's a railroad apartment, but it's the express line.",132,17,6,155,649,2647
My husband is obsessed with minimizing commute time and moving the house to here saves him 9 minutes and 6 seconds.,127,25,3,155,649,4048
I'm training my husband.,127,22,6,155,649,4322
We decided to take the apartment with the closest route to work.,124,28,3,155,649,4890
"My husband laid the tracks and said ""Casey Jones will come.",126,24,5,155,649,5989
My husband is well trained!,123,30,2,155,649,6071
It’s been great. We figured out how to cut our commute down by 3 minutes.,127,22,6,155,649,7373
We are on track to hire staff for a temporary oasis for people who need comic relief from the subway.,126,25,4,155,649,7442
This sure beats going down to the train station.,118,24,4,146,649,1767
"I don't mean to sound paranoid, but I think someone is tracking me.",119,22,5,146,649,2692
"Yes, he and my son got on Tuesday, and we haven't seen another train since",120,21,5,146,649,4918
Our interior decorator used to be an engineer.,116,28,2,146,649,6330
"Sorry, Ed's train of thought sometimes takes him out of town.",122,18,6,146,649,7422
IKEA has really stepped up their living room accessory line,145,27,6,178,649,1224
"It's noisy, but my husband avoids traffic jams.",146,25,7,178,649,3239
Harry wanted to live close to the train station.,148,21,9,178,649,6463
It's only fifteen minutes from Dave's work and has the open concept I wanted.,145,27,6,178,649,6780
"No, I wouldn't say loco motives, just railroad tracks.",139,25,5,169,649,3693
We got it for the commute.,138,26,5,169,649,4373
he got tired of the traffic going to the train station so we moved.,138,26,5,169,649,5435
We used  Trump's old lawyer to fight the government's eminent domain claim for light rail  in our neighborhood and were able to keep our house.,131,24,5,160,649,1819
"""It's been sparking joy for about a year now.""",132,22,6,160,649,3468
"It shortens the commute, and the convenience...forget about it!",132,21,7,160,649,4271
Geez these new Airbnb guests keep moving around a lot.,131,24,5,160,649,4754
I'm trying to get him to downsize to N-scale . . .,130,25,5,160,649,5393
What? I can't hear you.,149,29,5,183,649,5851
"Code Enforcement Officers' Nightmare Scenario #37b, (see Jurisdictional Anomalies, Section F)",126,17,8,151,649,335
We hate to move...plus we just couldn't resist the property tax incentives,122,26,3,151,649,4019
"Of course it’s inconvenient, but the good news is now the L train won’t have to shut down after all!",122,25,4,151,649,5059
"Living in a railroad flat, I find I can monitor any transit delays.",140,31,3,174,649,998
"Slow, yes, but it has the best ad blocker",143,28,3,174,649,5700
I've got my husband well trained!,115,24,3,142,649,1463
It's made relaxing at home a bit of a challenge but the convenient commute times more than makes up for that.,114,26,2,142,649,1515
It's okay until the 5:20 commuter goes through!,116,23,3,142,649,2488
"Im so glad you asked, Ethel. I’m part of the gig economy! I get paid whenever a train uses my piece of the track.",132,30,3,165,649,1703
When you're in politics every minute counts.,136,26,3,165,649,2475
He said it was essential to accumulating Doomsday supplies,135,24,6,165,649,3778
Ethan is all about public transportation.,135,26,4,165,649,5305
If you can't take the 4:51 get out of the kitchen.,134,27,4,165,649,7341
I ordered a toy train and they gave me full size.,152,31,5,188,649,6125
I'm not trying to railroad you here honey.,111,18,4,133,649,3229
We didn't want Jonathan to bear the brunt of the divorce.,127,25,4,156,649,87
You've never heard of tracked housing?,125,28,3,156,649,2843
Now I know when he is home for dinner.,126,26,4,156,649,4262
This has shortened Edgar's commute time considerably.,132,14,10,156,649,4912
"Uh, that's not what I had in mind when I told you to keep track of things.",130,18,8,156,649,5870
"No, sorry, the bathroom is on the wrong side of the tracks.",146,27,6,179,649,2768
"Somewhere along the way, my marriage has gotten off track.",146,28,5,179,649,3718
It's now called the Gavin Newsome Train,145,32,2,179,649,5756
Jim gets in on the 5:10,123,19,5,147,649,1806
What do you mean it's not shutting down?,123,17,7,147,649,2632
"The more he ate, the bigger it got",122,18,7,147,649,3690
The conversation always derails when the baby comes in.,121,22,4,147,649,3860
Being off track is only a state of mind,119,25,3,147,649,4619
We had a choice between tracks or The Wall.,123,19,5,147,649,6667
It's been great for the bed and breakfast.,119,25,3,147,649,7314
It’ll derail in the kitchen.,140,27,3,170,649,1466
It’s just not true that pop-up train stations save time.,137,31,2,170,649,1623
"...""yep, straight into the basement. Gerald says, ""China or Bust!""",138,28,4,170,649,1691
"We had a slight hassle with the zoning board, but ultimately it saves so much time commuting.",142,21,7,170,649,1845
The commute was getting to him,139,26,5,170,649,4192
A talk with the mother-in-law; a train wreck waiting to happen.,139,25,6,170,649,5170
I feel like he’s always railroading me.....,141,21,8,170,649,5487
"I never wanted this apartment,but my husband railroaded me not it.""",144,18,8,170,649,6281
With the new tracks we've really cut down our commute time.,129,29,3,161,649,2778
Stanley says this is the fast track to success. I think it is more like he being side-tracked.,131,25,5,161,649,2994
My Realtor misunderstood me when I said we were looking for a Trac Home,131,25,5,161,649,3677
It's OK! They said it's just once a day!,132,23,6,161,649,4044
"Yes, the model trains are all over the house, but things got complicated when he said he wanted some biggertracks.",115,17,6,138,649,4101
It is in case I remember my train of thought.,150,28,6,184,649,4159
At least your husband only tracks dirt throughout the house.,133,24,4,161,649,4383
I get my remodel.,138,14,9,161,649,4502
"Sometimes,it's like a freight train just blows right through here.",133,22,6,161,649,4747
"The real difference between boys and men is that, well, with men, the toys cost more!",131,25,5,161,649,5394
"I don't know, millennials say it's cool",144,24,7,175,649,1108
The last thing I want to make you feel is railroaded”,141,30,4,175,649,2785
"Hey Alexa, do you ever think the government is tracking us?",126,20,6,152,649,2517
We’re very happy in this railroad apartment.,129,14,9,152,649,2693
It makes the commute easier.,123,25,4,152,649,3176
"I'd offer you a snack, but the refrigerator is on the wrong side of the tracks.",136,24,6,166,649,1989
This used to be Spike Lee’s joint.,114,27,2,143,649,678
It’s the tracks of my tears.,116,24,3,143,649,1513
"I've given him a week to clean it up before I'm, ""making tracks"".",146,29,5,180,649,389
We wanted to be on the right side of the tracks,149,25,6,180,649,3329
It's part of the GOP handbook.,129,22,6,157,649,1725
Jack's going through a second childhood.,129,23,5,157,649,1888
It helps me count my steps,132,17,8,157,649,3765
WHAAAAT?,132,19,6,157,649,3779
"No , I don't mind the hobos are entertaining.",129,24,4,157,649,5122
We're on the very local route.,140,25,6,171,649,2104
We had coffee cans full of pennies.,145,18,8,171,649,2977
I just can't seem to get back on track,141,23,7,171,649,2989
"So Tom said, ""Let's move closer to civilization.""",144,21,6,171,649,3747
Railroading him is the only thing that works!,141,24,6,171,649,7360
It makes it easier to get Junior to the dinner table.,132,27,3,162,649,3495
I had no idea it was so difficult to train an engineer’s baby.,135,21,6,162,649,4285
I'd say Howard's model railroad project has gotten a little out of hand.,132,25,5,162,649,5807
It's a little pricey but the convenient commute sold us.,134,21,7,162,649,6889
I have the easiest commute to work.,143,29,4,176,649,1613
"Frankly, I'm not convinced it's the safest temporary route for the L train.",143,29,4,176,649,1981
It's high-speed rail. I barely notice the trains.,114,21,4,139,649,5552
We got railroaded by the president. And the railroad.,126,21,6,153,649,759
These Brooklyn railroad apartments are much longer than they appear,120,33,0,153,649,1532
"Regarding border walls and eminent domain, I do have a thought or two, based on personal experience.",128,17,8,153,649,2596
Tommy made us return the toy train we bought him. He's hard to please.,125,24,4,153,649,2851
Rail B @ B,127,19,7,153,649,5001
You’ll have to excuse him - he’s feeling more than a little railroaded right now.,127,21,5,153,649,5737
My life is suh a train wreck!,127,19,7,153,649,5769
Sometimes it makes me really horny.,126,21,6,153,649,6701
Hopping a freight is one way to spend the evening,125,23,5,153,649,7001
"Ever since Charles and I went to counseling, I really feel we are on the right track!",138,22,7,167,649,1362
I've been surprisingly on track with my new year's resolutions this year.,139,20,8,167,649,5379
"Well, yes, but it was so affordable, and Harold never misses his commute anymore.",132,34,1,167,649,5425
"Like President Trump with the wall thing,I compromised on the eminent domain thing.",151,22,8,181,649,5738
He always tries to railroad things through.,118,23,3,144,649,1620
"Unfortunately, we never get used to the “Wabash Canonball”.",117,23,4,144,649,5040
Your father has no idea what it takes to train for a marathon.,130,23,5,158,649,289
It's a living!,130,25,3,158,649,483
"Wish I had known before I moved in with Roundhouse Rodney, he has a one-track mind.",134,17,7,158,649,1430
"They sent us the wrong one, but we couldn't resist taking it out of the box. Now, the whole family is into A gauge model railroading.",129,25,4,158,649,1618
"Surprisingly, the builder was able to keep construction of my new home on track.",130,25,3,158,649,2556
Please stay to see our vaudville act!  If there's no audience then Frank just ties me to the tracks and feeds his roll playing fetish,133,20,5,158,649,5161
I told him we should sell the house.,130,22,6,158,649,5635
"I thought I told you Bill was a model train enthusiast. I guess I should have said he's very, very enthusiastic.",129,24,5,158,649,6261
"It’s not too bad, except for the 11:43, about when I’m nodding off.",130,26,2,158,649,6781
I put some beans on the fire. The other guests should be here soon.,144,22,6,172,649,413
Local historians say this house was a stop on the actual railroad.,139,29,4,172,649,812
They should be arriving from school any time now!,141,25,6,172,649,5384
My husband like the large gauge railroad models.,123,21,5,149,649,4222
"Even though our property value went down, it's so convenient for Phil to get to work now!",123,21,5,149,649,4442
Fred is hoping to go all electric in five years,122,22,5,149,649,5774
"So, is this how you let off your steam?",120,27,2,149,649,6581
Welcome to the HOW TO PLAY CHICKEN game show!,123,21,5,149,649,6670
"While accessibility has dramatically increased, unless you're taking the express there are just way too many stops.",132,27,4,163,649,315
"So, have you guys had to make any special accommodations for your Autistic son?",138,18,7,163,649,1099
"They wanted condemn our house for a light rail track, can you believe that!",132,28,3,163,649,1355
"That's track number 9, the Chattanooga Express.",133,28,2,163,649,6214
We were looking for a house close to the commuter rail to Fred's office.,135,23,5,163,649,7108
On the plus side,148,24,5,177,649,1851
It's a metaphor for the current state of our marsriage.,148,21,8,177,649,4090
"We don't just wake up when the train doesn't go by on time.  We wake up when it does go by on time, too.",145,27,5,177,649,5811
He's been crazy about trains since he was a kid.,144,28,5,177,649,6967
It's the shunting that gets to me.,127,21,6,154,649,878
Living in the suburbs is only do-able when you live very close to the train.,127,22,5,154,649,1683
"The coffee table is my first reclaimed wood piece, but I have plans for more.",114,22,4,140,649,2440
"I don't know, Linda - I really feel like I'm going off the rails.",129,18,7,154,649,2446
Jim decided to work from home.,124,27,3,154,649,2675
"In my realtor’s defense, I did request a large central breezeway.",125,26,3,154,649,3220
"I like it, Carol. But I was thinking more like matching drapes.",124,28,2,154,649,3714
Must be running late; it’s usually loud at this time.,114,22,4,140,649,3913
It's the Marie Kondo Express.,152,22,8,182,649,4093
Marvin upgraded from his Lionel set.,139,22,7,168,649,4315
I try to  be on the kitchen side of the tracks when the 4:30 Zephyr comes through.,112,26,2,140,649,4636
Fast track of fixed ideas.,126,24,4,154,649,5632
makes commuting a lot easier.,139,27,2,168,649,6199
This is how I keep track of Joey.,141,22,5,168,649,6358
When I told Bob that my mother was coming he made tracks.,130,18,6,154,649,6380
The realtor said the address is Promontory Point.,140,23,5,168,649,6511
Well--at least it's an easy commute to work.,126,26,2,154,649,6613
He insisted on building close to the railroad.,143,24,6,173,649,2240
He's not going railroad me into hosting a Super Bowl party!,142,25,6,173,649,3850
"Change here for the D, B, 1,2 and 3 trains. Next stop is 537 East 63rd street, Apt. 16J.",130,25,4,159,649,361
"Yes, it's a bit inconvenient but the savings in parking are enormous.",129,27,3,159,649,5866
I keep telling Roger his hobby's taking up too much space.,135,16,8,159,649,6876
"Look on the bright side Deb, at least the commute to work will be easier.",132,20,7,159,649,6891
My landlord railroaded me into this...,145,30,3,178,649,2364
Ever since the plant closed the train doesn't come by much anymore.,144,30,4,178,649,3414
"Oh, you know, Bob just HAD to have it installed last year when he started to mine for Bitcoins in the den.",148,22,8,178,649,3820
"Because our apartment was on a reclaimed
old subway line it's very affordable.",136,22,6,164,649,891
"No, I believe it's your son that is off track",135,26,3,164,649,3394
The one that does annoy me is the streamliner that screams through at two A.M.,136,22,6,164,649,5506
"Pardon me, Joy, but is choochoo the new chit chat?",124,21,5,150,649,2
"Then their sleazy lawyer said: ""We'll get you to sell, or I'll damn well die trying...""",125,19,6,150,649,360
Harold has not lost his childhood love of trains.,123,22,5,150,649,2391
"Dont mind the shaking, we have got plenty of time.",122,24,4,150,649,4866
The breakfast train will be here any minute.,124,24,2,150,649,4999
It's been better since he quit plane spotting,124,20,6,150,649,6449
The realtor said it was convenient to the Metro...,114,15,7,136,649,6731
"I don’t mind his hobbies, but I put my foot down over the steam engine.",141,22,6,169,649,761
It’s the way Joey’s able to stay on schedule,138,26,5,169,649,2702
We wanted to live on the Right Side of the track.,138,27,4,169,649,3411
Do you hear that whistle down the line?,143,18,8,169,649,4302
We prefer this to taking the subway.,126,25,4,155,649,1333
"The rent is cheap and as soon as Jerry gets of the train, voila! he's home.",124,29,2,155,649,3879
The rent is a bargain.,129,19,7,155,649,4937
He can’t complain - that’s just what he told them they could do,118,19,4,141,649,1053
"Yeah, the new Westworld expansion is kind of big, it goes through the whole neighborhood.",119,16,6,141,649,2162
I think this new route for the L train is really going to cut down on my commute.,145,21,8,174,649,3140
I asked him if his idea had traction and he thought I said tracks.,143,26,5,174,649,3283
Well I definitely prefer it over a shotgun.,143,27,4,174,649,4027
Cuomo found a short-cut to the L-train shutdown.,146,22,6,174,649,5231
"I'd show you our home, but Precious is playing with his trains right now.",144,23,7,174,649,5990
It's slightly quieter than the Quiet Car.,131,25,4,160,649,767
I misread the decorator's card when it said MTA.,135,19,6,160,649,1778
The commute was killing him.,130,27,3,160,649,2873
I'm betting on it inspiring me to write THE great Country and Western song.,131,24,5,160,649,3139
My designer told me it's only important for the public rooms to be on the right side of the tracks.,133,22,5,160,649,4765
It's always been important to me to die at home.,121,20,5,146,649,1397
"No, I don't think it's strange... He had it put in when he got released from Folsom Prison.",121,20,5,146,649,4758
"I know it looks ugly, and will probably wreck the doorframe, but at least now we have Acela service.",120,23,3,146,649,5476
"""He grew up on the wrong side of the tracks""",149,24,6,179,649,6644
All the Live-Lond Day Dianne!,140,18,7,165,649,1127
"My life moves so fast, even the local is an express.",136,23,6,165,649,2338
"You know that old saying, ""My life is a trainwreck""?  Well in my life, the train just speeds through  without stopping five times a day.",139,17,9,165,649,3358
Our marriage therapist says it's just late onset Model Train Envy.,135,25,5,165,649,4511
"Well, he persuaded me that 'O' gauge was passe.",132,31,2,165,649,6676
We had to downsize.,138,22,5,165,649,6714
And you never miss a local!,135,25,5,165,649,7450
"I know I promised to give you a tour, but I keep getting off track! Where were we?",122,26,3,151,649,3466
I’m making it easy for the “Love Train”  to find me.,124,22,5,151,649,4482
We got sick and tired of washing throw rugs every other day.,127,21,3,151,649,5895
My husband is a child at heart. He’s never outgrown his fascination with train sets.,123,25,3,151,649,5925
"No more "" L"" line worries! Goes non-stop to Grand Central.",142,23,5,170,649,2119
Did you know my middle name is Pauline?,143,18,9,170,649,4459
I told Harold I love Coltrane.,140,24,6,170,649,6825
He's trying to disrupt the direct-to-consumer model.,141,22,7,170,649,6906
I had to choose either the train tracks or the wall.,113,19,5,137,649,4115
"Oh, this house was owned by Don Cornelius, the creator & host of 'Soul Train' .",116,13,8,137,649,6365
"He's been trying hard to convince me that our marriage can get back on track.

Joan S Black, Easton Connecticut",129,22,5,156,649,818
Is this your first time working in a brothel?,133,13,10,156,649,3827
"Well, yes, it can be loud. But that’s outweighed by the convenience.",130,20,6,156,649,4408
"It's expensive, but the commute is really easy.",129,21,6,156,649,5236
And then we decided to call the practice Subway Therapy. The train tracks are simply symbolic . . .,130,21,5,156,649,6239
"It's a miracle between home and school. Besides medications, this is the only thing that keeps Raphie on track",144,27,4,175,649,6222
"Brad was fed up with the long commute""",118,22,2,142,649,1679
"Luckily, there are only two trains per day.",134,23,4,161,649,3790
I swear to God alice if my husband makes me play caboose one more time he can kiss my caboose goodbye,133,22,6,161,649,4570
It's our best selling point.,133,23,5,161,649,4608
As long as I'm on the right track...,136,18,7,161,649,7207
"You would think it would be noisy but since they stopped with the horn,it’s really quite comforting.",119,25,3,147,649,113
I couldn’t see myself in a shotgun style home.,119,25,3,147,649,428
"Well, in his defense, I was the one who said “model railroading” seemed quirky.",123,19,5,147,649,2233
"You've  heard of that movie, A River Runs Through It, we are living in A Train Runs Through It.",118,28,1,147,649,4330
I was railroaded into this marriage.,121,22,4,147,649,5241
"Truth be told, this isn’t what I thought Carl meant by ‘running a train’ in the house.",136,25,5,166,649,662
I thought one could get used to anything...,135,27,4,166,649,2264
"But, ""A River Runs Through It"" was a big success!",138,21,7,166,649,2635
My husband and I are trying to spice things up.,136,25,5,166,649,2664
We're just still not ready for a deeper commitment.,138,22,6,166,649,3068
i told my husband that when building a train set you just dont think big.,138,24,4,166,649,4058
"As a kid,  he was a model train enthusiast  ……   then he grew up  …..",136,26,4,166,649,7363
"The kitchen, living, my bedroom and bath are on this side of the apartment. His den and locker room are on the wrong side of the tracks. Never forget where you come from.",123,26,3,152,649,494
All I can say is Snidely Whiplash role-play.,125,22,5,152,649,1486
...and be never wanted to lose sight that he grew up on the other side of them,123,27,2,152,649,2784
"Yes, but it really shortens our commute time.",154,32,4,190,649,6017
It comes in handy when I want to get to town,140,28,3,171,649,6549
...My husband is transportation buff.  Our bed is centered on a launch pad...,128,18,6,152,649,6744
We hooked it up to Echo so we can run a train on Alexa.,130,23,4,157,649,966
"The Union Pacific doesn't come by here anymore, we just like the look.",127,28,2,157,649,2681
He's always had a thing about trains.,130,23,4,157,649,3909
I just thought you got a Retriever when you told me to come see the Golden Spike.,130,24,3,157,649,6491
You must have loco-motives to have installed this in your apartment.,136,18,8,162,649,1001
. . . but it's really a disaster here at rush hour.,133,24,5,162,649,3568
"Joyce, you just have to insist that Bob give up model trains as a hobby.",130,30,2,162,649,3965
I expect him home any minute?,132,27,3,162,649,4193
Is it a hassle? Sure. But it’s so damn convenient.!,135,20,7,162,649,6091
"Got his first train set for Christmas when he was 3, and now at 43, has been adding to it every year.",134,23,5,162,649,6377
"Thanks to electrification, chair covers no longer required.",133,26,3,162,649,7494
"Mom, I think were being railroaded.",117,22,4,143,649,4037
"Trust me, the G-train will be here any minute.",139,22,6,167,649,2392
"He built it, now he is just making it easier for them to come.",139,24,4,167,649,2966
We're trying a new system of keeping track of things at home.,136,27,4,167,649,3748
Would you believe I only paid 4 million for this house,137,26,4,167,649,3935
My husband’s into model trains.,141,20,6,167,649,4917
"And then he says, ""Open the tunnel. Here comes the train!""",140,19,8,167,649,5316
"We just had it installed last week, and the kids just love it!",138,25,4,167,649,6023
"I thought it would inspire me to get my life on track, but all it’s done is put a damper on my love life.",126,14,8,148,649,6434
"I understand the advantage of living near the subway, but isn't this a bit much?",122,21,5,148,649,6675
We’ll manage. We’re just happy the L train isn’t shutting down.,143,22,7,172,649,1947
"When Rusty Draper and I divorced, I got the house.",138,32,2,172,649,1952
He said he’d be home on the 5:43,145,21,6,172,649,2126
Then Richard says “Cuomo never reads his twitter replies”.,142,24,6,172,649,3537
"It’s the 7:15 cannabis  local, and we have the town franchise on munchies.",127,20,6,153,649,1781
I simply don't know how to keep track of Erv. You have a better idea?,128,20,5,153,649,3082
"When the realtor said it was a ""railroad"" apartment, I thought he meant that the rooms were one behind the other.",124,26,3,153,649,4172
"Tim's playing with his train set, so we won't see him for hours.",123,28,2,153,649,5193
I think we’re getting off track here.,129,18,6,153,649,6002
It sure cuts down on commuting time.,145,28,4,177,649,4991
Life hasn't changed too much since his mother moved in.,149,19,9,177,649,7214
There is a railroad track running through our house.,114,12,8,134,649,221
It's part of my L train shutdown cancellation plan.,109,23,2,134,649,319
George never got a train as a kid for his birthday so he built. One for our anniversary.,113,16,5,134,649,1390
We were able to purchase our home off-peak!,130,24,4,158,649,2057
"Yes, I know it’s a bit elaborate.  He could have just gone for cigarettes,",129,25,4,158,649,3054
You get used to the noise real fast and the lower rent makes it worth while,132,20,6,158,649,3802
You need to get your life back on track,131,24,3,158,649,4171
When the whistle blows we really feel like it's vacation time.,130,24,4,158,649,5598
"So I said, ""If I hear 'Washington is totally off the rails' one more time, I'm leaving."" He said, "" I'll bring the train. """,135,22,6,163,649,222
"And to think that, only last year, Harold and I still were depending on Pony Express for our packages.",136,21,6,163,649,3152
"When your husband’s a train, you have to make some compromises.",137,18,8,163,649,3915
It's really not so bad since we got the restraining order for 1 to  4 am.,131,30,2,163,649,5629
We didn't want our kids to grow up on either side of the tracks.,135,22,6,163,649,5814
"I know I could've just gone with a studio apartment for less, but the train stops right front of my work.",134,24,5,163,649,5839
They convinced your father it would help get our marriage back on track,137,20,6,163,649,6554
My commute is the worst.,135,22,6,163,649,7439
This was the L train reroute until the Govenor intervened. Now it's just a railroad appointment.,140,23,5,168,649,1040
Ed just refused to give up his property rights,117,25,2,144,649,6872
"The best part, besides it being free, is it's great for socializing and it's a GREAT alarm clock.",144,22,7,173,649,729
You get used to the noise after a while.,142,28,3,173,649,5028
I’d asked for a tea tray...,145,24,4,173,649,5893
"My son loved building model railroads when he was a kid, Now that he's chairman of the Lackawanna and Erie railroad, he's bringing trains home on another level.",124,20,5,149,649,3560
George always wanted a railroad apartment. It reminds him of his childhood in Brooklyn.,122,23,4,149,649,5894
I feel like Harry's commitment issues are getting worse.,123,21,5,149,649,6946
"Sitting here now, it’s hard to believe I was born on the wrong side of the tracks.",147,25,6,178,649,2666
"No, I said I made some HOBOS DINNER last night.",126,25,3,154,649,1163
"It""s  great!  Henry got tired of waiting on cold, rainy platforms for trains that were always late.",128,20,6,154,649,1341
"It is a bit strange, but my husband says it will keep us on track for greater experiences.",126,25,3,154,649,1861
We spend most evenings waiting for a train.,129,18,7,154,649,2538
"When we heard about the L-train shutdown, we had this installed so we could still get around.",130,19,5,154,649,2583
"Yeah my commute is great! I'm on the brink of death, but at least I'm never late to work.",126,25,3,154,649,3593
Probably forgot to tell you - I'm a certified personal trainer.,126,24,4,154,649,3859
I think we just need to get back on track,127,22,5,154,649,5822
I like to know when he gets home.,148,32,3,183,649,4953
We should probably get going to beat the rush hour traffic.,132,24,3,159,649,506
"When we refused to sell the house, we had to come up with a compromise.",132,21,6,159,649,1134
It's been like this since we sprang for the cable sports package.,131,24,4,159,649,3000
We moved for the schools,138,15,6,159,649,3720
"Sure, the place is big enough, but look at the location.",127,31,1,159,649,4195
"4 Bedrooms, 2 baths, walking score: 100",132,21,6,159,649,4503
"I'm not a model train enthusiast, I'm a metro train enthusiast.",155,27,6,188,649,69
He’s a real bad boy - he lives on the other side of the tracks.,107,28,0,135,649,6720
"Figure 1. How to destroy a wall.
(Activists take note.)",139,19,6,164,649,6078
My husband wanted to expand his collection.,136,23,5,164,649,6112
I guess it all started with Hudson Yards.,131,32,1,164,649,6685
"It's noisy, but it cuts my commute to the office by 20 minutes.",117,18,5,140,649,341
"You see, the trolley problem is a bit more interesting when it's either the kids or the china set.",114,23,3,140,649,3256
I really have been working on the railroad.,114,23,3,140,649,6172
Cornelius insists he's being railroaded!,116,21,3,140,649,6838
I wish my husband would go back to slot cars.,138,27,4,169,649,5
Well it's a good thing you're deaf AND dumb.,142,22,5,169,649,1406
"...so after I put up crossing rails in the bedroom, Joe agreed to long hauls instead of using the Express.",143,18,8,169,649,2888
"He's an herbologist.
He makes it run on Thyme.",138,29,2,169,649,5073
I hope we can get off on the right track.,120,20,5,145,649,1197
After the success of our ski trip we learned the value of compromising.,144,26,4,174,649,7028
You can't imagine how difficult it is to find a house with an enfilade of rooms -,123,23,4,150,649,188
‘Buying the railroad outright simplified his toy train obsession.’,124,23,3,150,649,1867
"On the other hand, it makes Herman's commute to work so much easier.",119,31,0,150,649,2502
"Dad insists that we ""entertain"" on the right side of the tracks, but  29.8% of the time I don't even know my right from left.",127,17,6,150,649,3312
You should see the master bedroom.,121,27,2,150,649,5525
We're doing fast track homeschooling.,123,23,4,150,649,6596
"At first, my husband thought it was the fast track to success.",101,16,4,121,649,3120
My husband has been working on the rail road and walks the tracks at night.,152,27,5,184,649,1653
Life’s a bitch.,128,22,5,155,649,2022
"There's only one train a day, but it's a humding-dinger.",126,26,3,155,649,4583
"It's hard to clean, but he just loves that Chattanooga Choo Choo.",130,20,5,155,649,6022
His commute starts in our bedroom.,130,20,5,155,649,7142
"...but the train don't stop by here no more, poor, poor pitiful me..",133,21,6,160,649,1793
My property plans have clearly been railroaded.,133,21,6,160,649,3166
It really helps me to keep track of him.,132,23,5,160,649,4438
"And we’re just a hop, skip and a jump to the new Whitney.",129,29,2,160,649,6593
My engineer husband works out of home.,137,25,3,165,649,267
We didn't want the town to think our children came from the wrong side of the tracks.,136,24,5,165,649,1123
I'm perfectly comfortable here and I won't be railroaded into the next room.,138,23,4,165,649,2776
I had no idea what he meant when he said he was getting really steamed.,134,28,3,165,649,3354
I got my boy the life size edition.,138,21,6,165,649,4613
My family was fortunate enough to grow up on the right side of the track”,134,28,3,165,649,4808
"Last year I told him to decorate the Christmas Tree with a train set, but I think he took it a little too far.",141,17,7,165,649,7472
Just trying to stay on the straight and narrow and not falling off track is such a challenge.,141,24,5,170,649,284
I'm never late anymore but my hands are always sweaty.,141,24,5,170,649,1141
And I am still on track with my life.,114,20,2,136,649,1214
"Can you imagine, the guy who plays with it turned 45 this year?",113,20,3,136,649,2874
Now he won't miss the 7:05.,139,28,3,170,649,6077
It cut our commutes and living room in half.,140,25,5,170,649,6649
After we complained that the el was rattling out ceiling,116,22,3,141,649,4052
"Fred got sick and tired of friends telling him that playing 
with toy trains was childish, so he decided to go big!",114,25,2,141,649,4284
Before we bought this house we had to go watch trains at Horseshoe Curve,117,19,5,141,649,6759
We can't take the rails out cause this is one of the original railroad tenements--so we have to be very careful at night when we go to the bathroom.,146,31,3,180,649,3733
I hope you like chugging drinks!,124,16,6,146,649,965
Over the years His HO gauge hobby  just kept growing!,122,20,4,146,649,2677
"Yes, his model train hobby is a bit out of control, but at least he's home every night, on the 5:15 from Cucamonga.",118,26,2,146,649,2854
We keep them because they spark joy.,122,18,6,146,649,3728
John wanted to live near his work.,122,19,5,146,649,5543
He said it will be here very quickly or as soon as possible.,122,20,4,146,649,5747
A bit noisy but it's so convenient when I lose my train of thought.,126,19,6,151,649,2809
I think we’re on the right track,124,24,3,151,649,3774
"Considering how expensive the city is, this was a great deal!",131,21,4,156,649,392
But trains are far safer than cars.,127,26,3,156,649,918
yes My husband has been wanting to upgrade to full scale his whole life,130,20,6,156,649,1850
"Its noisy, but I’m “sold “on the commute",126,30,0,156,649,3773
This is what happens when you marry a railfan.,129,22,5,156,649,4254
Bob wanted a shorter commute from the kitchen to the media room.,127,28,1,156,649,5016
This would be Kansas.,130,22,4,156,649,5970
It really cuts down on my commute time.,135,23,3,161,649,1445
"Yeah, but it's sooooo exciting when Steve cuts me loose!",134,22,5,161,649,6307
I’m limiting myself to purely domestic travel.,138,22,6,166,649,86
"After changing diapers every 3 hours for the last 2 years, we decided it was time to potty train",139,25,2,166,649,1938
It's great for the subway and the rent is cheap.,139,20,7,166,649,3617
He began by collecting Lionel trains.,137,24,5,166,649,6976
Easiest way to commute.,142,25,4,171,649,5464
"We were looking for an easy commute.  And, you know, location, location, location.",144,28,4,176,649,2101
Yea it causes a slight draft... but you wouldn’t believe my commute,109,21,2,132,649,3582
My husband built that for me because I lose track of things.,148,22,6,176,649,5748
It has been so much quieter since the L rain shutdown.,114,18,5,137,649,6660
Gerry got tired of running for the train everyday.,119,17,6,142,649,2263
They call it Transit Oriented Development.,160,23,8,191,649,4971
Our renovation budget has gone a bit off the rails.,122,21,4,147,649,576
"Yeah, our realtor said we would get used to it.....",123,18,6,147,649,2040
He said he wanted to be  off the beaten track.,122,21,4,147,649,2890
"He's loved trains since a little boy, and it gets him to work faster than the subway.""",124,20,3,147,649,4161
We’re being railroaded into this!,125,15,7,147,649,5443
I'm trying very hard to keep on track!,123,21,3,147,649,5522
"It’s noisy, but the commute is great.",125,16,6,147,649,6166
Isn't the new plan for the L train so much better?,123,18,6,147,649,6913
"Finally, I can get an idea of what it’s like to live on the right side.",121,22,4,147,649,7451
"I rarely see my daughter any more what with school , sports, and college prep, now she has to stop by on the 3:30 and the 9:00.",126,22,4,152,649,917
It does mean that we must be very careful about the schedule.,125,25,2,152,649,1774
"He's seriously training to be a traveling salesman, morning wake-up whistle and all!",126,21,5,152,649,2123
Eugene’s train set has gotten out of hand.,126,22,4,152,649,5084
"Sorry, my train of thought is late.",127,20,5,152,649,5098
It’s only a problem when I get the express and espresso mixed up.,126,23,3,152,649,5397
And my husband tells me that I'm from the wrong side of the tracks.,127,21,4,152,649,5934
It's true: my husband has been railroaded out of the firm,124,25,3,152,649,6341
Gesundheit.,131,20,6,157,649,875
"My mother-in-law will be arriving shortly""",131,21,5,157,649,2927
That train passed long ago.,131,21,5,157,649,3266
Do you love Pinterest life hacks too?,135,23,4,162,649,1388
Last week it was a giant toy race track.,132,27,3,162,649,1524
"Oh, yes, Harold does love his railroad.",133,25,4,162,649,1920
I’m really feeling railroaded!,135,23,4,162,649,2013
"I keep losing my train of thought, so I built this to remind me to always get back on track.",132,28,2,162,649,2727
The refill train stops every 15 minutes.,133,26,3,162,649,3429
"We will be serving broccoli; steamed, of course.",135,21,6,162,649,3869
"His arm IS better now, thanks!",135,22,5,162,649,5429
The midnight train didn’t run...it woke me up,141,20,6,167,649,482
We ordered it last week thinking it was a metaphor for success!,139,22,6,167,649,1287
"It's nice we can talk when my husband isn't here -
He's always filling up the place with smoke.",139,22,6,167,649,5094
"A great convenience, but it scares the hell out of you when you are  sleeping",139,24,4,167,649,6001
Sydney always takes his hobbies seriously.,137,26,4,167,649,6420
John never outgrew trains,140,29,3,172,649,3106
I asked my husband to track the floor plan for our remodel.,146,19,7,172,649,6523
My husband's work keeps tracking into our private lives.,145,28,4,177,649,996
You should totally take over my lease.  My apartment is SO quiet and peaceful. It's close to the 6 train but you pretty much never hear it.,115,19,4,138,649,1402
"We're so close to the train station, it's worth the noise.",121,16,6,143,649,1315
"I told the realtor we couldn't afford to live in the city. 
So she did her best to reduce our commute.",117,23,3,143,649,1751
"At first I wanted to toss them, but steam trains give him joy.",119,19,5,143,649,5370
"When we were looking for a place, Frank had a one-track mind.",118,22,3,143,649,6383
"Bill has a private train car, but there are only tw stops - kitchen and bathroom.",125,19,4,148,649,1954
I’m threatening to install carpet.”,122,22,4,148,649,2106
What ... no crossing gate?,124,18,6,148,649,2357
"If you shut your eyes, you'd swear you're in Folsom Prison",125,17,6,148,649,2397
Don't knock the tracks--eminent domain pays for this therapy.,121,24,3,148,649,4798
It's annoying but where else could I get such a great view?,123,21,4,148,649,6041
"“Marriage is a journey. Eventually, all things merge into one, and a railroad runs through it.""",128,19,6,153,649,228
"I’m telling you, his model train habit is out of control!",129,18,6,153,649,518
"And the best thing is I don't have  to drive him to the station anymore.

Jim Finegan Rye, New York",127,22,4,153,649,928
They said we needed it to housetrain the dog.,128,21,4,153,649,3079
I tried to explain to George it wasn't 'intimate' domain.,127,21,5,153,649,7146
Its easy to trace the tracks of my tears”,134,16,8,158,649,3507
We decided to take the mantle of living on the wrong side of the tracks,135,20,3,158,649,6458
Sounds like the Amazon truck is unloading as we speak.,137,20,6,163,649,67
"So, when did you say the train was going to pick us up?",133,27,3,163,649,4491
The realtor assured us the schools have excellent college acceptance rates.,137,19,7,163,649,4580
The tea will help you keep track of your train of thought.,134,25,4,163,649,5355
Ed never did like waiting at train stations.,133,27,3,163,649,7017
"I told him to stick with the Lionels .He got quite angry saying that I was treating him like a child .So what can you do""",144,18,6,168,649,3196
It helps us keep things on track.,140,22,6,168,649,4986
Hhhmm... the train is running a little late today.,137,28,3,168,649,5658
You get used to the sound of a train whistle far off in the kitchen.,143,26,4,173,649,1696
We are big Ticket To Ride players. The home edition is our favorite.,140,31,2,173,649,4379
I'm sick of his tunnel-vision with the decorating.,143,26,4,173,649,5057
We’re thrilled. We never imagined we could find a place so convenient to Todd’s commute at a price we could afford.,151,27,5,183,649,987
"Yes, it inspired a 1950's hit song. Haven't had a bill collector drop by since then.",154,30,4,188,649,3949
"Carol, I know you're really trying to bolster a 'bad girl' image, but it's crowding the living room.",117,17,5,139,649,527
I used to go out after work but now I just go straight to bed,119,21,4,144,649,61
Hear that train a-comin!,123,22,4,149,649,2734
"We tryed to get as close to our Stop, as possible",124,20,5,149,649,3093
"Sorry, my train left some tracks when he came in.",123,24,2,149,649,7313
My husband is a lunatic.,127,23,4,154,649,253
"Yeah, more like a childhood nightmare, if you ask me!",127,23,4,154,649,994
I know Jen. Most people think it’s a metaphor when they sign up for the Underground Railroad.”,131,15,8,154,649,2895
This mining town is on the National Register.  Why do you ask?,128,23,3,154,649,2906
"Yes, he has a track mind! Why do you ask?",126,25,3,154,649,4512
Hugh felt we need a back up in case the drone crashes.,128,21,5,154,649,4743
"What I told him was, ""We need TO train for the marathon.""",128,21,5,154,649,5368
I'm still training him not to track into the house.,125,27,2,154,649,5942
I hear the robot vacuums have come along way.,128,21,5,154,649,7074
If Johnny's not on the 3:09 I'm calling the police.,131,26,2,159,649,3168
"It seems silly now, but for some reason I figured you weren't my kind of people.",133,20,6,159,649,4128
Darrell often brings work home.,133,20,6,159,649,7047
I accepted his train collection until I started binge-watching Marie Kondo .,134,27,3,164,649,249
"Sure the noise is a bit much, but at least I don’t need a roommate.",133,29,2,164,649,463
"When they were passing out brains, Stan thought they said trains, and he has been on the wrong track ever since!""",142,16,6,164,649,4712
"Well, he gives fair warning. He shouts: 'HIGHBALL!""",137,21,6,164,649,5806
We used to just carry the food through but he thought this would be quicker.,140,24,5,169,649,2427
we worked out a delayed eminent domain deal so Jr could finish his expensive pre school year.,142,21,6,169,649,2920
"We are siding on the ""City of New Orleans""",142,20,7,169,649,5300
"What is your stance on Eminent Domain?""
""I'm not sure, I think I've just been railroaded!""",141,22,6,169,649,7355
It's actually been a blessing. I met my boyfriend after he saw me while he was driving through.,142,31,1,174,649,1871
I expect the 3:10 to Yuma any moment now.,146,30,3,179,649,5371
He's taking this hobo thing a little too far.,161,28,5,194,649,6627
Inconvenient? Quite the opposite. Sometimes I'm still brushing my teeth when I get in the train in the morning.,139,28,3,170,649,66
"Actually, it only runs twice a day, and these days, it's a great way to supplement ones income.",124,22,4,150,649,507
There was something I have been always meaning to ask you Roberta but my mind just went blank.,127,25,3,155,649,677
At least there's a bar on this train !,111,14,5,130,649,1131
Charley has always been about the real thing.,147,30,3,180,649,1328
He always liked that song...,138,25,2,165,649,2352
The home delivery is fastest this way. You will see.,135,27,3,165,649,2369
This is just the railroad version of a carriage house. The bedroom is way back in the sleeper coach area.,134,21,5,160,649,2486
"Well, at least you don't have to wait in those lines anymore.",141,25,4,170,649,2549
I see you're making tracks.,137,23,5,165,649,2620
"So yeah, my commute is pretty awesome. 
Andy Conroy, Louisville, KY",129,16,5,150,649,2669
It gets kind of Shakey around here when the 4:02 PM goes by.,133,25,2,160,649,2833
It was Governor Cuomo's final plan for the L Train.,132,24,4,160,649,2849
We’re right on track!,129,21,5,155,649,2903
He likes them big.,138,21,6,165,649,3063
I'm speed-dating and a nymphomaniac - it's the simplest solution.,146,23,6,175,649,3244
Frank's hobby is flying off the rails.,122,26,2,150,649,3918
"Unfortunately, all the money we save on rent is spent on coffee.",117,20,3,140,649,4015
"I didn't think to take ""railroad style"" literally.",142,23,5,170,649,4402
I grew up on the cozy side of the tracks.,129,22,4,155,649,4611
"No rush, there’s plenty of time till the 309",153,27,5,185,649,4726
We keep talking about how it's important for him to turn a corner.,144,27,4,175,649,4806
"I'm telling you, Ellen, door-to-door service is a thing of the past.",130,20,5,155,649,5109
Now he doesn't have any trouble catching his train on time!,126,19,5,150,649,5502
It’s safer for the kids than a school bus stop.,119,23,3,145,649,5772
Since the move it’s become so easy to get back on track,142,16,7,165,649,6143
We get free rides to the dining room in exchange for right of way.,133,24,3,160,649,6319
"With Kevin and kids gone it is nice to have some quiet time, but yes, sometimes I just like it’s grandcentral in here.",118,27,0,145,649,6334
"My husband works on the railroad, and this is his home base.",132,25,3,160,649,6831
"Well, the real estate agent said this was the cheapest house on the market so I bought it.""",129,23,3,155,649,7029
"At current gentrification rates, we hope to be completely across by next fall.",127,19,4,150,649,7265
He’s always been big for his age.,139,20,6,165,649,7425
It’s a bit inconvenient but better than having to sell up,154,29,3,186,649,1831
Our remodeling project is on track for a breakthrough.,151,25,5,181,649,5374
It' really gets your attention eh? It came with the sublet,148,30,3,181,649,7104
Amazon hopes this is the next big thing in interior design.,147,23,6,176,649,5198
Even damsels in distress get coffee breaks.,145,27,4,176,649,7322
It's the fastest way to get downtown.,140,28,3,171,649,2680
George is a huge train buff.,144,22,5,171,649,5613
He's right on track!,138,23,5,166,649,997
It's the only way I can get my packages delivered safely.,140,19,7,166,649,1045
I was tired of working from home.,139,24,3,166,649,1743
"After Home Chef and Amazon's drones it seemed an
easy transition  ... and he's never been
late to work!",138,24,4,166,649,3114
"I knew Charlie was a train buff when I married him.""  

Brian Bedell, Minnetonka Beach, M",136,27,3,166,649,4270
Our contractor recommended Home Depot.,140,21,5,166,649,4351
I did object but I was steamrolled,138,23,5,166,649,5123
Not far. The other house sat under a high power line.,138,26,2,166,649,7078
"Can you believe, we didn’t pay any down payment for house...",133,24,4,161,649,3125
"Some days Frank has to bring work home, nothing I can do!",134,24,3,161,649,3622
Frank's furlough was starting to make me wish I'd married a federal kitchen-remodeler.,135,20,6,161,649,5883
So this must be one of those railroad houses.,136,18,7,161,649,7194
"I love it. No racing to the station, anymore!",135,21,5,161,649,7419
Bob likes to live close to his job.,126,29,1,156,649,605
SO WHAT DO YOU THINK OF OUR NEW HOUSE?!!,129,23,4,156,649,718
"Well, we're cohabitating since the separation, and he's taken to describing his living situation as 'the wrong side of the tracks.'",130,23,3,156,649,1241
Can't believe we didn't go with carpet. These hardwood panels are outrageous.,131,19,6,156,649,1350
He sees himself as the love train!,129,23,4,156,649,5758
Myrna had the nerve to say my taste is off the rails.,131,20,5,156,649,6894
Howard outgrew his HO phase at 42.,129,18,4,151,649,2248
When he was growing up he idolized Walt Disney...,128,18,5,151,649,4031
When those gentlemen said that they wanted to run a train at my place I had no idea this is what they meant.,124,25,2,151,649,4633
Being unemployed means I get to stay home. All the live-long day.,127,19,5,151,649,5729
It’s either this  or he’ll be laying pipe all over town.,125,15,6,146,649,961
"Next time, I’ll get Billy a smaller train set.",122,19,5,146,649,5933
"At first we didn't think it was such a good investment, but with all the delays on the line it has been surprisingly peaceful.",119,17,5,141,649,1923
It makes for an easier commute.,115,25,1,141,649,2238
George hates to pay for parking at the train station.,118,18,5,141,649,3577
"I really like the new subway service, you?",112,22,2,136,649,2846
"Our kids pronounce it “lirr,” but we call it living room.",108,20,3,131,649,223
Sheldon needed a retirement hobby. The 12:30 is about to come through.,150,28,4,182,649,564
This conversation is way off track.,150,29,3,182,649,1556
These days my bladder gives me very little advanced notice.,153,23,6,182,649,2887
Let's wait for the bandits to tie us up!,150,28,4,182,649,4850
"Shush, Governer Cuomo and Mayor de Blasio are meeting in the other room.",149,24,4,177,649,2761
"After a few days, the sound is negligible!",146,27,4,177,649,3368
This L-train debacle is really getting out of control.,145,29,3,177,649,5262
Tell me again what you are training for.,148,24,5,177,649,5287
My other house is a Maglev,150,19,8,177,649,5299
"Yes, the periodic noise is bothersome but we really needed the extra income it provides.",144,23,5,172,649,2379
This is SO convenient for our progressive dinner,144,23,5,172,649,3100
Mitch insisted on a lace with an easy commute to work,142,26,4,172,649,6414
It even includes a two car garage!,143,25,4,172,649,6712
Our decorator has a one-track mind.,137,27,3,167,649,1353
"How often does the train come through here?
So often you hardly notice it.",136,29,2,167,649,4295
I thought we were getting a recording studio.,141,19,7,167,649,6146
I don't get off track often.,134,24,4,162,649,5744
He didn't want to miss the 3:10 to Yuma.,136,21,5,162,649,5765
"They needed to go through here for a new hyperspace bypass, so we came up with a compromise.",127,22,3,152,649,149
"He misunderstood when I said,""chew-chew"".",126,22,4,152,649,1193
I was opposed at first!,127,20,5,152,649,1616
"We listened to a lot of Woodie Guthrie and Boxcar Willie, so having a train was really a value-add.",129,16,7,152,649,1844
It doesn’t carry toxic waste.,130,18,4,152,649,1894
We're finally getting our lives back on track.,126,22,4,152,649,2390
We especially like breakfast on the 7:15 a.m. express.,127,22,3,152,649,5312
He only models at 1:1.,130,14,8,152,649,5710
It really speeds up the commute and so much more time together.,126,22,4,152,649,5857
I no longer support transit-oriented development.,130,17,5,152,649,7058
He just railed his way in.,126,24,2,152,649,7445
It's not as private as I would like but the commute's a snap.,121,23,3,147,649,776
All the puppy books really emphasize house training.,124,19,4,147,649,5716
"Honey, you are going down a dark road",112,23,2,137,649,572
The 7:42 from the bathroom is running a little late. It got stuck in a crack.,116,18,3,137,649,5411
"They say Amtrak is too complicated, but at least for me it works.",151,28,4,183,649,578
It can be noisy for the family but the commute is so easy!,147,27,4,178,649,3536
He usually get home on the 6:15 from Grand Central.,145,25,3,173,649,2884
I joined a group working to bring Amtrak service back to town. Guess I should be careful what I wish for!,145,24,4,173,649,3299
They told me to build a wall; I got carried away and built a whole house. The caravans only come through every four hours!,140,23,5,168,649,1229
Whenever Clyde raids the refrigerator he leaves tracks,143,18,7,168,649,5541
We agreed not to let the Second Avenue subway line interfere with our U.E.S. Lifestyle ~,139,19,5,163,649,2947
"Sure, sometimes it’s a bit noisy. But commuting is just so much easier like that.",136,23,4,163,649,3654
"I guess I misunderstood your New Years resolution, Kathy... I just thought you wanted to exercise more.",131,26,1,158,649,48
My husband didn't want a toy train.,134,18,6,158,649,4225
"It's the only spot where you couldn't hear the train a-comin, cause there's no bend.",127,22,4,153,649,485
"Well, yes there are a few zoning issues to resolve, but our lawyers say that should be no problem!",126,25,2,153,649,2772
"Lionel is back, bigly and",131,19,3,153,649,5005
Wendell thought it was a great way to keep us on track.,129,21,3,153,649,5642
"'""We love this place since he is a retired Hobo.""",122,25,1,148,649,112
"It makes arguments easier. When we disagree, we look down to see which side of the tracks we are standing.",124,20,4,148,649,1115
He still likes to play with trains.,123,21,4,148,649,2471
I don’t mean to railroad you into making a decision.,121,25,2,148,649,4007
"I know it's chilly in here. When he said he had decided to buy a new train, I thought he meant a furnace.",150,24,5,179,649,1858
We thought it would be the quickest way to the gravy train.,146,22,6,174,649,594
"Until it became clear the subway downstairs would never be built, it was ""just keep up with the Joneses.""",146,23,5,174,649,2076
I hate pass-through windows but I don't mind this.,142,30,2,174,649,3881
"You know...it started with Joe’s toy trains at the holidays...but now! 

He says it’s the only thing he can now lay!",148,18,8,174,649,4950
I told you I’d move West someday.,137,31,1,169,649,2016
"Oh dear, the 3.15pm is running late again.",140,26,3,169,649,2145
They told me it would increase the house value,142,24,3,169,649,3381
This place used to be a wreck but it's straightened out nicely!,142,22,5,169,649,6680
I’m dating someone from the other side of the tracks.,139,22,3,164,649,7295
"Jay Z laying down tracks in your living room,"" differs from""THE J/Z laying down track in your living room"" in subtle but important ways",132,24,3,159,649,1289
I want to be closer for when the Polar Express comes.,131,26,2,159,649,1836
We thought they'd make us a better offer...,129,30,0,159,649,4311
"He is a little eccentric, but I do worship the ground he rolls on.",132,23,4,159,649,5563
"It was expensive, but the best way to avoid traffic to get to work",135,20,4,159,649,6591
Insomnia pays well.,129,22,3,154,649,946
"Our railroad flat was a real steal when they first announced the L train shutdown.""",130,20,4,154,649,1385
It's touted as the most effective way to potty train a child.,129,20,5,154,649,1578
"I told him that as long as I could keep the house on Fire Island, he could have the tracks.",127,24,3,154,649,2194
"My new roommate? Yeah, he is from the Island of Sodor!?",131,17,6,154,649,3159
"Before I could look both ways, the agent managed to railroad the sale through.",157,30,3,190,649,6436
Can you hear a train?,123,24,2,149,649,655
"Sally,isn't great that we can now board from our own living room?",126,19,4,149,649,2725
Oh the noise? I don't even hear it anymore.. actually I can't sleep without it.,126,20,3,149,649,5071
"And just before everything breaks, we shout, Choo! Choo!",123,23,3,149,649,5576
"I used to sit here with coffee before getting dressed, but  now that I’ve aged I need to be dressed to feel comfortable.",122,16,6,144,649,1885
"Ruth, how will you match the throw pillows with the tracks?",120,20,4,144,649,3112
Timmy's Planning To Move His Train Layout Out of the Basement.,120,22,2,144,649,3948
Don’t worry; it’s just the L train.,118,24,2,144,649,4886
We see our share of hobos passing through.,119,22,3,144,649,5251
Original Railroad house.,120,20,4,144,649,5568
"The jerk is so literal that, when I told him to ""make tracks,"" he ...",144,28,3,175,649,1007
He's on the other side.,144,28,3,175,649,7211
"All I said to Otis was, ""I feel like our fights keep going in circles.""",118,18,3,139,649,1392
Yeah. Trump lives next door and just learned that Mueller runs HO guage.,143,21,6,170,649,1593
Fred and I had no idea what we were getting into when we agreed to test a prototype of Chris Christie's idea for a commuter rail tunnel.,142,23,5,170,649,2737
It does cut down on Jock's commute time so I'm good with it.,136,26,3,165,649,5660
"You know, sometimes I think the hammer is going to be the death of him.",138,23,4,165,649,6572
I told my boss to go express himself.,136,19,5,160,649,1549
"I said HO gauge, but Norman heard OH gauge.",135,20,5,160,649,2254
"Focus Alice, stay on track!",133,24,3,160,649,3378
"You know, Honey. I cant help but notice  that you have been on the wrong track for years!",133,23,4,160,649,4477
It’s an experimental alternative for the L Train.,134,21,5,160,649,5274
He insists I blow the whistle. Otherwise he won't be home in time for dinner.,132,25,3,160,649,5778
"He's really focused. It's hard to ""dis-track"" him now.",131,19,5,155,649,1387
We bought the house for the view,127,26,2,155,649,4762
"Yes Mom, a train. Didn't you always told me to have my own things?",133,16,6,155,649,6635
He comes through at five o clock.,130,20,5,155,649,6866
Your decor theme is really very at-track-tive.,128,17,5,150,649,456
"Usually, cookies arrive with the 4pm train",126,21,3,150,649,643
Billie promises to make everything big again when he stops playing with his trains,126,20,4,150,649,4160
Easy access in case I need to leave Chad.,146,26,4,176,649,2599
We saved a fortune on not needing a station car!,147,24,5,176,649,3900
I grew up on the wrong side of the tracks until we added the expansion.,125,15,5,145,649,1169
Its part of  the European method to renovate the L line.,125,16,4,145,649,5020
this way wi'll never be late for work,120,22,3,145,649,7103
"It's a promotional from Amtrak. Roger likes it, but it's a little distracting at night.",145,21,5,171,649,2024
"Well, at least we think we are on the right track.",144,21,6,171,649,2592
I’ve been trained to never lose track of my surroundings.,144,23,4,171,649,7491
We had it made in European gauge.,117,19,4,140,649,103
"At the moment, my schedule is a little distrupted.",138,27,1,166,649,4203
Henry was always running a few minutes late for the train.,137,26,3,166,649,7087
"Pardon me, Joy. Is this the home you made a station?",134,23,4,161,649,2774
It certainly makes his commute more convenient.,133,26,2,161,649,3706
"Well, you know, my husband retired and he was a railroader.",132,28,1,161,649,3829
It's known as a 'railroad-style' layout.,137,18,6,161,649,3904
Oh don't get up... I've got him trained.,135,21,5,161,649,4298
"Living here was noisy initially, but we rarely notice it now that we’ve been here for 6 months.",133,25,3,161,649,5707
It’s part of my in-house training program.,135,22,4,161,649,6609
"He should stop here any minute!""",150,31,1,182,649,1130
It  goes with the railroad kitchen>,133,19,4,156,649,4359
He finally found a solution to his long commute,131,23,2,156,649,5456
We can be late any time.,132,19,5,156,649,7324
He just has to have it his way.....,129,24,3,156,649,7328
"Noisy, yes, but we still supported this new plan.  Harry needs the L train to get to Manhattan.",149,25,3,177,649,5880
... and so convenient.,127,19,5,151,649,713
"My husband took the ""Trump Train"" literally...",124,25,2,151,649,756
I like my beef fresh.,128,18,5,151,649,2138
Frank calls it his XS Scale model train set.,125,24,2,151,649,2928
"The railroad bought our property for their new right-of-way, but the first train isn't due for 7 weeks.",126,24,1,151,649,5209
"I'm not really sure what Dad meant when he said he ""'hoped I would marry an engineer.""' But I want to be ready for anything.",128,18,5,151,649,5283
"But when I told slow old Joe to make them, I had no idea that he would take me so literally.",128,17,6,151,649,6471
It's the only way we can get the kid to shut up,128,17,6,151,649,7275
"Ya know, we always lived on the wrong side of the tracks.",143,25,4,172,649,5654
"Well, at least the mortgage is low.",146,20,6,172,649,6817
Does the satisfaction of having become an expert on eminent domain really get you past all this?,126,14,6,146,649,584
This way he always arrives on time.,121,23,2,146,649,3830
Now Harold and I are committed commuters!,122,20,4,146,649,4474
My  husband Casey is a UPS driver. He insists on tracking every move I make.,123,20,3,146,649,5126
"Don't worry Susan, the Koch Brothers will have those out of here in no time.",127,13,6,146,649,7086
We have discounts on the daily commuter & the price was unheard of for this particular side of the Tracks.  Earplugs work fine.,141,22,4,167,649,298
"No, it's not a tornado.",140,22,5,167,649,3848
This saves us a lot of time commuting to work.,136,22,4,162,649,1105
Our house will forever be known as the solution to the MTA. Isn’t that the perfect story for the grandchildren?,136,22,4,162,649,2035
We built here because we got a great deal on the lot.,132,29,1,162,649,5698
It's our solution to parking fees when we travel by rail.,154,23,6,183,649,2870
"It's noisy, but it really cuts the commute tome.",113,20,3,136,649,4170
I don't know why I've been such a trainwreck lately.,134,21,2,157,649,2633
You have to train them at an early age.,151,23,4,178,649,1994
At least I can sleep in 10 more minutes,151,22,5,178,649,4894
We've had a bit of a trolley problem ourselves.,124,27,1,152,649,2613
"Mrs Jones, isn't it loud?""  ""A bit, but at least Casey has more time to spend with the kids.",126,23,3,152,649,3906
"Do you think, if you leave now, you will miss your train?",129,18,5,152,649,5041
It's just more efficient this way.,125,25,2,152,649,6178
He's into some serious training.,124,27,1,152,649,6481
Dave got inspired after we watched Wallace and Gromit on a friend's giant TV.,148,22,3,173,649,5823
I’ve always wanted to have a walk-in railway.,120,27,0,147,649,2333
They gave me a choice: a wall or the rails.,140,26,2,168,649,3324
Its the presidents promise of  fast transit in every house.,127,15,5,147,649,3975
"I keep telling the kids, don't track in, but they just won't listen""",123,21,3,147,649,4392
It's just easier this way.,125,17,5,147,649,4553
George is President of the Eminent Domain Society.,121,24,2,147,649,4905
"He's in training.

He's an engineer.

He works at home but misses the commute.

He says it keeps him on track.",156,21,7,184,649,6280
The convenience makes up for the destruction.,137,22,4,163,649,303
"The sex is great, but he's always making me late for work in the morning.",138,20,5,163,649,508
The hors d'oeuvres are on schedule.,137,22,4,163,649,1417
"Finally I said, ""That's it!  I'm building a railroad through my house.""",138,20,5,163,649,2445
Superbowl snack season,138,21,4,163,649,3218
Still trying to train my husband.,137,21,5,163,649,4942
"Yes, it's true. Ed's made tracks again.",138,21,4,163,649,5081
"Well, my husband's a friend of Jerry Brown, and you know - that bullet train?",137,22,4,163,649,5664
"Sorry, we have taken down all the Christmas decorations yet.",140,15,8,163,649,6352
Our goal in building the house was to take rapid transit to a higher level.,121,17,4,142,649,1411
He had a Lionel as a kid.,118,21,3,142,649,2315
We feel it's very important to get Harper involved in real life projects.,151,24,4,179,649,1280
We've been training our dogs.,132,22,4,158,649,2973
The scary down side is that this house was designated an express stop and not a local so watch your step in the morning.,135,19,4,158,649,4962
"Herb's really into model railroads, so I said, ""go ahead put in a short span....""",130,26,2,158,649,5650
It’s a great location for my commute.,147,21,6,174,649,3286
"He hates the alarm clock, but being late to work is not an option.",128,23,2,153,649,2135
Living on the right or wrong side of the railroad tracks never affects me!,126,26,1,153,649,4427
And now I never miss my train!,130,18,5,153,649,5497
It's the only way Henry can get to work on time.,127,23,3,153,649,6505
"It's so close, but I just can't seem to get it all back on track.",130,18,5,153,649,6995
Hell of a way to run an apartment.,160,25,5,190,649,7281
It can be a bit loud but the walking score is great.,141,25,3,169,649,1987
We couldn't afford a deck so we had a train installed,123,24,1,148,649,53
"Around our house, we call it eminent dotrain.",124,20,4,148,649,1676
Peter has gotten much more serious lately with his model train collection.,155,25,5,185,649,3273
"Mom, I just got off the phone with AMTRAK and I was told even one more week of this government shut down can lead to total train wreak for all of us in the house.",128,15,5,148,649,4623
"I moved here recently, and I just told myself ""Linda, you are living on the wrong side of the tracks!""",137,23,4,164,649,2147
"Since Trump has been in power, I've lost my train of thought.",120,20,3,143,649,57
Your new apartment is off the rails!,124,14,5,143,649,3393
I still can't remember east from west,119,21,3,143,649,7269
But I feel like I'm finally getting my life back on track …,138,14,7,159,649,929
It's a gift from Mom; she's sending prospective husbands in the Caboose.,133,22,4,159,649,2660
The best of the job is that they provide the commuting.,135,21,3,159,649,3076
I just subscribed to a new ride sharing app. Fyre something.,136,17,6,159,649,6406
"Unfortunately, it's the only way to get from my solid gold jet to my private mall.",135,19,5,159,649,6960
Fred just loves this house. Says the commuter rail is so much closer now.,132,24,3,159,649,7077
It is so peaceful in here!,133,23,3,159,649,7144
I'm on track to get the baby trained by 2.,145,27,3,175,649,4389
Yes it can get noisy but a railroad apartment is such a great deal,118,15,5,138,649,503
"Well, at least the trains run on time.",114,22,2,138,649,3523
Harry made an Eminent Domain compromise.,131,17,6,154,649,1147
It's the 21st Century version of the low rent railroad apartment. The upside is that the toilet is inside the apartment. The downside is getting used to whistle of the nightly express trains.,132,19,3,154,649,2665
We love our new place – and it's so conveniently located – right on the commuter railroad.,129,21,4,154,649,5527
I bought it at Lionel.com.,131,19,4,154,649,5928
I'm a little tired. I'm off-peak.,130,19,5,154,649,7426
You know the problem is I always lose my train of thought when I have a drink.,146,19,5,170,649,1689
Disappointed isn’t the word.  Can you imagine how much quieter it WAS going to be in here with the L Train shut down for the next five years?,143,23,4,170,649,2366
You have a very attracktive home,144,21,5,170,649,3313
"He's off the rails somewhere in a bar watching sports, as per usual.",145,19,6,170,649,3695
Don't. Please. We're content.,158,21,7,186,649,6541
Jared & Ivanka thought this would be good practice for eminent domain for the wall.,155,27,4,186,649,6656
"We've got good insulation, so we really never feel it.",114,18,1,133,649,1438
No use in moving to the other room.,113,17,3,133,649,3514
He's used the Peloton trolley I got him maybe twice in the New Year.,128,16,5,149,649,2090
Dad railroaded my husband into betting on the Rams.,128,18,3,149,649,2745
Have you tried couples gandy dancing?,123,24,2,149,649,3211
"I've been kind of a train wreck lately, so we installed these tracks, its more of a lifestyle now.",127,16,6,149,649,4061
The 5:15 is always a little late.,126,19,4,149,649,4695
We've always been on the fast track,124,22,3,149,649,4748
His fundraiser? Oh well he insisted that he was going to build this train and I would pay for it...,124,22,3,149,649,5018
Didn’t I tell you about my personal trainer?,127,16,6,149,649,6756
"dude, take it easy. all my hobo friends let me call them hobo.",138,24,3,165,649,2420
So what do you think of  our Open Conccpt?,138,24,3,165,649,2570
"When I feel pitiful,I can lay my head on the railroad tracks without leaving home.",139,21,5,165,649,2688
I had a hunch the 2nd Ave train would do this to us!,139,21,5,165,649,3670
"Lots of people bring their work home with them, but Ted is a train driver",139,22,4,165,649,4832
My ex told me he if I left he would track me down,139,22,4,165,649,5298
We got a steal buying this house.,152,26,3,181,649,618
"My son's love for Lego's is becoming concerning, however there are worse vices.",144,31,1,176,649,635
Larry's a train nut.,149,21,6,176,649,1762
'I so asked mike not to bring his work home.',135,23,2,160,649,1874
Facebook has regressed in how it's tracking me.,137,21,2,160,649,2051
the home line is always late,149,21,6,176,649,3199
I know I don’t visit often but I just feel so railroaded whenever I do.,134,22,4,160,649,3484
We don’t need a station car anymore.,148,24,4,176,649,3625
Don’t worry they said they won’t be loud.,147,26,3,176,649,4467
"Denise, this isn't railroading",135,21,4,160,649,4782
My husband has a Snidely Whiplash fetish.,135,20,5,160,649,6787
"He says it's just like Kevin Kostner and his cornfield... if we build it, they'll come.",134,22,4,160,649,6971
There's more than one way to catch a man with a nice caboose.,157,25,5,187,649,4119
We get coffee at exactly 3:00 P.M. every day.,156,28,3,187,649,7003
"Bonus, we were able to get rid of our pesty sound machine.",142,26,3,171,649,2044
"Really strong visualizations""",141,29,1,171,649,2089
I don't want you to miss your train!,140,30,1,171,649,2869
It's more convenient than walking.,146,18,7,171,649,5548
It helps me avoid the morning rush.,131,22,2,155,649,522
He’ll never grow up!,128,26,1,155,649,4122
"Oh, no don’t worry. I put on the kettle to make us some tea.",129,23,3,155,649,4874
"Oh, Jim? He will be back soon, he is just training outside.",117,18,4,139,649,3920
Can't you hear that whistles down the line? I reckon it's the engine 49.,116,20,3,139,649,5570
"Funny, you seemed distressed the last time I saw you.",141,20,5,166,649,1208
We don’t want to start a family until we can afford a landing strip.,142,17,7,166,649,3545
Tonight I'm cooking strap-hanger steak.,140,22,4,166,649,7495
"Trump says if Mussolini could make the trains run on time, 
so can he.",128,18,4,150,649,533
His club chair goes to every room now.,126,20,4,150,649,1302
Let's get our relationship back on track.,128,18,4,150,649,3236
"Oh, that? His ""HO"" hobby got out of hand.",127,19,4,150,649,3498
Never mind what the young folks saying tooting the horn. it is not the same as blowing the whistle,116,15,3,134,649,7271
It all started with my husband's toy train hobby.,148,25,4,177,649,4537
"It's really quite pleasant, usually, you'll see in a few minutes when the 5:04 to Memphis comes through.",136,20,5,161,649,610
Have you gotten off at kitchen station lately? It smells like a toilet!,142,15,4,161,649,2102
"It’s always on time, so we save money on clocks!",133,26,2,161,649,3353
"He said ""I'm leaving"", and I said, ""Good, right on target, right on point, right on time, and he said.....""",135,22,4,161,649,3972
"Well, you know that Al likes model trains, and he’s from Texas, so now that we don’t live in a 3rd floor apartment anymore . . .",135,22,4,161,649,4457
"I just think the underground railroad has been done already.""",121,21,3,145,649,4519
"Yes sadly we do need it again;
Only this time let's keep it above ground.",121,21,3,145,649,6994
"We decided on the ""Express"" house  plan.",143,26,3,172,649,7152
He’s a hobo commuter.”,132,21,3,156,649,1455
"I still think it's worth the 2nd, 3rd, 4th, 5th, and 6th bathrooms",131,23,2,156,649,4957
I get this roaring sound every couple of hours and all these people show up who want cosmos.,131,21,4,156,649,5881
Uber's new Train option isn't as convenient but it was 50% off today.,152,28,3,183,649,1145
Let’s just plan ahead for how we’re gonna pay for another wall after that train comes,120,14,6,140,649,3364
"It was a wedding gift from my godfather—'Cecil the Conductor.' """,142,23,2,167,649,3842
"Don’t mind the noise, you get used to it.",141,23,3,167,649,3865
He's having prostate issues.,130,14,7,151,649,4412
It’s much easier on the kids now that John is working from home.,146,31,1,178,649,6382
I couldn't find the HO scale for little Casey.,116,14,5,135,649,157
Should we toss a coin to see who gets the back bedroom?,140,18,4,162,649,2932
Harry wants to keep our marriage riveting.,135,24,3,162,649,3424
our family is in training,136,23,3,162,649,3746
And then I railroaded him right out of here!,135,24,3,162,649,4428
He always did feel railroaded out of a job.,137,22,3,162,649,4790
I thought it was the air conditioning company on the phone.,148,19,6,173,649,4504
This is what the mediator came up with for our Eminent Domain defense case.,124,18,4,146,649,286
The drinks are served way quicker this way.,123,20,3,146,649,696
"I don't want to harp on this but, why do you have train tracks running through your house?",125,16,5,146,649,1066
China's New Silk Road is going to deliver the family's iPhone upgrade!,125,16,5,146,649,2084
"But then our eyes locked, yadda yadda: Mrs. Snidely Whiplash.",123,19,4,146,649,3927
"Well, they said the rewards program meant free delivery.",122,21,3,146,649,4418
"Yes, the new rail alignment is annoying sometimes, but it has cut a half-hour from George's daily commute.",124,17,5,146,649,4848
We got the idea in “Housetraining for Dummies”,136,17,4,157,649,3524
It is the latest style Jan. It is called railroad flat.,130,25,2,157,649,6061
It does match with the table color!,130,26,1,157,649,6643
"It's a little close, but the easiest way to spark joy and tidy up since nothing stays on the walls or tables.",131,23,3,157,649,7499
"When I told Jim I wanted an open floor plan, this is not what I had in mind.",141,23,4,168,649,1807
"Give credit to your shrinck, your husband tries much harder to get his life back on track !",140,26,2,168,649,1937
"Awfully quiet around here, I miss the romance of rail travel.",145,19,4,168,649,6101
We love to visit our children!,141,23,4,168,649,6126
He's only grumpy when his coffee's not ready for the day's first run.,142,21,5,168,649,6568
We want to be serious about our travel resolution.,153,21,5,179,649,4719
Since Thomas moved in things have been complicated but its the only way I can get railed in my own home.,128,20,4,152,649,2139
"Sharon, I feel like my life is really falling off the tracks.",126,24,2,152,649,3940
"We have to put in earplugs every hour or so, but we didn't have much of an argument against eminent domain.",127,22,3,152,649,4924
"It did take some getting used to, but it is safer transportation than the slingshot he installed on the roof.",141,16,6,163,649,740
Its a pain during peek volume times but the complimentary train tickets are great!,134,28,1,163,649,2349
I'm starting to have send thoughts about taking on Wallace and Gromit as lodgers!,139,19,5,163,649,3655
I didn't notice his tracks until it was too late.,137,22,4,163,649,4112
George loves his new train set.,137,23,3,163,649,4796
Casey already spends so much time away on the tracks... I just wish he wouldn't bring his work back home with him.,149,20,5,174,649,523
"""Todd just started his life size train models.""",148,21,5,174,649,3563
The thing about having tracks in your living room is that you don't have to go anywhere else to view tracks if that makes any sense.,115,18,3,136,649,6369
"Vanderbilt's going to connect the railroad to my house, right?",155,27,3,185,649,1690
"My Ex was a real estate attorney. I gave him visitation, he gave me an easement.",125,19,3,147,649,809
My husband got railroaded. It's not too bad... He comes home every evening,124,19,4,147,649,1057
They call it Expresso. It's the latest trend.,124,19,4,147,649,4876
My husband's model railroad hobby has gotten out of hand.,135,17,6,158,649,1735
You said you had rails!?,134,22,2,158,649,3292
Bill gets home 14 minutes earlier so I had to get rid of one of my lovers,138,15,5,158,649,3604
"We tried to fight it, but y’know... eminent dotrain.",133,21,4,158,649,4572
"The kids and hubby were constantly tracking through here, so, I figured, why fight them?",134,19,5,158,649,6557
We thought being on the rail line would be convenient .,140,28,1,169,649,2075
Now this is a local service I can live with.,142,23,4,169,649,4063
My husband is due in on the 511 express!,140,27,2,169,649,7267
Can you believe it? Vaughn Monroe used to live here.,151,26,3,180,649,2319
"It wasn't my first choice, but now Bill and the kids don't wear out the floor getting to dinner.",120,18,4,142,649,1034
I's not easy finding a railroad flat ion Williamsburg.,120,19,3,142,649,2469
He thinks width counts too,132,15,6,153,649,1529
It's the only way Charlie can see me without my husband catching on.,132,14,7,153,649,4296
"You get used to the noise, but the waste dumps are another issue",139,20,5,164,649,2448
"When you said  were living in a cheap Railroad Flat, didn't expect a right of way.  I could have left the car and taken the train.",138,22,4,164,649,2501
It had nothing to do with eminent domain; my husband just loves trains.,141,16,7,164,649,5510
I keep track of my life in a whole new way.,139,20,5,164,649,5639
Union Pacific really has a hold on the middle class.,136,27,1,164,649,6833
We were railroaded by it’s white noise.,151,20,4,175,649,91
"Charles thinks I'm 'railroading' him into doing Christmas this year at my parents. It's his passive-aggressive way of expressing his frustration, at least it's not toxic-masculinity.",149,21,5,175,649,2867
HOW TALL WOULD IT BE?,156,26,4,186,649,2428
"Part of ""L , E and W "" road bed, ""Leave Early and Walk""",124,22,2,148,649,782
"He said I was from the wrong side of the tracks once too many. So I finally said, Prove it!",124,21,3,148,649,7083
"....so then I said ""Why don't you choo choo me home?""",136,17,6,159,649,988
The coal plant is just downstairs.,132,25,2,159,649,1401
It cut Bob’s  commute in half but the noise took some getting use to.,135,19,5,159,649,1485
You make me want to express myself.,135,21,3,159,649,4480
"I get that it's not a euphemism - you're off track and you're not sure it made sense for you anyway. Believe me, Rosie, that is a common problem.",137,17,5,159,649,4818
"*music playing*
""I love this track!""",136,19,4,159,649,6922
"He said he’d leave via boat, plane or train, but the TSA’s on strike and we sold the beach house last year...so.",142,26,2,170,649,4563
"Carl ran out of HO gauge track""",145,19,6,170,649,4810
It makes for a more convenient commute.,149,31,1,181,649,1206
"You know, I think you might be on track on this one.",147,26,3,176,649,778
"They say ""keeping track"" really helps your appraisal.",141,21,3,165,649,1202
"Dad insists that even though he outgrew his scooter, he still has to get to the fridge.  I just wish he'd stop using the horn on the Midnight Run.",129,22,3,154,649,1555
It shortens the commute to the train.,122,17,4,143,649,1835
We’re training our staff.,134,13,7,154,649,2206
"Hopefully, I will get a nice, singing vagrant this time.",146,28,2,176,649,2648
I find it easier to stay on track this way.....,139,23,3,165,649,3482
"Frank joined the Luddites, and he likes a short commute.",139,24,2,165,649,3971
"On the plus side, canasta’s always at Sylvia’s.",140,20,5,165,649,4169
"But the conductor, what a mench!!",141,19,5,165,649,4460
"The ghost train arrives at 6:30 with my husband ,Casper,",136,28,1,165,649,5580
"Given our price point, we had to compromise on [it.]something.",128,24,2,154,649,5704
We’ve bought some more track to keep the Christmas tree train set tradition alive.,148,24,4,176,649,6510
"My husband was always late for work, now he is on time.",129,23,2,154,649,6861
"He said a simple, ""Honey, I'm home"", would never do.",139,24,2,165,649,7333
I've got to get back on track again.,154,23,5,182,649,1978
"His childhood dream turned out to be too expensive, so he said he would be making tracks.",144,24,3,171,649,3624
"Why, yes... We bought this house from Vaughn Monroe.",145,23,3,171,649,5699
Therapy,136,19,5,160,649,1604
He's expanded his toy train hobby.,135,24,1,160,649,2228
My grandson is crazy about trains.,124,23,2,149,649,1562
We found those dockless scooters too difficult at our age and decided to go back to traditional rail.,126,19,4,149,649,2036
"At least, the elevator is the other side of the door.",125,21,3,149,649,2694
It is all a question of training!,127,18,4,149,649,3184
"Don't tell Harry, but I'm having affairs with the condutor and the engineer. Never thought I'd come to love these tracks so much!",124,23,2,149,649,4711
It keeps from losing track of his thoughts,120,14,4,138,649,4723
"We like to call it ""the Hub.""",148,26,3,177,649,2335
"I'm glad you had me over today.  Now, lets figure out how we can get on the right track together.",149,25,3,177,649,2786
Our son moved back in after college.,142,20,4,166,649,4919
"Are you up to travel? I mean the rail tracks run right past us, so if you’re game so am I. Let’s go before anyone realizes that the tracks run through here.",142,20,4,166,649,5391
And thanks to Bill de Blasio we can still have our weekends!,134,16,5,155,649,2699
We’re listing as a fixer-upper for somnambulists.,129,24,2,155,649,6716
"I wanted a nice painting, but my husband bought this.",125,15,4,144,649,5673
It so reduces our commuting time to have them stop inside our home.,108,11,3,122,649,4319
"Darla, you missed it again.",145,24,3,172,649,899
"We receive a Monthly Right-of-Way Payment from the new Bullet Train to Boston.
John Kavanagh
Bellaire, MI",146,23,3,172,649,2857
2040 and 1920,147,20,5,172,649,5197
it's almost impossible to get a pipeline built nowadays..,137,21,3,161,649,3341
It really shortens my commute.,134,25,2,161,649,3721
I shouldn’t have to stand clear of the closing refrigerator doors.,135,24,2,161,649,6401
We thought it was time to move the Underground Railroad into the light.,127,20,3,150,649,1015
"gotta say, railroad privatization seemed really nice in concept. unfortunately, any leeway that we allow industry will inevitably serve as a foundation for the proletariat's exploitaion. this is a cautionary tale, karen. anyway, how's the office?",128,18,4,150,649,1017
It seems everyone wants in on 'the last mile' of Amazon Prime.,162,21,6,189,649,7337
My husband said he wanted to 'run train' in the living room so I thought I'd surprise him when he got home.,121,11,7,139,649,5534
Can you hold it for 5 minutes?  The Potty Train's running slightly behind schedule today.,140,25,2,167,649,5226
"Well, it all depends on how long we stick with our new meal delivery service.",138,28,1,167,649,5911
That's why I call it the ABOVE-ground railroad.,132,20,4,156,649,1100
He insisted on the place with quickest commute to work.,132,20,4,156,649,1265
It's not that I was railroaded into this visit.,131,22,3,156,649,1719
Some how I feel the realtor railroaded me into paying too much for this house.,134,16,6,156,649,4054
Tom got tired of ho.,133,18,5,156,649,4251
"When our couples therapist suggested our relationship was on the train-tracks, I took it to a hole other level.",136,16,4,156,649,4267
I finally got my husband fully trained.,133,18,5,156,649,4393
Surely there's a better way to remodel.,132,20,4,156,649,6278
"The place was a steal with the L train shutdown.”
“You know that’s not happening anymore right?",123,19,3,145,649,852
All the more reason to keep your belongings in sight at all times.,147,24,2,173,649,7316
"Laying track's one thing, but building a model train nearly life-size is another.",139,17,6,162,649,68
We restored our flat with the original architect's concept in mind.,139,19,4,162,649,189
"If you wave, the next train will stop for you.",136,23,3,162,649,2447
My life is really back on track since I started yoga.,137,22,3,162,649,2797
We gave up on our polution-spewing cars.,141,16,5,162,649,3651
"I know it looks perfect, but I’m not sure my life is on the right track.",139,19,4,162,649,4659
Who lies down on the track first?,138,19,5,162,649,5473
"After this latest addition, I get the impression Ricky may be missing his home state of Georgia.",125,25,1,151,649,1776
Life has been much better for me since I changed my daily schedule.,129,19,3,151,649,1930
We got a great deal on this one acre lot.,132,14,5,151,649,6179
"It’s really the 2nd Avenue local, but we Upper East siders call it our “Underground Railroad.”",151,25,3,179,649,1579
Those are the tracks of my beers,151,24,4,179,649,7473
We find this constant reminder to focus cheaper and more effective than any ADHD meds. And the only side effect is difficulty vacuuming.,120,17,3,140,649,1346
I always wanted to live near mass transit!,118,19,3,140,649,4140
How's your training going?,120,15,5,140,649,6161
I'm finally on Track to getting my first fur coat ever.,145,20,3,168,649,6544
They just said this route will save money on repairs for the L train.,135,17,5,157,649,1792
I think Elijah might come by train.,131,24,2,157,649,3084
These public transport initiatives are getting out of hand.,131,25,1,157,649,4831
The kids keep tracking up the house.,147,24,3,174,649,2582
"It's George""s idea.  He said we'll save in the long run. No more Costco trips.",151,18,5,174,649,2616
We decided Governor Newsom is right.,148,23,3,174,649,6118
Governor Cuomo's new L-Train plan,149,21,4,174,649,7250
He always takes the local home when he commutes in the bar car.,123,21,2,146,649,1481
We wondered what the rumbling would sound like inside the apartment.,122,22,2,146,649,7277
I try to rest when he’s at work:  Harold’s got a one track mind.,137,23,3,163,649,1156
"Even with all the work I do, I'm still on the Amtrak.",136,25,2,163,649,2394
I told him that if the 11:57 from Scranton was going to be late like that every night I was going to switch to Union Pacific.,138,21,4,163,649,5696
Sid always did think big...,138,21,4,163,649,7336
"Yeah, with my new boyfriend, I have one-track mind.",156,20,4,180,649,3828
For some reasons I feel a strong connection to my husband now.,129,21,2,152,649,136
We chose that carpet pattern instead of a highway.,128,21,3,152,649,1597
He hasn't gone off the rails yet with model trains — that would be a disaster.,130,20,2,152,649,2710
"Well, the realtor DID say that it was railroad apartment...",145,18,6,169,649,1692
It's a modern version of the underground railroad,145,20,4,169,649,2023
Owning a de Kooning would be really off the rails,142,24,3,169,649,4654
I have have been training a lot,159,23,4,186,649,2782
"It's Damian Hirst's latest, 'Cannonball Express Meets Urban Ordinary', don't you just love the colours.",133,23,2,158,649,2285
"This mass transit thing avoids congestion and until the shutdown, we were getting a subsidy.",133,22,3,158,649,4805
"After the Vanderbilt's they carved up the property, but they never took it out.",124,20,3,147,649,910
"Right now we're in training, but hope to conduct more engineering tests.",127,17,3,147,649,1775
"It cuts our commute in half, and there’s nothing like the serenading of the chain gang on lazy summer afternoon.",126,16,5,147,649,1866
"And the best part is, John is always running late for work.",125,20,2,147,649,7300
They should have torn down the El!,137,26,1,164,649,1500
His model-train hobby is getting quite expensive.,141,20,3,164,649,1916
It's the only way I can manage to keep track of things.,140,19,5,164,649,2762
"At least John listens. You said you wanted to get railed, and you got railed.",139,21,4,164,649,2818
"So when we got married, we agreed on just a garden railway...",139,21,4,164,649,2896
My husband’s bringing home another new dog today.,144,12,8,164,649,5442
If only I hadn't asked Henry to freshen my Chardonnay.,156,18,7,181,649,2412
"As I was saying, where is it you want to go?",131,19,3,153,649,4413
"It's handy, what with Dad's cranky prostate.",145,20,5,170,649,4478
"I had to shut down the kitchen and furlough the kids for a month, but my husband finally caved.",132,18,3,153,649,4773
My George likes to take the train to work so we thought this made perfect sense.,142,26,2,170,649,4915
It's this week's plan for the L train,132,15,6,153,649,5152
I was told this apartment was once owned by Brett Kavanaugh.,132,15,6,153,649,5357
"Bob calls it ""Real"" Gauge .",127,25,1,153,649,6465
"The gravy train is on its way,or so says the President.",129,21,3,153,649,6809
I just wish during the night he wouldn't hog all the train.,149,24,3,176,649,528
We had to compromise. He stays outside.,138,15,6,159,649,3015
Our remodel is definitely on track!,132,26,1,159,649,6983
"It’s so quiet here”
“Just wait till the one at 6 o’clock",134,23,2,159,649,7484
Frank feels it's important to track our son's activities.,122,15,5,142,649,1090
It wouldn't be so bad if the trains were electric.,119,21,2,142,649,1472
"He's always the first one at his desk, nowadays.",122,16,4,142,649,2383
"It's a good thing that you stopped me 
in my tracks as I would have pass you by!",121,18,3,142,649,7154
Now I know how those first moviegoers felt like.,140,23,2,165,649,4277
Do you think the train will be on time today?,128,15,5,148,649,243
It's really nice since Jim doesn't have to walk so far to catch the train to work. We only have to be careful to look both ways while crossing from the living room to the kitchen.,123,24,1,148,649,4391
"This is what happens when your husband is a big fan of both ""Drops of Jupiter"" and Field of Dreams.",144,24,3,171,649,4164
"These days, we're really into hobo'ing.",146,21,4,171,649,6919
I like to think of Bob as a D.J. ... he loves laying down tracks.,132,18,4,154,649,1222
He thinks he is on track for a promotion.,131,19,4,154,649,1830
"Sorry, my son is a train conductor.",131,20,3,154,649,3271
The 4:45 express is the quietest.,130,21,3,154,649,4518
"Since I don't own a computer, this is the alternative to working from home.",139,18,3,160,649,714
The ties are the original shiplap!,137,18,5,160,649,2769
"Well, at least it's flat. You should see Brenda's living room in Calexico!",135,23,2,160,649,3128
"I don't understand Governor Cuomo's plan for the L train at all, but he insisted the only viable solution to keeping it operational involved running it straight through my living room.",133,26,1,160,649,3427
The string keeps it from rattling off the table.,137,19,4,160,649,3884
"Harold likes to pretend he's an engineer. We were fighting, and I said, 'Choo-choo, Harold. Choo-choo.' And this is what happened.",134,24,2,160,649,4742
"Well, if he won't walk to Pennsylvania Station...",157,20,6,183,649,3124
"Well it's hard to keep track, but it ultimately makes for good décor.",143,17,6,166,649,893
"I see you've come up with a new twist on the ""trolley problem"".",142,21,3,166,649,1561
You get use to the sound,140,23,3,166,649,5302
"Sure it's noisy, but think of  how much you'll be saving in rent.",125,22,2,149,649,1337
My husband wanted a new television. It says 4D.,146,23,3,172,649,971
I liked the revolving door system better.,135,14,6,155,649,2121
Can you understand my train of thought?,130,23,2,155,649,5171
WE got this idea from our trip to Hanoi .,133,18,4,155,649,5432
He said something about the price of their toys.,130,23,2,155,649,7481
He's on the right track since I asked him to stop railroading our conversations.,138,21,2,161,649,1419
Chuck still yearns to ramble and roam.,135,24,2,161,649,1523
We’ve decided to ditch the cars.,137,21,3,161,649,1568
"Here comes the train, just one stop for the dining room.",137,20,4,161,649,2160
Do you think you're attempting to railroad your relationships?,157,24,3,184,649,4883
We are doing our part for the NYC subway upgrades.,155,28,1,184,649,5903
My husband was a cattle barron until the train came through.,139,16,6,161,649,6853
"And before we knew it, the L train plan was finalized.",144,17,6,167,649,2438
"Conductors can’t be late to work, and he was having trouble getting up on time; plus now I always know when he’ll be home.",139,27,1,167,649,6637
The tracks? I see ghost trains.,141,23,3,167,649,7420
We've been trying to go back to the future for a while now.,122,19,3,144,649,304
The realator is a literalist.,123,18,3,144,649,3214
We were railroaded in here.,121,21,2,144,649,5901
"Actually, it's very convenient and cost-effective. I just hopscotch my way to work.",122,20,2,144,649,5984
It's a little noisy but is convenient to work.,144,29,0,173,649,3237
He said he's on track for a promotion.,131,13,6,150,649,1997
"It's not smoky here anymore since they replaced the steam locomotive with a diesel locomotive""",131,16,3,150,649,5965
It does go through the bathroom.,129,16,5,150,649,6159
Best runner ever!  It's from the Lionel Twain Collection.,128,18,4,150,649,7246
Frank has always been a train buff.,150,27,2,179,649,1545
"No, I think Governor Cuomo has made MTA more efficient.",134,18,4,156,649,2215
‘You just can’t beat Fas Trac Foods for service’,134,18,4,156,649,4784
I’m training him!,156,26,3,185,649,5565
My Tender personna is welcoming yet very subtle if a good match passes by.,115,15,3,133,649,6381
His new woodworking class has really helped him blow off some steam.,138,20,4,162,649,1253
It's been a nightmare since our conductor broke.,142,23,3,168,649,3564
I don't have to call the kids to dinner anymore. Chu chu!,143,25,0,168,649,3919
It’s so nice to finally relax.,125,18,2,145,649,418
Is it still a workshop project when it develops infrastructure?,147,24,3,174,649,1076
I can't take it anymore! I can't take the 'A' train!,126,14,5,145,649,3073
HUH?,124,17,4,145,649,7096
Henry refuse to jump on the electric car bandwagon.,152,25,3,180,649,6158
It's just a nursery rhyme.,129,19,3,151,649,790
And I thought they called him Puffing Billy because he smoked a lot!,129,18,4,151,649,1009
The realtor said that it would not effect our resale value.,126,24,1,151,649,2982
TrainBNB definitely gives you convenient access to the Q line.,128,20,3,151,649,3520
Bill says it should cut down on commute time.,127,22,2,151,649,3836
"It's our ""Avon Calling"" on-line shopping option.",129,19,3,151,649,6168
"Just wait, our performance art show will start soon.",160,24,2,186,649,1369
"Well, Bill said, when he proposed, that he had a little place right near the train station, but...",135,17,5,157,649,4498
"Yeah well, EIRs just make them report the problem, not fix it.",135,20,2,157,649,5810
They never had to close the L train.,139,21,3,163,649,995
I told him I wanted no dilly dallying on the way home from work,137,24,2,163,649,5334
"This way I know exactly when Tom will be home.

Geoff.Rytell, Toronto",140,19,4,163,649,5346
He never got over his love of old silent movies.,141,16,6,163,649,6103
"And, we got a great mortgage rate !",142,25,2,169,649,1671
He's been fond of trains ever since he was a little boy.,150,20,5,175,649,4920
We got a great deal - the new wall will be really close to the upstairs windows.,118,21,1,140,649,6519
It seems we've come to a railroads.,156,19,6,181,649,4486
"Of course there's no Amtrak hookup, but otherwise it's quite convenient, even to the L train for now.",127,15,4,146,649,1622
I'm tired of saying NIMBY and ready to say YIMLAFDR (Yes-In-My-Living-And-Formal-Dining-Room)!,123,22,1,146,649,3289
Amazon said my volume requires new infrastructure.,128,22,2,152,649,588
I inherited the place from my uncle Gomez.,130,19,3,152,649,1788
So close to the subway!,129,20,3,152,649,6020
"It's a railroad apartment.  You know, like the old ones in New York.  Unfortunately, I have to put up with the noise.",136,18,4,158,649,2245
May I interrupt?,136,19,3,158,649,7287
...so no more massage chairs?,142,16,6,164,649,1237
"So how is your husband, Mrs. The Tank Engine?",142,18,4,164,649,2232
We call it our dinner train.,142,17,5,164,649,2872
We call it our railroad track to the sugar shack.,146,21,3,170,649,5498
"This is the updated, 2019 version of the 'railroad apartment'!  At last, we are finally on the right track!""

""I'm not sure I follow your train of thought""",151,21,4,176,649,1582
"When God commanded, “come and get your brain” . . .my husband hearing isn’t good and he thought He said,”come and get your train.  That’s the reason he was a “one track mind”!!!",148,26,2,176,649,2402
"THIS WAY WE WILL ALWAYS BE ON THE RIGHT TRACK""",151,22,3,176,649,2678
Let's play Monopoly and see who can win the railroads...,125,19,3,147,649,6081
My train conductor husband got as a retirement souvenir.,133,17,3,153,649,752
And I only have six roommates!,131,18,4,153,649,1255
"Finally our daughter's ""me too"" worked.",131,18,4,153,649,3293
"I do have to say, Timmy's railroad set is getting quite large.",130,20,3,153,649,4631
He was always railing at me so when he left I was feeling lonely.,131,18,4,153,649,4739
"""Rats live next door.",139,14,6,159,649,4153
Jim says this will keep our relationship on track.,136,19,4,159,649,4540
"But on the other hand, we no longer need the station car.",134,23,2,159,649,5166
À la carte eminent domain isn't so bad.,141,20,4,165,649,1148
"It’s like a Grand Central Station around here!
Marty Fey, Coral Springs, FL",141,20,4,165,649,3258
Someday my prince will come.,143,16,6,165,649,4218
Still waiting for that train.,144,15,6,165,649,6943
Lionel is finally  playing trains with a real railroad line,141,20,4,165,649,7123
Abus and Scorpius found a muggle toy chest,150,18,3,171,649,1167
"Ralph is such a train buff. He's always saying, "" a Railroad runs through it ! """,154,17,6,177,649,3096
I would say it sounds like there's a train in the backyard but that would be too hopeful.,152,20,5,177,649,4113
T and cookies?,150,24,3,177,649,7382
Great!  Now we have two hours to gossip.  No train is due at least for more than two hours.,164,15,4,183,649,4214
"I am rich and live in a linear mansion.  Defecate whenever the feeling takes you and we'll proceed to a new living room.

Just don't take the train in the OTHER direction.",112,16,2,130,649,6737
Do you fell like your life is on rails?,115,19,2,136,649,6211
I am sure that I find my way out,122,17,3,142,649,1046
The governor just told us this wasn't necessary after all.,122,17,3,142,649,1248
The worst part is he still pees on the floor,132,10,6,148,649,735
immanent domain,128,16,4,148,649,3518
My commute is a breeze now.,125,21,2,148,649,4212
"It's temporary, for the next four weekends.",132,19,3,154,649,2975
"A right-of-way, per car toll was a better deal than an outright sale.",132,19,3,154,649,3785
He takes the train to the bathroom.,134,16,4,154,649,5750
It's the ONLY way I can keep track of George...,137,19,4,160,649,2129
"...And on your right, here's Carol again telling her famous mail fraud story.",138,18,4,160,649,3844
"We just finished laying the last tracks yesterday, when Cuomo announced that maybe we don't need to shut down the L train after all""",137,21,2,160,649,5407
"Ah choo choo"", 
""gesundtheit""",143,19,4,166,649,2343
"As he grew older, his trains grew right along.",144,19,3,166,649,5634
"If he catches the local, dinner is late.",141,22,3,166,649,5941
Who needs to walk when you have your own personal Monorail?,143,19,4,166,649,6968
"We laid the tracks to be transparent regarding its being a ""railroad apartment.""",148,20,4,172,649,1699
They call it transportation oriented development.,145,25,2,172,649,6485
We thought we bought ‘ho’ scale.,151,25,2,178,649,574
"I think its compensatory, given the way the country is going.",152,23,3,178,649,3406
We're going for an open concept,125,15,3,143,649,466
We’re petitioning for a rail-trail on this route.,128,17,4,149,649,2258
I love the track flooring but Betty had to one up me an go with monorail.,132,20,3,155,649,701
He keeps tracking up the house.,132,20,3,155,649,2273
"Well, the listing said it had a great view...",134,18,3,155,649,6075
"My husband just retired from the Railways after 60 years. 
Really I would have never guessed! It does seem he misses his job just a little bit.",139,19,3,161,649,464
"Yes, it does get a bit noisy, but I do enjoy watching the evolution of John's childhood train set.",135,25,1,161,649,6666
Ed wanted a really impressive Lionel train set.,144,19,4,167,649,1101
"Sure, location tracking raises privacy issues, but you get used to it.",143,20,4,167,649,7480
"I swear, it's like half the country has a one-track mind!",148,21,4,173,649,4645
I couldn't handle the L thing.,150,17,6,173,649,6120
Living in a railroad flat means that Fred doesn't have far to go for the train.,151,26,2,179,649,1857
My husband's train obsession has gone too far.,151,26,2,179,649,2425
Just a temporary detour for the L-train,153,22,4,179,649,6163
"Yes it’s noisy at times, but I find that it’s the only way to keep myself on track.",144,20,4,168,649,42
"He says it makes the commute easier, but the noise is just awful!",127,21,2,150,649,495
My husband’s a big fan of Agatha Christie.,116,21,1,138,649,657
I'd like to add you to my LinkedIn network,141,16,5,162,649,731
the model railroad comes with your model house,127,14,3,144,649,1314
"On the other hand, he certainly gets to work in a timely manner.",126,23,1,150,649,1651
"Yes, you could say George is very literal in a nostalgic way for our salad days.",122,20,2,144,649,1904
They told me my premiums wouldn’t increase too drastically.,129,17,4,150,649,2251
"This may be the Sanka talking, Margaret, but I feel like you’re railroading me.",137,23,2,162,649,2487
"Reggie's train hobby has grown since he bought the old Rusty Draper hit, ""The Railroad Goes Through the Middle of the House.""",141,16,5,162,649,2514
My life was going off the rails and my train of thought was wandering but thanks to “TERMINAL STATION “ I have re-engineered my life and I’m back on track.,143,13,6,162,649,3691
It will be such a (Partial) relief when the L train shuts ddown,136,16,4,156,649,4233
Train track? What do you mean? I don't see a train track.,139,20,3,162,649,5246
We call our firstborn L’il Amtrack. Why do you ask?,139,19,4,162,649,5507
"I’m not exactly a station, but they thought this was.",139,22,1,162,649,5872
He rails me every night but at least I get to work in 5 minutes,136,14,6,156,649,6564
I got them Folsom Kitchen Blues.,128,19,3,150,649,7012
I mean we put up with the G train renovations for years and all they did was give us literal railroad apartments.,126,23,1,150,649,7182
"We're right on track for a smaller apartment,  but its more to the side, and just that much quieter.",127,21,2,150,649,7318
"He's a great guy, but my family is tired of getting their tickets.",135,20,1,156,649,7340
What time is the next train? Well... we better sit down and have some coffee. 22x%22:350%2C%22y%22:1162%2C%22xpath%22:%22//*[@id,160,23,3,186,649,7460
"Yeah, just pushing the B&D a little. Roger's upstairs getting his fetters.",145,22,2,169,649,5403
We are trying to keep him on track and grow up to be an engineer.,139,22,2,163,649,5331
Transit-oriented development takes a bit of getting used to.,140,19,4,163,649,5647
He's a Model Railroader.,140,20,3,163,649,5751
It’s our new training room.,140,21,2,163,649,6784
The new space is more money but it cuts the commute to the bathroom in half.,135,19,3,157,649,771
"It's a bit noisy at times, but it's close to the train.",135,18,4,157,649,2183
"Oh, and you know that he run's riot in here, every Tuesday. Like clockwork.",135,18,4,157,649,3355
No more last-mile problem for us.,135,19,3,157,649,3767
His Mother threw away his train schedules.,138,15,4,157,649,7008
"Abby, I won't be railroaded into a  decision",124,18,3,145,649,3430
My husband says he’s on track for that promotion.,126,17,2,145,649,5832
"The expresses aren't bad, but the locals . . . .",118,20,1,139,649,2861
"Careful, that middle seat rocket launches.",120,15,4,139,649,5597
Mikey is really hoping to catch the Polar Express this year,160,17,5,182,649,2141
"WELCOME to Mexican Domino's Underground Rail Road Station,No. 222,Downtown Yonkers. Your wall is our wall ❤️",151,22,3,176,649,6221
He's laying tracks for his next big train set.,140,21,3,164,649,4441
What!! You’ve never been on a train before?,137,17,4,158,649,3540
"I really want him to like me, but I can't take that awful choo-choo sound.",137,18,3,158,649,4753
Jonny Called himself DJ Railway and it's his birthday next week.,137,18,3,158,649,5863
My index fund had a big tracking error in the last quarter.,130,20,2,152,649,1354
It's 1:1 OH guage. Josh insists on true to life,129,21,2,152,649,4567
thanks mom for stoping by who is it going to be next stop?,128,23,1,152,649,5424
Exposed tiles are the way to go.,129,21,2,152,649,6315
"I lost my train of thought, Susan."" 
""It's funny you say that Maxine, I can easily get you back on track.",116,15,3,134,649,2169
I admit my hubby’s toy train obsession got a little bit out of hand.,148,20,3,171,649,651
"Are you sure that ""bring the world closer together"" is the right idea?",146,23,2,171,649,855
"Those are so I can easily jump on and off the wagon depending on recent coffee news.  As of two sips ago, it's healthy.",148,18,5,171,649,2614
"I never should have encouraged him to find a hobby when he retired.”
George Mesritz
Birmingham M",149,18,4,171,649,3555
"Don't worry Mary.
The Koch Brothers promised to get rid of those by the end of the year.",148,21,2,171,649,6719
He says he graduated his hobby.,141,21,3,165,649,1600
It’s the railway to heaven.,135,23,1,159,649,765
I'm late again.,136,22,1,159,649,861
"I like to think of Lionel as ""The Little Engine That Couldn't.""",133,15,5,153,649,1659
My husband is trying to reduce his commute time.,125,20,2,147,649,2979
We just sold it to the most adorable African American couple.,125,14,2,141,649,3708
"Sleep, huh? You and your decadent ideas, Martha!",158,22,4,184,649,768
The real estate broker never old us that the railroad had a right away through the house!,159,20,5,184,649,2426
It does make it easier to track his whereabouts.,154,19,5,178,649,3435
"I realize you still have a long journey in order to reach that mountaintop, but at least it's not underground anymore.",141,23,2,166,649,3969
This conversation has really gone off the rails.,143,19,4,166,649,5030
It’s part of the alternate service plan.,141,23,2,166,649,6634
We're training our dog......,141,16,3,160,649,264
"I know you wanted to preserve the old railroads after everything went high speed rail, but this is ridiculous.",139,18,3,160,649,1750
"With property taxes fluctuating the way they are, this was the best way to keep track.",138,21,1,160,649,3426
"Well, we could have lived next to the railroad tracks or on the other side of the tracks, but we though it would be so much better and more of a novelty to live with the railroad tracks..... And we don’t have to walk to the train station anymore.",135,16,3,154,649,504
"I read it in the leisure section, 'Hobo adventures at home.' """,133,17,4,154,649,4417
They offered unlimited swipes so here we are,132,19,3,154,649,6462
He just wasn't satisfied with his Lionel trains!,131,22,1,154,649,7266
I refuse to be railroaded into always doing what he wants.  I will not play the caboose to his engine!,128,18,2,148,649,5405
"When I agreed to pull a train, I simply did not expect this abomination.",122,19,1,142,649,5685
He roared into my life like a freight train.,121,19,2,142,649,6840
You're adopted.,151,16,6,173,649,715
‘We got a steal on the place considering the previous owner was Thomas the Tank Engine!’,118,16,2,136,649,4626
"Don't worry, tickets are free.",143,21,3,167,649,2742
I'not sure it was entirely Jack's choice to leave his last position.,144,22,1,167,649,2747
"I think when it comes to selling your house, the elephant in the room is the train track running through your living room.",135,16,4,155,649,2986
I don't have to drive to the station.,132,21,2,155,649,3447
That wasn't a sneeze. It was a warning.,131,23,1,155,649,4860
"Leave me alone,this is my house.",129,17,3,149,649,2581
"My husband always wanted a train set 
When he was growing up",129,17,3,149,649,3110
My husband is an Architect and a fanatic of transit oriented development.,131,14,4,149,649,3681
"My husband, Rob, has a hard time getting to work on time so we chose this house knowing he could catch the 8:45 with no problem.",121,21,1,143,649,5551
This has cut the time to commute into town by 10 minutes.,127,13,3,143,649,6230
He was a toy train buff as a child.,143,23,2,168,649,94
We are developing BandwagonPlay Technology for more coherent travel making.”,147,18,3,168,649,2049
The new UberEats rollout would be great if the kids would stop ordering Taco Bell at 2am.,139,20,3,162,649,411
"We just wanted to support the steel workers, but discovered role-playing sex is amazing!",139,21,2,162,649,3699
"Yup, it looks like your life on “on track” these days.",140,18,4,162,649,5382
We wanted to build a roller coaster but Johnny is such a wild child.,141,19,2,162,649,5761
"I said, 'build the fence outside!'  But no, he had to prove how smart he is ... and I think he did.",139,21,2,162,649,5775
"Deb, I understand there are all these new taxi services, but a new train system might be a...  Attention passengers: On track one the train to La Ciotat is arriving.  A little extreme.",141,16,5,162,649,7392
The realtor said it was the above ground part of the Underground Railroad.,135,17,4,156,649,4923
John took his explanation of the trolley problem very seriously.,135,17,4,156,649,7377
So which do you prefer the Subway or Uber?,130,16,4,150,649,931
"1. That securities violation? He always thought he was railroaded.

2. His all-time favoovie is 3:10 To Yuma.",131,16,3,150,649,4404
Told him a million times I spell it KC Jones not Casey!,165,27,2,194,649,6032
"Oh, sure, but when I host book club only Becky shows up. No offense, Becky.",147,20,2,169,649,1250
Anthem best thing about the aptartment is that you’re just steps away from transportation.,147,21,1,169,649,3650
We’ll need to make the doorways bigger.,125,17,2,144,649,5294
Next stop,121,23,0,144,649,5457
Home Delivery is more complicated than I first thought...,140,20,3,163,649,5021
We installed it to help haul stuff when we started to Kondo up our living room.,155,25,2,182,649,6807
It keeps us on time.,135,19,3,157,649,1707
We're looking for a new place to house his hobby.,150,24,2,176,649,4756
It won’t be back for three hours and forty minutes. It once had snow on it.,153,18,5,176,649,6892
It's a wall slat ladder.,145,23,2,170,649,935
"This will come for you, whether you rely on the L or not.",141,21,2,164,649,1627
"Turns out our broker was saying this place had easy access to ""hobo-kin"".",143,16,5,164,649,2611
My husband said he would not be railroaded.,142,18,4,164,649,5113
Harry wants to get our budget back on track.,142,19,3,164,649,5311
We're house-training our dogs.,143,18,3,164,649,7498
It's part of the analog privacy invasion counter strategy.,122,13,4,139,649,2078
"Unfortunately, Thomas has the back room.",120,17,2,139,649,2777
"Ruthie, you’ve taken this subway thing too far, to the point, you’ve lost your third rail.",137,17,4,158,649,5106
"I don’t mean to scare you, but the noonday train will bring Frank Miller.",147,21,3,171,649,490
Andrew Cuomo suggested it.,130,21,1,152,649,1013
"It's R Gauge, for ""Real"" and yea he's loved trains 
since he was a little boy.",148,19,4,171,649,1256
The L Train is going to be coming through,164,23,3,190,649,1316
Sometimes I feel like I'm just going to derail the conversation.,130,20,2,152,649,1870
He said he wanted to work closer to home.,146,23,2,171,649,2406
Pauline is going through a rough patch these days.,146,23,2,171,649,2494
He thinks this is Krupp’s Villa Hügel with the train coming right into the living room!,130,20,2,152,649,4194
"I asked myself, ""Does this spark?""",132,18,2,152,649,5387
"We don't always communicate well, but he has a gentle heart beneath that iron frame.",129,22,1,152,649,6489
"Since Dan was furloughed, he used our last paycheck to build what he calls ""the most beautiful railroad ever.""",145,16,4,165,649,2290
Everything is on track to complete the house project.,140,24,1,165,649,2744
"Well yes, I have a theory about why you keep having train dreams. 

Bryan Mattimore
122 Stamford Ave.
Stamford, CT
Bmattimore@growth-Engine.com",142,20,3,165,649,2999
"MTA, going my way...",126,17,3,146,649,529
It's a bad marriage.  I always wind up on the wrong side.,124,21,1,146,649,1810
"""When we saw this house, we had to have it.  It was my husband's favorite song when he was a kid!  We never knew the song was based on a real house.  The trains don't run anymore, so sometimes I'll lay on the track and Jim will 'rescue' me",130,11,5,146,649,2389
Trump took the right-of-way by eminent domain for trains to carry materials for his wall monument.,124,21,1,146,649,4340
"Yeah yeah, it's good for Gary to have his hobbies, the train thing helps him reduce his stress, so...yeah I should find a hobby too...maybe woodworking.",109,18,0,127,649,781
It's handy when you need a quick trip...to the bathroom.,151,26,1,178,649,3704
We finally have our remodeling back on track.,135,23,1,159,649,350
It's just a hobby train.,137,20,2,159,649,2584
"After I told him that he was delusional if he thought that Mexico was going to pay for the wall he stalked out muttering, well in that case, he would have no other option then to take the last train out. Voila!_",138,17,4,159,649,2988
"The only trouble is, it doesn't exactly strike the hour...",137,20,2,159,649,7125
is this the bathroom express?,148,22,2,172,649,3345
It's a visual for the kids to keep my expectations in focus.,129,24,0,153,649,858
It helps me track all my calories.,134,16,3,153,649,3416
"Tom likes plans, and I prefer automobiles, so this was a fair compromise.",143,21,2,166,649,7458
"We’re really enjoying our railroad apartment, though it is a bit noisy at times.",127,17,3,147,649,2178
"You'd think that by now he would be on the right track career-wise, but he's not.",126,20,1,147,649,2569
I see your passion project is on track,127,18,2,147,649,5045
"It's like Prime Air, but louder.",129,14,4,147,649,5602
Make sure to cover your tracks or you'll be blamed for the missing chairs,139,17,4,160,649,2322
We're still optimistic about the Trump Train making us great again.,136,23,1,160,649,2748
"Our house used to look like a train wreck, but then we laid it all down and covered the tracks.",111,14,3,128,649,4508
"Surprisingly, railway gates instead of house doors was the most difficult change""",150,19,4,173,649,1149
"When it comes thru, it feels like a cat-5 hurricane in here.",124,15,2,141,649,1924
.....our remodeling is on-track.......,123,15,3,141,649,2714
Doubles as a trapeze.,133,18,3,154,649,2639
My husband is re-thinking his career.,148,14,5,167,649,2347
It gets noisy at time but we've gotten used to it.,143,23,1,167,649,4335
"I didn't realize the ""Transresidential Railroad"" was going to leave the basement.",146,17,4,167,649,4514
Welcome to Rock Island.  Would you like a cold cup of tea?,146,19,2,167,649,5428
"My husband insists on high iron, especially when I get sidetracked.",130,17,1,148,649,5850
"Yeah, that tracks...",138,22,1,161,649,6977
Railway option was much cheaper in comparison with roadway for home grocery delivery service.,161,23,3,187,649,5044
It cuts domn on my UBER costs,134,19,2,155,649,10
"It really streamlines the the ""kondo-izing""!",134,20,1,155,649,2292
"And then he said, I not only think outside the box ...",134,18,3,155,649,2749
We bought this place because the commute couldn't be easier,135,18,2,155,649,5607
"I don’t want to railroad you into it, but your poll numbers show you as the ideal candidate to be our next Girl Scout troop leader!",148,17,3,168,649,397
I missed it again today. Nature keeps calling me at the wrong time...,156,22,3,181,649,785
He says it's only until Boxing Day.,130,16,3,149,649,2477
It stops here only for my kids.,139,21,2,162,649,242
My husband is a railfan.,142,15,5,162,649,2362
"Well,he said if I didn't like model trains I should've married Juan Trippe.",139,21,2,162,649,2729
"...a sort of misunderstanding...Bill told his crew the ""buck"" stops here"" and they got right on it...",142,16,4,162,649,3343
Empty-nesters just have other priorities.,139,21,2,162,649,4066
"The Cookies Team submission:  They started this ""eminent domain"" thing before the government shutdown.",140,19,3,162,649,6428
The trains all come through the middle of the house_Since the company bought the land,141,19,2,162,649,7020
East side or west side?  We went wayside!,151,23,1,175,649,6327
"And now, watch me make my prenup agreement with my assistant disappear!",151,16,2,169,649,29
Get your mind off the tracks!,125,14,4,143,649,1313
"I had answered that the Trolley Problem made no difference if I can't see the outcomes of the choice, then these tracks showed up in my home.",126,14,3,143,649,2042
Not to worry! The choo-choo chugs through only once a week.,135,20,1,156,649,2266
Train Time?,134,20,2,156,649,2291
"We were worried at first, but it’s the F Train and we can stop it wheowe want.",146,20,3,169,649,3451
At least no one’s falling into the tracks anymore.,135,19,2,156,649,3581
Cornelius is trying his hand at interior design.,160,16,6,182,649,3688
Greg is finally house-trained.,137,15,4,156,649,5867
So how do you like living in Pittsburgh?,147,19,3,169,649,6135
"Marvelous idea to have a Frequent Riders Club at the train station, but not so close to the tracks.",163,25,1,189,649,2203
Hard to imagine his fascination with trains began with HO Scale.,141,20,2,163,649,415
Crazy...but that's how it goes.,141,19,3,163,649,1834
The 5.40 from Boston’s running a little late!,128,22,0,150,649,972
"Steve is such a man-child, but he's only allowed to play with artisanal toys.",134,11,5,150,649,3574
The ultimate goal is a less crowded High Line,136,19,2,157,649,3276
We can double the price when the Royals are coming through and rain is forecast.,137,16,4,157,649,4317
"I know you wanted to be closer to the train Sue, but this is locomotive!",139,12,6,157,649,6220
"When your husband is an engineer for the Burlington Northern, there is no way to keep him from tracking into the house!",126,14,4,144,649,2098
A.O.C.’s running train description just spoke to me.,127,12,5,144,649,6359
Waiting for the next train ya,141,23,0,164,649,4882
"Yeah, but you wouldn't believe what a bargain we got!",131,17,3,151,649,5720
It's easy to keep your husband house-trained.,132,15,4,151,649,7129
"Sure, it’s a little noisey but Inever miss a sale",120,15,3,138,649,1588
And you say you think you're in a sleeper car after you wake up from your nap?,137,19,2,158,649,1872
The requirements to hire immigrants are getting out of hand,139,17,2,158,649,6497
Train went by. See the tracks.,127,16,2,145,649,6444
I'm railroading Mike for the other two chairs.,144,19,2,165,649,2205
"He heard the train a comin' down the railroad tracks, and he won't be back.",143,20,2,165,649,3135
"I know,I know,but we have great vie",144,19,2,165,649,3787
My husband’s one track mind railroads the family budget and priorities!,144,17,4,165,649,5097
At least he’s finally potty trained.,163,19,3,185,649,90
Commute was becoming unbearable.,131,20,1,152,649,15
The 3:10 to Yuma should be passing any minute,130,21,1,152,649,459
It was tough to commit ourselves to just one subway line.,132,17,3,152,649,1030
But we were determined to overlook the Highline.,132,18,2,152,649,3897
"Oh, I was just tie-dying up!",134,15,3,152,649,5908
"I know, but we got it for next to nothing!",150,20,2,172,649,2230
"When the caboose comes,it tells us who sleeps where!",152,14,6,172,649,5208
There is only two trains a day AND no night trains!,152,15,5,172,649,7027
I was beginning to miss the sound of aeroplanes flying over our old house anyways. What's new with you?,121,15,3,139,649,900
The train is helping to build the wall plus it turns my husband on.,139,17,3,159,649,1433
My husband is still in love with steam trains,141,15,3,159,649,3375
I would like to see your miny bar .,142,14,3,159,649,3791
"It’s hard to trainspot on the Express trains, the Locals are much easier.",156,20,3,179,649,1449
I said he was a engineer not a engineer.,153,26,0,179,649,4125
Ralph wanted to make sure he would get to his office on time.,127,16,3,146,649,1272
We just wanted to keep track of our expenditures.,129,15,2,146,649,2755
We're right by the subway so its really convenient,132,20,1,153,649,307
At least we're not living the other kind of trolley problem.,136,16,1,153,649,905
"''Fortunately, he was on the express.""",134,15,4,153,649,1905
He's still a child.,134,15,4,153,649,5583
"Hey, I love R&R as much as the next guy, but this has gone too far.",132,19,2,153,649,6464
It's the latest way Amazon is tracking my accounts.,153,14,6,173,649,2176
I tried to train him properly.,150,22,1,173,649,3033
He just sud he’d be on the 3:10 from Yuma,152,18,3,173,649,5324
Now I know why was very cheap the rent,149,22,2,173,649,7476
It's easier than going all way to the train station.,121,17,2,140,649,5562
"After our divorce, I could never get back on the right track, no matte how hard I tried.


Robert Barnett
Coral Gables, Florida",146,18,3,167,649,3361
"Peter’s commute is, like, 10 minutes shorter.",147,17,3,167,649,6729
"Sarah, We Need to Discuss your Press Secretary Job At the White House? Sarah: No, Please Not That I Regret Every Taking That Position! It’s been a Nightmare From Day One, It Feels like I Been Tied To The Tracks Ever Since!",131,11,5,147,649,2216
Jerry really likes his commute now.,135,15,4,154,649,3938
You know I have always been neurotic about being on the fast track.,134,17,3,154,649,4137
so this is what it means to train a dog,140,13,1,154,649,5469
You should be able to get a whistle from George while you’re here.,133,19,2,154,649,5730
It’s for in-house training.,100,13,1,114,649,3153
"On the other hand, the sellers did agreed to carry a 5 year interest only second...",144,12,5,161,649,1632
Jerry had to give up his choo-choo..  Tunnel vision.,139,20,2,161,649,2684
I like to train service animals.,140,18,3,161,649,6153
His boss told him he was going to promote him on a fast track!,122,17,2,141,649,1586
"I know it looks weird, but the school system is at least average. More importantly, LaVar will be eligible to coach Junior's Bantam hockey team now that we're officially within district borders. Keep your fingers crossed.",123,18,0,141,649,1695
It's his f%#@*,122,17,2,141,649,5349
Our tax cut reclaimed the hobo jungle.,145,21,2,168,649,3980
"Not only is it convenient, but it's cheap. Welcome to our modular platform home.",145,21,2,168,649,5173
"Williamsburg just feels like home, you know?",152,20,3,175,649,1151
"So, you want to train for the job?",152,23,0,175,649,5414
We thought this might help keeping us on track with our New Year's Resolutions. Hope it's not a train wreck.,138,15,2,155,649,4940
You know how much I hate to complain..but this is a matter of principle!,144,14,4,162,649,5278
"...  Petroleum Link.. like the jelly?
Like you're going to need a lot..",125,14,3,142,649,4045
This is the only way I can train my husband to do what I want.,154,19,3,176,649,2077
They are testing a new refill service.,129,18,2,149,649,4858
The train from Kazakhstan pulls into the dining room at 6.,135,20,1,156,649,598
"And it is true, I suppose, that private ends should give way.",135,20,1,156,649,976
It's made it easier for Richard to load the kegerator.,136,19,1,156,649,1006
My full birth name is Coretta Casey Jones.,136,17,3,156,649,1187
"His infrastructure plan was always more palatable, anyway.",144,16,3,163,649,6585
It saves him from that awful commute to an from the station.,151,15,4,170,649,3012
I don’t know which way to take my life now that he’s gone.,148,20,2,170,649,5517
"So Bobby's collection took a new track, didn't it?",154,20,3,177,649,839
"We got a great deal on the house-- I' m not quite sure why!
Jeff Manly
Toronto, On",126,13,4,143,649,5547
We've taken our holiday melodrama to a new level.,124,18,1,143,649,6070
And that's when Johnny got railroaded by Acme Widgets . . . .,134,11,5,150,649,5330
'sometimes i get the feeling there's no right side of the tracks in this house',138,17,2,157,649,5480
"You know, he just never grew out of it...",140,14,3,157,649,6747
"Oh, this? it's from my last meal train.",157,17,4,178,649,6009
"Sorry, we can’t make meeting as my husband and I are all tied up!",163,20,2,185,649,32
Colleges wanted to expand their Safe Spaces.,159,25,1,185,649,4598
The 4:05 from 4-J down the hall is particularly loud.,126,15,3,144,649,467
Thank you for using the UDT (Underground Dream Train). Did you notice that new border wall as you were travelling in today?,126,15,3,144,649,1745
He thinks this might lessen the chance of him being railroaded at work.,132,17,2,151,649,2140
"I know it's weird for a divorce lawyer to have train tracks running through her office, but I'm inspired by 
Jethro Tull's Locomotive Breath.",140,13,5,158,649,3170
"My Baby Takes
The Early Train",138,17,3,158,649,3191
"He’s your typical toddler — he’s just 17,000 pounds.",139,17,2,158,649,4767
"The doctor advised us to embrace Joe's ""inner train""!",139,15,4,158,649,6076
"'The track reminds me I'm not confined._""I'm included on the endless journey....""_",143,21,1,165,649,6806
My baby thinks he's a train.,150,20,2,172,649,1910
"Yes it’s loud, but it frowns out my husband’s snoring.",151,17,4,172,649,4524
Bob wants me to keep track of my spending -or else !,150,20,2,172,649,6378
"It is nice of to come over and watch the 2pm ghost train""",164,18,4,186,649,6625
"We didn't like either side.
or
Oh, the permitting was a nightmare.",118,10,3,131,649,145
How is Arnold these day? Well he’s training hard but lately he’s been going off the rails,127,15,3,145,649,3580
He's always wanted to be a train...,134,14,4,152,649,2204
I just can't keep track of all his hobbies,130,22,0,152,649,3391
"They run 2000 miles, straight to Mars.",133,18,1,152,649,7006
"Our marriage counselor suggested we try ""running train.""",142,15,2,159,649,4523
On the side I work as a professional house trainer.,120,18,1,139,649,723
"He's moving up to the 21st Century.
He's going to rip it out and put in a MagLev!",120,18,1,139,649,3415
Fred says Santa's coming in a train this year.,135,15,3,153,649,1228
"Well dear, to be brutally honest, I had simply grown weary of him bashing that Hover-round into the drywall corners and making the place look shabby. Now he rides his choo-choo to potty and we're both happy.",137,12,4,153,649,4680
John is a steam train fan,144,23,0,167,649,1426
The L train used to run on this track.,149,16,2,167,649,2601
It carries bombshells from the White House.,148,15,4,167,649,7370
Chuck wants to have at least 8 kids.,136,18,0,154,649,471
I'm room-sharing with the MTA.,128,17,2,147,649,834
Yes we only wear socks in the house. So as not to track schmutz everywhere.,155,15,5,175,649,1091
"Don't worry, it is only Ralph, he likes big model trains.",134,18,2,154,649,2346
3500? What a steal!,130,14,3,147,649,3304
I see Fido is being house trained.,118,13,2,133,649,3469
"No, it's not so much the models. . .",159,20,3,182,649,4228
I see we're still riding the rails...how much longer is this going to go on?,135,18,1,154,649,5584
Yes--but it's easier than having a husband who emotionally brings his home.,134,18,2,154,649,6040
"The sounds will drown out eventually""",141,20,0,161,649,6560
This is for those who prefer to stay on the slow track!,149,17,2,168,649,7053
Are you into toy trains?,139,22,0,161,649,7367
Keep the train on the tracks !!,158,14,4,176,649,1533
It helps me keep track of the kids’ activities,142,19,1,162,649,2017
its quicker but way more noisy,141,19,2,162,649,2052
"Like I said, my husband runs a tight ship",141,20,1,162,649,6451
At least rents affordable.,142,18,2,162,649,7089
"oh no silly, there not train tracks. the future is coal coal carts!!",138,13,4,155,649,22
"It was supposed to be MY wall after the divorce but it fell down  when I tied to climb it to get a cup of coffee.  So now  it's HIS wall.  .  Since it's no longer a wall, I'm suing for false news.",138,15,2,155,649,195
The lunchtime rush will barrel past us any minute,134,20,1,155,649,269
It is the only apartment we could afford.,136,16,3,155,649,2011
"It took a bit of getting used to, but my husband, a train driver, is also into trompe-l'oeil. And he'll be home in a few minutes time, and looking forward to meeting you. So don't be frightened when ...",138,12,5,155,649,2454
"I'd actually asked him to get Max house-trained, but he was more focused on the TV...",127,21,0,148,649,3729
"Such a sweetie, always wants to impress me—he proposed by a messenger toucan from the Himalayas.",130,15,3,148,649,5599
"..Yes, you might say my husband has become overly involved with his model railroading projects.",154,21,2,177,649,4527
John said go big and go home,149,18,3,170,649,278
It’s true that Jonathan’s has gotten a little out of hand.,141,21,1,163,649,4662
My child loves trains - better than video games!,137,17,2,156,649,3811
"Larry got a promotion at work, and they’ve told him he needs confined space training.",137,16,3,156,649,5315
"Trans trains""",138,14,4,156,649,5743
It’s a way to keep track!,133,14,2,149,649,690
"Wow, they really outdid themselves on the commuter benefits this year.",129,19,1,149,649,4535
"I know, the renovations seem silly now that the train isn't shutting down anymore.",125,15,2,142,649,7145
My husband loves to serve in style.,162,12,4,178,649,5572
It’s on the El Chapo Pre Plan,143,19,2,164,649,3998
"I  know we are on the wrong side of the tracks, but on the positive side it makes my commuter time 26 minutes shorter.


burke leon
413 purdy ave
planentia, ca 92870
blautoenterprises@gmail.com",145,16,3,164,649,6583
I followed the tracks all the way home.,137,18,2,157,649,1726
"' You know you've reached bottom, when the railroad depot comes to town.'",138,16,3,157,649,4306
"Oh, that Marie Kondo show? Don't even get me started. I've been trying to get my husband to get rid of these train tracks, but he says they're a collector's item because they used to lead into Treblinka.",140,14,3,157,649,5199
"Sure its convenient, but I still miss it by THAT much!?",133,13,4,150,649,4308
"If Mohammed does not go to the train, the train comes to Mohammed.",125,17,1,143,649,4648
"My new boyfriend is nicknamed The Train, and I wanted him to feel comfortable.",128,13,2,143,649,6507
The B train express does stop here on weekends only.,151,19,2,172,649,2695
Oh that! It's just my old tracking device! I like to keep it around for old times sake! I'm not completely sold on my GPS yet!,154,13,5,172,649,2883
Travel by rail is underrated”,150,20,2,172,649,4299
I told him to build that,148,14,3,165,649,558
Nation building doesn't have its place in the home.”,141,15,2,158,649,3457
It's that new speed dating/pizza delivery deal I told you about.,139,16,3,158,649,3831
I call it the T train,126,18,0,144,649,2531
He is largely an engauged with his new train set,153,17,3,173,649,4525
It's the latest solution to subway maintenance.,120,15,2,137,649,1941
"It's like a mental illness Susan, we have learnt to live with it. Society 'trained' us well.",134,15,3,152,649,614
"Oh it’s the new boyfriend Alice. I hope one day the conductor will put him on a train , and chug a chug a him away.",159,20,2,181,649,3016
"My ears have been whistling, lately",159,20,2,181,649,4956
Don’t be alarmed....My parents are the L Train engineers repairing the tracks on weekends and holidays,120,17,1,138,649,1999
It's this new home-training program I saw on Instagram.,153,20,2,175,649,4770
"On principle, Jerry and I hold firm to our personal biases. I admit; sometimes that makes compromise difficult.",150,15,3,168,649,220
Semi-locally sourced with industrial delivery,150,15,3,168,649,6688
I could either afford this or a studio.  The metro's at least quiet.,123,14,2,139,649,829
It's been nice talking to you.  Next time have your husband pick you up at the station.,145,11,5,161,649,5365
The Sad Wordplay Express comes through every 15 minutes...scone?,137,14,3,154,649,2110
"When you lay a track at home and call your friend for a cup of EXpresso just to prove your point , because she had corrected you the last time!",135,17,2,154,649,2317
My goPuff tracks are ready to deliver fresh snacks on every break in the Superbowl Game.,148,20,1,169,649,1714
"He was a ""switch"" and then made tracks out!",143,18,1,162,649,3259
"Every morning I observe the passenger cars before they reach the station. I’m not waiting for anyone, I just like to see people sad when they notice me staring vacantly at a gutted train.",159,14,4,177,649,5223
My husband is a big kid at heart. He just loves his trains.,153,11,6,170,649,5124
It’s a new type of exposure therapy I’m trying out for my siderodromophobia,131,15,2,148,649,4658
He said he wanted to do a remake of Hitchcock’s ‘Rope’,130,16,2,148,649,5631
So your husband works for the Subway Planning Commission?,125,13,3,141,649,2912
"My husband was having trouble walking from room to room, so we wanted to make his life easier.",138,15,3,156,649,2409
"When Philip told me he invited a few of his friends over to 'run train' on Friday night, this was not what I had in mind.",136,19,1,156,649,6011
I think the only way we can get our relationship on track is to get off these tracks,149,21,1,171,649,6965
The MLK train doesn't stop here anymore.,131,16,2,149,649,481
I am part of Warren E. Buffet's harem. He is trying to cut costs. Are you also?,145,17,2,164,649,642
"He insisted on a place with a convenient commute to work in the city.

Robert Mayer, Warsaw, Indiana",144,18,2,164,649,6648
This happened after a stepped on and crushed his HO steam locomotive.,152,17,3,172,649,3348
I thought the broker meant the sandwich shop,145,18,2,165,649,4173
The Acela is exercising its right of way to speed service.,133,15,2,150,649,4303
My husband loves Zevon.,147,17,1,165,649,4601
Moses did it.,132,17,1,150,649,5796
We just loved our stay at Disney’s Modern hotel.,154,18,1,173,649,82
So for decor we settled on The Trolley Problem.,140,15,3,158,649,1506
It's what we used before the GPS tracking devices were available.,139,18,1,158,649,1551
Why do you think they call it the railroad?,139,17,2,158,649,3472
He wanted to meet you but he had to catch an earlier train.,142,12,4,158,649,4989
I hedged...,115,11,2,128,649,1003
For once I'm glad that a conversation is off track.,147,17,2,166,649,938
"He was a Lionell kid, it's a train world around here now'choo choo.",146,18,2,166,649,7253
I see that your recuperation is tracking well.,133,16,2,151,649,117
I was worried about the resale value but that nice real estate salesman said that the Mexican people are willing to pay top dollar for houses with railroad tracks running through them.,133,16,2,151,649,4395
I'm loving life on the Starbucks railroad.,153,19,2,174,649,1976
I want to make sure I don’t miss the train of life,152,21,1,174,649,6506
"He refused to sale, so . . .",154,17,3,174,649,7374
It’s great! You should see the downline,140,17,2,159,649,6740
"Makes me want to sing: “Home, home on the Rails.”",149,16,2,167,649,7097
We refer to Freudian therapy as the fast track to your Mom’ s fuck ups!,140,19,1,160,649,1909
It's AOC. She wasn't kidding.,150,16,2,168,649,1693
The new job has been so stressful Stacy. I just don't know if I'm on the right track.,150,15,3,168,649,2249
Our conversations can be a little meandering.,134,18,1,153,649,1351
"# 1 : As long as he gets what I want...
# 2 : A loud whistle or loud snoring, what's the difference?
#3 : Apparently a wheel chair & ramp were too ordinary!
# 4 : I knew he was going places when I married him.
# 5 : If I asked him he'd tell me!",136,15,2,153,649,7149
WE ARE ON TRACK FOR MOVING TO A BIGGER HOUSE SOON.,157,16,3,176,649,3678
"We prefer to call it ""Central Park Sub"".",149,18,2,169,649,4350
Excuse the mess; Buster's still house training.,136,16,2,154,649,619
"Youu are so right,it is very conveinent by train",135,19,0,154,649,631
"I know it's confusing, but this is what we call a ""shotgun apartment""",143,17,2,162,649,569
The bank said everything would be OK if we just got our payments on track.,150,19,1,170,649,1332
We do a lot of laundry.,151,16,3,170,649,7106
My baby thinks he's a ... y'know.,153,15,3,171,649,5705
"No, I do not think the house is too large.",138,16,2,156,649,4108
I was wrong about the whistling catcall.,162,16,2,180,649,169
It's better than 15 months of nothing.,125,15,1,141,649,951
We just really love sushi!,138,18,1,157,649,5799
"Thanks to Govenor Cuomo, now we can lay down tracks in Brooklyn",147,15,3,165,649,3403
"Yeah, we're potty training the kids.",127,13,2,142,649,1080
"When you said you moved into a railroad apartment, you didn't mean layout.  You really meant railroad tracks.",128,12,2,142,649,5253
"Jim is a whole new person now that he has taken up a new hobby""  

Jeff Havlick /  Eastham, Ma",133,16,1,150,649,2464
"I have no excuse for being late to work anymore.""









""I can't keep track of anything since we moved here.""",143,11,4,158,649,7
I just stayed on the right track and everthing worked out,128,13,2,143,649,3888
"Yes, it is flat but I am sure it's the stairway to heaven.",135,13,3,151,649,5015
"You've seen the advertisements on cars, same thing, only it is for Amtrak.",136,13,2,151,649,5859
At least the Milk Train does stop here.,140,19,0,159,649,2689
When one goes out the door there’s another one tight behind!,141,16,2,159,649,4304
The other day my dog got smashed to bits!,148,17,2,167,649,442
I told my editor I make all my changes in Track changes,149,15,3,167,649,5301
"We got it for a steal after the whole ""Stratton""  spoon incident.",154,20,1,175,649,3483
It saves me time; I don't even have to go down to the man cave anymore...,149,19,0,168,649,355
"And then my therapist said, ""Well why don't you fire your bodyguard?""",142,17,1,160,649,3839
"You and your one track mind""
Norita Schlief,Doniphan, M",142,16,2,160,649,5075
I don’t want to railroad you into leading the coop board’s finance committee...,115,10,3,128,649,5618
You said your daughter's still potty-training?,138,11,3,152,649,7052
"When I said I'd like to pull a train, he thought I mean an actual train.",142,18,1,161,649,3351
How to efficiently save time: install a railroad in your house. True American intelligence.,144,14,3,161,649,3942
I would hate to lead you on the wrong track.,136,16,1,153,649,3108
"Seems like the right time to listen to Dylan's 'More Blood, More Tracks.'",152,17,1,170,649,7397
"So it is!  And across the backyard you’ll find Runway 32, 
extremely active these days, despite the government shutdown!",145,15,2,162,649,3453
We lost our cat in these tracks...,147,14,1,162,649,7113
Well they said it was too late for us to withdraw our objection to the compulsory purchase order.,115,14,1,130,649,208
I'm sorry. The engineers are on strike.,152,17,2,171,649,125
"Don’t worry, your address is eligible for Amazon Prime’s two-day shipping. You’ll get that Afghan rug in a jiffy.",138,15,2,155,649,5749
"Never mind the floor, the contractor arrives in an hour.",132,13,2,147,649,3035
"Recharge and relax, peak hour is approaching.",131,14,2,147,649,7133
My husband went overboard with his electric train second childhood,139,16,1,156,649,1784
Kevin and I are trying a new training technique with the dog.,138,18,0,156,649,5513
I can’t help thinking about how small the world is lately. Sometimes I just get up and sing about it.,127,10,3,140,649,194
"I've heard of training wheels, but......",127,11,2,140,649,1434
"The thinking was I could reroute a train through here and whenever I got bored I’d tie somebody to the tracks, some team of nerds would make a murder podcast about it, and I’d have like five hours of entertainment to burn through.",146,18,1,165,649,810
Our young Paul does like his train set,148,15,2,165,649,6208
"Literally, even though I’m not a millennial!",139,17,1,157,649,5132
Take the T train,133,14,2,149,649,294
"Yes, it's true, we are tea partiers, and even though we hold to those views we had to relent when it looked like we'd lose our imminent domain fight.",141,15,2,158,649,4545
They just ride all over my home every day Jill. What should I do?,140,17,1,158,649,4586
"We will need an extra few weeks to get you out of town...Trump just opened it up to getting out of town?""",143,13,2,158,649,5663
"It's almost rent free. Yea, and it builds character.",154,21,0,175,649,250
You should see him go “chuk-chuk”!,155,20,0,175,649,3118
Our conversation going nowhere.,155,19,1,175,649,5921
"When is the 9:00 am train coming.
Patrick McGuire Waldorf MD",150,15,2,167,649,1153
"The tracks are a bit hazardous in the middle of the night and a bit unsightly. However, it does take thirty minutes off my daily commute!",152,13,2,167,649,1912
"I bought the dog Gravy Train dog food, but he's taken it too far.",128,11,3,142,649,3749
There’s so much going on but we still keep track.,142,15,2,159,649,8
I'm looking for more empathy.,142,15,2,159,649,2007
"Your husband Must Be a Genius!
Cao Hong, New York City",142,15,2,159,649,4993
It's Ralph's escape plan for when the IRS comes calling.,141,17,1,159,649,5035
That's where I get railed,144,13,2,159,649,6516
"Of course, you'll never need air conditioning.",143,14,2,159,649,7084
"Right now, I'm  tracking a poke dish with cilantro for dinner.",151,14,3,168,649,3756
It’s not easy keeping him on tract” he loved Peticoat Junction”,150,16,2,168,649,7021
I find that it adds perspective to home ownership.,127,15,1,143,649,6493
"We love it when we go into the city on Saturday nights.                      Frank Buckley Andover, MA",152,17,0,169,649,423
"I nagged my sarcastic husband about tracking up the carpet, so he built this this walkway.",147,13,1,161,649,406
"Yes, this is a lovely apartment ... but I refuse to get Rail-Roaded into making a quick decision about renting it.",151,18,1,170,649,4360
The tracks on my husband’s arm clearing up nicely.,160,17,2,179,649,5929
"Any minute now, the cavalry will come riding through.",137,16,1,154,649,2006
well I got a train ran on me in my living room,141,9,4,154,649,7156
I've developed back problems and it's hard to walk.,124,10,3,137,649,1589
Less of a trip hazard than the Lionels,139,14,2,155,649,2202
It's best to move to the runway room when we hear the train coming.,140,12,3,155,649,5472
I think it's time I show him the Bed-Sty Express,125,10,3,138,649,3319
We're just praying the builder can change all the entrances before the strike is over.,133,12,2,147,649,2655
He moved out yesterday. I've been crying so much that these are literally The Tracks Of My Tears.,140,14,2,156,649,1599
Life Keeps Going !,142,13,1,156,649,5134
"Thank you for listening, you are always so right on track about everything !",138,18,0,156,649,6454
He's wanted a choo choo train since he was a kid.,155,18,1,174,649,3889
"Pardon me, boy. Is that the Chattanooga Choo Choo?",133,14,1,148,649,3138
The boys grew too old for their Brio set.,133,13,2,148,649,4534
Temptations be damned. I’m on track to ace this new diet.,157,16,2,175,649,7002
"Oh, hell no, mom! I ain't no lilyliver progressive.",137,10,2,149,649,1995
His office is outside the back door.,142,15,1,158,649,777
Yes.  I am happy with my eminent domain.,141,17,0,158,649,3851
It's pre-4.,143,14,1,158,649,4948
There's nothing wrong in exploring the house.,150,15,2,167,649,5558
It’s a double overground railroad.,144,13,2,159,649,3570
"When I told you to put on a track, I had something else in mind. I was so impressed with how fast you were building it, I didn't dare say anything.",150,17,1,168,649,2220
"Santa gained an extra 10 pounds this year, forcing him to find a new method of transportation.",128,12,2,142,649,6587
"I get the railroad going through the middle of the house, I just don't get who this Elvis guy was.",136,13,2,151,649,3565
The construction company had from 10 to 3 when they built the place.,114,9,2,125,649,306
trainspotting rehab  program going south,136,15,1,152,649,63
"for the Jan 21 issue with a magician

""Our complaint box is also a paper shredder. """,138,11,3,152,649,1082
I thought training a dog would be different.,146,13,2,161,649,4587
"Herbal tea? Yes, I moved to join the rat race",147,12,2,161,649,5509
"The path will start to build itself, only if the people try.",122,11,2,135,649,5712
"There seems not enough ""room"" for civil developments in my city. Sure.. take my room",146,16,1,163,649,2907
Russel got carried away.,140,11,3,154,649,2041
"When you said ""sleeper cell,"" this isn't what I had in mind...",139,14,1,154,649,4406
Marrying a freelance conductor has made speeding across train tracks a lot more appealing.,149,14,1,164,649,3709
It’s hi hobby,150,11,3,164,649,5985
"Don't worry, George won't be back until dinner so we won't face his stupid train yet.",139,16,0,155,649,6105
My boyfriend Donkey King will pick me up in ten.,156,17,1,174,649,2701
You have literally cross the line with this coffee Jill,149,16,1,166,649,1374
"Yes, Fido is house trained. You can tell by his tracks.",142,14,1,157,649,115
i trained my husband  to keep the house clean,135,12,1,148,649,4589
"$322,500? In this market...Talk about being railroaded on the appraisal",152,12,3,167,649,628
We are co,144,11,3,158,649,2405
"Seriously Mom,are we heading towards death?",155,11,3,169,649,6457
He left me with the last train and  I keep the tracks not to ask him back again.,148,13,0,161,649,1700
"The trsin will tug my grave, my breathe hueing gentil vapor between wheel & track",146,15,0,161,649,3777
The realtor didn't tell us a previous owner was Vaughn Monroe.,140,10,2,152,649,2871
"Think of it as a chain-linked fence denoting your progress, dear.",146,15,1,162,649,3186
"nto this marriage.""",165,18,0,183,649,3508
MY DEAR I MADE RAILWAY TRACK SYMBOL TO INSPIRE YOU TO DREAM BIG  HERE ITSELF,158,14,2,174,649,2328
"He used to rail on about being 'old faithful' until he didn't come anymore.""",150,13,2,165,649,1983
Fake it till you make it.,151,15,1,167,649,1008
They accidentally built our house on a train track... it's still in use...,161,14,2,177,649,500
It's really not so bad until it's Showtime.,134,13,1,148,649,4010
"His train of though was getting dangerous, I had to cover its tracks.",138,13,1,152,649,3961
You're my best friend so all that's left to miniaturize is the train set.,159,13,2,174,649,7218
"If person on left speak: ""Hey person on right! My husband has one-track mind!""
If person on right speak: ""Hey person on left! I see you have trained your dog!""",170,13,2,185,649,4785
Thomas & Friends shied away from accessibility issues.,122,11,1,134,649,5784
We're on track for an unbelievable free enema next election!,144,9,2,155,649,3490
What happened?  They told me this stop was Joyville!,142,13,1,156,649,4936
My landlord pays me for living in a house where you can never get to the other side.,133,12,1,146,649,6757
Its too hard to keep track of his poker games!,143,13,1,157,649,1590
"Sure, remodeling was expensive, but you all talk about it so much I thought you might as well do it here.",143,14,0,157,649,2634
"Well,it%22sid%22:1%2C%22surl%22:%22https://www.newyorker.com/cartoons/contest%22%2C%22sref%22:%22%22%2C%22sts%22:1548463054955%2C%22slts%22:0",143,13,1,157,649,5582
Transit-oriented development,143,13,1,157,649,6093
We’ve s,135,12,1,148,649,3493
"Dang, Martha, I knew things were tough  for  you, over at the TSA, but renting out space to CSX is going pretty far. At least the noise won't matter...",148,10,2,160,649,6558
Monday holidays are quite disruptive to his planned schedule,138,13,0,151,649,6761
We're house training a Great Dane.,134,9,1,144,649,3983
The real estate lady said this was a shot above a shotgun shack. The money saved on doors is astounding.,165,13,0,178,649,2124
"Wow, speak of the devil Mary Anne. I thought you went meant that you HEARD highway to hell, not that you actually instead BUILT a railway to hell.",133,13,0,146,649,1950
oh im getting a train run on me later,147,10,1,158,649,2423
"Thanks so much for coming to visit when I'm not tied up playing games with my husband and his toys.""

C. W. Dingman 
cwdingman@frontiernet.ne",157,15,0,172,649,5282
It better not want a chug of this coffee,150,12,0,162,649,1913
"Have you heard about the ""run train""  approach to getting things done?",150,10,2,162,649,3013
We follow a strict schedule here.You're either with me or against me.,133,10,1,144,649,4774
"Wish they would build a soundproof wall, shutdown doesn’t work with the noise",156,12,1,169,649,2507
"I hate it when my most depressed patients might fail it, and come back even worse. So I included training as part of the consultation",148,9,1,158,649,3316
"Let himin m have his wall, we will use the train to let the",142,9,1,152,649,5813
"...you know, before we may have a baby, he is only a baby himself and just expecting everything a larger size...",142,8,2,152,649,6790
He decided to go to Chicago,157,12,0,169,649,1559
About the birds and the bees--were they cisgender?,134,8,1,143,649,2950
"That right , Trumps 2019 campaign trail runs right through ower living , It seems he has more time to mingle  now",145,11,0,156,649,4812
We didn’t quite agree with our real estate broker who wanted to keep the apartment’s layout low key,147,10,1,158,649,3530
Ive,147,11,0,158,649,70
Chugga. Chugga. Toot! Toot!  ((These words are seen floating back to the females from the dining room)),150,8,1,159,649,844
imagined model railroading could be so much fun.,126,8,0,134,649,2083
"Oh, and if the train runs you over, don't worry. We have a local cemetery you can rent.",139,6,0,145,649,2970
