rank,funny,somewhat_funny,unfunny,count,score,precision,contest,caption
1,18,27,24,69,1.9130434782608696,0.09402238590614731,510,I'm a congressman--obstruction is my job.
2,5,6,8,19,1.8421052631578947,0.19138091429185464,510,"I'm what they mean when they say, 'The middle class is getting stepped on.'"
3,8,16,21,45,1.711111111111111,0.11291465545440096,510,Does this suit make me look flat?
4,3,14,15,32,1.625,0.11665706565717285,510,"When the right woman comes along, I'll know it."
5,6,9,19,34,1.6176470588235294,0.13360960158982874,510,"I used to lie in the gutter, but then I quit drinking."
5,5,11,18,34,1.6176470588235294,0.1267635375125547,510,"If you can meditate here, you can meditate anywhere."
7,3,13,16,32,1.59375,0.11759840594432036,510,"Sorry for the inconvenience, I probably should have jumped from a higher window."
7,5,9,18,32,1.59375,0.13364745843135697,510,I've decided to take it lying down.
9,3,1,8,12,1.5833333333333333,0.2599047999758855,510,Anyone who steps on me is out!
10,5,7,18,30,1.5666666666666667,0.1412858302299094,510,Guess I should have jumped from a few floors higher.
11,4,7,16,27,1.5555555555555556,0.14454303013066466,510,My life has become so pedestrian.
11,4,7,16,27,1.5555555555555556,0.14454303013066466,510,I may have misinterpreted one of the twelve steps.
13,2,9,13,24,1.5416666666666667,0.13431477557289842,510,I should have jumped from a higher floor.
14,3,8,15,26,1.5384615384615385,0.13846153846153844,510,I'm doing a study on the indifference of man. So far you're all doing great!
14,4,6,16,26,1.5384615384615385,0.14915938022819472,510,Walk around. I'm occupying Wall Street.
14,4,6,16,26,1.5384615384615385,0.14915938022819472,510,I'm waiting for the chalk guy.
14,2,10,14,26,1.5384615384615385,0.1268647884805434,510,You probably know my column: Man on the Street.
14,4,6,16,26,1.5384615384615385,0.14915938022819472,510,Will move for food.
19,3,7,15,25,1.52,0.14282856857085702,510,"My therapist is right, I do let everyone walk all over me."
19,4,5,16,25,1.52,0.1540562667772179,510,It's the only place that I don't get stepped on.
19,2,9,14,25,1.52,0.13063945294843618,510,"Brother, can you spare a pillow?"
19,2,9,14,25,1.52,0.13063945294843618,510,"There's no chalk outline, so I'm cautiously optimistic."
19,2,9,14,25,1.52,0.13063945294843618,510,I want to wake up in a city that doesn't sleep.
24,2,8,14,24,1.5,0.13459547551454137,510,The truest path to enlightenment is to be the path
24,3,6,15,24,1.5,0.14744195615489714,510,The city that never lets you sleep.
24,5,2,17,24,1.5,0.17025130615174972,510,"Yup, that's a piano, alright."
27,2,7,14,23,1.4782608695652173,0.13873461482042881,510,"The homicide detectives went to buy chalk, I'm just filling in."
27,3,5,15,23,1.4782608695652173,0.15231501081421103,510,Sometimes you just have to stop and smell the concrete.
27,4,3,16,23,1.4782608695652173,0.1647799492938801,510,I'm trying to understand The Cloud.
27,2,7,14,23,1.4782608695652173,0.13873461482042881,510,That cloud look like a bear to you?
27,4,3,16,23,1.4782608695652173,0.1647799492938801,510,Life can be so pedestrian.
32,2,6,14,22,1.4545454545454546,0.14305378044898964,510,"Yes, I've decided to take this lying down."
32,2,6,14,22,1.4545454545454546,0.14305378044898964,510,I see this job as a stepping stone...
32,1,8,13,22,1.4545454545454546,0.12702511472832215,510,"Because I hit my 10,000 steps goal for today, THAT'S why."
32,2,6,14,22,1.4545454545454546,0.14305378044898964,510,Am I the only one here for the flash mob?
32,2,6,14,22,1.4545454545454546,0.14305378044898964,510,If it weren't for the Brooks Brothers suit you'd call me homeless.
32,3,4,15,22,1.4545454545454546,0.15745916432444337,510,And I just said 'You know what? I AM going to take this lying down.'
32,3,4,15,22,1.4545454545454546,0.15745916432444337,510,"Next time I jump, I'll use a higher floor."
32,1,8,13,22,1.4545454545454546,0.12702511472832215,510,"As Airbnbs go, I've had worse."
40,0,8,10,18,1.4444444444444444,0.12051692101036453,510,My chiropractor is on vacation.
41,1,7,13,21,1.4285714285714286,0.1304101327393253,510,I wanted to find out what it feels like to be an obstructionist Congress.
41,1,7,13,21,1.4285714285714286,0.1304101327393253,510,"OK, Now I'm ready to do my back"
41,3,3,15,21,1.4285714285714286,0.16288220358559116,510,"I guess it gives new meaning to the term ""meeting people from all walks of life"""
41,3,3,15,21,1.4285714285714286,0.16288220358559116,510,'I've fallen and I can't get up' doesn't seem to work anymore.
41,2,5,14,21,1.4285714285714286,0.14754222271266354,510,I'm doing my thesis on human empathy and compassion in 2016.
41,2,5,14,21,1.4285714285714286,0.14754222271266354,510,"I'm testing the Ted Cruz theory of ""New York Values""."
41,1,7,13,21,1.4285714285714286,0.1304101327393253,510,I thought this was the trust exercise.
41,2,5,14,21,1.4285714285714286,0.14754222271266354,510,A little more to the left... That's it!
41,2,5,14,21,1.4285714285714286,0.14754222271266354,510,This was much more enjoyable during sundress season.
41,2,5,14,21,1.4285714285714286,0.14754222271266354,510,Why go all the way to the office when people can walk all over me right here.
41,2,5,14,21,1.4285714285714286,0.14754222271266354,510,this looked a lot more private when i booked it
41,2,5,14,21,1.4285714285714286,0.14754222271266354,510,Google maps said this was my therapist's office.
41,2,5,14,21,1.4285714285714286,0.14754222271266354,510,I see late people
41,3,3,15,21,1.4285714285714286,0.16288220358559116,510,"From this perspective, I can see Uranus."
41,3,3,15,21,1.4285714285714286,0.16288220358559116,510,I've decided to crowdsource my therapy.
41,2,5,14,21,1.4285714285714286,0.14754222271266354,510,Worst Airbnb ever.
57,1,6,12,19,1.4210526315789473,0.13925006900339948,510,You would not believe what I pay for this place.
57,3,2,14,19,1.4210526315789473,0.17631360738808577,510,Only 466 days till Star Wars 8!
57,2,4,13,19,1.4210526315789473,0.15886640593223536,510,Your fly's open.
57,2,4,13,19,1.4210526315789473,0.15886640593223536,510,Almost time for my Masochists Anonymous meeting
57,2,4,13,19,1.4210526315789473,0.15886640593223536,510,You should take time to stop and smell the concrete.
57,2,4,13,19,1.4210526315789473,0.15886640593223536,510,"Ooh, there's one that looks like a big fluffy bunny!"
57,1,6,12,19,1.4210526315789473,0.13925006900339948,510,Just soaking up the gravitational waves.
57,2,4,13,19,1.4210526315789473,0.15886640593223536,510,"No, I'm alright guys. No need to stop and help me. I'm good thanks."
57,1,6,12,19,1.4210526315789473,0.13925006900339948,510,I'm just a Republican senator doing my job.
57,1,6,12,19,1.4210526315789473,0.13925006900339948,510,You're right. It's a bird.
57,2,4,13,19,1.4210526315789473,0.15886640593223536,510,I've already worked my way up from punching bag.
57,2,4,13,19,1.4210526315789473,0.15886640593223536,510,I'm fine thanks. Just trying to see what my interns feel like.
57,2,4,13,19,1.4210526315789473,0.15886640593223536,510,Thank you for noticing.
57,2,4,13,19,1.4210526315789473,0.15886640593223536,510,"Sir, your zipper is open."
57,0,8,11,19,1.4210526315789473,0.11637279966159293,510,My hotel doesn't allow early check-in.
57,2,4,13,19,1.4210526315789473,0.15886640593223536,510,Bravo! You're all passing The Apathy Test with flying colors--except for the dog. He looked back in concern.
57,2,4,13,19,1.4210526315789473,0.15886640593223536,510,A defibrillator would feel pretty sweet right now.
57,1,6,12,19,1.4210526315789473,0.13925006900339948,510,The sign said 'No Standing'.
57,2,4,13,19,1.4210526315789473,0.15886640593223536,510,"Seriously, only the dog cares?"
76,1,3,8,12,1.4166666666666667,0.19299604852813634,510,"If you are in a hurry, don't walk past the philosophy school."
77,2,3,12,17,1.411764705882353,0.17275500183045192,510,Sometimes it's just good to stop and smell the aggravation.
78,1,5,12,18,1.3888888888888888,0.14323272549549756,510,I've decided to lay low for a while
78,2,3,13,18,1.3888888888888888,0.16447358865570744,510,My ex-wife puts you all to shame.
78,1,5,12,18,1.3888888888888888,0.14323272549549756,510,Walk over me all you want. At least I'm not a push over anymore.
78,2,3,13,18,1.3888888888888888,0.16447358865570744,510,"Think globally, obstruct locally."
78,1,5,12,18,1.3888888888888888,0.14323272549549756,510,Whoever said eating turkey at lunch would make you tired was RIGHT
78,1,5,12,18,1.3888888888888888,0.14323272549549756,510,Have a nice rat race.
78,2,3,13,18,1.3888888888888888,0.16447358865570744,510,I'm looking for a new position.
78,1,5,12,18,1.3888888888888888,0.14323272549549756,510,"Feel the gravity waves, people."
78,3,1,14,18,1.3888888888888888,0.18326895284718892,510,My sleep number is ten.
78,2,3,13,18,1.3888888888888888,0.16447358865570744,510,This is how I met my first wife.
78,2,3,13,18,1.3888888888888888,0.16447358865570744,510,Just another day with my ass on the line.
78,1,5,12,18,1.3888888888888888,0.14323272549549756,510,Matt. What's your name?
78,3,1,14,18,1.3888888888888888,0.18326895284718892,510,"Ahhhh, back to my old stomping ground."
78,1,5,12,18,1.3888888888888888,0.14323272549549756,510,Sometimes you just got to stop and smell the public.
78,1,5,12,18,1.3888888888888888,0.14323272549549756,510,I think they gave me decaf.
78,1,5,12,18,1.3888888888888888,0.14323272549549756,510,Whatever happened to the miniskirt?
78,1,5,12,18,1.3888888888888888,0.14323272549549756,510,I'm a compulsive lier.
95,1,3,9,13,1.3846153846153846,0.18040060614705497,510,Where in the world are all you people going?
96,3,0,13,16,1.375,0.20155644370746376,510,I'll show YOU man-spreading!
96,3,0,13,16,1.375,0.20155644370746376,510,Welcome... welcome... welcome... welcome... welcome...
96,0,6,10,16,1.375,0.125,510,"It's just like a massage, but free."
96,1,4,11,16,1.375,0.15478479684172258,510,... I've looked at clouds from both sides now ...
96,3,0,13,16,1.375,0.20155644370746376,510,"Hey you, you stepped on a crack."
101,1,4,12,17,1.3529411764705883,0.14705882352941177,510,Man... place sure has changed since I was a kid.
101,1,4,12,17,1.3529411764705883,0.14705882352941177,510,"Oh, look, another bunny!"
101,0,6,11,17,1.3529411764705883,0.11947115300935236,510,"Come on guys, join me. This is called a flash nap!"
101,2,2,13,17,1.3529411764705883,0.17023289562926802,510,And that's one giant step for a kind man!
101,0,6,11,17,1.3529411764705883,0.11947115300935236,510,I could use a pick me up.
101,2,2,13,17,1.3529411764705883,0.17023289562926802,510,"Seriously, Dave, brown shoes with black pants?"
101,1,4,12,17,1.3529411764705883,0.14705882352941177,510,"89, 90, 91..."
101,2,2,13,17,1.3529411764705883,0.17023289562926802,510,I’m one of those people that can fall asleep anywhere.
101,1,4,12,17,1.3529411764705883,0.14705882352941177,510,This is the last time I'll use Airbnb.
101,2,2,13,17,1.3529411764705883,0.17023289562926802,510,Seems like no one wants to interview the man in the street anymore.
101,1,4,12,17,1.3529411764705883,0.14705882352941177,510,Why do people think they can walk all over me?
101,1,4,12,17,1.3529411764705883,0.14705882352941177,510,My symptoms indicate I have just experienced a sudden attack of ease.
101,1,4,12,17,1.3529411764705883,0.14705882352941177,510,Just confirming a theory about New Yorkers
101,1,4,12,17,1.3529411764705883,0.14705882352941177,510,It's a stay-cation.
101,1,4,12,17,1.3529411764705883,0.14705882352941177,510,I want to know how my clients feel.
101,0,6,11,17,1.3529411764705883,0.11947115300935236,510,I guess I should have jumped from a higher floor.
101,1,4,12,17,1.3529411764705883,0.14705882352941177,510,"Maybe my shrink's right, I am too comfortable letting people walk all over me."
101,0,6,11,17,1.3529411764705883,0.11947115300935236,510,The sign says no parking or standing!
101,0,6,11,17,1.3529411764705883,0.11947115300935236,510,Actually I can take it lying down!
101,1,4,12,17,1.3529411764705883,0.14705882352941177,510,"According to my GPS, this is my bedroom."
101,2,2,13,17,1.3529411764705883,0.17023289562926802,510,"Whoa, both parents are back on the nest."
101,2,2,13,17,1.3529411764705883,0.17023289562926802,510,My mother-in-law arrives today - this is how I warm up.
101,1,4,12,17,1.3529411764705883,0.14705882352941177,510,Can you believe I used to pay a massage therapist to do this same thing?
101,1,4,12,17,1.3529411764705883,0.14705882352941177,510,They told me it was a walk-on role.
101,1,4,12,17,1.3529411764705883,0.14705882352941177,510,Help! I've fallen off the corporate ladder.
101,2,2,13,17,1.3529411764705883,0.17023289562926802,510,"I used to be like you, living the vertical life..."
101,1,4,12,17,1.3529411764705883,0.14705882352941177,510,My editor wants a 'man on the street' piece.
101,1,4,12,17,1.3529411764705883,0.14705882352941177,510,"And when he grew up, Flat Stanley took an entry-level position on Wall Street."
101,1,4,12,17,1.3529411764705883,0.14705882352941177,510,"Strangely, I get stepped on less frequently here than in the office."
101,1,4,12,17,1.3529411764705883,0.14705882352941177,510,Turns out my sleep number is 5th Avenue.
101,2,2,13,17,1.3529411764705883,0.17023289562926802,510,"Performance artist Larry Gomez in his latest masterpiece: ""The Artist Is Pavement."""
101,2,2,13,17,1.3529411764705883,0.17023289562926802,510,"Hey, buddy! Better check the fly!"
101,0,6,11,17,1.3529411764705883,0.11947115300935236,510,Slack Lives Matter.
101,2,2,13,17,1.3529411764705883,0.17023289562926802,510,Jerry developed his own unique way to celebrate Passover.
101,1,4,12,17,1.3529411764705883,0.14705882352941177,510,I'm only recently homeless.
101,2,2,13,17,1.3529411764705883,0.17023289562926802,510,Have you been hurt in an accident?...Have you been hurt in an accident?....Have you been hurt in....
101,3,0,14,17,1.3529411764705883,0.19061002054140766,510,Anybody got some chalk?
101,1,4,12,17,1.3529411764705883,0.14705882352941177,510,"Been down so long, it looks like up to me."
101,1,4,12,17,1.3529411764705883,0.14705882352941177,510,"""Alas, a doormat with no door""."
101,1,4,12,17,1.3529411764705883,0.14705882352941177,510,How often do you find a chalk outline that's a perfect fit?
101,1,4,12,17,1.3529411764705883,0.14705882352941177,510,"""You're right. It does look like a bunny rabbit."
101,0,6,11,17,1.3529411764705883,0.11947115300935236,510,It was cheaper than Airbnb.
101,2,2,13,17,1.3529411764705883,0.17023289562926802,510,I'd move but I'm stuck on some gum.
101,2,2,13,17,1.3529411764705883,0.17023289562926802,510,Acme Doormats are hiring but they said I need experience.
101,2,2,13,17,1.3529411764705883,0.17023289562926802,510,Just doing my part to keep Portland weird.
101,1,4,12,17,1.3529411764705883,0.14705882352941177,510,I feel like life is passing me by.
101,1,4,12,17,1.3529411764705883,0.14705882352941177,510,"No, I'm with CSI. We ran out of chalk."
148,1,3,11,15,1.3333333333333333,0.15936381457791912,510,I've decided to suspend my campaign.
148,1,3,11,15,1.3333333333333333,0.15936381457791912,510,And there's a cloud that looks just like my psychiatrist.
148,1,3,11,15,1.3333333333333333,0.15936381457791912,510,Ow!
148,1,2,9,12,1.3333333333333333,0.18802535827258876,510,Anything's possible with the right perspective.
148,1,2,9,12,1.3333333333333333,0.18802535827258876,510,My performance evaluation says I need to know what it feels like to have people walk all over me.
153,2,1,13,16,1.3125,0.17603858478564674,510,I thought it would be like Hollywood Squares but instead it is like being homeless.
153,2,1,13,16,1.3125,0.17603858478564674,510,"Blue skies, nothing but blue skies do I see, and some gum."
153,1,3,12,16,1.3125,0.1505199322349037,510,"Sure, it looks easy but I worked my way up from the gutter."
153,0,5,11,16,1.3125,0.11967838846954226,510,"According to Google maps, this is Easy Street."
153,0,5,11,16,1.3125,0.11967838846954226,510,My psychiatrist told me my perspective was all wrong.
153,1,3,12,16,1.3125,0.1505199322349037,510,I'm Jeb Bush and I'm running for President.
153,1,3,12,16,1.3125,0.1505199322349037,510,Sometimes you just gotta stop and smell the gum.
153,0,5,11,16,1.3125,0.11967838846954226,510,"Hey, they were right. You're the same people I met on the way up."
153,2,1,13,16,1.3125,0.17603858478564674,510,you're right; it really does look like the opposite of ants from here.
153,1,3,12,16,1.3125,0.1505199322349037,510,"Sir, your nostrils are breathtaking."
153,1,3,12,16,1.3125,0.1505199322349037,510,I never remember Lubbock being this fast paced.
153,0,5,11,16,1.3125,0.11967838846954226,510,You're the first to ask.
153,2,1,13,16,1.3125,0.17603858478564674,510,I COULDN'T THINK OF A CAPTION EITHER...
153,1,3,12,16,1.3125,0.1505199322349037,510,"Ah yes, a little lower please"
153,2,1,13,16,1.3125,0.17603858478564674,510,I should have asked more questions about your 12 step program.
153,1,3,12,16,1.3125,0.1505199322349037,510,It's just over three blocks and my dead body...
153,2,1,13,16,1.3125,0.17603858478564674,510,Watch it—I'm layin' here!
153,2,1,13,16,1.3125,0.17603858478564674,510,At least the doggie took notice.
153,2,1,13,16,1.3125,0.17603858478564674,510,I attempted the three martini lunch.
153,1,3,12,16,1.3125,0.1505199322349037,510,"Hi, I'm Jay Rogowski, I'm running for Congress from the 3rd District!"
153,0,5,11,16,1.3125,0.11967838846954226,510,"Believe it or not, folks, ten minutes ago I was a lot like you..."
153,2,1,13,16,1.3125,0.17603858478564674,510,And now political commentary from our man on the street; George?
153,2,1,13,16,1.3125,0.17603858478564674,510,I'm holding this spot. It's where I pass out on St. Patrick's Day.
153,1,3,12,16,1.3125,0.1505199322349037,510,I really DON’T know clouds at all.
153,0,5,11,16,1.3125,0.11967838846954226,510,We cut back on chalk in the last police budget.
153,1,3,12,16,1.3125,0.1505199322349037,510,"If you give me your vote, I promise to get out of the way."
153,1,3,12,16,1.3125,0.1505199322349037,510,I've fallen and I've chosen not to get up.
153,1,3,12,16,1.3125,0.1505199322349037,510,Keep walking. Nothing to see here
153,0,5,11,16,1.3125,0.11967838846954226,510,"And then I thought, I really don't know clouds at all"
153,2,1,13,16,1.3125,0.17603858478564674,510,"I'm not in the way, I'm ON the way."
153,2,1,13,16,1.3125,0.17603858478564674,510,Excuse my white privilege.
153,2,1,13,16,1.3125,0.17603858478564674,510,I'm running for Vice President.
153,0,5,11,16,1.3125,0.11967838846954226,510,Best damned brownies I've ever had!
153,0,5,11,16,1.3125,0.11967838846954226,510,Staycations are overrated.
153,2,1,13,16,1.3125,0.17603858478564674,510,"It's fairly relaxing, expect for the occasional kilt-wearer."
153,0,5,11,16,1.3125,0.11967838846954226,510,Sometimes I feel like everybody just walks all over me.
153,1,3,12,16,1.3125,0.1505199322349037,510,"Tonight, I am suspending my campaign."
153,0,5,11,16,1.3125,0.11967838846954226,510,On reflection Jack realised you can overdose on Zen stress management
153,2,1,13,16,1.3125,0.17603858478564674,510,"What!!!, nobody is wearing a skirt today."
153,1,3,12,16,1.3125,0.1505199322349037,510,Coffee hasn't kicked in yet.
153,1,3,12,16,1.3125,0.1505199322349037,510,"""I am not a pervert. This is a social experiment."
153,1,3,12,16,1.3125,0.1505199322349037,510,"Ok, I'll talk the talk while you guys walk the walk."
153,0,5,11,16,1.3125,0.11967838846954226,510,"I don't do this professionally, I'm only a walk on."
153,1,3,12,16,1.3125,0.1505199322349037,510,I got promoted from doormat.
153,0,5,11,16,1.3125,0.11967838846954226,510,I'm down but not out.
153,0,5,11,16,1.3125,0.11967838846954226,510,I thought I'd enjoy living closer to work.
153,1,3,12,16,1.3125,0.1505199322349037,510,This isn't as relaxing as I had imagined.
153,1,3,12,16,1.3125,0.1505199322349037,510,I will take this lying down.
153,1,3,12,16,1.3125,0.1505199322349037,510,Welcome.
153,2,1,13,16,1.3125,0.17603858478564674,510,Things were going pretty well until that guy wearing the kilt.
153,0,5,11,16,1.3125,0.11967838846954226,510,"If he doesn't jump soon, I'm leaving."
153,1,3,12,16,1.3125,0.1505199322349037,510,"When choosing my motto, 'DON'T tread on me' just seemed too exclusionary."
153,0,5,11,16,1.3125,0.11967838846954226,510,"Well, my relator did say there were skyline views."
153,2,1,13,16,1.3125,0.17603858478564674,510,"I decided to stop moping, get off the couch and among people."
153,0,5,11,16,1.3125,0.11967838846954226,510,Just protecting my mom's crack.
153,1,3,12,16,1.3125,0.1505199322349037,510,I never realized just how many people step in gum.
153,1,3,12,16,1.3125,0.1505199322349037,510,Thank you for respecting my personal space.
153,1,3,12,16,1.3125,0.1505199322349037,510,Mom named me Matt and it just kinda' stuck.
153,0,5,11,16,1.3125,0.11967838846954226,510,That one looks like a duck.
153,2,1,13,16,1.3125,0.17603858478564674,510,"When you're treated like a doormat at home, sometimes you need a change of scene."
153,0,5,11,16,1.3125,0.11967838846954226,510,"Go ahead, everyone else does."
153,0,5,11,16,1.3125,0.11967838846954226,510,"Don't tread on me, I'm from New Hampshire."
153,1,3,12,16,1.3125,0.1505199322349037,510,This would be less embarrassing if the fall had killed me.
153,1,3,12,16,1.3125,0.1505199322349037,510,"Just taking things lying down today, folks."
153,1,3,12,16,1.3125,0.1505199322349037,510,"My doctor said I need to get in 10,000 steps a day."
153,1,3,12,16,1.3125,0.1505199322349037,510,My wife says this is what I do best.
153,2,1,13,16,1.3125,0.17603858478564674,510,"Sir, the flash mob was last Thursday."
153,1,3,12,16,1.3125,0.1505199322349037,510,"Well doc, the hallucinations are getting better but that mysterious pain in my back is getting worse."
153,0,5,11,16,1.3125,0.11967838846954226,510,"Ooh, and that cloud looks like a commodities trader!"
222,1,2,10,13,1.3076923076923077,0.1748484832946905,510,"Central location, spacious bedroom, 3,000 per month"
222,1,2,10,13,1.3076923076923077,0.1748484832946905,510,I guess the world's not ready for a lie-down comedian.
222,1,2,10,13,1.3076923076923077,0.1748484832946905,510,Red light!
222,1,2,10,13,1.3076923076923077,0.1748484832946905,510,"And that's today's report from 'Man on the Street'. Back to you, Chuck."
226,1,1,8,10,1.3,0.213437474581095,510,What's your story?
226,1,1,8,10,1.3,0.213437474581095,510,You have no idea what you are missing! Try looking at things from my point of view.
228,1,3,13,17,1.2941176470588236,0.1425788193357744,510,These 3-D police chalk drawings are really annoying.
228,1,3,13,17,1.2941176470588236,0.1425788193357744,510,People in this city will walk all over you if you let them.
230,1,2,11,14,1.2857142857142858,0.1633633928276759,510,I have come to the conclusion that cement is harder than asphalt.
230,1,2,11,14,1.2857142857142858,0.1633633928276759,510,You mean Doormat for a Day isn't a real charity?
230,1,2,11,14,1.2857142857142858,0.1633633928276759,510,"I used to have a job before I realized I didn't have to go to work to get passed over, stepped on and treated like I was invisible."
230,1,2,11,14,1.2857142857142858,0.1633633928276759,510,Excuse me! I'm lying here.
230,0,4,10,14,1.2857142857142858,0.12529400275814703,510,The big white fluffy one looks just like an angry commuter.
230,1,2,11,14,1.2857142857142858,0.1633633928276759,510,It’s a good thing I’m just a chalk drawing.
230,1,2,11,14,1.2857142857142858,0.1633633928276759,510,Tonight this will still be the best spot to see the 4th of July fireworks.
230,2,0,12,14,1.2857142857142858,0.19410463442478784,510,That was no ordinary schnitzel.
230,1,2,11,14,1.2857142857142858,0.1633633928276759,510,Look! The dolphin is turning into a sombrero.
230,1,2,11,14,1.2857142857142858,0.1633633928276759,510,NYC is O.K. but I miss Denver.
230,1,2,11,14,1.2857142857142858,0.1633633928276759,510,Can't WAIT for this to go viral.
230,0,4,10,14,1.2857142857142858,0.12529400275814703,510,"Nothing to see here folks, just another victim of the status quo"
230,2,0,12,14,1.2857142857142858,0.19410463442478784,510,They really did pave paradise and put up a parking lot.
230,1,2,11,14,1.2857142857142858,0.1633633928276759,510,"From here, the only way is up."
230,0,4,10,14,1.2857142857142858,0.12529400275814703,510,I feel like I'm at a crossroads!
230,1,2,11,14,1.2857142857142858,0.1633633928276759,510,"The low road is easier, but the risk is greater."
230,0,4,10,14,1.2857142857142858,0.12529400275814703,510,"Amazing, you all look so 3D."
230,0,4,10,14,1.2857142857142858,0.12529400275814703,510,Most other people count sheep jumping over a fence.
230,1,2,11,14,1.2857142857142858,0.1633633928276759,510,Humans of New York.
230,0,4,10,14,1.2857142857142858,0.12529400275814703,510,"""Reminds me of the good times working on Wall Street""."
230,0,4,10,14,1.2857142857142858,0.12529400275814703,510,I'm expecting a drone delivery.
230,1,2,11,14,1.2857142857142858,0.1633633928276759,510,It's a sidewalk survey
230,1,2,11,14,1.2857142857142858,0.1633633928276759,510,Have you heard about the gravitational waves?
230,0,4,10,14,1.2857142857142858,0.12529400275814703,510,"Finally, a space in Manhattan I can afford."
230,0,4,10,14,1.2857142857142858,0.12529400275814703,510,Look I see a rainbow.
230,0,4,10,14,1.2857142857142858,0.12529400275814703,510,I don't remember sit-ups being so difficult.
230,0,4,10,14,1.2857142857142858,0.12529400275814703,510,My sleep number is a sidewalk.
230,1,2,11,14,1.2857142857142858,0.1633633928276759,510,People still step over the even well dressed homeless.
230,0,4,10,14,1.2857142857142858,0.12529400275814703,510,"Hi, I'm Matt!"
230,1,2,11,14,1.2857142857142858,0.1633633928276759,510,Who says Occupy Wall Street is dead?
230,1,2,11,14,1.2857142857142858,0.1633633928276759,510,My ex-wife told me it would help me understand our divorce.
230,1,2,11,14,1.2857142857142858,0.1633633928276759,510,I’m in training as a GOP candidate.
230,1,2,11,14,1.2857142857142858,0.1633633928276759,510,I'm changing my perspective.
230,0,4,10,14,1.2857142857142858,0.12529400275814703,510,It's a requirement for a degree in sales.
230,0,4,10,14,1.2857142857142858,0.12529400275814703,510,Sometimes you just have to stop and smell the Florsheims.
230,0,4,10,14,1.2857142857142858,0.12529400275814703,510,"Just like I said, People will walk all over you if you let them."
230,0,4,10,14,1.2857142857142858,0.12529400275814703,510,"This was so much nicer, when I had a back yard !"
230,0,4,10,14,1.2857142857142858,0.12529400275814703,510,I believe I have the floor.
230,1,2,11,14,1.2857142857142858,0.1633633928276759,510,I'm first in line for the next Apple product
230,1,2,11,14,1.2857142857142858,0.1633633928276759,510,It's a new posture called Upward Facing Ex-employee.
230,1,2,11,14,1.2857142857142858,0.1633633928276759,510,It's all about perspective.
230,0,4,10,14,1.2857142857142858,0.12529400275814703,510,I'm just checking it out down here in case I jump.
230,1,2,11,14,1.2857142857142858,0.1633633928276759,510,Wake me up when the world is kinder
230,0,4,10,14,1.2857142857142858,0.12529400275814703,510,"It's OK, this is part of my Middle Management Training."
230,1,2,11,14,1.2857142857142858,0.1633633928276759,510,"My personal trainer gave me a strict limit of 10,000 steps in a day."
230,1,2,11,14,1.2857142857142858,0.1633633928276759,510,I'm good.
230,1,2,11,14,1.2857142857142858,0.1633633928276759,510,Oh my God! Clouds look like bunnies even in New York!
230,0,4,10,14,1.2857142857142858,0.12529400275814703,510,You're all going to look quite callous when this social experiment goes viral.
230,0,4,10,14,1.2857142857142858,0.12529400275814703,510,And there's a cloud that looks like a bunny.
230,0,4,10,14,1.2857142857142858,0.12529400275814703,510,I wish I hadn't worn my good suit today.
230,1,2,11,14,1.2857142857142858,0.1633633928276759,510,So this is what the 99% feels like.
230,1,2,11,14,1.2857142857142858,0.1633633928276759,510,It was at that moment that Craig realized how the new guy's brownies were different.
230,0,4,10,14,1.2857142857142858,0.12529400275814703,510,I have seven more minutes on my meter.
230,0,4,10,14,1.2857142857142858,0.12529400275814703,510,"The ""Occupy Easy Street Movement"" speaks out."
230,1,2,11,14,1.2857142857142858,0.1633633928276759,510,You ever wonder why some mornings you can still see the moon?
230,0,4,10,14,1.2857142857142858,0.12529400275814703,510,I guess I should not have chosen to jump from the second floor.
230,1,2,11,14,1.2857142857142858,0.1633633928276759,510,I haven't slept in 30 streets.
230,1,2,11,14,1.2857142857142858,0.1633633928276759,510,"My shrink told me that I needed to do a little ""sole searching""."
230,0,4,10,14,1.2857142857142858,0.12529400275814703,510,Don't you just love New York?
230,1,2,11,14,1.2857142857142858,0.1633633928276759,510,Aren't we friends on Facebook?
230,0,4,10,14,1.2857142857142858,0.12529400275814703,510,"I am relaxed, and lying on a beach in Maui. I am relaxed, and lying on a beach in Maui..."
230,1,2,11,14,1.2857142857142858,0.1633633928276759,510,I'm here to ask you for your vote.
230,1,2,11,14,1.2857142857142858,0.1633633928276759,510,"Have you ever stopped to just look at the clouds? I mean, REALLY looked?"
230,1,2,11,14,1.2857142857142858,0.1633633928276759,510,Has anybody seen me lately?
230,1,2,11,14,1.2857142857142858,0.1633633928276759,510,A bit more to the left please.
230,0,4,10,14,1.2857142857142858,0.12529400275814703,510,My sleep number is 46th and Seventh.
230,1,2,11,14,1.2857142857142858,0.1633633928276759,510,That cloud looks like a guy who just got fired.
230,1,2,11,14,1.2857142857142858,0.1633633928276759,510,I'm used to it
230,0,4,10,14,1.2857142857142858,0.12529400275814703,510,I read that sitting too much is bad for your health.
230,0,4,10,14,1.2857142857142858,0.12529400275814703,510,"No, not in the Originalist sense. I literally mean don't tread on me."
230,0,4,10,14,1.2857142857142858,0.12529400275814703,510,"Incredibly, our first contact with a perpendicular universe goes unnoticed."
230,2,0,12,14,1.2857142857142858,0.19410463442478784,510,These cartoons just get worse and worse. How we miss your prior generation of cartoonists!
230,2,0,12,14,1.2857142857142858,0.19410463442478784,510,You're all so pedestrian.
230,0,4,10,14,1.2857142857142858,0.12529400275814703,510,Urban yoga.
230,0,4,10,14,1.2857142857142858,0.12529400275814703,510,These chalk outlines are more detailed than I remember.
230,1,2,11,14,1.2857142857142858,0.1633633928276759,510,"Wingtips? With that suit? Get it together, bozo!"
230,1,2,11,14,1.2857142857142858,0.1633633928276759,510,I love relaxing in Times Square!
230,1,2,11,14,1.2857142857142858,0.1633633928276759,510,This reminds me of my last marriage.
230,0,4,10,14,1.2857142857142858,0.12529400275814703,510,I'm taking a microvacation.
230,1,2,11,14,1.2857142857142858,0.1633633928276759,510,I lost 200 pounds and I ate bread every day!
230,0,4,10,14,1.2857142857142858,0.12529400275814703,510,Iiiiiiiiii love a parAAAAAAAde!
230,0,4,10,14,1.2857142857142858,0.12529400275814703,510,If you really concentrate you can relax anywhere.
230,0,4,10,14,1.2857142857142858,0.12529400275814703,510,Wait! You haven't heard of Occupy Wall Street: The Sequel?
230,1,2,11,14,1.2857142857142858,0.1633633928276759,510,We're testing pedestrian speed bumps.
230,1,2,11,14,1.2857142857142858,0.1633633928276759,510,Ever notice how inconvenienced people look from below?
230,1,2,11,14,1.2857142857142858,0.1633633928276759,510,I’d have to say . . . things are looking up!
230,1,2,11,14,1.2857142857142858,0.1633633928276759,510,My friends call me Trip.
230,1,2,11,14,1.2857142857142858,0.1633633928276759,510,It's still less crowded than Miami Beach.
230,1,2,11,14,1.2857142857142858,0.1633633928276759,510,I love New York.
230,0,4,10,14,1.2857142857142858,0.12529400275814703,510,Don't break your mother's back!
230,0,4,10,14,1.2857142857142858,0.12529400275814703,510,"""Stand closer to the window,"" she said. ""What could possibly go wrong?"" she said."
230,0,4,10,14,1.2857142857142858,0.12529400275814703,510,Does that fluffy cloud look like a bunny to you?
230,1,2,11,14,1.2857142857142858,0.1633633928276759,510,I'm just waiting for the next big thing.
230,0,4,10,14,1.2857142857142858,0.12529400275814703,510,Will someone be good enough to turn me parallel to traffic.
230,1,2,11,14,1.2857142857142858,0.1633633928276759,510,This is the only place I get coverage on my network.
230,1,2,11,14,1.2857142857142858,0.1633633928276759,510,Not my best Airbnb experience.
230,1,2,11,14,1.2857142857142858,0.1633633928276759,510,Step 1: Imagine myself on a Caribbean beach...
230,1,2,11,14,1.2857142857142858,0.1633633928276759,510,"I wonder, what would life be like without metaphors?"
230,1,2,11,14,1.2857142857142858,0.1633633928276759,510,Sometimes you gotta just stop and smell the desperation
230,1,2,11,14,1.2857142857142858,0.1633633928276759,510,"On the bright side, at least I'm not under a bus."
230,0,4,10,14,1.2857142857142858,0.12529400275814703,510,At least it's not raining.
230,1,2,11,14,1.2857142857142858,0.1633633928276759,510,This is the best I can do for this neighborhood. It’s going to be hard to find something in your price range that has walls.
230,1,2,11,14,1.2857142857142858,0.1633633928276759,510,"The SEC decided that my punishment for stealing billions from pension funds was to jump from a first floor window. Ahhhh, Wall Street."
230,1,2,11,14,1.2857142857142858,0.1633633928276759,510,At last I have overcome my agoraphobia.
230,2,0,12,14,1.2857142857142858,0.19410463442478784,510,"Just another hurdle on your way to the top, pal."
230,1,2,11,14,1.2857142857142858,0.1633633928276759,510,Horizontal is the new vertical.
230,1,2,11,14,1.2857142857142858,0.1633633928276759,510,"Nothing to see here, folks. Keep moving."
230,1,2,11,14,1.2857142857142858,0.1633633928276759,510,"Help, I’m a presidential candidate, I’ve fallen to a new low, and I can't get up."
230,1,2,11,14,1.2857142857142858,0.1633633928276759,510,Chalk art meets the Upper East Side
230,0,4,10,14,1.2857142857142858,0.12529400275814703,510,I quickly learned not to wear my Red Sox jersey.
230,0,4,10,14,1.2857142857142858,0.12529400275814703,510,I told my shrink I feel invisible to people and he didn't believe me.
230,1,2,11,14,1.2857142857142858,0.1633633928276759,510,I'd know those legs anywhere
230,0,4,10,14,1.2857142857142858,0.12529400275814703,510,I hope the crowds abate before the meteor shower begins.
230,1,2,11,14,1.2857142857142858,0.1633633928276759,510,It helps me remember why I quit my last job.
230,0,4,10,14,1.2857142857142858,0.12529400275814703,510,I love people watching.
230,1,2,11,14,1.2857142857142858,0.1633633928276759,510,And now over to Chuck for more coverage of the situation on the ground
230,1,2,11,14,1.2857142857142858,0.1633633928276759,510,"That's right, just ignore me, everybody else does."
230,1,2,11,14,1.2857142857142858,0.1633633928276759,510,I am suspending my campaign
230,1,2,11,14,1.2857142857142858,0.1633633928276759,510,Life is a beach ain't it.
230,1,2,11,14,1.2857142857142858,0.1633633928276759,510,I'm filibustering until November.
230,1,2,11,14,1.2857142857142858,0.1633633928276759,510,I've making the most out of being downsized.
230,1,2,11,14,1.2857142857142858,0.1633633928276759,510,Just wanted to know what it feels like to be the economy.
230,1,2,11,14,1.2857142857142858,0.1633633928276759,510,Nostral hair removal device salesman finds business looking up.
230,0,4,10,14,1.2857142857142858,0.12529400275814703,510,"I'm looking for that ""man on the street"" perspective."
230,0,4,10,14,1.2857142857142858,0.12529400275814703,510,"I like to call it ""Occupy Flatbush Avenue."""
230,1,2,11,14,1.2857142857142858,0.1633633928276759,510,Nice tie!
230,1,2,11,14,1.2857142857142858,0.1633633928276759,510,Shiatsu is $150 a session...
230,1,2,11,14,1.2857142857142858,0.1633633928276759,510,That one looks like an airplane. Or a rabbit.
230,1,2,11,14,1.2857142857142858,0.1633633928276759,510,Just checking the cloud for my messages
230,1,2,11,14,1.2857142857142858,0.1633633928276759,510,"... a discouraging word, and the skies are not cloudy all day."
230,0,4,10,14,1.2857142857142858,0.12529400275814703,510,Ah! Retired at last.
230,1,2,11,14,1.2857142857142858,0.1633633928276759,510,Life passes yet I lie here unnoticed.
230,1,2,11,14,1.2857142857142858,0.1633633928276759,510,I'm starting to think that it might have something to do with my mother.
230,1,2,11,14,1.2857142857142858,0.1633633928276759,510,"It occurred to me that I didn't have to go to work. In fact, I didn't have to do anything."
230,1,2,11,14,1.2857142857142858,0.1633633928276759,510,"So, I said, 'Literally? Literally? I'll show you literally, Marge.'"
230,1,2,11,14,1.2857142857142858,0.1633633928276759,510,I should have stayed in bed.
230,1,2,11,14,1.2857142857142858,0.1633633928276759,510,I knew someone would get the performance piece.
230,1,2,11,14,1.2857142857142858,0.1633633928276759,510,Maybe a less busy sidewalk would be more relaxing.....
230,1,2,11,14,1.2857142857142858,0.1633633928276759,510,Don't worry about me--I'm just trying to get into shape for my mother-in-law's visit.
230,0,4,10,14,1.2857142857142858,0.12529400275814703,510,That severance package isn't quite what I expected.
230,1,2,11,14,1.2857142857142858,0.1633633928276759,510,She's right! She's right! Everybody does just walk all over me!
230,0,4,10,14,1.2857142857142858,0.12529400275814703,510,Eminent domain.
230,0,4,10,14,1.2857142857142858,0.12529400275814703,510,Have you seen the guy with the chalk?
373,1,1,9,11,1.2727272727272727,0.1949782780866111,510,"Oh, sure... ""Go early,"" you say. ""We'll beat the traffic."""
373,1,1,9,11,1.2727272727272727,0.1949782780866111,510,Move the rook to e2.
375,0,4,11,15,1.2666666666666666,0.11818736805705578,510,Being stepped over and walked on gets me ready for the work day.
375,1,2,12,15,1.2666666666666666,0.1532712089469627,510,"If you were class conscious, you would lay down too."
375,1,2,12,15,1.2666666666666666,0.1532712089469627,510,"No worries, just preparing for marriage."
375,1,2,12,15,1.2666666666666666,0.1532712089469627,510,Ha! Made you look.
375,0,4,11,15,1.2666666666666666,0.11818736805705578,510,"83, 84, 85 people not asking if I'm OK, 86 . . ."
375,0,4,11,15,1.2666666666666666,0.11818736805705578,510,I'm a sociologist. This is what I do for a living.
375,0,4,11,15,1.2666666666666666,0.11818736805705578,510,Sometimes I just like to lie here and watch the world go by.
375,0,4,11,15,1.2666666666666666,0.11818736805705578,510,What can I say? I'm an obstructionist.
375,1,2,12,15,1.2666666666666666,0.1532712089469627,510,They don't call me 'speed-bump' for nothing.
375,0,4,11,15,1.2666666666666666,0.11818736805705578,510,"You're right, it is Matt."
375,0,4,11,15,1.2666666666666666,0.11818736805705578,510,Actually this is part of my community service.
375,1,2,12,15,1.2666666666666666,0.1532712089469627,510,I like letting people walk all over me.
375,1,2,12,15,1.2666666666666666,0.1532712089469627,510,Ah! And that one is shaped just like a mid-level executive!
375,1,2,12,15,1.2666666666666666,0.1532712089469627,510,Maybe SOMEBODY will ask me if I'm ok.
375,1,2,12,15,1.2666666666666666,0.1532712089469627,510,Up to the minute traffic and weather.
375,0,4,11,15,1.2666666666666666,0.11818736805705578,510,I'm preparing for married life.
375,1,2,12,15,1.2666666666666666,0.1532712089469627,510,"Say, buddy, can you spare a discussion on the meaning of life?"
375,1,2,12,15,1.2666666666666666,0.1532712089469627,510,I'm Art.
375,1,2,12,15,1.2666666666666666,0.1532712089469627,510,"Once again, Devon will be late for his weekly narcolepsy support group meeting."
394,1,3,15,19,1.263157894736842,0.12892051277806202,510,"The Airbnb listing said ""open space and down to earth""."
395,1,2,13,16,1.25,0.14433756729740643,510,''Looking up at people is just like looking down on people.''
395,1,1,10,12,1.25,0.17943514064131835,510,You have gum on the bottom of your shoe.
395,1,1,10,12,1.25,0.17943514064131835,510,Can I interest anyone in a slightly used hoverboard?
395,1,1,10,12,1.25,0.17943514064131835,510,You are on Candid Camera.
395,0,3,9,12,1.25,0.13055824196677338,510,The chiropractor said this would help heal my mother's back.
395,1,1,10,12,1.25,0.17943514064131835,510,Is this what tripping the light fantastic is all about?
395,1,2,13,16,1.25,0.14433756729740643,510,"Really, Dude. Your fly is down."
395,1,1,10,12,1.25,0.17943514064131835,510,Can't a guy catch a nap around here?
395,0,3,9,12,1.25,0.13055824196677338,510,"I have a new perspective on chins, but that's about it."
395,0,3,9,12,1.25,0.13055824196677338,510,I finally made it--I'm on Wall Street.
395,0,3,9,12,1.25,0.13055824196677338,510,Did you ever look at the sky? I mean really look at it?
395,1,1,10,12,1.25,0.17943514064131835,510,Do you have a minute to talk about ways to improve awareness of mental health?
395,0,3,9,12,1.25,0.13055824196677338,510,Mind the tie.
395,0,3,9,12,1.25,0.13055824196677338,510,"""When the going get's tough.....stop going""."
409,1,1,11,13,1.2307692307692308,0.16617283842071434,510,I just got fired! Go ahead and finish the job.
409,1,1,11,13,1.2307692307692308,0.16617283842071434,510,"Keep moving, everybody. Nothing to see here."
409,1,1,11,13,1.2307692307692308,0.16617283842071434,510,... red light... green light... red light...
409,1,1,11,13,1.2307692307692308,0.16617283842071434,510,Boxers or briefs?
409,0,3,10,13,1.2307692307692308,0.12162606385262995,510,I've never been so in touch with the sole of humanity!
409,1,1,11,13,1.2307692307692308,0.16617283842071434,510,I'm your last hurdle. Long jump's around the corner.
409,0,3,10,13,1.2307692307692308,0.12162606385262995,510,Right foot blue.
409,0,3,10,13,1.2307692307692308,0.12162606385262995,510,"Twenty four hours from now, I'll have traveled 24,901 miles without a single step."
409,0,3,10,13,1.2307692307692308,0.12162606385262995,510,Excuse you!
409,1,1,11,13,1.2307692307692308,0.16617283842071434,510,The benches were all taken.
409,1,1,11,13,1.2307692307692308,0.16617283842071434,510,Intrigued? Go to 'Larry'sLifeIsCrap.com.'
409,0,3,10,13,1.2307692307692308,0.12162606385262995,510,This campaign is not dead.
409,1,1,11,13,1.2307692307692308,0.16617283842071434,510,"Dress for the job you want, check."
409,0,3,10,13,1.2307692307692308,0.12162606385262995,510,New York and New Yorkers - what's not to love?
409,0,3,10,13,1.2307692307692308,0.12162606385262995,510,"From my perspective, you look pretty silly yourself."
409,0,3,10,13,1.2307692307692308,0.12162606385262995,510,Slow down - you move too fast. You've got to make the morning last.
409,1,1,11,13,1.2307692307692308,0.16617283842071434,510,"Don't mind me, I'm in the zone"
409,0,3,10,13,1.2307692307692308,0.12162606385262995,510,Look at it from my perspective.
409,1,1,11,13,1.2307692307692308,0.16617283842071434,510,Community service for hedge fund managers.
409,0,3,10,13,1.2307692307692308,0.12162606385262995,510,This is actually a promotion from my earlier position.
409,0,3,10,13,1.2307692307692308,0.12162606385262995,510,Watch it! That's a new tie.
409,0,3,10,13,1.2307692307692308,0.12162606385262995,510,These sidewalk chalk drawings are getting more and more realistic.
409,0,3,10,13,1.2307692307692308,0.12162606385262995,510,Thye told me I was getting in on the ground floor
409,0,3,10,13,1.2307692307692308,0.12162606385262995,510,I prefer women in skirts.
409,0,3,10,13,1.2307692307692308,0.12162606385262995,510,I reached my Fitbit goal.
409,1,1,11,13,1.2307692307692308,0.16617283842071434,510,"Ah, spring."
409,1,1,11,13,1.2307692307692308,0.16617283842071434,510,I'm not getting much out of all this sole-searching.
409,0,3,10,13,1.2307692307692308,0.12162606385262995,510,The key to success in this business is understanding the view from the street...
409,1,1,11,13,1.2307692307692308,0.16617283842071434,510,Mind the thigh gap.
409,1,1,11,13,1.2307692307692308,0.16617283842071434,510,My new dominatrix gives homework.
409,0,3,10,13,1.2307692307692308,0.12162606385262995,510,"Buddy can you spare a couple bucks? I am flat-on-my-back broke."""
409,0,3,10,13,1.2307692307692308,0.12162606385262995,510,"Google Earth, here I come."
409,1,1,11,13,1.2307692307692308,0.16617283842071434,510,I wish Donald would stop shooting people on Fifth Avenune
409,0,3,10,13,1.2307692307692308,0.12162606385262995,510,"Weed, coke?"
409,1,1,11,13,1.2307692307692308,0.16617283842071434,510,From my point of view things are looking up.
409,1,1,11,13,1.2307692307692308,0.16617283842071434,510,"Sorry, I'm just so sick of Starbucks."
409,0,3,10,13,1.2307692307692308,0.12162606385262995,510,"Sure, act like I'm not here."
409,1,1,11,13,1.2307692307692308,0.16617283842071434,510,Less hassle than going to the beach!
409,0,3,10,13,1.2307692307692308,0.12162606385262995,510,Sometimes you just need an attitude adjustment.
409,0,3,10,13,1.2307692307692308,0.12162606385262995,510,"As a candidate, I just want to learn what life on the streets is all about."
409,0,3,10,13,1.2307692307692308,0.12162606385262995,510,"In real estate location, location, location: In life perspective, perspective, perspective."
409,0,3,10,13,1.2307692307692308,0.12162606385262995,510,"As I suspected, it's no different than the office."
409,1,1,11,13,1.2307692307692308,0.16617283842071434,510,"First: Get a foot in the door, Second: Step over someone. Third: It's lonely at the top."
409,0,3,10,13,1.2307692307692308,0.12162606385262995,510,"You know, I could do this all day, if there were some point to it."
409,1,1,11,13,1.2307692307692308,0.16617283842071434,510,I've had it with backstabbers.
409,0,3,10,13,1.2307692307692308,0.12162606385262995,510,This is where the sidewalk ends for me.
409,0,3,10,13,1.2307692307692308,0.12162606385262995,510,"This is what is known as ""down on your luck!"""
409,0,3,10,13,1.2307692307692308,0.12162606385262995,510,"Hey Jack, be nimble!"
409,1,1,11,13,1.2307692307692308,0.16617283842071434,510,Lately I've been feeling that life is so pedestrian.
409,0,3,10,13,1.2307692307692308,0.12162606385262995,510,I'm admiring Einstein's gravitational waves as they stretch and compress space.
409,1,1,11,13,1.2307692307692308,0.16617283842071434,510,Another step for mankind!
409,0,3,10,13,1.2307692307692308,0.12162606385262995,510,New York Fashion Week: Loafers back in style
409,0,3,10,13,1.2307692307692308,0.12162606385262995,510,Thanks for asking!
409,1,1,11,13,1.2307692307692308,0.16617283842071434,510,"Ignore me if you will, but if you step on a crack, you KNOW what will happen!"
409,1,1,11,13,1.2307692307692308,0.16617283842071434,510,"Sorry, just need some ""me"" time."
409,1,1,11,13,1.2307692307692308,0.16617283842071434,510,My wife's right! I DO let people walk all over me.
409,0,3,10,13,1.2307692307692308,0.12162606385262995,510,"Well, as it turns out, I AM going to take this lying down."
409,0,3,10,13,1.2307692307692308,0.12162606385262995,510,Are you interested in an exciting ground floor opportunity?
409,1,1,11,13,1.2307692307692308,0.16617283842071434,510,It cuts my commute but it's hard to sleep in.
409,1,1,11,13,1.2307692307692308,0.16617283842071434,510,Occupy Main Street
409,1,1,11,13,1.2307692307692308,0.16617283842071434,510,"Don't mind me, I'm just trying to see Uranus."
409,1,1,11,13,1.2307692307692308,0.16617283842071434,510,I used to count sheep.
409,0,3,10,13,1.2307692307692308,0.12162606385262995,510,She's right. I do let people walk all over me.
409,0,3,10,13,1.2307692307692308,0.12162606385262995,510,The hustle and bustle of the big city was really getting Tom down.
409,0,3,10,13,1.2307692307692308,0.12162606385262995,510,"Good morning sir, I'm doing an informal man -on -the street interview. How's it going?"
409,0,3,10,13,1.2307692307692308,0.12162606385262995,510,You're welcome.
409,1,1,11,13,1.2307692307692308,0.16617283842071434,510,I'm getting a new perspective on life.
409,1,1,11,13,1.2307692307692308,0.16617283842071434,510,Tough way to earn street cred.
409,1,1,11,13,1.2307692307692308,0.16617283842071434,510,Thanks for moving the dog along.
409,1,1,11,13,1.2307692307692308,0.16617283842071434,510,This is not what I imagined when they said I'd be working under people.
409,1,1,11,13,1.2307692307692308,0.16617283842071434,510,That cloud looks like a pedestrian.
409,1,1,11,13,1.2307692307692308,0.16617283842071434,510,""" WHO SAID PERVERT ' !!"
409,0,3,10,13,1.2307692307692308,0.12162606385262995,510,He seems really intent on breaking his mother's back.
409,0,3,10,13,1.2307692307692308,0.12162606385262995,510,Wall Street visits Main Street.
409,0,3,10,13,1.2307692307692308,0.12162606385262995,510,Department of Public Works. Foot traffic survey.
409,0,3,10,13,1.2307692307692308,0.12162606385262995,510,I'm starting to see things from a different point of view.
409,0,3,10,13,1.2307692307692308,0.12162606385262995,510,And that cloud looks like an angry pedestrian!
409,1,1,11,13,1.2307692307692308,0.16617283842071434,510,So this is what being one of my employees feels like.
409,1,1,11,13,1.2307692307692308,0.16617283842071434,510,Anybody for a game of tick tack toe?
409,0,3,10,13,1.2307692307692308,0.12162606385262995,510,"I've fallen, but don't worry, I can get up."
409,0,3,10,13,1.2307692307692308,0.12162606385262995,510,I got tired of just being a doormat.
409,1,1,11,13,1.2307692307692308,0.16617283842071434,510,I think I'm going to like it here. The skyscrapers are amazing and everyone minds his own business.
409,1,1,11,13,1.2307692307692308,0.16617283842071434,510,Are all you people really short? Or is it just that my perspective has changed?
409,0,3,10,13,1.2307692307692308,0.12162606385262995,510,'With cat-like tread' my ass.
409,0,3,10,13,1.2307692307692308,0.12162606385262995,510,I'm occupying Main Street.
409,0,3,10,13,1.2307692307692308,0.12162606385262995,510,My wife left me for a banker. And I'm a banker.
409,1,1,11,13,1.2307692307692308,0.16617283842071434,510,"""City sidewalk, busy sidewalks."" If only Bing could hear me now!"
409,1,1,11,13,1.2307692307692308,0.16617283842071434,510,I'm still alive and well.
409,0,3,10,13,1.2307692307692308,0.12162606385262995,510,"Sorry, but Wall Street was occupied."
409,1,1,11,13,1.2307692307692308,0.16617283842071434,510,Like my wife keeps telling me I let people walk all over me.
409,0,3,10,13,1.2307692307692308,0.12162606385262995,510,Vote for me and I'll stop doing this.
409,1,1,11,13,1.2307692307692308,0.16617283842071434,510,"They call me ""old fashioned,"" but I know a thing or two about Street Level Marketing."
409,1,1,11,13,1.2307692307692308,0.16617283842071434,510,I find it less painful than occupying the street.
409,0,3,10,13,1.2307692307692308,0.12162606385262995,510,I gave up walking for lent.
409,0,3,10,13,1.2307692307692308,0.12162606385262995,510,Life used to be so ... pedestrian.
409,1,1,11,13,1.2307692307692308,0.16617283842071434,510,"It's called a staycation, pal."
409,1,1,11,13,1.2307692307692308,0.16617283842071434,510,Wall Street christens Walk of Fame.
409,0,3,10,13,1.2307692307692308,0.12162606385262995,510,"Doctor's orders, I'm resting my back."
409,1,1,11,13,1.2307692307692308,0.16617283842071434,510,Nicholas wanted to be absolutely certain his mother's back would break.
409,0,3,10,13,1.2307692307692308,0.12162606385262995,510,Location. Location. Location.
409,0,3,10,13,1.2307692307692308,0.12162606385262995,510,"Finally, I have a different perspective on life."
409,1,1,11,13,1.2307692307692308,0.16617283842071434,510,"Yes, obstructionist! Get over it!"
409,1,1,11,13,1.2307692307692308,0.16617283842071434,510,Angel hair and ice cream castles my ass! Those are chem trails!
409,0,3,10,13,1.2307692307692308,0.12162606385262995,510,"I'm down now, but things are looking up."
409,0,3,10,13,1.2307692307692308,0.12162606385262995,510,Sometimes it's nice to exercise my white male privilege.
409,1,1,11,13,1.2307692307692308,0.16617283842071434,510,It's getting increasingly more difficult to stop and smell the roses.
409,1,1,11,13,1.2307692307692308,0.16617283842071434,510,Earlier I saw a Ryan's belt!
409,1,1,11,13,1.2307692307692308,0.16617283842071434,510,Rodney Dangerfield's grave.
409,1,1,11,13,1.2307692307692308,0.16617283842071434,510,"If I even save one mother's back, it's worth it."
409,1,1,11,13,1.2307692307692308,0.16617283842071434,510,I thought this city never sleeps.
409,1,1,11,13,1.2307692307692308,0.16617283842071434,510,"Hello, I'm Matt. Welcome."
409,1,1,11,13,1.2307692307692308,0.16617283842071434,510,You losers never heard of eminent domain?
409,0,3,10,13,1.2307692307692308,0.12162606385262995,510,"I see skies of blue, And clouds of white. The bright blessed day, The dark sacred night. And I think to myself, What a wonderful world."
409,0,3,10,13,1.2307692307692308,0.12162606385262995,510,I'm kind of hoping the right girl will just fall into my lap
409,0,3,10,13,1.2307692307692308,0.12162606385262995,510,"From here, I can see Uranus."
409,0,3,10,13,1.2307692307692308,0.12162606385262995,510,It was Jim's off-season workouts that set him apart from the other yes-men.
409,1,1,11,13,1.2307692307692308,0.16617283842071434,510,"It's an entirely new angle I like to call, ""giving up."""
409,0,3,10,13,1.2307692307692308,0.12162606385262995,510,I've fallen from the 30th floor and now I can't get up.
409,1,1,11,13,1.2307692307692308,0.16617283842071434,510,"Consider this a grammar lesson. I like to 'lie' on the sidewalk, so I 'lay' myself down on it."
409,1,1,11,13,1.2307692307692308,0.16617283842071434,510,Will do sit-ups for food.
409,0,3,10,13,1.2307692307692308,0.12162606385262995,510,I was like you once.
409,0,3,10,13,1.2307692307692308,0.12162606385262995,510,Concrete evidence is what they want—concrete evidence is what they'll get.
409,0,3,10,13,1.2307692307692308,0.12162606385262995,510,crepe...........leather............rubber...
409,1,1,11,13,1.2307692307692308,0.16617283842071434,510,Point of order. I believe I have the floor.
409,1,1,11,13,1.2307692307692308,0.16617283842071434,510,I just needed a new perspective.
409,1,1,11,13,1.2307692307692308,0.16617283842071434,510,"Why, oh why, does life seem to keep passing me by?"
409,1,1,11,13,1.2307692307692308,0.16617283842071434,510,I ran out of vacation days.
409,1,1,11,13,1.2307692307692308,0.16617283842071434,510,"Don't worry, I've stopped the bleeding on my neck."
409,0,3,10,13,1.2307692307692308,0.12162606385262995,510,In my job you meet people from all walks of life.
409,0,3,10,13,1.2307692307692308,0.12162606385262995,510,I'm just the average man on the street
409,0,3,10,13,1.2307692307692308,0.12162606385262995,510,"This form of passive-resistance, I predict, will one day soon end the torment of the cruel sit-up."
409,1,1,11,13,1.2307692307692308,0.16617283842071434,510,I can't take another step until my Fitbit is finished charging
409,0,3,10,13,1.2307692307692308,0.12162606385262995,510,What's the point? They'll never choose my caption.
409,1,1,11,13,1.2307692307692308,0.16617283842071434,510,I changed my mind. I AM going to take things lying down.
409,1,1,11,13,1.2307692307692308,0.16617283842071434,510,Watch where you're stepping mister.
409,1,1,11,13,1.2307692307692308,0.16617283842071434,510,"Let everyone else spring forward, I'm sleeping in."
409,1,1,11,13,1.2307692307692308,0.16617283842071434,510,I outsourced my bootstraps!
409,0,3,10,13,1.2307692307692308,0.12162606385262995,510,"I don't know why, but people just seem to avoid me."
409,1,1,11,13,1.2307692307692308,0.16617283842071434,510,"Im learning to relax, step-by-step."
409,1,1,11,13,1.2307692307692308,0.16617283842071434,510,Anyone else notice how the clouds look like Trump's hair in a windstorm?
409,1,1,11,13,1.2307692307692308,0.16617283842071434,510,How to be invisible in NYC.
409,0,3,10,13,1.2307692307692308,0.12162606385262995,510,There may be some lingering resentment.
409,1,1,11,13,1.2307692307692308,0.16617283842071434,510,It's just nice to be connecting with people.
409,0,3,10,13,1.2307692307692308,0.12162606385262995,510,To relax I like to people watch.
409,0,3,10,13,1.2307692307692308,0.12162606385262995,510,The white noise helps me sleep.
409,0,3,10,13,1.2307692307692308,0.12162606385262995,510,"10,000 steps reached today and not an inch more."
409,0,3,10,13,1.2307692307692308,0.12162606385262995,510,"To understand the hurdle, become the hurdle."
409,0,3,10,13,1.2307692307692308,0.12162606385262995,510,I'll be darned. It is glass.
409,1,1,11,13,1.2307692307692308,0.16617283842071434,510,I'm a speed chump.
409,0,3,10,13,1.2307692307692308,0.12162606385262995,510,You just don't get this view of the streetlights out in the country.
409,0,3,10,13,1.2307692307692308,0.12162606385262995,510,Now it's starting to look like a bunny.
409,0,3,10,13,1.2307692307692308,0.12162606385262995,510,This is ground control to Major Tom.
409,1,1,11,13,1.2307692307692308,0.16617283842071434,510,"A few more minutes and I'll have my 5,000 steps for the day."
409,1,1,11,13,1.2307692307692308,0.16617283842071434,510,Unbelievable! Waiting to be cuffed here at my bank since 2008.
409,1,1,11,13,1.2307692307692308,0.16617283842071434,510,Living off the grid is looking more appealing every day.
409,1,1,11,13,1.2307692307692308,0.16617283842071434,510,"When asked for his opinion on the new sidewalk, Wyatt quipped, “Not sure yet–let me sleep on it.”"
409,0,3,10,13,1.2307692307692308,0.12162606385262995,510,My wife says I let people walk all over me...do you think that's true?
409,0,3,10,13,1.2307692307692308,0.12162606385262995,510,I reverse engineered my Fitbit.
409,0,3,10,13,1.2307692307692308,0.12162606385262995,510,Management sensitivity training
409,1,1,11,13,1.2307692307692308,0.16617283842071434,510,"Sometimes I get the feeling that the notion that we are all one, born of stardust in exploding stars billions of years ago, is just lost on people."
409,0,3,10,13,1.2307692307692308,0.12162606385262995,510,"Hi, I'm flat Stanley's father, please take me on your next adventure!"
409,1,1,11,13,1.2307692307692308,0.16617283842071434,510,Greg became a little too comfortable people watching...
409,1,1,11,13,1.2307692307692308,0.16617283842071434,510,This is how it must feel to be Jeb Bush at a Trump rally !
409,0,3,10,13,1.2307692307692308,0.12162606385262995,510,Larry's always underfoot.
409,1,1,11,13,1.2307692307692308,0.16617283842071434,510,"So, THIS is the view from the bottom."
409,1,1,11,13,1.2307692307692308,0.16617283842071434,510,Kicking off your project on a crowdfunding site is far from guaranteed.
409,0,3,10,13,1.2307692307692308,0.12162606385262995,510,"Since I quit boxing, there's an emptiness in my life."
409,1,1,11,13,1.2307692307692308,0.16617283842071434,510,I've decided to fulfill my life long dream of just not caring.
409,1,1,11,13,1.2307692307692308,0.16617283842071434,510,"Sure, I could go to work. Or, I could just lay here and unlock my full potential."
409,0,3,10,13,1.2307692307692308,0.12162606385262995,510,"Next stop, the gutter..."
409,0,3,10,13,1.2307692307692308,0.12162606385262995,510,"Usually I let my boss do this, but he’s out of town."
409,0,3,10,13,1.2307692307692308,0.12162606385262995,510,Try being walked on by another man's shoes.
409,0,3,10,13,1.2307692307692308,0.12162606385262995,510,"""I'm so popular, I could sleep on the sidewalk on 5th avenue and not lose a single vote."" Donald Trump"
409,0,3,10,13,1.2307692307692308,0.12162606385262995,510,I'm preparing for a career in politics.
409,1,1,11,13,1.2307692307692308,0.16617283842071434,510,And that cloud looks like a shoeprint too!
409,1,1,11,13,1.2307692307692308,0.16617283842071434,510,My boss said I let people walk all over me... he was right!
409,0,3,10,13,1.2307692307692308,0.12162606385262995,510,Only in New York would anyone think this funny.
409,0,3,10,13,1.2307692307692308,0.12162606385262995,510,"You're always yelling ""don't let people walk all over you"" actually it feels pretty good!!!"
409,0,3,10,13,1.2307692307692308,0.12162606385262995,510,At the beach I like to imagine myself on a crowded street somewhere.
409,1,1,11,13,1.2307692307692308,0.16617283842071434,510,"My psychiatrist said I'm a human door mat, but I consider myself more of a speed bump."
409,1,1,11,13,1.2307692307692308,0.16617283842071434,510,"I should have taken the 30 days instead of opting for ""community service."
409,1,1,11,13,1.2307692307692308,0.16617283842071434,510,I used to pay someone to do this.
409,0,3,10,13,1.2307692307692308,0.12162606385262995,510,From this angle I can see Uranus!
409,0,3,10,13,1.2307692307692308,0.12162606385262995,510,Occupy Wall Street was never like this.
409,1,1,11,13,1.2307692307692308,0.16617283842071434,510,Now I know what Cam Newton felt like in Super Bowl 50
409,1,1,11,13,1.2307692307692308,0.16617283842071434,510,Afternoon mindfulness session
409,0,3,10,13,1.2307692307692308,0.12162606385262995,510,I was warned if I entered politics I would be walked all over.
409,1,1,11,13,1.2307692307692308,0.16617283842071434,510,I might try Grand Central next.
409,1,1,11,13,1.2307692307692308,0.16617283842071434,510,She said I'll never know what it's like to have people walk all over me.
409,0,3,10,13,1.2307692307692308,0.12162606385262995,510,My therapist said I should find a way to meet new people.
409,1,1,11,13,1.2307692307692308,0.16617283842071434,510,I bring the trip and fall business to me.
409,0,3,10,13,1.2307692307692308,0.12162606385262995,510,It's a good way to feel the pulse of the city
409,0,3,10,13,1.2307692307692308,0.12162606385262995,510,Thank goodness the pooch used the streetlamp....
409,0,3,10,13,1.2307692307692308,0.12162606385262995,510,I guess I am going to take this lying down after all.
409,0,3,10,13,1.2307692307692308,0.12162606385262995,510,"A societal outlier indeed, and proud of it!"
409,0,3,10,13,1.2307692307692308,0.12162606385262995,510,I may have misunderstood what the 'floor monitor ' position meant!
409,0,3,10,13,1.2307692307692308,0.12162606385262995,510,They told me I'd be getting in on the ground floor.
409,1,1,11,13,1.2307692307692308,0.16617283842071434,510,"Choosing to stay in the moment, Jeffrey still had to be aware of pigeons overhead."
409,1,1,11,13,1.2307692307692308,0.16617283842071434,510,Street Twister anyone?
409,1,1,11,13,1.2307692307692308,0.16617283842071434,510,"Bob recalls a conversation with his broker about a year earlier... ""Commodities, Bob - That's where you should be, commodities! Oil can't possibly go any lower than it is now! Let's get you in on the ground floor, while you still can!"""
409,1,1,11,13,1.2307692307692308,0.16617283842071434,510,I can peer deeply into the soles of men
409,1,1,11,13,1.2307692307692308,0.16617283842071434,510,I love the feel of concrete in springtime
409,1,1,11,13,1.2307692307692308,0.16617283842071434,510,"I forgive you, I forgive you, I forgive you..."
409,1,1,11,13,1.2307692307692308,0.16617283842071434,510,Tread on me.
409,1,1,11,13,1.2307692307692308,0.16617283842071434,510,Last puddle before the office; you're good now boss!
409,1,1,11,13,1.2307692307692308,0.16617283842071434,510,"I'm not feeling at all sleepy, so could you send the REAL sheep back?"
409,0,3,10,13,1.2307692307692308,0.12162606385262995,510,In a New York state of mind.
409,1,1,11,13,1.2307692307692308,0.16617283842071434,510,I'm protesting the Supreme Court nomination....whoever it is.
409,0,3,10,13,1.2307692307692308,0.12162606385262995,510,Sometimes you've got to just stop and smell the toes.
409,0,3,10,13,1.2307692307692308,0.12162606385262995,510,I'll tell you one thing. I'll never use airbnb again.
409,1,1,11,13,1.2307692307692308,0.16617283842071434,510,This allows the drone to capture my best features.
409,0,3,10,13,1.2307692307692308,0.12162606385262995,510,"Ironically, my name is Matt."
409,0,3,10,13,1.2307692307692308,0.12162606385262995,510,Stop that man--he stole my pillow!
409,1,1,11,13,1.2307692307692308,0.16617283842071434,510,My wife complains that I take things lying down.
409,1,1,11,13,1.2307692307692308,0.16617283842071434,510,Y’ever have a day where you simply can’t be bothered to do even the teeniest goddamn thing?
409,0,3,10,13,1.2307692307692308,0.12162606385262995,510,If they're going to walk all over me I may as well take it lying down.
625,1,1,12,14,1.2142857142857142,0.15472667956405192,510,The next one in the circle has to flap his arms and twirl.
625,0,3,11,14,1.2142857142857142,0.1138039295450988,510,I think I have the floor.
625,0,3,11,14,1.2142857142857142,0.1138039295450988,510,I actually have no problem taking this lying down.
625,0,3,11,14,1.2142857142857142,0.1138039295450988,510,My doctor told me to relax between meetings
625,1,1,12,14,1.2142857142857142,0.15472667956405192,510,"Come on, think of your mother's back!"
625,1,1,12,14,1.2142857142857142,0.15472667956405192,510,Everybody's walking on me I can't hear a word they're saying...
625,1,1,12,14,1.2142857142857142,0.15472667956405192,510,I take manspreading to a whole new level.
625,1,1,12,14,1.2142857142857142,0.15472667956405192,510,Step two will be biting their ankles.
625,0,3,11,14,1.2142857142857142,0.1138039295450988,510,No one else sees a white horse?
625,1,1,12,14,1.2142857142857142,0.15472667956405192,510,I'm thinking concretely.
625,0,3,11,14,1.2142857142857142,0.1138039295450988,510,"Its my latest performance art, I call it ""Republican Obstructionism""."
636,0,2,8,10,1.2,0.13333333333333333,510,I've a feeling I'm not in Kansas anymore.
636,1,0,9,10,1.2,0.19999999999999998,510,What's the rush?
638,1,0,10,11,1.1818181818181819,0.18181818181818182,510,I'm comfortable working from the ground up
638,0,2,9,11,1.1818181818181819,0.12196734422726127,510,"Instead of just drawing a crude outline of the victims body, the detective on this case really displayed some talent."
638,0,2,9,11,1.1818181818181819,0.12196734422726127,510,One of these days these boots gonna walk all over me
638,1,0,10,11,1.1818181818181819,0.18181818181818182,510,Not a care in the world...except stilettos.
638,1,0,10,11,1.1818181818181819,0.18181818181818182,510,"Please tread lightly,"" the man murmured softly, ""this was a terrible day to have forgotten my jock strap at home."
638,0,2,9,11,1.1818181818181819,0.12196734422726127,510,"Today, Kevin decided to act out his favorite metaphor."
638,1,0,10,11,1.1818181818181819,0.18181818181818182,510,For years I stepped all over people. It's time to give something back.
638,0,2,9,11,1.1818181818181819,0.12196734422726127,510,Step on a crack and break a rib
638,0,2,9,11,1.1818181818181819,0.12196734422726127,510,I'm not gonna just trust the government to watch for asteroids.
638,0,2,9,11,1.1818181818181819,0.12196734422726127,510,Can you believe that I only paid $2 million for this spot?! I love New York.
638,0,2,9,11,1.1818181818181819,0.12196734422726127,510,Nobody's breaking their mother's back on my watch.
638,0,2,9,11,1.1818181818181819,0.12196734422726127,510,So this is how the little people see the world!
638,0,2,9,11,1.1818181818181819,0.12196734422726127,510,Unbelievable napping chutzpah!
638,0,2,9,11,1.1818181818181819,0.12196734422726127,510,I live in a perpendicular world.
652,0,2,10,12,1.1666666666666667,0.11236664374387371,510,You're the first New Yorker to notice.
652,0,2,10,12,1.1666666666666667,0.11236664374387371,510,"If you see me laying at your feet, a man in defeat, please be discreet. Walk on by."
652,1,0,11,12,1.1666666666666667,0.16666666666666669,510,"Hey, short skirts only, pal!!"
652,0,2,10,12,1.1666666666666667,0.11236664374387371,510,My therapist said to make mindfulness a part of my daily commute.
652,0,2,10,12,1.1666666666666667,0.11236664374387371,510,Get a room.
652,1,0,11,12,1.1666666666666667,0.16666666666666669,510,"Wait,did I take my Narcolepsy medication this morning?"
652,0,2,10,12,1.1666666666666667,0.11236664374387371,510,I just couldn't function without my 11:30 trampling.
652,0,2,10,12,1.1666666666666667,0.11236664374387371,510,It's called sole searching!
652,0,2,10,12,1.1666666666666667,0.11236664374387371,510,"Say, you wouldn't have a pillow handy..."
652,0,2,10,12,1.1666666666666667,0.11236664374387371,510,Counting sheep just isn't enough these days
652,0,2,10,12,1.1666666666666667,0.11236664374387371,510,My fitness app crashed.
652,0,2,10,12,1.1666666666666667,0.11236664374387371,510,I'm just a speed-bump on the sidewalk of life.
652,0,2,10,12,1.1666666666666667,0.11236664374387371,510,"Go ahead, my wife does it all the time."
652,0,2,10,12,1.1666666666666667,0.11236664374387371,510,Now I know why the room rate was so cheap.
652,0,2,10,12,1.1666666666666667,0.11236664374387371,510,Thank God for wrinkle-free fabric.
652,0,2,10,12,1.1666666666666667,0.11236664374387371,510,Last time I demand an office with a view.
652,0,2,10,12,1.1666666666666667,0.11236664374387371,510,It's a Zeno's paradox fetish.
652,0,2,10,12,1.1666666666666667,0.11236664374387371,510,I am trying to find myself.
652,0,2,10,12,1.1666666666666667,0.11236664374387371,510,"My psychologist says I let everybody walk all over me, but really most people make the effort to jump over."
652,1,0,11,12,1.1666666666666667,0.16666666666666669,510,"I’m a corporate yogi. Perfected my savasana for any time, any place and anywhere."
652,0,2,10,12,1.1666666666666667,0.11236664374387371,510,"Before eminent domain, this is where my couch was."
652,0,2,10,12,1.1666666666666667,0.11236664374387371,510,I stepped on a crack.
652,0,2,10,12,1.1666666666666667,0.11236664374387371,510,I must stop dreaming of New York.
652,0,2,10,12,1.1666666666666667,0.11236664374387371,510,Note to self: stop acting like a doormat.
652,0,2,10,12,1.1666666666666667,0.11236664374387371,510,Sometimes I feel totally invisible
652,0,2,10,12,1.1666666666666667,0.11236664374387371,510,"My wife said I was lying around the house too much, so I decided to go somewhere else."
652,0,2,10,12,1.1666666666666667,0.11236664374387371,510,I represent the homeless.
652,0,2,10,12,1.1666666666666667,0.11236664374387371,510,"Ahhh, cheapest massage in Manhattan."
652,0,2,10,12,1.1666666666666667,0.11236664374387371,510,Dante's 8th Circle for Fraudulent Shoe Salesmen.
652,0,2,10,12,1.1666666666666667,0.11236664374387371,510,I could've done without the dog.
652,0,2,10,12,1.1666666666666667,0.11236664374387371,510,"Watch your step, I'm ticklish!"
652,0,2,10,12,1.1666666666666667,0.11236664374387371,510,Performance art meets NYC commuters.
652,0,2,10,12,1.1666666666666667,0.11236664374387371,510,"And that cloud looks like an enormous, angry face...."
652,0,2,10,12,1.1666666666666667,0.11236664374387371,510,My therapist recommended I get a new perspective.
652,0,2,10,12,1.1666666666666667,0.11236664374387371,510,This is going to be one of those days when everyone just walks all over me.
652,0,2,10,12,1.1666666666666667,0.11236664374387371,510,So this is what Grandma meant by tripping the light fantastic.
652,0,2,10,12,1.1666666666666667,0.11236664374387371,510,In training to become a speed bump.
652,0,2,10,12,1.1666666666666667,0.11236664374387371,510,"What's more repulsive? Dog poop, gum, or a car salesman?"
652,0,2,10,12,1.1666666666666667,0.11236664374387371,510,"I'm no different than the rest of you, just more comfortable."
652,0,2,10,12,1.1666666666666667,0.11236664374387371,510,"Relax buddy, I'm wearing a cup."
652,0,2,10,12,1.1666666666666667,0.11236664374387371,510,Here live the denizens of the concrete jungle.
652,0,2,10,12,1.1666666666666667,0.11236664374387371,510,"The ultimate deep tissue massage, just steps from the office."
652,0,2,10,12,1.1666666666666667,0.11236664374387371,510,It's not the city that never naps.
652,0,2,10,12,1.1666666666666667,0.11236664374387371,510,So this is group therapy?
652,0,2,10,12,1.1666666666666667,0.11236664374387371,510,Does anyone have a pillow?
652,0,2,10,12,1.1666666666666667,0.11236664374387371,510,"Frankly, you should be happy we live in a country where I can do this."
652,0,2,10,12,1.1666666666666667,0.11236664374387371,510,Staycation is really over-rated.
652,0,2,10,12,1.1666666666666667,0.11236664374387371,510,Watching clouds float by is supposed to be relaxing.
652,1,0,11,12,1.1666666666666667,0.16666666666666669,510,The Airbnb posting did promise a lot of natural light.
652,0,2,10,12,1.1666666666666667,0.11236664374387371,510,They hired me to get the ground floor perspective.
652,1,0,11,12,1.1666666666666667,0.16666666666666669,510,My wife says I let people walk all over me. Maybe she's right.
652,0,2,10,12,1.1666666666666667,0.11236664374387371,510,I just love to people watch.
652,0,2,10,12,1.1666666666666667,0.11236664374387371,510,I'd like to talk to you about increasing your personal liability insurance.
652,1,0,11,12,1.1666666666666667,0.16666666666666669,510,Hawaii is a state of mind.
652,0,2,10,12,1.1666666666666667,0.11236664374387371,510,The corporate ladder has failed me.
652,1,0,11,12,1.1666666666666667,0.16666666666666669,510,But reverse planking has a much better view.
652,0,2,10,12,1.1666666666666667,0.11236664374387371,510,Careful there. Careful. New tie.
652,0,2,10,12,1.1666666666666667,0.11236664374387371,510,Don't block the box.
652,0,2,10,12,1.1666666666666667,0.11236664374387371,510,Stargazing is more challenging during the day.
652,0,2,10,12,1.1666666666666667,0.11236664374387371,510,This is how we caucus.
652,1,0,11,12,1.1666666666666667,0.16666666666666669,510,David gave up texting-while-walking for Lent and needed a new way to disrupt sidewalkers.
652,0,2,10,12,1.1666666666666667,0.11236664374387371,510,The rat race is over. I won.
652,0,2,10,12,1.1666666666666667,0.11236664374387371,510,"You know, they used to call me Flat Stanley!"
652,0,2,10,12,1.1666666666666667,0.11236664374387371,510,"In my life, there's no difference between going to the office or staying home."
652,0,2,10,12,1.1666666666666667,0.11236664374387371,510,Oh boy! Here comes a skirt!
652,0,2,10,12,1.1666666666666667,0.11236664374387371,510,"Thank you for stepping over me, thank you for ........"
652,1,0,11,12,1.1666666666666667,0.16666666666666669,510,"My life is such a mess... by lying down in a crowded room, people can see how stressed out I am these days."
652,0,2,10,12,1.1666666666666667,0.11236664374387371,510,My autopiloted car is stuck in traffic.
652,0,2,10,12,1.1666666666666667,0.11236664374387371,510,Heavy sits the crown.....
652,0,2,10,12,1.1666666666666667,0.11236664374387371,510,I told my therapist that I was not going to let people push me around anymore.
652,1,0,11,12,1.1666666666666667,0.16666666666666669,510,"""That's one large leap for mankind."" Submitted by Douglas Monaghan, Floral Park, NY"
652,0,2,10,12,1.1666666666666667,0.11236664374387371,510,I'm collecting for narcolepsy research.
652,0,2,10,12,1.1666666666666667,0.11236664374387371,510,I know...I just let people walk all over me.
652,0,2,10,12,1.1666666666666667,0.11236664374387371,510,That cloud looks like a flower
652,0,2,10,12,1.1666666666666667,0.11236664374387371,510,"My shrink says I have low self-esteem, but sometimes a nap is just a nap."
652,0,2,10,12,1.1666666666666667,0.11236664374387371,510,My wife says I let people walk all over me.
652,1,0,11,12,1.1666666666666667,0.16666666666666669,510,The crazy part is I'm not even tired.
652,0,2,10,12,1.1666666666666667,0.11236664374387371,510,I'm doing research for 'views from a doormat'.
652,0,2,10,12,1.1666666666666667,0.11236664374387371,510,"If you can get walked on here, you can get walked on anywhere."
652,0,2,10,12,1.1666666666666667,0.11236664374387371,510,"Wall Street? No, this is Fall Street."
652,1,0,11,12,1.1666666666666667,0.16666666666666669,510,You wouldn't believe how many ladies don't wear underwear.
652,0,2,10,12,1.1666666666666667,0.11236664374387371,510,I don't understand why my wife says I let people walk all over me...
652,0,2,10,12,1.1666666666666667,0.11236664374387371,510,We take our obstructionism very seriously.
652,0,2,10,12,1.1666666666666667,0.11236664374387371,510,"So I said, ""Ted, I'm not gonna take this lying down,"" but then I thought what the heck."
652,0,2,10,12,1.1666666666666667,0.11236664374387371,510,Oh how I long for the days of short skirts and long stilettos.
652,0,2,10,12,1.1666666666666667,0.11236664374387371,510,I won't stand for it.
652,0,2,10,12,1.1666666666666667,0.11236664374387371,510,I don't understand why people walk all over me.
652,1,0,11,12,1.1666666666666667,0.16666666666666669,510,Sorry. I overshlept today.
652,0,2,10,12,1.1666666666666667,0.11236664374387371,510,How about one of those little toe-tickles like yesterday?
652,0,2,10,12,1.1666666666666667,0.11236664374387371,510,This is just a trust building exercise.
652,0,2,10,12,1.1666666666666667,0.11236664374387371,510,Sometimes you just have to stop and smell the toeses...
652,0,2,10,12,1.1666666666666667,0.11236664374387371,510,The layoffs affected Carl a little differently.
652,0,2,10,12,1.1666666666666667,0.11236664374387371,510,"Ah, New York!"
652,0,2,10,12,1.1666666666666667,0.11236664374387371,510,I remember when I used to go to work.
652,1,0,11,12,1.1666666666666667,0.16666666666666669,510,Finally--a concrete alternative to the rat race!
652,0,2,10,12,1.1666666666666667,0.11236664374387371,510,"I'll be across the street tomorrow; alternate side rules, y'know ...."
652,0,2,10,12,1.1666666666666667,0.11236664374387371,510,My astrologer thinks I need to be more grounded
652,0,2,10,12,1.1666666666666667,0.11236664374387371,510,I'm gaining a new perspective.
652,0,2,10,12,1.1666666666666667,0.11236664374387371,510,I'm rebranding myself to be a steppingstone to success.
652,0,2,10,12,1.1666666666666667,0.11236664374387371,510,They really will walk all over you if you let them!
652,0,2,10,12,1.1666666666666667,0.11236664374387371,510,It's only a walk-on role.
652,0,2,10,12,1.1666666666666667,0.11236664374387371,510,Must be your New York values.
652,1,0,11,12,1.1666666666666667,0.16666666666666669,510,I'm a middle of the roader.
652,0,2,10,12,1.1666666666666667,0.11236664374387371,510,"Street theater performance of 'Death of a Salesman"""
652,0,2,10,12,1.1666666666666667,0.11236664374387371,510,"That's right, just make believe you don't see me."
652,0,2,10,12,1.1666666666666667,0.11236664374387371,510,"Instead of a ""walk on the wild side,"" I'm taking a ""while on the sidewalk."""
652,0,2,10,12,1.1666666666666667,0.11236664374387371,510,Here we go again. Jerks interrupting my nap.
652,0,2,10,12,1.1666666666666667,0.11236664374387371,510,They say a staycation can be just as relaxing as a week at the shore.
652,0,2,10,12,1.1666666666666667,0.11236664374387371,510,"These two dimensional street artist drawings seem so real, I actually stepped over it~!"
652,0,2,10,12,1.1666666666666667,0.11236664374387371,510,"I'm street art, and would you like to purchase life insurance?"
652,1,0,11,12,1.1666666666666667,0.16666666666666669,510,"Excuse me, can you tell me where M.C. Escher's office is?"
652,1,0,11,12,1.1666666666666667,0.16666666666666669,510,"For a sidewalk superintendent, lying down if part of the job."
652,0,2,10,12,1.1666666666666667,0.11236664374387371,510,Things are finally looking up for me.
652,0,2,10,12,1.1666666666666667,0.11236664374387371,510,I really expected an out of body experience to be much better than this.
652,1,0,11,12,1.1666666666666667,0.16666666666666669,510,""" If you can keep your head when all about you Are losing theirs and blaming it on you,"" ...."
652,0,2,10,12,1.1666666666666667,0.11236664374387371,510,Anyone spare a pillow?
652,1,0,11,12,1.1666666666666667,0.16666666666666669,510,Looks like a textbook candidate for cognitive therapy.
652,0,2,10,12,1.1666666666666667,0.11236664374387371,510,These folks are definitely NOT from Colorado.
652,0,2,10,12,1.1666666666666667,0.11236664374387371,510,Hey. It's more fun than watching the Super Bowl.
652,1,0,11,12,1.1666666666666667,0.16666666666666669,510,"Today, I'm feeling wrinkle free."
652,0,2,10,12,1.1666666666666667,0.11236664374387371,510,"""Sure enough, things are looking up.?"
652,0,2,10,12,1.1666666666666667,0.11236664374387371,510,This is the life! I'm never going back to work at that beach again.
652,0,2,10,12,1.1666666666666667,0.11236664374387371,510,Steven's sidewalk yoga quickly caught on in the neighborhood.
652,0,2,10,12,1.1666666666666667,0.11236664374387371,510,"Sometimes, I feel as though people treat me like a doormat."
652,1,0,11,12,1.1666666666666667,0.16666666666666669,510,Hop Scotchman
652,0,2,10,12,1.1666666666666667,0.11236664374387371,510,who said the city never sleeps?
652,0,2,10,12,1.1666666666666667,0.11236664374387371,510,He's sole searching.
652,0,2,10,12,1.1666666666666667,0.11236664374387371,510,I guess I had more romantic notions of a ground floor opportunity.
652,0,2,10,12,1.1666666666666667,0.11236664374387371,510,And that cloud looks like a bunny!
652,0,2,10,12,1.1666666666666667,0.11236664374387371,510,This is my impression of Jeb Bush.
652,0,2,10,12,1.1666666666666667,0.11236664374387371,510,I did not pick the best place to do my sit-ups.
652,0,2,10,12,1.1666666666666667,0.11236664374387371,510,At least it's rent controlled.
652,0,2,10,12,1.1666666666666667,0.11236664374387371,510,I use to be a stand up guy.
652,1,0,11,12,1.1666666666666667,0.16666666666666669,510,Ed 's hypnotist is particularly effective.
652,1,0,11,12,1.1666666666666667,0.16666666666666669,510,Quick: This man requires an immediate Heimlich Maneuver !
652,0,2,10,12,1.1666666666666667,0.11236664374387371,510,I've always depended on the apathy of strangers.
652,0,2,10,12,1.1666666666666667,0.11236664374387371,510,I'm in training to be Head Corporate Doormat.
652,0,2,10,12,1.1666666666666667,0.11236664374387371,510,I'm protesting in support of the flat tax.
652,0,2,10,12,1.1666666666666667,0.11236664374387371,510,So it's true what they say about New Yorkers.
652,1,0,11,12,1.1666666666666667,0.16666666666666669,510,I'm beginning to think that the assertiveness training exercises didn't work.
652,0,2,10,12,1.1666666666666667,0.11236664374387371,510,"Golden parachute, indeed."
652,0,2,10,12,1.1666666666666667,0.11236664374387371,510,Okay. Tread on me.
652,1,0,11,12,1.1666666666666667,0.16666666666666669,510,"I look straight, but my orientation has always been a flat out lie."
652,0,2,10,12,1.1666666666666667,0.11236664374387371,510,Don't mind me. Just trying to be irrelevant.
652,0,2,10,12,1.1666666666666667,0.11236664374387371,510,Stress Yoga
652,0,2,10,12,1.1666666666666667,0.11236664374387371,510,Keeping a low profile . . . .
652,1,0,11,12,1.1666666666666667,0.16666666666666669,510,Look...a blimp!
652,0,2,10,12,1.1666666666666667,0.11236664374387371,510,When did sidewalk art become so lifelike?
652,0,2,10,12,1.1666666666666667,0.11236664374387371,510,Now I get why they call it a manhole cover.
652,1,0,11,12,1.1666666666666667,0.16666666666666669,510,"Banker at Rest, street art circa 2008."
652,1,0,11,12,1.1666666666666667,0.16666666666666669,510,Just counting sheep...
652,0,2,10,12,1.1666666666666667,0.11236664374387371,510,"Calvin regretted clicking on the link that promised ""These DIY Massage Hacks Will Save You Time, Money and Stress."""
652,1,0,11,12,1.1666666666666667,0.16666666666666669,510,This protest is not going well.
652,1,0,11,12,1.1666666666666667,0.16666666666666669,510,"You see, THIS is 'literally' letting people walk all over me."
652,0,2,10,12,1.1666666666666667,0.11236664374387371,510,I think you ought to know I'm feeling very depressed
652,0,2,10,12,1.1666666666666667,0.11236664374387371,510,"New York, New York, it's a wonderful town...."
652,0,2,10,12,1.1666666666666667,0.11236664374387371,510,I'm Watching Your Step.
652,0,2,10,12,1.1666666666666667,0.11236664374387371,510,That cloud looks like a guy stepping over me.
652,1,0,11,12,1.1666666666666667,0.16666666666666669,510,Method Acting for the Law and Order Victim
652,0,2,10,12,1.1666666666666667,0.11236664374387371,510,"Yo! Now, who is the king of passive aggression?"
652,0,2,10,12,1.1666666666666667,0.11236664374387371,510,Concrete is man-made.
652,0,2,10,12,1.1666666666666667,0.11236664374387371,510,Wrinkle resistant test kitchen
652,1,0,11,12,1.1666666666666667,0.16666666666666669,510,I kind of like being stepped on its just like work.
652,1,0,11,12,1.1666666666666667,0.16666666666666669,510,You could use a spring in your step
652,1,0,11,12,1.1666666666666667,0.16666666666666669,510,"When life gives you hurdles, become the hurdle."
652,1,0,11,12,1.1666666666666667,0.16666666666666669,510,Here's proof that people look down their nose at me.
652,0,2,10,12,1.1666666666666667,0.11236664374387371,510,I'm out here saving soles.
652,1,0,11,12,1.1666666666666667,0.16666666666666669,510,Cinderella dressed in yella...
652,0,2,10,12,1.1666666666666667,0.11236664374387371,510,Herbert always did enjoy being the center of attention.
652,0,2,10,12,1.1666666666666667,0.11236664374387371,510,"I hate to be a bother, but do any of you know CPR?"
652,0,2,10,12,1.1666666666666667,0.11236664374387371,510,Someone call life alert.
652,1,0,11,12,1.1666666666666667,0.16666666666666669,510,Looks like he found the right 12-step program.
652,1,0,11,12,1.1666666666666667,0.16666666666666669,510,"Step on a crack, break your broker's back."
652,0,2,10,12,1.1666666666666667,0.11236664374387371,510,"I mean, the egg had to come first, right? Where else would the chicken come from? I suppose there could be a chicken floating around space somewhere but then were did THEY come from...?"
652,0,2,10,12,1.1666666666666667,0.11236664374387371,510,"And there you have it, folks - urban empathy - from your man on the street...."
652,0,2,10,12,1.1666666666666667,0.11236664374387371,510,"Sure, it hurts my front, but it's great for my back."
652,0,2,10,12,1.1666666666666667,0.11236664374387371,510,"Care to voice an opinion to ""your man on the street?"""
652,0,2,10,12,1.1666666666666667,0.11236664374387371,510,Tan lines won't be a problem.
652,0,2,10,12,1.1666666666666667,0.11236664374387371,510,Watch my junk!
652,1,0,11,12,1.1666666666666667,0.16666666666666669,510,Don't mind me. I'm on paternity leave.
652,0,2,10,12,1.1666666666666667,0.11236664374387371,510,Jim is anticipating that one step.
652,0,2,10,12,1.1666666666666667,0.11236664374387371,510,I'm okay – just getting some Swedish massage for free.
652,0,2,10,12,1.1666666666666667,0.11236664374387371,510,Things are finally looking up!
652,0,2,10,12,1.1666666666666667,0.11236664374387371,510,I can lay in the middle of 5th Avenue and I wouldn't lose voters!
652,0,2,10,12,1.1666666666666667,0.11236664374387371,510,"Hey, I'm cloud-watching, here!"
652,1,0,11,12,1.1666666666666667,0.16666666666666669,510,Ahh to be a doormat for a day...
652,1,0,11,12,1.1666666666666667,0.16666666666666669,510,"GO AHEAD,EVERYBODY ELSE DOES."
652,0,2,10,12,1.1666666666666667,0.11236664374387371,510,"I do it to myself, I do. And that's what really hurts"
652,1,0,11,12,1.1666666666666667,0.16666666666666669,510,I'll show her avoidance behavior.
652,0,2,10,12,1.1666666666666667,0.11236664374387371,510,Guess I didn't have to be embarrassed about falling down.
652,0,2,10,12,1.1666666666666667,0.11236664374387371,510,"Life moves pretty fast. If you don't stop and look around once in a while, you could miss it."
652,0,2,10,12,1.1666666666666667,0.11236664374387371,510,When you wish upon a star.......
652,0,2,10,12,1.1666666666666667,0.11236664374387371,510,This wasn't supposed to happen with my new power tie.
652,0,2,10,12,1.1666666666666667,0.11236664374387371,510,Pedestrian down! Pedestrian down!
652,0,2,10,12,1.1666666666666667,0.11236664374387371,510,"OK, I am ready for my man-on-the-street interview."
652,1,0,11,12,1.1666666666666667,0.16666666666666669,510,I lost my day planner.
652,0,2,10,12,1.1666666666666667,0.11236664374387371,510,"I""ve often wondered what this would be like. And now I wonder why I wondered."
652,0,2,10,12,1.1666666666666667,0.11236664374387371,510,I can sleep anywhere. It's the getting to sleep that is the tough bit.
652,0,2,10,12,1.1666666666666667,0.11236664374387371,510,I'm waiting for Nancy Sinatra.
652,0,2,10,12,1.1666666666666667,0.11236664374387371,510,"Careful, I've got a hernia"
652,0,2,10,12,1.1666666666666667,0.11236664374387371,510,"Step on a crack, break my back."
652,0,2,10,12,1.1666666666666667,0.11236664374387371,510,I'm pulling together some concrete plans.
652,1,0,11,12,1.1666666666666667,0.16666666666666669,510,I don't understand it. How can you ever get sick of this?
652,0,2,10,12,1.1666666666666667,0.11236664374387371,510,I was told to check my privilege!
652,0,2,10,12,1.1666666666666667,0.11236664374387371,510,My shrink said this would help me understand income inequality.
652,0,2,10,12,1.1666666666666667,0.11236664374387371,510,"If you’re coming back this way, mind grabbing me a hot dog?"
652,0,2,10,12,1.1666666666666667,0.11236664374387371,510,My therapist should have been here by now.
652,0,2,10,12,1.1666666666666667,0.11236664374387371,510,I feel I'm at a crossroads.
652,0,2,10,12,1.1666666666666667,0.11236664374387371,510,This is Park Avenue right?
652,1,0,11,12,1.1666666666666667,0.16666666666666669,510,"God, is there any way I can get recruited as a walk-on?"
652,0,2,10,12,1.1666666666666667,0.11236664374387371,510,You may be wondering why I've asked you all here today.
652,1,0,11,12,1.1666666666666667,0.16666666666666669,510,"Keep moving, people. It's crunch time!"
652,0,2,10,12,1.1666666666666667,0.11236664374387371,510,Tell Mankoff I'm still thinking
652,0,2,10,12,1.1666666666666667,0.11236664374387371,510,Don't mind me. I'm just a chalk illusion.
652,0,2,10,12,1.1666666666666667,0.11236664374387371,510,My chiropractor is booked for the week.
652,0,2,10,12,1.1666666666666667,0.11236664374387371,510,Typical Bankers or Banksy?
652,0,2,10,12,1.1666666666666667,0.11236664374387371,510,"People walk all over me, but I just keep looking up!"
652,0,2,10,12,1.1666666666666667,0.11236664374387371,510,Not so sure this beats counting sheep.
652,1,0,11,12,1.1666666666666667,0.16666666666666669,510,"Jack be nimble, Jack be quick , Jack jump over the Wall Street dick."
652,0,2,10,12,1.1666666666666667,0.11236664374387371,510,"When a rich man walks on people, that is not news. When people walk on a rich man, that is news."
652,1,0,11,12,1.1666666666666667,0.16666666666666669,510,"“Well, I may be a son of a bitch, but I’m LYING down, not laying.” [I would underline, bold face or italicize instead of all caps, but can't do any of them in this format.]"
652,0,2,10,12,1.1666666666666667,0.11236664374387371,510,'I'm thinking about changing therapists.'
652,0,2,10,12,1.1666666666666667,0.11236664374387371,510,It's number 47 on my Bucket list.
652,0,2,10,12,1.1666666666666667,0.11236664374387371,510,That's OK. Ignore the fact that I just fell out of a second floor window. I'm sure you all have important places to go and important places to be.
652,0,2,10,12,1.1666666666666667,0.11236664374387371,510,Do you ever feel like you let people just walk all over you.
652,0,2,10,12,1.1666666666666667,0.11236664374387371,510,"Watch your step, mind the gap"
652,0,2,10,12,1.1666666666666667,0.11236664374387371,510,At least it's an easy commute.
652,0,2,10,12,1.1666666666666667,0.11236664374387371,510,"That's okay, I'm used to people walking all over me."
652,1,0,11,12,1.1666666666666667,0.16666666666666669,510,"So, when does the meditation part of this class start ?"
652,1,0,11,12,1.1666666666666667,0.16666666666666669,510,Directly above us is a cloud shaped like a duck and that must be acknowledged and appreciated by someone.
652,0,2,10,12,1.1666666666666667,0.11236664374387371,510,"It's better in summer, with the shorter skirts."
652,0,2,10,12,1.1666666666666667,0.11236664374387371,510,Sometimes it's good to get a fresh perspective.
652,1,0,11,12,1.1666666666666667,0.16666666666666669,510,"IKEA's SIDEWÄLKSENG bed...best part, no assembly required."
652,0,2,10,12,1.1666666666666667,0.11236664374387371,510,"The ""occupy"" movement loses steam."
652,0,2,10,12,1.1666666666666667,0.11236664374387371,510,"Honestly, what the hell."
652,0,2,10,12,1.1666666666666667,0.11236664374387371,510,"Not my best airbnb stay, but also not my worst."
652,0,2,10,12,1.1666666666666667,0.11236664374387371,510,I took the afternoon off.
652,1,0,11,12,1.1666666666666667,0.16666666666666669,510,"Man, the gutter was way less stressful."
652,0,2,10,12,1.1666666666666667,0.11236664374387371,510,"Ugh! Another ripped seam! Holey soles, frayed hems, open flies - the underside of the city is not a pretty sight."
652,1,0,11,12,1.1666666666666667,0.16666666666666669,510,"Step on my tie, poke your mother's eye!"
652,0,2,10,12,1.1666666666666667,0.11236664374387371,510,It's all about knowing how to relax.
652,0,2,10,12,1.1666666666666667,0.11236664374387371,510,Welcome to middle management....
652,0,2,10,12,1.1666666666666667,0.11236664374387371,510,"It's OK. I've been down so long, it looks like up to me."
652,0,2,10,12,1.1666666666666667,0.11236664374387371,510,Caution! Man at Work!
652,0,2,10,12,1.1666666666666667,0.11236664374387371,510,Lying down on the job is my job description.
652,0,2,10,12,1.1666666666666667,0.11236664374387371,510,"Hay, you're blocking my sun!"
652,0,2,10,12,1.1666666666666667,0.11236664374387371,510,It's the opposite of CrossFit.
652,0,2,10,12,1.1666666666666667,0.11236664374387371,510,"Nice guy, but he lets people walk all over him"
652,1,0,11,12,1.1666666666666667,0.16666666666666669,510,"Well, at least I'm in the New Yorker."
652,0,2,10,12,1.1666666666666667,0.11236664374387371,510,"No I don't need any help, I'm fine just as I am!"
652,0,2,10,12,1.1666666666666667,0.11236664374387371,510,Sometimes I just like to lie back and watch the world go by.
652,0,2,10,12,1.1666666666666667,0.11236664374387371,510,"Retire, turn on, tune in, drop out."
652,0,2,10,12,1.1666666666666667,0.11236664374387371,510,"'I'm thinking about getting married."""
652,0,2,10,12,1.1666666666666667,0.11236664374387371,510,It gives me a whole new perspective on being down.
652,0,2,10,12,1.1666666666666667,0.11236664374387371,510,"I don""t mind letting people walk all over me, but it upsets my psychiatrist."
652,1,0,11,12,1.1666666666666667,0.16666666666666669,510,Some point of views are just dirty
652,0,2,10,12,1.1666666666666667,0.11236664374387371,510,"""My blood pressure medication did say 'Lie down immediately after taking' ""."
652,0,2,10,12,1.1666666666666667,0.11236664374387371,510,Siesta time in Scranton
652,0,2,10,12,1.1666666666666667,0.11236664374387371,510,Dave added himself to the Walk of Fame.
652,1,0,11,12,1.1666666666666667,0.16666666666666669,510,Sometimes I wish my career wasn't so pedestrian.
652,0,2,10,12,1.1666666666666667,0.11236664374387371,510,I'm protesting protesters!
652,1,0,11,12,1.1666666666666667,0.16666666666666669,510,"I, like you, was once in a hurry."
652,0,2,10,12,1.1666666666666667,0.11236664374387371,510,Please excuse my eminent domain request.
652,0,2,10,12,1.1666666666666667,0.11236664374387371,510,Counting sheeple always helps me fall asleep.
652,0,2,10,12,1.1666666666666667,0.11236664374387371,510,I AM going to take this lying down!
652,1,0,11,12,1.1666666666666667,0.16666666666666669,510,"Yes, it's a 12 step program and stay off the cracks."
652,1,0,11,12,1.1666666666666667,0.16666666666666669,510,It's the latest rage in New Delhi!
652,0,2,10,12,1.1666666666666667,0.11236664374387371,510,Results of test: City folks do not like to get involved.
652,1,0,11,12,1.1666666666666667,0.16666666666666669,510,The weird part is that I made it 43 years WITHOUT stepping on a crack .
652,0,2,10,12,1.1666666666666667,0.11236664374387371,510,Did you ever notice how helpful New Yorkers are?
652,0,2,10,12,1.1666666666666667,0.11236664374387371,510,Well I'll show them. I'm gonna take this lying down!
652,0,2,10,12,1.1666666666666667,0.11236664374387371,510,And here I thought the landing would be hell.
652,0,2,10,12,1.1666666666666667,0.11236664374387371,510,Did you ever think the world was passing you by?
652,1,0,11,12,1.1666666666666667,0.16666666666666669,510,"Little do they know, there's a grenade in my pocket."
652,1,0,11,12,1.1666666666666667,0.16666666666666669,510,My ex-wife suggested this crowd-sourced massage idea.
652,0,2,10,12,1.1666666666666667,0.11236664374387371,510,I just LOVE New York City.
652,0,2,10,12,1.1666666666666667,0.11236664374387371,510,"Hi Folks, welcome to our latest 'Cups of Steel' infomercial ... today we're in downtown Manhattan just sort of hanging out."
652,0,2,10,12,1.1666666666666667,0.11236664374387371,510,Don't criticize lying down on the job until you've tried it.
652,1,0,11,12,1.1666666666666667,0.16666666666666669,510,"That settles it! Next time, no AirBnB!"
652,0,2,10,12,1.1666666666666667,0.11236664374387371,510,This cartoon is for the drones.
652,1,0,11,12,1.1666666666666667,0.16666666666666669,510,"It's just like spending time with my wife, except that I get to see many more shoes."
652,1,0,11,12,1.1666666666666667,0.16666666666666669,510,This is a rather painful perspective!
652,1,0,11,12,1.1666666666666667,0.16666666666666669,510,I just love the attention
652,0,2,10,12,1.1666666666666667,0.11236664374387371,510,You want ground game? I'll give you ground game.
652,1,0,11,12,1.1666666666666667,0.16666666666666669,510,Don't mind me. Just trying to blend in.
652,0,2,10,12,1.1666666666666667,0.11236664374387371,510,The Forensic Unit is bringing chalk.
652,0,2,10,12,1.1666666666666667,0.11236664374387371,510,"Two more minutes, and I'll be as good as new."
652,0,2,10,12,1.1666666666666667,0.11236664374387371,510,"Yes, as a matter of fact, I do own this sidewalk."
652,1,0,11,12,1.1666666666666667,0.16666666666666669,510,Escher at rest.
652,1,0,11,12,1.1666666666666667,0.16666666666666669,510,...down on Main Street...
652,0,2,10,12,1.1666666666666667,0.11236664374387371,510,My therapist says that I shouldn't allow people to walk all over me.
652,0,2,10,12,1.1666666666666667,0.11236664374387371,510,This mindful meditation thing just isn't really working for me.
652,1,0,11,12,1.1666666666666667,0.16666666666666669,510,... and that one looks like a bunny rabbit...
652,0,2,10,12,1.1666666666666667,0.11236664374387371,510,"It is said, The secret of getting ahead is getting started."
652,1,0,11,12,1.1666666666666667,0.16666666666666669,510,Repent for the kingdom of clod is near.
652,0,2,10,12,1.1666666666666667,0.11236664374387371,510,Who wants to tuck me in?
652,0,2,10,12,1.1666666666666667,0.11236664374387371,510,I just wish I remembered to wear a cup.
652,0,2,10,12,1.1666666666666667,0.11236664374387371,510,"Tired of counting sheep, Fred tries something new..."
652,0,2,10,12,1.1666666666666667,0.11236664374387371,510,New York City CPR
652,0,2,10,12,1.1666666666666667,0.11236664374387371,510,"Brother, can you spare a Bitcoin?"
652,0,2,10,12,1.1666666666666667,0.11236664374387371,510,"""Like a bridge over troubled water, I will lay me down""."
652,0,2,10,12,1.1666666666666667,0.11236664374387371,510,So this is what it feels like to be the Constitution of the United States. . . .
652,0,2,10,12,1.1666666666666667,0.11236664374387371,510,Good form and elevation—eight-point-five.
652,1,0,11,12,1.1666666666666667,0.16666666666666669,510,"Okay, who stood on the crack?"
652,0,2,10,12,1.1666666666666667,0.11236664374387371,510,"And then I stopped and thought, well, why SHOULDN'T I take this lying down?"
652,0,2,10,12,1.1666666666666667,0.11236664374387371,510,All the park benches were taken.
652,1,0,11,12,1.1666666666666667,0.16666666666666669,510,"What part of ""staycation"" don't you get?"
652,1,0,11,12,1.1666666666666667,0.16666666666666669,510,Finally...shavasana time
652,0,2,10,12,1.1666666666666667,0.11236664374387371,510,Rosebud!
652,0,2,10,12,1.1666666666666667,0.11236664374387371,510,I've looked at crowds from both sides now.
652,0,2,10,12,1.1666666666666667,0.11236664374387371,510,"So I said to her: ""Who needs to pay for a fancy massage therapist?"""
652,1,0,11,12,1.1666666666666667,0.16666666666666669,510,"Step on me, and I'll squeak for you."
652,0,2,10,12,1.1666666666666667,0.11236664374387371,510,"I'm telling you guys, you're gonna wish you joined my cult when you had the chance!"
652,0,2,10,12,1.1666666666666667,0.11236664374387371,510,I prefer to judge a man when I can see up his nostrils.
652,0,2,10,12,1.1666666666666667,0.11236664374387371,510,I just won a big contract and decided to celebrate like a tennis star.
652,1,0,11,12,1.1666666666666667,0.16666666666666669,510,"Mom,I hope you can hear me up there. Most people WOULD rather walk over something than pick it up."
652,0,2,10,12,1.1666666666666667,0.11236664374387371,510,My vacation starts right now
652,0,2,10,12,1.1666666666666667,0.11236664374387371,510,"The last four words I remember were my boss saying ,""You're fired"" and someone else announcing, ""Last call""."
652,1,0,11,12,1.1666666666666667,0.16666666666666669,510,The cop just went back to get his chalk.
652,0,2,10,12,1.1666666666666667,0.11236664374387371,510,It's a working vacation.
652,0,2,10,12,1.1666666666666667,0.11236664374387371,510,It's performance art. I'm portraying the Bill of Rights in a Trump administration.
652,1,0,11,12,1.1666666666666667,0.16666666666666669,510,"Don't mind me, I'm just a sidewalk painting"
652,0,2,10,12,1.1666666666666667,0.11236664374387371,510,Wipe Your Feet…
652,0,2,10,12,1.1666666666666667,0.11236664374387371,510,My wife always says that I let people walk all over me.
652,0,2,10,12,1.1666666666666667,0.11236664374387371,510,Let's be careful with the tie.
652,0,2,10,12,1.1666666666666667,0.11236664374387371,510,"It's nice to be walked all over by strangers, for a change."
652,1,0,11,12,1.1666666666666667,0.16666666666666669,510,John found being the bump in the road uniquely satisfying.
652,0,2,10,12,1.1666666666666667,0.11236664374387371,510,Saturday on the Sidewalk With George.
652,0,2,10,12,1.1666666666666667,0.11236664374387371,510,Hmmm. I got off and the world didn't stop. Go figure.
652,0,2,10,12,1.1666666666666667,0.11236664374387371,510,"A little lower and to the left, please. That's where the itch is."
652,0,2,10,12,1.1666666666666667,0.11236664374387371,510,"Well, I did say that I wanted to pave the way for others in the firm."
652,0,2,10,12,1.1666666666666667,0.11236664374387371,510,I'm in training for getting married next week
652,0,2,10,12,1.1666666666666667,0.11236664374387371,510,I'd be lying if I said this was comfortable
652,1,0,11,12,1.1666666666666667,0.16666666666666669,510,"Leaving the Executive Team baffled, Walk-on-Management Day turned out to be a raving success."
652,0,2,10,12,1.1666666666666667,0.11236664374387371,510,It's cheaper than a massage.
652,0,2,10,12,1.1666666666666667,0.11236664374387371,510,I'm just your average man on the street.
652,0,2,10,12,1.1666666666666667,0.11236664374387371,510,"And then he said, ""You can't let people walk over you like that."""
652,0,2,10,12,1.1666666666666667,0.11236664374387371,510,Clouds sure look different when you're an adult.
652,0,2,10,12,1.1666666666666667,0.11236664374387371,510,I enjoy making eye contact.
652,0,2,10,12,1.1666666666666667,0.11236664374387371,510,I come from a long line of layabouts.
652,1,0,11,12,1.1666666666666667,0.16666666666666669,510,I usually do this in front of the subway doors while I post things online.
652,0,2,10,12,1.1666666666666667,0.11236664374387371,510,The critics call it performance art
652,0,2,10,12,1.1666666666666667,0.11236664374387371,510,"Hi! I'm what they call ""pedestrian friendly!"""
652,1,0,11,12,1.1666666666666667,0.16666666666666669,510,I think of myself as more of a welcome matt.
652,0,2,10,12,1.1666666666666667,0.11236664374387371,510,I think I'm having an out-of-cartoon experience.
652,0,2,10,12,1.1666666666666667,0.11236664374387371,510,Occasionally a guy just has to drop out of the rat race.
652,0,2,10,12,1.1666666666666667,0.11236664374387371,510,Don't mind me I'm on a different plane.
652,0,2,10,12,1.1666666666666667,0.11236664374387371,510,"Watch out, you might get Doug on your shoe."
652,0,2,10,12,1.1666666666666667,0.11236664374387371,510,Curse eminent domain!
652,0,2,10,12,1.1666666666666667,0.11236664374387371,510,It's all a matter of perspective.
652,1,0,11,12,1.1666666666666667,0.16666666666666669,510,"My Realtor wasn't kidding. Only $5,000 a month for a pied-à-terre uptown with city views!"
652,0,2,10,12,1.1666666666666667,0.11236664374387371,510,Does anyone have a cigarette?
652,0,2,10,12,1.1666666666666667,0.11236664374387371,510,I've decided not to enforce my borders!
652,0,2,10,12,1.1666666666666667,0.11236664374387371,510,"Hey, I'm napping here!"
652,0,2,10,12,1.1666666666666667,0.11236664374387371,510,How's this rat-race thing working out for y'all?
652,1,0,11,12,1.1666666666666667,0.16666666666666669,510,"I was with the Bush Campaign, but I find this so much more fulfilling."
652,0,2,10,12,1.1666666666666667,0.11236664374387371,510,If only Jack's Sleep Number Bed could adjust to this level of firmness.
652,0,2,10,12,1.1666666666666667,0.11236664374387371,510,I'm just trying to get a fresh perspective.
652,1,0,11,12,1.1666666666666667,0.16666666666666669,510,I’m practicing for Congress.
652,1,0,11,12,1.1666666666666667,0.16666666666666669,510,"Ok, so maybe I AM your stepping stone."
1012,1,0,12,13,1.1538461538461537,0.15384615384615385,510,"See? White lives don't matter, either."
1012,0,2,11,13,1.1538461538461537,0.10415433852097389,510,"Bill, it's me, Marty! I was hoping our paths would cross again."
1012,1,0,12,13,1.1538461538461537,0.15384615384615385,510,I'm practicing to be a professional obstructionist in the Senate.
1012,0,2,11,13,1.1538461538461537,0.10415433852097389,510,"I would move, but the rent is so cheap."
1012,0,2,11,13,1.1538461538461537,0.10415433852097389,510,After a weekend with the kids Bob finds solace in his happy place.
1012,0,2,11,13,1.1538461538461537,0.10415433852097389,510,There's a lot of noise and not much privacy. But the price per foot was terrific.
1012,1,0,12,13,1.1538461538461537,0.15384615384615385,510,This is the best staycation ever.
1012,0,2,11,13,1.1538461538461537,0.10415433852097389,510,Why do I let people walk all over me?
1020,0,1,6,7,1.1428571428571428,0.1543033499620919,510,"Ah, city life!"
1021,0,1,7,8,1.125,0.1336306209562122,510,Letting people walk all over me makes me feel oodles better than when they did it against my will.
1021,0,1,7,8,1.125,0.1336306209562122,510,"Ah, so THIS is what it feels like to be a nobody..."
1023,0,1,8,9,1.1111111111111112,0.11785113019775792,510,Never voted my whole life and proud of it.
1023,0,1,8,9,1.1111111111111112,0.11785113019775792,510,For a more cut-throat attitude the CEO thought it will be a good idea to motivate employees to step over their peers.
1023,0,1,8,9,1.1111111111111112,0.11785113019775792,510,Please stay in a single line and exit right.
1023,0,1,8,9,1.1111111111111112,0.11785113019775792,510,Cross. Don't cross.
1023,0,1,8,9,1.1111111111111112,0.11785113019775792,510,And there's the cow.
1023,0,1,8,9,1.1111111111111112,0.11785113019775792,510,Getting stepped over on the sidewalk sure beats getting walked on at work.
1023,0,1,8,9,1.1111111111111112,0.11785113019775792,510,"excuse me, would you happen to know what time it is?"
1023,0,1,8,9,1.1111111111111112,0.11785113019775792,510,I gotta get my own place
1023,0,1,8,9,1.1111111111111112,0.11785113019775792,510,Maybe if I can visualize being a penny I will figure out how to make more of them...
1023,0,1,8,9,1.1111111111111112,0.11785113019775792,510,Gerald never lets afternoon sidewalk traffic prevent him from appreciating a towering Cumulonimbus.
1023,0,1,8,9,1.1111111111111112,0.11785113019775792,510,"Stomp away, this suit isn't even mine."
1023,0,1,8,9,1.1111111111111112,0.11785113019775792,510,Paving the Way
1023,0,1,8,9,1.1111111111111112,0.11785113019775792,510,"Hi, I'm the new face of the see something, say something program"
1023,0,1,8,9,1.1111111111111112,0.11785113019775792,510,BE HERE NOW!
1023,0,1,8,9,1.1111111111111112,0.11785113019775792,510,"We're all in the gutter, but some of us are looking at the stairs."
1023,0,1,8,9,1.1111111111111112,0.11785113019775792,510,"Oh, don't mind me. Just trying to get a competitive edge. See things differently. Bunch of Wesleyan grads and their hotshot social media. Does that really beat 20 years of experience these days? Microdosed a little acid earlier. Need a plan for Q3."
1023,0,1,8,9,1.1111111111111112,0.11785113019775792,510,"But I'm not just an empty suit!"""
1023,0,1,8,9,1.1111111111111112,0.11785113019775792,510,"So, I just did-me some talkin to the sun..."
1023,0,1,8,9,1.1111111111111112,0.11785113019775792,510,That's weird. That cloud looks like my mother.
1023,0,1,8,9,1.1111111111111112,0.11785113019775792,510,who needs a rug when you have me;
1023,0,1,8,9,1.1111111111111112,0.11785113019775792,510,Such are the tribulations of being named Matt.
1023,0,1,8,9,1.1111111111111112,0.11785113019775792,510,L.A. proved too much for The Man.
1023,0,1,8,9,1.1111111111111112,0.11785113019775792,510,Join me in my crusade for work-life balance!
1023,0,1,8,9,1.1111111111111112,0.11785113019775792,510,...and that pedestrian also looks like an angry duck...
1023,0,1,8,9,1.1111111111111112,0.11785113019775792,510,Republicans...
1023,0,1,8,9,1.1111111111111112,0.11785113019775792,510,"Hey, that one looks like a bunny!"
1023,0,1,8,9,1.1111111111111112,0.11785113019775792,510,Nom Myoho Renge Kyo.....
1023,0,1,8,9,1.1111111111111112,0.11785113019775792,510,This is much cheaper than the massage parlor down the street
1023,0,1,8,9,1.1111111111111112,0.11785113019775792,510,"Say, would you please hand me that remote?"
1023,0,1,8,9,1.1111111111111112,0.11785113019775792,510,"My therapist was right, when you view the world from a new perspective it does make you feel better"
1023,0,1,8,9,1.1111111111111112,0.11785113019775792,510,"Don't tread on me, buster!"
1023,0,1,8,9,1.1111111111111112,0.11785113019775792,510,"...yes, turning 52 has been quite the experience."
1023,0,1,8,9,1.1111111111111112,0.11785113019775792,510,That one looks like a person!
1056,0,1,9,10,1.1,0.10540925533894598,510,"Potatoes have skin. I have skin. Therefore, I am a potato."
1056,0,1,9,10,1.1,0.10540925533894598,510,"Starting at the bottom and working your way up, is way overrated!"
1056,0,1,9,10,1.1,0.10540925533894598,510,"""The Who"" in Cincinnati. Remember?"
1056,0,1,9,10,1.1,0.10540925533894598,510,I tie the room together.
1056,0,1,9,10,1.1,0.10540925533894598,510,I used to be a door mat.
1056,0,1,9,10,1.1,0.10540925533894598,510,"If you think your job is bad, try counting boogers for a living."
1056,0,1,9,10,1.1,0.10540925533894598,510,"Step on me, break your mother’s knee."
1056,0,1,9,10,1.1,0.10540925533894598,510,I'm preparing for the next debate.
1056,0,1,9,10,1.1,0.10540925533894598,510,I'm deciding whether or not I can't take it anymore.
1056,0,1,9,10,1.1,0.10540925533894598,510,"I have officially been 'walked all over', okay?"
1056,0,1,9,10,1.1,0.10540925533894598,510,"I used to avoid the cracks, but I may have stayed in therapy too long."
1056,0,1,9,10,1.1,0.10540925533894598,510,And . . . freeze!
1056,0,1,9,10,1.1,0.10540925533894598,510,Who cares? It was just a job. I'm on top of the world.
1056,0,1,9,10,1.1,0.10540925533894598,510,Chill Bill takes a chill pill
1056,0,1,9,10,1.1,0.10540925533894598,510,My therapist suggested I find someone new to look up to.
1056,0,1,9,10,1.1,0.10540925533894598,510,Watch it! This here's an Airbnb top pick.
1056,0,1,9,10,1.1,0.10540925533894598,510,Entrepreneurial experiment: The New York Hall of Fame
1056,0,1,9,10,1.1,0.10540925533894598,510,Looks like white lives don't matter - either.
1056,0,1,9,10,1.1,0.10540925533894598,510,"Call me an ambulance!"" ""OK, you're an ambulance."
1056,0,1,9,10,1.1,0.10540925533894598,510,"After you stomp me, sir, will you agree to do a 2-question survey on what you enjoyed most and why?"
1056,0,1,9,10,1.1,0.10540925533894598,510,You wouldn't believe what people have on the bottom of their shoes.
1056,0,1,9,10,1.1,0.10540925533894598,510,My last trip down under was a lot more enjoyable
1056,0,1,9,10,1.1,0.10540925533894598,510,Keep moving! My wife says this is part of my homework for couples therapy.
1056,0,1,9,10,1.1,0.10540925533894598,510,I got tired of being ignored.
1056,0,1,9,10,1.1,0.10540925533894598,510,My shrink said to change my point of view.
1056,0,1,9,10,1.1,0.10540925533894598,510,I'm feeling a little under the leather.
1056,0,1,9,10,1.1,0.10540925533894598,510,There is nothing more relaxing than watching the sun rise above the high rise.
1056,0,1,9,10,1.1,0.10540925533894598,510,So much for that sit down protest.
1056,0,1,9,10,1.1,0.10540925533894598,510,"Bright as he was, Doug never quite understood how to 'play the victim'."
1056,0,1,9,10,1.1,0.10540925533894598,510,I learned the ropes on Black Friday and haven't looked back since.
1056,0,1,9,10,1.1,0.10540925533894598,510,I walked a mile in your shoes and this is how it ends.
1056,0,1,9,10,1.1,0.10540925533894598,510,I started doing it for the abject depression. I keep doing it for the upskirts.
1056,0,1,9,10,1.1,0.10540925533894598,510,I told him not to walk over me in the office!
1056,0,1,9,10,1.1,0.10540925533894598,510,"Middle Class ""Matt"""
1056,0,1,9,10,1.1,0.10540925533894598,510,Doctor's orders to rest when I get tired.
1056,0,1,9,10,1.1,0.10540925533894598,510,"I'm the down-to-earth, upward-looking candidate, so vote for me."
1056,0,1,9,10,1.1,0.10540925533894598,510,Can you spare some change?
1056,0,1,9,10,1.1,0.10540925533894598,510,I called an ambulance but should have gotten a taxi
1056,0,1,9,10,1.1,0.10540925533894598,510,"Forgot I was retired when I first got up, but you guys go have a great day for me."
1056,0,1,9,10,1.1,0.10540925533894598,510,I was burned out from obstructing legislation so I decided to take a vacation.
1056,0,1,9,10,1.1,0.10540925533894598,510,Still beats sleeping on that futon
1056,0,1,9,10,1.1,0.10540925533894598,510,Don't mind me. I'm used to it.
1056,0,1,9,10,1.1,0.10540925533894598,510,I'm working on my mindfulness.
1056,0,1,9,10,1.1,0.10540925533894598,510,One giant leap for mankind.
1056,0,1,9,10,1.1,0.10540925533894598,510,"It's rent-controlled, plus it gets great light."
1056,0,1,9,10,1.1,0.10540925533894598,510,"We're all prone to error, I'm just more prone than others."
1056,0,1,9,10,1.1,0.10540925533894598,510,"Pardon me, my fault. I thought I got rid of that rib."
1056,0,1,9,10,1.1,0.10540925533894598,510,I used to let being a push-over bother me. Now I embrace it. It's sorta liberating.
1056,0,1,9,10,1.1,0.10540925533894598,510,I feel irrelevant.
1056,0,1,9,10,1.1,0.10540925533894598,510,There must be something about crowdfunding that I’m missing?
1056,0,1,9,10,1.1,0.10540925533894598,510,I really could have used that second cup of coffee.
1056,0,1,9,10,1.1,0.10540925533894598,510,Trump lost my vote.
1056,0,1,9,10,1.1,0.10540925533894598,510,From MY perspective........
1056,0,1,9,10,1.1,0.10540925533894598,510,I love it when the light changes.
1056,0,1,9,10,1.1,0.10540925533894598,510,At this point... why not.
1056,0,1,9,10,1.1,0.10540925533894598,510,Bernie suddenly finds lyrical inspiration on the sidewalks of New York.
1056,0,1,9,10,1.1,0.10540925533894598,510,"Don't mind me, just taking a business casual nap."
1056,0,1,9,10,1.1,0.10540925533894598,510,This MC Escher walking tour is a bit over rated.
1056,0,1,9,10,1.1,0.10540925533894598,510,My drone is recording this.
1056,0,1,9,10,1.1,0.10540925533894598,510,I'm starting to think my wife is right. I DO let people walk all over me.
1056,0,1,9,10,1.1,0.10540925533894598,510,So this is what lying down on the job is like!
1056,0,1,9,10,1.1,0.10540925533894598,510,Finally some peace and quiet
1056,0,1,9,10,1.1,0.10540925533894598,510,"1001, 1002, 1003..."
1056,0,1,9,10,1.1,0.10540925533894598,510,"And so the great grandson of Christopher Gadsden, recent tea party enthusiast, thought long and hard for a slogan for their new flag."
1056,0,1,9,10,1.1,0.10540925533894598,510,I'm gonna take this lying down!
1056,0,1,9,10,1.1,0.10540925533894598,510,Thank goodness for my GPS. I _never_ would've found this hotel.
1056,0,1,9,10,1.1,0.10540925533894598,510,I took community service for selling crummy mortgages.
1056,0,1,9,10,1.1,0.10540925533894598,510,Thank goodness rush hour comes only twice a day!
1056,0,1,9,10,1.1,0.10540925533894598,510,"It's a free existence, isn't it?"
1056,0,1,9,10,1.1,0.10540925533894598,510,I'm a performance chalk artist.
1056,0,1,9,10,1.1,0.10540925533894598,510,Hi! My name is Matt!
1056,0,1,9,10,1.1,0.10540925533894598,510,My shrink told me not to let people walk all over me.
1056,0,1,9,10,1.1,0.10540925533894598,510,One story at a time: Under-Humans of New York
1056,0,1,9,10,1.1,0.10540925533894598,510,"Look, the rules are I have to be dead before you can step over my body. OK?"
1056,0,1,9,10,1.1,0.10540925533894598,510,I run a grass root level campaign.
1056,0,1,9,10,1.1,0.10540925533894598,510,"At least, I'm diagonal."
1056,0,1,9,10,1.1,0.10540925533894598,510,I gave up not letting people walk all over me again for Lent.
1056,0,1,9,10,1.1,0.10540925533894598,510,It's a warm-up for getting kicked in the ass later.
1056,0,1,9,10,1.1,0.10540925533894598,510,"....and more often than not, I can't stop the feeling that people are walking all over me."
1056,0,1,9,10,1.1,0.10540925533894598,510,I'm trying to gain a new perspective on my daily commute.
1056,0,1,9,10,1.1,0.10540925533894598,510,I'm not sure this crowdsourcing therapy is going to work.
1056,0,1,9,10,1.1,0.10540925533894598,510,"""Can it really be true that life is passing me by""?"
1056,0,1,9,10,1.1,0.10540925533894598,510,''Narcolepsy hazard.''
1056,0,1,9,10,1.1,0.10540925533894598,510,"Wow, how surprising... a day in New York where people actually acknowledge you exist."
1056,0,1,9,10,1.1,0.10540925533894598,510,"Even here in the city, I like to just take a moment to kick back and stare up at the sky."
1056,0,1,9,10,1.1,0.10540925533894598,510,"From down here, the markets are looking up."
1056,0,1,9,10,1.1,0.10540925533894598,510,I love 3-D sidewalk art.
1056,0,1,9,10,1.1,0.10540925533894598,510,Carl's oxycodone prescription ran out.
1056,0,1,9,10,1.1,0.10540925533894598,510,My mother was right. I always let people walk all over me.
1056,0,1,9,10,1.1,0.10540925533894598,510,"Hey, watch your step...I just pressed these pants."
1056,0,1,9,10,1.1,0.10540925533894598,510,"Hey, this gives me a whole new perspective on why people tend to walk all over me."
1056,0,1,9,10,1.1,0.10540925533894598,510,"Heh, heh. Think I'm 3-D chalk art, don'tcha?"
1056,0,1,9,10,1.1,0.10540925533894598,510,Do you ever get the feeling that people are walking all over you?
1056,0,1,9,10,1.1,0.10540925533894598,510,I'm still have faith in trickle-down economics.
1056,0,1,9,10,1.1,0.10540925533894598,510,"Man down , I repeat, man down. Oh yea, forgot I was in NYC"
1056,0,1,9,10,1.1,0.10540925533894598,510,It was happening figuratively anyways
1056,0,1,9,10,1.1,0.10540925533894598,510,"Watch your step there, buddy."
1056,0,1,9,10,1.1,0.10540925533894598,510,"Once it gets dark, this is the perfect place to see the stars."
1056,0,1,9,10,1.1,0.10540925533894598,510,"Don't mind me, I'm a stranger here."
1056,0,1,9,10,1.1,0.10540925533894598,510,"Oh, nothing much! What's going on around you?"
1056,0,1,9,10,1.1,0.10540925533894598,510,This feels like MC Escher's version of tic-tac-toe
1056,0,1,9,10,1.1,0.10540925533894598,510,"Step lively, people."
1056,0,1,9,10,1.1,0.10540925533894598,510,"And then I said ""I bet I CAN!'"
1056,0,1,9,10,1.1,0.10540925533894598,510,Don't knock it till you've tried it...
1056,0,1,9,10,1.1,0.10540925533894598,510,Can a guy get any peace and quiet?
1056,0,1,9,10,1.1,0.10540925533894598,510,One sheep... two sheep...
1056,0,1,9,10,1.1,0.10540925533894598,510,A little to the left
1056,0,1,9,10,1.1,0.10540925533894598,510,"Tell me, what do you stand for?"
1056,0,1,9,10,1.1,0.10540925533894598,510,I think I misunderstood how the iCloud works.
1056,0,1,9,10,1.1,0.10540925533894598,510,My therapist says I need to be more trusting.
1056,0,1,9,10,1.1,0.10540925533894598,510,"Oh you know, just your typical Monday morning."
1056,0,1,9,10,1.1,0.10540925533894598,510,Then she told me to stop being everyone's door mat.
1056,0,1,9,10,1.1,0.10540925533894598,510,Careful-I'm vested.
1056,0,1,9,10,1.1,0.10540925533894598,510,This job is just a stepping stone.
1056,0,1,9,10,1.1,0.10540925533894598,510,This was my favorite spot before it got developed.
1056,0,1,9,10,1.1,0.10540925533894598,510,"Ahh, I've finally reached rock bottom."
1056,0,1,9,10,1.1,0.10540925533894598,510,What's not to love?
1056,0,1,9,10,1.1,0.10540925533894598,510,"So this morning, fifty steps from my office, I thought, ‘Enough is enough.’"
1056,0,1,9,10,1.1,0.10540925533894598,510,"As you can see, my skills as an obstructionist make me the perfect congressional candidate."
1056,0,1,9,10,1.1,0.10540925533894598,510,Sundays on the sidewalk with George.
1056,0,1,9,10,1.1,0.10540925533894598,510,"It's harder than it looks, being a speed bump on the road of life."
1056,0,1,9,10,1.1,0.10540925533894598,510,I have decided to take it easy from now on.
1056,0,1,9,10,1.1,0.10540925533894598,510,"Call me crazy, but I love that Empire State Building."
1056,0,1,9,10,1.1,0.10540925533894598,510,"When the website listed lowest room rates in the city ""guaranteed"", I should have checked further...."
1056,0,1,9,10,1.1,0.10540925533894598,510,Paul you gotta stop letting people walk all over you.
1056,0,1,9,10,1.1,0.10540925533894598,510,Mom was right. They really did walk all over me.
1056,0,1,9,10,1.1,0.10540925533894598,510,I'm getting a dead birds eye view.
1056,0,1,9,10,1.1,0.10540925533894598,510,Man - I sure hope I nail this speed-bump interview
1056,0,1,9,10,1.1,0.10540925533894598,510,"Doug could not only live with people walking all over him, he rather enjoyed it."
1056,0,1,9,10,1.1,0.10540925533894598,510,"Aahhh, gravity. Why deny it?"
1056,0,1,9,10,1.1,0.10540925533894598,510,"Sometimes I just ask myself, what would Escher do?"
1056,0,1,9,10,1.1,0.10540925533894598,510,I guess I'll show them that this isn't a city that never sleeps.
1056,0,1,9,10,1.1,0.10540925533894598,510,"""I'm just the"
1056,0,1,9,10,1.1,0.10540925533894598,510,"While stargazing in Grand Central, Hal wonders when the lights will be restored."
1056,0,1,9,10,1.1,0.10540925533894598,510,"Man, just look at these clouds"
1056,0,1,9,10,1.1,0.10540925533894598,510,"From down here, you all look like pants!"
1056,0,1,9,10,1.1,0.10540925533894598,510,I think I'll try the park bench tomorrow.
1056,0,1,9,10,1.1,0.10540925533894598,510,I live in a NYC apartment. I feel at home here!
1056,0,1,9,10,1.1,0.10540925533894598,510,My wife wants me to understand how it feels to have people walking all over me.
1056,0,1,9,10,1.1,0.10540925533894598,510,"I have to say, things are looking up..."
1056,0,1,9,10,1.1,0.10540925533894598,510,"Surprisingly, everyone respects my space."
1056,0,1,9,10,1.1,0.10540925533894598,510,Mine was the fate of being named Scotch.
1056,0,1,9,10,1.1,0.10540925533894598,510,That sidewalk art is getting more and more realistic!
1056,0,1,9,10,1.1,0.10540925533894598,510,My lower back pain's nearly gone. Now if I could just get someone to step on my stomach.
1056,0,1,9,10,1.1,0.10540925533894598,510,CEOs matter!
1056,0,1,9,10,1.1,0.10540925533894598,510,"Brother, can you help someone who's hit bottom?"
1056,0,1,9,10,1.1,0.10540925533894598,510,hey bro
1056,0,1,9,10,1.1,0.10540925533894598,510,"Doctor, sometimes I have this dream....."
1056,0,1,9,10,1.1,0.10540925533894598,510,My Apple iNap alert went off.
1056,0,1,9,10,1.1,0.10540925533894598,510,My analyst says that I walk all over people and that I need to learn how that makes them feel.
1056,0,1,9,10,1.1,0.10540925533894598,510,You can't ignore me now.
1056,0,1,9,10,1.1,0.10540925533894598,510,"Hi, I'm just waiting for the rapture."
1056,0,1,9,10,1.1,0.10540925533894598,510,Now I know what city I am in!
1056,0,1,9,10,1.1,0.10540925533894598,510,I'm working on my street smarts.
1056,0,1,9,10,1.1,0.10540925533894598,510,There must be better ways to wake up in a city that doesn't sleep.
1056,0,1,9,10,1.1,0.10540925533894598,510,"Well, it was either this or take the summons for not scooping it up."
1056,0,1,9,10,1.1,0.10540925533894598,510,My therapist told me I was a doormat.
1056,0,1,9,10,1.1,0.10540925533894598,510,Why pay for a massage when I can just lay here instead for FREE.
1056,0,1,9,10,1.1,0.10540925533894598,510,Excuse me while I kiss the sky.
1056,0,1,9,10,1.1,0.10540925533894598,510,Free hugs!
1056,0,1,9,10,1.1,0.10540925533894598,510,Penny for your thoughts.
1056,0,1,9,10,1.1,0.10540925533894598,510,You have left footprints on my heart.....my ankle.....my knee.....my.....
1056,0,1,9,10,1.1,0.10540925533894598,510,"Just think, I use to pay for massages."
1056,0,1,9,10,1.1,0.10540925533894598,510,"""Stayin' alive, stayin' alive, ah ah ah ah stayin' alive."
1056,0,1,9,10,1.1,0.10540925533894598,510,"They said, go lay in traffic."
1056,0,1,9,10,1.1,0.10540925533894598,510,I'm working my way up to wallflower.
1056,0,1,9,10,1.1,0.10540925533894598,510,Don't mind me I'm just conducting a study in economical masseurs.
1056,0,1,9,10,1.1,0.10540925533894598,510,"Actually, I prefer Matthew."
1056,0,1,9,10,1.1,0.10540925533894598,510,Hey! Walk around. I was here first.
1056,0,1,9,10,1.1,0.10540925533894598,510,Beauty Bath take me away
1056,0,1,9,10,1.1,0.10540925533894598,510,"Wow, that cloud looks like an angry businessman!"
1056,0,1,9,10,1.1,0.10540925533894598,510,Corporate lying
1056,0,1,9,10,1.1,0.10540925533894598,510,It's not every day you run across guys like this.
1056,0,1,9,10,1.1,0.10540925533894598,510,The M.T.A. didn't say anything about man-spreading on the sidewalk.
1056,0,1,9,10,1.1,0.10540925533894598,510,?? Don't go chasing waterfalls ...
1056,0,1,9,10,1.1,0.10540925533894598,510,I've looked at life from both sides now...
1056,0,1,9,10,1.1,0.10540925533894598,510,People just walk all over me.
1056,0,1,9,10,1.1,0.10540925533894598,510,"His boss told him to ""Stop and smell the roses"""
1056,0,1,9,10,1.1,0.10540925533894598,510,I call it guerilla chillin'
1056,0,1,9,10,1.1,0.10540925533894598,510,I'm your life's hurdle for today.
1056,0,1,9,10,1.1,0.10540925533894598,510,Now I feel at home!
1056,0,1,9,10,1.1,0.10540925533894598,510,Even out of work I'm still getting stepped on.
1056,0,1,9,10,1.1,0.10540925533894598,510,"Wilber, aspiring street performer, working on his ""wad of chewing gum"" impersonation."
1056,0,1,9,10,1.1,0.10540925533894598,510,My wife says I'm lazy.
1056,0,1,9,10,1.1,0.10540925533894598,510,Not sure if this Urban Meditation fad will ever gain traction
1056,0,1,9,10,1.1,0.10540925533894598,510,The glass ceiling is beautiful from down here
1056,0,1,9,10,1.1,0.10540925533894598,510,Walden: Fury Road
1056,0,1,9,10,1.1,0.10540925533894598,510,"Hey, everyone needs a vacation!"
1056,0,1,9,10,1.1,0.10540925533894598,510,"No, I didn't lose a bet. I'm running for president."
1056,0,1,9,10,1.1,0.10540925533894598,510,Do I have your vote?
1056,0,1,9,10,1.1,0.10540925533894598,510,Meanwhile on Waltz Street in Manflatten.
1056,0,1,9,10,1.1,0.10540925533894598,510,Low-cost hotel rooms have their limitations.
1056,0,1,9,10,1.1,0.10540925533894598,510,"So then I thought, what's the point if you can't just lay back once in a while, and look at the sky?"
1056,0,1,9,10,1.1,0.10540925533894598,510,For when the 'trust fall' exercise fails . . .
1056,0,1,9,10,1.1,0.10540925533894598,510,The TNY selection committee has no sense of humor.
1056,0,1,9,10,1.1,0.10540925533894598,510,This whole manspreading thing is becoming a real problem.
1056,0,1,9,10,1.1,0.10540925533894598,510,"You've a hole in your shoe, buddy."
1056,0,1,9,10,1.1,0.10540925533894598,510,I can see Russia from here!
1056,0,1,9,10,1.1,0.10540925533894598,510,The adventures of narcoleptic man!
1056,0,1,9,10,1.1,0.10540925533894598,510,Trimming that stubborn tummy fat was never so easy
1056,0,1,9,10,1.1,0.10540925533894598,510,"I'm a performance art piece titled, ""Banking Reforms."""
1056,0,1,9,10,1.1,0.10540925533894598,510,"My wife says I shouldn't let people walk all over me, but i'm not taking that lying down."
1056,0,1,9,10,1.1,0.10540925533894598,510,My psychiatrist said to imagine myself on a beach.
1056,0,1,9,10,1.1,0.10540925533894598,510,"Birdman's ending, director's cut."
1056,0,1,9,10,1.1,0.10540925533894598,510,I forgot to eat my Wheaties this morning.
1056,0,1,9,10,1.1,0.10540925533894598,510,City Slacker
1056,0,1,9,10,1.1,0.10540925533894598,510,My wife says that I let people walk all over me.
1056,0,1,9,10,1.1,0.10540925533894598,510,Ever closer to the Zen of Crowds.
1056,0,1,9,10,1.1,0.10540925533894598,510,"Bob was amazed, having thought he was the only one who could stick to the ceiling."
1056,0,1,9,10,1.1,0.10540925533894598,510,Let's see where this leads - I started Occupy Wall Street like this.
1056,0,1,9,10,1.1,0.10540925533894598,510,"Whoa, there really is a glass ceiling!"
1056,0,1,9,10,1.1,0.10540925533894598,510,Gargoyles are so unappreciated.
1056,0,1,9,10,1.1,0.10540925533894598,510,Just want you to know I am getting promoted and this is your last chance to walk over me
1056,0,1,9,10,1.1,0.10540925533894598,510,"We're getting some push back now--we need more boots on the ground. Hey, I'm putting a stake in the ground here! Let's blue sky this. At the end of the day ..."
1056,0,1,9,10,1.1,0.10540925533894598,510,And that cloud looks like a little bunny!
1056,0,1,9,10,1.1,0.10540925533894598,510,"If you let them, they'll walk all over you!"
1056,0,1,9,10,1.1,0.10540925533894598,510,"As the world goes by, Matt considers making a name change."
1056,0,1,9,10,1.1,0.10540925533894598,510,Joe liked to get away from the office at crunch time.
1056,0,1,9,10,1.1,0.10540925533894598,510,It's my take on a flat white.
1056,0,1,9,10,1.1,0.10540925533894598,510,It's bad luck to step on a crackpot.
1056,0,1,9,10,1.1,0.10540925533894598,510,Mondays.
1056,0,1,9,10,1.1,0.10540925533894598,510,Rush hour is the most exciting part of my day.
1056,0,1,9,10,1.1,0.10540925533894598,510,I don't know why I let people walk all over me.
1056,0,1,9,10,1.1,0.10540925533894598,510,A bunnie or maybe a clown.
1056,0,1,9,10,1.1,0.10540925533894598,510,Pavement laying is my easiest job so far
1056,0,1,9,10,1.1,0.10540925533894598,510,"I wish I could give you a better reason, but I'm just a jerk in a suit."
1056,0,1,9,10,1.1,0.10540925533894598,510,Ferragamo?
1056,0,1,9,10,1.1,0.10540925533894598,510,Sometimes you've just got to slow down.
1056,0,1,9,10,1.1,0.10540925533894598,510,My life matters!
1056,0,1,9,10,1.1,0.10540925533894598,510,This guy is over the top.
1056,0,1,9,10,1.1,0.10540925533894598,510,I am used to getting stepped on.
1056,0,1,9,10,1.1,0.10540925533894598,510,This isn't even my rock bottom.
1056,0,1,9,10,1.1,0.10540925533894598,510,I just got tired of being a pushover.
1056,0,1,9,10,1.1,0.10540925533894598,510,I'm a slip and fall lawyer.
1056,0,1,9,10,1.1,0.10540925533894598,510,Talk about being society's doormat...I guess I'm it.
1056,0,1,9,10,1.1,0.10540925533894598,510,I'm nobody going nowhere. Who are you?
1056,0,1,9,10,1.1,0.10540925533894598,510,I have been doing some sole searching recently.
1056,0,1,9,10,1.1,0.10540925533894598,510,"Take a bow, James, I think we can say you've hit bottom."
1056,0,1,9,10,1.1,0.10540925533894598,510,"So then I said, I'm nobody's doormat!"
1056,0,1,9,10,1.1,0.10540925533894598,510,"Dickie, hasn't this hazing gone a little too far?"
1056,0,1,9,10,1.1,0.10540925533894598,510,I thought a Thai massage would be a little bit less westernized.
1056,0,1,9,10,1.1,0.10540925533894598,510,I could move.
1056,0,1,9,10,1.1,0.10540925533894598,510,So I guess this is the second collapse of Wall Street...
1056,0,1,9,10,1.1,0.10540925533894598,510,A career in middle-management had prepared Rob for this moment.
1056,0,1,9,10,1.1,0.10540925533894598,510,"Quick, get to your spots! We'll never make it to the Northeast division's 'outdoor human compass' finals like this!"
1056,0,1,9,10,1.1,0.10540925533894598,510,"Boss said, ""Be disruptive."" How's this for disruptive?"
1056,0,1,9,10,1.1,0.10540925533894598,510,Guess what Mom? Maybe I do like letting people walk all over me.
1056,0,1,9,10,1.1,0.10540925533894598,510,You know there is a difference between dormant and door mat.
1056,0,1,9,10,1.1,0.10540925533894598,510,I have nowhere to go..
1056,0,1,9,10,1.1,0.10540925533894598,510,This is no day at the beach.
1056,0,1,9,10,1.1,0.10540925533894598,510,"Maybe I'm not the ""elephant in the room"" but perhaps ""the supine man on the sidewalk?"""
1056,0,1,9,10,1.1,0.10540925533894598,510,I guess my ex-wife and that therapist we're right; I do let people walk over me!
1056,0,1,9,10,1.1,0.10540925533894598,510,"It's rent stabilized, close to work and has unobstructed views."
1056,0,1,9,10,1.1,0.10540925533894598,510,The Doc said I have a prostrate problem and recommended a wait and see approach.
1056,0,1,9,10,1.1,0.10540925533894598,510,...and there's a cloud shaped like an IBM Selectric!
1056,0,1,9,10,1.1,0.10540925533894598,510,These 'power naps' are addictive.
1056,0,1,9,10,1.1,0.10540925533894598,510,I'm laying here! I'M LAYING HERE!
1056,0,1,9,10,1.1,0.10540925533894598,510,It's what we in the business call vertical capitulation.
1056,0,1,9,10,1.1,0.10540925533894598,510,"In an effort to promote physical activity, the city has decided to incorporate realistic chalk murals on sidewalks. So far ""The sleeping businessman"" creates the most activity."
1056,0,1,9,10,1.1,0.10540925533894598,510,"Historical Exhibit #1984, Wall Street and the American People."
1056,0,1,9,10,1.1,0.10540925533894598,510,I'm not moving until Kate Upton comes by in a mini-skirt.
1056,0,1,9,10,1.1,0.10540925533894598,510,"Ok, what would you do if I was on fire?"
1056,0,1,9,10,1.1,0.10540925533894598,510,They were right. The building looks so much taller from this angle.
1056,0,1,9,10,1.1,0.10540925533894598,510,Could someone make sure my hoverboard doesn't get run over?
1056,0,1,9,10,1.1,0.10540925533894598,510,I'm on sabbatical.
1056,0,1,9,10,1.1,0.10540925533894598,510,I like being in the middle of things.
1056,0,1,9,10,1.1,0.10540925533894598,510,Ever heard of a little band called Radiohead?
1056,0,1,9,10,1.1,0.10540925533894598,510,Now I can see why Flat Stanley peaked as a kid.
1056,0,1,9,10,1.1,0.10540925533894598,510,Did I mention it's rent controlled?
1056,0,1,9,10,1.1,0.10540925533894598,510,"I'm ignored at work, my wife ignores me, now this!"
1056,0,1,9,10,1.1,0.10540925533894598,510,"Punta Cana, Schmunta Cana."
1056,0,1,9,10,1.1,0.10540925533894598,510,"It's not a depression exactly, more an energy crisis."
1056,0,1,9,10,1.1,0.10540925533894598,510,"I love both hop and scotch, just not together."
1056,0,1,9,10,1.1,0.10540925533894598,510,She says I was a doormat--I'll show her.
1056,0,1,9,10,1.1,0.10540925533894598,510,"Sorry, but I finally found my sleep number."
1056,0,1,9,10,1.1,0.10540925533894598,510,Extreme final savasana.
1056,0,1,9,10,1.1,0.10540925533894598,510,My psychiatrist says I let people walk all over me.
1056,0,1,9,10,1.1,0.10540925533894598,510,"Next, I'm going to literally climb a wall."
1056,0,1,9,10,1.1,0.10540925533894598,510,Lordy! Such stout nose hairs.
1056,0,1,9,10,1.1,0.10540925533894598,510,... oh just market research on inseams.
1056,0,1,9,10,1.1,0.10540925533894598,510,Would one of you mind waking me in twenty minutes?
1056,0,1,9,10,1.1,0.10540925533894598,510,What in the world is THIS DREAM about!!!!!
1056,0,1,9,10,1.1,0.10540925533894598,510,There's a cartoonist on the ceiling.
1056,0,1,9,10,1.1,0.10540925533894598,510,"If I don't wake up soon, I'm going to start thinking this is real ..."
1056,0,1,9,10,1.1,0.10540925533894598,510,"So I said, ""Yes, I am going to take it lying down."" Now I'm kind of stuck here."
1056,0,1,9,10,1.1,0.10540925533894598,510,"You never could get around me, Fred."
1056,0,1,9,10,1.1,0.10540925533894598,510,"Slow down, ya move too fast. Gotta make the morning last."
1056,0,1,9,10,1.1,0.10540925533894598,510,Another Repubican Debate....
1056,0,1,9,10,1.1,0.10540925533894598,510,"Step on an Banker, break your mother's credit score."
1056,0,1,9,10,1.1,0.10540925533894598,510,"That's right, Mr. Hitchcock, I said this is the worst remake ever of 'The 39 Steps.'"
1056,0,1,9,10,1.1,0.10540925533894598,510,I guess you're right. No one ever thinks he's an obstructionist.
1056,0,1,9,10,1.1,0.10540925533894598,510,These 3D sidewalk artists are getting lazy.
1056,0,1,9,10,1.1,0.10540925533894598,510,I told them the view from the top was overrated.
1056,0,1,9,10,1.1,0.10540925533894598,510,"The city has been really stifling my creativity, so I've been dabbling in performance art during my lunch breaks."
1056,0,1,9,10,1.1,0.10540925533894598,510,Just needed a taste of home.
1056,0,1,9,10,1.1,0.10540925533894598,510,Just thought I'd see if I could trip you up
1056,0,1,9,10,1.1,0.10540925533894598,510,"I'm testing the validity of the saying, 'don't tread on me'."
1056,0,1,9,10,1.1,0.10540925533894598,510,Have you guys ever considered how ridiculous you must appear in the eye of the Great Parrot?
1056,0,1,9,10,1.1,0.10540925533894598,510,I'm doing some concrete thinking.
1056,0,1,9,10,1.1,0.10540925533894598,510,"That's right - go ahead - just walk all over me, see if I care."
1056,0,1,9,10,1.1,0.10540925533894598,510,I think I overdressed for this speed bump job.
1056,0,1,9,10,1.1,0.10540925533894598,510,"Yep, crosswalk-fit. Great for the core."
1056,0,1,9,10,1.1,0.10540925533894598,510,I always forget how pedestrian my old stomping grounds are.
1056,0,1,9,10,1.1,0.10540925533894598,510,My therapist suggested I get a new perspective.
1056,0,1,9,10,1.1,0.10540925533894598,510,Next time I get a suit I won't buy the floor model
1056,0,1,9,10,1.1,0.10540925533894598,510,"Who would believe this view for only $2,000 a month?"
1056,0,1,9,10,1.1,0.10540925533894598,510,This is the only way I can stop looking at my phone.
1056,0,1,9,10,1.1,0.10540925533894598,510,"ooo please someone, Heimlich me."
1056,0,1,9,10,1.1,0.10540925533894598,510,Now I know why only tourists look up.
1056,0,1,9,10,1.1,0.10540925533894598,510,"""Watch your step, Don't tread on me, Easy does it, Jack be nimble, Sky's the limit, Over the top, Take it easy, Tread lightly, etc., thanks!"
1056,0,1,9,10,1.1,0.10540925533894598,510,Life is good.
1056,0,1,9,10,1.1,0.10540925533894598,510,It's a wonderful day in the neighborhood so won't you be my neighbor.
1056,0,1,9,10,1.1,0.10540925533894598,510,I've fallen and I can't give a damn.
1056,0,1,9,10,1.1,0.10540925533894598,510,Job hazards of a pavement tester.
1056,0,1,9,10,1.1,0.10540925533894598,510,"Dress for the job you want, not the job you have."
1056,0,1,9,10,1.1,0.10540925533894598,510,Over my dead body!
1056,0,1,9,10,1.1,0.10540925533894598,510,I'm taking a traffic survey
1056,0,1,9,10,1.1,0.10540925533894598,510,I'll stay here at the crime scene until the cop who draws the chalk outline shows up .
1056,0,1,9,10,1.1,0.10540925533894598,510,"Hey friend, can you spare a cell phone?"
1056,0,1,9,10,1.1,0.10540925533894598,510,Step on a crack and break your mother's back.
1056,0,1,9,10,1.1,0.10540925533894598,510,You have it all wrong. I'm Matt . . .with two Ts.
1056,0,1,9,10,1.1,0.10540925533894598,510,Help! I've fallen and don't want to get up.
1056,0,1,9,10,1.1,0.10540925533894598,510,I want to wake up... in a cityyyy... that never sleeps...
1056,0,1,9,10,1.1,0.10540925533894598,510,Ahh! A new perspective is just what I needed!
1056,0,1,9,10,1.1,0.10540925533894598,510,Don't tread on me.
1056,0,1,9,10,1.1,0.10540925533894598,510,That cloud looks like a man lying on a sidewalk.
1056,0,1,9,10,1.1,0.10540925533894598,510,It helps me think more concretely.
1056,0,1,9,10,1.1,0.10540925533894598,510,"My name's Matt, nice to meet you."
1056,0,1,9,10,1.1,0.10540925533894598,510,Excuse me! I'm doing situps!
1056,0,1,9,10,1.1,0.10540925533894598,510,"Finders keepers, losers weepers!"
1056,0,1,9,10,1.1,0.10540925533894598,510,I feel like everyone walks all over me.
1056,0,1,9,10,1.1,0.10540925533894598,510,These Airbnb's really do make me feel like part of the community.
1056,0,1,9,10,1.1,0.10540925533894598,510,Aaahhhhhhuuuuuuuummm..
1056,0,1,9,10,1.1,0.10540925533894598,510,Who piddled?
1056,0,1,9,10,1.1,0.10540925533894598,510,I’m in training for a Senate race.
1056,0,1,9,10,1.1,0.10540925533894598,510,You would be surprised at the number of people going commando!
1056,0,1,9,10,1.1,0.10540925533894598,510,Somewhere over the rainbow...
1056,0,1,9,10,1.1,0.10540925533894598,510,"M.C. Esher, I hate you!"
1056,0,1,9,10,1.1,0.10540925533894598,510,Step lively everyone. Masochism II class in five minutes.
1056,0,1,9,10,1.1,0.10540925533894598,510,It's part childish tantrum and part urban dance. I call it the Trump.
1056,0,1,9,10,1.1,0.10540925533894598,510,Dr. Rhinefield was right! A new perspective DOES change your surroundings.
1056,0,1,9,10,1.1,0.10540925533894598,510,"And that cloud looks like a shoe, and that one, and that one..."
1056,0,1,9,10,1.1,0.10540925533894598,510,It's the sunniest spot in a 10 block radius.
1056,0,1,9,10,1.1,0.10540925533894598,510,I don't know why people walk all over me.
1056,0,1,9,10,1.1,0.10540925533894598,510,"Trying to figure out if the older you are, the lower they hang."
1056,0,1,9,10,1.1,0.10540925533894598,510,Hey buddy . . . I'm relaxed . . . why are you so uptight?
1056,0,1,9,10,1.1,0.10540925533894598,510,Does anybody care anymore?
1056,0,1,9,10,1.1,0.10540925533894598,510,"Stephen Stone's my name, helping others get ahead's my game."
1056,0,1,9,10,1.1,0.10540925533894598,510,"The minister told me to do some serious ""sole searching""."
1056,0,1,9,10,1.1,0.10540925533894598,510,My life coach says to stay grounded and keep dreaming!
1056,0,1,9,10,1.1,0.10540925533894598,510,"Excuse me, are you Matt?"
1056,0,1,9,10,1.1,0.10540925533894598,510,Started from the bottom...
1056,0,1,9,10,1.1,0.10540925533894598,510,They're either looking down on me or walking all over me.
1056,0,1,9,10,1.1,0.10540925533894598,510,"Please, don't flatter me."
1056,0,1,9,10,1.1,0.10540925533894598,510,I'm done with this. I've gone to my happy place.
1056,0,1,9,10,1.1,0.10540925533894598,510,I used to pay good money for this!
1056,0,1,9,10,1.1,0.10540925533894598,510,I just want people to get to know me!
1056,0,1,9,10,1.1,0.10540925533894598,510,"Pack up your troubles in your old kit-bag and smile, smile smile. Don't let your joy and laughter hear the snag, smile boys that the style. What's the use of worrying, it never was worth while so, pack up your . . ."
1056,0,1,9,10,1.1,0.10540925533894598,510,If that dog comes back I'll really get mad.
1056,0,1,9,10,1.1,0.10540925533894598,510,"Story of my life, nobody cares."
1056,0,1,9,10,1.1,0.10540925533894598,510,A different point of view never hurts.
1056,0,1,9,10,1.1,0.10540925533894598,510,I'm in an Escher state of mind.
1056,0,1,9,10,1.1,0.10540925533894598,510,I'm a pollster looking for angry voters.
1056,0,1,9,10,1.1,0.10540925533894598,510,"Ahh, Wall Street, nothing like it!"
1056,0,1,9,10,1.1,0.10540925533894598,510,I work from the ground up.
1056,0,1,9,10,1.1,0.10540925533894598,510,I'm sleepin' here!
1056,0,1,9,10,1.1,0.10540925533894598,510,"I just feel like my mind's in another place, Doc."
1056,0,1,9,10,1.1,0.10540925533894598,510,#FlatLivesMatter
1056,0,1,9,10,1.1,0.10540925533894598,510,Hi. I'm Jeb Bush and I'd like your vote.
1056,0,1,9,10,1.1,0.10540925533894598,510,I'm my own boss.
1056,0,1,9,10,1.1,0.10540925533894598,510,Charles was afflicted with a rare condition called compulsive meditation.
1056,0,1,9,10,1.1,0.10540925533894598,510,"He was unequivocal. Whenever I'm feeling stressed, I should just lie down for a few minutes."
1056,0,1,9,10,1.1,0.10540925533894598,510,Just admiring the glass ceiling.
1056,0,1,9,10,1.1,0.10540925533894598,510,Your aura tickles.
1056,0,1,9,10,1.1,0.10540925533894598,510,"With the ever increasing cost of air travel, Brian decided to have his summer vacation exactly where he was."
1056,0,1,9,10,1.1,0.10540925533894598,510,That's the spot. I'm donating a kidney to my brother. The one I caught cheating with my wife.
1056,0,1,9,10,1.1,0.10540925533894598,510,"Until this moment, Terry had never considered himself merely a hurdle in another man's story."
1056,0,1,9,10,1.1,0.10540925533894598,510,My upskirt cam is broken.
1056,0,1,9,10,1.1,0.10540925533894598,510,"Oddly, my middle of the road position just annoys people."
1056,0,1,9,10,1.1,0.10540925533894598,510,I......love a parade.....
1056,0,1,9,10,1.1,0.10540925533894598,510,"Seriously, tread on me."
1056,0,1,9,10,1.1,0.10540925533894598,510,"Geez, I hope he has a chip."
1056,0,1,9,10,1.1,0.10540925533894598,510,I'm starting a new urban movement: Sidewalk Siestas.
1056,0,1,9,10,1.1,0.10540925533894598,510,I told you New Yorkers wouldn't notice!
1056,0,1,9,10,1.1,0.10540925533894598,510,Aah...there's no place like New York in the springtime.
1056,0,1,9,10,1.1,0.10540925533894598,510,"Hey, it's cheaper than a chiropractor."
1056,0,1,9,10,1.1,0.10540925533894598,510,I'm beginning to regret picking the sunny side of the street.
1056,0,1,9,10,1.1,0.10540925533894598,510,"Now now, Simon didn't say stand up."
1056,0,1,9,10,1.1,0.10540925533894598,510,I've been walked on my whole life!
1056,0,1,9,10,1.1,0.10540925533894598,510,Soft landing. Negative interest. Thank you Janet.
1056,0,1,9,10,1.1,0.10540925533894598,510,"Watch me turn invisible with just two words: ""Spare change?"""
1056,0,1,9,10,1.1,0.10540925533894598,510,Can't a man take a leisurely nap around here?
1056,0,1,9,10,1.1,0.10540925533894598,510,Next time I'll take what's behind the curtain!
1056,0,1,9,10,1.1,0.10540925533894598,510,"Keep moving, folks. Nothing to see here."
1056,0,1,9,10,1.1,0.10540925533894598,510,"I made eye contact and I said to him: ""Look, I'm not standing in your way."""
1056,0,1,9,10,1.1,0.10540925533894598,510,I never seem to find the time for some downtime anymore.
1056,0,1,9,10,1.1,0.10540925533894598,510,Excuse me...are you satisfied with your internet provider?
1056,0,1,9,10,1.1,0.10540925533894598,510,"You're not gonna' make it, pal."
1056,0,1,9,10,1.1,0.10540925533894598,510,"Our newest studio, now open! #urbanmeditation"
1056,0,1,9,10,1.1,0.10540925533894598,510,"Slow down, please. I need to count all of you, if I'm to get this traffic study completed."
1056,0,1,9,10,1.1,0.10540925533894598,510,I’m an outlier.
1056,0,1,9,10,1.1,0.10540925533894598,510,Hey! Hi! Hello! Hey There!
1056,0,1,9,10,1.1,0.10540925533894598,510,"His lies weren't always apparent. However, his lying in the middle of the street was harder to overlook."
1056,0,1,9,10,1.1,0.10540925533894598,510,"""Stupid humans..."" - (Rover's reflections on Wall Street's latest 3-D sidewalk chalk-art.)"
1056,0,1,9,10,1.1,0.10540925533894598,510,Jack be nimble.
1056,0,1,9,10,1.1,0.10540925533894598,510,And now it's time for my daily foot fetish break...
1056,0,1,9,10,1.1,0.10540925533894598,510,This just goes to show that I'm nobody's doormat.
1056,0,1,9,10,1.1,0.10540925533894598,510,Yup. Downtrodden.
1056,0,1,9,10,1.1,0.10540925533894598,510,"With lower approval ratings than a cowhide, this chic rug made with a banker is in!"
1056,0,1,9,10,1.1,0.10540925533894598,510,Don't tread on me. I'm a Tea Partier.
1056,0,1,9,10,1.1,0.10540925533894598,510,There's nothing like a power dirt nap.
1056,0,1,9,10,1.1,0.10540925533894598,510,life without a soulmate
1056,0,1,9,10,1.1,0.10540925533894598,510,Just call me Matt.
1056,0,1,9,10,1.1,0.10540925533894598,510,Maybe this wasn't the best spot for my afternoon nap
1056,0,1,9,10,1.1,0.10540925533894598,510,Doesn't that cloud look like a dragon?
1056,0,1,9,10,1.1,0.10540925533894598,510,I'm mansplanking.
1056,0,1,9,10,1.1,0.10540925533894598,510,"Down, but still in the game!"
1056,0,1,9,10,1.1,0.10540925533894598,510,So? You've never seen a guy do crunches before?
1056,0,1,9,10,1.1,0.10540925533894598,510,Now I know how Jeb feels.
1056,0,1,9,10,1.1,0.10540925533894598,510,"Ah, yes, so this is what our democracy being trampled on feels like."
1056,0,1,9,10,1.1,0.10540925533894598,510,Do you ever have one of those days where it seems as if people are just walking all over you?
1056,0,1,9,10,1.1,0.10540925533894598,510,My therapist said something about someone else's shoes.
1056,0,1,9,10,1.1,0.10540925533894598,510,I like to stop and smell the pavement.
1056,0,1,9,10,1.1,0.10540925533894598,510,Where the sidewalk Eds.
1056,0,1,9,10,1.1,0.10540925533894598,510,"At that moment, I thought a speed bump was a good idea."
1056,0,1,9,10,1.1,0.10540925533894598,510,Try to see things from my perspective.
1056,0,1,9,10,1.1,0.10540925533894598,510,"Life's a beach, huh."
1056,0,1,9,10,1.1,0.10540925533894598,510,"It’s okay, I’m on hold."
1056,0,1,9,10,1.1,0.10540925533894598,510,Fred was determined to always keep looking up despite the inconvenience it caused others.
1056,0,1,9,10,1.1,0.10540925533894598,510,"I will not work for less than $10 per hour, period!"
1056,0,1,9,10,1.1,0.10540925533894598,510,Don't jump squares!
1056,0,1,9,10,1.1,0.10540925533894598,510,My therapist recommended empathizing with the 99 percent.
1056,0,1,9,10,1.1,0.10540925533894598,510,I'm taking this lying down.
1056,0,1,9,10,1.1,0.10540925533894598,510,Sorry. The corporate ladder is broken.
1056,0,1,9,10,1.1,0.10540925533894598,510,"Step on a crack, break my mother's back? I don't think so!"
1056,0,1,9,10,1.1,0.10540925533894598,510,I am a Republican congressman practicing urban obstructionism.
1056,0,1,9,10,1.1,0.10540925533894598,510,What's your sleep number?
1056,0,1,9,10,1.1,0.10540925533894598,510,"Yep, there are twelve step programs and there are Twelve Step Programs."
1056,0,1,9,10,1.1,0.10540925533894598,510,"Hey, Everybody! Look Down Here, People--Look At Me! Is There A ""Good Samaritan"" Anywhere! ? !"
1056,0,1,9,10,1.1,0.10540925533894598,510,Really? So nobody knows how to make a good mai tai?
1056,0,1,9,10,1.1,0.10540925533894598,510,"Excuse me, can you please tell me how to get to the Statue of Liberty or should I just go screw myself?"
1056,0,1,9,10,1.1,0.10540925533894598,510,"Hey, watch the iPhone!"
1056,0,1,9,10,1.1,0.10540925533894598,510,I am literally the word on the street.
1056,0,1,9,10,1.1,0.10540925533894598,510,"Aside from occasional narcolepsy, Johnson was a stand-up guy."
1056,0,1,9,10,1.1,0.10540925533894598,510,Job training for a Walmart employee.
1056,0,1,9,10,1.1,0.10540925533894598,510,"I only had eleven vacation minutes left, why?"
1056,0,1,9,10,1.1,0.10540925533894598,510,I think I'm experiencing an egotistical lust to be universally noticed.
1056,0,1,9,10,1.1,0.10540925533894598,510,Everyone has a right to their own comfort zone. Mine is East 32nd Street.
1056,0,1,9,10,1.1,0.10540925533894598,510,"Don't mind me, I'm just getting off that ill-fated cruise ship and needed some sun wherever I can get it!"
1056,0,1,9,10,1.1,0.10540925533894598,510,You'd be surprised by the strides people are taking these days.
1056,0,1,9,10,1.1,0.10540925533894598,510,"No wonder Herb was late for work yesterday. Kinda gives the saying, ""over my dead body,"" a new perspective."
1056,0,1,9,10,1.1,0.10540925533894598,510,You from New York or something?
1056,0,1,9,10,1.1,0.10540925533894598,510,"I can't decide what I like more, the weekend or Casual Friday."
1056,0,1,9,10,1.1,0.10540925533894598,510,The life of a doormat is so very pedestrian.
1056,0,1,9,10,1.1,0.10540925533894598,510,"From here, the ants look like people."
1056,0,1,9,10,1.1,0.10540925533894598,510,"New York, ow! New York, what a owch! what a wonderful t'owch!"
1056,0,1,9,10,1.1,0.10540925533894598,510,Let it go... Let it go...
1056,0,1,9,10,1.1,0.10540925533894598,510,St least the dog didn't think I was a fire hydrant.
1056,0,1,9,10,1.1,0.10540925533894598,510,"So now you know who uploads all those You Tube ""up skirt"" videos."
1056,0,1,9,10,1.1,0.10540925533894598,510,But I digress to an earlier life as a wad of gum.
1056,0,1,9,10,1.1,0.10540925533894598,510,"Home, home on the range...."
1056,0,1,9,10,1.1,0.10540925533894598,510,"living the rat race, from their perspective...."
1056,0,1,9,10,1.1,0.10540925533894598,510,Did you ever have one of those days where you feel like everyone is walking all over you?
1056,0,1,9,10,1.1,0.10540925533894598,510,Just pretend I'm not here.
1056,0,1,9,10,1.1,0.10540925533894598,510,"My therapist said I should stop being a doormat, so I've switched to sidewalks."
1056,0,1,9,10,1.1,0.10540925533894598,510,"My psychology professor warned me about the ""Bystander Effect."""
1056,0,1,9,10,1.1,0.10540925533894598,510,Any sign of the cheerleaders?
1056,0,1,9,10,1.1,0.10540925533894598,510,When we let this piano loose how many do you think we can get.
1056,0,1,9,10,1.1,0.10540925533894598,510,"If the coordinates are correct, this is where I carved my name in the old oak tree."
1056,0,1,9,10,1.1,0.10540925533894598,510,What's all the rush people?
1056,0,1,9,10,1.1,0.10540925533894598,510,How can people say New Yorkers are rude ? Look how carefully people walk over me.
1056,0,1,9,10,1.1,0.10540925533894598,510,Wait! I've got the floor!
1056,0,1,9,10,1.1,0.10540925533894598,510,"That's right, nothin' to see here, keep it movin', people."
1056,0,1,9,10,1.1,0.10540925533894598,510,"During Lunch, on the day of the Grammies, John decided to have his own Adele Moment."
1056,0,1,9,10,1.1,0.10540925533894598,510,roammmmmmmm roammmmmmmm roammmmmmmm
1056,0,1,9,10,1.1,0.10540925533894598,510,I'm getting down with my bad self !
1056,0,1,9,10,1.1,0.10540925533894598,510,...more than one in ten Americans feel underappreciated.
1056,0,1,9,10,1.1,0.10540925533894598,510,"It's called, ""Being laid back."""
1056,0,1,9,10,1.1,0.10540925533894598,510,"Anybody else getting a message from the ceiling fan? No you wouldn't be, would you?"
1056,0,1,9,10,1.1,0.10540925533894598,510,I feel like sidewalk kill.
1056,0,1,9,10,1.1,0.10540925533894598,510,"Buddy, can you spare a hundred dollars?"
1056,0,1,9,10,1.1,0.10540925533894598,510,I'm just resting my eyes...
1056,0,1,9,10,1.1,0.10540925533894598,510,I have man-spread my privilege under your feet; Tread softly because you tread on my entitlement.
1056,0,1,9,10,1.1,0.10540925533894598,510,Well at least I'm not at work
1056,0,1,9,10,1.1,0.10540925533894598,510,Easy pal. I was just told to get some concrete ideas.
1056,0,1,9,10,1.1,0.10540925533894598,510,I always take a nap at two..Deal with it.
1056,0,1,9,10,1.1,0.10540925533894598,510,"Yeah, but it's rent controlled."
1056,0,1,9,10,1.1,0.10540925533894598,510,"'I'm contemplating the universe in combination with some random upskirting, OK?"""
1056,0,1,9,10,1.1,0.10540925533894598,510,"Empowered by mindfulness and three margaritas, Clifford promptly found his own beach"
1056,0,1,9,10,1.1,0.10540925533894598,510,There are right ways and wrong ways to fix a cracked sidewalk.
1056,0,1,9,10,1.1,0.10540925533894598,510,I'm manbacking. Deal with it.
1056,0,1,9,10,1.1,0.10540925533894598,510,"Smile, you're on Candid Camera."
1056,0,1,9,10,1.1,0.10540925533894598,510,I hope someone takes a snapchat of me
1056,0,1,9,10,1.1,0.10540925533894598,510,"Just building my ""obstructionist"" resume. Congress, here I come!"
1056,0,1,9,10,1.1,0.10540925533894598,510,Tiffany and I are thinking of going off the grid.
1056,0,1,9,10,1.1,0.10540925533894598,510,TGIF
1056,0,1,9,10,1.1,0.10540925533894598,510,"You know, you're missing the guys in the parachutes"
1056,0,1,9,10,1.1,0.10540925533894598,510,I wanna wake up in a city that never sleeps . . .
1056,0,1,9,10,1.1,0.10540925533894598,510,the alternative is dieting!
1056,0,1,9,10,1.1,0.10540925533894598,510,And you wonder why my wife calls me a doormat!
1056,0,1,9,10,1.1,0.10540925533894598,510,"..me lazy! I'll show her. tomorrow; early next week, tops."
1056,0,1,9,10,1.1,0.10540925533894598,510,It was then that Matt realized his calling.
1056,0,1,9,10,1.1,0.10540925533894598,510,I'm a pedestrian speed bump.
1056,0,1,9,10,1.1,0.10540925533894598,510,Can one of you guys call an ambulance?
1056,0,1,9,10,1.1,0.10540925533894598,510,I just wanted to practice before the wedding.
1056,0,1,9,10,1.1,0.10540925533894598,510,I talk the talk!
1056,0,1,9,10,1.1,0.10540925533894598,510,I'm on a staycation.
1056,0,1,9,10,1.1,0.10540925533894598,510,I was appointed downtown sky admirer commissioner.
1056,0,1,9,10,1.1,0.10540925533894598,510,Last time I book a room on Airbnb from HomelessTom.
1056,0,1,9,10,1.1,0.10540925533894598,510,"""Like a bridge over troubled waters, I will lay me down."" is just a metaphor."
1056,0,1,9,10,1.1,0.10540925533894598,510,"Although Gulliver survived, thousands of Lilliputian reenactors were killed when organizers failed to obtain permits necessary to close off the street."
1056,0,1,9,10,1.1,0.10540925533894598,510,cheapest rent in the West Side
1056,0,1,9,10,1.1,0.10540925533894598,510,The Priest gave me a choice a day of this or five hours of Hawaiian music
1056,0,1,9,10,1.1,0.10540925533894598,510,The clouds are looking particularly miserable today.
1056,0,1,9,10,1.1,0.10540925533894598,510,It’s a low-level position but they assured me it would be a stepping stone.
1056,0,1,9,10,1.1,0.10540925533894598,510,Life's just passing me by.
1056,0,1,9,10,1.1,0.10540925533894598,510,I just quit my job...I was tired of being treated like a doormat.
1056,0,1,9,10,1.1,0.10540925533894598,510,When Banksy Rests
1056,0,1,9,10,1.1,0.10540925533894598,510,So this is how the other half lives.
1056,0,1,9,10,1.1,0.10540925533894598,510,"Topeka actually...say, how did you know I was from out of town?"
1056,0,1,9,10,1.1,0.10540925533894598,510,Scalia's dead? Screw it.
1056,0,1,9,10,1.1,0.10540925533894598,510,"i'm not in your way, am i?"
1056,0,1,9,10,1.1,0.10540925533894598,510,"I'm the new guy, Matt."
1056,0,1,9,10,1.1,0.10540925533894598,510,Finally a cure for a long standing business problem-Doormat Therapy.
1056,0,1,9,10,1.1,0.10540925533894598,510,Americans - So busy and distracted you can lay down on the street and not get touched or questioned.
1056,0,1,9,10,1.1,0.10540925533894598,510,"Sidewalk jam, talk bout lying down on the job!"
1056,0,1,9,10,1.1,0.10540925533894598,510,"My psychiatrist said I need to stop internalizing my problems, but, whatever, just keep moving along if you don't want to listen."
1056,0,1,9,10,1.1,0.10540925533894598,510,This was a totally different experience on LSD in the 60’s.
1056,0,1,9,10,1.1,0.10540925533894598,510,So this is what they mean by trickle-down economics...
1056,0,1,9,10,1.1,0.10540925533894598,510,I think that gargoyle just smiled at me.
1056,0,1,9,10,1.1,0.10540925533894598,510,"To lay, to lie, laying, lying, and even laid and lain, I am alone."
1056,0,1,9,10,1.1,0.10540925533894598,510,""" My wife keeps telling me to ' Just stop and smell the roses.' Got any roses?''"
1056,0,1,9,10,1.1,0.10540925533894598,510,Now that I've retired I miss being walked on. Thanks.
1056,0,1,9,10,1.1,0.10540925533894598,510,"Dow's down 650, but things are starting to look up."
1056,0,1,9,10,1.1,0.10540925533894598,510,So this what it's like to be married to other people
1056,0,1,9,10,1.1,0.10540925533894598,510,The fluffy one looks like a puppy.
1056,0,1,9,10,1.1,0.10540925533894598,510,Shavasana puts me in a different place
1056,0,1,9,10,1.1,0.10540925533894598,510,Don't mind me. I'm just trying to carpe my diem!
1056,0,1,9,10,1.1,0.10540925533894598,510,"Tim was a masochist, yes, but he often retreated to his happy place."
1056,0,1,9,10,1.1,0.10540925533894598,510,"Many small steps for man, a giant leap backwards for mankind"
1056,0,1,9,10,1.1,0.10540925533894598,510,"Hi, what's your niche in the ecosystem."
1056,0,1,9,10,1.1,0.10540925533894598,510,Isn't this a James Turrell ceiling?
1056,0,1,9,10,1.1,0.10540925533894598,510,I'm done walking a mile in my shoes.
1056,0,1,9,10,1.1,0.10540925533894598,510,Can't you feel the gravitational waves?
1056,0,1,9,10,1.1,0.10540925533894598,510,"Yep, you need your nose hairs cut."
1056,0,1,9,10,1.1,0.10540925533894598,510,Who said I'd never make the Walk of Fame?
1056,0,1,9,10,1.1,0.10540925533894598,510,"Let's pretend I'm chalk art, o.k.?"
1056,0,1,9,10,1.1,0.10540925533894598,510,Have a blessed day.
1056,0,1,9,10,1.1,0.10540925533894598,510,I'm building my immunity for the meeting with corporate this week.
1056,0,1,9,10,1.1,0.10540925533894598,510,I figured it's time to literally get walked all over.
1056,0,1,9,10,1.1,0.10540925533894598,510,"So this is what you mean by ""Think Tank."""
1056,0,1,9,10,1.1,0.10540925533894598,510,"Hey, I'm fine with the robbery, just don't take my pants, ok?"
1056,0,1,9,10,1.1,0.10540925533894598,510,"You're blocking my sun, buddy!"
1056,0,1,9,10,1.1,0.10540925533894598,510,It's been a rough day. I just got laid off.
1056,0,1,9,10,1.1,0.10540925533894598,510,Extreme napping is harder than it looks.
1056,0,1,9,10,1.1,0.10540925533894598,510,Why? Dry cleaning is cheaper than my chiropractor.
1056,0,1,9,10,1.1,0.10540925533894598,510,Things are looking up.
1056,0,1,9,10,1.1,0.10540925533894598,510,"If I can make it lying down here, I can make it lying down anywhere."
1056,0,1,9,10,1.1,0.10540925533894598,510,My shrink says I'm too passive. What do you think?
1056,0,1,9,10,1.1,0.10540925533894598,510,Got the hop. Still waiting for the scotch.
1056,0,1,9,10,1.1,0.10540925533894598,510,This does wonders for the sciatica.
1056,0,1,9,10,1.1,0.10540925533894598,510,The earth is flat . . . they don't exist . . . the earth is flat . . . ouch
1056,0,1,9,10,1.1,0.10540925533894598,510,Try being invisible. See how YOU feel.
1056,0,1,9,10,1.1,0.10540925533894598,510,"My therapist was right, people do walk all over me."
1056,0,1,9,10,1.1,0.10540925533894598,510,Looks like another hit-and-run victim.
1056,0,1,9,10,1.1,0.10540925533894598,510,"Thanks for stopping, my therapist said my feelings of being inconspicuous were unfounded."
1056,0,1,9,10,1.1,0.10540925533894598,510,Occupy Wall Side Street
1056,0,1,9,10,1.1,0.10540925533894598,510,Please tread on me.
1056,0,1,9,10,1.1,0.10540925533894598,510,Just retired.
1056,0,1,9,10,1.1,0.10540925533894598,510,My therapist says I let people walk all over me.
1056,0,1,9,10,1.1,0.10540925533894598,510,"Somehow when I thought of how my life would flash before my eyes, I thought my life would look a little more extraordinary."
1056,0,1,9,10,1.1,0.10540925533894598,510,I'm just the fall guy.
1056,0,1,9,10,1.1,0.10540925533894598,510,It's my penance during Lent.
1056,0,1,9,10,1.1,0.10540925533894598,510,I did it! I'm invisible! Ouch...
1056,0,1,9,10,1.1,0.10540925533894598,510,Any witnesses? I am the first victim of a gravity wave.
1056,0,1,9,10,1.1,0.10540925533894598,510,Relax!!Life goes on.
1056,0,1,9,10,1.1,0.10540925533894598,510,"Hi, I'm Matt and I'll be your performance artist."
1056,0,1,9,10,1.1,0.10540925533894598,510,"I my be down, but things are lookin' up."
1056,0,1,9,10,1.1,0.10540925533894598,510,This performance art stuff is getting out of hand.
1056,0,1,9,10,1.1,0.10540925533894598,510,Only five hours a month — it’s part of my divorce agreement.
1056,0,1,9,10,1.1,0.10540925533894598,510,NYC street therapy session
1056,0,1,9,10,1.1,0.10540925533894598,510,In-Training to be a Hollywood personal assistant.
1056,0,1,9,10,1.1,0.10540925533894598,510,Climbing the corporate ladder
1056,0,1,9,10,1.1,0.10540925533894598,510,Everyone just walks all over me!
1056,0,1,9,10,1.1,0.10540925533894598,510,People be trippin'
1056,0,1,9,10,1.1,0.10540925533894598,510,Hey! I'm trying to do situps here!
1056,0,1,9,10,1.1,0.10540925533894598,510,?? I'm not your stepping stone ????
1056,0,1,9,10,1.1,0.10540925533894598,510,"To be more concrete about it, I feel very grounded today."
1056,0,1,9,10,1.1,0.10540925533894598,510,My osteopath says it's good for the back!
1056,0,1,9,10,1.1,0.10540925533894598,510,"Why, Yes, I do feel that modern chalk art sets an unrealistic standard for people like me."
1056,0,1,9,10,1.1,0.10540925533894598,510,Tom was fired because he was lying down on the job.
1056,0,1,9,10,1.1,0.10540925533894598,510,When I was a kid this was all open meadow.
1056,0,1,9,10,1.1,0.10540925533894598,510,It's a small world afterall
1056,0,1,9,10,1.1,0.10540925533894598,510,Don't mind me. I'm just having a power nap.
1056,0,1,9,10,1.1,0.10540925533894598,510,I'm tired of being a doormat so I decided to take it on the road.
1056,0,1,9,10,1.1,0.10540925533894598,510,So this is what it is like to be downtrodden.
1056,0,1,9,10,1.1,0.10540925533894598,510,There's not even a moment's respite on the sidewalk to success.
1056,0,1,9,10,1.1,0.10540925533894598,510,It's what they call a staycation.
1056,0,1,9,10,1.1,0.10540925533894598,510,That cloud looks just like me getting fired this morning.
1056,0,1,9,10,1.1,0.10540925533894598,510,"I have fallen----but don't worry, I CAN get up!!"
1056,0,1,9,10,1.1,0.10540925533894598,510,My wife found the idea on Pinterest.
1056,0,1,9,10,1.1,0.10540925533894598,510,I'm lying down here! I'm lying down here!
1056,0,1,9,10,1.1,0.10540925533894598,510,"If I can make it here, I'll make it any where!"
1056,0,1,9,10,1.1,0.10540925533894598,510,I've shifted my paradigm.
1056,0,1,9,10,1.1,0.10540925533894598,510,"Oblivion No5, pour Homme"
1056,0,1,9,10,1.1,0.10540925533894598,510,I don't know why I let everyone walk all over me
1056,0,1,9,10,1.1,0.10540925533894598,510,I DID select a new Sleep Number. Can this be right?
1056,0,1,9,10,1.1,0.10540925533894598,510,"So, this is what rock bottom feels like."
1056,0,1,9,10,1.1,0.10540925533894598,510,I'm testing my meme: don't tread on me.
1056,0,1,9,10,1.1,0.10540925533894598,510,It is NOT a beer gut. It's groundswell.
1056,0,1,9,10,1.1,0.10540925533894598,510,"Hey, didn't we just see you in a movie"
1056,0,1,9,10,1.1,0.10540925533894598,510,They told me to gather concrete evidence.
1056,0,1,9,10,1.1,0.10540925533894598,510,Still beats sitting at my desk.
1056,0,1,9,10,1.1,0.10540925533894598,510,"So, I've been pondering that 'Life passing you by' thing..."
1056,0,1,9,10,1.1,0.10540925533894598,510,"After feeling trampled for so long, I'm finally looking up."
1056,0,1,9,10,1.1,0.10540925533894598,510,"291, 292, 293, ouch, darn, ok, 1, 2, 3"
1056,0,1,9,10,1.1,0.10540925533894598,510,"My therapist said I let people walk all over me, so I'm trying to curb that."
1056,0,1,9,10,1.1,0.10540925533894598,510,I declare myself to be the first human Speed Bump!
1056,0,1,9,10,1.1,0.10540925533894598,510,"What is this, Grand Central Station?"
1056,0,1,9,10,1.1,0.10540925533894598,510,You ever get the feeling that you're invisible?
1056,0,1,9,10,1.1,0.10540925533894598,510,Did he just call me Gulliver?
1056,0,1,9,10,1.1,0.10540925533894598,510,You and the dog were the only ones to notice
1056,0,1,9,10,1.1,0.10540925533894598,510,"I'm the new ad man for ""death of a salesman"" opening on Broadway next month."
1056,0,1,9,10,1.1,0.10540925533894598,510,"Mother named me Matt, now look at me!"
1056,0,1,9,10,1.1,0.10540925533894598,510,Do I look like a welcome mat!?
1056,0,1,9,10,1.1,0.10540925533894598,510,"'Ok, then, I WILL lay down on the job."""
1056,0,1,9,10,1.1,0.10540925533894598,510,"Hey buddy, why are you... oh that's right, it's National Skirt Day."
1056,0,1,9,10,1.1,0.10540925533894598,510,Congratulations. You're the first hurdler in our poll of New York values.
1056,0,1,9,10,1.1,0.10540925533894598,510,"Hey, watch it. This is a brand new suit."
1056,0,1,9,10,1.1,0.10540925533894598,510,"Counter-clockwise, my good man; counter clockwise."
1056,0,1,9,10,1.1,0.10540925533894598,510,I call it Manspreading 2.0.
1056,0,1,9,10,1.1,0.10540925533894598,510,"Lets pick um up for Chris Christie, just ahead."
1056,0,1,9,10,1.1,0.10540925533894598,510,"You're all missing the eclipse ""You're all missing the eclipse."
1056,0,1,9,10,1.1,0.10540925533894598,510,It's a new bored game.
1056,0,1,9,10,1.1,0.10540925533894598,510,Note to self: The assertiveness sessions aren't working.
1056,0,1,9,10,1.1,0.10540925533894598,510,"Alright, pigeon, are we even now?"
1056,0,1,9,10,1.1,0.10540925533894598,510,"Sometimes you feel like a nut, sometimes you don't."
1056,0,1,9,10,1.1,0.10540925533894598,510,"Well, when I was born, my mom said ""Welcome, Matt""."
1056,0,1,9,10,1.1,0.10540925533894598,510,Spare a few credit default swaps?
1056,0,1,9,10,1.1,0.10540925533894598,510,"Don't mind me, just feeling a little rugged"
1056,0,1,9,10,1.1,0.10540925533894598,510,I love making new enemies on the social platform.
1056,0,1,9,10,1.1,0.10540925533894598,510,So here I am doing downside analysis on Wall Street.
1056,0,1,9,10,1.1,0.10540925533894598,510,"Cathartically it’s my new purgative, bottoms-up approach."
1056,0,1,9,10,1.1,0.10540925533894598,510,"Dr. Zemf's relaxation techniques were effective, but controversial."
1056,0,1,9,10,1.1,0.10540925533894598,510,I'm looking for my Horizontal Asymptotes.
1056,0,1,9,10,1.1,0.10540925533894598,510,Haste makes waste.
1056,0,1,9,10,1.1,0.10540925533894598,510,'Thanks for not going over my head.'
1056,0,1,9,10,1.1,0.10540925533894598,510,If the Presidential Election were held today ...
1056,0,1,9,10,1.1,0.10540925533894598,510,"Yes, everything does look up from here."
1056,0,1,9,10,1.1,0.10540925533894598,510,We really could use another park around here.
1056,0,1,9,10,1.1,0.10540925533894598,510,Relax folks! Nobody gets off this sidewalk until the New Yorker says so.
1056,0,1,9,10,1.1,0.10540925533894598,510,I hate rush hour traffic.
1056,0,1,9,10,1.1,0.10540925533894598,510,I'm literally floored.
1056,0,1,9,10,1.1,0.10540925533894598,510,The psychiatrist said I should stop acting like a door mat.... old habits are hard to break !
1056,0,1,9,10,1.1,0.10540925533894598,510,"No, Commander Voltok, I have not yet adjusted to earthling gravity, but the fools seem to be convinced I am ""chilling."""
1056,0,1,9,10,1.1,0.10540925533894598,510,The cross-over candidate we've been waiting for!
1056,0,1,9,10,1.1,0.10540925533894598,510,It just shows that I am too big to fail.
1056,0,1,9,10,1.1,0.10540925533894598,510,Oh crap! Mama was right!
1056,0,1,9,10,1.1,0.10540925533894598,510,"When your body says, ""Nap,"" nap and let folks go where and do what theirs demand."
1056,0,1,9,10,1.1,0.10540925533894598,510,"I'm planning to live off the grid, permanently!"
1056,0,1,9,10,1.1,0.10540925533894598,510,There really is a sky up there!
1056,0,1,9,10,1.1,0.10540925533894598,510,It's a masterpiece of non-performance art.
1056,0,1,9,10,1.1,0.10540925533894598,510,It was either this 100 hours community service or Danbury.
1056,0,1,9,10,1.1,0.10540925533894598,510,Passing out in a ditch is so cliche.
1056,0,1,9,10,1.1,0.10540925533894598,510,Note to self: Successful time out for self likely location dependent...
1056,0,1,9,10,1.1,0.10540925533894598,510,"Finally, my own star on the Hollywood Walk of Fame."
1056,0,1,9,10,1.1,0.10540925533894598,510,Ooh ... And there's an angry bunny!
1056,0,1,9,10,1.1,0.10540925533894598,510,"...and THAT one looks like a giant castle with a MAN'S nose shooting across it! Isn't this way more fun than the park? ...Uh, are you still playing, son?"
1056,0,1,9,10,1.1,0.10540925533894598,510,"So, tell me. Is laying down on the job a reason to get fired?"
1056,0,1,9,10,1.1,0.10540925533894598,510,"No, I'm a philosopher."
1056,0,1,9,10,1.1,0.10540925533894598,510,This is my fetish.
1056,0,1,9,10,1.1,0.10540925533894598,510,...and that one looks like Mount Rushmore! Is anyone else seeing this?!?
1056,0,1,9,10,1.1,0.10540925533894598,510,I felt that everyone should be able to say they had to climb over someone to get to their position at work.
1056,0,1,9,10,1.1,0.10540925533894598,510,Why do I keep getting stepped over for promotion?
1056,0,1,9,10,1.1,0.10540925533894598,510,""" I'm having a good day today. as long as the guy who wears golf shoes doesn't come by""."
1056,0,1,9,10,1.1,0.10540925533894598,510,"Ahhh, this is how you watch life pass you by."
1056,0,1,9,10,1.1,0.10540925533894598,510,I'm trying to decide if I want to run for President.
1056,0,1,9,10,1.1,0.10540925533894598,510,"We also serve, who watch and wait."
1056,0,1,9,10,1.1,0.10540925533894598,510,"I'm anti-Tea Party, get it... Like, do tread on me!?"
1056,0,1,9,10,1.1,0.10540925533894598,510,"A sloth market, you might say."
1056,0,1,9,10,1.1,0.10540925533894598,510,Outside the narcolepsy institute.
1056,0,1,9,10,1.1,0.10540925533894598,510,Josh protests the absence of park benches.
1056,0,1,9,10,1.1,0.10540925533894598,510,Please watch your step.
1056,0,1,9,10,1.1,0.10540925533894598,510,It used to be easy to draw a crowd in New York.
1056,0,1,9,10,1.1,0.10540925533894598,510,I stopped trying a long time ago.
1056,0,1,9,10,1.1,0.10540925533894598,510,No I feel like just another man on the street.
1056,0,1,9,10,1.1,0.10540925533894598,510,Urban Power Nap
1056,0,1,9,10,1.1,0.10540925533894598,510,""" Whatever it takes to get to the Top""."
1056,0,1,9,10,1.1,0.10540925533894598,510,I can remember when this spot was a meadow. I'd lay here daydreaming for hours.
1056,0,1,9,10,1.1,0.10540925533894598,510,I'm the poster boy for LaidBack.com
1056,0,1,9,10,1.1,0.10540925533894598,510,Watch out for my funny bone.
1056,0,1,9,10,1.1,0.10540925533894598,510,Have a good one!
1056,0,1,9,10,1.1,0.10540925533894598,510,Yep it's great to find a place where no one will bother you
1056,0,1,9,10,1.1,0.10540925533894598,510,Open source ashiatsu has done wonders for my back.
1056,0,1,9,10,1.1,0.10540925533894598,510,Woof…wowa!
1056,0,1,9,10,1.1,0.10540925533894598,510,"Yeah, I like it very firm--my Sleep Number is WAY off the dial."
1056,0,1,9,10,1.1,0.10540925533894598,510,"Every so often, it's nice to take a break and just watch the world go by."
1056,0,1,9,10,1.1,0.10540925533894598,510,You probably don't realize how hard it was to land on my back.
1056,0,1,9,10,1.1,0.10540925533894598,510,Most men lead lives of quiet desperation.
1056,0,1,9,10,1.1,0.10540925533894598,510,"Beach Week just seemed different since the venue change, Al decided."
1056,0,1,9,10,1.1,0.10540925533894598,510,If you would take the time to look up you would see that the sky actually IS falling
1056,0,1,9,10,1.1,0.10540925533894598,510,Sometimes you just have to stop and smell the dog poop.
1056,0,1,9,10,1.1,0.10540925533894598,510,Almost everything depends on your point of view.
1056,0,1,9,10,1.1,0.10540925533894598,510,''Narcolepsy in the city.''
1056,0,1,9,10,1.1,0.10540925533894598,510,My doctor told me to get more rest.
1056,0,1,9,10,1.1,0.10540925533894598,510,I guess I will take it lying down
1056,0,1,9,10,1.1,0.10540925533894598,510,I feel like I am flying in Coach.
1056,0,1,9,10,1.1,0.10540925533894598,510,Being homeless doe not mean one must dress poorly and live alone.
1056,0,1,9,10,1.1,0.10540925533894598,510,I've stopped fighting it. People really can just walk all over you.
1056,0,1,9,10,1.1,0.10540925533894598,510,"Raised by eagles, George Immerman looked forward to Tuesdays when his mother brought him his lunch."
1056,0,1,9,10,1.1,0.10540925533894598,510,Can't a guy birdwatch in peace anymore?
1056,0,1,9,10,1.1,0.10540925533894598,510,This always happens at crunch time.
1056,0,1,9,10,1.1,0.10540925533894598,510,At first I was skeptical but my career counselor was right. Things are beginning to look up from here.
1056,0,1,9,10,1.1,0.10540925533894598,510,300$ a month!
1056,0,1,9,10,1.1,0.10540925533894598,510,I'm getting a Jeb Bush complex down here.
1056,0,1,9,10,1.1,0.10540925533894598,510,Rex was elated that his Wall Street investment scam didn't land him in the gutter. It had landed him at least two feet away from that gutter.
1056,0,1,9,10,1.1,0.10540925533894598,510,So far your the highest!
1056,0,1,9,10,1.1,0.10540925533894598,510,"Look Jim! I see something blue. Never mind, Its not a care in the world."
1056,0,1,9,10,1.1,0.10540925533894598,510,"I think I need to tell my therapist that this whole ""becoming one with the earth"" thing isn't working."
1056,0,1,9,10,1.1,0.10540925533894598,510,The Great American Lunch Break.
1056,0,1,9,10,1.1,0.10540925533894598,510,"Step on a crack, break my MOTHER'S back...oh what the hell, go for it anyway."
1056,0,1,9,10,1.1,0.10540925533894598,510,Pro: dropped pizza. Con: boot to the groin.
1056,0,1,9,10,1.1,0.10540925533894598,510,"Say, you wouldn't happen to have a pillow, would you?"
1056,0,1,9,10,1.1,0.10540925533894598,510,Slow down and smell the sidewalk.
1056,0,1,9,10,1.1,0.10540925533894598,510,Welcome to my staycation.
1056,0,1,9,10,1.1,0.10540925533894598,510,"I thought the saying was ""over my dead body."""
1056,0,1,9,10,1.1,0.10540925533894598,510,"Step on a crack and break your mother's, I mean, my back."
1056,0,1,9,10,1.1,0.10540925533894598,510,"My inferiority complex, Doc? I feel like I'm always being stepped over."
1056,0,1,9,10,1.1,0.10540925533894598,510,So... do you think Speed Bump Man would be an exciting superhero?
1056,0,1,9,10,1.1,0.10540925533894598,510,Never a dull moment
1056,0,1,9,10,1.1,0.10540925533894598,510,At least no one says 'How are you?' here.
1056,0,1,9,10,1.1,0.10540925533894598,510,"Y'know, things DO look different from this end of the skyscraper!"
1056,0,1,9,10,1.1,0.10540925533894598,510,"Hey pal, can I interest you in a reverse mortgage?"
1056,0,1,9,10,1.1,0.10540925533894598,510,My travel allowance doesn't cover lodging.
1056,0,1,9,10,1.1,0.10540925533894598,510,Oh God... They're everywhere!
1056,0,1,9,10,1.1,0.10540925533894598,510,Now I know how Jeb Bush feels.
1056,0,1,9,10,1.1,0.10540925533894598,510,"In your haste, forget ye not to behold the soft squares of sky patterning overhead."
1056,0,1,9,10,1.1,0.10540925533894598,510,"My cubicle is a bit cramped, and I needed to stretch my legs."
1056,0,1,9,10,1.1,0.10540925533894598,510,I'm a Wall Street Executive Masochist.
1056,0,1,9,10,1.1,0.10540925533894598,510,I feel like no one notices me.
1056,0,1,9,10,1.1,0.10540925533894598,510,At least they're stepping over me.
1056,0,1,9,10,1.1,0.10540925533894598,510,"Step on a crack, you'll break your mother's back."
1056,0,1,9,10,1.1,0.10540925533894598,510,Anyone catch the number of that scooter?
1056,0,1,9,10,1.1,0.10540925533894598,510,Just give me a New York minute.
1056,0,1,9,10,1.1,0.10540925533894598,510,"Yes, it's small, but it is close to the subway."
1056,0,1,9,10,1.1,0.10540925533894598,510,Stand me up and I'm a model citizen just like you.
1056,0,1,9,10,1.1,0.10540925533894598,510,Things are certainly looking up lately!
1056,0,1,9,10,1.1,0.10540925533894598,510,I think even that dog looked down on me.
1056,0,1,9,10,1.1,0.10540925533894598,510,Empathy has its limits.
1056,0,1,9,10,1.1,0.10540925533894598,510,"Keep coming. I'm planning to run for Speaker of the House, and this is the perfect training."
1056,0,1,9,10,1.1,0.10540925533894598,510,"Go ahead, take your time, weigh your options, but I would certainly appreciate your vote on Super Tuesday."
1056,0,1,9,10,1.1,0.10540925533894598,510,And I am the only candidate who knows the pain of being downtrodden!
1056,0,1,9,10,1.1,0.10540925533894598,510,I am tired of being an outlier.
1056,0,1,9,10,1.1,0.10540925533894598,510,Owwwmmmmmmmmmmmm.
1056,0,1,9,10,1.1,0.10540925533894598,510,My therapist said I need to change the way I look at the world…and it is working.
1056,0,1,9,10,1.1,0.10540925533894598,510,I realized I'm more of a 'give up' than a 'persevere' kind of guy.
1056,0,1,9,10,1.1,0.10540925533894598,510,Spring at the park
1056,0,1,9,10,1.1,0.10540925533894598,510,Welcome to EXTREME team building!
1056,0,1,9,10,1.1,0.10540925533894598,510,Just consider me as one of life's little speed bumps.
1056,0,1,9,10,1.1,0.10540925533894598,510,I love retirement.
1056,0,1,9,10,1.1,0.10540925533894598,510,"At the end of the day, human contact is human contact."
1056,0,1,9,10,1.1,0.10540925533894598,510,Don't let me lie in the way of progress.
1056,0,1,9,10,1.1,0.10540925533894598,510,"Can you keep it down please...the noise, not your foot."
1056,0,1,9,10,1.1,0.10540925533894598,510,It's cheaper than the sessions with my Mistress.
1056,0,1,9,10,1.1,0.10540925533894598,510,It's getting hard to find a place to exercise.
1056,0,1,9,10,1.1,0.10540925533894598,510,"It's really a kids game, but you're welcome to try it."
1056,0,1,9,10,1.1,0.10540925533894598,510,I got tired of waiting for Godot.
1056,0,1,9,10,1.1,0.10540925533894598,510,All I get is a signed cartoon print for this?
1056,0,1,9,10,1.1,0.10540925533894598,510,Flat Stanley. All grown up.
1056,0,1,9,10,1.1,0.10540925533894598,510,I told them not to sell the office couch.
1056,0,1,9,10,1.1,0.10540925533894598,510,Just call me congress.
1056,0,1,9,10,1.1,0.10540925533894598,510,"The backup on 57th and Lex is now looking up, but we still suggest you tread lightly. Back to you, Jim"
1056,0,1,9,10,1.1,0.10540925533894598,510,This town is magical.
1056,0,1,9,10,1.1,0.10540925533894598,510,"""Occupy Main Street,"" that's what."
1056,0,1,9,10,1.1,0.10540925533894598,510,Recent aerial photography now supports the STANLEY-WASN'T-ALWAYS-FLAT theory.
1056,0,1,9,10,1.1,0.10540925533894598,510,I was born to be an urban legend.
1056,0,1,9,10,1.1,0.10540925533894598,510,"It's not much, but at least it's rent-controlled."
1056,0,1,9,10,1.1,0.10540925533894598,510,"Hi, I represent the political establishment; you got a minute?"
1056,0,1,9,10,1.1,0.10540925533894598,510,"Wake me when the election's over. No, wait."
1056,0,1,9,10,1.1,0.10540925533894598,510,"Well, Dr. Ralston, this is just a shot in the dark, but did you, by any chance, mention anything to my husband about needing to face his fears of everyone walking all over him?"
1056,0,1,9,10,1.1,0.10540925533894598,510,My therapist suggested this might improve my empathy
1056,0,1,9,10,1.1,0.10540925533894598,510,"Now that I am down, nobody kicks me anymore."
1056,0,1,9,10,1.1,0.10540925533894598,510,. . . and that was the first time that I felt truly detached from myself and my surroundings.
1056,0,1,9,10,1.1,0.10540925533894598,510,My Sidewalk Supervisor position certainly keeps life in perspective.
1056,0,1,9,10,1.1,0.10540925533894598,510,I've never noticed how blue the sky is.
1056,0,1,9,10,1.1,0.10540925533894598,510,I come here to think
1056,0,1,9,10,1.1,0.10540925533894598,510,The next rest area is nine blocks south.
1056,0,1,9,10,1.1,0.10540925533894598,510,"So what do think, better than a handprint?"
1056,0,1,9,10,1.1,0.10540925533894598,510,"I see a duckie and a whale and or look, a dragon"
1056,0,1,9,10,1.1,0.10540925533894598,510,Oh I see. You think you all are above me?!
1056,0,1,9,10,1.1,0.10540925533894598,510,You know my last girlfriend used to call me a doormat...
1056,0,1,9,10,1.1,0.10540925533894598,510,When I worked at Google we had pods for this.
1056,0,1,9,10,1.1,0.10540925533894598,510,I'm taking a staycation.
1056,0,1,9,10,1.1,0.10540925533894598,510,I burned a lot of bridges.
1056,0,1,9,10,1.1,0.10540925533894598,510,I'm a professional cloud watcher. Please move along.
1056,0,1,9,10,1.1,0.10540925533894598,510,"That's right, taking a sidewalk on the wild side ..."
1056,0,1,9,10,1.1,0.10540925533894598,510,"First the traffic, and now the humans. I'm definitely going to be late for work."
1056,0,1,9,10,1.1,0.10540925533894598,510,Not a single pigeon this morning.
1056,0,1,9,10,1.1,0.10540925533894598,510,Decaf just doesn't do it for me.
1056,0,1,9,10,1.1,0.10540925533894598,510,Can someone point me to Wall Street?
1056,0,1,9,10,1.1,0.10540925533894598,510,It's getting harder and harder to find a place to meditate around here.
1056,0,1,9,10,1.1,0.10540925533894598,510,And the guy with a briefcase looks to finish a close second!
1056,0,1,9,10,1.1,0.10540925533894598,510,I'm protesting the 99%.
1056,0,1,9,10,1.1,0.10540925533894598,510,I'm butt dialing.
1056,0,1,9,10,1.1,0.10540925533894598,510,My therapist says I need to stop letting people walk all over me.
1056,0,1,9,10,1.1,0.10540925533894598,510,I don't know why I keep letting people walk all over me.
1056,0,1,9,10,1.1,0.10540925533894598,510,New Yorkers are not impressed by singing sidewalk chalk art.
1056,0,1,9,10,1.1,0.10540925533894598,510,"My therapist suggested that I look at things from a different perspective. In retrospect, I think he meant it figuratively."
1056,0,1,9,10,1.1,0.10540925533894598,510,"Bob's performance art of ""The Most Beautiful Suicide"" failed to elicit a response from the jaded public."
1056,0,1,9,10,1.1,0.10540925533894598,510,"Okay, who is the wise guy wearing the metal cleats?"
1056,0,1,9,10,1.1,0.10540925533894598,510,"Well Doc, you said I need to look at life from a different perspective."
1056,0,1,9,10,1.1,0.10540925533894598,510,I wanted to get laid in the worst way possible.
1056,0,1,9,10,1.1,0.10540925533894598,510,Ahh! Nothing better than a good old fashioned NYC trample massage!
1056,0,1,9,10,1.1,0.10540925533894598,510,"Hey, this isn't ""street art""!"
1056,0,1,9,10,1.1,0.10540925533894598,510,"Before you judge, know that I was the guy who started the jogging craze."
1056,0,1,9,10,1.1,0.10540925533894598,510,"Oh, fools rush in where angels fear to tread!"
1056,0,1,9,10,1.1,0.10540925533894598,510,"The speed limit is one block a minute, folks. No pushing and no shoving."
1056,0,1,9,10,1.1,0.10540925533894598,510,What a delightful respite from City Hall.
1056,0,1,9,10,1.1,0.10540925533894598,510,Bill soon realized he was letting people walk all over him.
1056,0,1,9,10,1.1,0.10540925533894598,510,"I'm not moving until she comes down and says ""yes""!"
1056,0,1,9,10,1.1,0.10540925533894598,510,"'Would someone call me an Unter?"""
1056,0,1,9,10,1.1,0.10540925533894598,510,They said I needed more experience for the job in the State Department
1056,0,1,9,10,1.1,0.10540925533894598,510,Once you go slack...
1056,0,1,9,10,1.1,0.10540925533894598,510,My therapist said this was the best way to show people how much I matter.
1056,0,1,9,10,1.1,0.10540925533894598,510,Pedestrian crossing! Pedestrian crossing!
1056,0,1,9,10,1.1,0.10540925533894598,510,Oh my god! I'd rather be doing this than reading all those goddamn CAPTION entries again this week!
1056,0,1,9,10,1.1,0.10540925533894598,510,Look askance at the downtrodden
1056,0,1,9,10,1.1,0.10540925533894598,510,"Come on, people, these backs aren't going to break themselves."
1056,0,1,9,10,1.1,0.10540925533894598,510,"Carry on, 99 per-centers , carry on."
1056,0,1,9,10,1.1,0.10540925533894598,510,Don’t step on a crack . . .
1056,0,1,9,10,1.1,0.10540925533894598,510,I want to thank you all for attending this skip level seminar.
1056,0,1,9,10,1.1,0.10540925533894598,510,Go ahead walk all over me why not the government does
1056,0,1,9,10,1.1,0.10540925533894598,510,A good place to take a break... nobody disturbs you.
1056,0,1,9,10,1.1,0.10540925533894598,510,My therapist wants me to work on being more grounded.
1056,0,1,9,10,1.1,0.10540925533894598,510,I quit!
1056,0,1,9,10,1.1,0.10540925533894598,510,It's the George Washington Slept Here tour.
1056,0,1,9,10,1.1,0.10540925533894598,510,I decided to go on the grid.
1056,0,1,9,10,1.1,0.10540925533894598,510,"Gee, that cloud looks like a hedge fund manager...and that one's a lobbyist..."
1056,0,1,9,10,1.1,0.10540925533894598,510,The city that never sleeps? Not on my watch!
1056,0,1,9,10,1.1,0.10540925533894598,510,"Good morning, sir!"
1056,0,1,9,10,1.1,0.10540925533894598,510,"Hey, watch where you're napping!"
1056,0,1,9,10,1.1,0.10540925533894598,510,"I'm just taking the low road, you know, as an obstructionist."
1056,0,1,9,10,1.1,0.10540925533894598,510,"Cogito, ergo sum."
1056,0,1,9,10,1.1,0.10540925533894598,510,Turns out you CAN walk all over me.
1056,0,1,9,10,1.1,0.10540925533894598,510,I'm having a work life imbalance moment.
1056,0,1,9,10,1.1,0.10540925533894598,510,He's still in the middle of things.
1056,0,1,9,10,1.1,0.10540925533894598,510,"It's a new, radical form of psychotherapy."
1056,0,1,9,10,1.1,0.10540925533894598,510,I've heard people get rich with Wall Street lies.
1056,0,1,9,10,1.1,0.10540925533894598,510,just power napping...keep it moving and no rubber necking
1056,0,1,9,10,1.1,0.10540925533894598,510,"Door mat she said, can you believe it?"
1056,0,1,9,10,1.1,0.10540925533894598,510,Yup...just one of the 99%.
1056,0,1,9,10,1.1,0.10540925533894598,510,These 3D sidewalk chalk artists are getting ridiculous.
1056,0,1,9,10,1.1,0.10540925533894598,510,Let's stop tip toeing around the 'Pedestrian on the Sidewalk' ... shall we?
1056,0,1,9,10,1.1,0.10540925533894598,510,Consider it a wake up call...
1056,0,1,9,10,1.1,0.10540925533894598,510,Excuse YOU. Excuse YOU. Excuse YOU...
1056,0,1,9,10,1.1,0.10540925533894598,510,"You see, every problem looks absolutely different, depending on your point of view."
1056,0,1,9,10,1.1,0.10540925533894598,510,This isn't doing the Dab?
1056,0,1,9,10,1.1,0.10540925533894598,510,It's cheeper than getting a massage.
1056,0,1,9,10,1.1,0.10540925533894598,510,Don't let me stand in your way!
1056,0,1,9,10,1.1,0.10540925533894598,510,"In our community, we are on the first come first step-over basis."
1056,0,1,9,10,1.1,0.10540925533894598,510,"'The thing about John; he's just not street smart."""
1056,0,1,9,10,1.1,0.10540925533894598,510,This is the latest concept in the hospitality industry.
1056,0,1,9,10,1.1,0.10540925533894598,510,"Sorry, I'm conventionally challenged."
1056,0,1,9,10,1.1,0.10540925533894598,510,I think I'm starting to get the hang of this homeless thing.
1056,0,1,9,10,1.1,0.10540925533894598,510,I tripped the light fantastic on the sidewalks of New York.
1056,0,1,9,10,1.1,0.10540925533894598,510,David struggled with life's mystery: Is looking down on others such a bad idea?
1056,0,1,9,10,1.1,0.10540925533894598,510,"They said I would fall flat on my face. Man, were they wrong."
1056,0,1,9,10,1.1,0.10540925533894598,510,"What, you never heard of vertical integration?"
1056,0,1,9,10,1.1,0.10540925533894598,510,It was then that I realized that people walking all over you really is not any fun.
1056,0,1,9,10,1.1,0.10540925533894598,510,"Yep, that cinches it. My agoraphobia is history!"
1056,0,1,9,10,1.1,0.10540925533894598,510,"Beam me up, Scotty."
1927,0,1,10,11,1.0909090909090908,0.09534625892455922,510,"Step right over me, that's what everyone else doesn't do."
1927,0,1,10,11,1.0909090909090908,0.09534625892455922,510,"You know, ""Curb your dog!' was merely a suggestion...."
1927,0,1,10,11,1.0909090909090908,0.09534625892455922,510,You should see it from my perspective.
1927,0,1,10,11,1.0909090909090908,0.09534625892455922,510,I like to be comfortable in my surroundings.
1927,0,1,10,11,1.0909090909090908,0.09534625892455922,510,"Don't even think about it, ya damn mutt."
1927,0,1,10,11,1.0909090909090908,0.09534625892455922,510,"You're a pathetic lot, distracted by life's trivialities."
1927,0,1,10,11,1.0909090909090908,0.09534625892455922,510,Haven't you ever seen a pedestrian crossing?
1927,0,1,10,11,1.0909090909090908,0.09534625892455922,510,"Yeah, I got Yeah--got a great deal on Airbnb."
1927,0,1,10,11,1.0909090909090908,0.09534625892455922,510,I blame my parents for naming me Matt.
1927,0,1,10,11,1.0909090909090908,0.09534625892455922,510,DESCENT: The people you met on your way up.
1927,0,1,10,11,1.0909090909090908,0.09534625892455922,510,"And then I thought, 'Why am I even bothering to stand up?'"
1927,0,1,10,11,1.0909090909090908,0.09534625892455922,510,Urban sprawl finally reached me.
1927,0,1,10,11,1.0909090909090908,0.09534625892455922,510,Now that I've said 'no' to the rat race ...I'm hungry. Does anyone have a piece of a piece of cheese?
1927,0,1,10,11,1.0909090909090908,0.09534625892455922,510,Not the nipples. NOT THE NIPPLES!!
1927,0,1,10,11,1.0909090909090908,0.09534625892455922,510,Something tells me I'm in the way.
1927,0,1,10,11,1.0909090909090908,0.09534625892455922,510,"Apparently, this is the best view of the ball drop."
1927,0,1,10,11,1.0909090909090908,0.09534625892455922,510,My dad always told me to get in on the ground floor then lie my way to the top.
1927,0,1,10,11,1.0909090909090908,0.09534625892455922,510,"I'm having a T-shirt made that reads ""I'm Everybody's Door Mat."
1927,0,1,10,11,1.0909090909090908,0.09534625892455922,510,I've waited four years to do this.
1927,0,1,10,11,1.0909090909090908,0.09534625892455922,510,'Looking up' is challenging when you're really down!
1927,0,1,10,11,1.0909090909090908,0.09534625892455922,510,Just walk all over me!
1927,0,1,10,11,1.0909090909090908,0.09534625892455922,510,The poor idiots who pay for a chiropractor.
1927,0,1,10,11,1.0909090909090908,0.09534625892455922,510,"Et tu, Brute?"
1927,0,1,10,11,1.0909090909090908,0.09534625892455922,510,"""City streets don't have much pity; when you're down that's where you'll stay."" You know--the Eagles song!"
1927,0,1,10,11,1.0909090909090908,0.09534625892455922,510,"Mostly clouds,sometimes London,sometimes France."
1927,0,1,10,11,1.0909090909090908,0.09534625892455922,510,It isn't easy to see meteor showers in the city
1927,0,1,10,11,1.0909090909090908,0.09534625892455922,510,I’m the gum you don’t want to squish.
1927,0,1,10,11,1.0909090909090908,0.09534625892455922,510,"Yes, I do have Narcolepsy, why do you ask?"
1927,0,1,10,11,1.0909090909090908,0.09534625892455922,510,You wouldn't believe the view from down here!
1927,0,1,10,11,1.0909090909090908,0.09534625892455922,510,"I've looked at clouds from both sides now, from up and down, and still somehow . . ."
1927,0,1,10,11,1.0909090909090908,0.09534625892455922,510,Do I have Bernie Sanders to thank for this?
1927,0,1,10,11,1.0909090909090908,0.09534625892455922,510,Our CEO wants to pre-position for too big to fail.
1927,0,1,10,11,1.0909090909090908,0.09534625892455922,510,This feels like summer camp compared to date night with my wife!
1927,0,1,10,11,1.0909090909090908,0.09534625892455922,510,Lift those knees people!
1927,0,1,10,11,1.0909090909090908,0.09534625892455922,510,My street therapist will be here any minute.
1927,0,1,10,11,1.0909090909090908,0.09534625892455922,510,"Sorry, it's a bug in the OS update that schedules a restorative nap at 14:15 M-F."
1927,0,1,10,11,1.0909090909090908,0.09534625892455922,510,I spy with my little eye...
1927,0,1,10,11,1.0909090909090908,0.09534625892455922,510,"Honey, let's not use Airbnb next time, OK?"
1927,0,1,10,11,1.0909090909090908,0.09534625892455922,510,"Ah, the life of performance art."
1927,0,1,10,11,1.0909090909090908,0.09534625892455922,510,I was once like you. Until I learned to stop and smell the roses.
1927,0,1,10,11,1.0909090909090908,0.09534625892455922,510,"""So this is what airbnb meant by 'central'""."
1927,0,1,10,11,1.0909090909090908,0.09534625892455922,510,It's Seventh Avenue. Heidi Klum has to walk by eventually.....
1927,0,1,10,11,1.0909090909090908,0.09534625892455922,510,Crowdsourcing ashiatsu is great for my back but the dry cleaning bills are killing me.
1927,0,1,10,11,1.0909090909090908,0.09534625892455922,510,I like to people-watch.
1927,0,1,10,11,1.0909090909090908,0.09534625892455922,510,"Ralph, recently retired mid-level bureaucrat, still gets a kick out of what he does best."
1927,0,1,10,11,1.0909090909090908,0.09534625892455922,510,"An attempt at a contemporaneous presentation of Samuel Beckett's ""Waiting for Godot"", ""Quad"" and ""Endgame"" proved totally disastrous."
1927,0,1,10,11,1.0909090909090908,0.09534625892455922,510,Now I have to figure out why I let people walk all over me.
1927,0,1,10,11,1.0909090909090908,0.09534625892455922,510,"You know point A to point B is over-rated, don't you?"
1927,0,1,10,11,1.0909090909090908,0.09534625892455922,510,Don't even pretend you're not jealous of my core!
1927,0,1,10,11,1.0909090909090908,0.09534625892455922,510,I'm not moving until my Uber arrives.
1927,0,1,10,11,1.0909090909090908,0.09534625892455922,510,The punishment for spilling coffee on the new office rug.
1927,0,1,10,11,1.0909090909090908,0.09534625892455922,510,Clouds used to look like dragons and elephants - now it's pie charts and bar graphs.
1927,0,1,10,11,1.0909090909090908,0.09534625892455922,510,"'Turn on, tune in..."" what was the third thing?"
1927,0,1,10,11,1.0909090909090908,0.09534625892455922,510,I just needed a nap; I was sure no one would notice.
1927,0,1,10,11,1.0909090909090908,0.09534625892455922,510,Am I in the wrong cartoon?
1927,0,1,10,11,1.0909090909090908,0.09534625892455922,510,I'm relaxing here! Relaxing here!
1927,0,1,10,11,1.0909090909090908,0.09534625892455922,510,I'm practicing how my work day will be with Bernie in the White House.
1927,0,1,10,11,1.0909090909090908,0.09534625892455922,510,I really CAN still be the Republican nominee!
1927,0,1,10,11,1.0909090909090908,0.09534625892455922,510,? Just Walk on By ?
1927,0,1,10,11,1.0909090909090908,0.09534625892455922,510,"Mr Johnston discovers the power of hypnosis.....""I am dog poop step on me and i will ruin your day....yes i will ruin your day....i am dog poop step on me and......"
1987,0,1,11,12,1.0833333333333333,0.08703882797784893,510,...and that cloud looks like a businessman.
1988,0,0,9,9,1.0,0.11785113019775792,510,"That's right, just walk all over me. You wouldn't be the first."
1988,0,0,10,10,1.0,0.10540925533894598,510,"lost my job, now my dignity"
1988,0,0,9,9,1.0,0.11785113019775792,510,"If I'm gonna get walked all over, it's gonna be on *my* terms. [""my"" in italics]"
1988,0,0,9,9,1.0,0.11785113019775792,510,These yoga trends have become a public nuisance. Now it's the business-person's corpse pose.
1988,0,0,9,9,1.0,0.11785113019775792,510,"Why yes, my name is Matt...how did you know?"
1988,0,0,9,9,1.0,0.11785113019775792,510,Love is a price you pay for your dreams
1988,0,0,9,9,1.0,0.11785113019775792,510,"My wife and my boss walks all over me, why not you people too."
1988,0,0,9,9,1.0,0.11785113019775792,510,I almost made it into the office today.
1988,0,0,9,9,1.0,0.11785113019775792,510,This looked a lot more fun in 'Boyhood'
1988,0,0,9,9,1.0,0.11785113019775792,510,It's a social experiment showing how immune people are now to social experiments.
1988,0,0,9,9,1.0,0.11785113019775792,510,"Unfortunately,livinglegends have no pedestals."
1988,0,0,9,9,1.0,0.11785113019775792,510,Pollster analyzes word on the street.
1988,0,0,9,9,1.0,0.11785113019775792,510,"This is called ""Body painting""!"
1988,0,0,9,9,1.0,0.11785113019775792,510,"Hey Buddy, No Shavasana allowed on the sidewalks."""
1988,0,0,9,9,1.0,0.11785113019775792,510,I'm reconsidering joining step classes.
1988,0,0,9,9,1.0,0.11785113019775792,510,Who'd thought the 'middle of the road' would be so busy... Hope I'm not in anyone's way.
1988,0,0,9,9,1.0,0.11785113019775792,510,Not exactly a giant leap for mankind.
1988,0,0,10,10,1.0,0.10540925533894598,510,"8""If I can make here, I can make it anywhere...."""
1988,0,0,9,9,1.0,0.11785113019775792,510,"After awhile, Jim realized he had signed up for 'play rug' instead of 'play rugby'."
1988,0,0,9,9,1.0,0.11785113019775792,510,"No need to worry, I'm a politician and landed on my billfold."
1988,0,0,9,9,1.0,0.11785113019775792,510,My doctor said counting sheep would help me fall asleep.
1988,0,0,9,9,1.0,0.11785113019775792,510,I just joined The Cloud Appreciation Society.
1988,0,0,9,9,1.0,0.11785113019775792,510,I am NOT walking here.
1988,0,0,9,9,1.0,0.11785113019775792,510,I support slant rhyme. Deal with it!
1988,0,0,9,9,1.0,0.11785113019775792,510,"I got Obama-care, so I don't need to care."
1988,0,0,9,9,1.0,0.11785113019775792,510,My colleagues always walk all over me.
1988,0,0,8,8,1.0,0.1336306209562122,510,These New York camping nights are beautiful oh look there is the big dipper
1988,0,0,9,9,1.0,0.11785113019775792,510,My therapist told me to meet him here.
1988,0,0,9,9,1.0,0.11785113019775792,510,Always remember to take time to enjoy the little things
1988,0,0,9,9,1.0,0.11785113019775792,510,"So then I asked myself, 'What am I doing? Where am I going? Why?' Somebody's got to stop this madness."
1988,0,0,9,9,1.0,0.11785113019775792,510,'Street tells me it's my lowest offer.
1988,0,0,9,9,1.0,0.11785113019775792,510,I'm from a large Irish Catholic family. I do this whenever I get homesick.
1988,0,0,9,9,1.0,0.11785113019775792,510,"If this is hopscotch, I'd like to know the rules before it's too late."
1988,0,0,9,9,1.0,0.11785113019775792,510,"Hey, someone's got to keep the occupy movement going."
1988,0,0,9,9,1.0,0.11785113019775792,510,Sometimes you have to stop and smell the urine-stained sidewalks.
1988,0,0,8,8,1.0,0.1336306209562122,510,Harold's out-of-body experience made him reluctant to go back.
1988,0,0,9,9,1.0,0.11785113019775792,510,Step-on-my-face-book.swk
1988,0,0,9,9,1.0,0.11785113019775792,510,I've heard he's got major standing desk envy.
1988,0,0,9,9,1.0,0.11785113019775792,510,Tourists.
1988,0,0,9,9,1.0,0.11785113019775792,510,It's the way I meditate.
1988,0,0,9,9,1.0,0.11785113019775792,510,One more crunch or I'm heading to the gym.
1988,0,0,9,9,1.0,0.11785113019775792,510,My name's Matt.
1988,0,0,9,9,1.0,0.11785113019775792,510,I want to be one more Republican in Congress!
1988,0,0,9,9,1.0,0.11785113019775792,510,They call me Navy Jack.
1988,0,0,9,9,1.0,0.11785113019775792,510,"Sorry, I didn't get my eight hours last night"
1988,0,0,9,9,1.0,0.11785113019775792,510,I didn't trip...I just decided to take a power nap.
1988,0,0,9,9,1.0,0.11785113019775792,510,That's a 7 on form ..... a 9 on elevation.
1988,0,0,9,9,1.0,0.11785113019775792,510,"But only literally. Metaphorically, I feel quite appreciated."
1988,0,0,9,9,1.0,0.11785113019775792,510,20-Jan-17
1988,0,0,9,9,1.0,0.11785113019775792,510,Why is everyone parallel to the ground today?
1988,0,0,9,9,1.0,0.11785113019775792,510,I think of myself as a human speed bump.
1988,0,0,9,9,1.0,0.11785113019775792,510,"Ooh, that one looks like a dragon!"
1988,0,0,9,9,1.0,0.11785113019775792,510,I'm always chasing rainbows...
1988,0,0,9,9,1.0,0.11785113019775792,510,First day in Forensics and they hide my chalk.
1988,0,0,9,9,1.0,0.11785113019775792,510,"Please, no heels."
1988,0,0,8,8,1.0,0.1336306209562122,510,I've always wanted to try a walking vacation.
1988,0,0,9,9,1.0,0.11785113019775792,510,"A real Dionne Warwick moment, walk on by."
1988,0,0,9,9,1.0,0.11785113019775792,510,"We're going to build a wall, Folks."
1988,0,0,9,9,1.0,0.11785113019775792,510,"Well, since you asked, I have a meeting at twelve and needed my suit pressed."
1988,0,0,9,9,1.0,0.11785113019775792,510,What's the point?
1988,0,0,9,9,1.0,0.11785113019775792,510,"""And that one looks like a desk, and that one is Linda from accounting, and-- ooh! the really fluffy, lumpy one looks like my jackass former boss."" I now regret telling Dale to ""relax-- maybe go look at some clouds"" when I fired him."
1988,0,0,9,9,1.0,0.11785113019775792,510,Bernie Sanders says circle the wagon and keep Mr Big Bucks in check. We can make it happen.
1988,0,0,9,9,1.0,0.11785113019775792,510,I'm not a street person. I'm a person on the street.
1988,0,0,9,9,1.0,0.11785113019775792,510,"I know congress doesn't get much accomplished, but they have to be in the way?"
1988,0,0,9,9,1.0,0.11785113019775792,510,I'm having second thoughts about this staycation.
1988,0,0,9,9,1.0,0.11785113019775792,510,"Would you mind walking around, you're blocking my view."
1988,0,0,9,9,1.0,0.11785113019775792,510,"Chucks epitaph would one day read ""Loved a good social experiment"""
1988,0,0,10,10,1.0,0.10540925533894598,510,"I came outside for peace, not that it's working. ):"
1988,0,0,9,9,1.0,0.11785113019775792,510,"Look, guys, if I don't honor my pledge that would be a disgrace."
1988,0,0,9,9,1.0,0.11785113019775792,510,Bo-peep must be worried sick.
1988,0,0,9,9,1.0,0.11785113019775792,510,"I'm a little doormat, short and fat."
1988,0,0,9,9,1.0,0.11785113019775792,510,Would you please do my back next?
1988,0,0,8,8,1.0,0.1336306209562122,510,A fresh perspective.
1988,0,0,9,9,1.0,0.11785113019775792,510,That's okay. I'm used to be walked on all over.
1988,0,0,9,9,1.0,0.11785113019775792,510,Ommmmmmmm.
1988,0,0,9,9,1.0,0.11785113019775792,510,Thank you Guiliani
1988,0,0,9,9,1.0,0.11785113019775792,510,The hell with stopping to smell the coffee!
1988,0,0,9,9,1.0,0.11785113019775792,510,"Yep, should suit grandma perfectly"
1988,0,0,9,9,1.0,0.11785113019775792,510,So this is a worm's eye view of the Big Apple!
1988,0,0,9,9,1.0,0.11785113019775792,510,"I tried to tell mom in Giltner that this is life in the city. ""I wanna go home""."
1988,0,0,8,8,1.0,0.1336306209562122,510,All this development is new since I was a kid.
1988,0,0,9,9,1.0,0.11785113019775792,510,I’m not moving until this sidewalk gets cleaned.
1988,0,0,8,8,1.0,0.1336306209562122,510,I'm trying to raise awareness against the bottom 99%
1988,0,0,9,9,1.0,0.11785113019775792,510,Just tell me what to do to get your vote!
1988,0,0,10,10,1.0,0.10540925533894598,510,My my my! Man down and only the dog blinks
1988,0,0,9,9,1.0,0.11785113019775792,510,"Hey buddy, you think you walk over me like that."
1988,0,0,9,9,1.0,0.11785113019775792,510,You people really need to see this. I guarantee it will change your whole perspective.
1988,0,0,9,9,1.0,0.11785113019775792,510,"New York, New York!"
1988,0,0,9,9,1.0,0.11785113019775792,510,"Well Doc, I feel like people are walking all over me."
1988,0,0,9,9,1.0,0.11785113019775792,510,"Every now and then you really need to take a moment or two, lie down, relax, and smell the people."
1988,0,0,9,9,1.0,0.11785113019775792,510,I just love people-watching.
1988,0,0,9,9,1.0,0.11785113019775792,510,There just wasn't enough opportunity for lateral progression on Wall Street.
1988,0,0,9,9,1.0,0.11785113019775792,510,It's the only real estate left in the city I could afford.
1988,0,0,9,9,1.0,0.11785113019775792,510,"If I lie here long enough, someone is bound to offer me a place to stay. Right?"
1988,0,0,9,9,1.0,0.11785113019775792,510,It looks just like him. Who drew this Trump L'Oeil?
1988,0,0,9,9,1.0,0.11785113019775792,510,Deep tissue massage for Dummies! A little more lower and to the left… ahhhhh thank you!!
1988,0,0,9,9,1.0,0.11785113019775792,510,"You've all heard of casual Fridays,well I'm organizing protest Mondays"
1988,0,0,9,9,1.0,0.11785113019775792,510,I am just tired of waiting for people to offer a hand.
1988,0,0,9,9,1.0,0.11785113019775792,510,and sometimes it feels like I'm not even here on the therapist's couch but out on the street.
1988,0,0,10,10,1.0,0.10540925533894598,510,I refuse to listen to Kanye's new album as long as it remains a Tidal exclusive.
1988,0,0,9,9,1.0,0.11785113019775792,510,"Oh, if I could only be a fly on the wall!"
1988,0,0,9,9,1.0,0.11785113019775792,510,Mr. Swift - meet Mr. Escher
1988,0,0,9,9,1.0,0.11785113019775792,510,"Weight Watchers, eat your heart out!"
1988,0,0,9,9,1.0,0.11785113019775792,510,I'm surprised that the life of a Tyra Banks Modelland Invisiguy is so relaxing
1988,0,0,9,9,1.0,0.11785113019775792,510,Have you considered the skywalk?
1988,0,0,9,9,1.0,0.11785113019775792,510,A hot day means my suit gets pressed and ironed for free.
1988,0,0,9,9,1.0,0.11785113019775792,510,Close Encounters of the 'Walk on by' Kind
1988,0,0,9,9,1.0,0.11785113019775792,510,Vote for Jeb!
1988,0,0,9,9,1.0,0.11785113019775792,510,Somebody call 119.
1988,0,0,9,9,1.0,0.11785113019775792,510,People are always misunderstanding me.
1988,0,0,9,9,1.0,0.11785113019775792,510,"I'm not homeless, I'm just sentimental."
1988,0,0,9,9,1.0,0.11785113019775792,510,Da Fook?!?
1988,0,0,9,9,1.0,0.11785113019775792,510,This exercise was pointless - it's way better to look down on everyone.
1988,0,0,9,9,1.0,0.11785113019775792,510,A lying candidate isn't hard to spot.
1988,0,0,9,9,1.0,0.11785113019775792,510,Anybody spare a dime?
1988,0,0,8,8,1.0,0.1336306209562122,510,"""Just Chillin""!"
1988,0,0,9,9,1.0,0.11785113019775792,510,"If they turn down your idea again, Jones, don't claim that I stood in your way this time."
1988,0,0,9,9,1.0,0.11785113019775792,510,He won't walk the walk.
1988,0,0,8,8,1.0,0.1336306209562122,510,Please don't knock my block off.
1988,0,0,9,9,1.0,0.11785113019775792,510,I'm fascinated by the underworld.
1988,0,0,9,9,1.0,0.11785113019775792,510,"Like property - three things matter in mindful meditation - location, location and location."
1988,0,0,9,9,1.0,0.11785113019775792,510,Notice how all the women walk over his feet.
1988,0,0,9,9,1.0,0.11785113019775792,510,"Occupy Main Street, baby … flippin’ it on the 98 percent, yeah!"
1988,0,0,10,10,1.0,0.10540925533894598,510,Bansky and his lawyer had a disagreement...
1988,0,0,9,9,1.0,0.11785113019775792,510,Thanks for coming. I'll be here all week.
1988,0,0,9,9,1.0,0.11785113019775792,510,I should've used Airbnb.
1988,0,0,8,8,1.0,0.1336306209562122,510,I just needed a little lie down.
1988,0,0,9,9,1.0,0.11785113019775792,510,"A little to the right. Up a little. Ooooooh, right there!"
1988,0,0,9,9,1.0,0.11785113019775792,510,"Now I know what Kipling meant when he wrote ""If you can keep your head when all about you are losing theirs"""
1988,0,0,9,9,1.0,0.11785113019775792,510,Just prepping for the in-laws.
1988,0,0,7,7,1.0,0.1543033499620919,510,It's that Great Dane leaving his Big and Bold BarkBox chew toys on the sidewalk again.
1988,0,0,9,9,1.0,0.11785113019775792,510,Mindlessness
1988,0,0,9,9,1.0,0.11785113019775792,510,Don't mind me. I'm not a super PAC.
1988,0,0,9,9,1.0,0.11785113019775792,510,I'm training for the next presidential debate.
1988,0,0,9,9,1.0,0.11785113019775792,510,"Hey, watch where you are walking!"
1988,0,0,9,9,1.0,0.11785113019775792,510,I'm interviewing to be a congressional aide.
1988,0,0,8,8,1.0,0.1336306209562122,510,Be sure to check out my chemtrail conspiracy podcast.
1988,0,0,9,9,1.0,0.11785113019775792,510,Sometimes I feel like everyone ignores me.
1988,0,0,9,9,1.0,0.11785113019775792,510,Please tell the team that I will be thinking outside the box today.
1988,0,0,9,9,1.0,0.11785113019775792,510,"Sometimes in life people walk all over you, but remember it is not your fault."
1988,0,0,9,9,1.0,0.11785113019775792,510,Don't step on a crack!
1988,0,0,9,9,1.0,0.11785113019775792,510,Calm down! I'm a senator!
1988,0,0,9,9,1.0,0.11785113019775792,510,My wife is right. I have physical attraction.
1988,0,0,9,9,1.0,0.11785113019775792,510,You cant keep letting people walk all over you. I thought you were going places?
1988,0,0,9,9,1.0,0.11785113019775792,510,I'm looking for a good gum shoe for our department.
1988,0,0,9,9,1.0,0.11785113019775792,510,Netflix and chill? Anyone?
1988,0,0,9,9,1.0,0.11785113019775792,510,It's cheaper than buying an Oculus Rift.
1988,0,0,9,9,1.0,0.11785113019775792,510,This whole meditation thing isn't what it's cracked up to be.
1988,0,0,9,9,1.0,0.11785113019775792,510,5 more minutes
1988,0,0,9,9,1.0,0.11785113019775792,510,"Vote for Mac Conroy. Vote for Mac Conroy. I can't say I've walked IN your shoes, but I can say I've been walked ON by them...vote for Mac Conroy..."
1988,0,0,9,9,1.0,0.11785113019775792,510,"Stop!"" ""Go back over me. I want to continue to grow."
1988,0,0,9,9,1.0,0.11785113019775792,510,Me so hooaaaannnnnnyyyyyy
1988,0,0,9,9,1.0,0.11785113019775792,510,Don't mind me--I'm compensating for my promotion.
1988,0,0,9,9,1.0,0.11785113019775792,510,"I tripped the light fantastic, that's why."
1988,0,0,9,9,1.0,0.11785113019775792,510,It smells like a fish market down here.
1988,0,0,9,9,1.0,0.11785113019775792,510,"This is Jim Lyon Down reporting from 'walkover world"""
1988,0,0,9,9,1.0,0.11785113019775792,510,Just prepping for my next appearance in Divorce Court.
1988,0,0,9,9,1.0,0.11785113019775792,510,I'm trying to trip the light fantastic.
1988,0,0,10,10,1.0,0.10540925533894598,510,I just like being trumpled on.
1988,0,0,9,9,1.0,0.11785113019775792,510,"Lord, why did you trip me in Grand Central Station?"
1988,0,0,9,9,1.0,0.11785113019775792,510,"You guys probably think I'm mad about this, but actually I think this whole situation is hilarious. In fact, it's even more funny to me that you think I'm mad. Because I'm not mad. Not at all. I'm laughing right now, about all of this."
1988,0,0,9,9,1.0,0.11785113019775792,510,Rush hour--it's so overrated!
1988,0,0,9,9,1.0,0.11785113019775792,510,But I am working. My job is to count pedestrian traffic at this spot.
1988,0,0,9,9,1.0,0.11785113019775792,510,I honestly thought working on Wall Street was going to be worse
1988,0,0,9,9,1.0,0.11785113019775792,510,"Central Park, year 2050"
1988,0,0,9,9,1.0,0.11785113019775792,510,How can I monetize this?
1988,0,0,10,10,1.0,0.10540925533894598,510,President Trump.
1988,0,0,9,9,1.0,0.11785113019775792,510,Am I not the king of chivalry?
1988,0,0,9,9,1.0,0.11785113019775792,510,I just don't want to hurt anyone's feelings.
1988,0,0,8,8,1.0,0.1336306209562122,510,This is so much better than stop and mock!
1988,0,0,9,9,1.0,0.11785113019775792,510,Starting from the bottom up just isn't as much fun as it used to be.
1988,0,0,9,9,1.0,0.11785113019775792,510,It's all in the power pose.
1988,0,0,9,9,1.0,0.11785113019775792,510,Oscar Wilde was right. Some of us are looking at the stars.
1988,0,0,8,8,1.0,0.1336306209562122,510,I've been shot by Donald Trump!
1988,0,0,9,9,1.0,0.11785113019775792,510,It is certainly hard to get a nap in this city
1988,0,0,8,8,1.0,0.1336306209562122,510,You could say I sort of fell in to my latest position.
1988,0,0,9,9,1.0,0.11785113019775792,510,Careful! Stepping on a crank is 8 years bad luck.
1988,0,0,10,10,1.0,0.10540925533894598,510,What are all these homeless people complaining about? This is great!
1988,0,0,9,9,1.0,0.11785113019775792,510,Laid back in New York City
1988,0,0,9,9,1.0,0.11785113019775792,510,"Henry liked to lie down every once in a while and make believe he was a chalk outline of his previous, unsuccessful self."
1988,0,0,9,9,1.0,0.11785113019775792,510,"Only 28 more to reach my 10,000 step quota for today."
1988,0,0,9,9,1.0,0.11785113019775792,510,Practicing my stroke.
1988,0,0,9,9,1.0,0.11785113019775792,510,.......Every mark will show.
1988,0,0,8,8,1.0,0.1336306209562122,510,Anyone seen Mamie O'Rourke?
1988,0,0,9,9,1.0,0.11785113019775792,510,A-ha! Caught you Farnsworth. You're late!
1988,0,0,9,9,1.0,0.11785113019775792,510,Richard playing it cool after another botched suicide attempt.
1988,0,0,9,9,1.0,0.11785113019775792,510,"Since I quit smoking, I haven't known what to do with myself on my breaks."
1988,0,0,9,9,1.0,0.11785113019775792,510,This story is going to make a killer TED Talk! Your body language tells me you are all ENTHRALLED! Thank you so much.
1988,0,0,10,10,1.0,0.10540925533894598,510,"Ahhh, the view is just as crappy down here."
1988,0,0,10,10,1.0,0.10540925533894598,510,"Sanders supporters to the left, Trump supporters to the right...oh look, it's a moderate."
1988,0,0,9,9,1.0,0.11785113019775792,510,I coulda' been a contender!
1988,0,0,9,9,1.0,0.11785113019775792,510,"Just realized, I AM a stand-up guy after all."
1988,0,0,9,9,1.0,0.11785113019775792,510,He can't wait to get to the beach.
1988,0,0,9,9,1.0,0.11785113019775792,510,Here's where I called dibs for the next financial crisis.
1988,0,0,9,9,1.0,0.11785113019775792,510,Reserve a space for me in the meeting. I am getting a quick massage.
1988,0,0,9,9,1.0,0.11785113019775792,510,Forced perspective.
1988,0,0,9,9,1.0,0.11785113019775792,510,"The boss says I’m nothing but a speedbump. Well, I’ll show him ‘speedbump'!"
1988,0,0,9,9,1.0,0.11785113019775792,510,The view from the office is not nearly as nice
1988,0,0,9,9,1.0,0.11785113019775792,510,This is were I broke my mothers back.
1988,0,0,9,9,1.0,0.11785113019775792,510,Is there a Starbucks near here?
1988,0,0,9,9,1.0,0.11785113019775792,510,'Relax' hour
1988,0,0,9,9,1.0,0.11785113019775792,510,"""I tried getting away from it all but now I just go with the flow.'"
1988,0,0,9,9,1.0,0.11785113019775792,510,Life is so much simpler since I switched to 2-D.
1988,0,0,9,9,1.0,0.11785113019775792,510,Exactly like how they treat me in my office!
1988,0,0,9,9,1.0,0.11785113019775792,510,I thought you guys used some kind of bicycle type thing in this class.
1988,0,0,9,9,1.0,0.11785113019775792,510,Maybe I should rethink sales as a career path
1988,0,0,8,8,1.0,0.1336306209562122,510,"Sure, just walk all over me. I'm used it, I'm married."
1988,0,0,9,9,1.0,0.11785113019775792,510,I just want to lie on this sidewalk and be a friend to man.
1988,0,0,10,10,1.0,0.10540925533894598,510,Higher still!
1988,0,0,9,9,1.0,0.11785113019775792,510,What happened to Stride Right?
1988,0,0,9,9,1.0,0.11785113019775792,510,My doctor was right. Some time outside of the office is relaxing.
1988,0,0,9,9,1.0,0.11785113019775792,510,I'm going to suggest to the American Heart Association your technique for CPR.
1988,0,0,9,9,1.0,0.11785113019775792,510,Whoa! That was a close one! Have you considered comprehensive personal accident coverage?
1988,0,0,9,9,1.0,0.11785113019775792,510,"""Manhole"" [with 'Man"" in italics]"
1988,0,0,9,9,1.0,0.11785113019775792,510,fitbit malfunction
1988,0,0,9,9,1.0,0.11785113019775792,510,"Was that the old lady from next door? ""Woof"""
1988,0,0,8,8,1.0,0.1336306209562122,510,"It's performance art. Oh, I'm the middle class..."
1988,0,0,9,9,1.0,0.11785113019775792,510,Wake me up after the primaries.
1988,0,0,9,9,1.0,0.11785113019775792,510,Livin' life to the fullest!
1988,0,0,9,9,1.0,0.11785113019775792,510,I'm here for you.
1988,0,0,9,9,1.0,0.11785113019775792,510,"...These vagabond shoes, are longing to stray Right through the very heart of it, New York, New York!"
1988,0,0,9,9,1.0,0.11785113019775792,510,I just can't stand it anymore.
1988,0,0,9,9,1.0,0.11785113019775792,510,I'm stopping the glorification of busy.
1988,0,0,9,9,1.0,0.11785113019775792,510,"You know, I coulda' been a contender!"
1988,0,0,9,9,1.0,0.11785113019775792,510,"Where have all the hours gone, long time passing Where have all the hours gone, long time ago Gone to busyness everyone, when will we ever learn, when will we ever learn"
1988,0,0,9,9,1.0,0.11785113019775792,510,OK it was a Ponzi scheme!
1988,0,0,9,9,1.0,0.11785113019775792,510,"Seven eight, don't be late..."
1988,0,0,8,8,1.0,0.1336306209562122,510,Sometimes I like to be reminded of what the world will look like when the market crashes.
1988,0,0,9,9,1.0,0.11785113019775792,510,"Don't think of me as an obstacle, but as a stepping stone to enlightenment."
1988,0,0,9,9,1.0,0.11785113019775792,510,This is an interesting perceptive.
1988,0,0,9,9,1.0,0.11785113019775792,510,My office doesn't allow power naps.
1988,0,0,9,9,1.0,0.11785113019775792,510,"So, guess you guys haven't heard about this new lunchtime serial novelist skywriter?"
1988,0,0,9,9,1.0,0.11785113019775792,510,Ahhh...so relaxing to be a doormat...
1988,0,0,9,9,1.0,0.11785113019775792,510,"Hey, I'm the Mayor!"
1988,0,0,9,9,1.0,0.11785113019775792,510,"I escaped from a fish farm - you'd probably prefer that locally-sourced, wild fellow."
1988,0,0,9,9,1.0,0.11785113019775792,510,I'M MEETING MY DRONE AT THIS LOCATION.
1988,0,0,11,11,1.0,0.09534625892455922,510,I can't believe it! I won the Powerball lottery!
1988,0,0,9,9,1.0,0.11785113019775792,510,I've been laid off so I'm laying down!
1988,0,0,9,9,1.0,0.11785113019775792,510,"City views, lively neighborhood, yes- but somehow not quite the rental they promised online."
1988,0,0,9,9,1.0,0.11785113019775792,510,My other house is a box.
1988,0,0,9,9,1.0,0.11785113019775792,510,I'm Jeb Bush and I'm too big to flail.
1988,0,0,9,9,1.0,0.11785113019775792,510,I coulda done this full time if I didn't get into business
1988,0,0,9,9,1.0,0.11785113019775792,510,I need to keep my obstructionist skills sharp while Congress is in recess.
1988,0,0,9,9,1.0,0.11785113019775792,510,"Hey, watch where you're going!"
1988,0,0,9,9,1.0,0.11785113019775792,510,Oh no!
1988,0,0,9,9,1.0,0.11785113019775792,510,It works for me. Ask your doctor if Ambeyond is good for you.
1988,0,0,9,9,1.0,0.11785113019775792,510,It's cheaper and more spacious than my Manhattan studio.
1988,0,0,9,9,1.0,0.11785113019775792,510,My Doc says not to worry unless it feels like someone is stepping on my chest
1988,0,0,9,9,1.0,0.11785113019775792,510,My doctor said I have external obstruction.
1988,0,0,9,9,1.0,0.11785113019775792,510,"Well what do you know, there really is a glass ceiling"
1988,0,0,9,9,1.0,0.11785113019775792,510,"My wife says I'm a doormat, so I'm waiting for her to walk home."
1988,0,0,9,9,1.0,0.11785113019775792,510,"Wow, I don't think I've ever REALLY seen the sky before."
1988,0,0,8,8,1.0,0.1336306209562122,510,This many roommates and the rent is still too high.
1988,0,0,10,10,1.0,0.10540925533894598,510,Don't worry. I'm good.
1988,0,0,9,9,1.0,0.11785113019775792,510,I don't know about this so called white privilege. No one has bothered to bring me a pillow.
1988,0,0,8,8,1.0,0.1336306209562122,510,"carpet man, carpet man, does whatever a carpet can."
1988,0,0,8,8,1.0,0.1336306209562122,510,I'm channeling my inner Christie.
1988,0,0,9,9,1.0,0.11785113019775792,510,At least I'll get some fresh air getting stepped on out here.
1988,0,0,9,9,1.0,0.11785113019775792,510,"That''s one small step for man, one giant leap...."
1988,0,0,9,9,1.0,0.11785113019775792,510,"Hello. I am a holographic art object representing a happy business man after being laid off. I was designed to help determine if you find me humorous, appropriate or objectionable."
1988,0,0,9,9,1.0,0.11785113019775792,510,My therapist suggested I be more sociable.
1988,0,0,9,9,1.0,0.11785113019775792,510,So this is mindfulness and having a conscious experience from a first-person perspective.
1988,0,0,9,9,1.0,0.11785113019775792,510,Of course my back gets sore but it's been weeks since anyone asked me for spare change!
1988,0,0,9,9,1.0,0.11785113019775792,510,"Free full body massage, right in the middle of the city!"
1988,0,0,9,9,1.0,0.11785113019775792,510,Now I know what being homeless feels like. I'm voting for Bernie.
1988,0,0,9,9,1.0,0.11785113019775792,510,XYZPDQ
1988,0,0,9,9,1.0,0.11785113019775792,510,"Please, I'm trying to meditate here."
1988,0,0,9,9,1.0,0.11785113019775792,510,It's called performance art. I'm a regulatory hurdle.
1988,0,0,9,9,1.0,0.11785113019775792,510,The Street discounts us outliers.
1988,0,0,9,9,1.0,0.11785113019775792,510,"Try your ten-minute meditation somewhere else, buddy!"
1988,0,0,8,8,1.0,0.1336306209562122,510,People stop and stare...I won't care...if I can be here on the street where you live.
1988,0,0,9,9,1.0,0.11785113019775792,510,This must be how to feels to be President.
1988,0,0,9,9,1.0,0.11785113019775792,510,I'm bringing the GOP's plans for obstructionism to the streets
1988,0,0,9,9,1.0,0.11785113019775792,510,It’s okay—for a while there I thought I was a chalk drawing too!
1988,0,0,9,9,1.0,0.11785113019775792,510,"Remember, step on a crack and your old lady goes to the ER."
1988,0,0,9,9,1.0,0.11785113019775792,510,"It's guy humor, folks. We just like to look."
1988,0,0,9,9,1.0,0.11785113019775792,510,NIMBY's in motion.
1988,0,0,9,9,1.0,0.11785113019775792,510,I'm part of the walking over Wall Street pilot program.
1988,0,0,9,9,1.0,0.11785113019775792,510,I love being Floor Delacour! (It's from the fourth Harry Potter.)
1988,0,0,9,9,1.0,0.11785113019775792,510,My shrink told me to suppress my ego!
1988,0,0,9,9,1.0,0.11785113019775792,510,I never won some.
1988,0,0,9,9,1.0,0.11785113019775792,510,Do we care? Ahhh no!
1988,0,0,9,9,1.0,0.11785113019775792,510,"The rat race was just wearing me thin, you know?"
1988,0,0,9,9,1.0,0.11785113019775792,510,"Hoping not to blink, be mistaken for sleeping in public and arrested."
1988,0,0,9,9,1.0,0.11785113019775792,510,"Excuse me, sir. May I have a moment with you for our ""man on the street"" interview?"
1988,0,0,9,9,1.0,0.11785113019775792,510,"Aaand, commencing mid-life crisis."
1988,0,0,10,10,1.0,0.10540925533894598,510,You gotta know when to fold 'em.
1988,0,0,9,9,1.0,0.11785113019775792,510,I've really changed my perspective .
1988,0,0,8,8,1.0,0.1336306209562122,510,I prefer sexual objectification.
1988,0,0,9,9,1.0,0.11785113019775792,510,Knew there was something off about a 'staycation' travel agency.
1988,0,0,8,8,1.0,0.1336306209562122,510,This ad will end in 6 seconds.
1988,0,0,9,9,1.0,0.11785113019775792,510,I'm celebrating New York values.
1988,0,0,9,9,1.0,0.11785113019775792,510,My therapist said I need to get a little perspective.
1988,0,0,9,9,1.0,0.11785113019775792,510,"... as we say here in the medical marijuana business: buy low, Sell High!!!!"
1988,0,0,9,9,1.0,0.11785113019775792,510,It's the same story at the office.
1988,0,0,9,9,1.0,0.11785113019775792,510,I'm exercising (loosely) one of my constitutional rights.
1988,0,0,9,9,1.0,0.11785113019775792,510,"Hey, I may be only a pavement painting but that still hurts!"
1988,0,0,9,9,1.0,0.11785113019775792,510,I had sex last night.
1988,0,0,11,11,1.0,0.09534625892455922,510,Who's up for some flash mindfulness?
1988,0,0,9,9,1.0,0.11785113019775792,510,This is how I feel when my wife tells me I'm a doormat !
1988,0,0,9,9,1.0,0.11785113019775792,510,"Hey buddy, can you cut me some slack? I just spent 4 years in the ocean, swam 1000 miles upriver, and just want a little action."
1988,0,0,9,9,1.0,0.11785113019775792,510,I love my family.
1988,0,0,9,9,1.0,0.11785113019775792,510,I got tired of everyone walking all over me – now I’ve got them all walking over me.
1988,0,0,9,9,1.0,0.11785113019775792,510,My name is Matt...Why do you ask?
1988,0,0,9,9,1.0,0.11785113019775792,510,I'd say not so much 'the horns of a dilemma' as 'heading off on a tangent'.
1988,0,0,9,9,1.0,0.11785113019775792,510,I'm curbing my enthusiasm.
1988,0,0,9,9,1.0,0.11785113019775792,510,Let’s see how YOU like being occupied!
1988,0,0,9,9,1.0,0.11785113019775792,510,I have decided to take control of my fate.
1988,0,0,9,9,1.0,0.11785113019775792,510,How you like me now?
1988,0,0,9,9,1.0,0.11785113019775792,510,I'm just a small hurdle to the middle class.
1988,0,0,9,9,1.0,0.11785113019775792,510,Help?
1988,0,0,9,9,1.0,0.11785113019775792,510,They wouldn't let me sleep on the train
1988,0,0,8,8,1.0,0.1336306209562122,510,Gadsden would be rolling over in his grave if he had one
1988,0,0,9,9,1.0,0.11785113019775792,510,I'm working on my sidewalk and chill.
1988,0,0,8,8,1.0,0.1336306209562122,510,After the brutal bear attack I've been wary of vultures.
1988,0,0,9,9,1.0,0.11785113019775792,510,Gulliver put me here.
1988,0,0,9,9,1.0,0.11785113019775792,510,"Now, a little to the left."
1988,0,0,9,9,1.0,0.11785113019775792,510,"So I said to myself... ""Self, existentialism IS overrated."""
1988,0,0,9,9,1.0,0.11785113019775792,510,And everyone claims they don't walk all over me
1988,0,0,9,9,1.0,0.11785113019775792,510,"Alright, folks, this Velcro Wall shindig is a blast! But...who tipped over the trash basket?"
1988,0,0,9,9,1.0,0.11785113019775792,510,"The new form of a relaxation technique: Stop, drop and quick snooze."
1988,0,0,9,9,1.0,0.11785113019775792,510,Should've gone to Miami for vacation
1988,0,0,9,9,1.0,0.11785113019775792,510,Little do these people suspect that I am an eccentric millionaire with $1000 in my pocket for the first person offering to help me.
1988,0,0,9,9,1.0,0.11785113019775792,510,I have fallen and I can't get up!
1988,0,0,9,9,1.0,0.11785113019775792,510,Can you be down to earth somewhere else?
1988,0,0,9,9,1.0,0.11785113019775792,510,Even Frank's attempts at self-care left him feeling walked all over.
1988,0,0,9,9,1.0,0.11785113019775792,510,The Hollywood Walk of Elusive Fame.
1988,0,0,9,9,1.0,0.11785113019775792,510,I don't feel the love.
1988,0,0,9,9,1.0,0.11785113019775792,510,O n e...t w o...
1988,0,0,9,9,1.0,0.11785113019775792,510,Just preparing for today's shareholder meeting.
1988,0,0,9,9,1.0,0.11785113019775792,510,"Now I lay me down to sleep/And pray the Lord my soul to keep/And if I die before I wake/ Yellow is the cab to take. Hopscotch is a racialist term. Bewails too. Did someone lose a tampon? Hie, ye foreshortened people."
1988,0,0,9,9,1.0,0.11785113019775792,510,"A helluva town, this City that doesn't sleep!"
1988,0,0,9,9,1.0,0.11785113019775792,510,I'm just going to lay here where I can't hurt anyone and hopefully no one can hurt me.
1988,0,0,9,9,1.0,0.11785113019775792,510,"I'll be home shortly, I've installed the transportation App."
1988,0,0,10,10,1.0,0.10540925533894598,510,The view from the glass ceiling.
1988,0,0,9,9,1.0,0.11785113019775792,510,"New York, New York! It's a helluva town!"
1988,0,0,9,9,1.0,0.11785113019775792,510,Without my Blackberry I'm useless!
1988,0,0,9,9,1.0,0.11785113019775792,510,Ah! Peace and quiet.
1988,0,0,9,9,1.0,0.11785113019775792,510,"I feel your pain, Jeb."
1988,0,0,9,9,1.0,0.11785113019775792,510,"I used to sell paper, need to get back on my feet."
1988,0,0,9,9,1.0,0.11785113019775792,510,Still kicking the can I see...
1988,0,0,9,9,1.0,0.11785113019775792,510,And the staycation continues...
1988,0,0,8,8,1.0,0.1336306209562122,510,I might need an ice bucket after this challenge.
1988,0,0,9,9,1.0,0.11785113019775792,510,I missed my bed by about 10 feet.
1988,0,0,8,8,1.0,0.1336306209562122,510,"""I've fallen and I can't get up....Help!"
1988,0,0,9,9,1.0,0.11785113019775792,510,New Zen at Work Program
1988,0,0,9,9,1.0,0.11785113019775792,510,"1) You're overextending your stride, 2) your fly is up, and 3) Happy National Margarita Day!"
1988,0,0,10,10,1.0,0.10540925533894598,510,"I'm not sure the ""plein air"" concept will work for urban office space."
1988,0,0,8,8,1.0,0.1336306209562122,510,If you wake up Jeb! he'll kill you.
1988,0,0,9,9,1.0,0.11785113019775792,510,Stupid is as stupid does buddy.
1988,0,0,9,9,1.0,0.11785113019775792,510,"Wow, and that one looks like an alligator."
1988,0,0,9,9,1.0,0.11785113019775792,510,"Banksy was, put lightly, disappointed with his latest piece's impact."
1988,0,0,8,8,1.0,0.1336306209562122,510,"""I didin't think the CNN job posting literally meant 'Man on the street reporter' ""."
1988,0,0,9,9,1.0,0.11785113019775792,510,"My doctor tells me I need plenty of rest, and this is one of the ways I have of doing it."
1988,0,0,9,9,1.0,0.11785113019775792,510,"Hurry up, will ya? Your blocking my view of the bunny rabbit cloud!"
1988,0,0,9,9,1.0,0.11785113019775792,510,My psychologist said I need to enhance my feelings.
1988,0,0,9,9,1.0,0.11785113019775792,510,That one looks like a size nine.
1988,0,0,9,9,1.0,0.11785113019775792,510,Just trying to increase my daily step step count.
1988,0,0,9,9,1.0,0.11785113019775792,510,It's the Republican alternative to Obamacare
1988,0,0,9,9,1.0,0.11785113019775792,510,"Yeah, I'd let my kids eat off of the street."
1988,0,0,9,9,1.0,0.11785113019775792,510,But I'm a Republican!
1988,0,0,9,9,1.0,0.11785113019775792,510,"Careful, it's not permanent press."
1988,0,0,9,9,1.0,0.11785113019775792,510,"Sorry, folks, but I just need some ""me"" time."
1988,0,0,9,9,1.0,0.11785113019775792,510,"Ah, just stopping to espy the drones."
1988,0,0,9,9,1.0,0.11785113019775792,510,"Just be careful, it’s for the new Abramovic exhibition."
1988,0,0,10,10,1.0,0.10540925533894598,510,My therapist said I should let people walk all over me more.
1988,0,0,9,9,1.0,0.11785113019775792,510,Ground control to Major Tom...
1988,0,0,9,9,1.0,0.11785113019775792,510,What would Neil Armstrong say?
1988,0,0,9,9,1.0,0.11785113019775792,510,It came highly rated on Airbnb.
1988,0,0,9,9,1.0,0.11785113019775792,510,Hurry Sid! I'm on step nine of the 'Overachievers Support Program'. You're the last one!
1988,0,0,9,9,1.0,0.11785113019775792,510,"Yodel dee, yodel dye; what a beautiful sky."
1988,0,0,9,9,1.0,0.11785113019775792,510,"We all need to slow down, relax, and appreciate the world around us."
1988,0,0,9,9,1.0,0.11785113019775792,510,"Don't mind me, I'm people watching during my lunch break, its a covered sport under my insurance policy."
1988,0,0,9,9,1.0,0.11785113019775792,510,My 1 percent movement doesn't seem to be catching on.
1988,0,0,9,9,1.0,0.11785113019775792,510,"Said ""hey, baby, take a walk on the wild side."""
1988,0,0,9,9,1.0,0.11785113019775792,510,"Oh, give me a home where the buffalo roam.............."
1988,0,0,9,9,1.0,0.11785113019775792,510,"Pays not so good, but I get to meet a lot of people."
1988,0,0,9,9,1.0,0.11785113019775792,510,Go ahead and try it!! I guarantee things will finally begin to look up
1988,0,0,9,9,1.0,0.11785113019775792,510,"Yes, I'm sure this photo of me will go viral on Facebook!"
1988,0,0,9,9,1.0,0.11785113019775792,510,"Does this mean I'm fired, Mr. Trump?"
1988,0,0,9,9,1.0,0.11785113019775792,510,I'd rather have people literally walking over me than figuratively at work.
1988,0,0,9,9,1.0,0.11785113019775792,510,"Calling occupants of interplanetary, most extraordinary craft...."
1988,0,0,9,9,1.0,0.11785113019775792,510,I'm a government bureaucrat just doing my job.
1988,0,0,9,9,1.0,0.11785113019775792,510,Watch out – I have bedbugs.
1988,0,0,9,9,1.0,0.11785113019775792,510,Begin your yoga sequence by aligning yourself with the Dow Jones index.
1988,0,0,8,8,1.0,0.1336306209562122,510,Urban stargazing can be quite challenging!
1988,0,0,9,9,1.0,0.11785113019775792,510,"ONE UNSEEN BIRD TO SECOND UNSEEN BIRD: ""Aren't you glad they don't have wings."""
1988,0,0,9,9,1.0,0.11785113019775792,510,It beats a stab in the back.
1988,0,0,10,10,1.0,0.10540925533894598,510,I dare you to try this wearing a lumberjack flannel.
1988,0,0,9,9,1.0,0.11785113019775792,510,Y'all sure have some pricey hotels in this here city.
1988,0,0,9,9,1.0,0.11785113019775792,510,I'm a pop-up accountant.
1988,0,0,9,9,1.0,0.11785113019775792,510,Your local NPR station needs your support…your local NPR station needs your support…
1988,0,0,9,9,1.0,0.11785113019775792,510,It's OK. He's too big to fail.
1988,0,0,9,9,1.0,0.11785113019775792,510,I'm just a sidewalk goofball named Leroy. Hooboy! Leroy's back in town. Wait until Hillary wins. Hooboy!
1988,0,0,9,9,1.0,0.11785113019775792,510,Where's my wife with that needle and thread?
1988,0,0,9,9,1.0,0.11785113019775792,510,"I'm fine, I just decided to take today lying down."
1988,0,0,8,8,1.0,0.1336306209562122,510,"I felt invisible, so I resigned on the spot."
1988,0,0,9,9,1.0,0.11785113019775792,510,Wasn't long ago when a Wall Street banker commanded a lot more respect
1988,0,0,9,9,1.0,0.11785113019775792,510,"Okay, so maybe I do have some masochistic tendencies."
1988,0,0,9,9,1.0,0.11785113019775792,510,Are the political debates over?
1988,0,0,9,9,1.0,0.11785113019775792,510,The clouds are prettier in Midtown.
1988,0,0,9,9,1.0,0.11785113019775792,510,You don't know what you're missing.
1988,0,0,9,9,1.0,0.11785113019775792,510,"Sure, the street noise is sometimes a problem, but you can't beat the rent."
1988,0,0,9,9,1.0,0.11785113019775792,510,I am a member of the Silent Majority....and I vote.
1988,0,0,9,9,1.0,0.11785113019775792,510,"In my imagination, there were more rose petals."
1988,0,0,9,9,1.0,0.11785113019775792,510,Wow this place really has gone downhill since DeBlasio got into office.
1988,0,0,9,9,1.0,0.11785113019775792,510,Park Ave? Maybe it was take a nap at Central Park?
1988,0,0,9,9,1.0,0.11785113019775792,510,Nobody knows the trouble...
1988,0,0,9,9,1.0,0.11785113019775792,510,It's called sidewalk therapy.
1988,0,0,9,9,1.0,0.11785113019775792,510,my world has many charactersw
1988,0,0,9,9,1.0,0.11785113019775792,510,Sometimes I just like to lie down and watch the stock tickers.
1988,0,0,9,9,1.0,0.11785113019775792,510,I can see the Mir Space Station from here.
1988,0,0,9,9,1.0,0.11785113019775792,510,Some can't seem to get over that my platform is concrete.
1988,0,0,9,9,1.0,0.11785113019775792,510,"Another victim of ""urban martyr syndrome"""
1988,0,0,9,9,1.0,0.11785113019775792,510,Relaxation is a state of mind.
1988,0,0,9,9,1.0,0.11785113019775792,510,I refuse to travel through the ether with the rest of you plebeians.
1988,0,0,8,8,1.0,0.1336306209562122,510,I can't believe no one believed me that I had super powers. I'm obviously invisible!
1988,0,0,9,9,1.0,0.11785113019775792,510,It's not man-spreading; it's just the way I'm most comfortable.
1988,0,0,9,9,1.0,0.11785113019775792,510,It only took three days of ignoring to convince Tom he was actually invisible.
1988,0,0,9,9,1.0,0.11785113019775792,510,"Huh - that one looks like the underside of someone's chin, too!"
1988,0,0,8,8,1.0,0.1336306209562122,510,Kindly keep your foot off my light heart.
1988,0,0,9,9,1.0,0.11785113019775792,510,"I am just testing out a theory,....my wife keeps telling me my boss treats me like a ""door mat""."
1988,0,0,9,9,1.0,0.11785113019775792,510,"Nyah nyah nyah, I can't hear you. Or see you."
1988,0,0,9,9,1.0,0.11785113019775792,510,"Wow, Alex told us he was unafraid of hard work. Look, like Daniel in the den of lions, he lays down next to it, and sleeps like a bay, trusting in his Federal Worker's Union to take care of him."
1988,0,0,9,9,1.0,0.11785113019775792,510,So this is what it now feels like to be Jeb Bush.
1988,0,0,9,9,1.0,0.11785113019775792,510,Gotta love savasana!
1988,0,0,10,10,1.0,0.10540925533894598,510,I'm blooming where I was planted.
1988,0,0,9,9,1.0,0.11785113019775792,510,"So now we're playing ring-around-the rosie AND jack-be-nimble, jack-be-quick, jack jump over my candlestick."
1988,0,0,9,9,1.0,0.11785113019775792,510,Such a pedestrian perspective on sidewalk etiquette...
1988,0,0,9,9,1.0,0.11785113019775792,510,What? I'm Catman in disguise; where do you expect me to sleep? In a bed?
1988,0,0,9,9,1.0,0.11785113019775792,510,"It's no street-corner office, but the view ain't bad."
1988,0,0,9,9,1.0,0.11785113019775792,510,Higher!
1988,0,0,9,9,1.0,0.11785113019775792,510,Don't look so surprised...if we could learn to treat the Earth so kindly.
1988,0,0,9,9,1.0,0.11785113019775792,510,Yep...they're real!
1988,0,0,9,9,1.0,0.11785113019775792,510,Does this remind anyone of our foreign policy?
1988,0,0,9,9,1.0,0.11785113019775792,510,No one stops to appreciate the different shapes of the smog anymore.
1988,0,0,9,9,1.0,0.11785113019775792,510,Now this is the way to get your steps in!
1988,0,0,9,9,1.0,0.11785113019775792,510,I have been stepped on since I was slapped at birth.
1988,0,0,9,9,1.0,0.11785113019775792,510,I must become the sidewalk to master the sidewalk.
1988,0,0,9,9,1.0,0.11785113019775792,510,I'm a public employee.
1988,0,0,9,9,1.0,0.11785113019775792,510,That cloud looks like a bear.
1988,0,0,9,9,1.0,0.11785113019775792,510,You know you can't keep a good man down.
1988,0,0,9,9,1.0,0.11785113019775792,510,"(singing) ""It's quiet uptown, it's quiet uptown...”"
1988,0,0,9,9,1.0,0.11785113019775792,510,Very good! You're all learning to overcome obstacles!
1988,0,0,9,9,1.0,0.11785113019775792,510,It's a new Yoga technique!
1988,0,0,9,9,1.0,0.11785113019775792,510,"Aaaah, urban America."
1988,0,0,9,9,1.0,0.11785113019775792,510,The geese in formation look best from this angle.
1988,0,0,9,9,1.0,0.11785113019775792,510,"People, people who need people, Are the luckiest people in the world."
1988,0,0,10,10,1.0,0.10540925533894598,510,I guess I just feel like the world is passing me by.
1988,0,0,9,9,1.0,0.11785113019775792,510,Making this deal is gonna be a cakewalk.
1988,0,0,9,9,1.0,0.11785113019775792,510,Consequences of the Open Office.
1988,0,0,7,7,1.0,0.1543033499620919,510,Go ahead Trump walks all over me!
1988,0,0,9,9,1.0,0.11785113019775792,510,"Just trying to get to the bottom of things, Mom."
1988,0,0,9,9,1.0,0.11785113019775792,510,Love my promotion. Can't wait to also get an office.
1988,0,0,9,9,1.0,0.11785113019775792,510,This is the sidewalk of terror!
1988,0,0,9,9,1.0,0.11785113019775792,510,What fools these mortals be!
1988,0,0,9,9,1.0,0.11785113019775792,510,What a great view--good to know everybody cares.
1988,0,0,9,9,1.0,0.11785113019775792,510,"Hustle, bustle, toil and scrub. Hustle, bustle, toil and scrub."
1988,0,0,9,9,1.0,0.11785113019775792,510,"Why does everyone feel that they can walk all over me, and why does my psychiatrist think I shouldn't feel that way?"
1988,0,0,9,9,1.0,0.11785113019775792,510,"Is that your heel, or are you just glad to see me?"
1988,0,0,9,9,1.0,0.11785113019775792,510,I trust you. I trust you. I trust you. Wait a minute!
1988,0,0,9,9,1.0,0.11785113019775792,510,Just stop and smell the roses!
1988,0,0,9,9,1.0,0.11785113019775792,510,Today I'm operating from a larger perspective.
1988,0,0,8,8,1.0,0.1336306209562122,510,'Better a sidewalk flower than a . . .'
1988,0,0,9,9,1.0,0.11785113019775792,510,"Cool, I am invisible, nobody sees me. I can do whatever I do."
1988,0,0,9,9,1.0,0.11785113019775792,510,I had a nightmare of silly bustling all around me when I awoke from my nightmare it was a reality!
1988,0,0,9,9,1.0,0.11785113019775792,510,Sometimes you just gotta go with it.
1988,0,0,9,9,1.0,0.11785113019775792,510,And that cloud looks like a man!
1988,0,0,9,9,1.0,0.11785113019775792,510,"Yes, sir, I can see your drone delivery now...."
1988,0,0,8,8,1.0,0.1336306209562122,510,"""Step right into the world of hedge funds""."
1988,0,0,9,9,1.0,0.11785113019775792,510,Sometimes a rat race rat needs to make a pit stop.
1988,0,0,8,8,1.0,0.1336306209562122,510,"Yes,doctor I do feel freer and more in control."
1988,0,0,9,9,1.0,0.11785113019775792,510,You must have eaten your Wheaties.
1988,0,0,11,11,1.0,0.09534625892455922,510,My relaxation app still has a few bugs to work out.
1988,0,0,9,9,1.0,0.11785113019775792,510,I couldn't afford those Rolfing sessions anymore.
1988,0,0,9,9,1.0,0.11785113019775792,510,"Hey mister, you have gum stuck to the bottom of your shoe!"
1988,0,0,8,8,1.0,0.1336306209562122,510,"Step on a crack, break your father's back"
1988,0,0,8,8,1.0,0.1336306209562122,510,"On second thought, my childhood wasn't that great."
1988,0,0,9,9,1.0,0.11785113019775792,510,I knew she was asking for it when my mom named me Matt.
1988,0,0,9,9,1.0,0.11785113019775792,510,My therapist said I need a new perspective. I hate it.
1988,0,0,9,9,1.0,0.11785113019775792,510,Flat Stanley-origin story.
1988,0,0,8,8,1.0,0.1336306209562122,510,"So I thought, 'Why bother going up 42 stories just to come right back down again'."
1988,0,0,8,8,1.0,0.1336306209562122,510,"It's true. If you're not assertive with people, they'll walk all over you."
1988,0,0,9,9,1.0,0.11785113019775792,510,I'm for The Donald. Don't Tread on Me.
1988,0,0,9,9,1.0,0.11785113019775792,510,Here I laid to rest.
1988,0,0,9,9,1.0,0.11785113019775792,510,"This is not what I meant by being, ""Being run over by Life""."
1988,0,0,9,9,1.0,0.11785113019775792,510,"Hey buddy, you're not an attractive nuisance."
1988,0,0,9,9,1.0,0.11785113019775792,510,"Hey buddy, can you loan me some prime?"
1988,0,0,9,9,1.0,0.11785113019775792,510,Laissez-Faire Capitalism
1988,0,0,9,9,1.0,0.11785113019775792,510,"``People, people who need people, are the luckiest people ...''"
1988,0,0,9,9,1.0,0.11785113019775792,510,This man on the street gig is not as easy as you would think!
1988,0,0,10,10,1.0,0.10540925533894598,510,If I can't walk the red carpet can you blow the trumpet?
1988,0,0,9,9,1.0,0.11785113019775792,510,Nap time
1988,0,0,9,9,1.0,0.11785113019775792,510,It's never too early to start waiting for World Series tickets.
1988,0,0,9,9,1.0,0.11785113019775792,510,I always do the opposite of what my shrink tells me and it's working for me.
1988,0,0,9,9,1.0,0.11785113019775792,510,That cloud looks like a shoe...That cloud looks like a boot...
1988,0,0,9,9,1.0,0.11785113019775792,510,"Recession? What recession? Siesta in the city, anyone?"
1988,0,0,10,10,1.0,0.10540925533894598,510,"Pretty bad optical illusion, isn't it? People are walking all over it."
1988,0,0,10,10,1.0,0.10540925533894598,510,"What, me worry? I read the New Yorker"
1988,0,0,9,9,1.0,0.11785113019775792,510,It worked for Rodney Dangerfield.
1988,0,0,9,9,1.0,0.11785113019775792,510,The sidewalk practice challenges on a good day.
1988,0,0,9,9,1.0,0.11785113019775792,510,I've got a 12:30 masseuse appointment.
1988,0,0,9,9,1.0,0.11785113019775792,510,Nobody care about me in the town.
1988,0,0,9,9,1.0,0.11785113019775792,510,"I used to be terrified of elevators,but thanks to years of therapy I couldn't be more relaxed."
1988,0,0,9,9,1.0,0.11785113019775792,510,Don't blame me -- I didn't choose to be a visionary!
1988,0,0,9,9,1.0,0.11785113019775792,510,"I am declaring this spot ""Justus Township"" and am no longer under the authority of the USA."
1988,0,0,8,8,1.0,0.1336306209562122,510,Everyone should take time to smell the roses.
1988,0,0,9,9,1.0,0.11785113019775792,510,Life's a beach.
1988,0,0,10,10,1.0,0.10540925533894598,510,Don't mind me—I'm just doing market research for a company that removes gum from shoes.
1988,0,0,9,9,1.0,0.11785113019775792,510,Am I getting paranoid or are people beginning to walk all over me?
1988,0,0,10,10,1.0,0.10540925533894598,510,There may be something to this homeless sympathy training.
1988,0,0,9,9,1.0,0.11785113019775792,510,Can hardly wait to see what happens next.
1988,0,0,9,9,1.0,0.11785113019775792,510,weightlessness addiction: an ignored epidemic
1988,0,0,10,10,1.0,0.10540925533894598,510,"I'm building a wall...and Juan Valdez is paying for it. Then you're all banned. Cuz you're just a bunch of low-energy war heroes who get captured...I coulda been president instead of a billionaire bum...let's face it - it was you, Hillary!"
1988,0,0,9,9,1.0,0.11785113019775792,510,"Well, Dave, from up here on the 10th floor, it sure looks like another Gov. Christie ""bridgegate"" to me."
1988,0,0,9,9,1.0,0.11785113019775792,510,"Sometimes you just have to say , ""I'm not going to play by your rules."""
1988,0,0,9,9,1.0,0.11785113019775792,510,"Hey, watch it! I'm man-sprawling here!"
1988,0,0,9,9,1.0,0.11785113019775792,510,"I, too, was an upstanding citizen. But I'm happier now."
1988,0,0,9,9,1.0,0.11785113019775792,510,My ex always said I enjoyed being walked all over.
1988,0,0,9,9,1.0,0.11785113019775792,510,"So far, I can't say much for ""try to gain a new perspective."""
1988,0,0,9,9,1.0,0.11785113019775792,510,help! - I've fallen of the corporate latter and can't get up
1988,0,0,8,8,1.0,0.1336306209562122,510,My therapist told me that I should rebuild my life from the ground up.
1988,0,0,9,9,1.0,0.11785113019775792,510,"It's all about my civil rights, but I don't like getting peed on."
1988,0,0,9,9,1.0,0.11785113019775792,510,'Tis the reprobate recumbent life for me.
1988,0,0,9,9,1.0,0.11785113019775792,510,The end is at hand.
1988,0,0,9,9,1.0,0.11785113019775792,510,Geez...I feel like cholesterol!
1988,0,0,8,8,1.0,0.1336306209562122,510,"As part of the Donald Trump ground game, I'm here to remind you about the wall."
1988,0,0,9,9,1.0,0.11785113019775792,510,"Yes Sir, I'm in the middle of a breakdown, please move along like everyone else."
1988,0,0,9,9,1.0,0.11785113019775792,510,Look Up! the end is near!
1988,0,0,8,8,1.0,0.1336306209562122,510,"Yeah Max, sit-ups are still best to strengthen your core."
1988,0,0,9,9,1.0,0.11785113019775792,510,The New York Massage has replaced the Thai Massage and it is FREE.
1988,0,0,9,9,1.0,0.11785113019775792,510,Don't mind me. Just trying out walking meditation.
1988,0,0,9,9,1.0,0.11785113019775792,510,"I wonder why my wife I was nothing more than a ""door mat""."
1988,0,0,9,9,1.0,0.11785113019775792,510,Just marking my territory.
1988,0,0,9,9,1.0,0.11785113019775792,510,Damned Florsheim shoes!
1988,0,0,9,9,1.0,0.11785113019775792,510,I'm a Situationalist. Deal with it!
1988,0,0,9,9,1.0,0.11785113019775792,510,"It's hard living in the City, but I want to be able to go to the Opera."
1988,0,0,9,9,1.0,0.11785113019775792,510,"You didn't say ""may I""!"
1988,0,0,9,9,1.0,0.11785113019775792,510,Jim decides to leave the rat race behind!
1988,0,0,9,9,1.0,0.11785113019775792,510,My train's late again.
1988,0,0,9,9,1.0,0.11785113019775792,510,Can you spare a ten for a latte?
1988,0,0,9,9,1.0,0.11785113019775792,510,It's a metaphor for something.
1988,0,0,8,8,1.0,0.1336306209562122,510,Give me a job and I'll be out of your way.
1988,0,0,9,9,1.0,0.11785113019775792,510,Just another down sizing idea.
1988,0,0,9,9,1.0,0.11785113019775792,510,Step on me and I'll break YOUR back.
1988,0,0,8,8,1.0,0.1336306209562122,510,cookooducky@gmail.com
1988,0,0,8,8,1.0,0.1336306209562122,510,We didn't literally mean that you can meditate anywhere.
1988,0,0,9,9,1.0,0.11785113019775792,510,I've fallen and I can't hedge funds!
1988,0,0,9,9,1.0,0.11785113019775792,510,Thank you. It's nice of you to bring me a pillow>
1988,0,0,9,9,1.0,0.11785113019775792,510,Vertigo? Just finish the sketch--I'm getting trampled down here!
1988,0,0,9,9,1.0,0.11785113019775792,510,"I call it ""Urban-Foraged Shiatsu""..."
1988,0,0,9,9,1.0,0.11785113019775792,510,I'm tired of always feeling I have to yield to others.
1988,0,0,9,9,1.0,0.11785113019775792,510,This is a much better place to nap than the subway!
1988,0,0,8,8,1.0,0.1336306209562122,510,"[singing] ""Do you see what I see?"""
1988,0,0,9,9,1.0,0.11785113019775792,510,You're fired!
1988,0,0,9,9,1.0,0.11785113019775792,510,I'm taking a survey.
1988,0,0,9,9,1.0,0.11785113019775792,510,"To think that you people are missing these beautiful cloud formations, really irks me."
1988,0,0,9,9,1.0,0.11785113019775792,510,Free business lesson- there's never a clear path to success!
1988,0,0,9,9,1.0,0.11785113019775792,510,I'm testing a whole new approach to giving people a feel for upward mobility.
1988,0,0,9,9,1.0,0.11785113019775792,510,This drawing expresses how everyday people are too busy nowadays to notice anything important and just overlook things that are out of the ordinary.
1988,0,0,9,9,1.0,0.11785113019775792,510,Sometimes you just have to slow down and enjoy life.
1988,0,0,9,9,1.0,0.11785113019775792,510,"This is James Fillmore, live from New York, with our ultimate 'Man-On-The-Street' Report."
1988,0,0,9,9,1.0,0.11785113019775792,510,"(music notes) ""...On a Sunday morning sidewalk, I'm wishing, Lord, that I was stoned..."" (music notes)"
1988,0,0,9,9,1.0,0.11785113019775792,510,"Hey buddy, you're blocking my view."
1988,0,0,8,8,1.0,0.1336306209562122,510,A flash mob people pleaser expression.
1988,0,0,9,9,1.0,0.11785113019775792,510,I'm starting to think Shiatsu massage isn't for me.
1988,0,0,9,9,1.0,0.11785113019775792,510,"Doctor, I have a recurring dream where nobody pays attention to me."
1988,0,0,8,8,1.0,0.1336306209562122,510,It's a walk stoppage.
1988,0,0,9,9,1.0,0.11785113019775792,510,"Next time, I should tweet this."
1988,0,0,9,9,1.0,0.11785113019775792,510,"Staycation, Fred. Staycation."
1988,0,0,9,9,1.0,0.11785113019775792,510,I'm not moving til Hillary wins!
1988,0,0,9,9,1.0,0.11785113019775792,510,"When your only tool is a heel, everyone looks like a rug."
1988,0,0,9,9,1.0,0.11785113019775792,510,Bill immediately noticed the benefits of yoga.
1988,0,0,9,9,1.0,0.11785113019775792,510,"Soon, the American people will see that I'm the only logical GOP candidate."
1988,0,0,9,9,1.0,0.11785113019775792,510,Excuse me. It's AROUND the mulberry bush.
1988,0,0,9,9,1.0,0.11785113019775792,510,"Just my little way of facilitating attentiveness, coordination, and annoyance toleration."
1988,0,0,8,8,1.0,0.1336306209562122,510,"Stanley, our local grammar enthusiast, is at it again folks! This week, he asked people if they knew whether or not he was 'laying' or 'lying' on the sidewalk."
1988,0,0,9,9,1.0,0.11785113019775792,510,"101, 102..."
1988,0,0,10,10,1.0,0.10540925533894598,510,"I'm leaving today. I want to depart from it. Those vagabond shoes trod on me every day. I cannot sleep because the hill was too steep. These big city blues are melting away. So bye bye to ole New York, New York!"
1988,0,0,9,9,1.0,0.11785113019775792,510,Carpet Diem
1988,0,0,9,9,1.0,0.11785113019775792,510,"You oughta try it, bud. It's a whole new perspective on life."
1988,0,0,9,9,1.0,0.11785113019775792,510,"Don""t mind me, the park was full"
1988,0,0,9,9,1.0,0.11785113019775792,510,I'm trying to clear my thoughts before I vote in the primary.
1988,0,0,9,9,1.0,0.11785113019775792,510,"If I did this in Manhattan, I'd probably be dead by now."
1988,0,0,9,9,1.0,0.11785113019775792,510,"Ah, 90 degrees in the shade New York style."
1988,0,0,12,12,1.0,0.08703882797784893,510,"Don't look down on me. You've been here, too."
1988,0,0,8,8,1.0,0.1336306209562122,510,Living in the moment
1988,0,0,9,9,1.0,0.11785113019775792,510,When I'm stressed out I make like the beach.
1988,0,0,9,9,1.0,0.11785113019775792,510,When did they gentrify this park
1988,0,0,9,9,1.0,0.11785113019775792,510,"Horsepersons, Pass By"
1988,0,0,9,9,1.0,0.11785113019775792,510,I figured this was more expedient.
1988,0,0,9,9,1.0,0.11785113019775792,510,"Only four years and 364 days, and I'll own this block."
1988,0,0,9,9,1.0,0.11785113019775792,510,I have no idea how I got into Giacometti's 'Piazza.'
1988,0,0,9,9,1.0,0.11785113019775792,510,I just realized my insurance covers sidewalk accidents.
1988,0,0,9,9,1.0,0.11785113019775792,510,....and that cloud looks like a puppy dog.
1988,0,0,9,9,1.0,0.11785113019775792,510,I think I prefer a more verticle perspective.
1988,0,0,9,9,1.0,0.11785113019775792,510,Step on Zak and break your mother's back.
1988,0,0,9,9,1.0,0.11785113019775792,510,Its a new match making technique from Danny Bonaduce.
1988,0,0,9,9,1.0,0.11785113019775792,510,"In this economy, it’s good to get in on the ground floor."
1988,0,0,9,9,1.0,0.11785113019775792,510,Kumbaya.
1988,0,0,9,9,1.0,0.11785113019775792,510,I don't know why their so angry. Getting trampled isn't that bad.
1988,0,0,9,9,1.0,0.11785113019775792,510,I certainly am learning to appreciate sidewalk art.
1988,0,0,8,8,1.0,0.1336306209562122,510,It's been just one of those days. . . .
1988,0,0,9,9,1.0,0.11785113019775792,510,"Ah, must be Saturday - sidewalk sale day!"
1988,0,0,9,9,1.0,0.11785113019775792,510,"After losing my seat in congress, I thought why not just keep doing what I do best?"
1988,0,0,9,9,1.0,0.11785113019775792,510,"... So I figure I'm one of the lucky ones; The rest of the gang from the ""Human Speed Bump"" dept. are on Wall Street ..."
1988,0,0,9,9,1.0,0.11785113019775792,510,"In retrospect, I think I prefer mandatory minimums over innovative sentencing."
1988,0,0,9,9,1.0,0.11785113019775792,510,"Hey, did you watch the debate last night?"
1988,0,0,9,9,1.0,0.11785113019775792,510,Jeb's latest attempt to garner attention from voters on the street was trampled….
1988,0,0,9,9,1.0,0.11785113019775792,510,"Our research team is studying this ""new normal"" thing."
1988,0,0,9,9,1.0,0.11785113019775792,510,My Occupy Wall Street Sidewalk movement is encountering headwinds.
1988,0,0,9,9,1.0,0.11785113019775792,510,"My boss said, 'Go out and get the company idea off the ground.'"
1988,0,0,9,9,1.0,0.11785113019775792,510,"I get ignored in my cubicle, too. I'm used to it."
1988,0,0,9,9,1.0,0.11785113019775792,510,I do my best thinking when I’m alone.
1988,0,0,8,8,1.0,0.1336306209562122,510,"'Walk a mile—,' they say. But then what?"
1988,0,0,9,9,1.0,0.11785113019775792,510,"That's life. Riding high in April, shot down in May. But I'll be back on top in June."
1988,0,0,8,8,1.0,0.1336306209562122,510,I'm doing a survey for the Welcoming Committee.
1988,0,0,9,9,1.0,0.11785113019775792,510,I win by not losing.
1988,0,0,9,9,1.0,0.11785113019775792,510,I'm beginning to have doubts about the open floor plan.
1988,0,0,9,9,1.0,0.11785113019775792,510,Peril of a one-dimensional presidential candidate.
1988,0,0,9,9,1.0,0.11785113019775792,510,"I said, ""the road to hell is paved with me!"""
1988,0,0,9,9,1.0,0.11785113019775792,510,"I'm thinking of moving to a more affluent corner."""
1988,0,0,9,9,1.0,0.11785113019775792,510,"This is my ""me"" time."
1988,0,0,9,9,1.0,0.11785113019775792,510,The guy at the mattress store said this one’s the firmest.
1988,0,0,9,9,1.0,0.11785113019775792,510,What's hoppin?
1988,0,0,9,9,1.0,0.11785113019775792,510,I finally feel truly at home in the world.
1988,0,0,9,9,1.0,0.11785113019775792,510,"She said, ""Go to a peaceful place."""
1988,0,0,9,9,1.0,0.11785113019775792,510,"""Play safe. Teleport with us."" an ad from the near future."
1988,0,0,9,9,1.0,0.11785113019775792,510,She keeps saying I let people walk all over me...where's she getting that?
1988,0,0,9,9,1.0,0.11785113019775792,510,I'm the city's first maternal preventative spine injury fellow.
1988,0,0,9,9,1.0,0.11785113019775792,510,Wonder if I should have tried the beach first?
1988,0,0,9,9,1.0,0.11785113019775792,510,"With much ease, I am caught in a ""gridlock of mindfulness""!"
1988,0,0,9,9,1.0,0.11785113019775792,510,Life is sweet on the sunny side of the street
1988,0,0,9,9,1.0,0.11785113019775792,510,Maybe I took a wrong turn getting to Central Park
1988,0,0,7,7,1.0,0.1543033499620919,510,I'm a lobbyist.
1988,0,0,9,9,1.0,0.11785113019775792,510,I decided to spend the day letting this diverse group of people and pets walk all over me.
1988,0,0,9,9,1.0,0.11785113019775792,510,"Caution, walk across."
1988,0,0,9,9,1.0,0.11785113019775792,510,"Look, Fluffy, that's what Mommy said happens when someone keeps flat out lying. After a while no one pays any attention to them."
1988,0,0,9,9,1.0,0.11785113019775792,510,"Just sayin, don't mind me."
1988,0,0,8,8,1.0,0.1336306209562122,510,Wallstreet is on the defense.
1988,0,0,9,9,1.0,0.11785113019775792,510,Those boots were made for walkin'. But this Clark Kent suit will walk all over you.
1988,0,0,9,9,1.0,0.11785113019775792,510,Did you know they give free Thai massages on Fifth Avenue?
1988,0,0,9,9,1.0,0.11785113019775792,510,They're all pursuing happiness.
1988,0,0,9,9,1.0,0.11785113019775792,510,"That cloud kind of looks like a recession, right?"
1988,0,0,9,9,1.0,0.11785113019775792,510,"I told you, Ernestine, people just all walk over me"
1988,0,0,9,9,1.0,0.11785113019775792,510,My name is Gulliver - got strings?
1988,0,0,9,9,1.0,0.11785113019775792,510,Don't trip the light fantastic on me!
1988,0,0,9,9,1.0,0.11785113019775792,510,I feel like everyone just walks all over me...
1988,0,0,9,9,1.0,0.11785113019775792,510,"I'd like to add you to my professional network on-- Excuse me, I'd like to add you-- I'd like to-- You there, I'd like to add you to my-- Ma'am? Ma'am? I'd like to--"
1988,0,0,9,9,1.0,0.11785113019775792,510,Now this is synergy.
1988,0,0,8,8,1.0,0.1336306209562122,510,"I've been getting walked on my entire life, may as well add literallly...."
1988,0,0,9,9,1.0,0.11785113019775792,510,"The word on the street, is you are going places"
1988,0,0,9,9,1.0,0.11785113019775792,510,"No problem, I’m just contemplating Desiderata and the noisy confusion of life."
1988,0,0,9,9,1.0,0.11785113019775792,510,Sorry guys but there was a drastic cut in my vacation time
1988,0,0,9,9,1.0,0.11785113019775792,510,Stomping out the romance of street encounters
1988,0,0,9,9,1.0,0.11785113019775792,510,Bernie Sanders is raising funds with this Donald Trump 2-D ollar poster.
1988,0,0,9,9,1.0,0.11785113019775792,510,I’m proving Heisenberg’s uncertainty principle.
1988,0,0,9,9,1.0,0.11785113019775792,510,Trump's in town again
1988,0,0,9,9,1.0,0.11785113019775792,510,I'm prone to public filibusters and as your next President you'll have even more chances to walk all over me.
1988,0,0,9,9,1.0,0.11785113019775792,510,"And there, quite clearly, is Orion's Belt."
1988,0,0,9,9,1.0,0.11785113019775792,510,"Dog: ""It really is a dog-eat-dog world."""
1988,0,0,9,9,1.0,0.11785113019775792,510,Watch the pocket! I still have some Twinkies!
1988,0,0,9,9,1.0,0.11785113019775792,510,Let's see what my Fitbit has to say about this!
1988,0,0,9,9,1.0,0.11785113019775792,510,Now I see what you see in Donald Trump.
1988,0,0,8,8,1.0,0.1336306209562122,510,"Thanks to flex time, I'm through with navigating rush hour traffic."
1988,0,0,9,9,1.0,0.11785113019775792,510,"Oh well, if you can't be part of the solution, be part of the problem!"""
1988,0,0,9,9,1.0,0.11785113019775792,510,It was to be a polar bear but PETA intervened.
1988,0,0,9,9,1.0,0.11785113019775792,510,I'm detecting microagression - not sure I feel safe.
1988,0,0,9,9,1.0,0.11785113019775792,510,Meditation helps me relax.
1988,0,0,9,9,1.0,0.11785113019775792,510,"When I wake up, will my stomach still hurt?"
1988,0,0,9,9,1.0,0.11785113019775792,510,I didn't think I was in your way.
1988,0,0,9,9,1.0,0.11785113019775792,510,"Ah, a little higher.... Oh, man, that feels great!"""
1988,0,0,9,9,1.0,0.11785113019775792,510,I thought he was going back to Jersey to take a deep breath?
1988,0,0,9,9,1.0,0.11785113019775792,510,I'm trying to get smaller.
1988,0,0,9,9,1.0,0.11785113019775792,510,This place mate feels squishy.
1988,0,0,9,9,1.0,0.11785113019775792,510,Gumshoe Detective.
1988,0,0,9,9,1.0,0.11785113019775792,510,"I am fulfilling my dream of being like my congressman, a blockage to the regular folks."
1988,0,0,9,9,1.0,0.11785113019775792,510,I stepped on a crack and broke my back.
1988,0,0,9,9,1.0,0.11785113019775792,510,"Swing your partner round and round, turn your corner upside down."
1988,0,0,9,9,1.0,0.11785113019775792,510,"They said the streets are paved with Gord, so I'm just doing my part."
1988,0,0,9,9,1.0,0.11785113019775792,510,"Hurry up! Woof, woof! Come on! Step on it!"
1988,0,0,9,9,1.0,0.11785113019775792,510,"""Why do people walk all over me""?"
1988,0,0,9,9,1.0,0.11785113019775792,510,There's gum on your shoe
1988,0,0,9,9,1.0,0.11785113019775792,510,My name is Matt with a double 'T'!
1988,0,0,9,9,1.0,0.11785113019775792,510,"Get a life, you healthy-living promoter!"
1988,0,0,9,9,1.0,0.11785113019775792,510,I’ll never let them walk all over me – at least not figuratively.
1988,0,0,9,9,1.0,0.11785113019775792,510,"Ok. You don't look Mexican so you can go, but that dark skinned guy behind me has to stay where he is because I am THE WALL."
1988,0,0,9,9,1.0,0.11785113019775792,510,HR said I need to start on the ground floor.
1988,0,0,9,9,1.0,0.11785113019775792,510,"What do you want from me? I ended my sales pitch with a preposition and yada, yada, yada, I'm here."
1988,0,0,9,9,1.0,0.11785113019775792,510,"""Hey! I can see a drone""."
1988,0,0,9,9,1.0,0.11785113019775792,510,"I am Donald Trump and from my point of view, I am in control of everything and I will win."
1988,0,0,9,9,1.0,0.11785113019775792,510,I'm good. I lost my baloon.
1988,0,0,9,9,1.0,0.11785113019775792,510,Is it too late to OCCUPY Wall Street?
1988,0,0,10,10,1.0,0.10540925533894598,510,"I don't think this ""street meditation"" idea is going to catch on."
1988,0,0,9,9,1.0,0.11785113019775792,510,"Hi, I am Stu the Scapegoat. Any time their is a problem in my company, they throw me out the window. It makes my co-workers feel better. I hope I get a promotion soon. My back is killing me."
1988,0,0,9,9,1.0,0.11785113019775792,510,The magic of a liberal arts degree----invisibility
1988,0,0,8,8,1.0,0.1336306209562122,510,"In spite of no longer being able to afford them, Dave decides he cannot do without his weekly deep tissue massages."
1988,0,0,9,9,1.0,0.11785113019775792,510,Please obey the Side-Walk sign request
1988,0,0,8,8,1.0,0.1336306209562122,510,I've always been a bit of a crack addict.
1988,0,0,9,9,1.0,0.11785113019775792,510,Occupy Main Street starts now.
1988,0,0,10,10,1.0,0.10540925533894598,510,He's been going at this for twelve years already. Says it's for a movie.
1988,0,0,9,9,1.0,0.11785113019775792,510,Just Relaxing
1988,0,0,9,9,1.0,0.11785113019775792,510,My wife was right. New York Democrats have no sense of humor about Trump.
1988,0,0,9,9,1.0,0.11785113019775792,510,"I should not have said,"" I won't take this lying down."""
1988,0,0,9,9,1.0,0.11785113019775792,510,My yoga teacher was right. This DOES give me a different perspective on the world.
1988,0,0,9,9,1.0,0.11785113019775792,510,Ah casual Friday
1988,0,0,9,9,1.0,0.11785113019775792,510,"Eventually, one of these passerbys will be the HONY guy. He'll trip, and then have to put me in his book."
1988,0,0,9,9,1.0,0.11785113019775792,510,Now things are starting to look up.
1988,0,0,9,9,1.0,0.11785113019775792,510,"These fools continue to fight gravity, a fight they can never win."
1988,0,0,9,9,1.0,0.11785113019775792,510,Without the other Occupiers it's really quite lonely.
1988,0,0,9,9,1.0,0.11785113019775792,510,"I'm sick and tired of New York, but I'm not going to go back to Peoria until somebody notices me."
1988,0,0,9,9,1.0,0.11785113019775792,510,It's so peaceful to lie here and look up at the Empire State Building.
1988,0,0,9,9,1.0,0.11785113019775792,510,It seemed like a good idea in the beer commercial.
1988,0,0,10,10,1.0,0.10540925533894598,510,"It's either this or we put in a ""turn about""."
1988,0,0,8,8,1.0,0.1336306209562122,510,I recommend lowering your expectations.
1988,0,0,9,9,1.0,0.11785113019775792,510,Looks like average people who trusted Wall Street have finally knocked them down and walking all over them. Mr. Wall Street is still smiling thinking...how can this be happening?
1988,0,0,9,9,1.0,0.11785113019775792,510,It was either this or join the supreme court.
1988,0,0,9,9,1.0,0.11785113019775792,510,Vote Bump '16.
1988,0,0,9,9,1.0,0.11785113019775792,510,It's just nice to be noticed.
1988,0,0,9,9,1.0,0.11785113019775792,510,"Ok, we're going to need to bunch up a little more... When I give the word, Lennie you drop a sheet of copier paper, we all jump on, and Whola!! Finally, we're all on the same page!!"
1988,0,0,10,10,1.0,0.10540925533894598,510,"Wait, was it 'lean in,' or 'lay down'?"
1988,0,0,9,9,1.0,0.11785113019775792,510,Don't mind me- just getting a head start on Bernie's America.
1988,0,0,9,9,1.0,0.11785113019775792,510,Vote for me - the underdog!
1988,0,0,9,9,1.0,0.11785113019775792,510,Welcome to Walmart.
1988,0,0,8,8,1.0,0.1336306209562122,510,Sidewalk painting.
1988,0,0,8,8,1.0,0.1336306209562122,510,"Compared to my office,this is quiet time!"
1988,0,0,8,8,1.0,0.1336306209562122,510,The parapelegic's long commute.
1988,0,0,9,9,1.0,0.11785113019775792,510,That big puffy one to the left looks like a cat.
1988,0,0,9,9,1.0,0.11785113019775792,510,My wife's been preparing me for this day for 23 years!
1988,0,0,9,9,1.0,0.11785113019775792,510,I'm not blocking the sidewalk; I am the sidewalk.
1988,0,0,9,9,1.0,0.11785113019775792,510,"I was seeking a well-grounded argument against the politics of obstructionism, one that is not easily ignored, and when it hit me I was floored."
1988,0,0,9,9,1.0,0.11785113019775792,510,I expect the G.O.P. any time now.
1988,0,0,9,9,1.0,0.11785113019775792,510,Soon enough I'll be promoted to full-time sidewalk with benefits.
1988,0,0,9,9,1.0,0.11785113019775792,510,I need to get more sleep !
1988,0,0,7,7,1.0,0.1543033499620919,510,"Hey, look. Those clouds look just like sheep."
1988,0,0,9,9,1.0,0.11785113019775792,510,It's great to be back in New York.
1988,0,0,9,9,1.0,0.11785113019775792,510,Serenity now!
1988,0,0,10,10,1.0,0.10540925533894598,510,I have reached my lowest point in life.
1988,0,0,9,9,1.0,0.11785113019775792,510,"In deference to the SPCA, I have my workers jump over me as I go to sleep"
1988,0,0,8,8,1.0,0.1336306209562122,510,This is much better than I expected.
1988,0,0,9,9,1.0,0.11785113019775792,510,"Even if the media was here, they'd ignore us independents, too."
1988,0,0,9,9,1.0,0.11785113019775792,510,So this is what being walked on feels like.
1988,0,0,9,9,1.0,0.11785113019775792,510,Ahhh..things are starting to look up
1988,0,0,9,9,1.0,0.11785113019775792,510,"The Velcro is keeping me on this wall fine, but how are you guys doing it?"
1988,0,0,8,8,1.0,0.1336306209562122,510,I usually do this in an office on a couch
1988,0,0,9,9,1.0,0.11785113019775792,510,East side ..west side... all around the town!
1988,0,0,9,9,1.0,0.11785113019775792,510,"Keep moving, I'll get more Facebook shares if everyone ignores me."
1988,0,0,9,9,1.0,0.11785113019775792,510,These boots were made for walkin' .....
1988,0,0,9,9,1.0,0.11785113019775792,510,"Hey, it's New Hampshire."
1988,0,0,9,9,1.0,0.11785113019775792,510,Who needs clouds when you have boogers.
1988,0,0,9,9,1.0,0.11785113019775792,510,I've been putting this off long enough.
1988,0,0,9,9,1.0,0.11785113019775792,510,"Sing, everybody: 'It's up to you, New York, New York'"
1988,0,0,9,9,1.0,0.11785113019775792,510,"? bum bum...bum bum...My Daddy Staten Island, my Momma Long Island. You mix that Guido with that Yente make a NEW YORKER MAN!!"
1988,0,0,10,10,1.0,0.10540925533894598,510,WHYG?
1988,0,0,8,8,1.0,0.1336306209562122,510,I love this city!
1988,0,0,9,9,1.0,0.11785113019775792,510,not easy being white and successful these days...
1988,0,0,9,9,1.0,0.11785113019775792,510,I guess you can lie down on the job
1988,0,0,9,9,1.0,0.11785113019775792,510,"Hey look, that cloud looks like a bunny."
1988,0,0,10,10,1.0,0.10540925533894598,510,My therapist recommended actually letting people walk all over me for a change.
1988,0,0,10,10,1.0,0.10540925533894598,510,Running as a Tea Party congressman. Dont' forget to vote.
1988,0,0,9,9,1.0,0.11785113019775792,510,"I said ,these boots wernt made for walkin."
1988,0,0,9,9,1.0,0.11785113019775792,510,"You know what they say? ""It's important to always stay grounded."""
1988,0,0,9,9,1.0,0.11785113019775792,510,"Hey, Hey! Ho, Ho! Raising tax rates on carried interest gains has got to go!"
1988,0,0,9,9,1.0,0.11785113019775792,510,"""Trample the Trump! Or just skip, hop and Jump!"": 2016 presidential candidates expressed their concern to one another in Times Square."
1988,0,0,9,9,1.0,0.11785113019775792,510,My boots were made for nothing!
1988,0,0,10,10,1.0,0.10540925533894598,510,I'm here all week.
1988,0,0,9,9,1.0,0.11785113019775792,510,My therapist says I need a new perspective on life.
1988,0,0,9,9,1.0,0.11785113019775792,510,habitual lying is a real condition. Look it up.
1988,0,0,9,9,1.0,0.11785113019775792,510,Feets don't fail me now!
1988,0,0,9,9,1.0,0.11785113019775792,510,"When it comes down to it, the destruction of the American middle class is actually kind of relaxing."
1988,0,0,9,9,1.0,0.11785113019775792,510,Some days you feel like walking. Some days you don't.
1988,0,0,9,9,1.0,0.11785113019775792,510,And now for the rest of the story.
1988,0,0,9,9,1.0,0.11785113019775792,510,"Hey, I'm not the 'WILD SIDE'!!"
1988,0,0,9,9,1.0,0.11785113019775792,510,"Hey! Stop ignoring me, I ""mat""ter!"
1988,0,0,9,9,1.0,0.11785113019775792,510,I should have kept my personal umbrella policy.
1988,0,0,8,8,1.0,0.1336306209562122,510,"That's it folks, watch your step!"
1988,0,0,9,9,1.0,0.11785113019775792,510,I'm drone watching.
1988,0,0,9,9,1.0,0.11785113019775792,510,"This isn't what I had in mind when you said ""Stomp"" was awesome."
1988,0,0,9,9,1.0,0.11785113019775792,510,"""Step on my Crack and you win a special prize""."
1988,0,0,9,9,1.0,0.11785113019775792,510,A galaxy of people more important that you.
1988,0,0,9,9,1.0,0.11785113019775792,510,I'm starting to rethink my stay-cation.
1988,0,0,9,9,1.0,0.11785113019775792,510,I seem to attract people wherever I rest.
1988,0,0,8,8,1.0,0.1336306209562122,510,And they said a Liberal Arts degree would be worthless!
1988,0,0,9,9,1.0,0.11785113019775792,510,The view is great from down here!
1988,0,0,9,9,1.0,0.11785113019775792,510,Uncle Busby would understand.
1988,0,0,9,9,1.0,0.11785113019775792,510,"All my life it was ""What are you going to do with yourself, Potsy?"""
1988,0,0,9,9,1.0,0.11785113019775792,510,Lost my phone so I'm looking in the cloud.
1988,0,0,10,10,1.0,0.10540925533894598,510,Bob's obsession for nostrils took a turn for the worse.
1988,0,0,9,9,1.0,0.11785113019775792,510,"That's right, don't mind me--just taking a catnap."
1988,0,0,8,8,1.0,0.1336306209562122,510,Save our soles.
1988,0,0,6,6,1.0,0.18257418583505536,510,"Big Dipper, virtual stripper needed a day at the beach, OK?"
1988,0,0,7,7,1.0,0.1543033499620919,510,It helps that I'm visualizing Aruba.
1988,0,0,9,9,1.0,0.11785113019775792,510,"Look up there, folks. Uber now has spaceships!"
1988,0,0,9,9,1.0,0.11785113019775792,510,It's the new myofascial release technique for the busy executive.
1988,0,0,9,9,1.0,0.11785113019775792,510,Don’t trip. One Wall Street collapse was enough.
1988,0,0,9,9,1.0,0.11785113019775792,510,"Doctor, Never mind my childhood - I just feel that life is passing me by"
1988,0,0,8,8,1.0,0.1336306209562122,510,"Still won't risk going over my head, eh Benson."
1988,0,0,9,9,1.0,0.11785113019775792,510,Don’t mind me. No body is.
1988,0,0,9,9,1.0,0.11785113019775792,510,"Heading for the top, are we?"
1988,0,0,9,9,1.0,0.11785113019775792,510,I look forward to tomorrow when I'll swallow fire.
1988,0,0,8,8,1.0,0.1336306209562122,510,They seemed smaller in Gulliver's Travels.
1988,0,0,9,9,1.0,0.11785113019775792,510,"Governor Kasich keeps encouraging us to ""just slow down."""
1988,0,0,9,9,1.0,0.11785113019775792,510,Beats spending thousands on a Temper-Pedic.
1988,0,0,9,9,1.0,0.11785113019775792,510,So this is what the other 99% feels like.
1988,0,0,9,9,1.0,0.11785113019775792,510,My boss said I wouldn't amount to a speed bump.
1988,0,0,9,9,1.0,0.11785113019775792,510,Hop (underlined) right in for our new promotion on seam repairs.
1988,0,0,9,9,1.0,0.11785113019775792,510,"I can't get up, I pooped myself."
1988,0,0,10,10,1.0,0.10540925533894598,510,When I said 'my way or the high way' I meant it!
1988,0,0,8,8,1.0,0.1336306209562122,510,"As long as I'm on Wall Street, I'm safe"
1988,0,0,9,9,1.0,0.11785113019775792,510,I was tired of people going behind my back.
1988,0,0,9,9,1.0,0.11785113019775792,510,"I knew I was a pushover, but I never thought they'd actually walk all over me."
1988,0,0,9,9,1.0,0.11785113019775792,510,It's easier than what happens at work. This is just a metaphor.
1988,0,0,9,9,1.0,0.11785113019775792,510,"Lets see, step, stride, tramp, plod, clip-clop, pace, stride, tramp, hop...all of'em are in my Bob's Thesaurus"
1988,0,0,9,9,1.0,0.11785113019775792,510,"Hey buddy, where's the fire?"
1988,0,0,9,9,1.0,0.11785113019775792,510,Apparently a one-story leap leaves the wrong impression.
1988,0,0,9,9,1.0,0.11785113019775792,510,IT'S THE ONLY WAY TO WATCH WINDOW JUMPERS
1988,0,0,8,8,1.0,0.1336306209562122,510,"The Apprentice, Episode One: Let the humiliation begin!"
1988,0,0,9,9,1.0,0.11785113019775792,510,I told you Yoga in the Park wouldn't work...
1988,0,0,9,9,1.0,0.11785113019775792,510,I've opted to just lie down and talk the talk...
1988,0,0,9,9,1.0,0.11785113019775792,510,Urban Get-Away
1988,0,0,9,9,1.0,0.11785113019775792,510,I'm here for the disaster drill.
1988,0,0,9,9,1.0,0.11785113019775792,510,The employee handbook says I am relieved of all responsibilities and restrictions during my break periods.
1988,0,0,9,9,1.0,0.11785113019775792,510,It makes me feel closer to my ex-wife.
1988,0,0,9,9,1.0,0.11785113019775792,510,This is my life if the banks resort to negative interest.
1988,0,0,9,9,1.0,0.11785113019775792,510,"Just standing my ground, fellas! It's the law."
1988,0,0,8,8,1.0,0.1336306209562122,510,We hope we're not in the way of your leisure time by carrying out our day in a normal fashion...
1988,0,0,9,9,1.0,0.11785113019775792,510,"The story of my career, always being stepped over."
1988,0,0,9,9,1.0,0.11785113019775792,510,"My yoga teacher says to stop every morning, no matter what I'm doing, for 30 minutes of mindfulness and meditation."
1988,0,0,9,9,1.0,0.11785113019775792,510,"Look ,that one looks like either a elephant or my great uncle Louie."
1988,0,0,9,9,1.0,0.11785113019775792,510,It's my back--it turns out my Mother stepped on a crack first.
1988,0,0,9,9,1.0,0.11785113019775792,510,This year I decided to go for a more literal interpretation of Pesach.
1988,0,0,9,9,1.0,0.11785113019775792,510,It's a chalk! Walk on!
1988,0,0,9,9,1.0,0.11785113019775792,510,"When life knocks me down, I just lie down and take it."
1988,0,0,9,9,1.0,0.11785113019775792,510,Hypotenuisance.
1988,0,0,9,9,1.0,0.11785113019775792,510,I'm protesting hoverboards.
1988,0,0,9,9,1.0,0.11785113019775792,510,It just feel's like the right thing to do.
1988,0,0,9,9,1.0,0.11785113019775792,510,I think I fall asleep faster counting sheep.
1988,0,0,9,9,1.0,0.11785113019775792,510,Just try that when I purchase the air rights too.
1988,0,0,9,9,1.0,0.11785113019775792,510,"Don't step on a crack...apparently, you break your own back."
1988,0,0,9,9,1.0,0.11785113019775792,510,"I'm okay, thanks. We're training for the Urban Daily Life Olympics."
1988,0,0,8,8,1.0,0.1336306209562122,510,Leap day was taken literally in 2016
1988,0,0,9,9,1.0,0.11785113019775792,510,He's gotta be lying.
1988,0,0,9,9,1.0,0.11785113019775792,510,It's Richard's own fault. He just lets people walk all over him.
1988,0,0,9,9,1.0,0.11785113019775792,510,"gosh , some people just think it's all about them !"
1988,0,0,9,9,1.0,0.11785113019775792,510,I'm being trampled but things are looking up.
1988,0,0,9,9,1.0,0.11785113019775792,510,Every few years they update the methods for CPR. This is part of our Urban Environment Survival Series.
1988,0,0,9,9,1.0,0.11785113019775792,510,Mental note to self: schedule ‘me time’ when there’s less foot traffic.
1988,0,0,8,8,1.0,0.1336306209562122,510,Years of psychotherapy for not letting people walk all over him was clearly a colossal fail!
1988,0,0,8,8,1.0,0.1336306209562122,510,"Made it ma, top of the world!."
1988,0,0,8,8,1.0,0.1336306209562122,510,I'm developing a sociological curriculum from the ground up!
1988,0,0,8,8,1.0,0.1336306209562122,510,Who needs the window?
1988,0,0,9,9,1.0,0.11785113019775792,510,"Hey, I'm power napping here."
1988,0,0,9,9,1.0,0.11785113019775792,510,Yipee! Only two hours to rush hour.
1988,0,0,9,9,1.0,0.11785113019775792,510,I'm letting the chips fall where they may
1988,0,0,9,9,1.0,0.11785113019775792,510,How 'bout you get outta my way?!
1988,0,0,9,9,1.0,0.11785113019775792,510,Don't knock it till you try it.
1988,0,0,9,9,1.0,0.11785113019775792,510,Ah - I love the hustle and bustle of the city.
1988,0,0,9,9,1.0,0.11785113019775792,510,"'Guys just step-jump over, gals all go around ... interesting."""
1988,0,0,9,9,1.0,0.11785113019775792,510,"Rhonda, I'm taking the full hour for lunch today."
1988,0,0,9,9,1.0,0.11785113019775792,510,"How long has it been like that?"" ""Since Beyoncé's Super Bowl 50 Halftime Show."
1988,0,0,10,10,1.0,0.10540925533894598,510,City Guide's wrong. The sidewalks are warm and affable!
1988,0,0,9,9,1.0,0.11785113019775792,510,"You wont step on me, which proves our basic humanity"
1988,0,0,9,9,1.0,0.11785113019775792,510,Nothing like a good staycation.
1988,0,0,9,9,1.0,0.11785113019775792,510,I like to lead from beneath.
1988,0,0,9,9,1.0,0.11785113019775792,510,"Just a flesh wound, Donald."
1988,0,0,9,9,1.0,0.11785113019775792,510,Are you sustainable?
1988,0,0,9,9,1.0,0.11785113019775792,510,My little town blues are melting away...
1988,0,0,9,9,1.0,0.11785113019775792,510,"You know, Mondays without rain aren't so bad."
1988,0,0,9,9,1.0,0.11785113019775792,510,"While ohers see things as they are , I dream of a world that never was and now will be if the Trumpster is elected"
1988,0,0,9,9,1.0,0.11785113019775792,510,See? If you lie down on the job they'll walk all over you
1988,0,0,9,9,1.0,0.11785113019775792,510,"At last, I can start singing the Etta James standard!"
1988,0,0,9,9,1.0,0.11785113019775792,510,It's an entry level position!
1988,0,0,9,9,1.0,0.11785113019775792,510,I can't sleep!
1988,0,0,9,9,1.0,0.11785113019775792,510,People were looking at the mirror on the ground when they should have been looking up...
1988,0,0,8,8,1.0,0.1336306209562122,510,"Ahh, time for my disempower nap."
1988,0,0,9,9,1.0,0.11785113019775792,510,OMG--I really am Mr. Cellophane!
1988,0,0,9,9,1.0,0.11785113019775792,510,step step step
1988,0,0,9,9,1.0,0.11785113019775792,510,I said to myself to hell with the rat race: it stops right now.
1988,0,0,9,9,1.0,0.11785113019775792,510,I'm just trying to find that next level self-awareness.
1988,0,0,9,9,1.0,0.11785113019775792,510,Even streetwalkers lie down on the job sometimes ...
1988,0,0,9,9,1.0,0.11785113019775792,510,Been down so long it looks like up.
1988,0,0,9,9,1.0,0.11785113019775792,510,And how do you think a sustainable world will look like in 2050?
1988,0,0,9,9,1.0,0.11785113019775792,510,Some days it's just easier to assume the position.
1988,0,0,9,9,1.0,0.11785113019775792,510,Power of daydreaming
1988,0,0,9,9,1.0,0.11785113019775792,510,I guess stepping on the crack doesn't break your momma's back.
1988,0,0,9,9,1.0,0.11785113019775792,510,"In my Mindfulness Training course, I was instructed to simply lie down in corpse pose when I became stressed and remember to breath. They claimed that no one would mind, and boy, were they right."
1988,0,0,9,9,1.0,0.11785113019775792,510,"I used to lay inside the lobby entrance, but out here on the sidewalk, I am no longer everyone's door mat!"
1988,0,0,9,9,1.0,0.11785113019775792,510,"Hi, I'm campaigning for Donald Trump, do you believe in walk-aways?"
1988,0,0,9,9,1.0,0.11785113019775792,510,Sometimes you just gotta stop and take in the city
1988,0,0,9,9,1.0,0.11785113019775792,510,More whilte privilege!
1988,0,0,9,9,1.0,0.11785113019775792,510,"Day one of my ""live your metaphors"" challenge. After letting people walk all over me, I have to wear my heart on my sleeve and be a night owl."
1988,0,0,8,8,1.0,0.1336306209562122,510,Who wants to get in on the ground floor?
1988,0,0,9,9,1.0,0.11785113019775792,510,"After the Google Earth sighting, Frank received lots of advice on better ways to explore his upskirt fetish."
1988,0,0,9,9,1.0,0.11785113019775792,510,I'm just raising awareness of our homeless.
1988,0,0,9,9,1.0,0.11785113019775792,510,"No, I'm not chalk art - I'm just tired."
1988,0,0,9,9,1.0,0.11785113019775792,510,'You really should trim those nose hairs.'
1988,0,0,9,9,1.0,0.11785113019775792,510,Are you wearing the new Yeezy boosts?
1988,0,0,9,9,1.0,0.11785113019775792,510,I call it my congressional stance!
1988,0,0,9,9,1.0,0.11785113019775792,510,Recycle or garbage? You decide.
1988,0,0,9,9,1.0,0.11785113019775792,510,"Another day, another dollar."
1988,0,0,9,9,1.0,0.11785113019775792,510,"Going shall be used with feet,"
1988,0,0,8,8,1.0,0.1336306209562122,510,Remember when I said I wouldn't take this lying down? I lied.
1988,0,0,9,9,1.0,0.11785113019775792,510,"I don't care what they say, there's something very nice about being incognito!"
1988,0,0,9,9,1.0,0.11785113019775792,510,"Brother, can you spare a Daimler AG prospectus and $25 million in March 30th call options?"
1988,0,0,9,9,1.0,0.11785113019775792,510,It's not the same as counting sheep.
1988,0,0,9,9,1.0,0.11785113019775792,510,I always know when I'm in Manhattan.
1988,0,0,9,9,1.0,0.11785113019775792,510,? Blue skies/Smiling at me/Nothing but blue skies/Do I see ? ?
1988,0,0,9,9,1.0,0.11785113019775792,510,"(singing) "". . . Cellophane, Mister Cellophane, should have been my name . . . """
1988,0,0,9,9,1.0,0.11785113019775792,510,"After Donald Trump left The Apprentice, I decided to take up a new past time."
1988,0,0,9,9,1.0,0.11785113019775792,510,This performance art stuff is overrated.
1988,0,0,9,9,1.0,0.11785113019775792,510,I was doing okay until the pig got up and slowly walked away.
1988,0,0,9,9,1.0,0.11785113019775792,510,Reminds me of my holiday week Cancun Vacation
1988,0,0,9,9,1.0,0.11785113019775792,510,These pavement drawings are getting really lifelike
1988,0,0,9,9,1.0,0.11785113019775792,510,Good news- I ws able to afford a bit of sidewalk on Market Street.
1988,0,0,9,9,1.0,0.11785113019775792,510,This is the office version of musical chairs.
1988,0,0,9,9,1.0,0.11785113019775792,510,So my wife thinks that the Human Resources Dept. is taking their title too literally ...
1988,0,0,9,9,1.0,0.11785113019775792,510,I've had it with these inane roundabouts!
1988,0,0,9,9,1.0,0.11785113019775792,510,analog invader of privacy
1988,0,0,9,9,1.0,0.11785113019775792,510,Jeb Bush! Third time's the charm!
1988,0,0,9,9,1.0,0.11785113019775792,510,"He said he was pure Persian, and to think I doubted him!"
1988,0,0,9,9,1.0,0.11785113019775792,510,Where’s Escher when you need him?
1988,0,0,8,8,1.0,0.1336306209562122,510,"Sure I'm not making as much money as I used to, but there's a lot of civic fulfillment that comes from being a superdelegate."
1988,0,0,9,9,1.0,0.11785113019775792,510,"Well, excuse ME, Mr. High and Mighty."
1988,0,0,9,9,1.0,0.11785113019775792,510,"That's what I'm here for, just make sure to take a left on 7th."
1988,0,0,9,9,1.0,0.11785113019775792,510,Thought I'd get here early for a view of the eclipse.
1988,0,0,11,11,1.0,0.09534625892455922,510,Ohhhh my goshhh! Stop trampling me its just a Wednesday!!!!
1988,0,0,9,9,1.0,0.11785113019775792,510,They really will walk all over me.
1988,0,0,9,9,1.0,0.11785113019775792,510,Don gets his kicks by playing sidewalk trompe l'oeil .
1988,0,0,9,9,1.0,0.11785113019775792,510,"The Pope gave me permission to occupy Trump Tower, so here I am."
1988,0,0,9,9,1.0,0.11785113019775792,510,Airing has really grown too fast.
1988,0,0,8,8,1.0,0.1336306209562122,510,"Because when I'm in the office, my managers walk all over me anyway."
1988,0,0,8,8,1.0,0.1336306209562122,510,"Cloudy, with a chance of hamhocks."
1988,0,0,9,9,1.0,0.11785113019775792,510,"So she told me, if you want people to stop using you as a doormat, you should start by getting a new therapist, or at least a real one."
1988,0,0,9,9,1.0,0.11785113019775792,510,"Finally, I feel noticed!"
1988,0,0,8,8,1.0,0.1336306209562122,510,That one looks like a businessman. With a briefcase!
1988,0,0,10,10,1.0,0.10540925533894598,510,I didn't ask to BE a flat white.
1988,0,0,9,9,1.0,0.11785113019775792,510,"97 Sheeple, 98 Sheeple, 99 Sheeple ... zzzz"
1988,0,0,9,9,1.0,0.11785113019775792,510,Nothing better than a feet massage.
1988,0,0,9,9,1.0,0.11785113019775792,510,"Yes, this is the beginning of the ""Hamilton"" box office line for tomorrow's matinee."
1988,0,0,9,9,1.0,0.11785113019775792,510,I see London. I see France. I see Lucy's underpants.
1988,0,0,9,9,1.0,0.11785113019775792,510,"Oh, look, the Twin Towers are missing!"
1988,0,0,9,9,1.0,0.11785113019775792,510,"London Bridge has fallen down, can't get up, 9-1-1! London Bridge has collapsed on the ground, my bad back!"
1988,0,0,9,9,1.0,0.11785113019775792,510,At least it's not fashion week!
1988,0,0,9,9,1.0,0.11785113019775792,510,Bless you and thank you for helping in my Lenten penance!
1988,0,0,9,9,1.0,0.11785113019775792,510,It's just a blue-skying attack; I'll get over it.
1988,0,0,9,9,1.0,0.11785113019775792,510,"It's called ""sidewalk massage""."
1988,0,0,10,10,1.0,0.10540925533894598,510,"In Asia, they walk on my back."
1988,0,0,9,9,1.0,0.11785113019775792,510,"Mindfulness, schmindfulness."
1988,0,0,9,9,1.0,0.11785113019775792,510,"'Get in on the ground floor,' they said."
1988,0,0,9,9,1.0,0.11785113019775792,510,Can you spare a portfolio for an old fund manager?
1988,0,0,9,9,1.0,0.11785113019775792,510,"I'm sorry, Mr. Zingo is currently out of it, but if you'll leave your name and number, he might call you when he surfaces."
1988,0,0,9,9,1.0,0.11785113019775792,510,And then they came for the One Percent. And there was no one left to speak for me.
1988,0,0,9,9,1.0,0.11785113019775792,510,Note to self....Mid Life Crisis....less busy sidewalk...
1988,0,0,9,9,1.0,0.11785113019775792,510,Your desperation could be quieter.
1988,0,0,9,9,1.0,0.11785113019775792,510,Oh these new speed bumps are so realistic ...
1988,0,0,9,9,1.0,0.11785113019775792,510,"I won the lottery, I won the lottery!"
1988,0,0,9,9,1.0,0.11785113019775792,510,This way I get to see whats up all day long!
1988,0,0,9,9,1.0,0.11785113019775792,510,Note: Piano coming down- I wont take it lying down...
1988,0,0,9,9,1.0,0.11785113019775792,510,"Post 9/11 kindness,anyone?"
1988,0,0,10,10,1.0,0.10540925533894598,510,Lie here long enough and you meet everyone you know.
1988,0,0,9,9,1.0,0.11785113019775792,510,"?? ""He was a daay-a-aaa tripper!"" ??"
1988,0,0,9,9,1.0,0.11785113019775792,510,Started from the bottom now I'm here.
1988,0,0,9,9,1.0,0.11785113019775792,510,I'm protesting for softer sidewalks.
1988,0,0,9,9,1.0,0.11785113019775792,510,"How ""Walk on By"" was inspied......."
1988,0,0,9,9,1.0,0.11785113019775792,510,"A guest was very critical, saying, ""you've got to be more welcoming, Matt."""
1988,0,0,9,9,1.0,0.11785113019775792,510,I'm protesting sidewalk expansions.
1988,0,0,9,9,1.0,0.11785113019775792,510,I think I'll try a new perspective.
1988,0,0,9,9,1.0,0.11785113019775792,510,"I'm laying in state, the state being New York."
1988,0,0,9,9,1.0,0.11785113019775792,510,Donald Trump went the other way!
1988,0,0,9,9,1.0,0.11785113019775792,510,"Folks, this new digital pacemaker takes a lickin' and keeps on tickin'!"
1988,0,0,9,9,1.0,0.11785113019775792,510,I hope I'm not inconveniencing anyone.
1988,0,0,9,9,1.0,0.11785113019775792,510,I'm beneath you walking over me
1988,0,0,9,9,1.0,0.11785113019775792,510,"Man, this is absolutely the last ""Man on the Street"" assignment I'm letting the station send me on"
1988,0,0,8,8,1.0,0.1336306209562122,510,"See, I really do have trouble getting people to listen to me."
1988,0,0,9,9,1.0,0.11785113019775792,510,"OK, I get it. No more Bushes!"
1988,0,0,6,6,1.0,0.18257418583505536,510,I was going to jump but I decided to just lay here and be trampled.
1988,0,0,9,9,1.0,0.11785113019775792,510,Who says prostrating oneself before the voters no longer wins elections?!
1988,0,0,6,6,1.0,0.18257418583505536,510,Only one direction to go from here.
1988,0,0,9,9,1.0,0.11785113019775792,510,Skyscraper gazing
1988,0,0,9,9,1.0,0.11785113019775792,510,"Oh no! Are we swimming in Crimean waters and is that ""Vald"" the Russian bear?"
1988,0,0,9,9,1.0,0.11785113019775792,510,"After the third ""No Office Napping"" email, Ned finally chose a different path."
1988,0,0,9,9,1.0,0.11785113019775792,510,Stepping on my heart is not a short cut !!!!!
1988,0,0,9,9,1.0,0.11785113019775792,510,"Here in Vermont, pedestrians don’t tread on anyone."
1988,0,0,9,9,1.0,0.11785113019775792,510,"Hey, buddy --you gotta step back over me in reverse, it's bad luck!"
1988,0,0,8,8,1.0,0.1336306209562122,510,Ha! Try calling me a doormat now.
1988,0,0,9,9,1.0,0.11785113019775792,510,"Hey buddy, your blocking my sun!"
1988,0,0,9,9,1.0,0.11785113019775792,510,"Watch me whip. Watch me lay, lay!"
1988,0,0,9,9,1.0,0.11785113019775792,510,This isn't working. Back to counting sheep.
1988,0,0,8,8,1.0,0.1336306209562122,510,The opposite of Road Rage - Road Repose...
1988,0,0,9,9,1.0,0.11785113019775792,510,Trump Tower elevator step down and up to the White House.
1988,0,0,9,9,1.0,0.11785113019775792,510,Pounding the Pavement
1988,0,0,9,9,1.0,0.11785113019775792,510,I hate performance artists
1988,0,0,9,9,1.0,0.11785113019775792,510,Occupy Sideways
1988,0,0,9,9,1.0,0.11785113019775792,510,"You're doing a great job, Matt."
1988,0,0,9,9,1.0,0.11785113019775792,510,I see a cloud shaped like Jane Jacobs.
1988,0,0,9,9,1.0,0.11785113019775792,510,sit back relax and let life trample you to death
1988,0,0,9,9,1.0,0.11785113019775792,510,Only Tom could make a career of looking on the bright side.
1988,0,0,9,9,1.0,0.11785113019775792,510,"Somewhere over the rainbow bluebirds fly. Birds fly over the rainbow. Why then, oh why can't I?"
1988,0,0,9,9,1.0,0.11785113019775792,510,"Times have changed, in the 70's someone would have robbed me."
1988,0,0,9,9,1.0,0.11785113019775792,510,It comes with the territory when your name is Matt!
1988,0,0,9,9,1.0,0.11785113019775792,510,Does anyone have a spare toothbrush?
1988,0,0,9,9,1.0,0.11785113019775792,510,I never find excuses to skip my meditations
1988,0,0,9,9,1.0,0.11785113019775792,510,Johnson's boss advised him to take the view from five thousand feet.
1988,0,0,9,9,1.0,0.11785113019775792,510,Nobody notices me because they're all so busy with their life. I am a invisible person.
1988,0,0,9,9,1.0,0.11785113019775792,510,I was told I would see stars on the floor of Hollywood Boulevard.
1988,0,0,10,10,1.0,0.10540925533894598,510,Sunny days ...
1988,0,0,8,8,1.0,0.1336306209562122,510,I guess that's one way to become the center of attention.
1988,0,0,9,9,1.0,0.11785113019775792,510,Earth to Intelsat—click dammit.
1988,0,0,9,9,1.0,0.11785113019775792,510,I found that my sit-down strikes were not attracting enough press coverage.
1988,0,0,9,9,1.0,0.11785113019775792,510,Laying down on the job has a literal meaning to Carl.
1988,0,0,9,9,1.0,0.11785113019775792,510,The catalog said this is a Lounge Jacket.
1988,0,0,8,8,1.0,0.1336306209562122,510,The gal at the massage parlor wanted to charge me $100 for this.
1988,0,0,9,9,1.0,0.11785113019775792,510,Can you spare any change for a new suit?
1988,0,0,9,9,1.0,0.11785113019775792,510,I just wanted to see what retirement was like.
1988,0,0,8,8,1.0,0.1336306209562122,510,Sorry. On staycation till those airline prices drop.
1988,0,0,9,9,1.0,0.11785113019775792,510,My analyst thinks it will help me relate to the little people.
1988,0,0,9,9,1.0,0.11785113019775792,510,My independent poll has Trump favored 7 to 1 among voters with dirty underwear.
1988,0,0,9,9,1.0,0.11785113019775792,510,Any day now the babies will hatch.
1988,0,0,9,9,1.0,0.11785113019775792,510,Next I'll try lobbying in the halls of Congress.
1988,0,0,9,9,1.0,0.11785113019775792,510,"...four hours without being spat upon, robbed, or actually stepped on! My faith in humanity is restored!"
1988,0,0,10,10,1.0,0.10540925533894598,510,I know you get stepped on on your way to the top but this is taking it too far!
1988,0,0,9,9,1.0,0.11785113019775792,510,"Well how about that there ARE 300,000 little holes in the ceiling!"
1988,0,0,9,9,1.0,0.11785113019775792,510,I thought today was business casual?
1988,0,0,9,9,1.0,0.11785113019775792,510,I'll take it!
1988,0,0,10,10,1.0,0.10540925533894598,510,I've tripped the light fantastic and I can't get up.
1988,0,0,9,9,1.0,0.11785113019775792,510,So this is what life is like without cocaine.
1988,0,0,9,9,1.0,0.11785113019775792,510,My doctor says I should get out more.
1988,0,0,9,9,1.0,0.11785113019775792,510,"La, la - la, la - la, you don't really exist anymore."
1988,0,0,9,9,1.0,0.11785113019775792,510,I just don't feel like a real Republican if I'm not doing my part to obstruct progress.
1988,0,0,9,9,1.0,0.11785113019775792,510,"I'm proud to be a thoughtful, moderate voter."
1988,0,0,9,9,1.0,0.11785113019775792,510,My selfie stick has gone to new heights.
1988,0,0,8,8,1.0,0.1336306209562122,510,My repose cannot be compromised.
1988,0,0,9,9,1.0,0.11785113019775792,510,It's Matthias. But call me Matt.
1988,0,0,9,9,1.0,0.11785113019775792,510,Just another Monday on Wall Street
1988,0,0,9,9,1.0,0.11785113019775792,510,I'm preparing for national dress day.
1988,0,0,8,8,1.0,0.1336306209562122,510,Still beats Conference Bike meetings.
1988,0,0,9,9,1.0,0.11785113019775792,510,"Radiohead - ""Just"" (1995), directed by Jamie Thraves"
1988,0,0,9,9,1.0,0.11785113019775792,510,"Hello, I'm campaigning for the victim party."
1988,0,0,9,9,1.0,0.11785113019775792,510,"I'll be up in a minute, don't start without me."
1988,0,0,9,9,1.0,0.11785113019775792,510,Time to stop and smell the roses
1988,0,0,9,9,1.0,0.11785113019775792,510,My therapist told me that it was time to start putting myself out there.
1988,0,0,9,9,1.0,0.11785113019775792,510,He just finished reading 120 Days of Sodom and this is his new fetish or whatever.
1988,0,0,9,9,1.0,0.11785113019775792,510,"If you think I'm getting walked all over here, you haven't met my boss."
1988,0,0,9,9,1.0,0.11785113019775792,510,And that cloud looks like Jeb Bush suspending his political campaign.
1988,0,0,9,9,1.0,0.11785113019775792,510,Go ahead. Walk all over me. You're still not getting a bonus.
1988,0,0,9,9,1.0,0.11785113019775792,510,"ninety-five, ninety-six...I'll never fall asleep"
1988,0,0,9,9,1.0,0.11785113019775792,510,"Sir, that's not what they meant by Occupy Wall Street."
1988,0,0,9,9,1.0,0.11785113019775792,510,He's literally taking it lying down
1988,0,0,9,9,1.0,0.11785113019775792,510,We are the 1%!
1988,0,0,10,10,1.0,0.10540925533894598,510,"I will never join you, not over my dead body."
1988,0,0,9,9,1.0,0.11785113019775792,510,It's gotten easier with the whole health craze.
1988,0,0,9,9,1.0,0.11785113019775792,510,I only look like a painting. Please tread lightly
1988,0,0,9,9,1.0,0.11785113019775792,510,My therapist said I need to feel under other people's feet for a change.
1988,0,0,9,9,1.0,0.11785113019775792,510,"You see, I find if I do this stunt weekly, the bruises remind me not to let people to walk all over me figuratively."
1988,0,0,9,9,1.0,0.11785113019775792,510,"It's just a drone away, it's just a drone away, yeah."
1988,0,0,8,8,1.0,0.1336306209562122,510,"Sorry, I'm just a blue sky kind of guy"
1988,0,0,8,8,1.0,0.1336306209562122,510,"Dogfish! Watch my balls! Monster, you're up next, bro!"
1988,0,0,8,8,1.0,0.1336306209562122,510,I put the 'social' in lounging.
1988,0,0,9,9,1.0,0.11785113019775792,510,...And so I decided I couldn't just watch the world pass me by. I needed to be a part of it.
1988,0,0,9,9,1.0,0.11785113019775792,510,Because my therapist suggested I find ways to meet new people.
1988,0,0,9,9,1.0,0.11785113019775792,510,"Don't tread on me, tea bag."
1988,0,0,9,9,1.0,0.11785113019775792,510,"From a distance, the food chain makes sense."
1988,0,0,9,9,1.0,0.11785113019775792,510,"Chillax, we're in the midst of a high-tide of gravitational waves coming in man, can't you feel em?"
1988,0,0,9,9,1.0,0.11785113019775792,510,I needed a new perspective on life.
1988,0,0,9,9,1.0,0.11785113019775792,510,Occupy Park Avenue! Join the OPA movement and let's change street parking rules forever!
1988,0,0,9,9,1.0,0.11785113019775792,510,"Maybe I can't do that easy ab workout anywhere, anytime."
1988,0,0,9,9,1.0,0.11785113019775792,510,I hope I am not blocking your way!
1988,0,0,8,8,1.0,0.1336306209562122,510,"You know they say, ""Every job has its stress."""
1988,0,0,9,9,1.0,0.11785113019775792,510,Can your fancy computers do this? Nope.
1988,0,0,7,7,1.0,0.1543033499620919,510,"Before becoming an artist, M C Escher was an unsuccessful school crossing guard."
1988,0,0,9,9,1.0,0.11785113019775792,510,"""News Reporter"" As I thought, no one gives a damn."
1988,0,0,9,9,1.0,0.11785113019775792,510,My insurance doesn't cover chiropracty.
1988,0,0,9,9,1.0,0.11785113019775792,510,So this is how Temple Grandin got started.
1988,0,0,9,9,1.0,0.11785113019775792,510,"Hey guys, check it out-doesn't that cloud look exactly like Arnold Böcklin's ""Isle of the Dead""?!?!"
1988,0,0,9,9,1.0,0.11785113019775792,510,Which one is 'the' cloud I'm supposed to use?
1988,0,0,8,8,1.0,0.1336306209562122,510,"Step on a back, break your mother's crack."
1988,0,0,8,8,1.0,0.1336306209562122,510,Does anyone else see the gravity waves?
1988,0,0,10,10,1.0,0.10540925533894598,510,I'll get up in 15 minutes.
1988,0,0,9,9,1.0,0.11785113019775792,510,Just reached my number.
1988,0,0,9,9,1.0,0.11785113019775792,510,"If you think of me as a stepping-stone in your career, you'll sleep better at night."
1988,0,0,9,9,1.0,0.11785113019775792,510,"If I did,not know If I did'nt know better, I'd say nobody gives a damn!"
1988,0,0,9,9,1.0,0.11785113019775792,510,"""Stepease"" is a new product that requires no permission, available for any walker, tracker, or commuter."
1988,0,0,9,9,1.0,0.11785113019775792,510,My wife was right. She always said that I let people walk all over me.
1988,0,0,9,9,1.0,0.11785113019775792,510,"Change your perspective, they said; it will change your life, they said."
1988,0,0,9,9,1.0,0.11785113019775792,510,Don't let people walk all over you.
1988,0,0,9,9,1.0,0.11785113019775792,510,"See? After twenty-four hours, the suit is still scuff resistant."
1988,0,0,9,9,1.0,0.11785113019775792,510,Maybe I should change my name to O'Malley.
1988,0,0,9,9,1.0,0.11785113019775792,510,No one's tripped over me yet.
1988,0,0,9,9,1.0,0.11785113019775792,510,Yep. Life's just a patchwork quilt.
1988,0,0,9,9,1.0,0.11785113019775792,510,"""BUDDY, watch the rib cage,"" thought Jack."
1988,0,0,9,9,1.0,0.11785113019775792,510,Trump aerobics
1988,0,0,8,8,1.0,0.1336306209562122,510,Where did you make dinner reservations?
1988,0,0,9,9,1.0,0.11785113019775792,510,"Damn, Trump must have won today...."
1988,0,0,9,9,1.0,0.11785113019775792,510,"I thought, 'Don't Tread on Me,' was a Metaphor'!"
1988,0,0,10,10,1.0,0.10540925533894598,510,Even the crummy pigeons have the decency to walk around me.
1988,0,0,8,8,1.0,0.1336306209562122,510,"I can never get into the whole pajama, rural sheep thing."
1988,0,0,9,9,1.0,0.11785113019775792,510,You're going to slam right into the guy in front of you.
1988,0,0,9,9,1.0,0.11785113019775792,510,My therapist says I need to start looking at the world differently.
1988,0,0,9,9,1.0,0.11785113019775792,510,This Sert's eye-view has its drawbacks...
1988,0,0,9,9,1.0,0.11785113019775792,510,"Sure, just walk over me like you don't see me. I see you! I see the real you!!"
1988,0,0,9,9,1.0,0.11785113019775792,510,Can you hear me now?
1988,0,0,9,9,1.0,0.11785113019775792,510,The mirror taped to my shoe broke.
1988,0,0,9,9,1.0,0.11785113019775792,510,I can sleep through anything.
1988,0,0,8,8,1.0,0.1336306209562122,510,"It's OXYmoron, mister."
1988,0,0,9,9,1.0,0.11785113019775792,510,They definitely need a traffic cop at this corner.
1988,0,0,9,9,1.0,0.11785113019775792,510,"I'm just saying, give peace a chance."
1988,0,0,9,9,1.0,0.11785113019775792,510,"Stan tested the inviolability of personal space again, this time while ordering Tex-Mex."
1988,0,0,8,8,1.0,0.1336306209562122,510,"So, can I count on your vote in the primary next week?"
1988,0,0,9,9,1.0,0.11785113019775792,510,where did I go wrong
1988,0,0,9,9,1.0,0.11785113019775792,510,...And your point being?
1988,0,0,9,9,1.0,0.11785113019775792,510,Maybe I should get a new therapist. This sole searching thing isn't working.
1988,0,0,9,9,1.0,0.11785113019775792,510,"I'll tell you, Sergeant, I really miss the days before the budget cuts eliminated chalk and crime scene tape."
1988,0,0,9,9,1.0,0.11785113019775792,510,"""Welcome to The Corp."" they said, ""All you have to do is let them walk all over you! Don't forget to smile."" And so here I am, just another day on the grind; a great job with affordable benefits!"
1988,0,0,7,7,1.0,0.1543033499620919,510,Could you please ask the street painter to add a pillow?
1988,0,0,9,9,1.0,0.11785113019775792,510,This is one of those times I try others' soles.
1988,0,0,9,9,1.0,0.11785113019775792,510,I really thought that my brother and mother would help my campaign.
1988,0,0,9,9,1.0,0.11785113019775792,510,I am not obstructing anything.
1988,0,0,9,9,1.0,0.11785113019775792,510,Being assigned to the undercover unit in this city may be tougher than I thought
1988,0,0,9,9,1.0,0.11785113019775792,510,No one has time for this
1988,0,0,9,9,1.0,0.11785113019775792,510,The competition was sleeping on the job.
1988,0,0,9,9,1.0,0.11785113019775792,510,"That's it, I'm tired of people walking all over me. And I'm going to something about it. First thing tomorrow."
1988,0,0,9,9,1.0,0.11785113019775792,510,It's my Shavasana.
1988,0,0,9,9,1.0,0.11785113019775792,510,Just trying to get a look at that glass ceiling everyone's talking about...
1988,0,0,9,9,1.0,0.11785113019775792,510,Trump is right - I'm a loser.
1988,0,0,9,9,1.0,0.11785113019775792,510,"""Till Eulenspiegel"" is s-o-o-o-o relaxing!"
1988,0,0,9,9,1.0,0.11785113019775792,510,Would you stop and help someone?
1988,0,0,9,9,1.0,0.11785113019775792,510,"Woah, watch your step sir, thanks"
1988,0,0,8,8,1.0,0.1336306209562122,510,My campaign just isn't gaining traction.
1988,0,0,9,9,1.0,0.11785113019775792,510,My only objection is to the dog...
1988,0,0,9,9,1.0,0.11785113019775792,510,I'm the proverbial man in the street.
1988,0,0,9,9,1.0,0.11785113019775792,510,"I've been workin' on the ra-ail ro-oad, a-all the live-long da-a-a-ay . . . ."
1988,0,0,9,9,1.0,0.11785113019775792,510,Its performance art! I call this one Man on Busy Sidewalk.
1988,0,0,9,9,1.0,0.11785113019775792,510,Do all hurdlers love the rat race?
1988,0,0,10,10,1.0,0.10540925533894598,510,...and that cloud there ALSO looks like a fluffy bunny that didn't get fired....
1988,0,0,10,10,1.0,0.10540925533894598,510,Earliest Known Escher
1988,0,0,9,9,1.0,0.11785113019775792,510,"""No, I mean literally, I'm always letting people walk all over me""."
1988,0,0,9,9,1.0,0.11785113019775792,510,Caution -- speed bump.
1988,0,0,9,9,1.0,0.11785113019775792,510,Don't let the bed bugs bite
1988,0,0,9,9,1.0,0.11785113019775792,510,"Rush, rush, rush."
1988,0,0,9,9,1.0,0.11785113019775792,510,That one looks like an angry commuter who needs his shoes resoled.
1988,0,0,9,9,1.0,0.11785113019775792,510,I get grouchy if I don't sneak in a ten minute
1988,0,0,9,9,1.0,0.11785113019775792,510,"My whole life, everyone has walked all over me."
1988,0,0,9,9,1.0,0.11785113019775792,510,Lugubrious. I'm just feeling lugubrious today.
1988,0,0,9,9,1.0,0.11785113019775792,510,Ouch...I see being seemingly invisible is much more tolerable when one stays upright.
1988,0,0,9,9,1.0,0.11785113019775792,510,"Ah, to be a part of Wall Street."
1988,0,0,9,9,1.0,0.11785113019775792,510,Does anybody have a thick newspaper?
1988,0,0,9,9,1.0,0.11785113019775792,510,I think of myself as a facilitator.
1988,0,0,9,9,1.0,0.11785113019775792,510,"a community service brought to you by the law offices of Dewey, Cheatham & Howe."
1988,0,0,10,10,1.0,0.10540925533894598,510,"There are no empty seats left, so I guess I'll lay down."
1988,0,0,9,9,1.0,0.11785113019775792,510,This is my best shot...oof... at a one bedroom Manhattan apartment.
1988,0,0,9,9,1.0,0.11785113019775792,510,"Introducing the newest exhibit in the modern art museum entitled ""New York Lunch break""."
1988,0,0,9,9,1.0,0.11785113019775792,510,I'm practicing for when Sanders gets elected
1988,0,0,9,9,1.0,0.11785113019775792,510,Get your own personal force field shield for only $399 at amazon.com
1988,0,0,10,10,1.0,0.10540925533894598,510,"If only I had my Oculus Rift googles, this would all seem totally real."
1988,0,0,9,9,1.0,0.11785113019775792,510,I haven't felt like this since my wife left me.
1988,0,0,9,9,1.0,0.11785113019775792,510,"Don't mind me, they walk all over me at work too."
1988,0,0,9,9,1.0,0.11785113019775792,510,"It's a desensitizing experiment. Yeah, it stinks when someone stomps on your gut, but I've never gotten along better with my co-workers."
1988,0,0,9,9,1.0,0.11785113019775792,510,Jim Poindexter always wanted to one of the wolves of wall street - if only he didn't get so tired.
1988,0,0,9,9,1.0,0.11785113019775792,510,"My name is Jeb, I DO STUFF !"
1988,0,0,9,9,1.0,0.11785113019775792,510,"""You're the last person I expected""."
1988,0,0,9,9,1.0,0.11785113019775792,510,Getting in touch with the real people
1988,0,0,9,9,1.0,0.11785113019775792,510,There's something about polluted city air and a good foot to the chest that brings you straight back to reality.
1988,0,0,10,10,1.0,0.10540925533894598,510,"""Occupy Whatever Space You Want To"" - that's what I say."
1988,0,0,9,9,1.0,0.11785113019775792,510,Boss said I should sleep on it.
1988,0,0,9,9,1.0,0.11785113019775792,510,"""Don't mind me, just practicing for when I get home""."
1988,0,0,9,9,1.0,0.11785113019775792,510,"My therapist says I need to start letting people walk all over me, and that I need to be a better listener."
1988,0,0,9,9,1.0,0.11785113019775792,510,"Ugh, When you try to make a statement."
1988,0,0,9,9,1.0,0.11785113019775792,510,That will be $57.75 for avoidance counseling. Please see my Paypal account. That will be $57.75 for avoidance counseling. Please...
1988,0,0,9,9,1.0,0.11785113019775792,510,"In the days before chalk outlines, police artists created 3D works that no one would erase afterwards."
1988,0,0,9,9,1.0,0.11785113019775792,510,"Always wondered why Mother said "" try to stay out from underfoot"" ?"
1988,0,0,9,9,1.0,0.11785113019775792,510,"My name is M.C.Escher, I would like you to come to my new art gallery."
1988,0,0,9,9,1.0,0.11785113019775792,510,...??...lift my heels up and SHOUT!...throw my head back and SHOUT!
1988,0,0,9,9,1.0,0.11785113019775792,510,Only have half an hour for lunch.
1988,0,0,9,9,1.0,0.11785113019775792,510,And this sidewalk yoga pose is called savasana.
1988,0,0,9,9,1.0,0.11785113019775792,510,Performance art is here to stay.
1988,0,0,9,9,1.0,0.11785113019775792,510,"No,just resting."
1988,0,0,9,9,1.0,0.11785113019775792,510,I try to work shavasana into my daily routine.
1988,0,0,9,9,1.0,0.11785113019775792,510,"""I'm just another middle class tragedy""."
1988,0,0,9,9,1.0,0.11785113019775792,510,Our CEO insisted we all play Truth or Dare at today's board meeting.
1988,0,0,9,9,1.0,0.11785113019775792,510,"So far, no one has actually stepped on me, renewing my faith in humanity."
1988,0,0,9,9,1.0,0.11785113019775792,510,"Step lively now, time's-a-wastin."
1988,0,0,10,10,1.0,0.10540925533894598,510,I'm really loving the central location of this Airbnb.
1988,0,0,9,9,1.0,0.11785113019775792,510,"My Platform-"" Don't Tread On Me """
1988,0,0,9,9,1.0,0.11785113019775792,510,Don't mind me....just a super awesome student of the month millennial crushed by 160k in student debt on the sidewalk of broken dreams.
1988,0,0,8,8,1.0,0.1336306209562122,510,This mindfulness is working. I can feel the sun on my face and the wind in my hair
1988,0,0,9,9,1.0,0.11785113019775792,510,I'm glad I took this day off.
1988,0,0,9,9,1.0,0.11785113019775792,510,What would Trump do?
1988,0,0,9,9,1.0,0.11785113019775792,510,"Hey look, a squirrel."
1988,0,0,9,9,1.0,0.11785113019775792,510,I love to look at the sky and watch the world whirl by.
1988,0,0,9,9,1.0,0.11785113019775792,510,? Daydream believer and a cog in a machine ?
1988,0,0,9,9,1.0,0.11785113019775792,510,It's a new lawsuit strategy.
1988,0,0,10,10,1.0,0.10540925533894598,510,"Well, I [emphasis added] read that a good boss needs to remain grounded"
1988,0,0,9,9,1.0,0.11785113019775792,510,"Yes! I'm that guy, causing trouble and looking for attention."
1988,0,0,9,9,1.0,0.11785113019775792,510,Was this bystander apathy experiment approved by our ethical review board?
1988,0,0,9,9,1.0,0.11785113019775792,510,Are these people dumb?Don't they know I am trying to get some sleep?
1988,0,0,9,9,1.0,0.11785113019775792,510,Sometimes I like to lay down and reminisce about my days in the customer service industry.
1988,0,0,9,9,1.0,0.11785113019775792,510,"Honestly, when I proposed just sitting back and watching the walkthrough, I never thought I'd enjoy it so much!"
1988,0,0,10,10,1.0,0.10540925533894598,510,I'm going to have to rethink those online discount hotel rates.
1988,0,0,9,9,1.0,0.11785113019775792,510,"No, I'm Matt, my brother is Art-he's the one you see just inside the door to the Smithsonian."
1988,0,0,9,9,1.0,0.11785113019775792,510,"It was at that moment when Matt turned away from the bright light and looked back down at his lifeless body. ""If only I'd spent more time at the office,"" he mused."
1988,0,0,9,9,1.0,0.11785113019775792,510,Just chilling here on the sidewalk. While no one even caring that I am here. I guess people just don't care if I just lay here.
1988,0,0,9,9,1.0,0.11785113019775792,510,My therapist tells me I need to be more vocal about people walking all over me.
1988,0,0,9,9,1.0,0.11785113019775792,510,My CSI unit ran out of chalk
1988,0,0,9,9,1.0,0.11785113019775792,510,Thank God for caring and careful people.
1988,0,0,9,9,1.0,0.11785113019775792,510,Would you consider moving me back in front of the main entrance?
1988,0,0,9,9,1.0,0.11785113019775792,510,Miley's here.
1988,0,0,9,9,1.0,0.11785113019775792,510,"I may be in the gutter, but I’m looking at the smog."
1988,0,0,9,9,1.0,0.11785113019775792,510,I'm starting from the ground up!
1988,0,0,9,9,1.0,0.11785113019775792,510,I break my back to save your mother's.
1988,0,0,9,9,1.0,0.11785113019775792,510,"If you elect me, you have my word that I will never look down on you."
1988,0,0,8,8,1.0,0.1336306209562122,510,The shrink told me to embrace my darkest pleasures instead of shunning them. Feet fetish and masochism.
1988,0,0,10,10,1.0,0.10540925533894598,510,I guess there's more to this Desnudas thing than I realized.
1988,0,0,9,9,1.0,0.11785113019775792,510,"Look at me, accomplishing nothing and obstructing everybody! I'm running for Congress as a Republican and I'd appreciate your vote."
1988,0,0,9,9,1.0,0.11785113019775792,510,"One small step for man, one giant leap for canine."
1988,0,0,8,8,1.0,0.1336306209562122,510,"""That's '#occupyelmstreet' when you've got a second."
1988,0,0,9,9,1.0,0.11785113019775792,510,"You were right, Macy: ""Try to walk away and I stumble..."""
1988,0,0,9,9,1.0,0.11785113019775792,510,The REAL fun happens when Tony Hawk is in town.
1988,0,0,9,9,1.0,0.11785113019775792,510,"""Sometimes I feel so defeated."
1988,0,0,9,9,1.0,0.11785113019775792,510,"Finally, a view with some entertainment."
1988,0,0,9,9,1.0,0.11785113019775792,510,"Go ahead. Walk right over me, why don't you."
1988,0,0,9,9,1.0,0.11785113019775792,510,"Waddaya mean, this is the most pathetic response to a Wall Street crash you've ever seen?"
1988,0,0,9,9,1.0,0.11785113019775792,510,I'm taking back this country!
1988,0,0,9,9,1.0,0.11785113019775792,510,I don't get this stay at home vacation idea.
1988,0,0,9,9,1.0,0.11785113019775792,510,"They said ""Don't try this at home."""
1988,0,0,9,9,1.0,0.11785113019775792,510,Daddy says he started on the ground floor too.
1988,0,0,9,9,1.0,0.11785113019775792,510,Its so much better to be one of the cracks in the system than to fall through one!
1988,0,0,9,9,1.0,0.11785113019775792,510,I'd like to cancel our lunch appointment
1988,0,0,8,8,1.0,0.1336306209562122,510,"After overcoming so many obstacles in life, Bob decided to become one."
1988,0,0,9,9,1.0,0.11785113019775792,510,I oppose rush hour.
1988,0,0,9,9,1.0,0.11785113019775792,510,My therapist was right! I needed a new perspective on life.
1988,0,0,9,9,1.0,0.11785113019775792,510,I prefer laying to dancing on it.
1988,0,0,9,9,1.0,0.11785113019775792,510,Don't blame me. It's Obama's fault.
1988,0,0,9,9,1.0,0.11785113019775792,510,I got caught in the under toe.
1988,0,0,9,9,1.0,0.11785113019775792,510,I'm not crazy.I'm just difficult.
1988,0,0,9,9,1.0,0.11785113019775792,510,Care to donate to the I.R.S?
1988,0,0,9,9,1.0,0.11785113019775792,510,"I call it ""Frugal Street View""."
1988,0,0,9,9,1.0,0.11785113019775792,510,...and my battery's down.
1988,0,0,9,9,1.0,0.11785113019775792,510,I'm a Republican. This is what we do.
1988,0,0,10,10,1.0,0.10540925533894598,510,"""The Wall Street"", 6' 3"", handcrafted from the finest wool"
1988,0,0,9,9,1.0,0.11785113019775792,510,My campaign strategist says I need to see what life is like for people with obstacles.
1988,0,0,9,9,1.0,0.11785113019775792,510,"I'm from the President's Physical Fitness Council. Please try to put a little more hip into your hop, it's for the good of the country."
1988,0,0,9,9,1.0,0.11785113019775792,510,"""Great. I think that dog's going to come back and use me like a fire hydrant""."
1988,0,0,9,9,1.0,0.11785113019775792,510,From here they all look like ants. Genetically modified ants.
1988,0,0,9,9,1.0,0.11785113019775792,510,Thinking from the bottom up. Are people are just passing me by?
1988,0,0,8,8,1.0,0.1336306209562122,510,I'm pizza rat's bodyman.
1988,0,0,9,9,1.0,0.11785113019775792,510,actually the word 'walkies!'was originally intended for the dog....
1988,0,0,9,9,1.0,0.11785113019775792,510,Stepped on feels better than over.
1988,0,0,9,9,1.0,0.11785113019775792,510,Don't step on me -- I'm a lawyer.
1988,0,0,9,9,1.0,0.11785113019775792,510,That cloud looks like a big jerk stepping over me.
1988,0,0,9,9,1.0,0.11785113019775792,510,'I AM seeing stars!'
1988,0,0,9,9,1.0,0.11785113019775792,510,These wrinkle-free suits are amazing.
1988,0,0,9,9,1.0,0.11785113019775792,510,Naps in New Your
1988,0,0,9,9,1.0,0.11785113019775792,510,"It hasn't snowed all year....im trying to make a ""grit angel"""
1988,0,0,9,9,1.0,0.11785113019775792,510,My shrink says I've gotta stop letting people walk all over me!
1988,0,0,9,9,1.0,0.11785113019775792,510,My therapist thinks I let people walk all over me.
1988,0,0,9,9,1.0,0.11785113019775792,510,Trust me. Tis better the hurdle be than bang our head into it constantly.
1988,0,0,9,9,1.0,0.11785113019775792,510,"Listen, dear, I'm trying it and it really works! I thought that if you wanted to be treated like a door mat you have to lie down first, and now I know it works."
1988,0,0,9,9,1.0,0.11785113019775792,510,"A draw is on the ground, the draw looks like a person so people think that they are gonna step on him. But finally no one is on the ground"
1988,0,0,9,9,1.0,0.11785113019775792,510,"It must have been PM, because I can't see a thing..."
1988,0,0,9,9,1.0,0.11785113019775792,510,"""This is New York, man."" says the dog"
1988,0,0,9,9,1.0,0.11785113019775792,510,"Rule #173 of ""How To Take a Good Selfie"": Buy a drone. Dress for the occasion. Look away from the camera. And, as always, have total disregard for everyone and everything around you. Snap photo."
1988,0,0,9,9,1.0,0.11785113019775792,510,"If I hear bag pipes, I'm out of here!"
1988,0,0,9,9,1.0,0.11785113019775792,510,I'm a television writer. I'm used to feeling useless and underfoot.
1988,0,0,9,9,1.0,0.11785113019775792,510,I've migrated to a cloud-based platform.
1988,0,0,9,9,1.0,0.11785113019775792,510,....... extremely challenging .......
1988,0,0,9,9,1.0,0.11785113019775792,510,I always take a nap at exactly 3 p. m.
1988,0,0,9,9,1.0,0.11785113019775792,510,One man's happy place...
1988,0,0,9,9,1.0,0.11785113019775792,510,Awful lot of coffee cup clouds today.
1988,0,0,9,9,1.0,0.11785113019775792,510,The morning rush CAN be fun!
1988,0,0,9,9,1.0,0.11785113019775792,510,"I prefer the gut, not the heart."
1988,0,0,9,9,1.0,0.11785113019775792,510,"Until we downsized, we used to play this game with chairs."
1988,0,0,9,9,1.0,0.11785113019775792,510,"Don't mind me, I'm just resting."
1988,0,0,8,8,1.0,0.1336306209562122,510,Step lively and mind the lap.
1988,0,0,9,9,1.0,0.11785113019775792,510,"Well, the FBI is already walking all over my privacy rights so I figured what's the point?"
1988,0,0,9,9,1.0,0.11785113019775792,510,"'Break time! Oh, it's good to be union."""
1988,0,0,9,9,1.0,0.11785113019775792,510,Easy! I may be a one percenter by my shirt in 100 percent cotton.
1988,0,0,9,9,1.0,0.11785113019775792,510,"Hey Fred, the boss' memo today says we better look at marketing strategy from a populist vantage point"
1988,0,0,9,9,1.0,0.11785113019775792,510,I'm not a pedestrian hazard! New Yorkers should take it easy once in a while.
1988,0,0,9,9,1.0,0.11785113019775792,510,Bloomberg warned me they'd walk all over me.
1988,0,0,9,9,1.0,0.11785113019775792,510,"Ron! Hey, I told you the window is faster."
1988,0,0,9,9,1.0,0.11785113019775792,510,I'm on vacation.
1988,0,0,9,9,1.0,0.11785113019775792,510,Urban Twister
1988,0,0,9,9,1.0,0.11785113019775792,510,"No offense, but your feet are problematic."
1988,0,0,9,9,1.0,0.11785113019775792,510,"I'm ready to talk about my mother, doc."
1988,0,0,9,9,1.0,0.11785113019775792,510,Early field trials of pickpocket proof pants.
1988,0,0,9,9,1.0,0.11785113019775792,510,There's no place like home......There's no place like home........There's no place like home
1988,0,0,9,9,1.0,0.11785113019775792,510,Are you sure you're CPR certified?
1988,0,0,9,9,1.0,0.11785113019775792,510,I am just the unwanted step-child on this block
1988,0,0,9,9,1.0,0.11785113019775792,510,"I used to do this to save parking spaces, but the sidewalk's less lonely."
1988,0,0,9,9,1.0,0.11785113019775792,510,"Doc was right, this outdoor stuff is great, I feel better already !"
1988,0,0,8,8,1.0,0.1336306209562122,510,"'I'm researching a story about Times Square, from a tourist's perspective.'"
1988,0,0,9,9,1.0,0.11785113019775792,510,The police chalk outlines are getting more and more detailed
1988,0,0,9,9,1.0,0.11785113019775792,510,Someone...please...call...cement...mason!
1988,0,0,9,9,1.0,0.11785113019775792,510,"Walk around, please, or else I won't grow."
1988,0,0,9,9,1.0,0.11785113019775792,510,"Just as people say 'Socialism has failed in every country that has tried it,' we can safely say that 'Capitalism has failed in every country where socialism replaced it.'"
1988,0,0,9,9,1.0,0.11785113019775792,510,I'm here because life hasn't lived up to my expectations. Is anybody listening?
1988,0,0,9,9,1.0,0.11785113019775792,510,I went to the woods because I wished to live deliberately...
1988,0,0,9,9,1.0,0.11785113019775792,510,Being mayor has certain privileges.
1988,0,0,9,9,1.0,0.11785113019775792,510,"We are all in the gutter, but some of us are looking at Bernie Sanders."
1988,0,0,9,9,1.0,0.11785113019775792,510,Chill out. Life is short.
1988,0,0,9,9,1.0,0.11785113019775792,510,It's only annoying when they stop. As you have!
1988,0,0,9,9,1.0,0.11785113019775792,510,I'm counting sheep.
1988,0,0,9,9,1.0,0.11785113019775792,510,MoMA lifetime achievement award
1988,0,0,9,9,1.0,0.11785113019775792,510,He just came crashing through the glass ceiling!!!!!!
1988,0,0,9,9,1.0,0.11785113019775792,510,I'm a libertarian.
1988,0,0,9,9,1.0,0.11785113019775792,510,Are you here to help create my will?
1988,0,0,9,9,1.0,0.11785113019775792,510,Because it's here.
1988,0,0,9,9,1.0,0.11785113019775792,510,"""Laugh now, but tomorrow everyone's gonna be stuck on Barry ""Bubblegum"" Bryce."
1988,0,0,9,9,1.0,0.11785113019775792,510,The view of the glass ceiling is spectacular from down here!
1988,0,0,9,9,1.0,0.11785113019775792,510,I just always wanted to have an impact on my community.
1988,0,0,10,10,1.0,0.10540925533894598,510,Lately the term block party has been misunderstood.
1988,0,0,9,9,1.0,0.11785113019775792,510,I just can't figure out why everyone thinks I'm such a walkover...
1988,0,0,9,9,1.0,0.11785113019775792,510,"At last, things were beginning to look up for Bill."
1988,0,0,9,9,1.0,0.11785113019775792,510,I call it the 'side-lay'.
1988,0,0,9,9,1.0,0.11785113019775792,510,I am not passive- aggressive. I'm doing my back exercises.
1988,0,0,9,9,1.0,0.11785113019775792,510,"Oh yeah, that cloud definitely looks like a bull."
1988,0,0,9,9,1.0,0.11785113019775792,510,Plane spotting.
1988,0,0,10,10,1.0,0.10540925533894598,510,"Sorry I'm in the way, just step around, my fault entirely, dodgy ticker actually."
1988,0,0,9,9,1.0,0.11785113019775792,510,This 1-800-WiFi-Doc has gotten way out of hand.
1988,0,0,9,9,1.0,0.11785113019775792,510,"I'm trippin'. Careful there, or you'll be trippin' too."
1988,0,0,9,9,1.0,0.11785113019775792,510,My conclusion is that vertical is overrated.
1988,0,0,9,9,1.0,0.11785113019775792,510,"What the hay, it's my last day."
1988,0,0,9,9,1.0,0.11785113019775792,510,"Call me an optimist, but from here, things are looking up on Wall Street."
1988,0,0,8,8,1.0,0.1336306209562122,510,I'm a partner at a personal injury law firm.
1988,0,0,9,9,1.0,0.11785113019775792,510,Door mat doesn't pay as much.
1988,0,0,9,9,1.0,0.11785113019775792,510,Being shallow has its advantages.
1988,0,0,8,8,1.0,0.1336306209562122,510,"Bob ""The Human Doormat"" enjoys his vacation in Manhattan."
1988,0,0,9,9,1.0,0.11785113019775792,510,People have become so blind to whats in front of them that they keep going without realizing what is actually happening.
1988,0,0,7,7,1.0,0.1543033499620919,510,"'Enjoy increased traffic without lifting a finger,' they said..."
1988,0,0,9,9,1.0,0.11785113019775792,510,"My daughter is an art major at NYU. She calls this piece ""Duped Dad."""
1988,0,0,9,9,1.0,0.11785113019775792,510,I don't get the whole FLAT STANLEY mania.
1988,0,0,9,9,1.0,0.11785113019775792,510,His wife told him not to let people walk all over him but he didn't listen.
1988,0,0,9,9,1.0,0.11785113019775792,510,My fifteen minute break is better than anybody's.
1988,0,0,9,9,1.0,0.11785113019775792,510,"You are right boss, here they don't step on me."
1988,0,0,9,9,1.0,0.11785113019775792,510,"My ""year of yes"" is starting a little slow."
1988,0,0,9,9,1.0,0.11785113019775792,510,*Yawn*...time for work.
1988,0,0,10,10,1.0,0.10540925533894598,510,I take my leisure time seriously.
1988,0,0,9,9,1.0,0.11785113019775792,510,WHAT ARE THOSE?!
1988,0,0,9,9,1.0,0.11785113019775792,510,I just like to be in the middle of things...makes me feel alive....
1988,0,0,9,9,1.0,0.11785113019775792,510,I just wanted to see the world from my toy poodle's perspective.
1988,0,0,9,9,1.0,0.11785113019775792,510,Every hurdle strengthens you for the next.
1988,0,0,9,9,1.0,0.11785113019775792,510,"Hey Hon, come look! That guy who thinks he's Frank Sinatra is down there again singing ""Call Me Irresponsible."""
1988,0,0,9,9,1.0,0.11785113019775792,510,The Piltdown Man is not a fake.
1988,0,0,8,8,1.0,0.1336306209562122,510,"Either I move for smart phones, or I'm toast."
1988,0,0,9,9,1.0,0.11785113019775792,510,I'm not protesting anything except taxing me for it.
1988,0,0,9,9,1.0,0.11785113019775792,510,That old lady sure had a well kept muff
1988,0,0,9,9,1.0,0.11785113019775792,510,When you party to hard the night before!
1988,0,0,9,9,1.0,0.11785113019775792,510,Four more years. Four more years.
1988,0,0,8,8,1.0,0.1336306209562122,510,Agreeing to work my way from the ground up sounded more respectable in the interview.
1988,0,0,9,9,1.0,0.11785113019775792,510,"Chin, chin, chin, nose, crotch, chin...."
1988,0,0,9,9,1.0,0.11785113019775792,510,"Step on over, the view is great!"
1988,0,0,8,8,1.0,0.1336306209562122,510,Wake me when the primaries are over.
1988,0,0,9,9,1.0,0.11785113019775792,510,"My shrink was right, counting sheep is easier."
1988,0,0,9,9,1.0,0.11785113019775792,510,I'm the amended version of Mount RushMore.
1988,0,0,9,9,1.0,0.11785113019775792,510,I'm just resting on the sidelines of Donald Trump's New York City political values.
1988,0,0,9,9,1.0,0.11785113019775792,510,(musical eighth note) “I love a parade” (musical eighth note)
1988,0,0,9,9,1.0,0.11785113019775792,510,"If you want to know the city, you have to study the clouds."
1988,0,0,9,9,1.0,0.11785113019775792,510,"See, Ted Cruz was right."
1988,0,0,5,5,1.0,0.22360679774997896,510,I'm adopting a new perspective.
1988,0,0,9,9,1.0,0.11785113019775792,510,I'm not an obstructionist. I'm an optimist
1988,0,0,9,9,1.0,0.11785113019775792,510,This is definitely a step up from my last job!
1988,0,0,9,9,1.0,0.11785113019775792,510,"I tried yoga, never worked."
1988,0,0,9,9,1.0,0.11785113019775792,510,"And then I realized it's not WHO you are in the scheme of things, but WHERE."
1988,0,0,9,9,1.0,0.11785113019775792,510,I learned this at Disney World.
1988,0,0,9,9,1.0,0.11785113019775792,510,Maybe I should have remained a doormat.
1988,0,0,8,8,1.0,0.1336306209562122,510,"I was merely tripping the light fantastic and, well, I tripped and the view was cool and I....hey...would it be to much for you to walk around?"
1988,0,0,9,9,1.0,0.11785113019775792,510,That one looks like a bunny!
1988,0,0,9,9,1.0,0.11785113019775792,510,Feel the Bern!
1988,0,0,9,9,1.0,0.11785113019775792,510,"Yep, I got in on the ground level."
1988,0,0,9,9,1.0,0.11785113019775792,510,I'm engaged.
1988,0,0,8,8,1.0,0.1336306209562122,510,This igloo wasn't built to last.
1988,0,0,9,9,1.0,0.11785113019775792,510,Our CD's are up to 3/4 %.
1988,0,0,9,9,1.0,0.11785113019775792,510,I'm the company stepping stone. It's part of our non-discrimination program.
1988,0,0,9,9,1.0,0.11785113019775792,510,"As John Adams said, ""They don't have any good manners here. Everybody talks very fast and very loud without paying the least attention to one another."" while on his way to the first Continental Congress, August 1774"
1988,0,0,9,9,1.0,0.11785113019775792,510,"I'm connecting with the cloud, if you don't mind!"
1988,0,0,9,9,1.0,0.11785113019775792,510,I recommend the trout.
1988,0,0,9,9,1.0,0.11785113019775792,510,I find this more accurate than head counts
1988,0,0,9,9,1.0,0.11785113019775792,510,Now I understand what he meant.
1988,0,0,9,9,1.0,0.11785113019775792,510,Which cloud did you say looked like a jackass?
1988,0,0,9,9,1.0,0.11785113019775792,510,Tom realized his wife was right. Lying doesn't get you anywhere.
1988,0,0,9,9,1.0,0.11785113019775792,510,It's always nice to get away from the rat race once in a while.
1988,0,0,9,9,1.0,0.11785113019775792,510,"Hey, you're encroaching on my eminent domain!"
1988,0,0,9,9,1.0,0.11785113019775792,510,"It's 'Park' Avenue, people."
1988,0,0,9,9,1.0,0.11785113019775792,510,I used to like tic-tac-toe.
1988,0,0,9,9,1.0,0.11785113019775792,510,Gotcha! I am a Sidewalk Painting
1988,0,0,7,7,1.0,0.1543033499620919,510,Don't try this at home.
1988,0,0,8,8,1.0,0.1336306209562122,510,Can't you hear the pitter-pat And that happy tune is your step Life can be complete On the sunny side of the street
1988,0,0,9,9,1.0,0.11785113019775792,510,The populus groundswell makes it worthwhile.
1988,0,0,9,9,1.0,0.11785113019775792,510,This is not what I expected when the Google Earth Project designated me as its prime focus.
1988,0,0,9,9,1.0,0.11785113019775792,510,"To finish my biography, I need to understand what Jeb's presidential run felt like."
1988,0,0,9,9,1.0,0.11785113019775792,510,I'm no Donald Trump.
1988,0,0,9,9,1.0,0.11785113019775792,510,"Yeah, yeah, I stepped on a crack"
1988,0,0,8,8,1.0,0.1336306209562122,510,"(SINGING) ""The way you crack my knee.... the way you soil my shirt....the memory of all that.....Oh, no, they can't take that away from me......"""
1988,0,0,9,9,1.0,0.11785113019775792,510,"My wife told me to get out from under her feet, so I lay down out here instead."
1988,0,0,9,9,1.0,0.11785113019775792,510,"Hi, I'm Matt. Hi, I'm Matt...."
1988,0,0,9,9,1.0,0.11785113019775792,510,"Doc said..""get a new perspective"""
1988,0,0,9,9,1.0,0.11785113019775792,510,Twister can be played in many locations.
1988,0,0,9,9,1.0,0.11785113019775792,510,I'm just waiting for the Universe to tell me what to do.
1988,0,0,9,9,1.0,0.11785113019775792,510,I've just given up and am waiting for the inevitable.
1988,0,0,9,9,1.0,0.11785113019775792,510,No roses around ... so I'm just just taking the time.
1988,0,0,9,9,1.0,0.11785113019775792,510,It's better than getting hotel bed bugs.
1988,0,0,9,9,1.0,0.11785113019775792,510,Ah it's nice to back.
1988,0,0,9,9,1.0,0.11785113019775792,510,The 3D pavement art in Europe is so much better
1988,0,0,9,9,1.0,0.11785113019775792,510,keep walking
1988,0,0,9,9,1.0,0.11785113019775792,510,"Stampede (noun) | stam'ped | ""Yup my life feels run over"""
1988,0,0,9,9,1.0,0.11785113019775792,510,Hey! I'm layin' here!
1988,0,0,9,9,1.0,0.11785113019775792,510,Notice how people jump when I speak?
1988,0,0,10,10,1.0,0.10540925533894598,510,He quickly realized that real estate with a view at this price range had obvious downsides.
1988,0,0,9,9,1.0,0.11785113019775792,510,"If I'm the door mat at work, I may as well be the door mat everywhere else, too."
1988,0,0,9,9,1.0,0.11785113019775792,510,Hand off to Willie at the next corner.
1988,0,0,9,9,1.0,0.11785113019775792,510,...So my therapist suggested I find new ways to meet people.
1988,0,0,9,9,1.0,0.11785113019775792,510,Don't be alarmed this man simply has a case of The Mondays. Someone get him a coffee stat!
1988,0,0,8,8,1.0,0.1336306209562122,510,Allemande left. No see. Go!
1988,0,0,9,9,1.0,0.11785113019775792,510,"Ok, now just a little more to the right"
1988,0,0,9,9,1.0,0.11785113019775792,510,Economy success
1988,0,0,9,9,1.0,0.11785113019775792,510,"When you said ""office visits are extra"" Doctor, I didn't realize you were speaking literally."
1988,0,0,9,9,1.0,0.11785113019775792,510,"New York city at ""Rush Hour"""
1988,0,0,9,9,1.0,0.11785113019775792,510,Nobody calls ME pedestrian!
1988,0,0,9,9,1.0,0.11785113019775792,510,I try to find a little me time every day
1988,0,0,9,9,1.0,0.11785113019775792,510,Onwards and upwards!
1988,0,0,9,9,1.0,0.11785113019775792,510,"On the next episode of ""What Would You Do?"", meet people in a hurry."
1988,0,0,9,9,1.0,0.11785113019775792,510,Ahhh. Democratic Socialism. A guy could get used to this.
1988,0,0,9,9,1.0,0.11785113019775792,510,We get the new intern. We get to walk all over the new guy.
1988,0,0,8,8,1.0,0.1336306209562122,510,"You wouldn't happen to be a unicorn, would you?"
1988,0,0,9,9,1.0,0.11785113019775792,510,My therapist said I should try just lying back and watching the crowds go by.
1988,0,0,9,9,1.0,0.11785113019775792,510,I'm fine…just resting.
1988,0,0,9,9,1.0,0.11785113019775792,510,I'm tired of letting people walk all over me
1988,0,0,8,8,1.0,0.1336306209562122,510,I'm tired of people stepping all over the 1%
1988,0,0,11,11,1.0,0.09534625892455922,510,Make sure you don't step on the lines
1988,0,0,9,9,1.0,0.11785113019775792,510,Why do straight white guys always gotta get in the way?
1988,0,0,9,9,1.0,0.11785113019775792,510,It's the new 8 Minute Abs workout
1988,0,0,9,9,1.0,0.11785113019775792,510,I'm a Performance Artist doing Richard Sera vs Chris Burden.
1988,0,0,9,9,1.0,0.11785113019775792,510,No longer will people walk all over me when I'm least expecting it.
1988,0,0,9,9,1.0,0.11785113019775792,510,Who says you can't take a power nap in the city.
1988,0,0,9,9,1.0,0.11785113019775792,510,By turns you sicken and amuse me.
1988,0,0,9,9,1.0,0.11785113019775792,510,My therapist told me this is the latest treatment for pathological lying.
1988,0,0,9,9,1.0,0.11785113019775792,510,Find the reflex button win a metro card
1988,0,0,8,8,1.0,0.1336306209562122,510,I've fallen and I don't care.
1988,0,0,8,8,1.0,0.1336306209562122,510,"Doctor, this group therapy just isn't working for me."
1988,0,0,9,9,1.0,0.11785113019775792,510,"Yeah, it's better than sheep!"
1988,0,0,9,9,1.0,0.11785113019775792,510,What? I wanted a massage.
1988,0,0,9,9,1.0,0.11785113019775792,510,And the Gulliver was marooned in the land of the Hurryhuhmns.
1988,0,0,9,9,1.0,0.11785113019775792,510,"Well, from my perspective, you're not exactly stopping to smell the flowers."
1988,0,0,9,9,1.0,0.11785113019775792,510,The definition of life in a nutshell.
1988,0,0,9,9,1.0,0.11785113019775792,510,"See, I let everybody walk over me. That's why I should be elected president."
1988,0,0,9,9,1.0,0.11785113019775792,510,Finland!
1988,0,0,8,8,1.0,0.1336306209562122,510,"I said, 'a fly on the wall.'"
1988,0,0,9,9,1.0,0.11785113019775792,510,"Hey, it’s time we layabouts took back some of the sidewalks from the loiterers and smokers."
1988,0,0,9,9,1.0,0.11785113019775792,510,My point of view is different than yours. No need to step over me.
1988,0,0,9,9,1.0,0.11785113019775792,510,Call me Jeb.
1988,0,0,9,9,1.0,0.11785113019775792,510,Why does my therapist keep saying I let people walk all over me?
1988,0,0,9,9,1.0,0.11785113019775792,510,My dad always said I was a wuss for letting people walk all over me.
1988,0,0,9,9,1.0,0.11785113019775792,510,Congratulations! You're all ready to joint our firm as attorneys .
1988,0,0,9,9,1.0,0.11785113019775792,510,"When I was a kid, this was a park."
1988,0,0,9,9,1.0,0.11785113019775792,510,It's the ones using their smart phones that I worry about
1988,0,0,9,9,1.0,0.11785113019775792,510,I was downsized.
1988,0,0,9,9,1.0,0.11785113019775792,510,"Hey, that one looks like a whale! No, wait--a sheep!"
1988,0,0,9,9,1.0,0.11785113019775792,510,I'm tired of this world walking all over me all the time.
1988,0,0,9,9,1.0,0.11785113019775792,510,Corpus cubitus urbanus dude
1988,0,0,9,9,1.0,0.11785113019775792,510,Did that dog just pee on my shoe?
1988,0,0,9,9,1.0,0.11785113019775792,510,"Don't mind me, I'm just waiting for a streetcar named desire."
1988,0,0,9,9,1.0,0.11785113019775792,510,"Wouldn’t recognize performance art if you tripped over it, would you?"
1988,0,0,9,9,1.0,0.11785113019775792,510,And sme people ust get a HAND on the Walk of Fame!
1988,0,0,9,9,1.0,0.11785113019775792,510,"Aaargh, the old defenestration is not what it was."
1988,0,0,9,9,1.0,0.11785113019775792,510,"Step on my body, fifty cents. Step on my face, seventy-five cents."
1988,0,0,9,9,1.0,0.11785113019775792,510,I loafe and invite my soul; I lean and loafe at my ease observing these peers of summer pass.
1988,0,0,9,9,1.0,0.11785113019775792,510,Yeah it's free but there's still a price per foot.
1988,0,0,9,9,1.0,0.11785113019775792,510,The only true measure of foot traffic.
1988,0,0,9,9,1.0,0.11785113019775792,510,"This whole ""counting sheep"" thing is not working."
1988,0,0,9,9,1.0,0.11785113019775792,510,"What can I say, really? It is what it is."
1988,0,0,9,9,1.0,0.11785113019775792,510,I saw this in a Radiohead music video one time.
1988,0,0,9,9,1.0,0.11785113019775792,510,Walk right on over me don't cha
1988,0,0,9,9,1.0,0.11785113019775792,510,But your attempt would have been successful if you didn't have first floor office.
1988,0,0,9,9,1.0,0.11785113019775792,510,How's the weather up there? How's the weather up there? How's the weather up there?
1988,0,0,8,8,1.0,0.1336306209562122,510,Urban casualty- Invisibility syndrome
1988,0,0,9,9,1.0,0.11785113019775792,510,And to think I once thought mindfulness was a bunch of crap.
1988,0,0,9,9,1.0,0.11785113019775792,510,I'm promoting exercise.
1988,0,0,9,9,1.0,0.11785113019775792,510,I'm trying to be more empathetic of others' pain.
1988,0,0,9,9,1.0,0.11785113019775792,510,Anybody care to join me?
1988,0,0,9,9,1.0,0.11785113019775792,510,Should I pee on him?
1988,0,0,9,9,1.0,0.11785113019775792,510,"'X,Y meets Z"""
1988,0,0,9,9,1.0,0.11785113019775792,510,I have a totally new perspective on life.
1988,0,0,9,9,1.0,0.11785113019775792,510,I have an important statement to make if you care to hear it.
1988,0,0,9,9,1.0,0.11785113019775792,510,Just imagining where I'll end up after the next financial crisis.
1988,0,0,9,9,1.0,0.11785113019775792,510,Save your snide remarks. Do you know how hard it is to get an idea off the ground?
1988,0,0,9,9,1.0,0.11785113019775792,510,"?""I'm a little lamb who's lost in the wood, I know I could always be good... To one who'll walk over meeeeeeee...""?"
1988,0,0,9,9,1.0,0.11785113019775792,510,I really gotta quit letting people walk all over me.
1988,0,0,9,9,1.0,0.11785113019775792,510,Curly told me to lay low after the heist!
1988,0,0,9,9,1.0,0.11785113019775792,510,"Things are topsy-turvy, from my perspective."
1988,0,0,9,9,1.0,0.11785113019775792,510,Careful...white lives matter
1988,0,0,9,9,1.0,0.11785113019775792,510,These Airbnb rentals are getting out of hand!
1988,0,0,9,9,1.0,0.11785113019775792,510,All they do is stomp and stare
1988,0,0,9,9,1.0,0.11785113019775792,510,"Hi! I'm Jeb Bush, and I feel your pain!"
1988,0,0,9,9,1.0,0.11785113019775792,510,"""The latest jump for Trump ad, what you think"" \ -om"
1988,0,0,8,8,1.0,0.1336306209562122,510,"It's amazing that even here, New Yorkers are careful not to step on a reposed street-person, reporting live from lower Manhattan, Channel 9 News."
1988,0,0,9,9,1.0,0.11785113019775792,510,And another hundred people just got off of the train... God I love Sondheim!
1988,0,0,9,9,1.0,0.11785113019775792,510,It's cheaper than a hotel room.
1988,0,0,9,9,1.0,0.11785113019775792,510,I'll move when Trump deports the Pope
1988,0,0,9,9,1.0,0.11785113019775792,510,"""Infrastructure Manager"" wins grandiose title of the decade."
1988,0,0,9,9,1.0,0.11785113019775792,510,Global swarming.
1988,0,0,9,9,1.0,0.11785113019775792,510,"Be more assertive. When you ask them to remove their shoes, don't say Please."
1988,0,0,8,8,1.0,0.1336306209562122,510,I don't mess with dolphins anymore.
1988,0,0,9,9,1.0,0.11785113019775792,510,Turns out Monday morning shavasana is a thing!
1988,0,0,9,9,1.0,0.11785113019775792,510,"I suddenly realized that in a previous life, the world DID revolve around me."
1988,0,0,9,9,1.0,0.11785113019775792,510,I wish my company had sleep pods like Google
1988,0,0,12,12,1.0,0.08703882797784893,510,Sometimes you just have to stop and get to know the neighborhood.
1988,0,0,9,9,1.0,0.11785113019775792,510,I'm having an epiphany about us not being connected.
1988,0,0,8,8,1.0,0.1336306209562122,510,It's the only place I can relax outside of the office.
1988,0,0,9,9,1.0,0.11785113019775792,510,Take my job. I'm pointed at it--Suite Five-Oh-Six.
1988,0,0,9,9,1.0,0.11785113019775792,510,"A bit higher, you need to hit the gallstone."
1988,0,0,9,9,1.0,0.11785113019775792,510,"OK, I'll show you what the Government is doing to me!"
1988,0,0,9,9,1.0,0.11785113019775792,510,Outta my Tao!
1988,0,0,9,9,1.0,0.11785113019775792,510,I just can't understand how I missed that promotion...
1988,0,0,9,9,1.0,0.11785113019775792,510,It's opiod-induced reclination.
1988,0,0,9,9,1.0,0.11785113019775792,510,"Urban hurdles, it's trending."
1988,0,0,9,9,1.0,0.11785113019775792,510,Sometimes you just gotta stop and smell the linoleum.
1988,0,0,9,9,1.0,0.11785113019775792,510,"It's called ""guerilla napping,"" buddy."
1988,0,0,8,8,1.0,0.1336306209562122,510,I've fallen and don't want to get up!
1988,0,0,9,9,1.0,0.11785113019775792,510,It's true. The neon signs are pretty.
1988,0,0,9,9,1.0,0.11785113019775792,510,What are you looking at? Move your ass I am on a brake
1988,0,0,9,9,1.0,0.11785113019775792,510,This is better than having the world on a string
1988,0,0,9,9,1.0,0.11785113019775792,510,"If I had a face like yours, I' d be grouchy, too."
1988,0,0,9,9,1.0,0.11785113019775792,510,You don't half to jump; I'm two dimensional.
1988,0,0,9,9,1.0,0.11785113019775792,510,Ah ! reminds me of old Times Square
1988,0,0,9,9,1.0,0.11785113019775792,510,"Don't ever underestimate the importance of proper digestion, people!"
1988,0,0,9,9,1.0,0.11785113019775792,510,Downtrodden
1988,0,0,10,10,1.0,0.10540925533894598,510,Love ain't suppose to be this bad...Walk on meeeee
1988,0,0,9,9,1.0,0.11785113019775792,510,Ladies and Gentlemen. Welcome to Grand Central Station. Mind the nap.
1988,0,0,9,9,1.0,0.11785113019775792,510,I'm singin' in the drain...
1988,0,0,9,9,1.0,0.11785113019775792,510,I've retired.
1988,0,0,9,9,1.0,0.11785113019775792,510,The doctor said I should take it easy
1988,0,0,9,9,1.0,0.11785113019775792,510,Just lying down on the job..
1988,0,0,9,9,1.0,0.11785113019775792,510,And that one looks like a guy who's about to step on me
1988,0,0,9,9,1.0,0.11785113019775792,510,Just kidding.
1988,0,0,9,9,1.0,0.11785113019775792,510,That one looks like an elephant
1988,0,0,9,9,1.0,0.11785113019775792,510,Who says I just can't let people walk all over me?
1988,0,0,9,9,1.0,0.11785113019775792,510,"Nobody gives two f*cks for GOP candidates, anymore."
1988,0,0,9,9,1.0,0.11785113019775792,510,The penthouse view is overrated.
1988,0,0,9,9,1.0,0.11785113019775792,510,It's supposed to be good for your back.
1988,0,0,9,9,1.0,0.11785113019775792,510,"Okay, if I promise to go f myself will someone just help me up?"
1988,0,0,9,9,1.0,0.11785113019775792,510,No thanks. I can't sleep on a pillow.
1988,0,0,9,9,1.0,0.11785113019775792,510,"""Say that cloud looks just like Bernie Sanders""."
1988,0,0,10,10,1.0,0.10540925533894598,510,I don't suppose anybody would care to pollution-cloud gaze with me?
1988,0,0,9,9,1.0,0.11785113019775792,510,"Of course, this could just be a dream."
1988,0,0,9,9,1.0,0.11785113019775792,510,"Yes, I've checked my white male privilege. Why do you ask?"
1988,0,0,9,9,1.0,0.11785113019775792,510,It's an experiment. My wife says people walk all over me.
1988,0,0,9,9,1.0,0.11785113019775792,510,"I'm laying on the drain, happy again, just laying on the drain..."
1988,0,0,9,9,1.0,0.11785113019775792,510,"Well, that tears it. I really have to get a hammock."
1988,0,0,9,9,1.0,0.11785113019775792,510,It's good to be at the center of attention.
1988,0,0,9,9,1.0,0.11785113019775792,510,A United States Senator in his natural habitat.
1988,0,0,8,8,1.0,0.1336306209562122,510,Is anyone else here for the flash mob?
1988,0,0,8,8,1.0,0.1336306209562122,510,I've got to stop pressing that damn snooze button.
1988,0,0,9,9,1.0,0.11785113019775792,510,"If trump can take a house for a parking lot, why can't I take a sidewalk for a bedroom?"
1988,0,0,10,10,1.0,0.10540925533894598,510,"I said, 'PAY NO ATTENTION TO ME.'"
1988,0,0,9,9,1.0,0.11785113019775792,510,Honey we forgot about the kids
1988,0,0,9,9,1.0,0.11785113019775792,510,What luxury! Just laying down and watching the clouds roll by.
1988,0,0,9,9,1.0,0.11785113019775792,510,"I am mindful. I am in the moment. Just this breath going in, just this breath going out."
1988,0,0,9,9,1.0,0.11785113019775792,510,No worries. I'm just the curious man having an incident in the daytime.
1988,0,0,10,10,1.0,0.10540925533894598,510,They said I should come on this walk to see the stars!
1988,0,0,9,9,1.0,0.11785113019775792,510,No- I don't think people worry about stepping on my toes
1988,0,0,9,9,1.0,0.11785113019775792,510,Keep moving and get out of the way.
1988,0,0,9,9,1.0,0.11785113019775792,510,It always helps to get a different perspective on life in the City.
1988,0,0,9,9,1.0,0.11785113019775792,510,Don't you know dramatic relief when you see it?
1988,0,0,9,9,1.0,0.11785113019775792,510,I think that one cloud looks just like a stegosaurus
1988,0,0,9,9,1.0,0.11785113019775792,510,"It's not that I'm anti-vertical, I'm just pro-horizontal."
1988,0,0,9,9,1.0,0.11785113019775792,510,"This is probably what Kayne feels like, not jumping over jumpman."
1988,0,0,9,9,1.0,0.11785113019775792,510,The Department of Parks and Recreation is hiring. See above for the kind of candidates we are looking for.
1988,0,0,10,10,1.0,0.10540925533894598,510,Oh that feels so good! Who's next?
1988,0,0,9,9,1.0,0.11785113019775792,510,"Sorry, I had a burrito for lunch"
1988,0,0,10,10,1.0,0.10540925533894598,510,"Well, this is Tyronn Lue all over again."
1988,0,0,9,9,1.0,0.11785113019775792,510,This is depressing.
1988,0,0,9,9,1.0,0.11785113019775792,510,Look out for the strict obstructionist!
1988,0,0,9,9,1.0,0.11785113019775792,510,"Why? That's easy."" My broker-therapist-realtor said, ""Get in on the ground floor. Hit rock bottom. Location, location, location."
1988,0,0,9,9,1.0,0.11785113019775792,510,"Every CEO needs to experience this once, then realize why we usually do the stepping on."
1988,0,0,9,9,1.0,0.11785113019775792,510,Tenth Avenue Chill-Out -- got my back to the ground.
1988,0,0,9,9,1.0,0.11785113019775792,510,It’s not too bad but I’m not a fan of the Segway tours.
1988,0,0,9,9,1.0,0.11785113019775792,510,The body of the body-politic.
1988,0,0,9,9,1.0,0.11785113019775792,510,I just miss the way we used to monitor traffic on a site...
1988,0,0,9,9,1.0,0.11785113019775792,510,Sorry for the inconvenience. I'm just holding this spot for Cliven Bundy.
1988,0,0,9,9,1.0,0.11785113019775792,510,"Doctor, for some reason a lot of people think of me as a doormat."
1988,0,0,9,9,1.0,0.11785113019775792,510,"Sunny, charming midtown sleeping nook, centrally located. Only $219 a night!"
1988,0,0,8,8,1.0,0.1336306209562122,510,Wake me up when the meeting ends.
1988,0,0,9,9,1.0,0.11785113019775792,510,rites of passage
1988,0,0,8,8,1.0,0.1336306209562122,510,Flat Stanley here tripping the blight fantastic.
1988,0,0,9,9,1.0,0.11785113019775792,510,"Hi, I'm Republican and I'm running for Congress."
1988,0,0,9,9,1.0,0.11785113019775792,510,walk of shame - wall street edition
1988,0,0,9,9,1.0,0.11785113019775792,510,As an economist I'd say things are looking up.
1988,0,0,9,9,1.0,0.11785113019775792,510,I think its called human tetris...
1988,0,0,8,8,1.0,0.1336306209562122,510,"Hey bud, the center lane is not open til 5pm."
1988,0,0,9,9,1.0,0.11785113019775792,510,"Hello, it's me."
1988,0,0,9,9,1.0,0.11785113019775792,510,It's our annual 360-degree evaluation day!
1988,0,0,9,9,1.0,0.11785113019775792,510,...like a bridge over troubled water...
1988,0,0,9,9,1.0,0.11785113019775792,510,"This is the only way I can get to 10,000 steps on my Fitbit."
1988,0,0,9,9,1.0,0.11785113019775792,510,I'm waiting for Godot.
1988,0,0,9,9,1.0,0.11785113019775792,510,Did you know your insurance may not cover tripping over me?
1988,0,0,9,9,1.0,0.11785113019775792,510,How's the weather up there?
1988,0,0,9,9,1.0,0.11785113019775792,510,Good morning. I'm your mother's chiropractor. Good morning. I'm your mother's chiropractor. Good morning....
1988,0,0,9,9,1.0,0.11785113019775792,510,UN FAIR WORLD
1988,0,0,9,9,1.0,0.11785113019775792,510,I came up with this thing: Occupation Wall Street Sidewalk.
1988,0,0,9,9,1.0,0.11785113019775792,510,"As Martie lay there, he wondered if his therapist wasn't right. Maybe he did let people walk all over him."
1988,0,0,9,9,1.0,0.11785113019775792,510,"When I proposed it at the faculty meeting, to a person the professors said the idea was too abstract."
1988,0,0,9,9,1.0,0.11785113019775792,510,Funny how they all look like dinosaurs from down here.
1988,0,0,9,9,1.0,0.11785113019775792,510,"I never look down on people, it's just the way I am."
1988,0,0,9,9,1.0,0.11785113019775792,510,how long until I qualify for a tumblr?
1988,0,0,9,9,1.0,0.11785113019775792,510,And the massage is free!
1988,0,0,9,9,1.0,0.11785113019775792,510,Fred took laying down on the job too far as usual.
1988,0,0,9,9,1.0,0.11785113019775792,510,its too loud in the city
1988,0,0,9,9,1.0,0.11785113019775792,510,This happens everytime we have to switch Cloud providers.
1988,0,0,9,9,1.0,0.11785113019775792,510,At least I'm not a doormat.
1988,0,0,9,9,1.0,0.11785113019775792,510,Quick! Step back over me so I don't stop growing!
1988,0,0,9,9,1.0,0.11785113019775792,510,"I just got my new ""sleep number"" mattress. What is your number."
1988,0,0,9,9,1.0,0.11785113019775792,510,"Finally, some peace and quiet away from the wife and kids."
1988,0,0,9,9,1.0,0.11785113019775792,510,Why don't you follow the lines?
1988,0,0,9,9,1.0,0.11785113019775792,510,A day in the life of a Trump supporter.
1988,0,0,9,9,1.0,0.11785113019775792,510,Hugh Hefner is strong!
1988,0,0,9,9,1.0,0.11785113019775792,510,This is much more fun than Musical Chairs.
1988,0,0,8,8,1.0,0.1336306209562122,510,Sit-in protests are so 60's.
1988,0,0,9,9,1.0,0.11785113019775792,510,"And then I thought, ""To heck with the fifteen minutes, I'll just take the fifteen square feet!"""
1988,0,0,9,9,1.0,0.11785113019775792,510,"The Pope blasts Trump, the Pope approves contraception, aaaah."
1988,0,0,9,9,1.0,0.11785113019775792,510,Finally things are looking up for me.
1988,0,0,9,9,1.0,0.11785113019775792,510,"Star light, star bright. The first star I see tonight..."
1988,0,0,9,9,1.0,0.11785113019775792,510,Anybody have the correct time?
1988,0,0,9,9,1.0,0.11785113019775792,510,Ah—much less lonely down here.
1988,0,0,9,9,1.0,0.11785113019775792,510,I always seem to let people just walk all over me.
1988,0,0,9,9,1.0,0.11785113019775792,510,"Once the pigeons developed the Norden bomb sight , things started to take an ugly turn !"
1988,0,0,9,9,1.0,0.11785113019775792,510,I can't believe all the nose hair I'm seeing.
1988,0,0,9,9,1.0,0.11785113019775792,510,Yup--still less painful than listening to a Donald Trump speech.
1988,0,0,9,9,1.0,0.11785113019775792,510,Why? Because I made my bed and now I'm going to damn-well sleep in it...
1988,0,0,9,9,1.0,0.11785113019775792,510,"We sleep aggressively here, too."
1988,0,0,9,9,1.0,0.11785113019775792,510,"They say I should stand up for myself, but I can't get over these clouds."
1988,0,0,9,9,1.0,0.11785113019775792,510,Really? Literally?
1988,0,0,11,11,1.0,0.09534625892455922,510,I'm just the obvious winning caption that no one sees.
1988,0,0,9,9,1.0,0.11785113019775792,510,This city definitely could use more parks.
1988,0,0,9,9,1.0,0.11785113019775792,510,Can I tell you about my trip?
1988,0,0,9,9,1.0,0.11785113019775792,510,I wish you can look at this from my perspective.
1988,0,0,8,8,1.0,0.1336306209562122,510,"Hmmm, I may have to re-think this performance artist career."
1988,0,0,10,10,1.0,0.10540925533894598,510,"Ok, so you're too busy to see me in plan view!"
1988,0,0,9,9,1.0,0.11785113019775792,510,"Hey power walkers, look closely. Can you say sidewalk chalk?"
1988,0,0,9,9,1.0,0.11785113019775792,510,Just trying to figure out how Donald Trump felt after his fourth bankruptcy
1988,0,0,9,9,1.0,0.11785113019775792,510,That lunch was absolutely supine!
1988,0,0,9,9,1.0,0.11785113019775792,510,"Eventually, this will catch on."
1988,0,0,9,9,1.0,0.11785113019775792,510,Jane complains Dick lets people walk all over him.
1988,0,0,9,9,1.0,0.11785113019775792,510,"I was walking home after work. I thought everything was fine. It's daytime now, could be days later. I'm not starving, so I'm thinking it's just the next day. Better go back to work. Shucks."
1988,0,0,9,9,1.0,0.11785113019775792,510,"Sometimes, at night, you can see the Big Dipper."
1988,0,0,9,9,1.0,0.11785113019775792,510,"Kick sand in my face, dare ya, dare ya."
1988,0,0,8,8,1.0,0.1336306209562122,510,I saw an ad online for Staycations. This was the cheapest.
1988,0,0,11,11,1.0,0.09534625892455922,510,Savasana time can be anytime.
1988,0,0,9,9,1.0,0.11785113019775792,510,Feeling good that things are finally looking up.
1988,0,0,9,9,1.0,0.11785113019775792,510,"hey, excuse me, I only look like Jeb Bush!"
1988,0,0,8,8,1.0,0.1336306209562122,510,Midnight cowboy was then. Everyone is assidiously ignoring the obvious
1988,0,0,9,9,1.0,0.11785113019775792,510,"I stole my neighbor's doormat, and they sent me to that ""eye-for-an-eye"" judge."
1988,0,0,9,9,1.0,0.11785113019775792,510,"In the city that never sleeps, stargazing is tricky"
1988,0,0,9,9,1.0,0.11785113019775792,510,We're re-evaluating the firm's footprint from the ground up!
1988,0,0,9,9,1.0,0.11785113019775792,510,Im high. And i dont care.
1988,0,0,9,9,1.0,0.11785113019775792,510,Power naps are so important to your day!
1988,0,0,9,9,1.0,0.11785113019775792,510,Ever slept for 4 days in coach on Amtrak? This is heaven getting into the station finally!
1988,0,0,8,8,1.0,0.1336306209562122,510,My trainer said do as many sit-ups that you can in thirty minutes
1988,0,0,9,9,1.0,0.11785113019775792,510,That cloud also looks like Vicodin.
1988,0,0,9,9,1.0,0.11785113019775792,510,It's performance art.
1988,0,0,9,9,1.0,0.11785113019775792,510,"Chill, friend. Time's too short not to waste it."
1988,0,0,9,9,1.0,0.11785113019775792,510,Abdominal crunch flash mob anyone?
1988,0,0,8,8,1.0,0.1336306209562122,510,I'm just waiting for my shih tzu massage.
1988,0,0,9,9,1.0,0.11785113019775792,510,Looks like he had one too many drinks last night.
1988,0,0,9,9,1.0,0.11785113019775792,510,"Ignore him, Marge, he's trying to look up the skirt of the Stature of Liberty."
1988,0,0,9,9,1.0,0.11785113019775792,510,Don't walk on me!
1988,0,0,9,9,1.0,0.11785113019775792,510,"Hey, I'm lyin' here! I'm lyin' here!"
1988,0,0,9,9,1.0,0.11785113019775792,510,"Coming soon: The Manhattanian. Sol .2 ""Eh. So they took off and left me here. What am I, chopped liver."""
1988,0,0,9,9,1.0,0.11785113019775792,510,"This is oddly refreshing... I'm so used to it being the other way around, where I'm stepping over people."
1988,0,0,9,9,1.0,0.11785113019775792,510,Can I get some acknowledgement here?
1988,0,0,9,9,1.0,0.11785113019775792,510,Mom always said women would walk all over me. So far they're just walking around...
1988,0,0,9,9,1.0,0.11785113019775792,510,Don't flatter yourself
1988,0,0,9,9,1.0,0.11785113019775792,510,"Yes, even on a hot Manhattan sidewalk, your suit will not wrinkle."
1988,0,0,9,9,1.0,0.11785113019775792,510,I don't need mouth-to-mouth--just your vote!
1988,0,0,9,9,1.0,0.11785113019775792,510,What makes Sammy run and jump over sidewalk paintings?
1988,0,0,9,9,1.0,0.11785113019775792,510,"Over my living body, over my dead body. What's the difference in indifference ?"
1988,0,0,9,9,1.0,0.11785113019775792,510,"No worries, dude. I shorted everything, so I'm chill."
1988,0,0,9,9,1.0,0.11785113019775792,510,"In real life, this'd be the hurt locker. A cartoon in 2-D - no problem."
1988,0,0,9,9,1.0,0.11785113019775792,510,That's funny . . . those clouds look a lot like annoyed people
1988,0,0,9,9,1.0,0.11785113019775792,510,"Suits that stay clean all day. Lie on the sidewalk, roll in mud, whatever. Here's a business card."
1988,0,0,9,9,1.0,0.11785113019775792,510,I am not moving until someone explains to me how Ted Cruz can be president if he was born in Canada!
1988,0,0,9,9,1.0,0.11785113019775792,510,"Here lies Joe - father, brother, capitalist."
1988,0,0,9,9,1.0,0.11785113019775792,510,We thought a human looking doormat might boost community morale.
1988,0,0,9,9,1.0,0.11785113019775792,510,You think I look silly?
1988,0,0,9,9,1.0,0.11785113019775792,510,I'm not going to take this lying down.
1988,0,0,9,9,1.0,0.11785113019775792,510,I hate it when all kinds of people walk all over me.
1988,0,0,9,9,1.0,0.11785113019775792,510,That's right just walk all over me!
1988,0,0,9,9,1.0,0.11785113019775792,510,"Ha ha. No, my name's not Matt. It's Jeb!"
1988,0,0,9,9,1.0,0.11785113019775792,510,Loving these New York City values!
1988,0,0,9,9,1.0,0.11785113019775792,510,Desperate times call for desperate massages.
1988,0,0,8,8,1.0,0.1336306209562122,510,Beats me. What does he look like from the waist down?
1988,0,0,9,9,1.0,0.11785113019775792,510,Looks like Hal's walk-sleeping again.
1988,0,0,9,9,1.0,0.11785113019775792,510,Look up! The sky. It's all about the sky.
1988,0,0,9,9,1.0,0.11785113019775792,510,"Far out. This ""man-on-the-street"" viewpoint is really trippy."
1988,0,0,10,10,1.0,0.10540925533894598,510,Im calling in sick today.
1988,0,0,9,9,1.0,0.11785113019775792,510,No one said a 12 step program would be easy
1988,0,0,9,9,1.0,0.11785113019775792,510,"Jane said Tom wasn't bold enough. That Tom just ""let people walk all over him."" Tom had to prove her wrong."
1988,0,0,9,9,1.0,0.11785113019775792,510,"Fido, leave him be, he’s enjoying a peaceful break from parenthood."
1988,0,0,9,9,1.0,0.11785113019775792,510,"As CEO of my family's business, I never experienced being stepped over for a promotion."
1988,0,0,9,9,1.0,0.11785113019775792,510,This is a breeze compared to my last employer's orientation program.
1988,0,0,9,9,1.0,0.11785113019775792,510,Hashtag siesta.
1988,0,0,9,9,1.0,0.11785113019775792,510,These dang sleepless people!
1988,0,0,9,9,1.0,0.11785113019775792,510,It's called 'Crossfit!'
1988,0,0,9,9,1.0,0.11785113019775792,510,Whoever called me a door mat was correct.
1988,0,0,9,9,1.0,0.11785113019775792,510,It's time to go back to Kansas.
1988,0,0,9,9,1.0,0.11785113019775792,510,"? I love New York in the springtime, how about you?"
1988,0,0,9,9,1.0,0.11785113019775792,510,My brother is such a doormat.
1988,0,0,8,8,1.0,0.1336306209562122,510,This city really doesn't sleep.
1988,0,0,9,9,1.0,0.11785113019775792,510,"Bet you don't know what ""relaxing"" means."
1988,0,0,8,8,1.0,0.1336306209562122,510,"Matt, is that you?"
1988,0,0,9,9,1.0,0.11785113019775792,510,Goodbye student loans!
1988,0,0,9,9,1.0,0.11785113019775792,510,It does look like up to me.
1988,0,0,9,9,1.0,0.11785113019775792,510,A jackass? I think it looks like a bunny rabbit.
1988,0,0,10,10,1.0,0.10540925533894598,510,I am winning the bet! I knew they wouldn't step on me.
1988,0,0,9,9,1.0,0.11785113019775792,510,This is how we invented the original game of 'TWISTER'
1988,0,0,9,9,1.0,0.11785113019775792,510,"No, we who are in the ""Middle of the Road"" do not stop progress!"
1988,0,0,8,8,1.0,0.1336306209562122,510,Utopia. I mind my own business and the mind theirs.
1988,0,0,9,9,1.0,0.11785113019775792,510,What a perspective!
1988,0,0,9,9,1.0,0.11785113019775792,510,All dressed up and nowhere to go.
1988,0,0,9,9,1.0,0.11785113019775792,510,Woah! That cloud looks like a derivative!
1988,0,0,9,9,1.0,0.11785113019775792,510,One of the benefits of working for a premiere investment bank: mid-day sunbathing right outside my office.
1988,0,0,9,9,1.0,0.11785113019775792,510,Gullibler's travels
1988,0,0,9,9,1.0,0.11785113019775792,510,"I'm on ""Survivor."" I leave here at 6 am and then tape myself to the Rockerfeller Center ice rink for 12 hours."
1988,0,0,9,9,1.0,0.11785113019775792,510,Could you put a little more pressure on the left pectoral area?
1988,0,0,9,9,1.0,0.11785113019775792,510,"Now that I'm Mayor, I have changed my view of the people I was elected to serve."
1988,0,0,9,9,1.0,0.11785113019775792,510,I'm try to channel the New York tourist experience.
1988,0,0,9,9,1.0,0.11785113019775792,510,My Pilates instructor thought I wasn't suffering enough
1988,0,0,9,9,1.0,0.11785113019775792,510,I have got to see a doctor for this narcolepsy.
1988,0,0,9,9,1.0,0.11785113019775792,510,"Hey, do I have to build a wall!"
1988,0,0,9,9,1.0,0.11785113019775792,510,It all started when I gave somebody a ride to the airport.
1988,0,0,9,9,1.0,0.11785113019775792,510,"...then I realized I wasn't that crazy about marching anyway, so--different schmifferent--I fired the drummer."
1988,0,0,9,9,1.0,0.11785113019775792,510,Pardon the inconvenience. I'm a work in progress.
1988,0,0,9,9,1.0,0.11785113019775792,510,You should see how my big money donors walk over me.
1988,0,0,9,9,1.0,0.11785113019775792,510,"As I was saying, it's all a matter of perspective."
1988,0,0,9,9,1.0,0.11785113019775792,510,It's my fault for forgetting the chalk.
1988,0,0,10,10,1.0,0.10540925533894598,510,"My battery is low and President Obama knows exactly what he is doing for the rest of his presidency, nothing."
1988,0,0,9,9,1.0,0.11785113019775792,510,I miss the economy when we only had to step over the homeless.
1988,0,0,10,10,1.0,0.10540925533894598,510,You need not be in a hurry. Breath in breath out.
1988,0,0,9,9,1.0,0.11785113019775792,510,"It was on a pleasant June morning in 2015, that Mark Doyle decided, finally, to take it lying down."
1988,0,0,9,9,1.0,0.11785113019775792,510,Isn't this Manhattan Beach?
1988,0,0,9,9,1.0,0.11785113019775792,510,No wonder I'm so well liked by everyone!
1988,0,0,9,9,1.0,0.11785113019775792,510,I never understood why we needed a sit-lie ordinance.
1988,0,0,9,9,1.0,0.11785113019775792,510,This is a promotion from doormat?
1988,0,0,10,10,1.0,0.10540925533894598,510,"My ex-wife scolded me for allowing everyone to walk all over me. But, hey, I can't help it if I'm a people person"
1988,0,0,9,9,1.0,0.11785113019775792,510,Need to tell the new therapist looking up with a new perspective isn't working for me
1988,0,0,9,9,1.0,0.11785113019775792,510,I wasn't expecting Madison Avenue to be filled with such sensible footwear.
1988,0,0,9,9,1.0,0.11785113019775792,510,It's a social experiment!
1988,0,0,10,10,1.0,0.10540925533894598,510,The wife was tired of me getting underfoot at home.
1988,0,0,8,8,1.0,0.1336306209562122,510,"Just for a change, it actually feels good being the one stepped on."
1988,0,0,9,9,1.0,0.11785113019775792,510,"It may be a dog eat dog world, but I will take a dog any day."
1988,0,0,8,8,1.0,0.1336306209562122,510,Don't mind me.
1988,0,0,9,9,1.0,0.11785113019775792,510,John's narcolepsy strikes during rush hour.
1988,0,0,9,9,1.0,0.11785113019775792,510,"Hey, would one of you mind hitting the snooze button for me? Hello?"
1988,0,0,9,9,1.0,0.11785113019775792,510,I've probably taken more 2:00 a.m. phone calls than anyone on that panel.
1988,0,0,9,9,1.0,0.11785113019775792,510,Everyone's getting cushioned soles this holiday
1988,0,0,9,9,1.0,0.11785113019775792,510,"Fido said. ""That sidewalk artist didn't fool me"""
1988,0,0,9,9,1.0,0.11785113019775792,510,Careful its a new suit
1988,0,0,9,9,1.0,0.11785113019775792,510,"Oh, me? I'm just waiting for a new New Yorker cartoon to caption..."
1988,0,0,9,9,1.0,0.11785113019775792,510,"Best case this is his dream, and we don't really exist."
1988,0,0,9,9,1.0,0.11785113019775792,510,"Frankly, I don't see why this is a problem for her."
1988,0,0,9,9,1.0,0.11785113019775792,510,...depends on your point of view!
1988,0,0,8,8,1.0,0.1336306209562122,510,"So I said boss, I'm tired of you stepping all over me."
1988,0,0,9,9,1.0,0.11785113019775792,510,I'm worth more as an endangered species rug.
1988,0,0,9,9,1.0,0.11785113019775792,510,Just proving Ted Cruz's point!
1988,0,0,9,9,1.0,0.11785113019775792,510,This is a crazy way to get the job done.
1988,0,0,9,9,1.0,0.11785113019775792,510,Man I hope I remember this one when I wake up.
1988,0,0,9,9,1.0,0.11785113019775792,510,I need to do some serious soul searching.
1988,0,0,9,9,1.0,0.11785113019775792,510,And that's why...I'm in a New York state of mind...
1988,0,0,8,8,1.0,0.1336306209562122,510,"Come on, people: Twister, Twister, Twister!"
1988,0,0,9,9,1.0,0.11785113019775792,510,This is what I do on Mondays
1988,0,0,9,9,1.0,0.11785113019775792,510,Catnaps are contagious.
1988,0,0,8,8,1.0,0.1336306209562122,510,As life passes by Irving.
1988,0,0,9,9,1.0,0.11785113019775792,510,The Crowd Sourcerer
1988,0,0,9,9,1.0,0.11785113019775792,510,"Stepped on a crack, broke my back."
1988,0,0,9,9,1.0,0.11785113019775792,510,How I miss the clouds in Big Sky Country.
1988,0,0,10,10,1.0,0.10540925533894598,510,"Geez, the words of the prophets are still on the subway walls."
1988,0,0,8,8,1.0,0.1336306209562122,510,If I'm going to get walked all over I may as well do it gazing at clouds.
1988,0,0,8,8,1.0,0.1336306209562122,510,How do you like it when WE occupy YOUR street?
1988,0,0,9,9,1.0,0.11785113019775792,510,Best massage ever!
1988,0,0,9,9,1.0,0.11785113019775792,510,Hey!? What's with all the rachises along the street?!
1988,0,0,9,9,1.0,0.11785113019775792,510,And there you see 'The Statue Of Indifference' .
1988,0,0,9,9,1.0,0.11785113019775792,510,Suicide by New York City Winter holiday tourist.
1988,0,0,9,9,1.0,0.11785113019775792,510,"Spawning, schmawning. I say we adopt."
1988,0,0,9,9,1.0,0.11785113019775792,510,Word on the street-stilettos are so passé
1988,0,0,9,9,1.0,0.11785113019775792,510,Bystander effect my ass.
1988,0,0,9,9,1.0,0.11785113019775792,510,"Doctor, do you ever have the feeling you're being trampled on?"
1988,0,0,9,9,1.0,0.11785113019775792,510,I'm a one percenter and I deserve it. I'm a one percenter doing penance.It was penance or prison.
1988,0,0,8,8,1.0,0.1336306209562122,510,I'm auditioning for a reality tv show.
1988,0,0,9,9,1.0,0.11785113019775792,510,ahhhhh.....melting pot.....
1988,0,0,9,9,1.0,0.11785113019775792,510,I'll try anything to cut back on Mom's chiropractor bills.
1988,0,0,9,9,1.0,0.11785113019775792,510,My name's Eddy and I'm a napaholic
1988,0,0,9,9,1.0,0.11785113019775792,510,Life really is a beach.
1988,0,0,9,9,1.0,0.11785113019775792,510,I've got the sun in the morning and the moon at night.
1988,0,0,9,9,1.0,0.11785113019775792,510,Just a typical day at the office and getting walked on
1988,0,0,9,9,1.0,0.11785113019775792,510,Have a nice day...have a nice day...have a nice day...
1988,0,0,9,9,1.0,0.11785113019775792,510,I see you are wearing your lifts today Edward.
1988,0,0,9,9,1.0,0.11785113019775792,510,"O, how many men must a throng walk down before you can call it a mob?"
1988,0,0,9,9,1.0,0.11785113019775792,510,Isn't New York the greatest?
1988,0,0,9,9,1.0,0.11785113019775792,510,You might not agree but I think thing are looking up
1988,0,0,9,9,1.0,0.11785113019775792,510,I thought that this would be easier than cheating or stealing...
1988,0,0,9,9,1.0,0.11785113019775792,510,"Come on people, let's all just relax!"
1988,0,0,8,8,1.0,0.1336306209562122,510,"""No I don't need any help, just taking a break""."
1988,0,0,9,9,1.0,0.11785113019775792,510,Hey I can see everyone's misanthropy from down here!
1988,0,0,8,8,1.0,0.1336306209562122,510,"I want to BE a PART of it - New York, New York!"
1988,0,0,8,8,1.0,0.1336306209562122,510,Nope! Not going to work.
1988,0,0,9,9,1.0,0.11785113019775792,510,"Dog: ""Every human must have its day."""
1988,0,0,9,9,1.0,0.11785113019775792,510,Hmmm ... I wonder if my supervisor is walking to work today.
1988,0,0,9,9,1.0,0.11785113019775792,510,"""This Matt is always crooked""."
1988,0,0,9,9,1.0,0.11785113019775792,510,I guess there wasn't enough room in the budget for a Persian.
1988,0,0,9,9,1.0,0.11785113019775792,510,"That ""Camping the Canyons of Wall Street"" Groupon may have been a bad idea."
1988,0,0,9,9,1.0,0.11785113019775792,510,I'm trying to get in touch with my inner rug.
1988,0,0,9,9,1.0,0.11785113019775792,510,"Ahh, just like home."
1988,0,0,9,9,1.0,0.11785113019775792,510,"Although unpredictable, I'm afraid my resilience has been negatively affected."
1988,0,0,9,9,1.0,0.11785113019775792,510,It's the not-in-your-face polling method.
1988,0,0,9,9,1.0,0.11785113019775792,510,I trying to understand the word on the street.
1988,0,0,9,9,1.0,0.11785113019775792,510,Pulchritude.
1988,0,0,9,9,1.0,0.11785113019775792,510,"Oh, I'm a Republican metaphor for Obama's foreign policy."
1988,0,0,9,9,1.0,0.11785113019775792,510,are you my doppleganger?are you my doppleganger? are you..
1988,0,0,9,9,1.0,0.11785113019775792,510,Slow down and be sane
1988,0,0,8,8,1.0,0.1336306209562122,510,The irony escapes me.
1988,0,0,9,9,1.0,0.11785113019775792,510,"I gotta tell you, Bluetooth headsets are WONDERFUL!"
1988,0,0,9,9,1.0,0.11785113019775792,510,Vote for the legalization of Pot Therapy.....the benefits are obvious to all.
1988,0,0,9,9,1.0,0.11785113019775792,510,All these clouds look like buidlings
1988,0,0,9,9,1.0,0.11785113019775792,510,"That one looks like a ceiling tile, and that one looks like a ceiling fan, and that one..."
1988,0,0,9,9,1.0,0.11785113019775792,510,Your feet are problematic.
1988,0,0,10,10,1.0,0.10540925533894598,510,"I'm a sole man, dah dah dah, dadundada"
1988,0,0,9,9,1.0,0.11785113019775792,510,I feel like people are walking all over me
1988,0,0,9,9,1.0,0.11785113019775792,510,'Life is finally looking up.'
1988,0,0,8,8,1.0,0.1336306209562122,510,A bet's a bet. Even if Denver did get lucky. OR: Job hunting has become a race to demonstrate your abilities as world class corporate sycophant.
1988,0,0,9,9,1.0,0.11785113019775792,510,"..and down she goes. The kid'll make it, but Holy Cow!! , dig the air Briefcase Guy gets over my tummy!"
1988,0,0,9,9,1.0,0.11785113019775792,510,I'm hoping for a mini skirt and thong.
1988,0,0,9,9,1.0,0.11785113019775792,510,"Doesn't anyone have the courtesy to say, ""Excuse me."""
1988,0,0,9,9,1.0,0.11785113019775792,510,"When I was a kid I had a dream job too: ""Modern art."""
1988,0,0,9,9,1.0,0.11785113019775792,510,Professional doormat. Any you?
1988,0,0,9,9,1.0,0.11785113019775792,510,Oh how I love the bustle of the city!
1988,0,0,9,9,1.0,0.11785113019775792,510,"I really hate to inconvenience any of you, but I just collapsed and am short of breath. Would one of you be so kind as to please call 911?"
1988,0,0,9,9,1.0,0.11785113019775792,510,"Is this what lying down on the job feels like, Courtney? Back to you in the studio."
1988,0,0,9,9,1.0,0.11785113019775792,510,"Doc told me to ""take 5"" at the top of every hour, and it's the top of the hour."
1988,0,0,9,9,1.0,0.11785113019775792,510,I'm in a good place.
1988,0,0,9,9,1.0,0.11785113019775792,510,I'm testing mother's theory that I must lie down to be walked on.
1988,0,0,9,9,1.0,0.11785113019775792,510,"No, Thanks. Really, I'm fine. I'm just taking a moment to consider a Sanders' Supreme Court."
1988,0,0,9,9,1.0,0.11785113019775792,510,Bipedal is so passe.
1988,0,0,9,9,1.0,0.11785113019775792,510,My analyst thinks I stop being a doormat
1988,0,0,9,9,1.0,0.11785113019775792,510,Ah! The meeting was postponed!
1988,0,0,9,9,1.0,0.11785113019775792,510,"Star light, star bright first star I see tonight..."
1988,0,0,9,9,1.0,0.11785113019775792,510,"After the financial crisis of 2008, it took Bob awhile to get comfortable with his ""new"" Tempur-Pedic !"
1988,0,0,8,8,1.0,0.1336306209562122,510,"Don't you recognize a slacker when you see one, mister."
1988,0,0,9,9,1.0,0.11785113019775792,510,Sure beats San Francisco prices.
1988,0,0,9,9,1.0,0.11785113019775792,510,"No, I'm not progressive."
1988,0,0,9,9,1.0,0.11785113019775792,510,Our company attempted to implement human speed bumps to slow down trips to the water cooler.
1988,0,0,9,9,1.0,0.11785113019775792,510,Our company's Drone is taking my new ID picture for work.
1988,0,0,9,9,1.0,0.11785113019775792,510,Got a problem? Tell it to Airbnb
1988,0,0,9,9,1.0,0.11785113019775792,510,"At first this new job got me down, but now things are looking up."
1988,0,0,8,8,1.0,0.1336306209562122,510,They're commuting my sentence.
1988,0,0,9,9,1.0,0.11785113019775792,510,*Sigh* At least this is better than Wall Street.
1988,0,0,8,8,1.0,0.1336306209562122,510,How am I supposed to do my sit ups with all this activity.
1988,0,0,9,9,1.0,0.11785113019775792,510,The doctor says it's good for my heartburn
1988,0,0,10,10,1.0,0.10540925533894598,510,Sorry my shrink is trying to get me to stop letting people walk all over me
1988,0,0,9,9,1.0,0.11785113019775792,510,You don't have the right of way.
1988,0,0,9,9,1.0,0.11785113019775792,510,"What am I doing lying on the floor? Well, what are you doing hanging from the ceiling?"
1988,0,0,9,9,1.0,0.11785113019775792,510,I'm getting married in the morning! Ding dong! The bells are gonna chime.
1988,0,0,9,9,1.0,0.11785113019775792,510,People are to obsess with their phones.
1988,0,0,9,9,1.0,0.11785113019775792,510,"Rocky Mountain highhhh, in Colorado."
1988,0,0,9,9,1.0,0.11785113019775792,510,It does look better from this angle.
1988,0,0,9,9,1.0,0.11785113019775792,510,This is not about me!
1988,0,0,9,9,1.0,0.11785113019775792,510,I'm no longer running.
1988,0,0,9,9,1.0,0.11785113019775792,510,"Oh. Do you need help with those groceries, Ma'am?"
1988,0,0,10,10,1.0,0.10540925533894598,510,The pavement is warm for February.
1988,0,0,9,9,1.0,0.11785113019775792,510,This is how we did street view in the good ol' days.
1988,0,0,9,9,1.0,0.11785113019775792,510,Don't mind the guy paralyzed from a broken neck. Jerks.
1988,0,0,9,9,1.0,0.11785113019775792,510,Maybe if I wore the blue suite someone would notice me?
1988,0,0,10,10,1.0,0.10540925533894598,510,You're the only one in a hurry here--relax
1988,0,0,10,10,1.0,0.10540925533894598,510,In junior high this seemed so much worse.
1988,0,0,9,9,1.0,0.11785113019775792,510,I know you were waiting for me!
1988,0,0,9,9,1.0,0.11785113019775792,510,"I'm not dead, my drug dealer recommended this Yoga posture"
1988,0,0,9,9,1.0,0.11785113019775792,510,I gotta be me..ee!
1988,0,0,9,9,1.0,0.11785113019775792,510,That yoga has sure made me feel grounded.
1988,0,0,9,9,1.0,0.11785113019775792,510,Not everybody was as overawed by Michelangelo's works.
1988,0,0,9,9,1.0,0.11785113019775792,510,"I'm just meant to live in the city.... Sure, you get kicked around.... To be honest I hardly notice the traffic...."
1988,0,0,8,8,1.0,0.1336306209562122,510,I've always had this feeling my life's been like a doormat!
1988,0,0,9,9,1.0,0.11785113019775792,510,Alright! OK! another hurdle down.
1988,0,0,9,9,1.0,0.11785113019775792,510,Your mother will thank me.
1988,0,0,9,9,1.0,0.11785113019775792,510,Restarting the campaign plan from the ground up.
1988,0,0,9,9,1.0,0.11785113019775792,510,It's part of my initiation for working at Doormats Inc.
1988,0,0,8,8,1.0,0.1336306209562122,510,Lyin' in the sun and takin' it easy . . . this life sure beats running for office again.
1988,0,0,9,9,1.0,0.11785113019775792,510,It's a new full body workout.
1988,0,0,9,9,1.0,0.11785113019775792,510,I just joined the Slow Movement.
1988,0,0,9,9,1.0,0.11785113019775792,510,Things are looking up for me
1988,0,0,9,9,1.0,0.11785113019775792,510,Twister's gone real time!
1988,0,0,9,9,1.0,0.11785113019775792,510,Finally! A little privacy.
1988,0,0,9,9,1.0,0.11785113019775792,510,I'm seeing a lot of gum and not a few mismatched socks.
1988,0,0,9,9,1.0,0.11785113019775792,510,We are in pre-production of our new Ab App.
1988,0,0,8,8,1.0,0.1336306209562122,510,Give my concession speech to my mom and tell her I'm finally getting noticed.
1988,0,0,9,9,1.0,0.11785113019775792,510,Shavasana this!
1988,0,0,10,10,1.0,0.10540925533894598,510,Go ahead and tell me. I am taking the news lying down.
1988,0,0,9,9,1.0,0.11785113019775792,510,"What happened to ""Stand by Me""?"
1988,0,0,10,10,1.0,0.10540925533894598,510,First one to accidentally slip and put their genitals on me is a rotten egg!
1988,0,0,9,9,1.0,0.11785113019775792,510,The boss asked me to do some blue-sky thinking.
1988,0,0,9,9,1.0,0.11785113019775792,510,"Great working here at Ergonomics, Inc."
1988,0,0,9,9,1.0,0.11785113019775792,510,Don't women wear dresses anymore?
1988,0,0,9,9,1.0,0.11785113019775792,510,"Don't be mad, I'm camping out for Hamilton."
1988,0,0,9,9,1.0,0.11785113019775792,510,I used to think of low self esteem as a problem.
1988,0,0,8,8,1.0,0.1336306209562122,510,They go around me or over the top. I dream of being Dictator!
1988,0,0,9,9,1.0,0.11785113019775792,510,I've got 99 problems but sleeping ain't one of them.
1988,0,0,9,9,1.0,0.11785113019775792,510,Sometimes you just gotta stop and see life from a different point of view.
1988,0,0,9,9,1.0,0.11785113019775792,510,This was the quickest way I could think of to check everyone's privilege.
1988,0,0,9,9,1.0,0.11785113019775792,510,I am the 1%. Bring me my coffee!
1988,0,0,7,7,1.0,0.1543033499620919,510,"Okay Bob, nice swimming with you. looks like this is my stop..."
1988,0,0,9,9,1.0,0.11785113019775792,510,The Constitution allows me to meditate whenever and wherever I choose. What's your problem?
1988,0,0,9,9,1.0,0.11785113019775792,510,I find that diagonal gives me the best chance to direct traffic.
1988,0,0,9,9,1.0,0.11785113019775792,510,My wife says I should view people from another angle.
1988,0,0,8,8,1.0,0.1336306209562122,510,Goodbye Blue Monday
1988,0,0,9,9,1.0,0.11785113019775792,510,Swing your partner then dosey-doe.
1988,0,0,9,9,1.0,0.11785113019775792,510,I wish everyone would just stop walking all over me.
1988,0,0,9,9,1.0,0.11785113019775792,510,"Just getting material for my book, "" Humanity has it's shortcomings""."
1988,0,0,9,9,1.0,0.11785113019775792,510,This has 'Alice in Wonderland' beat by a mile.
1988,0,0,9,9,1.0,0.11785113019775792,510,I could use a quick pick-me-up.
1988,0,0,9,9,1.0,0.11785113019775792,510,This is the secret to attracting foot traffic.
1988,0,0,9,9,1.0,0.11785113019775792,510,An aloof view of clouds colliding.
