rank,funny,somewhat_funny,unfunny,count,score,precision,contest,caption
1,19,2,11,32,2.25,0.16800537625806175,512,"We're pretentious, not ostentatious."
2,7,2,7,16,2.0,0.24152294576982397,512,Broga meets on the 2nd floor.
3,1,7,2,10,1.9,0.1795054935711501,512,Please put that back in reception.
4,2,8,4,14,1.8571428571428572,0.1771924779845835,512,"I told you to bring your own, that's from our lobby."
5,4,3,6,13,1.8461538461538463,0.24925925763107157,512,"Let her out, Fred."
5,3,5,5,13,1.8461538461538463,0.22205779584216379,512,First visit?
7,3,4,5,12,1.8333333333333333,0.2409996018270737,512,"I'm sorry, but we cancelled the order because Governor Christie has dropped the class."
7,2,6,4,12,1.8333333333333333,0.207193853502687,512,"Sorry, that won't fly!"
7,1,8,3,12,1.8333333333333333,0.1666666666666666,512,"I'm sorry, we don't allow performance enhancing rugs."
10,3,3,5,11,1.8181818181818181,0.2634795772034443,512,Man cave yoga is in the back.
10,4,1,6,11,1.8181818181818181,0.2959785562927219,512,"Look, you and I both know that doesn't fly in here."
12,3,5,6,14,1.7857142857142858,0.21428571428571425,512,Yoga for idiots is tomorrow.
13,3,1,5,9,1.7777777777777777,0.32394177193585005,512,I assume you are new at this.
14,3,4,6,13,1.7692307692307692,0.23076923076923075,512,First class?
15,2,5,5,12,1.75,0.2175970699446223,512,Magic carpet yoga is on the roof
15,2,2,4,8,1.75,0.31339158526400435,512,"We voted to allow the rug, but not the coffee table."
15,3,3,6,12,1.75,0.25,512,"If she's actually dead, I don't think yoga can help."
15,1,7,4,12,1.75,0.17943514064131835,512,First time here?
15,2,5,5,12,1.75,0.2175970699446223,512,"No, I'm pretty sure all of the hotties have their own mats."
15,2,2,4,8,1.75,0.31339158526400435,512,Our position on this is inflexible.
15,1,4,3,8,1.75,0.25,512,Not if it was the last mat on Earth.
15,3,3,6,12,1.75,0.25,512,Your failure to follow instructions is restricting my infinite bliss.
15,3,3,6,12,1.75,0.25,512,"You're sure it's the one you came in with, and not my missing office rug?"
15,4,1,7,12,1.75,0.27866021451135636,512,The rug can stay but those tube socks have got to go.
25,3,2,6,11,1.7272727272727273,0.2727272727272727,512,First day?
25,1,6,4,11,1.7272727272727273,0.19497827808661103,512,This is just like that time you brought the foam finger to the ballet.
25,3,2,6,11,1.7272727272727273,0.2727272727272727,512,These better be natural fibers.
25,3,2,6,11,1.7272727272727273,0.2727272727272727,512,Everyone is equally welcome here. But you need to leave.
25,2,4,5,11,1.7272727272727273,0.23706190564373264,512,I'm afraid that won't fly
25,2,4,5,11,1.7272727272727273,0.23706190564373264,512,Let's say smaller is better sometimes.
25,1,6,4,11,1.7272727272727273,0.19497827808661103,512,You must be the new guy.
25,2,4,5,11,1.7272727272727273,0.23706190564373264,512,This is a traditional Yoga studio. Polyvinyl Chloride mats only.
33,3,1,6,10,1.7,0.30000000000000004,512,"Normally we use smaller mats, but I'm flexible."
33,2,3,5,10,1.7,0.2603416558635552,512,You can stay but no grunting or high fiving this time.
33,1,5,4,10,1.7,0.213437474581095,512,"Unfortunately, we are not flexible on mats."
33,3,1,6,10,1.7,0.30000000000000004,512,Namaste. Now beat it.
33,2,3,5,10,1.7,0.2603416558635552,512,The rug is fine. It's the Red Sox cap that offends my chakras.
33,2,3,5,10,1.7,0.2603416558635552,512,Men always think it's about size.
33,2,3,5,10,1.7,0.2603416558635552,512,Your first time here?
33,3,1,6,10,1.7,0.30000000000000004,512,"Ok, mansplain this one."
33,2,3,5,10,1.7,0.2603416558635552,512,Even when you try to do things I love you irritate me.
42,3,2,7,12,1.6666666666666667,0.2562353715952691,512,One does not win at yoga.
42,1,4,4,9,1.6666666666666667,0.23570226039551584,512,"Let me guess, you drive a Hummer"
42,2,2,5,9,1.6666666666666667,0.28867513459481287,512,"Sorry, we don't permit manspreading here."
42,2,2,5,9,1.6666666666666667,0.28867513459481287,512,"Sorry, but to free your spirit from the illusory confines of the material world, you'll need our hundred-dollar yoga mat."
42,2,2,5,9,1.6666666666666667,0.28867513459481287,512,Put it back in the foyer.
42,1,4,4,9,1.6666666666666667,0.23570226039551584,512,Persian yoga is down the hall.
42,2,2,5,9,1.6666666666666667,0.28867513459481287,512,You must be the guy from Om Depot.
42,2,2,5,9,1.6666666666666667,0.28867513459481287,512,"We meditate, not levitate."
42,2,2,5,9,1.6666666666666667,0.28867513459481287,512,This is the Yoga room; Antiques Roadshow is in Studio C.
42,2,2,5,9,1.6666666666666667,0.28867513459481287,512,"OK, it stays. But the recliner and the flat-screen have to go."
42,2,2,5,9,1.6666666666666667,0.28867513459481287,512,"Very simply, because vinyl mats have been used for millennia."
42,3,0,6,9,1.6666666666666667,0.3333333333333333,512,Yoga doesn't have a shortstop position.
42,2,2,5,9,1.6666666666666667,0.28867513459481287,512,"I'm sorry, but mats must be 100% unnatural."
42,1,4,4,9,1.6666666666666667,0.23570226039551584,512,I suggest that you assume the Exiting Patron position.
42,1,4,4,9,1.6666666666666667,0.23570226039551584,512,"Please remove your hat and shoes, and place your mat under the coffee table."
42,3,0,6,9,1.6666666666666667,0.3333333333333333,512,I was wrong about yoga being for everyone.
42,2,2,5,9,1.6666666666666667,0.28867513459481287,512,Sure you do - and I play Rugby.
42,2,2,5,9,1.6666666666666667,0.28867513459481287,512,"It's not me, it's you."
42,1,4,4,9,1.6666666666666667,0.23570226039551584,512,Personal space issues?
42,2,2,5,9,1.6666666666666667,0.28867513459481287,512,Dig deep as you contemplate the difference between a rug and a mat.
42,2,2,5,9,1.6666666666666667,0.28867513459481287,512,My guess is that the 8:00 session probably has the best hooters.
42,1,4,4,9,1.6666666666666667,0.23570226039551584,512,This is Power Yoga. Persian Yoga is next door.
42,2,2,5,9,1.6666666666666667,0.28867513459481287,512,We have decided to go with the laminate.
42,2,2,5,9,1.6666666666666667,0.28867513459481287,512,"There's no such thing as a yoga rug, Jay."
42,2,2,5,9,1.6666666666666667,0.28867513459481287,512,"Please sir, we leave our shoes by the door"
42,2,2,5,9,1.6666666666666667,0.28867513459481287,512,You do realize that shoes and socks are not acceptable
42,2,2,5,9,1.6666666666666667,0.28867513459481287,512,Before we start you're going to have to cut a rug.
42,1,4,4,9,1.6666666666666667,0.23570226039551584,512,And I suppose your name is Aladdin.
42,1,4,4,9,1.6666666666666667,0.23570226039551584,512,I think we'd be more comfortable if you took our course online.
42,2,2,5,9,1.6666666666666667,0.28867513459481287,512,Stop calling me Jasmine.
42,1,4,4,9,1.6666666666666667,0.23570226039551584,512,"Your first pose will be one I call ""Restraining Order."""
42,3,0,6,9,1.6666666666666667,0.3333333333333333,512,Paleo yoga is tomorrow.
42,0,6,3,9,1.6666666666666667,0.16666666666666666,512,Broga?
42,2,2,5,9,1.6666666666666667,0.28867513459481287,512,I knew the Iran deal was a mistake.
76,1,3,4,8,1.625,0.26305214040457564,512,"Let me guess, you're voting for Trump?"
76,2,1,5,8,1.625,0.3238992347717331,512,"""What do you mean you killed your wife""?"
76,1,3,4,8,1.625,0.26305214040457564,512,Yo Yoga? That's across the street.
76,0,5,3,8,1.625,0.18298126367784998,512,Because yoga mats aren't meant to 'tie the room together'.
76,1,3,4,8,1.625,0.26305214040457564,512,You're calling me 'inflexible'?
76,1,3,4,8,1.625,0.26305214040457564,512,I'm sorry there is no such thing as 'super size' yoga
76,0,5,3,8,1.625,0.18298126367784998,512,You must become one with the exit.
76,0,5,3,8,1.625,0.18298126367784998,512,First time doing yoga?
76,1,3,4,8,1.625,0.26305214040457564,512,"No, we can't accommodate man spreading"
76,1,3,4,8,1.625,0.26305214040457564,512,I'm guessing this is your first time?
76,1,3,4,8,1.625,0.26305214040457564,512,There's no room for manspreading down the eightfold path.
76,0,5,3,8,1.625,0.18298126367784998,512,The magic carpet class is upstairs.
76,2,1,5,8,1.625,0.3238992347717331,512,I think it'll really tie the room together.
76,2,1,5,8,1.625,0.3238992347717331,512,Sorry no hats allowed.
76,2,1,5,8,1.625,0.3238992347717331,512,Come back when you have a higher level of consciousness.
76,1,3,4,8,1.625,0.26305214040457564,512,I suggest you try Pilates.
76,1,3,4,8,1.625,0.26305214040457564,512,Unroll my student and leave before I call the police.
76,2,1,5,8,1.625,0.3238992347717331,512,I’m not your “dude.”
76,2,1,5,8,1.625,0.3238992347717331,512,"I'm sorry, but everyone has to come willingly."
76,1,3,4,8,1.625,0.26305214040457564,512,"No, it's not because you're Muslim..."
76,1,3,4,8,1.625,0.26305214040457564,512,We are flexible. Just not in that way.
76,2,1,5,8,1.625,0.3238992347717331,512,I don't care if it is a magic carpet; it won't help you with the difficult poses.
76,1,3,4,8,1.625,0.26305214040457564,512,Are you by yourself?
76,1,3,4,8,1.625,0.26305214040457564,512,You might want to stick with baseball.
76,1,3,4,8,1.625,0.26305214040457564,512,Your first time? I never would have guessed!
76,1,3,4,8,1.625,0.26305214040457564,512,'Downward Dude' isn't a pose.
76,2,1,5,8,1.625,0.3238992347717331,512,"You can join the class, but no bragging about the thread count."
76,2,1,5,8,1.625,0.3238992347717331,512,The manspreading class is down the hall.
76,2,1,5,8,1.625,0.3238992347717331,512,You'd be surprised how inflexible we can sometimes be.
76,2,1,5,8,1.625,0.3238992347717331,512,"I'm sorry, ""one with the rug"" doesn't start until 4:20"
76,1,3,4,8,1.625,0.26305214040457564,512,Looks like you really want to feel the burn.
76,1,3,4,8,1.625,0.26305214040457564,512,I see that you're still living with your mother.
76,1,3,4,8,1.625,0.26305214040457564,512,Flying lessons are on the Top Floor
76,0,5,3,8,1.625,0.18298126367784998,512,That carpet belongs in the reception area.
76,1,3,4,8,1.625,0.26305214040457564,512,First time?
76,1,3,4,8,1.625,0.26305214040457564,512,Before we start lets talk about expectations
76,1,3,4,8,1.625,0.26305214040457564,512,"Harold, this is just one of the many reasons we've got to break it off."
76,0,5,3,8,1.625,0.18298126367784998,512,Body disposal is out back.
76,1,3,4,8,1.625,0.26305214040457564,512,It smells like your dog has been doing more than downward facing on that thing.
76,0,5,3,8,1.625,0.18298126367784998,512,"Oh sorry, this is Hatha Yoga. Persian Yoga is tomorrow."
76,0,5,3,8,1.625,0.18298126367784998,512,"It's not the size of your mat, it's the angle of your downward facing dog that matters."
76,1,3,4,8,1.625,0.26305214040457564,512,Please put that back in the reception area and I will lend you a mat for today.
76,1,3,4,8,1.625,0.26305214040457564,512,"Fine, as long as your downward dog doesn't bite."
76,1,3,4,8,1.625,0.26305214040457564,512,That wasn't funny when we were dating either
76,0,5,3,8,1.625,0.18298126367784998,512,Bro-ga doesn't start until 10.
76,2,1,5,8,1.625,0.3238992347717331,512,Bro Yoga is two doors down.
122,1,4,5,10,1.6,0.22110831935702663,512,May I suggest you work on your outer self first.
123,1,2,4,7,1.5714285714285714,0.29738085706659045,512,Numiskul.
123,1,2,4,7,1.5714285714285714,0.29738085706659045,512,"This is New York, people don't LIVE in that big of an area."
125,0,5,4,9,1.5555555555555556,0.1756820922315766,512,It's not the carpet. It's the hat.
125,2,1,6,9,1.5555555555555556,0.2939723678960656,512,"Yes, you can do all your exercises facing Mecca."
125,1,3,5,9,1.5555555555555556,0.2421610524189263,512,And what state you do hope to attain with that?
125,1,3,5,9,1.5555555555555556,0.2421610524189263,512,"Welcome to Bow Down Yoga, where we really, really try not to be judgmental."
125,1,3,5,9,1.5555555555555556,0.2421610524189263,512,How do you expect to gentrify this neighborhood with that?
130,1,2,5,8,1.5,0.2672612419124244,512,"No, our allotment of floor space is not based on the gender pay gap."
130,2,0,6,8,1.5,0.32732683535398854,512,"I'm sure it would help you to relax, but you can't smoke that in here."
130,0,4,4,8,1.5,0.1889822365046136,512,You must be the new bro-ga instructor.
130,2,0,6,8,1.5,0.32732683535398854,512,"You're right. A rug does make it feel like there's no place like ""om""."
130,0,4,4,8,1.5,0.1889822365046136,512,So the only practice you've had is the 7th inning stretch?
130,0,4,4,8,1.5,0.1889822365046136,512,Only if it flies.
130,0,4,4,8,1.5,0.1889822365046136,512,I understand it really ties the room together; it's more an issue of space.
130,1,2,5,8,1.5,0.2672612419124244,512,Put the instructor back. . .now.
130,1,2,5,8,1.5,0.2672612419124244,512,The new body you get is supposed to be your own.
130,2,0,6,8,1.5,0.32732683535398854,512,...because rubber mats don't have mites and chiggers
130,0,4,4,8,1.5,0.1889822365046136,512,"You're new here, aren't you?"
130,1,2,5,8,1.5,0.2672612419124244,512,"I don't care if it really ties your mind, body, and spirit together."
130,1,2,5,8,1.5,0.2672612419124244,512,"When I said that it was okay to bring a big, bushy carpet I was talking to the women in the class."
130,0,3,3,6,1.5,0.22360679774997896,512,The Yoga for Dummies class starts at noon.
130,0,4,4,8,1.5,0.1889822365046136,512,"No, the complaints have not been about your baseball cap."
130,2,0,6,8,1.5,0.32732683535398854,512,"Fred, it's actually the socks."
130,2,0,6,8,1.5,0.32732683535398854,512,"Ok, but would you mind being anti-establishment in the corner?"
130,1,2,5,8,1.5,0.2672612419124244,512,Perhaps you'd be more comfortable at Party Down Yoga?
130,0,4,4,8,1.5,0.1889822365046136,512,It doesn't need to tie the room together.
130,0,4,4,8,1.5,0.1889822365046136,512,And you CAN'T listen to the ballgame either...
130,1,2,5,8,1.5,0.2672612419124244,512,"Let me guess, you have a coupon."
130,2,0,6,8,1.5,0.32732683535398854,512,"Sorry, we do not allow rugrats."
130,2,0,6,8,1.5,0.32732683535398854,512,Is this because I brought kale salad to your Super Bowl party?
130,1,2,5,8,1.5,0.2672612419124244,512,"Oh yes, this was an empty lot not too long ago... all yoga studios and coffee shops now"
130,1,2,5,8,1.5,0.2672612419124244,512,"Sorry, we don't teach flying carpet."
130,0,4,4,8,1.5,0.1889822365046136,512,"I'm surprisingly OK with the hat, wrist bands, and rug, but I just can't look past the tube socks."
130,1,2,5,8,1.5,0.2672612419124244,512,Do you have a note from your wife?
130,0,4,4,8,1.5,0.1889822365046136,512,"A ""patina of cat hair"" does not count as ""chi""."
130,1,2,5,8,1.5,0.2672612419124244,512,We get it. You're straight.
130,1,2,5,8,1.5,0.2672612419124244,512,"The rug can stay,but that hat has to go"
130,1,2,5,8,1.5,0.2672612419124244,512,I'm here for the Persian yoga session.
130,0,4,4,8,1.5,0.1889822365046136,512,You're really challenging my bliss right now.
130,0,2,2,4,1.5,0.28867513459481287,512,"Sorry, Bow Wow Yoga doesn't meet here anymore."
130,1,2,5,8,1.5,0.2672612419124244,512,"I'm sorry, this studio doesn't allow manspreading."
130,1,2,5,8,1.5,0.2672612419124244,512,I can't believe you wore that hat here.
130,1,2,5,8,1.5,0.2672612419124244,512,"No, I've never heard of the grand master Yogi Berra."
130,1,2,5,8,1.5,0.2672612419124244,512,"No, Kevin, this is the opposite of 'trying.''"
130,1,2,5,8,1.5,0.2672612419124244,512,"So, I understand you were home schooled."
130,1,2,5,8,1.5,0.2672612419124244,512,"Well, okay....if it's from India."
130,0,4,4,8,1.5,0.1889822365046136,512,"Sorry, we're not that flexible."
130,2,0,6,8,1.5,0.32732683535398854,512,"Bigger isn't always better, Ron."
130,1,2,5,8,1.5,0.2672612419124244,512,You weren't listening. I said I need a hug
130,1,2,5,8,1.5,0.2672612419124244,512,Very funny.
130,2,0,6,8,1.5,0.32732683535398854,512,Om-M-G
130,1,2,5,8,1.5,0.2672612419124244,512,This is Amazon's best selling mat?
130,1,2,5,8,1.5,0.2672612419124244,512,"I'm sorry, we only do spiritual cleansing."
130,1,2,5,8,1.5,0.2672612419124244,512,The light in me honors the clueless in you. Namaste.
130,1,2,5,8,1.5,0.2672612419124244,512,"You have to stop asking the girls to join your ""magic mat."""
130,1,2,5,8,1.5,0.2672612419124244,512,"Sorry, Persian Yoga for Beginners is on Wednesdays."
130,2,0,6,8,1.5,0.32732683535398854,512,The dress code is sort of implied.
130,0,4,4,8,1.5,0.1889822365046136,512,Beat it!
130,2,0,6,8,1.5,0.32732683535398854,512,My boss said you can use the rug if you promise to keep your clothes on this time.
130,1,2,5,8,1.5,0.2672612419124244,512,Clawing my way up this downward dog eat downward dog world.
130,1,2,5,8,1.5,0.2672612419124244,512,"Here, this has seen one too many downward squatting dogs."
130,2,0,6,8,1.5,0.32732683535398854,512,Will you be facing East?
130,1,2,5,8,1.5,0.2672612419124244,512,Put the body over with the others.
130,2,0,6,8,1.5,0.32732683535398854,512,I'm fine with your choice of yoga mat. But the table and chairs will have to stay outside.
130,0,4,4,8,1.5,0.1889822365046136,512,Your nonconformity does not conform to our nonconformity.
130,2,0,6,8,1.5,0.32732683535398854,512,There's no manspreading in this class!
130,0,4,4,8,1.5,0.1889822365046136,512,Most of the other boyfriends just wait outside.
130,1,2,5,8,1.5,0.2672612419124244,512,Red neck power yoga is down the hall.
130,1,2,5,8,1.5,0.2672612419124244,512,I'm very sorry sir but we don't have a first-class section.
130,1,2,5,8,1.5,0.2672612419124244,512,I saw that rug in the lobby
130,1,2,5,8,1.5,0.2672612419124244,512,"So, new to yoga?"
130,0,4,4,8,1.5,0.1889822365046136,512,I said carpe diem!
130,1,2,5,8,1.5,0.2672612419124244,512,Alladin's class is cancelled. He had to take off.
130,0,4,4,8,1.5,0.1889822365046136,512,Try to think of yoga as everything that you are not.
130,2,0,6,8,1.5,0.32732683535398854,512,"Delivery? Oh, the coroner is next door."
130,1,1,4,6,1.5,0.3415650255319866,512,"The ""Broga"" class isn't until 6pm."
130,1,2,5,8,1.5,0.2672612419124244,512,"Sorry, you can't wear sneakers in here."
130,1,2,5,8,1.5,0.2672612419124244,512,"That's right - if you take up two spaces, you pay double the fee."
130,1,2,5,8,1.5,0.2672612419124244,512,But 'home court advantage' does nothing for your practice.
130,1,2,5,8,1.5,0.2672612419124244,512,What it is it with men and their obsession with size?
130,1,2,5,8,1.5,0.2672612419124244,512,You're right- we don't need to do everything together.
130,0,3,3,6,1.5,0.22360679774997896,512,That's Jeannie's mat.
130,1,2,5,8,1.5,0.2672612419124244,512,That's the worst pick-up line I've ever heard.
130,1,2,5,8,1.5,0.2672612419124244,512,It smells like your down dog peed on it.
207,1,2,6,9,1.4444444444444444,0.2421610524189263,512,The Corpse Pose does not require a corpse.
207,1,2,6,9,1.4444444444444444,0.2421610524189263,512,"Unless you can make it fly, it's still a no."
207,1,2,6,9,1.4444444444444444,0.2421610524189263,512,You'll have to remove your hat.
207,1,2,6,9,1.4444444444444444,0.2421610524189263,512,Do you take a couch to a baseball game?
207,1,2,6,9,1.4444444444444444,0.2421610524189263,512,The manspreading class is at 4 pm.
212,0,3,4,7,1.4285714285714286,0.2020305089104421,512,"Maybe after class, I can take you on a magic carpet ride?"
212,0,3,4,7,1.4285714285714286,0.2020305089104421,512,"What do you mean, 'Make Yoga Great Again'?"
212,1,1,5,7,1.4285714285714286,0.29738085706659034,512,That's not how we roll.
212,0,3,4,7,1.4285714285714286,0.2020305089104421,512,I'm sorry the magic carpet class just ended
212,1,1,5,7,1.4285714285714286,0.29738085706659034,512,We're not THAT flexible.
212,1,1,5,7,1.4285714285714286,0.29738085706659034,512,You here for a yoga class or to hide a body?
212,1,1,5,7,1.4285714285714286,0.29738085706659034,512,Carpetbagger.
212,0,3,4,7,1.4285714285714286,0.2020305089104421,512,Just fly in?
212,1,1,5,7,1.4285714285714286,0.29738085706659034,512,And is your whole team going to join you?
212,1,1,5,7,1.4285714285714286,0.29738085706659034,512,"Yes, we are flexible but...."
212,1,1,5,7,1.4285714285714286,0.29738085706659034,512,You didn't have an allergy to latex last night.
212,1,1,5,7,1.4285714285714286,0.29738085706659034,512,We like our foods natural but our mats synthetic.
212,0,3,4,7,1.4285714285714286,0.2020305089104421,512,How hard is it to Google ‘yoga mat’?
212,0,3,4,7,1.4285714285714286,0.2020305089104421,512,Let me guess -- just got divorced?
212,0,3,4,7,1.4285714285714286,0.2020305089104421,512,I am afraid your area rug will invade my personal space
212,1,1,5,7,1.4285714285714286,0.29738085706659034,512,Is it moth proof
212,1,1,5,7,1.4285714285714286,0.29738085706659034,512,I don't care if it was your grandmother's.
212,0,3,4,7,1.4285714285714286,0.2020305089104421,512,I signed up for the Premium Membership
212,1,1,5,7,1.4285714285714286,0.29738085706659034,512,"Believe me, Bob, nobody will be bending down into your personal space."
212,0,3,4,7,1.4285714285714286,0.2020305089104421,512,Is this your first class?
212,0,3,4,7,1.4285714285714286,0.2020305089104421,512,Not a prayer.
212,0,3,4,7,1.4285714285714286,0.2020305089104421,512,You must have learned yoga in California.
212,0,3,4,7,1.4285714285714286,0.2020305089104421,512,I'm sure you'd be more comfortable at our sister studio: Bro Down Yoga.
212,0,3,4,7,1.4285714285714286,0.2020305089104421,512,Persian yoga was at 2pm
212,1,1,5,7,1.4285714285714286,0.29738085706659034,512,"If, as you say, this is a magic carpet, then it's not a yoga mat, is it?"
212,1,1,5,7,1.4285714285714286,0.29738085706659034,512,The magic carpet class has been canceled.
212,1,1,5,7,1.4285714285714286,0.29738085706659034,512,"Oh, you'll feel the burn alright."
212,1,1,5,7,1.4285714285714286,0.29738085706659034,512,We don't allow wool mats in our vegan studio.
212,0,3,4,7,1.4285714285714286,0.2020305089104421,512,That will be useful for when you pass out and we have to move you.
212,1,1,5,7,1.4285714285714286,0.29738085706659034,512,"Okay, okay, I'll stop calling you ""Yoga Matt""."
212,0,3,4,7,1.4285714285714286,0.2020305089104421,512,I'm guessing you haven't been here before.
212,1,1,5,7,1.4285714285714286,0.29738085706659034,512,I'm sorry but you can't take naps here anymore.
212,1,1,5,7,1.4285714285714286,0.29738085706659034,512,"Who is taking the class, you or Cleopatra?"
212,1,1,5,7,1.4285714285714286,0.29738085706659034,512,Trump Yoga is upstairs.
212,1,1,5,7,1.4285714285714286,0.29738085706659034,512,You're a little too hipster to participate
212,0,3,4,7,1.4285714285714286,0.2020305089104421,512,We don't allow man-spreading here.
212,1,1,5,7,1.4285714285714286,0.29738085706659034,512,"I'm sorry sir, we do not offer high intensity yoga classes."
212,1,1,5,7,1.4285714285714286,0.29738085706659034,512,We don't need carpet braggers!
212,1,1,5,7,1.4285714285714286,0.29738085706659034,512,Bet you bring a typewriter to Starbucks too.
212,0,3,4,7,1.4285714285714286,0.2020305089104421,512,"Well Mister Enjoys Yoga and Long Walks on the Beach, there's no Kathy here."
212,0,3,4,7,1.4285714285714286,0.2020305089104421,512,The hat isn't the problem.
212,1,1,5,7,1.4285714285714286,0.29738085706659034,512,"No, the flying carpet class is down the hall."
212,0,3,4,7,1.4285714285714286,0.2020305089104421,512,That's not my area.
212,1,1,5,7,1.4285714285714286,0.29738085706659034,512,"It's unorthodox, but I suppose a magic carpet would work as well as a mat."
212,1,1,5,7,1.4285714285714286,0.29738085706659034,512,This is your problem Dave..you always have to be different.
212,1,1,5,7,1.4285714285714286,0.29738085706659034,512,No must stay.
212,1,1,5,7,1.4285714285714286,0.29738085706659034,512,First time with yoga?
212,0,3,4,7,1.4285714285714286,0.2020305089104421,512,Why the shoes?
212,0,3,4,7,1.4285714285714286,0.2020305089104421,512,"No,the other ladies would not like to share your mat with you."
212,0,3,4,7,1.4285714285714286,0.2020305089104421,512,The Dude wants his rug back.
212,1,1,5,7,1.4285714285714286,0.29738085706659034,512,"You're putting me in a tough position here, Greg."
212,1,1,5,7,1.4285714285714286,0.29738085706659034,512,"Jules, did you see a sign on the door that read 'Dead Nigger Storage'?"
212,0,3,4,7,1.4285714285714286,0.2020305089104421,512,"Actually, size does matter. So does smell."
212,1,1,5,7,1.4285714285714286,0.29738085706659034,512,Yoga for Dummies class is next door.
212,0,3,4,7,1.4285714285714286,0.2020305089104421,512,Have you considered joining our pre-beginners class?
212,1,1,5,7,1.4285714285714286,0.29738085706659034,512,"Sorry...no larger than 4 X 3, one color and no intrusive designs."
212,1,1,5,7,1.4285714285714286,0.29738085706659034,512,"I appreciate your enthusiasm, but I don't think this relationship is going to work."
212,1,1,5,7,1.4285714285714286,0.29738085706659034,512,"Sorry, but the ""Angry White"" yoga class has been cancelled until after the Republican debates."
212,1,1,5,7,1.4285714285714286,0.29738085706659034,512,Feeling a bit inadequate today?
212,1,1,5,7,1.4285714285714286,0.29738085706659034,512,"Why don't you start with the man cave, couch potato, reclining sloth pose."
212,1,1,5,7,1.4285714285714286,0.29738085706659034,512,Extreme yoga is on the second floor.
212,1,1,5,7,1.4285714285714286,0.29738085706659034,512,You're like some guy with an RV camper going backpacking.
212,1,1,5,7,1.4285714285714286,0.29738085706659034,512,That isn't how we roll!
212,1,1,5,7,1.4285714285714286,0.29738085706659034,512,"I don't care if it really ties the room together, you need a yoga mat."
212,0,3,4,7,1.4285714285714286,0.2020305089104421,512,I'm sorry but yoga is not a spectator sport.
212,1,1,5,7,1.4285714285714286,0.29738085706659034,512,Blue collar yoga is upstairs.
212,0,3,4,7,1.4285714285714286,0.2020305089104421,512,Our policies are not flexible.
212,0,3,4,7,1.4285714285714286,0.2020305089104421,512,"Sorry, we don't do the Seventh Inning Stretch."
212,0,3,4,7,1.4285714285714286,0.2020305089104421,512,"Sorry, Persian yoga is next door."
212,1,1,5,7,1.4285714285714286,0.29738085706659034,512,Leave your sarcasm at the door.
212,0,3,4,7,1.4285714285714286,0.2020305089104421,512,I guess in some cases we do judge here.
212,1,1,5,7,1.4285714285714286,0.29738085706659034,512,"You know, size doesn't matter?"
212,0,3,4,7,1.4285714285714286,0.2020305089104421,512,"It's not about the rug, Lance."
212,1,1,5,7,1.4285714285714286,0.29738085706659034,512,"Sorry, there's really no such thing as a 'pick-up game' in yoga."
212,0,3,4,7,1.4285714285714286,0.2020305089104421,512,First time I presume...
212,0,3,4,7,1.4285714285714286,0.2020305089104421,512,This is my assertive pose.
212,0,3,4,7,1.4285714285714286,0.2020305089104421,512,Your mantra should be Hoover
212,1,1,5,7,1.4285714285714286,0.29738085706659034,512,"This is Hatha Yoga, sir, not Haha Yoga."
212,1,1,5,7,1.4285714285714286,0.29738085706659034,512,"You know, yoga just might not be your thing."
212,0,3,4,7,1.4285714285714286,0.2020305089104421,512,"If you can make that carpet fly, yes. Otherwise, no."
212,0,3,4,7,1.4285714285714286,0.2020305089104421,512,Are you here for a yoga class or are you moving in?
212,1,1,5,7,1.4285714285714286,0.29738085706659034,512,I'm here to set up for Aladdin's 2 o'clock.
212,1,1,5,7,1.4285714285714286,0.29738085706659034,512,What I told you last night about size does not apply here
212,1,1,5,7,1.4285714285714286,0.29738085706659034,512,Compensate much?
212,1,1,5,7,1.4285714285714286,0.29738085706659034,512,"I am sorry, this is not Persian Yoga."
212,1,1,5,7,1.4285714285714286,0.29738085706659034,512,"Well, maybe Yoga isn't for everyone after all."
212,0,3,4,7,1.4285714285714286,0.2020305089104421,512,"Sorry, but for our next class, that needs to Namaste at home."
212,1,1,5,7,1.4285714285714286,0.29738085706659034,512,This must be your first and last time.
212,0,3,4,7,1.4285714285714286,0.2020305089104421,512,"No, the mat doesn't need to match the size of your ego."
212,0,3,4,7,1.4285714285714286,0.2020305089104421,512,We're a hot yoga studio and you're not hot.
212,1,1,5,7,1.4285714285714286,0.29738085706659034,512,We don't roll that way.
212,1,1,5,7,1.4285714285714286,0.29738085706659034,512,No frills yoga is down the hall
212,1,1,5,7,1.4285714285714286,0.29738085706659034,512,"Goodbye Ted. I'm sorry. It's not your energy, it's mine."
212,1,1,5,7,1.4285714285714286,0.29738085706659034,512,How thoughtful. You've brought enough yoga mat to share with the whole class.
212,1,1,5,7,1.4285714285714286,0.29738085706659034,512,Sit on it. Lie on it. Just don't try to smoke it.
212,1,1,5,7,1.4285714285714286,0.29738085706659034,512,The mosque is two doors down.
212,1,1,5,7,1.4285714285714286,0.29738085706659034,512,"We get it. Your hands are big, the rug is big, just take of the Make America Great hat so we can get started."
212,1,1,5,7,1.4285714285714286,0.29738085706659034,512,We don't practice the couch potato position here.
212,0,3,4,7,1.4285714285714286,0.2020305089104421,512,That was an excellent 'Sup Dog.'
212,1,1,5,7,1.4285714285714286,0.29738085706659034,512,You're absolutely certain this mat was grass-fed?
212,0,3,4,7,1.4285714285714286,0.2020305089104421,512,Your first yoga class?
212,1,1,5,7,1.4285714285714286,0.29738085706659034,512,I guess we need more targeted marketing.
212,1,1,5,7,1.4285714285714286,0.29738085706659034,512,I see you've mastered the dickhead pose.
212,0,3,4,7,1.4285714285714286,0.2020305089104421,512,This isn't Antique Roadshow.
212,0,3,4,7,1.4285714285714286,0.2020305089104421,512,"I'm normally pretty flexible, but I just can't bend on this."
212,1,1,5,7,1.4285714285714286,0.29738085706659034,512,"I've never heard of the ""hibernating bear"" position."
212,1,1,5,7,1.4285714285714286,0.29738085706659034,512,Am. I. Speaking. Slowly. Enough. For. You?
212,1,1,5,7,1.4285714285714286,0.29738085706659034,512,"Well, at least you'll feel the burn."
212,0,3,4,7,1.4285714285714286,0.2020305089104421,512,"You're welcome to use that rug, but I'll have to charge you for two people."
212,1,1,5,7,1.4285714285714286,0.29738085706659034,512,The difference is your Chakras know the difference. That's the difference.
212,0,3,4,7,1.4285714285714286,0.2020305089104421,512,You forgot the coffee and end tables
212,0,3,4,7,1.4285714285714286,0.2020305089104421,512,I'm not that flexible.
212,1,1,5,7,1.4285714285714286,0.29738085706659034,512,"Listen Aladdin, this is a yoga class, not a flight school."
212,1,1,5,7,1.4285714285714286,0.29738085706659034,512,"Sorry, Bro Down Yoga is across the street."
212,0,3,4,7,1.4285714285714286,0.2020305089104421,512,I suppose re-purposing IS ecofriendly
212,0,3,4,7,1.4285714285714286,0.2020305089104421,512,Looks like someone took corpse pose too seriously.
212,1,1,5,7,1.4285714285714286,0.29738085706659034,512,"Compensating, are we?"
212,1,1,5,7,1.4285714285714286,0.29738085706659034,512,It's BOW DOWN Yoga - not BEDOIN Yoga!
212,0,3,4,7,1.4285714285714286,0.2020305089104421,512,"If there's a body in there, you have to leave."
212,1,1,5,7,1.4285714285714286,0.29738085706659034,512,We don't accept Groupons.
212,1,1,5,7,1.4285714285714286,0.29738085706659034,512,We're promoting mat diversity.
212,1,1,5,7,1.4285714285714286,0.29738085706659034,512,So you intend to go right from chair pose to your noon prayer?
212,1,1,5,7,1.4285714285714286,0.29738085706659034,512,No manspreading.
212,0,3,4,7,1.4285714285714286,0.2020305089104421,512,"We're here to stretch, Jimmy, not to fly."
212,1,1,5,7,1.4285714285714286,0.29738085706659034,512,You must be our lucky 'free trial' winner.
212,0,3,4,7,1.4285714285714286,0.2020305089104421,512,Persian yoga is Tuesdays and Thursdays.
212,1,1,5,7,1.4285714285714286,0.29738085706659034,512,I'm not sure it's relevant that the rug store was going out of business.
212,0,3,4,7,1.4285714285714286,0.2020305089104421,512,"No, naptime is across the hall."
212,1,1,5,7,1.4285714285714286,0.29738085706659034,512,"Sorry, manspreading isn't allowed here."
212,1,1,5,7,1.4285714285714286,0.29738085706659034,512,Wanda's Magic Carpet Ride is a block farther on the left.
212,1,1,5,7,1.4285714285714286,0.29738085706659034,512,Tell Mr. Trump he can use a regular mat like everyone else.
212,1,1,5,7,1.4285714285714286,0.29738085706659034,512,Just how much personal space do you need?
212,1,1,5,7,1.4285714285714286,0.29738085706659034,512,I'm guessing this is your first day of yoga ?
212,0,3,4,7,1.4285714285714286,0.2020305089104421,512,"Yeah, this did used to be a rug store......."
212,0,3,4,7,1.4285714285714286,0.2020305089104421,512,Namaleave.
212,1,1,5,7,1.4285714285714286,0.29738085706659034,512,"You know you're paying for an extra slot, right?"
212,1,1,5,7,1.4285714285714286,0.29738085706659034,512,"It's a no-fly zone, Alladin."
212,1,1,5,7,1.4285714285714286,0.29738085706659034,512,"This is Ashram Yoga, not afghan Yoga"
212,1,1,5,7,1.4285714285714286,0.29738085706659034,512,Magic carpet riding lessons are Thursday evenings at 8:00.
212,0,3,4,7,1.4285714285714286,0.2020305089104421,512,I just feel I need my own space for a while.
212,1,1,5,7,1.4285714285714286,0.29738085706659034,512,"No, we can't teach your magic carpet to fly."
212,1,1,5,7,1.4285714285714286,0.29738085706659034,512,I don’t care if disallowing an Indian rug is antithetical.
212,0,3,4,7,1.4285714285714286,0.2020305089104421,512,"Unless that's magic, it's not gonna fly here."
212,1,1,5,7,1.4285714285714286,0.29738085706659034,512,What? Are you pimping your ride?
212,1,1,5,7,1.4285714285714286,0.29738085706659034,512,This is hot yoga. The rug burn is tomorrow.
212,0,3,4,7,1.4285714285714286,0.2020305089104421,512,I am impressed. You rolled your own.
212,1,1,5,7,1.4285714285714286,0.29738085706659034,512,"""Naps and snacks are not permitted'"
212,0,3,4,7,1.4285714285714286,0.2020305089104421,512,"This is your first time, isn't it?"
212,0,3,4,7,1.4285714285714286,0.2020305089104421,512,It's not the rug that concerns me.
212,1,1,5,7,1.4285714285714286,0.29738085706659034,512,Normally I'd bend over backwards...
212,1,1,5,7,1.4285714285714286,0.29738085706659034,512,We're not as flexible as you might think.
212,0,3,4,7,1.4285714285714286,0.2020305089104421,512,"This just means for our fishing trip next week, I get to bring whatever I want."
212,1,1,5,7,1.4285714285714286,0.29738085706659034,512,That won't fly in here.
212,1,1,5,7,1.4285714285714286,0.29738085706659034,512,"Fine, just don't get a rug burn"
212,1,1,5,7,1.4285714285714286,0.29738085706659034,512,"Sorry, but our yoga class for furniture movers is next week."
212,1,1,5,7,1.4285714285714286,0.29738085706659034,512,"Yes, we are all in this together, but you do realize it's $1,468 per square foot don't you?"
212,1,1,5,7,1.4285714285714286,0.29738085706659034,512,My problem? Let's start with your hat.
212,1,1,5,7,1.4285714285714286,0.29738085706659034,512,The spirit within me can't believe the spirit within you is here.
212,0,3,4,7,1.4285714285714286,0.2020305089104421,512,"I love that you're protesting the commercialization of yoga culture, Jeremy."
212,1,1,5,7,1.4285714285714286,0.29738085706659034,512,Yo. Go.
212,0,3,4,7,1.4285714285714286,0.2020305089104421,512,"No, we can't be flexible about this."
212,0,3,4,7,1.4285714285714286,0.2020305089104421,512,I see you're angry with establishment yoga.
212,1,1,5,7,1.4285714285714286,0.29738085706659034,512,Have you seen the instructor?
212,1,1,5,7,1.4285714285714286,0.29738085706659034,512,Please find your breath elsewhere.
212,1,1,5,7,1.4285714285714286,0.29738085706659034,512,Don't Judge a Yogi By Their Mat
212,0,3,4,7,1.4285714285714286,0.2020305089104421,512,Sorry. The flying carpet yoga class doesn’t start until next week.
212,1,1,5,7,1.4285714285714286,0.29738085706659034,512,Maybe you'd be happier at Cousin Eddie's Yoga Barn.
212,1,1,5,7,1.4285714285714286,0.29738085706659034,512,We don't do man's spread here.
212,0,3,4,7,1.4285714285714286,0.2020305089104421,512,"It's yoga, yog-a, not yog-i."
212,0,3,4,7,1.4285714285714286,0.2020305089104421,512,Well it's better than Mr. Drew's bear skin.
212,1,1,5,7,1.4285714285714286,0.29738085706659034,512,Enlightenment happens AFTER conforming to social norms.
383,1,2,7,10,1.4,0.22110831935702663,512,"Your passive-aggressive schtick is wearing thin. Please go home and make dinner for the kids, okay?"
383,1,0,4,5,1.4,0.39999999999999997,512,Yoga-tta be kidding me.
383,1,0,4,5,1.4,0.39999999999999997,512,What cha got there? Gonna take a magic carpet ride?
383,1,0,4,5,1.4,0.39999999999999997,512,"No, the Persian class was this morning."
383,0,2,3,5,1.4,0.24494897427831774,512,You'll have to smoke that outside.
383,1,0,4,5,1.4,0.39999999999999997,512,A larger mat will not help you master yoga any faster.
383,1,0,4,5,1.4,0.39999999999999997,512,"All yoga mats are oriental rugs, but not all oriental rugs are yoga mats."
390,0,5,8,13,1.3846153846153846,0.14044168141158103,512,No carpets allowed. Try fringe yoga down the street.
391,1,1,6,8,1.375,0.26305214040457564,512,"Even if your downward dog is a Persian mastiff, you can't use it."
391,0,3,5,8,1.375,0.18298126367784998,512,Let me guess--first time doing yoga?
391,1,1,6,8,1.375,0.26305214040457564,512,"Please take your ""special rug"" and move your asanas out of here."
391,0,3,5,8,1.375,0.18298126367784998,512,Murder victim disposal is next door.
391,0,3,5,8,1.375,0.18298126367784998,512,We are not interested in making yoga great again.
391,1,1,6,8,1.375,0.26305214040457564,512,And I say you can't nama-'stay'.
391,0,3,5,8,1.375,0.18298126367784998,512,The first thing you have to learn is that less is more.
391,0,3,5,8,1.375,0.18298126367784998,512,"Let's try to keep that mantra below stadium-noise level today, Chad."
391,1,1,6,8,1.375,0.26305214040457564,512,"Actually, the rug is cool, but the socks gave to go."
391,0,3,5,8,1.375,0.18298126367784998,512,They stopped offering casual Fridays months ago.
391,0,3,5,8,1.375,0.18298126367784998,512,Thanks for leaving the beer keg outside.
391,1,1,6,8,1.375,0.26305214040457564,512,Please don't bring it again. It smells like one too many downward dogs.
391,1,1,6,8,1.375,0.26305214040457564,512,Where do you want me to put President Trump's yoga mat?
391,0,3,5,8,1.375,0.18298126367784998,512,First time? I can always spot the unbalanced.
405,1,2,8,11,1.3636363636363635,0.20327890704543547,512,It was given to me by a Yoga Genie
406,1,0,5,6,1.3333333333333333,0.33333333333333337,512,I was here first!
406,0,2,4,6,1.3333333333333333,0.210818510677892,512,"The studio does not allow astro-turf, you need a yoga mat."
406,1,0,5,6,1.3333333333333333,0.33333333333333337,512,"Unfortunately, nobody here goes by Jasmine!"
406,0,2,4,6,1.3333333333333333,0.210818510677892,512,I see you are keeping it old school with the handwoven yoga mat
406,0,2,4,6,1.3333333333333333,0.210818510677892,512,OK. You've made your point. I never should have forced you to come to yoga class.
406,1,0,5,6,1.3333333333333333,0.33333333333333337,512,"For the last time, sir...there is no way you can do yoga in those shorts."
406,0,2,4,6,1.3333333333333333,0.210818510677892,512,"Assume the turn-around-and-get-the-hell-out-of-here pose, please."
406,1,0,5,6,1.3333333333333333,0.33333333333333337,512,You're definitely going to feel the burn.
406,0,2,4,6,1.3333333333333333,0.210818510677892,512,But that rug really tied the room together.
406,0,2,4,6,1.3333333333333333,0.210818510677892,512,"Sir, your wife wasn't finished meditating."
406,1,0,5,6,1.3333333333333333,0.33333333333333337,512,Sorry. Today is Low Lunge. Plow Pose is next week.
406,0,2,4,6,1.3333333333333333,0.210818510677892,512,I'm new too. Not as new as you.
406,1,0,5,6,1.3333333333333333,0.33333333333333337,512,Why must males always have bigger equipment?
406,0,2,4,6,1.3333333333333333,0.210818510677892,512,"No, we do not do sleepovers."
406,1,0,5,6,1.3333333333333333,0.33333333333333337,512,"No, this is about exercise, not obedience."
406,0,2,4,6,1.3333333333333333,0.210818510677892,512,Hmmm. Let me meditate on that one. ...
406,0,2,4,6,1.3333333333333333,0.210818510677892,512,That's what happens when you buy your mat from Craigslist.
406,1,0,5,6,1.3333333333333333,0.33333333333333337,512,"Unless there is a more limber body in there, you can leave."
406,1,0,5,6,1.3333333333333333,0.33333333333333337,512,"I'm just saying, there may be an issue with finding your inner balance."
406,0,2,4,6,1.3333333333333333,0.210818510677892,512,It can't make your team win. But you will care less if they lose.
406,0,2,4,6,1.3333333333333333,0.210818510677892,512,"No, just hot yoga. Try 31st between Park and Lex for Persian."
406,0,2,4,6,1.3333333333333333,0.210818510677892,512,"This is for exercise, not prayer."
406,0,2,4,6,1.3333333333333333,0.210818510677892,512,"So first we breath slowly. And we are mindful. Then, we talk about your mat."
406,0,2,4,6,1.3333333333333333,0.210818510677892,512,"No, dude, I don't think it ties this room together at all."
406,1,0,5,6,1.3333333333333333,0.33333333333333337,512,Please understand there will be a $25 excess baggage fee.
406,0,2,4,6,1.3333333333333333,0.210818510677892,512,I don't want to practice my downward dog pose next to a rug that smells like dog.
406,1,0,5,6,1.3333333333333333,0.33333333333333337,512,Fine . . . but when we go to the ballgame I get to take your recliner
406,1,0,5,6,1.3333333333333333,0.33333333333333337,512,Shoes not allowed.
406,1,0,5,6,1.3333333333333333,0.33333333333333337,512,"Henry, I never doubted that your's is bigger than mine."
406,1,0,5,6,1.3333333333333333,0.33333333333333337,512,Namaste Lance. You are the first Texan to try our Groupon.
406,0,2,4,6,1.3333333333333333,0.210818510677892,512,"This is ""Bow Down Yoga"". The ""Moving Man Yoga"" is next door"
406,1,0,5,6,1.3333333333333333,0.33333333333333337,512,"A magic mat, you say? Can I use it to get fit without exerting myself?"
406,1,0,5,6,1.3333333333333333,0.33333333333333337,512,"Ixnay on the rug, ixnay on the Twister mat rolled up inside."
406,0,2,4,6,1.3333333333333333,0.210818510677892,512,Size does matter
406,0,2,4,6,1.3333333333333333,0.210818510677892,512,Carpet and mat are not synonyms.
406,0,2,4,6,1.3333333333333333,0.210818510677892,512,Thanks but it goes at the front door.
406,1,0,5,6,1.3333333333333333,0.33333333333333337,512,You will never reach Nirvana with that thing.
406,0,2,4,6,1.3333333333333333,0.210818510677892,512,"You know we have loaner mats, right?"
406,1,0,5,6,1.3333333333333333,0.33333333333333337,512,Your third eye must be pretty farsighted.
406,0,2,4,6,1.3333333333333333,0.210818510677892,512,"Do you even yoga, bro?"
406,1,0,5,6,1.3333333333333333,0.33333333333333337,512,I don't feel I'm ready to start a family.
406,0,2,4,6,1.3333333333333333,0.210818510677892,512,"You misunderstood, I asked for a hug!"
406,0,2,4,6,1.3333333333333333,0.210818510677892,512,"This is kundalini, Persian yoga is down the street."
406,1,0,5,6,1.3333333333333333,0.33333333333333337,512,Namaste Dammit
406,1,0,5,6,1.3333333333333333,0.33333333333333337,512,"I liked you better when you carried a blanket, Linus."
406,0,2,4,6,1.3333333333333333,0.210818510677892,512,Carpetbagger Yoga is across the street.
406,1,0,5,6,1.3333333333333333,0.33333333333333337,512,"Pardon me, but if you don't have a more traditional yoga mat, get your asana out of here."
406,0,2,4,6,1.3333333333333333,0.210818510677892,512,"In yoga, unlike politics, size doesn't matter."
406,0,3,6,9,1.3333333333333333,0.16666666666666666,512,This is beginning yoga. We don't have a pathetically clueless yoga class.
406,1,0,5,6,1.3333333333333333,0.33333333333333337,512,Om my God.
406,1,0,5,6,1.3333333333333333,0.33333333333333337,512,"Sorry, but at this studio we consider 'throw-ga' to be a radical fringe movement."
406,1,0,5,6,1.3333333333333333,0.33333333333333337,512,"I don't care that Mr. Trump can only use a ""Persian"", we don't allow those anymore' We've sent all our ""0rientals "" back to their original countries."
406,0,2,4,6,1.3333333333333333,0.210818510677892,512,"It's nice that you're finally making an effort to share my interests, Mike, but maybe you should start with something else."
406,0,2,4,6,1.3333333333333333,0.210818510677892,512,The mat is fine. It's your socks.
406,0,2,4,6,1.3333333333333333,0.210818510677892,512,"It's not the length, it's the girth."
406,1,0,5,6,1.3333333333333333,0.33333333333333337,512,There's a strict 'No tube sock' policy here at Bow Down Yoga. Now clear out of my spot!
406,1,0,5,6,1.3333333333333333,0.33333333333333337,512,"Your mat is simply too large. Please stop calling me ""inflexible""."
406,0,2,4,6,1.3333333333333333,0.210818510677892,512,You're about to learn the 'upward salute' stance.
406,0,2,4,6,1.3333333333333333,0.210818510677892,512,"It's lovely, but we'll have to charge you for two spaces."
406,0,2,4,6,1.3333333333333333,0.210818510677892,512,Beginning Yoga starts next week.
406,0,2,4,6,1.3333333333333333,0.210818510677892,512,We only take plastic.
406,0,2,4,6,1.3333333333333333,0.210818510677892,512,You needn't compensate here.
406,1,0,5,6,1.3333333333333333,0.33333333333333337,512,Put her back.
406,0,2,4,6,1.3333333333333333,0.210818510677892,512,Did you want restorative or remedial?
406,0,2,4,6,1.3333333333333333,0.210818510677892,512,The carpet we can handle. But your outfit... uber non-spiritual.
406,1,0,5,6,1.3333333333333333,0.33333333333333337,512,"I don't know... just throw her skinny ass in the East River, or a dumpster. Do I have to do EVERYTHING around here?"
406,0,2,4,6,1.3333333333333333,0.210818510677892,512,"Take a deep breath, then tell me what on earth you were thinking."
406,0,2,4,6,1.3333333333333333,0.210818510677892,512,Flying carpet class is upstairs
406,0,2,4,6,1.3333333333333333,0.210818510677892,512,Let me guess. Your downward dog is a Great Dane.
406,1,0,5,6,1.3333333333333333,0.33333333333333337,512,Snug as a Bug Yoga is two doors down.
406,0,2,4,6,1.3333333333333333,0.210818510677892,512,You say you're an intermediate to advanced level??
406,1,0,5,6,1.3333333333333333,0.33333333333333337,512,"It's not the mat,it's your socks."
406,1,0,5,6,1.3333333333333333,0.33333333333333337,512,Are you overcompensating for something?
406,1,0,5,6,1.3333333333333333,0.33333333333333337,512,"I don't care if you were snug as a bug in a rug, no one snores in my class!"
406,1,0,5,6,1.3333333333333333,0.33333333333333337,512,Overcompensating.
406,0,2,4,6,1.3333333333333333,0.210818510677892,512,"If someone dies during class, your job is to dispose of the body."
406,0,2,4,6,1.3333333333333333,0.210818510677892,512,Well it smells like a dog crouched on it.
406,0,2,4,6,1.3333333333333333,0.210818510677892,512,2 words: Rug Burn.
406,0,2,4,6,1.3333333333333333,0.210818510677892,512,"Sorry, the experimental tantra yoga studio is the next building over."
406,0,2,4,6,1.3333333333333333,0.210818510677892,512,"Since this is your first time, we'll be flexible."
406,0,2,4,6,1.3333333333333333,0.210818510677892,512,"I don't have an ""Aladdin"" on the class roster."
406,0,2,4,6,1.3333333333333333,0.210818510677892,512,Yogi's gym is down the street.
406,0,2,4,6,1.3333333333333333,0.210818510677892,512,I would have to disagree. There is no such thing as a yoga area rug.
406,1,0,5,6,1.3333333333333333,0.33333333333333337,512,Share your pad? I'm touched.
406,1,0,5,6,1.3333333333333333,0.33333333333333337,512,Sorry. The do yoga Downton-Abbey-style is on Thursdays.
406,1,0,5,6,1.3333333333333333,0.33333333333333337,512,Yours always has to be bigger doesn't it?
406,0,2,4,6,1.3333333333333333,0.210818510677892,512,Nah! Musty
406,0,2,4,6,1.3333333333333333,0.210818510677892,512,At least you made an effort this time.
406,0,2,4,6,1.3333333333333333,0.210818510677892,512,I need my space
406,0,2,4,6,1.3333333333333333,0.210818510677892,512,Our ancient practice requires a polypropylene mat.
406,0,2,4,6,1.3333333333333333,0.210818510677892,512,Nobody needs their carpet laid.
406,1,0,5,6,1.3333333333333333,0.33333333333333337,512,No carpetbaggers allowed.
406,0,2,4,6,1.3333333333333333,0.210818510677892,512,"Bow down refers to yoga positions, not to you."
406,1,0,5,6,1.3333333333333333,0.33333333333333337,512,Other non-recommended props include two cinder blocks and a jockstrap.
406,1,0,5,6,1.3333333333333333,0.33333333333333337,512,How typically male! Territorial!
406,0,2,4,6,1.3333333333333333,0.210818510677892,512,I'm sorry. The flying carpet class is on Wednesdays.
406,0,2,4,6,1.3333333333333333,0.210818510677892,512,Cut the rug. Dude.
406,0,2,4,6,1.3333333333333333,0.210818510677892,512,What do you mean your downward dog isn't housebroken?
406,0,2,4,6,1.3333333333333333,0.210818510677892,512,"I said bring a mat to help ""contemplate"" not ""compensate!"""
406,0,2,4,6,1.3333333333333333,0.210818510677892,512,That's a bazaar yoga mat.
406,0,2,4,6,1.3333333333333333,0.210818510677892,512,"Because our people come from Lilliput, son."
406,0,2,4,6,1.3333333333333333,0.210818510677892,512,You're lucky I'm flexible.
406,1,0,5,6,1.3333333333333333,0.33333333333333337,512,OK already. So size does matter.
406,0,2,4,6,1.3333333333333333,0.210818510677892,512,Fair trade?
406,1,0,5,6,1.3333333333333333,0.33333333333333337,512,Your first pose will be the Dead Man's Stretch.
406,0,2,4,6,1.3333333333333333,0.210818510677892,512,You don't get that much space.
406,0,2,4,6,1.3333333333333333,0.210818510677892,512,Flying class is at 6:30
406,0,2,4,6,1.3333333333333333,0.210818510677892,512,NASCAR yoga is next door.
406,1,0,5,6,1.3333333333333333,0.33333333333333337,512,"No Charles, I definitely said lululemon -- not Home Depot."
406,0,2,4,6,1.3333333333333333,0.210818510677892,512,I thought we agreed I'd get the rug.
406,1,0,5,6,1.3333333333333333,0.33333333333333337,512,Spinning is next door.
406,0,2,4,6,1.3333333333333333,0.210818510677892,512,Downward dog is not the same as downward mobility.
406,0,2,4,6,1.3333333333333333,0.210818510677892,512,Costco will always try to sell you more than you need!
406,0,2,4,6,1.3333333333333333,0.210818510677892,512,Is there a body in there?
406,0,2,4,6,1.3333333333333333,0.210818510677892,512,"Yo, broheim - bro-ga is next door."
406,0,2,4,6,1.3333333333333333,0.210818510677892,512,"For greater harmony and unity, we require a matte blue mat."
406,0,2,4,6,1.3333333333333333,0.210818510677892,512,We're feeling some conflict between our spartan mats and your Persian carpet.
406,1,0,5,6,1.3333333333333333,0.33333333333333337,512,"Your ""feng shui"" is blocking my energy flow!"
406,0,2,4,6,1.3333333333333333,0.210818510677892,512,That goes by the door
406,0,2,4,6,1.3333333333333333,0.210818510677892,512,We're not giving flying lessons.
406,1,0,5,6,1.3333333333333333,0.33333333333333337,512,"I don't care if it's got Cleopatra in it, you have to use ours."
406,0,2,4,6,1.3333333333333333,0.210818510677892,512,I think you're looking for Yogi Berra Yoga down the block.
406,0,2,4,6,1.3333333333333333,0.210818510677892,512,I thought manspreading was bad enough on the subway!
406,0,2,4,6,1.3333333333333333,0.210818510677892,512,Please take your rug and beat it!
406,0,2,4,6,1.3333333333333333,0.210818510677892,512,Persian yoga is at 9.
406,1,0,5,6,1.3333333333333333,0.33333333333333337,512,We don't allow performance enhancing rugs.
406,0,2,4,6,1.3333333333333333,0.210818510677892,512,Carpet diem?
406,1,0,5,6,1.3333333333333333,0.33333333333333337,512,"Broga? Yes, we embrace that in the basement."
406,0,2,4,6,1.3333333333333333,0.210818510677892,512,"Okay, you win. We can go back to doing less things together."
406,0,1,2,3,1.3333333333333333,0.408248290463863,512,The man-cave workout offers free cable and complimentary bags of Doritos.
406,0,2,4,6,1.3333333333333333,0.210818510677892,512,You're such a Darwinian.
406,0,2,4,6,1.3333333333333333,0.210818510677892,512,Is that the rug from the studio lobby?
406,1,0,5,6,1.3333333333333333,0.33333333333333337,512,In your case 80% of success is NOT showing up.
406,0,2,4,6,1.3333333333333333,0.210818510677892,512,"Oh, one piece of advice- in here, the smaller the rug the greater the prestige"
406,1,0,5,6,1.3333333333333333,0.33333333333333337,512,Just lunge your way over to the yoga temple at the truck stop.
406,0,2,4,6,1.3333333333333333,0.210818510677892,512,Yoga hasn't changed. You have.
406,0,2,4,6,1.3333333333333333,0.210818510677892,512,"Yes, Dick, bringing a 5' x 8' carpet to yoga class is a form of manspreading."
406,1,0,5,6,1.3333333333333333,0.33333333333333337,512,I told you not to wear socks
406,1,0,5,6,1.3333333333333333,0.33333333333333337,512,"Sorry, but yoga class is about conformity if nothing else."
406,0,2,4,6,1.3333333333333333,0.210818510677892,512,Great first step. Now breathe.
406,0,2,4,6,1.3333333333333333,0.210818510677892,512,"No, I don't believe a magic rug will make the poses easier."
406,1,0,5,6,1.3333333333333333,0.33333333333333337,512,"So, I take you're new to yoga?"
406,0,2,4,6,1.3333333333333333,0.210818510677892,512,Maybe EAST 23rd?
406,1,0,5,6,1.3333333333333333,0.33333333333333337,512,We're Reform Yoga here. You want the Orthodox place across the street.
406,1,0,5,6,1.3333333333333333,0.33333333333333337,512,We just do yoga here. The genie has moved his flying carpet classes to the cloud.
406,0,2,4,6,1.3333333333333333,0.210818510677892,512,You're new.
406,1,0,5,6,1.3333333333333333,0.33333333333333337,512,"Governor Christie's Mat Must Face Trump Tower, Not NJ!"
406,1,0,5,6,1.3333333333333333,0.33333333333333337,512,"Get serious, Ali Baba."
406,0,2,4,6,1.3333333333333333,0.210818510677892,512,"You're here to ogle women, aren't you?"
406,0,2,4,6,1.3333333333333333,0.210818510677892,512,Thank you for leaving your couch and TV home this time.
406,0,2,4,6,1.3333333333333333,0.210818510677892,512,"Actually, the bro-ga studio is next door."
406,0,2,4,6,1.3333333333333333,0.210818510677892,512,Did your wife make you come ?
406,1,0,5,6,1.3333333333333333,0.33333333333333337,512,How many times do I have to tell you Joe? Size really doesn't matter.
406,0,2,4,6,1.3333333333333333,0.210818510677892,512,Already I'm thinking this class might not be right for you.
406,1,0,5,6,1.3333333333333333,0.33333333333333337,512,Your yoga mat really ties the room together.
406,0,2,4,6,1.3333333333333333,0.210818510677892,512,We don't do casual Fridays.
406,0,2,4,6,1.3333333333333333,0.210818510677892,512,As long as it doesn't start to fly during class...
406,1,0,5,6,1.3333333333333333,0.33333333333333337,512,"An ""oriental"" rug? Sir, a yoga studio is no place for cultural appropriation."
406,1,0,5,6,1.3333333333333333,0.33333333333333337,512,I need it cleaned and back for my 2:40 to LA.
406,1,0,5,6,1.3333333333333333,0.33333333333333337,512,"Actually, I can shove my head there"
406,0,2,4,6,1.3333333333333333,0.210818510677892,512,I don't care how big Trump's yoga mat is - I still say he has small hands.
406,0,2,4,6,1.3333333333333333,0.210818510677892,512,We don't care how you do it in South Dakota.
406,0,2,4,6,1.3333333333333333,0.210818510677892,512,"OK, I get it it, you don't want to take couple's yoga."
406,0,2,4,6,1.3333333333333333,0.210818510677892,512,"Sorry, that mat won't fly here."
406,0,2,4,6,1.3333333333333333,0.210818510677892,512,"""Downward dog"" isn't what you think it is."
406,0,2,4,6,1.3333333333333333,0.210818510677892,512,Bro-ga is tomorrow.
406,0,2,4,6,1.3333333333333333,0.210818510677892,512,"I said the ""practice"" was oriental."
406,1,0,5,6,1.3333333333333333,0.33333333333333337,512,Full-Contact Yoga is next door.
406,1,0,5,6,1.3333333333333333,0.33333333333333337,512,You'll have to pay for 2 spots.
406,0,2,4,6,1.3333333333333333,0.210818510677892,512,"Next class, please don't fly around the room so much."
406,0,2,4,6,1.3333333333333333,0.210818510677892,512,You'll never achieve enlightenment with those socks and shoes.
406,0,2,4,6,1.3333333333333333,0.210818510677892,512,"I wanted ruggedly handsome, not handsomely rugged."
406,0,2,4,6,1.3333333333333333,0.210818510677892,512,First yoga date?
406,0,2,4,6,1.3333333333333333,0.210818510677892,512,I’m afraid I have to call you on the carpet.
406,1,0,5,6,1.3333333333333333,0.33333333333333337,512,Most expensive mat is not a part of our program.
406,0,2,4,6,1.3333333333333333,0.210818510677892,512,Good flight?
406,0,2,4,6,1.3333333333333333,0.210818510677892,512,". . . and then after your first free session, if you want to sign up, we'll require some form of enlightenment."
406,0,2,4,6,1.3333333333333333,0.210818510677892,512,No hats allowed until October.
406,0,2,4,6,1.3333333333333333,0.210818510677892,512,Let me explain how many different ways you're not going to meet any girls here.
406,1,0,5,6,1.3333333333333333,0.33333333333333337,512,The yogic flying class took off 30 minutes ago.
406,0,2,4,6,1.3333333333333333,0.210818510677892,512,This is the last time you sneak in your yoga buddy.
406,0,2,4,6,1.3333333333333333,0.210818510677892,512,Breathe deeply before you respond.
406,1,0,5,6,1.3333333333333333,0.33333333333333337,512,"No rug, and no throne either."
406,0,2,4,6,1.3333333333333333,0.210818510677892,512,"""Too bad about the size of your penis""."
406,0,2,4,6,1.3333333333333333,0.210818510677892,512,So when you unfurl it's emblazoned with a big Chicago Cubs logo?
406,0,2,4,6,1.3333333333333333,0.210818510677892,512,That's so uncool; and besides your ex left 15 minutes ago.
406,1,0,5,6,1.3333333333333333,0.33333333333333337,512,"No, I will NOT come home to vacuum."
406,0,2,4,6,1.3333333333333333,0.210818510677892,512,Excellent mountain pose. Now make like a tree.
406,0,2,4,6,1.3333333333333333,0.210818510677892,512,When will you learn that size doesn't matter?!
406,0,2,4,6,1.3333333333333333,0.210818510677892,512,"You may have a rug, but you don't have a prayer."
406,0,2,4,6,1.3333333333333333,0.210818510677892,512,"No, I don't want to go on a magic carpet ride."
406,0,2,4,6,1.3333333333333333,0.210818510677892,512,This is Hatha. You want Berra.
406,0,2,4,6,1.3333333333333333,0.210818510677892,512,"Just because it's from India, that doesn't make it a yoga mat."
406,0,2,4,6,1.3333333333333333,0.210818510677892,512,"Wash it in cold, then dry it on high."
406,0,2,4,6,1.3333333333333333,0.210818510677892,512,Trump Yoga is across the street.
406,0,2,4,6,1.3333333333333333,0.210818510677892,512,This is Bikram. Persian is next door.
406,0,2,4,6,1.3333333333333333,0.210818510677892,512,"Yes, matspreading is a thing."
406,0,2,4,6,1.3333333333333333,0.210818510677892,512,How inadequate is inadequate enough?
406,0,2,4,6,1.3333333333333333,0.210818510677892,512,It's not enough that I have to deal with the hat.
406,0,2,4,6,1.3333333333333333,0.210818510677892,512,Magic carpet ride? Nice try.
406,0,2,4,6,1.3333333333333333,0.210818510677892,512,Man-spreading is at 11:30.
406,0,2,4,6,1.3333333333333333,0.210818510677892,512,"I'm sorry, you may not nameste."
406,0,2,4,6,1.3333333333333333,0.210818510677892,512,"MAT, Mr. Donaldson, mat!"
406,0,2,4,6,1.3333333333333333,0.210818510677892,512,No shoes and hats sir.
406,1,0,5,6,1.3333333333333333,0.33333333333333337,512,Yoga for yokels is on the third floor.
406,1,0,5,6,1.3333333333333333,0.33333333333333337,512,You're early. Flying Carpet yoga starts tomorrow.
406,1,0,5,6,1.3333333333333333,0.33333333333333337,512,Home Depot is next door.
406,1,0,5,6,1.3333333333333333,0.33333333333333337,512,'Abdullah's is one floor up.'
406,0,2,4,6,1.3333333333333333,0.210818510677892,512,You must be looking for the beginner's class down the hall
406,0,2,4,6,1.3333333333333333,0.210818510677892,512,Sorry but the Magic Carpet Dream Studio is two flights up.
406,0,2,4,6,1.3333333333333333,0.210818510677892,512,The oriental class begins at 3 o'clock.
406,0,2,4,6,1.3333333333333333,0.210818510677892,512,"Up, up and away is not your Mantra!"
406,0,2,4,6,1.3333333333333333,0.210818510677892,512,"Sir, you'll have to remove your footwear."
406,1,0,5,6,1.3333333333333333,0.33333333333333337,512,"I don't care if your name is 'Big Matt,' your Chakra today is 'scram.'"
406,1,0,5,6,1.3333333333333333,0.33333333333333337,512,"OK Jack, forget everything I said about size."
406,0,2,4,6,1.3333333333333333,0.210818510677892,512,"We're open to everyone, except you."
406,0,2,4,6,1.3333333333333333,0.210818510677892,512,I’m not familiar with Bubba’s House of Yoga but I think you’ll find we do things a little differently here.
406,0,2,4,6,1.3333333333333333,0.210818510677892,512,"I'm sorry, your gift certificate declined."
406,0,2,4,6,1.3333333333333333,0.210818510677892,512,"No, Hell-Yeah Yoga is on EAST 37th St."
406,1,0,5,6,1.3333333333333333,0.33333333333333337,512,We don't welcome Republicans.
406,1,0,5,6,1.3333333333333333,0.33333333333333337,512,"No, I'm sorry sir, but I can show you a position called ""downward facing dork""."
406,0,2,4,6,1.3333333333333333,0.210818510677892,512,Military yoga is down the hall.
406,0,2,4,6,1.3333333333333333,0.210818510677892,512,"That's remarkable, Harold, but we actually don't do any flying in this beginners' class."
406,1,0,5,6,1.3333333333333333,0.33333333333333337,512,"We're full today, our next class is never."
406,1,0,5,6,1.3333333333333333,0.33333333333333337,512,You must be here for Aladdin.
406,0,2,4,6,1.3333333333333333,0.210818510677892,512,Let's start with the cap and work our way down.
406,0,2,4,6,1.3333333333333333,0.210818510677892,512,The rug is ok but the couch stays outside
406,0,2,4,6,1.3333333333333333,0.210818510677892,512,"And no, I don’t think we need to tie the room together."
406,0,2,4,6,1.3333333333333333,0.210818510677892,512,Why do guys always have to have the biggest?
406,1,0,5,6,1.3333333333333333,0.33333333333333337,512,"""Nice - but you know, not everything has to be about size all the time'..."
406,1,0,5,6,1.3333333333333333,0.33333333333333337,512,Heck of a doobie Mr. Anderson.
406,0,2,4,6,1.3333333333333333,0.210818510677892,512,"Size does matter! Sure, I''l share your mat."
406,0,2,4,6,1.3333333333333333,0.210818510677892,512,"Sure, yours is bigger than mine. Now, let's see you do a Pungu Mayurasana!"
406,1,0,5,6,1.3333333333333333,0.33333333333333337,512,"Nope. It's not the same thing, at all."
406,1,0,5,6,1.3333333333333333,0.33333333333333337,512,No Manspreading Here!
406,0,2,4,6,1.3333333333333333,0.210818510677892,512,"We do yoga, we don't do perceptions of yoga."
406,0,2,4,6,1.3333333333333333,0.210818510677892,512,We don't tolerate baseball caps.
406,0,2,4,6,1.3333333333333333,0.210818510677892,512,"I don't care if you're the Prince of Persia, you can't wear shoes in here."
406,1,0,5,6,1.3333333333333333,0.33333333333333337,512,"I'm sorry, but this is a rug-free zone."
406,1,0,5,6,1.3333333333333333,0.33333333333333337,512,"Sorry sir, but we only allow 18 square feet of Karma per person."
406,0,2,4,6,1.3333333333333333,0.210818510677892,512,I think that you're looking for Yogi Berra.
406,0,2,4,6,1.3333333333333333,0.210818510677892,512,You're gonna need a smaller mat.
406,1,0,5,6,1.3333333333333333,0.33333333333333337,512,A flying carpet will not help you achieve eagle pose.
406,1,0,5,6,1.3333333333333333,0.33333333333333337,512,It isn't the rug or the clothes. It's the trash-talk.
406,0,2,4,6,1.3333333333333333,0.210818510677892,512,I don't care if it makes you feel more at Om.
406,0,2,4,6,1.3333333333333333,0.210818510677892,512,"""Magic Carpet Yoga"" is across the street"
406,1,0,5,6,1.3333333333333333,0.33333333333333337,512,You say 'authentic'; I say 'hygiene'.
406,0,2,4,6,1.3333333333333333,0.210818510677892,512,"No, Imma Stay is not our greeting."
406,1,0,5,6,1.3333333333333333,0.33333333333333337,512,"The victim's blood evidently was not ""O"" Positive, so we can't accept the donation!"
406,0,2,4,6,1.3333333333333333,0.210818510677892,512,Extreme Yoga is up the street.
406,0,2,4,6,1.3333333333333333,0.210818510677892,512,"I'm sorry, they only use this space as a flea market on Sundays"
406,0,2,4,6,1.3333333333333333,0.210818510677892,512,Antiques Roadshow is Thursday.
406,0,2,4,6,1.3333333333333333,0.210818510677892,512,I didn't say it had to be YUUUGE.
406,0,2,4,6,1.3333333333333333,0.210818510677892,512,I'm not allowed to tell you where to put it.
406,0,2,4,6,1.3333333333333333,0.210818510677892,512,We don't do that kind of stretching.
406,1,0,5,6,1.3333333333333333,0.33333333333333337,512,"Sorry, Oriental Yoga is two doors down."
406,1,0,5,6,1.3333333333333333,0.33333333333333337,512,"Namaste, Millenial."
406,1,0,5,6,1.3333333333333333,0.33333333333333337,512,"You're gonna feel a lot better, but you're not gonna fly."
406,1,0,5,6,1.3333333333333333,0.33333333333333337,512,Only if you can make it fly.
406,0,2,4,6,1.3333333333333333,0.210818510677892,512,That looks like a downward dog pee stain.
406,0,2,4,6,1.3333333333333333,0.210818510677892,512,"No, I would not like to share a mat with you."
406,0,2,4,6,1.3333333333333333,0.210818510677892,512,I don't care if your mat is 'really old skool'...not in my studio.
406,1,0,5,6,1.3333333333333333,0.33333333333333337,512,Mixed metaphors are unwelcome in this space.
406,1,0,5,6,1.3333333333333333,0.33333333333333337,512,My personal space is rather large.
406,0,2,4,6,1.3333333333333333,0.210818510677892,512,Does your mother know you took it?
406,1,0,5,6,1.3333333333333333,0.33333333333333337,512,We tend to be minimalists.
406,0,2,4,6,1.3333333333333333,0.210818510677892,512,Is this some kind of strange nod to Brie Larson?
406,0,2,4,6,1.3333333333333333,0.210818510677892,512,No. I don't want to see the drapes.
406,0,2,4,6,1.3333333333333333,0.210818510677892,512,Your flying really disrupts the class.
406,0,2,4,6,1.3333333333333333,0.210818510677892,512,"Yes, I did say yoga could be magical, but you won't be needing that carpet."
406,1,0,5,6,1.3333333333333333,0.33333333333333337,512,"Mr. Trump's session will be in Studio ""B"""
406,1,0,5,6,1.3333333333333333,0.33333333333333337,512,"Hopefully, this week when you unroll your mat, a body won't tumble out again."
406,0,2,4,6,1.3333333333333333,0.210818510677892,512,This class may not be big enough for the both of us.
406,0,2,4,6,1.3333333333333333,0.210818510677892,512,I said you 'may not stay'—not 'namaste.'
406,1,0,5,6,1.3333333333333333,0.33333333333333337,512,"""We don't give flying lessons here!'"
406,1,0,5,6,1.3333333333333333,0.33333333333333337,512,"We're all so impressed to hear your yoga skills are ""yuge."""
406,1,0,5,6,1.3333333333333333,0.33333333333333337,512,You must be looking for Yo-Yo-Yo-Yoga down the street.
406,0,2,4,6,1.3333333333333333,0.210818510677892,512,I think we need to go over the ground rules.
406,0,2,4,6,1.3333333333333333,0.210818510677892,512,"Sorry, no nap rugs."
406,0,2,4,6,1.3333333333333333,0.210818510677892,512,The 70's shag remnant is safe but the tube socks have to go !
406,0,2,4,6,1.3333333333333333,0.210818510677892,512,"""Artisanal Yoga"" is not a thing."
406,0,2,4,6,1.3333333333333333,0.210818510677892,512,"Thanks, but yoga is really more of a solitary sport."
406,0,2,4,6,1.3333333333333333,0.210818510677892,512,"That's not the usual workout rug, but we're flexible."
406,1,0,5,6,1.3333333333333333,0.33333333333333337,512,I just came back from India.
406,0,2,4,6,1.3333333333333333,0.210818510677892,512,I don't care if there was a carpet store here. You still can't return it.
406,0,2,4,6,1.3333333333333333,0.210818510677892,512,Don't be surprised if I show up at your office with an equally ludicrous unsolicited recommendation.
406,0,2,4,6,1.3333333333333333,0.210818510677892,512,Size doesn't really matter
406,0,2,4,6,1.3333333333333333,0.210818510677892,512,The advanced classes are on Wednesday.
406,0,2,4,6,1.3333333333333333,0.210818510677892,512,"No, we don't keep score."
406,0,2,4,6,1.3333333333333333,0.210818510677892,512,inhale deeply….exhale slowly……leave quietly
406,0,2,4,6,1.3333333333333333,0.210818510677892,512,The Downward Mobility class meets on Tuesdays.
406,0,2,4,6,1.3333333333333333,0.210818510677892,512,We don’t shag here.
406,0,2,4,6,1.3333333333333333,0.210818510677892,512,"Your name is Matt. You’re old school and prefer rugs. Do I have that right, Matt?"
406,1,0,5,6,1.3333333333333333,0.33333333333333337,512,I don't care if your dad is a rug dealer.
406,0,2,4,6,1.3333333333333333,0.210818510677892,512,Put that back in the lobby - then go home.
406,0,2,4,6,1.3333333333333333,0.210818510677892,512,"Who are you calling a ""poser""?!"
406,0,2,4,6,1.3333333333333333,0.210818510677892,512,Does this look like 'Yoga for Bros?'
406,0,2,4,6,1.3333333333333333,0.210818510677892,512,I'm sorry. Oriental yoga got moved to next Tuesday.
406,0,2,4,6,1.3333333333333333,0.210818510677892,512,Just like a guy. You have to have the biggest one.
406,0,2,4,6,1.3333333333333333,0.210818510677892,512,"I'm sorry sir, we do not permit man-spreading at this facility."
406,1,0,5,6,1.3333333333333333,0.33333333333333337,512,First day of retirement?
406,0,2,4,6,1.3333333333333333,0.210818510677892,512,The Dude lives downstairs.
406,0,2,4,6,1.3333333333333333,0.210818510677892,512,Mixed doubles? Good luck with that.
406,0,2,4,6,1.3333333333333333,0.210818510677892,512,"Sir , It's Bow Down not Bedouin Yoga ."
406,1,0,5,6,1.3333333333333333,0.33333333333333337,512,"Yes, that's a classy, elegant, and luxurious mat, Mr. Trump, but it still won't fit."
406,0,2,4,6,1.3333333333333333,0.210818510677892,512,You can't be serious...TUBE SOCKS?
406,0,2,4,6,1.3333333333333333,0.210818510677892,512,Perhaps you could come back when I'm not here.
406,1,0,5,6,1.3333333333333333,0.33333333333333337,512,"Okay, forget everything I said about getting in touch with your inner self."
406,0,2,4,6,1.3333333333333333,0.210818510677892,512,"Well, I'd recommend a smaller mat for next time, and saying""namaste"" instead of ""Let's go, Red Sox!"""
406,1,0,5,6,1.3333333333333333,0.33333333333333337,512,"Clear your mind, not your living room."
406,0,2,4,6,1.3333333333333333,0.210818510677892,512,"Sorry, Extreme Yoga is on Tuesdays"
406,0,2,4,6,1.3333333333333333,0.210818510677892,512,Overcompensating much?
406,1,0,5,6,1.3333333333333333,0.33333333333333337,512,Could you please center it? And yourself?
406,0,2,4,6,1.3333333333333333,0.210818510677892,512,"Well, it's better than last week's sleeping bag."
406,1,0,5,6,1.3333333333333333,0.33333333333333337,512,"Don't even try to say ""Nemaste""."
406,1,0,5,6,1.3333333333333333,0.33333333333333337,512,"No, you do not need an oriental rug for tai chi."
406,0,2,4,6,1.3333333333333333,0.210818510677892,512,Your spot next to the fireplace.
406,1,0,5,6,1.3333333333333333,0.33333333333333337,512,"No, you can't demonstrate the sleepy-time pose."
406,0,2,4,6,1.3333333333333333,0.210818510677892,512,"Will you be meditating or flying today, sir?"
406,0,2,4,6,1.3333333333333333,0.210818510677892,512,"Fly home on your magic carpet, and don't come back without a yoga mat."
406,0,2,4,6,1.3333333333333333,0.210818510677892,512,Have you considered magic carpet flight school?
406,0,2,4,6,1.3333333333333333,0.210818510677892,512,"It's not a competition, Larry."
406,0,2,4,6,1.3333333333333333,0.210818510677892,512,It's not the size of the mat that's important. It's how you use it.
406,0,2,4,6,1.3333333333333333,0.210818510677892,512,Actually we don't have 'Casual Friday' at Bow Down Yoga.
406,0,2,4,6,1.3333333333333333,0.210818510677892,512,You look like a poser. And I don't mean the good kind.
406,1,0,5,6,1.3333333333333333,0.33333333333333337,512,The bro-ga class meets on Tuesdays.
406,0,2,4,6,1.3333333333333333,0.210818510677892,512,The flying carpet studio is next door.
406,0,2,4,6,1.3333333333333333,0.210818510677892,512,"Yes, we can help with lack of humility issues."
734,0,3,7,10,1.3,0.15275252316519472,512,"Make yourself at Om, Bill."
734,1,1,8,10,1.3,0.213437474581095,512,"Excuse me, deliveries are through the rear entrance only."
734,0,3,7,10,1.3,0.15275252316519472,512,"First, I must thank you for leaving the recliner and TV at home this week."
737,0,2,5,7,1.2857142857142858,0.18442777839082938,512,You still have to take off your socks
737,1,0,6,7,1.2857142857142858,0.28571428571428575,512,"For the last time, no. And stop having pizzas delivered during class, too."
737,1,0,6,7,1.2857142857142858,0.28571428571428575,512,"Sorry, hats aren't allowed."
737,0,2,5,7,1.2857142857142858,0.18442777839082938,512,"This isn’t Brooklyn, there are rules."
737,0,2,5,7,1.2857142857142858,0.18442777839082938,512,"It's yoga, not Alladin"
737,0,2,5,7,1.2857142857142858,0.18442777839082938,512,I appreciate that you wove it yourself but it is not the standard size.
737,0,2,5,7,1.2857142857142858,0.18442777839082938,512,Please be more flexible.
737,0,2,5,7,1.2857142857142858,0.18442777839082938,512,"We have one rule here--No fringe"""
737,1,0,6,7,1.2857142857142858,0.28571428571428575,512,Stop trying to sneak her in!
737,1,0,6,7,1.2857142857142858,0.28571428571428575,512,"No, sorry, it's not a whole new world yet."
737,0,2,5,7,1.2857142857142858,0.18442777839082938,512,"I know you're trying, Jeff, but I just don't think you'll find inner peace with that outfit and mat."
737,0,2,5,7,1.2857142857142858,0.18442777839082938,512,Your safe space is intruding on my safe space.
737,0,2,5,7,1.2857142857142858,0.18442777839082938,512,Are you trying to compensate for something?
737,0,2,5,7,1.2857142857142858,0.18442777839082938,512,Don’t be surprised if you get called on the carpet someday.
737,1,0,6,7,1.2857142857142858,0.28571428571428575,512,"Lounge chair, pillows, tv and a fridge are extra."
737,0,2,5,7,1.2857142857142858,0.18442777839082938,512,"And, it's Namaste, not ""have a nice day""."
737,0,2,5,7,1.2857142857142858,0.18442777839082938,512,Planning on staying a while?
737,1,0,6,7,1.2857142857142858,0.28571428571428575,512,Yo - GUH. Not Yo-gi.
737,0,2,5,7,1.2857142857142858,0.18442777839082938,512,Spilling grape juice on your rug does not qualify it as a sticky mat.
737,0,2,5,7,1.2857142857142858,0.18442777839082938,512,Moving in?
737,1,0,6,7,1.2857142857142858,0.28571428571428575,512,Was your mother a large woman?
737,0,2,5,7,1.2857142857142858,0.18442777839082938,512,I told you last week that you couldn't wear your shoes in here!
737,0,2,5,7,1.2857142857142858,0.18442777839082938,512,She held the Kapotasana pose too long. The body's in the small studio.
737,0,2,5,7,1.2857142857142858,0.18442777839082938,512,I'm sure it is Old School but I'm still charging you double.
737,1,0,6,7,1.2857142857142858,0.28571428571428575,512,"I'm sure it is magic, but I still need my own space."
737,1,0,6,7,1.2857142857142858,0.28571428571428575,512,You're looking for Man Cave Yoga next door.
737,1,0,6,7,1.2857142857142858,0.28571428571428575,512,New here?
737,1,0,6,7,1.2857142857142858,0.28571428571428575,512,What so I'm no longer welcome here with my yoga carpet?
737,0,2,5,7,1.2857142857142858,0.18442777839082938,512,"Let me guess, your first time here?"
737,1,0,6,7,1.2857142857142858,0.28571428571428575,512,I hope your downward dog is housebroken?
737,0,2,5,7,1.2857142857142858,0.18442777839082938,512,"You'll learn to surrender your ""body, mind and heart"". And with any luck, the outfit."
737,1,0,6,7,1.2857142857142858,0.28571428571428575,512,It may very well be a vintage hoverboard but it's still banned.
737,1,0,6,7,1.2857142857142858,0.28571428571428575,512,"I said yoga mat, not Yoda mat."
737,0,2,5,7,1.2857142857142858,0.18442777839082938,512,I don't care if its made of all natural fibers.
737,1,0,6,7,1.2857142857142858,0.28571428571428575,512,Your rug is fine.. but the socks...........
737,1,0,6,7,1.2857142857142858,0.28571428571428575,512,The advanced class is downstairs.
737,0,2,5,7,1.2857142857142858,0.18442777839082938,512,"It's about freeing your body, not tying the room together."
737,0,2,5,7,1.2857142857142858,0.18442777839082938,512,"Size doesn't matter, it's how you use it."
737,0,2,5,7,1.2857142857142858,0.18442777839082938,512,"Just find a spot,Aladdin."
737,1,0,6,7,1.2857142857142858,0.28571428571428575,512,This is just like when you brought that pool cue to the batting cages.
737,0,2,5,7,1.2857142857142858,0.18442777839082938,512,"I don't care if you can do the Destroyer of the Universe pose, your mat's still too big."
737,0,2,5,7,1.2857142857142858,0.18442777839082938,512,No snoring this time.
737,1,0,6,7,1.2857142857142858,0.28571428571428575,512,Flying carpet class? One flight up.
737,0,2,5,7,1.2857142857142858,0.18442777839082938,512,This class is 'waiting room only.' Just like your rug.
737,0,2,5,7,1.2857142857142858,0.18442777839082938,512,That looks big enough to hide our instructor's body.
737,0,2,5,7,1.2857142857142858,0.18442777839082938,512,"In yoga, bigger is not always better."
737,1,0,6,7,1.2857142857142858,0.28571428571428575,512,"Not surprisingly, you have established the limit of yoga's capacity to alter one's life force."
737,1,0,6,7,1.2857142857142858,0.28571428571428575,512,Feel free to leave your yoga mat camouflage at the door.
737,0,2,5,7,1.2857142857142858,0.18442777839082938,512,Size does not matter
737,1,0,6,7,1.2857142857142858,0.28571428571428575,512,'Sweat & Fleas Yoga' is down the street. Try there.
737,0,2,5,7,1.2857142857142858,0.18442777839082938,512,"No, I would not like to join you on your magic carpet."
737,0,2,5,7,1.2857142857142858,0.18442777839082938,512,I'm guessing it's your first time...
737,1,0,6,7,1.2857142857142858,0.28571428571428575,512,"No, Arabian Knights yoga is upstairs."
737,1,0,6,7,1.2857142857142858,0.28571428571428575,512,Just make sure your downward facing dog doesn't have an accident.
737,0,2,5,7,1.2857142857142858,0.18442777839082938,512,"Sir, I'm sad to see that the Occupy Yoga movement didn't fully take off, but you need to leave."
737,1,0,6,7,1.2857142857142858,0.28571428571428575,512,"Oh, just keep it. My Ex, Aladdin, left it."
737,1,0,6,7,1.2857142857142858,0.28571428571428575,512,Yo Ga. Not Yo Gi.
737,0,2,5,7,1.2857142857142858,0.18442777839082938,512,You need to be spiritual and grounded while still acting all superior.
737,0,2,5,7,1.2857142857142858,0.18442777839082938,512,"If you want to impress women, next time just do the stretches without grunting"
737,1,0,6,7,1.2857142857142858,0.28571428571428575,512,No..... Aladdin Yoga is NEXT Tuesday.
737,1,0,6,7,1.2857142857142858,0.28571428571428575,512,Let's start with the issue of the potato chips falling off your rung.
737,0,2,5,7,1.2857142857142858,0.18442777839082938,512,Here's your tip; enlightenment comes from within.
737,1,0,6,7,1.2857142857142858,0.28571428571428575,512,I think Mr. Trump's class is across the hall.
737,1,0,6,7,1.2857142857142858,0.28571428571428575,512,And the beer cooler is also not really okay.... Namaste?
737,0,2,5,7,1.2857142857142858,0.18442777839082938,512,That's not what I meant when I said you should explore oriental culture through yoga.
737,1,0,6,7,1.2857142857142858,0.28571428571428575,512,"We bow towards Madison Avenue, not Mecca."
737,0,2,5,7,1.2857142857142858,0.18442777839082938,512,"I'm sorry, Bro-ga is next door."
737,0,2,5,7,1.2857142857142858,0.18442777839082938,512,"on this episode of ""Fragile Masculinity"" ..."
737,0,2,5,7,1.2857142857142858,0.18442777839082938,512,That thing stinks worse than anyone's feet.
737,1,0,6,7,1.2857142857142858,0.28571428571428575,512,Size does matter here.
737,0,2,5,7,1.2857142857142858,0.18442777839082938,512,"I know this is supposed to be a couple's activity, but just pretend you are here alone, ok?"
737,1,0,6,7,1.2857142857142858,0.28571428571428575,512,"The Lazy-boy and media center have to go, too."
737,0,2,5,7,1.2857142857142858,0.18442777839082938,512,Aladdin the musical is across the street.
737,0,2,5,7,1.2857142857142858,0.18442777839082938,512,"Dude, it smells like somebody peed on it."
737,0,2,5,7,1.2857142857142858,0.18442777839082938,512,The flying club is next door.
737,0,2,5,7,1.2857142857142858,0.18442777839082938,512,"Sorry, Sir, the flight school is next door."
737,1,0,6,7,1.2857142857142858,0.28571428571428575,512,I don't care what kind of a carpet it is you can't fly it here
737,1,0,6,7,1.2857142857142858,0.28571428571428575,512,Yoga for idiots is in the next studio.
737,0,2,5,7,1.2857142857142858,0.18442777839082938,512,This is the advanced class; Paleo-yoga is next week.
737,1,0,6,7,1.2857142857142858,0.28571428571428575,512,Looks like you're here to nama-stay.
737,1,0,6,7,1.2857142857142858,0.28571428571428575,512,Using a carpet as a mat is somehow endearing
737,1,0,6,7,1.2857142857142858,0.28571428571428575,512,A Presidents' Day sale is not an excuse for tardiness!
737,1,0,6,7,1.2857142857142858,0.28571428571428575,512,Our advanced class is in the next room.
737,0,2,5,7,1.2857142857142858,0.18442777839082938,512,"I'm sorry, you haven't got a prayer here."
737,0,2,5,7,1.2857142857142858,0.18442777839082938,512,I don't see how it's my fault that your downward-facing dog made a mess on your carpet.
737,0,2,5,7,1.2857142857142858,0.18442777839082938,512,"There is no such thing as ""broga."""
737,0,2,5,7,1.2857142857142858,0.18442777839082938,512,"Even if you have expanded your consciousness, you do not need such a large yoga mat that looks more like a rug."
737,1,0,6,7,1.2857142857142858,0.28571428571428575,512,The bro-ga class was moved to 2:30.
737,1,0,6,7,1.2857142857142858,0.28571428571428575,512,Hats are not allowed.
737,0,2,5,7,1.2857142857142858,0.18442777839082938,512,"This is your very first class, right?"
737,0,2,5,7,1.2857142857142858,0.18442777839082938,512,"Do you have any injuries I should know about? One to your head, perhaps?"
737,0,2,5,7,1.2857142857142858,0.18442777839082938,512,You're obviously compensating for something.
737,1,0,6,7,1.2857142857142858,0.28571428571428575,512,"Sorry, no manspreading allowed."
737,0,2,5,7,1.2857142857142858,0.18442777839082938,512,I don't care if it really ties the room together!
737,0,2,5,7,1.2857142857142858,0.18442777839082938,512,Let's start by unrolling your wife.
737,0,2,5,7,1.2857142857142858,0.18442777839082938,512,Use whatever you want. We're flexible.
737,0,2,5,7,1.2857142857142858,0.18442777839082938,512,I guess there's more than one way to carpet-bomb.
737,1,0,6,7,1.2857142857142858,0.28571428571428575,512,We'd have to charge you six times for the space.
737,0,2,5,7,1.2857142857142858,0.18442777839082938,512,"Yes, but is it fair trade?"
737,0,2,5,7,1.2857142857142858,0.18442777839082938,512,"That's not exactly what I meant by ""orient your mat."""
737,0,2,5,7,1.2857142857142858,0.18442777839082938,512,that won't fly in this class
737,0,2,5,7,1.2857142857142858,0.18442777839082938,512,We actually can afford to cover the entire floor.
737,0,2,5,7,1.2857142857142858,0.18442777839082938,512,Something tells me you weren't entirely truthful in your Tinder profile.
737,1,0,6,7,1.2857142857142858,0.28571428571428575,512,What idiot told you we carpet bomb during this session ?
737,0,2,5,7,1.2857142857142858,0.18442777839082938,512,Mat's OK. Sending out for beer and pizza not so much.
737,1,0,6,7,1.2857142857142858,0.28571428571428575,512,It's perfect for our locker room.
737,0,2,5,7,1.2857142857142858,0.18442777839082938,512,The sign at the door clearly says no shoes or socks allowed
737,1,0,6,7,1.2857142857142858,0.28571428571428575,512,First yoga class?
737,0,2,5,7,1.2857142857142858,0.18442777839082938,512,It's not my fault your downward-facing dog isn't house trained.
737,0,2,5,7,1.2857142857142858,0.18442777839082938,512,"""Man-spreading"" is also frowned upon here."
737,1,0,6,7,1.2857142857142858,0.28571428571428575,512,"Lose the hat, shirt, shorts, socks, and that rug, and we'll teach you how to be more accepting."
737,0,2,5,7,1.2857142857142858,0.18442777839082938,512,You're early. Aladdin's class is at noon.
737,1,0,6,7,1.2857142857142858,0.28571428571428575,512,"Mr. Smyth, this would make one of those New Yorker cartoons that nobody gets."
737,0,2,5,7,1.2857142857142858,0.18442777839082938,512,"You can use your rug, you just can't unroll it."
737,0,2,5,7,1.2857142857142858,0.18442777839082938,512,"Sorry, the levitation class finished at 7am."
852,1,0,7,8,1.25,0.25,512,We can't keep having this conversation. It is not the size of the mat--also that is not a mat.
852,1,0,7,8,1.25,0.25,512,We still don't offer group discounts.
852,0,2,6,8,1.25,0.16366341767699427,512,"Roger, yoga is about so much more than who has the bigger rug."
852,1,0,7,8,1.25,0.25,512,There is no such thing as team yoga!
852,1,0,7,8,1.25,0.25,512,We're more California than Oriental.
852,1,0,7,8,1.25,0.25,512,"Please tell Governor Christie that though we are excited over his desire to be healthy, only he can reserve his exercise space."
852,1,0,7,8,1.25,0.25,512,There's no spring training yogaclass.
852,0,1,3,4,1.25,0.28867513459481287,512,The rug sale is next door.
852,1,0,7,8,1.25,0.25,512,"Yes, 'Namaste' does sound an awful lot like 'no mats today'."
852,0,1,3,4,1.25,0.28867513459481287,512,I am here to do Mr. Trumps workout for him. Where shall I put his mat?
852,1,0,7,8,1.25,0.25,512,Blue Collar Yoga now meets on Thursdays.
852,1,0,7,8,1.25,0.25,512,We only allow 1930 Chinese oriental rugs.
852,0,1,3,4,1.25,0.28867513459481287,512,I'm old school
852,0,1,3,4,1.25,0.28867513459481287,512,The Spirit within me is asking you to just leave.
852,0,1,3,4,1.25,0.28867513459481287,512,This does NOT count as a romantic gesture.
852,1,0,7,8,1.25,0.25,512,The front desk mentioned you had a really bad rug. I misunderstood
852,0,2,6,8,1.25,0.16366341767699427,512,You should have namastayed at home.
852,0,2,6,8,1.25,0.16366341767699427,512,"Sorry - If it doesn't hurt, then it's not yoga."
852,0,2,6,8,1.25,0.16366341767699427,512,No. No. The Mosque is in the next block.
852,1,0,7,8,1.25,0.25,512,You're looking for the Sicilian yoga studio next door.
852,0,1,3,4,1.25,0.28867513459481287,512,Get properly dressed for the Dust Salutation.
852,1,0,7,8,1.25,0.25,512,So when did mindless take over from mindful?
852,1,0,7,8,1.25,0.25,512,"Yes, you can stay, but 'Rugby's gotta go."
852,0,2,6,8,1.25,0.16366341767699427,512,My guess is that you are absurdly over-compensating
852,0,2,6,8,1.25,0.16366341767699427,512,"We do Indian style here, not Persian."
852,0,1,3,4,1.25,0.28867513459481287,512,"No, you can't leave a body here."
852,1,0,7,8,1.25,0.25,512,The dry cleaners is next door where you can't breathe.
852,0,1,3,4,1.25,0.28867513459481287,512,You must be a big poser.
852,1,0,7,8,1.25,0.25,512,"Sorry, but you won't achieve enlightenment any faster with a dhurrie rug."
852,0,2,6,8,1.25,0.16366341767699427,512,"In this case, yoga is not really for everyone."
852,0,2,6,8,1.25,0.16366341767699427,512,I'll trade you...
852,0,1,3,4,1.25,0.28867513459481287,512,"Yes, everyone was impressed, but let's keep it on the floor next week, Doug."
852,0,2,6,8,1.25,0.16366341767699427,512,I guess we'll see who's more flexible.
852,1,0,7,8,1.25,0.25,512,Shame on you for using that to levitate.
852,1,0,7,8,1.25,0.25,512,"Since this is all hocuspocus anyway, I figured I'd just use my magic carpet here instead of a yoga mat."
852,0,2,6,8,1.25,0.16366341767699427,512,"Except for the hat, the shorts, the socks, the shoes, and the carpet everything else is fine"
852,0,1,3,4,1.25,0.28867513459481287,512,"That’s nice, but in this space we’re more interested in the authenticity of your selfhood."
852,0,2,6,8,1.25,0.16366341767699427,512,"I'm sorry, that is not a yoga mat. That is not even a tatami mat. That is an area rug."
852,0,2,6,8,1.25,0.16366341767699427,512,And then weight it down and dump her in the river.
891,0,2,7,9,1.2222222222222223,0.1469861839480328,512,"""Tomorrow we will work on creating distance from your inner self""."
891,0,2,7,9,1.2222222222222223,0.1469861839480328,512,Can you CUT a RUG?
891,0,2,7,9,1.2222222222222223,0.1469861839480328,512,"Sorry sir, our insurance doesn't cover carpet burns."
891,0,2,7,9,1.2222222222222223,0.1469861839480328,512,"your fear of Spandex, Sir, is certainly understood and MUCH appreciated... however, rules are rules..."
891,1,0,8,9,1.2222222222222223,0.2222222222222222,512,Scram! You can't do yoga wearing a hat.
896,0,1,4,5,1.2,0.22360679774997896,512,But I just had hemorrhoid surgery!
896,0,1,4,5,1.2,0.22360679774997896,512,You might be interested in the thousand session package
896,0,1,4,5,1.2,0.22360679774997896,512,"I don't care if it's magic, you won't fly through this class."
896,0,1,4,5,1.2,0.22360679774997896,512,Please leave. We have a strict no shoes policy.
896,0,1,4,5,1.2,0.22360679774997896,512,"Yes, you can your that mat but I will have to charge you double."
896,0,1,4,5,1.2,0.22360679774997896,512,"Last week you brought a hookah, so it's an improvement."
896,0,1,4,5,1.2,0.22360679774997896,512,I'm sorry. There is no major league in yoga.
896,0,1,4,5,1.2,0.22360679774997896,512,"Sorry, no family discounts."
896,0,1,4,5,1.2,0.22360679774997896,512,You're sure to really feel the burn with that.
896,0,1,4,5,1.2,0.22360679774997896,512,Let me get this straight....you want to show us what happened with your downward dog?
896,0,1,4,5,1.2,0.22360679774997896,512,That's not what I meant.
896,0,1,4,5,1.2,0.22360679774997896,512,"No multi-person mats allowed, please."
896,0,1,4,5,1.2,0.22360679774997896,512,Magic Carpet Studio moved to Brooklyn.
896,0,1,4,5,1.2,0.22360679774997896,512,We focus on silent judging here. Passive agressive yoga is next door.
896,0,1,4,5,1.2,0.22360679774997896,512,"Got the kids in there, dear?"
896,0,1,4,5,1.2,0.22360679774997896,512,"We're seeking a path to enlightenment, not a Hajj."
896,0,1,4,5,1.2,0.22360679774997896,512,You'll do just fine -- I can see you've got the right stuff.
896,0,1,4,5,1.2,0.22360679774997896,512,I agree an oriental rug reduces stage cable clutter and improves acoustics ... you realize yoga doesn't care?
896,0,1,4,5,1.2,0.22360679774997896,512,"You're either carrying around a dead body, or you're new to yoga."
896,0,1,4,5,1.2,0.22360679774997896,512,Pee pads would help more with your downward facing dog
896,0,1,4,5,1.2,0.22360679774997896,512,What kind of moron brings an area rug to a yoga class? Namaste.
896,0,1,4,5,1.2,0.22360679774997896,512,"Not here, the magic carpet yoga class is on the roof!"
896,0,1,4,5,1.2,0.22360679774997896,512,The bliss of your being ends at my asana.
896,0,1,4,5,1.2,0.22360679774997896,512,You sweat a lot?
896,0,1,4,5,1.2,0.22360679774997896,512,No flying though.
896,0,1,4,5,1.2,0.22360679774997896,512,"Shoes off, please."
896,0,1,4,5,1.2,0.22360679774997896,512,The idea of yogi is to relax.
896,0,1,4,5,1.2,0.22360679774997896,512,Billy I don't think this is what your mom meant when she said you needed to be more flexible.
896,0,1,4,5,1.2,0.22360679774997896,512,"I don't care if he's leading in all the polls, everyone ise the same size mat"
896,0,1,4,5,1.2,0.22360679774997896,512,I studied in Iran.
896,0,1,4,5,1.2,0.22360679774997896,512,I don't care if it is Oriental.
896,0,1,4,5,1.2,0.22360679774997896,512,"No, Aladdin doesn't teach here, anymore."
896,0,1,4,5,1.2,0.22360679774997896,512,May I suggest the spinning class upstairs?
896,0,1,4,5,1.2,0.22360679774997896,512,The Leave It to Beaver Yoga Class is down the hall.
896,0,1,4,5,1.2,0.22360679774997896,512,"I know the class was hard for you, Mr. Shmedly, but I won't stand for your using that Killim."
896,0,1,4,5,1.2,0.22360679774997896,512,Is that my delivery of all natural free trade organic yoga mats?
896,0,1,4,5,1.2,0.22360679774997896,512,Rug's OK - clothes are a no-no.
896,0,1,4,5,1.2,0.22360679774997896,512,"Son, a real man doesn't blame his tools."
896,0,1,4,5,1.2,0.22360679774997896,512,"What do you mean, Persian yoga?"
896,0,1,4,5,1.2,0.22360679774997896,512,That's the mat you're using? Yoga-tta be kidding me!
896,0,1,4,5,1.2,0.22360679774997896,512,I think you want the Persian yoga studio down the street.
896,0,1,4,5,1.2,0.22360679774997896,512,You have the wrong address. Aladdin's flight school is next door.
896,0,1,4,5,1.2,0.22360679774997896,512,"Why, of course we have a hip-hop, 'living large' version of Bikram-Hatha-Astanga yoga, sir."
896,0,1,4,5,1.2,0.22360679774997896,512,"No mat, no tights, no service."
896,0,1,4,5,1.2,0.22360679774997896,512,Again today you have no class.
896,0,1,4,5,1.2,0.22360679774997896,512,"I don't care how rich you are, I still say you're just showing off."
896,0,1,4,5,1.2,0.22360679774997896,512,We strongely urge beginners to look the part.
896,0,1,4,5,1.2,0.22360679774997896,512,That would be the flat-weave position.
896,0,1,4,5,1.2,0.22360679774997896,512,This will give new meaning to rug burn.
896,0,1,4,5,1.2,0.22360679774997896,512,"I told you to bring a mat, not your flying carpet."
896,0,1,4,5,1.2,0.22360679774997896,512,Let me guess. You flew in on it.
896,0,1,4,5,1.2,0.22360679774997896,512,"""If it don't fit, you must split""."
896,0,1,4,5,1.2,0.22360679774997896,512,We don't allow Trump mats in here.
896,0,1,4,5,1.2,0.22360679774997896,512,"Yes, you brought a large mat, but you still have to take your shoes off."
896,0,1,4,5,1.2,0.22360679774997896,512,Our Flea-Reincarnation Class meets on Thursdays.
896,0,1,4,5,1.2,0.22360679774997896,512,Are you seeking health & a peaceful spirit or the rug cleaner next door ?
896,0,1,4,5,1.2,0.22360679774997896,512,Let's make yoga great again.
896,0,1,4,5,1.2,0.22360679774997896,512,I'm guessing you didn't get that from lululemon
896,0,1,4,5,1.2,0.22360679774997896,512,The carpet cleaners are around the corner.
896,0,1,4,5,1.2,0.22360679774997896,512,"I realize you're NEW but, at Bow Down Yoga, you need to KOWTOW, and bring a regulation mat."
896,0,1,4,5,1.2,0.22360679774997896,512,"Sure, you can chant Yogisms during class."
896,0,1,4,5,1.2,0.22360679774997896,512,"What do you mean, where do you want it?"
896,0,1,4,5,1.2,0.22360679774997896,512,"Yes, I can see you have a big one."
896,0,1,4,5,1.2,0.22360679774997896,512,"Sorry, the carpet cleaners are just down the block."
896,0,1,4,5,1.2,0.22360679774997896,512,Just set yourself up everywhere.
896,0,1,4,5,1.2,0.22360679774997896,512,...and I TOLD your wife NOT to try that pose at home.
896,0,1,4,5,1.2,0.22360679774997896,512,Your bath towel would have been sufficient.
896,0,1,4,5,1.2,0.22360679774997896,512,I can't believe you showed up without your yoga pants again.
896,0,1,4,5,1.2,0.22360679774997896,512,You can't wear a hat in here.
896,0,1,4,5,1.2,0.22360679774997896,512,No I won't share your mat and I'd prefer it if you set up in front of me.
896,0,1,4,5,1.2,0.22360679774997896,512,"You know this isn't the ""How to be Aladdin"" class right?"
896,0,1,4,5,1.2,0.22360679774997896,512,"You're being too ironic, Todd."
896,0,1,4,5,1.2,0.22360679774997896,512,fringe is not allowed
896,0,1,4,5,1.2,0.22360679774997896,512,You can put Mr. Trump's mat by the window.
896,0,1,4,5,1.2,0.22360679774997896,512,"We don't encourage it, but if it makes you feel at home....."
896,0,2,8,10,1.2,0.13333333333333333,512,I understand; you want more space.
896,0,1,4,5,1.2,0.22360679774997896,512,"All I said was, ""You have small hands."""
896,0,1,4,5,1.2,0.22360679774997896,512,"Put that down here, I like to let others know how important I am while waiting for enlightenment."
896,0,1,4,5,1.2,0.22360679774997896,512,I am going to start with the hat...
896,0,1,4,5,1.2,0.22360679774997896,512,We can certainly help with your balance problem.
896,0,1,4,5,1.2,0.22360679774997896,512,Take some relaxation breaths...then shell out for the gear.
896,0,1,4,5,1.2,0.22360679774997896,512,"If anyone croaks during the downward facing dog, we can just roll 'em up and haul 'em out with one of these."
896,0,1,4,5,1.2,0.22360679774997896,512,I don't think that's what your wife had in mind when she asked you to bring her to yoga.
896,0,1,4,5,1.2,0.22360679774997896,512,"Yes, but only if your inner-self is oriental."
896,0,1,4,5,1.2,0.22360679774997896,512,"It's down the street, look for people carrying suits."
896,0,1,4,5,1.2,0.22360679774997896,512,Something tells me you may be high maintenance.
896,0,1,4,5,1.2,0.22360679774997896,512,Please go ohm.
896,0,1,4,5,1.2,0.22360679774997896,512,"Sir, it's not just the rug that may not fit."
896,0,1,4,5,1.2,0.22360679774997896,512,It's not all about the size of the mat you know...
896,0,1,4,5,1.2,0.22360679774997896,512,"No, wearing Lululemon is not required, but we are going to think less of you for looking like that."
896,0,1,4,5,1.2,0.22360679774997896,512,The size of your Chakra has nothing to do with it!
896,0,1,4,5,1.2,0.22360679774997896,512,Because I want you to suffer like the rest of us.
896,0,1,4,5,1.2,0.22360679774997896,512,When I said that we were going to be be practicing the corpse pose today I didn't mean literally.
896,0,1,4,5,1.2,0.22360679774997896,512,"This is a class, not a sleep-over."
896,0,1,4,5,1.2,0.22360679774997896,512,"'Ill be honest, your hat says Golf,your rug says Judo,your shoes say Tennis,are you prepared for another failure?"
896,0,1,4,5,1.2,0.22360679774997896,512,"Namaste, but you must go."
896,0,1,4,5,1.2,0.22360679774997896,512,They were having a rug sale
896,0,1,4,5,1.2,0.22360679774997896,512,Aladdin just left!!
896,0,1,4,5,1.2,0.22360679774997896,512,There is no missionary position in Yoga.
896,0,1,4,5,1.2,0.22360679774997896,512,Our overcompensation group meets down the hall.
896,0,1,4,5,1.2,0.22360679774997896,512,"Good effort, but I need you to return that to the lobby."
896,0,1,4,5,1.2,0.22360679774997896,512,I said Corinthian and not Iambic column for the Balustrade!
896,0,1,4,5,1.2,0.22360679774997896,512,"Yes, it matches the drapes, but you took those too."
896,0,1,4,5,1.2,0.22360679774997896,512,It really ties my workout together.
896,0,1,4,5,1.2,0.22360679774997896,512,Thank you for delivering our new rug on the weekend. Please leave it in the reception area.
896,0,1,4,5,1.2,0.22360679774997896,512,"Look, we both know that size doesn't matter."
896,0,1,4,5,1.2,0.22360679774997896,512,No. There is no center square.
896,0,1,4,5,1.2,0.22360679774997896,512,Are you here for the bro-ga session?
896,0,1,4,5,1.2,0.22360679774997896,512,I'm going to have to ask you to take off your shoes.
896,0,1,4,5,1.2,0.22360679774997896,512,"That mat needs to stay in our lobby, sir."
896,0,1,4,5,1.2,0.22360679774997896,512,"I like you too, but the rules say just one person per mat."
896,0,1,4,5,1.2,0.22360679774997896,512,"It's Corpse Pose, not Corpse Dispose"
896,0,1,4,5,1.2,0.22360679774997896,512,"We only use synthetic, wool is so last century!"
896,0,1,4,5,1.2,0.22360679774997896,512,"No, I didn't say namaste. I said your mat is nasty."
896,0,1,4,5,1.2,0.22360679774997896,512,"Nice rug, Matt"
896,0,1,4,5,1.2,0.22360679774997896,512,Your first lesson will be about how less can be more.
896,0,1,4,5,1.2,0.22360679774997896,512,"We accept all faiths, make sure your rug is facing East."
896,0,1,4,5,1.2,0.22360679774997896,512,Bro-ga is at 6:30 *pm*.
896,0,1,4,5,1.2,0.22360679774997896,512,We don't do mat envy at yoga!
896,0,1,4,5,1.2,0.22360679774997896,512,King of the Hill did a funnier version of this joke 12 years ago.
896,0,1,4,5,1.2,0.22360679774997896,512,You know what they say about guys with big yoga mats.
896,0,1,4,5,1.2,0.22360679774997896,512,We actually don't give a damn about natural fibers.
896,0,1,4,5,1.2,0.22360679774997896,512,I'll bet you drive an SUV too.
896,0,1,4,5,1.2,0.22360679774997896,512,It's just a temporary ban.
896,0,1,4,5,1.2,0.22360679774997896,512,Manspreading is next door.
896,0,1,4,5,1.2,0.22360679774997896,512,Blue Collar Yoga is three doors down.
896,0,1,4,5,1.2,0.22360679774997896,512,"Yes Mr. Trump, I can see your mat is bigger than mine."
896,0,1,4,5,1.2,0.22360679774997896,512,Let's just say you have the aura of a Trump supporter!
896,0,1,4,5,1.2,0.22360679774997896,512,"Thanks for putting the ""Brah"" in Brahma, Jimmy."
896,0,1,4,5,1.2,0.22360679774997896,512,It's not that you're wrong...
896,0,1,4,5,1.2,0.22360679774997896,512,"Lululemon was sold out; luckily, there was a pottery barn next door."
896,0,1,4,5,1.2,0.22360679774997896,512,You can learn to fly that thing next door.
896,0,1,4,5,1.2,0.22360679774997896,512,The cafe next door said someone just stole their rug.
896,0,1,4,5,1.2,0.22360679774997896,512,"Yoga isn't about the size of the rug, Rick. It's the notion of the motion."
896,0,1,4,5,1.2,0.22360679774997896,512,Outside.
896,0,1,4,5,1.2,0.22360679774997896,512,You must be Clemenza.
896,0,1,4,5,1.2,0.22360679774997896,512,"No, Joey, the point of yoga is not to sweep every single worry under the carpet."
896,0,1,4,5,1.2,0.22360679774997896,512,Carpet cleaning is next door
896,0,1,4,5,1.2,0.22360679774997896,512,"Sorry, we have no qualified instructors for the 'seventh inning stretch.'"
896,0,1,4,5,1.2,0.22360679774997896,512,This is my fetish.
896,0,1,4,5,1.2,0.22360679774997896,512,Are you Cleopatra's personal trainer?
896,0,1,4,5,1.2,0.22360679774997896,512,I see you're new to yoga.
896,0,1,4,5,1.2,0.22360679774997896,512,Runners are in the next studio on your left.
896,0,1,4,5,1.2,0.22360679774997896,512,"First you hog the bed, and now the floor."
896,0,1,4,5,1.2,0.22360679774997896,512,"I'm not sure who told you that, but I can't help you fly that thing."
896,0,1,4,5,1.2,0.22360679774997896,512,"Trust me, I sweat a lot."
896,0,1,4,5,1.2,0.22360679774997896,512,"Your in the wrong place, try the MAGIC CARPET shop, it's next door."
896,0,1,4,5,1.2,0.22360679774997896,512,I'll show you mine if you show me yours.
896,0,1,4,5,1.2,0.22360679774997896,512,"It's not the size of the mat, it's the nirvana in the prana."
896,0,1,4,5,1.2,0.22360679774997896,512,Perhaps an orientation session would be advisable?
896,0,1,4,5,1.2,0.22360679774997896,512,Shall we begin with a couple of suggestions.
896,0,1,4,5,1.2,0.22360679774997896,512,"Any other dating profile exaggerations Mr. ""Avid""?"
896,0,1,4,5,1.2,0.22360679774997896,512,I don't care if it flies - here you use a mat.
896,0,1,4,5,1.2,0.22360679774997896,512,"Tom, your personal versions of the corpse pose are getting of hand. And what is that smell?"
896,0,1,4,5,1.2,0.22360679774997896,512,This is a yoga class. Not an audition for Aladdin.
896,0,1,4,5,1.2,0.22360679774997896,512,"No, there's no advantage to using a magic carpet."
896,0,1,4,5,1.2,0.22360679774997896,512,". . . That's Lululemon.com. L, U, L, U. . ."
896,0,1,4,5,1.2,0.22360679774997896,512,My therapist said yoga might be helpful for recovering rug addicts.
896,0,1,4,5,1.2,0.22360679774997896,512,The Aladdin Sky Flight class is two doors down.
896,0,1,4,5,1.2,0.22360679774997896,512,"If you ever want to have sex with me again, leave now"
896,0,1,4,5,1.2,0.22360679774997896,512,I don't care if it's made out of kale.
896,0,1,4,5,1.2,0.22360679774997896,512,Might I suggest the outside facing dog?
896,0,1,4,5,1.2,0.22360679774997896,512,Big rug Yoga? No this is BIKRAM Yoga.
896,0,1,4,5,1.2,0.22360679774997896,512,I can understand your attachment to your blankie but rules are rules.
896,0,1,4,5,1.2,0.22360679774997896,512,Purana gharana?
896,0,1,4,5,1.2,0.22360679774997896,512,''Extreme yoga is in the next room.''
896,0,1,4,5,1.2,0.22360679774997896,512,A traditional yoga mat is required. I don't care if you expand when you sweat.
896,0,1,4,5,1.2,0.22360679774997896,512,"I'm sure it does really tie the room together, Dude, but not this room."
896,0,1,4,5,1.2,0.22360679774997896,512,There you go with your size issues again
896,0,1,4,5,1.2,0.22360679774997896,512,Did you really take rug weaving at Trump University?
896,0,1,4,5,1.2,0.22360679774997896,512,"Wrong workout session, bro..."
896,0,1,4,5,1.2,0.22360679774997896,512,An Eastern-looking rug is known to improve a true yogi's practice. That's a good investment in your yogic journey.
896,0,1,4,5,1.2,0.22360679774997896,512,Namaste my ass
896,0,1,4,5,1.2,0.22360679774997896,512,How many in your party?
896,0,1,4,5,1.2,0.22360679774997896,512,"I'm sorry, but we can't be flexible."
896,0,1,4,5,1.2,0.22360679774997896,512,IT'S NOT A PICNIC
896,0,1,4,5,1.2,0.22360679774997896,512,The rug department is upstairs
896,0,1,4,5,1.2,0.22360679774997896,512,"So I'm throwing around an idea for a new Broadway show, ""Bikram Elliott.'"
896,0,1,4,5,1.2,0.22360679774997896,512,"Harold realized too late that his ""magic carpet"" pick-up line would never work in a yoga class."
896,0,1,4,5,1.2,0.22360679774997896,512,"Well, look who the dog drug in."
896,0,1,4,5,1.2,0.22360679774997896,512,You still have small hands.
896,0,1,4,5,1.2,0.22360679774997896,512,Come back when you get your ahankara in check. Namaste.
896,0,1,4,5,1.2,0.22360679774997896,512,"Yes, Mr. Johnson, you are a rugged individualist. Now may we begin?"
896,0,1,4,5,1.2,0.22360679774997896,512,That isn't the relaxed look we are going for
896,0,1,4,5,1.2,0.22360679774997896,512,Think small.
896,0,1,4,5,1.2,0.22360679774997896,512,I'm being inflexible?
896,0,1,4,5,1.2,0.22360679774997896,512,Overcompensating for something?
896,0,1,4,5,1.2,0.22360679774997896,512,Seriously? You brought an Indian rug to a bikram yoga class?
896,0,1,4,5,1.2,0.22360679774997896,512,"By any chance have you seen the movie""Room""?"
896,0,1,4,5,1.2,0.22360679774997896,512,Overcompensating a little?
896,0,1,4,5,1.2,0.22360679774997896,512,"Opposites don't always attract, George!"
896,0,1,4,5,1.2,0.22360679774997896,512,"I'm sorry, but the other students are experiencing mat envy."
896,0,1,4,5,1.2,0.22360679774997896,512,Only if it's a flying carpet.
896,0,1,4,5,1.2,0.22360679774997896,512,"This room doesn't need to be ""tied together,"" Walter..."
896,0,1,4,5,1.2,0.22360679774997896,512,We don't do flying carpet lessons anymore.
896,0,1,4,5,1.2,0.22360679774997896,512,and does it have underlay ?
896,0,1,4,5,1.2,0.22360679774997896,512,Any injuries?
896,0,1,4,5,1.2,0.22360679774997896,512,Old school? Nice!
896,0,1,4,5,1.2,0.22360679774997896,512,"Please refrain from howling during downward dog, hissing through cobra or war hoops during warrior."
896,0,1,4,5,1.2,0.22360679774997896,512,"You just don't get it, do you?"
896,0,1,4,5,1.2,0.22360679774997896,512,Personal space issues I presume?
896,0,1,4,5,1.2,0.22360679774997896,512,"Never the less sir,size matters."
896,0,1,4,5,1.2,0.22360679774997896,512,You must be looking for the class that we don't offer.
896,0,1,4,5,1.2,0.22360679774997896,512,"When I said to step up your game, this is not what I meant."
896,0,1,4,5,1.2,0.22360679774997896,512,Feeling beautiful comes from confidence.
896,0,1,4,5,1.2,0.22360679774997896,512,The competitive yoga studio is two blocks over.
896,0,1,4,5,1.2,0.22360679774997896,512,"Thanks, but I think that you ought to try Craigslist."
896,0,1,4,5,1.2,0.22360679774997896,512,Extreme Yoga is on Thursday.
896,0,1,4,5,1.2,0.22360679774997896,512,Size doesn't matter in here!
896,0,1,4,5,1.2,0.22360679774997896,512,I asked for the memory foam rug not the oriental.
896,0,1,4,5,1.2,0.22360679774997896,512,You can't get to nirvana if you're fraying at the edges.
896,0,1,4,5,1.2,0.22360679774997896,512,But this class will simply not be rugged enough for you.
896,0,1,4,5,1.2,0.22360679774997896,512,OMG! I hope that is not the one from the living room
896,0,1,4,5,1.2,0.22360679774997896,512,"It's carpe diem, not carpet diem"
896,0,1,4,5,1.2,0.22360679774997896,512,"This is yoga, not breakdancing class."""
896,0,1,4,5,1.2,0.22360679774997896,512,Sorry but to use a 5' x 7' mat you'll need to upgrade to our 'Premium Plan.'
896,0,1,4,5,1.2,0.22360679774997896,512,"Sorry, DIY yoga is in the converted janitor's closet next door."
896,0,1,4,5,1.2,0.22360679774997896,512,"For the last time, using an Oriental rug does not make it more authentic!"
896,0,1,4,5,1.2,0.22360679774997896,512,"Sorry, no manspreading."
896,0,1,4,5,1.2,0.22360679774997896,512,"No, I did not say ""carpet diem""."
896,0,1,4,5,1.2,0.22360679774997896,512,It's not the size of your mat!
896,0,1,4,5,1.2,0.22360679774997896,512,"What, you got a real flexible body rolled up in there?"
896,0,1,4,5,1.2,0.22360679774997896,512,An Oriental rug isn't going to make Yoga any easier!
896,0,1,4,5,1.2,0.22360679774997896,512,I don't believe in magic carpets.
896,0,1,4,5,1.2,0.22360679774997896,512,"I was a boy scout, ma'am."
896,0,1,4,5,1.2,0.22360679774997896,512,You can't just throw your problems under the rug.
896,0,1,4,5,1.2,0.22360679774997896,512,Just place it down over here by placing your left foot onto your right shoulder.
896,0,1,4,5,1.2,0.22360679774997896,512,No manspreading here either!
896,0,1,4,5,1.2,0.22360679774997896,512,"No, this is not where the Spring Break Carpet Contortion Contest is being held."
896,0,1,4,5,1.2,0.22360679774997896,512,You have the newbie mat until you stop toppling.
896,0,1,4,5,1.2,0.22360679774997896,512,I've never had problems with size before.
896,0,1,4,5,1.2,0.22360679774997896,512,"Yes, even if your name is Matt."
896,0,1,4,5,1.2,0.22360679774997896,512,Your reluctance to go barefoot tells me you're a newcomer.
896,0,1,4,5,1.2,0.22360679774997896,512,Ummmmmmmmmmmmmm...
896,0,1,4,5,1.2,0.22360679774997896,512,I honor the uniqueness in you. I honor your desire to learn the ancient art form. I do not honor your mat.
896,0,1,4,5,1.2,0.22360679774997896,512,We've never had rug burns raised as a concern before.
896,0,1,4,5,1.2,0.22360679774997896,512,The flying carpet class is next door.
896,0,1,4,5,1.2,0.22360679774997896,512,"I said we would feel the warmth from the heart, not hearth."
896,0,1,4,5,1.2,0.22360679774997896,512,"Around here, size doesn't matter."
896,0,1,4,5,1.2,0.22360679774997896,512,"Yes, I see, but we only offer haute yoga."
896,0,1,4,5,1.2,0.22360679774997896,512,This is how I roll!
896,0,1,4,5,1.2,0.22360679774997896,512,Do we have a short finger problem?
896,0,1,4,5,1.2,0.22360679774997896,512,You're not fooling anyone! A bigger mat won't hide your small hands.
896,0,1,4,5,1.2,0.22360679774997896,512,"I know you said yoga mat, but this is all my mom had!"
896,0,1,4,5,1.2,0.22360679774997896,512,The flying yoga class meets on the roof.
896,0,1,4,5,1.2,0.22360679774997896,512,"Believe me, Aladdin, there is no magic carpet ride to nirvana."
896,0,1,4,5,1.2,0.22360679774997896,512,Nice yoga hat.
896,0,1,4,5,1.2,0.22360679774997896,512,"If you want to cut some, ask the dance studio downstairs."
896,0,1,4,5,1.2,0.22360679774997896,512,Yoga was cutting into my antiquing time; so I'm multitasking.
896,0,1,4,5,1.2,0.22360679774997896,512,"No, this is Bikrim. Blue Collar Yoga starts at 11."
896,0,1,4,5,1.2,0.22360679774997896,512,"No, dad, this is definitely not a hot yoga class."
896,0,1,4,5,1.2,0.22360679774997896,512,You pay for floor space by the square inch.
896,0,1,4,5,1.2,0.22360679774997896,512,This is a bend and kneel yoga class not carpet replacement.
896,0,1,4,5,1.2,0.22360679774997896,512,"You've never been to a yoga class before, have you?"
896,0,1,4,5,1.2,0.22360679774997896,512,Carpet Diem is two doors down.
896,0,1,4,5,1.2,0.22360679774997896,512,You won't be Aladin.
896,0,1,4,5,1.2,0.22360679774997896,512,No 'flying carpet' is needed for Yogic flying.
896,0,1,4,5,1.2,0.22360679774997896,512,"In order to connect body and mind and to escape from this hectic, materialistic world, you’ll have to replace the clothes and mat with branded yoga gear and sign up at least 20 minutes in advance using your phone or risk losing your spot."
896,0,1,4,5,1.2,0.22360679774997896,512,We just don't have anything in common Kyle.
896,0,1,4,5,1.2,0.22360679774997896,512,"Don't tell me, your hands aren't small either."
896,0,1,4,5,1.2,0.22360679774997896,512,I was told to bring my own mat from home
896,0,1,4,5,1.2,0.22360679774997896,512,"Sir, you can not use a carpet for the flying crow pose."
896,0,1,4,5,1.2,0.22360679774997896,512,"It's 'bow down', not 'move in'."
896,0,1,4,5,1.2,0.22360679774997896,512,You can use it but we're not announcing your entrance.
896,0,1,4,5,1.2,0.22360679774997896,512,I don't think you get the concept
896,0,1,4,5,1.2,0.22360679774997896,512,"It's not the size that matters, Mr. Little, it's how you use it."""
896,0,1,4,5,1.2,0.22360679774997896,512,"Honestly, Jim, do you have to try to outdo me in everything?"
896,0,1,4,5,1.2,0.22360679774997896,512,Does that look like a yoga mat to you?????
896,0,1,4,5,1.2,0.22360679774997896,512,With whom did you consult regarding your new yoga mat?
896,0,1,4,5,1.2,0.22360679774997896,512,You'll never find the jewel in the lotus with that attitude.
896,0,1,4,5,1.2,0.22360679774997896,512,"No, sweat does not help release stains."
896,0,1,4,5,1.2,0.22360679774997896,512,We have a strict policy against man-spreading.
896,0,1,4,5,1.2,0.22360679774997896,512,"I don't care who wove it, next week you will bring a flimsy, uncomfortable mat made in China from non-renewable resources."
896,0,1,4,5,1.2,0.22360679774997896,512,Magic carpet ride lessons are two doors down.
896,0,1,4,5,1.2,0.22360679774997896,512,Downward-Dog-Rubbing-Butt is really more of a Kundalini move.
896,0,1,4,5,1.2,0.22360679774997896,512,Finding your chakra is not about going big or going home.
896,0,1,4,5,1.2,0.22360679774997896,512,Yo ga to be kidding me!
896,0,1,4,5,1.2,0.22360679774997896,512,"I distinctly said I wanted it ""cleansed."""
896,0,1,4,5,1.2,0.22360679774997896,512,Because man-spreading.
896,0,1,4,5,1.2,0.22360679774997896,512,Is it safe to assume that you are here for the beginner's class?
896,0,1,4,5,1.2,0.22360679774997896,512,$80 is a very competitive price for our mats.
896,0,1,4,5,1.2,0.22360679774997896,512,"Unless it's Cleopatra inside there, she'll have to pay."
896,0,1,4,5,1.2,0.22360679774997896,512,"Sir, as I have already told you over the phone, we do not offer magic carpet rides."
896,0,1,4,5,1.2,0.22360679774997896,512,"No, I'm afraid I'm not familiar with the 'Reclining Chair' position."
896,0,1,4,5,1.2,0.22360679774997896,512,Rule 1: There’s no “Yo!” in yoga. Rule 2: No man-spreading.
896,0,1,4,5,1.2,0.22360679774997896,512,Actually we all like to roll our own as well.
896,0,1,4,5,1.2,0.22360679774997896,512,Groupon?
896,0,1,4,5,1.2,0.22360679774997896,512,We don't permit ohm decorating.
896,0,1,4,5,1.2,0.22360679774997896,512,This is not a flying carpet class.
896,0,1,4,5,1.2,0.22360679774997896,512,"This happens more often than you'd think. But it's 'Bikram,' not 'big rug.'"
896,0,1,4,5,1.2,0.22360679774997896,512,I could use a good nap.
896,0,1,4,5,1.2,0.22360679774997896,512,I think what you're talking about is transcendental compensation.
896,0,1,4,5,1.2,0.22360679774997896,512,"Sorry, I don't think you just flew in from Persia."
896,0,1,4,5,1.2,0.22360679774997896,512,The flying carpet class is down the hall to the right.
896,0,1,4,5,1.2,0.22360679774997896,512,I think you're looking for Man Spread Yoga over on 10th Avenue.
896,0,1,4,5,1.2,0.22360679774997896,512,"So let me guess, you're here to 'Make Yoga Great Again'?"
896,0,1,4,5,1.2,0.22360679774997896,512,Yoga is about letting your mind go. I think you're half way there.
896,0,1,4,5,1.2,0.22360679774997896,512,Sorry. No group discounts.
896,0,1,4,5,1.2,0.22360679774997896,512,"When your foot's behind your head, no one notices what you're sitting on."
896,0,1,4,5,1.2,0.22360679774997896,512,"When I said doggy down to you, I was -not- referring to a yoga position. Get lost!"
896,0,1,4,5,1.2,0.22360679774997896,512,I said a big HUG.
896,0,1,4,5,1.2,0.22360679774997896,512,Please tell me you're a burglar and not a new student.
896,0,1,4,5,1.2,0.22360679774997896,512,"Loose the hat, Frank."
896,0,1,4,5,1.2,0.22360679774997896,512,"Sir, we have a no soliciting policy."
896,0,1,4,5,1.2,0.22360679774997896,512,Overcompensation is not a pose.
896,0,1,4,5,1.2,0.22360679774997896,512,"Unless you have a small woman in there, you've come to the wrong place."
896,0,1,4,5,1.2,0.22360679774997896,512,"Sorry, no frat mats allowed."
896,0,1,4,5,1.2,0.22360679774997896,512,Spray it down before you leave.
896,0,1,4,5,1.2,0.22360679774997896,512,"Hello, you must be new to Yoga."
896,0,1,4,5,1.2,0.22360679774997896,512,"My God, how much weight have you lost?!"
896,0,1,4,5,1.2,0.22360679774997896,512,Exactly how much yoga are you planning on doing today?
896,0,1,4,5,1.2,0.22360679774997896,512,"Next time, I want more lotus pose and less genie lamp."
896,0,1,4,5,1.2,0.22360679774997896,512,Is that my new Persian yoga mat?
896,0,1,4,5,1.2,0.22360679774997896,512,Our mat policy doesn't stretch that far.
896,0,1,4,5,1.2,0.22360679774997896,512,I see you don't know the difference between a rug and a mat.
896,0,1,4,5,1.2,0.22360679774997896,512,Sorry we've cancelled the flying carpet classes after a small accident with the ceiling fan.
896,0,1,4,5,1.2,0.22360679774997896,512,"It's not the rug, it's the lack of smug."
896,0,1,4,5,1.2,0.22360679774997896,512,This is one place where size DOESN'T matter!
896,0,1,4,5,1.2,0.22360679774997896,512,The telekinesis class isn't till 3:30.
896,0,1,4,5,1.2,0.22360679774997896,512,"When I said ""bring your rug,"" I meant the one on your head."""
896,0,1,4,5,1.2,0.22360679774997896,512,There is too a difference between a rug and a mat.
896,0,1,4,5,1.2,0.22360679774997896,512,"Thank goodness, I can't take another minute on this skinny mat."
896,0,1,4,5,1.2,0.22360679774997896,512,"Over-compensating again, are we?"
896,0,1,4,5,1.2,0.22360679774997896,512,"Oh my god, size isn't EVERYTHING you know..."
896,0,1,4,5,1.2,0.22360679774997896,512,No you can't run out to your car and get your six pack.
896,0,1,4,5,1.2,0.22360679774997896,512,I thought you were called Big Matt for a different reason.
896,0,1,4,5,1.2,0.22360679774997896,512,"Uhh, exactly how LONG do you plan on staying?"
896,0,1,4,5,1.2,0.22360679774997896,512,"No, I don't know what they say about a guy with a big rug."
896,0,1,4,5,1.2,0.22360679774997896,512,"More male ego - "" Your mat is bigger than my mat."" Not appropriate!"
896,0,1,4,5,1.2,0.22360679774997896,512,"No, Zen Napping is next door."
896,0,1,4,5,1.2,0.22360679774997896,512,We tend to favor minimalism.
896,0,1,4,5,1.2,0.22360679774997896,512,A baseball cap? Really?!!!
896,0,1,4,5,1.2,0.22360679774997896,512,"You really haven't got a handle on this, Dave."
896,0,1,4,5,1.2,0.22360679774997896,512,"Sorry, the class for overcompensaters is on Tuesdays."
896,0,1,4,5,1.2,0.22360679774997896,512,"No, we don't offer a group rate."
896,0,1,4,5,1.2,0.22360679774997896,512,I have a wide stance.
896,0,1,4,5,1.2,0.22360679774997896,512,NOmaste.
896,0,1,4,5,1.2,0.22360679774997896,512,You can start by taking off that hat.
896,0,1,4,5,1.2,0.22360679774997896,512,"I'm sorry, it's not the carpet, it's what could be inside."
896,0,1,4,5,1.2,0.22360679774997896,512,Only if it is a Lululemon carpet.
896,0,1,4,5,1.2,0.22360679774997896,512,"Yes, I spoke last week about inhabiting your personal space, but I'm afraid that's more space than I had in mind."
896,0,1,4,5,1.2,0.22360679774997896,512,"Harold, I don't think this relationship is going to work."
896,0,1,4,5,1.2,0.22360679774997896,512,Our policy here is flexible.
896,0,1,4,5,1.2,0.22360679774997896,512,"I""m sorry, we don't have a passive-aggressive yoga class."
896,0,1,4,5,1.2,0.22360679774997896,512,"For the last time Jeff, I'm not interested in romantic yoga for two!"
896,0,1,4,5,1.2,0.22360679774997896,512,But can you welcome the rug burns?
896,0,1,4,5,1.2,0.22360679774997896,512,I've told you before. Downward elephant is the 2pm class.
896,0,1,4,5,1.2,0.22360679774997896,512,"Well well, look who it is... Mister ""Namaste at home."""
896,0,1,4,5,1.2,0.22360679774997896,512,"The ""Make America Great Again"" cap is okay, but we don't allow Oriental rugs."
896,0,1,4,5,1.2,0.22360679774997896,512,Your wife told me you'd need some help for your first class.
896,0,1,4,5,1.2,0.22360679774997896,512,"Rugs are fine, but no hats."
896,0,1,4,5,1.2,0.22360679774997896,512,Yoga Cartwheels is in the Annex.
896,0,1,4,5,1.2,0.22360679774997896,512,where are the forty thieves?
896,0,1,4,5,1.2,0.22360679774997896,512,"""If that's the living room rug then you are about to do a very realistic Corpse Pose""."
896,0,1,4,5,1.2,0.22360679774997896,512,Trust me. Sometimes size DOES matter.
896,0,1,4,5,1.2,0.22360679774997896,512,I think you want the carpet cleaning place next door.
896,0,1,4,5,1.2,0.22360679774997896,512,"You don't have to go home, but you can't stretch here."
896,0,1,4,5,1.2,0.22360679774997896,512,"So, appears you can't spell Bedouin."
896,0,1,4,5,1.2,0.22360679774997896,512,Carpet bombing?
896,0,1,4,5,1.2,0.22360679774997896,512,You and the rug can stay but the socks have to leave.
896,0,1,4,5,1.2,0.22360679774997896,512,I know it's you first yoga experience but you don't need a training mat.
896,0,1,4,5,1.2,0.22360679774997896,512,"mat"" not ""Matt"
896,0,1,4,5,1.2,0.22360679774997896,512,You're looking for man cave yoga - that's three doors down.
896,0,1,4,5,1.2,0.22360679774997896,512,"I'm sorry, but our ""Mastering the Flying Carpet Course for Beginners"" is on Tuesdays."
896,0,1,4,5,1.2,0.22360679774997896,512,Air Aladdin is next door.
896,0,1,4,5,1.2,0.22360679774997896,512,"No, I'm pretty sure the degree of spiritual enlightenment you receive is NOT directly proportional to the size of your yoga mat."
896,0,1,4,5,1.2,0.22360679774997896,512,Sorry. we don't super-size it.
896,0,1,4,5,1.2,0.22360679774997896,512,We don't teach levitation
896,0,1,4,5,1.2,0.22360679774997896,512,So you're still mad me for showing up with that wicker basket at your game last week?
896,0,1,4,5,1.2,0.22360679774997896,512,"And while you're at it, you can take your recliner, flat screen TV and keg too."
896,0,1,4,5,1.2,0.22360679774997896,512,"I said, “One mat per person, not Persian!”"
896,0,1,4,5,1.2,0.22360679774997896,512,What do you have in there....Cleopatra?
896,0,1,4,5,1.2,0.22360679774997896,512,I'm going to go ahead and assume this is your first yoga class.
896,0,1,4,5,1.2,0.22360679774997896,512,Don’t ‘Lotus flower’ me.
896,0,1,4,5,1.2,0.22360679774997896,512,I understand you perspire a lot.
896,0,1,4,5,1.2,0.22360679774997896,512,'Super size me' is not an option.
896,0,1,4,5,1.2,0.22360679774997896,512,"Girl: "" What are you even doing?"" Boy: ""Yoga!"""
896,0,1,4,5,1.2,0.22360679774997896,512,I suggest you use a mat that's not older than yoga.
896,0,1,4,5,1.2,0.22360679774997896,512,Have you considered private lessons?
896,0,1,4,5,1.2,0.22360679774997896,512,"Fine, let's do fewer things together."
896,0,1,4,5,1.2,0.22360679774997896,512,"I'm pretty flexible, but this is pushing it."
896,0,1,4,5,1.2,0.22360679774997896,512,A Hummer with a Jersey plate was left outside with its lights on. I assume its yours.
896,0,1,4,5,1.2,0.22360679774997896,512,Alladin's class is next door.
896,0,1,4,5,1.2,0.22360679774997896,512,We do not have an area for fans!
896,0,1,4,5,1.2,0.22360679774997896,512,"Yes, we do promise after only one session you will carry your body differently."
896,0,1,4,5,1.2,0.22360679774997896,512,"I ORDERED A 2' BY 4', NOT AN 8' BY 10'"
896,0,1,4,5,1.2,0.22360679774997896,512,You don't say! The rug is Persian too!
896,0,1,4,5,1.2,0.22360679774997896,512,...and my name is Princess Jasmine but it's still too big!
896,0,1,4,5,1.2,0.22360679774997896,512,We're flexible here but not that flexible.
896,0,1,4,5,1.2,0.22360679774997896,512,"""Remnants only!"
896,0,1,4,5,1.2,0.22360679774997896,512,Afraid of a little spandex there fella?
896,0,1,4,5,1.2,0.22360679774997896,512,The flight school is down the hall.
896,0,1,4,5,1.2,0.22360679774997896,512,"No sir, carpet flying classes are next door."
896,0,1,4,5,1.2,0.22360679774997896,512,It's actually the attire that doesn't fit.
896,0,1,4,5,1.2,0.22360679774997896,512,"Jesus, Derek, do you have to overcompensate for everything?"
896,0,1,4,5,1.2,0.22360679774997896,512,Extreme Yoga is next door.
896,0,1,4,5,1.2,0.22360679774997896,512,Hot rug-burn yoga isn't until 3 o'clock.
896,0,1,4,5,1.2,0.22360679774997896,512,"No, no discount for having been to the mountain."
896,0,1,4,5,1.2,0.22360679774997896,512,The Hollywood Yoga place is next door.
896,0,1,4,5,1.2,0.22360679774997896,512,"No, a yoga mat and a Persian rug are not 'basically the same thing.'"
896,0,1,4,5,1.2,0.22360679774997896,512,I like that you stretch to the beat of a different tabla.
896,0,1,4,5,1.2,0.22360679774997896,512,"Listen , Trump Yoga is next door."
896,0,1,4,5,1.2,0.22360679774997896,512,"Your Anger Management Counselor warned us, you'd be coming."
896,0,1,4,5,1.2,0.22360679774997896,512,"And you weren't at all suspicious when you searched ""Yogi"" on eBay?"
896,0,1,4,5,1.2,0.22360679774997896,512,"Wait, don't tell me: the dog ate your mat?"
896,0,1,4,5,1.2,0.22360679774997896,512,Omar's place is next door...
896,0,1,4,5,1.2,0.22360679774997896,512,The 'Make Yoga Great Again!' class is downstairs.
896,0,1,4,5,1.2,0.22360679774997896,512,"No, we used to be ""Dress Down Yoga,"" but we changed management."
896,0,1,4,5,1.2,0.22360679774997896,512,Shag yoga is upstairs.
896,0,1,4,5,1.2,0.22360679774997896,512,We don't do downward facing elephant.
896,0,1,4,5,1.2,0.22360679774997896,512,This isn't a sleepover!
896,0,1,4,5,1.2,0.22360679774997896,512,Please lose the mattitude.
896,0,1,4,5,1.2,0.22360679774997896,512,"And also, there's those socks."
896,0,1,4,5,1.2,0.22360679774997896,512,"Sorry, the Intro for Midwesterners class starts at 10."
896,0,1,4,5,1.2,0.22360679774997896,512,"Sorry Aladdin, the beginners class is tomorrow."
896,0,1,4,5,1.2,0.22360679774997896,512,"No…its not just because you're ""for Donald Trump""."
896,0,1,4,5,1.2,0.22360679774997896,512,carpet yoga is one floor up.
896,0,1,4,5,1.2,0.22360679774997896,512,"Hey ladies, I think I figured out who left the seat up."
896,0,1,4,5,1.2,0.22360679774997896,512,"""Naw, must stay,"" Sandra insisted."
896,0,1,4,5,1.2,0.22360679774997896,512,"Today is gentle yoga, tomorrow we do a more rugged class."
896,0,1,4,5,1.2,0.22360679774997896,512,"Carpet burn yoga...that's down the hall, second door on the right."
896,0,1,4,5,1.2,0.22360679774997896,512,What? Your the one who said size doesn't matter.
896,0,1,4,5,1.2,0.22360679774997896,512,We're more about how good you look getting fit; not actually getting fit.
896,0,1,4,5,1.2,0.22360679774997896,512,We have a dress code.
896,0,1,4,5,1.2,0.22360679774997896,512,You can use the rug but the lounge chair and umbrella have to go.
896,0,1,4,5,1.2,0.22360679774997896,512,You know the rules. Only Lululemon brand accessories in this class.
896,0,1,4,5,1.2,0.22360679774997896,512,Fine. I get it. Size doesn't matter.
896,0,1,4,5,1.2,0.22360679774997896,512,"""No.....one mat with 8 people does not get you a group discount""."
896,0,1,4,5,1.2,0.22360679774997896,512,"This is Bow Down Yoga, Fly Down Yoga is next door."
896,0,1,4,5,1.2,0.22360679774997896,512,"Take the rug back home, honey"" she said. ""The carpet doesn't have to match the drapes in yoga"
896,0,1,4,5,1.2,0.22360679774997896,512,"What, no Barcalounger?"
896,0,1,4,5,1.2,0.22360679774997896,512,"You here for Persian yoga, or Oriental?"
896,0,1,4,5,1.2,0.22360679774997896,512,first timers usually bring their door mat.
896,0,1,4,5,1.2,0.22360679774997896,512,Is it made of natural fiber?
896,0,1,4,5,1.2,0.22360679774997896,512,There's no need to compensate here.
896,0,1,4,5,1.2,0.22360679774997896,512,Persian Yoga is two floors down.
896,0,1,4,5,1.2,0.22360679774997896,512,Your definition of mat needs an update.
896,0,1,4,5,1.2,0.22360679774997896,512,Do you have a spot facing Mecca?
896,0,1,4,5,1.2,0.22360679774997896,512,Now I'm gonna show those amateurs some REAL yoga
896,0,1,4,5,1.2,0.22360679774997896,512,I think this place is getting too flexible.
896,0,1,4,5,1.2,0.22360679774997896,512,Sorry for the typo - but there's no such thing as pot yoga.
896,0,1,4,5,1.2,0.22360679774997896,512,Perhaps you need to meditate with a Hoover first.
896,0,1,4,5,1.2,0.22360679774997896,512,I haven't changed as much as you've stood still.
896,0,1,4,5,1.2,0.22360679774997896,512,I don't care if you bought your yoga mat in India; you can't use it here.
896,0,1,4,5,1.2,0.22360679774997896,512,"""I heard that the big one might be coming but I was thinking earthquake or asteroid."
896,0,1,4,5,1.2,0.22360679774997896,512,Living in the past? Shag rug is so 80's!
896,0,1,4,5,1.2,0.22360679774997896,512,"No, I said it wouldn't be picnic."
896,0,1,4,5,1.2,0.22360679774997896,512,"A tatami, not an Afghan!"
896,0,1,4,5,1.2,0.22360679774997896,512,I'm guessing it's been a while since your last class.
896,0,1,4,5,1.2,0.22360679774997896,512,"This is yoga, not hooka."
896,0,1,4,5,1.2,0.22360679774997896,512,"In yoga, less is more and more is less."
896,0,1,4,5,1.2,0.22360679774997896,512,Rugged Yoga is next door.
896,0,1,4,5,1.2,0.22360679774997896,512,Perhaps you'd consider our flight school instead.
896,0,1,4,5,1.2,0.22360679774997896,512,Just say no to rugs.
896,0,1,4,5,1.2,0.22360679774997896,512,"We all deserve our own space, just not the entire room!"
896,0,1,4,5,1.2,0.22360679774997896,512,It's our conference table.
896,0,1,4,5,1.2,0.22360679774997896,512,Can't wait to see your water bottle.
896,0,1,4,5,1.2,0.22360679774997896,512,I am going to have to call you on the carpet before you set foot on it.
896,0,1,4,5,1.2,0.22360679774997896,512,We free our minds and soar. There's no flying.
896,0,1,4,5,1.2,0.22360679774997896,512,"Sit your asana down, and we'll get started."
896,0,1,4,5,1.2,0.22360679774997896,512,"Our website says we offer yoga and zumba classes here, not Roomba."
896,0,1,4,5,1.2,0.22360679774997896,512,You must be from Texas..
896,0,1,4,5,1.2,0.22360679774997896,512,"Donald, we know you have small hands, but you have nothing to prove."
896,0,1,4,5,1.2,0.22360679774997896,512,"We are all-accepting and all-loving, and you're not in uniform."
896,0,1,4,5,1.2,0.22360679774997896,512,No. You cannot do yoga here and face Mecca.
896,0,1,4,5,1.2,0.22360679774997896,512,And lose the baseball cap too.
896,0,1,4,5,1.2,0.22360679774997896,512,Where did you get your mat? Costco?
896,0,1,4,5,1.2,0.22360679774997896,512,If your yoga farts require such heavy dampening then we'd like you to work out at another studio.
896,0,1,4,5,1.2,0.22360679774997896,512,Namaste and chill later?
896,0,1,4,5,1.2,0.22360679774997896,512,Are you more interested in a magic carpet ride?
896,0,1,4,5,1.2,0.22360679774997896,512,"Sure, you can use that. We are pretty flexible."
896,0,1,4,5,1.2,0.22360679774997896,512,"I haven't gotten my paycheck, yet"
896,0,1,4,5,1.2,0.22360679774997896,512,We recommend a 60% wool blend shag carpet for beginners.
896,0,1,4,5,1.2,0.22360679774997896,512,I can see you're new to this class.
896,0,1,4,5,1.2,0.22360679774997896,512,"Bigger is not better around here, macho man."
896,0,1,4,5,1.2,0.22360679774997896,512,I'm concerned it might make some of the men feel inadequate.
896,0,1,4,5,1.2,0.22360679774997896,512,We don't currently offer any classes in manspreading.
896,0,1,4,5,1.2,0.22360679774997896,512,I'm gonna need more space.
896,0,1,4,5,1.2,0.22360679774997896,512,As long as it's made in China.
896,0,1,4,5,1.2,0.22360679774997896,512,Is your downward dog a Great Dane?
896,0,1,4,5,1.2,0.22360679774997896,512,I didn't say we CAN never share a mat. I said we WILL never share one.
896,0,1,4,5,1.2,0.22360679774997896,512,A magic carpet is okay but sweat is the conveyance here.
896,0,1,4,5,1.2,0.22360679774997896,512,"You know, we do more than just 'abide' in this class, don't you?"
896,0,1,4,5,1.2,0.22360679774997896,512,You seem Old School.
896,0,1,4,5,1.2,0.22360679774997896,512,"Sorry, flying carpets are not allowed."
896,0,1,4,5,1.2,0.22360679774997896,512,"Can we start now, or do we need to make more concessions to your masculinity?"
896,0,1,4,5,1.2,0.22360679774997896,512,The free range Dad Bod class is held outside.
896,0,1,4,5,1.2,0.22360679774997896,512,"Yes, I do think a flying carpet for your mat would be a distraction for the class."
896,0,1,4,5,1.2,0.22360679774997896,512,"We don't learn how to fly in the first class, Aladdin"
896,0,1,4,5,1.2,0.22360679774997896,512,You're going to need a smaller mat.
896,0,1,4,5,1.2,0.22360679774997896,512,Does the carpet match the drapes?
896,0,1,4,5,1.2,0.22360679774997896,512,Sorry you misunderstood Matt.
896,0,1,4,5,1.2,0.22360679774997896,512,Does your life coach know anything about yoga?
896,0,1,4,5,1.2,0.22360679774997896,512,"No Babu, the flying carpet class is on Thursdays"
896,0,1,4,5,1.2,0.22360679774997896,512,It's only a 30 minute session. There's no need to bring nesting material.
896,0,1,4,5,1.2,0.22360679774997896,512,You'll have to take your manspreading elsewhere.
896,0,1,4,5,1.2,0.22360679774997896,512,I'm going to have to charge you double.
896,0,1,4,5,1.2,0.22360679774997896,512,"No, I said I wanted to shift body fat, not a body!"
896,0,1,4,5,1.2,0.22360679774997896,512,The Flying Carpet lesson is next week.
896,0,1,4,5,1.2,0.22360679774997896,512,Aladdin's class doesn't start for another hour
896,0,1,4,5,1.2,0.22360679774997896,512,You might find Jumpin' Jack's Gym down the street a better fit.
896,0,1,4,5,1.2,0.22360679774997896,512,The flying carpet class meets on the roof.
896,0,1,4,5,1.2,0.22360679774997896,512,"Overcompensation is an obstacle to spiritual pathways, Sir."
896,0,1,4,5,1.2,0.22360679774997896,512,"In retrospect, this may have been too much of a stretch for a first date."
896,0,1,4,5,1.2,0.22360679774997896,512,"I'm sorry, you misheard the instructions, we said you'll need a mat, not a nap"
896,0,1,4,5,1.2,0.22360679774997896,512,"I’m sorry, the “magic carpet” area is not yet cleared for take-off."
896,0,1,4,5,1.2,0.22360679774997896,512,I see that you roll your own.
896,0,1,4,5,1.2,0.22360679774997896,512,Don't even think about it.
896,0,1,4,5,1.2,0.22360679774997896,512,"Sorry, coach, still a no. But nice improvement over the sod."
896,0,1,4,5,1.2,0.22360679774997896,512,"I think you've made a mistake. This is ""Bow Down Yoga,"" not ""Bedouin Yoga."""
896,0,1,4,5,1.2,0.22360679774997896,512,"It's 'Bow Down Yoga,' not 'Have It Your Way Yoga.'"
896,0,1,4,5,1.2,0.22360679774997896,512,Let's start with downward-facing Saint Bernard.
896,0,1,4,5,1.2,0.22360679774997896,512,"Close your eyes, man; look inside, man; let the ground take you away."
896,0,1,4,5,1.2,0.22360679774997896,512,"I said we could help with your Karma, not your Kirman!"
896,0,1,4,5,1.2,0.22360679774997896,512,I can’t deal with you.
896,0,1,4,5,1.2,0.22360679774997896,512,"I'm sorry, but the ad clearly said, 'Enjoy the comforts of Om.'"
896,0,1,4,5,1.2,0.22360679774997896,512,"Namaste. The centre's special 'yoga for chubby, clueless beginners' class is next door."
896,0,1,4,5,1.2,0.22360679774997896,512,Living large and yoga don't mix.
896,0,1,4,5,1.2,0.22360679774997896,512,The high-testosterone class is at 11:30.
896,0,1,4,5,1.2,0.22360679774997896,512,Antique Roadshow is right across the street!
896,0,1,4,5,1.2,0.22360679774997896,512,Make like a tree pose and get out of here.
896,0,1,4,5,1.2,0.22360679774997896,512,You're right--they don't make them like they used to.
896,0,1,4,5,1.2,0.22360679774997896,512,"No, you can't just hang out here with friends."
896,0,1,4,5,1.2,0.22360679774997896,512,"Unless there's someone named Matt rolled up in there, you misinterpreted my instructions."
896,0,1,4,5,1.2,0.22360679774997896,512,That goes next door at the Bow Wow boutique
896,0,1,4,5,1.2,0.22360679774997896,512,I'd really like to help you out. Which way did you come in?
896,0,1,4,5,1.2,0.22360679774997896,512,"This is a "" Yoga Meditation Exercise Gym Class"", not a Muslim ""Call To Prayer""-- No shouting out, "" Allah-ou-Akbar ! Please !?!"
896,0,1,4,5,1.2,0.22360679774997896,512,Size does not matter here.
896,0,1,4,5,1.2,0.22360679774997896,512,Are you trying to overcompensate for something?
896,0,1,4,5,1.2,0.22360679774997896,512,"Now you know why Shavasana translates as ""corpse pose."""
896,0,1,4,5,1.2,0.22360679774997896,512,Your transport awaits.
896,0,1,4,5,1.2,0.22360679774997896,512,Don't let Trump see it. He'll think you're praying.
896,0,1,4,5,1.2,0.22360679774997896,512,"If you do downward dog on the carpet again, I will hit you on the nose with this rolled up newspaper."
896,0,1,4,5,1.2,0.22360679774997896,512,Just remember to take off your shoes.
896,0,1,4,5,1.2,0.22360679774997896,512,"I understand that you have the biggest one in the gym, but you are not going to put it in MY spot."
896,0,1,4,5,1.2,0.22360679774997896,512,"Sorry, I don't date yoga bros anymore."
896,0,1,4,5,1.2,0.22360679774997896,512,Compensating for low chi?
896,0,1,4,5,1.2,0.22360679774997896,512,You're late. You were supposed to bring that to my belly dancing class.
896,0,1,4,5,1.2,0.22360679774997896,512,Size doesn't matter...especially here.
896,0,1,4,5,1.2,0.22360679774997896,512,We only do throwbacks on Thursdays.
896,0,1,4,5,1.2,0.22360679774997896,512,"No, broga is on Thursdays."
896,0,1,4,5,1.2,0.22360679774997896,512,FLYING CARPETS YOGA is two blocks up the hill.
896,0,1,4,5,1.2,0.22360679774997896,512,This is really going to throw off my savasana.
896,0,1,4,5,1.2,0.22360679774997896,512,"""I don't care how big it is - put on some yoga pants""."
896,0,1,4,5,1.2,0.22360679774997896,512,Rough and Tumble Yoga meets on Tuesdays.
896,0,1,4,5,1.2,0.22360679774997896,512,"Nice try, but I'm dating a guy with a 12 x 8 rug."
896,0,1,4,5,1.2,0.22360679774997896,512,You're never going to find your inner chakra on that!
896,0,1,4,5,1.2,0.22360679774997896,512,I thought you meant you had a toupee.
896,0,1,4,5,1.2,0.22360679774997896,512,Just a word of caution - our membership rates vary by mat size.
896,0,1,4,5,1.2,0.22360679774997896,512,"The flier said ""raja"" yoga, not ""rug-a"" yoga."
896,0,1,4,5,1.2,0.22360679774997896,512,Isn't the team going to miss their astro turf.
896,0,1,4,5,1.2,0.22360679774997896,512,you only need a mat not a rug.
896,0,1,4,5,1.2,0.22360679774997896,512,"Hi madam, My name's Wilbur, and I'm here to join your yoga class. I figure, if all else fails me, I can count on my magic carpet."
896,0,1,4,5,1.2,0.22360679774997896,512,The baseball tryouts are in the field behind this building..... I believe they asked that you bring your own BAT.
896,0,1,4,5,1.2,0.22360679774997896,512,You're new here. Right?
896,0,1,4,5,1.2,0.22360679774997896,512,"No, Kama Sutra class is in Studio B."
896,0,1,4,5,1.2,0.22360679774997896,512,The adult nap time class starts at 2:00.
896,0,1,4,5,1.2,0.22360679774997896,512,"No, I'm sorry. We don't offer group rates."
896,0,1,4,5,1.2,0.22360679774997896,512,"Sorry, but posers aren't welcome here."
896,0,1,4,5,1.2,0.22360679774997896,512,"No, I'm pretty sure yoga comes from further east."
896,0,1,4,5,1.2,0.22360679774997896,512,This isn't feng shui yoga.
896,0,1,4,5,1.2,0.22360679774997896,512,The Big Lebowski body roll class begins Saturday.
896,0,1,4,5,1.2,0.22360679774997896,512,Are you sure you've never been here before?
896,0,1,4,5,1.2,0.22360679774997896,512,I meant Pahlavani when I told you about Persian yoga.
896,0,1,4,5,1.2,0.22360679774997896,512,"Sorry, we are no longer accepting Groupon"
896,0,1,4,5,1.2,0.22360679774997896,512,"JOE, IN THIS CLUB, WE EXERCISE, NOT SLEEP."
896,0,1,4,5,1.2,0.22360679774997896,512,"""You can't wear shoes in here."
896,0,1,4,5,1.2,0.22360679774997896,512,"Carl, can you take a break yanging my yin?"
896,0,1,4,5,1.2,0.22360679774997896,512,Wrong religion Larry!
896,0,1,4,5,1.2,0.22360679774997896,512,"No, Ryan, you may not invite the babes to hot yoga on your magic carpet."
896,0,1,4,5,1.2,0.22360679774997896,512,Those socks are all wrong.
896,0,1,4,5,1.2,0.22360679774997896,512,First time at a yoga class?
896,0,1,4,5,1.2,0.22360679774997896,512,"No, I don't want a magic carpet ride."
896,0,1,4,5,1.2,0.22360679774997896,512,"Did you seriously just say the word ""Oriental?"""
896,0,1,4,5,1.2,0.22360679774997896,512,I'm glad you could make it Cleo.
896,0,1,4,5,1.2,0.22360679774997896,512,No shoes please
896,0,1,4,5,1.2,0.22360679774997896,512,"Did you bring enough rug for the whole class, Stevie?"
896,0,1,4,5,1.2,0.22360679774997896,512,For your information. Yoga is not a spectator sport.
896,0,1,4,5,1.2,0.22360679774997896,512,We've already feng shuied this room.
896,0,1,4,5,1.2,0.22360679774997896,512,"Listen, Dude. That rug is not going to tie the whole place together."
896,0,1,4,5,1.2,0.22360679774997896,512,It's just not about turf wars.
896,0,1,4,5,1.2,0.22360679774997896,512,"Not unless it's a genuine, pre-20th century, Persian rug."
896,0,1,4,5,1.2,0.22360679774997896,512,Whatever.
896,0,1,4,5,1.2,0.22360679774997896,512,"No, I don't want to go on a magic carpet ride with you."
896,0,1,4,5,1.2,0.22360679774997896,512,Don't make me go to the mat over this one.
896,0,1,4,5,1.2,0.22360679774997896,512,"Kevin, this is almost as bad as when you showed up at my Jazzercise class with your trombone."
896,0,1,4,5,1.2,0.22360679774997896,512,Bro-ga is on Tuesdays.
896,0,1,4,5,1.2,0.22360679774997896,512,I think your looking for Boogie Down Yoga across the street.
896,0,1,4,5,1.2,0.22360679774997896,512,You're late because breezy way classes for giant rug yoga ended for hicks with hats yesterday.
896,0,1,4,5,1.2,0.22360679774997896,512,"No sir, that is a rug. You can't achieve inner peace on a rug, I'm sorry."
896,0,1,4,5,1.2,0.22360679774997896,512,"Unfortunately, we don't admit posers"
896,0,1,4,5,1.2,0.22360679774997896,512,Mine's bigger than yours!
896,0,1,4,5,1.2,0.22360679774997896,512,Welcome! Is this your first time here?
896,0,1,4,5,1.2,0.22360679774997896,512,Is this your first day?
896,0,1,4,5,1.2,0.22360679774997896,512,"Be careful, you don't want to get rug burn"
896,0,1,4,5,1.2,0.22360679774997896,512,"Okay, but we do charge by the square foot."
896,0,1,4,5,1.2,0.22360679774997896,512,"Now that I've got the wiseacre, where should I put him?"
896,0,1,4,5,1.2,0.22360679774997896,512,"I don't care if you are an artisan bread baker for Subway, you're not using that mat."
896,0,1,4,5,1.2,0.22360679774997896,512,We all sweat a lot. You still can't use a ShamWow rug.
896,0,1,4,5,1.2,0.22360679774997896,512,"This is hot yoga, not poor yoga."
896,0,1,4,5,1.2,0.22360679774997896,512,Yoga keeps us grounded. Flying carpets is next week.
896,0,1,4,5,1.2,0.22360679774997896,512,"Welcome to a whole new world , my name is Jasmine and I'll be your instructor."
896,0,1,4,5,1.2,0.22360679774997896,512,Staying at home was also an option.
896,0,1,4,5,1.2,0.22360679774997896,512,"""Sutra"" self"
896,0,1,4,5,1.2,0.22360679774997896,512,You know what to do with the body...and you can keep the rug
896,0,1,4,5,1.2,0.22360679774997896,512,You better not look at my hot butt again today!
896,0,1,4,5,1.2,0.22360679774997896,512,You are zeroing in but keep toning down.
896,0,1,4,5,1.2,0.22360679774997896,512,Flying lessons are extra
896,0,1,4,5,1.2,0.22360679774997896,512,"Nama-leave, please."
896,0,1,4,5,1.2,0.22360679774997896,512,The Discount Oriental Rug Emporium is two doors down.
896,0,1,4,5,1.2,0.22360679774997896,512,"A ""first class"" yoga section using Oriental rugs instead of mats is not an idea I'd be interested in considering."
896,0,1,4,5,1.2,0.22360679774997896,512,The Widespread Panic concert is in the park across the street.
896,0,1,4,5,1.2,0.22360679774997896,512,"I don't know what you've been smoking, but this is NOT flying carpet class!"
896,0,1,4,5,1.2,0.22360679774997896,512,"C'mon, man. It really ties the studio together."
896,0,1,4,5,1.2,0.22360679774997896,512,You are yoga but not our sort of yoga.
896,0,1,4,5,1.2,0.22360679774997896,512,"Here's the deal, you pay the fee, you buy the mat and, then I don't care what you do."
896,0,1,4,5,1.2,0.22360679774997896,512,"Dump her in the swamp, but hurry back. Bikram starts in five."
896,0,1,4,5,1.2,0.22360679774997896,512,"I don't care if it did belong to your granny, it is not acceptable here."
896,0,1,4,5,1.2,0.22360679774997896,512,"Okay Aladdin, unless that thing hovers over the class I suggest you get a normal sized mat like everyone else."
896,0,1,4,5,1.2,0.22360679774997896,512,don't bother trying to impress me with your thread count. ...
896,0,1,4,5,1.2,0.22360679774997896,512,You should know that my class is no magic carpet ride.
896,0,1,4,5,1.2,0.22360679774997896,512,How big it is doesn't matter.
896,0,1,4,5,1.2,0.22360679774997896,512,Absolutely not! The last guy left with a woman rolled up inside.
896,0,1,4,5,1.2,0.22360679774997896,512,I'd rather eat glass than fly with you to India.
896,0,1,4,5,1.2,0.22360679774997896,512,"So you're the Billy Elliot of yoga, huh?"
896,0,1,4,5,1.2,0.22360679774997896,512,"Put that in the corner. It's for my dog, Downward."
896,0,1,4,5,1.2,0.22360679774997896,512,You will be charged double for that sized mat!
896,0,1,4,5,1.2,0.22360679774997896,512,This is a judgment free zone but your mat's too big.
896,0,1,4,5,1.2,0.22360679774997896,512,For you we'd recommend the Stay At Home program.
896,0,1,4,5,1.2,0.22360679774997896,512,"You're making us, like, way too uptight."
896,0,1,4,5,1.2,0.22360679774997896,512,"No, we do NOT do Kama Sutra here!"
896,0,1,4,5,1.2,0.22360679774997896,512,Is this your first time at yoga?
896,0,1,4,5,1.2,0.22360679774997896,512,You're looking for die in the wool yoga
896,0,1,4,5,1.2,0.22360679774997896,512,We don't teach the Persian Hostage Pose.
896,0,1,4,5,1.2,0.22360679774997896,512,"Not in my class—unless it's fair trade, of course."
896,0,1,4,5,1.2,0.22360679774997896,512,Did someone call Uber Carpet Rides?
896,0,1,4,5,1.2,0.22360679774997896,512,Planning to abduct someone?
896,0,1,4,5,1.2,0.22360679774997896,512,"You are just off by a few blocks, Aladdin."
896,0,1,4,5,1.2,0.22360679774997896,512,"...And take off your cap, too."
896,0,1,4,5,1.2,0.22360679774997896,512,The Mosque is down the road.
896,0,1,4,5,1.2,0.22360679774997896,512,"Over-compensating for something, are we?"
896,0,1,4,5,1.2,0.22360679774997896,512,Nice mat Aladdin.
896,0,1,4,5,1.2,0.22360679774997896,512,I'm calling you off the carpet.
896,0,1,4,5,1.2,0.22360679774997896,512,"Namaste yourself, big boy. Get out of my studio."
896,0,1,4,5,1.2,0.22360679774997896,512,You can tell Aladdin there is a whole new yoga studio down the block.
896,0,1,4,5,1.2,0.22360679774997896,512,"This is Yoga class, not a Dry cleaner"
896,0,1,4,5,1.2,0.22360679774997896,512,"The first thing is to inhale through your nose, then exhale out the door."
896,0,1,4,5,1.2,0.22360679774997896,512,Not a good idea if that's an Iranian prayer rug.
896,0,1,4,5,1.2,0.22360679774997896,512,"No, we don't need a fuller rug."
896,0,1,4,5,1.2,0.22360679774997896,512,I think we are going to have to charge you for two!
896,0,1,4,5,1.2,0.22360679774997896,512,I'm afraid that's too much of a stretch.
896,0,1,4,5,1.2,0.22360679774997896,512,"Sorry, we don't teach the ""Tie the Room Together"" position."
896,0,1,4,5,1.2,0.22360679774997896,512,That doesn't look like it's from Lululemon...
896,0,1,4,5,1.2,0.22360679774997896,512,The Buddha didn't say much about the Homestead Act.
896,0,1,4,5,1.2,0.22360679774997896,512,You're determined to find your bliss?
896,0,1,4,5,1.2,0.22360679774997896,512,No shoes in the yoga class
896,0,1,4,5,1.2,0.22360679774997896,512,You will be either the greatest or the most ridiculous student in the history of yoga.
896,0,1,4,5,1.2,0.22360679774997896,512,"Let me guess, your name is Aladdin."
896,0,1,4,5,1.2,0.22360679774997896,512,Are you going to bring your Barcalounger too?
896,0,1,4,5,1.2,0.22360679774997896,512,"How do I say this...that's NOT a yoga mat. THAT is a conversation starter with your therapist."""
896,0,1,4,5,1.2,0.22360679774997896,512,"No Roger, not those Indians."
896,0,1,4,5,1.2,0.22360679774997896,512,"If its a magic carpet, make it smaller."
896,0,1,4,5,1.2,0.22360679774997896,512,"Carefull,I can still see his feet."
896,0,1,4,5,1.2,0.22360679774997896,512,I hope that's a flying carpet and you're lost.
896,0,1,4,5,1.2,0.22360679774997896,512,M A T. Not R U G.
896,0,1,4,5,1.2,0.22360679774997896,512,"It's OK, everyone looks great in yoga pants."
896,0,1,4,5,1.2,0.22360679774997896,512,You can get rid of the stiff out back.
896,0,1,4,5,1.2,0.22360679774997896,512,"I can overlook the outfit and the rug, but 'Take Me Out to the Ballgame' is not a mantra!"
896,0,1,4,5,1.2,0.22360679774997896,512,"I just watched ""The Big Lebowski."""
896,0,1,4,5,1.2,0.22360679774997896,512,We only give yoga lessons. Flying lessons are two doors down.
896,0,1,4,5,1.2,0.22360679774997896,512,Flying carpet training is next door.
896,0,1,4,5,1.2,0.22360679774997896,512,"I don't care if it flew you from Bagdad to Laguardia, it's still too lumpy to use here."
896,0,1,4,5,1.2,0.22360679774997896,512,Please remove your shoes.
896,0,1,4,5,1.2,0.22360679774997896,512,"Carpetbagging meditation, we're not!"
896,0,1,4,5,1.2,0.22360679774997896,512,Did you remember your coconut water?
896,0,1,4,5,1.2,0.22360679774997896,512,You'll give everyone rug envy.
896,0,1,4,5,1.2,0.22360679774997896,512,Without a beard you will always be that creepy guy in yoga class.
896,0,1,4,5,1.2,0.22360679774997896,512,"In yoga, size does not matter. Namaste."
896,0,1,4,5,1.2,0.22360679774997896,512,"You might want to try Berra Yoga instead, down the street."
896,0,1,4,5,1.2,0.22360679774997896,512,The broga class is at ten.
896,0,1,4,5,1.2,0.22360679774997896,512,"No, you may not bring a pillow next time."
896,0,1,4,5,1.2,0.22360679774997896,512,"The cap is a distraction, it has to go."
896,0,1,4,5,1.2,0.22360679774997896,512,I can help you with the poses but not your fashion sense!
896,0,1,4,5,1.2,0.22360679774997896,512,The difference is... your mother is wrong and I am right... again!
896,0,1,4,5,1.2,0.22360679774997896,512,The 'Yoga For Clueless Guys Level 1' class is in the next room
896,0,1,4,5,1.2,0.22360679774997896,512,This is Bikram yoga; Berber yoga is next door.
896,0,1,4,5,1.2,0.22360679774997896,512,This isn't a grateful dead concert
896,0,1,4,5,1.2,0.22360679774997896,512,You do realize this is a no-fly zone.
896,0,1,4,5,1.2,0.22360679774997896,512,"Our instructor, Mr Baba, sbould help you overcome your fear of flying!"
896,0,1,4,5,1.2,0.22360679774997896,512,I have a delivery for Cheech and Chong.
896,0,1,4,5,1.2,0.22360679774997896,512,I think you're looking for the advanced class.
896,0,1,4,5,1.2,0.22360679774997896,512,You're what kind of Doctor?
896,0,1,4,5,1.2,0.22360679774997896,512,The hat's got to go
896,0,1,4,5,1.2,0.22360679774997896,512,We don't encourage manspreading here.
896,0,1,4,5,1.2,0.22360679774997896,512,Are you here to do yoga or to be Aladdin?
896,0,1,4,5,1.2,0.22360679774997896,512,"Yes normally that's true, but with this I am not flexible"
1592,0,2,9,11,1.1818181818181819,0.12196734422726127,512,Got it on Craigslist.
1592,0,2,9,11,1.1818181818181819,0.12196734422726127,512,I think your mantra is defective.
1592,0,2,9,11,1.1818181818181819,0.12196734422726127,512,How did you get through the Idiot Detector?
1595,0,1,5,6,1.1666666666666667,0.18257418583505536,512,A mat is not a status symbol here.
1595,0,1,5,6,1.1666666666666667,0.18257418583505536,512,"Nice reclaimed mat, where'd you get it, your grandmother's house?"
1595,0,1,5,6,1.1666666666666667,0.18257418583505536,512,"ok, yours is bigger than mine. now what."
1595,0,1,5,6,1.1666666666666667,0.18257418583505536,512,Relax. Magic Carpet 101 is just down the hall -- second door on the right.
1595,0,1,5,6,1.1666666666666667,0.18257418583505536,512,"Oh, I'm sorry, Magic Carpet Flow was at 9."
1595,0,1,5,6,1.1666666666666667,0.18257418583505536,512,"Thanks for coming to today's doga class, but next week you must bring your dog to participate."
1595,0,1,5,6,1.1666666666666667,0.18257418583505536,512,"In the future, Ms. Cleopatra, you are going to need to use the front door like everyone else."
1595,0,1,5,6,1.1666666666666667,0.18257418583505536,512,"Magic carpet class is next door, sir."
1595,0,1,5,6,1.1666666666666667,0.18257418583505536,512,Cute. Did you bring you chez lounge as well?
1595,0,1,5,6,1.1666666666666667,0.18257418583505536,512,I'll allow you to use it. But it's not a short cut to mindful levitation.
1595,0,1,5,6,1.1666666666666667,0.18257418583505536,512,"Sorry, we don't have space for someone who wants to use us as a take-off and landing pad."
1595,0,1,5,6,1.1666666666666667,0.18257418583505536,512,No-más-stay.
1595,0,1,5,6,1.1666666666666667,0.18257418583505536,512,The outfit is O.K. but NO on the mat.
1595,0,1,5,6,1.1666666666666667,0.18257418583505536,512,I refuse to go broke shopping at lululemon.
1595,0,1,5,6,1.1666666666666667,0.18257418583505536,512,You must be the ‘non-Prius guy’.
1595,0,1,5,6,1.1666666666666667,0.18257418583505536,512,"Coach I know it's a close team, but they all need their own mats."
1595,0,1,5,6,1.1666666666666667,0.18257418583505536,512,"Well, OK, but only because you drive a Subaru."
1595,0,1,5,6,1.1666666666666667,0.18257418583505536,512,I appreciate your cultural heritage but size does matter.
1595,0,1,5,6,1.1666666666666667,0.18257418583505536,512,"No, we don't supply padding."
1595,0,1,5,6,1.1666666666666667,0.18257418583505536,512,"""Your wife called. She fell and broke her hip climbing out of the shower""."
1595,0,1,5,6,1.1666666666666667,0.18257418583505536,512,I know no one likes to be called on the carpet...
1595,0,1,5,6,1.1666666666666667,0.18257418583505536,512,I meant finding your comfort zone in the spiritual sense.
1595,0,1,5,6,1.1666666666666667,0.18257418583505536,512,Your mat is culturally incorrect.
1595,0,1,5,6,1.1666666666666667,0.18257418583505536,512,"Today we will tackle Downward Dog, next week...manspreading."
1595,0,1,5,6,1.1666666666666667,0.18257418583505536,512,The unintended consequence of improving our relationship with Iran.
1595,0,1,5,6,1.1666666666666667,0.18257418583505536,512,You've mistaken us for Textured Plush Yoga down in SoHo.
1595,0,1,5,6,1.1666666666666667,0.18257418583505536,512,"Look - if trump can be elected president, I can say no afghan ...rugs"
1595,0,1,5,6,1.1666666666666667,0.18257418583505536,512,Namaste. That means beat it.
1595,0,1,5,6,1.1666666666666667,0.18257418583505536,512,"Don't worry, after just a few classes you will be much more flexible."
1595,0,1,5,6,1.1666666666666667,0.18257418583505536,512,"Sorry, but your comfort level must not exceed what we provide here."
1595,0,1,5,6,1.1666666666666667,0.18257418583505536,512,"I don't care if your mat is 100 percent Kashmir, we insist on polystyrene here!"
1595,0,1,5,6,1.1666666666666667,0.18257418583505536,512,"While I appreciate that you have personal space issues, ..."
1595,0,1,5,6,1.1666666666666667,0.18257418583505536,512,"Namaste, dude."
1595,0,1,5,6,1.1666666666666667,0.18257418583505536,512,"""It's what Trump would do,"" does not give the right to take up more real estate than the rest of the class."
1595,0,1,5,6,1.1666666666666667,0.18257418583505536,512,I'm afraid we can't do anything about your girlfriend's body now.
1595,0,1,5,6,1.1666666666666667,0.18257418583505536,512,Get a grip! I'm paying $125 a square foot to rent this place.
1595,0,1,5,6,1.1666666666666667,0.18257418583505536,512,You look more junkyard dog than downward dog
1595,0,1,5,6,1.1666666666666667,0.18257418583505536,512,"Hi Phillip, our Ashtanga economy plus class only meets on Tuesdays and Thursdays."
1595,0,1,5,6,1.1666666666666667,0.18257418583505536,512,"Yes, I remember you well from Overachievers Anonymous."
1595,0,1,5,6,1.1666666666666667,0.18257418583505536,512,"Tube socks with stripes went out in the 1980s, you really need to leave."
1595,0,1,5,6,1.1666666666666667,0.18257418583505536,512,Are you Matt?
1595,0,1,5,6,1.1666666666666667,0.18257418583505536,512,No problem—we're very flexible.
1595,0,1,5,6,1.1666666666666667,0.18257418583505536,512,"I don't care what they said on Ebay, that's not an antique yoga mat."
1595,0,1,5,6,1.1666666666666667,0.18257418583505536,512,"Oh, did you bring your grandma's yoga mat?"
1595,0,1,5,6,1.1666666666666667,0.18257418583505536,512,To practice here you need to be outfitted in Lululemon.
1595,0,1,5,6,1.1666666666666667,0.18257418583505536,512,please place your shoes and hat at the entrance
1595,0,1,5,6,1.1666666666666667,0.18257418583505536,512,The Carpet Yoga class is down the hall.
1595,0,1,5,6,1.1666666666666667,0.18257418583505536,512,You know what they say about men with rugs
1595,0,1,5,6,1.1666666666666667,0.18257418583505536,512,"So, you're delivering Donald Trump's yoga mat?"
1595,0,1,5,6,1.1666666666666667,0.18257418583505536,512,Our full contact body slam yoga class is on Tuesday nights.
1595,0,1,5,6,1.1666666666666667,0.18257418583505536,512,I’m sorry. ‘Dead’ is the one body type not welcome here.
1595,0,1,5,6,1.1666666666666667,0.18257418583505536,512,Can we please just go see a movie?
1595,0,1,5,6,1.1666666666666667,0.18257418583505536,512,Please stop trying to 'Make Yoga Great Again'
1595,0,1,5,6,1.1666666666666667,0.18257418583505536,512,Our beginner's class is on the first floor.
1595,0,1,5,6,1.1666666666666667,0.18257418583505536,512,We're a strict no-frills yoga studio.
1595,0,1,5,6,1.1666666666666667,0.18257418583505536,512,"Larry, in here size doesn't matter."
1595,0,1,5,6,1.1666666666666667,0.18257418583505536,512,You 'enlightened'? Not when your carpet is made of non-sustainable fibers.
1595,0,1,5,6,1.1666666666666667,0.18257418583505536,512,"Where do youse guys normally dispose of your used, uh, yoga mats?"
1595,0,1,5,6,1.1666666666666667,0.18257418583505536,512,You seem to have yoga mat envy
1595,0,1,5,6,1.1666666666666667,0.18257418583505536,512,"...While I appreciate that yours is a magic carpet, we only allow the use of simple matts that complete the necessary illusion of proper suffering."
1595,0,1,5,6,1.1666666666666667,0.18257418583505536,512,The Agoy Nwod Wob rug gallery is next door.
1595,0,1,5,6,1.1666666666666667,0.18257418583505536,512,...do I need to take my shoes off?
1595,0,1,5,6,1.1666666666666667,0.18257418583505536,512,"Sorry, your mat is not ergonomically correct."
1595,0,1,5,6,1.1666666666666667,0.18257418583505536,512,"I'm sorry sir, but I've never seen The Big Lebowski."
1595,0,1,5,6,1.1666666666666667,0.18257418583505536,512,"No, in this case size really doesn't matter."
1595,0,1,5,6,1.1666666666666667,0.18257418583505536,512,"Now, remember, ditch the body, burn the rug, and disappear for a couple of days!"
1595,0,1,5,6,1.1666666666666667,0.18257418583505536,512,"You'll have to come back tomorrow, Ms. Antoinette just called in sick."
1595,0,1,5,6,1.1666666666666667,0.18257418583505536,512,I see you've mastered the corpse pose
1595,0,1,5,6,1.1666666666666667,0.18257418583505536,512,"Ah--next door, Trump Tower."
1595,0,1,5,6,1.1666666666666667,0.18257418583505536,512,Manspreading is reserved for our advanced class.
1595,0,1,5,6,1.1666666666666667,0.18257418583505536,512,I think you are a little lost. The ballet studio is next door
1595,0,1,5,6,1.1666666666666667,0.18257418583505536,512,Interior decorating is in the next building over.
1595,0,1,5,6,1.1666666666666667,0.18257418583505536,512,"Okay, Donald, you win. Yours is bigger than mine."
1595,0,1,5,6,1.1666666666666667,0.18257418583505536,512,"The term ""Double Wide"" doesn't apply here.....at all."
1595,0,1,5,6,1.1666666666666667,0.18257418583505536,512,Do you really think a cup was necessary?
1595,0,1,5,6,1.1666666666666667,0.18257418583505536,512,Personal yoga mat style is not a constitutional right.
1595,0,1,5,6,1.1666666666666667,0.18257418583505536,512,"I don't care even if it's a flying carpet, I'm not going out with you."
1595,0,1,5,6,1.1666666666666667,0.18257418583505536,512,You're early... Persian Yoga begins in an hour.
1595,0,1,5,6,1.1666666666666667,0.18257418583505536,512,And when will Mr. Trump be arriving?
1595,0,1,5,6,1.1666666666666667,0.18257418583505536,512,"Where's your mat towel, and your yoga-specific clothes, and your water bottle, and are you breathing through your nose?"
1595,0,1,5,6,1.1666666666666667,0.18257418583505536,512,I'm sorry but your rug is too big!
1595,0,1,5,6,1.1666666666666667,0.18257418583505536,512,Hookah Yoga is across the street.
1595,0,1,5,6,1.1666666666666667,0.18257418583505536,512,The only way a woman can get a man to bow down to her is if she's his Yoga instructor
1595,0,2,10,12,1.1666666666666667,0.11236664374387371,512,I get it: you're angry with the donor-class Yoga establishment.
1595,0,1,5,6,1.1666666666666667,0.18257418583505536,512,Cleopatra just left
1595,0,1,5,6,1.1666666666666667,0.18257418583505536,512,Namaste can only happen in my natural element.
1595,0,1,5,6,1.1666666666666667,0.18257418583505536,512,"Yes, we can help you lose your roll."
1595,0,1,5,6,1.1666666666666667,0.18257418583505536,512,"This is yoga class, not body disposal."
1595,0,1,5,6,1.1666666666666667,0.18257418583505536,512,"Seriously? That's your yoga mat? It had better be hypo-allergenic, that's all I'm saying..."
1595,0,1,5,6,1.1666666666666667,0.18257418583505536,512,What's the thread count?
1595,0,1,5,6,1.1666666666666667,0.18257418583505536,512,I see…you’re the one from out of town I sold the yoga mat to on Craigslist
1595,0,1,5,6,1.1666666666666667,0.18257418583505536,512,Mecca is out the window to the Southeast.
1595,0,1,5,6,1.1666666666666667,0.18257418583505536,512,An ancient Indian practice in a modern American studio is diversity enough!
1595,0,1,5,6,1.1666666666666667,0.18257418583505536,512,Are you new to yoga?
1595,0,1,5,6,1.1666666666666667,0.18257418583505536,512,Ever heard of rug burn?
1595,0,1,5,6,1.1666666666666667,0.18257418583505536,512,"Ii bought this at a garage sale, it was Jackie Gleason's tailor made yoga mat"
1595,0,1,5,6,1.1666666666666667,0.18257418583505536,512,No baseball caps allowed.
1595,0,1,5,6,1.1666666666666667,0.18257418583505536,512,We don't smoke and we don't chew and we don't lay with the boys that do.
1595,0,1,5,6,1.1666666666666667,0.18257418583505536,512,Bet that's your Hummer out front.
1595,0,1,5,6,1.1666666666666667,0.18257418583505536,512,"Where did you get your paleo, non-GMO, organic, latex-free mat?"
1595,0,1,5,6,1.1666666666666667,0.18257418583505536,512,It's not a competition.
1595,0,1,5,6,1.1666666666666667,0.18257418583505536,512,I'm going to put a leash on your Down Dog if you keep marking your territory this way.
1595,0,1,5,6,1.1666666666666667,0.18257418583505536,512,"I don't care if you brought it, or it brought you."
1595,0,1,5,6,1.1666666666666667,0.18257418583505536,512,"I'm sorry. ""Bow Down"" does not condone rugged individualism."
1595,0,1,5,6,1.1666666666666667,0.18257418583505536,512,"No, no stomp class here. Try Drumpf's carpet bagging."
1595,0,1,5,6,1.1666666666666667,0.18257418583505536,512,"No, a large carpet will not make dual downward dog possible."
1595,0,1,5,6,1.1666666666666667,0.18257418583505536,512,I can't wait to see your 'yoga blocks'.
1595,0,1,5,6,1.1666666666666667,0.18257418583505536,512,"Sorry, sir. We don’t allow any manspreading in this class."
1595,0,1,5,6,1.1666666666666667,0.18257418583505536,512,"Bob,this class might not be for you."
1595,0,1,5,6,1.1666666666666667,0.18257418583505536,512,You must be at the wrong place. Man Cave Yoga is 2 blocks over.
1595,0,1,5,6,1.1666666666666667,0.18257418583505536,512,Sorry. We don't allow baseball caps in here.
1595,0,1,5,6,1.1666666666666667,0.18257418583505536,512,No hats.
1595,0,1,5,6,1.1666666666666667,0.18257418583505536,512,The hat's okay but you need to take off your shoes.
1595,0,1,5,6,1.1666666666666667,0.18257418583505536,512,"See, this is what I mean -- you don't understand me, Norman."
1595,0,1,5,6,1.1666666666666667,0.18257418583505536,512,"Welcome, our first Trump supporter!"
1595,0,1,5,6,1.1666666666666667,0.18257418583505536,512,We don't allow man spread in our yoga class.
1595,0,1,5,6,1.1666666666666667,0.18257418583505536,512,"``You appear crude, even vulgar. But if you can breathe and relax when ordered, you'll find only love at Bow Down.''"
1595,0,1,5,6,1.1666666666666667,0.18257418583505536,512,Are you sure you were in a Lululemon?
1595,0,1,5,6,1.1666666666666667,0.18257418583505536,512,You'll find the hot yoga class down the hall...next to the fireplace and easy chair.
1595,0,1,5,6,1.1666666666666667,0.18257418583505536,512,Is this a fashion statement or do you just not get it!
1595,0,1,5,6,1.1666666666666667,0.18257418583505536,512,"Our new ""redneck yoga"" class is out behind the studio."
1595,0,1,5,6,1.1666666666666667,0.18257418583505536,512,"Bob, you're supposed to take your shoes off at the door."
1595,0,1,5,6,1.1666666666666667,0.18257418583505536,512,Ready for class 'Aladdin'?
1718,0,1,6,7,1.1428571428571428,0.1543033499620919,512,"OK Bob, but you will have to share with Carol, Ted and Alice."
1718,0,1,6,7,1.1428571428571428,0.1543033499620919,512,"We don't do ironic hipster yoga here at Bow Down, Jeremy, just regular yoga."
1718,0,1,6,7,1.1428571428571428,0.1543033499620919,512,"""Whoa man, this is yoga, not magic carpet flying."
1718,0,1,6,7,1.1428571428571428,0.1543033499620919,512,The bro-ga studio is next door.
1718,0,1,6,7,1.1428571428571428,0.1543033499620919,512,"This ain't your grandma's yoga, please don't bring your grandma's mat."
1718,0,1,6,7,1.1428571428571428,0.1543033499620919,512,NO. None of the Poses will make it fly.
1718,0,1,6,7,1.1428571428571428,0.1543033499620919,512,No animal byproduct mats are allowed here.
1718,0,1,6,7,1.1428571428571428,0.1543033499620919,512,We think you'd be happier at our Brooklyn studio.
1718,0,1,6,7,1.1428571428571428,0.1543033499620919,512,"You're the third guy this week who's told me, ""It really ties the room together."""
1718,0,1,6,7,1.1428571428571428,0.1543033499620919,512,"How many times must I tell you, size does not matter...."
1718,0,1,6,7,1.1428571428571428,0.1543033499620919,512,Our magic carpet class is on Sundays.
1718,0,1,6,7,1.1428571428571428,0.1543033499620919,512,"The sign says, ""No baseball caps."""
1718,0,1,6,7,1.1428571428571428,0.1543033499620919,512,A huge mat won't hide your small fingers Donald.
1718,0,1,6,7,1.1428571428571428,0.1543033499620919,512,Your magic carpet doesn't work in an exercise class.
1718,0,1,6,7,1.1428571428571428,0.1543033499620919,512,We welcome beginners.
1718,0,1,6,7,1.1428571428571428,0.1543033499620919,512,"It's not the size, it's what you do on it."
1718,0,1,6,7,1.1428571428571428,0.1543033499620919,512,We do not allow manspreading.
1718,0,1,6,7,1.1428571428571428,0.1543033499620919,512,So you're The Carpetbagger Yogi?
1718,0,1,6,7,1.1428571428571428,0.1543033499620919,512,Namaste not Amen.
1718,0,1,6,7,1.1428571428571428,0.1543033499620919,512,What time can we expect Mr. Trump?
1718,0,1,6,7,1.1428571428571428,0.1543033499620919,512,I see you're comfortable wearing a rug.
1718,0,1,6,7,1.1428571428571428,0.1543033499620919,512,"When we practice yoga, we unify our body, mind and spirit. We do not have to feel ""snug as a bug in a rug""."
1718,0,1,6,7,1.1428571428571428,0.1543033499620919,512,I told you: hot water and hot dryer.
1718,0,1,6,7,1.1428571428571428,0.1543033499620919,512,"Make yourself at home, but don't make it your home."
1718,0,1,6,7,1.1428571428571428,0.1543033499620919,512,Your mat looks a little too rugged.
1718,0,1,6,7,1.1428571428571428,0.1543033499620919,512,Please take your shoes off before coming in to the studio.
1718,0,1,6,7,1.1428571428571428,0.1543033499620919,512,It's actually the socks up to the knees that are really bothering me.
1718,0,1,6,7,1.1428571428571428,0.1543033499620919,512,It's high time we had a chat about your little rug problem.
1718,0,1,6,7,1.1428571428571428,0.1543033499620919,512,Jasmine's classes are on Tuesdays and Thursdays.
1718,0,1,6,7,1.1428571428571428,0.1543033499620919,512,"Fine, as long as it's Tibetan."
1718,0,1,6,7,1.1428571428571428,0.1543033499620919,512,Bringing your own mat does not mean stealing the one from the lobby.
1718,0,1,6,7,1.1428571428571428,0.1543033499620919,512,"Unroll that ratty thing and you're going to learn the real meaning of pungu mayurasana, the ""wounded peacock"" pose."
1718,0,1,6,7,1.1428571428571428,0.1543033499620919,512,The fact that it's fair trade doesn't make it more appropriate.
1718,0,1,6,7,1.1428571428571428,0.1543033499620919,512,Sorry. No natural fibers are allowed.
1718,0,1,6,7,1.1428571428571428,0.1543033499620919,512,"No, I do not know the direction of Mecca."
1718,0,1,6,7,1.1428571428571428,0.1543033499620919,512,Get out.
1718,0,1,6,7,1.1428571428571428,0.1543033499620919,512,Namaste' AWAY!
1718,0,1,6,7,1.1428571428571428,0.1543033499620919,512,Maybe our group isn't right for you.....
1718,0,1,6,7,1.1428571428571428,0.1543033499620919,512,I'm pretty sure inner peace doesn't come with free installation.
1718,0,1,6,7,1.1428571428571428,0.1543033499620919,512,"With the downward dogs, think a little less shaggy, a little more Weimaraner."
1718,0,1,6,7,1.1428571428571428,0.1543033499620919,512,I'm guessing you drove over here in your Hummer.
1718,0,1,6,7,1.1428571428571428,0.1543033499620919,512,You can leave the rug but the rest of you has to go.
1718,0,1,6,7,1.1428571428571428,0.1543033499620919,512,Does it come with a fireplace?
1718,0,1,6,7,1.1428571428571428,0.1543033499620919,512,Persian is down the hall.
1718,0,1,6,7,1.1428571428571428,0.1543033499620919,512,"Sorry, the Low-Bob Yoga is down the street."
1718,0,1,6,7,1.1428571428571428,0.1543033499620919,512,I guess we have different definitions of 'authentic'.
1718,0,1,6,7,1.1428571428571428,0.1543033499620919,512,You must be a Neoliberal.
1718,0,1,6,7,1.1428571428571428,0.1543033499620919,512,"No, We do not have a "" share a carpet"" yoga class."
1766,0,1,7,8,1.125,0.1336306209562122,512,"Like, no, I don't want to smoke it later."
1766,0,1,7,8,1.125,0.1336306209562122,512,Yoga and levitation will cost you extra.
1766,0,1,7,8,1.125,0.1336306209562122,512,"I'm sorry, the head-butting, high-fiving and knuckle-dragging classes were all cancelled this week."
1766,0,1,7,8,1.125,0.1336306209562122,512,I didn't know they served burritos here.
1766,0,1,7,8,1.125,0.1336306209562122,512,How typical
1766,0,1,7,8,1.125,0.1336306209562122,512,"You’re bringing me down, dog."
1766,0,1,7,8,1.125,0.1336306209562122,512,Billy! Didn't I TELL you to remove your hat when in our sacred realm?
1766,0,1,7,8,1.125,0.1336306209562122,512,I agree.....Bikram may work with a flying carpet.......but we're too close to LaGuardia.
1766,0,1,7,8,1.125,0.1336306209562122,512,"Yeah, me and my magic carpet are feelin' the Bern."
1766,0,1,7,8,1.125,0.1336306209562122,512,I thought I do a try out before I consider buying any new equipment
1766,0,1,7,8,1.125,0.1336306209562122,512,"Sir, when I asked if you were ""getting anything out of this class"", I didn't mean the area rug!"
1766,0,1,7,8,1.125,0.1336306209562122,512,The latest from Lulu Lemon
1766,0,1,7,8,1.125,0.1336306209562122,512,You may find your Zen across the street at the community rec center - the Intro to Carpet Laying class starts soon
1766,0,1,7,8,1.125,0.1336306209562122,512,I can't afford to pay for a Persian carpet.
1766,0,1,7,8,1.125,0.1336306209562122,512,Sorry. We are only allowed to shag on hump day.
1766,0,1,7,8,1.125,0.1336306209562122,512,The light in me sees the strobe in you.
1766,0,1,7,8,1.125,0.1336306209562122,512,No ... Full Prostration Yoga is around the corner.
1766,0,1,7,8,1.125,0.1336306209562122,512,Why would I know the direction to Mecca?
1784,0,1,8,9,1.1111111111111112,0.11785113019775792,512,"Look, for the last time. You're not Aladdin and you can't show me the world."
1784,0,1,8,9,1.1111111111111112,0.11785113019775792,512,...that it was the stage rug for the Grateful Dead's '78 World Tour doesn't matter. It's still too big to use in my studio.
1784,0,1,8,9,1.1111111111111112,0.11785113019775792,512,"We only use mats made from petroleum-chemicals, but in our defense, made in the U.S.A!"
1784,0,1,8,9,1.1111111111111112,0.11785113019775792,512,"You want ""Takedown Yoga"" next door."
1784,0,1,8,9,1.1111111111111112,0.11785113019775792,512,Calling it a ‘chakrug’ doesn’t help any.
1789,0,1,9,10,1.1,0.10540925533894598,512,"Hatha Yoga is known, but few know carpet yoga."
1790,0,1,10,11,1.0909090909090908,0.09534625892455922,512,"We've seen a lot of newcomers inspired by the primaries ... people finding they can hold all kinds of awkward positions. But for us, size actually does matter and it's just too big."
1791,0,0,4,4,1.0,0.28867513459481287,512,You don't scare me!
1791,0,0,4,4,1.0,0.28867513459481287,512,But we don't need a flying carpet here
1791,0,0,5,5,1.0,0.22360679774997896,512,"Sorry, but size isn't such a big deal around here."
1791,0,0,6,6,1.0,0.18257418583505536,512,"I need a lot of room when I do yoga, ok. Do you really need that much room?"
1791,0,0,3,3,1.0,0.408248290463863,512,"I'm sorry but you'll have to leave,we don't do shag"
1791,0,0,4,4,1.0,0.28867513459481287,512,We've had a few too many down dogs and need it cleaned.
1791,0,0,4,4,1.0,0.28867513459481287,512,I'm just not buying into the consumerism of it all.
1791,0,0,3,3,1.0,0.408248290463863,512,This must be your first time.
1791,0,0,4,4,1.0,0.28867513459481287,512,The magic carpet class is next door.
1791,0,0,4,4,1.0,0.28867513459481287,512,"The brochure clearly says, yoga mat, bring a yoga MAT!"
1791,0,0,3,3,1.0,0.408248290463863,512,"Yes, I suppose that is a less bourgeois way to ""feel the Bern."""
1791,0,0,4,4,1.0,0.28867513459481287,512,"Sure, I'll trade you. Let me give you my card."
1791,0,0,4,4,1.0,0.28867513459481287,512,The yuppie in me honours the men's rights activist in you.
1791,0,0,5,5,1.0,0.22360679774997896,512,It's not the size of your mat. It's the motion.
1791,0,0,4,4,1.0,0.28867513459481287,512,You can't bring your flying carpet and hope for a miracle.
1791,0,0,3,3,1.0,0.408248290463863,512,I'm sorry but we can't Super-Size yoga
1791,0,0,4,4,1.0,0.28867513459481287,512,I don't think you understand. You're supposed to be uncomfortable.
1791,0,0,4,4,1.0,0.28867513459481287,512,I can't let a non-conformist take my spot I've had for years. I'm an incumbent.
1791,0,0,4,4,1.0,0.28867513459481287,512,"What, the hat?"
1791,0,0,3,3,1.0,0.408248290463863,512,This is a no drip zone.
1791,0,0,4,4,1.0,0.28867513459481287,512,"No, you're still going to do the vacuuming this week."
1791,0,0,3,3,1.0,0.408248290463863,512,"We must accept that the floor is hard and user space is small, son."
1791,0,0,3,3,1.0,0.408248290463863,512,Yahtzee!
1791,0,0,5,5,1.0,0.22360679774997896,512,I can see you're tense.
1791,0,0,3,3,1.0,0.408248290463863,512,Is this Cleopatra's first yoga class?
1791,0,0,4,4,1.0,0.28867513459481287,512,"I said, no magic carpets!"
1791,0,0,4,4,1.0,0.28867513459481287,512,Sorry. No carpet bow-downing allowed here.
1791,0,0,4,4,1.0,0.28867513459481287,512,"Sorry, we do not allow those colors."
1791,0,0,4,4,1.0,0.28867513459481287,512,"We already forgot lesson one, didn't we?"
1791,0,0,3,3,1.0,0.408248290463863,512,You must be Charles Brown's friend.
1791,0,0,4,4,1.0,0.28867513459481287,512,"Sir, please put that back in the lobby and use this one."
1791,0,0,4,4,1.0,0.28867513459481287,512,"Sorry, Hoedoen Yoga is in the Barn on Carrol Street."
1791,0,0,4,4,1.0,0.28867513459481287,512,You New Yorkers just love walking all over people.
1791,0,0,4,4,1.0,0.28867513459481287,512,"You heard ""bad Dog"" I said ""Down Dog"""
1791,0,0,3,3,1.0,0.408248290463863,512,"While we respect your enthusiasm and unique style, we just don't feel the intermediate class is quite ready for you yet."
1791,0,0,3,3,1.0,0.408248290463863,512,I'll really miss having you in class Steve. You're idea of starting a Downward Facing Dog Club was simply brilliant.
1791,0,0,4,4,1.0,0.28867513459481287,512,"You're one of those subway manspreaders, aren't you?"
1791,0,0,3,3,1.0,0.408248290463863,512,"No, it won't tie the room together Mr. L."
1791,0,0,5,5,1.0,0.22360679774997896,512,You need to give that thing a shave.
1791,0,0,4,4,1.0,0.28867513459481287,512,Does the texture of your mat improve your Downward Facing Dog?
1791,0,0,5,5,1.0,0.22360679774997896,512,And I suppose your Armani is at the dry cleaner's.
1791,0,0,4,4,1.0,0.28867513459481287,512,"""No...That does not make you yoga master..."" Submitted by Rebbecca Parker Charlevoix MI"
1791,0,0,3,3,1.0,0.408248290463863,512,Many of us do achieve great personal growth.
1791,0,0,4,4,1.0,0.28867513459481287,512,"Sorry, there is no tailgating in yoga."
1791,0,0,3,3,1.0,0.408248290463863,512,I don't CARE if your name is Matt.
1791,0,0,6,6,1.0,0.18257418583505536,512,"Perhaps we need to make that ""no solicitation"" sign easier to see..."
1791,0,0,3,3,1.0,0.408248290463863,512,"What? I don't understand the problem, all you said was bring a mat"
1791,0,0,4,4,1.0,0.28867513459481287,512,"But, it flies when I sit in a Lotus position!"
1791,0,0,4,4,1.0,0.28867513459481287,512,My name is Matt and I am here with mat.
1791,0,0,3,3,1.0,0.408248290463863,512,It's a fair trade rug from an Ashram in India.
1791,0,0,3,3,1.0,0.408248290463863,512,We're flexible about everything except mat size.
1791,0,0,4,4,1.0,0.28867513459481287,512,What exactly do you expect to shag?
1791,0,0,3,3,1.0,0.408248290463863,512,"Sorry, your mother was wrong, and she dresses you funny."
1791,0,0,4,4,1.0,0.28867513459481287,512,We're missing a customer.
1791,0,0,3,3,1.0,0.408248290463863,512,"I'm sorry, but we don't serve your kind here."
1791,0,0,5,5,1.0,0.22360679774997896,512,How's the new pickup treatin ya?
1791,0,0,5,5,1.0,0.22360679774997896,512,"I'm sorry, this relationship is no longer mutually beneficial"
1791,0,0,4,4,1.0,0.28867513459481287,512,"Let me suggest knee pads instead of you, ah, rug."
1791,0,0,3,3,1.0,0.408248290463863,512,What a fancy yoga mat! Where can I buy it?
1791,0,0,4,4,1.0,0.28867513459481287,512,The size of your mat really doesn't matter
1791,0,0,3,3,1.0,0.408248290463863,512,Magic Carpet Ride is next door Mr Trump
1791,0,0,4,4,1.0,0.28867513459481287,512,"No thanks, I think I'll walk."
1791,0,0,3,3,1.0,0.408248290463863,512,A sore thumb won't be a problem.
1791,0,0,4,4,1.0,0.28867513459481287,512,"Please Bill, you just don't get it!"
1791,0,0,4,4,1.0,0.28867513459481287,512,"""No, I don't think you are going to impress the ladies with your large yoga mat""!"
1791,0,0,4,4,1.0,0.28867513459481287,512,Full-contact ashtanga is the next studio over.
1791,0,0,3,3,1.0,0.408248290463863,512,"When I say, ""that's a stretch,"" I don't mean yoga."
1791,0,0,3,3,1.0,0.408248290463863,512,So Cleopatra would like to unroll in our class?
1791,0,0,4,4,1.0,0.28867513459481287,512,"Sorry, the Cleopatra roll is not a pose I use."
1791,0,0,4,4,1.0,0.28867513459481287,512,We don't like man spread in any derivative
1791,0,0,4,4,1.0,0.28867513459481287,512,"Now, concerning your spittoon..."
1791,0,0,6,6,1.0,0.18257418583505536,512,Seriously? A magic carpet?
1791,0,0,3,3,1.0,0.408248290463863,512,I've never been worried about gentrification before.
1791,0,0,3,3,1.0,0.408248290463863,512,NO-mistah.
1791,0,0,4,4,1.0,0.28867513459481287,512,"OHHHHHMmmmm, nope!"
1791,0,0,3,3,1.0,0.408248290463863,512,Geography isn't my strong suit.
1791,0,0,4,4,1.0,0.28867513459481287,512,"You can take a nap here, but you'll still have to pay for a lesson."
1791,0,0,3,3,1.0,0.408248290463863,512,"You can take the rug, Mr. Howard, but you must leave Miss Randolph here."
1791,0,0,4,4,1.0,0.28867513459481287,512,Can you have it back by Tuesday? I'm flying the class to Nepal.
1791,0,0,5,5,1.0,0.22360679774997896,512,"After years of being told he was inflexible, Jim finally took matters into his own hands."
1791,0,0,4,4,1.0,0.28867513459481287,512,"You really didn't need to bring a ""man sized"" mat, Bob."
1791,0,0,5,5,1.0,0.22360679774997896,512,The rug burns are how I know it's working.
1791,0,0,3,3,1.0,0.408248290463863,512,We're a wimps-only establishment.
1791,0,0,4,4,1.0,0.28867513459481287,512,The magic carpet class is meeting above us.
1791,0,0,4,4,1.0,0.28867513459481287,512,I'm getting tired of Ms. Cleopatra's grand entrances.
1791,0,0,4,4,1.0,0.28867513459481287,512,What a loser.
1791,0,0,4,4,1.0,0.28867513459481287,512,We try to leave our rugged individualism at the door.
1791,0,0,3,3,1.0,0.408248290463863,512,"So you think a combo yoga mat, prayer rug and magic carpet satisfies diversity?"
1791,0,0,3,3,1.0,0.408248290463863,512,"No, ""man-spreading"" classes are down the street."
1791,0,0,4,4,1.0,0.28867513459481287,512,What is it you don't understand about mat?
1791,0,0,5,5,1.0,0.22360679774997896,512,In this studio size doesn't matter
1791,0,0,4,4,1.0,0.28867513459481287,512,"No, not here...the consignment shop is next door..."
1791,0,0,4,4,1.0,0.28867513459481287,512,We do tend to be flexible but not when it comes to runners.
1791,0,0,4,4,1.0,0.28867513459481287,512,You still have to take this class smartypants and I know your baseball bat is inside the carpet.
1791,0,0,4,4,1.0,0.28867513459481287,512,It's how you use it.
1791,0,0,4,4,1.0,0.28867513459481287,512,I don't care if you can levitate. Your flying carpet is too big!
1791,0,0,5,5,1.0,0.22360679774997896,512,"You want 'satya'?...You really want 'satya'?... Well, my friend, in all honesty, you can't handle 'satya'!!!"
1791,0,0,4,4,1.0,0.28867513459481287,512,Because a Scout must also be flexible.
1791,0,0,4,4,1.0,0.28867513459481287,512,"To be honest, we've never tried aggressive self-realization."
1791,0,0,4,4,1.0,0.28867513459481287,512,"No, you can't lie down here to take a nap with all these freaks."
1791,0,0,3,3,1.0,0.408248290463863,512,"Take your fat ass to a barn, somewhere!"
1791,0,0,3,3,1.0,0.408248290463863,512,Just how big is he?
1791,0,0,4,4,1.0,0.28867513459481287,512,Is that organic natural fiber?
1791,0,0,3,3,1.0,0.408248290463863,512,"Need the extra padding,do we,softie."
1791,0,0,3,3,1.0,0.408248290463863,512,Jasmine doesn’t teach today and she doesn’t want to see you anymore now that you’ve let yourself go
1791,0,0,4,4,1.0,0.28867513459481287,512,Can I get a family rate if we all use the same mat
1791,0,0,3,3,1.0,0.408248290463863,512,we really don't allow solicitors.
1791,0,0,4,4,1.0,0.28867513459481287,512,"Perhaps you could ""just run a few laps"" around the interior of your skull?"
1791,0,0,4,4,1.0,0.28867513459481287,512,"No, thanks. I have plans."
1791,0,0,3,3,1.0,0.408248290463863,512,"I don't think that's what ""old school"" entails."
1791,0,0,4,4,1.0,0.28867513459481287,512,"I’m sorry, we’re still waiting on our magic carpet yoga certification."
1791,0,0,4,4,1.0,0.28867513459481287,512,I'm going to have to accuse you of manspreading
1791,0,0,3,3,1.0,0.408248290463863,512,Our family-style seating is in the rear of the studio.
1791,0,0,4,4,1.0,0.28867513459481287,512,It's what's on the inside that counts.
1791,0,0,3,3,1.0,0.408248290463863,512,"I think you heard me. I said ""That was zen, this is tao."""
1791,0,0,3,3,1.0,0.408248290463863,512,"She DOES matter, but in this case, smaller is better!"
1791,0,0,3,3,1.0,0.408248290463863,512,Bro Down Yoga is next door.
1791,0,0,4,4,1.0,0.28867513459481287,512,Are you sure this is this most expensive mat? I am trying to get my daughter into pre-school.
1791,0,0,3,3,1.0,0.408248290463863,512,Only if Cleopatra is in there.
1791,0,0,3,3,1.0,0.408248290463863,512,"strip, lay and watch"
1791,0,0,4,4,1.0,0.28867513459481287,512,My friend might show up later. He really likes doing corpse pose.
1791,0,0,5,5,1.0,0.22360679774997896,512,You must be interested in our group rates.
1791,0,0,4,4,1.0,0.28867513459481287,512,If you want to free your mind you have to do exactly what I say.
1791,0,0,5,5,1.0,0.22360679774997896,512,By any chance is your name Cleopatra?
1791,0,0,4,4,1.0,0.28867513459481287,512,It's like vegan break-dancing
1791,0,0,4,4,1.0,0.28867513459481287,512,You're looking for the broga studio.
1791,0,0,4,4,1.0,0.28867513459481287,512,Even if the sign did say 'Bedouin Yoga' we wouldn't let your camel take the class.
1791,0,0,4,4,1.0,0.28867513459481287,512,You? In my class? That's a stretch.
1791,0,0,5,5,1.0,0.22360679774997896,512,Please tell Aladdin that we have spare mats he can use.
1791,0,0,4,4,1.0,0.28867513459481287,512,"Let me guess, You're the new guy who called to say he was bringing a Matt with him."
1791,0,0,6,6,1.0,0.18257418583505536,512,"No, you cannot hide that body here."
1791,0,0,7,7,1.0,0.1543033499620919,512,I'm ready for Bow Down Yoga.
1791,0,0,4,4,1.0,0.28867513459481287,512,"If you can't confine your yoga mat to a 2'x5' space, you will have to pay a double registration fee...or promise never to return until you are in a state of enlightenment."
1791,0,0,4,4,1.0,0.28867513459481287,512,I don't care if you did fly in on it; you can fly yourself out on it.
1791,0,0,4,4,1.0,0.28867513459481287,512,You have the wrong floor. The itchy skin yoga class is on the next level.
1791,0,0,4,4,1.0,0.28867513459481287,512,"What, do you think the ancient Hindu had microfiber mats?"
1791,0,0,3,3,1.0,0.408248290463863,512,The rug is ok - but next time try not to bring the sofa and the tv.
1791,0,0,3,3,1.0,0.408248290463863,512,Take off your hat. I want to see if the drapes match your carpet.
1791,0,0,5,5,1.0,0.22360679774997896,512,"Wrong kind of Indian -- and stop calling me ""Paleface."""
1791,0,0,4,4,1.0,0.28867513459481287,512,"That's for ""Rugrats,"" the mother-child Pilates studio next door."
1791,0,0,8,8,1.0,0.1336306209562122,512,The bariatric yoga salon is across the street
1791,0,0,4,4,1.0,0.28867513459481287,512,"I need a bigger mat, there are no half measures with me..."
1791,0,0,4,4,1.0,0.28867513459481287,512,"Sir, I'm afraid this is a masculinity-free zone."
1791,0,0,3,3,1.0,0.408248290463863,512,Np we don't offer Persian variations
1791,0,0,4,4,1.0,0.28867513459481287,512,"Oh, boy. Call me when you have grown up."
1791,0,0,4,4,1.0,0.28867513459481287,512,That's a bit of a stretch.
1791,0,0,4,4,1.0,0.28867513459481287,512,I can see our website needs to be more specific.
1791,0,0,4,4,1.0,0.28867513459481287,512,Might you be the Australian here to demonstrate outback oriental yoga?
1791,0,0,3,3,1.0,0.408248290463863,512,Tell me – is this to compensate for something..?
1791,0,0,5,5,1.0,0.22360679774997896,512,"When you called earlier today I said foam, not faux"
1791,0,0,3,3,1.0,0.408248290463863,512,"This is what I meant when I told you, ""you will need to bring a soft pad for the class""."
1791,0,0,3,3,1.0,0.408248290463863,512,I asked for the persian design!
1791,0,0,4,4,1.0,0.28867513459481287,512,"You do understand, ""mat"" isn't short for ""mattress""?"
1791,0,0,4,4,1.0,0.28867513459481287,512,No... I really am here for the yoga!
1791,0,0,3,3,1.0,0.408248290463863,512,"It's Eastern, not Oriental."
1791,0,0,7,7,1.0,0.1543033499620919,512,Meditate this Junior. We accept no snakes.
1791,0,0,4,4,1.0,0.28867513459481287,512,Nama - go away.
1791,0,0,3,3,1.0,0.408248290463863,512,Your yoga mat is bigger than the both of us.
1791,0,0,4,4,1.0,0.28867513459481287,512,"It is called Downward Dog, not Downward Elephant"
1791,0,0,4,4,1.0,0.28867513459481287,512,I presume you're from left field.
1791,0,0,10,10,1.0,0.10540925533894598,512,"Yes I did say to make your mat your ""home"" during class but..."
1791,0,0,4,4,1.0,0.28867513459481287,512,You can use the mat as long as it's GMO free all organic fiber.
1791,0,0,4,4,1.0,0.28867513459481287,512,Pick a remote dumpster..no questions please.
1791,0,0,4,4,1.0,0.28867513459481287,512,"Sorry, interlocking group yoga is not allowed."
1791,0,0,4,4,1.0,0.28867513459481287,512,We don't do magic carpet yoga here.
1791,0,0,4,4,1.0,0.28867513459481287,512,"A downward dog with a matt, not a dirt dog with a rug."
1791,0,0,3,3,1.0,0.408248290463863,512,"No, there's no sitting watching football asana."
1791,0,0,3,3,1.0,0.408248290463863,512,We run a reputable establishment. No carpetbaggers allowed here.
1791,0,0,4,4,1.0,0.28867513459481287,512,"No, we never advertised 'Super Size Me.'"
1791,0,0,4,4,1.0,0.28867513459481287,512,It's okay. Umm. . . did anyone see you come in?
1791,0,0,4,4,1.0,0.28867513459481287,512,The Antique Roadshow said this is a yoga mat from the 16th century.
1791,0,0,6,6,1.0,0.18257418583505536,512,I'm here to drop off a corpse pose...
1791,0,0,3,3,1.0,0.408248290463863,512,"Oh, how I do love bring-your-husband-to-yoga day."
1791,0,0,4,4,1.0,0.28867513459481287,512,I can't believe you brought the Persian into my sacred space
1791,0,0,4,4,1.0,0.28867513459481287,512,This isn't little-league.
1791,0,0,4,4,1.0,0.28867513459481287,512,I have a feeling that your mother's dining room is now short one yoga mat.
1791,0,0,8,8,1.0,0.1336306209562122,512,"Sorry, but Governor Christie is not in this class."
1791,0,0,4,4,1.0,0.28867513459481287,512,Flying carpet yoga is next door...
1791,0,0,3,3,1.0,0.408248290463863,512,"I don't care if it's the same one from 'Aladdin', you need a yoga mat."
1791,0,0,7,7,1.0,0.1543033499620919,512,Size matters less than motion.
1791,0,0,4,4,1.0,0.28867513459481287,512,I hope that Persian also instructs. Otherwise I've made a big mistake.
1791,0,0,4,4,1.0,0.28867513459481287,512,"No, we do not clean rugs."
1791,0,0,3,3,1.0,0.408248290463863,512,"You by any chance Norbert? Your grandmother just aller, and she sounded upset."
1791,0,0,4,4,1.0,0.28867513459481287,512,"No, you cannot smoke that in here!"
1791,0,0,4,4,1.0,0.28867513459481287,512,The magic carpet classes are upstairs.
1791,0,0,3,3,1.0,0.408248290463863,512,"No, just the mind and senses. I'm afraid the flying carpet is not going to work."
1791,0,0,5,5,1.0,0.22360679774997896,512,"No, I don't think a larger mat will elicit the desired assumption about your anatomy."
1791,0,0,4,4,1.0,0.28867513459481287,512,Did I forget something?
1791,0,0,4,4,1.0,0.28867513459481287,512,Tell your Mom we don't do used carpet trade-ins.
1791,0,0,4,4,1.0,0.28867513459481287,512,Cleopatra doesn't need to always come wrapped in her carpet.
1791,0,0,2,2,1.0,0.7071067811865476,512,"I'm sorry, the 'flying carpet' class was canceled due to lack of enlightenment"
1791,0,0,4,4,1.0,0.28867513459481287,512,"This is a yoga studio, the carpet cleaner is next door...nice knee socks, by the way"
1791,0,0,5,5,1.0,0.22360679774997896,512,?pu s'tahw
1791,0,0,4,4,1.0,0.28867513459481287,512,"No, nobody will laugh at you if you wear yoga pants. It's the hat and that ridiculous rug that cracks us up."
1791,0,0,3,3,1.0,0.408248290463863,512,"It's just that you don't seem like a true conservative, basically."
1791,0,0,3,3,1.0,0.408248290463863,512,"No, a hairier mat does not make you more masculine."
1791,0,0,5,5,1.0,0.22360679774997896,512,You'll need to come back tomorrow for the beginning Yoga Fashion class.
1791,0,0,4,4,1.0,0.28867513459481287,512,Hipster yoga moved to the coffee shop next door.
1791,0,0,4,4,1.0,0.28867513459481287,512,"Matt, I know you're heteroflexible."
1791,0,0,4,4,1.0,0.28867513459481287,512,You say Mr. Trump will be here in 5 minutes?
1791,0,0,4,4,1.0,0.28867513459481287,512,"Sorry, ""Bow Down"" in yoga has no religious implication."
1791,0,0,4,4,1.0,0.28867513459481287,512,No way! I hardly know you.
1791,0,0,3,3,1.0,0.408248290463863,512,"Yes,your party of five is ready."
1791,0,0,5,5,1.0,0.22360679774997896,512,"Sorry, the ""Fragile Flowers"" class is tomorrow."
1791,0,0,4,4,1.0,0.28867513459481287,512,Flying carpet practice is next door!
1791,0,0,3,3,1.0,0.408248290463863,512,"Yeah, I'm sure it's fine. They let me use this papyrus scroll."
1791,0,0,4,4,1.0,0.28867513459481287,512,"We're sorry, but the downward facing dog is not allowed on that rug."
1791,0,0,3,3,1.0,0.408248290463863,512,"Everyone pays, no matter how they get in!"
1791,0,0,3,3,1.0,0.408248290463863,512,I don't want you to show me the world. I want you to show me a downward-facing dog.
1791,0,0,6,6,1.0,0.18257418583505536,512,I don't care if that is your ride Mr. Aladdin.
1791,0,0,3,3,1.0,0.408248290463863,512,New to the City?
1791,0,0,4,4,1.0,0.28867513459481287,512,"The instructions said: ""....bring a YOGA mat, not a GOYA mate....""."
1791,0,0,4,4,1.0,0.28867513459481287,512,"My smugness comes from, unlike yours, knowing my mat doesn't come from a sweatshop!"
1791,0,0,4,4,1.0,0.28867513459481287,512,We said to bring a mat not a flying carpet.
1791,0,0,4,4,1.0,0.28867513459481287,512,"You can move in her ""mat,"" but SHE has to do the yoga."
1791,0,0,3,3,1.0,0.408248290463863,512,thank you but I did want his body buried with the rug.
1791,0,0,6,6,1.0,0.18257418583505536,512,That's not a vintage yoga mat. It's carpet.
1791,0,0,3,3,1.0,0.408248290463863,512,I'm pretty sure that's not what she meant when she asked you to pick her up at Yoga!!
1791,0,0,4,4,1.0,0.28867513459481287,512,this must be a common core issue??
1791,0,0,4,4,1.0,0.28867513459481287,512,We don't do group therapy.
1791,0,0,4,4,1.0,0.28867513459481287,512,When I said let's sweep our affair under the rug....
1791,0,0,4,4,1.0,0.28867513459481287,512,No yoga for you!
1791,0,0,4,4,1.0,0.28867513459481287,512,"Size doesn't matter here, either."
1791,0,0,3,3,1.0,0.408248290463863,512,My wife sent me here to relax. Where does the tv go?
1791,0,0,3,3,1.0,0.408248290463863,512,"You're looking for ""Bob Up Yogi."" It's two doors down."
1791,0,0,7,7,1.0,0.1543033499620919,512,"Well, the ball cap might help you attain the infield fly position."
1791,0,0,6,6,1.0,0.18257418583505536,512,I think this job sharing has gone too far!
1791,0,0,4,4,1.0,0.28867513459481287,512,We buy cheap used carpeting. We sell expensive antique yoga mats.
1791,0,0,3,3,1.0,0.408248290463863,512,I think first we should discuss the way in which you parked your car.
1791,0,0,4,4,1.0,0.28867513459481287,512,We're going to pass. Studies have shown artificial turf to be damaging to joints.
1791,0,0,7,7,1.0,0.1543033499620919,512,"We don't allow ""rug envy"" in our studio."
1791,0,0,7,7,1.0,0.1543033499620919,512,"Look he just wants to have a normal day where someone can do yoga on him without having to sign autographs, take pictures, or give out magic carpet rides so please leave us in peace."
1791,0,0,3,3,1.0,0.408248290463863,512,The sign says: Bow Down-- not Chill Out-- Yoga!
1791,0,0,4,4,1.0,0.28867513459481287,512,Seriously?! You brought a Persian rug to a Bikram yoga class?
1791,0,0,4,4,1.0,0.28867513459481287,512,"Men or rugs, Wendell, you’re the reason I’m taking a break from Caucasians."
1791,0,0,3,3,1.0,0.408248290463863,512,When my wife drags me to yoga.
1791,0,0,2,2,1.0,0.7071067811865476,512,"Yes, we do the dog pose, but you can't bring your dog to class."
1791,0,0,4,4,1.0,0.28867513459481287,512,"I see you brought a man-size mat this time, Andy."
1791,0,0,4,4,1.0,0.28867513459481287,512,This is the billing address.
1791,0,0,7,7,1.0,0.1543033499620919,512,Try Lululemon next time.
1791,0,0,3,3,1.0,0.408248290463863,512,Is there a place for one more?
1791,0,0,3,3,1.0,0.408248290463863,512,"My, my, where do I begin to explain why 'absolutely not' is my reaction?"
1791,0,0,7,7,1.0,0.1543033499620919,512,Tell Mr. Trump he's not welcome.
1791,0,0,4,4,1.0,0.28867513459481287,512,That rug culturally appropriates Asian culture and it doesn’t belong here. Namaste.
1791,0,0,3,3,1.0,0.408248290463863,512,Bow Down features happy baby downward dog today.
1791,0,0,4,4,1.0,0.28867513459481287,512,"So, by the size of that oversized rug....I have to assume you are voting for Trump?"
1791,0,0,5,5,1.0,0.22360679774997896,512,That's a great idea! I sweat a lot too.
1791,0,0,3,3,1.0,0.408248290463863,512,"Sorry sir, we don't offer fringe benefits at this studio."
1791,0,0,3,3,1.0,0.408248290463863,512,"No, no, it's not downward facing rug."
1791,0,0,4,4,1.0,0.28867513459481287,512,Overcompensating just a bit?
1791,0,0,4,4,1.0,0.28867513459481287,512,No Turkish rugs or towels allowed.
1791,0,0,4,4,1.0,0.28867513459481287,512,But I'm Persian!
1791,0,0,3,3,1.0,0.408248290463863,512,I'm here to see a-hole new world.
1791,0,0,4,4,1.0,0.28867513459481287,512,"...also a three letter word, yes."
1791,0,0,4,4,1.0,0.28867513459481287,512,Delivery yoga is in the afternoon.
1791,0,0,6,6,1.0,0.18257418583505536,512,We don't roll that way here.
1791,0,0,3,3,1.0,0.408248290463863,512,"Please tell your Mother this isn't day care, and I know a dining room rug when I see one!"
1791,0,0,4,4,1.0,0.28867513459481287,512,You must have some heavy meditating on your mind.
1791,0,0,3,3,1.0,0.408248290463863,512,"Next time, can you please not yell out ""woof woof"" when we do Downward Dog?"
1791,0,0,5,5,1.0,0.22360679774997896,512,Home Depot does not have an exercise department.
1791,0,0,4,4,1.0,0.28867513459481287,512,"So you're THAT guy, huh?"
1791,0,0,4,4,1.0,0.28867513459481287,512,Separately
1791,0,0,7,7,1.0,0.1543033499620919,512,"I don't care if it is Yoda's yoga mat, it's too musty to use here!"
1791,0,0,4,4,1.0,0.28867513459481287,512,Yogi not included.
1791,0,0,4,4,1.0,0.28867513459481287,512,Let me guess your occupation.
1791,0,0,4,4,1.0,0.28867513459481287,512,Someone's compensating for a weak chakra.
1791,0,0,4,4,1.0,0.28867513459481287,512,They said to bring my own mat and I like my space.
1791,0,0,4,4,1.0,0.28867513459481287,512,"Welcome, Aladdin. So this is your first yoga class, huh?"
1791,0,0,3,3,1.0,0.408248290463863,512,Uncle Guido says grandma's a little stiff.
1791,0,0,3,3,1.0,0.408248290463863,512,"Umm, are you here for the course on ""sacred masculinity"" ? I'm afraid you're a bit early !"
1791,0,0,4,4,1.0,0.28867513459481287,512,I don't care if that's the real you. I'm not going out with you.
1791,0,0,4,4,1.0,0.28867513459481287,512,Usually my clients come here voluntarily.
1791,0,0,9,9,1.0,0.11785113019775792,512,No we have no plans to change from mats to rugs.
1791,0,0,4,4,1.0,0.28867513459481287,512,"I said to bring a ""mat,""not a ""rug."""
1791,0,0,4,4,1.0,0.28867513459481287,512,It was suicide-by-contemplation . . . dump him in Jersey.
1791,0,0,4,4,1.0,0.28867513459481287,512,"I said size matters, inversely."
1791,0,0,4,4,1.0,0.28867513459481287,512,"Yoga is possible for anybody who really wants it, and looks like you really want it."
1791,0,0,3,3,1.0,0.408248290463863,512,Carpet flying is the next session.
1791,0,0,3,3,1.0,0.408248290463863,512,Beginners carpetboarding is next door.
1791,0,0,4,4,1.0,0.28867513459481287,512,No Mr. Trump the size of your Rug will not make Yoga Class Great Again
1791,0,0,4,4,1.0,0.28867513459481287,512,"I keep telling you, size doesn't matter."
1791,0,0,4,4,1.0,0.28867513459481287,512,"Come on, it's not only functional, it really ties the room together too!"
1791,0,0,7,7,1.0,0.1543033499620919,512,"No, this is not a 'friends and family' class!"
1791,0,0,3,3,1.0,0.408248290463863,512,Do you want to meet me at the juice bar after class?
1791,0,0,5,5,1.0,0.22360679774997896,512,"Excuse me, but I am reasonably sure we are not zoned for that!"
1791,0,0,3,3,1.0,0.408248290463863,512,From Texas?
1791,0,0,4,4,1.0,0.28867513459481287,512,"This is a Yoga, not a Thug class!!"
1791,0,0,4,4,1.0,0.28867513459481287,512,"Don't you think it is overstretching it to say you are channeling your inner, interior decorator?"
1791,0,0,6,6,1.0,0.18257418583505536,512,My bathroom mat was wet.
1791,0,0,3,3,1.0,0.408248290463863,512,New years resolutions; am I right?
1791,0,0,3,3,1.0,0.408248290463863,512,"I did not say you have small hands, Billy."
1791,0,0,4,4,1.0,0.28867513459481287,512,the lay-out-the -rug- and - plotz classs starts next tuesday
1791,0,0,4,4,1.0,0.28867513459481287,512,bad downward dog
1791,0,0,4,4,1.0,0.28867513459481287,512,"Is it your yoga rug, Rookie?"
1791,0,0,4,4,1.0,0.28867513459481287,512,Take whats left of that mouth breather to the woodchipper.
1791,0,0,3,3,1.0,0.408248290463863,512,I understand your name is Matt but that doesn't entitle you to use a rug.
1791,0,0,4,4,1.0,0.28867513459481287,512,Got anything bigger?
1791,0,0,5,5,1.0,0.22360679774997896,512,Persian yoga is next door.
1791,0,0,3,3,1.0,0.408248290463863,512,"If Tina Fey can have a California King, I can have a California King"
1791,0,0,3,3,1.0,0.408248290463863,512,"I don't care if it's a magic carpet, you can't use it in class."
1791,0,0,4,4,1.0,0.28867513459481287,512,"Are you moving in or downward, dog?"
1791,0,0,4,4,1.0,0.28867513459481287,512,"My yoga mat may be carcinogenic, but you should see how your 'natural' mats stick to these $200 leggings."
1791,0,0,5,5,1.0,0.22360679774997896,512,Cleopatra' Yoga is down the street
1791,0,0,4,4,1.0,0.28867513459481287,512,"""You're the second guy to come in looking to do a class while on Persian rugs""."
1791,0,0,3,3,1.0,0.408248290463863,512,"No, no - I said check out the Magic Carpet Yoga Mat at Anthro. Completely different."
1791,0,0,4,4,1.0,0.28867513459481287,512,I see you're feeling the rug Bern.
1791,0,0,4,4,1.0,0.28867513459481287,512,Who have you got in there?
1791,0,0,5,5,1.0,0.22360679774997896,512,"I'm sorry, but Yoga is NOT a Persian tradition."
1791,0,0,3,3,1.0,0.408248290463863,512,""" No, no! You don't need to use a prayer rug, just because we are called ' Bow Down Yoga ' !"
1791,0,0,3,3,1.0,0.408248290463863,512,"All are welcome here. You'll have to tell Mr. Trump, no shoes, no platform no exceptions Namaste'."
1791,0,0,4,4,1.0,0.28867513459481287,512,"I'm sorry, sir, but under our agreement with the college, we can appropriate only one culture at a time."
1791,0,0,4,4,1.0,0.28867513459481287,512,I'm afraid you'll have to leave your flying carpet outside.
1791,0,0,4,4,1.0,0.28867513459481287,512,You said I needed to take your hobbies more seriously.
1791,0,0,3,3,1.0,0.408248290463863,512,That's just so people won't know you weren't on your way to yoga?
1791,0,0,3,3,1.0,0.408248290463863,512,Ommmmmmmmm??
1791,0,0,3,3,1.0,0.408248290463863,512,It was either this or the front door mat
1791,0,0,3,3,1.0,0.408248290463863,512,"Don't you think a $5,000 Persian rug for yoga class is a bit ostentatious?"
1791,0,0,4,4,1.0,0.28867513459481287,512,I don't care if you have a sensitive butt.
1791,0,0,4,4,1.0,0.28867513459481287,512,Many people start out rugged
1791,0,0,3,3,1.0,0.408248290463863,512,Yogi's carpet repair is next door.
1791,0,0,5,5,1.0,0.22360679774997896,512,Broga is tomorrow night.
1791,0,0,4,4,1.0,0.28867513459481287,512,A flying carpet? Good take on levitation!
1791,0,0,4,4,1.0,0.28867513459481287,512,It smells as though Fido had decided to do a Downward Dog pose on the rug I brought for class.
1791,0,0,4,4,1.0,0.28867513459481287,512,It's not funny anymore! She's a collector on the 5th floor!
1791,0,0,4,4,1.0,0.28867513459481287,512,I figure this will help you dispose of my body after your hot yoga class kills me.
1791,0,0,4,4,1.0,0.28867513459481287,512,"So welcome to your first hot yoga class, Bill. Looks like you are a sweater."
1791,0,0,4,4,1.0,0.28867513459481287,512,This will make me look more masculine with all these girls.
1791,0,0,5,5,1.0,0.22360679774997896,512,"No Sir, you cannot align your ""mat"" to Mecca."
1791,0,0,4,4,1.0,0.28867513459481287,512,That will be perfect for when we get to the downward dining-table position.
1791,0,0,4,4,1.0,0.28867513459481287,512,"We specialize in cleaning minds, not rugs."
1791,0,0,3,3,1.0,0.408248290463863,512,"So, are we ever gonna meet this friend of yours, Cleopatra?"
1791,0,0,4,4,1.0,0.28867513459481287,512,"Let go of the rug, so we can achieve it."
1791,0,0,4,4,1.0,0.28867513459481287,512,I'm taking my wife home.
1791,0,0,3,3,1.0,0.408248290463863,512,"Big feet, big hands, really big mat. Yeah, I get it."
1791,0,0,3,3,1.0,0.408248290463863,512,You're starting off on the wrong square foot.
1791,0,0,4,4,1.0,0.28867513459481287,512,Julius Caesar's studio is up the street.
1791,0,0,2,2,1.0,0.7071067811865476,512,That's not what I meant by size matters.
1791,0,0,4,4,1.0,0.28867513459481287,512,As part of our anti-Trump campaign we now offer 5 Bow Down sessions daily.
1791,0,0,4,4,1.0,0.28867513459481287,512,I am so sick of manspreading.
1791,0,0,5,5,1.0,0.22360679774997896,512,"Big rug, small hands... Big deal."
1791,0,0,4,4,1.0,0.28867513459481287,512,Magic Carpets is two doors down.
1791,0,0,5,5,1.0,0.22360679774997896,512,"Yogi's is down the road. ""It's crowded so no one goes there anymore."" doesn't work here."
1791,0,0,4,4,1.0,0.28867513459481287,512,Everything about your downward dog was so wrong.
1791,0,0,3,3,1.0,0.408248290463863,512,You don't have the proper smile on your face to participate!
1791,0,0,4,4,1.0,0.28867513459481287,512,You might find our practice a bit of a stretch.
1791,0,0,5,5,1.0,0.22360679774997896,512,"And who do we have here...Yoga Berra, perhaps?"
1791,0,0,4,4,1.0,0.28867513459481287,512,Can we trade?
1791,0,0,3,3,1.0,0.408248290463863,512,I don't care if it muffles your farts...
1791,0,0,10,10,1.0,0.10540925533894598,512,"I'm a lumberjack too, and I don't care either!"
1791,0,0,4,4,1.0,0.28867513459481287,512,The failure of DIY Yoga.
1791,0,0,4,4,1.0,0.28867513459481287,512,Guys can be such imbeciles.
1791,0,0,4,4,1.0,0.28867513459481287,512,Breathe in and now Breathe OW!
1791,0,0,4,4,1.0,0.28867513459481287,512,The practice actually originates in Persia.
1791,0,0,5,5,1.0,0.22360679774997896,512,Is there an elephant tusk in that rug or are you just happy to see me?
1791,0,0,3,3,1.0,0.408248290463863,512,"I understand it is self-funded, but Mr. Trump will have to use the same mat as the rest of us."
1791,0,0,4,4,1.0,0.28867513459481287,512,I hope you brought a vacuum with you.
1791,0,0,6,6,1.0,0.18257418583505536,512,We simply don't have the space for your ego.
1791,0,0,4,4,1.0,0.28867513459481287,512,Overcompensating is strictly prohibited.
1791,0,0,4,4,1.0,0.28867513459481287,512,The advanced relaxation class is next door.
1791,0,0,4,4,1.0,0.28867513459481287,512,"I'm sorry, but, this is not about your comfort!"
1791,0,0,3,3,1.0,0.408248290463863,512,"Sorry, but that outfit and that mat are only for home use."
1791,0,0,4,4,1.0,0.28867513459481287,512,"Tyler, do you always have to have the biggest mat?"
1791,0,0,4,4,1.0,0.28867513459481287,512,We are the nose-in-the-air Bow Down Yoga Club; The distasteful Rug Rat Yoga Group is down the street.
1791,0,0,4,4,1.0,0.28867513459481287,512,You'll have to wait... They're not converting this building into condos until this afternoon.
1791,0,0,1,1,1.0,inf,512,"I have a rug, can I join women's yoga now?"
1791,0,0,4,4,1.0,0.28867513459481287,512,"Sir, unless you intend to use that magic carpet for a party of six or more, please park it at the door."
1791,0,0,3,3,1.0,0.408248290463863,512,You're Yoga Matt?!
1791,0,0,6,6,1.0,0.18257418583505536,512,"I understand the fibers are organic, Sir. But can you confirm those crumbs are gluten-free?"
1791,0,0,4,4,1.0,0.28867513459481287,512,The flying carpet class is upstairs.
1791,0,0,4,4,1.0,0.28867513459481287,512,"Everyone, the Wheat Grass is here."
1791,0,0,6,6,1.0,0.18257418583505536,512,Magic carpet rides are being held on the roof. This floor is reserved for relaxation yoga.
1791,0,0,3,3,1.0,0.408248290463863,512,"What is it about ""Size doesn't matter"" that you don't understand?"
1791,0,0,4,4,1.0,0.28867513459481287,512,I don't care if it is a Republican prayer rug. Get a yoga mat.
1791,0,0,3,3,1.0,0.408248290463863,512,I find using a rug really helps me from slipping in downward dog
1791,0,0,4,4,1.0,0.28867513459481287,512,It's yoga and not yogart and no you can't sit and gawk for a while.
1791,0,0,4,4,1.0,0.28867513459481287,512,Your mat will really tie the room together.
1791,0,0,3,3,1.0,0.408248290463863,512,When I said you should try getting out more I didn't really mean it.
1791,0,0,4,4,1.0,0.28867513459481287,512,My wife told me that y’all might be able to teach me how to ride this thing.
1791,0,0,4,4,1.0,0.28867513459481287,512,You were warned about drinking from that bottle without a guide.
1791,0,0,3,3,1.0,0.408248290463863,512,You're stressing me out.
1791,0,0,4,4,1.0,0.28867513459481287,512,It's for our new pose: upward-facing Persian cat.
1791,0,0,4,4,1.0,0.28867513459481287,512,You want to be great again?
1791,0,0,4,4,1.0,0.28867513459481287,512,"Actually, Subway doesn't use that chemical in their sandwiches anymore. Yoga mats are safe again."
1791,0,0,7,7,1.0,0.1543033499620919,512,Just think of it like I have a seasons ticket to this spot.
1791,0,0,4,4,1.0,0.28867513459481287,512,So it's finally here: Dharman-spreading.'
1791,0,0,4,4,1.0,0.28867513459481287,512,Mosque delivery is next door.
1791,0,0,4,4,1.0,0.28867513459481287,512,"Ah, great Persian carpet; much roomier. Good price, too. Couple of questions though... . Has the Mecca GPS device been disabled? (Off-screen) ""And ask him if you should get a CARPET BOMB Rider on your insurance while you're at it."""
1791,0,0,4,4,1.0,0.28867513459481287,512,Does it fly too?
1791,0,0,5,5,1.0,0.22360679774997896,512,Puraney khayalat?
1791,0,0,5,5,1.0,0.22360679774997896,512,"Sorry, we don't allow manspreading."
1791,0,0,5,5,1.0,0.22360679774997896,512,This is Bow Down Yoga... NOT... Lay Down and Nap!
1791,0,0,4,4,1.0,0.28867513459481287,512,What would happen when a man brought a carpet to have one room for a yoga instructor?
1791,0,0,3,3,1.0,0.408248290463863,512,Namaste yourself to the basement.
1791,0,0,5,5,1.0,0.22360679774997896,512,"Yoga is not a competition sport, Nigel."
1791,0,0,3,3,1.0,0.408248290463863,512,"Had enough, big shot?"
1791,0,0,4,4,1.0,0.28867513459481287,512,You're early for the magic carpet class.
1791,0,0,3,3,1.0,0.408248290463863,512,That will have to be screened for bed bugs.
1791,0,0,4,4,1.0,0.28867513459481287,512,I don't think those are the piles yoga is supposed to help.
1791,0,0,4,4,1.0,0.28867513459481287,512,"If you'd like to use your magic carpet as a yoga mat, you're going to have to sign a waiver in the event that it takes off during seated meditation."
1791,0,0,3,3,1.0,0.408248290463863,512,You're not allowed to relax unless you have the right attire.
1791,0,0,4,4,1.0,0.28867513459481287,512,"I can rule the bends here, but I can't bend the rules..."
1791,0,0,5,5,1.0,0.22360679774997896,512,"I said 'yoga""'party"", not 'toga' party."
1791,0,0,5,5,1.0,0.22360679774997896,512,"Sir, there's a lulu lemon right next door."
1791,0,0,3,3,1.0,0.408248290463863,512,"I'm very flexible, but that mat is not welcome."
1791,0,0,3,3,1.0,0.408248290463863,512,What happens in your man caves stays in your man cave.
1791,0,0,4,4,1.0,0.28867513459481287,512,It's Jamaican rolled maan.
1791,0,0,3,3,1.0,0.408248290463863,512,"I said Yoga met, not biggest mat."
1791,0,0,4,4,1.0,0.28867513459481287,512,"This is what i meant by ""we are poor at communicating"""
1791,0,0,3,3,1.0,0.408248290463863,512,"I'm so sorry, this image just isn't going to work for us."
1791,0,0,4,4,1.0,0.28867513459481287,512,"You know you can use your regular yoga mat for the Flying Carpet position, right?"
1791,0,0,4,4,1.0,0.28867513459481287,512,Neanderthal yoga is at 6.
1791,0,0,9,9,1.0,0.11785113019775792,512,I want to see these sun salutations of yours.
1791,0,0,5,5,1.0,0.22360679774997896,512,A Lu-Lu Heriz Serapi?
1791,0,0,4,4,1.0,0.28867513459481287,512,That's really more of a carpet than a mat.
1791,0,0,4,4,1.0,0.28867513459481287,512,"Okay, so there are two exceptions to all-organic-all-natural."
1791,0,0,5,5,1.0,0.22360679774997896,512,"I'm sorry, but, in this class, size doesn't matter...."
1791,0,0,3,3,1.0,0.408248290463863,512,"Look, I just won the Middle Eastern yoga tour contest!"
1791,0,0,3,3,1.0,0.408248290463863,512,"And the miller he has served him worse than that, for he's ground him between two stones."
1791,0,0,3,3,1.0,0.408248290463863,512,The size of your mat does not matter.
1791,0,0,3,3,1.0,0.408248290463863,512,You did not purchase a family membership
1791,0,0,4,4,1.0,0.28867513459481287,512,"I'm sorry, but the hipster doofus yoga studio is located above the ironic vintage t-shirt shop across the street."
1791,0,0,5,5,1.0,0.22360679774997896,512,"Your outfit is bringing me down, dog."
1791,0,0,3,3,1.0,0.408248290463863,512,Size doesn't matter in yoga.
1791,0,0,3,3,1.0,0.408248290463863,512,Bow Wow Dog Training is down the street.
1791,0,0,4,4,1.0,0.28867513459481287,512,I'm boycotting Big Yoga
1791,0,0,4,4,1.0,0.28867513459481287,512,"No, you can't bring your recliner."
1791,0,0,4,4,1.0,0.28867513459481287,512,"Yes, that bread chemical is also in yoga mats, but the mats are perfectly safe."
1791,0,0,4,4,1.0,0.28867513459481287,512,"I know your name is Matt. And the thing you're carrying you call a mat. But that is not a yoga mat, Matt."
1791,0,0,3,3,1.0,0.408248290463863,512,Persian yoga doesn't start until 2:00.
1791,0,0,3,3,1.0,0.408248290463863,512,I'm guessing you are the new apprentice.
1791,0,0,4,4,1.0,0.28867513459481287,512,I can't wait to see how you interpret downward dog.
1791,0,0,4,4,1.0,0.28867513459481287,512,"OK, NOW UNROLL THE CARPET, AND LET CLEOPATRA EMERGE!"
1791,0,0,6,6,1.0,0.18257418583505536,512,You don't know the Crane menage à trois pose do you?
1791,0,0,3,3,1.0,0.408248290463863,512,Yogis don't teach you how to fly like Aladdin.
1791,0,0,3,3,1.0,0.408248290463863,512,Your family will participate?
1791,0,0,5,5,1.0,0.22360679774997896,512,"It's Indian, not Persian."
1791,0,0,4,4,1.0,0.28867513459481287,512,Your hand size has nothing to do with your mat size.
1791,0,0,4,4,1.0,0.28867513459481287,512,I may have put up with your abuse of thesaurus.com but I’m not your English professor anymore.
1791,0,0,4,4,1.0,0.28867513459481287,512,Jam Band yoga class is next door.
1791,0,0,3,3,1.0,0.408248290463863,512,He said. Take any rug in the house
1791,0,0,5,5,1.0,0.22360679774997896,512,Got a dead body in there?
1791,0,0,5,5,1.0,0.22360679774997896,512,So your name's Aladdin. You still can't bring that rug in here.
1791,0,0,4,4,1.0,0.28867513459481287,512,What do you think this is--a slumber party?
1791,0,0,4,4,1.0,0.28867513459481287,512,I'll let you know when it's time for Downward Persian Dog.
1791,0,0,8,8,1.0,0.1336306209562122,512,"Sorry for asking sweetie, but I just can't tell the pitchers from catchers anymore."
1791,0,0,3,3,1.0,0.408248290463863,512,"Sandra, I respect your opinion but this is my Yogi Bear mat. If we just take a deep breath...and relax...I'm sure we can make this work."
1791,0,0,4,4,1.0,0.28867513459481287,512,I think you are taking the concept of going to the mat a bit too literally.
1791,0,0,3,3,1.0,0.408248290463863,512,"You're entirely welcome here, but the corpse has to be outside."
1791,0,0,4,4,1.0,0.28867513459481287,512,"We're trying to become more authentic, ma'am."
1791,0,0,4,4,1.0,0.28867513459481287,512,"I'm sorry, the 'Elect Donald Trump Yoga Fundraiser' doesn't start for another hour."
1791,0,0,3,3,1.0,0.408248290463863,512,"Sorry, ""Make Yoga Great Again"" is in the next studio."
1791,0,0,3,3,1.0,0.408248290463863,512,'It Ain't Yogi 'Till It's Yoga is across the street.'
1791,0,0,4,4,1.0,0.28867513459481287,512,"Sorry, but it doesn't match the drapes."
1791,0,0,3,3,1.0,0.408248290463863,512,"Well, well...what have we here? Another vain attempt at compensation?"
1791,0,0,3,3,1.0,0.408248290463863,512,You may use your 'magic flying carpet' today. But please get a yoga mat for next time.
1791,0,0,7,7,1.0,0.1543033499620919,512,Bigger is not always better!
1791,0,0,3,3,1.0,0.408248290463863,512,The funeral home is in the next block.
1791,0,0,3,3,1.0,0.408248290463863,512,Let me guess: you're new to yoga.
1791,0,0,3,3,1.0,0.408248290463863,512,"It's not practical, but I admire your sense of aesthetic."
1791,0,0,7,7,1.0,0.1543033499620919,512,The spread eagle is not a yoga pose.
1791,0,0,4,4,1.0,0.28867513459481287,512,The flight school is next door.
1791,0,0,3,3,1.0,0.408248290463863,512,"With men it's always about size, isn't it?"
1791,0,0,4,4,1.0,0.28867513459481287,512,It needs restretching.
1791,0,0,3,3,1.0,0.408248290463863,512,Assume the shag position.
1791,0,0,4,4,1.0,0.28867513459481287,512,What do you mean 'your chahra is blocked by my studio's feng shui'?
1791,0,0,3,3,1.0,0.408248290463863,512,So you were told a yak mat will enhance your peace of mind and release tension? H'om...
1791,0,0,4,4,1.0,0.28867513459481287,512,"I'm sorry but I'm going to have to ask you to leave. It's not the Oriental, it's the normcore."
1791,0,0,4,4,1.0,0.28867513459481287,512,"So that's whay they call you ""big"" Matt"
1791,0,0,4,4,1.0,0.28867513459481287,512,"And yes, I promise you that I will never ask you to eat kale again."
1791,0,0,4,4,1.0,0.28867513459481287,512,"No, we are not Ground School for carpet flyers!"
1791,0,0,4,4,1.0,0.28867513459481287,512,One: take your shoes off in my studio. Two: that's a tapestry.
1791,0,0,4,4,1.0,0.28867513459481287,512,The Magic Carpet Ride class meets on the roof. Good luck!
1791,0,0,5,5,1.0,0.22360679774997896,512,I think you've got the yang covered.
1791,0,0,4,4,1.0,0.28867513459481287,512,Supersized spots pay a supersized fee.
1791,0,0,4,4,1.0,0.28867513459481287,512,Nobody is buying it that you found Shiva's original yoga mat.
1791,0,0,3,3,1.0,0.408248290463863,512,"You found it, stuffed away in an old drawer...!?...well, you need to think 'slip resistant'."
1791,0,0,4,4,1.0,0.28867513459481287,512,The auditions for Anthony and Cleopatra are next door.
1791,0,0,5,5,1.0,0.22360679774997896,512,No rule says you can't wear kneepads instead.
1791,0,0,3,3,1.0,0.408248290463863,512,"I completely understand your feelings on this, but I'm just concerned your flying carpet will be an unnecessary distraction."
1791,0,0,4,4,1.0,0.28867513459481287,512,"So, they call you Mr Big, do they?"
1791,0,0,3,3,1.0,0.408248290463863,512,The baseball cross-training class starts next week.
1791,0,0,4,4,1.0,0.28867513459481287,512,Bigger is not better
1791,0,0,3,3,1.0,0.408248290463863,512,"'Let me guess -- it's either this or detention."""
1791,0,0,4,4,1.0,0.28867513459481287,512,"I'm sorry, ""eastward-facing dog?"""
1791,0,0,4,4,1.0,0.28867513459481287,512,"Uh your mat is quite big,"" ""I thought size doesn't matter."
1791,0,0,4,4,1.0,0.28867513459481287,512,"I'm not judging, but your chakras are blocked."
1791,0,0,3,3,1.0,0.408248290463863,512,"With all due respect, we request that you not be visible from our window."
1791,0,0,4,4,1.0,0.28867513459481287,512,"Trust me, you're not that flexible."
1791,0,0,4,4,1.0,0.28867513459481287,512,The sign says no Flying carpets.
1791,0,0,4,4,1.0,0.28867513459481287,512,"Take your magic carpet and beat it, Alladin. The only way you'll ever reach a higher plane is on a sticky mat!"
1791,0,0,8,8,1.0,0.1336306209562122,512,"This is a yoga studio, not Downton Abbey."
1791,0,0,4,4,1.0,0.28867513459481287,512,"YOU WANT THE UPPER CRUST OF YOGA,THERE'RE IN THE PENTHOUSE."
1791,0,0,4,4,1.0,0.28867513459481287,512,"magic carpet or not, its too big for this class"
1791,0,0,3,3,1.0,0.408248290463863,512,"Smaller, thicker and less decorative next time, please."
1791,0,0,3,3,1.0,0.408248290463863,512,One day you will also keep the seat down!
1791,0,0,4,4,1.0,0.28867513459481287,512,"I'm sorry, Sir. The flying carpet class ended at 11."
1791,0,0,4,4,1.0,0.28867513459481287,512,"No, I do not want to shag, thank you."
1791,0,0,3,3,1.0,0.408248290463863,512,Agoy Nwod Wob means your coming at this from the wrong perspective.
1791,0,0,4,4,1.0,0.28867513459481287,512,"Sir, next time can you bring your own yoga mat? That rug isn't supposed to leave the lobby."
1791,0,0,3,3,1.0,0.408248290463863,512,Is there a lamp in there too?
1791,0,0,3,3,1.0,0.408248290463863,512,Men: We're even rugged during Yoga
1791,0,0,3,3,1.0,0.408248290463863,512,"I'm afraid you exceed our minimalism, attitude and materialism guidelines. Good day Mr. Smith."
1791,0,0,4,4,1.0,0.28867513459481287,512,"Good, we won't have a wading pool like last week then."
1791,0,0,3,3,1.0,0.408248290463863,512,I think you'll need your carpet at the boxing ring next door.
1791,0,0,4,4,1.0,0.28867513459481287,512,"Shake out your mat, Frank--we're missing Mr. Whimpley."
1791,0,0,4,4,1.0,0.28867513459481287,512,I'm kinda old school...
1791,0,0,3,3,1.0,0.408248290463863,512,Compensating?
1791,0,0,4,4,1.0,0.28867513459481287,512,"It's a movement practice, not a move-in practice."
1791,0,0,3,3,1.0,0.408248290463863,512,We don't condone manspreading in our studio.
1791,0,0,3,3,1.0,0.408248290463863,512,"No rugs, sir. Not painful enough."
1791,0,0,4,4,1.0,0.28867513459481287,512,"Honey, this ""Make America Great Again!"" thing has gone far enough."
1791,0,0,5,5,1.0,0.22360679774997896,512,You muslims always think you can kill two birds with one stone.
1791,0,0,7,7,1.0,0.1543033499620919,512,"I said bring your mat, Mr. Trump, not your rug."
1791,0,0,3,3,1.0,0.408248290463863,512,You just don't have that special Bow Down Yoga attitude.
1791,0,0,3,3,1.0,0.408248290463863,512,"At least your clothing is appropriate this time, Aladdin."
1791,0,0,5,5,1.0,0.22360679774997896,512,Whoever told you size does not matter was wrong.
1791,0,0,4,4,1.0,0.28867513459481287,512,That kundalini pick-up line is so overused!
1791,0,0,6,6,1.0,0.18257418583505536,512,Persian rugs seems to have been quite qui successful with their new campaign strategy.
1791,0,0,3,3,1.0,0.408248290463863,512,Is it organic astroturf?
1791,0,0,3,3,1.0,0.408248290463863,512,"I said it was a yoga class, not a yogi class!"
1791,0,0,6,6,1.0,0.18257418583505536,512,Really? Not even you are that dumb
1791,0,0,4,4,1.0,0.28867513459481287,512,I'm afraid yoga is more of a mid-century modern lifestyle.
1791,0,0,3,3,1.0,0.408248290463863,512,Drop and roll before I bonk you on the head!
1791,0,0,4,4,1.0,0.28867513459481287,512,I think your college buddies were pulling your leg. There is no instructor here named Alladin!
1791,0,0,4,4,1.0,0.28867513459481287,512,I saw you driving in. That's a very nice Porsche convertible.
1791,0,0,4,4,1.0,0.28867513459481287,512,"Really? A ""power carpet"" for Power Yoga?"
1791,0,0,3,3,1.0,0.408248290463863,512,Look what the shaggy dog dragged in.
1791,0,0,4,4,1.0,0.28867513459481287,512,"We said you can practice at home, not like you’re home."
1791,0,0,4,4,1.0,0.28867513459481287,512,"Actually, my karma says to take your Grateful Dead rug elsewhere."
1791,0,0,9,9,1.0,0.11785113019775792,512,I don't care if your name IS Aladin. You lie it! Don't fly it.
1791,0,0,3,3,1.0,0.408248290463863,512,"The non-conformist yoga instructor doesn’t stick to a regular schedule, but you’re welcome to join my class."
1791,0,0,4,4,1.0,0.28867513459481287,512,"No, having a bigger rug doesn't help, either."
1791,0,0,3,3,1.0,0.408248290463863,512,This wasn't the kind of burn I was expecting.
1791,0,0,3,3,1.0,0.408248290463863,512,Size matters.
1791,0,0,4,4,1.0,0.28867513459481287,512,"Where's Aladdin, and what have you done to that magic carpet?"
1791,0,0,7,7,1.0,0.1543033499620919,512,Downward-facing smile.
1791,0,0,3,3,1.0,0.408248290463863,512,This 'bigger is better' mantra you live by is getting old.
1791,0,0,3,3,1.0,0.408248290463863,512,Not sure what happened to her but the body is in the back room.
1791,0,0,3,3,1.0,0.408248290463863,512,"Magic carpet lessons, start at noon"
1791,0,0,3,3,1.0,0.408248290463863,512,The Kama Sutra class is next week.
1791,0,0,3,3,1.0,0.408248290463863,512,My downward dog had worms
1791,0,0,4,4,1.0,0.28867513459481287,512,"You do realise that downward dog is meant for humans, right?"
1791,0,0,4,4,1.0,0.28867513459481287,512,Have you seen Alice?
1791,0,0,3,3,1.0,0.408248290463863,512,"Sorry about your downward dog accident, but we don't do pet stains"
1791,0,0,3,3,1.0,0.408248290463863,512,"I meant something like a large bath towel, not a carpet."
1791,0,0,4,4,1.0,0.28867513459481287,512,Is your moving truck double parked?
1791,0,0,4,4,1.0,0.28867513459481287,512,We don't subscribe to manspread Yoga here.
1791,0,0,3,3,1.0,0.408248290463863,512,I say no to rugs.
1791,0,0,3,3,1.0,0.408248290463863,512,"Oh, you downward dog, you."
1791,0,0,4,4,1.0,0.28867513459481287,512,"Let me guess, downward facing dog ate your mat?"
1791,0,0,3,3,1.0,0.408248290463863,512,"Okay, if you got it smoke it."
1791,0,0,6,6,1.0,0.18257418583505536,512,Attain a higher plane? Pretty sure that's not what they meant.
1791,0,0,4,4,1.0,0.28867513459481287,512,"We only show you the pose, it's up to you to dispose of the corpse."
1791,0,0,4,4,1.0,0.28867513459481287,512,but is it artisanal?
1791,0,0,4,4,1.0,0.28867513459481287,512,"Let me guess, you aren't vegan either."
1791,0,0,6,6,1.0,0.18257418583505536,512,Sorry. The ad was supposed to say Flying Dog not Flying Carpet.
1791,0,0,4,4,1.0,0.28867513459481287,512,"I said a mat, not the living room rug!"
1791,0,0,4,4,1.0,0.28867513459481287,512,"It's ""namaste""not ""no mats day"""
1791,0,0,4,4,1.0,0.28867513459481287,512,"I will let it go this time, but if I so much as hear you humming that song from Aladdin, you're out of here!"
1791,0,0,4,4,1.0,0.28867513459481287,512,"Unwelcome karma, sir. No, not the mat, it's your NRA hat."
1791,0,0,4,4,1.0,0.28867513459481287,512,"I'm sorry, but there's still no group discount."
1791,0,0,4,4,1.0,0.28867513459481287,512,The Yogi School is on the second floor.
1791,0,0,5,5,1.0,0.22360679774997896,512,You're early. Please let the Jolly Green Giant know his XXXXXXXL yoga workout doesn't begin until four.
1791,0,0,3,3,1.0,0.408248290463863,512,I promise to take the needs of Yoga Dads into consideration.
1791,0,0,3,3,1.0,0.408248290463863,512,Our practice includes the idea that size does not matter.
1791,0,0,4,4,1.0,0.28867513459481287,512,You can put my sister down anywhere?
1791,0,0,3,3,1.0,0.408248290463863,512,"I'm sorry, no flying carpets allowed."
1791,0,0,5,5,1.0,0.22360679774997896,512,We don't do the same yoga. XOXO
1791,0,0,4,4,1.0,0.28867513459481287,512,That's not lululemon...
1791,0,0,4,4,1.0,0.28867513459481287,512,"I don't care if it's Cleopatra in there, she's still going to pay for the classes."
1791,0,0,5,5,1.0,0.22360679774997896,512,Don't you have any friends of your own Bob?
1791,0,0,4,4,1.0,0.28867513459481287,512,A fancy Persian rug will not get you to a higher level of conciousness in my yoga class.
1791,0,0,3,3,1.0,0.408248290463863,512,"Namaste! Wait until I say ""Namaste,"" you oaf!"
1791,0,0,3,3,1.0,0.408248290463863,512,My Persian rug is in need of a stretch!
1791,0,0,3,3,1.0,0.408248290463863,512,At least our orientalism isn't gauche.
1791,0,0,3,3,1.0,0.408248290463863,512,Let me guess - bean burritos for lunch?
1791,0,0,4,4,1.0,0.28867513459481287,512,Pole dancing is at 6:00 PM.
1791,0,0,7,7,1.0,0.1543033499620919,512,"No, we don't offer a 7th inning stretch. Wrong sport dude. Namaste."
1791,0,0,4,4,1.0,0.28867513459481287,512,This is the Bow Down studio. The DIY studio is on the second floor.
1791,0,0,4,4,1.0,0.28867513459481287,512,Is that Persian?
1791,0,0,4,4,1.0,0.28867513459481287,512,You must be looking for the yogurt place next door.
1791,0,0,3,3,1.0,0.408248290463863,512,"I know it's a bit oversized, but the salesperson assured me it's 100% organic."
1791,0,0,4,4,1.0,0.28867513459481287,512,I hope you don't roll your own cigarettes.
1791,0,0,3,3,1.0,0.408248290463863,512,"""Magic Carpet Flying Lessons"" are next door."
1791,0,0,2,2,1.0,0.7071067811865476,512,It's about spiritual liberation not a magic carpet ride.
1791,0,0,3,3,1.0,0.408248290463863,512,Ali Akbar dropped this class yesterday.
1791,0,0,4,4,1.0,0.28867513459481287,512,"Sorry sir, but Mondays, Wednesdays and Fridays are reserved for allergen-free workouts."
1791,0,0,4,4,1.0,0.28867513459481287,512,"Sorry, but I'm looking for something a little more manufactured."
1791,0,0,3,3,1.0,0.408248290463863,512,"""Bro-Ga"" has been cancelled."
1791,0,0,4,4,1.0,0.28867513459481287,512,"When I said, 'Feel the burn,' I wasn't talking about rug burn."
1791,0,0,4,4,1.0,0.28867513459481287,512,"I'm sorry, but if we allow you , soon everyone will be in here magic carpets."
1791,0,0,5,5,1.0,0.22360679774997896,512,We have parking for flying carpets behind the building.
1791,0,0,5,5,1.0,0.22360679774997896,512,"And I would ALSO appreciate it if you DIDN'T make follow-up comments to mine, such as ""What up, Downward Dog?"""
1791,0,0,4,4,1.0,0.28867513459481287,512,Class cost is by the square foot.
1791,0,0,4,4,1.0,0.28867513459481287,512,This is what happens when you tell your man to bring the 'thing' on the floor to couples yoga while he is watching the game.
1791,0,0,4,4,1.0,0.28867513459481287,512,"I don't care if it Aladdin swore by it, you'll have to use a yoga mat like the rest of us."
1791,0,0,5,5,1.0,0.22360679774997896,512,"No, the studio doesn't need ""classin' up""."
1791,0,0,7,7,1.0,0.1543033499620919,512,"I ordered a zen rug, not a Persian rug."
1791,0,0,4,4,1.0,0.28867513459481287,512,The community class is at 3.
1791,0,0,6,6,1.0,0.18257418583505536,512,Using a flying carpet to attain the Eagle pose is frowned upon!
1791,0,0,6,6,1.0,0.18257418583505536,512,I came to get down.
1791,0,0,5,5,1.0,0.22360679774997896,512,We took the family pack
1791,0,0,4,4,1.0,0.28867513459481287,512,Let's just start with an all natural diet
1791,0,0,4,4,1.0,0.28867513459481287,512,Persia is not known as a yoga mat manufacturing centre.
1791,0,0,3,3,1.0,0.408248290463863,512,How much bliss do you need?
1791,0,0,6,6,1.0,0.18257418583505536,512,It's 100% organic.
1791,0,0,7,7,1.0,0.1543033499620919,512,"I'm sorry, we don't offer a group rate."
1791,0,0,4,4,1.0,0.28867513459481287,512,Do your choices affect others? Consider your actions.
1791,0,0,4,4,1.0,0.28867513459481287,512,"Planning on expanding your practice, I assume?"
1791,0,0,4,4,1.0,0.28867513459481287,512,It's 3 doors down for the men's class.
1791,0,0,5,5,1.0,0.22360679774997896,512,Did you get in with the two-for-one special?
1791,0,0,8,8,1.0,0.1336306209562122,512,"Sorry, IRANIAN yoga rug."
1791,0,0,5,5,1.0,0.22360679774997896,512,"Yes, we stretch here. The bullpen for pitching from the stretch is next door."
1791,0,0,3,3,1.0,0.408248290463863,512,"Okay, I'll check-in my sense of superiority if you check-in that carpet"
1791,0,0,4,4,1.0,0.28867513459481287,512,I think you want the place up the street -- Downward Doggy Style.
1791,0,0,4,4,1.0,0.28867513459481287,512,"Yes, we believe yoga is a religious experience. No, you cannot bring your own prayer rug."
1791,0,0,3,3,1.0,0.408248290463863,512,"You've been living in that ""mine's bigger than your's"" world much too long"
1791,0,0,3,3,1.0,0.408248290463863,512,"I'm sorry, this is a no-fly zone."
1791,0,0,4,4,1.0,0.28867513459481287,512,A genie better be in there and grant me 3 wishes if you plan on rolling that out in my class. Namaste.
1791,0,0,4,4,1.0,0.28867513459481287,512,"I guarantee you, a small rug is wonderful, there's no problem, I guarantee you."
1791,0,0,8,8,1.0,0.1336306209562122,512,You can start by getting your rug off of Barbara’s head.
1791,0,0,4,4,1.0,0.28867513459481287,512,what 'Room' ?
1791,0,0,8,8,1.0,0.1336306209562122,512,"What's with the rug, Matt?"
1791,0,0,4,4,1.0,0.28867513459481287,512,Your website said to bring your own mat
1791,0,0,4,4,1.0,0.28867513459481287,512,"Sir, shoes aren't allowed in the studio."
1791,0,0,4,4,1.0,0.28867513459481287,512,"I'm sorry, our Neanderthal-looking-for-a-date class meets on yesterdays."
1791,0,0,4,4,1.0,0.28867513459481287,512,Is it medicinal?
1791,0,0,3,3,1.0,0.408248290463863,512,"I don't care how wealthy you are, you can't use a your expensive Persian rug in this class."
1791,0,0,3,3,1.0,0.408248290463863,512,Your guy says the whole class can have 80% off yoga mats this week only.
1791,0,0,5,5,1.0,0.22360679774997896,512,"Sorry, today is Dog Facing East. Yesterday was Doofus Carrying Rug."
1791,0,0,3,3,1.0,0.408248290463863,512,"This is Hatha, not Mansplay yoga."
1791,0,0,4,4,1.0,0.28867513459481287,512,The introduction to pre-yoga class is tomorrow.
1791,0,0,4,4,1.0,0.28867513459481287,512,"Are you here to pray or stretch? No, we don't allow naps."
1791,0,0,10,10,1.0,0.10540925533894598,512,"Your small-man, big-mat compensation issues are starting to hurt my business."
1791,0,0,7,7,1.0,0.1543033499620919,512,Have you seen my sister Cleo?
1791,0,0,5,5,1.0,0.22360679774997896,512,"Sorry, Mr. Perkins--but your small rug on top is even scarier than the big one for your bottom."
1791,0,0,3,3,1.0,0.408248290463863,512,We lie on our mats not fly on them.
1791,0,0,5,5,1.0,0.22360679774997896,512,"Salesman or no, yoga doesn't involve flying on a magic carpet."
1791,0,0,3,3,1.0,0.408248290463863,512,"Oh, I forgot, Ben. You skipped second grade to play baseball, and second grade is when we learned the difference between a rug and a mat."
1791,0,0,7,7,1.0,0.1543033499620919,512,May I take your brother's measurements as long as he's here?
1791,0,0,4,4,1.0,0.28867513459481287,512,Why don't you ask the rest of your crew to join us?
1791,0,0,4,4,1.0,0.28867513459481287,512,"Remember, no flying more than two feet above the floor."
1791,0,0,3,3,1.0,0.408248290463863,512,this is yoga not a carpet store
1791,0,0,4,4,1.0,0.28867513459481287,512,"At 'Bow Down Yoga', we find our inner bliss on yoga mats, not area rugs."
1791,0,0,4,4,1.0,0.28867513459481287,512,Miley's here.
1791,0,0,4,4,1.0,0.28867513459481287,512,Magic carpet rides are not allowed.
1791,0,0,4,4,1.0,0.28867513459481287,512,I admire your ambition.
1791,0,0,4,4,1.0,0.28867513459481287,512,That would have to be the early evening family class
1791,0,0,4,4,1.0,0.28867513459481287,512,"No you can't bring your dog, it's Bow Down Yoga, not Bow Wow"
1791,0,0,4,4,1.0,0.28867513459481287,512,"If that thing can fly, I suggest you use it."
1791,0,0,4,4,1.0,0.28867513459481287,512,Wrong space sir. Rehearsals for Anthony and Cleopatra are held in the upstairs studio.
1791,0,0,4,4,1.0,0.28867513459481287,512,"No, we don't supply the chair and television."
1791,0,0,3,3,1.0,0.408248290463863,512,Size doesn't matter to me.
1791,0,0,3,3,1.0,0.408248290463863,512,","" ""May the floors be with you."""
1791,0,0,4,4,1.0,0.28867513459481287,512,"""You can try, sir, but I question if you and your rug are a fit for our program."
1791,0,0,4,4,1.0,0.28867513459481287,512,Her Bow Down dog soiled the rug
1791,0,0,3,3,1.0,0.408248290463863,512,"Together would be nice, but I'm allergic to dust."
1791,0,0,4,4,1.0,0.28867513459481287,512,How many times do I have to tell you that size doesn't matter?
1791,0,0,5,5,1.0,0.22360679774997896,512,I do appreciate your trying but we are just not on the same page.
1791,0,0,3,3,1.0,0.408248290463863,512,The BYO class is downstairs.
1791,0,0,4,4,1.0,0.28867513459481287,512,You don't look very stretchy.
1791,0,0,3,3,1.0,0.408248290463863,512,"It helps absorb my sweat, but does very little for my excessive leering."
1791,0,0,3,3,1.0,0.408248290463863,512,Late for class after one of those 1001 nights again?
1791,0,0,3,3,1.0,0.408248290463863,512,"Sir, this is yoga. Size does not matter."
1791,0,0,5,5,1.0,0.22360679774997896,512,You’ve either signed up for Hatha or the stick welding course next door.
1791,0,0,4,4,1.0,0.28867513459481287,512,"I'm sorry, Spousal Disposal Inc is two doors down."
1791,0,0,3,3,1.0,0.408248290463863,512,"Just a thought, natural wool may chafe."
1791,0,0,4,4,1.0,0.28867513459481287,512,"Sorry, there are no hemp mats allowed."
1791,0,0,4,4,1.0,0.28867513459481287,512,No we don't do juice and crackers.
1791,0,0,3,3,1.0,0.408248290463863,512,"Let me guess, you're here for broga? 2nd floor."
1791,0,0,3,3,1.0,0.408248290463863,512,You're overcompensating for a weak second chakra.
1791,0,0,4,4,1.0,0.28867513459481287,512,This is a beginners class.
1791,0,0,5,5,1.0,0.22360679774997896,512,My wife is lost in thought. Can you please tell her that she promised the kid's that she would take them to the park today?
1791,0,0,3,3,1.0,0.408248290463863,512,"A one-percenter Downward-facing Dog? Nowhere near me, dude."
1791,0,0,4,4,1.0,0.28867513459481287,512,"Sorry, Oriental Rug Yoga isn't until 7PM right after Trampoline Yoga."
1791,0,0,4,4,1.0,0.28867513459481287,512,I'm sorry but your too well adjusted for our program.
1791,0,0,3,3,1.0,0.408248290463863,512,You want the flying lessons; that's up on the roof level.
1791,0,0,3,3,1.0,0.408248290463863,512,Do you need help moving your furniture in?
1791,0,0,3,3,1.0,0.408248290463863,512,"This is Yoga class, the ""Aladdin"" tryouts are down the hall."
1791,0,0,5,5,1.0,0.22360679774997896,512,I specifically ordered 3-inch memory foam padding beneath. Where is it?
1791,0,0,3,3,1.0,0.408248290463863,512,Can you help me unwind?
1791,0,0,5,5,1.0,0.22360679774997896,512,Am I supposed to be impressed?
1791,0,0,4,4,1.0,0.28867513459481287,512,"I'm sorry but ""scatter rug"" yoga is not a thing."
1791,0,0,4,4,1.0,0.28867513459481287,512,"Good, now hold that position until you achieve yin."
1791,0,0,4,4,1.0,0.28867513459481287,512,"Your name might be Matt, but it's still a rug."
1791,0,0,4,4,1.0,0.28867513459481287,512,Are you going to kill and roll me up in that rug.
1791,0,0,3,3,1.0,0.408248290463863,512,"Remember, speak softly and carry a big shovel."
1791,0,0,4,4,1.0,0.28867513459481287,512,"Take her, and put her in the garbage truck."
1791,0,0,4,4,1.0,0.28867513459481287,512,A mix of hot yoga and body wraps.
1791,0,0,3,3,1.0,0.408248290463863,512,This won't be a sleepover.
1791,0,0,4,4,1.0,0.28867513459481287,512,I don't care if it's soft and fluffy.
1791,0,0,5,5,1.0,0.22360679774997896,512,"Sorry, the normcore class doesn't start until 11:00"
1791,0,0,4,4,1.0,0.28867513459481287,512,Overcompensating Mr. Smith?
1791,0,0,3,3,1.0,0.408248290463863,512,I said I wanted a crumpet not a carpet!
1791,0,0,4,4,1.0,0.28867513459481287,512,"Bow, not bro"
1791,0,0,3,3,1.0,0.408248290463863,512,There is no 'I' in Yoga Mat!
1791,0,0,4,4,1.0,0.28867513459481287,512,This is a No Manspreading zone.
1791,0,0,3,3,1.0,0.408248290463863,512,"Unfortunately, our schedule does not allow time for a ceremony to honor Mr. Berra."
1791,0,0,5,5,1.0,0.22360679774997896,512,No. 'Till the fat lady sings.' was his mantra.
1791,0,0,4,4,1.0,0.28867513459481287,512,At Bow Down we do not allow the picking up of a partner.
1791,0,0,4,4,1.0,0.28867513459481287,512,"No, I'm afraid using a bigger mat will not 'make yoga great again.'"
1791,0,0,7,7,1.0,0.1543033499620919,512,“winning isn’t about carrying a mountain and moving a step-but about carrying Pebble and taking a leap”.
1791,0,0,4,4,1.0,0.28867513459481287,512,Not that kind of bow down
1791,0,0,3,3,1.0,0.408248290463863,512,Magic carpet ride huh?
1791,0,0,4,4,1.0,0.28867513459481287,512,Honey how many times do I have too tell you? Stop stealing our neighbors carpet for your own personal use.
1791,0,0,4,4,1.0,0.28867513459481287,512,We don't allow full-size rugs in here. It makes the mats feel self-conscious.
1791,0,0,4,4,1.0,0.28867513459481287,512,Our class for the refreshingly un-commercialized starts next week
1791,0,0,3,3,1.0,0.408248290463863,512,Your karma is just pitiful.
1791,0,0,4,4,1.0,0.28867513459481287,512,Tell Cleopatra that Julius is not here on Monday's.
1791,0,0,4,4,1.0,0.28867513459481287,512,Only if it doesn't levitate.
1791,0,0,4,4,1.0,0.28867513459481287,512,"Yes, I did say you could bring your own yoga mat."
1791,0,0,5,5,1.0,0.22360679774997896,512,"OK, the brochure says a gentler class comfortable for beginners, but that is not one of the recommended mats."
1791,0,0,4,4,1.0,0.28867513459481287,512,"No, no cheese, I said chi."
1791,0,0,3,3,1.0,0.408248290463863,512,We're not planning on flying at all! A simple mat will do.
1791,0,0,4,4,1.0,0.28867513459481287,512,"In yoga we use mats -- not runners, neither floor nor designated."
1791,0,0,3,3,1.0,0.408248290463863,512,"Yo, sorry I'm not down with this Dog."
1791,0,0,4,4,1.0,0.28867513459481287,512,"I said hot mat, not hot rug."
1791,0,0,7,7,1.0,0.1543033499620919,512,My downward tapestry has really improved of late.
1791,0,0,4,4,1.0,0.28867513459481287,512,"No, you can't ""tail-gaze"" while we do Downward Dog"
1791,0,0,4,4,1.0,0.28867513459481287,512,"I'm sorry, but we don't allow Persians."
1791,0,0,3,3,1.0,0.408248290463863,512,"I said, ""Carpe Diem"", not ""Carpet Today""."
1791,0,0,4,4,1.0,0.28867513459481287,512,Your rug or mine?
1791,0,0,3,3,1.0,0.408248290463863,512,"It'll come in handy when I start ""Yoga for Rug Rats."""
1791,0,0,4,4,1.0,0.28867513459481287,512,I see you're here for the Persian Yoga class.
1791,0,0,3,3,1.0,0.408248290463863,512,Who are you? And what have you done with Cleo?
1791,0,0,4,4,1.0,0.28867513459481287,512,I can't meditate on a plastic mat !
1791,0,0,3,3,1.0,0.408248290463863,512,Namaste. I suppose Home Depot was out of berber?
1791,0,0,4,4,1.0,0.28867513459481287,512,If you turn to your left you'll be facing East.
1791,0,0,4,4,1.0,0.28867513459481287,512,Sorry - for rug carry you need Cross Fit down the street.
1791,0,0,4,4,1.0,0.28867513459481287,512,Nothing brings me inner peace like my prayer rug.
1791,0,0,4,4,1.0,0.28867513459481287,512,"Wow, I'll bet you are the mood for some rhythmic breathing."
1791,0,0,5,5,1.0,0.22360679774997896,512,"Even though you may have learned it in 2nd grade, in this class you don't have to bring enough for everyone."
1791,0,0,4,4,1.0,0.28867513459481287,512,Working class is in Studio Two.
1791,0,0,4,4,1.0,0.28867513459481287,512,Which way is Mecca?
1791,0,0,5,5,1.0,0.22360679774997896,512,No we don't clean rugs as well.
1791,0,0,3,3,1.0,0.408248290463863,512,"Small hands, big mat ?"
1791,0,0,4,4,1.0,0.28867513459481287,512,I insist. Men first!
1791,0,0,5,5,1.0,0.22360679774997896,512,"This is a yoga class, not a beer and weed hangout."
1791,0,0,3,3,1.0,0.408248290463863,512,Perhaps you were looking for the Fight Club down the street.
1791,0,0,4,4,1.0,0.28867513459481287,512,This is Bow Down not Lay Down Yoga.
1791,0,0,4,4,1.0,0.28867513459481287,512,"I hope you realize, that this will triple your class fee."
1791,0,0,3,3,1.0,0.408248290463863,512,"Please stop referring to it as the doggie pose, Lewis."
1791,0,0,4,4,1.0,0.28867513459481287,512,Meditate on this: Oriental yoga matts are not permitted!
1791,0,0,4,4,1.0,0.28867513459481287,512,I don't care if you paid full price at Restoration Hardware.
1791,0,0,3,3,1.0,0.408248290463863,512,"Please take off your shoes and socks, we practice barefoot."
1791,0,0,4,4,1.0,0.28867513459481287,512,"Space being a finite resource, we have to double your rates."
1791,0,0,3,3,1.0,0.408248290463863,512,"OK, maybe you're just not cutout for yoga. But I tell ya what, how about I refer you to that CrossFit gym around the corner?"
1791,0,0,3,3,1.0,0.408248290463863,512,"No, Alladin, I do not wish to try a new position with you on your magic carpet!"
1791,0,0,3,3,1.0,0.408248290463863,512,"Are you trying to perfect ""The Recumbent Man""?"
1791,0,0,4,4,1.0,0.28867513459481287,512,I asked for wall-to-wall.
1791,0,0,3,3,1.0,0.408248290463863,512,Body's out back.
1791,0,0,4,4,1.0,0.28867513459481287,512,"No, I am not able to make you genie appear during Shavasana."
1791,0,0,7,7,1.0,0.1543033499620919,512,"If you're into yoga mat envy, you've come to the wrong place."""
1791,0,0,6,6,1.0,0.18257418583505536,512,ManFlow Yoga is on Tuesday nights.
1791,0,0,4,4,1.0,0.28867513459481287,512,I didn't know Goliath was into yoga.
1791,0,0,4,4,1.0,0.28867513459481287,512,Bring him to Room. (The true story.)
1791,0,0,3,3,1.0,0.408248290463863,512,Your Suburban and Bar-B-Que are double-parked.
1791,0,0,4,4,1.0,0.28867513459481287,512,Loose the silly hat!
1791,0,0,3,3,1.0,0.408248290463863,512,"This is the crossfit gym, right?"
1791,0,0,3,3,1.0,0.408248290463863,512,""" I see you've been shopping at the one size fits all yoga mat store""."
1791,0,0,5,5,1.0,0.22360679774997896,512,The Suds and Rugs is down the street
1791,0,0,5,5,1.0,0.22360679774997896,512,"It is a gorgeous rug, but I think you'd be happier at ""ElephantYoga"" down the street."
1791,0,0,4,4,1.0,0.28867513459481287,512,"Look, Aladdin, you're welcome to stay, but please no flying this time. It distracts the others."
1791,0,0,4,4,1.0,0.28867513459481287,512,"At this point, she realized that the relationship was not going to work."
1791,0,0,3,3,1.0,0.408248290463863,512,"Magic, Smagic, it's not welcome here!"
1791,0,0,3,3,1.0,0.408248290463863,512,"Honey, I said Vinyasa, not Persian..."
1791,0,0,3,3,1.0,0.408248290463863,512,"is that a tarp, or are you just happy to see me?"
1791,0,0,3,3,1.0,0.408248290463863,512,"Yes, but is it sticky?"
1791,0,0,3,3,1.0,0.408248290463863,512,"Now that you flew in on it, can you also shrink it?"
1791,0,0,5,5,1.0,0.22360679774997896,512,Your name is Matt not rug!
1791,0,0,4,4,1.0,0.28867513459481287,512,Double-wide yoga anyone?
1791,0,0,4,4,1.0,0.28867513459481287,512,I see your rug rats will be joining us today.
1791,0,0,4,4,1.0,0.28867513459481287,512,"This is yoga, not carpet flying"
1791,0,0,3,3,1.0,0.408248290463863,512,I really need to change that 'Bring Your Own Mat' policy...
1791,0,0,5,5,1.0,0.22360679774997896,512,The Season ends - never!
1791,0,0,3,3,1.0,0.408248290463863,512,"I asked you to bring the rolled yoga mat, not the rug from the living room"
1791,0,0,3,3,1.0,0.408248290463863,512,Bow Down Yoga is a no manspreading zone.
1791,0,0,3,3,1.0,0.408248290463863,512,Shag costs double.
1791,0,0,4,4,1.0,0.28867513459481287,512,"Okay, I’ll agree size does matter; but you still can’t use it!"
1791,0,0,7,7,1.0,0.1543033499620919,512,You don't have the right standard equipment for this class.
1791,0,0,3,3,1.0,0.408248290463863,512,Magic Carpet rides are two doors down on the left.
1791,0,0,4,4,1.0,0.28867513459481287,512,I must insist. No FLYING CARPETS !
1791,0,0,3,3,1.0,0.408248290463863,512,Trump yoga's on the 5th floor.
1791,0,0,4,4,1.0,0.28867513459481287,512,"No, I am not interested in getting a rug burn with you."
1791,0,0,4,4,1.0,0.28867513459481287,512,"No, it isn't. Yoga for Dummies is down the hall, second door on your hand with the carpet."
1791,0,0,6,6,1.0,0.18257418583505536,512,It's no picnic! Believe me!
1791,0,0,5,5,1.0,0.22360679774997896,512,"Excuse me Sir, this is a yoga class, not a carpentry store!"
1791,0,0,3,3,1.0,0.408248290463863,512,"You said bring a yoga mat, so I borrowed one from Aladdin."
1791,0,0,4,4,1.0,0.28867513459481287,512,Soft and fuzzy? I think you have been misinformed.
1791,0,0,5,5,1.0,0.22360679774997896,512,What's the matter?
1791,0,0,3,3,1.0,0.408248290463863,512,The yoga class from 1977 called and said they are waiting for you.
1791,0,0,3,3,1.0,0.408248290463863,512,"If it's a flying carpet, ok."
1791,0,0,4,4,1.0,0.28867513459481287,512,"Mat, not carpet. And please leave your shoes at the door. and your hat.................oh, never mind !"
1791,0,0,4,4,1.0,0.28867513459481287,512,How about we start you in our pre-yoga class?
1791,0,0,3,3,1.0,0.408248290463863,512,That ommm coming from your rug is our Yogi.
1791,0,0,5,5,1.0,0.22360679774997896,512,"Delivery new friend, unfurl and relax. We can move the new rug karma later."
1791,0,0,4,4,1.0,0.28867513459481287,512,And did you bring you 5 gallon water bottle?
1791,0,0,4,4,1.0,0.28867513459481287,512,It really ties the room together.
1791,0,0,6,6,1.0,0.18257418583505536,512,"Woman: You're clearly here as a spectator. Wouldn't it be easier to just go home and use your parents' internet? Guy: Nah, Imma stay"
1791,0,0,6,6,1.0,0.18257418583505536,512,"Surprisingly, I'm not at all surprised."
1791,0,0,4,4,1.0,0.28867513459481287,512,"No, that is NOT 'just stretching things'."
1791,0,0,4,4,1.0,0.28867513459481287,512,Relax. I'm a real estate guy. This is just what we do.
1791,0,0,3,3,1.0,0.408248290463863,512,Of course you did.
1791,0,0,3,3,1.0,0.408248290463863,512,"Well, it's clear we don't have to stretch your ego."
1791,0,0,4,4,1.0,0.28867513459481287,512,You always have to over-compensate.
1791,0,0,7,7,1.0,0.1543033499620919,512,Aren't you a bit rugged for our studio?
1791,0,0,3,3,1.0,0.408248290463863,512,The workout isn't murderous!
1791,0,0,5,5,1.0,0.22360679774997896,512,I need the bigger mat because they say yoga makes you expand.
1791,0,0,8,8,1.0,0.1336306209562122,512,"I don't care if that qualifies as a ""mat"" in your 5,000-square feet McMansion."
1791,0,0,4,4,1.0,0.28867513459481287,512,'Wife rolled into rug' is not a pose.
1791,0,0,4,4,1.0,0.28867513459481287,512,"No, I said I wanted a Persian hug."
1791,0,0,4,4,1.0,0.28867513459481287,512,How much mat lies matter.
1791,0,0,2,2,1.0,0.7071067811865476,512,"Tell Vinny once and for all; I pose, not dispose, bodies."
1791,0,0,4,4,1.0,0.28867513459481287,512,It's supposed to be a mat not a flying carpet!
1791,0,0,4,4,1.0,0.28867513459481287,512,"You want more than your fair share, but you can't have it here, Mr. Trump."
1791,0,0,4,4,1.0,0.28867513459481287,512,Please understand that we have only recently overcome the last flea infestation.
1791,0,0,3,3,1.0,0.408248290463863,512,I think you're looking for yoga for yutzes.
1791,0,0,3,3,1.0,0.408248290463863,512,Bro Down Yoga is two blocks over.
1791,0,0,4,4,1.0,0.28867513459481287,512,Your parents' basement is two doors down.
1791,0,0,4,4,1.0,0.28867513459481287,512,Alternative group participation starts next week.
1791,0,0,4,4,1.0,0.28867513459481287,512,"Our beginner's class includes a session on ""Yoga for the tragically un-hip"""
1791,0,0,4,4,1.0,0.28867513459481287,512,Is this your first yoga class?
1791,0,0,5,5,1.0,0.22360679774997896,512,Going to one yoga class is not going to cause you to suddenly sprout a third eye.
1791,0,0,3,3,1.0,0.408248290463863,512,Ultimate manspeading. Not very namaste.
1791,0,0,4,4,1.0,0.28867513459481287,512,You just said bring a mat
1791,0,0,4,4,1.0,0.28867513459481287,512,"A little presumptively ambitious, don't you think?"
1791,0,0,6,6,1.0,0.18257418583505536,512,"Oh, how sweet, that's so last millennium"
1791,0,0,4,4,1.0,0.28867513459481287,512,"Sorry sir, only sandwich-grade mats are allowed in this club."
1791,0,0,4,4,1.0,0.28867513459481287,512,Non hotrgular guy with Napalese rug yoga is next door.
1791,0,0,5,5,1.0,0.22360679774997896,512,"We're done. You can set up for ""Bro'ga"" now."
1791,0,0,3,3,1.0,0.408248290463863,512,Really? You want to man spread in here?
1791,0,0,3,3,1.0,0.408248290463863,512,"If that's not made of wheatgrass, get it out of here."
1791,0,0,4,4,1.0,0.28867513459481287,512,The flyer said this was Persian yoga.
1791,0,0,3,3,1.0,0.408248290463863,512,You won't impress anyone with the size of your man rug.
1791,0,0,4,4,1.0,0.28867513459481287,512,Another victim of the corpse pose.
1791,0,0,4,4,1.0,0.28867513459481287,512,"I think you've now reached the stage that some of the ancient masters called ""jerkhood."""
1791,0,0,4,4,1.0,0.28867513459481287,512,"Ah yes, Persian mats are for the 1% class at 3 pm with Ambrosa in Studio Raj."
1791,0,0,2,2,1.0,0.7071067811865476,512,"If there's a dead body in rolled up in there, I'm not paying extra."
1791,0,0,5,5,1.0,0.22360679774997896,512,This is the wrong place for a 3 for the price of 2 carpet room offer - Namaste
1791,0,0,5,5,1.0,0.22360679774997896,512,Yours is bigger than mine but you will still need to follow my poses.
1791,0,0,4,4,1.0,0.28867513459481287,512,"It is better than last week's beach chair. Here, just use mine!"
1791,0,0,7,7,1.0,0.1543033499620919,512,"Yes, I can see your mat is big enough for two, but no, I do not want to practice Kama Sutra positioning with you."
1791,0,0,3,3,1.0,0.408248290463863,512,You've been here before.
1791,0,0,3,3,1.0,0.408248290463863,512,"Yes the Instructor position is open, but I must say, you looked better on paper, Mr. Guru"
1791,0,0,4,4,1.0,0.28867513459481287,512,Do the Lotus Pose on that mat and you’ll have a rash in places I’d rather not talk about.
1791,0,0,4,4,1.0,0.28867513459481287,512,Shagpile lightweight!
1791,0,0,4,4,1.0,0.28867513459481287,512,This neighborhood just isn't what it used to be...
1791,0,0,4,4,1.0,0.28867513459481287,512,"Sir, if it's not an organic alpaca blend we can't have it here."
1791,0,0,3,3,1.0,0.408248290463863,512,"Hello, Matthew."
1791,0,0,3,3,1.0,0.408248290463863,512,"We prefer to use overpriced underlay, not the actual carpet."
1791,0,0,4,4,1.0,0.28867513459481287,512,Think of the possibilities.
1791,0,0,5,5,1.0,0.22360679774997896,512,"Eric, your claim of a flying carpet is a bit of a stretch and has no charka value with me"
1791,0,0,5,5,1.0,0.22360679774997896,512,This is Yoga class. The Mafia after school program is next door.
1791,0,0,3,3,1.0,0.408248290463863,512,Let's focus on your attachment hunger today.
1791,0,0,4,4,1.0,0.28867513459481287,512,I think you've misunderstood. We are not a vanity gym.
1791,0,0,4,4,1.0,0.28867513459481287,512,"I'm sorry, I just broke up with a Persian."
1791,0,0,4,4,1.0,0.28867513459481287,512,A magic carpet will not help your lotus pose.
1791,0,0,4,4,1.0,0.28867513459481287,512,Eco yoga is next hour.
1791,0,0,4,4,1.0,0.28867513459481287,512,And when will the furniture be arriving?
1791,0,0,4,4,1.0,0.28867513459481287,512,"I figured that you weren’t gay, even before you asked me out."
1791,0,0,4,4,1.0,0.28867513459481287,512,"It's not Lululemon, but it'll do."
1791,0,0,3,3,1.0,0.408248290463863,512,"Trust me when I tell you the teacher won't allow it, I'm a vegan."
1791,0,0,3,3,1.0,0.408248290463863,512,Persian kickboxing is in the next room.
1791,0,0,4,4,1.0,0.28867513459481287,512,"I guess you could kill two birds with one stone, but kneeling east towards Mecca, means you won't be facing the instructor."
1791,0,0,4,4,1.0,0.28867513459481287,512,Hold that pose right there until it hurts.
1791,0,0,4,4,1.0,0.28867513459481287,512,Where do you want the body?
1791,0,0,4,4,1.0,0.28867513459481287,512,Vinyasa League spring training meets in our Mookie Wilson studio down the hall.
1791,0,0,3,3,1.0,0.408248290463863,512,Was the doorman asleep again because that looks a lot like the rug in the lobby?
1791,0,0,3,3,1.0,0.408248290463863,512,Where do you want this prayer rug?
1791,0,0,3,3,1.0,0.408248290463863,512,Sometimes an exercise mat is just an exercise mat.
1791,0,0,4,4,1.0,0.28867513459481287,512,I think you'll find this much different from home fitness videos.
1791,0,0,9,9,1.0,0.11785113019775792,512,"I don't believe that ""killing two birds with one prayer rug"" is how the old saying goes, sir."
1791,0,0,4,4,1.0,0.28867513459481287,512,"More yoga, less mansplaying."
1791,0,0,4,4,1.0,0.28867513459481287,512,"But that's our sex rug, honey. I said bring a yoga mat!"
1791,0,0,7,7,1.0,0.1543033499620919,512,You're about to feel an inner piece.
1791,0,0,3,3,1.0,0.408248290463863,512,The Trump Yoga class is next door.
1791,0,0,4,4,1.0,0.28867513459481287,512,Delivery for Mrs Trump!
1791,0,0,4,4,1.0,0.28867513459481287,512,Still living with your parents?
1791,0,0,3,3,1.0,0.408248290463863,512,The competitive yoga class is upstairs.
1791,0,0,4,4,1.0,0.28867513459481287,512,I thought I told you to leave your rug at home. It's ruining the finish.
1791,0,0,4,4,1.0,0.28867513459481287,512,I know you're a growing boy.
1791,0,0,3,3,1.0,0.408248290463863,512,"We find our current fad here quite satisfactory at the moment, thank you."
1791,0,0,4,4,1.0,0.28867513459481287,512,"No, this is slim flexible yoga . . . regular guy's yoga is at the bar next door."
1791,0,0,4,4,1.0,0.28867513459481287,512,"Hi. I'm afraid we can't accept new members at the moment, I'm sorry. Many people seem to be looking for spirituality, at the moment. The elections, you know."
1791,0,0,3,3,1.0,0.408248290463863,512,Yes we do have beginner's classes.
1791,0,0,4,4,1.0,0.28867513459481287,512,Extreme Rug Beating is next door
1791,0,0,4,4,1.0,0.28867513459481287,512,"So, I understand you have something that can remove downward dog."
1791,0,0,4,4,1.0,0.28867513459481287,512,I'm sorry but I believe your looking for the Trump class this is the Hilary class.
1791,0,0,4,4,1.0,0.28867513459481287,512,Is that mat of yours big enough for two downward dogs or is that a magic carpet?
1791,0,0,4,4,1.0,0.28867513459481287,512,Yes you do have to take out the body first.
1791,0,0,3,3,1.0,0.408248290463863,512,Your dust is clouding my chakra.
1791,0,0,4,4,1.0,0.28867513459481287,512,You say it's sweat absorbing and gluten free?
1791,0,0,4,4,1.0,0.28867513459481287,512,Small hands?
1791,0,0,4,4,1.0,0.28867513459481287,512,"your Yoga mat IS your magic carpet, not the other way"
1791,0,0,4,4,1.0,0.28867513459481287,512,"No, no, no. Not “namaste”. I said you and the rug must not stay."
1791,0,0,4,4,1.0,0.28867513459481287,512,No hats allowed.
1791,0,0,3,3,1.0,0.408248290463863,512,"I'm sorry, but manspreading is not actually a form of yoga."
1791,0,0,3,3,1.0,0.408248290463863,512,"It's okay, as long as you sit on it and don't light up."
1791,0,0,3,3,1.0,0.408248290463863,512,"We can probably handle the rug and the shoes today, but I am going to say no to the lamp and the couch."
1791,0,0,3,3,1.0,0.408248290463863,512,"Welcome to my yoga studio, ma'am"
1791,0,0,3,3,1.0,0.408248290463863,512,"No, this workout won't take you on a magic carpet ride."
1791,0,0,4,4,1.0,0.28867513459481287,512,"No, it's dog down yoga, not ""doggie-style"" yoga!"
1791,0,0,3,3,1.0,0.408248290463863,512,Leave you mat and your ego at the door.
1791,0,0,4,4,1.0,0.28867513459481287,512,TRY BIG BOY RUG YOGA AROUND THE CORNER
1791,0,0,4,4,1.0,0.28867513459481287,512,"Just fly in, Aladdin?"
1791,0,0,4,4,1.0,0.28867513459481287,512,"I don't care if Mr. Trump says you have to think huge to be huge--and no, yoga is not all about the square-footage!"
1791,0,0,4,4,1.0,0.28867513459481287,512,"That's very flattering, but I'm afraid I only date within my own species."
1791,0,0,3,3,1.0,0.408248290463863,512,"It's BOW down yoga, not HOE down yoga"
1791,0,0,4,4,1.0,0.28867513459481287,512,My concerns have nothing to do with its being from Iran.
1791,0,0,6,6,1.0,0.18257418583505536,512,"Persian Sufi Hatha refers to the technique, Matt. Not the mat, Matt!"
1791,0,0,3,3,1.0,0.408248290463863,512,"Sorry, your mat's not gluten-free."
1791,0,0,4,4,1.0,0.28867513459481287,512,"Yes Mr. Noffsinger, we received the call from your boss. I understand you are taking the company's softball league very seriously..."
1791,0,0,4,4,1.0,0.28867513459481287,512,"I'm sorry sir, there are absolutely no shoes allowed in the yoga room. And, um, oh nothing."
1791,0,0,4,4,1.0,0.28867513459481287,512,"No, I don't know ""Magic Carpet Ride""."
1791,0,0,5,5,1.0,0.22360679774997896,512,You shouldn't compensate with your mat.
1791,0,0,4,4,1.0,0.28867513459481287,512,"You realize I only let you use that so we can reach our 80%, right?"
1791,0,0,4,4,1.0,0.28867513459481287,512,"Who are you, Casey at the Mat?"
1791,0,0,5,5,1.0,0.22360679774997896,512,You really should not be forcing your girlfriend to come to class.
1791,0,0,3,3,1.0,0.408248290463863,512,Prayer rugs are a different tradition...
1791,0,0,4,4,1.0,0.28867513459481287,512,"Nama-go, Yoga Berra!"
1791,0,0,4,4,1.0,0.28867513459481287,512,You may be disappointed to learn that lululemon has recalled all those see-through ladies yoga pants.
1791,0,0,4,4,1.0,0.28867513459481287,512,"We do Upward and Downward Facing Dog, but not Dog Did My Rug."
1791,0,0,4,4,1.0,0.28867513459481287,512,I'm very mindfully asking you to stick that where the sun salutations don't shine. Namaste.
1791,0,0,6,6,1.0,0.18257418583505536,512,Too comfortable. Men's yoga is upstairs.
1791,0,0,3,3,1.0,0.408248290463863,512,Your mat's too aggressive. This is a yoga class.
1791,0,0,4,4,1.0,0.28867513459481287,512,Does it fly?
1791,0,0,5,5,1.0,0.22360679774997896,512,Are you sharing that joint with all of us?
1791,0,0,3,3,1.0,0.408248290463863,512,How long have you had these anger issues?
1791,0,0,4,4,1.0,0.28867513459481287,512,You must be the Bro-ga instructor.
1791,0,0,4,4,1.0,0.28867513459481287,512,"Sir, this rug Nama-STAYS on the floor."
1791,0,0,3,3,1.0,0.408248290463863,512,"A rug is NOT a mat, just bigger."
1791,0,0,4,4,1.0,0.28867513459481287,512,"You are not in the wilderness, you are not earning your Eagle Badge, and that's not a Yoga mat !"
1791,0,0,3,3,1.0,0.408248290463863,512,It's about your shoe size
1791,0,0,4,4,1.0,0.28867513459481287,512,Nooooo. The Magic Carpet Riding Class is on Thursdays.
1791,0,0,4,4,1.0,0.28867513459481287,512,Yoga for The Carpetbagger meets in the basement.
1791,0,0,5,5,1.0,0.22360679774997896,512,"I understand your need to reduce the confusion, Matt, but that's a rug...."
1791,0,0,4,4,1.0,0.28867513459481287,512,No- we don't offer Persian yoga here
1791,0,0,4,4,1.0,0.28867513459481287,512,"Hard-core, are ya?"
1791,0,0,3,3,1.0,0.408248290463863,512,I'm sorry; your mat is large enough for two or more. Yoga mats must be individual size. It's the law.
1791,0,0,3,3,1.0,0.408248290463863,512,"Cleopatra, is that you?"
1791,0,0,4,4,1.0,0.28867513459481287,512,I'm sure your downward dog IS very furry.
1791,0,0,4,4,1.0,0.28867513459481287,512,"I could see, how much the studio's slogan ""Come & Relax mind and body"" inspired you."
1791,0,0,4,4,1.0,0.28867513459481287,512,"very amusing Cleo, but your still late!"
1791,0,0,3,3,1.0,0.408248290463863,512,"No, I ordered five one-foot mats."
1791,0,0,4,4,1.0,0.28867513459481287,512,Are you disposing of a body?
1791,0,0,4,4,1.0,0.28867513459481287,512,Isn't it the best place to sleep?
1791,0,0,5,5,1.0,0.22360679774997896,512,"Yes...it is possible, ancient Persia had some kind of Yoga. But...sir, that's not the point..."
1791,0,0,4,4,1.0,0.28867513459481287,512,Technically you'd be munching my 'mat'
1791,0,0,3,3,1.0,0.408248290463863,512,Our gift shop has affordable equipment options and financing terms are available.
1791,0,0,6,6,1.0,0.18257418583505536,512,"Even if yoga did originate in Persia the answer is still ""NO:."
1791,0,0,4,4,1.0,0.28867513459481287,512,We're not here for a slideshow.
1791,0,0,4,4,1.0,0.28867513459481287,512,That isn't minimalist enough...
1791,0,0,4,4,1.0,0.28867513459481287,512,"The beginners class is at noon. Ok, well I'll be back and namaste to you."
1791,0,0,3,3,1.0,0.408248290463863,512,"No, your hemp mat will not get the class high, but you are welcome to use it."
1791,0,0,4,4,1.0,0.28867513459481287,512,"Sorry, in this studio, size doesn't matter."
1791,0,0,3,3,1.0,0.408248290463863,512,Take your rug and your New York Values outta here.
1791,0,0,4,4,1.0,0.28867513459481287,512,Flying lessons are next door.
1791,0,0,3,3,1.0,0.408248290463863,512,"Yes, I can see there is room for two on your mat."
1791,0,0,5,5,1.0,0.22360679774997896,512,I am assuming that your new body is in there.
1791,0,0,3,3,1.0,0.408248290463863,512,The drapes don't match EVERY carpet dorkwad.
1791,0,0,4,4,1.0,0.28867513459481287,512,"No, I will not turn over all of my cash, unless you have something pointy rolled up in that carpet."
1791,0,0,4,4,1.0,0.28867513459481287,512,Dump your stuff. Come with me. Tranquility awaits.
1791,0,0,3,3,1.0,0.408248290463863,512,"Rug is optional, no hat and shoes, definitely no white socks."
1791,0,0,4,4,1.0,0.28867513459481287,512,The Boston Red Sox prayer group meets upstairs in about an hour.
1791,0,0,4,4,1.0,0.28867513459481287,512,I see yoga does matter to you!
1791,0,0,4,4,1.0,0.28867513459481287,512,"It is not just a yoga mat, it is a yoga flying carpet."
1791,0,0,3,3,1.0,0.408248290463863,512,You say the Queen of Sheba came to bow down?
1791,0,0,4,4,1.0,0.28867513459481287,512,"Ah, you found Mr. Trump's toupee."
1791,0,0,4,4,1.0,0.28867513459481287,512,"Your reputation here’s gone downward, dawg."
1791,0,0,4,4,1.0,0.28867513459481287,512,"No, you may not market 'PhatMats' here."
1791,0,0,5,5,1.0,0.22360679774997896,512,I see from your magic carpet you are looking for yogic flying. It's next door
1791,0,0,3,3,1.0,0.408248290463863,512,"I disagree. I don't think we need to add a class called ""Bro-ga"""
1791,0,0,4,4,1.0,0.28867513459481287,512,"No, you can't just 'drop a body off' here."
1791,0,0,4,4,1.0,0.28867513459481287,512,"Not Mysore, eyesore."
1791,0,0,4,4,1.0,0.28867513459481287,512,"No, Yogi Berra Yoga is two doors down."
1791,0,0,2,2,1.0,0.7071067811865476,512,"A slot just came available this afternoon in our gym-rat, large-rug, White men can't yoga class."
1791,0,0,4,4,1.0,0.28867513459481287,512,We don't do magic carpet rides here—try the Steppenwolf music studio next door.
1791,0,0,4,4,1.0,0.28867513459481287,512,I think you're more of a runner than a yogi.
1791,0,0,3,3,1.0,0.408248290463863,512,"OK Aladdin! But if it leaves the ground, you're out of here!"
1791,0,0,4,4,1.0,0.28867513459481287,512,I doubt that you'll do any better with a magic carpet than with an ordinary yoga mat.
1791,0,0,4,4,1.0,0.28867513459481287,512,Why not? I do some of my best moves on this carpet.
1791,0,0,8,8,1.0,0.1336306209562122,512,"Nobody said “no carpet” This mat is not even on the market yet. This isn’t the carpet class, right? My wife said something about laying down in Yoga class."
1791,0,0,3,3,1.0,0.408248290463863,512,This is Bow Down Yoga sir not Bow Down Yogi.
1791,0,0,3,3,1.0,0.408248290463863,512,Your Magic Carpet cannot pause in my Studio!
1791,0,0,3,3,1.0,0.408248290463863,512,Is this the macho man yoga class?
1791,0,0,7,7,1.0,0.1543033499620919,512,That rug has to go - I can't be flexible.
1791,0,0,8,8,1.0,0.1336306209562122,512,"I can guarantee that your frequency will rise, sir."
1791,0,0,5,5,1.0,0.22360679774997896,512,"Sorry, the flying carpet classes are next door."
1791,0,0,3,3,1.0,0.408248290463863,512,"I don't care if it's a genuine Persian yoga mat, it doesn't meet health and safety standards and I could loose my licence!"
1791,0,0,3,3,1.0,0.408248290463863,512,"It's the finest, pure breed, free-roaming Himalayan Yak hair."
1791,0,0,3,3,1.0,0.408248290463863,512,tepraC cigaM yM
1791,0,0,4,4,1.0,0.28867513459481287,512,Send Henrietta back. She's beyond our help.
1791,0,0,3,3,1.0,0.408248290463863,512,You're in the outward bow down class.
1791,0,0,4,4,1.0,0.28867513459481287,512,"Still man-spreading, Robert?"
1791,0,0,4,4,1.0,0.28867513459481287,512,"""Get out of the well. Stop playing with that ceiling roller and give me a help""."
1791,0,0,4,4,1.0,0.28867513459481287,512,"I like the mat, but your outfit sucks."
1791,0,0,4,4,1.0,0.28867513459481287,512,Please don't light that smudge stick in here.
1791,0,0,3,3,1.0,0.408248290463863,512,"I heard the World was ending, and wanted to ask God if he could postpone this event a one more time."
1791,0,0,4,4,1.0,0.28867513459481287,512,Let me guess--You bought your mat at Costco?
1791,0,0,4,4,1.0,0.28867513459481287,512,''Magic carpet rides is the new yoga. ''
1791,0,0,3,3,1.0,0.408248290463863,512,"'Yoga mat,' not 'Yurt carpet'!"
1791,0,0,5,5,1.0,0.22360679774997896,512,You've got the focus OK now. But I'm afraid your surrendering pose is going to take a little more work.
1791,0,0,4,4,1.0,0.28867513459481287,512,"You won't find your Jasmine here, Aladdin."
1791,0,0,4,4,1.0,0.28867513459481287,512,I like your pile!
1791,0,0,4,4,1.0,0.28867513459481287,512,"Frankly Bob, you're not Bow Down material."
1791,0,0,4,4,1.0,0.28867513459481287,512,You'll still need to take your shoes off.
1791,0,0,4,4,1.0,0.28867513459481287,512,"As your instructor, my initial advice would be to loose the magic carpet, the socks , the tennies, the gimme cap and your attitude."
1791,0,0,4,4,1.0,0.28867513459481287,512,I said I'm attracted to fit Asians; not Oriental runners.
1791,0,0,4,4,1.0,0.28867513459481287,512,No mats eh?
1791,0,0,4,4,1.0,0.28867513459481287,512,"Magic carpet or not, you don't get a discount."
1791,0,0,6,6,1.0,0.18257418583505536,512,You're right on time. Luxury Yoga starts in 10 minutes.
1791,0,0,4,4,1.0,0.28867513459481287,512,My Mom says you'd like to chew on one of these.
1791,0,0,3,3,1.0,0.408248290463863,512,Put Mr. Christie's mat on the far right.
1791,0,0,5,5,1.0,0.22360679774997896,512,"When Sophie told me you had a Napoleon complex, she wasn’t joking."
1791,0,0,4,4,1.0,0.28867513459481287,512,I'm so pleased that your little sister is interested in yoga. Did you bring her with you?
1791,0,0,3,3,1.0,0.408248290463863,512,We're all enrolled for the year. Try Bow Up Yoga at Columbus and 90th.
1791,0,0,3,3,1.0,0.408248290463863,512,Two sides of the same coin: To judge is to be judged
1791,0,0,8,8,1.0,0.1336306209562122,512,Yoga Matt is not a real superhero.
1791,0,0,3,3,1.0,0.408248290463863,512,Are you compensating for something?
1791,0,0,4,4,1.0,0.28867513459481287,512,"If you cut the rug, you can join our dance class"
1791,0,0,4,4,1.0,0.28867513459481287,512,"Is there a child in that carpet, trying to escape from your rape shed?"
1791,0,0,4,4,1.0,0.28867513459481287,512,"What are you, Old Nick?"
1791,0,0,4,4,1.0,0.28867513459481287,512,"No, Donald. I do not believe that the size of your mat is proportional to the size of your penis."
1791,0,0,4,4,1.0,0.28867513459481287,512,I'm ready to relax now!
1791,0,0,3,3,1.0,0.408248290463863,512,And how many years worth of exercise did we find under that?
1791,0,0,3,3,1.0,0.408248290463863,512,Aladdin just got up to go to the bathroom. You better put that back down before he returns.
1791,0,0,5,5,1.0,0.22360679774997896,512,"What do you mean by ""hulk out?"""
1791,0,0,3,3,1.0,0.408248290463863,512,A good move for you would be to roll yourself up in that thing.
1791,0,0,3,3,1.0,0.408248290463863,512,When did mats.com have a retro sale?
1791,0,0,5,5,1.0,0.22360679774997896,512,There's no manspreading in yoga.
1791,0,0,3,3,1.0,0.408248290463863,512,"Listen, I've put up with you bringing your sod to class the last few weeks, but keeping your shoes on? I simply cannot allow that in my class"
1791,0,0,4,4,1.0,0.28867513459481287,512,The persian class was cancelled.
1791,0,0,4,4,1.0,0.28867513459481287,512,It's all the same.
1791,0,0,3,3,1.0,0.408248290463863,512,"""You'll have to loose the hat""."
1791,0,0,3,3,1.0,0.408248290463863,512,Transcendence begins by removing the hat.
1791,0,0,3,3,1.0,0.408248290463863,512,Magic Carpet won't make you lose 20 lbs.
1791,0,0,4,4,1.0,0.28867513459481287,512,"No, sir. You may not show me the world."
1791,0,0,3,3,1.0,0.408248290463863,512,No...Astro...Turf.
1791,0,0,5,5,1.0,0.22360679774997896,512,There is an extra charge for showing off!
1791,0,0,4,4,1.0,0.28867513459481287,512,"Mat envy, that's why!"
1791,0,0,3,3,1.0,0.408248290463863,512,"Yes, the camel must pay full price. ....I've seen his knees."
1791,0,0,4,4,1.0,0.28867513459481287,512,Bow down to Mecca yoga meets at noon.
1791,0,0,4,4,1.0,0.28867513459481287,512,Is Arahant the same as Nirvana to you too?
1791,0,0,4,4,1.0,0.28867513459481287,512,Sorry Bart there is no ménage a trios in my yoga class.
1791,0,0,3,3,1.0,0.408248290463863,512,"Namaste...that's actually Yiddish for ""we appreciate your small, unobtrusive mat."""
1791,0,0,3,3,1.0,0.408248290463863,512,"You may have special needs, I have a rug in my lobby."
1791,0,0,4,4,1.0,0.28867513459481287,512,The carpet rolling class is in Studio C - between aerial ribbion and poll dancing.
1791,0,0,3,3,1.0,0.408248290463863,512,"A 'sweet deal' with Ernie's Carpet Blowout Barn is no fast track to enlightenment, bub."
1791,0,0,5,5,1.0,0.22360679774997896,512,I ordered Pergo.
1791,0,0,4,4,1.0,0.28867513459481287,512,You will need two class passes to use that mat.
1791,0,0,3,3,1.0,0.408248290463863,512,Can I borrow a scissors?
1791,0,0,6,6,1.0,0.18257418583505536,512,"No, Bobby, everything you need to know you didn't learn in Kindergarden."
1791,0,0,4,4,1.0,0.28867513459481287,512,The knot yoga class meets on Tuesday.
1791,0,0,4,4,1.0,0.28867513459481287,512,Looks like you really want to tie the room together.
1791,0,0,5,5,1.0,0.22360679774997896,512,No thanks--we're completely satisfied with natural polyester.
1791,0,0,4,4,1.0,0.28867513459481287,512,"No, we're not interested in an upgrade. Namaste."
1791,0,0,4,4,1.0,0.28867513459481287,512,"Prayer Rug goes to the Mosque, next door."
1791,0,0,4,4,1.0,0.28867513459481287,512,The Broga session is in the basement.
1791,0,0,5,5,1.0,0.22360679774997896,512,'Make Yoga Great Again' is no longer at this location.
1791,0,0,4,4,1.0,0.28867513459481287,512,I got my rug at Ikea where did you get yours?
1791,0,0,4,4,1.0,0.28867513459481287,512,Post modern is no longer in.
1791,0,0,3,3,1.0,0.408248290463863,512,"Flying carpets are not allowed, Aladdin."
1791,0,0,3,3,1.0,0.408248290463863,512,I am sorry sir....but we simply do not permit religious mats.
1791,0,0,4,4,1.0,0.28867513459481287,512,"Sir, your rug is not the same as a yoga mat."
1791,0,0,3,3,1.0,0.408248290463863,512,Is that a banana or are you just happy to see me?
1791,0,0,3,3,1.0,0.408248290463863,512,Rug rats workout downstairs.
1791,0,0,3,3,1.0,0.408248290463863,512,"No, I don't know which direction points to Mecca."
1791,0,0,4,4,1.0,0.28867513459481287,512,It's Vinyasa. It doesn't matter what direction Mecca is.
1791,0,0,4,4,1.0,0.28867513459481287,512,"You have given me ""cartoon caption writers block"""
1791,0,0,4,4,1.0,0.28867513459481287,512,Is that your mat or are you just happy to see me?
1791,0,0,4,4,1.0,0.28867513459481287,512,Persian enlightenment is this Thursday.
1791,0,0,5,5,1.0,0.22360679774997896,512,"The best I can do is four chair poses, but no table."
1791,0,0,4,4,1.0,0.28867513459481287,512,It won't make for an authentic experience.
1791,0,0,4,4,1.0,0.28867513459481287,512,You ordered a mat for yoga
1791,0,0,3,3,1.0,0.408248290463863,512,Forget it Harold. Nobody cares that it really ties the room together.
1791,0,0,3,3,1.0,0.408248290463863,512,"Honey, I get it, you don't need to prove you're a real man! But that's not a real yoga mat."
1791,0,0,4,4,1.0,0.28867513459481287,512,Now THIS is a bit of a stretch.
1791,0,0,5,5,1.0,0.22360679774997896,512,Namaste yourself.
1791,0,0,5,5,1.0,0.22360679774997896,512,We no longer offer Muslim prayer aerobics.
1791,0,0,4,4,1.0,0.28867513459481287,512,Do you know what a yoga mat is?
1791,0,0,4,4,1.0,0.28867513459481287,512,I'm sorry but your not allowed to wear your Make America Great Again cap in here
1791,0,0,4,4,1.0,0.28867513459481287,512,It your OM. It's not vibrating at the correct frequency.
1791,0,0,5,5,1.0,0.22360679774997896,512,"You may think you're the big dog here, but I'm the alpha dog."
1791,0,0,3,3,1.0,0.408248290463863,512,You said you were flexible...
1791,0,0,3,3,1.0,0.408248290463863,512,I don't think you're THAT flexible.
1791,0,0,4,4,1.0,0.28867513459481287,512,Does that come in antimicrobial?
1791,0,0,5,5,1.0,0.22360679774997896,512,You know Yoga can be done at home too.
1791,0,0,4,4,1.0,0.28867513459481287,512,"In this feminist world, the rugged approach is obsolete."
1791,0,0,3,3,1.0,0.408248290463863,512,"Oh, you must be looking for the carpet cleaners. It's the next store down....on your left as you exit."
1791,0,0,4,4,1.0,0.28867513459481287,512,"Actually, a simple foam pad is more appropriate than an 'Oriental rug'."
1791,0,0,4,4,1.0,0.28867513459481287,512,"and you can tell Mr Trump that he'll use the same mats as everyone else, even if they WERE made in China."
1791,0,0,4,4,1.0,0.28867513459481287,512,"When you learn to meditate, you'll be able to fly without that carpet."
1791,0,0,4,4,1.0,0.28867513459481287,512,Compensating for something?
1791,0,0,4,4,1.0,0.28867513459481287,512,"Sorry, but you will not be enabled by yoga to make your carpet fly."
1791,0,0,4,4,1.0,0.28867513459481287,512,You shouldn't wear a hat inside.
1791,0,0,4,4,1.0,0.28867513459481287,512,"No, I was not in fact aware that A-Rod said ""flexibility is the new strength""."
1791,0,0,4,4,1.0,0.28867513459481287,512,"Sweetie, The Kamasutra themed class was a joke."
1791,0,0,4,4,1.0,0.28867513459481287,512,I ordered that nine months ago.
1791,0,0,5,5,1.0,0.22360679774997896,512,"Just because your ""mat"" is Persian does not mean we're not flexible."
1791,0,0,5,5,1.0,0.22360679774997896,512,New students must sign a carpet burn release form.
1791,0,0,5,5,1.0,0.22360679774997896,512,"You are to be congratulated, Bob for living your personal mantra. However, here at Bow Down bigger is not always better."
1791,0,0,3,3,1.0,0.408248290463863,512,"I specifically asked for a mat that will not kill'em, not a guy named Matt with a knotted Kelim."
1791,0,0,3,3,1.0,0.408248290463863,512,No.
1791,0,0,4,4,1.0,0.28867513459481287,512,We don't allow group bow downs.
1791,0,0,2,2,1.0,0.7071067811865476,512,"Herbal or not, smoke it outside."
1791,0,0,3,3,1.0,0.408248290463863,512,Is this 'Agoy Nwod Wob Carpet Emporium?' I brought an over-sized sweepstakes check that I'd like to exchange for a modest area rug.
1791,0,0,5,5,1.0,0.22360679774997896,512,Think minimalism
1791,0,0,7,7,1.0,0.1543033499620919,512,"I'm sorry, I think you want the Put Down Rug Shop across the street."
1791,0,0,4,4,1.0,0.28867513459481287,512,"Yea, it's one of the things I love about Colorado."
1791,0,0,6,6,1.0,0.18257418583505536,512,"Yoga For Guys Named Colton is on Wednesdays, Colton. Would you mind coming back tomorrow? The instructor you like will be here: the guy who plays Social Distortion and still uses ""gay"" as a pejorative."
1791,0,0,3,3,1.0,0.408248290463863,512,They don't have a Merit Badge for Yoga
1791,0,0,3,3,1.0,0.408248290463863,512,"I don't care what anyone told you, there's no such thing as an Upward Facing Trump."
1791,0,0,5,5,1.0,0.22360679774997896,512,"You do know what they say about men with big yoga mats, right?"
1791,0,0,3,3,1.0,0.408248290463863,512,Namaste? No. Must not stay.
1791,0,0,5,5,1.0,0.22360679774997896,512,You want the Bow Down to Me Yoga class next door.
1791,0,0,5,5,1.0,0.22360679774997896,512,You're embarrassing me again! I said that the magic carpet ride was AFTER the yoga session.
1791,0,0,3,3,1.0,0.408248290463863,512,Workers Comp Power Yogee meet in the construction studio.
1791,0,0,4,4,1.0,0.28867513459481287,512,'The School to Master the Flying Carpet’ has moved to the ground floor of this building.
1791,0,0,3,3,1.0,0.408248290463863,512,"So tell me, does Aladdin know you took his carpet?"
1791,0,0,5,5,1.0,0.22360679774997896,512,"You are going to get carpet burn when we do the Up Dog pose using that thing. Billy's response was ""What's Up Dog?"""
1791,0,0,3,3,1.0,0.408248290463863,512,Downward facing shag rug is not a yoga position.
1791,0,0,3,3,1.0,0.408248290463863,512,I don't know what's more offensive Sir--the magic carpet or your fake Indian accent.
1791,0,0,3,3,1.0,0.408248290463863,512,It's for my down dog.
1791,0,0,4,4,1.0,0.28867513459481287,512,In America we only use certified non-slip yoga mats.
1791,0,0,4,4,1.0,0.28867513459481287,512,"I'm sorry sir but we don't need a new carpet, but a new mat will do."
1791,0,0,3,3,1.0,0.408248290463863,512,"Just so you know, they don’t play “Take me out to the ball game” for music."
1791,0,0,4,4,1.0,0.28867513459481287,512,"No, I haven't seen Sylvia, but she owes us for last week's lesson."
1791,0,0,4,4,1.0,0.28867513459481287,512,"Yes, in some cases size does matter but not with yoga mats."
1791,0,0,4,4,1.0,0.28867513459481287,512,"the guy came to the gym fitness with a carpet and not a sport carpet, so the girl tell him that he can't use it during the period."
1791,0,0,4,4,1.0,0.28867513459481287,512,you are going to love how much lighter yoga makes you feel my friend.
1791,0,0,4,4,1.0,0.28867513459481287,512,"I think you got my order wrong - I ordered a Persian yoga mat, not carpet."
1791,0,0,3,3,1.0,0.408248290463863,512,"No, chakras do not come in chocolate, strawberry, or vanilla."
1791,0,0,3,3,1.0,0.408248290463863,512,Please remove your shoes before entering the studio.
1791,0,0,5,5,1.0,0.22360679774997896,512,I think you're overcompensating for something.
1791,0,0,3,3,1.0,0.408248290463863,512,"Good disguise, Pizza Boy, but I think the delivery was for next door."
1791,0,0,5,5,1.0,0.22360679774997896,512,"I know you're a rugged guy, but this is ridiculous."
1791,0,0,4,4,1.0,0.28867513459481287,512,"That's not a mat, THIS is a mat!"
1791,0,0,4,4,1.0,0.28867513459481287,512,Please carpet the whole place - Don't know why we didn't do this years ago.
1791,0,0,4,4,1.0,0.28867513459481287,512,The new student promotion also throws in a few lamps too.
1791,0,0,4,4,1.0,0.28867513459481287,512,"Sorry, Cleopatra didn't sign up for this session."
1791,0,0,4,4,1.0,0.28867513459481287,512,Your magic carpet will only make you soft and lost in here.
1791,0,0,4,4,1.0,0.28867513459481287,512,No. I can't teach you to fly it.
1791,0,0,3,3,1.0,0.408248290463863,512,When I said take it to the next level....
1791,0,0,3,3,1.0,0.408248290463863,512,"No flying carpets, we're a mat based school."
1791,0,0,5,5,1.0,0.22360679774997896,512,"No, no. This is a wheat and gluten-free studio."
1791,0,0,5,5,1.0,0.22360679774997896,512,Is that your yoga mat or a cry for help?
1791,0,0,3,3,1.0,0.408248290463863,512,I was hoping to share.
1791,0,0,2,2,1.0,0.7071067811865476,512,"Namaste. But no, you may not stay."
1791,0,0,4,4,1.0,0.28867513459481287,512,Here we practice slim yoga. Your mat tells me that you are looking for alpine yoga.
1791,0,0,6,6,1.0,0.18257418583505536,512,Bow Down Yoga does not allow positions that would require a mat that size.
1791,0,0,4,4,1.0,0.28867513459481287,512,We get a lot of you guys in January.
1791,0,0,3,3,1.0,0.408248290463863,512,yoga is not a magic carpet ride!
1791,0,0,4,4,1.0,0.28867513459481287,512,It will be safe on the bicycle rack..
1791,0,0,4,4,1.0,0.28867513459481287,512,I promise to be amazing.
1791,0,0,3,3,1.0,0.408248290463863,512,There's no manspreading here.
1791,0,0,5,5,1.0,0.22360679774997896,512,"I ordered a yoga mat, Matt, not a yoga rug."
1791,0,0,4,4,1.0,0.28867513459481287,512,"How many times do I have to tell you, Mr. Hotchkiss, that this is not a team activity."
1791,0,0,8,8,1.0,0.1336306209562122,512,"Go south from here down to Lincoln Boulevard, turn west, then three lights later hang a hard right on 12th. Look for the flashing neon sign: ""Hooter's Yoga"". Have a nice day."
1791,0,0,3,3,1.0,0.408248290463863,512,"So, what was swept under it?"
1791,0,0,5,5,1.0,0.22360679774997896,512,The class thinks using a magic carpet as your yoga mat is too flamboyant.
1791,0,0,3,3,1.0,0.408248290463863,512,Aladdin's moved next door.
1791,0,0,4,4,1.0,0.28867513459481287,512,Flows before bros?
1791,0,0,4,4,1.0,0.28867513459481287,512,I am taking my rug and going home!
1791,0,0,3,3,1.0,0.408248290463863,512,"There is no official mat nor dress code, per se, but not that rug nor those clothes!"
1791,0,0,3,3,1.0,0.408248290463863,512,It is so brover.
1791,0,0,3,3,1.0,0.408248290463863,512,It is required that your mat be decorator approved!
1791,0,0,6,6,1.0,0.18257418583505536,512,"Oh grow up. I only said ""kinda big""."
1791,0,0,4,4,1.0,0.28867513459481287,512,"Yes, but Aladdin never thought downward dog was a resting position"
1791,0,0,3,3,1.0,0.408248290463863,512,This is not a competition.
1791,0,0,5,5,1.0,0.22360679774997896,512,"Contrary to popular misinformation, it is not the carpet that transports you."
1791,0,0,6,6,1.0,0.18257418583505536,512,"Since you've joined us, my mat wants to sacrifice what it is for what it could become."
1791,0,0,5,5,1.0,0.22360679774997896,512,'Bow-Wow' carpet exchange is downstairs
1791,0,0,3,3,1.0,0.408248290463863,512,You anti-yogite bastard.
1791,0,0,4,4,1.0,0.28867513459481287,512,This will make yoga great again.
1791,0,0,3,3,1.0,0.408248290463863,512,"I'm sure it is magic, but we are a little more down to earth, here."
1791,0,0,3,3,1.0,0.408248290463863,512,Is that dreadful rug an indicator of your political views?
1791,0,0,3,3,1.0,0.408248290463863,512,You can't light that up in here.
1791,0,0,3,3,1.0,0.408248290463863,512,Let me guess -- you're voting for Trump.
1791,0,0,3,3,1.0,0.408248290463863,512,You can't smoke that in here.
1791,0,0,4,4,1.0,0.28867513459481287,512,Something in the rug angers our chakras.
1791,0,0,3,3,1.0,0.408248290463863,512,"Did you bring your ""Lazy Boy""recliner too?"
1791,0,0,5,5,1.0,0.22360679774997896,512,"Sorry, I don't care to cut the rug."
1791,0,0,4,4,1.0,0.28867513459481287,512,"I'm sorry, but seniors yoga was last class."
1791,0,0,3,3,1.0,0.408248290463863,512,As I've said before...size does NOT matter !
1791,0,0,4,4,1.0,0.28867513459481287,512,I'm guessing this is your first yoga class.
1791,0,0,4,4,1.0,0.28867513459481287,512,You're disturbing my chi.
1791,0,0,3,3,1.0,0.408248290463863,512,Are you looking for the Subway bread factory depository?
1791,0,0,3,3,1.0,0.408248290463863,512,"No, I’m Jeanie with a J."
1791,0,0,4,4,1.0,0.28867513459481287,512,That better not be my great grandmother's Persian rug that has been passed down for generations!
1791,0,0,4,4,1.0,0.28867513459481287,512,I don't care how authentic your mat is; socks and shoes must be left outside!
1791,0,0,3,3,1.0,0.408248290463863,512,"Sorry, we don't need it anymore. Thankfully she bowed out."
1791,0,0,3,3,1.0,0.408248290463863,512,I thought this was the try outs for Aladdin 2.
1791,0,0,4,4,1.0,0.28867513459481287,512,"If you've got a body in there, the mortuary is next door."
1791,0,0,3,3,1.0,0.408248290463863,512,Yogic Manspreading has been cancelled today.
1791,0,0,3,3,1.0,0.408248290463863,512,"Look, I know it's a popular class and crowded. But when I said you should stake out a piece of turf, I did not mean literally!"
1791,0,0,4,4,1.0,0.28867513459481287,512,"Sorry, no shortcuts and no magic carpets."
1791,0,0,4,4,1.0,0.28867513459481287,512,"It is lovely. It is Indian. It does smell like ""down dog"". And there lies our problem."
1791,0,0,4,4,1.0,0.28867513459481287,512,"Don't judge, I came from work."
1791,0,0,3,3,1.0,0.408248290463863,512,"No judgment, but why are you frowning?"
1791,0,0,4,4,1.0,0.28867513459481287,512,You must practice the Turkish branch of yoga.
1791,0,0,3,3,1.0,0.408248290463863,512,...and we are not all vegans.
1791,0,0,4,4,1.0,0.28867513459481287,512,The magic carpet shop is down the street.
1791,0,0,4,4,1.0,0.28867513459481287,512,Let me guess...Your downward facing dog is a pit bull.
1791,0,0,4,4,1.0,0.28867513459481287,512,"No, western yoga does not include a lounge chair and tv."
1791,0,0,6,6,1.0,0.18257418583505536,512,"Sorry, but we are not allowing any Persian carpets in until we can figure out what is going on."
1791,0,0,3,3,1.0,0.408248290463863,512,We don't like show-offs here.
1791,0,0,4,4,1.0,0.28867513459481287,512,Flight leaves in four minutes. $50 surcharge for overweight baggage.
1791,0,0,4,4,1.0,0.28867513459481287,512,"I caved to your outfit, but carpets are out!"
1791,0,0,3,3,1.0,0.408248290463863,512,Aren't you being a tad bit excessive?
1791,0,0,4,4,1.0,0.28867513459481287,512,This is NOT what I meant by making more room for your practice.
1791,0,0,7,7,1.0,0.1543033499620919,512,We abhor the monstrous excesses of today's avaricious society! Can you cut two inches off the ends?
1791,0,0,4,4,1.0,0.28867513459481287,512,Leave your hang ups at the door.
1791,0,0,3,3,1.0,0.408248290463863,512,A Persian carpet? Our trainer banned them since Obama's nuclear deal.
1791,0,0,4,4,1.0,0.28867513459481287,512,"Yeah, you should probably move the rest of your stuff too."
1791,0,0,3,3,1.0,0.408248290463863,512,Nama’say no.
1791,0,0,3,3,1.0,0.408248290463863,512,Advanced is upstairs.
1791,0,0,4,4,1.0,0.28867513459481287,512,"I heard Ms. Cho counsel you earlier about your choice of wardrobe and your violent temper. By the way, have you seen Ms. Cho?"
1791,0,0,4,4,1.0,0.28867513459481287,512,"Sick or not, it's Session Five. Film it. Bring our rug back."
1791,0,0,3,3,1.0,0.408248290463863,512,"The ""A Whole New World Yoga"" is next door."
1791,0,0,4,4,1.0,0.28867513459481287,512,"Really Matt , why am I not surprised ?"
1791,0,0,4,4,1.0,0.28867513459481287,512,Whole body roll-up position?
1791,0,0,4,4,1.0,0.28867513459481287,512,Your godfather recommended this class?
1791,0,0,3,3,1.0,0.408248290463863,512,The 'Guy on a Rug' class starts at 3:00.
1791,0,0,3,3,1.0,0.408248290463863,512,No these are not flying carpet lessons.
1791,0,0,4,4,1.0,0.28867513459481287,512,"No, you may not use the carpet you flew in on."
1791,0,0,3,3,1.0,0.408248290463863,512,"First, how big are your hands?"
1791,0,0,3,3,1.0,0.408248290463863,512,My name is Aladdin. What's yours?
1791,0,0,4,4,1.0,0.28867513459481287,512,Where do you think you're going Chakra Con?
1791,0,0,4,4,1.0,0.28867513459481287,512,"Sorry, sir, but that’s one thing we don’t appropriate from Eastern culture."
1791,0,0,4,4,1.0,0.28867513459481287,512,"I don't care if you are a tree hugger, you still gotta use a plastic mat."
1791,0,0,3,3,1.0,0.408248290463863,512,You're karmic vibes are telling me you have anger issues with her!
1791,0,0,3,3,1.0,0.408248290463863,512,You're obviously not Matt.
1791,0,0,3,3,1.0,0.408248290463863,512,So I see you don't believe all the lies that size doesn't matter
1791,0,0,4,4,1.0,0.28867513459481287,512,"You can stay, but only because it’s handmade from organic, gluten-free tall grass."
1791,0,0,4,4,1.0,0.28867513459481287,512,But is it sustainable?
1791,0,0,3,3,1.0,0.408248290463863,512,Poser.
1791,0,0,8,8,1.0,0.1336306209562122,512,You brought the wrong rug! That's not going to do Bernie Sanders any good at all.
1791,0,0,3,3,1.0,0.408248290463863,512,"Teaching a Man to learn how to yoga can be a stress relief an Relaxing for the guys Mind ,Body an soul ."
1791,0,0,5,5,1.0,0.22360679774997896,512,Am I holding a tree trunk?
1791,0,0,7,7,1.0,0.1543033499620919,512,"It's not the size of your mat that's the issue, sir. It's the stench of cat urine. We hope you'll consider coming back with a different mat and without the full rack of heavily sauced ribs."
1791,0,0,3,3,1.0,0.408248290463863,512,"No, the oriental rug cleaner is across the street."
1791,0,0,4,4,1.0,0.28867513459481287,512,"I'm sorry but no, we don't teach manspreading."
1791,0,0,4,4,1.0,0.28867513459481287,512,You still haven't breathed out.
1791,0,0,4,4,1.0,0.28867513459481287,512,Make this his final downward dog.
1791,0,0,3,3,1.0,0.408248290463863,512,An over achiever I see.
1791,0,0,6,6,1.0,0.18257418583505536,512,"Spiritual thread, not thread count."
1791,0,0,4,4,1.0,0.28867513459481287,512,"Okay, but I hear one song from Alladin and you're out of here."
1791,0,0,6,6,1.0,0.18257418583505536,512,Maybe your coach was only kidding when he told you downward-facing dog would help your game?
1791,0,0,4,4,1.0,0.28867513459481287,512,Your downward dog made a mess on the carpet.
1791,0,0,4,4,1.0,0.28867513459481287,512,Did the Maharishi give you a receipt when you bought this rug from him?
1791,0,0,3,3,1.0,0.408248290463863,512,"Sorry, our artisanal yoga class is Saturday."
1791,0,0,3,3,1.0,0.408248290463863,512,Our 'not-hot' yoga class doesn't meet until 4.
1791,0,0,3,3,1.0,0.408248290463863,512,"No, Brian. I do not want to share."
1791,0,0,3,3,1.0,0.408248290463863,512,"Surprise me, you were thrown out of the house, and you're planning on staying until she takes you back. Right?"
1791,0,0,4,4,1.0,0.28867513459481287,512,"Hey, my spot, blanket!"
1791,0,0,3,3,1.0,0.408248290463863,512,"Sir, yoga cannot turn your carpet into a magic carpet."
1791,0,0,3,3,1.0,0.408248290463863,512,A prayer rug is acceptable if you point it toward Mecca!
1791,0,0,3,3,1.0,0.408248290463863,512,"No carpets, you little rug-rat!"
1791,0,0,4,4,1.0,0.28867513459481287,512,"I know you're not Turkish, Fred, so no, you can't use that rug for your yoga session."
1791,0,0,3,3,1.0,0.408248290463863,512,Taking Lamaze together means you are excused from coming to yoga class.
1791,0,0,3,3,1.0,0.408248290463863,512,I'm Persian.
1791,0,0,4,4,1.0,0.28867513459481287,512,I understand that the fringe make you feel more comfortable. We don't judge here.
1791,0,0,4,4,1.0,0.28867513459481287,512,Beginner yoga is next week
1791,0,0,5,5,1.0,0.22360679774997896,512,Sorry I'm a bit late. I brought my mat.
1791,0,0,3,3,1.0,0.408248290463863,512,I'd recommend we start with something that will clear the Republican Debates out of your chakras.
1791,0,0,3,3,1.0,0.408248290463863,512,"Some flexibility is required, you understand."
1791,0,0,3,3,1.0,0.408248290463863,512,Gambino liquidators? ... Next door!
1791,0,0,4,4,1.0,0.28867513459481287,512,I go in style
1791,0,0,4,4,1.0,0.28867513459481287,512,It's bow down yoga....not ballroom yoga.
1791,0,0,4,4,1.0,0.28867513459481287,512,Put her out back for now.
1791,0,0,4,4,1.0,0.28867513459481287,512,"It doesn't matter if she lets you roll her up at home, this is not an accepted position in this yoga class."
1791,0,0,4,4,1.0,0.28867513459481287,512,"""That's not what I meant when I said: ""size MATters.'"
1791,0,0,4,4,1.0,0.28867513459481287,512,You aren't fooling anyone Donald.
1791,0,0,3,3,1.0,0.408248290463863,512,Why do men always think bigger is better?
1791,0,0,6,6,1.0,0.18257418583505536,512,This is one I pulled earlier.
1791,0,0,4,4,1.0,0.28867513459481287,512,"I'm sure it's big enough, but I'm still not sharing with you."
1791,0,0,3,3,1.0,0.408248290463863,512,"er, the magic about yoga is not in the carpet..."
1791,0,0,4,4,1.0,0.28867513459481287,512,"Mr. Trump, that mat is yuge!"
1791,0,0,3,3,1.0,0.408248290463863,512,"The sign clearly says, 'No Persians.'"
1791,0,0,3,3,1.0,0.408248290463863,512,This is no place for a magic carpet Al! Why can't you be tedious like the rest of us?
1791,0,0,4,4,1.0,0.28867513459481287,512,Lose the body. Then come back.
1791,0,0,4,4,1.0,0.28867513459481287,512,@#$%&! manspreading.
1791,0,0,3,3,1.0,0.408248290463863,512,You go home and I'll go om.
1791,0,0,5,5,1.0,0.22360679774997896,512,"Sure, I will go on a magic carpet ride with you the day Helaree votes for Trimp!"
1791,0,0,4,4,1.0,0.28867513459481287,512,I also want to be able to do yoga in my living room.
1791,0,0,3,3,1.0,0.408248290463863,512,Only if you're not paying in Lira as well.
1791,0,0,3,3,1.0,0.408248290463863,512,Do you see our logo? We want sleek.
1791,0,0,5,5,1.0,0.22360679774997896,512,"I bring my own mat, it's hypoallergenic."
1791,0,0,4,4,1.0,0.28867513459481287,512,Trump Yoga is in the building across the street.
1791,0,0,4,4,1.0,0.28867513459481287,512,There's no such thing as snug-as-a-bug yoga.
1791,0,0,4,4,1.0,0.28867513459481287,512,Next door.
1791,0,0,5,5,1.0,0.22360679774997896,512,Sorry ---- this is a no frills zone.
1791,0,0,5,5,1.0,0.22360679774997896,512,Just dump her in the marsh and hurry back. Bikram is at noon and people drop like flies.
1791,0,0,3,3,1.0,0.408248290463863,512,Dude. I meant a yoga mat.
1791,0,0,3,3,1.0,0.408248290463863,512,"Sorry, flying lessons are next door."
1791,0,0,4,4,1.0,0.28867513459481287,512,I've recently lost a lot of weight.
1791,0,0,3,3,1.0,0.408248290463863,512,Capitalist foo1! Already have missile plans!
1791,0,0,4,4,1.0,0.28867513459481287,512,"Namaste, carpet diem"
1791,0,0,4,4,1.0,0.28867513459481287,512,The ultimate yoga wrestling class meets tomorrow.
1791,0,0,5,5,1.0,0.22360679774997896,512,I think you are looking for the Persian restaurant next door
1791,0,0,4,4,1.0,0.28867513459481287,512,"Ted, I said you should come here if you were feeling stiff. Not if you wanted to dispose of one."
1791,0,0,3,3,1.0,0.408248290463863,512,"My name is Ishvara Mahatma, move from this space or prepare to die."
1791,0,0,4,4,1.0,0.28867513459481287,512,I believe your delivery is for Chow Down Yogurt on 63rd.
1791,0,0,4,4,1.0,0.28867513459481287,512,I like to spread out.
1791,0,0,4,4,1.0,0.28867513459481287,512,Rug size doesn't matter here.
1791,0,0,5,5,1.0,0.22360679774997896,512,"""Let's keep to our own mats"" doesn't mean you should be so territorial."
1791,0,0,4,4,1.0,0.28867513459481287,512,"Oh yeah, I'm going latex-free"
1791,0,0,3,3,1.0,0.408248290463863,512,The redneck yoga location is by the trailer park.
1791,0,0,4,4,1.0,0.28867513459481287,512,"""Thank you for coming, but beginners' class was yesterday."" For the finalists in the issue of March 7, 2016 I wish to submit an honorable mention: Trump's tower looks even bigger from here."
1791,0,0,5,5,1.0,0.22360679774997896,512,"I suggest that you take your Yogi Bear sleeping bag, and your power nap elsewhere."
1791,0,0,4,4,1.0,0.28867513459481287,512,"Yeah, you're probably the more likely to occur before a cartoonist draws a black person in a yoga studio. IDK why it's called ""Bow Down Yoga""."
1791,0,0,3,3,1.0,0.408248290463863,512,"Could it be that you are using your yoga mat compensate for the size of your ""hands""?"
1791,0,0,4,4,1.0,0.28867513459481287,512,My higher self likes to be comfortable.
1791,0,0,4,4,1.0,0.28867513459481287,512,Zumba is at 4PM
1791,0,0,6,6,1.0,0.18257418583505536,512,"'You want to ride that thing to Cleveland? That is wrong on so many levels """
1791,0,0,3,3,1.0,0.408248290463863,512,You'll never increase your libido wearing those shoes!
1791,0,0,3,3,1.0,0.408248290463863,512,This is not a floor show.
1791,0,0,3,3,1.0,0.408248290463863,512,"If that's shag, I want you in front of everyone."
1791,0,0,4,4,1.0,0.28867513459481287,512,Damn Daniel back at it again with the Persian rug
1791,0,0,3,3,1.0,0.408248290463863,512,What Ivy League school failed to teach you the difference?
1791,0,0,4,4,1.0,0.28867513459481287,512,"Why does everyone here have small, rubbery prayer rugs?"
1791,0,0,4,4,1.0,0.28867513459481287,512,leave it to you to bring a rug to a yoga class
1791,0,0,3,3,1.0,0.408248290463863,512,This is the skinny mat session.
1791,0,0,4,4,1.0,0.28867513459481287,512,In our world it doesn't matter whose is bigger.
1791,0,0,4,4,1.0,0.28867513459481287,512,And don't come back until you promise to stop wearing cotton
1791,0,0,6,6,1.0,0.18257418583505536,512,"It won't work, Bozo. I know Sue Ellen is in there."
1791,0,0,3,3,1.0,0.408248290463863,512,"You look like Trump, so leave."
1791,0,0,3,3,1.0,0.408248290463863,512,"No, the UFC practice center is next door."
1791,0,0,3,3,1.0,0.408248290463863,512,"Sorry, Chow Down Yoga closed."
1791,0,0,3,3,1.0,0.408248290463863,512,No.....we don't rugs here.
1791,0,0,5,5,1.0,0.22360679774997896,512,"You're taking the 7th-inning stretch way too seriously, Jimmy."
1791,0,0,3,3,1.0,0.408248290463863,512,"Unfortunately, size matters here."
1791,0,0,3,3,1.0,0.408248290463863,512,"It's not Yo, G."
1791,0,0,4,4,1.0,0.28867513459481287,512,"First, we'll need to get the dust mites out of your chakra."
1791,0,0,4,4,1.0,0.28867513459481287,512,"Prepare to share, or the rug will be pulled out from under you."
1791,0,0,3,3,1.0,0.408248290463863,512,My recliner is in the car.
1791,0,0,4,4,1.0,0.28867513459481287,512,"You can't bring that in here, Doobie."
1791,0,0,4,4,1.0,0.28867513459481287,512,"This is my Bear rug, from my recent hunting expedition--I'm dedicating my practice to the Bear's spirit."
1791,0,0,3,3,1.0,0.408248290463863,512,"True, Helen is a bit overweight but I think this will give her a complex."
1791,0,0,6,6,1.0,0.18257418583505536,512,We don't allow rugged types here.
1791,0,0,3,3,1.0,0.408248290463863,512,"I think I DO know what I would find, so no thanks to the magic carpet ride."
1791,0,0,3,3,1.0,0.408248290463863,512,"Aladdin, that outfit doesn't fool anyone"
1791,0,0,6,6,1.0,0.18257418583505536,512,artificial turf? sorry - we stress natural here!
1791,0,0,3,3,1.0,0.408248290463863,512,I think you want Aladdin's Studio next door.
1791,0,0,3,3,1.0,0.408248290463863,512,Man Down is across the street.
1791,0,0,4,4,1.0,0.28867513459481287,512,Can I see your Groupon voucher?
1791,0,0,4,4,1.0,0.28867513459481287,512,"I said I take my purse and a mug, not a Persian rug."
1791,0,0,3,3,1.0,0.408248290463863,512,I bow to your wish.
1791,0,0,4,4,1.0,0.28867513459481287,512,You always did strike me as the rugged type.
1791,0,0,4,4,1.0,0.28867513459481287,512,"No, John, I meant ‘corpse pose’ figuratively."
1791,0,0,9,9,1.0,0.11785113019775792,512,"BYOM stands for mat, not mite infested dusty old throw rug."
1791,0,0,4,4,1.0,0.28867513459481287,512,"When a bundle of yoga mats falls off the back of a truck, come see me again."
1791,0,0,5,5,1.0,0.22360679774997896,512,But. It's made out of all organic materials!
1791,0,0,3,3,1.0,0.408248290463863,512,Its complicated
1791,0,0,4,4,1.0,0.28867513459481287,512,"I admire your cultural sensitivity, but Oriental exercises do not require Oriental mats."
1791,0,0,7,7,1.0,0.1543033499620919,512,"Great…another middle-aged ""dude"" who thinks my studio needs a rug to tie everything together."
1791,0,0,3,3,1.0,0.408248290463863,512,"If that's a flying carpet you better us it now, Wise guy."
1791,0,0,3,3,1.0,0.408248290463863,512,I don't know where to start.
1791,0,0,5,5,1.0,0.22360679774997896,512,You must be compensating for something
1791,0,0,4,4,1.0,0.28867513459481287,512,This is not a magic carpet ride
1791,0,0,5,5,1.0,0.22360679774997896,512,"You're right, sir, Yoga originated in Asia - but your mat is still inappropriate and, frankly, offensive."
1791,0,0,5,5,1.0,0.22360679774997896,512,I dont know where you can get it cleaned
1791,0,0,4,4,1.0,0.28867513459481287,512,"Students shouting, 'we're not worthy' will be asked to leave."
1791,0,0,4,4,1.0,0.28867513459481287,512,You're a day late. Aladdin quit as of yesterday.
1791,0,0,4,4,1.0,0.28867513459481287,512,"I feel at home on the ball field, so I brought a piece of the outfield with me."
1791,0,0,3,3,1.0,0.408248290463863,512,I thought you said you did Yoga!
1791,0,0,7,7,1.0,0.1543033499620919,512,That better be a Tibetan prayer rug...
1791,0,0,3,3,1.0,0.408248290463863,512,"Sorry, but we do not have any over-sized yoga parking spots here."
1791,0,0,4,4,1.0,0.28867513459481287,512,That's not what I meant by 'trunk'.
1791,0,0,3,3,1.0,0.408248290463863,512,Take a free yoga mat? Namaste with my rug.
1791,0,0,4,4,1.0,0.28867513459481287,512,I'm sorry but your carpet-bombing is really attracting bad energy.
1791,0,0,4,4,1.0,0.28867513459481287,512,I'm beginning to regret inviting you along.
1791,0,0,4,4,1.0,0.28867513459481287,512,This is bow down yoga not chow down yoga!
1791,0,0,4,4,1.0,0.28867513459481287,512,"Yes, I'm certain this is yoga class, hookah class meets tomorrow night."
1791,0,0,4,4,1.0,0.28867513459481287,512,Tantric Yoga is on Tuesdays
1791,0,0,3,3,1.0,0.408248290463863,512,"No, Trump is not a member of this class."
1791,0,0,7,7,1.0,0.1543033499620919,512,"No, we can't turn that into a flying carpet, but we might be able to get it to levitate."
1791,0,0,4,4,1.0,0.28867513459481287,512,"We are a different kind of ashram, sir."
1791,0,0,4,4,1.0,0.28867513459481287,512,"One's mat is not for carrying one's inner self, Biff."
1791,0,0,5,5,1.0,0.22360679774997896,512,"No sir, we do NOT recognize Downward Facing Mastiff here!"
1791,0,0,4,4,1.0,0.28867513459481287,512,Is that for you or the Ganesha?
1791,0,0,4,4,1.0,0.28867513459481287,512,What is it with men and size?
1791,0,0,4,4,1.0,0.28867513459481287,512,"I'm sorry, we don't do Persian Yoga here."
1791,0,0,3,3,1.0,0.408248290463863,512,We're not your outfit.
1791,0,0,4,4,1.0,0.28867513459481287,512,"No... I will not be your ""Jasmine."""
1791,0,0,4,4,1.0,0.28867513459481287,512,We used to use thicker mats in Alaska.
1791,0,0,4,4,1.0,0.28867513459481287,512,Sure I can give you a mantra. Try YMCA.....YMCA.....YMCA.....YMCA
1791,0,0,6,6,1.0,0.18257418583505536,512,Just make sure you don't set up by the window.
1791,0,0,4,4,1.0,0.28867513459481287,512,Who ordered the Lu Lu Lemon Antique Collection?
1791,0,0,4,4,1.0,0.28867513459481287,512,"If your name was Carpet, would you have then brought a mat?"
1791,0,0,4,4,1.0,0.28867513459481287,512,I'll pass on the magic carpet ride.
1791,0,0,5,5,1.0,0.22360679774997896,512,"I thought your online profile read, ""yoga lover"""
1791,0,0,5,5,1.0,0.22360679774997896,512,"Ok, we require proper attire and there's a 'no carpet' rule."
1791,0,0,6,6,1.0,0.18257418583505536,512,You've got the wrong place you're misappropriating a different culture.
1791,0,0,4,4,1.0,0.28867513459481287,512,"No, we don't ""got any bodies we need disposin' of"". But you can leave a flyer on the corkboard, if you wish."
1791,0,0,3,3,1.0,0.408248290463863,512,"Yes sir, I realize you don’t go anywhere without your ‘ruggie,’ but you really need a yoga mat."
1791,0,0,3,3,1.0,0.408248290463863,512,Is Jasmine teaching today's class ?
1791,0,0,4,4,1.0,0.28867513459481287,512,It's snow big thing.
1791,0,0,4,4,1.0,0.28867513459481287,512,"Sorry to rub your nose in it, but your downward dog needs work."
1791,0,0,3,3,1.0,0.408248290463863,512,I don't care whether or not it ties the room together.
1791,0,0,4,4,1.0,0.28867513459481287,512,The industrial strength class is down the street.
1791,0,0,4,4,1.0,0.28867513459481287,512,Why such a big mat? You have a small behind!
1791,0,0,4,4,1.0,0.28867513459481287,512,"You've brought me the wrong mat peasant, be gone."
1791,0,0,3,3,1.0,0.408248290463863,512,"Sorry, but mats with fringes aren't allowed."
1791,0,0,6,6,1.0,0.18257418583505536,512,"What do you mean my rug and I aren't ""simple"" enough?"
1791,0,0,5,5,1.0,0.22360679774997896,512,We only admit beginners.
1791,0,0,3,3,1.0,0.408248290463863,512,"Relax, I'm Muslim"
1791,0,0,4,4,1.0,0.28867513459481287,512,"If you let go of the rug, we will achieve it."
1791,0,0,4,4,1.0,0.28867513459481287,512,Aladdin just left on another magic carpet.
1791,0,0,6,6,1.0,0.18257418583505536,512,My downward dog is a Great Dane.
1791,0,0,4,4,1.0,0.28867513459481287,512,You are not moving in. This is just an hour class!
1791,0,0,7,7,1.0,0.1543033499620919,512,Please tell Her Majesty Queen Cleopatra that all the reporters have left.
1791,0,0,3,3,1.0,0.408248290463863,512,Unroll your mum and make your own damn breakfast.
1791,0,0,4,4,1.0,0.28867513459481287,512,"Way too big, and it probably has cooties."
1791,0,0,4,4,1.0,0.28867513459481287,512,Sorry but you can't get a group discount using that.
1791,0,0,4,4,1.0,0.28867513459481287,512,"Look, Matt, it was just an affectionate nickname."
1791,0,0,4,4,1.0,0.28867513459481287,512,You're with the movers? The office is straight ahead.
1791,0,0,3,3,1.0,0.408248290463863,512,What do you mean my mat is too big?
1791,0,0,6,6,1.0,0.18257418583505536,512,"I admire your initiative, but it's still no towel no workout."
1791,0,0,3,3,1.0,0.408248290463863,512,Drop-ins are welcome. We ask only that each yogi park their privilege... next to their shoes... at the door.
1791,0,0,3,3,1.0,0.408248290463863,512,Persian carpet yoga is across the hall.
1791,0,0,4,4,1.0,0.28867513459481287,512,We can't help you find the rug store that used to be here but we can help you find your center.
1791,0,0,4,4,1.0,0.28867513459481287,512,You must be looking for the beginning class.
1791,0,0,4,4,1.0,0.28867513459481287,512,The aerial meditation class is upstairs.
1791,0,0,3,3,1.0,0.408248290463863,512,I'm afraid magic won't help you master even the beginning positions.
1791,0,0,4,4,1.0,0.28867513459481287,512,"Sorry, that's not what I ordered. I need something in a cut pile."
1791,0,0,3,3,1.0,0.408248290463863,512,The 'Make-America-and-Yoga-Great-Again' studio is across the street.
1791,0,0,6,6,1.0,0.18257418583505536,512,You can start by massaging your inner eye.
1791,0,0,5,5,1.0,0.22360679774997896,512,"Oh, hi Monty. Did you leave Sasquatch in the car again?"
1791,0,0,4,4,1.0,0.28867513459481287,512,Rolling your friend named Matt into a rug was nothing like what we meant when we said bring your own mat.
1791,0,0,4,4,1.0,0.28867513459481287,512,"Sorry, Mr. von Bode is in the 4 o'clock class."
1791,0,0,3,3,1.0,0.408248290463863,512,And the other reason is because I can see a body rolled up in there.
1791,0,0,3,3,1.0,0.408248290463863,512,I don’t care if it IS a magic carpet.
1791,0,0,3,3,1.0,0.408248290463863,512,How many times have I told you that Yoga does not involve wrestling?
1791,0,0,3,3,1.0,0.408248290463863,512,"Sorry you are upset, we don't have a nap time"
1791,0,0,4,4,1.0,0.28867513459481287,512,Are you planning to extend your yoga positions to three times the usual time?
1791,0,0,3,3,1.0,0.408248290463863,512,International Yoga Federation actually approved it
1791,0,0,3,3,1.0,0.408248290463863,512,That's good. A rug is better than a yoga mat.
1791,0,0,4,4,1.0,0.28867513459481287,512,But I'm a beginner
1791,0,0,5,5,1.0,0.22360679774997896,512,"Oh, yeah? Well, my mat may degrade into tiny pieces of PVC that will block the digestive tracts of wildlife--but at least it didn't cause child laborers to go blind! Namaste."
1791,0,0,4,4,1.0,0.28867513459481287,512,"Mat, Matt. Mat!"
1791,0,0,6,6,1.0,0.18257418583505536,512,Put. That Rug. Down!! Rugs are for Yoga only. Do you think I'm f'ing with you? I am not f'ing with you. I'm here from downtown. I'm here from Samir and Ravi.
1791,0,0,3,3,1.0,0.408248290463863,512,Stop right there young man! You are not wearing knee-high socks in my yoga studio
1791,0,0,3,3,1.0,0.408248290463863,512,"So, are you planning on being here for a while?"
1791,0,0,4,4,1.0,0.28867513459481287,512,I don't care if it's from India.
1791,0,0,6,6,1.0,0.18257418583505536,512,ts Its a cylindrical yoga mat for maximal relaxation. i
1791,0,0,3,3,1.0,0.408248290463863,512,Sod off.
1791,0,0,3,3,1.0,0.408248290463863,512,Persian Yoga is On the Next Block .
1791,0,0,7,7,1.0,0.1543033499620919,512,"Frank, I appreciate the offer, but I don't feel the class is ready for Bigger is Better Xtreme yoga."
1791,0,0,3,3,1.0,0.408248290463863,512,"Sorry, Hot Rug Re-Weaving went out of business months ago."
1791,0,0,4,4,1.0,0.28867513459481287,512,Yoga for Guys Like Us meets next door at Joe's Bar and Grill.
1791,0,0,3,3,1.0,0.408248290463863,512,Yoga is timeless; you are too now.
1791,0,0,4,4,1.0,0.28867513459481287,512,"Unless you're setting up for a troupe of acrobatic Midgets, Bow Down limits mats to personal size!"
1791,0,0,4,4,1.0,0.28867513459481287,512,There's no such thing as downward elephant.
1791,0,0,6,6,1.0,0.18257418583505536,512,"No, we don't have a spectator section."
1791,0,0,4,4,1.0,0.28867513459481287,512,So what part of 'mats' did you not understand?
1791,0,0,3,3,1.0,0.408248290463863,512,I said this week we'd begin Kapotasan not Karastan.
1791,0,0,4,4,1.0,0.28867513459481287,512,"What did you bring to yoga class today, Cleopatra?"
1791,0,0,5,5,1.0,0.22360679774997896,512,"Sorry, you're looking for ""Dump Your Dead Body Yoga"" down the street."
1791,0,0,4,4,1.0,0.28867513459481287,512,Where should I put my area mat?
1791,0,0,4,4,1.0,0.28867513459481287,512,"Since I consider myself the Lance Armstrong of yoga, it's definitely not about the mat."
1791,0,0,4,4,1.0,0.28867513459481287,512,You'll get to like the hard floor.
1791,0,0,4,4,1.0,0.28867513459481287,512,"Fine, but next week its 'namaste at home' for you and the rug, Carl"
1791,0,0,4,4,1.0,0.28867513459481287,512,Our beginner's class meets in the Second Ave Y. It's three blocks west. If you hurry you won't miss too much.
1791,0,0,5,5,1.0,0.22360679774997896,512,This is Bow Down Yoga Class. Bow Down Agony is next to the out-patient clinic.
1791,0,0,3,3,1.0,0.408248290463863,512,Is that a Trump yoga mat?
1791,0,0,3,3,1.0,0.408248290463863,512,The Persian meditation class is next door.
1791,0,0,4,4,1.0,0.28867513459481287,512,You said to make yourself comfortable
1791,0,0,3,3,1.0,0.408248290463863,512,"Wow. You're, like, so authentic."
1791,0,0,3,3,1.0,0.408248290463863,512,Even IF your name is Matt...no.
1791,0,0,4,4,1.0,0.28867513459481287,512,"Take your ""Y""oga chromosome, and get your big asana outta here, Buster!"
1791,0,0,3,3,1.0,0.408248290463863,512,Unfortunately for you one of the jobs I worked during college was stadium security. I'd say 12 beers and 2 bags of chips...?
1791,0,0,4,4,1.0,0.28867513459481287,512,You haven't seen Cleopatra around either?
1791,0,0,3,3,1.0,0.408248290463863,512,"Perhaps you're taking this ""need my own space"" thing too far ?"
1791,0,0,4,4,1.0,0.28867513459481287,512,"Okay, you're very rugged. Ha, ha. Now get lost."
1791,0,0,4,4,1.0,0.28867513459481287,512,"Really, Honey, Size doesn't matter."
1791,0,0,3,3,1.0,0.408248290463863,512,Sure bigger matters. But not in yoga mats.
1791,0,0,4,4,1.0,0.28867513459481287,512,Yoga is Far East not Middle East.
1791,0,0,3,3,1.0,0.408248290463863,512,I'm afraid this is something we're just not flexible on.
1791,0,0,4,4,1.0,0.28867513459481287,512,This is yoga. The rug store is down the street.
1791,0,0,4,4,1.0,0.28867513459481287,512,"No, sir, I have not seen ""Room,"" and I still fail to see how that has any connection to your overdue membership payment."
1791,0,0,5,5,1.0,0.22360679774997896,512,Being male doesn't entitle you to extra floor space in class.
1791,0,0,4,4,1.0,0.28867513459481287,512,Mats only and no shoes. Hats optional. Namaste.
1791,0,0,3,3,1.0,0.408248290463863,512,"We would like it if you would say it's time to unwind, not unroll."
1791,0,0,4,4,1.0,0.28867513459481287,512,Your Cub Scout Den will have to get their teeny glimpse of Yoga from somewhere else.
1791,0,0,4,4,1.0,0.28867513459481287,512,"It's fine for a beginners class, but over time chakras can damage natural fibers."
1791,0,0,4,4,1.0,0.28867513459481287,512,"Sorry, Persian yoga is two doors down."
1791,0,0,3,3,1.0,0.408248290463863,512,"All the time you so stupid, Joe."
1791,0,0,4,4,1.0,0.28867513459481287,512,I'm sorry that you think our mat rental charge is outrageous.
1791,0,0,5,5,1.0,0.22360679774997896,512,Yoga has always been GREAT!
1791,0,0,3,3,1.0,0.408248290463863,512,"I ordered a yoga mat. Not a ""when they wore togas"" mat."
1791,0,0,5,5,1.0,0.22360679774997896,512,You must be looking for Shavasana Yoga. That's across the river.
1791,0,0,3,3,1.0,0.408248290463863,512,Let me guess... Om Shopping Network?
1791,0,0,3,3,1.0,0.408248290463863,512,This is not a spiritual exercise class.
1791,0,0,4,4,1.0,0.28867513459481287,512,That's not a yoga mat... THAT'S a yoga mat!
1791,0,0,4,4,1.0,0.28867513459481287,512,"Why did you come here?"" ""Well...To dance I think."
1791,0,0,4,4,1.0,0.28867513459481287,512,"And you must be ""Ben Dover""..."
1791,0,0,4,4,1.0,0.28867513459481287,512,I see you brought your own mat and attitude.
1791,0,0,4,4,1.0,0.28867513459481287,512,Unroll that carpet and LET him out of there.
1791,0,0,3,3,1.0,0.408248290463863,512,That will be $40 for four spots!
1791,0,0,4,4,1.0,0.28867513459481287,512,Don't ever come back.
1791,0,0,4,4,1.0,0.28867513459481287,512,I really don't care how much you paid for your Oriental yoga mat.
1791,0,0,4,4,1.0,0.28867513459481287,512,Not if you keep calling it a camel toe viewing platform.
1791,0,0,4,4,1.0,0.28867513459481287,512,You’re overcompensating.
1791,0,0,4,4,1.0,0.28867513459481287,512,"Sir, rug size doesn't matter here."
1791,0,0,3,3,1.0,0.408248290463863,512,"No sir, the shaggy rug would not necessarily improve your performance inside or outside the studio."
1791,0,0,4,4,1.0,0.28867513459481287,512,I went to you go rugs instead of yoga rugs. I took the wrong rout!
1791,0,0,3,3,1.0,0.408248290463863,512,It's time for you to bow down to me!
1791,0,0,3,3,1.0,0.408248290463863,512,Trump Yoga is the next door down.
1791,0,0,4,4,1.0,0.28867513459481287,512,"I'm Shi, I need my rug when preying during yoga."
1791,0,0,3,3,1.0,0.408248290463863,512,"For the last time sir, we do not permit downward Aladdin's here."
1791,0,0,3,3,1.0,0.408248290463863,512,No group rates. And that's final.
1791,0,0,4,4,1.0,0.28867513459481287,512,That's the mat for reach up yoga.
1791,0,0,4,4,1.0,0.28867513459481287,512,...thanks to Yoga for Less I can.
1791,0,0,4,4,1.0,0.28867513459481287,512,The size of the yoga mat doesn't matter. It's the exercise technique that counts the most.
1791,0,0,4,4,1.0,0.28867513459481287,512,Ms. Bliss told me about YOU - get out!
1791,0,0,4,4,1.0,0.28867513459481287,512,The downward dog is position...not a scent.
1791,0,0,4,4,1.0,0.28867513459481287,512,Please tell me you didn't come here on the subway.
1791,0,0,4,4,1.0,0.28867513459481287,512,"No, I will not do couples yoga with you on your magic carpet."
1791,0,0,3,3,1.0,0.408248290463863,512,"Yes Tommy, this is home-school PE."
1791,0,0,7,7,1.0,0.1543033499620919,512,What I need is a psychiatrist; I'm twisted.
1791,0,0,4,4,1.0,0.28867513459481287,512,"Go home, Bill. Vajrasana isn’t what you’re thinking."
1791,0,0,4,4,1.0,0.28867513459481287,512,Big Lebowski's Tai Chi is next door. I hear the rugs really tie the room together.
1791,0,0,4,4,1.0,0.28867513459481287,512,This is supposed to be a manspread free zone
1791,0,0,5,5,1.0,0.22360679774997896,512,"Yes my profile did say, ""I'm accustomed to the finest amenities"""
1791,0,0,5,5,1.0,0.22360679774997896,512,"Sweat-repellant, odor-resistant—and indeed, paleo."
1791,0,0,5,5,1.0,0.22360679774997896,512,Sorry we are filled up for all five classes per day.
1791,0,0,4,4,1.0,0.28867513459481287,512,The Advanced Cultural Appropriation class isn't until 3.
1791,0,0,5,5,1.0,0.22360679774997896,512,"We don't allow manspreading here, sir."
1791,0,0,3,3,1.0,0.408248290463863,512,"It's not that type of retreat, George."
1791,0,0,4,4,1.0,0.28867513459481287,512,'' I'M AFRAID YOGA DOES NOT ADDRESS A TERRITORIAL PROBLEM !
1791,0,0,7,7,1.0,0.1543033499620919,512,I love your for this. But we are done.
1791,0,0,3,3,1.0,0.408248290463863,512,"Oops, I brought the wrong one. Then may we share the same rug together?"
1791,0,0,3,3,1.0,0.408248290463863,512,I know we said we'd do more stuff together but...
1791,0,0,3,3,1.0,0.408248290463863,512,"""I'd like to sign up for one intense session of mindfulness please, Mam""."
1791,0,0,3,3,1.0,0.408248290463863,512,"Yoga's about breath, not breadth."
1791,0,0,5,5,1.0,0.22360679774997896,512,We don't allow rugs or basketball activewear.
1791,0,0,3,3,1.0,0.408248290463863,512,"You really know how to spin a yarn, Henry."
1791,0,0,4,4,1.0,0.28867513459481287,512,Over sized egos do not fit in yoga or this room!
1791,0,0,4,4,1.0,0.28867513459481287,512,That's a rug not a yoga mat.
1791,0,0,4,4,1.0,0.28867513459481287,512,Do we have to go over manspreading again?
1791,0,0,4,4,1.0,0.28867513459481287,512,Do you have unexpected low impact workouts
1791,0,0,3,3,1.0,0.408248290463863,512,Mantra. Not manspreading.
1791,0,0,4,4,1.0,0.28867513459481287,512,"As Yoga Master here at Bow Down, I can in all humility assure you that you cannot achieve enlightenment without the proper accessories."
1791,0,0,4,4,1.0,0.28867513459481287,512,It doesn't match the drapes.
1791,0,0,3,3,1.0,0.408248290463863,512,Your ad said to bring a mat.
1791,0,0,4,4,1.0,0.28867513459481287,512,The divine essence in me does not recognize the divine essence in you.
1791,0,0,6,6,1.0,0.18257418583505536,512,Sure. And I have Antony in mine.
1791,0,0,3,3,1.0,0.408248290463863,512,Broga is down the hall.
1791,0,0,4,4,1.0,0.28867513459481287,512,I don't care if your yoga master was Persian. The rug goes.
1791,0,0,4,4,1.0,0.28867513459481287,512,I admit it is YUGE but it has no place in my class.
1791,0,0,5,5,1.0,0.22360679774997896,512,"Well, you brought a water bottle, right?"
1791,0,0,4,4,1.0,0.28867513459481287,512,Mat cleaning and repair? Next door.
1791,0,0,4,4,1.0,0.28867513459481287,512,I brought one big enough for two.
1791,0,0,5,5,1.0,0.22360679774997896,512,Sorry Lebowski... it doesn't tie the room together.
1791,0,0,5,5,1.0,0.22360679774997896,512,"No, yogi Berra is not in this class."
1791,0,0,3,3,1.0,0.408248290463863,512,"If you use that, somebody's bound to call you on the carpet."
1791,0,0,2,2,1.0,0.7071067811865476,512,I knew Odysseus Grant. He was a charming man. You don't command of a half million men without taking a drop.
1791,0,0,4,4,1.0,0.28867513459481287,512,Deliver it to Bazaar Yoga.
1791,0,0,4,4,1.0,0.28867513459481287,512,Sir. Your mat is too big. You can't carry it and drink a low fat latte at the same time. You must leave.
1791,0,0,5,5,1.0,0.22360679774997896,512,"Sorry, yoga did not come from Persia."
1791,0,0,4,4,1.0,0.28867513459481287,512,Persian Yoga is down the street.
1791,0,0,4,4,1.0,0.28867513459481287,512,I think you're over-thinking this.
1791,0,0,3,3,1.0,0.408248290463863,512,Persian yoga? Never heard of it.
1791,0,0,3,3,1.0,0.408248290463863,512,I see you're already good at posing.
1791,0,0,3,3,1.0,0.408248290463863,512,"I am sorry but without the proper mat, you cannot namaste."
1791,0,0,4,4,1.0,0.28867513459481287,512,"I don't care if you slide around when you sweat. No gloves, no shoes and THAT is not a yoga mat."
1791,0,0,3,3,1.0,0.408248290463863,512,Take your dust mite colony and get out of here.
1791,0,0,3,3,1.0,0.408248290463863,512,Are you sure your father's mat wasn't for sumo wrestling?
1791,0,0,4,4,1.0,0.28867513459481287,512,"Sorry, our carpet flying program is on hold pending regulations."
1791,0,0,4,4,1.0,0.28867513459481287,512,Just plant yourself any where...
1791,0,0,4,4,1.0,0.28867513459481287,512,"Just dump the contorted, sweaty body in the Dumpster. Same time, tomorrow?"
1791,0,0,4,4,1.0,0.28867513459481287,512,"Sorry. The studio has a "" Say no to rugs"" policy."
1791,0,0,4,4,1.0,0.28867513459481287,512,"Sir, I'm afraid you'll have to remove that hat for this class."
1791,0,0,4,4,1.0,0.28867513459481287,512,"Sorry, but due to President Trump's executive directive we had to eliminate our liberal ""Persian Rug"" policy."
1791,0,0,3,3,1.0,0.408248290463863,512,Hummer or Bimmer?
1791,0,0,3,3,1.0,0.408248290463863,512,"I'm sorry, but we are no longer allowed to practice the Thief of Bagdad pose due to FAA regulations."
1791,0,0,3,3,1.0,0.408248290463863,512,They call me Downward Doug
1791,0,0,4,4,1.0,0.28867513459481287,512,Not here you're thinking of yogurt
1791,0,0,5,5,1.0,0.22360679774997896,512,I don't care what they say about a guy with a big yoga mat.
1791,0,0,4,4,1.0,0.28867513459481287,512,We are not trying to smuggle weapons here.
1791,0,0,3,3,1.0,0.408248290463863,512,I don't care how many it sleeps.
1791,0,0,3,3,1.0,0.408248290463863,512,"Sorry, it's Bow Down, not Boy Town, ladies only."
1791,0,0,3,3,1.0,0.408248290463863,512,Let's put mine on top of yours.
1791,0,0,4,4,1.0,0.28867513459481287,512,Let me guess. This is your first day at yoga!
1791,0,0,4,4,1.0,0.28867513459481287,512,"I don't care how much you loved your old dog, you can't use his bed as an exercise mat."
1791,0,0,5,5,1.0,0.22360679774997896,512,Sit on my face.
1791,0,0,3,3,1.0,0.408248290463863,512,"Try Hemp Yoga down the street. Sir, our yoga is rayon based."
1791,0,0,5,5,1.0,0.22360679774997896,512,Floor space is limited; so lose the rug.
1791,0,0,4,4,1.0,0.28867513459481287,512,"""You must be a Republican""."
1791,0,0,4,4,1.0,0.28867513459481287,512,My wife and kids are joining me in a bit
1791,0,0,4,4,1.0,0.28867513459481287,512,Is it BPA-free?
1791,0,0,4,4,1.0,0.28867513459481287,512,Unless it can fly you will have to go minimalist .
1791,0,0,3,3,1.0,0.408248290463863,512,"Sorry, but Mr. Trump owns the building and he said no Persians."
1791,0,0,3,3,1.0,0.408248290463863,512,I assume you won our donation to the recreation league fundraiser?
1791,0,0,3,3,1.0,0.408248290463863,512,I believe you have the wrong studio. Magic Carpet yoga is just down the street.
1791,0,0,3,3,1.0,0.408248290463863,512,I know you're the only man in the Class but size really does NOT matter.
1791,0,0,4,4,1.0,0.28867513459481287,512,Either take those shoes off or get back on your carpet and fly home.
1791,0,0,4,4,1.0,0.28867513459481287,512,"Right, your weird rug and pulled-up socks were the reasons Marcie left you? Sure those weren't reasons 233 + 234?"
1791,0,0,3,3,1.0,0.408248290463863,512,"Ommm, you're in my way."
1791,0,0,4,4,1.0,0.28867513459481287,512,"We're here to meditate, not levitate."
1791,0,0,3,3,1.0,0.408248290463863,512,It's made of hemp and it's perfectly gluten free.
1791,0,0,4,4,1.0,0.28867513459481287,512,"I don't know which is worse... that your socks are pulled up that high, or that you think you're holding a yoga mat..."
1791,0,0,6,6,1.0,0.18257418583505536,512,"No, this is not the ""Room"" sequel pitch session."
1791,0,0,4,4,1.0,0.28867513459481287,512,It's ftom your boyfriend - he thinks your job is making you hard-assed
1791,0,0,5,5,1.0,0.22360679774997896,512,Please don't make the light within me kick the light within you's ass.
1791,0,0,4,4,1.0,0.28867513459481287,512,What else was I supposed to put on the non-slip mat?
1791,0,0,4,4,1.0,0.28867513459481287,512,"Namaste, no you cannot stay."
1791,0,0,4,4,1.0,0.28867513459481287,512,"I don't care how special it is, Aladdin. It exceeds the allotted floor space"
1791,0,0,3,3,1.0,0.408248290463863,512,"Oh, now I get it...you were talking about your mat!"
1791,0,0,3,3,1.0,0.408248290463863,512,no thanks. that sounds like too many crouching crotches.
1791,0,0,3,3,1.0,0.408248290463863,512,"Look Phil...Unless that's a magic carpet, you're still not going to be able to do the one-handed tree pose."
1791,0,0,3,3,1.0,0.408248290463863,512,Sorry--flying carpet yoga is next door.
1791,0,0,4,4,1.0,0.28867513459481287,512,No dear we do not want to try your flying carpet!!!!
1791,0,0,4,4,1.0,0.28867513459481287,512,Our Bagdhad branch is across the street
1791,0,0,3,3,1.0,0.408248290463863,512,The Grateful Dead singalong is next door.
1791,0,0,5,5,1.0,0.22360679774997896,512,""" I came prepared to stay all day""."
1791,0,0,3,3,1.0,0.408248290463863,512,"Bro, the tailgate yoga center is down the hall. Namaste!"
1791,0,0,4,4,1.0,0.28867513459481287,512,Is my penis bothering you?
1791,0,0,4,4,1.0,0.28867513459481287,512,"No, you can not do Yoga and your daily prayers at the same time."
1791,0,0,4,4,1.0,0.28867513459481287,512,Peace is unchanged by gain or loss...but lose the rug.
1791,0,0,3,3,1.0,0.408248290463863,512,"No, we don't offer deep pile yoga."
1791,0,0,4,4,1.0,0.28867513459481287,512,"You can use it, but your knees are going to hate cobra pose."
1791,0,0,4,4,1.0,0.28867513459481287,512,Ahh..Meditation 101 is down the hall.
1791,0,0,3,3,1.0,0.408248290463863,512,"Also, downward dog does not involve actual hounds."
1791,0,0,4,4,1.0,0.28867513459481287,512,"Namaste! Looks as though you're all ready for Tree Pose."""
1791,0,0,3,3,1.0,0.408248290463863,512,Does this look like a rug store to you?
1791,0,0,4,4,1.0,0.28867513459481287,512,"Well, that's one position we don't care to stretch."
1791,0,0,3,3,1.0,0.408248290463863,512,"Honey, you will find competitiveness is not the pathway to Tantra!"
1791,0,0,4,4,1.0,0.28867513459481287,512,You have to park outside like everyone else.
1791,0,0,3,3,1.0,0.408248290463863,512,Even if we did levitation that would be cheating.
1791,0,0,3,3,1.0,0.408248290463863,512,Hug on a rug is not a yoga exercise.
1791,0,0,3,3,1.0,0.408248290463863,512,"I know they all look plain, but I'm still not interested!"
1791,0,0,4,4,1.0,0.28867513459481287,512,Do you plan on doing a lot of sweating today?
1791,0,0,6,6,1.0,0.18257418583505536,512,Is there a small boy wrapped in that rug?
1791,0,0,4,4,1.0,0.28867513459481287,512,"Take it to the dumps. The hard wood, floor refinisher is coming in the morning and get you Kids out of here."
1791,0,0,4,4,1.0,0.28867513459481287,512,"Sir, the belly dancing class is next door."
1791,0,0,4,4,1.0,0.28867513459481287,512,"Thanks, but the consensus was that it felt too good."
1791,0,0,4,4,1.0,0.28867513459481287,512,You must be here to see Oprah.
1791,0,0,4,4,1.0,0.28867513459481287,512,You said bring a mat you could fit a body on right?
1791,0,0,4,4,1.0,0.28867513459481287,512,"Seriously, I don't think the type of mat matters when yoga was first practiced."
1791,0,0,6,6,1.0,0.18257418583505536,512,My downward facing alligator requires a rather large surface area.
1791,0,0,4,4,1.0,0.28867513459481287,512,Did you know there's a boy in there?
1791,0,0,4,4,1.0,0.28867513459481287,512,Sorry sir your rug is too big and your shorts are too loose.
1791,0,0,5,5,1.0,0.22360679774997896,512,Do we look like the same people who sold you that rug?
1791,0,0,4,4,1.0,0.28867513459481287,512,My guess is you have the correct number but way wrong street.
1791,0,0,4,4,1.0,0.28867513459481287,512,Bigger is not better Zen.
1791,0,0,3,3,1.0,0.408248290463863,512,Flying carpet lessons are next door.
1791,0,0,4,4,1.0,0.28867513459481287,512,Only if you can disinfect it after every use.
1791,0,0,4,4,1.0,0.28867513459481287,512,"Yes, yoga is a type of magic carpet ride, isn't it?"
1791,0,0,5,5,1.0,0.22360679774997896,512,That's too much information.
1791,0,0,4,4,1.0,0.28867513459481287,512,"No, a yoga rug is NOT LIKE a rugby rug."
1791,0,0,4,4,1.0,0.28867513459481287,512,Perhaps Hakim can help you.
1791,0,0,5,5,1.0,0.22360679774997896,512,Before yoga mat was invented.
1791,0,0,4,4,1.0,0.28867513459481287,512,"Your revolution is over, Mr. Lebowski. Condolences. The bums lost."
1791,0,0,4,4,1.0,0.28867513459481287,512,How about never- is never good for you? Namaste.
1791,0,0,4,4,1.0,0.28867513459481287,512,over compensating for our short comings?
1791,0,0,3,3,1.0,0.408248290463863,512,Brewsky Yoga is next door.
1791,0,0,4,4,1.0,0.28867513459481287,512,"First, I'll lead you though the nasty rug farewell pose, then the new mat salutation. Namaste?"
1791,0,0,3,3,1.0,0.408248290463863,512,It is not!
1791,0,0,3,3,1.0,0.408248290463863,512,"We have rules! One person on a mat, not an entire little league on one mat."
1791,0,0,4,4,1.0,0.28867513459481287,512,"Yeah, so, big carpets and yoga don't mix. Just ask lululemon."
1791,0,0,4,4,1.0,0.28867513459481287,512,I see you're taking oriental culture seriously.
1791,0,0,6,6,1.0,0.18257418583505536,512,You just took the 'relaxation' out of 'relaxation technique'.
1791,0,0,6,6,1.0,0.18257418583505536,512,I flew magic carpets until I got grounded.
1791,0,0,5,5,1.0,0.22360679774997896,512,One-upper.
1791,0,0,4,4,1.0,0.28867513459481287,512,Magic carpet or not - there's no such thing as aerial yoga sir.
1791,0,0,5,5,1.0,0.22360679774997896,512,We have enough insurance for people who fall down that much.
1791,0,0,3,3,1.0,0.408248290463863,512,"Your dirty mat makes me want to throw up, not bow down."
1791,0,0,4,4,1.0,0.28867513459481287,512,"Thanks, but we're not interested in an 'upgrade' at this time."
1791,0,0,3,3,1.0,0.408248290463863,512,"I'm doing ""eye roll"" pose"
1791,0,0,3,3,1.0,0.408248290463863,512,How can you expect people to relax when they know you only paid the regular price?
1791,0,0,6,6,1.0,0.18257418583505536,512,"Think of it as ""Yoga"" meaning ""You Oughta Get A"" followed by the word ""mat"". NOT ""carpet"""
1791,0,0,3,3,1.0,0.408248290463863,512,The river is two blocks down.
1791,0,0,4,4,1.0,0.28867513459481287,512,"Well, NOW you're going to be relaxed."
1791,0,0,4,4,1.0,0.28867513459481287,512,"Sorry, kid. EBay lied."
1791,0,0,6,6,1.0,0.18257418583505536,512,Did you get the knots out?
1791,0,0,5,5,1.0,0.22360679774997896,512,", we do not accept advanced students"
1791,0,0,4,4,1.0,0.28867513459481287,512,"Your first lesson: there is no ""I"" in ""Bow Down."""
1791,0,0,4,4,1.0,0.28867513459481287,512,The Stand and Deliver Yoga is next door.
1791,0,0,4,4,1.0,0.28867513459481287,512,Your pickup line is a bit literal...
1791,0,0,6,6,1.0,0.18257418583505536,512,"When I told you yoga could be just as rugged as football, this isn't what I had in mind"
1791,0,0,4,4,1.0,0.28867513459481287,512,It's not a contest.
1791,0,0,4,4,1.0,0.28867513459481287,512,That's not what I meant when I said PVC-free.
1791,0,0,3,3,1.0,0.408248290463863,512,"No, a magic carpet can't be used as a yoga mat."
1791,0,0,6,6,1.0,0.18257418583505536,512,"You want Thriftshoppa Yoga, next door."
1791,0,0,4,4,1.0,0.28867513459481287,512,I'm here for the advanced beginner yoga class
1791,0,0,3,3,1.0,0.408248290463863,512,"When I said ""hold space"" for your yoga practice, I meant figuratively."
1791,0,0,3,3,1.0,0.408248290463863,512,"Organic, all natural, yes. But even we have our limits."
1791,0,0,4,4,1.0,0.28867513459481287,512,I've had it with man-spreading
1791,0,0,4,4,1.0,0.28867513459481287,512,Does that thing fly ?
1791,0,0,3,3,1.0,0.408248290463863,512,"I don't know where you go the idea, but I can assure you; there is NO such thing as Doubles Yoga."
1791,0,0,5,5,1.0,0.22360679774997896,512,I BELIEVE YOU ARE LOOKINGFOR THE CLEOPATRA YOGA STUDIO...
1791,0,0,4,4,1.0,0.28867513459481287,512,#sisalruglife?
1791,0,0,4,4,1.0,0.28867513459481287,512,Hot yoga doesn't mean you're supposed to bring things to get warm.
1791,0,0,4,4,1.0,0.28867513459481287,512,"Yes, we have a group rate."
1791,0,0,4,4,1.0,0.28867513459481287,512,You win.
1791,0,0,4,4,1.0,0.28867513459481287,512,Doesn't matter what Yogi says: you can't take a two-hour nap here from 1 to 4.
1791,0,0,4,4,1.0,0.28867513459481287,512,"No, you idiot, does this look like Hulk Hogan lives here?"""
1791,0,0,4,4,1.0,0.28867513459481287,512,I don't care if they are Siamese Twins.
1791,0,0,8,8,1.0,0.1336306209562122,512,I basically live here also
1791,0,0,3,3,1.0,0.408248290463863,512,"No, we don't have a TV so that you can watch the game while everyone else meditates."
1791,0,0,4,4,1.0,0.28867513459481287,512,I thought yoga was an eastern thing so I brought my oriental rug.
1791,0,0,5,5,1.0,0.22360679774997896,512,You're an hour early for the session with Alladin
1791,0,0,4,4,1.0,0.28867513459481287,512,"This studio isn't ""area rug"" freindly"
1791,0,0,4,4,1.0,0.28867513459481287,512,Shaggy Down Dog Broga is down the street.
1791,0,0,4,4,1.0,0.28867513459481287,512,Yes yoga is meant for natural turf.
1791,0,0,5,5,1.0,0.22360679774997896,512,"No, we're Bow Down. Berra is across the street."
1791,0,0,3,3,1.0,0.408248290463863,512,I assume you have a very large pick up truck to carry all your 'masculinity'
1791,0,0,4,4,1.0,0.28867513459481287,512,I hear yoga takes you to A Whole New World.
1791,0,0,5,5,1.0,0.22360679774997896,512,Please deliver him back to the mosque.
1791,0,0,7,7,1.0,0.1543033499620919,512,"No, it WILL take up room on the floor because that is NOT a flying carpet..."
1791,0,0,5,5,1.0,0.22360679774997896,512,The outer borough method class is in Studio B.
1791,0,0,4,4,1.0,0.28867513459481287,512,What's with the baseball cap in a yoga studio?
1791,0,0,4,4,1.0,0.28867513459481287,512,"""My wife told me that yoga was all about making modifications to feel more comfortable""."
1791,0,0,7,7,1.0,0.1543033499620919,512,It's my new weight loss program!
1791,0,0,7,7,1.0,0.1543033499620919,512,Mostly we use a smaller mat.
1791,0,0,3,3,1.0,0.408248290463863,512,"Sorry, I'm Persian."
1791,0,0,4,4,1.0,0.28867513459481287,512,The Sail With Solomon Insanity class is on the roof.
1791,0,0,4,4,1.0,0.28867513459481287,512,"Sir, the bro-ga sessions are on Tuesdays."
1791,0,0,4,4,1.0,0.28867513459481287,512,"No, no, next door The rug goes to the hookah parlor next door."
1791,0,0,4,4,1.0,0.28867513459481287,512,Are you having people over?
1791,0,0,3,3,1.0,0.408248290463863,512,A NFL Linebacker is a new client
1791,0,0,4,4,1.0,0.28867513459481287,512,You really need to relax Jerry...maybe you should sign up for three classes a week instead of one.
1791,0,0,3,3,1.0,0.408248290463863,512,"Listen, son. I don't care if he said it was magic, you need to take it back."
1791,0,0,5,5,1.0,0.22360679774997896,512,You want Man Cave Naps. They are two doors south of here.
1791,0,0,4,4,1.0,0.28867513459481287,512,Yogi Berra was never ever here.
1791,0,0,4,4,1.0,0.28867513459481287,512,"No, this is studio 114-A yoga lessons, you're looking for Studio 114 B flying lessons."
1791,0,0,3,3,1.0,0.408248290463863,512,I'm sorry but this is not the kilim flow class.
1791,0,0,5,5,1.0,0.22360679774997896,512,Get out--We don't allow Afghans in here.
1791,0,0,4,4,1.0,0.28867513459481287,512,"The ""Make America Great Again"" class is next door."
1791,0,0,3,3,1.0,0.408248290463863,512,We don't do America's gonna be great again.
1791,0,0,3,3,1.0,0.408248290463863,512,"Namaste, where should I park my carpet"
1791,0,0,4,4,1.0,0.28867513459481287,512,I brought my agoy nwod wob with me.
1791,0,0,7,7,1.0,0.1543033499620919,512,I know it's an unusual mat. Just don't call me out on the carpet.
1791,0,0,3,3,1.0,0.408248290463863,512,So why did you bring artificial grass for yoga class today?
1791,0,0,5,5,1.0,0.22360679774997896,512,"No, that’s my YOLO mat. In case of any impromptu photo shoots."
1791,0,0,4,4,1.0,0.28867513459481287,512,I don't care what Trump says.
1791,0,0,5,5,1.0,0.22360679774997896,512,"Sorry, magic carpets are no substitute for a yoga mat"
1791,0,0,3,3,1.0,0.408248290463863,512,Were you expecting a partner yoga class ?
1791,0,0,4,4,1.0,0.28867513459481287,512,You show-off! I bet you think you could run for president someday.
1791,0,0,4,4,1.0,0.28867513459481287,512,"As usual, Donald, you've mistaken this for a contest to have the biggest one."
1791,0,0,3,3,1.0,0.408248290463863,512,its time to do yoga like a real man
1791,0,0,5,5,1.0,0.22360679774997896,512,I still don't think Team Backgammon will ever become an Olympic sport!
1791,0,0,6,6,1.0,0.18257418583505536,512,"Seriously, this is as close as you could get to a no processed sugar, gluten-free, whole food, organic, paleo, preservative-free vegan pizza?"
1791,0,0,3,3,1.0,0.408248290463863,512,Artificial turf is next door.
1791,0,0,4,4,1.0,0.28867513459481287,512,"Do I look like someone who would order a Persian carpet? (Italics on the word ""look"".)"
1791,0,0,3,3,1.0,0.408248290463863,512,Where am I going to put this? I'll tell you where.
1791,0,0,4,4,1.0,0.28867513459481287,512,My other mat is too sheer.
1791,0,0,4,4,1.0,0.28867513459481287,512,"Sorry, no discounts for your bowling team if they all use 1 rug."
1791,0,0,4,4,1.0,0.28867513459481287,512,I've been locked in a room for years
1791,0,0,4,4,1.0,0.28867513459481287,512,"We are all utility players here, sir."
1791,0,0,4,4,1.0,0.28867513459481287,512,"Wrong mat, Matt"
1791,0,0,3,3,1.0,0.408248290463863,512,That's not what I meant when I said buy yourself a Magic Carpet Yoga Mat®
1791,0,0,4,4,1.0,0.28867513459481287,512,I'm guessing you drive a Hummer.
1791,0,0,4,4,1.0,0.28867513459481287,512,You won't be needing that for your rugby or yoga class.
1791,0,0,4,4,1.0,0.28867513459481287,512,Please put that back. We can rent you one.
1791,0,0,4,4,1.0,0.28867513459481287,512,"I think you might be looking for the hookah lounge, it's across the street."
1791,0,0,4,4,1.0,0.28867513459481287,512,"Sorry broheim, we have zero tolerance for performance enhancing rugs. And tell McConaughey to put his shirt on too."
1791,0,0,3,3,1.0,0.408248290463863,512,You must be yogi Berra.
1791,0,0,5,5,1.0,0.22360679774997896,512,"I'm aware that hemp has many uses, but Panama Red is going a little far in this case..."
1791,0,0,6,6,1.0,0.18257418583505536,512,"Yes, I teach yoga, but I don't have a magic carpet about how you can lose ten pounds."
1791,0,0,4,4,1.0,0.28867513459481287,512,Service entrance is around the back
1791,0,0,4,4,1.0,0.28867513459481287,512,Only if the elephant's Indian.
1791,0,0,3,3,1.0,0.408248290463863,512,Doing the Lotus Headstand Variation with Bound Legs would impress me -- your merely sitting cross-legged on a 19th century silk Tabriz does not.
1791,0,0,4,4,1.0,0.28867513459481287,512,"Who do you think you are with the big fancy rug, Donald Trump?"
1791,0,0,4,4,1.0,0.28867513459481287,512,Don’t let our name mislead you. Bow Down Yoga does not approve of a matt being your “Don’t let our name mislead you. Bow Down Yoga does not approve of a matt being your prayer rug.
1791,0,0,3,3,1.0,0.408248290463863,512,Men and their home comforts!
1791,0,0,4,4,1.0,0.28867513459481287,512,We do not allow hats.
1791,0,0,3,3,1.0,0.408248290463863,512,You must expect to be someone's next project.
1791,0,0,3,3,1.0,0.408248290463863,512,Our yogis use mats not bats.
1791,0,0,3,3,1.0,0.408248290463863,512,You must be looking for the Magic Carpet Ride Travel Agency next door.
1791,0,0,3,3,1.0,0.408248290463863,512,"Namaste to you, namaste to your AstroTurf."
1791,0,0,3,3,1.0,0.408248290463863,512,Yoga mats are SO expensive now a days
1791,0,0,4,4,1.0,0.28867513459481287,512,"First of all, I'm not your ""girl."" Moreover, I'm not going to close my eyes, look inside, and let the sound take me away."
1791,0,0,6,6,1.0,0.18257418583505536,512,and you wonder why you're single
1791,0,0,4,4,1.0,0.28867513459481287,512,Our passive-agressive class meets on Tuesdays and Thursdays.
1791,0,0,3,3,1.0,0.408248290463863,512,"For the hundredth time, I don't want a carpet!"
1791,0,0,3,3,1.0,0.408248290463863,512,I see you've been hardened in the crucible of competition.
1791,0,0,3,3,1.0,0.408248290463863,512,"No, I don't know which direction faces East."
1791,0,0,4,4,1.0,0.28867513459481287,512,I prefer to use a carpet
1791,0,0,5,5,1.0,0.22360679774997896,512,Didn't you tell me we were meeting up to go to Antique Roadshow?
1791,0,0,3,3,1.0,0.408248290463863,512,Just take that back to Walmart.
1791,0,0,6,6,1.0,0.18257418583505536,512,"You know, that thing won't protect you from queefs."
1791,0,0,3,3,1.0,0.408248290463863,512,"Why do I feel like I just found the "" Grey"" M&M? I'll call you on the carpet in that corner over there."
1791,0,0,4,4,1.0,0.28867513459481287,512,We're not interested in your new softer mats. Yoga encourages suffering.
1791,0,0,5,5,1.0,0.22360679774997896,512,Today's Class: Brazillian-Vinyasa
1791,0,0,7,7,1.0,0.1543033499620919,512,Only on Throw Rug Thursdays
1791,0,0,4,4,1.0,0.28867513459481287,512,"Okay, so you obviously didn't pay the extra $5.00 to rent a yoga mat."
1791,0,0,4,4,1.0,0.28867513459481287,512,"So, what are you compensating for?"
1791,0,0,3,3,1.0,0.408248290463863,512,"The ad said, ""Get rid of body tension here""."
1791,0,0,4,4,1.0,0.28867513459481287,512,"Wool, look who's here!"
1791,0,0,6,6,1.0,0.18257418583505536,512,We only allow gluten-free mats.
1791,0,0,3,3,1.0,0.408248290463863,512,I said personalize not redecorate!
1791,0,0,3,3,1.0,0.408248290463863,512,Magic Carpet Ride Monday was yesterday.
1791,0,0,4,4,1.0,0.28867513459481287,512,That's not what we meant when we said today's yoga session would burn.
1791,0,0,4,4,1.0,0.28867513459481287,512,What do you mean there's a twenty dollar delivery fee?
1791,0,0,4,4,1.0,0.28867513459481287,512,No free carpet rides here
1791,0,0,4,4,1.0,0.28867513459481287,512,"No, Mr. Rodriguez, we do not allow performance-enhancing rugs"
1791,0,0,3,3,1.0,0.408248290463863,512,The flying carpet class is on the third floor!
1791,0,0,4,4,1.0,0.28867513459481287,512,I brought The Magic Carpet so the blue genie can grant you 3 wishes.
1791,0,0,4,4,1.0,0.28867513459481287,512,I have my own mat. Stop calling me Cleopatra.
1791,0,0,4,4,1.0,0.28867513459481287,512,"We seek to harmonize with dharma,not wrestle it"
1791,0,0,4,4,1.0,0.28867513459481287,512,"Sorry bruh, you know the rules: no mids, no Phillies."
1791,0,0,4,4,1.0,0.28867513459481287,512,"I understand, but our instructors don't make house calls."
1791,0,0,3,3,1.0,0.408248290463863,512,Are you Aladdin in disguise or what?
1791,0,0,5,5,1.0,0.22360679774997896,512,"I know you want to get closer to my inner-self, Honey, but your inner-self needs to get the heck out of here!"
1791,0,0,4,4,1.0,0.28867513459481287,512,"OK, you can use that for a mat. But the 70s socks have got to go."
1791,0,0,6,6,1.0,0.18257418583505536,512,Bow up and out the door yoga starts now.
1791,0,0,4,4,1.0,0.28867513459481287,512,"Yes, I'm aware that 'guru' spelled backwards is 'urug.'"
1791,0,0,3,3,1.0,0.408248290463863,512,No I will not be your Jasmine and take a carpet ride with you!
1791,0,0,3,3,1.0,0.408248290463863,512,You said get comfortable.
1791,0,0,4,4,1.0,0.28867513459481287,512,Something told me your dating profile was conniving.
1791,0,0,4,4,1.0,0.28867513459481287,512,"Kindergarten is in the next room, wiseguy."
1791,0,0,3,3,1.0,0.408248290463863,512,"When I said ""you should just roll with it,"" that's not what I meant."
1791,0,0,4,4,1.0,0.28867513459481287,512,"this class is about transcending our ego, not whose got the biggest mat"
1791,0,0,5,5,1.0,0.22360679774997896,512,"You need better gear, man. I can already tell your carpet doesn't match the drapes."
1791,0,0,4,4,1.0,0.28867513459481287,512,The flying carpet club meets Thursdays.
1791,0,0,4,4,1.0,0.28867513459481287,512,"This is a Yoga studio, not a mosque!"
1791,0,0,4,4,1.0,0.28867513459481287,512,"So you're telling me if I put the yoga mats in water, they become Persian rugs?"
1791,0,0,4,4,1.0,0.28867513459481287,512,Dude the magic carpet class is next door in the boot room.
1791,0,0,4,4,1.0,0.28867513459481287,512,I still want a divorce.
1791,0,0,3,3,1.0,0.408248290463863,512,"Don't join this class, because you can't even bring the right equipment."
1791,0,0,4,4,1.0,0.28867513459481287,512,"I thought I made it clear that i wanted my carpet installed at home, not at the office."
1791,0,0,7,7,1.0,0.1543033499620919,512,Get real big boy! Size doesn't mean squat in the race to yogahood.
1791,0,0,4,4,1.0,0.28867513459481287,512,"Namasté, but you're not exactly doing your root chakra any favors here."
1791,0,0,3,3,1.0,0.408248290463863,512,Do you have a bank account to match?
1791,0,0,5,5,1.0,0.22360679774997896,512,"I'm sorry Sir, this is yoga, not magic carpet training!"
1791,0,0,4,4,1.0,0.28867513459481287,512,"Go to the dugout, drop the carpet and empty your mind."
1791,0,0,4,4,1.0,0.28867513459481287,512,'Nap for Two Yoga' is next door.
1791,0,0,3,3,1.0,0.408248290463863,512,Welcome. I believe you're our first Trump supporter.
1791,0,0,3,3,1.0,0.408248290463863,512,The Forced Fiance Fun Salutation class is down the hall.
1791,0,0,4,4,1.0,0.28867513459481287,512,I am working on my inner-self and trying to be present and accepting of all things through the wonderful experiences of yoga. What exactly are you here for?
1791,0,0,4,4,1.0,0.28867513459481287,512,"Also, I checked – there's no such thing as a 'Downward Doug'."
1791,0,0,3,3,1.0,0.408248290463863,512,Yes I'm sure Yoga is not a contraction of Yogi Berra.
1791,0,0,4,4,1.0,0.28867513459481287,512,They said it was B.Y.O.M.
1791,0,0,3,3,1.0,0.408248290463863,512,I have less to sweep under mine than you do under yours
1791,0,0,5,5,1.0,0.22360679774997896,512,I suppose size matters
1791,0,0,5,5,1.0,0.22360679774997896,512,Bigger is not more enlightened.
1791,0,0,4,4,1.0,0.28867513459481287,512,"I'm sorry, but Erin Andrews doesn't take classes here anymore."
1791,0,0,5,5,1.0,0.22360679774997896,512,"I don't care ""If it;s perfect for a flying honeymoon, they say,"" I say no."
1791,0,0,4,4,1.0,0.28867513459481287,512,I never understood why yoga mats aren't soft.
1791,0,0,4,4,1.0,0.28867513459481287,512,This is the only mat I have that the downward dog can poop on if it needs to.
1791,0,0,3,3,1.0,0.408248290463863,512,Team yoga for the clueless is on Wednesday.
1791,0,0,6,6,1.0,0.18257418583505536,512,I see one last spot in the back corner in front of the heater. Namaste.
1791,0,0,4,4,1.0,0.28867513459481287,512,I'm just gonna lay it all out there for you: You guys need to be more flexible with your policies.
1791,0,0,2,2,1.0,0.7071067811865476,512,Are you by any chance a Trump supporter?
1791,0,0,4,4,1.0,0.28867513459481287,512,"No, it has more to do with the size of your hands."
1791,0,0,3,3,1.0,0.408248290463863,512,Hot yoga doesn't mean what you think it does. Try the massage parlor next door.
1791,0,0,3,3,1.0,0.408248290463863,512,Mountain Dew is not a spirit animal.
1791,0,0,4,4,1.0,0.28867513459481287,512,A thousand mile journey begins with but a single step
1791,0,0,4,4,1.0,0.28867513459481287,512,"This is an exercise class , not oriental bazar ..."
1791,0,0,6,6,1.0,0.18257418583505536,512,"I’m terribly sorry, sir, but only your mother-in-law is allowed access to her locker."
1791,0,0,4,4,1.0,0.28867513459481287,512,You ordered a mat?
1791,0,0,4,4,1.0,0.28867513459481287,512,Irene are you in there ?
1791,0,0,4,4,1.0,0.28867513459481287,512,"No, this is hot yoga. Gauche yoga is downstairs."
1791,0,0,4,4,1.0,0.28867513459481287,512,"So, is it true what they say about men with big carpets?"
1791,0,0,5,5,1.0,0.22360679774997896,512,I'm getting a strong feeling you exaggerated a bit on Match Chat.
1791,0,0,3,3,1.0,0.408248290463863,512,I'm afraid your yoga mat is not uncomfortable enough.
1791,0,0,4,4,1.0,0.28867513459481287,512,"No, we don't want to buy any PDX carpet to keep our yoga studio weird"
1791,0,0,4,4,1.0,0.28867513459481287,512,"No. I'm sorry. It doesn't mean we bow down to you, guy."
1791,0,0,4,4,1.0,0.28867513459481287,512,Put the rug back in the hall and use one of the Bow Down Yoga PMS 377C colored mats.
1791,0,0,4,4,1.0,0.28867513459481287,512,I hope this is the new rug for my office.
1791,0,0,7,7,1.0,0.1543033499620919,512,Ok wise guy. Is it for Alladin or yoga bear.
1791,0,0,4,4,1.0,0.28867513459481287,512,"Okay, but only if it levitates along with you."
1791,0,0,4,4,1.0,0.28867513459481287,512,"All due respect, ma'am, you said to bring your own mat or carpet to suit our comfort... You see, in football, grass IS our mat and where my boys are most comfortable , and we'll go to any lengths to win, even yoga - so where do ya want us to lay it?"
1791,0,0,4,4,1.0,0.28867513459481287,512,This is a non-hipster yoga studio.
1791,0,0,4,4,1.0,0.28867513459481287,512,"Tell your employer Mr. Trump: you're not going to convince anyone of your respect for yoga by spending $18,000 on a mat."
1791,0,0,3,3,1.0,0.408248290463863,512,You look totally rugged out!
1791,0,0,4,4,1.0,0.28867513459481287,512,I'm sorry sir but there is no Downward Manspread in Kripalu.
1791,0,0,4,4,1.0,0.28867513459481287,512,Thank you for cleaning the downward dog mat.
1791,0,0,4,4,1.0,0.28867513459481287,512,"Sorry, but President Trump has banned all Middle Eastern rugs entering yoga studios."
1791,0,0,4,4,1.0,0.28867513459481287,512,"You know, the bigger the mat, the smaller the......."
1791,0,0,3,3,1.0,0.408248290463863,512,"Ron, I don't appreciate your passive aggressive reminder that I need a wax."
1791,0,0,5,5,1.0,0.22360679774997896,512,I don't care if you perform better on the home turf. Leave it at home.
1791,0,0,4,4,1.0,0.28867513459481287,512,"As you can see, there's a large difference between a rug and a mat."
1791,0,0,10,10,1.0,0.10540925533894598,512,I'm surprised you didn't bring a pillow.
1791,0,0,3,3,1.0,0.408248290463863,512,Want to stretch the kinks out?
1791,0,0,4,4,1.0,0.28867513459481287,512,"Um, this is a tassel-free zone."
1791,0,0,3,3,1.0,0.408248290463863,512,That's not a real Yogi's mat!
1791,0,0,3,3,1.0,0.408248290463863,512,Our fees are based on square footage.
1791,0,0,6,6,1.0,0.18257418583505536,512,I'm sorry John. I don't think we'll work out.
1791,0,0,4,4,1.0,0.28867513459481287,512,Meditation is never soft.
1791,0,0,4,4,1.0,0.28867513459481287,512,"sir , your truck balls are double-parked"
1791,0,0,3,3,1.0,0.408248290463863,512,'Roll up Yoga' is down the block.
1791,0,0,4,4,1.0,0.28867513459481287,512,"My ""inner self"" weighs 350 lbs."
1791,0,0,4,4,1.0,0.28867513459481287,512,It's not a place to have a picnic!!
1791,0,0,4,4,1.0,0.28867513459481287,512,"Pffft...that is hardly a yoga mat. Perhaps that thick, loud rug is meant for the CrossFit upstairs?"
1791,0,0,4,4,1.0,0.28867513459481287,512,Get the hell outta here!
1791,0,0,5,5,1.0,0.22360679774997896,512,"Look Matt, I told you to you could come stag. Not bring a shag."
1791,0,0,6,6,1.0,0.18257418583505536,512,the heavy mat won't aid enlightenment
1791,0,0,4,4,1.0,0.28867513459481287,512,"Mr. Trump, are you seriously expecting us to bow down to you?"
1791,0,0,4,4,1.0,0.28867513459481287,512,I see you bought the azodicarbonamide-free mat
1791,0,0,4,4,1.0,0.28867513459481287,512,"Ok, but I'm saying ""NO"" to the recliner, the big screen TV and beer coolers"
1791,0,0,4,4,1.0,0.28867513459481287,512,I don't think you understand how a group class works.
1791,0,0,3,3,1.0,0.408248290463863,512,"Yes,Yoga can be masculine BUT we have traditions!"
1791,0,0,5,5,1.0,0.22360679774997896,512,... And please take your shoes off!
1791,0,0,3,3,1.0,0.408248290463863,512,In yoga size doesn't matter.
1791,0,0,3,3,1.0,0.408248290463863,512,I really don't care that you flew here on that magic carpet - it is too big to use as a mat in my class.
1791,0,0,3,3,1.0,0.408248290463863,512,My yogi is a real bear
1791,0,0,4,4,1.0,0.28867513459481287,512,Deliveries in the rear plebian.
1791,0,0,3,3,1.0,0.408248290463863,512,"Yes, we are welcoming, and I'm sorry your parents kicked you out. But, no, you can't move in."
1791,0,0,4,4,1.0,0.28867513459481287,512,"Naps are over in 'Kiddie-Kare,' Rug Boy"
1791,0,0,3,3,1.0,0.408248290463863,512,Let me guess. You've been reading the 'Tips' column in Maxim.
1791,0,0,4,4,1.0,0.28867513459481287,512,Bow Wow Rug Repair is downstairs.
1791,0,0,4,4,1.0,0.28867513459481287,512,Where do I begin?
1791,0,0,3,3,1.0,0.408248290463863,512,This first problem for all of us to to unlearn.
1791,0,0,4,4,1.0,0.28867513459481287,512,You do have the family rate?
1791,0,0,4,4,1.0,0.28867513459481287,512,"You can stay, but no more talking about CrossFit."
1791,0,0,4,4,1.0,0.28867513459481287,512,"""Aladdin Who sent you?""'"
1791,0,0,4,4,1.0,0.28867513459481287,512,"... and another thing, the appropriate greeting is 'Namaste', not 'Animosity'."
1791,0,0,4,4,1.0,0.28867513459481287,512,"This is my turf, back off."
1791,0,0,4,4,1.0,0.28867513459481287,512,Get real!
1791,0,0,7,7,1.0,0.1543033499620919,512,"I said ""bring your own mat,"" not ""bring your home mat"""
1791,0,0,3,3,1.0,0.408248290463863,512,I don't care what happens when you get angry.
1791,0,0,3,3,1.0,0.408248290463863,512,Is this where we channel the divine energy of the macrocosm and attain freedom from the cycle of death and rebirth?
1791,0,0,4,4,1.0,0.28867513459481287,512,"I don't see the humor at all, Matt."
1791,0,0,5,5,1.0,0.22360679774997896,512,"I understand what they use in India, but the status symbols we use are foam pads and spandex."
1791,0,0,5,5,1.0,0.22360679774997896,512,I got kicked off Tinder.
1791,0,0,3,3,1.0,0.408248290463863,512,"Size matters. But for this, smaller is better."
1791,0,0,4,4,1.0,0.28867513459481287,512,"No, ""Downward Mat"" is done like this."
1791,0,0,3,3,1.0,0.408248290463863,512,We aren't really interested in THAT kind of Eastern inner-decor.
1791,0,0,5,5,1.0,0.22360679774997896,512,Hey there Aladdin. Here to see a whole new world?
1791,0,0,4,4,1.0,0.28867513459481287,512,"Trust me, your body just won't relax on something so plush."
1791,0,0,5,5,1.0,0.22360679774997896,512,"No, It's not civil rights issue, we just don't allow Afghans."
1791,0,0,2,2,1.0,0.7071067811865476,512,"I use it for my Lazy Elephant"" pose."
1791,0,0,4,4,1.0,0.28867513459481287,512,Is this the group yoga class?
1791,0,0,4,4,1.0,0.28867513459481287,512,There may be some lingering resentment.
1791,0,0,3,3,1.0,0.408248290463863,512,"Sorry, your mat is not synthetic enough."
1791,0,0,5,5,1.0,0.22360679774997896,512,"This is an indoor activity where we meditate, not laying sod in the dirt for a baseball game."
1791,0,0,4,4,1.0,0.28867513459481287,512,Yes - That's Donald Trump's Yoga Mat
1791,0,0,4,4,1.0,0.28867513459481287,512,"The carpet and genie are fine, but the monkey is a major distraction."
1791,0,0,4,4,1.0,0.28867513459481287,512,"Breathe, Donald, breathe. I never said you had small hands."
1791,0,0,4,4,1.0,0.28867513459481287,512,"Always under the impression that bigger is better, right Roger?"
1791,0,0,4,4,1.0,0.28867513459481287,512,We decided to start a yoga studio instead of buying a Persian rug
1791,0,0,4,4,1.0,0.28867513459481287,512,I don't think it will tie this room together.
1791,0,0,4,4,1.0,0.28867513459481287,512,"This is about a girl, isn't it?"
1791,0,0,5,5,1.0,0.22360679774997896,512,"No, I ordered yoga mats, not fine quality oriental rugs. I can see how that would be confusing."
1791,0,0,8,8,1.0,0.1336306209562122,512,"Think that will be ""big"" enough for you?"
1791,0,0,4,4,1.0,0.28867513459481287,512,"'Maximizing your footprint' is a great bro goal, but I don't know that it works for yoga."
1791,0,0,4,4,1.0,0.28867513459481287,512,"That's not exactly what we were talking about when we said let's ""Feel the Bern"" for today's yoga class."
1791,0,0,6,6,1.0,0.18257418583505536,512,Yogi Berra? He must be at another ashram.
1791,0,0,3,3,1.0,0.408248290463863,512,"When I said to bring your rug, I meant your toupee."
1791,0,0,3,3,1.0,0.408248290463863,512,"No, I will not 'trade you.'"
1791,0,0,3,3,1.0,0.408248290463863,512,"Okay Aladdin, show me your stuff......"
1791,0,0,4,4,1.0,0.28867513459481287,512,Bro-ga is next door.
1791,0,0,3,3,1.0,0.408248290463863,512,"First Yoga, then we get rid of the body."
1791,0,0,3,3,1.0,0.408248290463863,512,"Man, it's not always about size."
1791,0,0,4,4,1.0,0.28867513459481287,512,"No, I would not like to go for a 'magic carpet ride'."
1791,0,0,4,4,1.0,0.28867513459481287,512,it's not the size that counts. It's how you use it.
1791,0,0,3,3,1.0,0.408248290463863,512,"I appreciate your effort, but you still can’t date my daughter."
1791,0,0,4,4,1.0,0.28867513459481287,512,"We appreciate your initiative Bill, we really do but..."
1791,0,0,4,4,1.0,0.28867513459481287,512,"Those are the rules, and they're NOT flexible."
1791,0,0,3,3,1.0,0.408248290463863,512,"Only mats, no carpets please!"
1791,0,0,4,4,1.0,0.28867513459481287,512,Explain to me how this makes any less sense?
1791,0,0,4,4,1.0,0.28867513459481287,512,Welcome!
1791,0,0,7,7,1.0,0.1543033499620919,512,"Was that a direct carpet ride, or did you have to change in D.C?"
1791,0,0,5,5,1.0,0.22360679774997896,512,It loosens up my downward facing dog.
1791,0,0,7,7,1.0,0.1543033499620919,512,I think you've missed the sarcasm when I asked if you had brought enough for the class
1791,0,0,3,3,1.0,0.408248290463863,512,"Look, I told you last week, Aladdin doesn't teach here anymore."
1791,0,0,4,4,1.0,0.28867513459481287,512,When Brody met Asana.
1791,0,0,2,2,1.0,0.7071067811865476,512,"No, Bob, I don't think there's room for both of us on your mother's Persian."
1791,0,0,4,4,1.0,0.28867513459481287,512,"I don't care if your name is Matt, that's still just a rug."
1791,0,0,3,3,1.0,0.408248290463863,512,"When you told the class you were at outlier, I had something else in mind."
1791,0,0,3,3,1.0,0.408248290463863,512,The Magic Carpet class is down the hall.
1791,0,0,6,6,1.0,0.18257418583505536,512,I brought my mother. She's very stiff.
1791,0,0,4,4,1.0,0.28867513459481287,512,hey bro
1791,0,0,4,4,1.0,0.28867513459481287,512,I see the hairy man brought a furry rug.
1791,0,0,5,5,1.0,0.22360679774997896,512,We all know you supported the Iran deal. But isn't this taking things a bit far?
1791,0,0,4,4,1.0,0.28867513459481287,512,Man! You really went full out on your yoga mat!
1791,0,0,4,4,1.0,0.28867513459481287,512,"Yoga me this, Yoga me that. Just yoga me a proper size mat."
1791,0,0,3,3,1.0,0.408248290463863,512,"I'm sorry. What do you mean by ""eminent domain""?"
1791,0,0,4,4,1.0,0.28867513459481287,512,Lululemon--not made in Yemen...
1791,0,0,4,4,1.0,0.28867513459481287,512,Texas yoga is one floor up.
1791,0,0,4,4,1.0,0.28867513459481287,512,"""Wall to Wall Yoga"" is down the block."
1791,0,0,4,4,1.0,0.28867513459481287,512,I couldn't fit into my wife's yoga pants.
1791,0,0,5,5,1.0,0.22360679774997896,512,The martial arts gym is two blocks north.
1791,0,0,3,3,1.0,0.408248290463863,512,Upward- or downward-facing?
1791,0,0,3,3,1.0,0.408248290463863,512,They're laying sod next door.
1791,0,0,2,2,1.0,0.7071067811865476,512,A natural mat was not a requirement
1791,0,0,4,4,1.0,0.28867513459481287,512,No I am sorry but we can't make your rug fly.
1791,0,0,4,4,1.0,0.28867513459481287,512,Here we are all about style over substance.
1791,0,0,4,4,1.0,0.28867513459481287,512,"What do you mean, your regular mat is at the cleaners?"
1791,0,0,3,3,1.0,0.408248290463863,512,You'll have to pay for two spots with that rug.
1791,0,0,4,4,1.0,0.28867513459481287,512,It's yoga--not rugby.
1791,0,0,3,3,1.0,0.408248290463863,512,"Sorry, Aladdin, this is strictly a mat class."
1791,0,0,4,4,1.0,0.28867513459481287,512,Where's the yoga party?
1791,0,0,4,4,1.0,0.28867513459481287,512,...It's vintage.
1791,0,0,4,4,1.0,0.28867513459481287,512,I take that you aren't here for the yoga class
1791,0,0,3,3,1.0,0.408248290463863,512,Stop overcompensating.
1791,0,0,3,3,1.0,0.408248290463863,512,You know I won't take my shoes off unless I am home. . .
1791,0,0,3,3,1.0,0.408248290463863,512,What have you got there - Cleopatra?
1791,0,0,4,4,1.0,0.28867513459481287,512,"I cannot accept deliveries for anyone named ""Genie""."
1791,0,0,3,3,1.0,0.408248290463863,512,You don't need to bring sod for your downwards dog.
1791,0,0,4,4,1.0,0.28867513459481287,512,I know downward dog makes you feel stupid. But rolling up your rug and going home isn't going to help your balance.
1791,0,0,4,4,1.0,0.28867513459481287,512,"Oh, the levitation class starts next week..."
1791,0,0,3,3,1.0,0.408248290463863,512,It's yoga mat... not yoga rug. You'll have to leave.
1791,0,0,5,5,1.0,0.22360679774997896,512,"I told you, extreme yoga isn't what we do."
1791,0,0,4,4,1.0,0.28867513459481287,512,Naw-Maw-Stay and get your number?
1791,0,0,4,4,1.0,0.28867513459481287,512,There's still 2 months left on our lease.
1791,0,0,4,4,1.0,0.28867513459481287,512,"A little trouble with your downward facing dog again, Robert?"
1791,0,0,4,4,1.0,0.28867513459481287,512,Elephant yoga? That's two doors down
1791,0,0,4,4,1.0,0.28867513459481287,512,That's not the kind of magic carpet ride I meant.
1791,0,0,3,3,1.0,0.408248290463863,512,What's with the cap?
1791,0,0,4,4,1.0,0.28867513459481287,512,"I'm guessing you can really, 'cut a rug'!"
1791,0,0,5,5,1.0,0.22360679774997896,512,That's 'Oriental.' You're gonna need something more 'Orientalist.'
1791,0,0,4,4,1.0,0.28867513459481287,512,"One person, one mat!"
1791,0,0,4,4,1.0,0.28867513459481287,512,"Abandon Magic Carpet, All Ye Who Enter Here- you missed the fine print, Mr. Nudgniak?"
1791,0,0,6,6,1.0,0.18257418583505536,512,We're not very territorial around here.
1791,0,0,4,4,1.0,0.28867513459481287,512,Oriental yoga is down the hall.
1791,0,0,2,2,1.0,0.7071067811865476,512,I have no comment.
1791,0,0,4,4,1.0,0.28867513459481287,512,"I know it's large, but it also is my transportation."
1791,0,0,4,4,1.0,0.28867513459481287,512,Don't tell me you scheduled our date on your lunch break.
1791,0,0,4,4,1.0,0.28867513459481287,512,Footwear needs to be left at the door.
1791,0,0,4,4,1.0,0.28867513459481287,512,They told me I could park in here?
1791,0,0,4,4,1.0,0.28867513459481287,512,"Donald, bigger isn't always better."
1791,0,0,3,3,1.0,0.408248290463863,512,Size matters and it's too big.
1791,0,0,4,4,1.0,0.28867513459481287,512,"""We have an alternate my space concept."" Submitted by Douglas Monaghan, Floral Park, NY"
1791,0,0,4,4,1.0,0.28867513459481287,512,We currently do not offer a family plan.
1791,0,0,7,7,1.0,0.1543033499620919,512,"""Personal-size wigwams only please.""!"
1791,0,0,4,4,1.0,0.28867513459481287,512,Rugs are NOT the new mat
1791,0,0,6,6,1.0,0.18257418583505536,512,You can use it as long as your mother is ok with it.
1791,0,0,5,5,1.0,0.22360679774997896,512,"Actually, it's the hat that worries me..."
1791,0,0,3,3,1.0,0.408248290463863,512,"I've told you, its not all about the size of the mat"
1791,0,0,4,4,1.0,0.28867513459481287,512,My shovel started out that big
1791,0,0,6,6,1.0,0.18257418583505536,512,"Yes, yoga originated in Asia but you must have a ""Yoga mat"" not an Oriental carpet to participate."
1791,0,0,7,7,1.0,0.1543033499620919,512,"I am sorry sir, this is ""Bow Down Yoga"", not ""Bow Down to Yoda""."
1791,0,0,3,3,1.0,0.408248290463863,512,That's a stretch.
1791,0,0,4,4,1.0,0.28867513459481287,512,"No shoes, no shag, no service."
1791,0,0,4,4,1.0,0.28867513459481287,512,"No, Steve, The Room wasn't a funny movie. Put Johnny down and go home, you're embarrassing me."
1791,0,0,4,4,1.0,0.28867513459481287,512,Remember: no barking in downward dog pose.
1791,0,0,3,3,1.0,0.408248290463863,512,We do not have an oversized locker.
1791,0,0,4,4,1.0,0.28867513459481287,512,I don't care if Mrs Palin's been rolled up for hours Mr Trump's office is upstairs.
1791,0,0,3,3,1.0,0.408248290463863,512,The lodge is next door!!
1791,0,0,4,4,1.0,0.28867513459481287,512,"No, I don't fancy a shag."
1791,0,0,4,4,1.0,0.28867513459481287,512,We're going to put you in the back.
1791,0,0,4,4,1.0,0.28867513459481287,512,"Ah, you're looking for 'Throw Down Yoga.' It's two doors down."
1791,0,0,4,4,1.0,0.28867513459481287,512,"Even my inner voice is screaming to tell you, get the hell out of here, and take that flea invested rug with you. Namaste."
1791,0,0,4,4,1.0,0.28867513459481287,512,Are you sure you've never taken a yoga class before? That Lotus Pose looked pretty good.
1791,0,0,4,4,1.0,0.28867513459481287,512,"I'm sorry Mr. Room, but that's just not funny."
1791,0,0,5,5,1.0,0.22360679774997896,512,This rug drives 285 yards. I guarantee.
1791,0,0,4,4,1.0,0.28867513459481287,512,"I think you are in the wrong class, this is Yoga not magic carpet rides!"
1791,0,0,4,4,1.0,0.28867513459481287,512,Well...there goes the neighborhood
1791,0,0,3,3,1.0,0.408248290463863,512,"Oh, I'm just here for the cucumber water."
1791,0,0,4,4,1.0,0.28867513459481287,512,"No, I said we DON'T have any downstairs neighbors."
1791,0,0,3,3,1.0,0.408248290463863,512,I knew Amazon would mess up my order for mats. This is an Axminster.
1791,0,0,3,3,1.0,0.408248290463863,512,"No matt, eh? No matter. It's namas day."
1791,0,0,5,5,1.0,0.22360679774997896,512,If I give you my phone number then promise you'll stop coming here.
1791,0,0,3,3,1.0,0.408248290463863,512,"You know 'Throw Back Thursday' only occurs on social media, right?"
1791,0,0,3,3,1.0,0.408248290463863,512,Today we learn the manspreading position.
1791,0,0,3,3,1.0,0.408248290463863,512,Your mat is looking a bit rug-ed.
1791,0,0,3,3,1.0,0.408248290463863,512,No I do not believe in Bigfoot and no he cannot use your Groupon.
1791,0,0,3,3,1.0,0.408248290463863,512,You can't do yoga on a flying carpet!
1791,0,0,4,4,1.0,0.28867513459481287,512,"You can shag at home, not here."
1791,0,0,4,4,1.0,0.28867513459481287,512,"Sir, you can't wear hats in the yoga studio."
1791,0,0,3,3,1.0,0.408248290463863,512,There's a body in there.
1791,0,0,3,3,1.0,0.408248290463863,512,The shag lessons are next door.
1791,0,0,6,6,1.0,0.18257418583505536,512,"I understand you're a ""Big Dog"" but this is Bow Down Yoga not Bow Wow Yoga."
1791,0,0,4,4,1.0,0.28867513459481287,512,"I think there was a misunderstanding. You were asked to bring a yoga mat, not a yoga carpet."
1791,0,0,4,4,1.0,0.28867513459481287,512,This is not cultural appropriation this is an identification crisis.
1791,0,0,5,5,1.0,0.22360679774997896,512,"I'm telling you again, there is no Julius Ceasar here."
1791,0,0,3,3,1.0,0.408248290463863,512,"Sorry, we have a dress and mat code here."
1791,0,0,4,4,1.0,0.28867513459481287,512,"This is yogA, with an A and in ""America."" You're looking for the yogI, with an i as in ""India."" We prefer rubber mats."
1791,0,0,3,3,1.0,0.408248290463863,512,"No, I'm not interested in your endorsement once your campaign fails."
1791,0,0,4,4,1.0,0.28867513459481287,512,This is the Hatha Yoga class. Mutha Yoga starts in two hours.
1791,0,0,3,3,1.0,0.408248290463863,512,Bow Down Yoga isn't right for everyone.
1791,0,0,4,4,1.0,0.28867513459481287,512,I don't care if you got iy from Ray Bolger.
1791,0,0,3,3,1.0,0.408248290463863,512,I'm not sure that enlightenment will do you any favors.
1791,0,0,4,4,1.0,0.28867513459481287,512,Bikram...not Big Rug
1791,0,0,4,4,1.0,0.28867513459481287,512,"I told you to bring your friend, Matt."
1791,0,0,4,4,1.0,0.28867513459481287,512,The Flying Yoga class starts next week.
1791,0,0,5,5,1.0,0.22360679774997896,512,"Cool, yoga carpet. Can you install it wall to wall?"
1791,0,0,3,3,1.0,0.408248290463863,512,"No I didn't say, 'roll up Matt.'"
1791,0,0,4,4,1.0,0.28867513459481287,512,Who? King Kong is coming?!
1791,0,0,4,4,1.0,0.28867513459481287,512,"Fine, you can keep your shoes on."
1791,0,0,4,4,1.0,0.28867513459481287,512,"The delivery is for Iyengar, so he needs to sign."
1791,0,0,3,3,1.0,0.408248290463863,512,Why do you have a hat on?
1791,0,0,4,4,1.0,0.28867513459481287,512,That will not tie this room together dude.
1791,0,0,4,4,1.0,0.28867513459481287,512,My rug is bigger than yours!
1791,0,0,6,6,1.0,0.18257418583505536,512,"Sorry, no Persians. We've banned the Middle East for safety reasons."
1791,0,0,3,3,1.0,0.408248290463863,512,Is that supposed to make you look rugged in this feminine environment?
1791,0,0,4,4,1.0,0.28867513459481287,512,"... and secondly it's namaste, not ""what the hey""."
1791,0,0,4,4,1.0,0.28867513459481287,512,"It's Bikram with a mat, not Berber with a rug"
1791,0,0,3,3,1.0,0.408248290463863,512,Men who wear ball caps and white socks are not welcome here.
1791,0,0,3,3,1.0,0.408248290463863,512,"No, we do not serve wings."
1791,0,0,4,4,1.0,0.28867513459481287,512,The doobie competition is down the road.
1791,0,0,4,4,1.0,0.28867513459481287,512,And exactly where is this so-called permit to remove the instructor?
1791,0,0,4,4,1.0,0.28867513459481287,512,"With all due respect for your religious freedom, prayer rugs don't meet our yoga mat policy!"
1791,0,0,3,3,1.0,0.408248290463863,512,"Did you bring a magic lamp as well, Aladdin?"
1791,0,0,3,3,1.0,0.408248290463863,512,Aladdin lives next door.
1791,0,0,4,4,1.0,0.28867513459481287,512,You studied at Trump University?
1791,0,0,3,3,1.0,0.408248290463863,512,The gift shop is doun sairs if you don't know.
1791,0,0,4,4,1.0,0.28867513459481287,512,That's not the kind of mat I was talking about...
1791,0,0,4,4,1.0,0.28867513459481287,512,"First it's 79 cents for every dollar you earn and now this; so, yes, I can tell you where to put your rug."
1791,0,0,5,5,1.0,0.22360679774997896,512,"No, I can't translate care instructions."
1791,0,0,5,5,1.0,0.22360679774997896,512,Get Down Dawg
1791,0,0,3,3,1.0,0.408248290463863,512,"No, I don't think we can make it fly."
1791,0,0,3,3,1.0,0.408248290463863,512,"You arrived in the stretch limo, right?"
1791,0,0,4,4,1.0,0.28867513459481287,512,Perhaps you're from the rug rat generation.
1791,0,0,3,3,1.0,0.408248290463863,512,Repo men must have really bad karma
1791,0,0,3,3,1.0,0.408248290463863,512,Your dog still needs to remain outside the studio.
1791,0,0,5,5,1.0,0.22360679774997896,512,Welcome. And may the force be with you.
1791,0,0,4,4,1.0,0.28867513459481287,512,Is the snow that deep or are the new neighbors midgets?
1791,0,0,4,4,1.0,0.28867513459481287,512,"I was here first Mr. Jones, so no, I won’t share your ‘rug’, and no, I most certainly have no plans of ‘doing’ the setu bandha position with you."
1791,0,0,7,7,1.0,0.1543033499620919,512,Chipotle delivers?
1791,0,0,5,5,1.0,0.22360679774997896,512,"Steve, why don't I just give you the three dollars for mat rental?"
1791,0,0,4,4,1.0,0.28867513459481287,512,I'm guessing you drive a Corvette too.
1791,0,0,4,4,1.0,0.28867513459481287,512,"First of all it's called a ""mat"" and no we can't put the game on TV."
1791,0,0,5,5,1.0,0.22360679774997896,512,#matenvy
1791,0,0,6,6,1.0,0.18257418583505536,512,I like to feel the burn when I exercise...the rug burn that is.
1791,0,0,4,4,1.0,0.28867513459481287,512,"No, I won't yoga-long with you."
1791,0,0,3,3,1.0,0.408248290463863,512,"Go home, meditate about everything you brought, then don't come back."
1791,0,0,5,5,1.0,0.22360679774997896,512,You must be a mama's boy.
1791,0,0,4,4,1.0,0.28867513459481287,512,"If you came here to pray, you must bring a smaller rug."
1791,0,0,4,4,1.0,0.28867513459481287,512,"Actually, nobody says that about the size of a man's yoga mat."
1791,0,0,3,3,1.0,0.408248290463863,512,We're not going to roll out the red carpet to accommodate you here.
1791,0,0,5,5,1.0,0.22360679774997896,512,"You heard me, into the river. And if anyone asks, she came here in the corpse pose"
1791,0,0,4,4,1.0,0.28867513459481287,512,Will you promise that it doesn't fly?
1791,0,0,3,3,1.0,0.408248290463863,512,The body is in the office. Maybe use the back door on your way out.
1791,0,0,5,5,1.0,0.22360679774997896,512,That is not a yoga mat its a mat for the woods get out of my class. I didn't have any money to afford new one though.
1791,0,0,4,4,1.0,0.28867513459481287,512,Are you as flexible as Trump?
1791,0,0,4,4,1.0,0.28867513459481287,512,"..I believe you sir, but the studio just doesn't need a ""magic-carpet"" at this time."
1791,0,0,4,4,1.0,0.28867513459481287,512,Polow Yoga is next door.
1791,0,0,7,7,1.0,0.1543033499620919,512,No Al…I won't ride your magic carpet.
1791,0,0,4,4,1.0,0.28867513459481287,512,You're not being very flexible about my yoga mat.
1791,0,0,3,3,1.0,0.408248290463863,512,You're late.
1791,0,0,3,3,1.0,0.408248290463863,512,Welcome to our diversity outreach program.
1791,0,0,6,6,1.0,0.18257418583505536,512,As long as you pay double
1791,0,0,4,4,1.0,0.28867513459481287,512,"This isn't a dance studio, but you're going to have to cut the rug."
1791,0,0,4,4,1.0,0.28867513459481287,512,Everyone knows that this is Nancy's spot.
1791,0,0,4,4,1.0,0.28867513459481287,512,And I don't believe your name is Aladdin either.
1791,0,0,3,3,1.0,0.408248290463863,512,That rug really tied the room together.
1791,0,0,4,4,1.0,0.28867513459481287,512,I don't care if that's the rug you do yoga on at home. in this class we all use yoga mats.
1791,0,0,4,4,1.0,0.28867513459481287,512,"No, I'm not interested in a magic carpet ride..."""
1791,0,0,3,3,1.0,0.408248290463863,512,I've told you before; size doesn't matter here.
1791,0,0,6,6,1.0,0.18257418583505536,512,"The sneakers are fine, the socks are fine, the shorts are fine, the long sleeves are fine, the big rug is fine, but the Trump hat has to go."
1791,0,0,3,3,1.0,0.408248290463863,512,"No Bill, we're appropriating Buddhist culture this week -- not Moroccan!"
1791,0,0,3,3,1.0,0.408248290463863,512,The beginning Persian class doesn't start until 10.
1791,0,0,3,3,1.0,0.408248290463863,512,"When I said you need to be more flexible, I meant more than your hamstrings."
1791,0,0,3,3,1.0,0.408248290463863,512,I don't care how huge is mat is -- tell Mr. Trump he gets the same floor space as everyone else.
1791,0,0,4,4,1.0,0.28867513459481287,512,Republican yoga is next door.
1791,0,0,4,4,1.0,0.28867513459481287,512,"You'll have to leave class, you're just not conforming sufficiently."
1791,0,0,4,4,1.0,0.28867513459481287,512,Mrs. Vanderbilt will not be here today.
1791,0,0,4,4,1.0,0.28867513459481287,512,"Hi there, I have a yoga mat delivery for a Mr. Al Ladin"
1791,0,0,4,4,1.0,0.28867513459481287,512,We don't encourage that much comfort.
1791,0,0,5,5,1.0,0.22360679774997896,512,"Sir, There is no such thing as X-Factor Yoga."
1791,0,0,4,4,1.0,0.28867513459481287,512,it's all uphill from here.
1791,0,0,4,4,1.0,0.28867513459481287,512,"Go back home George! I told you, I need my space."
1791,0,0,4,4,1.0,0.28867513459481287,512,It's not _that_ kind of Oriental.
1791,0,0,4,4,1.0,0.28867513459481287,512,Can't you take off your shoes??!
1791,0,0,3,3,1.0,0.408248290463863,512,"I don't care if your name is Aladdin, no magic carpets, only yoga mats."
1791,0,0,4,4,1.0,0.28867513459481287,512,The size-matters meme notwithstanding...that's too big!
1791,0,0,4,4,1.0,0.28867513459481287,512,I am so sorry we cannot let your downward facing dog into the studio.
1791,0,0,4,4,1.0,0.28867513459481287,512,Now what's your mother gonna say when she finds her rug beneath the dining room table is gone? Hmm?
1791,0,0,4,4,1.0,0.28867513459481287,512,The rest of the team will be joining us.
1791,0,0,4,4,1.0,0.28867513459481287,512,Sorry sir. I'm afraid that rug will tie the room together. We're here to release tension.
1791,0,0,4,4,1.0,0.28867513459481287,512,UMMMMM.
1791,0,0,3,3,1.0,0.408248290463863,512,Is that Vegan Outfitters' new animal-free hay and hemp mat?
1791,0,0,4,4,1.0,0.28867513459481287,512,I'm looking for an authentic spiritual experience.
1791,0,0,10,10,1.0,0.10540925533894598,512,"This is Bow Down YogaIf you're looking for Magic Carpet Yoga, it's located on the roof."
1791,0,0,4,4,1.0,0.28867513459481287,512,"""His Dudeness"", Tia chi is next door."
1791,0,0,5,5,1.0,0.22360679774997896,512,what? but i'm Arnold jr. !
1791,0,0,4,4,1.0,0.28867513459481287,512,"Sorry, Aladdin...that carpet won't fly over my downward dog."
1791,0,0,4,4,1.0,0.28867513459481287,512,"I said to bring a yoga mat, not a magic carpet."
1791,0,0,5,5,1.0,0.22360679774997896,512,"I understand that you want to use your magic carpet and not the yoga mat, Bob. Unfortunately, it infringes upon the other students' space."
1791,0,0,4,4,1.0,0.28867513459481287,512,"This is 'Bow Down Yoga' - NOT yoga for dorks ... lose the shoes, socks, cap and funky blanket please!"""
1791,0,0,4,4,1.0,0.28867513459481287,512,Downward facing dog? A male at my age needs a magic carpet.
1791,0,0,4,4,1.0,0.28867513459481287,512,As long as it is skidless.
1791,0,0,4,4,1.0,0.28867513459481287,512,You're sure this one can elevate me to a higher power?
1791,0,0,4,4,1.0,0.28867513459481287,512,Is this the class for beginners?
1791,0,0,3,3,1.0,0.408248290463863,512,Namastainmaster.
1791,0,0,4,4,1.0,0.28867513459481287,512,You're too late. Magic carpet rides were all the rage in the late 60's.
1791,0,0,4,4,1.0,0.28867513459481287,512,It's the only mat I could find.
1791,0,0,3,3,1.0,0.408248290463863,512,Be careful not to let the moths out!
1791,0,0,4,4,1.0,0.28867513459481287,512,"Sir, I would like to share with you that Bow Down Yoga is a place where patrons subscribe to minimalism."
1791,0,0,4,4,1.0,0.28867513459481287,512,"In this case, bigger is not better."
1791,0,0,3,3,1.0,0.408248290463863,512,I was looking for a magic yoga ride.
1791,0,0,5,5,1.0,0.22360679774997896,512,"Once you liberate yourself from that carpet, maybe you will start to live."
1791,0,0,4,4,1.0,0.28867513459481287,512,Trying to overcompensate dear ?
1791,0,0,4,4,1.0,0.28867513459481287,512,I guess I misunderstood when you claimed to know 'down dog.'
1791,0,0,5,5,1.0,0.22360679774997896,512,"When choosing your first Yoga mat, one must consider the following... portability vs comfort and stability, you've obviously opted for comfort and stability."" ""What's that you say? You're hear to go deliver a rug?"
1791,0,0,4,4,1.0,0.28867513459481287,512,"Not everything needs to have been made in India, sir."
1791,0,0,4,4,1.0,0.28867513459481287,512,I'll have to ask you to leave; Bow Down Yoga is a secular all-inclusive environment.
1791,0,0,3,3,1.0,0.408248290463863,512,Let me guess. Home Depot?
1791,0,0,4,4,1.0,0.28867513459481287,512,"Sorry, we don't teach the ""Magic Carpet Ride"" method."
1791,0,0,4,4,1.0,0.28867513459481287,512,Body slams will cost extra!
1791,0,0,6,6,1.0,0.18257418583505536,512,This is a minimalist yoga class. The maximalists meet for five hours on Wednesday nights.
1791,0,0,3,3,1.0,0.408248290463863,512,"No, that's not the stumpasana prop."
1791,0,0,4,4,1.0,0.28867513459481287,512,You're paying for everyone's chakras realignment surgery!
1791,0,0,3,3,1.0,0.408248290463863,512,"Y'know, a racist Oriental carpet isn't going to make this any easier."
1791,0,0,3,3,1.0,0.408248290463863,512,We meant a yoga mat!!
1791,0,0,4,4,1.0,0.28867513459481287,512,"Yes, we also want you to feel comfortable, Mr. Coolidge; but you're stretching it a bit too far."
1791,0,0,4,4,1.0,0.28867513459481287,512,"I'm sorry, but you can't ""audit"" this class."
1791,0,0,6,6,1.0,0.18257418583505536,512,You have to put it in the dryer.
1791,0,0,4,4,1.0,0.28867513459481287,512,"No, Downward Dog won't fix rigor mortis..."
1791,0,0,4,4,1.0,0.28867513459481287,512,The Third-Age Yoga Studio is next door.
1791,0,0,7,7,1.0,0.1543033499620919,512,You may ruin this nice Persian rug in this class!
1791,0,0,3,3,1.0,0.408248290463863,512,"No, Mr. Trump, size really doesn't matter."
1791,0,0,4,4,1.0,0.28867513459481287,512,Free Yoga Raffle Winner?
1791,0,0,3,3,1.0,0.408248290463863,512,Don't worry.  I'll stand with you in your vulnerability.
1791,0,0,9,9,1.0,0.11785113019775792,512,"Look, I'm sorry I called you uptight."
1791,0,0,4,4,1.0,0.28867513459481287,512,"No 'manspreading' here either, please."
1791,0,0,3,3,1.0,0.408248290463863,512,"Sorry, no Afghans allowed."
1791,0,0,9,9,1.0,0.11785113019775792,512,"No, we have no interest in a used magic carpet !"
1791,0,0,4,4,1.0,0.28867513459481287,512,"For the last time, I won't take a magic yoga ride with you!"
1791,0,0,3,3,1.0,0.408248290463863,512,Please never bring that to a bikram class again.
1791,0,0,4,4,1.0,0.28867513459481287,512,Is this your first time?
1791,0,0,3,3,1.0,0.408248290463863,512,Magic carpet rides are next door... But I'll go with you...
1791,0,0,3,3,1.0,0.408248290463863,512,Is it biodegradable?
1791,0,0,4,4,1.0,0.28867513459481287,512,"It was not appropriate last week when you offered any female in the room to ""take a ride on your magic carpet"""
1791,0,0,2,2,1.0,0.7071067811865476,512,"Sorry, ""Take Your Ogre to Class"" Day was last week."
1791,0,0,2,2,1.0,0.7071067811865476,512,"The ""Let's Cut A Rug"" dance class is on the 2nd floor, sir."
1791,0,0,7,7,1.0,0.1543033499620919,512,"While we do encourage class unity, it is expected that everyone who does roll their own not infringe upon other people's space, in your case the Bob Marley class starts next hour."
1791,0,0,3,3,1.0,0.408248290463863,512,"Follow me ,it looks like you're pretty tightly woven."
1791,0,0,4,4,1.0,0.28867513459481287,512,Every individual has their own preference according to what they may feel comfortable with.
1791,0,0,5,5,1.0,0.22360679774997896,512,No Aladdin - I don't believe it'll show me a whole new world.
1791,0,0,3,3,1.0,0.408248290463863,512,The Persian yoga is at noon.
1791,0,0,3,3,1.0,0.408248290463863,512,"""You must be looking for the ""Trump School of Yoga""!"
1791,0,0,4,4,1.0,0.28867513459481287,512,"Wrong delivery address. Try Persian Yoga, two doors down."
1791,0,0,4,4,1.0,0.28867513459481287,512,No rug. No shoes. No you.
1791,0,0,4,4,1.0,0.28867513459481287,512,"""Bow Down"" does not mean that you need a large prayer mat."
1791,0,0,3,3,1.0,0.408248290463863,512,"' Sorry, but no yoga Matthews allowed"""
1791,0,0,3,3,1.0,0.408248290463863,512,"What, are you a crazed libertarian from Hicksville or something? This is YOGA, and you must conform! Style, always style!"
1791,0,0,3,3,1.0,0.408248290463863,512,"Eminent domain doesn't apply here, Mr. Trump."
1791,0,0,4,4,1.0,0.28867513459481287,512,"Yo, is it cool if this personal pile remain? The tapestry won't give anyone staph infection"
1791,0,0,4,4,1.0,0.28867513459481287,512,"This takes ""manspreading"" to a whole new level."
1791,0,0,4,4,1.0,0.28867513459481287,512,I'm big into prayer
1791,0,0,5,5,1.0,0.22360679774997896,512,Cleopatra is two doors on the left.
1791,0,0,5,5,1.0,0.22360679774997896,512,"In your case, the 'First Class Free' promotion was a bad idea...."
1791,0,0,4,4,1.0,0.28867513459481287,512,"If your genie offers, wish for a yoga mat."
1791,0,0,4,4,1.0,0.28867513459481287,512,Orientals are no longer PC sir.
1791,0,0,4,4,1.0,0.28867513459481287,512,There's a ten dollar oversize fee.
1791,0,0,4,4,1.0,0.28867513459481287,512,"What? I sweat a lot, the rugs more absorbant"
1791,0,0,6,6,1.0,0.18257418583505536,512,I think you went to the wrong mat store...
1791,0,0,3,3,1.0,0.408248290463863,512,I see your downward dog is a Pekingese.
1791,0,0,2,2,1.0,0.7071067811865476,512,"If you’re looking for the Flying Carpet Yoga School, take the elevator to the top floor."
1791,0,0,3,3,1.0,0.408248290463863,512,At least tell me its an indoor rug.
1791,0,0,3,3,1.0,0.408248290463863,512,I don't care if that's how they did it in Persia.
1791,0,0,4,4,1.0,0.28867513459481287,512,I told you comfort in this class is relative.
1791,0,0,4,4,1.0,0.28867513459481287,512,Vegan mats only.
1791,0,0,3,3,1.0,0.408248290463863,512,"honey, this is not the right place to pitch your ideas"
1791,0,0,4,4,1.0,0.28867513459481287,512,Mi casa su vinyasa.
1791,0,0,3,3,1.0,0.408248290463863,512,"It doesn't matter if you're Turkish, you still have to use a mat."
1791,0,0,4,4,1.0,0.28867513459481287,512,You must be from Texas. Yippee.
1791,0,0,3,3,1.0,0.408248290463863,512,You got a lot of swag.
1791,0,0,3,3,1.0,0.408248290463863,512,"The ""Aladdin"" auditions are next door."
1791,0,0,4,4,1.0,0.28867513459481287,512,"I'm sorry, sir, but the management asks that we reserve all superiority complexes for the Republican debates."
1791,0,0,4,4,1.0,0.28867513459481287,512,Your here to do yoga not lay down carpet.
1791,0,0,3,3,1.0,0.408248290463863,512,No shoes here please.
1791,0,0,7,7,1.0,0.1543033499620919,512,This is the third time this week. This isn't the carpet store.
1791,0,0,4,4,1.0,0.28867513459481287,512,Bigger isn't necessarily better.
1791,0,0,4,4,1.0,0.28867513459481287,512,"That's made of sheep, right? This is a vegan studio."
1791,0,0,4,4,1.0,0.28867513459481287,512,Oh Wow Yoga is up the street.
1791,0,0,3,3,1.0,0.408248290463863,512,"You can try the mosque next door but I don't think they'll want it, either."
1791,0,0,3,3,1.0,0.408248290463863,512,What ever happened to ladies first?
1791,0,0,3,3,1.0,0.408248290463863,512,"Matt, you of all people should know the difference."
1791,0,0,4,4,1.0,0.28867513459481287,512,"Okay, I will go with the rug, but no chewing tobacco."
1791,0,0,4,4,1.0,0.28867513459481287,512,As-Salaam-Alaikum
1791,0,0,4,4,1.0,0.28867513459481287,512,"Right here will be fine, thanks. I wasn't sure which mat to bring, so I just thought, why not both?"
1791,0,0,3,3,1.0,0.408248290463863,512,Let the wild rumpus begin.
1791,0,0,3,3,1.0,0.408248290463863,512,I think you have the wrong idea your downward dog pose...
1791,0,0,6,6,1.0,0.18257418583505536,512,"How you got ""an exotic and dangerous surprise"" from ""tries to say flexible"" is beyond me."
1791,0,0,5,5,1.0,0.22360679774997896,512,I'd worry they roll me up during shavasana.
1791,0,0,6,6,1.0,0.18257418583505536,512,"We seek not the size of the roll, but humility of the soul."
1791,0,0,3,3,1.0,0.408248290463863,512,I'm not your little girl & I am not going anywhere with you on some magic carpet ride.
1791,0,0,4,4,1.0,0.28867513459481287,512,That’s a flying carpet. We use mats.
1791,0,0,4,4,1.0,0.28867513459481287,512,"Where's the couch, Rob - how will you enjoy yourself otherwise?"
1791,0,0,3,3,1.0,0.408248290463863,512,I think it best if you step over to the mirror and decide if you'd be a good fit for this studio. Namaste.
1791,0,0,4,4,1.0,0.28867513459481287,512,"No, sir. This class won't teach you how to make your rug into a flying carpet."
1791,0,0,3,3,1.0,0.408248290463863,512,"You know, that doesn't compensate for your small hands."
1791,0,0,6,6,1.0,0.18257418583505536,512,"No, I really don't want to go on your magic carpet ride."
1791,0,0,4,4,1.0,0.28867513459481287,512,"If you have to roll your wife in a rug to get her here, her chakras aren't open."
1791,0,0,3,3,1.0,0.408248290463863,512,I know a place that can trim that for you.
1791,0,0,5,5,1.0,0.22360679774997896,512,No rugrats in yoga.
1791,0,0,4,4,1.0,0.28867513459481287,512,"Nice to meet you, Big Matt."
1791,0,0,4,4,1.0,0.28867513459481287,512,"If you're from Mr. Trump, the answer is still no."
1791,0,0,3,3,1.0,0.408248290463863,512,I'm the chick you bow down to here!
1791,0,0,4,4,1.0,0.28867513459481287,512,"I'm sorry, we're here to create harmony and balance in our minds and bodies, and to break through the oppressive barriers that we face here in the western world. You just don't look like you'll fit in here."
1791,0,0,5,5,1.0,0.22360679774997896,512,"If anyone asks, it's 100% all natural."
1791,0,0,4,4,1.0,0.28867513459481287,512,"Sorry, we don't do rug appraisals."
1791,0,0,5,5,1.0,0.22360679774997896,512,"Aladdin, you can park your magic carpet outside and come join us."
1791,0,0,4,4,1.0,0.28867513459481287,512,Your mat was reincarnated?
1791,0,0,3,3,1.0,0.408248290463863,512,Ugh - manspreading.
1791,0,0,3,3,1.0,0.408248290463863,512,At least the stunt at crossfit had some edge.
1791,0,0,4,4,1.0,0.28867513459481287,512,"Oh no, I'm just the sales rep. But enjoy your platinum yearly membership though."
1791,0,0,3,3,1.0,0.408248290463863,512,Is that Lululemon?
1791,0,0,4,4,1.0,0.28867513459481287,512,"Nooo, by rugged we meant like determination and toughness to get through this free week-long trial yoga class."
1791,0,0,4,4,1.0,0.28867513459481287,512,I thought that an Oriental rug would be more authentic
1791,0,0,3,3,1.0,0.408248290463863,512,"Maybe, Billy, if you used a yoga mat like the rest of us you'd be less inclined to soil it during Downward Dog"
1791,0,0,5,5,1.0,0.22360679774997896,512,This isn't Colorado.
1791,0,0,4,4,1.0,0.28867513459481287,512,"That's it Bob, I'm canceling our Costco membership when I get home."
1791,0,0,4,4,1.0,0.28867513459481287,512,That's not what I meant when I told Aladdin to bring his own mat.
1791,0,0,4,4,1.0,0.28867513459481287,512,I see you are ready to do your two rough doggy down.
1791,0,0,4,4,1.0,0.28867513459481287,512,A. Your not the maharaja. B. That's not his mat. C. Hang it on a line. And D. Beat it!
1791,0,0,4,4,1.0,0.28867513459481287,512,"I swear it's just yoga, not flying carpet lessons."
1791,0,0,3,3,1.0,0.408248290463863,512,That's fine. I'm flexible.
1791,0,0,4,4,1.0,0.28867513459481287,512,Its going to be a really big moment.
1791,0,0,4,4,1.0,0.28867513459481287,512,This class is not for posers
1791,0,0,4,4,1.0,0.28867513459481287,512,The 'yoga for dummies' class is meeting in the back room today.
1791,0,0,3,3,1.0,0.408248290463863,512,"""I guess this is where East meets America""."
1791,0,0,4,4,1.0,0.28867513459481287,512,Sorry but we do not offer 'super size me' yoga
1791,0,0,4,4,1.0,0.28867513459481287,512,"I'm sorry, but our artisanal yoga classes are only on Wednesdays."
1791,0,0,4,4,1.0,0.28867513459481287,512,"I'm here for the ""You can't afford not to move"" yoga."
1791,0,0,3,3,1.0,0.408248290463863,512,"Actually, John, your seven chakras don't want seventeen square feet."
1791,0,0,4,4,1.0,0.28867513459481287,512,"I assume the dead, rotting corpse of our marriage is rolled up in that carpet?"
1791,0,0,3,3,1.0,0.408248290463863,512,"Of course you may work in the teachings of your Afghan yogi, but it's still 14 dollars a lesson."
1791,0,0,4,4,1.0,0.28867513459481287,512,The flying carpet studio is one flight up. Is that an Air Loom?
1791,0,0,4,4,1.0,0.28867513459481287,512,"What part of ""middle aged white guys need not apply"" did you not understand?"
1791,0,0,6,6,1.0,0.18257418583505536,512,I see its a rug. I'd still prefer you to say 'Asian'.
1791,0,0,3,3,1.0,0.408248290463863,512,You don't need to compensate for your small hands here Mr. Trump
1791,0,0,3,3,1.0,0.408248290463863,512,No. This is not where you take a rug for yogurt stains.
1791,0,0,4,4,1.0,0.28867513459481287,512,"I said a Yoga mat, not a vulgar mat"
1791,0,0,3,3,1.0,0.408248290463863,512,There's no such thing as a 'family' size mat.
1791,0,0,7,7,1.0,0.1543033499620919,512,"Oh, come on! I don't smell that bad!"
1791,0,0,4,4,1.0,0.28867513459481287,512,I don't care what your interior decorator says even if she is your mom.
1791,0,0,6,6,1.0,0.18257418583505536,512,"Yes, Brian. Yoga pants are really tight. And no. I'd prefer not sharing your 'really big mat'."
1791,0,0,2,2,1.0,0.7071067811865476,512,"It's okay to use the rug as yoga mat, but the incense and sitar music have to go."
1791,0,0,4,4,1.0,0.28867513459481287,512,...I almost had to bow on a borrowed mat.
1791,0,0,3,3,1.0,0.408248290463863,512,"This is Yoga class, not Yoda class."
1791,0,0,3,3,1.0,0.408248290463863,512,Make sure the whole body goes down the wood chipper.
1791,0,0,5,5,1.0,0.22360679774997896,512,"When you asked on the phone if you could wear a rug to class, I assumed you meant a toupee!"
1791,0,0,3,3,1.0,0.408248290463863,512,Kevin's Rug Cleaning? Two doors down!
1791,0,0,4,4,1.0,0.28867513459481287,512,"In my business, it's either 250 nails or NONE!"
1791,0,0,4,4,1.0,0.28867513459481287,512,"I'm sorry sir, but you're going to have to remove your hat."
1791,0,0,8,8,1.0,0.1336306209562122,512,Watch the hair!
1791,0,0,3,3,1.0,0.408248290463863,512,So you think this time magic will help?
1791,0,0,3,3,1.0,0.408248290463863,512,Don't unravel Cleo until everyone arrives.
1791,0,0,3,3,1.0,0.408248290463863,512,"No, man spreading isn't a yoga pose."
1791,0,0,4,4,1.0,0.28867513459481287,512,"Take the elevator to Roof for Magic Carpet Yoga. And in the future, wear a fez or a turban."
1791,0,0,4,4,1.0,0.28867513459481287,512,Do you lift weights on your carpet?
1791,0,0,6,6,1.0,0.18257418583505536,512,"Look lady, I can either use this class as my man spreading catharsis, or your seat on the subway. It's your choice."
1791,0,0,4,4,1.0,0.28867513459481287,512,We haven't had a mosque here since the Bush administration.
1791,0,0,5,5,1.0,0.22360679774997896,512,100% organic cotton makes me being connected with nature.
1791,0,0,3,3,1.0,0.408248290463863,512,Aladdin's flying carpet repair shop is two blocks east.
1791,0,0,4,4,1.0,0.28867513459481287,512,"No, hot yoga does not mean you're supposed to get rug burns."
1791,0,0,4,4,1.0,0.28867513459481287,512,Next time bring the rug from your bathroom.
1791,0,0,4,4,1.0,0.28867513459481287,512,Do you always carry your personal guru around in there?
1791,0,0,5,5,1.0,0.22360679774997896,512,Chi and Sigma Chi: two different animals.
1791,0,0,4,4,1.0,0.28867513459481287,512,"You misheard. They said ""Make your thoughts big."" Not ""Make your THINGS big."
1791,0,0,3,3,1.0,0.408248290463863,512,One of my uncles is a Moslem!
1791,0,0,5,5,1.0,0.22360679774997896,512,The told me that my membership in Magic Carpet Yoga was transferable.
1791,0,0,3,3,1.0,0.408248290463863,512,"No, Yogi Berra was not a founder and you may take that patch back to right field where you found it."
1791,0,0,4,4,1.0,0.28867513459481287,512,Tiki yoga is a four.
1791,0,0,5,5,1.0,0.22360679774997896,512,This isn't dance class sir. All rugs must be pre-cut.
1791,0,0,7,7,1.0,0.1543033499620919,512,"You are out of place, or we are out of space."
1791,0,0,5,5,1.0,0.22360679774997896,512,"No, there is no best asana for a magic carpet."
1791,0,0,4,4,1.0,0.28867513459481287,512,Remind Yo Momma not to forget her mat next time.
1791,0,0,4,4,1.0,0.28867513459481287,512,The lotus position on a K-Mart rug cannot release your cosmic aura.
1791,0,0,3,3,1.0,0.408248290463863,512,"Now would you please unroll, so I might ask her myself why she is against yoga lessons."
1791,0,0,5,5,1.0,0.22360679774997896,512,I understand that you own the HUMMER parked outside.
1791,0,0,4,4,1.0,0.28867513459481287,512,Let me guess – first time in a yoga studio and you’re here under duress?
1791,0,0,3,3,1.0,0.408248290463863,512,"We were all moved by The Room, sir, but you really can leave at any time."
1791,0,0,3,3,1.0,0.408248290463863,512,"Okay, I'll charge your mites half price."
1791,0,0,4,4,1.0,0.28867513459481287,512,Just because always say Namaste doesn't mean you're not in Maya.
1791,0,0,4,4,1.0,0.28867513459481287,512,Tabriz Yoga is next door
1791,0,0,4,4,1.0,0.28867513459481287,512,"I'm Kleopatra, not Cleopatra."
1791,0,0,4,4,1.0,0.28867513459481287,512,I'm on a budget.
1791,0,0,5,5,1.0,0.22360679774997896,512,I don't care if it's big enough for everyone to share. You still can't get high in the studio.
1791,0,0,5,5,1.0,0.22360679774997896,512,I'm just not sure you'd fit in.
1791,0,0,4,4,1.0,0.28867513459481287,512,Nice hat.
1791,0,0,3,3,1.0,0.408248290463863,512,It's the seventh inning stretch that makes yoga so like baseball.
1791,0,0,4,4,1.0,0.28867513459481287,512,You've brought a mat. I can tell we're going to enjoy working together.
1791,0,0,4,4,1.0,0.28867513459481287,512,What did I tell you about holding rugs like that? People might think you're a gun toting terrorist. Or worse... a Republican.
1791,0,0,4,4,1.0,0.28867513459481287,512,What happens when couples can't agree on an exercise.
1791,0,0,6,6,1.0,0.18257418583505536,512,"I already explained this. No matt, no yoga pants, no yoga."
1791,0,0,3,3,1.0,0.408248290463863,512,Let me give you a list of everything you're doing wrong.
1791,0,0,5,5,1.0,0.22360679774997896,512,"No, this is ""Bow Down"" Yoga --- ""F#@K YOU!"" Yoga is next door."
1791,0,0,4,4,1.0,0.28867513459481287,512,"Like many things in life, it's not how big it is, it's what you do with it."
1791,0,0,3,3,1.0,0.408248290463863,512,"What I said was 'we do our yoga exercises on the floor, please bring a rug' but, but....."
1791,0,0,3,3,1.0,0.408248290463863,512,You can do corpse pose on a mat you know.
1791,0,0,3,3,1.0,0.408248290463863,512,It's for my political yogis following the campaign--they need a bigger rug to sweep the bull under.
1791,0,0,4,4,1.0,0.28867513459481287,512,"If there is a boy in there, you'll have to take him back to his room."
1791,0,0,4,4,1.0,0.28867513459481287,512,"I'm cool with the mat, but lose the shoes."
1791,0,0,7,7,1.0,0.1543033499620919,512,the size of your mat doesn't prove anything. not even Donald Trump could pull off THAT rug!
1791,0,0,3,3,1.0,0.408248290463863,512,"Yes, I am delighted to learn your dog would not move her asana and join us."
1791,0,0,4,4,1.0,0.28867513459481287,512,That had better be a locally-sourced dead body in there.
1791,0,0,4,4,1.0,0.28867513459481287,512,I'll never fly.
1791,0,0,4,4,1.0,0.28867513459481287,512,Unless you've got the instructor's body is wrapped up in that thing...keep away.
1791,0,0,3,3,1.0,0.408248290463863,512,Put it over there in front of the throne.
1791,0,0,4,4,1.0,0.28867513459481287,512,"""While I can appreciate the aesthetic value, your nonconformity is really throwing off my aura."
1791,0,0,3,3,1.0,0.408248290463863,512,The new girl is old money.
1791,0,0,4,4,1.0,0.28867513459481287,512,Size really doesn't matter.
1791,0,0,3,3,1.0,0.408248290463863,512,"This is the Bow Down Yoga Studio, not The Yogi Bear Show."
1791,0,0,6,6,1.0,0.18257418583505536,512,"I get that you have a very large aura, but we just don't have enough room in here."
1791,0,0,3,3,1.0,0.408248290463863,512,"Sorry, this is a manspread-free space."
1791,0,0,5,5,1.0,0.22360679774997896,512,"I'd like to sign up. I'm down, dog."
1791,0,0,4,4,1.0,0.28867513459481287,512,We don't do downward facing jog. And that's a rug.
1791,0,0,4,4,1.0,0.28867513459481287,512,"I ordered a Dharamsala practice rug, not a Jaipur practice rug, you idiot!"
1791,0,0,3,3,1.0,0.408248290463863,512,The gymnastics class is in the basement.
1791,0,0,4,4,1.0,0.28867513459481287,512,"Sir, yoga is an Asian spiritual tradition, not Oriental."
1791,0,0,4,4,1.0,0.28867513459481287,512,"You are welcome to join, but I must warn you that your membership includes random urine sampling for performance enhancing drugs."
1791,0,0,4,4,1.0,0.28867513459481287,512,"You're right, Yoga is an Oriental practice, but..."
1791,0,0,3,3,1.0,0.408248290463863,512,You forgot the beer.
1791,0,0,4,4,1.0,0.28867513459481287,512,Maybe you could leave manspreading to the subways?
1791,0,0,3,3,1.0,0.408248290463863,512,"No, I don't want to shag."
1791,0,0,3,3,1.0,0.408248290463863,512,The Instructor will no longer judge your warrior 2 pose...
1791,0,0,4,4,1.0,0.28867513459481287,512,"If you could refrain from shuffling around and zapping the other students next time, that would be great."
1791,0,0,4,4,1.0,0.28867513459481287,512,Just try not to hurt yourself doing supta badhass konasana
1791,0,0,4,4,1.0,0.28867513459481287,512,"No, I don't see how this is just like when I washed your Eli Manning jersey on game day, but if it means we can finally move past that, then namaste."
1791,0,0,4,4,1.0,0.28867513459481287,512,"No, this is Bow Down Yoga. Down Cow Yoga’s on E 59th St."
1791,0,0,4,4,1.0,0.28867513459481287,512,You were misinformed. This is not a mosque.
1791,0,0,7,7,1.0,0.1543033499620919,512,"I said ""Don't stay,"" not ""namaste"""
1791,0,0,4,4,1.0,0.28867513459481287,512,You can do other things on your rug but not yoga!
1791,0,0,3,3,1.0,0.408248290463863,512,"When I said ""now do the Chinese rug roll"", I was referred to the exercise."
1791,0,0,3,3,1.0,0.408248290463863,512,I don't know if sun salutations are more effective if you are hovering above ground.
1791,0,0,4,4,1.0,0.28867513459481287,512,"Size doesn't really matter here, Mr. Trump."
1791,0,0,4,4,1.0,0.28867513459481287,512,"You have bad karma, Matt."
1791,0,0,4,4,1.0,0.28867513459481287,512,Not what I meant by 'feel the burn'.
1791,0,0,4,4,1.0,0.28867513459481287,512,Elephant yoga's not til tomorrow.
1791,0,0,4,4,1.0,0.28867513459481287,512,Magic later; come back with a yoga mat and then suspension.
1791,0,0,3,3,1.0,0.408248290463863,512,"The mat is fine. The hat, pants, and socks have to go!"
1791,0,0,4,4,1.0,0.28867513459481287,512,I take it you roll your own?
1791,0,0,6,6,1.0,0.18257418583505536,512,"Make yourself at home, Namaste."
1791,0,0,4,4,1.0,0.28867513459481287,512,The carpet beater class is next door
1791,0,0,4,4,1.0,0.28867513459481287,512,I don't believe The Donald's ego is enrolled in this class.
1791,0,0,3,3,1.0,0.408248290463863,512,"You disappoint me, Matt."
1791,0,0,3,3,1.0,0.408248290463863,512,I don't care if it is a flying carpet. Take it outside.
1791,0,0,6,6,1.0,0.18257418583505536,512,"Oh my, that rug stinks. Sorry, people who use oriental rugs for hot yoga need not apply."
1791,0,0,5,5,1.0,0.22360679774997896,512,Are your hands large enough to unroll that thing?
1791,0,0,4,4,1.0,0.28867513459481287,512,"Yes, prayer rugs are allowed."
1791,0,0,4,4,1.0,0.28867513459481287,512,"Sorry, it's Yoga Yogi. You made a Boo Boo."
1791,0,0,4,4,1.0,0.28867513459481287,512,This came from Alibaba himself.
1791,0,0,4,4,1.0,0.28867513459481287,512,"""World's Biggest Splif"" Contest? Down the street."
1791,0,0,4,4,1.0,0.28867513459481287,512,I'm going old school
1791,0,0,7,7,1.0,0.1543033499620919,512,Namaste! I feel that it's karma that brought you to the?? Namaste! I believe it was karma that you found us through our latest groupon offer.
1791,0,0,4,4,1.0,0.28867513459481287,512,"Namaste. And, I suppose, Boo-yah!'"
1791,0,0,3,3,1.0,0.408248290463863,512,"No, a yoga mat. Not a flying carpet."
1791,0,0,4,4,1.0,0.28867513459481287,512,I don't care if you DO have Cleopatra rolled up inside!
1791,0,0,2,2,1.0,0.7071067811865476,512,Magic Carpet classes no longer meet in this space.
1791,0,0,4,4,1.0,0.28867513459481287,512,Once again Jerry mistakenly assumed that Carla actually wanted him to solve her problem.
1791,0,0,5,5,1.0,0.22360679774997896,512,Magic carpets are not allowed!
1791,0,0,7,7,1.0,0.1543033499620919,512,No one wants to hang at your pad.
1791,0,0,4,4,1.0,0.28867513459481287,512,Sorry -- this is the low-impact class.
1791,0,0,4,4,1.0,0.28867513459481287,512,No! I don't want to share your rug.
1791,0,0,5,5,1.0,0.22360679774997896,512,There's no magic carpet ride in yoga.
1791,0,0,4,4,1.0,0.28867513459481287,512,"Sorry, there's a bigger class on Tuesdays. And were having small retreats on the weekends...if you have a placemat feel free to join."
1791,0,0,6,6,1.0,0.18257418583505536,512,"You gonna take your big rug 'n leave?"" ""Nah, 'ma stay"
1791,0,0,4,4,1.0,0.28867513459481287,512,You are in the wrong place. The flying carpet studio is on the roof.
1791,0,0,3,3,1.0,0.408248290463863,512,That's not what Persian yoga means.
1791,0,0,4,4,1.0,0.28867513459481287,512,We use yoga mats. Try the local Mosque.
1791,0,0,4,4,1.0,0.28867513459481287,512,I thought your kind was open-minded.
1791,0,0,7,7,1.0,0.1543033499620919,512,This is what you called a mat!
1791,0,0,4,4,1.0,0.28867513459481287,512,magic carpets don't work here
1791,0,0,3,3,1.0,0.408248290463863,512,It's your first time. I'll be gentle.
1791,0,0,4,4,1.0,0.28867513459481287,512,It's okay as long as you can take everyone in the class to A Whole New World.
1791,0,0,4,4,1.0,0.28867513459481287,512,"I'm not sure this is what they meant by ""stick to the minimum amount."""
1791,0,0,3,3,1.0,0.408248290463863,512,You can't take it with you.
1791,0,0,4,4,1.0,0.28867513459481287,512,"I don't care if it is a 'magical carpet', it stinks!"
1791,0,0,4,4,1.0,0.28867513459481287,512,Do you just carry that around town so everyone knows you're a professional mover?
1791,0,0,4,4,1.0,0.28867513459481287,512,You'll have to do your flying from the outdoors.
1791,0,0,7,7,1.0,0.1543033499620919,512,"I said ""Namaste"" not ""No mats stay."""
1791,0,0,4,4,1.0,0.28867513459481287,512,"Sorry to hear, Al, that Gene couldn't fix it in time... Hope Cleo has still enjoyed her ride."
1791,0,0,4,4,1.0,0.28867513459481287,512,Persian Yoga is not our thing.
1791,0,0,4,4,1.0,0.28867513459481287,512,We have to stop meeting like this
1791,0,0,4,4,1.0,0.28867513459481287,512,Sorry - we have a magic carpet ban.
1791,0,0,4,4,1.0,0.28867513459481287,512,Calling a shag rug a mat is not the kind of stretch we use here.
1791,0,0,4,4,1.0,0.28867513459481287,512,A 'yoga mat on steroids' may miss the point.
1791,0,0,4,4,1.0,0.28867513459481287,512,"""Carpetbagger"" is written all over you."
1791,0,0,4,4,1.0,0.28867513459481287,512,"Love it-but not the right size. Can you cut it, re-dye it, lower the price by 50% and deliver to my home for free?"
1791,0,0,4,4,1.0,0.28867513459481287,512,You'll have to pay for two.
1791,0,0,5,5,1.0,0.22360679774997896,512,Is this the place for bowing training?
1791,0,0,8,8,1.0,0.1336306209562122,512,"No Matt, as a matter of fact, a rug is not acceptable as a substitute for a mat. How about that!"
1791,0,0,4,4,1.0,0.28867513459481287,512,You are not making me 'Home Goods happy.'
1791,0,0,4,4,1.0,0.28867513459481287,512,This is not your grandmother's yoga class.
1791,0,0,4,4,1.0,0.28867513459481287,512,'Last time you were here we had to replace the floor. Namaste!'
1791,0,0,3,3,1.0,0.408248290463863,512,"Sorry, yoga is not a competition sport and a bigger mat doesn't help."
1791,0,0,3,3,1.0,0.408248290463863,512,Outside! And take that dirty rug and smirk with you
1791,0,0,4,4,1.0,0.28867513459481287,512,"O.K., Aladdin. Fly away home."
1791,0,0,8,8,1.0,0.1336306209562122,512,Maybe Cleopatra doesn't WANT to learn yoga.
1791,0,0,4,4,1.0,0.28867513459481287,512,We only serve poseurs.
1791,0,0,4,4,1.0,0.28867513459481287,512,"No, you were misinformed. We don't do industrial yoga here."
1791,0,0,5,5,1.0,0.22360679774997896,512,Have you considered Bubba Jain Yoga down the street?
1791,0,0,3,3,1.0,0.408248290463863,512,"Mandy never believed in love at first sight; she had only gone to class to stretch and relax, but she was completely intrigued and smitten with Steve's concept of wall to wall yoga."
1791,0,0,3,3,1.0,0.408248290463863,512,Those mats are problematic. They tend to fly away.
1791,0,0,4,4,1.0,0.28867513459481287,512,Who's at home with the kids?
1791,0,0,5,5,1.0,0.22360679774997896,512,Perhaps you'd like a partner...or two..?
1791,0,0,4,4,1.0,0.28867513459481287,512,I think you're over compensating.
1791,0,0,6,6,1.0,0.18257418583505536,512,"You can't use astro turf in here, even if you're a Houston Astros fan."
1791,0,0,4,4,1.0,0.28867513459481287,512,Are you rolling out the fella who 'bowed down' too much?!
1791,0,0,4,4,1.0,0.28867513459481287,512,We're pretty flexible here.
1791,0,0,4,4,1.0,0.28867513459481287,512,"Why?! Because this yoga is about bowing down to your inner self, not everyone in your neighborhood!"
1791,0,0,4,4,1.0,0.28867513459481287,512,Are you Alladin Sane?
1791,0,0,4,4,1.0,0.28867513459481287,512,It's not just the size that counts.
1791,0,0,4,4,1.0,0.28867513459481287,512,Lululemon?
1791,0,0,4,4,1.0,0.28867513459481287,512,"Down your dog, why don't you?"
1791,0,0,4,4,1.0,0.28867513459481287,512,"Don't worry Governor Christie, it gets easier with practice."
1791,0,0,4,4,1.0,0.28867513459481287,512,I'm sure Mr. Berra would be touched by your tribute.
1791,0,0,4,4,1.0,0.28867513459481287,512,"It’s not a question of ""roominess"", sir. We simply do not give group discounts."
1791,0,0,4,4,1.0,0.28867513459481287,512,Will you feel comfortable with our approach to yoga?
1791,0,0,5,5,1.0,0.22360679774997896,512,Trump is not welcomed here.
1791,0,0,5,5,1.0,0.22360679774997896,512,"You do look like a rugged individualist, I'll say that!"
1791,0,0,4,4,1.0,0.28867513459481287,512,You should try broga instead. I hear it's rugged.
1791,0,0,4,4,1.0,0.28867513459481287,512,"This is hot yoga, they just finished Bro - Yoga."
1791,0,0,4,4,1.0,0.28867513459481287,512,"Donald, I wasn't questioning your size."
1791,0,0,4,4,1.0,0.28867513459481287,512,"Perhaps Broga Yoga isn't for you, ""Bro."""
1791,0,0,3,3,1.0,0.408248290463863,512,"Cleopatra, I presume?"
1791,0,0,4,4,1.0,0.28867513459481287,512,The Blue Collar Yoga Tour is two doors down.
1791,0,0,3,3,1.0,0.408248290463863,512,I don't care if it flies--you still owe the walk-in.
1791,0,0,5,5,1.0,0.22360679774997896,512,"Exactly, how many of you, are there?"
1791,0,0,4,4,1.0,0.28867513459481287,512,You're here for a class. You're not entertaining.
1791,0,0,5,5,1.0,0.22360679774997896,512,Power yoga is down the block.
1791,0,0,4,4,1.0,0.28867513459481287,512,I'm sorry - we don't have a family group rate.
1791,0,0,4,4,1.0,0.28867513459481287,512,Gender equality hasn't trickled down all the way.
1791,0,0,3,3,1.0,0.408248290463863,512,"You were asked to bring a mat for Yoga, not a rug for sleeping."
1791,0,0,4,4,1.0,0.28867513459481287,512,I get it; you have your image to protect.
1791,0,0,4,4,1.0,0.28867513459481287,512,I hope you didnt bring our downward facing dog too?
1791,0,0,4,4,1.0,0.28867513459481287,512,"I'd like to thank you for coming in to lead our class today Yogi Berra, but it's over."
1791,0,0,3,3,1.0,0.408248290463863,512,That'll never fly.
1791,0,0,4,4,1.0,0.28867513459481287,512,The La-Z-Boy class is in studio 2.
1791,0,0,4,4,1.0,0.28867513459481287,512,"No I don't want a magic carpet ride, and also I am not a little girl."
1791,0,0,4,4,1.0,0.28867513459481287,512,I'm sorry - we don't accept posers
1791,0,0,7,7,1.0,0.1543033499620919,512,Orientalism? Yes. Oriental rug? No.
1791,0,0,4,4,1.0,0.28867513459481287,512,"Your choice, but real men use foam."
1791,0,0,3,3,1.0,0.408248290463863,512,Stretch or Fly?
1791,0,0,6,6,1.0,0.18257418583505536,512,"Don't be embarrassed, we'll say it's a luxury model."
1791,0,0,5,5,1.0,0.22360679774997896,512,"And I suppose your partner is on a role, too"
1791,0,0,4,4,1.0,0.28867513459481287,512,"No, you can just use a regular mat for High Flying Dragon."
1791,0,0,4,4,1.0,0.28867513459481287,512,"This is ashtanga yoga, not assona sofa."
1791,0,0,3,3,1.0,0.408248290463863,512,Are you looking for Trump Magic Carpet Riding School? Next studio over.
1791,0,0,4,4,1.0,0.28867513459481287,512,"I'm sorry, but here less is more."
1791,0,0,4,4,1.0,0.28867513459481287,512,I should have had the carpet delivered to my house.
1791,0,0,6,6,1.0,0.18257418583505536,512,It's just 'Bow Down Yoga' now; the 'Aladdin Magic Carpet' chapter folded up because of the recession.
1791,0,0,4,4,1.0,0.28867513459481287,512,"Yes, it's because of my wool allergy - well derrrr"
1791,0,0,4,4,1.0,0.28867513459481287,512,It's not the size of your mat but the depth of your dog.
1791,0,0,4,4,1.0,0.28867513459481287,512,"Listen, from now on Cleopatra walks in the front door the normal way."
1791,0,0,4,4,1.0,0.28867513459481287,512,Yoga for the Tragically Unenlightened is next door.
1791,0,0,3,3,1.0,0.408248290463863,512,"Global warming is coming, so l'm striking while l can."
1791,0,0,3,3,1.0,0.408248290463863,512,We have loaner mats. You can't bring your blankee.
1791,0,0,3,3,1.0,0.408248290463863,512,"I think the room is already tied together just fine, thank you."
1791,0,0,3,3,1.0,0.408248290463863,512,"Sure, we can cure your backache."
1791,0,0,3,3,1.0,0.408248290463863,512,"Sorry, man spreading is strictly prohibited."
1791,0,0,3,3,1.0,0.408248290463863,512,FYI this is a yoga class.
1791,0,0,3,3,1.0,0.408248290463863,512,I love the new yoga line for men.
1791,0,0,5,5,1.0,0.22360679774997896,512,I voted for Donald Trump
1791,0,0,3,3,1.0,0.408248290463863,512,You know what they say about men who carry big mats
1791,0,0,4,4,1.0,0.28867513459481287,512,Normcore yoga starts at 7:30.
1791,0,0,4,4,1.0,0.28867513459481287,512,"Namaste, Adam.... you are embarrassing me..."
1791,0,0,4,4,1.0,0.28867513459481287,512,No Al I don't trust you.
1791,0,0,3,3,1.0,0.408248290463863,512,"Unroll that filthy thing in here, and I'll see to it you don't get up from your downward dog! Namaste."
1791,0,0,4,4,1.0,0.28867513459481287,512,Flying carpets are not allowed.
1791,0,0,4,4,1.0,0.28867513459481287,512,I feel like you're laboring under some serious misapprehensions here.
1791,0,0,3,3,1.0,0.408248290463863,512,I'd love to make this a team sport on your mat.
1791,0,0,4,4,1.0,0.28867513459481287,512,NO PRAYING
1791,0,0,7,7,1.0,0.1543033499620919,512,I'm sensitive to your ethnic roots but it's irrelevant that Ali Baba flew around on this. It's just not a yoga mat.
1791,0,0,4,4,1.0,0.28867513459481287,512,"Yes, I am flexible, but 'Beer Tuesday' is not going to happen."
1791,0,0,3,3,1.0,0.408248290463863,512,"Here at Bow Down Yoga, we don't encourage glorifying our mats."
1791,0,0,5,5,1.0,0.22360679774997896,512,I'm sorry. It's too yuge to make yoga great again.
1791,0,0,3,3,1.0,0.408248290463863,512,"Outside it might be different, inside yoga mats are politically indifferent."
1791,0,0,7,7,1.0,0.1543033499620919,512,You have small hands
1791,0,0,5,5,1.0,0.22360679774997896,512,I hear you're the best there is...
1791,0,0,4,4,1.0,0.28867513459481287,512,Your third eye chakra won't be spinning properly using that yoga mat.
1791,0,0,4,4,1.0,0.28867513459481287,512,"Runners Beyond Hope isn't a class per se, it's more of a gathering across the hall with a big mirror."
1791,0,0,3,3,1.0,0.408248290463863,512,Sleeping is my workout.
1791,0,0,3,3,1.0,0.408248290463863,512,The magic carpet class is 2 doors down.
1791,0,0,4,4,1.0,0.28867513459481287,512,I'm certain your grandmother hadn't intended this when she asked you to have it steam cleaned.
1791,0,0,3,3,1.0,0.408248290463863,512,I specialize in oriental yoga.
1791,0,0,3,3,1.0,0.408248290463863,512,I hope you enjoy getting rug burn
1791,0,0,3,3,1.0,0.408248290463863,512,Blue collar yoga is Thursday night.
1791,0,0,5,5,1.0,0.22360679774997896,512,"""Where's the Ganesh?""+"
1791,0,0,3,3,1.0,0.408248290463863,512,"Yes, I'd say it was an impressive flying pigeon Mr. Aladdin."
1791,0,0,4,4,1.0,0.28867513459481287,512,Looks like you have a solid home practice going.
1791,0,0,4,4,1.0,0.28867513459481287,512,It might be a little ticklish at the end.
1791,0,0,4,4,1.0,0.28867513459481287,512,"I don't care if it's magic, there are no shortcuts to enlightenment."
1791,0,0,4,4,1.0,0.28867513459481287,512,I'm here to do floor work.
1791,0,0,3,3,1.0,0.408248290463863,512,"Don't worry, Afghans are welcome here."
1791,0,0,4,4,1.0,0.28867513459481287,512,"I'm afraid to say this is 816 Oak Avenue, not 816 Oak Street."
1791,0,0,3,3,1.0,0.408248290463863,512,Your place or mine?
1791,0,0,5,5,1.0,0.22360679774997896,512,"No, the flyer stated free 'Spring Fling Yoga Class', not ""Free Spring Training Yoga Class'."
1791,0,0,3,3,1.0,0.408248290463863,512,"I keep telling you, it's not about how big it is."
1791,0,0,5,5,1.0,0.22360679774997896,512,"I'm sorry, but we cannot accept any more new students as the class is full."
1791,0,0,3,3,1.0,0.408248290463863,512,We can be done before your wife finds out you borrowed her priceless antique rug.
1791,0,0,4,4,1.0,0.28867513459481287,512,"Sorry, no Aladdin registered here."
1791,0,0,4,4,1.0,0.28867513459481287,512,"this is yoga, not carpet weaving"
1791,0,0,5,5,1.0,0.22360679774997896,512,"Sorry, sir. We don't allow...hats."
1791,0,0,6,6,1.0,0.18257418583505536,512,I'm going to give you an amazing discount coupon at Lulumon.
1791,0,0,3,3,1.0,0.408248290463863,512,"Yes, size does matter in Yoga, but lose the rug!"
1791,0,0,3,3,1.0,0.408248290463863,512,"This class is for YOGA people, not YOGI (BERRA) people!"
1791,0,0,4,4,1.0,0.28867513459481287,512,I have to ask you to leave... mat intimidation is not allowed here.
1791,0,0,5,5,1.0,0.22360679774997896,512,Western yoga is next door.
1791,0,0,3,3,1.0,0.408248290463863,512,"Well, yoga CAN be a magic carpet ride."
1791,0,0,3,3,1.0,0.408248290463863,512,"And another thing. Stop singing ""Om, Om I'm deranged."""
1791,0,0,3,3,1.0,0.408248290463863,512,"I'm sorry, as a standing rule we generally don't let our students use carpet tacks or glue for enhanced traction, but we'll take the use of duct tape under advisement."
1791,0,0,3,3,1.0,0.408248290463863,512,Welcome to Bow Down Yoga.
1791,0,0,4,4,1.0,0.28867513459481287,512,"Nice rug, but your outfit stinks."
1791,0,0,4,4,1.0,0.28867513459481287,512,We don't accept old sods
1791,0,0,4,4,1.0,0.28867513459481287,512,"By yoga mats, we don't really mean actual mats!"
1791,0,0,3,3,1.0,0.408248290463863,512,"I don't care what its street value is, that's not what we mean by 'hot yoga.'"
1791,0,0,4,4,1.0,0.28867513459481287,512,It's not about the size of your mat.
1791,0,0,4,4,1.0,0.28867513459481287,512,What makes you think a comfortable rug will help you find your Karma?
1791,0,0,4,4,1.0,0.28867513459481287,512,"Gear may BE overrated, but really!--the lobby runner?"
1791,0,0,5,5,1.0,0.22360679774997896,512,I'm sorry that removing the whole carpet was kind of a big stretch.
1791,0,0,4,4,1.0,0.28867513459481287,512,"""IMats here rugs/.carpet/home."
1791,0,0,4,4,1.0,0.28867513459481287,512,Nama-DON'T stay...
1791,0,0,4,4,1.0,0.28867513459481287,512,Is your exercise buddy in there?
1791,0,0,7,7,1.0,0.1543033499620919,512,It seems you misunderstand our name: this is not campaign training for Trump supporters.
1791,0,0,4,4,1.0,0.28867513459481287,512,Seat's taken...
1791,0,0,4,4,1.0,0.28867513459481287,512,This is a magic carpet...all who share it will fly through yoga....guaranteed!
1791,0,0,4,4,1.0,0.28867513459481287,512,Yoga in 'Merica
1791,0,0,7,7,1.0,0.1543033499620919,512,"Sir, you are here blatantly for the yoga pants."
1791,0,0,6,6,1.0,0.18257418583505536,512,The 'Yoga for Beginners' class meets down the hall.
1791,0,0,3,3,1.0,0.408248290463863,512,"Your dating profile said: ""Yoga Master."""
1791,0,0,3,3,1.0,0.408248290463863,512,I think you meant to deliver that to the hot yoga studio down the street.
1791,0,0,3,3,1.0,0.408248290463863,512,Your nap-time will be scheduled after you finish your milk and cookies.
1791,0,0,4,4,1.0,0.28867513459481287,512,"Sorry, you just missed our Rugrats class."
1791,0,0,3,3,1.0,0.408248290463863,512,Is she in your mat practicing the corpse pose?
1791,0,0,3,3,1.0,0.408248290463863,512,beginning yoga is room five.
1791,0,0,4,4,1.0,0.28867513459481287,512,You're supposed to leave your shoes and your ego at the door.
1791,0,0,5,5,1.0,0.22360679774997896,512,You can stretch the full length?
1791,0,0,4,4,1.0,0.28867513459481287,512,"We know you're shagedelic, but no one's impressed."
