rank,funny,somewhat_funny,unfunny,count,score,precision,contest,caption
1,1008,1750,1439,4197,1.8973076006671432,0.011680626214285833,522,Have you tried turning it off and back on again?
2,542,863,1040,2445,1.796319018404908,0.015740697803252584,522,"Yes sir, a martini for you and a screwdriver for the monster."
3,295,504,646,1445,1.7570934256055364,0.020251320342378438,522,"Do you still need a hand, Sir?"
4,247,533,606,1386,1.740981240981241,0.019897742155832617,522,"Yes, my license says I'm an organ donor....why do you ask?"
5,255,397,577,1229,1.7379983726606998,0.022257163985448965,522,the mrs. requests you come upstairs and try creating life the old fashioned way
6,192,286,454,932,1.7188841201716738,0.025683082766807988,522,He has your mother's eyes.
7,158,252,399,809,1.7021013597033374,0.02724478164309546,522,"Will you be requiring anything else before I run like hell, sir?"
8,122,269,345,736,1.6970108695652173,0.027173127391777793,522,"You said you needed a hand, sir?"
9,202,99,448,749,1.671562082777036,0.03187442564335773,522,"Alfred stop watching me like that ... Why don't you go feed "" The Birds""."
10,98,197,302,597,1.6582914572864322,0.03046760911404755,522,"They have the spleen you ordered; unfortunately, they want an arm and a leg for it."
11,91,165,280,536,1.6473880597014925,0.03257856065457944,522,"Will the gentleman be alive for dinner, sir?"
12,70,137,234,441,1.6281179138321995,0.03538894657990628,522,"Will you be needing any more of me, sir?"
13,60,136,216,412,1.6213592233009708,0.03579252442855422,522,"You know, of course sir, that if he kills someone, they'll say the butler did it."
14,61,130,219,410,1.6146341463414635,0.036147618699694226,522,"There is a scarcity of brains, sir. It's an election year."
15,50,128,201,379,1.6015831134564644,0.03649792027866976,522,"Yes sir, I have a reasonably high IQ. Why do you ask?"
16,66,109,226,401,1.600997506234414,0.03771526750173721,522,I'm sorry sir but it's an election year. Brains are impossible to find.
17,61,100,209,370,1.6,0.039293549183010194,522,I've assembled your guests.
17,58,100,202,360,1.6,0.03957371114050808,522,"He is polling well, sir, even without a brain."
19,69,119,245,433,1.5935334872979214,0.03600277073357205,522,"It’s the Republican Party sir, they need some advice on how to control a monster."
20,37,125,183,345,1.5768115942028986,0.0365118940727092,522,The staff is concerned that your hobby is beginning to take on a life of its own.
21,52,70,181,303,1.5742574257425743,0.04411454679492867,522,The RNC says skip the brain and work on the hair.
22,52,59,175,286,1.56993006993007,0.0462163542465803,522,Mr. Trump demands to know when his running mate will be ready.
23,37,95,166,298,1.5671140939597314,0.04077605118587421,522,Did you need a hand sir?
24,34,98,162,294,1.564625850340136,0.040353219311315046,522,May I borrow him for the carpool lane?
25,56,60,189,305,1.5639344262295083,0.04490946682144922,522,"I regret to be the bearer of bad news, sir, but the Republicans have already created one."
26,33,86,151,270,1.5629629629629629,0.04270065728838501,522,"Shall I give you a hand, sir?"
27,37,96,169,302,1.5629139072847682,0.040391561602405035,522,"And if I may, Sir, good luck at the Science Fair."
28,33,82,151,266,1.556390977443609,0.04321688866307193,522,I`m sorry. We served the liver at lunch.
29,30,86,147,263,1.5551330798479088,0.04258342622957284,522,"The Russian sports ministry on the phone, sir."
30,35,76,153,264,1.553030303030303,0.04413681210662448,522,"I could shuffle my feet on the carpet, sir."
31,29,83,147,259,1.5444015444015444,0.04277064879590219,522,I regret to inform you that the electric bill has arrived.
32,34,47,131,212,1.5424528301886793,0.0519274226555659,522,Good news--the torch and pitchfork crowd has left for a Trump rally
33,34,81,161,276,1.539855072463768,0.0424173371412771,522,"I think gender neutral is the right choice, sir."
34,29,71,141,241,1.5352697095435686,0.04515805336092934,522,"I just talked to the bride-to-be, let's just say there's more than one set of cold feet here."
35,29,64,135,228,1.5350877192982457,0.0470801555165843,522,"Will the gentleman be alive in time for dinner, sir?"
36,25,84,142,251,1.5338645418326693,0.042334684600571174,522,"I'll stay on until he's ready to take over, but I'm not training him."
37,32,78,157,267,1.5318352059925093,0.042862206839534914,522,Im glad your sitting down sir....the electric bill just came.
38,21,71,121,213,1.5305164319248827,0.04587985982556822,522,"Tech support is here, sir. They said they can install more memory."
39,26,55,121,202,1.5297029702970297,0.050200764901200734,522,Craig’s list has a used pancreas
40,29,68,142,239,1.5271966527196652,0.04546390970317486,522,Excuse me Sir. Which bathroom will it be using?
41,24,79,138,241,1.5269709543568464,0.04322627924183816,522,"Your Big & Tall order has arrived, sir."
42,35,59,154,248,1.5201612903225807,0.04640307415513757,522,"I actually preferred it when you were growing weed, sir."
43,35,48,144,227,1.5198237885462555,0.04968827880607597,522,"Sir, shall I add another place setting for dinner?"
44,26,73,142,241,1.5186721991701244,0.04403686825797803,522,When he's old enough he will want to know who his cadavers are.
45,24,74,138,236,1.5169491525423728,0.043910089798508314,522,The creationists are at the door.
46,32,55,144,231,1.5151515151515151,0.047859700240930246,522,Will he be alive in time for dinner sir?
47,27,59,134,220,1.5136363636363637,0.04755523561058909,522,Will your guest be alive for dinner?
48,29,49,131,209,1.5119617224880382,0.05035302674605069,522,"He won't love you like I do, sir."
49,26,62,135,223,1.5112107623318385,0.04664694766672775,522,Tell me when it's safe to use the microwave.
50,22,63,125,210,1.5095238095238095,0.0468854404807249,522,"No sir, I don't think this is what she meant by 'make new friends.'"
51,24,44,113,181,1.5082872928176796,0.05349583010455113,522,If you won't be needing me any more this evening sir I think I'll be running for my life now.
52,29,53,137,219,1.5068493150684932,0.04859461921035615,522,"It's too late, sir. It's Clinton or Trump."
53,21,70,131,222,1.5045045045045045,0.04457790469003289,522,"Sir, the hardware store didn't know what I meant by ""neck"" bolts."
53,34,44,144,222,1.5045045045045045,0.050171020449717295,522,Let's hope this makes him act more presidential.
55,17,62,112,191,1.5026178010471205,0.04746209669564403,522,"Sir, it's the power company. Again."
56,21,64,126,211,1.5023696682464456,0.04624193712853258,522,I've prepared a guest room with all the creature comforts
57,26,56,133,215,1.5023255813953489,0.047941507233598926,522,"Sir, should I set an extra place for dinner?"
58,17,77,127,221,1.502262443438914,0.042844382001284584,522,"Yes sir, good help is hard to make."
59,26,57,136,219,1.4977168949771689,0.04728586255187376,522,"Sadly, sir, monster.com is already taken. Did you have a second choice?"
60,25,56,132,213,1.4976525821596245,0.04781727571620958,522,"Sir, may I say, by using domestic parts you are making America Great Again"
61,24,55,130,209,1.492822966507177,0.048019104869861724,522,"Sir, I think this is taking pro-life too far."
62,21,59,125,205,1.4926829268292683,0.04721791935213387,522,"I'm giving my notice, sir. My heart's just not in it."
63,20,60,123,203,1.4926108374384237,0.04704062575630339,522,"You needed a hand, sir?"
64,21,57,123,201,1.492537313432836,0.047900915032481235,522,"If there's nothing else sir, I'll be retiring for the evening. Scream if you need me."
65,23,57,130,210,1.4904761904761905,0.04736890325617319,522,"If he self-identifies as a monster, which restroom shall he be allowed to use?"
66,23,47,120,190,1.4894736842105263,0.051021027921102295,522,"You have no idea what you're doing, do you?"
67,19,65,127,211,1.4881516587677726,0.04524822561845473,522,Are you quite sure this is what your personal trainer meant by 'bodybuilding'?
68,30,39,134,203,1.4876847290640394,0.05196223097924812,522,Mr. Trump is wondering when his Vice-Presidential candidate will be finished.
69,22,53,124,199,1.4874371859296482,0.04877011127982577,522,"Congratulations, sir. You've been named Recycler of the Month."
70,26,42,125,193,1.4870466321243523,0.05200472044250275,522,Will it know which bathroom it should use?
71,23,54,129,206,1.4854368932038835,0.048039053563626054,522,"Would you like me to bring you another cold one before I retire for the night, Sir?"
72,21,52,121,194,1.4845360824742269,0.049151121125084726,522,Another credit card has been pre-approved for him.
73,23,53,129,205,1.4829268292682927,0.04820802302560518,522,Should I grab you another cold one Sir?
74,17,55,113,185,1.481081081081081,0.048534269509259216,522,"I checked, sir, and 'monster.com' has been taken."
75,11,64,104,179,1.4804469273743017,0.04574739541206636,522,Have you tried rebooting?
76,25,48,131,204,1.4803921568627452,0.04936610850055559,522,"The electrical bill just arrived, sir. You might want to consider solar."
77,27,41,130,198,1.47979797979798,0.05149141918100785,522,"Sir, will he make America great again?"
78,21,52,123,196,1.4795918367346939,0.048773112662185196,522,"Sir, your mother suggests that you ""make a friend"" in a less literal manner."
79,19,53,118,190,1.4789473684210526,0.048770968178375236,522,"The cook was wondering if she can use the microwave now, sir?"
79,17,57,116,190,1.4789473684210526,0.04761531005865965,522,I'll brew some coffee. He's going to be a real monster when he wakes up.
81,17,56,115,188,1.4787234042553192,0.04797494724457002,522,Are you sure Obamacare covers this?
82,19,50,115,184,1.4782608695652173,0.04992065558772297,522,Just don't give him any political ambition.
83,25,41,125,191,1.4764397905759161,0.051871552960626,522,It's Wednesday sir - Igor is always off on hump day
83,17,57,117,191,1.4764397905759161,0.04743168981399416,522,"With which gender will it be self-identifying, sir?"
85,21,47,119,187,1.4759358288770053,0.05048260885198388,522,"But sir, the Republicans have already created a monster."
86,23,39,117,179,1.4748603351955307,0.05333544668854096,522,"I certainly hope, sir, that you will offer him clear instruction on which restroom to use."
87,23,46,125,194,1.4742268041237114,0.05020420189854982,522,"There was an angry mob at the door, but they were looking for the Trump rally."
88,19,43,110,172,1.4709302325581395,0.052431251627685804,522,Shall I set an extra place at the table?
89,15,59,115,189,1.470899470899471,0.046578880586399495,522,"No, there is no history of heart disease in my family. Why do you ask?"
90,22,36,112,170,1.4705882352941178,0.05482400445560529,522,"Sir, Paul Ryan called and he said he'll take whatever you have."
91,19,46,114,179,1.4692737430167597,0.05091005507210103,522,"Well, I see we can bring the dead to life, but a raise for your butler is simply IMPOSSIBLE!"
92,25,47,135,207,1.4685990338164252,0.04879916604822919,522,There's a Mr. Trump at the door who asks how his running-mate is coming along.
93,23,36,116,175,1.4685714285714286,0.05423816083300174,522,"It’s Mr. Trump’s campaign on the phone, sir. When will the Vice President be ready?"
94,14,46,98,158,1.4683544303797469,0.052103140472658176,522,do you need a hand?
95,17,50,113,180,1.4666666666666666,0.049453876585896284,522,"Anything for the recycling bin, sir?"
95,17,50,113,180,1.4666666666666666,0.049453876585896284,522,"Shall I reanimate the leftovers, sir?"
97,16,43,102,161,1.4658385093167703,0.0528908520285795,522,"God's on the phone, and he sounds huffy."
98,17,37,99,153,1.4640522875816993,0.055661688621748,522,The cook would like to know what happened to the liver.
99,21,35,110,166,1.463855421686747,0.05514199948295081,522,Your efforts to produce a Third Party candidate are admirable.
100,14,46,100,160,1.4625,0.051615033035154835,522,"AC or DC, sir?"
101,17,44,108,169,1.4615384615384615,0.05173790070265764,522,"Need a hand, sir?"
101,16,46,107,169,1.4615384615384615,0.05105260023723939,522,"Sir, I don’t think this is what your therapist meant by “revive an old friendship”."
103,25,39,129,193,1.461139896373057,0.051415244266811766,522,"If there will be nothing further this evening, sir, I’d like to run for my #@!$#%* life."
104,12,51,100,163,1.460122699386503,0.04941941093494713,522,"Sir, Blue Cross has denied coverage for the operation."
105,20,31,104,155,1.4580645161290322,0.05733847619824994,522,"Sir, Mr Trump is on the telephone again. He would like to know if his running mate is ready yet?"
106,14,40,95,149,1.4563758389261745,0.054277589550549565,522,"Good news, sir. In hypothetical matchups he beats Trump and Clinton."
107,13,36,87,136,1.4558823529411764,0.05703995375603474,522,"Sorry sir, but he signed a DNR."
108,14,49,106,169,1.455621301775148,0.049624243098260856,522,"His co pay was denied. How should we proceed, sir?"
109,20,42,118,180,1.4555555555555555,0.051255026382771345,522,"He's leading in the polls, sir."
110,14,48,105,167,1.4550898203592815,0.05003900565446397,522,"Sir, the insurance company is on the line, they require prior authorization."
110,19,38,110,167,1.4550898203592815,0.05352220493730691,522,Good new Sir! Obamacare handles the procedure!
112,19,36,108,163,1.4539877300613497,0.054490440059199285,522,"It's Trump again, Doctor. Now he wants longer fingers."
113,17,39,105,161,1.453416149068323,0.05356130068995581,522,Will our guest be alive in time for dinner?
114,16,53,119,188,1.452127659574468,0.04727442949822919,522,I believe the appropriate tweet should be -- it's alive.
115,16,41,105,162,1.4506172839506173,0.0525789682082622,522,"It's damned inflation, sir. An arm now costs an arm and a leg."
116,18,36,106,160,1.45,0.05451328382337234,522,"Sir, Mr Trump is enquiring about the progress of his running mate."
117,19,38,112,169,1.4497041420118344,0.05302304068331496,522,"There's a man at the door, sir. He's says you've stolen his daughter's heart."
117,25,26,118,169,1.4497041420118344,0.05686912265995132,522,"His package has arrived, sir."
119,12,50,103,165,1.4484848484848485,0.048940028919108224,522,"His insurance won't cover it, sir. Death is a pre-existing condition."
120,20,31,108,159,1.4465408805031446,0.05618203064151465,522,"Good news, sir. The Kickstarter has been funded."
121,13,48,105,166,1.4457831325301205,0.04946299733016529,522,I was told you needed a hand to finish your project?
122,15,43,106,164,1.4451219512195121,0.05135675946277586,522,"My hat size? Curious you should ask, Sir."
123,13,42,98,153,1.4444444444444444,0.0523681439910219,522,I take it you have no idea how the book ends?
123,20,28,105,153,1.4444444444444444,0.05783094058635854,522,"It's a message from the Republicans, sir. They say, 'Never mind.'"
125,19,33,108,160,1.44375,0.05519182884900728,522,They found the missing part. Lorena Bobbitt had it.
126,13,36,91,140,1.4428571428571428,0.05577762757657202,522,"Will the strapped-down gentleman be dining intravenously tonight,sir?"
127,10,53,102,165,1.4424242424242424,0.0473632275643799,522,"Sure, I can be discrete. What happens in the dungeon stays in the dungeon."
128,11,47,98,156,1.4423076923076923,0.05001272345589651,522,I had them put their torches in the umbrella stand.
129,21,34,117,172,1.441860465116279,0.05357433710707733,522,Keep trying. The convention isn't until July.
130,9,56,103,168,1.4404761904761905,0.046014822738249445,522,"Am I being replaced, sir?"
131,18,36,110,164,1.4390243902439024,0.05345683254388238,522,"Yes sir, I do have a fully functioning spleen. Why do you ask?"
132,15,37,101,153,1.4379084967320261,0.05393850522600959,522,"Sir, I must ask: Am I being replaced?"
133,13,44,103,160,1.4375,0.050692918761683234,522,"You wanted to pick my brain about your recent project, sir?"
134,12,35,88,135,1.4370370370370371,0.05623866008896599,522,"Sir, you really must find a new way to make friends"
135,13,43,102,158,1.4367088607594938,0.05113683365414494,522,That's nothing - my previous employer liked to run around in a bat costume.
136,14,37,98,149,1.436241610738255,0.0541428497741127,522,"Yes Jeeves, I am keeping a stiff upper lip. Its in a jar on that table over there."
136,13,39,97,149,1.436241610738255,0.05329871912246044,522,"Sir, I would advise against Dancing with the Stars. You realize he's got two left feet."
136,18,29,102,149,1.436241610738255,0.057395357546851766,522,Should I set another plate for dinner?
136,11,43,95,149,1.436241610738255,0.051569021873218816,522,If this doesn’t work you can always do a Diet Coke and Mentos volcano for the science fair.
140,11,46,99,156,1.435897435897436,0.04996234080501922,522,"Lunch is served, Sir: baby-back ribs, elbow macaroni, and lady fingers for dessert."
141,18,35,110,163,1.4355828220858895,0.053674218636754006,522,"Without brains, he could be a politician."
141,19,33,111,163,1.4355828220858895,0.054375197547273345,522,"He's got your eyes, sir."
143,20,24,103,147,1.435374149659864,0.05956074043701674,522,"Do you know which bathroom it will prefer, sir?"
144,18,34,109,161,1.434782608695652,0.054161170151196966,522,"Will your guest be alive for dinner, Sir?"
145,11,44,97,152,1.4342105263157894,0.050847687585886404,522,You'll want to let it breath for at least 30 minutes.
146,12,44,101,157,1.4331210191082802,0.05053517713340378,522,So what happened to your previous butler?
147,11,49,104,164,1.4329268292682926,0.04826101903684698,522,"Excuse me, sir, someone is here to give you a hand."
148,13,38,97,148,1.4324324324324325,0.053522854136237585,522,Your Kickstarter is now fully funded.
149,13,44,105,162,1.4320987654320987,0.05020969997996963,522,AC or DC?
150,12,42,99,153,1.4313725490196079,0.05143679169557557,522,His health insurance says they are not going to pay.
150,13,40,100,153,1.4313725490196079,0.05226607744933167,522,"Sir, will you require any additional body parts before I retire for the evening?"
152,12,45,103,160,1.43125,0.049859767972425924,522,"Can we have him say something other than ""Make America Great Again""?"
153,13,45,107,165,1.4303030303030304,0.04955399186443111,522,"Sir, I'm sorry to say itsalive.com is taken."
154,15,25,88,128,1.4296875,0.06144142286480331,522,Mr Trump says to make sure his running mate has very large hands.
155,14,36,99,149,1.429530201342282,0.05408660913384405,522,"Sir, the RNC just called and wanted to know if it will be ready in time for the convention."
155,17,30,102,149,1.429530201342282,0.056545958761867646,522,Mr. Trump just called to ask if you could make his running mate's hands smaller.
157,16,47,121,184,1.4293478260869565,0.04784545440375459,522,You can't raise my salary and you expect to raise the dead?
158,16,28,96,140,1.4285714285714286,0.058363126956719864,522,"Still just one for dinner, sir?"
158,10,43,94,147,1.4285714285714286,0.05108094442387969,522,God is on the phone.
160,18,29,105,152,1.4276315789473684,0.05647509659792605,522,"If he doesn't win the election, Mr. Cheney would like to have his heart back."
161,15,32,98,145,1.4275862068965517,0.056004265356688884,522,Your brain has arived from Amazon sir.
161,14,34,97,145,1.4275862068965517,0.05514247271867119,522,"May I give you a hand, Sir?"
163,15,37,105,157,1.4267515923566878,0.05284941557335756,522,"They're here to read the meter, sir."
164,14,32,95,141,1.425531914893617,0.056254273779501575,522,"You laughed maniacally for me, Sir?"
165,15,35,103,153,1.4248366013071896,0.053828974715094235,522,The brain arrived from Amazon.
165,12,41,100,153,1.4248366013071896,0.0513766540644848,522,"We have a slight problem, sir, I can't find the outlet."
167,18,20,94,132,1.4242424242424243,0.06282096591985734,522,"The GOP Convention is on the phone, Doctor. They don't like the first monster you sent them!"
168,19,26,106,151,1.423841059602649,0.05749524298795657,522,"The, er, donors have arrived, sir."
169,15,31,98,144,1.4236111111111112,0.056252308172543834,522,"The guests are seated and waiting to be severed...uh, served, Sir."
170,14,27,89,130,1.4230769230769231,0.059680509564434485,522,"Sir, your wife says she's running a bit late, she's still putting on her face."
170,11,33,86,130,1.4230769230769231,0.05660372309963335,522,Every time you try to bring him to life the internet goes down.
172,13,31,91,135,1.4222222222222223,0.057077010681468004,522,A delegation from the village would like to know which bathroom it will be using.
173,12,32,89,133,1.4210526315789473,0.056690176106285496,522,The Republicans called to say they are going with the other one.
174,9,43,93,145,1.4206896551724137,0.050542047967633695,522,"The entire village is here to see you, sir."
175,15,33,102,150,1.42,0.05456355201096875,522,"An angry mob to see you, sir."
175,13,37,100,150,1.42,0.052898112355997555,522,"I'd like to seat him next to the duchess, but he'll need to speak French."
175,15,33,102,150,1.42,0.05456355201096875,522,"Sir,they want to know if the third party candidate is ready."
178,18,21,97,136,1.4191176470588236,0.061352891044540524,522,Good news sir. Donald Trump's brain just arrived. It looks hardly used.
179,12,38,98,148,1.4189189189189189,0.05252715659496144,522,"So, is tonight the night we put away the good china?"
179,16,30,102,148,1.4189189189189189,0.05591794732803181,522,"Doctor, some body is at the door."
181,9,41,91,141,1.4184397163120568,0.051478670658884625,522,"No Sir, I don't carry an Organ Donor card!"
181,9,41,91,141,1.4184397163120568,0.051478670658884625,522,"I'm terribly sorry, sir, but I cannot lend you a hand."
183,15,34,104,153,1.4183006535947713,0.05376628567047746,522,"In an election year very few normal brains are available, sir."
184,15,31,100,146,1.417808219178082,0.05562956068681201,522,"Sir, Mary Shelley has arrived with a 'cease and desist' order."
185,10,35,87,132,1.4166666666666667,0.05488160101810752,522,The accountant wishes to know if your creation is a business expense or merely a dependent.
186,17,30,107,154,1.4155844155844155,0.05504918952387281,522,"Sir, May I suggest that you wait until 2020. The Republicans already have a monster."
187,15,26,94,135,1.4148148148148147,0.05890580049278196,522,"I'm sorry sir, but I put a call in to the GOP organ bank, and they seem to be all out of brains."
188,13,37,102,152,1.4144736842105263,0.05234487526143581,522,"Sir, I have to ask - are you thinking about replacing me?"
189,13,32,95,140,1.4142857142857144,0.05551377733842006,522,"Sir, Amazon says the brain is not returnable."
190,11,38,96,145,1.4137931034482758,0.05232726271305764,522,"Shall I set an extra place for dinner, or is that too optimistic?"
190,11,38,96,145,1.4137931034482758,0.05232726271305764,522,The Republican National Committee is wondering when the candidate will be ready.
192,10,35,88,133,1.413533834586466,0.054557416383908305,522,"I’m Jeeves, sir. You created me last Tuesday."
192,16,23,94,133,1.413533834586466,0.060498253543417424,522,"Sir, the RNC keeps calling. They want to know if the new candidate will be ready by the convention."
194,6,19,50,75,1.4133333333333333,0.07374984094246603,522,"Don't you think you've taken this man cave thing just a bit too far, sir?"
195,13,31,94,138,1.4130434782608696,0.05607895635791821,522,I was wondering if you’d happened to see my right arm anywhere…
196,9,34,83,126,1.4126984126984128,0.055514724224246394,522,"Sir, the villagers would like a word."
197,9,41,93,143,1.4125874125874125,0.050923386630182615,522,Looks like we'll both be working with leftovers tonight.
197,14,31,98,143,1.4125874125874125,0.05554868663690202,522,"Dinner is served, Doctor. Leftovers tonight, but I've managed to give new life to last week's meat loaf."
199,11,53,118,182,1.4120879120879122,0.04479237465183776,522,"The first trick-or-treaters are here, sir. Are we about ready?"
200,14,35,104,153,1.411764705882353,0.05289146463947139,522,"A word of advice, Victor. Give the monster a name. 200 years from now you don't want people thinking HE was Frankenstein."
200,10,36,90,136,1.411764705882353,0.05369828995148687,522,He can not be turned down for health care because of pre exisitng conditions.
200,9,38,89,136,1.411764705882353,0.05267422407440206,522,"Shall I show them in, your Lordship? They claim to be born again."
200,12,32,92,136,1.411764705882353,0.05568995661213279,522,"As you feared, sir, brains are scarce everywhere."
200,10,36,90,136,1.411764705882353,0.05369828995148687,522,"You asked me to tell you when The Walking Dead came on, sir."
205,12,34,95,141,1.4113475177304964,0.05427137520598959,522,"Sir, if I might make a rather sharp distinction, the sherry is in the decanter to the right, the embalming fluid to the left."
206,15,30,101,146,1.4109589041095891,0.055556813747508725,522,"Sir, I don't have the stomach for this, but Igor can find one."
207,8,37,84,129,1.4108527131782946,0.053479243126149725,522,"Sorry Sir, but your ad was flagged on Craigslist."
208,13,24,85,122,1.4098360655737705,0.0613205383351445,522,"Shall I set the table tonight for two, Sir?"
209,12,28,87,127,1.4094488188976377,0.058471052501088985,522,Your mother has a question about the item in the freezer.
209,16,20,91,127,1.4094488188976377,0.06260033137609279,522,"Sir, Mr. Trump is on the line and wants to know when his running mate will be ready."
211,14,28,95,137,1.4087591240875912,0.05726965785075154,522,"Will you want tea after you tamper with God's domain, sir?"
211,9,38,90,137,1.4087591240875912,0.05237463771295485,522,"Rabble with torches to see you, Sir."
213,10,38,94,142,1.408450704225352,0.052081754939989185,522,The insurance agent would like a word regarding pre-existing conditions.
214,6,39,80,125,1.408,0.05217340813219923,522,No Sir. The procedure is not approved under Obamacare.
214,11,29,85,125,1.408,0.05802780201292837,522,So you can create man but an elevator is out of the question?
216,13,36,103,152,1.4078947368421053,0.052270897280421856,522,"Please let me know when you're done with those neck bolts, sir. They came from the vacuum cleaner."
217,8,32,78,118,1.4067796610169492,0.05675733235050676,522,"Shall I prepare the remains of the day, Sir?"
218,10,32,86,128,1.40625,0.055942950235953436,522,"Nobody with brains wants to deliver one here, sir."
219,10,36,92,138,1.4057971014492754,0.05308396806221362,522,"Good news, sir. He already has two thousand followers on Twitter."
220,8,33,80,121,1.4049586776859504,0.055767265787637056,522,"Sir, you should build two more. The cook and gardner have also resigned."
221,10,33,88,131,1.4045801526717556,0.0550221499776398,522,"Beg pardon, sir, but there's a caller inquiring about your interest in cutting your utility bills in half."
222,16,23,97,136,1.4044117647058822,0.05938929987928148,522,"Sir, will the gentleman be joining you for dinner?"
222,17,21,98,136,1.4044117647058822,0.060299431191553225,522,One hump or two?
222,9,37,90,136,1.4044117647058822,0.052579099526672717,522,The president of the condominium association would like to speak to you
225,12,20,77,109,1.4036697247706422,0.06532709467894848,522,"We might send him out again, sir, as he's swept another primary."
226,12,28,89,129,1.4031007751937985,0.05773437639444275,522,"Shall I set another place at the dinner table, Sir?"
226,13,26,90,129,1.4031007751937985,0.05877399296170833,522,"Sir, a mob to see you."
226,11,30,88,129,1.4031007751937985,0.05667569308484402,522,"May I be frank, sir?"
229,13,25,89,127,1.4015748031496063,0.05943095834755961,522,Will your creation have any dietary restrictions?
230,15,25,97,137,1.4014598540145986,0.058111704160465856,522,"It's FedEx, sir. Your parts have arrived."
231,9,34,87,130,1.4,0.0541646598408117,522,A Mary Shelley is here to see you. She says you'll know what it's about.
231,12,30,93,135,1.4,0.055836767548649545,522,"You groaned, sir?"
231,15,24,96,135,1.4,0.05873175945621374,522,A Mr Trump is inquiring whether his running mate is ready yet.
234,6,39,83,128,1.3984375,0.05123936867597992,522,Are we going with AC or DC this time?
235,9,31,83,123,1.3983739837398375,0.05624985364161092,522,"Sir, you asked me to come down to lend a hand?"
236,10,34,92,136,1.3970588235294117,0.05350402807378587,522,"Are we assembling a third party candidate, Sir?"
236,17,20,99,136,1.3970588235294117,0.060209702318114275,522,""" Excuse me Sir, the online poll shows an overwhelming preference for Monster McMonsterface""."
238,11,30,90,131,1.3969465648854962,0.05597519511140699,522,"Will you be needing anybody else,sir?"
238,10,32,89,131,1.3969465648854962,0.054916142031863284,522,I'm afraid he remains in grave condition.
238,13,26,92,131,1.3969465648854962,0.058035352087780795,522,"Will you be needing my left arm as well, sir?"
238,10,32,89,131,1.3969465648854962,0.054916142031863284,522,"Sir, if I may suggest a different approach, I hear wonderful things about online dating."
242,12,26,88,126,1.3968253968253967,0.058639999436286054,522,"And I suppose they won't call me ""Frankenstein's Butler,"" either."
242,14,22,90,126,1.3968253968253967,0.060766913594948055,522,If you leave his brain out he can run for President.
242,11,28,87,126,1.3968253968253967,0.05754707122785226,522,"There's no lightning yet, sir. Shall I start blaspheming?"
245,10,22,74,106,1.3962264150943395,0.06383835899839581,522,The RNC is asking if you can be ready by July.
246,11,35,98,144,1.3958333333333333,0.05235216169843261,522,"Excuse me, but might I pick your brain?"
247,9,35,90,134,1.3955223880597014,0.05298693177036818,522,"Perhaps he would be more comfortable strapped to one of the guest beds, sir?"
247,14,25,95,134,1.3955223880597014,0.058040668428334725,522,"It's Mr. Trump, sir. He wants to know if his running mate is ready."
247,9,35,90,134,1.3955223880597014,0.05298693177036818,522,"Villagers to see you, Sir."
250,11,29,89,129,1.3953488372093024,0.05656790511366832,522,It's dead in here so I'm going home early today.
250,14,23,92,129,1.3953488372093024,0.05969338306690481,522,The Republicans are at the door and they are looking for their candidate.
250,9,33,87,129,1.3953488372093024,0.05438455504031892,522,"Not a problem at all, Sir. In fact, if I may say, it is welcome break from Downton Abbey."
253,9,31,84,124,1.3951612903225807,0.055886800169057935,522,"Torch-wielding mob to see you, Sir"
254,12,23,84,119,1.3949579831932772,0.06110888080581818,522,"It's Mr. Trump, sir. He wants to know when his running mate will be finished."
255,17,22,103,142,1.3943661971830985,0.05824125170484545,522,The Republican Party wishes to know if your candidate will be ready in time for the convention.
256,13,24,90,127,1.3937007874015748,0.059323225921458146,522,"Congratulations, Sir. Best. Ted. Talk. Ever."
257,7,34,81,122,1.3934426229508197,0.05404311285981743,522,"Sir, are you sure you can claim him as a dependant"
257,13,22,87,122,1.3934426229508197,0.06110283159463488,522,Will I be setting another place for dinner sir?
259,12,27,91,130,1.3923076923076922,0.0572643639256427,522,"He may well be obedient, sir... But he shall never be a gentleman's gentleman."
260,18,22,108,148,1.3918918918918919,0.057235394132716576,522,"Sir, Have you thought about which bathroom it will use in North Carolina?"
261,8,31,81,120,1.3916666666666666,0.05588081721807449,522,Will you be offended if I have my appendix removed at the hospital?
262,10,25,80,115,1.391304347826087,0.06012401647273396,522,"Sir, the Anyone But Trump committee is here to meet the new candidate."
262,11,32,95,138,1.391304347826087,0.05387235149745557,522,We've set an extra place just in case things work out.
264,15,22,96,133,1.3909774436090225,0.0592681369742382,522,"The Kardashian's called - they say you can keep the brain, they won't be needing it."
265,10,28,85,123,1.3902439024390243,0.057299559768889785,522,"If there's nothing else, sir, I should like to depart before the pitchforks and torches."
265,12,24,87,123,1.3902439024390243,0.05958019463175812,522,"Good news, sir. The politician's brain has arrived and, as expected, there is no sign of wear."
267,17,19,100,136,1.3897058823529411,0.06011317767730004,522,"Remarkable undertaking, sir, although I daresay your last creation remains unbeatable in the Primaries"
268,11,15,69,95,1.3894736842105264,0.07066273513733845,522,"Excuse me, sir, but Mr. Trump would like to know when his running mate will be ready."
269,11,22,80,113,1.3893805309734513,0.062138497280485275,522,He won Nebraska
269,11,22,80,113,1.3893805309734513,0.062138497280485275,522,"There's a mob at the door for you, sir."
271,13,25,93,131,1.3893129770992367,0.05792712035255454,522,Sir I seem to be missing the liver for the pate for the party tonight.
272,7,28,73,108,1.3888888888888888,0.05858805583173792,522,Have you put some thought into going solar?
272,11,27,88,126,1.3888888888888888,0.0574287381432557,522,Tell that pollster we are very pro-life.
272,12,32,100,144,1.3888888888888888,0.05317348487814355,522,"A message from Amazon, sir."" ""The parts you ordered have been shipped."
272,12,25,89,126,1.3888888888888888,0.058523876253293056,522,"Just popping out sir, did you need me to pick up any bits and pieces?"
276,10,27,84,121,1.3884297520661157,0.05793971982258218,522,"The staff is requesting you resurrect a living wage as well, sir."
276,10,27,84,121,1.3884297520661157,0.05793971982258218,522,Your experiment was just drafted in the third-round by the Packers.
278,9,27,80,116,1.3879310344827587,0.058429664946393595,522,"According to what I have read, the law now requires that he be labeled as a GMO."
279,12,26,91,129,1.3875968992248062,0.057514404076556974,522,"Some body to see you, Sir."
279,13,24,92,129,1.3875968992248062,0.058557926084256307,522,A reporter called asking what bathroom he'll use.
281,14,18,87,119,1.3865546218487395,0.06327397139526342,522,"Will dinner be for one or two, sir?"
281,13,20,86,119,1.3865546218487395,0.062138278080675534,522,"Master Viktor, cook would like to know what you did with the kidneys she bought for tonight's dinner."
281,9,28,82,119,1.3865546218487395,0.05737112679425389,522,"The meter reader would like a word, sir."
281,12,22,85,119,1.3865546218487395,0.060981437745711686,522,"Sir, the GOP are here to pick up their candidate."
281,8,30,81,119,1.3865546218487395,0.05611609694503981,522,"Sir, Igor says you need a hand?"
281,12,22,85,119,1.3865546218487395,0.060981437745711686,522,"To balance the ticket, the convention now requests adding a brain and a heart."
287,10,31,91,132,1.3863636363636365,0.05446491470807309,522,"Very good, sir. The lavatory shall be designated ""Gender Neutral""."
288,7,30,77,114,1.3859649122807018,0.05642780776791726,522,"Currently, sir, your monster is polling quite well. The shouting, stomping, and all-around belligerence appeals to far more of the population than we had originally anticipated."
288,9,26,79,114,1.3859649122807018,0.05911521191489534,522,"Sir, he wishes to know which restroom he will be assigned to."
290,6,37,84,127,1.3858267716535433,0.05128914787481664,522,This is the last time I tell your mother your science fair project is a potato clock.
290,11,27,89,127,1.3858267716535433,0.05705697656281143,522,"Sir, the republicans would like to return your previous creation"
290,8,33,86,127,1.3858267716535433,0.05367071309038637,522,I told the driver we were not that kind of body shop.
293,8,38,94,140,1.3857142857142857,0.05026723476200096,522,I'm Jeeves. Igor called in sick.
294,8,31,83,122,1.3852459016393444,0.055146614343005634,522,"Perhaps, sir, it would be easier to just meet my salary demands."
294,14,19,89,122,1.3852459016393444,0.06208097176107621,522,We should wake him up sir. The inauguration is in an hour
296,10,25,82,117,1.3846153846153846,0.059279187592791265,522,"When you're finished, we could use a little life upstairs."
296,9,27,81,117,1.3846153846153846,0.05802292534277813,522,"Ancestry.com is on the line, sir."
296,11,23,83,117,1.3846153846153846,0.060509373637388376,522,Bad news: they already nominated a monster for President
299,7,34,84,125,1.384,0.053017343480010574,522,"Sir, his ObamaCare doesn't cover this procedure."
299,13,22,90,125,1.384,0.05987513889808121,522,"I'm Jeeves, sir. Igor has the night off."
299,13,22,90,125,1.384,0.05987513889808121,522,"Sir, Mr. Trump would like to know when his Vice-President will be ready."
299,8,32,85,125,1.384,0.05422057697721352,522,Igor says he wants Wednesdays off; something to do with hump day.
303,11,16,72,99,1.3838383838383839,0.06841714049714112,522,You did well putting together all the parts. But which bathroom will it use?
304,9,28,83,120,1.3833333333333333,0.05698215030031603,522,"Master, the Trump people now say they'll need the running mate by Wednesday."
305,7,17,57,81,1.382716049382716,0.07150908867938063,522,"Young master, the orange hair has arrived."
306,12,20,83,115,1.382608695652174,0.062472094390386076,522,The villagers would like a word.
306,12,20,83,115,1.382608695652174,0.062472094390386076,522,"It's the villagers, sir. They're pissed."
308,10,27,86,123,1.3821138211382114,0.05716703128535314,522,"Doctor, his insurance company is on the phone. You can't proceed without a referral."
309,10,25,83,118,1.38135593220339,0.058864984629132894,522,"I checked, Sir. Your IPhone charger is not compatible."
309,9,27,82,118,1.38135593220339,0.05762136638213154,522,"Will your guest be alive for dinner, Master Victor?"
311,11,18,76,105,1.380952380952381,0.06543871721540039,522,"Mr. Paul Ryan said he expects to support your creature, but he's not there yet."
312,5,33,75,113,1.3805309734513274,0.053803771020648955,522,"I've never felt better sir, why do you inquire?"
312,8,27,78,113,1.3805309734513274,0.05804247767564401,522,Your mummy's at the door.
314,9,28,84,121,1.3801652892561984,0.05659799559756672,522,"A Miss Mary Shelley to see you, sir."
315,8,33,88,129,1.37984496124031,0.05300307880301296,522,"And will you be creating a gentleman's gentleman for the gentleman, sir?"
316,10,25,84,119,1.3781512605042017,0.05845613389209486,522,"It's refreshing to know that, for once, I didn't do it."
316,13,19,87,119,1.3781512605042017,0.06200329950496404,522,"A pitchfork wielding mob to see you, sir."
316,8,29,82,119,1.3781512605042017,0.05596659613569525,522,If I may sir...in-utero is a far better way to go these days.
316,9,27,83,119,1.3781512605042017,0.05722490486067469,522,"Will he be joining you for dinner, or is he going out again tonight?"
316,8,29,82,119,1.3781512605042017,0.05596659613569525,522,Just one more item to attach.....so he'll be able to use the bathroom assigned to his gender.
321,9,25,80,114,1.3771929824561404,0.058959501120901224,522,I just don't think you can make friends this way.
321,7,29,78,114,1.3771929824561404,0.05626466015338217,522,"Sir, it's Fox News again. They want to see the long-form birth certificate."
321,11,21,82,114,1.3771929824561404,0.06153644093279619,522,"Sir, Mr. Trump is inquiring about the status of his running mate."
324,7,27,75,109,1.3761467889908257,0.057983135247273825,522,His Provider just called. They aren't going to cover any of this....
324,7,27,75,109,1.3761467889908257,0.057983135247273825,522,"There's a rather wild-eyed bride at the front door, sir."
324,10,21,78,109,1.3761467889908257,0.06222321085436026,522,"Sir, the GOP called back to say 'help yourself'---none of its members are using their brains."
327,8,31,86,125,1.376,0.0540776025427736,522,"Yes sir, we still have time to get him on the ballot."
327,10,27,88,125,1.376,0.05641322196881885,522,"I got you that hot dog and beer you requested. Or as you called it, that ""frank and stein."""
329,7,31,82,120,1.375,0.05431325779207868,522,"I have connected the back bone to the neck bone, and the neck bone to the head bone, will that be all Sir?"
329,9,27,84,120,1.375,0.056833458603244645,522,"I dare say Master Frankenstien, you are a genius with left overs."
329,8,29,83,120,1.375,0.05558764246123197,522,"Begging your pardon, sir, but if you don't write a memoir, they might think the butler did it."
329,10,25,85,120,1.375,0.058052545501603,522,"Splendid work, sir, much less abrasive than the current nominee."
329,9,27,84,120,1.375,0.056833458603244645,522,"I'm sorry, sir, but Medicare has denied all of your patient's claims."
329,6,33,81,120,1.375,0.053008244166165626,522,How about 'Bob'?
335,5,33,77,115,1.373913043478261,0.053068856391684086,522,"Sir, may I be frank?"
335,7,29,79,115,1.373913043478261,0.05586961715740165,522,"The NFL is calling, sir. They want to know if you would be willing to revive the Cleveland Browns."
335,10,23,82,115,1.373913043478261,0.05982541287116027,522,"When he awakens, will he be presidential?"
338,9,26,83,118,1.3728813559322033,0.057466692189574384,522,Which bathroom shall he be using?
339,12,17,81,110,1.3727272727272728,0.06439438911354187,522,Mr. Trump would like to know how his Vice President is coming..
339,8,25,77,110,1.3727272727272728,0.05898656341689123,522,Will he be ready before Cleveland?
341,9,20,73,102,1.3725490196078431,0.06373109005755728,522,"If it should come to life, sir, will it be joining us for dinner?"
342,12,21,88,121,1.371900826446281,0.05999567409217036,522,The Governor wants to know which bathroom you plan to make it use?
343,9,24,80,113,1.3716814159292035,0.059223123529060485,522,"In light of the impending storm, sir, should I set an extra place for dinner?"
344,6,27,72,105,1.3714285714285714,0.05782559172273788,522,"Sir, I need the power for the oven."
344,12,15,78,105,1.3714285714285714,0.06665358322690439,522,"Sir , don't you think it's time you got a life"
346,9,25,82,116,1.3706896551724137,0.058119161587183686,522,"It's the footman, sir ... he's missing a foot."
346,10,23,83,116,1.3706896551724137,0.05939496595738083,522,What shall I serve for the first corpse?
348,14,16,89,119,1.3697478991596639,0.06299909253272566,522,Shall I add another place setting?
348,11,22,86,119,1.3697478991596639,0.05951131069011316,522,The RNC wants to know if it can be ready to run in November.
348,10,24,85,119,1.3697478991596639,0.05830236913503538,522,"Shall I set another place for dinner, sir?"
348,6,32,81,119,1.3697478991596639,0.05319254490592569,522,Excuse me sir; can I lend you a hand?
348,8,28,83,119,1.3697478991596639,0.055805972262504513,522,"Congratulations, Sir. You've been awarded the Nobel Pieces Prize."
353,6,29,76,111,1.3693693693693694,0.055681214920225014,522,"No, Sir. I don't know what is 8 feet tall, is afraid of fire and recently killed my predecessor."
353,8,25,78,111,1.3693693693693694,0.05854910778647798,522,"Will you be wanting any more body parts tonight, sir?"
353,8,25,78,111,1.3693693693693694,0.05854910778647798,522,Do the pitchforks go above or to the left of the plate?
356,11,16,76,103,1.3689320388349515,0.0661558930256188,522,"Mr. Trump has arrived, sir. Do we have an extra brain?"
357,9,27,86,122,1.3688524590163935,0.056065288542404404,522,"In the event I should hear you declare ""it's alive"" should I set another place?"
357,9,27,86,122,1.3688524590163935,0.056065288542404404,522,"Sir, I was just informed that having no brain does indeed count as a preexisting condition"""
357,8,29,85,122,1.3688524590163935,0.054843719626399993,522,"You can't just replace me, sir...I'm Union."
360,11,20,83,114,1.368421052631579,0.06137577833255689,522,"Just to let you know, sir ... the spare parts are now having tea in the drawing room."
360,12,18,84,114,1.368421052631579,0.06262780182197153,522,Mr. Trump has asked me to inquire when his running mate will be ready.
360,9,24,81,114,1.368421052631579,0.05879179684001161,522,Juice?
360,6,30,78,114,1.368421052631579,0.05468737688262491,522,Think nothing of it sir. Happy to lend a hand.
360,6,30,78,114,1.368421052631579,0.05468737688262491,522,"A Mr. Brooks to see you, Sir."
365,10,19,77,106,1.3679245283018868,0.063338494656262,522,"A pitchfork-waving mob to see you, sir."
365,6,27,73,106,1.3679245283018868,0.057384552172624705,522,"Sir, your neck electrodes qualified for same-day delivery"
367,6,31,80,117,1.3675213675213675,0.05374055767108383,522,OSHA is here...
367,13,17,87,117,1.3675213675213675,0.06260657356135393,522,"Sir, a Mr Trump wishes to speak to you about his hands."
367,3,37,77,117,1.3675213675213675,0.04945665667850877,522,Apologies sir but I believe the neck bolts are interfering with the wi-fi.
367,6,31,80,117,1.3675213675213675,0.05374055767108383,522,I remain hopeful you can work in some table manners.
371,9,23,80,112,1.3660714285714286,0.059485589402569254,522,"I don't think any of the candidates have a right to life stance that supports your cause, sir."
372,10,25,88,123,1.3658536585365855,0.056872476351017616,522,"And the champagne should arrive upon the announcement of ""it's alive,"" sir?"
372,9,27,87,123,1.3658536585365855,0.055688405839745984,522,Mary Shelley is at the door. I'm not supposed to be in the story.
374,8,22,74,104,1.3653846153846154,0.06119560013936895,522,Does your monster have any food allergies?
375,9,24,82,115,1.3652173913043477,0.05836631054253495,522,"Your snapchat of him sitting up, Sir, has gone viral."
375,6,30,79,115,1.3652173913043477,0.05430433042085563,522,I knew I was going to be replaced by technology.
375,6,30,79,115,1.3652173913043477,0.05430433042085563,522,"Sir, the investors are here. They'd like to see a working demo."
378,10,19,78,107,1.3644859813084111,0.06283790457068983,522,"Excuse me sir, but are you absolutely certain that he'll have no Presidential aspirations?"
378,8,23,76,107,1.3644859813084111,0.05996608011471825,522,How soon can he register as a Republican?
380,2,39,77,118,1.3644067796610169,0.047637590529720844,522,"Sir, shall we recharge the Tesla next?"
380,9,25,84,118,1.3644067796610169,0.057300889111660716,522,Cook wants to know if the monster has nut allergies.
382,7,22,70,99,1.3636363636363635,0.06167881752716453,522,Shall I set another place at the table?
382,11,18,81,110,1.3636363636363635,0.06291139529205698,522,Should I include one more for dinner?
382,11,22,88,121,1.3636363636363635,0.05868156585162753,522,"The Bring Back Ronald Reagan Society has expressed great interest in your experiment, sir."
382,11,18,81,110,1.3636363636363635,0.06291139529205698,522,"If you don't mind, sir, I'd very much like to be a penguin again."
386,10,21,82,113,1.3628318584070795,0.060369106587134215,522,Good evening. Will the monster be alive in time for dinner and a movie?
386,8,25,80,113,1.3628318584070795,0.05769205668320928,522,"Did you try 'Wakey, wakey, eggs and bacey'?"
386,10,21,82,113,1.3628318584070795,0.060369106587134215,522,"Will that be all, sir. There's a group forming outside I think I'd like to join."
386,5,31,77,113,1.3628318584070795,0.05342555536120728,522,"It's still not alive, Sir. Shall I hold dinner?"
386,8,25,80,113,1.3628318584070795,0.05769205668320928,522,"If you no long need me sir, I'll be retiring to my heavily locked quarters."
386,9,23,81,113,1.3628318584070795,0.05904575528548773,522,"Sir, the Republican National Committee says they're counting on us."
392,6,38,94,138,1.3623188405797102,0.04817853203956823,522,"Sir, the brain you ordered on eBay has just arrived."
393,6,30,80,116,1.3620689655172413,0.053926141566484856,522,I'm out of birds. May I use your monster in my next movie?
393,6,30,80,116,1.3620689655172413,0.053926141566484856,522,"I'm sorry sir, but the insurance company was quite clear. He needs a pre-authorization."
395,11,16,78,105,1.361904761904762,0.06507787603645085,522,"Sir, it's election year 2016. Functioning brains are really hard to come by."
395,7,24,74,105,1.361904761904762,0.05918216975419988,522,The seventh-grade science class field trip has arrived.
397,7,25,76,108,1.3611111111111112,0.05803153398105862,522,Why yes Sir. You DO look like a character from 'Doonesbury.
397,9,21,78,108,1.3611111111111112,0.060940950675643236,522,"I'm afraid that Amazon has your brain on back order, sir."
399,7,21,69,97,1.3608247422680413,0.062496678623619295,522,I thought you should know that we've just received the electric bill.
400,8,28,86,122,1.360655737704918,0.054676412303559296,522,"Sir, your accountant is here to discuss the in home office deduction."
401,10,20,81,111,1.3603603603603605,0.06110207192004746,522,"Sir, The Republican National Committee Chair is here to pick up the candidate."
401,7,26,78,111,1.3603603603603605,0.05693911398610064,522,"Should I plan on two for dinner, sir?"
403,6,24,70,100,1.36,0.05949280577846315,522,"Did you hear the news, Sir? Your previous invention is on his way to a presidential nomination."
403,9,18,73,100,1.36,0.06438520439863918,522,The villagers want to know if he has an innie or an outie.
405,7,27,80,114,1.3596491228070176,0.05590040517964037,522,"Excuse me sir, but your crowd-funding investors are at the gate."
405,6,29,79,114,1.3596491228070176,0.05449403549126256,522,"Sir, it's time to release the independent candidate."
405,8,25,81,114,1.3596491228070176,0.05727225064874738,522,"Since it's Wednesday, I'm covering for Igor on his hump day."
408,7,28,82,117,1.358974358974359,0.054911361822190065,522,"I gave my right arm for this job, sir!"
408,4,34,79,117,1.358974358974359,0.050726433032338,522,"Tea is served sir. Oh, and happy Father's Day."
410,7,24,75,106,1.3584905660377358,0.05872052872132804,522,Igor called in sick. I'm from the temp agency.
410,8,22,76,106,1.3584905660377358,0.06023117973798514,522,The venture capitalists have arrived.
412,6,31,83,120,1.3583333333333334,0.052654778291598966,522,His current profile indicates he's AC/DC.
413,6,22,67,95,1.3578947368421053,0.06155104123568433,522,"Beg your pardon, sir, but the gentleman from the electric company is here to read the meter."
414,4,31,74,109,1.3577981651376148,0.05298262587121741,522,"Shall I prepare the guest room, sir?"
414,5,29,75,109,1.3577981651376148,0.05456237998398627,522,What about 'Mason' or 'Liam'?
414,10,19,80,109,1.3577981651376148,0.0618589252740011,522,"Sir, the angry mob has arrived somewhat early."
414,7,25,77,109,1.3577981651376148,0.05759203625616935,522,A Mrs. Mary Shelley wishes to see you sir.
414,7,25,77,109,1.3577981651376148,0.05759203625616935,522,Gentleman says he came by to lend a hand.
414,9,21,79,109,1.3577981651376148,0.06047009153909842,522,"The Co-op Board wishes to have a word, Doctor."
414,6,27,76,109,1.3577981651376148,0.056097664611144155,522,"Regrettably, sir, the weather forecast calls for yet another clear, moonlit evening."
421,9,22,81,112,1.3571428571428572,0.059298156576863596,522,"Sir, there is a Mr. Mel Brooks here to see you."
421,9,22,81,112,1.3571428571428572,0.059298156576863596,522,"Sir, I'm Jeeves.Igor has the night off"
423,5,26,70,101,1.3564356435643565,0.05730612328113974,522,Any chance he'll clean windows?
423,4,28,69,101,1.3564356435643565,0.05555152530338827,522,"Not to worry sir, what could possibly go wrong?"
425,6,30,82,118,1.3559322033898304,0.05318403664764314,522,"Terribly sorry to bother you Doctor, any chance you have seen my right arm?"
426,7,23,74,104,1.3557692307692308,0.05943200976480874,522,"Shall I show the torch-wielding mob into the library, sir?"
427,7,24,76,107,1.355140186915888,0.05826555635246193,522,"Pardon Doctor, Could you use a hand?"
427,7,24,76,107,1.355140186915888,0.05826555635246193,522,"Today's male has been delivered, sir."
427,8,22,77,107,1.355140186915888,0.05975960843510501,522,We need to make sure we have a birth certificate with his gender on it as well.
430,9,21,80,110,1.3545454545454545,0.06000606535420692,522,"Sir, is he an upstairs or downstairs monster?"
430,11,17,82,110,1.3545454545454545,0.06272431125232868,522,Mrs. Frankestein needs a hand
430,11,17,82,110,1.3545454545454545,0.06272431125232868,522,The Donald is suing you. Claims you made his hands too small.
433,11,18,84,113,1.3539823008849559,0.06148236514236318,522,"Forgive me for interrupting sir, however, Mr. Trump is inquiring about the progress being made on his presidential running mate."
433,10,20,83,113,1.3539823008849559,0.06018349782626302,522,"I'm sorry, sir. I'm rather fond of my spleen."
433,11,18,84,113,1.3539823008849559,0.06148236514236318,522,Get a life.
436,11,13,75,99,1.3535353535353536,0.06782106782106781,522,Perhaps my services are no longer needed?
437,6,24,72,102,1.3529411764705883,0.058531599424116995,522,"It's the Power Company, Sir. They think you're growing pot."
438,4,29,72,105,1.3523809523809525,0.05410096445984843,522,"Just a little someone you tossed together, sir?"
438,10,17,78,105,1.3523809523809525,0.06344931405765457,522,He wants to know when his really great Vice President will be ready.
440,9,20,79,108,1.3518518518518519,0.060736814873678116,522,"The Republican National Committee would like a word with you, Sir."
440,7,24,77,108,1.3518518518518519,0.057817126770041305,522,"It's the Republican National Committee at the door, sir. They're asking if the new candidate is ready yet."
440,7,24,77,108,1.3518518518518519,0.057817126770041305,522,The Donald wants to know how his Vice President is coming ?
440,10,18,80,108,1.3518518518518519,0.062145240747201694,522,I've arranged for every creature discomfort.
440,9,20,79,108,1.3518518518518519,0.060736814873678116,522,"Sir, there's a new app for that."
440,7,24,77,108,1.3518518518518519,0.057817126770041305,522,"'Sir, polls show there is still running room for an independent candidate."""
446,12,15,84,111,1.3513513513513513,0.06354095282651445,522,"And he'll be entitled to use the same bathroom as the rest of the castle, sir."
446,10,19,82,111,1.3513513513513513,0.060908557350351084,522,Lunch is severed.
448,7,19,68,94,1.351063829787234,0.0636484115653033,522,"Con Edison on the phone for you, sir."
449,9,22,83,114,1.3508771929824561,0.058419987280790564,522,"May I recommend the 1847 Cote de Beaune Formaldehyde, sir?"
450,6,22,69,97,1.3505154639175259,0.060498425743842794,522,At least I’ll stop being blamed for every murder around here.
451,8,19,73,100,1.35,0.06256309946079569,522,"I know he's not the original, but you could still make a killing on eBay."
452,7,23,76,106,1.349056603773585,0.05849636234793121,522,"Sir, the Republican Party is here. They'd like to make a deal."
452,8,21,77,106,1.349056603773585,0.060012656392277985,522,"Good news, Sir. None of the deceased had a Do Not Resuscitate directive."
452,6,25,75,106,1.349056603773585,0.056939703973794095,522,Will he do windows?
455,5,28,76,109,1.348623853211009,0.05433336583582642,522,Is now a good time to discuss why I deserve a raise?
455,7,24,78,109,1.348623853211009,0.057375116328115344,522,Sir--we've won New Hampshire.
457,7,25,80,112,1.3482142857142858,0.05631004078441182,522,Will he be up in time for supper?
457,7,25,80,112,1.3482142857142858,0.05631004078441182,522,"Shall we piece together a social media presence for him as well, sir?"
459,8,16,68,92,1.3478260869565217,0.06636198962262653,522,Your mother wants to know if your friend is staying for dinner.
460,5,23,67,95,1.3473684210526315,0.059426940574010004,522,"Your Kickstarter campaign has attained its goal, sir."
461,8,18,72,98,1.346938775510204,0.06339514174368889,522,"Pardon me, sir, but an officer from the cold case squad is here to see you."
461,6,22,70,98,1.346938775510204,0.05998464074455056,522,"Excuse me, Doctor. This month's electricity bill just arrived in the post and it's rather alarming."
463,5,25,71,101,1.3465346534653466,0.05704895164708093,522,"Igor left his heart in San Francisco, but he's going back for it."
464,11,14,79,104,1.3461538461538463,0.06520094573776594,522,"Sir, word has come down that the Conservative Party already has something similar."
464,5,26,73,104,1.3461538461538463,0.05595466326216649,522,Will there be two for dinner tonight?
464,7,22,75,104,1.3461538461538463,0.05919744365726161,522,"Your science fair project looks like a winner, sir."
464,8,20,76,104,1.3461538461538463,0.06075396145882811,522,"Doctor, does your new friend have any special dietary needs?"
464,7,22,75,104,1.3461538461538463,0.05919744365726161,522,"There's an urgent call from the Chairman of the Republican Party for you, sir!"
464,7,22,75,104,1.3461538461538463,0.05919744365726161,522,"Sir, I'm afraid no viable brains will be available until after the elections are over."
470,9,19,79,107,1.3457943925233644,0.061001463769027583,522,"Mrs Mary Shelley and her copyright lawyer are here to see you, Sir"
470,10,17,80,107,1.3457943925233644,0.062430075486252165,522,I worked for Trump. I'm comfortable around monsters.
470,5,27,75,107,1.3457943925233644,0.054916624158294305,522,"Your ex-wife said, ""Get a life!"" Are you overthinking this?"
470,4,29,74,107,1.3457943925233644,0.05328695774472583,522,"""Anyone else you would care for me to drug and kidnap before I retire sir?"
470,5,27,75,107,1.3457943925233644,0.054916624158294305,522,"You know, I can always check webMD."
470,8,21,78,107,1.3457943925233644,0.059538582773768035,522,"Yes Sir;I think calling him ""The Donald"" is a very good name."
476,7,24,79,110,1.3454545454545455,0.05693940363051559,522,"Electric company on the telephone, sir. They sound perturbed."
476,6,26,78,110,1.3454545454545455,0.055455297442227686,522,"A mob of villagers to see you, sir."
476,6,26,78,110,1.3454545454545455,0.055455297442227686,522,M’lady requests no power surges tonight during Game of Thrones.
476,7,24,79,110,1.3454545454545455,0.05693940363051559,522,Pardon Sir... Do you need any more parts before I retire...
480,6,20,67,93,1.3440860215053763,0.062094168438514334,522,Mr. Trump is at the door. He would like his brain back.
480,5,22,66,93,1.3440860215053763,0.060182486350881206,522,"Will the monster be eating, or just sitting and groaning?"
480,7,18,68,93,1.3440860215053763,0.06394872824980319,522,"I've got bad news, sir. You forgot to pay the electric bill."
483,9,16,74,99,1.3434343434343434,0.0644684210784666,522,"Dinner is ready, sir. I hope you don’t mind -- it’s a bunch of leftovers."
483,6,22,71,99,1.3434343434343434,0.059478972137157145,522,"Will it be one for dinner, again, then, sir?"
485,8,19,75,102,1.3431372549019607,0.0615200864162015,522,Has there been a breakthrough or shall you be dining alone again tonight?
485,8,19,75,102,1.3431372549019607,0.0615200864162015,522,I was actually looking for the lavatory.
487,9,18,78,105,1.3428571428571427,0.061763716467676456,522,I keep forgetting -- are you Frankenstein or is it that guy on the table?
487,6,24,75,105,1.3428571428571427,0.057142857142857134,522,"Will I be wearing the hump this evening, sir?"
487,10,16,79,105,1.3428571428571427,0.06322900327420725,522,Will there be one more setting for supper?
487,7,22,76,105,1.3428571428571427,0.05872355835266764,522,They want to know if you'd contribute to Planned Parenthood.
487,4,28,73,105,1.3428571428571427,0.05384241595757579,522,"Sir, instead of waiting for a lightning strike, we could invest in solar panels."
487,9,18,78,105,1.3428571428571427,0.061763716467676456,522,"'Should I set an extra plate for dinner, sir?'"
487,6,24,75,105,1.3428571428571427,0.057142857142857134,522,Dinner tonight will be leftovers.
487,12,12,81,105,1.3428571428571427,0.06606214666017202,522,"It's the Republican Party, Doctor. They're here for their nominee."
487,7,22,76,105,1.3428571428571427,0.05872355835266764,522,"There are some villagers here to see you, sir."
496,8,21,79,108,1.3425925925925926,0.05907155934755448,522,"Sir, Paul Ryan would like to know if he will be ready for the convention."
496,6,25,77,108,1.3425925925925926,0.056065217298207536,522,"Excuse me, doctor, the bride is wondering when he'll be ready."
496,6,25,77,108,1.3425925925925926,0.056065217298207536,522,"A crazed, pitchfork-wielding, torch-bearing rabble to see you, sir."
496,8,21,79,108,1.3425925925925926,0.05907155934755448,522,"God is here to see you, sir."
500,4,30,77,111,1.3423423423423424,0.05198042770242493,522,"Sir, he just got his first wink on Match."
500,10,18,83,111,1.3423423423423424,0.06070227217269555,522,"Pardon the intrusion Sir, but are we safe in assuming that you will still be dining alone?"
500,7,24,80,111,1.3423423423423424,0.05650986954088212,522,Will he be ready for the vice presidency?
503,5,19,61,85,1.3411764705882352,0.06384711513495489,522,Madame will only take him if all his parts work
504,8,15,68,91,1.3406593406593406,0.06670288433752403,522,Paul Ryan called after The Meeting. He's ready to look at The Option.
505,7,18,69,94,1.3404255319148937,0.06337057416822028,522,It's the man from the electric company about the overdue bill.
505,4,24,66,94,1.3404255319148937,0.05770171463825314,522,Should I tell the bride that the groom is almost ready?
507,11,11,75,97,1.3402061855670102,0.06856186839425696,522,"The Republicans want to know when their Hail Mary candidate will be ready, sir."
508,2,30,68,100,1.34,0.05167888418597165,522,The OSHA inspector is here to see you.
508,6,22,72,100,1.34,0.058981250230796894,522,Why do I get the feeling you're trying to replace me?
508,5,24,71,100,1.34,0.05724305789148302,522,"That special order part has arrived but it's not, shall we say, proportionate."
508,8,18,74,100,1.34,0.062312344546071145,522,Which restroom should the Creature use?
508,8,18,74,100,1.34,0.062312344546071145,522,"Doctor, the Americans called again, they really need a Presidential candidate WITH a brain this time."
508,4,26,70,100,1.34,0.055450405541776465,522,Your mother would like to know what you're doing.
514,7,21,75,103,1.3398058252427185,0.05943031480938294,522,Are you almost finished? The Republicans are at the door again and they need another candidate...
514,9,17,77,103,1.3398058252427185,0.06255155582830443,522,"Sir, there's a mob here to see you."
514,7,21,75,103,1.3398058252427185,0.05943031480938294,522,"Concocting another stiff one, sir?"
517,6,24,76,106,1.3396226415094339,0.056693549650177505,522,"Sir, the townspeople are complaining that the electricity is interfering with their Wi-Fi"
517,4,28,74,106,1.3396226415094339,0.053430043358608834,522,When do you think you could have another look at that toaster?
517,9,18,79,106,1.3396226415094339,0.061263709730056536,522,Sir I've decided to use my wife's health care plan.
517,6,24,76,106,1.3396226415094339,0.056693549650177505,522,"May I be Frank with you, Sir?"
517,10,16,80,106,1.3396226415094339,0.06271312979915597,522,Donald Trump called -- he wants his brain back.
517,8,20,78,106,1.3396226415094339,0.05977915699114084,522,This is no time to slack off. The Republican convention is a mere 2 months away!
517,8,20,78,106,1.3396226415094339,0.05977915699114084,522,He wants you to make him more Presidential
524,7,24,81,112,1.3392857142857142,0.05608639718555095,522,"Don't trouble yourself, sir. I've always found new staff to be a bit stiff."
525,5,16,56,77,1.3376623376623376,0.0682021582133502,522,"So, that's one beer for you. Shall I bring Frank a stein?"
526,4,20,59,83,1.3373493975903614,0.0624627033794486,522,"But will he be able to make a decent cup of tea, sir?"
527,4,21,61,86,1.3372093023255813,0.061022892962118984,522,I think it's time we discussed a raise.
528,7,17,68,92,1.3369565217391304,0.06424461641960307,522,"The vicar would like a word with you, sir, about your cemetery visits."
529,5,22,68,95,1.3368421052631578,0.059128660588384424,522,"Excuse me, sir. Disaffected Republicans are calling again. They wish to know if the third party candidate is ready."
529,7,18,70,95,1.3368421052631578,0.06280228367219882,522,"Well, if you don't name it, people will just call it whatever they want ..."
529,5,22,68,95,1.3368421052631578,0.059128660588384424,522,"Don't worry, Dr. Frankenstein, your name will not be associated with this monster."
532,5,23,70,98,1.336734693877551,0.05791793484521681,522,What's the status of our third party candidate?
532,8,17,73,98,1.336734693877551,0.0631321430327626,522,One more for dinner?
532,8,17,73,98,1.336734693877551,0.0631321430327626,522,Will there be two for dinner this evening ?
532,7,19,72,98,1.336734693877551,0.0614432587692449,522,"Will you be playing god again tonight, sir?"
532,8,17,73,98,1.336734693877551,0.0631321430327626,522,He has requested even larger hands Dr. Frankenstein.
532,4,25,69,98,1.336734693877551,0.056072218977047575,522,"Good news, sir. We've crowdsourced the brain."
532,7,19,72,98,1.336734693877551,0.0614432587692449,522,The Hawaiian birth certificate has arrived.
539,4,26,71,101,1.3366336633663367,0.055001760048836244,522,"Ted Cruz is on the line, requesting you revive his campaign."
539,8,18,75,101,1.3366336633663367,0.06178408222504038,522,"There's an impending thunder storm, Sir. Shall I set another place for dinner?"
539,6,22,73,101,1.3366336633663367,0.058491308862344285,522,"Sir, there's a beautiful torchlight parade outside."
539,9,16,76,101,1.3366336633663367,0.06336633663366337,522,He's going to be a real monster when he wakes up
539,10,14,77,101,1.3366336633663367,0.06491003327953966,522,The GOP just called sir. They want to know if Reagan will be ready for November.
539,8,18,75,101,1.3366336633663367,0.06178408222504038,522,It's the villagers again. They say it's important.
539,9,16,76,101,1.3366336633663367,0.06336633663366337,522,"Good news, Sir. Your Kickstarter campaign received its first donation."
539,5,24,72,101,1.3366336633663367,0.05677335123497605,522,"I enjoyed the bat cave better, Mr. Wayne"
539,6,22,73,101,1.3366336633663367,0.058491308862344285,522,Dinner is preserved.
548,7,21,76,104,1.3365384615384615,0.05894671858248296,522,The Republicans are holding on Line Two.
548,9,17,78,104,1.3365384615384615,0.062033286438932606,522,"I think they're carolers, Sir."
548,6,23,75,104,1.3365384615384615,0.0573411643957143,522,"Shall I set another place at the table for dinner, Sir?"
551,9,18,80,107,1.3364485981308412,0.0607713964193289,522,"Will you be needing a hand later, Sir?"
552,8,21,81,110,1.3363636363636364,0.05815809566421682,522,The villagers wish to enquire if he could build them a wall and get the Mexicans to pay for it?
553,7,21,77,105,1.3333333333333333,0.05847053462046862,522,"Sir, phone call from Paul Ryan. Would you care to swap monsters?"
553,5,23,71,99,1.3333333333333333,0.0574307323005264,522,"The staff hopes you will be dining alone, sir."
553,5,24,73,102,1.3333333333333333,0.05631079226779445,522,"'A young Mel Brooks is here to see you, sir.'"
553,5,24,73,102,1.3333333333333333,0.05631079226779445,522,"Will we be skipping our meds again this evening, Sir?"
553,6,19,68,93,1.3333333333333333,0.06178983315544386,522,shall we expect one more for lunch?
553,8,19,78,105,1.3333333333333333,0.06001627780822136,522,The villagers have arrived for dinner. They've brought their own forks.
553,9,16,77,102,1.3333333333333333,0.0628287638656555,522,"Sir, shall I set one more place for dinner?"
553,5,21,67,93,1.3333333333333333,0.059868434008924956,522,"Shall I stick a fork in him, Sir?"
553,8,16,72,96,1.3333333333333333,0.06398099132915955,522,Before you begin to bring him to life Sir perhaps I should iron his pants.
553,5,23,71,99,1.3333333333333333,0.0574307323005264,522,Senator Ryan will delay the convention while you prepare the nominee.
553,7,24,83,114,1.3333333333333333,0.05525718147105061,522,"Sir, I told the angry mob to schedule an appointment."
553,10,13,76,99,1.3333333333333333,0.0657951694959769,522,The GOP is wondering when their new candidate will be ready.
553,8,16,72,96,1.3333333333333333,0.06398099132915955,522,"Sir, Wonderful news ! The pitchforks and torches you ordered are being hand delivered !"
553,6,23,76,105,1.3333333333333333,0.05688280263535928,522,"Excuse me, Sir, Amazon has delivered the missing parts."
553,9,13,71,93,1.3333333333333333,0.0672253356515782,522,Cook asks if you have any leftovers for dinner.
553,6,24,78,108,1.3333333333333333,0.055814557218594754,522,I see you're working on my replacement.
553,4,24,68,96,1.3333333333333333,0.056713087281560055,522,"Would you prefer free, two-day shipping for the electrodes, or overnight for an additional $13.50?"
553,7,23,81,111,1.3333333333333333,0.05627435620958418,522,"Had I known, sir, I would not have served the brain for dinner."
553,9,16,77,102,1.3333333333333333,0.0628287638656555,522,It's the Republican National Committee; they'd like to know if Mr Reagan is finished yet
553,5,24,73,102,1.3333333333333333,0.05631079226779445,522,"Excuse me, sir. I was hoping to switch my day off to the day the townspeople will be storming the castle."
553,6,18,66,90,1.3333333333333333,0.06320606175199696,522,"I told them you aren't in need of pitchforks, sir, but they seem rather insistent on seeing you."
553,6,20,70,96,1.3333333333333333,0.060456354175834316,522,Will he be done in time for dinner?
553,9,16,77,102,1.3333333333333333,0.0628287638656555,522,"Mr. Trump to see you, Doctor. He's still rather anxious about his hands."
576,8,19,79,106,1.330188679245283,0.05953050531089912,522,"Villagers with pitchforks and torches to see you, sir."
576,8,19,79,106,1.330188679245283,0.05953050531089912,522,"There's a gentlemen at the door with an ""Anyone But Trump"" sign who would like to speak with you."
578,3,28,72,103,1.3300970873786409,0.05233615211597353,522,"Excuse the intrusion, sir, but your electrical storm has arrived."
578,5,24,74,103,1.3300970873786409,0.05585523821903766,522,I have grave concerns sir!
578,10,14,79,103,1.3300970873786409,0.0638094403830911,522,"Sir, have you given any thought to toilet training?"
581,6,21,73,100,1.33,0.05869799439039248,522,"Amazon has delivered your brain, Sir."
581,4,25,71,100,1.33,0.05514901759246617,522,I assume he'll be assuming some of my more menial tasks?
581,7,19,74,100,1.33,0.060394327113353526,522,"Sir, the AirBnB-ers are here for their 5-night stay."
584,10,12,75,97,1.3298969072164948,0.06671226343064322,522,"Shall I set another place at dinner tonight, sir?"
584,8,16,73,97,1.3298969072164948,0.063411141193285,522,Mr. Trump would like to know if he can ready by Inauguration Day.
584,9,14,74,97,1.3298969072164948,0.0650826356237755,522,"I'm afraid it's too late to create a new Republican candidate, sir. Shall I get you a martini?"
584,5,22,70,97,1.3298969072164948,0.058108888567305346,522,There's a gentleman from ConEd to see you
584,5,22,70,97,1.3298969072164948,0.058108888567305346,522,"Monster aside, I am going back to Dowton Abbey."
584,5,22,70,97,1.3298969072164948,0.058108888567305346,522,"Sir, the villagers are back. This time they're complaining about brown-outs."
584,7,18,72,97,1.3298969072164948,0.06169437733807127,522,Can I assure Mr. Trump that his VP choice will be ready in time for the convention?
591,6,19,69,94,1.3297872340425532,0.06123172878879481,522,"Pardon the interruption, sir, but your pizza is here."
591,7,17,70,94,1.3297872340425532,0.06307222217323323,522,"It's just the little matter about our liability insurance, sir."
591,8,15,71,94,1.3297872340425532,0.06486051039943229,522,"Shall I set another plate, sir?"
591,8,15,71,94,1.3297872340425532,0.06486051039943229,522,This is nothing compared to my previous role at the Trump residence.
595,7,16,68,91,1.3296703296703296,0.06453543017009593,522,Sir: there is a Mr. Trump at the door and he wants his brain back.
596,11,13,83,107,1.3271028037383177,0.06337326054777564,522,"'No Geeves, he doesn't need a brain. I'm creating a presidential candidate.'"
597,6,22,76,104,1.3269230769230769,0.05706655917051207,522,My client would like to know how many you could produce by November 8th.
598,7,19,75,101,1.3267326732673268,0.05988257633678194,522,"A gentleman with a pitchfork to see you, sir. He says it's urgent."
598,8,17,76,101,1.3267326732673268,0.06151376066142205,522,The crazy lady next door wants to borrow a cup of sugar.
598,7,19,75,101,1.3267326732673268,0.05988257633678194,522,"Don't you think the shoes are a little premature, sir?"
598,6,21,74,101,1.3267326732673268,0.05820569685821413,522,"I brought your male in, sir."
598,6,21,74,101,1.3267326732673268,0.05820569685821413,522,What shall I tell the RNC?
598,6,21,74,101,1.3267326732673268,0.05820569685821413,522,Pardon me sir... I put the villagers with torches in the drawing room.
604,5,22,71,98,1.3265306122448979,0.057611316528512514,522,"The neck bolt guy is here, sir."
604,3,26,69,98,1.3265306122448979,0.05383564730454022,522,"Yes, but is he good people?"
604,5,22,71,98,1.3265306122448979,0.057611316528512514,522,Sir. The gentleman from Ancestry.com is here to see you.
604,7,18,73,98,1.3265306122448979,0.061154318437850894,522,"Sir, I've robbed the grave and also obtained the fresh human heart as requested, but, I must respectfully remind you that brewing coffee is the responsibility of the kitchen staff."
604,6,20,72,98,1.3265306122448979,0.05940923520693786,522,"Mr. Trump requests that you add some Mexican to his Running Mate, Sir."
604,5,22,71,98,1.3265306122448979,0.057611316528512514,522,Should I make the reservation this evening for one or two?
610,5,21,69,95,1.3263157894736841,0.05880882775937453,522,"Shall I set an additonal place for dinner, sir?"
610,10,11,74,95,1.3263157894736841,0.06766312918494971,522,The townsfolk are here with torches and pitchforks. Would sir like me to show them in or have them wait in the parlor?
610,5,21,69,95,1.3263157894736841,0.05880882775937453,522,The cook would like to know if your monster has any dietary restrictions.
610,1,29,65,95,1.3263157894736841,0.0506223424931902,522,Will I be able to control him from my phone?
610,5,21,69,95,1.3263157894736841,0.05880882775937453,522,"Sir, this recycling’s gone a bit far."
610,4,23,68,95,1.3263157894736841,0.056872788367533886,522,"Will the angry mob be joining us for dinner, sir?"
610,6,19,70,95,1.3263157894736841,0.060683131001665225,522,"Sir, a hunchbacked gentleman is at the door responding to an advertisement."
610,7,17,71,95,1.3263157894736841,0.06250125241864155,522,It's the GOP again sir. They say the Presidential Model you built for them is completely out of control.
610,4,23,68,95,1.3263157894736841,0.056872788367533886,522,"I fear that without a proper name of his own, sir, some may confuse the two of you."
610,4,23,68,95,1.3263157894736841,0.056872788367533886,522,Looking to replace me?
620,5,20,67,92,1.326086956521739,0.06007777975825816,522,You really think he can win as a 3rd party candidate?
620,8,14,70,92,1.326086956521739,0.06577244294079308,522,"If I may say, sir, I hope your teacher gives you an A Plus."
620,4,22,66,92,1.326086956521739,0.058055560262927484,522,"This should bring him to life, but side effects may include nausea, dizziness, or swelling."
623,5,23,74,102,1.3235294117647058,0.05601426154805487,522,Will there be one or two dining this evening?
623,9,15,78,102,1.3235294117647058,0.0625631340314206,522,"Sir, may I have the night off? It's Halloween."
625,6,20,73,99,1.3232323232323233,0.05889850398833636,522,They won't believe you if you say the butler did it.
625,4,24,71,99,1.3232323232323233,0.055287861646949536,522,"My jowls? It would be an honor, sir."
625,4,24,71,99,1.3232323232323233,0.055287861646949536,522,"Excuse me sir, shall I create a Facebook account for It as well?"
625,5,22,72,99,1.3232323232323233,0.05712171836331741,522,"A man from Consolidated Edison would like to speak with you, sir."
625,10,12,77,99,1.3232323232323233,0.06552561350500853,522,"Hitchcock, does your contract require you to cameo in EVERY film?"
630,6,19,71,96,1.3229166666666667,0.060143818254821554,522,"Will there be another guest for dinner, sir?"
630,4,23,69,96,1.3229166666666667,0.056379804744615215,522,Will he have any shellfish allergies?
630,6,19,71,96,1.3229166666666667,0.060143818254821554,522,"Excuse me sir, the GOP would like to know if he is fixed yet?"
630,6,19,71,96,1.3229166666666667,0.060143818254821554,522,"Sir, a Dr. Frankenstein is at the door with his patent infringement attorney."
630,8,15,73,96,1.3229166666666667,0.06368575480825422,522,"Beg your pardon, sir, but you've created a monster."
635,7,16,70,93,1.3225806451612903,0.06333657564579079,522,"You ordered liver, Sir?"
635,4,22,67,93,1.3225806451612903,0.05753485502237072,522,"Sir, may I suggest a female's brain this time?"
637,6,17,67,90,1.3222222222222222,0.06286496988701916,522,He could be pretty on the inside - and that's what really counts.
637,8,13,69,90,1.3222222222222222,0.06671866469864698,522,"I'd say it's a mix of anticipation and fear, but the hors d'oeuvres have been well received."
637,6,17,67,90,1.3222222222222222,0.06286496988701916,522,The angry mob claims your local sourcing is costing farmers an arm and a leg.
637,8,13,69,90,1.3222222222222222,0.06671866469864698,522,Your mother is wondering if you're enjoying that new chemistry set she got you?
641,6,16,65,87,1.3218390804597702,0.06435635900632077,522,"Mr. Trump called again Sir, asking when his running mate will be ready."
642,6,20,74,100,1.32,0.05839607015973771,522,"Pardon me for saying so sir, but this experiment is so 19th century."
642,7,18,75,100,1.32,0.060100925218512326,522,Your Kickstarter backers are clamoring for an update Sir. And they want an app.
642,3,18,54,75,1.32,0.06341625676135118,522,"Should I set an extra plate for dinner, Doctor?"
642,3,26,71,100,1.32,0.05295319068800673,522,"He certainly has potential, Sir, but how is he with a tray full of wine glasses?"
646,4,23,70,97,1.3195876288659794,0.055894767490079454,522,"Will your guest be joining us for dinner, Sir?"
646,6,19,72,97,1.3195876288659794,0.059613574774331844,522,"It's the day of the remains, sir."
646,9,13,75,97,1.3195876288659794,0.06479280974214709,522,"Does that mean two for dinner,sir?"
646,9,13,75,97,1.3195876288659794,0.06479280974214709,522,I heard thunder. Will the gentleman be joining you for dinner?
646,6,19,72,97,1.3195876288659794,0.059613574774331844,522,"Sir, shall I add another seat for dinner?"
646,7,17,73,97,1.3195876288659794,0.0613885569929548,522,"One neurologically perfect homo sapien brain, then coffee and a brioche at 11am sharp. Will that be all, sir?"
646,6,19,72,97,1.3195876288659794,0.059613574774331844,522,"Well - if you didn't ring, sir, then who did?"
646,5,21,71,97,1.3195876288659794,0.057784095260481914,522,"I'm sorry to intrude sir, but the homeowners association is here with their pitchforks and torches."
646,6,19,72,97,1.3195876288659794,0.059613574774331844,522,I have accepted a position in Downton where I can properly manage the downstairs.
646,5,21,71,97,1.3195876288659794,0.057784095260481914,522,"Oh thank you for this sir, now finally, they won't always say ""The butler did it."""
656,6,18,70,94,1.3191489361702127,0.06090292533007279,522,"Very good, Sir. And will he be available to greet the villagers when I am on holiday?"
656,5,20,69,94,1.3191489361702127,0.058994793959766076,522,Sir: There's a Mary Shelley at the front door.
656,7,16,71,94,1.3191489361702127,0.06275306297835663,522,"Shall I set another place at the table, Sir?"
656,7,16,71,94,1.3191489361702127,0.06275306297835663,522,"Pardon me sir, but wouldn't be easier to just try Tinder."
656,4,22,68,94,1.3191489361702127,0.057022847306584766,522,Your parents are home.
656,5,20,69,94,1.3191489361702127,0.058994793959766076,522,"I've tightened the straps on the monster and fed the sloth. Will there be anything else, sir?"
656,5,20,69,94,1.3191489361702127,0.058994793959766076,522,"Sir, Con Edison is here...."
663,5,19,67,91,1.3186813186813187,0.06027839540138963,522,"It's FED EX sir, the parts you ordered have arrived."
663,7,15,69,91,1.3186813186813187,0.06420191150243705,522,Worst bachelor party ever.
665,8,12,68,88,1.3181818181818181,0.06770119700282326,522,It turns out the hump was just really bad posture on my part.
665,9,17,84,110,1.3181818181818181,0.05908930516845475,522,"Sir, there is a rather odd gentleman at the door. Says he's looking far a Vice-President."
665,6,16,66,88,1.3181818181818181,0.06372586630174333,522,"Excuse me, sir, will there be two for dinner?"
665,5,18,65,88,1.3181818181818181,0.06164213669280095,522,Will the gentleman be staying for dinner Sir?
665,7,14,67,88,1.3181818181818181,0.06574358566249164,522,"Will you be needing a fresh brain, sir, or shall I tell Igor he may retire for the evening?"
665,7,14,67,88,1.3181818181818181,0.06574358566249164,522,"Should I add a plate for dinner, sir?"
671,8,18,81,107,1.3177570093457944,0.05878648627262042,522,And how would our guest like his brain prepared?
672,5,17,63,85,1.3176470588235294,0.06309426655597127,522,Congratulations on the Nobel Pieces Prize.
672,5,17,63,85,1.3176470588235294,0.06309426655597127,522,Staff wonders if Sir will next make them a new scullery maid.
672,7,13,65,85,1.3176470588235294,0.06738776270118937,522,"Will there be two for dinner tonight, Dr. Frankenstein?"
675,5,23,76,104,1.3173076923076923,0.05510602022191505,522,Will he have any dietary restrictions Sir?
676,2,22,58,82,1.3170731707317074,0.057232282064885835,522,"Sir, its Jehova's Witnesses. Should I tell them to come back after you have raised the dead?"
677,6,20,75,101,1.316831683168317,0.05790174858302354,522,Let me be frank.
677,6,20,75,101,1.316831683168317,0.05790174858302354,522,Do you think he'd prefer Boo-Berry or Count Chocula in the morning?
677,9,14,78,101,1.316831683168317,0.0628225428879814,522,"Shall I add an additional place setting for dinner, sir?"
680,3,19,57,79,1.3164556962025316,0.06121220504577104,522,"Shall I have the angry mob with torches wait in the living room, sir?"
681,6,19,73,98,1.316326530612245,0.059092190444202,522,"I'm sorry I called the monster ""Frankenstein,"" sir. I'm sure it will never happen again."
682,8,14,73,95,1.3157894736842106,0.06395539790786703,522,"I want you to know, Sir, that I could have taken a position at Downton Abbey. It was when you said that you knew I had the brains for this position that I chose you."
682,6,18,71,95,1.3157894736842106,0.060352005684042,522,"Excellent work, Sir; but sadly, the Republicans have already had a breakthrough in monster creation."
682,7,16,72,95,1.3157894736842106,0.06217980987282062,522,"Sir, the man from OSHA is here."
682,5,20,70,95,1.3157894736842106,0.058467088386143826,522,Cook says the liver for tonight's dinner has been stolen.
682,6,18,71,95,1.3157894736842106,0.060352005684042,522,"Leftovers again tonight, Doctor?"
682,8,14,73,95,1.3157894736842106,0.06395539790786703,522,"Sir, human resources, has some questions."
682,3,24,68,95,1.3157894736842106,0.05450203751132786,522,Happy Father's Day!
682,7,16,72,95,1.3157894736842106,0.06217980987282062,522,"Shall I get my hump, sir?"
682,3,24,68,95,1.3157894736842106,0.05450203751132786,522,I spoke to Legal and confirmed he belongs to the company.
691,5,19,68,92,1.315217391304348,0.05972013849390535,522,Chef says she needs the kidneys back now.
691,6,17,69,92,1.315217391304348,0.06168781472033683,522,Are we still giving flu shots?
691,5,19,68,92,1.315217391304348,0.05972013849390535,522,Shall I set dinner for two tonight sir?
691,3,23,66,92,1.315217391304348,0.05557618064650086,522,"A sequel? Sounds like a no-brainer to me, sir."
691,2,25,65,92,1.315217391304348,0.05338370830143901,522,Excuse me Doctor but the Census taker has returned asking for a definitive headcount.
691,6,17,69,92,1.315217391304348,0.06168781472033683,522,Did we use American parts? Maybe he'll become president.
691,6,17,69,92,1.315217391304348,0.06168781472033683,522,"I located a brain, sir. It's marinating in white wine with Gaeta olives. Dinner at six. Will there be anything else, sir?"
698,4,20,65,89,1.3146067415730338,0.05892184540281749,522,"Should I be worried about job security, sir?"
698,4,20,65,89,1.3146067415730338,0.05892184540281749,522,There's a Mr. Mel Brooks at the door.
698,4,20,65,89,1.3146067415730338,0.05892184540281749,522,"Where do you wish to receive the angry mob, sir?"
698,8,12,69,89,1.3146067415730338,0.06703159199456799,522,"Men's room or ladies' room, sir?"
698,4,20,65,89,1.3146067415730338,0.05892184540281749,522,"Shall I prepare tea for the villagers gathering on the lawn, sir?"
698,3,22,64,89,1.3146067415730338,0.05671350148562816,522,There's a chap on the telephone calling about our electric bill.
698,7,14,68,89,1.3146067415730338,0.06509893785933112,522,"Yes, there is an angry mob outside sir. The bigger concern is the angry electric company employee on the phone."
705,7,13,66,86,1.313953488372093,0.06670191753002622,522,Mr. Trump wants to know when his running mate will be ready.
705,5,17,64,86,1.313953488372093,0.06246559196667713,522,"Sir, does your guest have any food allergies?"
707,4,22,70,96,1.3125,0.05602415675716037,522,"The transition team has arrived, sir."
707,6,13,61,80,1.3125,0.06795789370231906,522,His ex would like to speak with you.
707,6,18,72,96,1.3125,0.0598105561885103,522,His HMO called. I'm afraid they don't cover reanimation.
707,4,22,70,96,1.3125,0.05602415675716037,522,"Sir, will you be needing any other body parts this evening?"
707,5,20,71,96,1.3125,0.05794829062159566,522,"Beg pardon, sir, but will there be one more for dinner?"
707,8,14,74,96,1.3125,0.06337112215202614,522,How long will this take? Both parties want a new candidate by September.
707,3,24,69,96,1.3125,0.0540315453669136,522,Cook was wondering if you'd come across her calf's liver.
714,6,17,70,93,1.3118279569892473,0.06111496119161818,522,"Doctor, the brain you ordered on Amazon has arrived."
714,4,21,68,93,1.3118279569892473,0.05716231538399947,522,"It's the villagers, sir. Shall they place their torches in the umbrella stand?"
714,5,19,69,93,1.3118279569892473,0.059171651918434806,522,Should we be expecting one or two for supper?
714,7,15,71,93,1.3118279569892473,0.06299835372570924,522,"Shall I expect one more for dinner, sir?"
718,4,20,66,90,1.3111111111111111,0.05836824946346536,522,Am I to understand that parts of him don't handle rejection well?
718,4,20,66,90,1.3111111111111111,0.05836824946346536,522,Give it up sir. No one is going to believe the butler did it
718,6,16,68,90,1.3111111111111111,0.06249982660539133,522,For once the butler did not do it.
718,5,18,67,90,1.3111111111111111,0.06046933467110956,522,Will your 'friend' be joining us for dinner?
722,4,15,55,74,1.3108108108108107,0.0664475855650548,522,"Sir, there is considerable worry among the staff that we will be made redundant."
723,4,24,75,103,1.3106796116504855,0.05348883825913465,522,"It's Mel Brooks again - he's asking: ""what if it was a comedy?"""
723,7,18,78,103,1.3106796116504855,0.05858462294502332,522,The Republican National Committee just called. They're wondering if their monster is ready.
725,4,19,64,87,1.3103448275862069,0.059648674770869235,522,The RNC just called...they want to know if you can have him ready for the California Primary.
725,4,19,64,87,1.3103448275862069,0.059648674770869235,522,"Sir, the spare parts that you ordered from Amazon have arrived."
725,9,9,69,87,1.3103448275862069,0.06996074208962201,522,"Speaker Ryan again, sir. One more tweak to The Donald’s frontal lobe and he’ll endorse AND join the ticket!"
728,8,15,77,100,1.31,0.061455412103147394,522,A Mr. Trump is on the phone Sir. Something about looking for a running mate.
728,5,21,74,100,1.31,0.05630903187506485,522,"I have ordered the storm, Sir."
728,9,13,78,100,1.31,0.06307763374436201,522,"Sir, Will your guest be joining us for dinner?"
731,7,12,65,84,1.3095238095238095,0.06769754560591097,522,Sorry to report that Amazon does not deliver human organs by drone in our area.
731,1,24,59,84,1.3095238095238095,0.05349567538778442,522,Will the doctor's guest be needing a wake-up call?
731,4,18,62,84,1.3095238095238095,0.0610112488245389,522,"Sir, your 3 O'clock Mob is here"
731,5,16,63,84,1.3095238095238095,0.06331851400478904,522,"Will there be one, or two, for dinner, sir?"
731,5,16,63,84,1.3095238095238095,0.06331851400478904,522,"That was Trump sir, he's wondering if his VP is ready."
736,7,16,74,97,1.309278350515464,0.06106307781414728,522,"Sorry, sir–after that last round of lightning the scones in the toaster came alive and strangled the maid."
737,9,16,85,110,1.309090909090909,0.058825670194260674,522,"It's the Neocons at the door sir, asking if you could bring them back to life too."
738,2,21,58,81,1.308641975308642,0.0573110833996798,522,A little concoction of my own sir - guaranteed to wake the dead.
739,3,23,68,94,1.3085106382978724,0.054591504674966845,522,"We appear to be trending, sir."
739,5,19,70,94,1.3085106382978724,0.058632700615674084,522,Dinner is severed.
739,3,23,68,94,1.3085106382978724,0.054591504674966845,522,"The usual espresso for you, sir, and perhaps something stronger for him?"
739,6,17,71,94,1.3085106382978724,0.060552243400987533,522,You're still trailing the GOP in creating hideous monsters.
739,8,13,73,94,1.3085106382978724,0.06421943148068798,522,The Republican National Committee would like to borrow him sir.
739,4,21,69,94,1.3085106382978724,0.0566481507384142,522,There is someone on the phone from Monstermingle.com.
739,4,21,69,94,1.3085106382978724,0.0566481507384142,522,"May I suggest a ""Make America Great Again"" hat?"
746,5,18,68,91,1.3076923076923077,0.05989879069168814,522,"A torchlit crowd of villagers would like to see you, sir."
746,4,20,67,91,1.3076923076923077,0.057824431533102176,522,"I would like to request an increase in hazard pay, sir."
746,4,20,67,91,1.3076923076923077,0.057824431533102176,522,Will he be joining us for dinner?
746,5,18,68,91,1.3076923076923077,0.05989879069168814,522,"Lord Brompton has called, sir, and says he would like his penis back."
746,3,18,57,78,1.3076923076923077,0.06136338732442043,522,"Would you like me to begin preparing your monster mash, Sir?"
746,8,12,71,91,1.3076923076923077,0.06573025071401598,522,Shall I set the table for one or two?
746,8,12,71,91,1.3076923076923077,0.06573025071401598,522,"You're sure you want to deal with the consequences of using a republican brain, sir?"
746,7,26,97,130,1.3076923076923077,0.04986105183108662,522,"An extra place for dinner, sir?"
746,5,18,68,91,1.3076923076923077,0.05989879069168814,522,"We have to hurry, we need a viable candidate by November!"
746,2,24,65,91,1.3076923076923077,0.05343467407710028,522,The cable guy is here.
746,5,18,68,91,1.3076923076923077,0.05989879069168814,522,Tech Support said the old charger cords are not compatible with the new devices.
746,2,24,65,91,1.3076923076923077,0.05343467407710028,522,A Mary Shelley is at the door and wishes to interview you for a book she's writing.
746,7,14,70,91,1.3076923076923077,0.06384563896404478,522,The Republican Convention is in July. Are you sure the new candidate will be ready by then?
746,2,24,65,91,1.3076923076923077,0.05343467407710028,522,Coffee? Tea? Plasma?
746,7,14,70,91,1.3076923076923077,0.06384563896404478,522,The mob is here sir.
746,6,16,69,91,1.3076923076923077,0.061903678166381274,522,Will the V.P. candidate be ready for Cleveland?
746,5,18,68,91,1.3076923076923077,0.05989879069168814,522,"It's a long shot, but he could become the Republican presidential nominee."
763,3,21,64,88,1.3068181818181819,0.05681818181818182,522,"Cook would like to know if your creation will be alive by dinner, Sir."
763,5,17,66,88,1.3068181818181819,0.06124354516870644,522,"An angry mob for you, sir. Shall I appease them with red caps and incoherent policy statements?"
763,5,17,66,88,1.3068181818181819,0.06124354516870644,522,"I believe a spot of tea may reanimate him, sir."
763,5,17,66,88,1.3068181818181819,0.06124354516870644,522,Will he be joining us for lunch?
763,4,19,65,88,1.3068181818181819,0.05907231843238994,522,Mr Trump is here for a tune-up.
763,8,11,69,88,1.3068181818181819,0.06733847996793894,522,He's going to run as an independent.
763,4,19,65,88,1.3068181818181819,0.05907231843238994,522,"I think giving him an English accent is an excellent idea, Sir."
763,4,19,65,88,1.3068181818181819,0.05907231843238994,522,"There are some villagers here to see you, sir. They seem agitated."
763,4,19,65,88,1.3068181818181819,0.05907231843238994,522,Shall I plan on dinner for two this evening?
763,6,15,67,88,1.3068181818181819,0.06334038873171759,522,It seems they are looking for a third party candidate.
763,6,15,67,88,1.3068181818181819,0.06334038873171759,522,Will there be one more for more for dinner sir?
763,4,19,65,88,1.3068181818181819,0.05907231843238994,522,"The guests have arrived, sir--where shall I put their torches?"
775,6,18,74,98,1.3061224489795917,0.05875516865196881,522,Donald Trump on the line. He's in need of a running mate.
775,6,18,74,98,1.3061224489795917,0.05875516865196881,522,The Bring Back Ronald Reagan Society has expressed a strong interest in your experiment.
777,6,14,65,85,1.3058823529411765,0.06487119194150578,522,A Dr. Jekyll to see you sir.
777,4,18,63,85,1.3058823529411765,0.060399068322912315,522,There's a Miss Shelley at the door regarding an interview.
777,6,14,65,85,1.3058823529411765,0.06487119194150578,522,"I am Carson, Igor's replacement."
777,4,18,63,85,1.3058823529411765,0.060399068322912315,522,"Someone selling life insurance, sir... Shall I ask them to check in with us tomorrow?"
777,3,20,62,85,1.3058823529411765,0.058033916027249985,522,"Sir, do we really need another butler?"
777,4,18,63,85,1.3058823529411765,0.060399068322912315,522,"You really need to resume dating, sir."
777,7,12,66,85,1.3058823529411765,0.06699539975796556,522,"Sir, the Republican nominating committee is calling with a request."
784,8,13,74,95,1.305263157894737,0.06362277584278245,522,"Sir, the temp agency is on the phone. They say there may have been some sort of mix up."
784,6,17,72,95,1.305263157894737,0.05999941061772172,522,PETA is here objecting to your work with mice.
784,7,15,73,95,1.305263157894737,0.06183763773146141,522,"Will he be dining with you tonight, sir?"
784,5,19,71,95,1.305263157894737,0.05810305593288958,522,Combining Donald Trump and Hilary Clinton was a bad move.
788,6,13,63,82,1.3048780487804879,0.06650618532145272,522,Shall I set another place for dinner this evening?
788,4,17,61,82,1.3048780487804879,0.06181297955532272,522,"Doctor, the specimens ahem, your guests have arrived."
790,9,14,82,105,1.3047619047619048,0.060709796573247675,522,Hitchcock's earlier attempts at cameo were a little less subtle.
791,6,16,70,92,1.3043478260869565,0.06131839168480321,522,"Do you really think I can be replaced so easily, sir?"
791,6,16,70,92,1.3043478260869565,0.06131839168480321,522,"Sir, there's a Mrs. Shelley at the door."
791,5,18,69,92,1.3043478260869565,0.05933846657583573,522,"The liver has arrived, sir."
791,7,14,71,92,1.3043478260869565,0.06323635585681953,522,His bride called. She said to get a bigger one.
791,7,14,71,92,1.3043478260869565,0.06323635585681953,522,"So, is it two for dinner then sir?"
791,5,18,69,92,1.3043478260869565,0.05933846657583573,522,"Son, don't you think you've taken this science fair thing a little too far?"
791,7,14,71,92,1.3043478260869565,0.06323635585681953,522,"Sir, President Trump would like to speak to the Vice President."
791,8,12,72,92,1.3043478260869565,0.0650978359493592,522,Is it the local custom for guests to bring their own forks?
791,5,18,69,92,1.3043478260869565,0.05933846657583573,522,"E-Harmony won't accept ""monsters"". Shall I try Match.com?"
791,4,20,68,92,1.3043478260869565,0.057290156853792996,522,"He wants to know sir, if his current policy covers experimental treatment?"
801,5,14,60,79,1.3037974683544304,0.06583651518343361,522,"Lets call this one ""Trump""."
801,6,12,61,79,1.3037974683544304,0.0682569899447785,522,The chef wishes to know what happened to the raw liver.
803,3,21,65,89,1.303370786516854,0.05628182763618351,522,"Shall I set out another plate at dinner, or will he be going out?"
803,7,13,69,89,1.303370786516854,0.06472321516829782,522,"Sir, the wedding is in one hour… will the groom be alive and ready?"
803,4,19,66,89,1.303370786516854,0.05850646747994829,522,"Yes sir I checked again, he does not qualify to be part of your family cell plan"
803,7,13,69,89,1.303370786516854,0.06472321516829782,522,The #neverTrump crowd is wondering how you're doing on their new candidate.
803,5,17,67,89,1.303370786516854,0.06064956184421635,522,His HMO is not going to cover this.
803,4,19,66,89,1.303370786516854,0.05850646747994829,522,"Three for dinner, sir, or just you and Mrs. Frankenstein?"
803,4,19,66,89,1.303370786516854,0.05850646747994829,522,Your parole officer wants to stop by.
803,6,15,68,89,1.303370786516854,0.06271947039642953,522,The GOP has shown interest in your experiment becoming a third candidate
811,3,14,49,66,1.303030303030303,0.06817534286785877,522,"It's ConEd, Sir.... something about your bill."
812,3,20,63,86,1.302325581395349,0.05746531087532191,522,The Republican Party is on the phone. They want to know when they can expect the new candidate.
812,4,18,64,86,1.302325581395349,0.05979849300120281,522,"If I may be so bold sir, didn't you learn anything from the Trump incident?"
812,7,12,67,86,1.302325581395349,0.06630726354531177,522,"Good evening, Doctor. The New Yorker cartoon department sent me."
812,5,16,65,86,1.302325581395349,0.062043997102317734,522,There's a Ms. Shelley here to see you.
816,4,11,48,63,1.3015873015873016,0.07379314244876146,522,"Sir, shall I inform the morgue or prepare the guest room?"
817,6,13,64,83,1.3012048192771084,0.06580262332363916,522,How many for supper?
818,7,14,72,93,1.3010752688172043,0.06263824586399258,522,We blew a fuse Sir. Shall I barbecue?
818,6,16,71,93,1.3010752688172043,0.06074368900734789,522,"I'm afraid it's the Clinton campaign again, sir. Has the creature registered to vote?"
818,5,18,70,93,1.3010752688172043,0.05878810818120285,522,"Excuse me, sir, there is a mob at the door."
821,5,17,68,90,1.3,0.06006654653369374,522,"Sir, there's an angry mob here to see you."
821,6,15,69,90,1.3,0.06211020771678133,522,"Sir, there's a Ms. Shelley here to see you. Shall I send her in?"
821,2,20,58,80,1.3,0.057368451613289434,522,Will you be two for dinner tonight?
821,6,15,69,90,1.3,0.06211020771678133,522,I'd like to discuss my job security before he wakes up.
821,4,19,67,90,1.3,0.05795085954795724,522,The Republican Party is here to pick up their candidate.
821,4,19,67,90,1.3,0.05795085954795724,522,"Sir, the weather is forecast to be stormy tonight. Shall I set an extra place for dinner?"
821,3,18,59,80,1.3,0.06006325779300405,522,He'll need formal wear for dinner
821,7,13,70,90,1.3,0.06408873374282763,522,Shaken... not stirred
821,4,22,74,100,1.3,0.054122942725732585,522,"Dr. Klein from next door is upstairs, he wonders if you might lend him a hand."
821,7,13,70,90,1.3,0.06408873374282763,522,"I am pro-life too, sir, but you're taking this Creationism thing too far."
821,7,19,84,110,1.3,0.055625940031040794,522,We'll enter him as a third-party candidate.
821,4,19,67,90,1.3,0.05795085954795724,522,Some frankincense would really freshen this place up.
821,4,19,67,90,1.3,0.05795085954795724,522,"I'm afraid we're in for some bad weather, Sir. Not a cloud in the sky."
821,6,15,69,90,1.3,0.06211020771678133,522,I assume you think global warming is possible too?
835,5,19,73,97,1.2989690721649485,0.05707080302488788,522,"Sir, it's me. Igor. Who knew that it's clothes that make the man."
835,6,17,74,97,1.2989690721649485,0.05892243367519672,522,"Sir, there's a gentleman on the phone claiming to be his biological father!"
837,7,12,68,87,1.2988505747126438,0.06563273865215431,522,"Sir, Mr. Trump would like to know if his running partner is ready."
837,5,16,66,87,1.2988505747126438,0.06142507607043006,522,This may be the year for a third party candidate.
837,6,14,67,87,1.2988505747126438,0.06356373318662187,522,"Shall I assume your guest will be staying for dinner, Sir?"
837,6,14,67,87,1.2988505747126438,0.06356373318662187,522,"Am I to assume it will be two for dinner this evening, sir?"
837,6,14,67,87,1.2988505747126438,0.06356373318662187,522,Mrs. Shelley would like to have her book back.
842,4,20,70,94,1.297872340425532,0.056249329000888804,522,Will your friend be re-animated in time for lunch Sir ?
842,7,14,73,94,1.297872340425532,0.06205101781007094,522,"His Obamacare paperwork is complete, sir."
842,7,14,73,94,1.297872340425532,0.06205101781007094,522,Shall I set any extra place at dinner?
842,3,22,69,94,1.297872340425532,0.054177545289954394,522,A Mr. Mel Brooks to see you sir
846,7,11,66,84,1.2976190476190477,0.06728008502315849,522,"Carson, put him on ice for Lady Edith. She has such trouble keeping a man."
846,4,17,63,84,1.2976190476190477,0.06054770551217313,522,May I be frank?
846,1,23,60,84,1.2976190476190477,0.052966399206046136,522,The other applicant from Monster.com is waiting for you in the parlor.
846,3,19,62,84,1.2976190476190477,0.05813056777758131,522,"It's the villagers, sir. Seems their idiot is missing."
846,2,21,61,84,1.2976190476190477,0.05560846318231704,522,"A magazine salesman at the door, sir...wondering if you'd be interested in receiving 'Life'."
851,5,12,57,74,1.2972972972972974,0.06865106824061416,522,Shall I make up the guest room sir?
851,2,18,54,74,1.2972972972972974,0.06001890893494096,522,"A knock at the door Sir, says her name is ""Bride."
853,4,19,68,91,1.2967032967032968,0.0574052396312373,522,"The caller says he's pro life, sir. Shall I admit him?"
853,5,17,69,91,1.2967032967032968,0.059494216368652354,522,"Excuse me doctor, your first mistake has arrived for dinner."
853,6,15,70,91,1.2967032967032968,0.06151229166207569,522,He opted out of Obamacare.
853,6,15,70,91,1.2967032967032968,0.06151229166207569,522,"Sir, your ex-wife wants to know if you have seen her lawyer yet?"
853,4,19,68,91,1.2967032967032968,0.0574052396312373,522,Our hope is that he will unite the party.
853,4,19,68,91,1.2967032967032968,0.0574052396312373,522,The dinner guests want to know when the vegetable will be ready.
853,5,17,69,91,1.2967032967032968,0.059494216368652354,522,Your Amazon delivery of spare body parts has arrived sir.
853,5,17,69,91,1.2967032967032968,0.059494216368652354,522,"Will it be one or two for dinner tonight, sir?"
853,6,15,70,91,1.2967032967032968,0.06151229166207569,522,"I smell it too , but it wasn't me !"
853,3,21,67,91,1.2967032967032968,0.055237317937419206,522,"Sir, could you spare a little electricity for my waffle maker?"
853,7,13,71,91,1.2967032967032968,0.06346622936428876,522,He's going to have a ghastly sense of white privilege.
853,6,15,70,91,1.2967032967032968,0.06151229166207569,522,Madam wishes to know if your new friend requires gluten free.
853,4,19,68,91,1.2967032967032968,0.0574052396312373,522,"There's a gentleman by the name of Mel Brooks to see you, sir."""
853,5,17,69,91,1.2967032967032968,0.059494216368652354,522,"Sir, the spleen you ordered has just arrived."
853,4,19,68,91,1.2967032967032968,0.0574052396312373,522,"They are out of cerebrospinal fluid, sir. Would a nice Chianti work for you?"
853,7,13,71,91,1.2967032967032968,0.06346622936428876,522,"Sir, the orange wig has arrived."
869,8,8,65,81,1.2962962962962963,0.07124216319137534,522,Some scouts are here selling cookies. Should I kill them?
869,3,18,60,81,1.2962962962962963,0.059432616799560044,522,"Excuse me, Sir, but cook wishes to know if your guest has any particular food issues?"
869,5,14,62,81,1.2962962962962963,0.0644167671515781,522,"I'm afraid it's the villagers again, sir. Another complaint about deficits in the power grid."
869,3,18,60,81,1.2962962962962963,0.059432616799560044,522,"Pardon me, sir, but the meter man is here to check on some ""unusual activity""."
869,3,18,60,81,1.2962962962962963,0.059432616799560044,522,Why don't we start by restarting the router?
869,4,16,61,81,1.2962962962962963,0.06197481678030189,522,Trump's hand has arrived. Might not be the match we thought.
869,5,14,62,81,1.2962962962962963,0.0644167671515781,522,Will he be staying for supper?
876,6,14,68,88,1.2954545454545454,0.06292896865847025,522,"Shall I prepare the guest suite, or will he be an outpatient?"
876,2,22,64,88,1.2954545454545454,0.053991879176445545,522,"Together you can make this country great again, m'lord."
876,3,20,65,88,1.2954545454545454,0.05635916994471799,522,Cook is asking if there will be two for dinner.
876,5,16,67,88,1.2954545454545454,0.060817942061245564,522,"Mr. Ryan called, and asked that he be ready by next week."
876,6,14,68,88,1.2954545454545454,0.06292896865847025,522,"Pardon me, do you have any Grey Matter Poupon?"
876,5,16,67,88,1.2954545454545454,0.060817942061245564,522,"Have a seat Jeeves I'll be right with you. By the way, would you happen to know what your IQ is?"
876,4,18,66,88,1.2954545454545454,0.058630956471059835,522,What about 'Liam' or 'Mason'?
876,5,16,67,88,1.2954545454545454,0.060817942061245564,522,The GOP Chairman would like to know if the alternative presidential candidate is ready?
876,3,20,65,88,1.2954545454545454,0.05635916994471799,522,"Sir, this Avon lady says she has a revitalizing cream."
876,4,18,66,88,1.2954545454545454,0.058630956471059835,522,Will there be two for dinner?
876,6,14,68,88,1.2954545454545454,0.06292896865847025,522,"I'm sorry, sir. I thought YOU paid the electric bill."
876,7,12,69,88,1.2954545454545454,0.0649714407741774,522,"Sir, there is a bride at the front door"
876,5,16,67,88,1.2954545454545454,0.060817942061245564,522,"I could find no brain for the creature, Sir. Perhaps some sweetbreads?"
889,5,13,60,78,1.294871794871795,0.06607036269638067,522,You have a phone call from the Republican National Committee
889,3,17,58,78,1.294871794871795,0.060821806622548005,522,Some villagers to see you. They appear quite miffed.
889,4,15,59,78,1.294871794871795,0.06350033459621263,522,Will you both be dining this evening?
889,3,17,58,78,1.294871794871795,0.060821806622548005,522,"Excuse me Doctor, there's a man at the door asking if you can make it look more vice-presidential."
893,8,12,75,95,1.2947368421052632,0.06326977772044287,522,"A Mr. Trump to see you, sir. He says he's due for a tune-up and a styling."
893,6,16,73,95,1.2947368421052632,0.059624964916780314,522,"Doctor, will the gentlemen with pitchforks be joining us for dinner?"
895,1,23,61,85,1.2941176470588236,0.05245654307003524,522,Should I tell the mob with torches and pitchforks at the door that you're busy?
895,3,19,63,85,1.2941176470588236,0.05754922241433255,522,"""Sir, there is an app for that?"
895,4,17,64,85,1.2941176470588236,0.05993350519794619,522,"Sir, Mr. Trump is here now, and wants to know if you've been able to unify the various parts."
895,4,17,64,85,1.2941176470588236,0.05993350519794619,522,"A mob of torch-wielding villagers here to see you, sir."
895,5,15,65,85,1.2941176470588236,0.06222649829558281,522,Would you be needing another brain sir?
895,3,19,63,85,1.2941176470588236,0.05754922241433255,522,"Sir, the press wishes to know if Mr. Cruz will be returning."
895,3,19,63,85,1.2941176470588236,0.05754922241433255,522,"The Society for Responsible Resurrection is at the door, Sir."
895,7,11,67,85,1.2941176470588236,0.06657598050172468,522,"Apparently, your last creation will be the Republican nominee."
895,6,13,66,85,1.2941176470588236,0.06443794794178426,522,The village mob here to see you Sir.
895,3,19,63,85,1.2941176470588236,0.05754922241433255,522,"I'ts the Homeowners Association again, sir. They ask you not run the Tesla coil after 10 PM."
895,4,17,64,85,1.2941176470588236,0.05993350519794619,522,"A man from the power company is here for you, Sir."
906,4,19,69,92,1.2934782608695652,0.05686935993101575,522,"It's your bridge club calling, sir. They're expecting you to bring a fourth tonight as promised."
906,6,15,71,92,1.2934782608695652,0.06092542314536813,522,"Sir, did you forget it's your bowling night?"
906,4,19,69,92,1.2934782608695652,0.05686935993101575,522,"Sir, villagers with pitchforks to see you."
906,3,21,68,92,1.2934782608695652,0.05472871783373013,522,Master. Am I to be replaced by the new technology?
906,3,21,68,92,1.2934782608695652,0.05472871783373013,522,Might I suggest the using of responsibly-sourced ingredients?
906,5,17,70,92,1.2934782608695652,0.05893229710610973,522,There's a man from the electric company at the door for you.
912,3,16,56,75,1.2933333333333332,0.06230796323330014,522,"The mob seems to be here early, Sir. Shall I ask them to wait?"
912,4,14,57,75,1.2933333333333332,0.06513557125444316,522,Did you order the two bolts from Amazon?
912,5,12,58,75,1.2933333333333332,0.06784543465114659,522,"Igor, I think you've been binge-watching too much Downton Abbey."
915,5,14,63,82,1.2926829268292683,0.06372886729704523,522,Your electric bill has arrived
915,6,12,64,82,1.2926829268292683,0.06604909272061756,522,He'd better be ready by the convention......
915,1,22,59,82,1.2926829268292683,0.05345008922307864,522,"Liver, again, tonight sir?"
915,4,16,62,82,1.2926829268292683,0.06132091327363013,522,"The GOP on the telephone, sir, inquiring if you've got anything for them yet."
915,4,16,62,82,1.2926829268292683,0.06132091327363013,522,We're good to go. Macy's Big and Tall can accommodate him.
915,4,16,62,82,1.2926829268292683,0.06132091327363013,522,Hubris is served.
915,6,12,64,82,1.2926829268292683,0.06604909272061756,522,A Mr. Trump called asking if his VP candidate will be ready to be introduced at the convention?
915,8,8,66,82,1.2926829268292683,0.07046070460704607,522,You think he could win the GOP nomination?
915,5,14,63,82,1.2926829268292683,0.06372886729704523,522,"There's a Miss Shelley to see you, sir. She wishes to discuss copyright issues."
915,4,16,62,82,1.2926829268292683,0.06132091327363013,522,"Those people with the pitchforks are here again, sir."
925,4,18,67,89,1.2921348314606742,0.05806341675639466,522,"Sir, the electric bill has arrived."
925,5,16,68,89,1.2921348314606742,0.0602222797670426,522,"If you want to give him a jolt, I suggest caffè mocha with a shot."
925,4,18,67,89,1.2921348314606742,0.05806341675639466,522,I believe its Abracadabra sir.
925,7,12,70,89,1.2921348314606742,0.06432299907627366,522,"Excuse me, but they need an answer. Will you be done in time for the convention, or will they go with the presumptive nominee?"
929,3,15,54,72,1.2916666666666667,0.06390249565929877,522,Let's call him Jeeves.
930,6,11,62,79,1.2911392405063291,0.06777374854096628,522,"Sir, Mr. Donald Trump called and asked if the vice-presidential candidate is ready."
930,6,11,62,79,1.2911392405063291,0.06777374854096628,522,The press is clamoring at the gate. Shall I wake the presumptive nominee?
932,4,17,65,86,1.2906976744186047,0.05933115363788266,522,"The parts from Amazon will arrive on friday, sir."
932,4,17,65,86,1.2906976744186047,0.05933115363788266,522,I presume you'll take your wine with the muenster again?
932,7,11,68,86,1.2906976744186047,0.06588610798684778,522,"I'm replacing Igor, who has taken off for Hump Day."
932,4,17,65,86,1.2906976744186047,0.05933115363788266,522,"There is a minor change. The master now prefers a 5 foot two, eyes of blue and somewhat blonde tap dancer."
932,7,11,68,86,1.2906976744186047,0.06588610798684778,522,"Should I set another service for dinner, Sir?"
932,5,15,66,86,1.2906976744186047,0.061593697755692074,522,"The angry villagers are here to see you, Sir."
932,4,17,65,86,1.2906976744186047,0.05933115363788266,522,"Cook wonders whether you might be needing any more organs, sir."
932,4,17,65,86,1.2906976744186047,0.05933115363788266,522,Will you be dining after flouting God's dominion over life and death?
932,4,17,65,86,1.2906976744186047,0.05933115363788266,522,"Sir, Madam says you've blown the fuse to the expresso machine again."
932,4,17,65,86,1.2906976744186047,0.05933115363788266,522,"Sir, they are here to see the third-party candidate."
932,7,11,68,86,1.2906976744186047,0.06588610798684778,522,"Sir, your wife asked me to remind you that the poster for Timmy's science fair project is due on Thursday."
932,3,19,64,86,1.2906976744186047,0.05697883800837401,522,"If he can learn to speak by the convention in July, that's fine. But it's not a deal-breaker."
944,5,17,71,93,1.2903225806451613,0.058380522877471835,522,"There's a Ms. Shelley at the drawbridge. She claims she invented you, sir."
944,5,17,71,93,1.2903225806451613,0.058380522877471835,522,Will that be an extra place at the table tonight?
946,2,18,56,76,1.2894736842105263,0.05868676731114994,522,There is an angry mob to see you sir.
946,4,14,58,76,1.2894736842105263,0.06438859404737743,522,"I'm afraid the forecast calls for clear skies and sun all week, Doctor."
946,3,16,57,76,1.2894736842105263,0.06160368374062961,522,"Missionaries at the door, sir. They would like to know if the master of the house is ‘pro-life.’"
946,5,12,59,76,1.2894736842105263,0.06705794685479437,522,"Triple A is here to charge the batteries, sir."
950,3,18,62,83,1.2891566265060241,0.05820843837914612,522,"Igor's been delayed at the chiropractor, sir."
950,6,12,65,83,1.2891566265060241,0.06534368660666384,522,"Dinner for one or two tonight, sir?"
950,6,12,65,83,1.2891566265060241,0.06534368660666384,522,He says he has to go.
950,4,16,63,83,1.2891566265060241,0.06068015045143841,522,"Angry mob outside for you, sir."
950,3,18,62,83,1.2891566265060241,0.05820843837914612,522,"You're seven o'clock angry mob is at the door, sir."
950,3,18,62,83,1.2891566265060241,0.05820843837914612,522,"Some villagers are here to see you, Sir"
950,4,16,63,83,1.2891566265060241,0.06068015045143841,522,"Sir, the neighbors are complaining about the incessant thunder and lightning over the house."
950,5,14,64,83,1.2891566265060241,0.06305504753054708,522,"The rabble has been roused, sir,"
950,6,12,65,83,1.2891566265060241,0.06534368660666384,522,His insurance agent wants to know if this is outpatient surgery before he approves the claim
950,4,16,63,83,1.2891566265060241,0.06068015045143841,522,How very Retro of you Doctor
950,6,12,65,83,1.2891566265060241,0.06534368660666384,522,"Perhaps you could call him Donald Trump, Sir. Then nobody would be the wiser."
950,3,18,62,83,1.2891566265060241,0.05820843837914612,522,"The electrical company would like to have a word with you, sir."
950,7,10,66,83,1.2891566265060241,0.06755483505730919,522,"It's the Republicans again, sir. It seems they are not happy with your last batch."
950,4,16,63,83,1.2891566265060241,0.06068015045143841,522,"Sir, a census taker is at the door--what number should I give him?"
950,5,14,64,83,1.2891566265060241,0.06305504753054708,522,"Monster Lives Matter called again, sir."
965,4,18,68,90,1.288888888888889,0.05750632477714423,522,"There's storms predicted for this evening, shall we plan on a guest for dinner?"
965,3,20,67,90,1.288888888888889,0.05529276172553749,522,"I am truly flattered, sir. But I do not think that naming him ""Jeeves"" will fool the villagers."
965,5,16,69,90,1.288888888888889,0.05963778399229569,522,"Sir, did you want the brain on ice or served room temperature?"
965,6,14,70,90,1.288888888888889,0.06169564951963022,522,"Should I set the table for three, sir?"
965,4,18,68,90,1.288888888888889,0.05750632477714423,522,"Quite a large carbon footprint, my Lordship."
970,3,22,72,97,1.288659793814433,0.05275641621252247,522,There's a woman at the door who says she's his bride.
971,3,17,60,80,1.2875,0.05951744239604964,522,"Sir, the Addams have arrived."
971,1,21,58,80,1.2875,0.053938989209680446,522,The CPR instructor has arrived.
971,5,13,62,80,1.2875,0.06461607649627257,522,It's either this or Trump.
974,2,21,64,87,1.2873563218390804,0.05399824261055602,522,"Perhaps you could use a 'jolt' yourself, sir."
974,6,13,68,87,1.2873563218390804,0.06312719723285842,522,"'Sir, she claims to be his wife."""
974,6,13,68,87,1.2873563218390804,0.06312719723285842,522,"Your order of sweetbreads has arrived, sir"
974,7,11,69,87,1.2873563218390804,0.06521005472193797,522,"Will it be dinner for one or two this evening, sir?"
974,5,15,67,87,1.2873563218390804,0.06097323038936246,522,"Shall I set an extra place, milord?"
974,5,15,67,87,1.2873563218390804,0.06097323038936246,522,"Shall I alert the villagers or the media, sir?"
974,4,17,66,87,1.2873563218390804,0.05874033212156991,522,Will dinner be for one or two?
974,5,15,67,87,1.2873563218390804,0.06097323038936246,522,The ACLU wants to confirm bathroom preference.
974,6,13,68,87,1.2873563218390804,0.06312719723285842,522,They're at the door wondering when you'll have the superdelegates ready.
974,5,15,67,87,1.2873563218390804,0.06097323038936246,522,"Should I lay an extra place for dinner this evening, Sir?"
974,6,13,68,87,1.2873563218390804,0.06312719723285842,522,Our alternative to the presumptive nominee is ready.
974,4,17,66,87,1.2873563218390804,0.05874033212156991,522,"Is there anything you require, sir? Coffee? Tea? A cerebellum?"
974,7,11,69,87,1.2873563218390804,0.06521005472193797,522,"Yes, sir, I agree. Totally unnecessary to name the monster. There will never be confusion."
974,3,19,65,87,1.2873563218390804,0.05641913160790764,522,"I'm afraid I'm not willing to 'lend a hand' on this one, Sir."
988,2,20,62,84,1.2857142857142858,0.05506848750902308,522,"Sir, it's the man from the morgue inquiring about your parts order."
988,3,18,63,84,1.2857142857142858,0.05761423477905696,522,Will it being using the mens room or the womens room?
988,7,10,67,84,1.2857142857142858,0.066834474485521,522,"Sir, shall I expect two for dinner?"
988,3,18,63,84,1.2857142857142858,0.05761423477905696,522,I think we have created Trump's running mate. We used spare parts from Reagan and Nixon.
988,6,12,66,84,1.2857142857142858,0.0646528054078931,522,We appear to be out of sweetbreads.
988,5,14,65,84,1.2857142857142858,0.06239489974722314,522,"With respect to Mr. Igor, Sir, we all had a hunch he wouldn't be back."
988,7,12,72,91,1.2857142857142858,0.06306326510375779,522,"Sir, Mr. Trump is on the phone for you. He's inquiring on the status of his running mate."
988,6,12,66,84,1.2857142857142858,0.0646528054078931,522,"The institutional review board got back to us, sir. They have some questions."
988,4,16,64,84,1.2857142857142858,0.06005215884396798,522,Will your friend be staying for dinner or just drinks?
988,3,18,63,84,1.2857142857142858,0.05761423477905696,522,Don't forget he's lactose intolerant
988,2,20,62,84,1.2857142857142858,0.05506848750902308,522,"Pardon me, Sir, shall I have the violently angry townspeople wait in the library?"
988,8,8,68,84,1.2857142857142858,0.0689471443382583,522,"Sir, Dr Faust is here with the soul."
988,6,14,71,91,1.2857142857142858,0.06109644147858852,522,"Should I keep telling your mom you are playing PlayStation, sir?"
988,6,12,66,84,1.2857142857142858,0.0646528054078931,522,"Cheeves, have I ever told you how much I appreciate you for your mind."
988,6,12,66,84,1.2857142857142858,0.0646528054078931,522,"Sir, I’m afraid she’s out of Tagalongs and Do-si-dos as well."
988,4,18,69,91,1.2857142857142858,0.05695941250527522,522,Do you think he'll be ready for a Third Party run?
988,4,16,64,84,1.2857142857142858,0.06005215884396798,522,"At the door, sir, is a man who says he has a large organ you would appreciate."
988,4,16,64,84,1.2857142857142858,0.06005215884396798,522,Your organ donor is in the foyer. He'd like to meet the recipient.
988,5,14,65,84,1.2857142857142858,0.06239489974722314,522,"'No lightening is forecast Sir, however the Tesla is fully charged'"
988,4,16,64,84,1.2857142857142858,0.06005215884396798,522,"The anti-doping committee would like a word with you, sir."
988,5,12,60,77,1.2857142857142858,0.06628802409532993,522,"I'm afraid the power surges are playing havoc with your wife's hair dryer, sir."
988,5,14,65,84,1.2857142857142858,0.06239489974722314,522,"If you're done playing God, sir, the Modernists are waiting."
1010,4,17,67,88,1.2840909090909092,0.058160732039763394,522,Can you lend me a hand Jeeves?
1010,4,17,67,88,1.2840909090909092,0.058160732039763394,522,"Sir, Mrs. Shelley called down to ask why her fuses keep blowing."
1010,5,15,68,88,1.2840909090909092,0.060364756035743816,522,GE called about sponsorship opportunities again.
1010,4,17,67,88,1.2840909090909092,0.058160732039763394,522,Sir! I'm afraid we are out of liver.
1010,5,15,68,88,1.2840909090909092,0.060364756035743816,522,Will there be two for tea?
1010,4,17,67,88,1.2840909090909092,0.058160732039763394,522,The power company is here to read the meter.
1016,5,13,63,81,1.2839506172839505,0.06391199558293721,522,"You've been accepted at U. C. Berkeley, sir."
1016,4,15,62,81,1.2839506172839505,0.061449989455529964,522,"Sir, shall I set another place for dinner?"
1016,3,17,61,81,1.2839506172839505,0.05888513588993492,522,Your mother would like you to clear your science project off of the table for dinner.
1016,6,11,64,81,1.2839506172839505,0.06628261578047466,522,"There is a Mary Shelley at the door, sir."
1016,4,15,62,81,1.2839506172839505,0.061449989455529964,522,I've come to pick up our third-party candidate.
1016,4,15,62,81,1.2839506172839505,0.061449989455529964,522,Can you restore a sex life?
1016,4,15,62,81,1.2839506172839505,0.061449989455529964,522,Will I be setting an extra place for dinner?
1016,3,17,61,81,1.2839506172839505,0.05888513588993492,522,Shall I show the angry mob downstairs or have them wait in the study?
1024,6,18,82,106,1.2830188679245282,0.05487012679245056,522,"A pitchfork-wielding horde at the door for you, sir."
1025,6,14,72,92,1.2826086956521738,0.06050845035913782,522,"Will the gentleman be joining us for lunch, Sir?"
1025,9,8,75,92,1.2826086956521738,0.0661660577228412,522,Your guests have arrived...THEY'VE ARRIIIIVED!!!
1025,5,16,71,92,1.2826086956521738,0.05850111983222951,522,Don't forget the dimples.
1028,3,18,64,85,1.2823529411764707,0.057031527734309743,522,And for your guest?
1028,6,12,67,85,1.2823529411764707,0.06397602121235052,522,Trump called requesting a VP.
1028,5,14,66,85,1.2823529411764707,0.061748030295266876,522,"I am afraid she is gone, sir. Her exact words were: ""He'll never make a real man."""
1028,5,14,66,85,1.2823529411764707,0.061748030295266876,522,"The GOP called again, sir. They say that even if you miss the primaries, if you can get him finished by the convention, they'll push him through."
1028,6,12,67,85,1.2823529411764707,0.06397602121235052,522,Hobson at your service. Igor called in sick.
1028,3,18,64,85,1.2823529411764707,0.057031527734309743,522,The butcher has a special on brains. Would you like me to order some?
1028,7,10,68,85,1.2823529411764707,0.06612899012521703,522,I do hope that your candidate will be ready in time for the election sir.
1028,4,16,65,85,1.2823529411764707,0.05943658133277241,522,"Excuse me, Sir, God would like a word."
1028,8,8,69,85,1.2823529411764707,0.06821404092852862,522,"We need Rand Paul’s hair for the running mate by July. Mr. Trump says to focus on that, a brain doesn’t matter."
1037,6,10,62,78,1.2820512820512822,0.06802830867879148,522,"I'm sorry sir, the eye of newt is on backorder."
1037,6,10,62,78,1.2820512820512822,0.06802830867879148,522,The internet is down and the children wanted me to tell you that they're bored.
1037,4,14,60,78,1.2820512820512822,0.0629432293078157,522,It's the RNC sir.
1037,4,14,60,78,1.2820512820512822,0.0629432293078157,522,"A problem, Sir... Twitter has reported his identity has been stolen."
1037,3,16,59,78,1.2820512820512822,0.06023993511530318,522,"Sir, the electrical storm has begun. Shall I set the dinner table tonight for two?"
1037,4,14,60,78,1.2820512820512822,0.0629432293078157,522,Will our guest be needing another charge this evening?
1037,5,12,61,78,1.2820512820512822,0.0655351085197591,522,I think you're right about the cufflinks. It sends the wrong message.
1044,4,17,68,89,1.2808988764044944,0.05759205458226946,522,The villagers are here. They want selfies with him.
1045,5,13,64,82,1.2804878048780488,0.06322267288503093,522,"Your YouTube Video has just gone viral, sir."
1045,3,17,62,82,1.2804878048780488,0.05826558265582657,522,Congratulations sir. And to think this all started with that little chemistry set I gave you when you were just a lad.
1045,5,13,64,82,1.2804878048780488,0.06322267288503093,522,"Perhaps not, m'lord. You named the last one Trump, and look what happened."
1045,4,15,63,82,1.2804878048780488,0.06079467282974136,522,Will you be dining alone sir or will your monster be joining you?
1045,4,15,63,82,1.2804878048780488,0.06079467282974136,522,"Truth be told, sir, I've never felt like an Igor."
1045,5,13,64,82,1.2804878048780488,0.06322267288503093,522,"The entire population of the village is here to see you, my lord."
1045,5,13,64,82,1.2804878048780488,0.06322267288503093,522,"Sir, his bride wondered if it were possible to reanimate the final appendage as well?"
1045,7,9,66,82,1.2804878048780488,0.06781839434277616,522,"Apparently, Trump's brain is available."
1053,4,13,58,75,1.28,0.06454274371116994,522,"The cook says there'll be no kidney pie for dinner, sir. The kidneys have disappeared."
1053,2,17,56,75,1.28,0.05869450608911404,522,The brain you ordered from Amazon just arrived.
1053,5,11,59,75,1.28,0.06727649014422592,522,"He grunts and growls and is lifeless, but he should be ready for the election"
1053,5,11,59,75,1.28,0.06727649014422592,522,"Sir, the cable man is here."
1053,3,15,57,75,1.28,0.061687968076484787,522,I'll take a pot of tea and he needs a great deal of juice.
1058,6,12,68,86,1.2790697674418605,0.06331292183532768,522,"Message from e-bay,Sir. They don't stock testicles."
1058,3,18,65,86,1.2790697674418605,0.05646000918945887,522,Universal called. Is it pronounced Steen or Stein.
1058,3,18,65,86,1.2790697674418605,0.05646000918945887,522,The grave-robber is here — he has a special on a spleen
1058,1,22,63,86,1.2790697674418605,0.05138615587138972,522,I need your credit card. I found a used pancreas in good condition on-line.
1058,6,12,68,86,1.2790697674418605,0.06331292183532768,522,It's the GOP at the door. They want their money back.
1058,3,18,65,86,1.2790697674418605,0.05646000918945887,522,"Sir, shall I add an extra place setting for dinner this evening?"
1064,4,14,61,79,1.2784810126582278,0.06224385059028908,522,The part isn't shipping Amazon Prime.
1064,5,12,62,79,1.2784810126582278,0.06479866419247653,522,"The difference, sir, is that I can make a dry martini while he can only pee in a cup."
1064,3,16,60,79,1.2784810126582278,0.05957958535843566,522,"Mr. Paul Ryan said he expects to support your monster, but he's not there yet."
1064,6,10,63,79,1.2784810126582278,0.06725650025055162,522,"Have you forgottten about the Loewenstein bris, Sir?"
1064,6,10,63,79,1.2784810126582278,0.06725650025055162,522,"Another attempt to re-generate the Republican Party, sir?"
1064,2,18,59,79,1.2784810126582278,0.05679046615991113,522,"Sir, theres's someone from the power company at the door about an overdue electric bill."
1064,3,16,60,79,1.2784810126582278,0.05957958535843566,522,"Dinner is severed, sir."
1064,4,14,61,79,1.2784810126582278,0.06224385059028908,522,"Excuse me sir, but I believe the formula stated ""shaken not stirred""."
1064,5,12,62,79,1.2784810126582278,0.06479866419247653,522,"A Mr. Reince Prebius is here to see you, sir."
1064,5,12,62,79,1.2784810126582278,0.06479866419247653,522,Will the Monster be dining with the Master?
1064,3,16,60,79,1.2784810126582278,0.05957958535843566,522,Mary Shelley is here to discuss the film rights.
1064,2,18,59,79,1.2784810126582278,0.05679046615991113,522,"Someone named Mary Shelley is waiting to see you, sir."
1064,3,16,60,79,1.2784810126582278,0.05957958535843566,522,You can't replace me; I know where all the bones are buried.
1064,5,12,62,79,1.2784810126582278,0.06479866419247653,522,"Shall I add another place setting this evening, sir?"
1078,6,15,76,97,1.2783505154639174,0.05814698027153854,522,"They're back--Thin Mints, Tagalongs, or Do-Si-Dos?"
1079,5,10,57,72,1.2777777777777777,0.06915039466443099,522,The townsfolk are requesting your preference: Tar or feathers?
1079,6,13,71,90,1.2777777777777777,0.06125564567275379,522,"Sir, the RNC would like your advice on some problems it's having."
1079,5,15,70,90,1.2777777777777777,0.05918248251508745,522,A Mrs. Shelley to see you sir.
1079,5,15,70,90,1.2777777777777777,0.05918248251508745,522,He wants to know how soon he can get up and scare the crap out of someone.
1079,5,10,57,72,1.2777777777777777,0.06915039466443099,522,"The venture capitalists are here, sir. Shall I send them in?"
1079,6,13,71,90,1.2777777777777777,0.06125564567275379,522,Igor has called in sick. Is there anything I can get you?
1079,2,16,54,72,1.2777777777777777,0.06006719705512129,522,Does the guest have any dietary restrictions?
1086,2,19,62,83,1.2771084337349397,0.05505120906187008,522,"Shall I set an additional place setting at the dinner table, sir?"
1086,2,19,62,83,1.2771084337349397,0.05505120906187008,522,"For tonight, an extra table setting next to the electric outlet?"
1086,3,17,63,83,1.2771084337349397,0.05765842505171362,522,"Sir, will there be two for dinner tonight?"
1086,4,15,64,83,1.2771084337349397,0.06015274174727554,522,"Sir, it's a Mister Sanders to see you, he wants to know if you can bring his campaign back to life."
1086,5,13,65,83,1.2771084337349397,0.06254766742241294,522,"Sir, a Mr. Trump is at the door. He would like to know if you would serve as the head of the National Science Foundation in his administration."
1086,4,15,64,83,1.2771084337349397,0.06015274174727554,522,"Shall we set dinner for two, sir?"
1086,3,17,63,83,1.2771084337349397,0.05765842505171362,522,"Sir, will our guest be ready by dinnertime?"
1086,6,11,66,83,1.2771084337349397,0.06485421389744174,522,Kindly let me know the next time you plan to use all the bacon
1086,3,17,63,83,1.2771084337349397,0.05765842505171362,522,We have a problem sir. Cook mistakenly prepared brains and eggs for breakfast.
1086,4,15,64,83,1.2771084337349397,0.06015274174727554,522,Pardon me sir but there is an angry mob of villagers here to see you.
1086,2,19,62,83,1.2771084337349397,0.05505120906187008,522,"Shall I make him a Netflix profile, sir?"
1086,6,11,66,83,1.2771084337349397,0.06485421389744174,522,"Sir, the attorney representing Ted Williams has come in person."
1098,4,13,59,76,1.2763157894736843,0.06379430819500599,522,"A villager calling sir, something about a missing puppy."
1098,6,9,61,76,1.2763157894736843,0.06907581446529835,522,"Speaker Ryan, party leaders are concerned that the straps may not hold."
1098,4,13,59,76,1.2763157894736843,0.06379430819500599,522,"I'm sorry to interrupt, Sir, but the latest primary results are coming in and you did say you wanted to keep up with your earlier works."
1098,5,11,60,76,1.2763157894736843,0.06648752477767439,522,Will he be staying for dinner?
1098,3,15,58,76,1.2763157894736843,0.06098226434871825,522,I'll set another place at the table.
1098,4,13,59,76,1.2763157894736843,0.06379430819500599,522,You are having vegetables for dinner sir. The liver was missing from the pantry.
1104,7,15,83,105,1.276190476190476,0.05660614861831635,522,The Republicans called sire. They wanted to know if he'll be ready in time for the convention.
1105,7,13,78,98,1.2755102040816326,0.05941826877122742,522,So this is why you never take me dancing anymore.
1106,2,15,52,69,1.2753623188405796,0.06153776060943875,522,"Sir, will there be two of you dining tonight?"
1107,4,14,62,80,1.275,0.0615593775311716,522,I'm from the service. Igor has the day off today.
1107,4,14,62,80,1.275,0.0615593775311716,522,"It's the committee chairman, sir. He wants to know if the candidate is ready."
1107,2,18,60,80,1.275,0.05618403304872525,522,How shall I explain the missing help?
1107,6,10,64,80,1.275,0.06650164174236887,522,"Sir, the brain you ordered from Amazon has arrived."
1107,6,10,64,80,1.275,0.06650164174236887,522,"Dr., I regret to inform you, your last creation will not be returning. He has become the presumptive GOP presidential nominee."
1107,5,12,63,80,1.275,0.06407817614623443,522,"Is the Vice President nominee ready yet, Sir?"
1107,3,16,61,80,1.275,0.05893302355914537,522,I was wondering if sir might have a moment for a chat about one's job security.
1107,1,20,59,80,1.275,0.053293431803719676,522,"The establishment will be relieved to have a new candidate, sir."
1107,5,12,63,80,1.275,0.06407817614623443,522,"Sir, we're no longer in need of another monster. We already have one running for president."
1107,4,14,62,80,1.275,0.0615593775311716,522,He wants to sign a living will.
1107,6,10,64,80,1.275,0.06650164174236887,522,Your mother requests that you return her measuring cup. Immediately.
1107,3,16,61,80,1.275,0.05893302355914537,522,"Angry mob to see you, sir. Shall I show them into the parlor?"
1107,3,16,61,80,1.275,0.05893302355914537,522,"I'm afraid it will have to wait young Master, Mummy wants you upstairs for dinner."
1107,5,12,63,80,1.275,0.06407817614623443,522,"You shrieked, sir?"
1107,2,18,60,80,1.275,0.05618403304872525,522,"Excuse me, Sir. There's a scarecrow at the door, and he's looking for a brain!"
1107,2,18,60,80,1.275,0.05618403304872525,522,"It's a Ms. Shelley, sir."
1107,4,14,62,80,1.275,0.0615593775311716,522,"Igor is out this week, sir. The temp agency sent me."
1107,5,12,63,80,1.275,0.06407817614623443,522,Are we ready to announce a new Apple product ?
1107,5,12,63,80,1.275,0.06407817614623443,522,"Sir, Igor just quit. He seemed bent about something but that's just a hunch."
1107,4,14,62,80,1.275,0.0615593775311716,522,"""The Yankees called. Can he hit a curve ball?'"
1107,2,18,60,80,1.275,0.05618403304872525,522,"Sir, a Mister Mel Brooks is at the door."
1107,4,14,62,80,1.275,0.0615593775311716,522,Shall I set another place at the dinner table?
1107,4,14,62,80,1.275,0.0615593775311716,522,"Sir, the usual for dinner? A frank and stein of beer?"
1107,3,16,61,80,1.275,0.05893302355914537,522,. . . and I don't do windows or raise the dead.
1107,4,14,62,80,1.275,0.0615593775311716,522,Another mob to see you sir.
1107,4,14,62,80,1.275,0.0615593775311716,522,Dinner is to be severed.
1107,5,12,63,80,1.275,0.06407817614623443,522,"The Republican National Committee has arrived, sir."
1134,4,12,57,73,1.273972602739726,0.06545785930060023,522,Will your creation be joining us for dinner this evening?
1134,4,12,57,73,1.273972602739726,0.06545785930060023,522,Is it too soon to know whether it will be two for dinner?
1134,4,12,57,73,1.273972602739726,0.06545785930060023,522,"Melania would like to know when her husband will be ready, sir."
1137,5,13,66,84,1.2738095238095237,0.06188655454031695,522,"Why no Sir, I don't think he's re-volting at all."
1137,7,9,68,84,1.2738095238095237,0.06636014691184276,522,"Sir, the Bachelorettes are waiting at the west gate."
1137,2,19,63,84,1.2738095238095237,0.0544918382414929,522,He asked me to remind you that it's his night to go bowling.
1140,4,13,60,77,1.2727272727272727,0.06306254323811782,522,The brains you ordered from Amazon have arrived sir.
1140,3,15,59,77,1.2727272727272727,0.06029196347774089,522,"There's a torch-wielding mob to see you, Sir."
1140,6,12,70,88,1.2727272727272727,0.06202620356554665,522,Will Your Lordship be dining alone this evening?
1140,4,13,60,77,1.2727272727272727,0.06306254323811782,522,"Excuse me, sir. Will there be two for tea this afternoon?"
1140,3,18,67,88,1.2727272727272727,0.05534935292479492,522,"Good evening sir, would it be presumptuous to set an additional place for dinner?"
1140,5,14,69,88,1.2727272727272727,0.05988336086844929,522,"Will we need another setting for dinner tonight, Doctor?"
1140,3,12,51,66,1.2727272727272727,0.06670903506412208,522,"Shall I set an extra place, sir?"
1147,5,12,64,81,1.271604938271605,0.06337314947017579,522,"So that would be TWO for dinner tonight, sir?"
1147,4,14,63,81,1.271604938271605,0.060889359484729344,522,Perhaps we should call it Monsterpiece Theatre.
1147,1,20,60,81,1.271604938271605,0.052740763859984746,522,"Doctor, his bride is at the door. She is hoping you can add some sparks back into their marriage."
1147,4,14,63,81,1.271604938271605,0.060889359484729344,522,"I'll have a martini, just give him some juice."
1147,3,16,62,81,1.271604938271605,0.05829984668206219,522,Is it plugged in sir?
1147,3,16,62,81,1.271604938271605,0.05829984668206219,522,"It's the villagers, sir. They say you're expecting them."
1147,1,20,60,81,1.271604938271605,0.052740763859984746,522,"Pardon me Sir, but I wonder if I might have a few words with you concerning my replacement."
1147,2,18,61,81,1.271604938271605,0.05558983853046629,522,"""Better make it a stiff one""."
1147,4,14,63,81,1.271604938271605,0.060889359484729344,522,Coach Belicheck is here. He wants to know if he will be ready to play the first four games of the season.
1147,3,16,62,81,1.271604938271605,0.05829984668206219,522,"Sir, when should I tell them the 3rd party candidate will be ready to run?"
1147,5,12,64,81,1.271604938271605,0.06337314947017579,522,It's election season; Mr. Igor should find plenty of unused brains.
1147,2,18,61,81,1.271604938271605,0.05558983853046629,522,"Sir, there's a man at the door with a large penis."
1147,4,14,63,81,1.271604938271605,0.060889359484729344,522,'Putin's brain is not available.'
1147,3,16,62,81,1.271604938271605,0.05829984668206219,522,Dying his hair orange is a brilliant disguise.
1161,3,13,54,70,1.2714285714285714,0.06409564725042376,522,"Sir, Con Ed has given its final notice."
1161,3,13,54,70,1.2714285714285714,0.06409564725042376,522,Madame has scheduled him for a fresh-fruit facial and eyebrow sculpting.
1161,2,15,53,70,1.2714285714285714,0.06077971142990491,522,"It's the yoga, sir; it's done wonders for my posture."
1164,1,21,63,85,1.2705882352941176,0.05128116404165499,522,I'd vote for him.
1164,2,19,64,85,1.2705882352941176,0.05394320930650174,522,"Master, the Baron says just one more reanimation, then it's bedtime."
1164,4,15,66,85,1.2705882352941176,0.05890750308679626,522,"Sir, the Jehova's Witnesses are here; should I tell them about the whole ""playing God"" thing?"
1164,2,19,64,85,1.2705882352941176,0.05394320930650174,522,The electric company is calling. They think they can save you money based on your usage.
1164,5,13,67,85,1.2705882352941176,0.06123892524153929,522,Will there be anything else sir... before I become his stereotypical first victim?
1164,6,11,68,85,1.2705882352941176,0.06348478565417674,522,"...or I could just bring you a stiff drink, and we could call it an evening."
1170,3,14,57,74,1.2702702702702702,0.061744650077089916,522,May I suggest a little macabre organ music to go along with our little experiment?
1170,6,8,60,74,1.2702702702702702,0.07016481706652564,522,"Sir, we just received notice that your electric bill is past due."
1170,3,14,57,74,1.2702702702702702,0.061744650077089916,522,"Sir, will your creation be dining with you this evening?"
1170,5,10,59,74,1.2702702702702702,0.06747494577273427,522,You might consider speeding this up. Mr. Trump has yet to name a running mate.
1174,6,9,63,78,1.2692307692307692,0.06747695286928555,522,"Sir, your mummy is waiting for you in the parlor."
1174,6,9,63,78,1.2692307692307692,0.06747695286928555,522,Will your guest be staying for dinner Sir?
1174,3,15,60,78,1.2692307692307692,0.05961659307208677,522,A Mrs. Shelley is here to see you sir.
1174,1,19,58,78,1.2692307692307692,0.05374139469275167,522,So that will be two for dinner?
1174,4,13,61,78,1.2692307692307692,0.06234692055364978,522,Your mother would like me to ask if you know why the electricity bill has gotten so high?
1174,4,13,61,78,1.2692307692307692,0.06234692055364978,522,"A Miss Abby Normal to see you, sir."
1174,5,11,62,78,1.2692307692307692,0.06496259566491668,522,There is a meter reader at the door Sir
1174,3,15,60,78,1.2692307692307692,0.05961659307208677,522,Might I suggest you just order a brain from Amazon.
1174,4,13,61,78,1.2692307692307692,0.06234692055364978,522,"A gentleman from the Homeowners' Association is here to see you, sir. Apparently your apparatus is visible from the street."
1174,6,9,63,78,1.2692307692307692,0.06747695286928555,522,"Sir,there is a Mr. Paul Ryan here to see you."
1174,3,15,60,78,1.2692307692307692,0.05961659307208677,522,Dinner... is alive!
1185,4,17,72,93,1.2688172043010753,0.055420920978058744,522,"You will need to wait, Sir. Con Ed just issued a peak energy alert."
1186,3,12,52,67,1.2686567164179106,0.0658318017406144,522,He'll be better than the presumptive nominee.
1187,3,16,63,82,1.2682926829268293,0.057679665728435664,522,"There is a Mel Brooks to see you, Sir>"
1187,3,16,63,82,1.2682926829268293,0.057679665728435664,522,The donors seek assurance the candidate will be ready for the convention.
1187,6,10,66,82,1.2682926829268293,0.06504065040650406,522,I think you have a screw loose.
1187,5,12,65,82,1.2682926829268293,0.0626831084347988,522,"Will there be two for dinner, tonight, sir?"
1187,5,12,65,82,1.2682926829268293,0.0626831084347988,522,The liver is ready...
1187,6,10,66,82,1.2682926829268293,0.06504065040650406,522,Will there finally be two for dinner this evening?
1187,4,14,64,82,1.2682926829268293,0.060233362522744895,522,"I do beg your pardon sir, but I'm quite certain he said ""shaken, not stirred."""
1187,1,20,61,82,1.2682926829268293,0.05219880835842336,522,"I don't find it strange at all, sir. My previous employer ran around in a cape and a cowl."
1195,1,17,53,71,1.267605633802817,0.05658897831157036,522,"The Bride is here, Sir."
1195,3,13,55,71,1.267605633802817,0.06330198606829361,522,"The gentleman from the solar company has arrived, sir, but kindly refuses the request to add another 5,000 panels."
1195,2,15,54,71,1.267605633802817,0.06003937835511715,522,"Sir, should I ask the angry mob with pitchforks to come back later?"
1195,4,11,56,71,1.267605633802817,0.06640448725132939,522,Telegram from your wife sir.Now that you have found a way to raise the dead she is withdrawing the divorce proceedings.
1195,4,11,56,71,1.267605633802817,0.06640448725132939,522,"Sir, the neighbors are complaining again about power outages."
1200,1,21,64,86,1.2674418604651163,0.05077893561537245,522,"Left overs again,Sir"
1200,4,15,67,86,1.2674418604651163,0.058303462469073586,522,"Doctor, there is a man from Tesla Motors who says he has some ideas for you"
1202,3,14,58,75,1.2666666666666666,0.06102232152027424,522,"Well, yes, sometimes I do think about getting the hell out of here."
1202,6,8,61,75,1.2666666666666666,0.06931669932133819,522,The new candidate should be ready by November.
1202,3,14,58,75,1.2666666666666666,0.06102232152027424,522,Might the doctor wish to wash his hands before lunch?
1202,5,10,60,75,1.2666666666666666,0.06666666666666668,522,"Pardon me, sir, but will your guest be living for tea?"
1202,2,16,57,75,1.2666666666666666,0.057994511493445346,522,"It's the co-op board, Sir, something about the recent brownout."
1202,5,10,60,75,1.2666666666666666,0.06666666666666668,522,"Tea for two yet, sir?"
1208,4,13,62,79,1.2658227848101267,0.061646932532367985,522,"Shall I set an extra place at dinner, sir?"
1208,4,13,62,79,1.2658227848101267,0.061646932532367985,522,"Excuse me sir, will there be one more guest joining us for dinner?"
1208,4,13,62,79,1.2658227848101267,0.061646932532367985,522,Will there be anyone else sir?
1208,5,11,63,79,1.2658227848101267,0.06422549521392139,522,"Tea, sir? Of course. For one or for two?"
1208,4,13,62,79,1.2658227848101267,0.061646932532367985,522,"They've all signed the pledge to support the eventual nominee, Mr. Priebus."
1208,5,11,63,79,1.2658227848101267,0.06422549521392139,522,You wanted me to tell you when the Mets game was on.
1208,7,7,65,79,1.2658227848101267,0.06909453035602499,522,"Mr. Frankenstein, the Republican Party is here to see you."
1208,3,15,61,79,1.2658227848101267,0.05895569816249504,522,"I heard you were looking for someone with a good mind who might be of service. How may I help, Sir?"
1208,3,15,61,79,1.2658227848101267,0.05895569816249504,522,I beg your pardon I seem to have wandered into the wrong movie.
1208,4,13,62,79,1.2658227848101267,0.061646932532367985,522,"Pardon me, sir, but the villagers would like to know if now would be a good time to storm the castle."
1208,2,17,60,79,1.2658227848101267,0.05613558943312265,522,"Are we ready to tweet our findings, Master?"
1208,2,17,60,79,1.2658227848101267,0.05613558943312265,522,"Don't worry sir, I was previously Keith Richards butler. I'm used to working around corpses."
1208,4,13,62,79,1.2658227848101267,0.061646932532367985,522,You need to hurry. We really need him for a third-party candidate.
1208,3,15,61,79,1.2658227848101267,0.05895569816249504,522,"We're totally out of brains, Sir!"
1208,1,19,59,79,1.2658227848101267,0.05316610251072578,522,The electric bill is monstrous this month.
1223,4,9,51,64,1.265625,0.07127727652491728,522,"Are you needing transportation to the science fair, Sir?"
1224,4,14,65,83,1.2650602409638554,0.0595909687658098,522,Can't you just go outside and play like a normal kid
1224,4,14,65,83,1.2650602409638554,0.0595909687658098,522,There's a Mr. Igor here inquiring about your 'Help Wanted' add on Craigslist.
1226,4,19,79,102,1.2647058823529411,0.051996577453028846,522,The census taker said that there is no checkbox for fractions.
1226,2,14,52,68,1.2647058823529411,0.06150600111631588,522,"Sir, a telegram from your mother: ""How could you forget to send a letter for Mother's Day!? You have no appreciation for what it takes to bring a life into this world!"""
1226,4,10,54,68,1.2647058823529411,0.06827116008146468,522,"Excuse me sir, did you by chance order 200 pitchforks and torches on Amazon, again?"
1229,3,17,67,87,1.264367816091954,0.05534700167800779,522,Might I suggest a wine to go with reanimation?
1230,2,15,55,72,1.2638888888888888,0.05931618532716555,522,The bus leaves for school in ten minutes.
1230,3,13,56,72,1.2638888888888888,0.0625271632852148,522,"The maid says no, sir."
1230,3,13,56,72,1.2638888888888888,0.0625271632852148,522,"The villagers are at the door, sir. Shall I send them in?"
1230,2,15,55,72,1.2638888888888888,0.05931618532716555,522,"We were out of formaldehyde, Sir, so I stored his brain in Jack Daniels."
1234,7,6,63,76,1.263157894736842,0.0710038819117476,522,"Dont' forget, Sir, that he prefers it shaken, not stirred."
1234,3,9,45,57,1.263157894736842,0.07309106050835933,522,Someone from the utility company would like to speak to you.
1234,4,12,60,76,1.263157894736842,0.06315789473684212,522,It's the neighbor woman again sir....asking if you've seen her husband.
1234,4,12,60,76,1.263157894736842,0.06315789473684212,522,"Sir, now that Mr. Trump has proven reanimation possible, perhaps he could use an exceptionally strong running mate."
1234,4,12,60,76,1.263157894736842,0.06315789473684212,522,"Frankly, sir, I don't give a damn."
1234,3,14,59,76,1.263157894736842,0.060316187500600305,522,"Those seeking a third-party candidate are here to see you, sir."
1234,4,12,60,76,1.263157894736842,0.06315789473684212,522,"Sir, would you like me to piece together some dinner?"
1234,2,16,58,76,1.263157894736842,0.05733380574866034,522,"In honor of your newest creation, I would like to suggest turducken for dinner tonight."
1234,5,10,61,76,1.263157894736842,0.06587713458076698,522,It's the electric company sir. They're here to check the meter.
1234,2,16,58,76,1.263157894736842,0.05733380574866034,522,His Health Care Proxy called and wants you to pull the plug.
1234,5,10,61,76,1.263157894736842,0.06587713458076698,522,Begging your pardon sir but he already exists. He's called 'The Donald'.
1234,5,10,61,76,1.263157894736842,0.06587713458076698,522,I quit.
1234,5,10,61,76,1.263157894736842,0.06587713458076698,522,Sir - The GOP are asking when Mr. Trump will be ready?
1234,2,16,58,76,1.263157894736842,0.05733380574866034,522,"FedEx has arrived with the brain, sir. Shall I sign for it?"
1234,4,12,60,76,1.263157894736842,0.06315789473684212,522,"Sir, the bulk order of surge protectors has arrived."
1234,4,12,60,76,1.263157894736842,0.06315789473684212,522,"Igor is ill, so the agency sent me over."
1234,4,12,60,76,1.263157894736842,0.06315789473684212,522,"Beggin' your pardon, sir. Have you seen the sweetbreads for tonight's dinner party?"
1234,2,16,58,76,1.263157894736842,0.05733380574866034,522,"Yes, M'Lord, Cook says she should be able to piece something together for his supper."
1252,3,15,62,80,1.2625,0.0583088405482046,522,The New York Jets drafted him in the first round.
1252,2,17,61,80,1.2625,0.05552895811982625,522,"Wonderful idea, sir, but I'm afraid it's more than 140 characters."
1252,3,15,62,80,1.2625,0.0583088405482046,522,"I'm sorry to inform you sir, but @Frankenstein has already been taken..."
1252,3,15,62,80,1.2625,0.0583088405482046,522,"Should I set the table for two this evening, Doctor?"
1252,4,13,63,80,1.2625,0.06096209135420536,522,"You said you wanted to make a ""man"" cave not a ""make a man"" cave."
1252,4,13,63,80,1.2625,0.06096209135420536,522,"Sir, the solar panel installers are here."
1252,6,9,65,80,1.2625,0.06594913172046729,522,"Shall I set an extra place setting, sir?"
1252,5,11,64,80,1.2625,0.06350458470442125,522,Shall I set an extra place setting for tonight?
1252,6,9,65,80,1.2625,0.06594913172046729,522,"Shall I set another place for dinner sir, or won't your friend be able to rise for the occasion?"
1252,2,17,61,80,1.2625,0.05552895811982625,522,"Pardon,sir. Dinner for one or two this evening?"
1252,6,9,65,80,1.2625,0.06594913172046729,522,Shall I set a second place for dinner?
1252,2,17,61,80,1.2625,0.05552895811982625,522,"A pitchfork-and-torch-wielding-mob to see you, Sir?"
1252,3,15,62,80,1.2625,0.0583088405482046,522,"The vicar is here, he has the soul for which you've been praying."""
1252,6,9,65,80,1.2625,0.06594913172046729,522,"Yes, sir, ""monstr"" tested as the preferred spelling."
1252,2,17,61,80,1.2625,0.05552895811982625,522,"He may be alive but, I am not cleaning up after him!"
1252,5,11,64,80,1.2625,0.06350458470442125,522,"Shall I lay one extra for dinner, Sir?"
1268,5,7,53,65,1.2615384615384615,0.07363149891952556,522,"Sir, should I set a dinner place for your guest?"""
1269,3,12,54,69,1.2608695652173914,0.0641428961840637,522,A Mr. Trump on the line sir..... Wants to know if you'll be done before July 18th?
1269,2,14,53,69,1.2608695652173914,0.06072934769429054,522,The villagers are requesting a third-party candidate.
1269,4,10,55,69,1.2608695652173914,0.0673837412910942,522,"Will it be just you for dinner this evening, sir?"
1269,5,8,56,69,1.2608695652173914,0.07047571248232014,522,"Master, I'd like to officially inform you that I have changed my name from Igor to Jeeves."
1273,2,15,56,73,1.2602739726027397,0.058609578324170936,522,There's a person on the phone wondering if you're interested in solar panels.
1273,4,11,58,73,1.2602739726027397,0.0647774473018772,522,A Mr. Trump to see you sir...something about a possible running mate.
1273,2,15,56,73,1.2602739726027397,0.058609578324170936,522,"Sir, if you'll not be needing me to exhume any more corpses, I shall turn in for the night."
1273,4,11,58,73,1.2602739726027397,0.0647774473018772,522,"Sorry to disturb you, sir. There's a Mary Shelley at the door."
1273,5,9,59,73,1.2602739726027397,0.0676508328311829,522,He would also like a tummy tuck this time
1273,3,13,57,73,1.2602739726027397,0.061770544559217724,522,"Sir, your 2:30 torch mob is here."
1273,5,9,59,73,1.2602739726027397,0.0676508328311829,522,"The Power Company called sir, your $7,000 electric bill is past due."
1273,2,15,56,73,1.2602739726027397,0.058609578324170936,522,"Sir, I specifically omitted 'grave robbery' from my resume."
1273,4,11,58,73,1.2602739726027397,0.0647774473018772,522,"Sir, there's a Mr Brooks who would like a word."
1273,4,11,58,73,1.2602739726027397,0.0647774473018772,522,Excuse me doctor but there is an angry mob here to see you.
1273,3,13,57,73,1.2602739726027397,0.061770544559217724,522,"I've shown the villagers into the library, sir."
1273,3,13,57,73,1.2602739726027397,0.061770544559217724,522,"It's the RNC on the phone for you, sir-- double-checking that he'll be ready in time for the convention..."
1273,4,11,58,73,1.2602739726027397,0.0647774473018772,522,Beg pardon Sir. Amazon is at the door with your brains delivery.
1273,3,13,57,73,1.2602739726027397,0.061770544559217724,522,Should we add another place setting for dinner?
1287,4,12,61,77,1.2597402597402598,0.06242588880829495,522,"I am giddy with anticipation sir, will there be two for dinner?"
1287,2,16,59,77,1.2597402597402598,0.056687428890267476,522,"Yes, sir, we paid this month's electric bill. Why do you ask?"""
1287,3,14,60,77,1.2597402597402598,0.059625733486870995,522,"Shall I set the dinner table for one or two, sir?"
1287,3,14,60,77,1.2597402597402598,0.059625733486870995,522,"300 villagers are here to see you, sir."
1287,4,12,61,77,1.2597402597402598,0.06242588880829495,522,Let's hope this one works out better than your Mr. Trump fiasco.
1287,3,14,60,77,1.2597402597402598,0.059625733486870995,522,Cook would like to know if your dinner guest has any food allergies.
1287,5,10,62,77,1.2597402597402598,0.06510572243024296,522,The rabbi is here sir .
1294,5,11,65,81,1.2592592592592593,0.06279935169560431,522,"It was a group of men with pitchforks. The drawing room seemed inappropriate, so I asked them to wait for you in the barn."
1294,2,17,62,81,1.2592592592592593,0.054934803608116006,522,"It's Mrs. Trump on the phone, Sir. She is wondering where her husband is."
1296,3,16,66,85,1.2588235294117647,0.055893408901902156,522,He got 2200 Likes on Instagram
1297,2,12,48,62,1.2580645161290323,0.06477999978190735,522,Are you sure he will fit through the Oval Office doors?
1297,5,14,74,93,1.2580645161290323,0.057008209111814964,522,Pardon me sir but a Jehovah witness is at the door.
1299,6,5,55,66,1.2575757575757576,0.07575757575757576,522,"Begging your pardon,sir, shall I tell cook there will be two for dinner?"
1299,5,7,54,66,1.2575757575757576,0.0726154929644106,522,"Sir, you Mum says it's time for you to put away your, uh, experiments, move out of her basement and get a real job."
1301,4,10,56,70,1.2571428571428571,0.06651861703541385,522,The FedEx guy is here with your kidneys.
1301,3,12,55,70,1.2571428571428571,0.06332967501381806,522,"Shall I place another setting for supper, sir?"
1303,4,11,59,74,1.2567567567567568,0.06399281131765672,522,....and for the main course we have a lovely liver with fava beans.
1303,2,15,57,74,1.2567567567567568,0.05791902456400714,522,"Will you be having the monster mash tonight, sir?"
1303,4,11,59,74,1.2567567567567568,0.06399281131765672,522,"A delegation of townsfolk to see you, sir."
1303,3,13,58,74,1.2567567567567568,0.061031521801374396,522,The villagers would like to know if he intends on building a wall.
1303,3,13,58,74,1.2567567567567568,0.061031521801374396,522,"Pardon me, sir, but when you said, ""I cannot be disturbed"" ...I beg to differ."
1303,4,11,59,74,1.2567567567567568,0.06399281131765672,522,"Is the tripe in the fridge for dinner or for... um, other purposes, sir?"
1303,6,7,61,74,1.2567567567567568,0.06953809311613574,522,"Will it bethe two of you for lunch, then, Sir?"
1303,4,11,59,74,1.2567567567567568,0.06399281131765672,522,He'll always lack my graces sir.
1303,4,11,59,74,1.2567567567567568,0.06399281131765672,522,Downton Lab-y.
1303,4,11,59,74,1.2567567567567568,0.06399281131765672,522,"Is this because I complained about $7.25 an hour, Victor?"
1303,3,13,58,74,1.2567567567567568,0.061031521801374396,522,"Sir, will you be dining alone tonight, or should I set a place for two?"
1303,2,15,57,74,1.2567567567567568,0.05791902456400714,522,Delivery from Amazon Body Parts!
1303,4,11,59,74,1.2567567567567568,0.06399281131765672,522,"Troubling news, sir. This has already been done!"
1303,5,9,60,74,1.2567567567567568,0.06682299864030938,522,"It's a Mr. Frank Stein Sir, the opera's organist. He believes he has something that was delivered to him by accident."
1303,2,15,57,74,1.2567567567567568,0.05791902456400714,522,Ever think about running him as a third party candidate sir?
1303,2,15,57,74,1.2567567567567568,0.05791902456400714,522,"Sir, there's a Miss Shelley asking to see you. Says it's quite urgent."
1303,3,13,58,74,1.2567567567567568,0.061031521801374396,522,"It's a gentleman about your electricity bill, sir."
1320,3,14,61,78,1.2564102564102564,0.05895046497960103,522,"Sir, I'm sorry to inform you, but the weather seems to be clear today."
1320,4,12,62,78,1.2564102564102564,0.061710271870341823,522,I think Frank N. Stein is a very suitable name sir.
1320,4,12,62,78,1.2564102564102564,0.061710271870341823,522,Shall I fetch a brain sir?
1320,1,18,59,78,1.2564102564102564,0.05300147785968333,522,"Your spare parts have arrived, Sir."
1320,4,12,62,78,1.2564102564102564,0.061710271870341823,522,I hope you're not planning on replacing me.
1320,5,10,63,78,1.2564102564102564,0.0643518297122299,522,Will there be two dining this evening?
1320,5,10,63,78,1.2564102564102564,0.0643518297122299,522,"Sir, the Republican Party party called. They mentioned something about a new candidate...."
1320,3,14,61,78,1.2564102564102564,0.05895046497960103,522,They have asked that he be fully operational and transported to Cleveland by July 18.
1320,3,14,61,78,1.2564102564102564,0.05895046497960103,522,Is he staying for dinner?
1320,3,14,61,78,1.2564102564102564,0.05895046497960103,522,"Eating alone, sir, or should I expect two for dinner?"
1320,4,12,62,78,1.2564102564102564,0.061710271870341823,522,"I've got to give you a hand, sir."
1320,4,12,62,78,1.2564102564102564,0.061710271870341823,522,"The staff has asked if they might have the evening off, in order to attend festivities in the village tonight. It seems there will be some sort of parade involving torches and pitchforks."
1332,4,13,65,82,1.2560975609756098,0.059635992099364196,522,I agree with your guidance counselor. This still might be enough extra curricular for your college application.
1332,6,9,67,82,1.2560975609756098,0.06448782674412354,522,The swirly orange wig has arrived Sir.
1334,5,12,69,86,1.255813953488372,0.060063911495953054,522,"Excepting another power outage, dinner is served, sir."
1334,5,12,69,86,1.255813953488372,0.060063911495953054,522,Shall I set a place for him?
1336,1,13,45,59,1.2542372881355932,0.062076009378630594,522,Still no lightning in the forecast. Perhaps relocating to Fiji wasn't the best idea.
1337,4,9,54,67,1.2537313432835822,0.06839665216352,522,What hump?
1337,5,7,55,67,1.2537313432835822,0.07162671332366949,522,"Unfortunately, Mr. Trump's brain is not available."
1337,3,11,53,67,1.2537313432835822,0.06500629194781041,522,The Republican VP: a work in progress.
1340,2,14,55,71,1.2535211267605635,0.05923153036006026,522,"Leftovers again for dinner, sir?"
1340,3,12,56,71,1.2535211267605635,0.06253629886486942,522,"Brains, are served."
1340,5,8,58,71,1.2535211267605635,0.06867035495437115,522,"Someone from the RNC is at the door, Sir. Something about creating a monster..."
1340,4,10,57,71,1.2535211267605635,0.06567498125342555,522,Schwegler's Monster has arrived for their play date.
1340,2,14,55,71,1.2535211267605635,0.05923153036006026,522,"Agitated villagers are at the gate, sir, imploring your monster to run for high office."
1340,3,12,56,71,1.2535211267605635,0.06253629886486942,522,We'll be having leftovers for dinner.
1340,4,10,57,71,1.2535211267605635,0.06567498125342555,522,"Sorry sir, Bernie Sanders brain is still unavailable, he's still winning primaries."
1340,1,16,54,71,1.2535211267605635,0.055731137633043264,522,You are too late. The presidential nominees have already been selected.
1340,2,14,55,71,1.2535211267605635,0.05923153036006026,522,"It's a Mr. Trump, sir. Something about a vice-president he asked for…"
1340,5,8,58,71,1.2535211267605635,0.06867035495437115,522,Will you be needing me to set another place for dinner?
1340,5,8,58,71,1.2535211267605635,0.06867035495437115,522,So you're the brains of the operation?
1340,3,12,56,71,1.2535211267605635,0.06253629886486942,522,"Doctor, are you positive ANY third party candidate will do?"
1340,3,12,56,71,1.2535211267605635,0.06253629886486942,522,"Sorry to interrupt, sir... Shall we set the table for one or two tonight?"
1340,3,12,56,71,1.2535211267605635,0.06253629886486942,522,"Sir, Donald Trump was wondering if your creation is interested in the vice-presidency."
1340,4,10,57,71,1.2535211267605635,0.06567498125342555,522,"Frankenfurters for dinner, sir?"
1355,3,13,59,75,1.2533333333333334,0.060309511996344635,522,"I'm sorry but cook mistook the liver for your dinner order, sir."
1355,5,9,61,75,1.2533333333333334,0.06601483134840198,522,"Sir, there's a man at the door. He wants his gallbladder back."
1355,5,9,61,75,1.2533333333333334,0.06601483134840198,522,There’s a man with a pitchfork to see you sir.
1355,5,9,61,75,1.2533333333333334,0.06601483134840198,522,Tesla's monster is biodegradable
1355,2,15,58,75,1.2533333333333334,0.05724401171194134,522,"Sir, the restaurant confirms that one may not bring newborns."
1355,4,11,60,75,1.2533333333333334,0.06322655769214071,522,"...and you can consider this my resignation, because, to be quite candid, sir, I think that he is Frankenstein, and you are the monster."
1355,2,15,58,75,1.2533333333333334,0.05724401171194134,522,Some villagers to see you sir.
1355,5,9,61,75,1.2533333333333334,0.06601483134840198,522,I prefer 'Donald'.
1355,1,17,57,75,1.2533333333333334,0.054004782348570916,522,"Sir, we're out of triple-A batteries and the drug store is closed."
1355,1,17,57,75,1.2533333333333334,0.054004782348570916,522,"Will it be dinner for two tonight, Doctor?"
1355,5,9,61,75,1.2533333333333334,0.06601483134840198,522,Shall I set another place at the table or not?
1355,5,9,61,75,1.2533333333333334,0.06601483134840198,522,"Bad News, Sir, A Dr. Frankenstein has already published his research."
1355,4,11,60,75,1.2533333333333334,0.06322655769214071,522,"The times are changing, Igor. Say hello to the Groom of Frankenstein."
1355,2,15,58,75,1.2533333333333334,0.05724401171194134,522,"Excuse me Sir, will your friend be requiring his shoes shined..?"
1355,4,11,60,75,1.2533333333333334,0.06322655769214071,522,A Mr. Trump is asking if his running mate is ready yet?
1355,4,11,60,75,1.2533333333333334,0.06322655769214071,522,"Malpractice, it's what separates doctors from us scientists!"
1355,4,11,60,75,1.2533333333333334,0.06322655769214071,522,The townspeople have arrived. Where should I put the pitchforks?
1355,3,13,59,75,1.2533333333333334,0.060309511996344635,522,Your mother wishes to know if she may borrow him from midnight to two.
1355,6,7,62,75,1.2533333333333334,0.06869001614731444,522,"Lady Mary was wondering, sir, when her new suitor will be ready."
1355,4,11,60,75,1.2533333333333334,0.06322655769214071,522,"Reince Priebus is on the line, sir."
1355,3,13,59,75,1.2533333333333334,0.060309511996344635,522,"Sir, for each of the last nine generations the eldest male of my family has proudly served as a gentleman's gentleman. Of course I know how to rob a grave!"
1355,2,15,58,75,1.2533333333333334,0.05724401171194134,522,Shall I set an extra place setting for your friend?
1355,2,15,58,75,1.2533333333333334,0.05724401171194134,522,Mrs. Shelley suggests adding a bit of sang-froid.
1355,2,15,58,75,1.2533333333333334,0.05724401171194134,522,"Sir, The RNC called again and said to ... Hurry Up."
1355,5,9,61,75,1.2533333333333334,0.06601483134840198,522,"A Mrs. Cruz is calling sir, she is looking for her husband's head."
1355,2,15,58,75,1.2533333333333334,0.05724401171194134,522,"Igor requested that I inform you that it is, in fact, a dark and stormy night."
1381,4,12,63,79,1.2531645569620253,0.0610105168366915,522,Shall I tell Mr. Priebus that the unity candidate is ready?
1381,1,18,60,79,1.2531645569620253,0.05242683788109758,522,Just strikes me as odd that I'm the only one who has to be formally dressed.
1381,3,14,62,79,1.2531645569620253,0.05828990667222849,522,"Sir - our April electric bill was $27,000."
1381,2,16,61,79,1.2531645569620253,0.05543593847887846,522,"Sir, it's the meter reader again inquiring about the recent surges."
1381,3,14,62,79,1.2531645569620253,0.05828990667222849,522,"Sir, the electric company called... they want to discuss this month's bill with you."
1381,1,18,60,79,1.2531645569620253,0.05242683788109758,522,Your mother wants the kitchen table back.
1381,4,12,63,79,1.2531645569620253,0.0610105168366915,522,According to the movies I think this will work!
1381,4,12,63,79,1.2531645569620253,0.0610105168366915,522,Will that be two for dinner then?
1381,2,16,61,79,1.2531645569620253,0.05543593847887846,522,"Sir, would it be unseemly to serve brains for dinner tonight?"
1381,1,18,60,79,1.2531645569620253,0.05242683788109758,522,"Mr. Mel Brooks is here to see you, sir."
1391,3,15,65,83,1.2530120481927711,0.056448347670580504,522,"""Sir. The gentleman whom you paid to fix the monster's neck has just made a bolt for it""."
1391,1,19,63,83,1.2530120481927711,0.05097743848211709,522,"Mr. Trump’s hair is here for a recharge, Sir"
1393,6,11,74,91,1.2527472527472527,0.059696846263628915,522,Will it be dinner for two tonight Sir ?
1393,4,15,72,91,1.2527472527472527,0.055455504374433896,522,Expecting two for dinner then?
1395,4,10,58,72,1.25,0.06485206471146153,522,"Sir, will your creation be joining you for dinner?"
1395,6,7,63,76,1.25,0.06786208925382961,522,That 1883 Chardonnay should placate an angry mob quite nicely.
1395,3,12,57,72,1.25,0.06176207566630455,522,"Shall I expect two for dinner, Sir?"
1395,3,12,57,72,1.25,0.06176207566630455,522,Would you like me to call him Donald sir?
1395,1,16,55,72,1.25,0.05506433852460047,522,"A rather agitated group of villagers to see you, sir."
1395,5,9,62,76,1.25,0.0652256541930572,522,The Rupublican Party is calling for your advice.
1395,4,11,61,76,1.25,0.06247806632675042,522,"""Sir the Frankensteins have returned the lawn mower. Can they have Russell back now?"
1395,4,11,61,76,1.25,0.06247806632675042,522,There is a Gentleman from the Electric company at the front door.
1395,4,10,58,72,1.25,0.06485206471146153,522,"Two for dinner, Sir?"
1395,4,10,58,72,1.25,0.06485206471146153,522,There's a gentleman at the door asking for you. He says he's from OSHA
1395,3,12,57,72,1.25,0.06176207566630455,522,Your Amazon order is here sir.
1395,1,16,55,72,1.25,0.05506433852460047,522,"There's a man at the door from the power company, sir."
1395,0,18,54,72,1.25,0.051389153237064875,522,Will your experiment be joining you for dinner sir?
1395,5,8,59,72,1.25,0.0678013761222356,522,"You think he's stiff, try working with Tippi Hedron."
1395,3,13,60,76,1.25,0.05960395606792697,522,Well done master...you are a genius and I am out of here.
1395,2,13,53,68,1.25,0.06063390625908324,522,"Shall I be setting another place at the dinner table, Doctor?"
1395,2,14,56,72,1.25,0.058509124791617455,522,Will our guest be staying for dinner?
1395,4,9,55,68,1.25,0.06748654468695238,522,"Doctor, will he be staying for dinner?"
1395,3,15,66,84,1.25,0.05585357054399395,522,"The morgue regrets it has no fresh brains, and Madame sends word that she has a headache..."
1395,4,10,58,72,1.25,0.06485206471146153,522,There's a man at the door who would like to speak with you about the afterlife.
1395,1,16,55,72,1.25,0.05506433852460047,522,"""We have trick or treaters at the door sir."
1395,2,15,59,76,1.25,0.056584047097789955,522,The electrician is on his way.
1395,5,10,65,80,1.25,0.06289432567832845,522,The townsfolk have arrived sir.
1395,3,12,57,72,1.25,0.06176207566630455,522,The mob respectfully requests your attendance.
1395,4,11,61,76,1.25,0.06247806632675042,522,"Sir, will he be joining us for dinner?"
1395,3,12,57,72,1.25,0.06176207566630455,522,You leave me no choice but to report this to OSHA
1395,3,11,54,68,1.25,0.06415178992833838,522,"Dinner is served, sir, we're having brains."
1395,4,11,61,76,1.25,0.06247806632675042,522,The chef is asking that you stop reanimating the poultry.
1395,4,10,58,72,1.25,0.06485206471146153,522,"Your last creation, sir, appears to have taken the republican presidential nomination. Should I turn the dial to democrat for this one?"
1395,5,9,62,76,1.25,0.0652256541930572,522,"Sir, will there be two for dinner?"
1395,2,15,59,76,1.25,0.056584047097789955,522,"I'm not envious, per se, but must he be so toned?"
1395,1,17,58,76,1.25,0.05339360629309896,522,"I'm afraid the recycling bin is full again, sir."
1395,4,8,52,64,1.25,0.07042952122737638,522,"Dinner for one or two this evening, sir?"
1395,1,18,61,80,1.25,0.05186398960474906,522,The RNC called. They want to know if you can make Mr. Trump more presidential . . . and also fix his hair.
1395,3,12,57,72,1.25,0.06176207566630455,522,"Its me, sir. Igor is at spin class."
1395,4,10,58,72,1.25,0.06485206471146153,522,"Will there be one, or two, for dinner this evening, sir?"
1395,3,10,51,64,1.25,0.0668153104781061,522,"Will he be joining us for dinner, and if so, is any part of him a vegan?"
1395,2,14,56,72,1.25,0.058509124791617455,522,May I suggest that you postpone the open house?
1395,3,12,57,72,1.25,0.06176207566630455,522,"Jeremy, your Mum would like you to wash your hands before dinner is served."
1395,4,11,61,76,1.25,0.06247806632675042,522,"A Mrs. Shelley is here, Doctor."
1395,2,15,59,76,1.25,0.056584047097789955,522,"the electrician is here again, sir."
1395,1,16,55,72,1.25,0.05506433852460047,522,The last three interns really contributed significantly to this important project.
1395,3,12,57,72,1.25,0.06176207566630455,522,"Con Ed on the phone,sir. Something about your electric bill."
1395,5,8,59,72,1.25,0.0678013761222356,522,A Mr. Yahweh to see you sir.
1395,4,10,58,72,1.25,0.06485206471146153,522,The Trump people want to know how much longer. He's being considered as a running mate.
1395,3,11,54,68,1.25,0.06415178992833838,522,"Dinner is served. Leftovers this evening, sir."
1395,3,13,60,76,1.25,0.05960395606792697,522,Madam is wondering how many for dinner.
1395,3,12,57,72,1.25,0.06176207566630455,522,"Pardon me, sir, but that's not at all what I meant when I asked for a 'dumbwaiter' to be put in service."
1395,2,14,56,72,1.25,0.058509124791617455,522,"Pardon me, sir, but there is an angry mob awaiting you in the parlour."
1395,3,13,60,76,1.25,0.05960395606792697,522,"Shall I set an extra place tonight, sir?"
1445,5,13,75,93,1.2473118279569892,0.05649890047314041,522,"Creating new life without sexual relations does sound interesting, sir. But isn't the market really looking for a solution to the opposite problem?"
1445,7,9,77,93,1.2473118279569892,0.06049490834828167,522,"Mrs. Pemberton says her tummy is better and has cancelled her 3:45, which leaves you free to create life until 4."
1447,3,15,67,85,1.2470588235294118,0.05527086941984991,522,Sorry to interrupt you sir but there's a woman at the door who claims she's Joan Rivers.
1447,3,15,67,85,1.2470588235294118,0.05527086941984991,522,"with all due respect sir , I believe he will lack my communication skills ."
1449,4,12,65,81,1.2469135802469136,0.05965658976962751,522,"Sir, N.I.H. just called. Your grant has been cancelled."
1449,3,14,64,81,1.2469135802469136,0.0570111105630559,522,Your mother is worried about the company you're keeping.
1449,1,18,62,81,1.2469135802469136,0.051312598618815826,522,"More stem cells, sir?"
1449,4,12,65,81,1.2469135802469136,0.05965658976962751,522,"Nothing is ever your fault, is it, Dr. Frankenstein?"
1453,3,13,61,77,1.2467532467532467,0.05891431779020231,522,Non-GMO eye of newt and organic toe of frog. Will you require anything else?
1453,4,11,62,77,1.2467532467532467,0.06174674356063795,522,When your father is fully charged your mother would like him on the sixth floor.
1453,4,11,62,77,1.2467532467532467,0.06174674356063795,522,"Mr. Wayne, if I may be so bold, I preferred the bats."""
1453,0,19,58,77,1.2467532467532467,0.049453072115999405,522,"Sir, will I be setting the table for two?"
1453,2,15,60,77,1.2467532467532467,0.0559386569469335,522,Frankly speaking?
1453,4,11,62,77,1.2467532467532467,0.06174674356063795,522,Madame wishes to know if your friend will be joining us for dinner tonight.
1453,3,13,61,77,1.2467532467532467,0.05891431779020231,522,There's a Mrs. Frankenstein who wants a word with you.
1453,4,11,62,77,1.2467532467532467,0.06174674356063795,522,"Igor called sir, his spin class will be finishing late."
1461,2,14,57,73,1.2465753424657535,0.05780360228845736,522,"I see Sir, but we already have a footman."
1461,3,12,58,73,1.2465753424657535,0.06100634345154058,522,Excuse me Sir. but you have a horde at the front door.
1461,2,14,57,73,1.2465753424657535,0.05780360228845736,522,"Sir, my name is Jeeves. Please stop referring to me as Igor."
1461,4,10,59,73,1.2465753424657535,0.06404913305527643,522,"Excuse me, Sir, but the kidneys have arrived."
1461,5,8,60,73,1.2465753424657535,0.06695378218545744,522,"""Dr. Frankenstien shall I set another place for dinner?"
1461,3,12,58,73,1.2465753424657535,0.06100634345154058,522,"Sir, will you be two for dinner?"
1461,3,12,58,73,1.2465753424657535,0.06100634345154058,522,"Begging your pardon, mi'lord: May we assume there shall be one more at dinner this evening?"
1461,1,16,56,73,1.2465753424657535,0.05441267254709125,522,Am I to assume there will be another guest for dinner tonight sir?
1461,2,14,57,73,1.2465753424657535,0.05780360228845736,522,"Will there be an additional person for dinner tonight, sir?"
1461,3,12,58,73,1.2465753424657535,0.06100634345154058,522,"Sir, a representative from the electric company is at the door."
1461,2,14,57,73,1.2465753424657535,0.05780360228845736,522,"Sir, there are ‘people’ at the door."
1461,3,12,58,73,1.2465753424657535,0.06100634345154058,522,"'Shall I update your social media accounts, sir?'"
1461,3,12,58,73,1.2465753424657535,0.06100634345154058,522,"Tell me sir, will that make him a Republican or a Democrat?"
1461,5,8,60,73,1.2465753424657535,0.06695378218545744,522,"There is representative from O.S.H.A. at the door, sir."
1461,4,10,59,73,1.2465753424657535,0.06404913305527643,522,"Your pardon sir, but it looks like the charger to your Tesla has shorted out."
1461,3,12,58,73,1.2465753424657535,0.06100634345154058,522,The fact-checker from The New Yorker is here again.
1461,2,14,57,73,1.2465753424657535,0.05780360228845736,522,"Another work-at-home day, Sir?"
1461,0,18,55,73,1.2465753424657535,0.050795880048600424,522,You could have at least built a girlfriend.
1461,4,10,59,73,1.2465753424657535,0.06404913305527643,522,"Sir, I'm setting the table. Will your guest be sitting up by dinner time?"
1461,3,12,58,73,1.2465753424657535,0.06100634345154058,522,Bad news. Your work has been rendered obsolete by a process called the Republican presidential primaries.
1461,4,10,59,73,1.2465753424657535,0.06404913305527643,522,Dinner is served. Shall I set another place at the table?
1461,2,14,57,73,1.2465753424657535,0.05780360228845736,522,Shall I send the villagers away?
1461,2,14,57,73,1.2465753424657535,0.05780360228845736,522,"Still only one for dinner , Sir ?"
1461,2,14,57,73,1.2465753424657535,0.05780360228845736,522,The life insurance claims adjuster is here...
1461,3,12,58,73,1.2465753424657535,0.06100634345154058,522,Will the guest be joining us for dinner?
1461,6,6,61,73,1.2465753424657535,0.06973755410639847,522,"Someone to see Secretary Kerry, sir."
1461,5,8,60,73,1.2465753424657535,0.06695378218545744,522,"Sir, Speaker Ryan is prepped for his Trump Endorsement procedure."
1461,3,12,58,73,1.2465753424657535,0.06100634345154058,522,"Good news, sir. The RNC is giving you a do-over."
1461,3,12,58,73,1.2465753424657535,0.06100634345154058,522,An angry mob is here to see you.
1461,1,16,56,73,1.2465753424657535,0.05441267254709125,522,"A neighbor at the door, sir, complaining about our composting practices."
1461,4,10,59,73,1.2465753424657535,0.06404913305527643,522,"Shall I set another place for tea, Sir?"
1492,2,13,54,69,1.2463768115942029,0.059858447336886465,522,"Sir, shall I set the table for one or two tonight."
1492,2,13,54,69,1.2463768115942029,0.059858447336886465,522,Would it help if I limped?
1492,2,13,54,69,1.2463768115942029,0.059858447336886465,522,"72 regular, M'Lord?"
1495,2,12,51,65,1.2461538461538462,0.06213651700539812,522,"Sir, the gentleman from the gas company is here again to read the meter. What shall I tell him this time?"
1495,1,14,50,65,1.2461538461538462,0.05813929406858067,522,"Sir, perhaps it is time to discuss hazard pay."
1495,4,8,53,65,1.2461538461538462,0.06944411571256842,522,He had a not resuscitate order.
1498,3,13,62,78,1.2435897435897436,0.05824008274428433,522,"Sir, in my humble opinion, a cat would have worked just as well..."
1498,3,13,62,78,1.2435897435897436,0.05824008274428433,522,"Are you sure he's not lactose intolerant, sir?"
1498,2,15,61,78,1.2435897435897436,0.055307385628510335,522,"A FedEx package packed in ice and marked perishable just arrived for you, Sir,"
1498,2,15,61,78,1.2435897435897436,0.055307385628510335,522,"Sir, I confess , I too have a few skeletons in the closet"
1498,4,11,63,78,1.2435897435897436,0.06103202086660262,522,"Shall I decant the full bodied red, sir?"
1498,3,13,62,78,1.2435897435897436,0.05824008274428433,522,"Dinner is ready, Sire...may I ask how long Mr. Stein will be tied up?"
1498,6,7,65,78,1.2435897435897436,0.0662639286268335,522,Madam is asking when the new man will be ready sir.
1498,4,11,63,78,1.2435897435897436,0.06103202086660262,522,"Alfred, the Bat Cave is two doors down on your left."
1506,2,14,58,74,1.2432432432432432,0.057114403566085395,522,Are you sure we can bring the Republican party back from the dead?
1506,4,10,60,74,1.2432432432432432,0.06326548497088139,522,"Shall I set for one or two tonight, sir?"
1506,2,14,58,74,1.2432432432432432,0.057114403566085395,522,"Sorry, Sir. I thought it was tripe."
1506,1,16,57,74,1.2432432432432432,0.05377566222524919,522,"Yes, loneliness hurts. But have your tried social media?"
1506,2,14,58,74,1.2432432432432432,0.057114403566085395,522,"Will he be ready for dinner, sir?"
1506,5,8,61,74,1.2432432432432432,0.06612680875066024,522,"Sir, will we be one or two for dinner?"
1506,2,14,58,74,1.2432432432432432,0.057114403566085395,522,I’d like to put in my two weeks notice.
1506,2,14,58,74,1.2432432432432432,0.057114403566085395,522,"A Mr. Gahan Wilson to see you, sir, and to provide a punchline."
1506,1,16,57,74,1.2432432432432432,0.05377566222524919,522,"'Tis some angry mob from town, sir, tapping at your chamber door - only this and nothing more."
1506,2,14,58,74,1.2432432432432432,0.057114403566085395,522,"Creepy or not sir, dinner is served."
1506,4,10,60,74,1.2432432432432432,0.06326548497088139,522,"It occurs to me, sir, that should your experiment prove successful, you might possibly bring my willy back to life as well."
1506,4,10,60,74,1.2432432432432432,0.06326548497088139,522,Which bathroom do you think it will use now?
1506,3,12,59,74,1.2432432432432432,0.06026846888427848,522,Your guests have arrived with their pitchforks.
1506,1,16,57,74,1.2432432432432432,0.05377566222524919,522,"Sorry to disturb you sir, but the electric bill has arrived. They're unloading it now."
1506,3,12,59,74,1.2432432432432432,0.06026846888427848,522,"Sir, will I be preparing dinner for 1 or 2 persons?"
1506,4,10,60,74,1.2432432432432432,0.06326548497088139,522,If Downton Abbey reruns have taught me anything it's the importance of being discreet.
1506,2,14,58,74,1.2432432432432432,0.057114403566085395,522,Mr Trump sent me to fetch his running mate.
1506,4,10,60,74,1.2432432432432432,0.06326548497088139,522,"Will the gentleman be joining you for dinner, sir?"
1506,3,12,59,74,1.2432432432432432,0.06026846888427848,522,"Sir, a Mr. Musk rang and wishes to inform you that he's already accomplished this."
1506,3,12,59,74,1.2432432432432432,0.06026846888427848,522,"There are angry villagers here to see you. shall I let them in, sir?"
1506,3,12,59,74,1.2432432432432432,0.06026846888427848,522,Some gentlemen at the door are wondering if you creation is interested in running for President.
1506,1,16,57,74,1.2432432432432432,0.05377566222524919,522,"The Creature's Tinder date is here, Sir,"
1506,6,6,62,74,1.2432432432432432,0.06886935517697237,522,"Look at the monster you've created! We can never let Donald roam free, he'll wreak havoc on the world!"
1506,1,16,57,74,1.2432432432432432,0.05377566222524919,522,"Excuse me, Sir,"" ""Should I expect company for dinner or will he be going out?"
1530,2,13,55,70,1.2428571428571429,0.0591020252924594,522,"Mr. Trump's on the line, Sir. He's asking when his hair color formula will be ready."
1530,4,9,57,70,1.2428571428571429,0.06573588626897024,522,"Still working on the presumptive Republican presidential nominee, sir?"
1530,1,15,54,70,1.2428571428571429,0.05548847374655633,522,"Begging your pardon, but there's a flash mob at the door."
1530,3,11,56,70,1.2428571428571429,0.06250702415424006,522,"Will there be another for dinner, sir?"
1530,2,13,55,70,1.2428571428571429,0.0591020252924594,522,"Shall I set the table for 1.5 again, sir?"
1530,2,13,55,70,1.2428571428571429,0.0591020252924594,522,"There's a gentleman from the FDA to see you, sir."
1530,4,9,57,70,1.2428571428571429,0.06573588626897024,522,President Trump requires his birth certificate.
1530,1,15,54,70,1.2428571428571429,0.05548847374655633,522,"'Sir, will you be dining alone?"""
1530,2,13,55,70,1.2428571428571429,0.0591020252924594,522,The agency sent me. Igor is on bereavement leave.
1530,3,11,56,70,1.2428571428571429,0.06250702415424006,522,I'm applying for the assistant position. I haven't got a hunch what you're looking for.
1530,2,13,55,70,1.2428571428571429,0.0591020252924594,522,What is the Count for dinner?
1530,2,13,55,70,1.2428571428571429,0.0591020252924594,522,"Beg your pardon, Sir, the RNC want to know if the alternate nominee is ready."
1542,2,12,52,66,1.2424242424242424,0.061301372768583655,522,"It's a gentleman from the Republican Party, sir. A Mr. Trump's brain has gone missing."
1542,4,8,54,66,1.2424242424242424,0.06848546733222884,522,"Sir, the Trump model you created has been recalled. I hope this one has larger hands and is smarter."
1542,2,12,52,66,1.2424242424242424,0.061301372768583655,522,Igor asked me to tell you sir that he's at home binge watching The Walking Dead.
1542,0,16,50,66,1.2424242424242424,0.05315503147315329,522,A gentleman from the power company is here-shall I show him in?
1546,2,11,49,62,1.2419354838709677,0.06375141715523479,522,I hope I am correct in supposing that the new fellow will retain his own valet?
1547,3,15,69,87,1.2413793103448276,0.054140306109441066,522,I once made a miniature erupting volcano.
1548,1,11,42,54,1.2407407407407407,0.06440169831426679,522,Mr. Ryan is wondering if you've come up with the alternative to Mr. Trump yet?
1549,5,9,65,79,1.240506329113924,0.06296573276965015,522,"I'm required to get him to Cleveland by July, Sir. Something to do with a Third Party Run."
1549,4,11,64,79,1.240506329113924,0.060333353614695454,522,"Two for tea, today, sir?"
1549,4,11,64,79,1.240506329113924,0.060333353614695454,522,"Might I suggest some alternative power sources, sir?"
1549,1,17,61,79,1.240506329113924,0.051637231954536025,522,"Beg pardon Sir, but may we suggest a Super Hero as more au courant?"
1553,4,10,61,75,1.24,0.06250045044882722,522,"If you don't mind me asking sir, why the yellow comb over?"
1553,3,12,60,75,1.24,0.059547845854790976,522,"Sir, you have visitors from ""Monster Lives Matter."""
1553,2,14,59,75,1.24,0.0564409920676948,522,Barbara Walters is here to do that interview on fascinating people.
1553,2,14,59,75,1.24,0.0564409920676948,522,"""The salad refreshed, the soup revived, and the roast resurrected, your dinner is served."
1553,1,16,58,75,1.24,0.05315284776213995,522,"Shall I release the sentient hounds, sir?"
1553,3,12,60,75,1.24,0.059547845854790976,522,"We have no power sir, can I make you a PB&J instead?"
1553,1,16,58,75,1.24,0.05315284776213995,522,They've decided to get rid of the carpool lane
1553,2,14,59,75,1.24,0.0564409920676948,522,"You rang, Dr. Trump?"
1553,2,14,59,75,1.24,0.0564409920676948,522,Shall I set one more place for dinner sir?
1553,2,14,59,75,1.24,0.0564409920676948,522,Shall I set an additional place setting for dinner?
1553,4,10,61,75,1.24,0.06250045044882722,522,Mr. Trump would like to know when his running mate will be ready.
1553,2,14,59,75,1.24,0.0564409920676948,522,Shall I set the table for two?
1565,4,9,58,71,1.2394366197183098,0.06489362517604237,522,"Sir.., shall we host a monster naming contest in The New Yorker?"
1565,2,13,56,71,1.2394366197183098,0.05836397531564844,522,"In regard to dinner,do any of his body parts require dietary restrictions?"
1565,1,15,55,71,1.2394366197183098,0.054808203106141797,522,"Shall I add a place setting for dinner, Sir?"
1565,3,11,57,71,1.2394366197183098,0.06171521774706098,522,Repurposing the Bat Cave Mr. Wayne?
1565,4,9,58,71,1.2394366197183098,0.06489362517604237,522,"There’s a torch-wielding mob to see you, sir. They said you would know what it’s about."
1565,2,13,56,71,1.2394366197183098,0.05836397531564844,522,You really think he has a shot at winning the GOP primary?
1565,2,13,56,71,1.2394366197183098,0.05836397531564844,522,"I've heard great things about this juice cleanse, sir"
1565,2,13,56,71,1.2394366197183098,0.05836397531564844,522,"Sorry sir, the staff mistook ""chill"" the brain for ""grill"" the brain."
1565,2,13,56,71,1.2394366197183098,0.05836397531564844,522,If Mi'lord could take a moment from his necromancy and select the reds for dinner . . . .
1565,1,15,55,71,1.2394366197183098,0.054808203106141797,522,Fed EX said they need your personal signature on this one.
1565,1,15,55,71,1.2394366197183098,0.054808203106141797,522,"A gentleman from Medicare on the telephone for you, Doctor. He wishes to know why your application for payment in the current project is under thirteen different patient names."
1565,1,15,55,71,1.2394366197183098,0.054808203106141797,522,"Excuse me, Sir, but will he be staying for the night?"
1565,3,11,57,71,1.2394366197183098,0.06171521774706098,522,"Due to tonight's weather forecast, I've taken the liberty of hooking up to your Tesla."
1565,5,7,59,71,1.2394366197183098,0.06792346483661009,522,"Will that be tea for two, Dr. Frankenstein?"
1565,2,13,56,71,1.2394366197183098,0.05836397531564844,522,"So I checked The Big Book of Baby Names, and ""Frankenstein"" is not overly popular yet."
1565,2,13,56,71,1.2394366197183098,0.05836397531564844,522,"Begging your pardon, milord. The larger hands have been delivered."
1565,4,9,58,71,1.2394366197183098,0.06489362517604237,522,"Sir, I regret to inform you that FedEx just phoned and they mistakenly delivered the brain to a Mr. Trump."
1582,2,12,53,67,1.2388059701492538,0.06048781135768631,522,"Sir, some gentlemen have come seeking a compromise candidate."
1582,4,8,55,67,1.2388059701492538,0.06755252320668872,522,"If this works, Doctor, the G.O.P. would like an appointment."
1582,4,8,55,67,1.2388059701492538,0.06755252320668872,522,Please let me know if it shall be dinner for one or two.
1582,4,8,55,67,1.2388059701492538,0.06755252320668872,522,"... But then there's always one person pretentious enough to say, 'actually, that's Frankenstein's butler.'"
1582,5,6,56,67,1.2388059701492538,0.07082109449848827,522,"should I assume that there will be one more for dinner , sir..?"
1582,0,16,51,67,1.2388059701492538,0.05248054167113628,522,"I believe it's called a patent, Sir."
1582,3,10,54,67,1.2388059701492538,0.06411754328743914,522,He said that he doesn't think your creation qualifies as born-again and that faith based-organizations don't endorse political candidates anyway.
1589,5,9,66,80,1.2375,0.06224632061720393,522,This you do on Shabbos?
1589,4,11,65,80,1.2375,0.059650219900493365,522,Lightning is not politically correct anymore. We have to switch to Solar.
1589,2,15,63,80,1.2375,0.05408546331291017,522,"It's Igor sir. He found the umm, part but it's not, shall we say, proportionate."
1592,5,8,63,76,1.236842105263158,0.06453183914999833,522,"Shall I call the Body Shop?, Sir."
1592,2,14,60,76,1.236842105263158,0.05578285296696368,522,"Might I suggest, m'lord, that we make him a bit more of a rascal this time 'round."
1592,2,14,60,76,1.236842105263158,0.05578285296696368,522,"The Census Bureau is here to see you, sir."
1595,2,13,57,72,1.2361111111111112,0.05764366130288757,522,"It's the Utility Company. There here to fix the electric fuses but they say ""this is definetly the last time."""
1595,3,11,58,72,1.2361111111111112,0.0609428256247713,522,"Excuse me, sir. One or two persons for lunch?"
1595,2,13,57,72,1.2361111111111112,0.05764366130288757,522,"Sir, they are waiting for the nominee to give his acceptance speech."
1595,2,13,57,72,1.2361111111111112,0.05764366130288757,522,Will he be staying overnight?
1595,1,15,56,72,1.2361111111111112,0.05414383973890985,522,"Sir, I've looked again , and again........and batteries are NOT included."
1595,2,13,57,72,1.2361111111111112,0.05764366130288757,522,"Mrs. Frankenstein says if you keep using electricity at this rate, the lasagna won't be ready for hours."
1595,2,13,57,72,1.2361111111111112,0.05764366130288757,522,"It's the village mob for you, sir. Shall I offer to take their pitchforks and torches?"
1595,4,9,59,72,1.2361111111111112,0.06407233647886229,522,Mr. Trump said VP is out of the question. Would he consider State?
1595,6,5,61,72,1.2361111111111112,0.06991235166491738,522,The GOP called. They are looking for a keynote speaker for the convention that captures the spirit of the primaries. Is he available?
1595,3,11,58,72,1.2361111111111112,0.0609428256247713,522,"Good news, sir, I'm developing a hump!"
1595,4,9,59,72,1.2361111111111112,0.06407233647886229,522,"Sir, I wonder if I might have the evening off to do some grave robbing."
1595,1,15,56,72,1.2361111111111112,0.05414383973890985,522,Does he eat chicken?
1595,2,13,57,72,1.2361111111111112,0.05764366130288757,522,"Quite right, sir. I never expected them to cast Cloris Leachman in my role."
1595,3,11,58,72,1.2361111111111112,0.0609428256247713,522,"Shall I set an extra plate—again, sir?"
1595,3,11,58,72,1.2361111111111112,0.0609428256247713,522,"I'm afraid that Mister Igor is no longer with the agency, sir."
1595,4,9,59,72,1.2361111111111112,0.06407233647886229,522,"Sir, will there be two for dinner this evening?"
1595,2,13,57,72,1.2361111111111112,0.05764366130288757,522,"I think he is about to feel the bern, Doctor."
1595,2,13,57,72,1.2361111111111112,0.05764366130288757,522,"The Party Chairman says he hopes you know what you're doing, Sir."
1595,3,11,58,72,1.2361111111111112,0.0609428256247713,522,"Son, this isn't what I had in mind when I permitted you to remodel the basement into a game room."
1595,2,13,57,72,1.2361111111111112,0.05764366130288757,522,"Very sorry sir, nothing but clear skies ahead."
1595,4,9,59,72,1.2361111111111112,0.06407233647886229,522,"It's Mr. Trump, sir. He says he will give you his hands only if you can guarantee a huge pair in return."
1595,3,11,58,72,1.2361111111111112,0.0609428256247713,522,Tell the rioters it's not tested on animals!
1595,4,9,59,72,1.2361111111111112,0.06407233647886229,522,"Will Mr. Frankenstein be staying for dinner, sir?"
1595,3,11,58,72,1.2361111111111112,0.0609428256247713,522,"I apologize for his elbows on the table, sir."
1595,3,11,58,72,1.2361111111111112,0.0609428256247713,522,"Did you say ""frank'n'beans for dinner?"
1595,2,13,57,72,1.2361111111111112,0.05764366130288757,522,"Um, I really don't know if I can make him speak with a British accent, but I'll try!"
1595,3,11,58,72,1.2361111111111112,0.0609428256247713,522,The FBI wishes to enquire if you might kindly assist in hacking another iPhone.
1595,3,11,58,72,1.2361111111111112,0.0609428256247713,522,"The seamstress is wondering whether you will require her further, sir."
1595,1,15,56,72,1.2361111111111112,0.05414383973890985,522,What would you like me to do with all of the bodies in the minivan?
1595,1,15,56,72,1.2361111111111112,0.05414383973890985,522,The school called and told your parents that you cut Chemistry class.
1625,3,10,55,68,1.2352941176470589,0.0632651480256502,522,"Sir, will it be 2 for dinner tonight"
1625,4,8,56,68,1.2352941176470589,0.0666442834568862,522,Isn't this how you make frankincense?
1625,1,14,53,68,1.2352941176470589,0.05589736871408801,522,"Will there be one more guest at dinner tonight, sir?"
1625,2,12,54,68,1.2352941176470589,0.05969503657703099,522,"Will it be liver pâté or kidney pie tonight, sir?"
1625,3,10,55,68,1.2352941176470589,0.0632651480256502,522,"Sir, Will he be joining you for dinner this evening?"
1625,3,10,55,68,1.2352941176470589,0.0632651480256502,522,The townspeople called and rejected your request for a restroom for the undead.
1625,2,12,54,68,1.2352941176470589,0.05969503657703099,522,Will our guest be a vegan or carnivore ? Master.
1632,4,7,53,64,1.234375,0.06951571243822256,522,This isn't necessary sir. I am willing to negotiate.
1632,4,7,53,64,1.234375,0.06951571243822256,522,"Sir, should I put an extra plate on the table?"
1634,2,14,61,77,1.2337662337662338,0.05513949220709001,522,A dash of meat tenderizer would help his stiffness.
1634,5,8,64,77,1.2337662337662338,0.06376248191397861,522,"Indeed, sir, this is quite a change from Downton Abbey."
1634,4,10,63,77,1.2337662337662338,0.06102368884435136,522,"You want a raise, I presume."
1637,3,11,59,73,1.2328767123287672,0.0601891613080551,522,Dinner for two Sir?
1637,3,11,59,73,1.2328767123287672,0.0601891613080551,522,Have you found his soul?
1637,2,13,58,73,1.2328767123287672,0.056940474490136644,522,"Was the brain satisfactory tonight, sir?"
1637,3,11,59,73,1.2328767123287672,0.0601891613080551,522,"Will our guest be requiring any additional body parts this evening, sir?"
1637,4,9,60,73,1.2328767123287672,0.06327126237694529,522,I'm the father of the bride of Frankenstein.
1637,3,11,59,73,1.2328767123287672,0.0601891613080551,522,"Sir, I'm afraid the Republicans created a monster first."
1637,2,13,58,73,1.2328767123287672,0.056940474490136644,522,"Sir, the angry townsfolk are early. Shall I have them wait in the cloakroom?"
1637,2,13,58,73,1.2328767123287672,0.056940474490136644,522,I just wanted to inform you that your post about life after death received 250 likes so far.
1637,4,9,60,73,1.2328767123287672,0.06327126237694529,522,"Pardon me Sir, his brain just arrived. Shall I bring it in?"
1637,2,13,58,73,1.2328767123287672,0.056940474490136644,522,Shall I set for two?
1637,3,11,59,73,1.2328767123287672,0.0601891613080551,522,"Mr. Trump is here for his tune-up, sir."
1637,2,13,58,73,1.2328767123287672,0.056940474490136644,522,"Sir, there's a Mr. Tesla at the door with a battery question."
1637,2,13,58,73,1.2328767123287672,0.056940474490136644,522,"I remind you , Sir, that our insurance does not cover ""Acts of God""."
1637,3,11,59,73,1.2328767123287672,0.0601891613080551,522,you've reached your download limit
1637,2,13,58,73,1.2328767123287672,0.056940474490136644,522,"I am Ivor, Mr. Frankenstein. Igor was much too crass for this Masterpiece Theatre rendition."
1637,2,13,58,73,1.2328767123287672,0.056940474490136644,522,Shall I escort the angry mob to the parlour?
1637,2,13,58,73,1.2328767123287672,0.056940474490136644,522,"Sir, the Con Ed meter man is at the front gate again."
1637,4,9,60,73,1.2328767123287672,0.06327126237694529,522,"Sir, I'm afraid we've run out of Chateau Lafeet."
1637,3,11,59,73,1.2328767123287672,0.0601891613080551,522,"I'm mixing a drink. Frank, could you bring my stein?"
1637,4,9,60,73,1.2328767123287672,0.06327126237694529,522,Does this mean I'm fired?
1637,2,13,58,73,1.2328767123287672,0.056940474490136644,522,"Shall I open a crypt for your guest, sir?"
1637,2,13,58,73,1.2328767123287672,0.056940474490136644,522,"Late-night snack, sir? You should never reanimate on an empty stomach."
1637,0,17,56,73,1.2328767123287672,0.04981147084308545,522,A Mr. Walter White to see you sir.
1637,3,11,59,73,1.2328767123287672,0.0601891613080551,522,"This cannot be what your psychologist meant by 'try to make a friend.' Only one for dinner again, I take it?"
1637,3,11,59,73,1.2328767123287672,0.0601891613080551,522,"Will there be anyone else tonight, sir?"
1637,1,15,57,73,1.2328767123287672,0.053494860793881195,522,"Will you be dining alone again this evening, Doctor, or do you think you might get lucky with the gentleman on the table in the next hour or so?"
1637,1,15,57,73,1.2328767123287672,0.053494860793881195,522,"Begging your pardon, Sir...Igor wants to know if you'll be needing the hearse tonight. He wants to pick up a few things at the village cemetery."
1637,0,17,56,73,1.2328767123287672,0.04981147084308545,522,Very good sir. Shall I tell the mob to come back during a lightening storm?
1637,3,11,59,73,1.2328767123287672,0.0601891613080551,522,"How would you like your brain, sir?"
1637,2,13,58,73,1.2328767123287672,0.056940474490136644,522,"An organ, sir; capital idea. Would it be musical, or bodily?"
1637,0,17,56,73,1.2328767123287672,0.04981147084308545,522,"Miss Shelley to see you, sir. She needs help with her writer's block."
1637,2,13,58,73,1.2328767123287672,0.056940474490136644,522,"Sir, would you like me to set out more place settings for dinner? There's a mob at the door."
1637,2,13,58,73,1.2328767123287672,0.056940474490136644,522,"It's not really for me to say why your Monster has more followers, Doctor."
1637,3,11,59,73,1.2328767123287672,0.0601891613080551,522,"You know, Carson, you're no Igor."
1637,2,13,58,73,1.2328767123287672,0.056940474490136644,522,"Don't be ridiculous, why would anyone confuse my name with the monster's?"
1637,4,9,60,73,1.2328767123287672,0.06327126237694529,522,"Sir, please do better this time. The last one was a terrible cook!"
1637,3,11,59,73,1.2328767123287672,0.0601891613080551,522,"Quite the storm front forecast this evening, sir. Shall I set the table for two then?"
1674,3,10,56,69,1.2318840579710144,0.06243471453411533,522,Shall I get the AED?
1674,4,8,57,69,1.2318840579710144,0.06575979804152392,522,"A ""Speaker Paul Ryan"" inquires whether ""It"" is available."
1674,3,10,56,69,1.2318840579710144,0.06243471453411533,522,"Doctor, you say my replacement will work for free, but will he remember your wife's birthday?"
1674,3,10,56,69,1.2318840579710144,0.06243471453411533,522,Is he going to replace me?
1674,4,8,57,69,1.2318840579710144,0.06575979804152392,522,"It's the Democratic Party on the phone, sir. They wonder if you can concoct an antidote to Mr. Trump."
1674,5,6,58,69,1.2318840579710144,0.06892465812731721,522,"As to why there's an angry mob at the door, I haven't a hunch."
1674,1,14,54,69,1.2318840579710144,0.05518676163669498,522,"Will the gentleman be done in time for dinner, Sir?"
1674,4,8,57,69,1.2318840579710144,0.06575979804152392,522,It's between him and Chris Christie for Vice President.
1674,2,12,55,69,1.2318840579710144,0.05892228881714398,522,"I'm sure Cook could handle one more for dinner, Sir."
1674,3,10,56,69,1.2318840579710144,0.06243471453411533,522,"Sorry for the delay, Master. Just waiting to verify his deductible."
1674,1,14,54,69,1.2318840579710144,0.05518676163669498,522,Will there be two for dinner this time sir?
1674,3,10,56,69,1.2318840579710144,0.06243471453411533,522,"So sorry sir, but there is currently a shortage of brains."
1674,4,8,57,69,1.2318840579710144,0.06575979804152392,522,"I was trying to get him ready for the Republican primaries but I couldn't teach him to say ""Bengazi"""
1674,3,10,56,69,1.2318840579710144,0.06243471453411533,522,Will your guest be staying for supper sir?
1674,4,8,57,69,1.2318840579710144,0.06575979804152392,522,"Sir, I'm afraid your dungeon doesn't meet the standards of an ambulatory surgical center."
1674,1,14,54,69,1.2318840579710144,0.05518676163669498,522,"Is this a good time to discuss the salad forks, sir?"
1674,4,8,57,69,1.2318840579710144,0.06575979804152392,522,"Sir, the neighbors are complaining that their microwave clocks keep flickering."
1674,1,14,54,69,1.2318840579710144,0.05518676163669498,522,"Madame would like to know if it is just the two of you this evening, or if you have invited something to dinner."
1674,4,8,57,69,1.2318840579710144,0.06575979804152392,522,"Some people with balloons at the door, sir. They say they're with Publisher's Clearinghouse."
1674,3,10,56,69,1.2318840579710144,0.06243471453411533,522,It seems there's been a mix-up.
1674,1,14,54,69,1.2318840579710144,0.05518676163669498,522,"Will it be two for dinner then, sir?"
1674,5,6,58,69,1.2318840579710144,0.06892465812731721,522,Shall I set the dinner table for two sir?
1696,3,13,66,82,1.2317073170731707,0.05568759508952443,522,Will the monster be alive for dinner sir?
1697,3,9,53,65,1.2307692307692308,0.06493055006205434,522,Your monster is served.
1697,2,11,52,65,1.2307692307692308,0.06111634070027192,522,"I see you have an electrifying evening planned, Sir."
1697,3,9,53,65,1.2307692307692308,0.06493055006205434,522,"The Chianti and fava beans are ready now, Sir."
1697,3,9,53,65,1.2307692307692308,0.06493055006205434,522,"When I said 'give me a hand,' I meant give me a hand."
1697,2,11,52,65,1.2307692307692308,0.06111634070027192,522,"Sorry to bother you, sir, but there's a gentleman at the door from the electric company."
1697,1,13,51,65,1.2307692307692308,0.05704768066996663,522,Shall I have the villagers leave their pitchforks in the parlor?
1703,3,11,60,74,1.2297297297297298,0.05945356909331095,522,"Herr Doktor, his wife is on the phone, said she wants to hear him moan."
1703,2,13,59,74,1.2297297297297298,0.05625383214490834,522,The bad news first? Your medical grant was rejected. The good news? Storm clouds approacheth.
1703,2,13,59,74,1.2297297297297298,0.05625383214490834,522,It's alive! And soon to be President!
1703,4,9,61,74,1.2297297297297298,0.062489680147034474,522,Will the Creature be joining the Master for dinner?
1703,6,5,63,74,1.2297297297297298,0.06815736657742746,522,there's an angry mob at the door wishing to have a word with you sir
1703,1,15,58,74,1.2297297297297298,0.05286076412654235,522,Shall I tell cook one more for dinner?
1703,4,9,61,74,1.2297297297297298,0.062489680147034474,522,"Are you looking to replace me, doctor?"
1703,3,11,60,74,1.2297297297297298,0.05945356909331095,522,"Dr. Frankenstein, CNN is here. Is Mr. Trump ready for the interview?"
1703,1,15,58,74,1.2297297297297298,0.05286076412654235,522,This was not in the job description....
1703,1,15,58,74,1.2297297297297298,0.05286076412654235,522,Will master be eating alone tonight?
1703,2,13,59,74,1.2297297297297298,0.05625383214490834,522,"Will you still be needing me, sir?"
1703,1,15,58,74,1.2297297297297298,0.05286076412654235,522,"...and Sir, for your dinner, the chef has prepared leftovers."
1703,4,9,61,74,1.2297297297297298,0.062489680147034474,522,"I'm bad with names. Which of you, again, is Frankenstein?"
1703,2,13,59,74,1.2297297297297298,0.05625383214490834,522,"I thought I heard a loud moan, sir. Shall I set an extra place for dinner?"
1703,4,9,61,74,1.2297297297297298,0.062489680147034474,522,"""Igor won't be in today.. his hump hurts""."
1703,1,15,58,74,1.2297297297297298,0.05286076412654235,522,"I'm sorry Mr. Swift, but you appear to be in the wrong novel."
1703,1,15,58,74,1.2297297297297298,0.05286076412654235,522,"Sir, the rampageous mob desires an appointment at your earliest convenience."
1703,0,17,57,74,1.2297297297297298,0.04923441009188971,522,"Is this my layoff notice, sir?"
1721,1,12,48,61,1.2295081967213115,0.05910739795842607,522,"Sir, the mob is here to see you."
1722,1,9,38,48,1.2291666666666667,0.06815438860102259,522,Is this a good time?
1723,3,10,57,70,1.2285714285714286,0.06162542486863335,522,Shall I tell Mr. Ryan that Mr. Trump is napping?
1723,3,10,57,70,1.2285714285714286,0.06162542486863335,522,"Sir, there's a Mr. Alex Rodriguez on the phone."
1723,4,8,58,70,1.2285714285714286,0.06489816380443914,522,"Should I set another place at the dinner table this evening, sir?"
1723,3,10,57,70,1.2285714285714286,0.06162542486863335,522,Let's call him 'The Donald'.
1723,5,6,59,70,1.2285714285714286,0.06801360408136047,522,"You know I can hear you two, right?"
1723,1,14,55,70,1.2285714285714286,0.054493445847579626,522,"Might the gentleman's guest be requiring a pick-me-up, sir?"
1723,4,8,58,70,1.2285714285714286,0.06489816380443914,522,"The farmers almanac says there should be a lightning storm Friday, sir."
1723,2,12,56,70,1.2285714285714286,0.05816884316617732,522,Will Mr. Trump be staying for dinner sir?
1723,3,10,57,70,1.2285714285714286,0.06162542486863335,522,"Perhaps if you added some sophistication to that test tube, he might wipe his feet before re-entering the premises."
1723,5,6,59,70,1.2285714285714286,0.06801360408136047,522,"Are we having a guest for dinner tonight, Sir?"
1723,4,8,58,70,1.2285714285714286,0.06489816380443914,522,"Sir, regrettably I will be leaving your service for a post at Mr. Trump's Mar-a-Lago."
1723,1,14,55,70,1.2285714285714286,0.054493445847579626,522,Does sir mean to replace me?
1723,2,12,56,70,1.2285714285714286,0.05816884316617732,522,"Just checking, Dr. F. will our guest have his usual 10,000 volts for dinner?"
1723,1,14,55,70,1.2285714285714286,0.054493445847579626,522,"It's the mechanic on the phone, Sir. He says there's a bolt missing from the Rolls Royce."
1723,3,10,57,70,1.2285714285714286,0.06162542486863335,522,"Do you seek to replace me, sir?"
1723,4,8,58,70,1.2285714285714286,0.06489816380443914,522,Will His Monster be joining us for dinner Sir?
1723,1,14,55,70,1.2285714285714286,0.054493445847579626,522,"Igor is out sick today. I'm the temp, Alfred."
1723,4,8,58,70,1.2285714285714286,0.06489816380443914,522,"You can stop your experimenting, Herr Doctor. Republican electors beat you."
1723,3,10,57,70,1.2285714285714286,0.06162542486863335,522,"Brains, I'm afraid, are in rather short supply. Would milord like some tripe instead?"
1723,3,10,57,70,1.2285714285714286,0.06162542486863335,522,I got my hump fixed while I was on vacation.
1723,2,12,56,70,1.2285714285714286,0.05816884316617732,522,"I must remind you, sir, that the electric bill is past due!"
1723,4,8,58,70,1.2285714285714286,0.06489816380443914,522,"Sir, the party wants to know if he'll be ready by the next primary."
1723,2,12,56,70,1.2285714285714286,0.05816884316617732,522,"Finger food is ready, sir."
1723,5,6,59,70,1.2285714285714286,0.06801360408136047,522,"Will Frank be joining us for dinner, Sir?"
1723,3,10,57,70,1.2285714285714286,0.06162542486863335,522,"Will he be alive in time for dinner, sir? In case I need to alter the seating arrangements."
1723,4,8,58,70,1.2285714285714286,0.06489816380443914,522,"Our Kickstarter did not reach the minimum, we're shutting down the experiment."
1723,1,14,55,70,1.2285714285714286,0.054493445847579626,522,They're here to read the meters once again.
1723,2,12,56,70,1.2285714285714286,0.05816884316617732,522,"At what hour will he wish his tea, sir?"
1723,3,10,57,70,1.2285714285714286,0.06162542486863335,522,"It's complicated, but Igor's with batman now."
1752,1,16,62,79,1.2278481012658229,0.050794937122985086,522,"Terribly sorry to disturb you, sir, but the murderous rabble is quite insistent."
1753,1,13,52,66,1.2272727272727273,0.056285380669717305,522,"Will the other gentleman be joining us for dinner, sir?"
1753,1,13,52,66,1.2272727272727273,0.056285380669717305,522,"Yes, sir. Pitch forks and torches. Shall I show them into the parlor?"
1753,3,9,54,66,1.2272727272727273,0.06403471722070707,522,Well tell the angry mob I'm kinda in the middle of something.
1753,3,9,54,66,1.2272727272727273,0.06403471722070707,522,I think we all know who the real monster is here.
1753,5,5,56,66,1.2272727272727273,0.0709425538160056,522,The power company is calling about the electric bill.
1753,4,7,55,66,1.2272727272727273,0.06757695965146986,522,Shall I let Cook know that he has a stomach?
1753,2,11,53,66,1.2272727272727273,0.060284695763812665,522,"Mr. Hitchcock, your cameos are becoming less subtle..."
1753,5,5,56,66,1.2272727272727273,0.0709425538160056,522,"A Mr. Priebus to see you, sir. He insists it is quite urgent."
1753,3,9,54,66,1.2272727272727273,0.06403471722070707,522,"Sir, there's a Dr. Jekyll here to see you."
1753,4,7,55,66,1.2272727272727273,0.06757695965146986,522,Shall I wait on dinner Sir until Mr. Trumpenstein awakens?
1753,3,9,54,66,1.2272727272727273,0.06403471722070707,522,"I am sorry, Master Bobby, but the Uber driver refused to pick up a brain."
1753,3,9,54,66,1.2272727272727273,0.06403471722070707,522,He wants to vote so he'll only need a partial brain for the upcoming elections.
1753,3,9,54,66,1.2272727272727273,0.06403471722070707,522,Mrs. Frankenstein wishes to know whether we should set an extra place for tea.
1753,3,9,54,66,1.2272727272727273,0.06403471722070707,522,"Tea service for one or two this afternoon, Sir?"
1753,4,7,55,66,1.2272727272727273,0.06757695965146986,522,Will you be dining alone again this evening - or should I add another place setting ?
1768,1,15,59,75,1.2266666666666666,0.052241067457787733,522,The ethics committee regrets to inform you that your experiment is cancelled because you didn't verify the authenticity of the subject's birth certificate.
1768,5,7,63,75,1.2266666666666666,0.0645799548665882,522,"Sir, nothing phases me. I used to be Donald Trump's butler."
1768,1,15,59,75,1.2266666666666666,0.052241067457787733,522,The safety inspector is here.
1771,1,12,49,62,1.2258064516129032,0.058263950350759514,522,"Sir, the lightning rod salesman has arrived."
1771,0,14,48,62,1.2258064516129032,0.053533794753437405,522,it's the electric company regarding the cost saver plan
1771,1,12,49,62,1.2258064516129032,0.058263950350759514,522,"Dinner is at eight, with lightning expected at midnight sir."
1774,3,10,58,71,1.2253521126760563,0.06083649988077124,522,"May I enquire, sir, why one requires quite so many footmen?"
1774,4,8,59,71,1.2253521126760563,0.06405852171775905,522,Ovaltine?
1774,1,14,56,71,1.2253521126760563,0.05381682584378255,522,Mr Trump confirms his order for a made-up on the spot running mate and asks that it' be ready for the convention
1774,2,12,57,71,1.2253521126760563,0.05743400761588512,522,He says the shocks are all good but your psychotherapy is unbearable.
1774,2,12,57,71,1.2253521126760563,0.05743400761588512,522,I just need him for some heavy lifting. Why can't you make anyone who can wash windows?
1774,3,10,58,71,1.2253521126760563,0.06083649988077124,522,Seems the maid thought the brain was a rotten cabbage and tossed it
1774,2,12,57,71,1.2253521126760563,0.05743400761588512,522,So sorry sir. Cook is plumb out of brains.
1774,4,8,59,71,1.2253521126760563,0.06405852171775905,522,"The gentleman from the RNC is here sir, to vet the creature."
1774,2,12,57,71,1.2253521126760563,0.05743400761588512,522,"Doctor, I have been notified by the Transylvania Power Company that you have not paid your bill."
1774,1,14,56,71,1.2253521126760563,0.05381682584378255,522,"If there's nothing else this evening I'll retire now, get my torch and join the angry mob."
1774,2,12,57,71,1.2253521126760563,0.05743400761588512,522,"It's the cocktail hour, sir. May I have the beaker back?"
1774,4,8,59,71,1.2253521126760563,0.06405852171775905,522,Will your guest be staying for supper?
1774,3,10,58,71,1.2253521126760563,0.06083649988077124,522,"""Tea for two, sir?'"
1774,3,10,58,71,1.2253521126760563,0.06083649988077124,522,"Doctor, the Republicans are on the line. They now need a vice presidential candidate."
1774,4,8,59,71,1.2253521126760563,0.06405852171775905,522,"Sir, the microwave is broken."
1774,5,6,60,71,1.2253521126760563,0.06712606566443573,522,"Brains again tonight, sir?"
1774,3,10,58,71,1.2253521126760563,0.06083649988077124,522,"Shall I add another for dinner, Sir?"
1774,2,12,57,71,1.2253521126760563,0.05743400761588512,522,"Will that be one for dinner, or two?"
1774,2,12,57,71,1.2253521126760563,0.05743400761588512,522,"Can I get you anything, sir? Life, perhaps?"
1774,2,12,57,71,1.2253521126760563,0.05743400761588512,522,How many for afternoon tea?
1774,0,16,55,71,1.2253521126760563,0.04993832453115034,522,Sir. There is a Tinder response from a Ms. Frankenstein.
1774,1,14,56,71,1.2253521126760563,0.05381682584378255,522,"Sorry sir, but there is no lightning in the forecast for this evening."
1774,3,10,58,71,1.2253521126760563,0.06083649988077124,522,Frau Frankenstein is asking if there will be three for dinner.
1774,3,10,58,71,1.2253521126760563,0.06083649988077124,522,This is what you meant when you said that my heart belongs to someone else.
1798,5,12,81,98,1.2244897959183674,0.053354962259045804,522,"Will he be joining us for tea, sir?"
1798,3,5,41,49,1.2244897959183674,0.07860013611082545,522,"Sir, if I've heard you correctly, I'll need a raise."
1800,1,13,53,67,1.2238805970149254,0.055542615574947524,522,"Are we expecting a brain delivery, sir?"
1800,2,11,54,67,1.2238805970149254,0.05947492059078339,522,"Sir, perhaps tonights guest will be a lively one?"
1800,3,9,55,67,1.2238805970149254,0.06316288636259094,522,"I may be drunk sir, but in the morning I will be sober and you will still be dead."
1800,3,9,55,67,1.2238805970149254,0.06316288636259094,522,"Shall I be setting the table for one again tonight, Sir?"
1800,4,7,56,67,1.2238805970149254,0.06664708731840546,522,"Sir, the guests wish to visit the ""wine cellar."""
1800,1,13,53,67,1.2238805970149254,0.055542615574947524,522,Will I be serving two masters tonight?
1800,2,11,54,67,1.2238805970149254,0.05947492059078339,522,I sauteed the brain you had in the jar in a delightful lemon-butter sauce.
1800,2,11,54,67,1.2238805970149254,0.05947492059078339,522,Will your dinner guest be vegan or paleo?
1800,3,9,55,67,1.2238805970149254,0.06316288636259094,522,"Should I go to Costco for more fuses, sir?"
1800,4,7,56,67,1.2238805970149254,0.06664708731840546,522,"Mr. Mankoff here to see you, sir,"
1800,1,13,53,67,1.2238805970149254,0.055542615574947524,522,"Will he be staying for dinner, Sir?"
1800,2,11,54,67,1.2238805970149254,0.05947492059078339,522,Why not create internet persona like the rest of us instead?
1800,3,9,55,67,1.2238805970149254,0.06316288636259094,522,Should I set the table for 2 now?
1800,1,13,53,67,1.2238805970149254,0.055542615574947524,522,There's a delivery from the butcher and I'm unsure of the context.
1800,2,11,54,67,1.2238805970149254,0.05947492059078339,522,"Sir, Igor says he will not return to work without an appropriate trigger warning."
1800,2,11,54,67,1.2238805970149254,0.05947492059078339,522,"Would your new ""friend"" like an espresso as well?"
1800,3,9,55,67,1.2238805970149254,0.06316288636259094,522,"Will there be a guest for dinner, sir?"
1800,2,11,54,67,1.2238805970149254,0.05947492059078339,522,"Sir, may I respectfully request a thirty minute notice before you release him so I can exit the premises"
1800,1,13,53,67,1.2238805970149254,0.055542615574947524,522,"Yes, Doctor, I told them you were otherwise engaged, but the gentlemen with the torches and pitchforks were quite insistent on having a word with you."
1800,2,11,54,67,1.2238805970149254,0.05947492059078339,522,"Pardon me Doctor, the villagers are storming the gate. May I have me severance package now."
1800,3,9,55,67,1.2238805970149254,0.06316288636259094,522,"Now they're saying the ""before November 8 deadline"" isn't soon enough."
1800,5,5,57,67,1.2238805970149254,0.0699579751164994,522,"Sir, when will the second footman be ready? We're feeling quite understaffed."
1800,2,11,54,67,1.2238805970149254,0.05947492059078339,522,Dinner service for one ... or two?
1800,3,9,55,67,1.2238805970149254,0.06316288636259094,522,"Excuse me Dr., both the DNC and RNC called. They're wondering if Mr. Frankenstein is available to run as a third party candidate."
1800,1,13,53,67,1.2238805970149254,0.055542615574947524,522,"Sir, have I not been what you wanted in a butler?"
1825,3,11,62,76,1.2236842105263157,0.058034122480782775,522,"Sir, your order from bodyparts.com just arrived. In the frig?"
1825,3,11,62,76,1.2236842105263157,0.058034122480782775,522,"Excuse me sir, I was recently fired from Downton Abbey and I’m looking for drama."
1827,2,12,58,72,1.2222222222222223,0.05671712135968739,522,"Begging Master's pardon, I think the name 'Lurch' has a certain symmetry...."
1827,2,12,58,72,1.2222222222222223,0.05671712135968739,522,"Master Victor, your AP biology teacher would like a word with you."
1827,3,10,59,72,1.2222222222222223,0.06006719705512129,522,"Your 3 o'clock is here, sir."
1827,2,12,58,72,1.2222222222222223,0.05671712135968739,522,"He'll be a fine running mate, master"
1827,3,10,59,72,1.2222222222222223,0.06006719705512129,522,Don't laugh. It beats online dating.
1827,2,10,51,63,1.2222222222222223,0.06173977251921359,522,Will there be another for dinner?
1827,2,10,51,63,1.2222222222222223,0.06173977251921359,522,"I've seen it in black & white, color, 3-D, and Mel Brooks. What could you have to offer?"
1827,3,8,52,63,1.2222222222222223,0.06575585358598524,522,Don't even think about pinning this one on me.
1827,1,14,57,72,1.2222222222222223,0.053156331218399966,522,"How many for supper, sir?"
1827,3,10,59,72,1.2222222222222223,0.06006719705512129,522,"Shall I set the table for one or two, sir?"
1827,1,12,50,63,1.2222222222222223,0.05744359616725745,522,I don't know about you Sir but I'm thinking reality show.
1827,2,12,58,72,1.2222222222222223,0.05671712135968739,522,"Curse me with a hump for complaining, sir, but must you do your brainwashing in the kitchen sink?"
1827,3,10,59,72,1.2222222222222223,0.06006719705512129,522,"Will there be one or two of you dining in tonight, sir?"
1827,3,12,66,81,1.2222222222222223,0.05555555555555555,522,"Will we be having a guest for dinner, sir?"
1827,0,14,49,63,1.2222222222222223,0.05279899592349904,522,"""Igor called in sick. Anything I can assist you with, sir?"
1827,2,12,58,72,1.2222222222222223,0.05671712135968739,522,"With regrets, my dear Speaker Ryan . . . the Cruz candidacy cannot be revived."
1827,3,10,59,72,1.2222222222222223,0.06006719705512129,522,The angry villagers have arrived.
1827,2,12,58,72,1.2222222222222223,0.05671712135968739,522,"Yes sir, brain for dinner again."
1827,1,12,50,63,1.2222222222222223,0.05744359616725745,522,"Doctor, we've saved the extra liver for dinner."
1827,5,6,61,72,1.2222222222222223,0.06626115585708794,522,I beg your pardon sir. May I suggest that you try googling instead?
1827,1,14,57,72,1.2222222222222223,0.053156331218399966,522,"Sir, the misses would like to vacuum without blowing a fuse."
1827,3,10,59,72,1.2222222222222223,0.06006719705512129,522,"Actually, you're Frankenstein. He's Frankenstein's monster."
1827,0,16,56,72,1.2222222222222223,0.04933922619854286,522,"Sir, the brains have arrived."
1827,3,10,59,72,1.2222222222222223,0.06006719705512129,522,"Pardon me Sir, but you wanted me to remind you to make his hands huge."
1827,1,14,57,72,1.2222222222222223,0.053156331218399966,522,The mob is here to see you.
1852,4,13,78,95,1.2210526315789474,0.0522268875856145,522,"Stake tonight, sir?"
1853,4,9,64,77,1.2207792207792207,0.06025514395462593,522,"Sir, There is someone from the utility company at the front door, regarding an unpaid electric bill."
1854,0,15,53,68,1.2205882352941178,0.050656741494739324,522,"Shall I set another place at the dinner table, or will he be joining the wait staff?"
1854,0,15,53,68,1.2205882352941178,0.050656741494739324,522,"Just ring when he's alive, sir."
1854,4,7,57,68,1.2205882352941178,0.06574216082516834,522,Mrs. Frankenstein wants to know when you're planning to reanimate her.
1854,2,11,55,68,1.2205882352941178,0.05868618733921613,522,I heard you are the man to come to if I need to get a life of my own
1854,2,11,55,68,1.2205882352941178,0.05868618733921613,522,"Will he be joining us for dinner tonight, sir?"
1854,3,9,56,68,1.2205882352941178,0.06231412478072636,522,"Instead of having him for dinner, we're having him for dinner."
1854,1,13,54,68,1.2205882352941178,0.05481867402299337,522,Will there be one or two for dinner?
1854,2,11,55,68,1.2205882352941178,0.05868618733921613,522,"Sir, a gentleman from the electric company asks if we would like an energy audit."
1854,1,13,54,68,1.2205882352941178,0.05481867402299337,522,"Shall I Set the pitchforks with the entree, sir?"
1854,2,11,55,68,1.2205882352941178,0.05868618733921613,522,"Pardon me sir, there's a Mr. Brooks on the phone."
1854,1,13,54,68,1.2205882352941178,0.05481867402299337,522,"Mistress says 'Wash the dead stuff off your hands and come down for dinner""."
1854,1,13,54,68,1.2205882352941178,0.05481867402299337,522,"May I remind you Sir, we have not paid our electric bill."
1854,2,11,55,68,1.2205882352941178,0.05868618733921613,522,Will your friend be joining us?
1854,5,5,58,68,1.2205882352941178,0.06900009617918414,522,"Sir, a Mrs. Stein is here to pick up her son, Frank."
1854,2,11,55,68,1.2205882352941178,0.05868618733921613,522,"Sorry about the microwave again, Sir. My bad."
1854,5,5,58,68,1.2205882352941178,0.06900009617918414,522,"One, or two, for dinner tonight, sir?"
1854,2,11,55,68,1.2205882352941178,0.05868618733921613,522,"Hmm, the guests have arrived-they're carrying pitchforks Sir!"
1854,1,13,54,68,1.2205882352941178,0.05481867402299337,522,If you succeed sir this will be the mother of all transgenders.
1854,4,7,57,68,1.2205882352941178,0.06574216082516834,522,"Pardon the interruption, Doctor, but there is rather an angry mob to see you, and they seem most insistent."
1854,2,11,55,68,1.2205882352941178,0.05868618733921613,522,"'Will there be an extra setting for dinner?"""
1854,3,9,56,68,1.2205882352941178,0.06231412478072636,522,"I assure you it's just a cold sir, why do you keep inquiring?"
1854,4,7,57,68,1.2205882352941178,0.06574216082516834,522,"Dr. Frankenstein, will your guest be staying for dinner?"
1876,1,11,47,59,1.2203389830508475,0.05955119800811673,522,I've decided to take the extra week vacation and skip the death benefit.
1876,2,9,48,59,1.2203389830508475,0.06427129001463887,522,There are a thousand villagers with pitchforks and torches at the door. Are you at home Sir?
1878,1,16,65,82,1.2195121951219512,0.04915543942335245,522,"You've blown the fuses again, Master."
1879,2,12,59,73,1.2191780821917808,0.056017553179841535,522,"Very well, sir, and will the monster be joining you for dinner this evening?"
1879,1,14,58,73,1.2191780821917808,0.05251141552511415,522,"sir, a torch wielding mob is approaching the castle, shall i prepare hors d'oeuvres or release the hounds"
1879,2,12,59,73,1.2191780821917808,0.056017553179841535,522,"""It's the Mrs's..... Have you seen her Left Kidney""?"
1879,4,8,61,73,1.2191780821917808,0.062441983247385126,522,"Mr. Priebus to see you, Doctor."
1879,3,10,60,73,1.2191780821917808,0.059316808478386204,522,"Sir, I know that you are politically astute, but no one, I mean no one, would vote for a monster like this."
1884,2,10,52,64,1.21875,0.060866551595885596,522,Will the Monster be joining us for dinner?
1884,2,10,52,64,1.21875,0.060866551595885596,522,The Vice Presidential selection committee is upstairs.
1884,4,6,54,64,1.21875,0.06853320797422294,522,"When you've got him up and about, train him to do your job."
1884,3,8,53,64,1.21875,0.06481333851304336,522,"Should I invite the frenzied mob in for tea, m 'lord?"
1884,2,10,52,64,1.21875,0.060866551595885596,522,"Some gentlemen with pitchforks and torches are here to see you, milord."
1884,3,8,53,64,1.21875,0.06481333851304336,522,"The stager is here, sir."
1884,1,12,51,64,1.21875,0.05664543544843536,522,"Yessir, a Coach Saban is calling"
1884,1,12,51,64,1.21875,0.05664543544843536,522,"I""m sorry, it appears your request for pre-approval on this procedure has been DENIED."
1884,3,8,53,64,1.21875,0.06481333851304336,522,"The local villagers with a torchlight parade, Sir."
1884,4,6,54,64,1.21875,0.06853320797422294,522,Shall we do the time warp again?
1884,3,8,53,64,1.21875,0.06481333851304336,522,The Steins are here to see their son.
1884,1,12,51,64,1.21875,0.05664543544843536,522,"Doctor F, the angry mob is here to see you."
1884,1,12,51,64,1.21875,0.05664543544843536,522,"May I fetch more brains, sir?"
1884,2,10,52,64,1.21875,0.060866551595885596,522,Mr. Ryan would like to know if Mr. Regan will be ready for the convention.
1898,1,15,62,78,1.2179487179487178,0.05046383557008775,522,Franks are being served.
1899,2,11,56,69,1.2173913043478262,0.057917707801486674,522,"No, sir, I'm a hunch-front"
1899,0,15,54,69,1.2173913043478262,0.05001945579439373,522,Will Sir be wanting the 1 3/4 inch wrench again as usual tonight?
1899,3,9,57,69,1.2173913043478262,0.061487546190134565,522,"Sir, the villagers are at he door. Shall I have them wait in the library ?"
1899,2,11,56,69,1.2173913043478262,0.057917707801486674,522,"It's the Smiths, sir, they are looking for a fourth for bridge. Shall I tell them he's indisposed?"
1899,1,13,55,69,1.2173913043478262,0.054112876632765046,522,Your amazon package arrived.
1899,2,11,56,69,1.2173913043478262,0.057917707801486674,522,"Frankly, sir, in my opinion, I reckon he will be in need of a bride."
1899,2,11,56,69,1.2173913043478262,0.057917707801486674,522,Shall I prepare dinner for two?
1899,1,13,55,69,1.2173913043478262,0.054112876632765046,522,"The GOOD brain has arrived, sir."
1899,3,9,57,69,1.2173913043478262,0.061487546190134565,522,"Master, may I borrow Frank to settle a Dowton Abbey tiff?"
1899,4,7,58,69,1.2173913043478262,0.06486120408988313,522,"Excuse me, Doctor, the left kidney has arrived."
1899,3,9,57,69,1.2173913043478262,0.061487546190134565,522,Monster is served.
1899,2,11,56,69,1.2173913043478262,0.057917707801486674,522,"The local townsfolk request your presence at your lynching, Sir"
1899,0,15,54,69,1.2173913043478262,0.05001945579439373,522,"Sir, the Jehovah's Witnesses are at the door again. Shall I inform them that you are making alternate arrangements?"
1899,4,7,58,69,1.2173913043478262,0.06486120408988313,522,The Times wishes to know if your monster is a polarizer or a popularizer.
1899,2,11,56,69,1.2173913043478262,0.057917707801486674,522,"Sir, the internet is down again."
1899,2,11,56,69,1.2173913043478262,0.057917707801486674,522,He'll like the way he looks. I guarantee it.
1899,3,9,57,69,1.2173913043478262,0.061487546190134565,522,"Sir, the household lights continue to flicker and your wife once again has inquired as to your doings in the basement."
1899,3,9,57,69,1.2173913043478262,0.061487546190134565,522,Mr. Trump has arrived Sir - is the tanning potion ready?
1899,1,13,55,69,1.2173913043478262,0.054112876632765046,522,Your mother said to stop playing Operation and come down this instance.
1899,3,9,57,69,1.2173913043478262,0.061487546190134565,522,Perhaps m'lord would prefer a limp and a hunchback?
1899,1,13,55,69,1.2173913043478262,0.054112876632765046,522,Shall I tell the life coach to take a hike?
1899,5,5,59,69,1.2173913043478262,0.06806785772664668,522,Your mother wants you to put everything neatly away before coming up for dinner.
1899,3,9,57,69,1.2173913043478262,0.061487546190134565,522,"Yes, sir. I am Igor. By the way, the spine surgery went very well."
1899,2,11,56,69,1.2173913043478262,0.057917707801486674,522,Mrs. Hughes would like to know if there'll be an extra plate for dinner.
1899,3,9,57,69,1.2173913043478262,0.061487546190134565,522,A group with pitchforks and torches are here. Shall I let them in?
1899,1,13,55,69,1.2173913043478262,0.054112876632765046,522,"What do you mean ""size doesn't matter? """
1899,3,9,57,69,1.2173913043478262,0.061487546190134565,522,"Sir, your pizza has arrived"
1926,2,14,67,83,1.216867469879518,0.05156439751534847,522,"Pardon me Doctor, it's Match.com. They've found a suitable match for ""Mr. Tall, Dark, and Handsome."""
1927,2,9,49,60,1.2166666666666666,0.06329764084940143,522,"Pardon me sir, It's Trump Steaks calling about the recent shipment."
1927,4,5,51,60,1.2166666666666666,0.0716696228532331,522,Would you like the brain with a side of bernaise?
1927,2,9,49,60,1.2166666666666666,0.06329764084940143,522,"Sir, there is a man outside who says he has the brain you ordered."
1927,2,9,49,60,1.2166666666666666,0.06329764084940143,522,I just know I'm going to be blamed.
1927,3,7,50,60,1.2166666666666666,0.06761333513821251,522,The lengths you will go to to avoid paying a minimum wage is frightening.
1932,1,9,41,51,1.2156862745098038,0.0645571671888405,522,"There's a torch carrying mob at the door, sir. Shall I show them to the drawing room?"
1933,1,12,52,65,1.2153846153846153,0.05586861171666903,522,Did you order 100 pound of hubris from Amazon?
1933,3,8,54,65,1.2153846153846153,0.06389710663783134,522,"The villagers want to know if you have selected the gender, Sir."
1933,2,10,53,65,1.2153846153846153,0.06001725590125859,522,will your guest be joining you for dinner?
1933,4,6,55,65,1.2153846153846153,0.06755449257788575,522,Is your invention going to replace me?
1933,1,12,52,65,1.2153846153846153,0.05586861171666903,522,"Excuse me, Doctor. There's an angry mob here to see you."
1933,1,12,52,65,1.2153846153846153,0.05586861171666903,522,Someone from the electricity company wants to speak to you.
1933,2,10,53,65,1.2153846153846153,0.06001725590125859,522,"I believe its already been done, Sir."
1933,2,10,53,65,1.2153846153846153,0.06001725590125859,522,"Wolfman has arrived for his playdate, Sir."
1933,2,10,53,65,1.2153846153846153,0.06001725590125859,522,"“Shall I have Igor scrapped for parts, sir?"
1933,3,8,54,65,1.2153846153846153,0.06389710663783134,522,Now that we are down to one candidate...
1933,1,12,52,65,1.2153846153846153,0.05586861171666903,522,"Let me be, Frank. You're no Einstein."
1933,4,6,55,65,1.2153846153846153,0.06755449257788575,522,"I understand, sire, but if you don’t come to the door I’m afraid the villagers will take to social media."
1933,4,6,55,65,1.2153846153846153,0.06755449257788575,522,"Viktor, I've been sent down to tell you that your mother wasn't serious when she said she wanted a new husband"
1933,1,12,52,65,1.2153846153846153,0.05586861171666903,522,Does Mr. Stein have any food allergies we should be aware of?
1933,3,8,54,65,1.2153846153846153,0.06389710663783134,522,I'm afraid you've missed most of the primaries Sir.
1933,1,12,52,65,1.2153846153846153,0.05586861171666903,522,I'm Winston. Igor left to run a re-animation startup.
1933,4,6,55,65,1.2153846153846153,0.06755449257788575,522,"That was the library Sir. ""Electricity for Dummkopfs"" is overdue."
1933,2,10,53,65,1.2153846153846153,0.06001725590125859,522,"A delegation of villagers with pitchforks is at the door, sir."
1933,3,8,54,65,1.2153846153846153,0.06389710663783134,522,Shall I Tweet that you are nearly finished sir?
1933,4,6,55,65,1.2153846153846153,0.06755449257788575,522,"No, sir, I'm almost certain this caller was referring to you rather than your monster."
1933,3,8,54,65,1.2153846153846153,0.06389710663783134,522,"Sir, the RNC is here for their consultation."
1933,2,10,53,65,1.2153846153846153,0.06001725590125859,522,He won't make your scrambled eggs like the way I do...
1933,2,10,53,65,1.2153846153846153,0.06001725590125859,522,Shall we expect one more for dinner?
1933,1,12,52,65,1.2153846153846153,0.05586861171666903,522,"Detectives from Missing Persons in the drawing room, sir."
1933,3,8,54,65,1.2153846153846153,0.06389710663783134,522,"Doctor,the authorities are at the door and apparently we are not zoned for monsters."
1933,1,12,52,65,1.2153846153846153,0.05586861171666903,522,The Weather Channel is predicting lightning bolts at midnight tonight.
1933,2,10,53,65,1.2153846153846153,0.06001725590125859,522,He requested to be wakened for tea and crumpets.
1933,3,8,54,65,1.2153846153846153,0.06389710663783134,522,"I'm sorry, sir...the one in the freezer is the leg of lamb?"
1961,1,13,56,70,1.2142857142857142,0.05342457442340369,522,Will he be joining you for tea this afternoon?
1961,3,6,47,56,1.2142857142857142,0.07077624204383748,522,"I'm sure this is a very interesting project, but you should know he is smelling up the house."
1961,3,9,58,70,1.2142857142857142,0.06068230798361479,522,Has sir considered solar panels and the promise of a daytime schedule?
1961,3,9,58,70,1.2142857142857142,0.06068230798361479,522,Wanna hear a knock-knock joke?
1961,2,11,57,70,1.2142857142857142,0.057168731202205635,522,"At your request, my organ donor has been signed."
1961,3,9,58,70,1.2142857142857142,0.06068230798361479,522,Frau Bluher. In the study. In a mood.
1961,1,13,56,70,1.2142857142857142,0.05342457442340369,522,"Sir, an angry mob is here to see you."
1961,1,10,45,56,1.2142857142857142,0.06091449038731727,522,"Will it be tea for two, sir?"
1961,3,9,58,70,1.2142857142857142,0.06068230798361479,522,"No rush sir, but he does have to be ready by July for Cleveland."
1961,4,7,59,70,1.2142857142857142,0.06400329036203155,522,"Sir, will he be ready in time to join us for dinner?"
1961,2,11,57,70,1.2142857142857142,0.057168731202205635,522,"Frankly speaking sir for the staff,will he be work upstairs or downstairs?"
1972,5,6,64,75,1.2133333333333334,0.06379396264278989,522,"No, Sir, I'm not alarmed at all. I'm actually quite relieved. The agency told me, that in addition to my other duties, you may need occasional help in the LAVATORY."
1973,2,9,50,61,1.2131147540983607,0.06235257628675809,522,Will 'it' be dining with us this evening?
1973,3,7,51,61,1.2131147540983607,0.06659047872652427,522,"Sir, the GOP wants it's nominee back."
1973,0,13,48,61,1.2131147540983607,0.05286726392326918,522,Do you really think this will cure his migraines?
1973,2,9,50,61,1.2131147540983607,0.06235257628675809,522,"Pardon me sir, Mitt Romney and Bill Kristol are on the line. They say it's urgent."
1973,3,7,51,61,1.2131147540983607,0.06659047872652427,522,"They've called again, sir. Now they want to know if he'll be ready in time for the convention."
1973,3,7,51,61,1.2131147540983607,0.06659047872652427,522,"When you're finished, President Trump has a waterboarding he'd like done."
1973,3,7,51,61,1.2131147540983607,0.06659047872652427,522,"Master Dennis, your father has informed me that there will be no more chemistry sets."
1973,0,13,48,61,1.2131147540983607,0.05286726392326918,522,Will the recumbent gentleman be joining us for dinner?
1973,3,7,51,61,1.2131147540983607,0.06659047872652427,522,"Your lordship, shall I set out his formal wear for the Cleveland convention?"
1982,3,11,66,80,1.2125,0.05538630160123793,522,Cook wants to know if he's still on a gluten-free diet
1982,2,13,65,80,1.2125,0.05245175601312849,522,"Sir, this need to impress your mother has gotten grossly out of hand."
1984,3,8,55,66,1.2121212121212122,0.06300609181762698,522,How many for dinner tonight sir?
1984,1,12,53,66,1.2121212121212122,0.05511230963886662,522,"Yes sir it is a brilliant idea, and will he be staying for tea?"
1984,2,10,54,66,1.2121212121212122,0.05919093798826622,522,"Frankenbeans again,Sir."
1984,2,10,54,66,1.2121212121212122,0.05919093798826622,522,Will it be two for dinner tonight or do you need a few more days?
1984,4,6,56,66,1.2121212121212122,0.06660306353563407,522,"Will your friend be staying for dinner, sir?"
1984,3,8,55,66,1.2121212121212122,0.06300609181762698,522,"' Dinner will be late tonight sir,there's been some trouble with the electricity supply'."
1984,1,12,53,66,1.2121212121212122,0.05511230963886662,522,Is there anything I can get you at the morgue tonight sir?
1984,2,10,54,66,1.2121212121212122,0.05919093798826622,522,I don't think we can charge our guest tonight.
1984,1,12,53,66,1.2121212121212122,0.05511230963886662,522,"Call for you, sir...some guy from Hollywood..."
1984,1,12,53,66,1.2121212121212122,0.05511230963886662,522,Perhaps a cup of tea would bring him back to life.
1984,1,12,53,66,1.2121212121212122,0.05511230963886662,522,"Sir, I'm sorry but dinner will be delayed. The microwave is malfunctioning."
1984,3,8,55,66,1.2121212121212122,0.06300609181762698,522,Flash mob at the door for you sir.
1984,3,8,55,66,1.2121212121212122,0.06300609181762698,522,"Hot dogs and beer again tonight, Sire -- Madam's frank-and-stein special."
1984,2,10,54,66,1.2121212121212122,0.05919093798826622,522,I'll need Igor to help me with the recycling bin
1984,3,8,55,66,1.2121212121212122,0.06300609181762698,522,"I just wanted to say--because I don't say it often enough--""I love you, sir."""
1984,2,10,54,66,1.2121212121212122,0.05919093798826622,522,"For dinner, I'm thinking something reheated?"
1984,2,10,54,66,1.2121212121212122,0.05919093798826622,522,"A Mr. Charles Addams to see you, sir."
1984,2,10,54,66,1.2121212121212122,0.05919093798826622,522,"Mr. Igor says you require something of me, sir."
1984,1,12,53,66,1.2121212121212122,0.05511230963886662,522,Will your friend be staying for dinner?
1984,1,12,53,66,1.2121212121212122,0.05511230963886662,522,Very good sir. But will he be able to make a proper martini?
1984,4,6,56,66,1.2121212121212122,0.06660306353563407,522,He prefers it shaken not stirred.
2005,0,15,56,71,1.2112676056338028,0.048790163593489505,522,"Does your dining companion have any food allergies, sir?"
2005,4,7,60,71,1.2112676056338028,0.06316753922043811,522,"Sir, I just assumed that you would want to eat that liver with some fava beans and a nice chianti."
2005,2,11,58,71,1.2112676056338028,0.05643854212612625,522,Shall I set another place at dinner for your friend?
2005,2,11,58,71,1.2112676056338028,0.05643854212612625,522,"It's the government regulators again, sir. Apparently there has been a complaint about the lack of a Trans-Living restroom in the laboratory"
2005,3,9,59,71,1.2112676056338028,0.05989760866882798,522,"The Republicans are prepared to re-animate President Lincoln, sir."
2005,3,9,59,71,1.2112676056338028,0.05989760866882798,522,"Do you want Girl Scout cookies this year, Sir?"
2011,1,10,46,57,1.2105263157894737,0.05995425420504103,522,"Shall we attempt candlelight at dinner again, my lord?"
2012,2,9,51,62,1.2096774193548387,0.061434881985617536,522,Is another Michelin star really this important?
2012,1,11,50,62,1.2096774193548387,0.0569686228972945,522,I think this time we should call him Trump
2012,3,7,52,62,1.2096774193548387,0.06559775494907856,522,"Sir, the Lady requests that the next one be a little less 'Trumpish.'"
2012,1,11,50,62,1.2096774193548387,0.0569686228972945,522,"Sir, may I suggest including some extra parts in case he veers to transgenderism?"
2012,2,9,51,62,1.2096774193548387,0.061434881985617536,522,There are two born again christians at the door offering eternal life...
2012,2,9,51,62,1.2096774193548387,0.061434881985617536,522,"Would you like onions with your liver, sir?"
2012,2,9,51,62,1.2096774193548387,0.061434881985617536,522,Shall I dress him for his nomination victory speech?
2012,2,9,51,62,1.2096774193548387,0.061434881985617536,522,He says he's from the FDA.
2012,2,9,51,62,1.2096774193548387,0.061434881985617536,522,"Quite the opposite, Doctor. Compared to my previous client, you are actually quite tame. He wore his underwear on the outside of his pants and thought he was a bat!"
2012,1,11,50,62,1.2096774193548387,0.0569686228972945,522,"I just don't think the high-tech industry is right for me anymore, Sir."
2012,3,7,52,62,1.2096774193548387,0.06559775494907856,522,It's pronounced -eye gore
2012,2,9,51,62,1.2096774193548387,0.061434881985617536,522,"The recycle people want to speak to you, sir."
2012,2,9,51,62,1.2096774193548387,0.061434881985617536,522,"Will he be dining with us this evening, Sir?"
2012,2,9,51,62,1.2096774193548387,0.061434881985617536,522,"Beg pardon, sir. The Villagers are here to see you."
2012,2,9,51,62,1.2096774193548387,0.061434881985617536,522,"Delegation of villagers , I'm told. Is Sir receiving?"
2012,2,9,51,62,1.2096774193548387,0.061434881985617536,522,Aside from a crippling fear of fire he'll be no worse than the other presidential candidates.
2012,3,7,52,62,1.2096774193548387,0.06559775494907856,522,"I'm sorry, sir. Obamacare no longer covers your experiments."
2012,2,9,51,62,1.2096774193548387,0.061434881985617536,522,"Master, what shall I say to the man from the power company."
2012,1,11,50,62,1.2096774193548387,0.0569686228972945,522,"To be frank, sir, you might call it a night. Everyone receives a prize for participation."
2012,2,9,51,62,1.2096774193548387,0.061434881985617536,522,"Sir, they're here from the power plant."
2012,3,7,52,62,1.2096774193548387,0.06559775494907856,522,"Sir, Mr. Priebus is here to meet with the presumptive nominee."
2033,5,13,92,110,1.209090909090909,0.04848919218796726,522,The new donors also request that you fix the severe comb over.
2034,2,10,55,67,1.208955223880597,0.058386698208934655,522,Any dietary restrictions for the monster?
2034,1,12,54,67,1.208955223880597,0.05437575280736467,522,"Excuse me, sir. Storm brewing outside. Should I set an extra place at dinner?"
2034,2,10,55,67,1.208955223880597,0.058386698208934655,522,"Will you be having your friend for dinner, sir?"
2034,2,10,55,67,1.208955223880597,0.058386698208934655,522,Beware of non-organic ingredients Sir.
2034,3,8,56,67,1.208955223880597,0.062139283566153225,522,"Sir, we're out of candy for the trick-or-treaters. Any ideas?"
2034,1,12,54,67,1.208955223880597,0.05437575280736467,522,"Sir, do you expect me to train this replacement?"
2034,2,10,55,67,1.208955223880597,0.058386698208934655,522,My name is Alfred. Igor will be working with Batman today as part of the National Servant Exchange Day festivities.
2034,2,10,55,67,1.208955223880597,0.058386698208934655,522,We seem to have blown another fuse sir.
2034,0,14,53,67,1.208955223880597,0.05004436490749024,522,"Some villagers here to see you, sir."
2034,2,10,55,67,1.208955223880597,0.058386698208934655,522,"Sir, the kitchen staff reports that we are running low on both Mentos and Diet Coke."
2034,1,12,54,67,1.208955223880597,0.05437575280736467,522,"Sir, your mother thinks you should move this operation to the garage."
2034,3,8,56,67,1.208955223880597,0.062139283566153225,522,"Sir, the angry mob is back. This time they want to know if you'd like to buy some Girl Scout Cookies."
2034,1,12,54,67,1.208955223880597,0.05437575280736467,522,"""Sir, the reporters are anxious to meet the next president of the United States""."
2034,2,10,55,67,1.208955223880597,0.058386698208934655,522,"Sir, HBO is on the line. They want Ted Danson back."
2034,1,12,54,67,1.208955223880597,0.05437575280736467,522,"Sir, the Bride you created was wondering how long before the Big Guy is done?"
2034,3,8,56,67,1.208955223880597,0.062139283566153225,522,"Your dinner is prepared, Victor. Should I set a place for your guest?"
2034,2,10,55,67,1.208955223880597,0.058386698208934655,522,"Someone from the EPA at the door to see you, sir."
2034,4,6,57,67,1.208955223880597,0.0656778090110228,522,You can stop trying to bring Matthew back now; Lady Mary has found a new love.
2034,3,8,56,67,1.208955223880597,0.062139283566153225,522,A Mister Angry Mob to see you sir.
2034,3,8,56,67,1.208955223880597,0.062139283566153225,522,Pardon me sir will you be having a guest for dinner?
2034,2,10,55,67,1.208955223880597,0.058386698208934655,522,I've upgraded him to fly drones and cook vegan.
2034,0,14,53,67,1.208955223880597,0.05004436490749024,522,"Sir, will the creature be getting dressed for dinner?"
2034,2,10,55,67,1.208955223880597,0.058386698208934655,522,"Excuse me sir, the Dowager seems to be missing some body parts."
2034,1,12,54,67,1.208955223880597,0.05437575280736467,522,"Will our guest be joining us for dinner tonight, Your Lordship?"
2034,2,10,55,67,1.208955223880597,0.058386698208934655,522,"A gentleman from Universal Pictures to see you, sir."
2034,2,10,55,67,1.208955223880597,0.058386698208934655,522,"I'm the new body man,Sir."
2034,4,6,57,67,1.208955223880597,0.0656778090110228,522,Should I add a second place setting for dinner?
2034,1,12,54,67,1.208955223880597,0.05437575280736467,522,"Shall I set the table for two this evening, Master?"
2034,1,12,54,67,1.208955223880597,0.05437575280736467,522,"Don't worry sir, you can tell them he is not a monster. He just represents the anger found in today's society."
2034,1,12,54,67,1.208955223880597,0.05437575280736467,522,"Igor took a personal day, Herr Doktor. I'm from the agency."
2034,0,14,53,67,1.208955223880597,0.05004436490749024,522,"Dr. Frankenstein. If you are seeking a bride for your creation, may I suggest my wife? I believe she would be the perfect match."
2034,3,8,56,67,1.208955223880597,0.062139283566153225,522,"Decanting is all in the wrist, sir."
2034,3,8,56,67,1.208955223880597,0.062139283566153225,522,Mary and Percy Shelley have arrived for dinner
2034,4,6,57,67,1.208955223880597,0.0656778090110228,522,"It's Trump again, sir. He and his new friends like all the prototypes so far. They want a price for 135 million assorted, to be delivered and registered to vote by Labor Day. Outsourcing's okay."
2034,3,8,56,67,1.208955223880597,0.062139283566153225,522,"Pardon Sir, but, don't you think ""Trumpenstein' would be more appropriate? Then you can really emphasize with ""Egads, I've created a Monster!"""
2034,3,8,56,67,1.208955223880597,0.062139283566153225,522,"I prepared the brains you ordered for dinner, Sir."
2034,4,6,57,67,1.208955223880597,0.0656778090110228,522,"Will he be dining with us this evening, m'lord?"
2034,2,10,55,67,1.208955223880597,0.058386698208934655,522,A Miss Abby Normal is here looking for a missing item.
2034,5,4,58,67,1.208955223880597,0.06903519849223273,522,I think we've created a fine president.
2073,3,9,60,72,1.2083333333333333,0.05913268547421808,522,"Sir, Trump just called to ask if you could fix his hair."
2073,2,11,59,72,1.2083333333333333,0.05572645856918899,522,"Sir, your father is at the door. Says he wants to finally see where his seed money ended up"
2073,2,11,59,72,1.2083333333333333,0.05572645856918899,522,"Sir, the convention is awaiting the candidate."
2073,4,7,61,72,1.2083333333333333,0.06235311378048466,522,"It's the monster, sire. It wants to know which bathroom to use."
2073,0,15,57,72,1.2083333333333333,0.048197153144195225,522,"Excuse me, sir, there is a Mr. Cheney on the phone for you."
2073,3,9,60,72,1.2083333333333333,0.05913268547421808,522,I am Jeeves sir. Igor is under the weather today.
2073,1,13,58,72,1.2083333333333333,0.05209800262902861,522,"Will your friend be coming to lunch, sir?"
2073,3,9,60,72,1.2083333333333333,0.05913268547421808,522,Are we expecting a dinner guest this evening?
2073,3,9,60,72,1.2083333333333333,0.05913268547421808,522,"I saw this once in a Abbott and Costello movie sir, may I have the evening off?"
2082,1,10,47,58,1.206896551724138,0.05902320792875932,522,Very good me lord. Shall I be setting the dining room for one or two tonight?
2082,1,10,47,58,1.206896551724138,0.05902320792875932,522,"Cook's night off, doctor. Shall it be leftovers for dinner?"
2084,2,9,52,63,1.2063492063492063,0.06054340949726558,522,I'm creating the perfect Republican candidate - Trump's face and Kasich's everything else
2084,3,7,53,63,1.2063492063492063,0.06463387040593248,522,He should be ready to run for President in 2020.
2084,1,11,51,63,1.2063492063492063,0.05615578032096342,522,"Begging your pardon, sir. They need him upstairs for the monster mash."
2084,2,9,52,63,1.2063492063492063,0.06054340949726558,522,"'Shall I set the dinner table for two?"""
2084,0,13,50,63,1.2063492063492063,0.05139493061926454,522,"Thank you for your service, Jeeves. I know that I have some big shoes to fill."""
2084,1,11,51,63,1.2063492063492063,0.05615578032096342,522,Sir - Will there be 2 for dinner tomorrow evening/
2084,3,7,53,63,1.2063492063492063,0.06463387040593248,522,"The mob is awaiting you in the front parlor, sir."
2084,0,13,50,63,1.2063492063492063,0.05139493061926454,522,"Good news Doctor, the neighbors at Mar-A-Lago didn't even notice the power surge."
2084,1,11,51,63,1.2063492063492063,0.05615578032096342,522,"And will your guest be joining you for dinner, sir ?"
2084,2,9,52,63,1.2063492063492063,0.06054340949726558,522,"Doctor, how many angry villagers are we expecting this evening?"
2084,1,11,51,63,1.2063492063492063,0.05615578032096342,522,Jeeves longed for the days when the table was still used for supper.
2084,2,9,52,63,1.2063492063492063,0.06054340949726558,522,"It's Igor's day off; my name is Jeeves, you can ask me anything."
2084,2,9,52,63,1.2063492063492063,0.06054340949726558,522,"Very good, sir. One extra-strong pick-me-up."
2084,1,11,51,63,1.2063492063492063,0.05615578032096342,522,"Igor called in sick, so the agency sent me over."
2084,3,7,53,63,1.2063492063492063,0.06463387040593248,522,The Shellys have arrived for dinner Sir.
2084,1,11,51,63,1.2063492063492063,0.05615578032096342,522,Will it be ready in time for dinner?
2084,1,11,51,63,1.2063492063492063,0.05615578032096342,522,"Will that be two for lunch, sir?"
2084,2,9,52,63,1.2063492063492063,0.06054340949726558,522,"Will you be wanting spare ribs again for dinner, sir?"
2084,1,11,51,63,1.2063492063492063,0.05615578032096342,522,"Excuse me sir, dinner for two this evening?"
2084,2,9,52,63,1.2063492063492063,0.06054340949726558,522,"If he wakes up Republican, you're FIRED."
2084,2,9,52,63,1.2063492063492063,0.06054340949726558,522,Madam is upset about your C- in chemistry
2084,0,13,50,63,1.2063492063492063,0.05139493061926454,522,"While I'm on vacation, my nephew Igor will be covering my duties."
2084,2,9,52,63,1.2063492063492063,0.06054340949726558,522,"Sir, the Chef seems to have misplaced the sweetbreads. Might I suggest pork chops for dinner instead."
2084,2,9,52,63,1.2063492063492063,0.06054340949726558,522,"Sir, it seems that the people from the morgue wish to speak with you again."
2084,1,11,51,63,1.2063492063492063,0.05615578032096342,522,"Sir, Mr. Trump said after we deal with Speaker Ryan, he wishes to consider 40 million Republicans to undergo the same conversion."
2084,0,13,50,63,1.2063492063492063,0.05139493061926454,522,"Sir, madam is asking whether you'll be bringing any guests up for dinner this evening."
2110,3,8,57,68,1.2058823529411764,0.061295723573926195,522,"Sir, we are all out of sugar...and eyeballs"
2110,2,10,56,68,1.2058823529411764,0.05760368187604684,522,"Excuse me sir, There is a man at the door saying our excessive electricity usage is indicating that you are growing marijuana."
2110,2,10,56,68,1.2058823529411764,0.05760368187604684,522,"Mrs. Patmore would like to know if you'd prefer Daisy's brain or Barrow's brain, my lord."
2110,3,8,57,68,1.2058823529411764,0.061295723573926195,522,Shall I prepare the guest bedroom?
2110,1,12,55,68,1.2058823529411764,0.053658201636864834,522,"Sir, I'm afraid all we have left are Boo Berries."
2110,1,12,55,68,1.2058823529411764,0.053658201636864834,522,"A gentleman from the Republican National Committee is on the telephone, Doctor. He's most anxious to speak with you about your progress with the GOP-Trump coalition."
2110,3,8,57,68,1.2058823529411764,0.061295723573926195,522,"Sir, your backers called to ask how progress is going with the 3rd party candidate."
2117,3,9,61,73,1.2054794520547945,0.05838681211207499,522,"No need to yell, sir. Just ring the bell when it's alive."
2117,3,9,61,73,1.2054794520547945,0.05838681211207499,522,"Shall I tell the mob that you're indisposed, sir?"
2119,2,8,49,59,1.2033898305084745,0.06294757226340743,522,"Reheated leftovers again, sir?"
2119,2,8,49,59,1.2033898305084745,0.06294757226340743,522,"An angry mob is here to see you, Sir."
2119,1,10,48,59,1.2033898305084745,0.05812007671977909,522,Any chance you could reanimate my personality after you finish with this guy?
2119,3,6,50,59,1.2033898305084745,0.06743033731044798,522,It is pronounced Jives.
2119,4,4,51,59,1.2033898305084745,0.0716331203127763,522,Werewolf wants to know if he can come out and play.
2119,3,6,50,59,1.2033898305084745,0.06743033731044798,522,"Sir, the Post Office called. They want to know if you'll still accept delivery of your brain even though it's 3-weeks late."
2125,1,11,52,64,1.203125,0.05536534277465963,522,Sir do you really think you will be done in time for the 2020 presidential race?
2125,2,9,53,64,1.203125,0.05967707203430227,522,"Sorry, Baron, I know it's terrible timing, but FedEx says the new pancreas won't be delivered until tomorrow."
2125,2,9,53,64,1.203125,0.05967707203430227,522,"Sorry, sir, the hardware store is experiencing a dearth of lug nuts."
2125,2,9,53,64,1.203125,0.05967707203430227,522,"Sir, despite your valiant efforts, it still all tastes like chicken."
2125,1,11,52,64,1.203125,0.05536534277465963,522,The chef says he doesn't have any brains. Only sweetbreads.
2125,2,9,53,64,1.203125,0.05967707203430227,522,She says she's his mother.
2125,2,9,53,64,1.203125,0.05967707203430227,522,Mr. Munster is here to see you.
2125,0,13,51,64,1.203125,0.050688158720985414,522,"Excuse me Doctor, but your neighbor is complaining about the brown-outs again."
2125,3,7,54,64,1.203125,0.06369760335066812,522,Mr. Trump has arrived for his 9:30.
2125,1,11,52,64,1.203125,0.05536534277465963,522,a lightning storm is scheduled so I assume you will be eating at your desk?
2125,3,7,54,64,1.203125,0.06369760335066812,522,"I trust, Sir, the new chemical will endow him with sufficient confidence, yet the tempered superciliousness you desire."
2125,1,11,52,64,1.203125,0.05536534277465963,522,"A Mr. Karloff to see you, Sir."
2125,0,13,51,64,1.203125,0.050688158720985414,522,The Villagers have arrived for the dinner party.
2125,1,11,52,64,1.203125,0.05536534277465963,522,"Master Frankenstein, your parents asked me to remind you again to give your creature a proper name."
2125,1,11,52,64,1.203125,0.05536534277465963,522,"Dinner for two tonight, sir?"
2125,3,7,54,64,1.203125,0.06369760335066812,522,"My frontal lobe? Of course, Sir. Right away, Sir."
2125,1,11,52,64,1.203125,0.05536534277465963,522,"Sir, my wife brews a spirit that will animate anything."
2125,1,11,52,64,1.203125,0.05536534277465963,522,"Will you be dining alone again, Sir?"
2125,0,13,51,64,1.203125,0.050688158720985414,522,"Rest assured, sir, I've taken the liberty this evening of stocking up on extra fuses."
2125,3,7,54,64,1.203125,0.06369760335066812,522,Good news. The mob has said that a metrosexual would be acceptable.
2125,2,9,53,64,1.203125,0.05967707203430227,522,"A man named Mel Brooks is calling you, sir."
2125,2,9,53,64,1.203125,0.05967707203430227,522,"It's the neighbors again, sir. They say you keeping stealing their compost bin."
2125,2,9,53,64,1.203125,0.05967707203430227,522,"Sautéed brains aubergine with roast capers, happens to be my specialty."
2125,1,11,52,64,1.203125,0.05536534277465963,522,"Your funders have arrived, Sir."
2125,2,9,53,64,1.203125,0.05967707203430227,522,Sir! The angry mob has arrived. Your bride is serving them green tea and cucumber sandwiches.
2125,3,7,54,64,1.203125,0.06369760335066812,522,"Sir, shall I add another place setting?"
2125,2,9,53,64,1.203125,0.05967707203430227,522,Telegram from the NSF- your funding has been canceled.
2125,3,7,54,64,1.203125,0.06369760335066812,522,"Perhaps you should name him after that frankincense, Mr. Stein!"
2125,3,7,54,64,1.203125,0.06369760335066812,522,"Sir, Mrs. Frankenstien asked me to inform you that if you like the monster so much why don't you just marry it."
2125,3,7,54,64,1.203125,0.06369760335066812,522,"Sir, the monsters' bride is at the door looking for her husband, what should i tell her?"
2125,1,11,52,64,1.203125,0.05536534277465963,522,The peasants are storming the castle. Should I set a few extra places for dinner?
2125,3,7,54,64,1.203125,0.06369760335066812,522,Your wife says you left the seat up again. Sir.
2125,2,9,53,64,1.203125,0.05967707203430227,522,"With all due respect Doctor, I've held this pose for hours yet I fail to see the resemblance."
2125,2,9,53,64,1.203125,0.05967707203430227,522,"The investors are here, and they want to know when it will be able to play ice hockey."
2125,2,9,53,64,1.203125,0.05967707203430227,522,There is a Mr. Brooks here to see you.
2125,1,11,52,64,1.203125,0.05536534277465963,522,"Now, the party needs a photogenic, American born, multiracial VP that can go either way."
2125,2,9,53,64,1.203125,0.05967707203430227,522,"How many persons or parts thereof are we expecting for dinner, sir?"
2125,2,9,53,64,1.203125,0.05967707203430227,522,"Will it be two for dinner tonight, Doctor?"
2163,3,8,58,69,1.2028985507246377,0.06047450247559489,522,Mr. and Mrs. Stein are here with the adoption papers.
2163,3,8,58,69,1.2028985507246377,0.06047450247559489,522,"That make over really suits you, Igor"
2163,3,8,58,69,1.2028985507246377,0.06047450247559489,522,The Trump campaign just called. They want to know if his running mate will be ready before the convention.
2163,1,12,56,69,1.2028985507246377,0.052958951374245035,522,"Sir, there's someone on the phone claiming you can save up to 7% on your energy generation costs."
2163,1,12,56,69,1.2028985507246377,0.052958951374245035,522,"Unlike Igor, I'm pro-life."
2168,3,7,55,65,1.2,0.06278779891274812,522,"A rather large group of people from the village is at the door, sir. They are, if you will forgive my saying so, rather rudely insistent on speaking with you."
2168,0,12,48,60,1.2,0.052075564392329535,522,Will the gentleman be staying for dinner?
2168,2,9,54,65,1.2,0.05883484054145522,522,"Sir, an angry mob awaits your pleasure in the solarium."
2168,3,6,51,60,1.2,0.06638357975446148,522,"Three hundred thirty third time's the charm, sir."
2168,1,11,53,65,1.2,0.0545964214099169,522,"You really ought to name him, sir. Otherwise, people will become confused."
2168,1,10,49,60,1.2,0.057243656051933725,522,"May I suggest, you also do some cosmetic work on him?"
2168,1,11,53,65,1.2,0.0545964214099169,522,"I think he would prefer it shaken, not stirred, sir."
2168,3,6,51,60,1.2,0.06638357975446148,522,The tailor wishes to know whether the gentleman prefers pleats or flats in his burlap slacks.
2168,1,11,53,65,1.2,0.0545964214099169,522,There is a miss Elsa Lancaster to see you Sir
2168,2,7,46,55,1.2,0.06564879518897745,522,"The angry mob is at the door, Sir. Shall I let them in?"
2168,2,7,46,55,1.2,0.06564879518897745,522,"The lady says if your monster doesn't awaken soon, she will have to take matters into her own hands."
2168,3,6,51,60,1.2,0.06638357975446148,522,"It is alive, sir."
2168,2,9,54,65,1.2,0.05883484054145522,522,"Mr. Speaker, even this isn't going to stop Trump."
2168,4,3,48,55,1.2,0.07521014330903548,522,The Republican Party would like to place an order.
2168,3,7,55,65,1.2,0.06278779891274812,522,Shall your Monster be having tea or coffee with his afternoon crumpet?
2168,0,12,48,60,1.2,0.052075564392329535,522,"May I suggest your concoctions be shaken, not stirred?"
2168,1,11,53,65,1.2,0.0545964214099169,522,Will your friend be joining us for the evening meal or are you making his dinner now?
2168,1,10,49,60,1.2,0.057243656051933725,522,"Master, we appear to be out of spare fuses."
2168,3,8,59,70,1.2,0.05967475684537697,522,"Sir, there is only one GOP candidate left."
2168,1,10,49,60,1.2,0.057243656051933725,522,"""Will it be two for dinner tonight, Sir?"
2168,2,9,54,65,1.2,0.05883484054145522,522,A bowl of chicken soup perhaps?
2168,2,10,58,70,1.2,0.056098109857700425,522,"Sir, there is a phone call from a Mrs. Karloff."
2168,1,12,57,70,1.2,0.05227733021739333,522,Solar energy may be worth trying!
2168,3,8,59,70,1.2,0.05967475684537697,522,"Sir, does this mean there will be two for dinner or?"
2168,1,10,49,60,1.2,0.057243656051933725,522,"A band of exasperated Republicans is here to see you, sir."
2168,1,11,53,65,1.2,0.0545964214099169,522,"I suggest something other than flaming cherries jubilee for dessert, master."
2168,1,10,49,60,1.2,0.057243656051933725,522,Igor called in sick.
2168,2,9,54,65,1.2,0.05883484054145522,522,"The body-parts man is here, sir. Do you need anything today?"
2168,2,9,54,65,1.2,0.05883484054145522,522,"A Mr. Mel Brooks? On your unsecured line,sir."
2168,3,7,55,65,1.2,0.06278779891274812,522,Some disenchanted Republicans would like to talk to you about the new presidential candidate.
2168,1,11,53,65,1.2,0.0545964214099169,522,"It appears to be some sort of village torchlight parade, sir."
2168,4,5,56,65,1.2,0.06650621717611764,522,"RNC Headquarters: ""We have no one else, we need to turn him into the 45th President of the United States of America."""
2168,1,11,53,65,1.2,0.0545964214099169,522,Timmy's parents want him home for supper now.
2168,1,11,53,65,1.2,0.0545964214099169,522,"Sir, you required my brains?"
2168,0,13,52,65,1.2,0.05000000000000002,522,"I'm sorry, Sir, but you'll never be able to bring ""Downton Abbey"" back to life."
2168,2,9,54,65,1.2,0.05883484054145522,522,Is he gluten free?
2168,1,11,53,65,1.2,0.0545964214099169,522,"Sir, Donald is here for final inspection."
2168,1,11,53,65,1.2,0.0545964214099169,522,"A gentleman is at the door about his pancreas, sir."
2168,2,9,54,65,1.2,0.05883484054145522,522,"No Sir, you cannot purchase a soul on the internet."
2168,3,8,59,70,1.2,0.05967475684537697,522,There's an angry mob at the door sir. Shall I let them in?
2168,1,11,53,65,1.2,0.0545964214099169,522,"I'm afraid the solar panels have fallen from the turrets again, Sir."
2168,2,8,50,60,1.2,0.061982319330632654,522,I'm looking for the Batcave actually...
2168,1,11,53,65,1.2,0.0545964214099169,522,"It's Igor's night off, sir."
2168,5,3,57,65,1.2,0.07002746713858896,522,"Sir, do you think he’ll be ready for the presidential elections?"
2168,1,11,53,65,1.2,0.0545964214099169,522,"Dinner for one or two,Sir?"
2168,2,9,54,65,1.2,0.05883484054145522,522,Shall I set the table for one again tonight?
2168,1,10,49,60,1.2,0.057243656051933725,522,"Home Depot on the line, sir. Something about a bolt you had on back order."
2215,3,9,64,76,1.1973684210526316,0.0562567324379788,522,You can't replace me. I quit.
2215,3,9,64,76,1.1973684210526316,0.0562567324379788,522,"Don't worry sir, the temp agency will send someone else straightaway."
2217,2,10,59,71,1.1971830985915493,0.05537404657552627,522,"The thunder is cued up, sir."
2217,2,10,59,71,1.1971830985915493,0.05537404657552627,522,"Am I to understand, sir, given the weather, there might be an additional dinner guest?"
2219,0,13,53,66,1.196969696969697,0.04932975938212032,522,A man is here to read your electric meter.
2219,5,3,58,66,1.196969696969697,0.06902483242790393,522,"Beg pardon, sir. Cook inquires if there will be two for dinner?"""
2219,4,5,57,66,1.196969696969697,0.06556086504538933,522,"Don't you know little fool, you never can win? Use your mentality, wake up to reality."
2219,3,7,56,66,1.196969696969697,0.06190336468479953,522,Dinner is served. Will your guest be joining us?
2219,2,9,55,66,1.196969696969697,0.05801574004611869,522,"The Republican National Committee is at the door, sir. They're looking for a white knight."
2219,2,9,55,66,1.196969696969697,0.05801574004611869,522,"An angry mob at the door, sir. Will they be staying to dinner?"
2219,2,9,55,66,1.196969696969697,0.05801574004611869,522,"Sir, the Village is at the door."
2219,3,7,56,66,1.196969696969697,0.06190336468479953,522,Should I set an additional place for dinner?
2219,2,9,55,66,1.196969696969697,0.05801574004611869,522,Sir....and will your NEW friend be joining us for dinner?
2219,2,9,55,66,1.196969696969697,0.05801574004611869,522,"I regret to inform you, sir, that cook was unable to procure the sweetbreads you requested."
2219,4,5,57,66,1.196969696969697,0.06556086504538933,522,"""Yes, Master James, I wear a size 7 and a half bowler, why do you ask?"
2219,3,7,56,66,1.196969696969697,0.06190336468479953,522,"... so I explained to them that I'm not *Frankenstein*, I'm *Frankenstein's butler* ..."
2219,1,11,54,66,1.196969696969697,0.0538481719921703,522,"It's pronounced ee-gor, sir"
2219,1,11,54,66,1.196969696969697,0.0538481719921703,522,"Excuse me, Doctor will there be two for dinner tonight ?"
2219,0,13,53,66,1.196969696969697,0.04932975938212032,522,"The villagers have arrived, sir."
2219,1,11,54,66,1.196969696969697,0.0538481719921703,522,"Would you care for an after-shock, Sir?"
2219,2,9,55,66,1.196969696969697,0.05801574004611869,522,"For the last time Jeeves. You may not maniacally scream ""He's Alive"". That is my job."
2219,3,7,56,66,1.196969696969697,0.06190336468479953,522,"To cut down on his electric bill, I suggest install a solar panel."
2219,2,9,55,66,1.196969696969697,0.05801574004611869,522,"Should cook be aware of any food allergies, sir?"
2238,1,10,50,61,1.1967213114754098,0.05639280721461829,522,"No storms expected sir, so shall I back in the car so we can jump start this baby?"
2238,1,10,50,61,1.1967213114754098,0.05639280721461829,522,"You didn't think this would go off without a Hitch, did you?"
2238,1,10,50,61,1.1967213114754098,0.05639280721461829,522,"Sir,Does he have any dietary restrictions ?"
2238,3,6,52,61,1.1967213114754098,0.06536853127008815,522,Im here to take Mr.Trump back for his make-up and wig
2238,1,10,50,61,1.1967213114754098,0.05639280721461829,522,"Sir, shall I set an additional place at the table this evening?"
2238,3,6,52,61,1.1967213114754098,0.06536853127008815,522,She's arrived. She's ARIIIIIIIVED!
2238,2,8,51,61,1.1967213114754098,0.061045858114836905,522,"Your fava bean salad and Chianti are served, sir."
2238,3,6,52,61,1.1967213114754098,0.06536853127008815,522,"Sir, how can you create a man and you can't build a better mouse trap?"
2238,0,12,49,61,1.1967213114754098,0.051319592926224684,522,Storm coming sir. Should I close the windows?
2238,0,12,49,61,1.1967213114754098,0.051319592926224684,522,"Shall I inform the agitated torch and pitch fork folk at the door that you are indisposed, sir?"
2238,4,4,53,61,1.1967213114754098,0.06942256814494971,522,"Will Mr. Munster be staying for dinner, sir?"
2238,4,4,53,61,1.1967213114754098,0.06942256814494971,522,sorry sir but we've just been informed that his policy doesn't cover head replacement.
2238,1,10,50,61,1.1967213114754098,0.05639280721461829,522,Do you think he would eat if I cut the crusts off?
2238,4,4,53,61,1.1967213114754098,0.06942256814494971,522,"Are you to be done soon, sir? Mr. Trump wants him as his running mate."
2238,3,6,52,61,1.1967213114754098,0.06536853127008815,522,"Sir, the bunny slippers you ordered from Amazon have just arrived"
2238,1,10,50,61,1.1967213114754098,0.05639280721461829,522,"I'd offer you my soul, sir, but I sold it to you long ago."
2238,0,12,49,61,1.1967213114754098,0.051319592926224684,522,"Regrettably, sir, another night suffused with stars."
2238,2,8,51,61,1.1967213114754098,0.061045858114836905,522,"When you are done raising the dead, shall I fetch you your evening tea?"
2238,2,8,51,61,1.1967213114754098,0.061045858114836905,522,"Whoever says “Frankenstein” is not the name of the monster has never seen you dig up a grave, carve up a body, or eat with your elbows on the table."
2257,2,7,47,56,1.1964285714285714,0.064564690488571,522,"Sir, I've been informed the neighbors have cancelled the block party."
2257,3,5,48,56,1.1964285714285714,0.06941145371792481,522,"Sir, the villagers want to know if the monster can come out be burned at the stake."
2259,0,10,41,51,1.196078431372549,0.05614831789520141,522,We have 300 unexpected dinner guests... where shall I store their torches and pitchforks?
2260,3,11,73,87,1.1954022988505748,0.051284178358943375,522,Sir there are signs of lightning. Shall I confirm the plus one for the Westlands dinner tomorrow then?
2261,2,10,60,72,1.1944444444444444,0.054668187059789194,522,"Sir, the Legal Aide Society is on the phone. His DNA proves he's just Frank N. Stein from Brooklyn!"
2261,3,8,61,72,1.1944444444444444,0.05813645141504052,522,I never thought you were playing ping-pong down here.
2261,4,6,62,72,1.1944444444444444,0.0614091466303077,522,"Shall I fetch your melon baller, sir?"
2264,1,11,55,67,1.1940298507462686,0.053119792298663225,522,"There's a Mr. Igor at the door, sir."
2264,3,7,57,67,1.1940298507462686,0.061043266644244185,522,Will the cadaver be dining with us sir?
2264,3,7,57,67,1.1940298507462686,0.061043266644244185,522,"Sir, I feel the need to inform you that the media has found some fairly disparaging Facebook posts I made about corpses."
2264,3,7,57,67,1.1940298507462686,0.061043266644244185,522,And before that I worked at Downton Abbey Normal.
2264,3,7,57,67,1.1940298507462686,0.061043266644244185,522,"Sir, perhaps he should try mindfulness."
2264,1,11,55,67,1.1940298507462686,0.053119792298663225,522,"Sir, they want to know if he can run the triangle offense."
2270,4,4,54,62,1.1935483870967742,0.06836733797553556,522,The GOP is counting on you to beat Trump.
2270,2,8,52,62,1.1935483870967742,0.06013693908336117,522,That thing is not just going to get up and walk out of here on its own. And who do you think will be cleaning up?... Again.
2270,2,8,52,62,1.1935483870967742,0.06013693908336117,522,"An angry mob is outside to see you, sir."
2270,1,10,51,62,1.1935483870967742,0.055566453121854785,522,"I know it’s not my place to say, Doctor, but he does seem to lack proper breeding."
2270,1,10,51,62,1.1935483870967742,0.055566453121854785,522,"Doctor, Mrs. Frankenstein wants to know how her son is doing."
2270,2,8,52,62,1.1935483870967742,0.06013693908336117,522,Will the creature be joining us for dinner?
2270,1,10,51,62,1.1935483870967742,0.055566453121854785,522,"Sir, milady wants to know how long till he's ready."
2270,2,8,52,62,1.1935483870967742,0.06013693908336117,522,"Will we be having another guest for dinner, sir?"
2270,2,8,52,62,1.1935483870967742,0.06013693908336117,522,"I need to make another one for my new reality show ""Keeping Up With The Frankensteins."""
2270,1,10,51,62,1.1935483870967742,0.055566453121854785,522,"I never agreed to donate my brain. My devotion is undying, not undead."
2270,3,6,53,62,1.1935483870967742,0.06438378811539827,522,Its the Solar people sir.
2270,2,8,52,62,1.1935483870967742,0.06013693908336117,522,"Sir, the other Mormon missionary keeps asking about Mitt."
2270,1,10,51,62,1.1935483870967742,0.055566453121854785,522,anything I can get for you? a vial of blood? a surge of electricity? a pair of dress neck stubs?
2270,0,12,50,62,1.1935483870967742,0.05058468130541773,522,"I'll set a table for two, Sir. Perhaps steak tartare and a friendly Pinot Noir to start?"
2270,3,6,53,62,1.1935483870967742,0.06438378811539827,522,Will Sir be requiring any other of my limbs before I retire?
2270,2,8,52,62,1.1935483870967742,0.06013693908336117,522,"Sir, we were just wondering if you remembered to pay the electric bill?"
2270,2,8,52,62,1.1935483870967742,0.06013693908336117,522,"Would that be a screwdriver, Sir?"
2270,2,8,52,62,1.1935483870967742,0.06013693908336117,522,The chef wants to know if there will be two for dinner tonight.
2270,1,10,51,62,1.1935483870967742,0.055566453121854785,522,"Will it be dinner for two, sir?"
2270,1,10,51,62,1.1935483870967742,0.055566453121854785,522,"Perhaps assign him your own name, Sir, to avoid mass confusion"
2270,1,10,51,62,1.1935483870967742,0.055566453121854785,522,Cook asks should she plan on one more at dinner?
2270,1,10,51,62,1.1935483870967742,0.055566453121854785,522,"I can assure you Sir, a buttered scone goes down equally well with any beverage"
2270,1,10,51,62,1.1935483870967742,0.055566453121854785,522,"Sir, shall the potion be served neat or on the rocks?"
2270,3,6,53,62,1.1935483870967742,0.06438378811539827,522,shall I get your fresh brain out of the refrigerator sir?
2270,3,6,53,62,1.1935483870967742,0.06438378811539827,522,"I'm afraid if you call him ""Frankenstein's Monster"" he'll end up being known as just ""Frankenstein."""
2270,3,6,53,62,1.1935483870967742,0.06438378811539827,522,"Sir,will Mr. Frankenstein be joining us for dinner this evening?"
2270,1,10,51,62,1.1935483870967742,0.055566453121854785,522,"Sir, the villagers have invited the monster for a barbecue tonight."
2270,5,2,55,62,1.1935483870967742,0.07213122508063836,522,I saved 15 per cent or more on my car insurance.
2270,2,8,52,62,1.1935483870967742,0.06013693908336117,522,"Sir, Mrs. Frankenstein insists that you postpone your use of the re-animation fluid distillation unit until after she has left the shower."
2270,2,8,52,62,1.1935483870967742,0.06013693908336117,522,"The sky blue pupils you ordered have arrived,Dr."
2270,2,8,52,62,1.1935483870967742,0.06013693908336117,522,"Sir, Paul Ryan has arrived. He's wondering if Mr. Reagan is ready for his 3rd term."
2270,3,6,53,62,1.1935483870967742,0.06438378811539827,522,Your father requested I retrieve the chemistry set.
2270,3,6,53,62,1.1935483870967742,0.06438378811539827,522,"Well, we could use an underbutler, sir."
2303,2,7,48,57,1.1929824561403508,0.06351541803245206,522,Shall I be setting an extra plate tonight?
2303,2,7,48,57,1.1929824561403508,0.06351541803245206,522,Your parents would like to know what is keeping you so long in the basement?
2303,3,5,49,57,1.1929824561403508,0.06826986702694854,522,Nope. Not presidential yet. But what do I know?
2303,0,11,46,57,1.1929824561403508,0.05273590328947571,522,Will there be anything else sir? Perhaps a nice cup god complex served with a side of narcissism?
2303,2,7,48,57,1.1929824561403508,0.06351541803245206,522,I'll inform your parents that you' ll be opting out of dinner again due to excess homework.
2303,1,9,47,57,1.1929824561403508,0.05837501102181511,522,"I sense a storm coming, Doctor, and it's going to be a monster."
2303,2,7,48,57,1.1929824561403508,0.06351541803245206,522,"I assure you my references will attest to my discretion, speed, and skill in acquiring or disposing of all manner of body parts. My last employer was a mafia boss."
2310,3,9,66,78,1.1923076923076923,0.054920074241356344,522,"May I suggest ""spats"" to detract from the gentleman's scar?"
2311,2,9,57,68,1.1911764705882353,0.056443282467648626,522,"Sir, would you like some cookies..for the Monster?"
2311,3,7,58,68,1.1911764705882353,0.060206525381366546,522,"By God, Igor! Your standing straight."
2311,2,9,57,68,1.1911764705882353,0.056443282467648626,522,"I was wondering when you were going to torture and kill me, Sir."
2314,3,6,54,63,1.1904761904761905,0.06342802710311082,522,"Sir, there's a rather unpleasant crowd at the door, shall I say you're not available to meet at this time?"
2314,1,10,52,63,1.1904761904761905,0.054763574408528054,522,"You harangued, sir?"
2314,0,8,34,42,1.1904761904761905,0.061325801544455674,522,Will there be two for dinner Sir?
2314,3,6,54,63,1.1904761904761905,0.06342802710311082,522,Mary Shelley is here. She insists that you stop calling the creature after yourself.
2314,1,10,52,63,1.1904761904761905,0.054763574408528054,522,Madam requests that you join her for cocktails after you finish with the orange hair and comb over.
2314,2,8,53,63,1.1904761904761905,0.05925438255602429,522,"Will our guest be joining us for tea, Sir?"
2314,1,10,52,63,1.1904761904761905,0.054763574408528054,522,"I know you miss Igor, Sir, but I pride myself on my perfect posture."
2314,1,10,52,63,1.1904761904761905,0.054763574408528054,522,I want better health insurance.
2314,2,8,53,63,1.1904761904761905,0.05925438255602429,522,"Sir, a gentleman from the EPA is on the line."
2314,4,4,55,63,1.1904761904761905,0.06734350297014736,522,"Might I suggest a stroll in the sun, sir? It's getting more and more difficult to tell who's who down here."
2314,3,6,54,63,1.1904761904761905,0.06342802710311082,522,"""I believe, sir, that's 'shaken, not stirred.',"
2314,1,10,52,63,1.1904761904761905,0.054763574408528054,522,Do you think Frank and beans is a good idea?
2314,3,6,54,63,1.1904761904761905,0.06342802710311082,522,"Master, UPS is here for the pick up."
2314,2,8,53,63,1.1904761904761905,0.05925438255602429,522,"Sir, the patent officer called to say congratulations."
2314,1,10,52,63,1.1904761904761905,0.054763574408528054,522,The rooftop table you requested is ready now.
2314,3,6,54,63,1.1904761904761905,0.06342802710311082,522,The club is canceling his lifetime membership.
2314,3,6,54,63,1.1904761904761905,0.06342802710311082,522,"Speaker Ryan, any idea when the Donald will be ready for the general?"
2314,1,10,52,63,1.1904761904761905,0.054763574408528054,522,"Master Vic, shall I be expecting two for luncheon?"
2314,1,10,52,63,1.1904761904761905,0.054763574408528054,522,"Sir, shall I tell the townspeople you are indisposed?"
2314,1,10,52,63,1.1904761904761905,0.054763574408528054,522,He's been depressed ever since we went solar.
2314,2,8,53,63,1.1904761904761905,0.05925438255602429,522,"Will that be dinner for one or for two this evening, Sir"
2314,4,4,55,63,1.1904761904761905,0.06734350297014736,522,"Doctor, there are some villagers at the door for you."
2314,2,8,53,63,1.1904761904761905,0.05925438255602429,522,"There's a Donald Trump at the door sir, he says he needs his brain back."
2314,1,10,52,63,1.1904761904761905,0.054763574408528054,522,"I've set the dinner table for one and a half, sir."
2314,2,8,53,63,1.1904761904761905,0.05925438255602429,522,"Should I set the table for two today, sir?"
2314,1,10,52,63,1.1904761904761905,0.054763574408528054,522,The villagers rang wanting to know if we're still on for tonight. Shall I tell them it's another no-go?
2314,1,10,52,63,1.1904761904761905,0.054763574408528054,522,It's the electric company sir. They want to give you an award.
2314,3,6,54,63,1.1904761904761905,0.06342802710311082,522,Are we to expect an additional guest at dinner tonight?
2314,1,10,52,63,1.1904761904761905,0.054763574408528054,522,"Sir, there are some villagers with torches that would like to speak to you"
2314,2,8,53,63,1.1904761904761905,0.05925438255602429,522,"Sir, it has come to my attention that Frankenstein has filed a DNR order while you were away."
2344,1,9,48,58,1.1896551724137931,0.05745613836035109,522,A visitor called. I told him you were otherwise disposing of somebody.
2344,0,11,47,58,1.1896551724137931,0.05192539992843435,522,The voters just want a candidate who can take charge.
2344,2,7,49,58,1.1896551724137931,0.06249934809931834,522,"Sir, I'm glad you were able to put those recyclables to good use"
2344,0,11,47,58,1.1896551724137931,0.05192539992843435,522,"I'd chill the test tube first, sir, and use the merest splash of vermouth."
2344,1,9,48,58,1.1896551724137931,0.05745613836035109,522,Are you still working on bringing a 'plus-one' to dinner?
2344,1,9,48,58,1.1896551724137931,0.05745613836035109,522,He left a 9PM wake up call.
2344,1,9,48,58,1.1896551724137931,0.05745613836035109,522,You need to have a working product before we give you another round of funding.
2344,3,5,50,58,1.1896551724137931,0.06716494018753925,522,"Ja, Herr Doktor, according to the website, Red Bull will give him wings."
2344,1,9,48,58,1.1896551724137931,0.05745613836035109,522,"The angry peasants have arrived, Sir, and I have been informed a storm is building to the west."
2344,2,7,49,58,1.1896551724137931,0.06249934809931834,522,"Sir, the polls show that transgendering Mr. Trump will not necessarily increase his approval among female voters."
2344,1,9,48,58,1.1896551724137931,0.05745613836035109,522,"Yes sir. To anyone who asks this is an aromatherapy, day spa."
2344,3,5,50,58,1.1896551724137931,0.06716494018753925,522,"Donald Trump is on the telephone, Doctor. He suggests it might be time for a more 'presidential' image."
2344,1,9,48,58,1.1896551724137931,0.05745613836035109,522,Does Dr. Frankenstein need a hand?
2344,1,9,48,58,1.1896551724137931,0.05745613836035109,522,"Sir, will there be any special dietary requests for him at the unveiling dinner tonight?"
2344,2,7,49,58,1.1896551724137931,0.06249934809931834,522,"Marry Shelly!? Congratulations, sir!"
2344,1,9,48,58,1.1896551724137931,0.05745613836035109,522,Sir how many volts this time?
2360,4,6,64,74,1.1891891891891893,0.059851957543573565,522,"Sir, I am Igor's replacement. Let our first conversation address posture."
2360,1,12,61,74,1.1891891891891893,0.04971475717491745,522,So will that be black with 2 sugars for each of you?
2362,2,6,45,53,1.1886792452830188,0.06629640403806238,522,The GOP will give you ten million dollars to put him in Trump's bedroom.
2362,4,2,47,53,1.1886792452830188,0.07646301065382784,522,"The Party leaders are waiting, sir."
2364,2,9,58,69,1.1884057971014492,0.055688216518499936,522,"Dr. Frankenstein, Igor just sent me a text. He forgot which graveyard you want him to get the spare body parts from."
2364,1,11,57,69,1.1884057971014492,0.05171962876419153,522,We'll enter him in the next presidential election.
2366,2,8,54,64,1.1875,0.058397074018894594,522,"Sir, will you be taking afternoon tea in the dungeon?"
2366,3,6,55,64,1.1875,0.0625,522,"Will your creation be staying for dinner, sir?"
2366,3,6,55,64,1.1875,0.0625,522,"The villagers are enquiring as to your carbon footprint, sir"
2366,0,12,52,64,1.1875,0.0491747370293402,522,Will he require a valet?
2366,2,8,54,64,1.1875,0.058397074018894594,522,"Igor’s mystery-meat pie is served, sir."
2366,3,6,55,64,1.1875,0.0625,522,"Sir, the crate of eyes just arrived. Where would you like to put it?"
2366,2,8,54,64,1.1875,0.058397074018894594,522,"The electric company is inquiring about the bill, sir?"""
2366,1,10,53,64,1.1875,0.053983205795288855,522,A mob of angry villagers are at the door sir. Shall I say you're not in?
2366,0,12,52,64,1.1875,0.0491747370293402,522,"I know you asked not to be disturbed, sir, but the torch-bearing villagers are quite insistent."
2366,3,6,55,64,1.1875,0.0625,522,"Shall I set an extra place for dinner, Dr. Frankenstein?"
2366,1,10,53,64,1.1875,0.053983205795288855,522,"If I'm not speaking out of turn, Master Bruce, perhaps a little less Shelley before bedtime would be beneficial at this juncture."
2366,1,10,53,64,1.1875,0.053983205795288855,522,"Beg your pardon, sir, but will there be a problem with the transgender lavatory in question?"
2366,3,6,55,64,1.1875,0.0625,522,"Will there be any other body for dinner, Sir?"
2366,3,6,55,64,1.1875,0.0625,522,You're father prefers you to play outside with Frank
2366,4,4,56,64,1.1875,0.06634969288573796,522,"The townspeople, sir, they are at the door with pitchforks. Would you care to receive them?"
2381,2,10,63,75,1.1866666666666668,0.05265332251978381,522,"To be honest, sir, Frankenstein's Monster isn't the most creative name. But what do I know?"
2382,2,7,50,59,1.1864406779661016,0.061514949365445624,522,"A man named Igor here for you. He says he has the, ahem, brain you need, though he seems a bit dim to me."
2382,1,9,49,59,1.1864406779661016,0.0565653202898158,522,"Will the gentleman be needing a black tie for dinner, sir?"
2382,3,5,51,59,1.1864406779661016,0.0660949508765778,522,"Ahem, Al Capone's brain rigged to the Boston Strangler's corpse may not bode well, sir."
2382,2,7,50,59,1.1864406779661016,0.061514949365445624,522,"Precisely how do I give give you piece of mind, sir."
2382,1,9,49,59,1.1864406779661016,0.0565653202898158,522,Will the men with pitch forks and torches be dining with us tonight sir?
2382,2,7,50,59,1.1864406779661016,0.061514949365445624,522,"Sir, you should rest. You've been burning the re-animation fluid distillation unit at both ends."
2382,1,9,49,59,1.1864406779661016,0.0565653202898158,522,"Would you like me to serve you your dinner, or would you like to assemble it yourself?"
2382,2,7,50,59,1.1864406779661016,0.061514949365445624,522,"The chef says we have no more ""eye of newt""."
2382,1,9,49,59,1.1864406779661016,0.0565653202898158,522,How many for your dinner tonight? Just the 1.5?
2382,3,5,51,59,1.1864406779661016,0.0660949508765778,522,"I'm sorry, sir, but the chef really needs his cleaver."
2382,3,5,51,59,1.1864406779661016,0.0660949508765778,522,"Doctor, Mr Trump asks if it can build a wall."
2382,1,9,49,59,1.1864406779661016,0.0565653202898158,522,"A man with a pitchfork to see you, sir."
2382,1,9,49,59,1.1864406779661016,0.0565653202898158,522,"I'd like to discuss my annual review, sir."
2382,0,11,48,59,1.1864406779661016,0.051138849454651934,522,"Sir, they're waiting for their new presidential model."
2382,1,9,49,59,1.1864406779661016,0.0565653202898158,522,"Will sir be wanting one apertif, or two?"
2382,0,11,48,59,1.1864406779661016,0.051138849454651934,522,"I don't care how many townspeople are at the front door, tell them I'm on the ""do not torch"" list."
2382,0,11,48,59,1.1864406779661016,0.051138849454651934,522,"The temp agency said he just uses the single name ""Igor"". Shall I show him in?"
2382,2,7,50,59,1.1864406779661016,0.061514949365445624,522,"Will Mr. Stein be staying for supper, sir?"
2382,0,11,48,59,1.1864406779661016,0.051138849454651934,522,"Will the monster be joining you for lunch, sir?"
2382,1,9,49,59,1.1864406779661016,0.0565653202898158,522,Am I to get into the costume before or after the guests arrive?
2382,1,9,49,59,1.1864406779661016,0.0565653202898158,522,"Dr. Frankenstein, your creation 'Orange Top' is giving the willies to the establishment."
2382,1,9,49,59,1.1864406779661016,0.0565653202898158,522,"Another blood-spattered, oozing, putrid delivery for you Sir."
2382,2,7,50,59,1.1864406779661016,0.061514949365445624,522,"Sir, your next patient has arrived."
2382,3,5,51,59,1.1864406779661016,0.0660949508765778,522,"To answer your question, no, Mr. Trump does not require his VP pick to have a brain."
2382,3,5,51,59,1.1864406779661016,0.0660949508765778,522,"Sir, it's Mr. Trump, he wants to know if his foreign policy advisor is ready."
2382,2,7,50,59,1.1864406779661016,0.061514949365445624,522,And how many is sir anticipating for dinner this evening?
2382,2,7,50,59,1.1864406779661016,0.061514949365445624,522,"Please hurry up Sir, the RNC is about to begin."
2382,0,11,48,59,1.1864406779661016,0.051138849454651934,522,The villagers tell me you have brides on mail-order?
2382,2,7,50,59,1.1864406779661016,0.061514949365445624,522,The electric company is at the door. They wonder why we are using so much power.
2382,1,9,49,59,1.1864406779661016,0.0565653202898158,522,It's fair weather for the foreseeable future sir.
2382,1,9,49,59,1.1864406779661016,0.0565653202898158,522,"Dr. Frankenstein, we've run out of options. The Republican party needs your monster to run for President."
2382,1,9,49,59,1.1864406779661016,0.0565653202898158,522,"An Abby Normal to see you, doctor."
2382,2,7,50,59,1.1864406779661016,0.061514949365445624,522,"Excuse me, Dr. Frankenstein. Will he be alive in time to join you at the, dare I say it, Monster Truck Rally?"
2382,1,9,49,59,1.1864406779661016,0.0565653202898158,522,The gentleman from quality control has arrived.
2382,3,5,51,59,1.1864406779661016,0.0660949508765778,522,"Shall you be needing any more brains this evening, sir?"
2382,0,11,48,59,1.1864406779661016,0.051138849454651934,522,"We've never hosted a vampire, werewolf and mummy before. Anything special I should know, sir?"
2382,0,11,48,59,1.1864406779661016,0.051138849454651934,522,Very well sir. I'll bring a handkerchief with the medulla oblongata.
2382,3,5,51,59,1.1864406779661016,0.0660949508765778,522,""" OSHA, and EH&S at the front office to inspect our facilities. What shall I say?"
2382,2,7,50,59,1.1864406779661016,0.061514949365445624,522,Your mom called and she would like to know if you and Frank could dine with her tonight?
2382,2,7,50,59,1.1864406779661016,0.061514949365445624,522,"If he is to do your bidding, will Sir no longer require my services?"
2382,1,9,49,59,1.1864406779661016,0.0565653202898158,522,A gentleman from the electric company requests your audience.
2382,0,11,48,59,1.1864406779661016,0.051138849454651934,522,Cook would like to know if we should put out another setting for dinner.
2382,1,9,49,59,1.1864406779661016,0.0565653202898158,522,"I'm sorry Doctor, but this procedure is not covered by insurance."
2425,3,7,60,70,1.1857142857142857,0.05859944792614803,522,"Sir, I regret to inform you that, due to some items found to be missing from our kitchen, tonight's menu will no longer include creamed brains."
2426,0,10,44,54,1.1851851851851851,0.05335739809593593,522,"Torch-bearing visitors at the door for you, Sir. Were you planning on a bonfire this evening?"
2426,2,6,46,54,1.1851851851851851,0.06515087083609597,522,The RNC called. It is too late for the Primaries
2426,3,4,47,54,1.1851851851851851,0.07030965787335618,522,How many girl scout cookies do you want me to order this year?
2426,5,5,71,81,1.1851851851851851,0.05856069741052555,522,"Sir, those little mischief makers who soaped your windows last year are here for trick or treat."
2426,1,8,45,54,1.1851851851851851,0.05954682150320808,522,"Mr. Trump, at the door, seeking a vice president."
2426,2,6,46,54,1.1851851851851851,0.06515087083609597,522,"sir, the con ed rep wishes a word with you"
2426,1,8,45,54,1.1851851851851851,0.05954682150320808,522,"It's the villagers with torches and pitch forks again, sir."
2433,1,10,54,65,1.1846153846153846,0.053224432704223244,522,The chef wants to know what to do with the spare parts.
2433,2,8,55,65,1.1846153846153846,0.05756395979652216,522,What if we changed him to her and make her hair less orange?
2433,2,8,55,65,1.1846153846153846,0.05756395979652216,522,"QVC is on the phone, they want 500 more units by Saturday."
2433,2,8,55,65,1.1846153846153846,0.05756395979652216,522,"Excuse me Dr. , But the cook says he can do wonders with leftovers"
2433,3,6,56,65,1.1846153846153846,0.06159852837710371,522,"Common mistake, sir. I'm Jeeves' monster."
2433,1,10,54,65,1.1846153846153846,0.053224432704223244,522,"It's the torch-bearing villagers, Sir. Shall I have them wait in the study?"
2433,3,6,56,65,1.1846153846153846,0.06159852837710371,522,"Sir, Herr Trumpf has arrived."
2433,3,6,56,65,1.1846153846153846,0.06159852837710371,522,There's a torch bearing mob waiting for you in the drawing room. Shall I delay dinner?
2433,1,10,54,65,1.1846153846153846,0.053224432704223244,522,Homeland Security sir. Shall I show them through.
2433,0,12,53,65,1.1846153846153846,0.048498154665071104,522,I'd like to discuss your employee healthcare plan.
2433,3,6,56,65,1.1846153846153846,0.06159852837710371,522,The menu this evening features 'Turducken'.
2433,1,10,54,65,1.1846153846153846,0.053224432704223244,522,"A person to see you with a jar of brains, milord."
2433,3,6,56,65,1.1846153846153846,0.06159852837710371,522,"Yes, I know we need more staff. I'm building them as fast as I can."
2433,1,10,54,65,1.1846153846153846,0.053224432704223244,522,Stop playing with your monster and come upstairs for dinner.
2433,1,10,54,65,1.1846153846153846,0.053224432704223244,522,"Sir, dinner is ready. Shall I set an extra plate?"
2433,2,8,55,65,1.1846153846153846,0.05756395979652216,522,"Doctor, if I might: With the last one nearly becoming president, are you sure the world needs another?"
2433,3,6,56,65,1.1846153846153846,0.06159852837710371,522,She requested more spontaneity.
2450,3,5,52,60,1.1833333333333333,0.06505828185300302,522,"Sir, the agency sent me. Igor has accepted a promotion elsewhere."
2450,1,9,50,60,1.1833333333333333,0.05570131537800454,522,Master--a Donald Trump on the phone--something about the Vice-Presidency.
2450,0,11,49,60,1.1833333333333333,0.05037523978531016,522,A brain sir? What vintage would you like?
2450,2,7,51,60,1.1833333333333333,0.060560781750670575,522,"Just an historical-note of caution, sir. It needs a name or it will take your name, and will absolutely forever be called Frank N. Stein."
2450,1,9,50,60,1.1833333333333333,0.05570131537800454,522,"Good evening, sir. I'm Igor's replacement. The agency sent me."
2450,1,9,50,60,1.1833333333333333,0.05570131537800454,522,"Begging your pardon, sir. This evening's rack of lamb appears to have been mistakenly delivered to your laboratory."
2450,0,11,49,60,1.1833333333333333,0.05037523978531016,522,"Pardon me sir, but I'm afraid that we are out of Grey Poupon. Would a nice strong horseradish do?"
2450,0,11,49,60,1.1833333333333333,0.05037523978531016,522,"Well, sir, Igor and I had our differences."
2450,2,7,51,60,1.1833333333333333,0.060560781750670575,522,Someone forgot to pay the electric bill.
2450,2,7,51,60,1.1833333333333333,0.060560781750670575,522,No mad scientist is a hero to his valet.
2450,2,7,51,60,1.1833333333333333,0.060560781750670575,522,"Sorry to disturb you Sir, but the townspeople are restless.. again."
2450,0,11,49,60,1.1833333333333333,0.05037523978531016,522,"Would you like a shot of Yamasaki, Sir. It can ""wake the dead."""
2450,1,9,50,60,1.1833333333333333,0.05570131537800454,522,Perhaps he missed his wake-up call?
2450,1,9,50,60,1.1833333333333333,0.05570131537800454,522,"Sir, you're right. I believe this is a valid alternative to Obamacare!"
2450,0,11,49,60,1.1833333333333333,0.05037523978531016,522,"Replaced by an automated butler, I see..."
2450,3,5,52,60,1.1833333333333333,0.06505828185300302,522,"A torch and pitchfork wielding mob to see you, sir."
2450,2,7,51,60,1.1833333333333333,0.060560781750670575,522,Excuse me sir. The torch people have arrived.
2450,1,9,50,60,1.1833333333333333,0.05570131537800454,522,"The forehead bolt is ready, sir."
2450,1,9,50,60,1.1833333333333333,0.05570131537800454,522,"Sir, I've only agreed to train my replacement, not supervise his creation."
2450,2,7,51,60,1.1833333333333333,0.060560781750670575,522,"There is an Abby Normal to see you, sir."
2450,1,9,50,60,1.1833333333333333,0.05570131537800454,522,"'Will that be one martini, sir? Or two?'"
2450,2,7,51,60,1.1833333333333333,0.060560781750670575,522,"Sir, shall I set another place at the dining room table?"
2450,1,9,50,60,1.1833333333333333,0.05570131537800454,522,"Reince Priebus and the head of the Reagan Presidential Library to see you, sir. They need your help with a project, . . . quickly."
2450,2,7,51,60,1.1833333333333333,0.060560781750670575,522,Beg your pardon sir. Will he be staying for dinner?
2450,1,9,50,60,1.1833333333333333,0.05570131537800454,522,"Sir, the villagers seek clarification regarding the phrase 'disruptive tech'"
2450,0,11,49,60,1.1833333333333333,0.05037523978531016,522,"Surprisingly, people are carrying a torch for your latest creation."
2450,2,7,51,60,1.1833333333333333,0.060560781750670575,522,"Will he be having the salmon or the steak, sir?"
2450,1,9,50,60,1.1833333333333333,0.05570131537800454,522,This time let's go for the floral scent.
2450,4,3,53,60,1.1833333333333333,0.06926436160881881,522,"Sir, the villagers are at the door and request their power grid be restored."
2450,1,9,50,60,1.1833333333333333,0.05570131537800454,522,Hello -- I'm from the GOP. When will our order for a savior candidate be ready?
2450,0,11,49,60,1.1833333333333333,0.05037523978531016,522,"Sir, will the gentleman be wanting meat or a vegetable plate for dinner?"
2450,0,11,49,60,1.1833333333333333,0.05037523978531016,522,"All the guests have arrived, sir. When will you finish making the bride?"
2450,1,9,50,60,1.1833333333333333,0.05570131537800454,522,"Your table is ready, sir."
2450,1,9,50,60,1.1833333333333333,0.05570131537800454,522,"Frankly, I am tired of midnight expeditions to the local graveyard. I quit."
2450,1,9,50,60,1.1833333333333333,0.05570131537800454,522,"Yes, ""Shaken Not Stirred"" Sir."
2450,1,9,50,60,1.1833333333333333,0.05570131537800454,522,"One or two lumps, sir?"
2450,1,9,50,60,1.1833333333333333,0.05570131537800454,522,The R.N.C. wants you to make sure the 'presumptive nominee' has no problem with any body parts anywhere.
2450,2,7,51,60,1.1833333333333333,0.060560781750670575,522,"Sir, a Mr. Ponce De Leon is here to see you."
2450,3,5,52,60,1.1833333333333333,0.06505828185300302,522,"I wouldn't describe myself as a lightning conductor, but I can get through the minute waltz in 30 seconds."
2450,2,7,51,60,1.1833333333333333,0.060560781750670575,522,Will it be dinner for one or perhaps two this evening?
2490,1,10,55,66,1.1818181818181819,0.052486388108147784,522,"I will call it ""Trump!"""
2490,1,8,46,55,1.1818181818181819,0.05855101715632098,522,"There's an angry mob at the door, sir..."
2490,2,6,47,55,1.1818181818181819,0.06404390902685803,522,"Master William, your mother is questioning the $4000 monthly electric bill asks that you remember to turn your night light off in the morning."
2490,0,10,45,55,1.1818181818181819,0.05248638810814781,522,Will you be having tea for one or two sir?
2490,0,10,45,55,1.1818181818181819,0.05248638810814781,522,Shall I tell Cook it will be two for dinner?
2490,0,10,45,55,1.1818181818181819,0.05248638810814781,522,"well, it worked for Jon Snow"
2490,2,6,47,55,1.1818181818181819,0.06404390902685803,522,"Know, sir, that should the need arise you can always fall back on 'The butler did it'."
2490,2,8,56,66,1.1818181818181819,0.05675404305280447,522,I'm afraid Mr. Igor has taken ill. Crumpets?
2490,1,8,46,55,1.1818181818181819,0.05855101715632098,522,"Sir, there is a gentleman at the front door from the Institutional Review Board regarding your proposal."
2490,1,10,55,66,1.1818181818181819,0.052486388108147784,522,"Despite the small hands and the global failure of the humanizing software, your prototype is doing quite well on the campaign trail."
2490,1,8,46,55,1.1818181818181819,0.05855101715632098,522,Yes you could say I'm the brains behind the whole operation. Why do you ask?
2490,1,10,55,66,1.1818181818181819,0.052486388108147784,522,He wants his health coverage to include body part replacement.
2490,2,6,47,55,1.1818181818181819,0.06404390902685803,522,"It's zappertime, sir."
2490,2,6,47,55,1.1818181818181819,0.06404390902685803,522,"This time, we'll call him Dob Bole."
2504,2,7,52,61,1.180327868852459,0.05963548986123849,522,"Shall I set the table for one more, Sir?"
2504,2,7,52,61,1.180327868852459,0.05963548986123849,522,"You Tweeted, Sir?"
2504,1,9,51,61,1.180327868852459,0.05486295255961152,522,"I hope leftovers for dinner again will be acceptable, sir."
2504,2,7,52,61,1.180327868852459,0.05963548986123849,522,"Sir, should I set another plate for dinner?"
2504,3,5,53,61,1.180327868852459,0.06405341316761795,522,"Sir, the people from the Turner Prize Committee are here."
2504,1,9,51,61,1.180327868852459,0.05486295255961152,522,Sir a Miss Mary Shelley is here something about writing a book.
2504,0,11,50,61,1.180327868852459,0.04963361236225398,522,"Sir, the webcam is ready. Shall I post it on Facebook or Instagram ?"
2504,2,7,52,61,1.180327868852459,0.05963548986123849,522,Another Trump voter.
2504,2,7,52,61,1.180327868852459,0.05963548986123849,522,The staff thinks you should name him Trump.
2504,2,7,52,61,1.180327868852459,0.05963548986123849,522,"The gentleman from zoning is here, sir."
2504,2,7,52,61,1.180327868852459,0.05963548986123849,522,"Sir, representatives of the NY Giants are here. They'd like to talk to you about your newest client."
2504,2,7,52,61,1.180327868852459,0.05963548986123849,522,DINNER FOR TWO
2504,2,7,52,61,1.180327868852459,0.05963548986123849,522,"Make the hair from spun sugar in the shape of a Kangol hat, orange skin and much, much smaller hands."
2504,4,3,54,61,1.180327868852459,0.06818568637077188,522,"Sir, mother says stop playing with your brother. Dinner is served"
2504,3,5,53,61,1.180327868852459,0.06405341316761795,522,"Am I setting for one or two, Sir?"
2504,1,9,51,61,1.180327868852459,0.05486295255961152,522,Your mother would like to know who you've been spending all your time with.
2504,1,9,51,61,1.180327868852459,0.05486295255961152,522,"For dinner, sir. Steak and kidney pie? Or liver and onions?"
2504,0,11,50,61,1.180327868852459,0.04963361236225398,522,Don't sneak up on me like that. I thought you were him...
2504,3,5,53,61,1.180327868852459,0.06405341316761795,522,The RNC wishes to order a Trump look-alike.
2504,2,7,52,61,1.180327868852459,0.05963548986123849,522,"""A gentleman is here to read the meter, sir."" Submitted by Douglas Monaghan, Floral Park, NY"
2504,1,9,51,61,1.180327868852459,0.05486295255961152,522,"Shall I assume no guests tonight, my good sir?"
2504,1,9,51,61,1.180327868852459,0.05486295255961152,522,"Sir, we have a delivery of a size 50 extra long from Ritz Tuxedo."
2504,3,5,53,61,1.180327868852459,0.06405341316761795,522,"A Dr. Frankenstein to see you, sir. He says it's urgent."
2504,2,7,52,61,1.180327868852459,0.05963548986123849,522,And under this new identity he will be Sarah from Iowa.
2504,1,9,51,61,1.180327868852459,0.05486295255961152,522,The undertaker is here looking for an arm and leg payment.
2504,1,9,51,61,1.180327868852459,0.05486295255961152,522,So this is how you make an allegory... splendid!
2504,0,11,50,61,1.180327868852459,0.04963361236225398,522,Sorry to disturb sir. Will it be one or two for dinner this evening?
2504,3,5,53,61,1.180327868852459,0.06405341316761795,522,"... one more at table henceforth, sir?"
2504,2,7,52,61,1.180327868852459,0.05963548986123849,522,Sir: A gentleman named Trump who wishes your help creating a running mate.
2504,3,5,53,61,1.180327868852459,0.06405341316761795,522,Table for one
2504,1,9,51,61,1.180327868852459,0.05486295255961152,522,"We're out of brains, but we do have Thin Mints."
2504,0,11,50,61,1.180327868852459,0.04963361236225398,522,"Sir, shall I tell madame you're still quite busy with your train set?"
2504,1,9,51,61,1.180327868852459,0.05486295255961152,522,"Sir, my full name is Frank N. Stein. Why do you ask?"
2504,1,9,51,61,1.180327868852459,0.05486295255961152,522,I can't find the billing code for brain transplant.
2504,3,5,53,61,1.180327868852459,0.06405341316761795,522,"Will you be dining alone, sir?"
2504,1,9,51,61,1.180327868852459,0.05486295255961152,522,"Does your guest take breakfast in bed, sir?"
2504,1,9,51,61,1.180327868852459,0.05486295255961152,522,"Shall we expect a guest for dinner, Herr Doctor?"
2504,1,9,51,61,1.180327868852459,0.05486295255961152,522,"Sir, ther's "" Sir, you have a call from a Mel Brooks ."
2504,3,5,53,61,1.180327868852459,0.06405341316761795,522,"It's amazing what moving that hump to the front has done for your dress-sense, Igor!"
2504,1,9,51,61,1.180327868852459,0.05486295255961152,522,"Yes you can have off for your birthday, I'm not some sort of monster!"
2504,0,11,50,61,1.180327868852459,0.04963361236225398,522,"The angry mob with torches has arrived, Sir. Would you like tea?"
2504,2,7,52,61,1.180327868852459,0.05963548986123849,522,He will sign the consent form provided he gets a softer mattress !
2504,1,9,51,61,1.180327868852459,0.05486295255961152,522,"The turnout is excellent, sir. Seventeen plus ones, and a dozen organ donors."
2504,0,11,50,61,1.180327868852459,0.04963361236225398,522,Mr. Wayne has asked me to provide a reference.
2504,1,9,51,61,1.180327868852459,0.05486295255961152,522,"Sir, your parents want to discuss your need for a third gap year."
2504,1,9,51,61,1.180327868852459,0.05486295255961152,522,Batman told me that you need to be out of his lair by noon
2504,2,7,52,61,1.180327868852459,0.05963548986123849,522,"The agency assured me there would be no digging, Sir."
2551,3,6,58,67,1.1791044776119404,0.059870858813867604,522,Shall I set an extra plate
2552,2,6,48,56,1.1785714285714286,0.06297362289056342,522,"Liver and onions for dinner, sir? And I don't need to call the grocer?"
2552,2,6,48,56,1.1785714285714286,0.06297362289056342,522,"Mrs. Frankenstein is here, sir. She looks angry."
2552,1,8,47,56,1.1785714285714286,0.057587555344989626,522,Some visitors wish to inquire whether sir would be interested in their impressive collection of torches and pitchforks.
2552,0,10,46,56,1.1785714285714286,0.05164277182008721,522,"Sir, will the monster require a Kosher diet?"
2552,2,6,48,56,1.1785714285714286,0.06297362289056342,522,Will there be one more for dinner sir?
2552,1,8,47,56,1.1785714285714286,0.057587555344989626,522,Madame wonders if there will be a fifth at dinner.
2552,0,10,46,56,1.1785714285714286,0.05164277182008721,522,"Sir, he has to go to the bathroom."
2552,1,8,47,56,1.1785714285714286,0.057587555344989626,522,That rabble you heard at the door was a mob canvassing for Trump but they look just like the regular villagers with the pitchforks and torches.
2552,2,6,48,56,1.1785714285714286,0.06297362289056342,522,I'm afraid that sir that it's to late to put him in the GOP primary.
2552,1,8,47,56,1.1785714285714286,0.057587555344989626,522,"Dinner shall be ready shortly professor, will we be serving 1 or 2?"
2552,2,6,48,56,1.1785714285714286,0.06297362289056342,522,You could always just eat alone
2552,2,6,48,56,1.1785714285714286,0.06297362289056342,522,"Will you be dining alone again this evening, Doctor, or do you think you might spark something up with gentleman on the table?"
2552,1,8,47,56,1.1785714285714286,0.057587555344989626,522,"Dr. Frankenstein, your guests have arrived--bearing pitchforks as gifts, I believe."
2552,2,6,48,56,1.1785714285714286,0.06297362289056342,522,"It's the police, sir, inquiring about a missing neighbor - a Mr. Frank Stein."""
2552,3,4,49,56,1.1785714285714286,0.0679339961235429,522,"Yes but sir, he has no genitalia."
2552,1,8,47,56,1.1785714285714286,0.057587555344989626,522,A salesperson at the door sir. Would you like a better electricity rate?
2552,2,6,48,56,1.1785714285714286,0.06297362289056342,522,"Sir, it's your mother. She wants to know why you haven't called."
2552,2,6,48,56,1.1785714285714286,0.06297362289056342,522,"My name is James, sir. I'll be filling in for Igor while he's on holiday. Will you be needing any additional brains this evening?"
2552,2,6,48,56,1.1785714285714286,0.06297362289056342,522,Your wife wished me to tell you that she is running late due to her electrolysis appointment.
2552,1,8,47,56,1.1785714285714286,0.057587555344989626,522,Your 3:15 is waiting doctor. Shall I shove him in?
2552,1,8,47,56,1.1785714285714286,0.057587555344989626,522,"The chef ran out of brains, sir. Can you help?"
2552,3,4,49,56,1.1785714285714286,0.0679339961235429,522,But can you crack his encryption code?
2552,1,8,47,56,1.1785714285714286,0.057587555344989626,522,The rise of the anti-establishment candidate.
2552,1,8,47,56,1.1785714285714286,0.057587555344989626,522,"Thank you, Charles, but could you describe what I'm doing in a deeper voice?"
2552,2,6,48,56,1.1785714285714286,0.06297362289056342,522,UPS is at the door with more body parts. Will you accept?
2552,2,6,48,56,1.1785714285714286,0.06297362289056342,522,There are some villagers here to see you.
2552,0,10,46,56,1.1785714285714286,0.05164277182008721,522,"The people from TransEdison are here again, sir. What do I tell them this time?"
2579,3,5,54,62,1.1774193548387097,0.063078915044636,522,"Sir, your father wants to know if he will be ready for the Iowa caucuses ?"
2579,2,7,53,62,1.1774193548387097,0.058737796974655074,522,"Sir, your same-day delivery of assorted human body parts has arrived."
2579,2,7,53,62,1.1774193548387097,0.058737796974655074,522,"Igor's with Trump, Milord."
2579,1,9,52,62,1.1774193548387097,0.054049126391304346,522,The neighbors called and asked if you could lower the music
2579,2,7,53,62,1.1774193548387097,0.058737796974655074,522,"Beg pardon, Sir, but a certain Miss Shelley wishes to speak with you above."
2579,3,5,54,62,1.1774193548387097,0.063078915044636,522,"The pitchforks and torches are ready, sir. Will that be all?"
2579,0,11,51,62,1.1774193548387097,0.04891305893000953,522,"Excuse me Sir, a group from the condo association is here and they wish to speak to you about the tomato plant you keep on the barbican."
2579,2,7,53,62,1.1774193548387097,0.058737796974655074,522,"Dinner is served, Sir. Your mother requires your attendance, with washed hands."
2579,1,9,52,62,1.1774193548387097,0.054049126391304346,522,"Young man, I know this is your first day, so let me give you some advice; unless you want to be used for spare parts, stop playing around with Dr. Frankenstein's things."
2588,1,7,43,51,1.1764705882352942,0.06075267994050848,522,"Sir, might not he join our volleyball team as a wing spiker?"
2589,1,8,48,57,1.1754385964912282,0.056654910052417636,522,I used to work for Bruce Wayne
2589,1,8,48,57,1.1754385964912282,0.056654910052417636,522,"Excuse me sir, but your little brother would like his chemistry set back."
2589,3,4,50,57,1.1754385964912282,0.06680502724442026,522,"""Shall I make arrangements for your electrified companion in the master suite, the guest chambers or the mechanical room, sir?"
2589,0,10,47,57,1.1754385964912282,0.050825312758579586,522,"There is a call for you, sir. He says he represents the Giants of New York."
2589,2,6,49,57,1.1754385964912282,0.06193823737472381,522,"I'm sorry, Sir, but I thought you said he would look like Carson from Downton Abbey?"
2589,0,10,47,57,1.1754385964912282,0.050825312758579586,522,"Doctor, your two o'clock is here."
2589,5,0,52,57,1.1754385964912282,0.07560452696239779,522,"Sweetbreads again tonight, for dinner Sir?"
2589,2,6,49,57,1.1754385964912282,0.06193823737472381,522,"The Trump Vice Presidential Search Committee is at the door. They want to know if Mr. Frankenstein has any skeletons in the closet. What shall I advise them, sir?"
2589,1,8,48,57,1.1754385964912282,0.056654910052417636,522,"Sir, any progress to report on the next Presidential Candidate?"
2589,0,10,47,57,1.1754385964912282,0.050825312758579586,522,Your father wants me to inform you that this better improve your biology grade.
2589,2,6,49,57,1.1754385964912282,0.06193823737472381,522,"Your Pop-Tarts are ready, sir."
2589,0,10,47,57,1.1754385964912282,0.050825312758579586,522,"""An angry mob of villagers waving torches and screaming threats is at the door sir. Shall I invite them in?"
2589,2,6,49,57,1.1754385964912282,0.06193823737472381,522,"May I assume that the new young master is infused with good manners and decorum, m'lord?"
2589,1,8,48,57,1.1754385964912282,0.056654910052417636,522,The Villagers' Super PAC is now running an attack ad against you.
2589,1,8,48,57,1.1754385964912282,0.056654910052417636,522,"Sorry Sir, but the Democrats already have a Candidate."
2589,1,8,48,57,1.1754385964912282,0.056654910052417636,522,Mrs. Frankenstein requests your presence at dinner in 30 minutes and the return of her sweetbreads.
2589,1,8,48,57,1.1754385964912282,0.056654910052417636,522,"He attempts to be dutiful, sir, but I have never worked with a more miserable son of a bitch in my life."
2589,1,8,48,57,1.1754385964912282,0.056654910052417636,522,"Excuse me, doctor.....the mob outside the front door is not buying your ""the butler did it"" explanation."
2589,3,4,50,57,1.1754385964912282,0.06680502724442026,522,"Will that be all, sir, or will you be needing more blood?"
2589,1,8,48,57,1.1754385964912282,0.056654910052417636,522,"Another STEM project, son?"
2589,2,6,49,57,1.1754385964912282,0.06193823737472381,522,Doctor...I seem to be missing a pair of my XL tighty-whities.
2589,1,8,48,57,1.1754385964912282,0.056654910052417636,522,"Will we be serving kidney for dinner this evening, Sir?"
2589,1,8,48,57,1.1754385964912282,0.056654910052417636,522,"Will there be one more for dinner tonight, Madam?"
2589,0,10,47,57,1.1754385964912282,0.050825312758579586,522,"Frankenstein does not sound very English, sir."
2589,1,8,48,57,1.1754385964912282,0.056654910052417636,522,"Would you like another liver before you retire, sir?"
2589,2,6,49,57,1.1754385964912282,0.06193823737472381,522,"With luck, dinner for two, sir."
2589,2,6,49,57,1.1754385964912282,0.06193823737472381,522,"Sir, I have ASPCA on the line wanting to know if any animals were used in creating your monster."
2589,2,6,49,57,1.1754385964912282,0.06193823737472381,522,"If you want my honest opinion, sir, I think that he is Frankenstein, and you are the monster."
2589,1,8,48,57,1.1754385964912282,0.056654910052417636,522,"Do you require more eye of newt, Sir?"
2589,1,8,48,57,1.1754385964912282,0.056654910052417636,522,"Sir, everyone is curious to know what his name will be. Have you given this any thought?"
2589,1,8,48,57,1.1754385964912282,0.056654910052417636,522,Mother wants to know if you will be bringing a guest to tea this afternoon?
2589,1,8,48,57,1.1754385964912282,0.056654910052417636,522,"Pardon me, sir, but would you like some grey matter?"
2621,3,5,55,63,1.1746031746031746,0.06213344136974703,522,I'm your Temp-a-Butler. Igor took a spa holiday.
2621,2,7,54,63,1.1746031746031746,0.057866499516996066,522,He will always be John Beresford Tipton to me.
2623,1,6,39,46,1.173913043478261,0.06448868249648403,522,"Igor has expressed reluctance to double as your new friend's valet, sir."
2623,3,6,60,69,1.173913043478261,0.0582368160446839,522,"Pardon me, sir. Villagers at the door saying tomorrow is a civic holiday and were wondering if the rampage could end a little early tonight."
2625,1,7,44,52,1.1730769230769231,0.05966948841558946,522,Will your dinner guest have any dietary restrictions?
2625,3,3,46,52,1.1730769230769231,0.07119510849574463,522,The angry mob has arrived early.
2625,0,9,43,52,1.1730769230769231,0.052974522506642974,522,"I'm afraid Igor no longer felt that this was a safe space, sir."
2625,1,7,44,52,1.1730769230769231,0.05966948841558946,522,Ms Shelley is requesting a progress report sir.
2629,2,10,69,81,1.1728395061728396,0.04903426446477902,522,"Will your guest be staying for dinner, Master Frankenstein?"
2630,2,6,50,58,1.1724137931034482,0.06093608879319741,522,"Sir, the missus wants to know how many Girl Scout cookies to buy."
2630,1,8,49,58,1.1724137931034482,0.05575164786673556,522,"Sir, we've been invited to end a long, sad run of lame Trump cartoons."
2630,1,8,49,58,1.1724137931034482,0.05575164786673556,522,Shall I cook for two tonight?
2630,0,10,48,58,1.1724137931034482,0.050032844835173236,522,There are representatives from the RNC outside with torches and pitchforks sir. Shall I show them in?
2630,2,6,50,58,1.1724137931034482,0.06093608879319741,522,"Sir, will you be having Frankenfurters for lunch?"
2630,0,10,48,58,1.1724137931034482,0.050032844835173236,522,"An angry mob is here to see you, sir. Shall I show them in?"
2630,1,8,49,58,1.1724137931034482,0.05575164786673556,522,They will thank me in November.
2630,1,8,49,58,1.1724137931034482,0.05575164786673556,522,The campaigner also wants to know if he will be feeling the Bern.
2630,0,10,48,58,1.1724137931034482,0.050032844835173236,522,The undertakers are here with another delivery sir. Where would you like them to put it ?
2630,0,10,48,58,1.1724137931034482,0.050032844835173236,522,"Sir, UPS says it's in transit."
2630,2,6,50,58,1.1724137931034482,0.06093608879319741,522,"Sorry to interrupt sir,the Steins are looking for their son Franklin."
2630,1,8,49,58,1.1724137931034482,0.05575164786673556,522,She is out of the 'thin mints' would you prefer the 'samoas'?
2630,2,6,50,58,1.1724137931034482,0.06093608879319741,522,Are we expecting one or two for supper?
2630,0,10,48,58,1.1724137931034482,0.050032844835173236,522,"And will our guest require tea as well, my Lord?"
2630,1,8,49,58,1.1724137931034482,0.05575164786673556,522,"The screaming mob at the front door has arrived, Sir. Shall I let them in?"
2630,2,6,50,58,1.1724137931034482,0.06093608879319741,522,The Footman just quit.
2630,2,6,50,58,1.1724137931034482,0.06093608879319741,522,"Doctor, a gentleman at the door insists he can help you. Says his name is Reince Priebus."
2630,1,8,49,58,1.1724137931034482,0.05575164786673556,522,Lady Crawley is here again about reviving the hospital.
2630,1,8,49,58,1.1724137931034482,0.05575164786673556,522,"Might I suggest a plastic surgeon, Sir?"
2630,2,6,50,58,1.1724137931034482,0.06093608879319741,522,A delivery master; the spats and taps for his shoes.
2630,2,6,50,58,1.1724137931034482,0.06093608879319741,522,Your Mum says it's time for afternoon tea
2630,1,8,49,58,1.1724137931034482,0.05575164786673556,522,Both the solar panels and wind turbine are at full capacity sir.
2630,0,10,48,58,1.1724137931034482,0.050032844835173236,522,"Dr. Frankenstein, Would you like the heart or liver prepared first?"
2630,2,6,50,58,1.1724137931034482,0.06093608879319741,522,"Discretion, certainly. About that raise?"
2630,1,8,49,58,1.1724137931034482,0.05575164786673556,522,"Will you be needing anymore organs, sir?"
2630,0,10,48,58,1.1724137931034482,0.050032844835173236,522,"Excuse me, sir, but the mob is outside waiting patiently."
2630,0,10,48,58,1.1724137931034482,0.050032844835173236,522,"Sir, a caller is asking about your ""Third Party"" project. They're requesting delivery as soon as possible."
2630,2,6,50,58,1.1724137931034482,0.06093608879319741,522,"Speaking of bringing to life, this place could use some flowers to lively it up!"
2630,1,8,49,58,1.1724137931034482,0.05575164786673556,522,"I appreciate all you have done for me, sir, but I think my character would be better served in a Noel Coward play."
2630,1,8,49,58,1.1724137931034482,0.05575164786673556,522,"Cook asks if you will want the leftovers again, Sir."
2630,2,6,50,58,1.1724137931034482,0.06093608879319741,522,"Ready to bring him into the political process, sir."
2630,2,6,50,58,1.1724137931034482,0.06093608879319741,522,Proceed. Our masters have agreed on funding.
2630,1,8,49,58,1.1724137931034482,0.05575164786673556,522,Excuse me Doctor but ... he's alive
2630,3,4,51,58,1.1724137931034482,0.06571276584476107,522,Lunch is served...1 grilled cheese sandwich and 12 pints of tomato soup.
2630,0,10,48,58,1.1724137931034482,0.050032844835173236,522,"""Excuse me sir."" ""There is a representative on the telephone from E Harmony with some questions regarding a match for Frank""."
2630,1,8,49,58,1.1724137931034482,0.05575164786673556,522,May I suggest you mix it dry with a twist for the Golem?
2630,1,8,49,58,1.1724137931034482,0.05575164786673556,522,"With that outfit? You, sir, are the real monster."
2630,2,6,50,58,1.1724137931034482,0.06093608879319741,522,"Explaining our new temp to Igor is going to be awkward, to say the least."
2630,1,8,49,58,1.1724137931034482,0.05575164786673556,522,Amazon has arrived with a cardboard box.
2630,2,6,50,58,1.1724137931034482,0.06093608879319741,522,Chef is confused. Does that mean one guest or two?
2630,1,8,49,58,1.1724137931034482,0.05575164786673556,522,"Sir, the stylist has arrived."
2671,2,7,55,64,1.171875,0.0570204619879343,522,"You have a phone call, sir. It's a producer from a television show called The Bachelor."
2671,0,11,53,64,1.171875,0.04753177456453702,522,May I suggest an air freshener instead?
2671,2,7,55,64,1.171875,0.0570204619879343,522,I regret to inform you that the monster will forever be known by your name.
2674,1,5,35,41,1.170731707317073,0.06898602743283391,522,"The liver is calcified, Sir, may I suggest the leftover kidney pie."
2675,1,7,45,53,1.169811320754717,0.0586238473980282,522,The buyer of your last creation is on the phone and she wants her money back. The monster steps on her feet when they dance.
2675,1,7,45,53,1.169811320754717,0.0586238473980282,522,"A delivery of pitchforks, sir. Shall I sign for them?"
2675,2,5,46,53,1.169811320754717,0.06451701239736683,522,The health department is here to close down your spa.
2675,2,5,46,53,1.169811320754717,0.06451701239736683,522,"Sir, will you be having tea for one? Or two?"
2675,2,5,46,53,1.169811320754717,0.06451701239736683,522,Master. Are you ready for his bride?
2675,2,5,46,53,1.169811320754717,0.06451701239736683,522,"Sir, I'm ready to serve dinner whenever 'Frampton Comes Alive'."
2675,1,7,45,53,1.169811320754717,0.0586238473980282,522,"Doctor, the Creature's wife is at the front door, and she's hissing."
2682,1,8,50,59,1.1694915254237288,0.054876421247483355,522,"How many should I set for dinner, sir?"
2682,2,6,51,59,1.1694915254237288,0.05996561635533429,522,"Sir, just curious but the blonde toupee and the orange makeup, are they for your, erm, subject?"
2682,0,10,49,59,1.1694915254237288,0.049264267709845745,522,"Doctor, you promised to animate me first."
2682,1,8,50,59,1.1694915254237288,0.054876421247483355,522,"Sir, someone looks like they could use a little pick-me-up."
2682,1,8,50,59,1.1694915254237288,0.054876421247483355,522,The workers' compensation forms have arrived.
2682,1,8,50,59,1.1694915254237288,0.054876421247483355,522,"It's a Mr. Trump sir, calling to thank his ""Yuge"" supporter...."
2682,2,6,51,59,1.1694915254237288,0.05996561635533429,522,"Common sense is at the door, sir."
2682,1,8,50,59,1.1694915254237288,0.054876421247483355,522,"Sorry sir, you will have to desist.....he is uninsured!"
2682,3,4,52,59,1.1694915254237288,0.06465546133791814,522,"Excuse me sir, will the gentleman be dressing to the left or to the right ?"
2682,0,10,49,59,1.1694915254237288,0.049264267709845745,522,"And what sort of brain do you require, milord?"
2682,1,8,50,59,1.1694915254237288,0.054876421247483355,522,"Your organ donor card has been declined, sir."
2682,0,10,49,59,1.1694915254237288,0.049264267709845745,522,"The delivery, sire. Shall I put the brain here or the kitchen?"
2682,0,10,49,59,1.1694915254237288,0.049264267709845745,522,"Would he like an olive with that , Sir ?"
2682,0,10,49,59,1.1694915254237288,0.049264267709845745,522,Excuse me Doctor. Your 2:00 appointment is here.
2682,2,6,51,59,1.1694915254237288,0.05996561635533429,522,"Excuse me, Mr. Enstein, but he's asking if his first name could be Frank."
2682,0,10,49,59,1.1694915254237288,0.049264267709845745,522,"Mr. Tesla says the AC power in online and ready, Sir."
2682,0,10,49,59,1.1694915254237288,0.049264267709845745,522,"And are we still dining alone this evening, sir?"
2682,2,6,51,59,1.1694915254237288,0.05996561635533429,522,I've got someone at the door asking about your electric bill
2682,1,8,50,59,1.1694915254237288,0.054876421247483355,522,I'm afraid we can't protect our guest's identity -- he's been hacked.
2682,2,6,51,59,1.1694915254237288,0.05996561635533429,522,"Coincidentally, the chef is not pleased with tonight's creation in the kitchen."
2682,1,8,50,59,1.1694915254237288,0.054876421247483355,522,They won't grant him citizenship.
2682,1,8,50,59,1.1694915254237288,0.054876421247483355,522,Ms. Shelley is wondering if she can come and observe.
2682,2,6,51,59,1.1694915254237288,0.05996561635533429,522,"Sir, Mr. Trump has changed his mind. We need his vote."
2682,2,6,51,59,1.1694915254237288,0.05996561635533429,522,"A Mr. Scarecrow is here to see you, Dr. Frankenstein. It seems, sir, he heard something about getting used brains here."
2682,0,10,49,59,1.1694915254237288,0.049264267709845745,522,"Just a skeleton crew tonight, sir?"
2682,2,6,51,59,1.1694915254237288,0.05996561635533429,522,"Do you know how many will be joining us for dinner tonight, sir?"
2682,1,8,50,59,1.1694915254237288,0.054876421247483355,522,"Doctor, the Wolf Man wants to know if Frank can come out and play."
2682,2,6,51,59,1.1694915254237288,0.05996561635533429,522,"No word from the governor. You may continue , sir."
2682,3,4,52,59,1.1694915254237288,0.06465546133791814,522,They said they don't provide human organs on their pizza but you can get anchovies
2682,2,6,51,59,1.1694915254237288,0.05996561635533429,522,"It's the proletariat, sir—they're demanding the means of production."
2682,0,10,49,59,1.1694915254237288,0.049264267709845745,522,"Well, at the very least give him some crows feet?"
2713,2,7,56,65,1.1692307692307693,0.056198612293086384,522,Is he joining us for dinner or are we joining him?
2713,4,3,58,65,1.1692307692307693,0.06418584333953323,522,"Let me guess, you're a republican."
2715,1,8,51,60,1.1666666666666667,0.05402796234942498,522,"Just because you're mad doesn't excuse you from dinner, sir."
2715,1,8,51,60,1.1666666666666667,0.05402796234942498,522,Will his insurance pay for your research?
2715,2,6,52,60,1.1666666666666667,0.059025354442335316,522,"Sir, should I set another place at the table?"
2715,3,3,48,54,1.1666666666666667,0.06868028197434452,522,"Sir, are there any recommendations for HIS dinner?"
2715,1,8,51,60,1.1666666666666667,0.05402796234942498,522,Would it be preferable to prepare the brain now or to warm it up after tea?
2715,0,10,50,60,1.1666666666666667,0.04851854247829848,522,"""Doctor, will your guest be joining you for dinner? Does he have any dietary restrictions?"
2715,1,8,51,60,1.1666666666666667,0.05402796234942498,522,"Will you be dining alone, again?"
2715,1,8,51,60,1.1666666666666667,0.05402796234942498,522,Mary Shelley wants a rewrite.
2715,3,3,48,54,1.1666666666666667,0.06868028197434452,522,"Sir, there is a Mr. Ryan here for a meeting."
2715,2,5,47,54,1.1666666666666667,0.06338902990667025,522,A stitch in time saves nine.
2715,2,5,47,54,1.1666666666666667,0.06338902990667025,522,"Sir, there is a storm coming in."
2715,1,7,46,54,1.1666666666666667,0.057613861986001234,522,"Pardon, Sir, but a person from Con Ed is here to investigate a suspicious power drain."
2715,1,7,46,54,1.1666666666666667,0.057613861986001234,522,"Will ""he"" be joining us for dinner, sir?"
2715,1,7,46,54,1.1666666666666667,0.057613861986001234,522,I assume you have admitting privileges at the nearest morgue?
2715,0,10,50,60,1.1666666666666667,0.04851854247829848,522,"The cook says we have many more guests then expected, sir!"
2715,2,6,52,60,1.1666666666666667,0.059025354442335316,522,"Sir, there's a visitor. Something about a political party in America they'd like you to bring back from the dead."
2715,1,7,46,54,1.1666666666666667,0.057613861986001234,522,"Pardon me sir , the Tea Party is in the living room ."
2715,3,4,53,60,1.1666666666666667,0.06363147191803552,522,"Yes, Master, a complete power outage."
2715,3,4,53,60,1.1666666666666667,0.06363147191803552,522,Shall I place the skull in the In or the Out box?
2715,3,3,48,54,1.1666666666666667,0.06868028197434452,522,"Dr. Frankenstein, there is a Mr. Trump here to see you."
2715,0,9,45,54,1.1666666666666667,0.0511912597361626,522,"Will you be eating in tonight, Sir, or are you ready to go fly a kite?"
2715,1,7,46,54,1.1666666666666667,0.057613861986001234,522,"And would Sir like the brain shaken, stirred or packed in ice?"
2715,2,7,57,66,1.1666666666666667,0.05539993744719456,522,"Sir, a young master Godzilla would like to know if Frankie is up from his nappy so the boys can go play transformers in the Holland Tunnel."
2715,3,4,53,60,1.1666666666666667,0.06363147191803552,522,"Sir, I am afraid you are too late to create a more viable presidential candidate. President Trump has just been sworn in."
2739,2,9,68,79,1.1645569620253164,0.04910883774276407,522,"Sir, a man from the electrical company is here to say your usage is excessive."
2740,2,8,63,73,1.1643835616438356,0.051660769401756894,522,"Excuse me sir, the smoke detector is on the fritz--do you have a nine volt battery handy?"
2741,2,7,58,67,1.164179104477612,0.054623479615184975,522,"Igor's sick so the temp agency sent me, Sir."
2741,3,5,59,67,1.164179104477612,0.058617476571788,522,Would the master of the house wish me to order a fresh penis for your Frankenstein -- I'm terribly sorry -- I meant a fresh pizza for supper?
2743,2,6,53,61,1.1639344262295082,0.05811392555691986,522,Your bride is inquiring of the whereabouts of the bolts for the front door?
2743,2,6,53,61,1.1639344262295082,0.05811392555691986,522,Have you found out how he takes his tea?
2743,1,8,52,61,1.1639344262295082,0.05320507735360911,522,Mr. Sanders is here to see you about his campaign.
2743,0,10,51,61,1.1639344262295082,0.04779468766266639,522,It's Casual Friday. Lose the tails.
2747,1,7,47,55,1.1636363636363636,0.05663776068232804,522,Press on then!... Just beware the monster of your own making.
2747,0,9,46,55,1.1636363636363636,0.05034317492677622,522,"Sir, may I suggest you put his profile on Match.com?"
2747,2,5,48,55,1.1636363636363636,0.06229957149539102,522,"She says she's out of Thin Mints, sir."
2747,1,7,47,55,1.1636363636363636,0.05663776068232804,522,I simply love my new make-over doctor! That hunch was killing me.
2747,2,5,48,55,1.1636363636363636,0.06229957149539102,522,"Excuse me sir, but the President is required in the Situation Room."
2747,1,7,47,55,1.1636363636363636,0.05663776068232804,522,"Igor, you look good when you clean up."
2747,1,7,47,55,1.1636363636363636,0.05663776068232804,522,"Zeus will not be lending you his lightning, sir."
2747,0,9,46,55,1.1636363636363636,0.05034317492677622,522,"If I may be so bold, sir, the butler most certainly did not do it."
2747,2,5,48,55,1.1636363636363636,0.06229957149539102,522,"The Trump supporter stem cells are ready, Sir"
2747,3,3,49,55,1.1636363636363636,0.06748805288278815,522,Would you like him served with a Chianti or a Merlot?
2747,3,3,49,55,1.1636363636363636,0.06748805288278815,522,"The solar panel people rang, sir. Alas, the castle roof is not nearly large enough for the power you require."
2747,1,7,47,55,1.1636363636363636,0.05663776068232804,522,Is Master brewing his own Monster Mash this afternoon?
2747,1,7,47,55,1.1636363636363636,0.05663776068232804,522,The electric company insists that you pay the minimum due to avoid service interruption.
2747,2,5,48,55,1.1636363636363636,0.06229957149539102,522,A Reince Priebus is here to discuss our returns and exchange policy.
2747,1,7,47,55,1.1636363636363636,0.05663776068232804,522,"Sir, MIT wants to know when Mr. Frankenstein will be available to deliver the keynote address at their upcoming commencement ceremony."
2747,2,5,48,55,1.1636363636363636,0.06229957149539102,522,The neighbors popped by for cocktails. Should I send them down?
2747,2,5,48,55,1.1636363636363636,0.06229957149539102,522,"Would you prefer roast beef for dinner, sir... or will it be the turducken again?"
2747,0,9,46,55,1.1636363636363636,0.05034317492677622,522,Sir? Might I suggest that a criminal brain is still infinitely superior to one from a current voter?
2747,0,9,46,55,1.1636363636363636,0.05034317492677622,522,"Sir, I am the laboratory's Patient Advocate. We need to speak."
2747,1,7,47,55,1.1636363636363636,0.05663776068232804,522,"Will that be tea for one or for two, Sir?"
2747,3,3,49,55,1.1636363636363636,0.06748805288278815,522,Will Mr. Crawley be needing a car when he's alive again?
2747,2,5,48,55,1.1636363636363636,0.06229957149539102,522,"Doctor, your next patient has arrived. A female."
2747,2,5,48,55,1.1636363636363636,0.06229957149539102,522,I don't think Botox alone can handle this.
2747,2,5,48,55,1.1636363636363636,0.06229957149539102,522,"Well, they cut the staff at Downtown, and your advertisement indicated a preference for someone who could manage the glassware."
2747,1,7,47,55,1.1636363636363636,0.05663776068232804,522,"Baron, how many guests is an angry mob of villagers?"
2747,1,7,47,55,1.1636363636363636,0.05663776068232804,522,"The angry mob at the front door sir , will they be staying for dinner ?"
2747,1,7,47,55,1.1636363636363636,0.05663776068232804,522,Your mom's here. What should I tell her?
2747,1,7,47,55,1.1636363636363636,0.05663776068232804,522,"The Republican National Committee called to ask if ""it"" would consider running as an independent candidate."
2747,1,7,47,55,1.1636363636363636,0.05663776068232804,522,"Sir, please pardon my insolence, but it's pronounced 'Eye-gore'."
2747,1,7,47,55,1.1636363636363636,0.05663776068232804,522,"A glass of Shelley, Sir?"
2747,2,5,48,55,1.1636363636363636,0.06229957149539102,522,His Lordship would like the new heir to be alive in time for dinner.
2747,1,7,47,55,1.1636363636363636,0.05663776068232804,522,There are girl scouts at the door. Should I get you more thin mints?
2779,0,8,41,49,1.163265306122449,0.05334825558285075,522,Sir the villagers are here with their torches and pitchforks. Shall I show them into the drawing room?
2780,0,12,62,74,1.162162162162162,0.043141308959040406,522,He's getting his hump removed. I'm Belvedere.
2781,2,6,54,62,1.1612903225806452,0.05723003388035403,522,"And the chef has concocted something just as barbaric for your dining pleasure upstairs, sir!"
2782,2,5,49,56,1.1607142857142858,0.06124671056253539,522,"Will you be making your special glaze for our guest, Sir?"
2782,1,7,48,56,1.1607142857142858,0.055693885709118325,522,"Sir, should I call the electric company--again."
2782,2,5,49,56,1.1607142857142858,0.06124671056253539,522,There is someone at the door saying Boris sent him.
2782,1,7,48,56,1.1607142857142858,0.055693885709118325,522,"Mr. Priebus, may I suggest that you take up a different hobby?"
2782,0,9,47,56,1.1607142857142858,0.04952230059306297,522,"Should I delay teatime, sir?"
2782,0,9,47,56,1.1607142857142858,0.04952230059306297,522,Time-Warner Cable wants to know if you want the Discovery Channel package.
2782,0,9,47,56,1.1607142857142858,0.04952230059306297,522,"Fair and clear, Sir. No dark and stormy night forecast!"
2782,1,7,48,56,1.1607142857142858,0.055693885709118325,522,Shall I add this device to the Family Plan?
2782,3,3,50,56,1.1607142857142858,0.0663363415035954,522,A man at the door wants to know whether you'd like to switch to an independent energy provider.
2782,2,5,49,56,1.1607142857142858,0.06124671056253539,522,You lightning bolted Sir?
2782,0,9,47,56,1.1607142857142858,0.04952230059306297,522,"""Will your new friend be staying for dinner, sir?"
2782,0,9,47,56,1.1607142857142858,0.04952230059306297,522,"Pardon sir, an inquiry from DCF is at the door."
2782,1,7,48,56,1.1607142857142858,0.055693885709118325,522,He's allergic to latex.
2782,1,7,48,56,1.1607142857142858,0.055693885709118325,522,Will he be a Trump delegate sire?
2782,0,9,47,56,1.1607142857142858,0.04952230059306297,522,Will Sir be dining alone this evening?
2782,2,5,49,56,1.1607142857142858,0.06124671056253539,522,"The villagers are storming the castle. Shall I set dinner places for 1,000?"
2782,1,7,48,56,1.1607142857142858,0.055693885709118325,522,His bride is here to see you sir
2782,2,5,49,56,1.1607142857142858,0.06124671056253539,522,The Tricked Out Basements film crew is here.
2782,1,7,48,56,1.1607142857142858,0.055693885709118325,522,Shall I have Trumpenstein come down for his injection?
2782,2,5,49,56,1.1607142857142858,0.06124671056253539,522,"'' Sir, can you charge Mr. Trump? There are some minorities at the door that need moving on.''"
2782,2,5,49,56,1.1607142857142858,0.06124671056253539,522,Humphrey can't you see I'm busy. Tell mummy I'll take my bath tomorrow. Promise.
2782,0,9,47,56,1.1607142857142858,0.04952230059306297,522,His bride is finally finished with her perm sir
2782,3,3,50,56,1.1607142857142858,0.0663363415035954,522,"Sir, would like his brain served with potatos or asparagus?"
2782,1,7,48,56,1.1607142857142858,0.055693885709118325,522,"Sir Frankenstein, there's an angry mob waiting in the study."
2782,2,5,49,56,1.1607142857142858,0.06124671056253539,522,We are short of ethics.
2782,0,9,47,56,1.1607142857142858,0.04952230059306297,522,There's a Mrs. Shelley on the telephone for you.
2782,2,5,49,56,1.1607142857142858,0.06124671056253539,522,Elizabeth requests you walk the fiend before retiring.
2782,0,9,47,56,1.1607142857142858,0.04952230059306297,522,"A gentleman is here to see Frankenstein...he didn't specify whether he meant you, or the monster."
2782,0,9,47,56,1.1607142857142858,0.04952230059306297,522,Your next guest is ready for you.
2782,2,5,49,56,1.1607142857142858,0.06124671056253539,522,"Smithers, sir. It's Igor's over-the-hump day."
2782,0,9,47,56,1.1607142857142858,0.04952230059306297,522,"Sorry doctor, but Igor is on twelve week paternity leave."
2782,1,7,48,56,1.1607142857142858,0.055693885709118325,522,Satan has inquired whether Mr. Trump's #2 is ready.
2782,2,5,49,56,1.1607142857142858,0.06124671056253539,522,Shall I notify the exterminator or will sir be needing the rat?
2782,0,9,47,56,1.1607142857142858,0.04952230059306297,522,"Dinner is served, sir. And tonight's dessert is death by chocolate."
2782,0,9,47,56,1.1607142857142858,0.04952230059306297,522,"Excuse me sir, but the villagers are breaking down the door."
2782,0,9,47,56,1.1607142857142858,0.04952230059306297,522,Shall I tell them it'll be a century or two?
2818,2,4,44,50,1.16,0.06614763944451557,522,Would you like a monster red wine with your steak?
2818,2,4,44,50,1.16,0.06614763944451557,522,"Shall I show the Radon Inspector in, sir?"
2818,2,4,44,50,1.16,0.06614763944451557,522,Sir! Will Franklin be joining you for cocktails and or dinner?
2818,2,4,44,50,1.16,0.06614763944451557,522,"This time, scale back on the orange dye."
2818,0,8,42,50,1.16,0.05237229365663817,522,"Master Wayne, I must say your other idea was much less distasteful."
2818,2,4,44,50,1.16,0.06614763944451557,522,"As the second employee in at this start up, I would say so, sir."
2824,4,3,62,69,1.1594202898550725,0.060627538154643154,522,"He is asking you to hurry up sir,he wants to go and vote for Mr Trump."
2825,2,6,55,63,1.1587301587301588,0.05637245937794518,522,"Frank N. Stein is asking to speak with you, Sir. He said you'll know why he is here."
2826,1,7,49,57,1.1578947368421053,0.054780684196477185,522,"Excuse me sir, Mrs. Frankenstein would like to know how many for tea."
2826,1,7,49,57,1.1578947368421053,0.054780684196477185,522,"I'm dreadfully sorry Dr. Frankenstein, but the weather man has yet again changed his forecast. Clear skies tonight."
2826,2,5,50,57,1.1578947368421053,0.06022864581803467,522,"Shall I wash his bolts, sir?"
2826,1,7,49,57,1.1578947368421053,0.054780684196477185,522,I'm loving my new chiropractor.
2826,2,5,50,57,1.1578947368421053,0.06022864581803467,522,"Your Brain sir, has arrived."
2826,1,7,49,57,1.1578947368421053,0.054780684196477185,522,Hit & run accident. Coroner says the liver's your for a C note.
2826,0,9,48,57,1.1578947368421053,0.04872737367223956,522,"Getting him prepped for a third-party presidential run, doctor?"
2826,1,7,49,57,1.1578947368421053,0.054780684196477185,522,"They say that salsa now outsells ketchup, sir, so I would definitely go with salsa."
2826,3,3,51,57,1.1578947368421053,0.06522312621390028,522,The villagers are at the front door sir!
2826,1,7,49,57,1.1578947368421053,0.054780684196477185,522,M'Lord. If I may suggest a magnum of Brut for the occasion?
2826,2,5,50,57,1.1578947368421053,0.06022864581803467,522,"Sir, The town's raging mob with pitchforks and bats is here!"
2826,1,7,49,57,1.1578947368421053,0.054780684196477185,522,"Would that be two or three for dinner, sir?"
2826,0,9,48,57,1.1578947368421053,0.04872737367223956,522,"Master, I am pleased to report - indubitably - that he is alive."
2826,3,3,51,57,1.1578947368421053,0.06522312621390028,522,"Sir, we have visitors...asking if you are interested in something called ""The Watchtower""..."
2826,2,5,50,57,1.1578947368421053,0.06022864581803467,522,"Would you like the leftovers for dinner, sir ?"
2826,0,9,48,57,1.1578947368421053,0.04872737367223956,522,"I checked, AMAZON does not sell a man's left arm."
2826,1,7,49,57,1.1578947368421053,0.054780684196477185,522,"Another libertarian, sir?"
2826,3,3,51,57,1.1578947368421053,0.06522312621390028,522,"I've decided against donating a kidney to Frankie, Sir."
2826,2,5,50,57,1.1578947368421053,0.06022864581803467,522,I'm confused doctor. Will there be one or two for dinner?
2826,2,5,50,57,1.1578947368421053,0.06022864581803467,522,"There is a movie director at the door who would like to speak with you, sir."
2826,0,9,48,57,1.1578947368421053,0.04872737367223956,522,"You bellowed, Sir?"
2826,1,7,49,57,1.1578947368421053,0.054780684196477185,522,"Last I tried this, it was on Michael Jackson... his nose kept on falling off"
2826,2,5,50,57,1.1578947368421053,0.06022864581803467,522,The Party wants to know if the candidate is ready for the Villagers.
2826,2,5,50,57,1.1578947368421053,0.06022864581803467,522,"I really think your work here can win you the Nobel Pieces Prize, Victor"
2826,1,7,49,57,1.1578947368421053,0.054780684196477185,522,"Sir, you have a visitor from an American university, regarding a sport of football."
2826,1,7,49,57,1.1578947368421053,0.054780684196477185,522,"I couldn't find those electrodes on Amazon, Sir."
2826,1,7,49,57,1.1578947368421053,0.054780684196477185,522,The representative from PETA is here to see you about the rights of your creation.
2826,3,3,51,57,1.1578947368421053,0.06522312621390028,522,in my opinion it is a simple case of measles
2826,1,7,49,57,1.1578947368421053,0.054780684196477185,522,"The abnormal brain you ordered from Amazon has shipped, sir."
2826,1,7,49,57,1.1578947368421053,0.054780684196477185,522,"Sir, it's Con Edison on the line. They're asking if you want to pay your electric bill quarterly since you are such a good customer!"
2826,2,5,50,57,1.1578947368421053,0.06022864581803467,522,"Begging your pardon, sir. Permission to jump to the left?"
2826,2,5,50,57,1.1578947368421053,0.06022864581803467,522,I'll inform Mr. Belichick his new left tackle is ready.
2826,1,7,49,57,1.1578947368421053,0.054780684196477185,522,"yes, he can beat Trump."
2826,2,5,50,57,1.1578947368421053,0.06022864581803467,522,"Sir, the Amazon delivery you've been waiting for has arrived."
2826,3,3,51,57,1.1578947368421053,0.06522312621390028,522,Our agent said we needed a bigger umbrella policy
2826,0,9,48,57,1.1578947368421053,0.04872737367223956,522,"Sir, I'm quite certain this is not what your wife meant when she said you didn't know what it's like to bring a new life into the world."
2826,0,9,48,57,1.1578947368421053,0.04872737367223956,522,Dinner served are we going to have a guest.
2826,1,7,49,57,1.1578947368421053,0.054780684196477185,522,"I presume, then, another chef's special this evening?"
2826,0,9,48,57,1.1578947368421053,0.04872737367223956,522,"Sie, Igor refuses to help out unless you stop using the h-word and referto him as ""spinally-challenged."""
2826,1,7,49,57,1.1578947368421053,0.054780684196477185,522,"Sir, the Countess insists you wear your safety goggles"
2826,2,5,50,57,1.1578947368421053,0.06022864581803467,522,"Excuse me sir, the spare parts delivery person is at the door."
2826,2,5,50,57,1.1578947368421053,0.06022864581803467,522,"Yes, sir. I've prepared the reserve sparks plugs, charged the electrodes and printed out the HIPAA compliance form. Will there be anything else, Doctor?"
2868,1,6,44,51,1.1568627450980393,0.05856150793360032,522,"The porta-potties outside the wall are out of toilet paper, Doctor, and the masses are getting upset."
2868,0,8,43,51,1.1568627450980393,0.051430890386682374,522,May I suggest we recruit a deeper pool of volunteers.
2868,1,6,44,51,1.1568627450980393,0.05856150793360032,522,"Kevin, could you crank Monster Mash again?"
2868,2,4,45,51,1.1568627450980393,0.06491351120488961,522,"Igor, what happened to your back? Obamacare, master."
2868,2,4,45,51,1.1568627450980393,0.06491351120488961,522,"Beg your pardon sir, we're out of gin."
2868,0,8,43,51,1.1568627450980393,0.051430890386682374,522,"Liver for supper again, sir?"
2868,2,4,45,51,1.1568627450980393,0.06491351120488961,522,"Parson, sir, a mob of angry villagers is waiting for you in the study."
2868,0,8,43,51,1.1568627450980393,0.051430890386682374,522,Plus one for dinner me lord?
2868,0,8,43,51,1.1568627450980393,0.051430890386682374,522,He's ready for the election.
2868,2,4,45,51,1.1568627450980393,0.06491351120488961,522,"Frank is a fine name, sir, but I think he looks Jewish, don't you?"
2868,3,2,46,51,1.1568627450980393,0.07069708383262725,522,I need assurance that the reporting structure will remain the same.
2868,2,4,45,51,1.1568627450980393,0.06491351120488961,522,"Tea, sir?"
2868,2,4,45,51,1.1568627450980393,0.06491351120488961,522,"Will you be needing another place setting at dinner this evening, sir?"
2881,1,5,39,45,1.1555555555555554,0.06321005190772531,522,That inspector from OSHA has come back for a second look.
2882,2,5,51,58,1.1551724137931034,0.05924369135592007,522,Amazing! And you should get Nobel consideration for going Green.
2882,1,7,50,58,1.1551724137931034,0.05389670015798332,522,"UPS needs you to sign for the brain that you ordered , sir"
2882,0,9,49,58,1.1551724137931034,0.04795720603166536,522,"I apologize sir, but it is clearly states in my contract that I do not have to handle human brains."
2882,2,5,51,58,1.1551724137931034,0.05924369135592007,522,"I'm sorry to interrupt, but it is time for Mr. Trump to address the rally."
2882,1,7,50,58,1.1551724137931034,0.05389670015798332,522,"Mr trump calling, sir. Wanting to walkin for a session. Will senator be Cruz be much longer."
2882,1,7,50,58,1.1551724137931034,0.05389670015798332,522,"For atmosphere, sir, might I suggest some spider webs and one of those fog machines."
2882,1,7,50,58,1.1551724137931034,0.05389670015798332,522,What's a Frankenstein App?
2882,0,9,49,58,1.1551724137931034,0.04795720603166536,522,Sir. Will Mr. Monster be joining us for dinner?
2882,1,7,50,58,1.1551724137931034,0.05389670015798332,522,I'm sorry sir but the main fuse has just blown
2882,2,5,51,58,1.1551724137931034,0.05924369135592007,522,"Master, Lucifer called. He won't be needing that running-mate, afterall."
2882,1,7,50,58,1.1551724137931034,0.05389670015798332,522,Do you think Master Frankenstein will still prefer Grey Poupon?
2882,0,9,49,58,1.1551724137931034,0.04795720603166536,522,"Don't worry, he'll do just fine in society. Some horrible monsters are running for The United States President as we speak."
2882,3,3,52,58,1.1551724137931034,0.06414651699844254,522,"That brain you ordered from Amazon had arrived, sir."
2882,0,9,49,58,1.1551724137931034,0.04795720603166536,522,"Sir, when shall I send down your other guests?"
2882,1,7,50,58,1.1551724137931034,0.05389670015798332,522,"Wil you be able to fix the hair by mid-July, sir? Mr. Priebus is on the phone inquiring?"
2882,1,7,50,58,1.1551724137931034,0.05389670015798332,522,"Would you like that liver served braised or grilled, Doctor?"
2882,1,7,50,58,1.1551724137931034,0.05389670015798332,522,"Shall I set an extra plate for tonight, Herr Doctor?"
2882,1,7,50,58,1.1551724137931034,0.05389670015798332,522,Shall I draw him a bath ?
2900,1,6,45,52,1.1538461538461537,0.05750346166126171,522,"Well , Igor,I see the chiropractor has really helped you!"
2900,1,6,45,52,1.1538461538461537,0.05750346166126171,522,"If he wakes up, what would he like for breakfast?"
2900,3,2,47,52,1.1538461538461537,0.06938979556801475,522,"Will you be dining alone tonight, Sir?"
2900,0,8,44,52,1.1538461538461537,0.05052227518686043,522,"Master Bruce, perhaps we should abstain from watching Dexter this week?"
2900,2,4,46,52,1.1538461538461537,0.06372437458303955,522,Sir...the cook is asking if there will still only be one for dinner.
2900,2,4,46,52,1.1538461538461537,0.06372437458303955,522,"Every fire in the house, sir?"
2900,2,4,46,52,1.1538461538461537,0.06372437458303955,522,Will you be expecting company for dinner?
2900,3,2,47,52,1.1538461538461537,0.06938979556801475,522,It's not what it looks like
2900,1,6,45,52,1.1538461538461537,0.05750346166126171,522,Whole Foods seems to be out of fresh brains; they would like to substitute one that's been pickled.
2900,0,8,44,52,1.1538461538461537,0.05052227518686043,522,"A vague sense of accomplishment, to be sure."
2900,1,6,45,52,1.1538461538461537,0.05750346166126171,522,"Sir, if they're here for him, how do you explain all of the Bernie signs?"
2900,0,8,44,52,1.1538461538461537,0.05052227518686043,522,"Sir, I'm sorry to interrupt, but the angry mob is running late."
2900,1,6,45,52,1.1538461538461537,0.05750346166126171,522,"Sir, pardon my frankness, but wouldn't a juice cleanse be more effective and easier than rebuilding him?"
2900,3,2,47,52,1.1538461538461537,0.06938979556801475,522,"Your Frank is ready, Mr. Stein."
2900,1,6,45,52,1.1538461538461537,0.05750346166126171,522,"Sir, your presidential candidate is ready"
2900,2,4,46,52,1.1538461538461537,0.06372437458303955,522,"Hey, Jeeves, how do you wake up the undead?"
2900,1,6,45,52,1.1538461538461537,0.05750346166126171,522,"Okay, let's go! Maybe this one can beat Donald Trump."
2900,1,6,45,52,1.1538461538461537,0.05750346166126171,522,The ad said you needed help conducting experiments.
2900,1,8,56,65,1.1538461538461537,0.05014771080925116,522,"Does medium mean tall, grande or venti?"
2900,2,4,46,52,1.1538461538461537,0.06372437458303955,522,"Apologies sir. I thought you yelled 'Tibor', not 'Igor'."
2900,2,4,46,52,1.1538461538461537,0.06372437458303955,522,"Very good sir, and should I arrange white tie for the monster?"
2900,0,8,44,52,1.1538461538461537,0.05052227518686043,522,"Sir, your girl scout cookies have arrived."
2922,1,7,51,59,1.152542372881356,0.05304056717493127,522,"Memento mori, Doctor."
2922,1,7,51,59,1.152542372881356,0.05304056717493127,522,"Sir, eventually the Addams will realize this guy is not Lurch."
2922,0,9,50,59,1.152542372881356,0.04721067919755555,522,Will you be having him for dinner sir or will he be having you?
2922,2,5,52,59,1.152542372881356,0.058290267645485117,522,And you said collecting stamps is weird.
2926,1,5,40,46,1.1521739130434783,0.061913070618242964,522,"Numerous villagers to see you, sir. I could not discern the precise number in the uncertain flicker of torch light."
2926,0,7,39,46,1.1521739130434783,0.05354479188959757,522,This monster really gives me the heebee jeevies.
2926,1,5,40,46,1.1521739130434783,0.061913070618242964,522,"Please, call me Igor. Mr Cazacu was my father."
2926,0,7,39,46,1.1521739130434783,0.05354479188959757,522,A pick me upper sir?
2930,2,6,58,66,1.1515151515151516,0.05394646505600968,522,It's time for his mani-pedi.
2930,3,4,59,66,1.1515151515151516,0.05810698373035499,522,"Franks and beans again, sir?"
2932,2,4,47,53,1.150943396226415,0.06257782623312075,522,The other guy took too many volts to the head.
2932,2,4,47,53,1.150943396226415,0.06257782623312075,522,The president would like his brain back.
2932,1,6,46,53,1.150943396226415,0.056482695855704056,522,The neighbors are here
2932,1,6,46,53,1.150943396226415,0.056482695855704056,522,"Mr. Jeeves quit, I'm Mr. Igor."
2932,0,8,45,53,1.150943396226415,0.049644793545680896,522,I'm not sure Sir but I can check the pantry.
2932,1,6,46,53,1.150943396226415,0.056482695855704056,522,"Excuse the interruption, doctor, but a Mr. Melvin Brooks is here; he says he needs his set back."
2932,1,6,46,53,1.150943396226415,0.056482695855704056,522,A brain sir? Right away sir.
2932,1,6,46,53,1.150943396226415,0.056482695855704056,522,"No Mr. Stein, I think making him a Republican was your biggest challenge..."
2932,2,4,47,53,1.150943396226415,0.06257782623312075,522,"Good evening. Igor has been gruesomely attacked by a flock of birds. And now, unfortunately, a word from our sponsor."
2932,0,8,45,53,1.150943396226415,0.049644793545680896,522,"An electrolyte cocktail for your guest, sir?"
2932,1,6,46,53,1.150943396226415,0.056482695855704056,522,"Your lunch of franks and steins of beer is ready upstairs, sir."
2932,3,2,48,53,1.150943396226415,0.06812983003793084,522,Igor?
2932,0,8,45,53,1.150943396226415,0.049644793545680896,522,"Excuse me, sir. Igor was feeling unwell, so I was dispatched by the agency. Would you like me to put on some tea or perhaps rob a grave?"
2932,2,4,47,53,1.150943396226415,0.06257782623312075,522,Your wife wants her breast implants now.
2932,0,8,45,53,1.150943396226415,0.049644793545680896,522,We're ready for the vetting interview sir.
2932,1,6,46,53,1.150943396226415,0.056482695855704056,522,"lemonade, cookies and may I recommend a therapist"
2932,2,4,47,53,1.150943396226415,0.06257782623312075,522,"Beg pardon Sir, but do you think the World is ready for Trumpenstein? I mean it's rather superfluous isn't it?"
2932,1,6,46,53,1.150943396226415,0.056482695855704056,522,"Sir, I'm not quite sure what race box I should mark in his naturalization application."
2932,0,8,45,53,1.150943396226415,0.049644793545680896,522,"There's an angry mob here to see you, Master..."
2932,2,4,47,53,1.150943396226415,0.06257782623312075,522,Shall I prepare dinner for two sir?
2932,3,2,48,53,1.150943396226415,0.06812983003793084,522,I've hidden his wiener somewhere in this laboratory. Can you find it?
2932,1,6,46,53,1.150943396226415,0.056482695855704056,522,Sir do you wish more Franken or Stein.
2932,2,4,47,53,1.150943396226415,0.06257782623312075,522,A package labeled Abby Normal just arrived.
2932,2,4,47,53,1.150943396226415,0.06257782623312075,522,Set another plate for dinner.
2932,3,2,48,53,1.150943396226415,0.06812983003793084,522,"Herr Doktor, Paul Ryan and the RNC request you find a way to tone him down a bit so he can be somewhat more presidential."
2932,1,6,46,53,1.150943396226415,0.056482695855704056,522,So this is what restraint looks like...
2932,1,6,46,53,1.150943396226415,0.056482695855704056,522,"Regrettably, Igor sous vide it."
2932,1,6,46,53,1.150943396226415,0.056482695855704056,522,"Shall he be dining with the servants or with yourself, sir?"
2932,1,6,46,53,1.150943396226415,0.056482695855704056,522,"Begging your pardon, sir. Mr. Igor has been detained by the constabulary and was unable to obtain the parts you requested. The temp agency sent me, sir."
2932,0,8,45,53,1.150943396226415,0.049644793545680896,522,"Peasants again, sir. Are you in?"
2932,1,6,46,53,1.150943396226415,0.056482695855704056,522,"Dinner is served as you requested, Sir. Fish for you, 10,000 volts for him."
2932,1,6,46,53,1.150943396226415,0.056482695855704056,522,Igor left sir. I am his replacement Jeevesgor.
2932,1,6,46,53,1.150943396226415,0.056482695855704056,522,Sir: At what points and depths would you like to have the holes drilled?
2932,0,8,45,53,1.150943396226415,0.049644793545680896,522,"Excuse me Sir, but the Convention is ready to start and the delegates are wondering if you are willing to free up their candidate to speak, and whether he will indeed be coherent or not?"
2966,2,5,53,60,1.15,0.05736689334430969,522,Your mummy is here with the wraps.
2966,0,9,51,60,1.15,0.046486739497974515,522,Chef suggests you consider an iron-enriched diet.
2966,0,9,51,60,1.15,0.046486739497974515,522,"Instead of ""Frank,"" I suggest we call him ""Donald."""
2966,0,9,51,60,1.15,0.046486739497974515,522,Shall it be liver or ribs for dinner?
2966,2,5,53,60,1.15,0.05736689334430969,522,The Republicans are very interested in a new candidate for President.
2971,1,6,47,54,1.1481481481481481,0.05549729066741694,522,Mrs. Frankenstein is on her way down to see how your painting lessons are progressing.
2971,0,8,46,54,1.1481481481481481,0.04879689797371372,522,"There's a mob at the door to see you, sir. Shall I let them in?"
2971,1,6,47,54,1.1481481481481481,0.05549729066741694,522,"What was it you were saying, sir, about the abrupt departure of your last butler?"
2971,2,4,48,54,1.1481481481481481,0.06147162996855134,522,"Sir, will there be any special dietary requests or restrictions for this evening's guest?"
2971,1,6,47,54,1.1481481481481481,0.05549729066741694,522,"'Will that be two for tea, my Lord?"""
2971,1,6,47,54,1.1481481481481481,0.05549729066741694,522,They want to know if we’ve accepted Jesus as our lord and personal savior.
2971,1,6,47,54,1.1481481481481481,0.05549729066741694,522,"I'm sorry, Sir. Was his last drink too strong?"
2971,1,6,47,54,1.1481481481481481,0.05549729066741694,522,"M'Lord, I'm a bit concerned my health insurance doesn't include coverage for this..."
2971,1,6,47,54,1.1481481481481481,0.05549729066741694,522,"Shall I advance the lever, milord?"
2971,1,6,47,54,1.1481481481481481,0.05549729066741694,522,"Will we be having a guest for breakfast, Sir?"
2971,1,6,47,54,1.1481481481481481,0.05549729066741694,522,"Will your dinner guest need some nuts with those bolts, sir?"
2971,1,6,47,54,1.1481481481481481,0.05549729066741694,522,"Hollywood called, they want their movie back."
2971,1,6,47,54,1.1481481481481481,0.05549729066741694,522,"Sir, will you be dining alone...or will your monster be joining you?"
2971,0,8,46,54,1.1481481481481481,0.04879689797371372,522,I won't tell tell about this if you don't tell that the butler did it.
2971,0,8,46,54,1.1481481481481481,0.04879689797371372,522,Another UPS...United Parts delivery..Sir.
2971,0,8,46,54,1.1481481481481481,0.04879689797371372,522,I'm resigning to be an Uber driver.
2971,1,6,47,54,1.1481481481481481,0.05549729066741694,522,"Sir, your daughter reports you are over your monthly voltage limit."
2971,0,8,46,54,1.1481481481481481,0.04879689797371372,522,"I think you've had enough for tonight, sir."
2971,0,8,46,54,1.1481481481481481,0.04879689797371372,522,"Sir, you are requested to bring him forth, full of himself, to lead us to victory."
2971,2,4,48,54,1.1481481481481481,0.06147162996855134,522,"Sir, your guests and their brains have arrived."
2971,0,8,46,54,1.1481481481481481,0.04879689797371372,522,"Sorry to interupt sir, but it is Igor's night off, and I wanted to let you know that your brains have arrived."
2971,1,6,47,54,1.1481481481481481,0.05549729066741694,522,"Sir, your mother is on the phone. Yes, I told her you are busy 'raising the dead'. She replied 'raising my son was more difficult' and demanded you 'stop delaying and settle down with a nice girl'. Your response, sir?"
2971,3,2,49,54,1.1481481481481481,0.06691467186318137,522,Your tuna sandwich is ALIVE!!!
2971,1,6,47,54,1.1481481481481481,0.05549729066741694,522,So that's where the cook disappeared to.
2971,1,6,47,54,1.1481481481481481,0.05549729066741694,522,"Sir, Master Dracula has arrived for tea."
2971,2,4,48,54,1.1481481481481481,0.06147162996855134,522,One more for dinner sir.
2971,0,8,46,54,1.1481481481481481,0.04879689797371372,522,"Sir, madam requests that if The Monster will be joining our guests for cocktails this evening perhaps he could endeavor to be a bit more sociable."
2971,1,6,47,54,1.1481481481481481,0.05549729066741694,522,"Will there be 2 for lunch, sir?"
2971,2,4,48,54,1.1481481481481481,0.06147162996855134,522,We're trying to balance the ticket.
2971,0,8,46,54,1.1481481481481481,0.04879689797371372,522,"Sir, there's nobody at the door"
2971,0,8,46,54,1.1481481481481481,0.04879689797371372,522,Cook is very upset. She cannot find one of the main ingredients for her steak and kidney pie.
2971,0,8,46,54,1.1481481481481481,0.04879689797371372,522,"Shall I prepare an extra cup of tea for our guest, sir?"
2971,1,6,47,54,1.1481481481481481,0.05549729066741694,522,They won't stop knocking. I think it might be about your joint taxes file.
2971,2,4,48,54,1.1481481481481481,0.06147162996855134,522,"Pardon my saying so, sir, but in the kitchen we just use a microwave."
2971,1,6,47,54,1.1481481481481481,0.05549729066741694,522,"Dr, it appears the whole town is coming for dinner, should I use the good china and silverware?"
2971,2,4,48,54,1.1481481481481481,0.06147162996855134,522,If it wasn't you who rang sir........!
2971,1,6,47,54,1.1481481481481481,0.05549729066741694,522,The gentlemen from AOL are back seeking more advice.
2971,1,6,47,54,1.1481481481481481,0.05549729066741694,522,"Tea -- very good, sir. Will that be for two?"
2971,1,6,47,54,1.1481481481481481,0.05549729066741694,522,Boggs; what does one do with left over body parts?
2971,1,6,47,54,1.1481481481481481,0.05549729066741694,522,"Shall I be stitching up another Dinner Jacket for tonight, Sir?"
2971,1,6,47,54,1.1481481481481481,0.05549729066741694,522,"Sir, the latest polls show he'd be more favorable with an orange hair flip."
2971,1,6,47,54,1.1481481481481481,0.05549729066741694,522,"Will the monster be staying for dinner, sir?"
2971,1,6,47,54,1.1481481481481481,0.05549729066741694,522,Igor.....You look different. Did you have some work done?
2971,1,6,47,54,1.1481481481481481,0.05549729066741694,522,The master says not to forget the cucumbers on his eyes tonight.
2971,0,8,46,54,1.1481481481481481,0.04879689797371372,522,Will we be having guests for dinner?
2971,2,4,48,54,1.1481481481481481,0.06147162996855134,522,"That chiropractor can work wonders, sir."
2971,2,4,48,54,1.1481481481481481,0.06147162996855134,522,"I was wondering if I might leave a bit early this evening, sir."
2971,1,6,47,54,1.1481481481481481,0.05549729066741694,522,I don't think he's gonna care much if he's called Frankenstein or Frankenstein's monster
2971,0,8,46,54,1.1481481481481481,0.04879689797371372,522,"An angry mob is asking for you, sir. They want to talk with you about GMO labeling."
2971,1,6,47,54,1.1481481481481481,0.05549729066741694,522,Tell her I'm busy.
3021,1,7,53,61,1.1475409836065573,0.051406797055264415,522,"Shall I confirm your monster's reservation with the little village girl by the pond, Sir?"
3021,0,9,52,61,1.1475409836065573,0.04578439358612767,522,"It's a salesman, Doctor. He sells torches door to door."
3021,0,9,52,61,1.1475409836065573,0.04578439358612767,522,"Shall I set the dinner table for two, Doctor?"
3024,1,8,59,68,1.1470588235294117,0.04807399313332187,522,...I'm going to be an Uber driver.
3025,0,7,41,48,1.1458333333333333,0.05148145136372289,522,"There's an angry mob outside, sir. Something about big banks and concentrated wealth."
3025,0,7,41,48,1.1458333333333333,0.05148145136372289,522,Do we need to report this as an adverse side effect to the FDA
3025,1,5,42,48,1.1458333333333333,0.059471544937141164,522,"I’m sorry sir, we’re out of olives”."
3025,1,5,42,48,1.1458333333333333,0.059471544937141164,522,"'You've not been reading Mary Shelley again, have you Mr Wooster?'"
3029,0,8,47,55,1.1454545454545455,0.04797713974560777,522,Will Mr. Frankenstein be staying for dinner?
3029,0,8,47,55,1.1454545454545455,0.04797713974560777,522,The angry mob is requesting a progress update.
3029,1,6,48,55,1.1454545454545455,0.05454545454545457,522,"Master, are you going to energize my twin tonight. I'll need help serving guests at our party."
3029,1,6,48,55,1.1454545454545455,0.05454545454545457,522,Downton Abbeystein
3029,1,6,48,55,1.1454545454545455,0.05454545454545457,522,"After the electrical paraphernalia imparts the jolt, later, will the coming-out, sir, require a 'May I present,' or the less formal 'I've been dying for you to meet'?"
3029,0,8,47,55,1.1454545454545455,0.04797713974560777,522,Will he prefer the Sauvignon or the Chardonnay?
3029,1,6,48,55,1.1454545454545455,0.05454545454545457,522,"Sir, mightn't you consider a couple of centuries of cryogenic suspension before plunging ahead?"
3029,2,4,49,55,1.1454545454545455,0.06040370257667094,522,Lord Grantham has scrubbed the backup plan. This time Lady Edith’s betrothed stayed for the ceremony.
3029,1,6,48,55,1.1454545454545455,0.05454545454545457,522,Mister Igor would like his job back. Shall I send him on his way?
3029,1,6,48,55,1.1454545454545455,0.05454545454545457,522,Leftovers will be fine
3029,0,8,47,55,1.1454545454545455,0.04797713974560777,522,"The gentleman at table 3 is asking for his frank, stein, and Muenster."
3029,2,4,49,55,1.1454545454545455,0.06040370257667094,522,"Sir, "" Games of Thrones "" are on !"
3029,0,8,47,55,1.1454545454545455,0.04797713974560777,522,Shall he join us for high tea?
3029,0,8,47,55,1.1454545454545455,0.04797713974560777,522,"Shall I set an extra place for luncheon, sir?"
3029,0,8,47,55,1.1454545454545455,0.04797713974560777,522,I'm afraid the weather men are calling for clear and sunny skies sir. Shall I place the hamster back on its wheel?
3029,2,4,49,55,1.1454545454545455,0.06040370257667094,522,Would you be interested in optioning this into a movie?
3029,1,6,48,55,1.1454545454545455,0.05454545454545457,522,"I'm pretty sure we can forgo the tie, however a dinner jacket will be required."
3029,2,4,49,55,1.1454545454545455,0.06040370257667094,522,"Sir, your guests have arrived and I have uncorked a robust Brunello to accompany this garden-fresh entree."
3029,2,4,49,55,1.1454545454545455,0.06040370257667094,522,"Dr. Frankenstein, There's a Mr. Karloff here to speak with you."
3029,0,8,47,55,1.1454545454545455,0.04797713974560777,522,"Before releasing him to the public, sir, could you please do something about his hair?"
3029,1,6,48,55,1.1454545454545455,0.05454545454545457,522,We're unionizing.
3029,0,8,47,55,1.1454545454545455,0.04797713974560777,522,"Sir, I'm afraid there will be no storm this evening."
3029,1,6,48,55,1.1454545454545455,0.05454545454545457,522,"'The Frankenberries are served, Sir'."
3029,1,6,48,55,1.1454545454545455,0.05454545454545457,522,Thank you good chap for reviving the Cruz campaign
3029,0,8,47,55,1.1454545454545455,0.04797713974560777,522,"The brain you ordered has arrived, sir."
3029,1,6,48,55,1.1454545454545455,0.05454545454545457,522,And I thought this job would be safe from outsourcing
3029,0,8,47,55,1.1454545454545455,0.04797713974560777,522,"Sir, the table is set."
3029,2,4,49,55,1.1454545454545455,0.06040370257667094,522,I believe your creature could make a serious run for president this year.
3029,0,8,47,55,1.1454545454545455,0.04797713974560777,522,"Sir , the Electric company is calling . They would like to send someone to repair the meter."
3029,1,6,48,55,1.1454545454545455,0.05454545454545457,522,Your wife would like to know it's your turn to pick the kids up from school today.
3029,2,4,49,55,1.1454545454545455,0.06040370257667094,522,"Master Frankenstein, there are some townspeople at the front door who wish to speak with you."
3029,1,6,48,55,1.1454545454545455,0.05454545454545457,522,A Miss Emma Woodhouse to see Dr. Frankenstein.
3029,0,8,47,55,1.1454545454545455,0.04797713974560777,522,"Were the new body parts satisfactory, Sir?"
3029,2,4,49,55,1.1454545454545455,0.06040370257667094,522,Sir...Why are you doing this again. You know that lightning never strikes the same spot twice.
3029,0,8,47,55,1.1454545454545455,0.04797713974560777,522,And will this 'young' man be joining us for dinner?
3029,0,8,47,55,1.1454545454545455,0.04797713974560777,522,"It's Fedex, sir, they want you to sign for the brain you ordered."
3029,1,6,48,55,1.1454545454545455,0.05454545454545457,522,Your Mother said dinner is ready
3029,0,8,47,55,1.1454545454545455,0.04797713974560777,522,"Dinner by the full moon on the rooftop, as usual, Dr. Frankenstein?"
3029,1,6,48,55,1.1454545454545455,0.05454545454545457,522,"There's a Mr. Torch Wielding Mob to see you, sir."
3029,1,6,48,55,1.1454545454545455,0.05454545454545457,522,"Actually, I'm Frankenstein. He's my monster."
3029,1,6,48,55,1.1454545454545455,0.05454545454545457,522,"Will there be a guest for dinner tonight, sir?"
3029,1,6,48,55,1.1454545454545455,0.05454545454545457,522,"Shall it be tea for one or for two, sir?"
3029,2,4,49,55,1.1454545454545455,0.06040370257667094,522,Shall we set an extra place at the dinner table for Igor?
3072,1,7,54,62,1.1451612903225807,0.050626817657001666,522,"Doctor, he's demanding more gin and two olives this time."
3072,2,5,55,62,1.1451612903225807,0.05560481450241429,522,Will you be joining Madame for supper or shall I serve you in your man cave?
3074,3,5,68,76,1.144736842105263,0.0519917246060963,522,"I'd give him a catchy name the villagers can really relate to - something basic, like wieners and bier."
3075,1,7,55,63,1.1428571428571428,0.04986999410368025,522,"The villagers have asked me to tell you that you are playing with fire, sir."
3075,2,4,50,56,1.1428571428571428,0.059372101042402405,522,"""Sir.. there are three people downstairs who want to talk to you, they told they work for a biotech Venture Capital'"
3075,1,5,43,49,1.1428571428571428,0.05832118435198043,522,Wouldn't it be easier if you just gave him a name?
3075,1,6,49,56,1.1428571428571428,0.053625513823539174,522,"Will he be joining the family for dinner, sir?"
3075,2,4,50,56,1.1428571428571428,0.059372101042402405,522,Good news from Speaker Ryan sir. They will consider Frankendate at the convention.
3075,0,8,48,56,1.1428571428571428,0.047184161362558326,522,"Sir, your mother wonders if you have seen your father recently."
3075,1,5,43,49,1.1428571428571428,0.05832118435198043,522,"The meter reader is at the door, sir. Says you called to question your bill ? Shall I show him in ?"
3075,1,6,49,56,1.1428571428571428,0.053625513823539174,522,"I'm here at the request of Miss Wollstonecraft, and she would like the monster to be named Trumpy."""
3075,2,4,50,56,1.1428571428571428,0.059372101042402405,522,"There's a ""Mrs. Frankenstien"" to see you, sir. She seems angrey."
3075,1,6,49,56,1.1428571428571428,0.053625513823539174,522,"Sir... I certainly understand your concern that ""in all of America this can't possibly be the best two candidates available"", but there simply has to be another way."
3075,1,5,43,49,1.1428571428571428,0.05832118435198043,522,"And how would you like that done, sir?"
3075,2,3,44,49,1.1428571428571428,0.06520506636966264,522,"Humpternity leave is what I was told, sir. Standard contract."
3075,0,8,48,56,1.1428571428571428,0.047184161362558326,522,"Partly cloudy, chance of lite showers I'm afraid, Sir."
3075,1,5,43,49,1.1428571428571428,0.05832118435198043,522,"Sir, would you care for another carafe of Human DNA?"
3075,2,4,50,56,1.1428571428571428,0.059372101042402405,522,"Sir, shall I cancel the tea party?"
3075,1,5,43,49,1.1428571428571428,0.05832118435198043,522,"There's someone at the door, sir. A Mrs. Lily Munster."
3075,2,3,44,49,1.1428571428571428,0.06520506636966264,522,"You've made me a happy man, Doctor."
3075,0,8,48,56,1.1428571428571428,0.047184161362558326,522,"Your tweet #Frankenstein, Sir, has gone viral."
3075,1,6,49,56,1.1428571428571428,0.053625513823539174,522,"Well, doctor, Windows 11 appears to be shaping up nicely."
3075,0,8,48,56,1.1428571428571428,0.047184161362558326,522,"Sir, a raging mob has come to call."
3075,1,5,43,49,1.1428571428571428,0.05832118435198043,522,"Will you be dining alone again tonight sir, or shall I set the table for two?"
3075,0,8,48,56,1.1428571428571428,0.047184161362558326,522,The revised HIPAA code manual has just been delivered.
3075,2,6,62,70,1.1428571428571428,0.051017450372708696,522,"Banks knew much more was at stake, but job security was foremost in his mind."
3075,0,7,42,49,1.1428571428571428,0.050507627227610534,522,"Lightning again, sir?"
3075,1,6,49,56,1.1428571428571428,0.053625513823539174,522,"Sir, your booking for two to Cleveland this July has been confirmed."
3075,1,6,49,56,1.1428571428571428,0.053625513823539174,522,"Sir, please let me know when I should start looking for another job."
3075,1,6,49,56,1.1428571428571428,0.053625513823539174,522,"Sir, I just don't see how a monster could possibly be elected president."
3075,1,6,49,56,1.1428571428571428,0.053625513823539174,522,Can you pick up a latte with two sugars and a human brain?
3075,1,7,55,63,1.1428571428571428,0.04986999410368025,522,"Queen Cersei is upstairs, Sir, she inquires on Ser Gregors progress."
3075,0,7,42,49,1.1428571428571428,0.050507627227610534,522,I'm afraid tonight's brain has gone past its use-by date. Would you have a need for it here?
3075,0,8,48,56,1.1428571428571428,0.047184161362558326,522,"Sir, the front table has ordered another round of Zombies."
3075,0,7,42,49,1.1428571428571428,0.050507627227610534,522,"Sir, Madame Frankenstein wishes for you to depart your man-making cave."
3075,0,8,48,56,1.1428571428571428,0.047184161362558326,522,"Your prospects, I'm mean ""guests,"" have arrived, sir."
3075,1,6,49,56,1.1428571428571428,0.053625513823539174,522,"Sir, shall we bid on Einstein's brain?"
3109,1,7,56,64,1.140625,0.04913531839612815,522,Madam wishes to know-will you be late for dinner again tonight?
3110,2,4,51,57,1.1403508771929824,0.05837501102181511,522,"Hillary called Sir, she needs you to double the potion, Trump is gaining in the polls"
3110,1,6,50,57,1.1403508771929824,0.05273590328947571,522,"Well Carson, I am getting rather optimistic that finally Lady Edith will have a man in her life."
3110,0,8,49,57,1.1403508771929824,0.046416689667799826,522,There is no point of doing this... there are already too many people in this world.
3110,1,6,50,57,1.1403508771929824,0.05273590328947571,522,"The brains have arrived, sir."
3110,1,6,50,57,1.1403508771929824,0.05273590328947571,522,Have you thought about replication studies?
3110,1,6,50,57,1.1403508771929824,0.05273590328947571,522,"Will your monster be joining us for dinner, sir?"
3110,1,6,50,57,1.1403508771929824,0.05273590328947571,522,"Will you be needing anything else besides the skull, sir?"
3110,1,6,50,57,1.1403508771929824,0.05273590328947571,522,"Will Frankie be having dinner, sir?"
3110,0,8,49,57,1.1403508771929824,0.046416689667799826,522,"I'm sorry sir, but the supplier says that they have no shorter neck bolts in stock!"
3110,1,6,50,57,1.1403508771929824,0.05273590328947571,522,We need the politician's brain to be easily programmable: can you replace logic with emotion?
3110,0,8,49,57,1.1403508771929824,0.046416689667799826,522,"Dreadful news, our Transylvania 6-5000 number has been removed from service."
3121,2,3,45,50,1.14,0.06395151224456967,522,"Igor Sebastian Pennyworth Barrymore Goodfellow III,at your service,Master Frankenstien."
3121,2,3,45,50,1.14,0.06395151224456967,522,"Splendid news, sir--the DIY Network has green-lighted your script submission for a pilot!"
3121,2,3,45,50,1.14,0.06395151224456967,522,"Sir, there's a crowd gathering outside with torches and pitchforks. They're concerned you don't have hospital admitting privileges."
3121,1,5,44,50,1.14,0.057214241127145085,522,"It hardly seems worth it, Doctor. You may be able to bring him back to life, but I doubt will be able to get his Facebook account reactivated."
3121,1,5,44,50,1.14,0.057214241127145085,522,"A Birkenstock-clad women is at the front door...she wants you to consider solar and wind power"""
3121,1,5,44,50,1.14,0.057214241127145085,522,"Excuse me Doctor, the temp agency sent me."
3121,2,3,45,50,1.14,0.06395151224456967,522,"Left hemisphere of brain, raw. Anything else, sir?"
3121,0,7,43,50,1.14,0.04956957592256419,522,And will your guest be maiming this evening Sir?
3121,2,3,45,50,1.14,0.06395151224456967,522,"I quit, Sir"
3121,0,7,43,50,1.14,0.04956957592256419,522,"Your neighbor, Count Dracula, is here complaining that your experiments during the day are keeping him awake!"
3121,1,5,44,50,1.14,0.057214241127145085,522,"'Doctor, your clients desire to learn when you will finish rebooting their politician.'"
3132,1,7,57,65,1.1384615384615384,0.04842183966159297,522,"Sir, Igor's taken a position with Downton Abbey. He did mention work-life balance in his exit interview."
3133,1,6,51,58,1.1379310344827587,0.051875157633235774,522,His brain or mine?
3133,1,6,51,58,1.1379310344827587,0.051875157633235774,522,"Mr. Zuckerberg, will you be dining in the lab or...?"
3133,2,4,52,58,1.1379310344827587,0.05741073642646485,522,"I'm filling in for Igor today Dr., he had an appointment with the Ophthalmologist."
3136,1,5,45,51,1.1372549019607843,0.05614831789520141,522,"Sir, I should warn you. I dropped the jar containing the 'normal' dick back at the Academy. All that was left was an 'abnormal' dick. And, sir, it's...weird. Like, remember those four-ounce soda cans?"
3136,0,7,44,51,1.1372549019607843,0.048665386847023,522,"Yes Master, and to think years from now I'd blame it on immigrants."
3136,1,5,45,51,1.1372549019607843,0.05614831789520141,522,"Good news , sir. The Bluebirds are back ! I saw then in the kitchen garden early this morning."
3136,0,7,44,51,1.1372549019607843,0.048665386847023,522,"Excuse me Sir, the mob is here."
3136,0,7,44,51,1.1372549019607843,0.048665386847023,522,The entire village is at the door... and they appear peeved.
3136,1,5,45,51,1.1372549019607843,0.05614831789520141,522,Cook is awaiting the sauce Sir.
3136,2,3,46,51,1.1372549019607843,0.06274509803921571,522,"I hope he'll be as gentle as I, sir."
3136,0,7,44,51,1.1372549019607843,0.048665386847023,522,I appears that there are some men with torches who wish to see you.
3136,2,3,46,51,1.1372549019607843,0.06274509803921571,522,"And once he wins the Republican nomination, he will do ALL our bidding! Mwah ha ha!"
3136,1,5,45,51,1.1372549019607843,0.05614831789520141,522,I have my skeleton key attached to my kite whenever you are ready
3136,1,5,45,51,1.1372549019607843,0.05614831789520141,522,"There's a Mr. Karloff here to see you, sir."
3136,0,7,44,51,1.1372549019607843,0.048665386847023,522,"Regret to inform sir, but the neighbors have been complaining again."
3136,2,3,46,51,1.1372549019607843,0.06274509803921571,522,"Your mother is on the line, sir. Is now a good time?"
3136,0,7,44,51,1.1372549019607843,0.048665386847023,522,"Tea for how many, sir?"
3136,1,5,45,51,1.1372549019607843,0.05614831789520141,522,"Vodka Monsters for two, then?"
3136,1,5,45,51,1.1372549019607843,0.05614831789520141,522,"And what may I ask happen to Igor, the previous butler?"
3136,1,5,45,51,1.1372549019607843,0.05614831789520141,522,"Sir, you really must stop bringing your work home with you."
3136,0,7,44,51,1.1372549019607843,0.048665386847023,522,Were you expecting a gentleman with a pitchfork?
3136,0,7,44,51,1.1372549019607843,0.048665386847023,522,"Sir, will I be setting the dinner table tonight for two or three?"
3136,0,7,44,51,1.1372549019607843,0.048665386847023,522,"Yes, young master, I am afraid that we are having franks again for dinner."
3136,1,5,45,51,1.1372549019607843,0.05614831789520141,522,He says he needs to go to the bathroom.
3136,2,3,46,51,1.1372549019607843,0.06274509803921571,522,"The pizza has arrived, sir."
3136,2,3,46,51,1.1372549019607843,0.06274509803921571,522,"It's the stem cell telethon showrunner to see you, again, sir."
3136,2,3,46,51,1.1372549019607843,0.06274509803921571,522,"It's the children from the castle next door, Sir, they want to know if the monster would like to join them for lunch at Frank N' Stein."
3136,0,7,44,51,1.1372549019607843,0.048665386847023,522,Mr. Trump wants to know when Paul Ryan wakes up will he be just gung-ho or super gung-ho on building the wall?
3136,2,3,46,51,1.1372549019607843,0.06274509803921571,522,"Sir, your Twitter has just exploded."
3136,1,5,45,51,1.1372549019607843,0.05614831789520141,522,"It would appear, sir, to be a lock. The Wolfman has just suspended his campaign."
3136,2,3,46,51,1.1372549019607843,0.06274509803921571,522,"There were a group of angry villagers at the door, Dr., I've put them in the conservatory"
3136,1,5,45,51,1.1372549019607843,0.05614831789520141,522,This could turn out to be quite a SHOCK.
3136,0,7,44,51,1.1372549019607843,0.048665386847023,522,Sir! The party leaders are waiting in the drawing room.
3136,2,3,46,51,1.1372549019607843,0.06274509803921571,522,"Your playmate, Mary Shelley, is at the door, Sir."
3136,1,5,45,51,1.1372549019607843,0.05614831789520141,522,"Sir, I recommend shaken not stirred."
3136,0,7,44,51,1.1372549019607843,0.048665386847023,522,"Unfortunately sir, the weather appears clear again tonight, and our guest is beginning to smell."
3136,2,3,46,51,1.1372549019607843,0.06274509803921571,522,"Creating the Elixir of Life, are we?"
3136,0,7,44,51,1.1372549019607843,0.048665386847023,522,Do you really think that we can have better living through chemistry?
3136,1,5,45,51,1.1372549019607843,0.05614831789520141,522,I checked online sir. There are no Ms. Frankensteins available right now. Everything's on backorder. There is one Frankenstein Jr. though.
3172,1,7,58,66,1.1363636363636365,0.04772866020849245,522,"So, How's my new secretary coming?"
3172,0,6,38,44,1.1363636363636365,0.05233358898302985,522,The town folk are requesting your presence dead or alive.
3172,1,4,39,44,1.1363636363636365,0.06161077006722115,522,Will that be dinner for one or two?
3172,3,3,60,66,1.1363636363636365,0.056660620696376625,522,"Will you be having the steak tartar for dinner, sir?"
3172,1,4,39,44,1.1363636363636365,0.06161077006722115,522,"Isn't it a bit early, Sir, to start working on your candidate for 2020?"
3177,1,9,71,81,1.1358024691358024,0.0421383905330272,522,"One Triple, Venti, Half Sweet, Non-Fat, Caramel Macchiato and a Non-Fat Frappuccino With Extra Whipped Cream And Chocolate Sauce. Very good Sir."
3178,0,8,51,59,1.1355932203389831,0.04495355820696532,522,I see that our new nap-at-work policy has been well received.
3179,0,7,45,52,1.1346153846153846,0.04779328093727965,522,"Brains for dinner, sir?"
3179,0,7,45,52,1.1346153846153846,0.04779328093727965,522,"A Mrs. Igor is at the door, sir."
3179,1,5,46,52,1.1346153846153846,0.055121189353288455,522,"It's the Wolf Man, sir. He's quite insistent upon a meeting."
3179,1,5,46,52,1.1346153846153846,0.055121189353288455,522,"His HMO called back,, they won't cover his power bill when he's here."
3179,0,7,45,52,1.1346153846153846,0.04779328093727965,522,"Yes, sir, the resemblance is remarkable."
3179,1,5,46,52,1.1346153846153846,0.055121189353288455,522,Excuse me doctor. I'm afraid the tongue is from a cow.
3179,1,5,46,52,1.1346153846153846,0.055121189353288455,522,"Sir, a Miss Wollstonecraft would like to see you."
3179,1,5,46,52,1.1346153846153846,0.055121189353288455,522,"Your cocktail, Sir?"
3179,2,3,47,52,1.1346153846153846,0.0615832227858564,522,"It's the No-Trump people, sir. Can you suggest a strong candidate with good name recognition?"
3179,2,3,47,52,1.1346153846153846,0.0615832227858564,522,"Would you prefer Tabasco or the blood sauce with that, Sir?"
3179,0,7,45,52,1.1346153846153846,0.04779328093727965,522,Tonights its zürcher geschnetzeltes with mushrooms and monster mashed.
3179,1,5,46,52,1.1346153846153846,0.055121189353288455,522,"Master, I must politely decline to suggest a gender identity."
3179,1,5,46,52,1.1346153846153846,0.055121189353288455,522,"Sorry sir, we're fresh out of the eye of newt. Shall I try Amazon?"
3179,1,5,46,52,1.1346153846153846,0.055121189353288455,522,"My spinal correction was such a confidence-booster, I decided to make a few more life changes."
3179,1,5,46,52,1.1346153846153846,0.055121189353288455,522,"Doorbell for you sir, they say there from the village."
3179,0,7,45,52,1.1346153846153846,0.04779328093727965,522,And will anyone else be joining you for dinner?
3179,1,5,46,52,1.1346153846153846,0.055121189353288455,522,Miss Shelley Is Telling Everyone I Did It !
3179,0,7,45,52,1.1346153846153846,0.04779328093727965,522,"Sir, an Amazon drone just delivered the Bunsen burner you ordered"
3179,2,3,47,52,1.1346153846153846,0.0615832227858564,522,"Sire, the Botox man is here. Shall I show him in."
3179,0,7,45,52,1.1346153846153846,0.04779328093727965,522,"Sir, the electric company called again, still wanting to know ""what the hell is going on""."
3179,1,5,46,52,1.1346153846153846,0.055121189353288455,522,"Tea for you, sir, and a tranquilizer for your friend?"
3179,2,3,47,52,1.1346153846153846,0.0615832227858564,522,What would Lady Mary say about this?
3179,1,5,46,52,1.1346153846153846,0.055121189353288455,522,His future bride would like to know when he will wake up and be available to do chores.
3179,2,3,47,52,1.1346153846153846,0.0615832227858564,522,"Sir, will Igor be having tea?"
3179,0,7,45,52,1.1346153846153846,0.04779328093727965,522,Cook would like to know if the gentleman will be staying for dinner or serving it ?
3179,0,7,45,52,1.1346153846153846,0.04779328093727965,522,"I'm sorry, sir. It's another day of picnic weather."
3179,1,5,46,52,1.1346153846153846,0.055121189353288455,522,"Excuse me Sir, there is a Mary Shelley at the door to see you."
3179,1,5,46,52,1.1346153846153846,0.055121189353288455,522,"He was exhumed from the local cemetery at last night. His name was Drumpf, sir . . ."
3179,1,5,46,52,1.1346153846153846,0.055121189353288455,522,"Hamilton is over $500.00 per ticket, Sir."
3179,1,5,46,52,1.1346153846153846,0.055121189353288455,522,"Shall I set a place for him at the table, sir?"
3179,0,7,45,52,1.1346153846153846,0.04779328093727965,522,"Jeeves, prepare the blue room for our guest."
3179,0,7,45,52,1.1346153846153846,0.04779328093727965,522,They were all out of blood in town so I got you tomato juice instead.
3179,0,7,45,52,1.1346153846153846,0.04779328093727965,522,The cook would like to know how you would like the organ meats prepared.
3179,0,7,45,52,1.1346153846153846,0.04779328093727965,522,I thought I heard someone up.
3179,2,3,47,52,1.1346153846153846,0.0615832227858564,522,Sir may I prepare your lunch? Perhaps something simple.
3179,1,5,46,52,1.1346153846153846,0.055121189353288455,522,"Actually Doctor, after some chiropractic and a good night's sleep, I suddenly feel like a new man."
3179,0,7,45,52,1.1346153846153846,0.04779328093727965,522,He said you can name him anything except Trump.
3179,0,7,45,52,1.1346153846153846,0.04779328093727965,522,Table for one sir?
3179,0,7,45,52,1.1346153846153846,0.04779328093727965,522,"Sir, should I tell the angry mob at the door that you're in the shower?"
3179,0,7,45,52,1.1346153846153846,0.04779328093727965,522,Is it soup yet?
3179,1,5,46,52,1.1346153846153846,0.055121189353288455,522,...and this time let's be sure we can control Trumpenstein.
3179,1,5,46,52,1.1346153846153846,0.055121189353288455,522,"Sir, shall we be having two for dinner tonight, then?"
3179,0,7,45,52,1.1346153846153846,0.04779328093727965,522,Sorry to interrupt sir. It's medication time.
3179,2,3,47,52,1.1346153846153846,0.0615832227858564,522,"If he comes back to life in the anatomy lab, it may scare one of the first year medical students to death."
3223,0,9,58,67,1.1343283582089552,0.041974785069899656,522,"SIR, WILL MY NEW HELPER BE READY SOON?"
3224,1,6,53,60,1.1333333333333333,0.05023485333552976,522,"Master, do you think the creature will be staying for dinner when he awakens?"
3225,3,5,75,83,1.1325301204819278,0.047787007657898936,522,I love your angry voter. Do you make presidential candidates?
3226,2,3,48,53,1.1320754716981132,0.06046347269649694,522,"Excuse me, sir, we need to transfer him: his medical insurance expired."
3226,1,5,47,53,1.1320754716981132,0.05413078722488102,522,Mrs. Clinton is at the door. She wants her brain back.
3226,0,7,46,53,1.1320754716981132,0.04695159976668159,522,Will Frankenstein be joining you for tea sir?
3226,0,7,46,53,1.1320754716981132,0.04695159976668159,522,Dr Frankenstein - I said we needed to dress the lobster not truss the monster.
3226,0,7,46,53,1.1320754716981132,0.04695159976668159,522,"We'll be having leftovers for lunch, sir."
3226,1,5,47,53,1.1320754716981132,0.05413078722488102,522,"… It's a certain Mrs. Mary Wallstonecraft Shelley, Sir, with a rather bizarre idea for a science fiction novel."
3226,0,7,46,53,1.1320754716981132,0.04695159976668159,522,Your Mother inquired about a surprise guest for dinner
3226,1,5,47,53,1.1320754716981132,0.05413078722488102,522,The speaker of the house wants him ready for the RNC.
3226,1,5,47,53,1.1320754716981132,0.05413078722488102,522,"Sir, all reserve electricity is being spent on your bitcoin mining."""
3226,1,5,47,53,1.1320754716981132,0.05413078722488102,522,Good evening!
3226,1,5,47,53,1.1320754716981132,0.05413078722488102,522,Flambe for two?
3226,1,5,47,53,1.1320754716981132,0.05413078722488102,522,The neighbors are complaining about the overgrown lawn again.
3226,0,7,46,53,1.1320754716981132,0.04695159976668159,522,"Sir, I regret to inform you that the kitchen toaster has just gone tits up."
3226,0,7,46,53,1.1320754716981132,0.04695159976668159,522,"Trust me, it's the only way we will be able to successfully police the police."
3226,1,5,47,53,1.1320754716981132,0.05413078722488102,522,"I did it, and if you resurrect him, I'll do it again."
3226,0,7,46,53,1.1320754716981132,0.04695159976668159,522,"The angry hoards are back again, sir. Shall I spray them with the hose this time?"
3226,0,7,46,53,1.1320754716981132,0.04695159976668159,522,"Mrs. Peacock in the dining room with a candlestick, Professor Plum in the cellar with a lead pipe, Colonel Mustard in the ballroom with a rope..."
3226,2,3,48,53,1.1320754716981132,0.06046347269649694,522,"Shall I order some Frankenfood for our guest, sir?"
3226,1,5,47,53,1.1320754716981132,0.05413078722488102,522,There shan't be any lightning for another three months... Tea sir?
3226,0,7,46,53,1.1320754716981132,0.04695159976668159,522,"Sir, Cook would like to know, is she to prepare the sweetbreads in the ice box for tonight’s guests or are they for Him?"
3226,1,5,47,53,1.1320754716981132,0.05413078722488102,522,His wife rang asking if this was a bad time.
3226,1,5,47,53,1.1320754716981132,0.05413078722488102,522,Excuse me Dr. Frankenstein but I must warn you that tonight's affair is formal attire for you and your plus one.
3226,0,7,46,53,1.1320754716981132,0.04695159976668159,522,"Jeeves, with Igor out sick, I need you to work an overnight."
3226,1,5,47,53,1.1320754716981132,0.05413078722488102,522,Sir. It's time to upgrade your hardware and software to 2016!
3226,2,3,48,53,1.1320754716981132,0.06046347269649694,522,Will he be taking milk or cream with the tea?
3226,2,3,48,53,1.1320754716981132,0.06046347269649694,522,"Enjoying your master suite, sir?"
3226,1,5,47,53,1.1320754716981132,0.05413078722488102,522,"Madame reports that you may close the Lab. With the help of her personal staff, she has discovered an easier method of species propagation and expects results within nine months."
3226,0,7,46,53,1.1320754716981132,0.04695159976668159,522,About that outfit Igor.
3226,0,7,46,53,1.1320754716981132,0.04695159976668159,522,Will his lordship be taking over all of the downstairs?
3226,2,3,48,53,1.1320754716981132,0.06046347269649694,522,Some Warriors need a backup for a Stephen Curry.
3226,0,7,46,53,1.1320754716981132,0.04695159976668159,522,May I suggest that this is going to be Yuuuge?
3226,1,5,47,53,1.1320754716981132,0.05413078722488102,522,"Do we wish to donate to UNICEF this year, sir?"
3226,0,7,46,53,1.1320754716981132,0.04695159976668159,522,Just add life
3226,1,5,47,53,1.1320754716981132,0.05413078722488102,522,"The peasants are here,sir"
3226,0,7,46,53,1.1320754716981132,0.04695159976668159,522,We've strapped your next guest to the kitchen table.
3226,1,5,47,53,1.1320754716981132,0.05413078722488102,522,He'll be ready by Election Day?
3226,1,5,47,53,1.1320754716981132,0.05413078722488102,522,"An RNC committee at our gate, Sir. I'm afraid they've seen through the disguise. Release the hounds?"
3226,0,7,46,53,1.1320754716981132,0.04695159976668159,522,"Sir, I'm afraid this is still a man-cave."
3226,0,7,46,53,1.1320754716981132,0.04695159976668159,522,"I recommend the oysters, sir. At least they're alive."
3226,2,3,48,53,1.1320754716981132,0.06046347269649694,522,Takeout again or dinner for two?
3226,2,3,48,53,1.1320754716981132,0.06046347269649694,522,Your mother would like to know if we should expect another guest.
3226,1,5,47,53,1.1320754716981132,0.05413078722488102,522,"All I'm saying, sir, is that ""Frankenstein"" sounds much more regal than ""Monster."""
3226,0,7,46,53,1.1320754716981132,0.04695159976668159,522,The Tesla people are calling again about what's become of their charging station Herr Doctor.
3226,2,3,48,53,1.1320754716981132,0.06046347269649694,522,"Sir, it's Igor on the phone, he wants his old job back."
3226,1,5,47,53,1.1320754716981132,0.05413078722488102,522,"Sir, you said it was a latte."
3226,1,5,47,53,1.1320754716981132,0.05413078722488102,522,"Sir, might I suggest you naming The Beast, so as not to confuse people. Dr. Frankenstein, Frankenstein you see where I'm coming from?"
3226,0,7,46,53,1.1320754716981132,0.04695159976668159,522,"I am intrigued by your plans to enter an independant party candidate, but your father wanted me to tell you that dinner is ready."
3226,0,7,46,53,1.1320754716981132,0.04695159976668159,522,The name is Igor. I'm here for the assistant's job and in hopes you can fix my achy back.
3226,2,3,48,53,1.1320754716981132,0.06046347269649694,522,"Sir, if you're planning a sequel, Mary Shelley rang to say she wants a cut of royalties."""
3226,1,5,47,53,1.1320754716981132,0.05413078722488102,522,"If you don't mind, sir, tell him to behave himself this time when he wakes up."
3226,1,5,47,53,1.1320754716981132,0.05413078722488102,522,"Excuse me, Doctor. There's a committee from the FDA outside with torches and pitchforks. Shall I tell them you've just begun a Phase I trial, and they must await top line results?"
3226,2,3,48,53,1.1320754716981132,0.06046347269649694,522,"Proceed with caution, sir. He's polling better than you."
3226,2,3,48,53,1.1320754716981132,0.06046347269649694,522,"Very well sir. May I offer you a 'steen' of beer, then?"
3226,0,7,46,53,1.1320754716981132,0.04695159976668159,522,Sir - Dontown Abbey will be on in 5 minutes
3226,1,5,47,53,1.1320754716981132,0.05413078722488102,522,"Sir, your brain has arrived via drone."
3226,1,5,47,53,1.1320754716981132,0.05413078722488102,522,"This has been fun, but next Halloween I'm Batman."
3282,0,8,53,61,1.1311475409836065,0.04357902084672543,522,Dr. Frankenstein!Tthe EPA is here to present the award for the most creative use of a non-fossil based energy source.
3282,1,6,54,61,1.1311475409836065,0.049452797144256905,522,"Will that be one hump or two, Sir?"
3284,0,6,40,46,1.1304347826086956,0.05020437123388051,522,"Pardon me sir, the townspeople are requesting that you permit them to impale you."
3285,1,8,68,77,1.12987012987013,0.04276279513224073,522,I want to be Frankenstein
3286,1,5,48,54,1.1296296296296295,0.053175186756420724,522,"It appears I was mistaken, Sir, in thinking I had the one job that could never be outsourced."
3286,0,7,47,54,1.1296296296296295,0.04613879568230499,522,They have pitchforks and torches too--will they be staying for supper?
3286,0,7,47,54,1.1296296296296295,0.04613879568230499,522,Be sure he is well hydrated.
3286,2,3,49,54,1.1296296296296295,0.059383604691421,522,"Sir, the University of Alabama coach is upstairs with two friendly ""cheerleaders"" and a new Lexis. Shall I have him wait?"
3286,1,5,48,54,1.1296296296296295,0.053175186756420724,522,"It's a Ms. Lanchester for you, sir."
3286,1,5,48,54,1.1296296296296295,0.053175186756420724,522,"I assure you, Sir, that I am willing and able to cause havoc and destruction to the nth degree."
3286,0,7,47,54,1.1296296296296295,0.04613879568230499,522,"Sir, the police are at the door inquiring about the recently added giant lightning rod on the roof. What shall I tell them?"
3286,0,7,47,54,1.1296296296296295,0.04613879568230499,522,Mrs. Shelley wishes you to know she has written the best story.
3286,1,5,48,54,1.1296296296296295,0.053175186756420724,522,Will that be two for dinner – or is your guest not eating?
3286,0,7,47,54,1.1296296296296295,0.04613879568230499,522,"Sir, since the staff is hopelessly confused, couldn't we just call the monster Frankenstein?"
3286,1,5,48,54,1.1296296296296295,0.053175186756420724,522,"As you requested, we have ladyfingers. Where would you like them served?"
3286,1,5,48,54,1.1296296296296295,0.053175186756420724,522,"Pardon me, sir. The cutlets for this evening's dinner smell a bit rangy. Do you have anything to spare?"
3286,2,3,49,54,1.1296296296296295,0.059383604691421,522,"Will that be all, sir?"
3286,0,7,47,54,1.1296296296296295,0.04613879568230499,522,"I just got off the phone with Chapman, Smith, Cohen, Brody & O'Neal. Unfortunately you cannot copywrite a Halloween custome."
3286,1,5,48,54,1.1296296296296295,0.053175186756420724,522,Reanimation! No problem. AskJeeves.com.
3286,1,5,48,54,1.1296296296296295,0.053175186756420724,522,"Sir, if you're short body parts, there's leftover kidney pie and sauteed liver."
3286,2,3,49,54,1.1296296296296295,0.059383604691421,522,"Liver for lunch, sir?"
3286,0,7,47,54,1.1296296296296295,0.04613879568230499,522,"Sir, will your monster be dining with us tonight?"
3286,1,5,48,54,1.1296296296296295,0.053175186756420724,522,"There's a storm a brewing, Sir."
3286,2,3,49,54,1.1296296296296295,0.059383604691421,522,Mr. Nikola Tesla is here to demonstrate his coil.
3286,1,5,48,54,1.1296296296296295,0.053175186756420724,522,The RNC would like to meet your third party candidate tomorrow morning.
3286,0,7,47,54,1.1296296296296295,0.04613879568230499,522,"If I cannot find camembert, I will serve gruyere."
3286,1,5,48,54,1.1296296296296295,0.053175186756420724,522,So! This is where Downton' s resources have been going.
3286,1,5,48,54,1.1296296296296295,0.053175186756420724,522,"I'm hopeful Master Igor has a speedy recovery, however I wish to submit my notice of resignation. I think it is prudent to say my agency was remiss in explaining the precise nature of duties, and the rather somewhat unconventional circumstances."
3286,1,5,48,54,1.1296296296296295,0.053175186756420724,522,"It doesn't matter what you accuse me of. They'll just say ""The butler did it."""
3286,0,7,47,54,1.1296296296296295,0.04613879568230499,522,"Sir, you rang regarding the organ donation?"
3286,0,7,47,54,1.1296296296296295,0.04613879568230499,522,"Fresh from the Ritz, Fritz?"
3286,0,7,47,54,1.1296296296296295,0.04613879568230499,522,His final request was to bring back Marilyn Monroe for him and let Mrs. Frankenstein rest in Hell.
3286,2,3,49,54,1.1296296296296295,0.059383604691421,522,Please be sure he knows that the fork and bread plate go on the left.
3286,1,5,48,54,1.1296296296296295,0.053175186756420724,522,I've just spoken to the press.
3286,1,5,48,54,1.1296296296296295,0.053175186756420724,522,"Well yes, Mr. Robin, but when you told Mr. Batman you wanted a life of your own, he misunderstood."
3317,0,9,61,70,1.1285714285714286,0.04029615300200892,522,"I do believe the name Iron Man has already been taken, sir."
3318,0,6,41,47,1.127659574468085,0.04920290896196927,522,"As a matter of fact sir, there is a lightning storm predicted for this evening."
3318,1,4,42,47,1.127659574468085,0.057844581686821384,522,The Smiths and Johnsons are in the drawing room. Their pitchforks and torches are in the umbrella closet.
3318,1,4,42,47,1.127659574468085,0.057844581686821384,522,Mrs. Frankenstein was adamant that you animate in time for dinner.
3318,1,4,42,47,1.127659574468085,0.057844581686821384,522,Will a bride be required sir?
3318,1,4,42,47,1.127659574468085,0.057844581686821384,522,The party leadership will see you now.
3318,1,4,42,47,1.127659574468085,0.057844581686821384,522,Will the Doctor be dining with a companion?
3318,1,4,42,47,1.127659574468085,0.057844581686821384,522,Does the monster take milk with his tea Sir?
3325,0,7,48,55,1.1272727272727272,0.04535342286998717,522,"Igor has taken the evening off, Doctor."
3325,1,5,49,55,1.1272727272727272,0.05225259457122248,522,"Frankly, I'd advise a stein."
3325,1,5,49,55,1.1272727272727272,0.05225259457122248,522,The Lady says it's the DIY channel that's created a monster.
3325,0,7,48,55,1.1272727272727272,0.04535342286998717,522,"I was mistaken, sir. I thought you wanted to do remakes of the great animated films."
3325,0,7,48,55,1.1272727272727272,0.04535342286998717,522,"Is this one also on a vegan diet, sir?"
3325,0,7,48,55,1.1272727272727272,0.04535342286998717,522,Master.... Shall I hold dinner until after the awaking (AGAIN)?
3325,0,7,48,55,1.1272727272727272,0.04535342286998717,522,"Its a delegation from the village, Sir, but they only have lobster forks."
3325,1,5,49,55,1.1272727272727272,0.05225259457122248,522,"I tried microwaving your forgotten dinner upstairs, but there seems to be a problem with the electricity."
3325,1,5,49,55,1.1272727272727272,0.05225259457122248,522,The neighbors are complaining about the smell.
3334,0,6,42,48,1.125,0.04824031156174748,522,"Tea is served, sir. Your guest is bound to enjoy our Welsh cakes."
3334,1,4,43,48,1.125,0.056689086094851654,522,You buzzed sir?
3334,2,2,44,48,1.125,0.06403262687852607,522,"Excuse me sir, but your science project is a bit over the top"
3334,1,4,43,48,1.125,0.056689086094851654,522,"Sir, there's a large, rather ragged-looking, party here to see you. They say they're Republicans, seeking your services, shall I show them in?"
3334,1,4,43,48,1.125,0.056689086094851654,522,Can I get you some warm milk?
3334,2,3,51,56,1.125,0.057335309036732875,522,"Will there be company at dinner tonight, doctor?"
3334,1,4,43,48,1.125,0.056689086094851654,522,Might I suggest poached salmon for you and your gentleman friend? They say it's the best brain food.
3334,2,2,44,48,1.125,0.06403262687852607,522,"One Vodka Monster drink coming up and a Shirley Temple, anything else, sir?"
3334,0,6,42,48,1.125,0.04824031156174748,522,I don't do windows or reanimation
3334,1,4,43,48,1.125,0.056689086094851654,522,"A Doctor Freud is calling, sir."
3334,2,2,44,48,1.125,0.06403262687852607,522,"The moment of realization, for both father and son, that they are very different people."
3334,0,7,49,56,1.125,0.04459412925079223,522,"Excuse me sir,what would you have me do with the left over parts?"
3334,1,4,43,48,1.125,0.056689086094851654,522,Your turducken is served
3334,0,6,42,48,1.125,0.04824031156174748,522,Dinner will be served in 30 minutes. How many places should I set?
3334,2,2,44,48,1.125,0.06403262687852607,522,TMZ wants to know if it's really alive.
3334,0,7,49,56,1.125,0.04459412925079223,522,"Igor left, I'm Rogi."
3334,0,6,42,48,1.125,0.04824031156174748,522,"He selected the vegan option, Sir"
3351,1,7,65,73,1.1232876712328768,0.043378995433789966,522,"The Shelleys, next door, have invited to dine. You may bring a guest."
3352,1,5,51,57,1.1228070175438596,0.05049985383360874,522,Will your guest be having red or white sparks for dinner?
3353,1,4,44,49,1.1224489795918366,0.055578689246150295,522,"We just need to build a few more voters, and then Trump is a shoo-in."
3353,1,4,44,49,1.1224489795918366,0.055578689246150295,522,"Master, might I suggest adding a splash of monster energy drink."
3353,0,6,43,49,1.1224489795918366,0.04731438007905969,522,"Will it be coffee for one or two, sir?"
3353,0,6,43,49,1.1224489795918366,0.04731438007905969,522,Someone from the Institutional Review Board to see you sir.
3353,1,4,44,49,1.1224489795918366,0.055578689246150295,522,We will need a full warranty until after the Republican Convention.
3353,0,6,43,49,1.1224489795918366,0.04731438007905969,522,I am pleased to report that the high-voltage insulators you require are available through Amazon Prime.
3353,2,2,45,49,1.1224489795918366,0.06276408873212902,522,"How many for dinner, Sir?"
3353,0,6,43,49,1.1224489795918366,0.04731438007905969,522,"Good news, sir. Apparently monsters are the new vampires."
3353,1,4,44,49,1.1224489795918366,0.055578689246150295,522,Should I tell him or should you?
3353,1,4,44,49,1.1224489795918366,0.055578689246150295,522,His wife called to remind you they are from Stepford
3353,0,6,43,49,1.1224489795918366,0.04731438007905969,522,A homeless lout named Igor. Shall I send him away?
3353,0,6,43,49,1.1224489795918366,0.04731438007905969,522,"Sir, the spray tan professional you requested has arrived."
3353,0,6,43,49,1.1224489795918366,0.04731438007905969,522,"Well that depends, sir. If you've ordered some pitchforks and torches, then it's good news. They're being delivered presently."
3353,0,6,43,49,1.1224489795918366,0.04731438007905969,522,Medical examiner at the gate. Is he expected?
3353,1,4,44,49,1.1224489795918366,0.055578689246150295,522,Would your guest care for a pillow?
3353,0,6,43,49,1.1224489795918366,0.04731438007905969,522,Thank you for creating a new butler. When do I take over my new position?
3353,2,2,45,49,1.1224489795918366,0.06276408873212902,522,"Make that two iced teas, Ruggles."
3353,0,6,43,49,1.1224489795918366,0.04731438007905969,522,"And will you be having onions with his liver, Sire?"
3353,0,6,43,49,1.1224489795918366,0.04731438007905969,522,"Your Lordship, the staff is feeling a bit worried about your plans for a new butler."
3353,1,4,44,49,1.1224489795918366,0.055578689246150295,522,"A table for one, as you requested!"
3353,1,4,44,49,1.1224489795918366,0.055578689246150295,522,Very good Sir One more for dinner.
3353,0,6,43,49,1.1224489795918366,0.04731438007905969,522,"Sir, Batman returns."
3353,2,2,45,49,1.1224489795918366,0.06276408873212902,522,"Thank you for the interview, but I don't think I'm qualified to step into his shoes."
3353,2,2,45,49,1.1224489795918366,0.06276408873212902,522,"Your monster lives, Dr. Donaldstein."
3353,0,6,43,49,1.1224489795918366,0.04731438007905969,522,"For dinner, will it be restraints, or Civil Rights?"
3353,0,6,43,49,1.1224489795918366,0.04731438007905969,522,Make sure to prepare something nutritious for his first meal.
3353,1,4,44,49,1.1224489795918366,0.055578689246150295,522,Sir. Your Mother wishes to speak to your Father.
3353,0,6,43,49,1.1224489795918366,0.04731438007905969,522,"Sir, it appears that your Paypal account has insufficient funds."
3353,2,2,45,49,1.1224489795918366,0.06276408873212902,522,"Beg pardon, m’lord. A Count Dracula is at the door and asks if we can spare some blood."
3353,1,4,44,49,1.1224489795918366,0.055578689246150295,522,Might not it be easier to try Tinder madam
3353,2,2,45,49,1.1224489795918366,0.06276408873212902,522,I'm afraid the Health Inspector prefers not to reschedule.
3384,1,3,37,41,1.1219512195121952,0.06242187264424257,522,"Do you wish me to scream now, sir, or shall I come back later?"
3385,0,4,29,33,1.121212121212121,0.05769525080199931,522,Las Vegas called. Your entry in the science fair is getting a lot of late action.
3386,0,6,44,50,1.12,0.046423076597919784,522,"You don't have a bat cave, sir."
3386,1,4,45,50,1.12,0.05451081150953976,522,"sir...a woman at the door for you..she said her name is ""Abbie Normal"""
3386,1,4,45,50,1.12,0.05451081150953976,522,His wife said he'd just been falling to pieces lately.
3386,0,6,44,50,1.12,0.046423076597919784,522,"Her Majesty, the Queen is here for her scheduled maintenance!"
3386,0,6,44,50,1.12,0.046423076597919784,522,Shall I prepare canapés for one or two?
3386,1,4,45,50,1.12,0.05451081150953976,522,"Sir, there are some villagers at the door. They're asking to see ""the big fella""."
3386,1,4,45,50,1.12,0.05451081150953976,522,"Sir, the HOA would like to see you."
3386,1,4,45,50,1.12,0.05451081150953976,522,"I'm telling them the whole thing was your idea, sir."
3386,2,2,46,50,1.12,0.061544740652965765,522,"Excuse me, sir. There is a telephone call from a Mr. Paul Ryan."
3386,2,2,46,50,1.12,0.061544740652965765,522,You have a phone call from S.T.E.M.
3386,1,4,45,50,1.12,0.05451081150953976,522,"Sir, the man from the Renaissance Fair is here. He said, ""Bring out your dead."""
3386,0,6,44,50,1.12,0.046423076597919784,522,"Sir, the insurance company called. it is $500 deductible for the head,$350 for each hand......Bye the way,dinner is being served."
3386,0,6,44,50,1.12,0.046423076597919784,522,"If I may, I recommend plenty of chicken noodle soup, sir."
3386,1,4,45,50,1.12,0.05451081150953976,522,"Sir, I am confident that he will be ready as an option by the time the convention begins."
3386,1,4,45,50,1.12,0.05451081150953976,522,"Will that be brains for two, sir?"
3386,0,6,44,50,1.12,0.046423076597919784,522,I'm afraid Igor has come down with something.
3386,0,6,44,50,1.12,0.046423076597919784,522,Excuse me Doctor... There is a Mister Musk here to see you... it's something about battery-powered human reanimation or something...
3386,1,4,45,50,1.12,0.05451081150953976,522,You are the real monster for giving him an Australian accent.
3386,1,4,45,50,1.12,0.05451081150953976,522,Some one from the Trump campaign is here to see you.
3386,0,6,44,50,1.12,0.046423076597919784,522,I'm afraid all we have is vodka and bitters.
3386,1,4,45,50,1.12,0.05451081150953976,522,"Dr. Frankenstein and his monster to see you, sir."
3386,1,4,45,50,1.12,0.05451081150953976,522,"I'm afraid Igor has a touch of the flu, Sir. The service has sent me as the day replacement."
3386,0,6,44,50,1.12,0.046423076597919784,522,"Sir, gentlemen from the power company are here investigating a recent power surge!"
3386,0,6,44,50,1.12,0.046423076597919784,522,You say you are voting for the candidate who would do MORE than waterboarding???
3386,1,4,45,50,1.12,0.05451081150953976,522,"Sir, the ""Save the Franks"" are at the door!"
3386,0,6,44,50,1.12,0.046423076597919784,522,I presume your guest will not be joining you for dinner!
3386,1,4,45,50,1.12,0.05451081150953976,522,"Doctor, there's a solicitor inquiring if you may be interested in free solar panels."
3386,2,2,46,50,1.12,0.061544740652965765,522,"Sir, will you be dining in the laboratory during the storm this evening?"
3386,2,2,46,50,1.12,0.061544740652965765,522,Wil you be wanting one or two olives in your Martini?
3386,2,2,46,50,1.12,0.061544740652965765,522,Do you have any ketchup?
3386,0,6,44,50,1.12,0.046423076597919784,522,Make that one Turkey on Rye and one Blood Sausage on Multigrain...
3386,1,4,45,50,1.12,0.05451081150953976,522,There's aa Edward Lampert at the door sir. Something about reviving a dead brand.
3386,1,4,45,50,1.12,0.05451081150953976,522,"Sir, your car will be finished charging in three hours."
3386,1,4,45,50,1.12,0.05451081150953976,522,You've finally asked too much of Jeeves.
3386,0,6,44,50,1.12,0.046423076597919784,522,Excuse me Sir. There are two gentlemen from Scotland Yard to see you. Shall I ask them to come down?
3386,1,4,45,50,1.12,0.05451081150953976,522,"I believe, Sir, they said they are from the S.P.C.M."
3386,1,4,45,50,1.12,0.05451081150953976,522,"Sir, his wife won't stop calling until she speaks with him."
3386,0,6,44,50,1.12,0.046423076597919784,522,"Sir, your mother wishes to inform you that it is time for you to attend to your spelling homework."
3386,1,4,45,50,1.12,0.05451081150953976,522,"Will there be two for tea, sir?"
3386,1,4,45,50,1.12,0.05451081150953976,522,Excuse me sir. Have you given any thought to my request for an additional servant?
3386,0,6,44,50,1.12,0.046423076597919784,522,"Doctor, will the candidate's transmogrification be realized in time for a 3rd Party Run?"
3386,0,6,44,50,1.12,0.046423076597919784,522,They're ready for the upgrade sir.
3386,1,4,45,50,1.12,0.05451081150953976,522,"Sir, please join Igor and I in the kitchen for a cup of knee."
3386,0,6,44,50,1.12,0.046423076597919784,522,"Do you feel that a Pouilly-Fuissé would pair well with his gruel, Doctor?"
3386,1,4,45,50,1.12,0.05451081150953976,522,"Sir, will he be dining with us this evening?"
3386,0,6,44,50,1.12,0.046423076597919784,522,"Sir, I believe your liver is at the door."
3432,2,4,61,67,1.1194029850746268,0.04997687416213937,522,"Doctor, the villagers are doing the Time Warp while Igor is crowd-surfing, so the benzos appear to be working."
3433,1,3,38,42,1.119047619047619,0.060986670088086975,522,"Sorry Igor, t's not personal, soon we'll all be replaced by reanimation."
3434,1,5,53,59,1.11864406779661,0.048860455426129414,522,"Sorry sir, he's not registered to vote"
3435,1,4,46,51,1.1176470588235294,0.05348306547837592,522,Your pizza has arrived.
3435,2,2,47,51,1.1176470588235294,0.06037178164055159,522,"Sir, eventually she's going to figure out your lab is not a dog."
3435,0,6,45,51,1.1176470588235294,0.04556450995538139,522,I'd suggest a distinct name for it.
3435,2,2,47,51,1.1176470588235294,0.06037178164055159,522,Your mother is worried that you're not getting enough protein at breakfast.
3435,1,4,46,51,1.1176470588235294,0.05348306547837592,522,"Shall I raise the dead, master?"
3435,1,4,46,51,1.1176470588235294,0.05348306547837592,522,"""Sir, there is a Johnny Manziel at the door wishing to speak with you""."
3435,1,4,46,51,1.1176470588235294,0.05348306547837592,522,"We have more gin upstairs, sir."
3435,1,4,46,51,1.1176470588235294,0.05348306547837592,522,"Sir, a Ms. Madeline Kahn craves entry."
3435,1,4,46,51,1.1176470588235294,0.05348306547837592,522,"For whatever you're preparing Sir, a request has been made for a gluten-free mixture."
3435,2,2,47,51,1.1176470588235294,0.06037178164055159,522,"Your pizza was just delivered, Sir."
3435,1,4,46,51,1.1176470588235294,0.05348306547837592,522,"Tonight’s desert menu offers real suspense, sir."
3435,1,4,46,51,1.1176470588235294,0.05348306547837592,522,"igor should you be playing with your chemistry set, we are expecting lightning"
3435,1,4,46,51,1.1176470588235294,0.05348306547837592,522,"Frankenstein, you're delisted from monster.com."
3435,0,6,45,51,1.1176470588235294,0.04556450995538139,522,"You've been down here too long, Master Wayne."
3435,1,4,46,51,1.1176470588235294,0.05348306547837592,522,Would he prefer his drink shaken or stirred?
3435,0,6,45,51,1.1176470588235294,0.04556450995538139,522,"Sir, deepest apologies, but I have been having reservations about bringing him as staff if he is to share your name."
3435,0,6,45,51,1.1176470588235294,0.04556450995538139,522,"Somebody named Dracula is here to see you, sir."
3435,0,6,45,51,1.1176470588235294,0.04556450995538139,522,"The Wolmans have arrived early, sir. Shall I serve yesterday's brainss for hors o'doeurves?"
3435,0,6,45,51,1.1176470588235294,0.04556450995538139,522,I've set another place for dinner. Will he be eating gluten?
3435,0,6,45,51,1.1176470588235294,0.04556450995538139,522,Shall I set the table for two or is it too early Dr. ?
3435,0,6,45,51,1.1176470588235294,0.04556450995538139,522,"Sir, shall I set the table for two this evening?"
3435,1,4,46,51,1.1176470588235294,0.05348306547837592,522,"Would you require a heart to go with that brain, sir?"
3435,0,6,45,51,1.1176470588235294,0.04556450995538139,522,And will Sir be expecting company this evening?
3435,1,4,46,51,1.1176470588235294,0.05348306547837592,522,Will lunch be for one or two this afternoon?
3435,1,4,46,51,1.1176470588235294,0.05348306547837592,522,I do his dry cleaning but somehow you're the mad one.
3435,1,4,46,51,1.1176470588235294,0.05348306547837592,522,"Frankly, sir, I think he's a cold piece of work."
3435,0,6,45,51,1.1176470588235294,0.04556450995538139,522,Alfred let Mr. Trump know his morning hair formula will be ready in about 20 minutes
3435,0,6,45,51,1.1176470588235294,0.04556450995538139,522,"Sir, it's Bartholomew from next door. He wants to borrow a cup of liver."
3435,2,2,47,51,1.1176470588235294,0.06037178164055159,522,Chef has prepared your favorite - Frankensalmon and creamed GMO corn.
3435,1,4,46,51,1.1176470588235294,0.05348306547837592,522,Mary says we've got to go electronic or we're dead.
3435,0,6,45,51,1.1176470588235294,0.04556450995538139,522,"I beg your pardon, sir, but there's a gentleman and a lady from the Jehovah's Witnesses here to see you."
3435,1,4,46,51,1.1176470588235294,0.05348306547837592,522,"Sir, may I suggest we call your new creation Mr. Trump?"
3435,0,6,45,51,1.1176470588235294,0.04556450995538139,522,A Mister Boris Karloff is on the phone for you sir.
3435,1,4,46,51,1.1176470588235294,0.05348306547837592,522,"I won't be here next week, but my cousin Igor has agreed to fill in while I'm gone. I think you'll find him to be an excellent assistant."
3435,1,4,46,51,1.1176470588235294,0.05348306547837592,522,"Terribly sorry to disturb you, sir, but a Mr. Igor is waiting in the vestibule. Will that be all for this evening?"
3435,0,6,45,51,1.1176470588235294,0.04556450995538139,522,"No, Jeeves, you’re not fired. He only needs half your brain."
3435,0,6,45,51,1.1176470588235294,0.04556450995538139,522,Abby Normal is at the door and says you have something of hers that she needs back.
3435,2,2,47,51,1.1176470588235294,0.06037178164055159,522,"There is a Mister Karloff here to see you, sir."
3435,1,4,46,51,1.1176470588235294,0.05348306547837592,522,Igor wants to know if you need him to get a brain or a drain?
3435,1,4,46,51,1.1176470588235294,0.05348306547837592,522,The press wants to know why he is so confidant about running as a third party candidate this year.
3435,0,6,45,51,1.1176470588235294,0.04556450995538139,522,"Well, milord, may I suggest the revivified sashimi? It's quite tasty today."
3435,1,4,46,51,1.1176470588235294,0.05348306547837592,522,I'll be ready to clean-up when the angry mob arrives.
3435,1,4,46,51,1.1176470588235294,0.05348306547837592,522,He says he wants his Mummie.
3435,2,2,47,51,1.1176470588235294,0.06037178164055159,522,"I'd be honored sir, if you named him after me, Frank N. Stein."
3435,1,4,46,51,1.1176470588235294,0.05348306547837592,522,"I'm sorry, Doctor Frankenstein, but cook says the brain is off tonight."
3435,1,4,46,51,1.1176470588235294,0.05348306547837592,522,"Sir, there's this strange looking fellow at the front gate wondering if you do running mates."
3435,0,6,45,51,1.1176470588235294,0.04556450995538139,522,"Sir, the Countess wishes to ensure he is of noble blood."
3435,0,6,45,51,1.1176470588235294,0.04556450995538139,522,"Sir, there's a scarecrow, tin man and lion at the front door. Would you be interested in crowd funding with them for some body parts?"
3435,1,4,46,51,1.1176470588235294,0.05348306547837592,522,"Mary Shelley asked me to inform you that you can't patent life yet, but she has the copyright."
3435,2,2,47,51,1.1176470588235294,0.06037178164055159,522,There appears to be a shortage of human brains at the store. Might I suggest a cow's brain instead?
3435,1,4,46,51,1.1176470588235294,0.05348306547837592,522,"Prepping for the Presidential election, sir?"
3435,1,4,46,51,1.1176470588235294,0.05348306547837592,522,There's a Philippe Dauman at the door sir. Something about bringing Mtv back from the dead .
3435,1,6,61,68,1.1176470588235294,0.044590674528640815,522,The Monster wants take-out sushi again for lunch.
3435,0,6,45,51,1.1176470588235294,0.04556450995538139,522,It's really Frankenstein's butler.
3435,1,4,46,51,1.1176470588235294,0.05348306547837592,522,Being Frank has its downside.
3435,0,6,45,51,1.1176470588235294,0.04556450995538139,522,"Brains, Sah?"
3435,3,0,48,51,1.1176470588235294,0.06655122646461625,522,"If I may say so, Mr. Trump, this is an inspired VP choice."
3435,0,6,45,51,1.1176470588235294,0.04556450995538139,522,Your ex-wife is on the phone.
3435,1,4,46,51,1.1176470588235294,0.05348306547837592,522,The solar roofing salesman has arrived.
3435,2,2,47,51,1.1176470588235294,0.06037178164055159,522,"It's the folk from Publishers Clearing House, Sir. I told them you were busy."
3435,1,4,46,51,1.1176470588235294,0.05348306547837592,522,"Igor has secured the brain in Oslo. However, TSA screeners have proven peckish."
3435,0,6,45,51,1.1176470588235294,0.04556450995538139,522,"Good news all around, sir. Your paper will appear in the Lancet and the spleen of Dr. Hensley has arrived."
3435,1,4,46,51,1.1176470588235294,0.05348306547837592,522,"Excuse me, Sir. I'm Barnes. Igor is off for the night."
3435,1,4,46,51,1.1176470588235294,0.05348306547837592,522,"Will you be dining alone again this evening, Doctor, or do you think you might get lucky with the gentleman on the table?"
3435,1,4,46,51,1.1176470588235294,0.05348306547837592,522,You bzzzzzssssstzzzzed?
3435,0,6,45,51,1.1176470588235294,0.04556450995538139,522,A Miss Mary Shelley is here to see you Sir.
3435,1,4,46,51,1.1176470588235294,0.05348306547837592,522,"Doctor, we have twelve for dinner so I need you to return the rump roast."
3435,0,6,45,51,1.1176470588235294,0.04556450995538139,522,"Your homework comes first, young master."
3503,1,4,47,52,1.1153846153846154,0.05249323847751087,522,Shall I polish your ball sir?
3503,0,6,46,52,1.1153846153846154,0.044736922925984586,522,Dinner for one again tonight?
3503,1,4,47,52,1.1153846153846154,0.05249323847751087,522,"Sir, the electrician will make his presence next Tuesday between the hours of one and four."
3503,0,6,46,52,1.1153846153846154,0.044736922925984586,522,"Master, Igor asked whether you'd like him to call for take out?"
3503,0,6,46,52,1.1153846153846154,0.044736922925984586,522,"It's Mr. Jones from the bank. You're late on the loan, and he'd like his spine back."
3503,1,4,47,52,1.1153846153846154,0.05249323847751087,522,Was that sunny side up Sir?
3503,0,6,46,52,1.1153846153846154,0.044736922925984586,522,"If your name is Dr. Frankenstein sir, shouldn't he have a different name? I may be confusing for generations."
3503,0,6,46,52,1.1153846153846154,0.044736922925984586,522,Shall I turn the torch-bearers away or invite them in?
3503,1,4,47,52,1.1153846153846154,0.05249323847751087,522,"Will you be having dinner, Sir?"
3503,1,4,47,52,1.1153846153846154,0.05249323847751087,522,"Sir, may I inquire, should we also set dinner for the guest?"
3503,0,6,46,52,1.1153846153846154,0.044736922925984586,522,"Dang it, Igor, stay out of the TARDIS!"
3503,0,6,46,52,1.1153846153846154,0.044736922925984586,522,"Excuse me, sir. Mr. Igor called and sends his regrets that he cannot come to work tonight due to the impending electrical storm."
3503,1,4,47,52,1.1153846153846154,0.05249323847751087,522,I'm afraid that Frankenstein's monster is already taken. May I suggest Mr. Tag-along?
3503,2,2,48,52,1.1153846153846154,0.059242618939646566,522,"Sir, there's an 'Abby Normal' at the door to see you."
3503,0,6,46,52,1.1153846153846154,0.044736922925984586,522,"Shall I arrange an additional setting for dinner, sir?"
3503,1,4,47,52,1.1153846153846154,0.05249323847751087,522,"But son, is he comprised of more Republicans or Democrats?"
3503,2,2,48,52,1.1153846153846154,0.059242618939646566,522,It's big enough for eight people and doesn't involve elephant poop.
3503,0,6,46,52,1.1153846153846154,0.044736922925984586,522,"Sautéed cerveaux tonight, sir?"
3503,1,4,47,52,1.1153846153846154,0.05249323847751087,522,I am pleased to report that the staff indeed has been able to procure eel for dinner.
3503,2,2,48,52,1.1153846153846154,0.059242618939646566,522,"Sir, a gentleman is here about movie rights."
3523,2,7,87,96,1.1145833333333333,0.03881408584823192,522,"I'm so sorry but Igor couldn't make it. My name is Bond, James Bond."
3524,0,5,39,44,1.1136363636363635,0.048398332783092544,522,Frankenstein 2.0
3524,1,3,40,44,1.1136363636363635,0.05830506897872825,522,Your electric bill is going to be exorbitant.
3524,0,5,39,44,1.1136363636363635,0.048398332783092544,522,Maybe next time you clarify his name.
3527,1,4,48,53,1.1132075471698113,0.051539276936327136,522,"It appears, sir, that you neglected to pay your carbon tax."
3527,0,6,47,53,1.1132075471698113,0.043938680706010445,522,I'm most grateful for the corrective back surgery.
3527,1,4,48,53,1.1132075471698113,0.051539276936327136,522,"Will you have beans with Frank tonight, Sir?, And a Stein, as usual?"
3527,0,6,47,53,1.1132075471698113,0.043938680706010445,522,"This cameo appearance outside of my own films is, shall we say, a token of my appreciation for your being a source of inspiration?"
3531,1,7,72,80,1.1125,0.03975299526968241,522,Igor requests your presence for his dinner surprise.
3531,2,5,73,80,1.1125,0.04355176608490089,522,Using my tray to reinforce the top of the creature's skull was the last straw...I'm out of here!
3533,2,2,50,54,1.1111111111111112,0.05710624097222739,522,Sir. Your bolt is ready!
3533,0,6,48,54,1.1111111111111112,0.043168260549211725,522,My apologies sir for the brain being a bit off.
3533,1,4,49,54,1.1111111111111112,0.050619272401046675,522,I'm tired of being a Butler for Batman. Can you hire me.
3533,0,6,48,54,1.1111111111111112,0.043168260549211725,522,"Will it be two for tea, Sir?"
3533,0,2,16,18,1.1111111111111112,0.07622159339667062,522,"Sir, the electrician has arrived."
3533,1,3,41,45,1.1111111111111112,0.057050590894718936,522,"""Frankenfood for dinner I presume""."
3533,1,3,41,45,1.1111111111111112,0.057050590894718936,522,"Sir, are we serving him for dinner tonight?"
3533,2,1,42,45,1.1111111111111112,0.06530597929391763,522,"Sir, your tea is ready."
3533,0,5,40,45,1.1111111111111112,0.047377936967913425,522,Someone from the GOP. They are wondering wether you'd like to chair the Convention.
3533,0,6,48,54,1.1111111111111112,0.043168260549211725,522,"A sherry sir, after a long day?"
3533,0,6,48,54,1.1111111111111112,0.043168260549211725,522,"I'm sorty, sir, but there's not an app for that."
3533,1,4,49,54,1.1111111111111112,0.050619272401046675,522,"Sir, might I suggest a teaspoon of sugar to avoid repeating the last experiment's unhappiness?"
3533,1,3,41,45,1.1111111111111112,0.057050590894718936,522,I'm sure the agency will find a better match for your unique requirements.
3533,0,6,48,54,1.1111111111111112,0.043168260549211725,522,Will there be an extra guest for dinner?
3533,1,4,49,54,1.1111111111111112,0.050619272401046675,522,"It is your choice, sire...partake of the feast or persist with the beast."
3533,0,6,48,54,1.1111111111111112,0.043168260549211725,522,"Master Colin, will your chemistry tutor be alive for dinner, or will your relationship be dissolved by then?"
3533,2,2,50,54,1.1111111111111112,0.05710624097222739,522,"Hurry, next year is an election year"
3550,3,2,68,73,1.1095890410958904,0.04996819321515819,522,Hey it's Enrico Palazzo
3551,1,5,58,64,1.109375,0.045191323330536354,522,"Will you be dining in tonight, sir?"
3552,0,6,49,55,1.1090909090909091,0.04242424242424242,522,The bad news is that your parents called; they're cutting off your trust fund. The good news is that there's a guy down the street who dresses up as a bat who's looking for help.
3553,0,5,41,46,1.108695652173913,0.04639945099589022,522,"I just thought you would like to know, Sir, that enough PBS pledges have now been pledged to underwrite your series on, ""Masterpiece Mystery."""
3553,0,5,41,46,1.108695652173913,0.04639945099589022,522,"It's the Girl Scouts again, Sir...Shall we order the Thin Mints this year, or would you prefer the Snickerdoodles?"
3553,0,5,41,46,1.108695652173913,0.04639945099589022,522,"Doctor, an electrical storm is approaching."
3553,1,3,42,46,1.108695652173913,0.05584883729854405,522,Do you have a second for some feedback?
3553,0,5,41,46,1.108695652173913,0.04639945099589022,522,"Mrs. F. wishes to know how it's going, Sir."
3553,0,5,41,46,1.108695652173913,0.04639945099589022,522,"Lest I take the credit, Sir, you should give It a name."
3553,0,5,41,46,1.108695652173913,0.04639945099589022,522,Sir the natives are in fact getting restless.
3553,1,3,42,46,1.108695652173913,0.05584883729854405,522,Downton Frankenstein
3553,1,3,42,46,1.108695652173913,0.05584883729854405,522,It's the RNC again. So can you make the Spanish thing happen?
3553,0,5,41,46,1.108695652173913,0.04639945099589022,522,"My name is Jeeves, not Igor. What's your question?"
3563,0,7,58,65,1.1076923076923078,0.038748926306942086,522,"Oh, yes Doctor, I realize the position is stressful. I can't imagine it will take a noticeable toll on me."
3564,1,4,51,56,1.1071428571428572,0.04887415212385381,522,"The carrier is inquiring about your desire for standard, express, or next day by 10am."
3564,0,6,50,56,1.1071428571428572,0.0417053005800816,522,"You electrocuted, sir?"
3564,0,6,50,56,1.1071428571428572,0.0417053005800816,522,"Sir, are the brains for your dinner or for the monster?"
3564,1,4,51,56,1.1071428571428572,0.04887415212385381,522,This work will change you Igor...
3568,0,5,42,47,1.1063829787234043,0.04546036031565445,522,Who else did you expect to see summoned?
3568,1,3,43,47,1.1063829787234043,0.05469656058869374,522,I've decided to give him a name that everyone can relate to - just like hot dogs and beer.
3568,1,3,43,47,1.1063829787234043,0.05469656058869374,522,"Please follow me to the parlor, where I've taken the liberty of creating a monster margarita."
3568,0,5,42,47,1.1063829787234043,0.04546036031565445,522,"Sir, we could face criminal charges for living off the grid."
3568,1,3,43,47,1.1063829787234043,0.05469656058869374,522,I'm told I'm to be of service to a Mr. Frankenstein -- I take it that's him there on the table?
3568,0,5,42,47,1.1063829787234043,0.04546036031565445,522,"The V.C.s have arrived, sir."
3568,1,3,43,47,1.1063829787234043,0.05469656058869374,522,"Until Victor hired Jeeves, no one took his work seriously."
3568,0,5,42,47,1.1063829787234043,0.04546036031565445,522,I'm version 2.0
3568,1,3,43,47,1.1063829787234043,0.05469656058869374,522,"The patient will see you now, sir."
3568,1,3,43,47,1.1063829787234043,0.05469656058869374,522,Wouldn't it be easier to just wait in line at the DMV?
3568,0,5,42,47,1.1063829787234043,0.04546036031565445,522,Marco Rubio is here to see you.
3568,0,5,42,47,1.1063829787234043,0.04546036031565445,522,Mrs. Dracula to see you.
3568,0,5,42,47,1.1063829787234043,0.04546036031565445,522,"Is Ghoulash satisfactory for supper, sir?"
3568,0,5,42,47,1.1063829787234043,0.04546036031565445,522,So that's where my left hand went!
3568,0,5,42,47,1.1063829787234043,0.04546036031565445,522,"Is there anything else you need sir? Yes, Nigel, we're going to start the torture process so have him start watching some baseball."
3568,0,5,42,47,1.1063829787234043,0.04546036031565445,522,"May I bring any wine, sir? Or corpse parts?"
3568,0,5,42,47,1.1063829787234043,0.04546036031565445,522,"I'm sorry sir, but it seems that we are all out of Geritol."
3568,0,5,42,47,1.1063829787234043,0.04546036031565445,522,"Yes, sir, he promises to be a beauty."
3568,0,5,42,47,1.1063829787234043,0.04546036031565445,522,"Sir, your son is really growing up fast!"
3568,0,5,42,47,1.1063829787234043,0.04546036031565445,522,Shall I tell the neighbors with the torches and pitchforks that they are welcome next week when you've finished?
3568,1,3,43,47,1.1063829787234043,0.05469656058869374,522,"Doctor, there is a woman at the door asking for a man named Frank."
3568,0,5,42,47,1.1063829787234043,0.04546036031565445,522,Tell the new guy go make your sandwich.
3568,0,5,42,47,1.1063829787234043,0.04546036031565445,522,"Might one ask sir, when will the new groom be available for duty?"
3568,0,5,42,47,1.1063829787234043,0.04546036031565445,522,"Permit me to say, sir, that your selfish endeavors are keeping us all from being the next PBS series."
3568,0,5,42,47,1.1063829787234043,0.04546036031565445,522,You're a man. You don't have to give birth to a monster. Your wife would be happy to do it.
3568,0,5,42,47,1.1063829787234043,0.04546036031565445,522,Mary Shelly did not put you here.
3568,0,5,42,47,1.1063829787234043,0.04546036031565445,522,Chef regrets to advise he's out of sweetbread tartare
3568,1,3,43,47,1.1063829787234043,0.05469656058869374,522,"You don't have to replace me, I was just asking about Uber."
3596,1,2,35,38,1.105263157894737,0.06299172069839128,522,"excuse me, sir, but chef can't find the brains he was planning to cook for dinner..."
3597,0,5,43,48,1.1041666666666667,0.044558346215878446,522,"Pardon me sir, but if this works will I be replaced by him?"
3597,1,3,44,48,1.1041666666666667,0.053590773834580184,522,"Might I suggest an extra jigger of brandy, sir? That's sure to bring him around."
3597,0,5,43,48,1.1041666666666667,0.044558346215878446,522,"Will you be needing anything else, Sir?"
3597,0,5,43,48,1.1041666666666667,0.044558346215878446,522,I'm afraid I've turned the silverware-polishing project into an uncontrollable monster.
3597,0,5,43,48,1.1041666666666667,0.044558346215878446,522,"Sir, shall I serve dinner on the roof tonight?"
3597,0,5,43,48,1.1041666666666667,0.044558346215878446,522,Would you like your tea here or in the parlor?
3597,0,5,43,48,1.1041666666666667,0.044558346215878446,522,Your crowd funding mob has arrived herr doktor.
3597,0,5,43,48,1.1041666666666667,0.044558346215878446,522,"Sir, would you care for fava beans with your liver tonight?"
3597,0,5,43,48,1.1041666666666667,0.044558346215878446,522,"Sir, we can't proceed; the inclement weather has rendered the solar panels powerless."
3597,1,3,44,48,1.1041666666666667,0.053590773834580184,522,"""It's"" not alive anymore, may I have another Viagra, sir?"
3597,0,5,43,48,1.1041666666666667,0.044558346215878446,522,Which family member will he be having for dinner?
3597,0,5,43,48,1.1041666666666667,0.044558346215878446,522,Hey! Where's Igor?
3597,0,5,43,48,1.1041666666666667,0.044558346215878446,522,The hedge fund has given us an extension!
3597,0,5,43,48,1.1041666666666667,0.044558346215878446,522,"Sire, may I suggest aspirin and water instead?"
3597,0,5,43,48,1.1041666666666667,0.044558346215878446,522,Will it be white tie tonight?
3597,1,3,44,48,1.1041666666666667,0.053590773834580184,522,"Sir,, you new brain has arrived. Where shall I place it?"
3597,1,3,44,48,1.1041666666666667,0.053590773834580184,522,"Sir, you left your spare body parts in the dinning area again. A guest mistook a finger for an hors d'oeuvre."
3597,1,3,44,48,1.1041666666666667,0.053590773834580184,522,"Will the elephant in the room also be taking tea, sir?"
3597,0,5,43,48,1.1041666666666667,0.044558346215878446,522,will you be having guests for dinner tonight?
3597,0,5,43,48,1.1041666666666667,0.044558346215878446,522,Was that a regular or a soy latte you wanted?
3597,1,3,44,48,1.1041666666666667,0.053590773834580184,522,I'm afraid Igor has done something with the sweetbreads. Would Sir prefer the foie gras instead?
3597,0,5,43,48,1.1041666666666667,0.044558346215878446,522,The researchers who cloned dolly the sheep have arrived. Shall I seat them in the formal dining room?
3597,1,3,44,48,1.1041666666666667,0.053590773834580184,522,"Igor's brain is ready, doctor."
3597,1,3,44,48,1.1041666666666667,0.053590773834580184,522,Good evening Sir. Mr. Igor wishes to tell you that he received an unexpected inheritance and hired me as his ironic replacement.
3597,0,5,43,48,1.1041666666666667,0.044558346215878446,522,"-dinner is being served master, only vegetables today since someone stole all the meat in the cabinet"
3597,1,3,44,48,1.1041666666666667,0.053590773834580184,522,"Doctor, have you see my red Swingline?"
3597,0,5,43,48,1.1041666666666667,0.044558346215878446,522,"The breakfast beverage you were inquiring about, sir: it's Five Alive."
3597,1,3,44,48,1.1041666666666667,0.053590773834580184,522,It is time to reanimate Donald Drumpf!
3597,0,5,43,48,1.1041666666666667,0.044558346215878446,522,The Karloff family is here wondering if you have any spare parts.
3597,0,5,43,48,1.1041666666666667,0.044558346215878446,522,Will Frank be staying for dinner?
3597,0,5,43,48,1.1041666666666667,0.044558346215878446,522,He ain't heavy he's my brother!
3597,0,5,43,48,1.1041666666666667,0.044558346215878446,522,Will your guest be joining you for dinner this evening ?
3597,0,5,43,48,1.1041666666666667,0.044558346215878446,522,"Sir, when did you first realize that a butler would be better choice?"
3597,0,5,43,48,1.1041666666666667,0.044558346215878446,522,""" The downstairs staff would like a word, Sir""."
3597,0,5,43,48,1.1041666666666667,0.044558346215878446,522,His mother called. She wants to know what time he will be home for dinner.
3597,0,5,43,48,1.1041666666666667,0.044558346215878446,522,"Permission to speak freely, Doctor?"
3597,0,5,43,48,1.1041666666666667,0.044558346215878446,522,"Mr. Trump here to see you, sir."
3597,0,5,43,48,1.1041666666666667,0.044558346215878446,522,Does Frankenstein prefer brain milk or soy milk with his cappuccino?
3597,1,3,44,48,1.1041666666666667,0.053590773834580184,522,"Sir, Mrs. Trump is on the phone. She's wondering if you've seen her husband around somewhere."
3597,0,5,43,48,1.1041666666666667,0.044558346215878446,522,Another failure Dr.... You can't make a monster out of tofu...
3597,1,3,44,48,1.1041666666666667,0.053590773834580184,522,"Sir, Trump just called! He wants F to be his running mate."
3597,0,5,43,48,1.1041666666666667,0.044558346215878446,522,I'm trying a gluten free version this time
3597,1,3,44,48,1.1041666666666667,0.053590773834580184,522,I'd give him a name the villagers can relate to - something like wieners and beer.
3597,0,5,43,48,1.1041666666666667,0.044558346215878446,522,I'd like to make him a little less monster-y this time.
3597,1,3,44,48,1.1041666666666667,0.053590773834580184,522,Have I missed anything Sir?
3597,2,1,45,48,1.1041666666666667,0.06130657275434796,522,"Dr. Frankenstein, your table is ready!"
3597,0,5,43,48,1.1041666666666667,0.044558346215878446,522,"Klinsmann called, sir. Wants to know if you can make the arms longer."
3597,0,5,43,48,1.1041666666666667,0.044558346215878446,522,Might I suggest finger food for this evening's meal?
3597,0,5,43,48,1.1041666666666667,0.044558346215878446,522,Welcome to Mar-a-Lago.
3597,0,5,43,48,1.1041666666666667,0.044558346215878446,522,I have prepared leftovers casserole.
3597,0,5,43,48,1.1041666666666667,0.044558346215878446,522,"Sleepwalking again, Master Bruce?"
3597,1,3,44,48,1.1041666666666667,0.053590773834580184,522,Master Trump will wish to be awakened regarding the unfortunate matter of my Facebook posts.
3597,1,3,44,48,1.1041666666666667,0.053590773834580184,522,A used spleen has arrived.
3597,0,5,43,48,1.1041666666666667,0.044558346215878446,522,Excuse me Sir. Will Mr. Stein be joining us for dinner?
3597,1,3,44,48,1.1041666666666667,0.053590773834580184,522,"I was sent by the agency, sir. I was given to understand that you required a varlet."
3652,1,4,53,58,1.103448275862069,0.04724506633555822,522,"Should I turn my power on now, sir?"
3653,0,4,35,39,1.1025641025641026,0.04921614717627658,522,Will your guest object to tonight's menu having Frankenfoods?
3653,0,4,35,39,1.1025641025641026,0.04921614717627658,522,Shall I brew some coffee for when he wakes up?
3655,1,3,45,49,1.1020408163265305,0.05252872520911736,522,"Dr. Frankenstein, I have the liability agreements prepared and ready for signatures."
3655,0,5,44,49,1.1020408163265305,0.0436912672743712,522,"Pizza with extra kidneys and liver? Yes, Doctor."
3655,0,5,44,49,1.1020408163265305,0.0436912672743712,522,"How many for tea, sir?"
3655,0,5,44,49,1.1020408163265305,0.0436912672743712,522,His mother's on the line. She wants to know if he's had a b.m. today.
3655,0,5,44,49,1.1020408163265305,0.0436912672743712,522,I never truly identified as a maniac grave robber. sir. My true fictional self is pure P. G. Wodehouse.
3655,0,5,44,49,1.1020408163265305,0.0436912672743712,522,"The forecast says 'sunny', sir."
3655,0,5,44,49,1.1020408163265305,0.0436912672743712,522,"I fear you're monstrously late for dinner, sir."
3655,0,5,44,49,1.1020408163265305,0.0436912672743712,522,"How perceptive, sir. No, it is not a coincidence that I look like Mel Brooks."
3655,0,5,44,49,1.1020408163265305,0.0436912672743712,522,They have predicted blue skies for the next 6 years.
3655,0,5,44,49,1.1020408163265305,0.0436912672743712,522,"Sir, the pizza has arrived."
3655,0,5,44,49,1.1020408163265305,0.0436912672743712,522,What party do you want to run him for?
3655,0,5,44,49,1.1020408163265305,0.0436912672743712,522,The neighbor is asking if you have an extra brain.
3655,1,3,45,49,1.1020408163265305,0.05252872520911736,522,Most folks book our Airbnb for the views.
3655,1,3,45,49,1.1020408163265305,0.05252872520911736,522,Does Sir have any money for the meter?
3655,0,5,44,49,1.1020408163265305,0.0436912672743712,522,"You don't suppose it was the truffles, do you Sir."
3655,1,3,45,49,1.1020408163265305,0.05252872520911736,522,Will their be a guest for Dinner.....sir ?
3655,1,3,45,49,1.1020408163265305,0.05252872520911736,522,I've called the police you creep
3655,0,5,44,49,1.1020408163265305,0.0436912672743712,522,"Sir, the villagers are having a protest meeting tonight . . . something about a monster on the loose. May I have the evening off?"
3655,0,5,44,49,1.1020408163265305,0.0436912672743712,522,He wants cash and points before he gets up
3655,0,5,44,49,1.1020408163265305,0.0436912672743712,522,"Sir, shall I say that we'll be serving only one for tea today?"
3655,0,5,44,49,1.1020408163265305,0.0436912672743712,522,"Smells great, but I think there's already a Frank Incense on the market."
3655,0,5,44,49,1.1020408163265305,0.0436912672743712,522,"At this rate, Jon Snow will beat us to it."
3655,0,5,44,49,1.1020408163265305,0.0436912672743712,522,"Sir, the villagers request and audience."
3655,0,5,44,49,1.1020408163265305,0.0436912672743712,522,"Shall I fetch a second brain just in case, sir?"
3655,0,5,44,49,1.1020408163265305,0.0436912672743712,522,"Pardon, Sir. Your friends called to ask you to join them for video games."
3655,2,1,46,49,1.1020408163265305,0.06008000589338672,522,Sir. It's your mother. She's calling on the Skype.
3655,1,3,45,49,1.1020408163265305,0.05252872520911736,522,"Seriously, Tea?"
3655,1,3,45,49,1.1020408163265305,0.05252872520911736,522,"Igor go out now, master -- Igor have date!"
3655,1,3,45,49,1.1020408163265305,0.05252872520911736,522,"WILL THERE BE ANYTING ELSE, MASTER!"
3655,0,5,44,49,1.1020408163265305,0.0436912672743712,522,"Sir, might I suggest the elixir could benefit from a tad of bat liver?"
3655,1,3,45,49,1.1020408163265305,0.05252872520911736,522,"He's waiting, sir."
3655,1,3,45,49,1.1020408163265305,0.05252872520911736,522,"It's not my place to say Mr. Cruz sir, but I just have to ask - is this is the right path to political resurrection?"
3655,0,5,44,49,1.1020408163265305,0.0436912672743712,522,"Your tofu du jour is ready, sir, plus a liver for monsieur"
3655,1,3,45,49,1.1020408163265305,0.05252872520911736,522,"Sir, good time to tell him we are out of bread."
3655,0,5,44,49,1.1020408163265305,0.0436912672743712,522,"I dare say my cocktails are stiff enough already, sir."
3655,1,3,45,49,1.1020408163265305,0.05252872520911736,522,"I had to let Igor go sir, he was how should I put it......unbalanced."
3655,1,3,45,49,1.1020408163265305,0.05252872520911736,522,May I suggest lunch for just one today?
3655,0,5,44,49,1.1020408163265305,0.0436912672743712,522,"Master, the Wolf Man has arrived early."
3655,1,3,45,49,1.1020408163265305,0.05252872520911736,522,"A gentleman from the Trump campaign is here to see you, sir."
3655,1,3,45,49,1.1020408163265305,0.05252872520911736,522,A telephone survey wants to know if the monster has a favorable or unfavorable opinion of Donald Trump.
3655,0,5,44,49,1.1020408163265305,0.0436912672743712,522,"Cook has quit, sir. One blown fuse too far."
3655,1,3,45,49,1.1020408163265305,0.05252872520911736,522,"Will there be anything else, sir?"
3655,1,3,45,49,1.1020408163265305,0.05252872520911736,522,He's dead!!!!
3655,0,5,44,49,1.1020408163265305,0.0436912672743712,522,"Sir, Penny Dreadful is about to commence."
3655,1,3,45,49,1.1020408163265305,0.05252872520911736,522,"Will you be needing sugar and lemon with that, m'lord?"
3655,1,3,45,49,1.1020408163265305,0.05252872520911736,522,"Sir, your daemon requested a dirt martini."
3655,1,3,45,49,1.1020408163265305,0.05252872520911736,522,"Screw this, you're nuts. I'm gonna bolt."
3655,1,3,45,49,1.1020408163265305,0.05252872520911736,522,``I'm leaving.''
3655,0,5,44,49,1.1020408163265305,0.0436912672743712,522,"Champagne with two glasses, right away sir."
3655,0,5,44,49,1.1020408163265305,0.0436912672743712,522,Perhaps some brain food this time?
3655,0,5,44,49,1.1020408163265305,0.0436912672743712,522,"""I'm Igor butler""."
3655,1,3,45,49,1.1020408163265305,0.05252872520911736,522,Can the Count count on you and Frank for dinner?
3655,1,3,45,49,1.1020408163265305,0.05252872520911736,522,"Yes Sir, No Sir, 3 freshly pillaged graves full Sir"
3655,0,5,44,49,1.1020408163265305,0.0436912672743712,522,Your mother and father want you and your brother to come to dinner and quit experimenting with your new chemistry set !
3655,0,5,44,49,1.1020408163265305,0.0436912672743712,522,"My inseam, sir? I dare say I quit."
3655,0,5,44,49,1.1020408163265305,0.0436912672743712,522,Having a friend for dinner can be so very special.
3655,0,5,44,49,1.1020408163265305,0.0436912672743712,522,"I am the SON of Igor. And you, sir?"
3712,0,6,53,59,1.1016949152542372,0.03968693424047915,522,Might I whip up a nice liver for your experiment
3713,0,8,71,79,1.1012658227848102,0.034158577388959076,522,"No, m'Lord, I'm not easily shocked since the last Abbey I worked for."
3714,0,5,45,50,1.1,0.04285714285714286,522,will the 'creature' be dining with you and igor tonight?????
3714,2,1,47,50,1.1,0.05890150893739515,522,"Over my right shoulder, Sir. It can't be what I think it is."
3714,1,3,46,50,1.1,0.05150787536377128,522,I recommend the claret with this particular creation.
3714,1,3,46,50,1.1,0.05150787536377128,522,Will Mr Frankenstein be having red or white tonight?
3714,1,3,46,50,1.1,0.05150787536377128,522,Workplace safety is here for an unannounced inspection.
3714,0,5,45,50,1.1,0.04285714285714286,522,Will he be a guest for tea Sir?
3714,0,5,45,50,1.1,0.04285714285714286,522,"Will there be one more for dinner tonight, Sir?"
3714,1,3,46,50,1.1,0.05150787536377128,522,"Mr. T's position, o.k., brilliant, fabulous name - GOP - make him very big like me, HUGE all over everywhere. Raise him from the dead, we'll make a deal or you're fired. Don't forget the hair."
3714,0,5,45,50,1.1,0.04285714285714286,522,Igor is off this evening. May I serve you a spleen? Perhaps a kidney?
3714,0,5,45,50,1.1,0.04285714285714286,522,"Sir, before you explore a new way and unknown powers, might I remind you that dinner is served?"
3714,1,3,46,50,1.1,0.05150787536377128,522,Good news sir! Mrs Yorick withdrew her lawsuit.
3714,0,4,36,40,1.1,0.04803844614152615,522,The Scoliosis surgery was a complete success!
3714,0,5,45,50,1.1,0.04285714285714286,522,"Sir, dinner is served."
3714,1,3,46,50,1.1,0.05150787536377128,522,"Doctor, that rumour that Planned Parenthood could be a procurement source is erroneous."
3714,0,5,45,50,1.1,0.04285714285714286,522,"Your mother would like some more help with the party setup, sir."
3714,1,3,46,50,1.1,0.05150787536377128,522,Shall I tell Bill Cosby that his services are no longer needed?
3714,1,3,46,50,1.1,0.05150787536377128,522,"This is an improvement, Sir, but I was hoping for something more like what you gave George Clooney."
3714,1,2,37,40,1.1,0.05991446895152781,522,"''Sir, will your monster replace me?'' '' No of course not, he will eat you.''"
3714,0,5,45,50,1.1,0.04285714285714286,522,"Sir, bring your dark and stormy, dinner is served."
3714,0,5,45,50,1.1,0.04285714285714286,522,The secret was to crowd-source him.
3734,0,6,55,61,1.098360655737705,0.038446030818224834,522,Would you like it shaken or stirred?
3735,1,3,47,51,1.0980392156862746,0.050525877359706366,522,"Yes Jeeves, I am being frank! I'd like my beer served in a stein glass!"
3735,1,3,47,51,1.0980392156862746,0.050525877359706366,522,Will Sir be requiring the slaughter-house tonight?
3735,1,3,47,51,1.0980392156862746,0.050525877359706366,522,Uber has just launched an app for this.
3735,0,5,46,51,1.0980392156862746,0.042054138410837674,522,Your mother is on the phone.
3735,1,3,47,51,1.0980392156862746,0.050525877359706366,522,"Yes sir, I checked his healthcare coverage. He has Obamacare but I'm afraid it doesn't cover time travel."
3735,1,3,47,51,1.0980392156862746,0.050525877359706366,522,"Pardon me sir, There is a gentleman in the foyer from the E.P.A. who wishes to speak to you about environmental impact."
3735,1,3,47,51,1.0980392156862746,0.050525877359706366,522,"Be franc Einstein, what are you doing?"
3735,1,3,47,51,1.0980392156862746,0.050525877359706366,522,Still no word from the Second Circuit on the GMO labeling requirements.
3735,1,3,47,51,1.0980392156862746,0.050525877359706366,522,"Honestly sir, I haven't called you ""Master"" since you were 11."
3735,1,3,47,51,1.0980392156862746,0.050525877359706366,522,"It may be judged indecent of me to come forward on this occasion; but when I see a fellow-creature about to perish for the amusement of his pretended friends, I wish to be allowed to speak."
3735,1,3,47,51,1.0980392156862746,0.050525877359706366,522,I'm afraid SAG rules prohibit human sacrifice.
3735,2,1,48,51,1.0980392156862746,0.05776831318688719,522,"You know, people have found less literal to 'reinvent themselves'"
3735,2,1,48,51,1.0980392156862746,0.05776831318688719,522,Madam is waiting for you both..............
3748,2,1,49,52,1.0961538461538463,0.056677858343508136,522,hey bro
3748,1,3,48,52,1.0961538461538463,0.049580558825364524,522,"Several angry pitchfork enthusiasts to see you, sir."
3750,0,4,38,42,1.0952380952380953,0.045843796413450766,522,"Is there anyone else I can do for you, Doctor?"
3750,0,6,57,63,1.0952380952380953,0.03728006482184823,522,"I'm sorry sir.....the ICD-9 code for ""creation of a modern Prometheus"" has been discontinued in ICD-10."
3750,0,4,38,42,1.0952380952380953,0.045843796413450766,522,This is Trump's new VP?
3753,0,5,48,53,1.0943396226415094,0.04053480419091131,522,There are some people at the door for you sir.
3753,0,5,48,53,1.0943396226415094,0.04053480419091131,522,Dracula was a total pushover without his cape.
3753,1,3,49,53,1.0943396226415094,0.04866990605836638,522,My name is Jeeves. The temp agency was out of monsters.
3753,1,3,49,53,1.0943396226415094,0.04866990605836638,522,He's quite a creature sir.
3753,1,3,49,53,1.0943396226415094,0.04866990605836638,522,You know your monster is a monster and well monsters are kind of bad news you know.
3753,0,5,48,53,1.0943396226415094,0.04053480419091131,522,"It's Mary. Apparently she believes in the ""Pop In."""
3759,0,4,39,43,1.0930232558139534,0.04481972612369448,522,You can finish your homework later go to sleep.
3759,0,4,39,43,1.0930232558139534,0.04481972612369448,522,Chef Martin regrets to inform you that he is unable to prepare haggis for supper tonight.
3759,0,4,39,43,1.0930232558139534,0.04481972612369448,522,"Sir, the candidates are here for the surgical residency position. Shall I show them in?"
3759,0,4,39,43,1.0930232558139534,0.04481972612369448,522,"Sire, they're still calling your monster by your surname, Frankenstein."
3759,0,4,39,43,1.0930232558139534,0.04481972612369448,522,"I beg your pardon, Sir, but I should like my room back."
3759,0,4,39,43,1.0930232558139534,0.04481972612369448,522,Jeeves promised himself no more dungeons after his stint as Mr. Wayne's butler.
3759,1,2,40,43,1.0930232558139534,0.055823181223160837,522,Hurry! We need him ready by July 18 to sink Trump!
3766,1,3,50,54,1.0925925925925926,0.04779204982962338,522,"Sir, we need to be very frank about this."
3766,0,5,49,54,1.0925925925925926,0.03981542423923758,522,"The Agency sent me, Sir. Apparently Mr. Igor has joined the circus."
3768,1,5,70,76,1.0921052631578947,0.03828623305753544,522,I would have preferred the golden parachute!
3769,0,4,40,44,1.0909090909090908,0.04384025656094653,522,"Sir, for dinner, would franks cooked on the electric skillet be okay?"
3769,1,2,41,44,1.0909090909090908,0.054580679253385125,522,Brewing your monster mash again I see.
3769,0,4,40,44,1.0909090909090908,0.04384025656094653,522,Our work must remain secret lest the anti-GMO lobby should find out.
3769,2,0,42,44,1.0909090909090908,0.06353056744742798,522,"I have prepared your next victim, Sir."
3769,0,4,40,44,1.0909090909090908,0.04384025656094653,522,"Dr. Frankenstein's first creation came back for revenge, served politely."
3769,1,2,41,44,1.0909090909090908,0.054580679253385125,522,You're fired.
3769,0,4,40,44,1.0909090909090908,0.04384025656094653,522,"The angry villagers are waiting, Sir."
3769,0,4,40,44,1.0909090909090908,0.04384025656094653,522,"O? no , do'nt talk to me about chemistry ; The proof is in the pudding..."
3769,0,4,40,44,1.0909090909090908,0.04384025656094653,522,Mrs. Frankenstein keeps asking if you're tied up this evening.
3769,1,2,41,44,1.0909090909090908,0.054580679253385125,522,Old Dr. Frankenstein would like to know whether you have completed your science fair project yet.
3769,1,2,41,44,1.0909090909090908,0.054580679253385125,522,"Not to interfere Sir, but might I suggest something along the lines of, say, a distractingly rambunctious combover for your presidential candidate?"
3769,1,2,41,44,1.0909090909090908,0.054580679253385125,522,Did you say meth sir?
3769,0,4,40,44,1.0909090909090908,0.04384025656094653,522,Beg pardon Master Stein your science tutor is waiting for you in the library.
3769,0,4,40,44,1.0909090909090908,0.04384025656094653,522,"Will the large gentleman be joining you for tea today, sir?"
3769,0,4,40,44,1.0909090909090908,0.04384025656094653,522,"It's the Town occupational license people, and they have some questions."
3769,1,2,41,44,1.0909090909090908,0.054580679253385125,522,"Excuse me, Sir...Madam wants her glassware back."
3769,0,4,40,44,1.0909090909090908,0.04384025656094653,522,"Begging your pardon, sir, but did you lose track of the time? The guests for your Monster Mash party are starting to arrive."
3769,0,4,40,44,1.0909090909090908,0.04384025656094653,522,"As the new butler here at Downton Abbey, I need you to tell me, without equivocation, the nature of your duties on this floor."
3787,0,5,51,56,1.0892857142857142,0.038450387280282515,522,"No sir, the patient is dead. Twitter is not coming back."
3788,0,4,41,45,1.0888888888888888,0.042902546629485463,522,I will be filling in as your henchman while Igor is out getting his spine straightened.
3788,0,4,41,45,1.0888888888888888,0.042902546629485463,522,"Sir, oddly Mr. Trump phoned and is heartless. He has requested that of another monster."""
3788,0,4,41,45,1.0888888888888888,0.042902546629485463,522,"Herr, Doktur, it is time for the monster to be turned over for his afternoon pee."
3788,1,2,42,45,1.0888888888888888,0.05339222337940409,522,"Excuse me Dr. Emerson, but Mr. Lake and Mr. Palmer are here to assist."
3788,0,4,41,45,1.0888888888888888,0.042902546629485463,522,Sorry to interupt
3788,0,4,41,45,1.0888888888888888,0.042902546629485463,522,Dinner for 1 or 2 Dr. ?
3788,0,4,41,45,1.0888888888888888,0.042902546629485463,522,"You'd best hurry, Dr. Trump, the villagers are coming."
3788,1,2,42,45,1.0888888888888888,0.05339222337940409,522,"Pardon me sir, but the brain is being served"
3788,0,4,41,45,1.0888888888888888,0.042902546629485463,522,"Master,you're playdate has arrived."
3788,0,4,41,45,1.0888888888888888,0.042902546629485463,522,"Unfortunately, the mob is preoccupied with social media."
3788,0,4,41,45,1.0888888888888888,0.042902546629485463,522,"Sir, the Wolfman is here for his neutering."
3788,0,4,41,45,1.0888888888888888,0.042902546629485463,522,There appears to be a mob at the door doctor.
3788,0,4,41,45,1.0888888888888888,0.042902546629485463,522,We have a good model for the next President of the United States!
3788,0,4,41,45,1.0888888888888888,0.042902546629485463,522,"Actually, it's ""Frankenstein's Monster's Butler."""
3788,0,4,41,45,1.0888888888888888,0.042902546629485463,522,When is Igor back from vacation?
3788,0,4,41,45,1.0888888888888888,0.042902546629485463,522,"That's fine, sir, it's just that I wanted to be Frank with you."
3788,0,4,41,45,1.0888888888888888,0.042902546629485463,522,President Trump asks how this will make America Great Again.
3788,0,4,41,45,1.0888888888888888,0.042902546629485463,522,"The cadaver won't be delivered today, it's on backorder. Shall I put a rush on it?"
3788,1,2,42,45,1.0888888888888888,0.05339222337940409,522,"Denoument will be served presently, sir."
3788,1,2,42,45,1.0888888888888888,0.05339222337940409,522,"The current is too strong, sir. We've landed on the wrong page."
3788,0,4,41,45,1.0888888888888888,0.042902546629485463,522,The Man with Two Brains is wondering if you'd like to go double or nothing.
3788,1,2,42,45,1.0888888888888888,0.05339222337940409,522,"And, sir, will it be liver and onions again tonight?"
3788,1,2,42,45,1.0888888888888888,0.05339222337940409,522,"Sir, the RNC keeps calling about the Ronald Reagan one."
3788,1,2,42,45,1.0888888888888888,0.05339222337940409,522,"Are you binge watching Downton Abbey again, Igor?"
3788,1,2,42,45,1.0888888888888888,0.05339222337940409,522,"Shall I ask the zombie to stop eating the brain, Sir?"
3788,0,4,41,45,1.0888888888888888,0.042902546629485463,522,"Doctor, might I suggest something stronger than green tea to stir your patient?"
3788,0,4,41,45,1.0888888888888888,0.042902546629485463,522,"I do believe, sir, that it is alive."
3788,1,2,42,45,1.0888888888888888,0.05339222337940409,522,Would you prefer the Rack or the Tenderloin ?
3788,0,4,41,45,1.0888888888888888,0.042902546629485463,522,The butcher is confused on what you meant by Bullseye
3788,1,2,42,45,1.0888888888888888,0.05339222337940409,522,"Downton Abbey has enquired about a new First Footman, Sir?"
3818,2,0,44,46,1.0869565217391304,0.06080051293740008,522,You've created a carbon footprint monster!
3818,0,4,42,46,1.0869565217391304,0.04200399056866503,522,"I believe the lightening you ordered is making its approach, shall I bring you your rain gear?"
3818,1,2,43,46,1.0869565217391304,0.0522543663110723,522,Better you hear it from me than from Herr Doktor — our interns do NOT get free coffee.
3818,0,4,42,46,1.0869565217391304,0.04200399056866503,522,"Sir, I cannot say in good faith that you have replicated your mother, her feet were much larger."
3818,1,2,43,46,1.0869565217391304,0.0522543663110723,522,"Sir, would you like Frankenfurters for lunch?"
3818,0,4,42,46,1.0869565217391304,0.04200399056866503,522,"Sir, the terrified townsfolk called to say they'll be late."
3818,1,2,43,46,1.0869565217391304,0.0522543663110723,522,The Monster's date has arrived; shall I bring the carriage around?
3818,1,2,43,46,1.0869565217391304,0.0522543663110723,522,"Dinner is served, Sir Victor, I believe it is brains."
3818,0,4,42,46,1.0869565217391304,0.04200399056866503,522,"Was that a vente macchiato for him and a double espresso for you, or is he the double espresso?"
3818,0,4,42,46,1.0869565217391304,0.04200399056866503,522,"Beg your pardon sir; however, dinner is served: roasted lamb, artichoke hearts and monster mashed potatoes."
3818,0,4,42,46,1.0869565217391304,0.04200399056866503,522,"Sir, are you sure?"
3818,0,4,42,46,1.0869565217391304,0.04200399056866503,522,A Miss Wollstonecraft Shelley here to see you sir.
3818,1,2,43,46,1.0869565217391304,0.0522543663110723,522,"M'ilord, the local constable is no longer accepting the story that our enormous electrical requirements are because we are operating a still for our personal use!"
3818,0,4,42,46,1.0869565217391304,0.04200399056866503,522,Perhaps the jar said 'Trump' instead of 'Gump'?
3818,1,2,43,46,1.0869565217391304,0.0522543663110723,522,"The weatherman is calling for clear skies in his 5 day forecast, would you like me to turn up the air conditioning, Sir?"
3818,0,4,42,46,1.0869565217391304,0.04200399056866503,522,"I agree, sir. Remaining nameless has no impact on one's sense of identity."
3818,2,0,44,46,1.0869565217391304,0.06080051293740008,522,"Call those Japanese fellows. Tell them to inform the media about launching a new product. Let's call it... ""Sex Doll""."
3818,0,4,42,46,1.0869565217391304,0.04200399056866503,522,"I am pleased to inform you that the reanimation of the cicadas was a smashing success, Sir."
3818,1,2,43,46,1.0869565217391304,0.0522543663110723,522,Should I order the torches and pitchforks for the villagers now or later?
3818,0,4,42,46,1.0869565217391304,0.04200399056866503,522,"Frank wants to be called Francine, and as a transgender will now be able to use the women's restroom, thanks to Obama's new legislation!"
3818,0,4,42,46,1.0869565217391304,0.04200399056866503,522,"WITH HIM SLEEPING ALL DAY, I CAN'T GET ANYTHING DONE AROUND HERE"
3818,0,4,42,46,1.0869565217391304,0.04200399056866503,522,"Sir, the guests are arriving. Is the parking valet prepared?"
3818,0,4,42,46,1.0869565217391304,0.04200399056866503,522,"can we try again in another color? the green one was too violent, and the orange one was violent and racist!"
3818,1,2,43,46,1.0869565217391304,0.0522543663110723,522,"Shall I grab the brain for you, sir?"
3818,1,2,43,46,1.0869565217391304,0.0522543663110723,522,"Sir, the townsfolk appear to have taken to illuminating the front lawn with torches and rakes and seem to be caroling something about your lab-or-a-tory."
3818,0,4,42,46,1.0869565217391304,0.04200399056866503,522,"I've uncorked a lovely Château Lafite-Rothschild, Pauillac, Doctor. How long would you like me to let it breathe?"
3818,0,4,42,46,1.0869565217391304,0.04200399056866503,522,"Will your friend take milk or lemon with his tea, sir?"
3818,0,4,42,46,1.0869565217391304,0.04200399056866503,522,"Sir, if I may ask, where is his wife?"
3818,0,4,42,46,1.0869565217391304,0.04200399056866503,522,Would you like your brain sautéed or deep fried?
3818,1,2,43,46,1.0869565217391304,0.0522543663110723,522,The brains that were delivered this afternoon? Cook is preparing them for dinner. Would that be the Macon Villages Burgundy?
3818,0,4,42,46,1.0869565217391304,0.04200399056866503,522,"Dr, I retired yesterday, is he ready yet?"
3818,0,4,42,46,1.0869565217391304,0.04200399056866503,522,"Sir, the Health Department is at the front door."
3818,1,2,43,46,1.0869565217391304,0.0522543663110723,522,"Cook wishes to know how many for supper, Sir"
3818,0,4,42,46,1.0869565217391304,0.04200399056866503,522,"The angry villagers are, sir. Shall I show them in?"
3818,0,4,42,46,1.0869565217391304,0.04200399056866503,522,I'm filling in for Igor tonight so he can catch up on his body parts.
3818,0,4,42,46,1.0869565217391304,0.04200399056866503,522,"Shall I prepare the guest cage now, sir?"
3818,1,2,43,46,1.0869565217391304,0.0522543663110723,522,"I still think we should kill Obama, sir."
3818,1,2,43,46,1.0869565217391304,0.0522543663110723,522,"The GOP is on the line, sir."
3818,0,4,42,46,1.0869565217391304,0.04200399056866503,522,"There is a Mr. Venter on the phone for you, Sir."
3818,0,4,42,46,1.0869565217391304,0.04200399056866503,522,The villagers are at the door and they want more fuel for their torches.
3818,1,2,43,46,1.0869565217391304,0.0522543663110723,522,Don't tell me we've blown another fuse?
3818,2,0,44,46,1.0869565217391304,0.06080051293740008,522,"Sir, your tea is getting cold."
3818,0,4,42,46,1.0869565217391304,0.04200399056866503,522,"Sir, your electric bill arrived this morning along with a thank you note from some gentleman from West Virginia, who calls himself Rex."
3818,1,2,43,46,1.0869565217391304,0.0522543663110723,522,There's a movie director to see you. He thinks your entrepreneurial spirit will appeal to the youth market.
3818,0,4,42,46,1.0869565217391304,0.04200399056866503,522,"This isn't the thirties anymore, sir. Open laboratory flasks are a safety hazard."
3818,0,4,42,46,1.0869565217391304,0.04200399056866503,522,"Certainly doctor, thick crust, extra pepperoni, hold the onions. And for your guest...?"
3818,0,4,42,46,1.0869565217391304,0.04200399056866503,522,"The parts are here, Sir. Where should I put them?"
3818,0,4,42,46,1.0869565217391304,0.04200399056866503,522,"Igor, I believe I've developed a cure for your almost imperceptible hunch."
3818,0,4,42,46,1.0869565217391304,0.04200399056866503,522,The previous Master prefered me to mix the Monster's first drink.
3818,1,2,43,46,1.0869565217391304,0.0522543663110723,522,The EPA is monitoring emissions from the laboratory. That's all.
3818,1,2,43,46,1.0869565217391304,0.0522543663110723,522,"Dinner will not be organic, but GMOs are completely safe."
3818,0,4,42,46,1.0869565217391304,0.04200399056866503,522,Your seamless has arrived Sir
3818,0,4,42,46,1.0869565217391304,0.04200399056866503,522,May I ask young master: will he be enlivened Upstairs or Downstairs?
3818,0,4,42,46,1.0869565217391304,0.04200399056866503,522,"We’re out of nitroglycerine, sir."
3818,0,4,42,46,1.0869565217391304,0.04200399056866503,522,"And yet, he still won't medal in the race walk."
3818,1,2,43,46,1.0869565217391304,0.0522543663110723,522,You know I'm standing right here?
3818,1,2,43,46,1.0869565217391304,0.0522543663110723,522,"Sir, the brain from the Committee has arrived."
3818,0,4,42,46,1.0869565217391304,0.04200399056866503,522,"I beg your pardon doctor, but there is a Madam Mary Shelley who insists upon seeing you."
3818,1,2,43,46,1.0869565217391304,0.0522543663110723,522,"In this case, Sir, you did it."
3818,0,4,42,46,1.0869565217391304,0.04200399056866503,522,cream and sugar sir?
3818,2,0,44,46,1.0869565217391304,0.06080051293740008,522,"It's pronounced ""jee-VESS"", sir."
3818,1,2,43,46,1.0869565217391304,0.0522543663110723,522,"Sir, your monster on a slab is ready to be served."
3818,1,2,43,46,1.0869565217391304,0.0522543663110723,522,"Message received, sir."
3818,0,4,42,46,1.0869565217391304,0.04200399056866503,522,The RNC wants you to chair the convention.
3882,0,5,53,58,1.0862068965517242,0.03717555967998436,522,This new therapy's really supposed to bring your skin back to life.
3883,0,4,43,47,1.0851063829787233,0.041142194186747603,522,"It's a lot of pressure, you know, to be the son of the guy who caused the Freudian slip."
3883,0,4,43,47,1.0851063829787233,0.041142194186747603,522,"The morgue called and your next appointment will be here at midnight, sir."
3883,0,4,43,47,1.0851063829787233,0.041142194186747603,522,"A Mr. Priebus and the Presidents Bush to see you, sir. Something about re-animating Abraham Lincoln before the Cleveland Convention."
3883,0,4,43,47,1.0851063829787233,0.041142194186747603,522,Dinner for one please James
3883,0,4,43,47,1.0851063829787233,0.041142194186747603,522,"Sir, can you remind me which one of us is called Frankenstien?"
3883,1,2,44,47,1.0851063829787233,0.05116394748945358,522,"It's his wife, sir. She wants to know what is keeping him?"
3883,1,2,44,47,1.0851063829787233,0.05116394748945358,522,May we store Boris in the car loft until we get him working?
3883,1,2,44,47,1.0851063829787233,0.05116394748945358,522,"Excuse me, Doctor, Igor's calling to ask if I.Q. is an issue."
3883,0,4,43,47,1.0851063829787233,0.041142194186747603,522,"Will you be needing anything else, Master – an ounce of decorum perhaps?"
3883,0,4,43,47,1.0851063829787233,0.041142194186747603,522,"All my specimen needs now is the world's greatest derrière. Oh! Well, hello Mr. BUTTler!"
3883,2,0,45,47,1.0851063829787233,0.05952158350470087,522,I have set another place for dinner and extinguished the flambe.
3883,0,4,43,47,1.0851063829787233,0.041142194186747603,522,Ahem----Phone sir. The Electric Company....we're 3 months overdue and they're ready to shut off power!
3883,0,4,43,47,1.0851063829787233,0.041142194186747603,522,"Igor, is everything on track for the Republican convention?"
3883,0,4,43,47,1.0851063829787233,0.041142194186747603,522,"The union, sir. No hunching before Memorial Day."
3883,1,2,44,47,1.0851063829787233,0.05116394748945358,522,"You're 10:30 has arrived, sir."
3883,1,2,44,47,1.0851063829787233,0.05116394748945358,522,"""Diane is on the phone, inquiring as to whether you want your carpets cleaned""."
3883,1,2,44,47,1.0851063829787233,0.05116394748945358,522,I'm here for the Billingsley-Haynesworth wedding?
3883,1,2,44,47,1.0851063829787233,0.05116394748945358,522,u made him so he can suck ur dick didn't u?
3883,1,2,44,47,1.0851063829787233,0.05116394748945358,522,"For dinner, does he prefer French or an Italian?"
3883,0,4,43,47,1.0851063829787233,0.041142194186747603,522,How many shall I set the table for?
3883,0,4,43,47,1.0851063829787233,0.041142194186747603,522,"So that'll be drinks for two, then?"
3883,1,2,44,47,1.0851063829787233,0.05116394748945358,522,"Would you like me to debone your human, sir?"
3883,0,4,43,47,1.0851063829787233,0.041142194186747603,522,Is dinner ready? Our guests are becoming restless.
3883,0,4,43,47,1.0851063829787233,0.041142194186747603,522,"All right Buckleberry, make it two boxes of Thin Mints and one Peanut Butter Patties."
3883,1,2,44,47,1.0851063829787233,0.05116394748945358,522,"Martha Stewart, here to see you, Sir."
3883,0,4,43,47,1.0851063829787233,0.041142194186747603,522,No thank you Jeeves. He's got two of those.
3883,0,4,43,47,1.0851063829787233,0.041142194186747603,522,"A Mr. Igor is here to see you, Lord Frankenstein."
3883,0,4,43,47,1.0851063829787233,0.041142194186747603,522,"Sir, don't forget you're having tea and scones with Lady Shelly and her husband after the lightning storm. They are eager to hear about the results of your latest experiment."
3883,0,4,43,47,1.0851063829787233,0.041142194186747603,522,"Sir, you may find these results...shocking..."
3883,1,2,44,47,1.0851063829787233,0.05116394748945358,522,"A Mr. ""Jeb"" Bush here to see you Dr."
3883,0,4,43,47,1.0851063829787233,0.041142194186747603,522,"I've finished the Python script, sir."
3883,0,4,43,47,1.0851063829787233,0.041142194186747603,522,"Will you take it with half-and-half, sir?"
3883,0,4,43,47,1.0851063829787233,0.041142194186747603,522,"Will I receive naming rights, sir?"
3883,0,4,43,47,1.0851063829787233,0.041142194186747603,522,I've pitched out the jars of stale brains. What's next?
3883,0,4,43,47,1.0851063829787233,0.041142194186747603,522,"Sorry, I'm about to the fill the position."
3883,1,2,44,47,1.0851063829787233,0.05116394748945358,522,"The townspeople are at the door, sir."
3883,0,4,43,47,1.0851063829787233,0.041142194186747603,522,An acting career? I don't think so.
3883,0,4,43,47,1.0851063829787233,0.041142194186747603,522,"Pardon me Sir, your mummy has just arrived."
3883,1,2,44,47,1.0851063829787233,0.05116394748945358,522,"Would you be offended, sir, if I made a casserole tonight?"
3883,1,2,44,47,1.0851063829787233,0.05116394748945358,522,"Congratulations, Herr Doktor, you've created the presumptive GOP nominee"
3883,1,2,44,47,1.0851063829787233,0.05116394748945358,522,"Most disturbing, sir."
3883,0,4,43,47,1.0851063829787233,0.041142194186747603,522,"Sir, I fear your cloning procedure needs a bit of refinement before you publish the results."
3883,1,2,44,47,1.0851063829787233,0.05116394748945358,522,"Your Donald Drone is ready to launch, sir."
3883,0,4,43,47,1.0851063829787233,0.041142194186747603,522,"Sorry to disturb you, sir, but it's Mr. Belichick again. He says that you really must have it finished before Mr. Brady's suspension begins."
3883,0,4,43,47,1.0851063829787233,0.041142194186747603,522,I didn't know Igor had a son.
3883,0,4,43,47,1.0851063829787233,0.041142194186747603,522,"Why did we have to try this on Frank, I really hate Jim."
3883,0,4,43,47,1.0851063829787233,0.041142194186747603,522,"Sir, the Tesla dealership just called about your vehicle service drop-off today. They have a few questions."
3883,0,4,43,47,1.0851063829787233,0.041142194186747603,522,Would you like your brains on a silver platter?
3883,0,4,43,47,1.0851063829787233,0.041142194186747603,522,"No lightning predicted, sir. The kitchen wonders if you need the second dinner."
3883,1,2,44,47,1.0851063829787233,0.05116394748945358,522,"They are asking for Al Gore to come back, sir."
3883,0,4,43,47,1.0851063829787233,0.041142194186747603,522,I'm here to assist Igor with the expected large turnout of villagers for tonight's celebration.
3883,0,4,43,47,1.0851063829787233,0.041142194186747603,522,"Sir, do you expect to need a wake-up call tomorrow morning?"
3883,0,4,43,47,1.0851063829787233,0.041142194186747603,522,Shall I move your dinner reservation sir?
3936,0,4,44,48,1.0833333333333333,0.040314953903908046,522,Norman your mother needs you back at the hotel.
3936,0,4,44,48,1.0833333333333333,0.040314953903908046,522,They were out of the lactose free yogurt at Whole Foods.
3936,1,2,45,48,1.0833333333333333,0.05011806391880343,522,Dr Frankenstein received many reviews from a dating service. May I suggest a little more libido.
3936,1,1,34,36,1.0833333333333333,0.06139903313441727,522,I would like you to be on our research team.
3936,0,3,33,36,1.0833333333333333,0.04671765921511568,522,The VC firm thinks I can help with some of your marketing problems.
3936,0,4,44,48,1.0833333333333333,0.040314953903908046,522,"Sir, do you want your lunch by transfusion today?"
3936,0,4,44,48,1.0833333333333333,0.040314953903908046,522,"Is there anything else you need, sir?"
3936,0,4,44,48,1.0833333333333333,0.040314953903908046,522,"May I suggest the sweetmeats for supper tonight, sir?"
3936,1,2,45,48,1.0833333333333333,0.05011806391880343,522,The family requests your presence in the dining room - after you've finished your homework of course.
3936,0,4,44,48,1.0833333333333333,0.040314953903908046,522,"Sir, will your dead grandmother also be needing a room?"
3936,0,4,44,48,1.0833333333333333,0.040314953903908046,522,"You ""could"" use the Microwave"
3936,0,4,44,48,1.0833333333333333,0.040314953903908046,522,"So, what's for dinner?"
3936,1,2,45,48,1.0833333333333333,0.05011806391880343,522,Shall it be pretzels or Ritz crackers tonight doctor?
3936,0,4,44,48,1.0833333333333333,0.040314953903908046,522,It's his wingman.
3936,1,2,45,48,1.0833333333333333,0.05011806391880343,522,Would l
3936,0,4,44,48,1.0833333333333333,0.040314953903908046,522,"Sorry, sir. Your friend's mother just called. Time for him to go home for dinner."
3936,0,4,44,48,1.0833333333333333,0.040314953903908046,522,This could be a whole new start for our generator business.
3936,0,4,44,48,1.0833333333333333,0.040314953903908046,522,Did you say the Dowager Countess is dead Carson?
3936,0,4,44,48,1.0833333333333333,0.040314953903908046,522,"Storm's a-brewing, Doctor. Dinner for two?"
3955,1,3,57,61,1.0819672131147542,0.04243337411654028,522,"The gentleman from Knobs Unlimited is here to see you, sir."
3956,0,4,45,49,1.0816326530612246,0.03952023822660631,522,"Herbert, tell that pest Louie Stevenson I'm busy."
3956,0,4,45,49,1.0816326530612246,0.03952023822660631,522,"Sir, if he is 'born again' should we not also expect two bellybuttons?"
3956,0,4,45,49,1.0816326530612246,0.03952023822660631,522,"Master, tonight we'll be serving the heart and the lungs if that pleases you."
3959,0,5,57,62,1.0806451612903225,0.03486308566114124,522,"""Doctor, will ll it be just you and Elizabeth dining tonight, or should I set another plate for the Monster?"
3960,1,2,47,50,1.08,0.04814942727529348,522,"The Weather Bureau has predicted clear skies for the foreseable future, sir."
3960,0,4,46,50,1.08,0.03875617133214439,522,"Who killed Dr. Frankenstein? The butler, in the laboratory, with the Frankenstein monster."
3960,0,4,46,50,1.08,0.03875617133214439,522,"your mother doesn't care that your friends are playing video games in their basements or that you're some kind of a whiz-kid, six-degreed scientist, sir! Dinner is SERVED - NOW...!!"
3963,1,4,71,76,1.0789473684210527,0.0363373950477333,522,"Would you care for some tea, sir? Or perhaps a fresh brain?"
3964,1,2,48,51,1.0784313725490196,0.04722193952467567,522,Dinner's ready.
3964,0,4,47,51,1.0784313725490196,0.03802101848953984,522,It appears that our dinner menu will include Frankenfoods.
3964,0,4,47,51,1.0784313725490196,0.03802101848953984,522,Tea is in the dining room Sir
3967,0,5,59,64,1.078125,0.033811213593755246,522,Sory sir! The coffee maker is malfunctioning
3968,0,5,60,65,1.0769230769230769,0.033308669376324554,522,"Today's preschool is over, sir. His parents are here to collect him."
3968,2,2,74,78,1.0769230769230769,0.03985166789871259,522,We will need custom slippers for our guest.
3968,0,4,48,52,1.0769230769230769,0.03731317308251277,522,Russia called. They're doing adoptions again.
3968,1,2,49,52,1.0769230769230769,0.04632947979911816,522,Shall I call HARPP and have them send a thunderstorm your way?
3968,1,2,49,52,1.0769230769230769,0.04632947979911816,522,"I have time to dust a little , if you like Dr."
3968,0,4,48,52,1.0769230769230769,0.03731317308251277,522,Arthur Murray is here to see if your creation is availabe to be a part time Monster Mash instructor.
3968,0,3,36,39,1.0769230769230769,0.04322703745761662,522,"It's a go, but I'm afraid he'll be wicked whacked if the satellite goes out again."
3968,0,4,48,52,1.0769230769230769,0.03731317308251277,522,"Sir, was the turndown service in reference to his bed or his death ray?"
3968,0,3,36,39,1.0769230769230769,0.04322703745761662,522,"I'd call him Frank, but it's missing a little something."
3977,0,4,49,53,1.0754716981132075,0.03663114503374153,522,"This story may scare you,it may frighten you,it may even horrify you! You've been warned."
3977,0,4,49,53,1.0754716981132075,0.03663114503374153,522,"Needless to say, dinner will yet again be served with giblet gravy."
3977,1,2,50,53,1.0754716981132075,0.045470102170741766,522,"No, sir, I didn't just say, 'Ask your doctor if Triavil is right for you.' Your tea now?"
3977,0,4,49,53,1.0754716981132075,0.03663114503374153,522,"If this works, he will drop out of politics."
3977,0,4,49,53,1.0754716981132075,0.03663114503374153,522,I could not find a plastic surgeon on call tonight.
3982,1,1,38,40,1.075,0.055325377864931344,522,"The Landlord to see you, Sir. He says, ""...[you] can re-animate as many previous Rent Control tenants as you like, that doesn't get you Successor Rights on the unit."""
3982,0,3,37,40,1.075,0.04217636961434866,522,"Perhaps if you added this last mouse, sir....?"
3982,0,3,37,40,1.075,0.04217636961434866,522,"Yes sir, it sounds like horror, but this is not what he ordered."
3982,0,3,37,40,1.075,0.04217636961434866,522,"Sir, may I be of service, Igor is ill disposed to assist you today."
3982,1,1,38,40,1.075,0.055325377864931344,522,"Sir, an Abby Normal is at the door. She claims it's a litigious matter."
3987,1,3,63,67,1.0746268656716418,0.03871192026509392,522,"Hello Doctor, I'm Robin Leach from the TV show "" Lifestyles of the Rich and Famous""."
3988,1,1,39,41,1.0731707317073171,0.05399010639311867,522,Can I bring you a drink?
3988,0,3,38,41,1.0731707317073171,0.04117547077105886,522,"Victor, your mother would like you to make something nice for the Drumpf family."
3988,0,3,38,41,1.0731707317073171,0.04117547077105886,522,"Mr. Bruce Wayne and his associate have arrived for dinner and bridge, sir."
3988,0,3,38,41,1.0731707317073171,0.04117547077105886,522,Igor is indisposed. Might I be of assistance?
3988,0,3,38,41,1.0731707317073171,0.04117547077105886,522,May I suggest you present him as a presidential candidate?
3988,1,1,39,41,1.0731707317073171,0.05399010639311867,522,"Though Jeeves conducted himself with the utmost seriousness, it seemed he was not grave enough for his master."
3988,0,3,38,41,1.0731707317073171,0.04117547077105886,522,"Shall I set a place at the table for your new creation, Master Stein?"
3988,1,1,39,41,1.0731707317073171,0.05399010639311867,522,"Master Jackson, your video game scores have been suffering because of this nonsense."
3996,1,2,52,55,1.0727272727272728,0.04384350386709234,522,"No thank you Frank, I don't need my beer stein. Wait a second..."
3997,0,3,39,42,1.0714285714285714,0.04022089331224806,522,"Sir, this evenings entree is braised gonads under glass."
3997,0,3,39,42,1.0714285714285714,0.04022089331224806,522,I told you he was a great chiropractor.
3997,0,3,39,42,1.0714285714285714,0.04022089331224806,522,"Good new, Sir, the New Yorker would like to schedule an interview with your cadaver once he is able to communicate."
3997,1,1,40,42,1.0714285714285714,0.05271774316741633,522,"I've turned up the heat, sir. Some body could get cold down here."
3997,1,1,40,42,1.0714285714285714,0.05271774316741633,522,Is he well seasoned or should I put him right on the barbecue spit?
3997,0,3,39,42,1.0714285714285714,0.04022089331224806,522,"Master Donald, the stiff is ready."
3997,0,3,39,42,1.0714285714285714,0.04022089331224806,522,"Ever since the gig economy took off, we hunchbacked assistants have had to make ourselves more marketable."
3997,0,3,39,42,1.0714285714285714,0.04022089331224806,522,"Young Master Frankenstein how long will you be experimenting on James the footman, he is needed to serve afternoon tea?"
3997,1,1,40,42,1.0714285714285714,0.05271774316741633,522,That would be the power company.
3997,0,3,39,42,1.0714285714285714,0.04022089331224806,522,"Sir, the extra limbs have been delivered."
3997,1,1,40,42,1.0714285714285714,0.05271774316741633,522,"Professor, the Institutional Human Subject Review Board is outside."
3997,0,3,39,42,1.0714285714285714,0.04022089331224806,522,But will he know how to give a good back rub?
3997,0,3,39,42,1.0714285714285714,0.04022089331224806,522,Igor won the lottery.
3997,0,3,39,42,1.0714285714285714,0.04022089331224806,522,I'm afraid Igor's on stress leave.
3997,0,3,39,42,1.0714285714285714,0.04022089331224806,522,Is it tea time already?
3997,1,1,40,42,1.0714285714285714,0.05271774316741633,522,"It's the Commissioner on the Batphone, Sir. What should I tell him?"
3997,0,3,39,42,1.0714285714285714,0.04022089331224806,522,"Will you be dining alone, sir?"" ""Will you be dining alone, sir?"
3997,0,3,39,42,1.0714285714285714,0.04022089331224806,522,"Actually, you’re named Alfred. I’m named Alfred’s BUTLER."
3997,0,3,39,42,1.0714285714285714,0.04022089331224806,522,"Chef, our next guest in line is a minor celebrity who would like to know when her table will be ready."
3997,1,1,40,42,1.0714285714285714,0.05271774316741633,522,How is the potion coming along for are new and improved Frankenstein mahahaha!!!!
3997,0,3,39,42,1.0714285714285714,0.04022089331224806,522,"Sir, it Anderson Cooper...shall I tell him you're in the latrine?"
3997,1,1,40,42,1.0714285714285714,0.05271774316741633,522,"Will he be served vegetarian fare tonight, sir?"
3997,0,3,39,42,1.0714285714285714,0.04022089331224806,522,"Lady Mary requests the presence of either of you for dinner, so long as you wear your tails."
3997,0,3,39,42,1.0714285714285714,0.04022089331224806,522,"Master, I color coordinated your Hot Wheels."
3997,0,3,39,42,1.0714285714285714,0.04022089331224806,522,Your mother says she's worried about you and has found a sweet girl from the East End she wants you to take out this weekend.
3997,0,3,39,42,1.0714285714285714,0.04022089331224806,522,"Sorry to interrupt, Sir. Her ladyship, your mother asks that you wash your hands."
3997,0,3,39,42,1.0714285714285714,0.04022089331224806,522,"Sir, there is an angry mob at the door."
3997,1,1,40,42,1.0714285714285714,0.05271774316741633,522,"The family of an Abby Normal to see you, sir"""
3997,1,1,40,42,1.0714285714285714,0.05271774316741633,522,"Although the internship is strictly unpaid, we do provide a delicious in-house lunch."
3997,1,1,40,42,1.0714285714285714,0.05271774316741633,522,Will this be a room charge Sir?
3997,0,3,39,42,1.0714285714285714,0.04022089331224806,522,"I am quite sure 'the monster' will suffice, sir. After all, no one has ever conflated you and 'Frankenstein's butler.'"
3997,0,3,39,42,1.0714285714285714,0.04022089331224806,522,That's quite a strapping young man you created Sir
3997,0,3,39,42,1.0714285714285714,0.04022089331224806,522,Are you making Franken Stein?
3997,0,3,39,42,1.0714285714285714,0.04022089331224806,522,I don't believe there's a buttle gene. Why do you ask?
3997,0,3,39,42,1.0714285714285714,0.04022089331224806,522,Would you hand me the brain please?
4032,0,3,40,43,1.069767441860465,0.03930950021993099,522,"Franky, my dear, I don't give a damn."
4032,0,3,40,43,1.069767441860465,0.03930950021993099,522,Will the gentleman on the table require anything once he becomes alive?
4032,0,3,40,43,1.069767441860465,0.03930950021993099,522,But can he manage the footmen?
4032,0,3,40,43,1.069767441860465,0.03930950021993099,522,Igor had a date.
4032,0,3,40,43,1.069767441860465,0.03930950021993099,522,"For the cooking, the Chef recommends medium rare."
4032,0,3,40,43,1.069767441860465,0.03930950021993099,522,Tell the angry mob of villagers to come back in an hour or two. I'm running late.
4032,1,1,41,43,1.069767441860465,0.051503946641122844,522,"Yes, I can dance. May I have my Top Hat."
4032,0,3,40,43,1.069767441860465,0.03930950021993099,522,Do you think he'll be up and about in time for dinner5?
4032,0,3,40,43,1.069767441860465,0.03930950021993099,522,"Will that be cream or lemon with your tea, sir?"
4032,1,1,41,43,1.069767441860465,0.051503946641122844,522,"Will it be Tinder or Grindr, sir?"
4032,0,3,40,43,1.069767441860465,0.03930950021993099,522,Has he passed the concussion protocols yet?
4032,0,3,40,43,1.069767441860465,0.03930950021993099,522,Dinner is served. We'll be having liver tonight.
4032,0,3,40,43,1.069767441860465,0.03930950021993099,522,You forgot the olive in my martini.
4032,0,3,40,43,1.069767441860465,0.03930950021993099,522,"Yes sir...I am at your disposal sir...oops I should not have said that, look what happened to him!"
4032,0,3,40,43,1.069767441860465,0.03930950021993099,522,It's becoming increasingly easier to make unpaid interns rather than attract them- make sure he's alive by your graduation
4032,0,3,40,43,1.069767441860465,0.03930950021993099,522,"Young man, it's all been tried before!"
4032,0,3,40,43,1.069767441860465,0.03930950021993099,522,We are approaching cocktail hour your Lordship!!
4032,1,1,41,43,1.069767441860465,0.051503946641122844,522,"It will be made in China if that is okay, Sir."
4032,0,3,40,43,1.069767441860465,0.03930950021993099,522,"Excuse me, sir, his name is Stephanie, not Frank."
4032,1,1,41,43,1.069767441860465,0.051503946641122844,522,"Master, your cadaver is ready!"
4032,0,3,40,43,1.069767441860465,0.03930950021993099,522,"So, now you don't want a monster? Sorry, too late!"
4032,0,3,40,43,1.069767441860465,0.03930950021993099,522,"Cloudy with a chance of meat balls, sir"
4032,0,3,40,43,1.069767441860465,0.03930950021993099,522,"The name is ""FrankenSTEIN"" not ""Franken TEST TUBE""."
4032,0,3,40,43,1.069767441860465,0.03930950021993099,522,The master wishes me to ask on how his trophy wife project is going.
4032,0,3,40,43,1.069767441860465,0.03930950021993099,522,"As you wish, then. I shall commence with his OKCupid profile forthwith."
4032,0,3,40,43,1.069767441860465,0.03930950021993099,522,'Did you find a suitable brain for him yet??!!!'
4032,0,3,40,43,1.069767441860465,0.03930950021993099,522,"Dr. Frankenstein, Count Dracula and Mr. Wolfman called to say that they will be joining you and your friend for dinner tonight."
4032,0,3,40,43,1.069767441860465,0.03930950021993099,522,"Sir, I have just been informed that the brain you used was from the body of a Kaitlin Jenner."
4032,1,1,41,43,1.069767441860465,0.051503946641122844,522,I was told to have him ready by July. For the RNC Convention !!
4032,0,3,40,43,1.069767441860465,0.03930950021993099,522,"As requested doctor, we'll be serving mash for dinner."
4032,0,3,40,43,1.069767441860465,0.03930950021993099,522,"It IS Igor, sir. I had a makeover."
4032,0,3,40,43,1.069767441860465,0.03930950021993099,522,"Sir, the Body Snatchers phoned and said they would appreciate it very much if you would no longer refer to them that way."
4032,0,3,40,43,1.069767441860465,0.03930950021993099,522,Have you tried tea?
4032,0,3,40,43,1.069767441860465,0.03930950021993099,522,Mr. Romney would like to know if done with his third party candidate yet.
4032,0,3,40,43,1.069767441860465,0.03930950021993099,522,"There must have been a mix up at the agency. Oh my, I'm afraid Igor is in a horrible situation."
4032,0,3,40,43,1.069767441860465,0.03930950021993099,522,"Sir, don't wish to rush you, but the women and the roses have arrived."
4032,0,3,40,43,1.069767441860465,0.03930950021993099,522,"Jeeves, for old time's sake, I wanted to ask you something."
4032,0,3,40,43,1.069767441860465,0.03930950021993099,522,"Sir, when will dinner be ready?"
4032,0,3,40,43,1.069767441860465,0.03930950021993099,522,"It's Ted Cruz, Sir. He says 'it's alive'."
4032,0,3,40,43,1.069767441860465,0.03930950021993099,522,What did I do this time?
4032,1,1,41,43,1.069767441860465,0.051503946641122844,522,"If you return the microwave to cook, Dinner is served."
4032,0,3,40,43,1.069767441860465,0.03930950021993099,522,"Sir, for your information the patient's full name is Frank N. Stein."
4032,0,3,40,43,1.069767441860465,0.03930950021993099,522,"Excuse me, Sir. The zombie courier is at the door with the brain."
4032,0,3,40,43,1.069767441860465,0.03930950021993099,522,"Sorry to interrupt, Sir. Dinner is served. Her flagship your mother asks you to wash your hands."
4032,0,3,40,43,1.069767441860465,0.03930950021993099,522,Here's why: I've never once left this in a restaurant.
4032,0,3,40,43,1.069767441860465,0.03930950021993099,522,"Sir, we are out of molasses."
4032,0,3,40,43,1.069767441860465,0.03930950021993099,522,His mother would like to wish him good luck.
4032,0,3,40,43,1.069767441860465,0.03930950021993099,522,"Here, drink this."
4032,0,3,40,43,1.069767441860465,0.03930950021993099,522,"Will he be your brother or mine, sir?"
4032,0,3,40,43,1.069767441860465,0.03930950021993099,522,But the master ordered a Trump look-alike.
4032,0,3,40,43,1.069767441860465,0.03930950021993099,522,"Another political candidate has called, sir, requesting your invigoration formula."
4032,0,3,40,43,1.069767441860465,0.03930950021993099,522,"Sir, it's a blogger at the castle door requesting your comment about ""synthetic biology."""
4032,0,3,40,43,1.069767441860465,0.03930950021993099,522,"The Recycling Association executive have arrived, sir"
4032,0,3,40,43,1.069767441860465,0.03930950021993099,522,"There's, ah, a Creature to see you in the parlor Doctor. Says he's from the Black Lagoon."
4032,0,3,40,43,1.069767441860465,0.03930950021993099,522,"I don't know what it is Sir, but ""Frankenstein's Butler"" seems to have led to confusion amongst the guests."
4032,0,3,40,43,1.069767441860465,0.03930950021993099,522,"Sir, Frankenstein will see you now."
4032,0,3,40,43,1.069767441860465,0.03930950021993099,522,"Excuse me, Sir... Would you care for more wine corks?"
4032,0,3,40,43,1.069767441860465,0.03930950021993099,522,"When you're finished tinkering here, sir, I was wondering if you could give me an MRI of my colon."
4032,0,3,40,43,1.069767441860465,0.03930950021993099,522,"Sorry Sir, Igor ran off with Frau Blucher"
4032,0,3,40,43,1.069767441860465,0.03930950021993099,522,I told you you should have tried harder in chemistry.
4032,0,3,40,43,1.069767441860465,0.03930950021993099,522,"Jeeves and Igor. You know, the old Dr. Jekyll and Mr. Hyde schtick."
4032,0,3,40,43,1.069767441860465,0.03930950021993099,522,He appears to lack karma.
4032,0,3,40,43,1.069767441860465,0.03930950021993099,522,"Sir, you are one bloody-good scientist."
4032,1,1,41,43,1.069767441860465,0.051503946641122844,522,"I regret to inform you that Mr Bryan Cranston feels he has moved on, Sir."
4032,0,3,40,43,1.069767441860465,0.03930950021993099,522,"A drone for you, sir."
4032,0,3,40,43,1.069767441860465,0.03930950021993099,522,"Pardon me sir, but it’s 5:00. Your CrossFit friends are here."
4032,0,3,40,43,1.069767441860465,0.03930950021993099,522,The police are here sir.
4099,0,3,41,44,1.0681818181818181,0.03843843094202265,522,And will Sir be dining alone once again?
4099,1,1,42,44,1.0681818181818181,0.05034476562380576,522,"But you haven't failed at all, for truly it is I who has been brought to life."
4099,0,3,41,44,1.0681818181818181,0.03843843094202265,522,"If this works, I will have a ham sandwich for lunch and he will have some raw meat, blood, brains and sucking bones."
4099,0,3,41,44,1.0681818181818181,0.03843843094202265,522,"I don't wish to disparage my predecessor sir, but shall I begin with the cobwebs and rodent infestation?"
4099,0,3,41,44,1.0681818181818181,0.03843843094202265,522,"I've examined the patient, sir, and it's simply a matter of altering the left brain."
4099,0,3,41,44,1.0681818181818181,0.03843843094202265,522,"I must say Dr. Frankenstein, this is a much more different environment than when I worked at Downton Abbey...speaking of Abbey, I don't think the brain used for your creature said Abbey Normal on the bottle as you put it."
4099,0,3,41,44,1.0681818181818181,0.03843843094202265,522,"Sir, if your guest has tired of Pilates, perhaps he'd like a go at quoits."
4099,1,1,42,44,1.0681818181818181,0.05034476562380576,522,"Sir, Madam wants to know when will he be ready for show and tell?"
4099,0,3,41,44,1.0681818181818181,0.03843843094202265,522,The food delivery app was down so they sent me
4099,0,3,41,44,1.0681818181818181,0.03843843094202265,522,Shaken not stirred Jeeves!
4099,1,1,42,44,1.0681818181818181,0.05034476562380576,522,You are his last hope for resolving his mommy issues.
4099,0,3,41,44,1.0681818181818181,0.03843843094202265,522,"May I remind you,Doctor, that the parents of the bride will shortly arrive for dinner."
4099,0,3,41,44,1.0681818181818181,0.03843843094202265,522,"I'm sorry sir, Igor wanted me to inform you that he is most definitely calling in hungov...*hack, cough* sick."
4099,0,3,41,44,1.0681818181818181,0.03843843094202265,522,He has a gluten-free brain.
4099,0,3,41,44,1.0681818181818181,0.03843843094202265,522,"As you are not there yet, Master Paul, I presume you may still participate with the Party."
4099,0,3,41,44,1.0681818181818181,0.03843843094202265,522,"Mrs. Frankenstein is here to see you, sir."
4099,1,1,42,44,1.0681818181818181,0.05034476562380576,522,"Thank you for your years of dedication, but we've invested in that new machine that does what you do and will no longer require your services."
4099,0,3,41,44,1.0681818181818181,0.03843843094202265,522,We're trying to make the perfect politician but it isn't working...Frankenstein is all we've got.
4099,0,3,41,44,1.0681818181818181,0.03843843094202265,522,Will that be Mr.Jekly or Mr.Hyde joining us for dinner
4099,0,3,41,44,1.0681818181818181,0.03843843094202265,522,"Hi, could I please get a mocha frappuccino with soy milk?"
4099,0,3,41,44,1.0681818181818181,0.03843843094202265,522,Have you tried a gimlet sir?
4099,0,3,41,44,1.0681818181818181,0.03843843094202265,522,"Not Frankenstein, sir -- Frankenstein's butler."
4099,0,3,41,44,1.0681818181818181,0.03843843094202265,522,"Excuse me Sir, there is an emissary from the RNC at the door, clearly distraught, insisting on seeing you, and mumbling about needing to ""trump Trump""."
4099,0,3,41,44,1.0681818181818181,0.03843843094202265,522,Dracula and King Kong want to know if he can come out and play.
4099,0,3,41,44,1.0681818181818181,0.03843843094202265,522,Might I suggest that tonight you allow me to serve the hors d'oeuvres?
4099,0,3,41,44,1.0681818181818181,0.03843843094202265,522,"oh shoot, i got the wrong guy."
4099,0,3,41,44,1.0681818181818181,0.03843843094202265,522,Your mother Will he do windows?
4099,0,3,41,44,1.0681818181818181,0.03843843094202265,522,"Beg your pardon, sir, Igor took the day off."
4099,0,3,41,44,1.0681818181818181,0.03843843094202265,522,Make sure you use a little less on the daisy oil this time.
4099,0,3,41,44,1.0681818181818181,0.03843843094202265,522,"There's a gentleman from, ahem, a physicians union to see you, sir."
4099,1,1,42,44,1.0681818181818181,0.05034476562380576,522,The BBC says you're still not ready.
4099,0,3,41,44,1.0681818181818181,0.03843843094202265,522,"Sir, will you dine out tonight, or shall I just reheat some leftovers?"
4099,0,3,41,44,1.0681818181818181,0.03843843094202265,522,"The vacancy, sir. When will I be starting?"
4099,0,3,41,44,1.0681818181818181,0.03843843094202265,522,"I've really enjoyed the continuous Monster Bash loop, sir, but might I suggest some classical?"
4099,1,1,42,44,1.0681818181818181,0.05034476562380576,522,"Indubitably, master."
4099,0,3,41,44,1.0681818181818181,0.03843843094202265,522,The Birds is coming.
4099,0,3,41,44,1.0681818181818181,0.03843843094202265,522,"Will Lady Mary be reanimated in time for tea, my Lord?"
4099,0,3,41,44,1.0681818181818181,0.03843843094202265,522,"Your brain sir, on the rocks or straight?"
4099,0,3,41,44,1.0681818181818181,0.03843843094202265,522,"You asked when it was time to 'raise the dead', sir. Please proceed."
4099,0,3,41,44,1.0681818181818181,0.03843843094202265,522,"will he be joining you fo dinner, sir"
4099,0,3,41,44,1.0681818181818181,0.03843843094202265,522,Your job is safe. We need a gardener.
4099,0,3,41,44,1.0681818181818181,0.03843843094202265,522,apparently it's hydrophilic
4099,1,1,42,44,1.0681818181818181,0.05034476562380576,522,Dr. Frankenstein says you have a good brain.
4099,0,3,41,44,1.0681818181818181,0.03843843094202265,522,Mr. Ryan is here for the HUGE meeting with the presumptive nominee.
4099,0,3,41,44,1.0681818181818181,0.03843843094202265,522,It's time to start the pivot to center.
4099,0,3,41,44,1.0681818181818181,0.03843843094202265,522,I can’t wait to get a car insurance policy!
4099,0,3,41,44,1.0681818181818181,0.03843843094202265,522,"Sir, the peasants are at the gate with torches and pitchforks. Shall I pour boiling oil on them?"
4099,0,3,41,44,1.0681818181818181,0.03843843094202265,522,"Master Frank, it's a half-hour past your bedtime."
4099,0,3,41,44,1.0681818181818181,0.03843843094202265,522,"Begging your pardon sir, will you and your monster be going to town this evening?"
4099,1,1,42,44,1.0681818181818181,0.05034476562380576,522,"Dr., there is a Mr. Friedrich Drumpf - ahem - Trump at the door. He's inquiring about the procedure."
4099,1,1,42,44,1.0681818181818181,0.05034476562380576,522,Your seamless order is on its way.
4099,0,3,41,44,1.0681818181818181,0.03843843094202265,522,"It was a rather strange hunchback, sir. He said something about a patent infringement."
4099,0,3,41,44,1.0681818181818181,0.03843843094202265,522,"This weather is beautiful yes, master? It's electrifying."
4099,0,3,41,44,1.0681818181818181,0.03843843094202265,522,"Will the monsters being having tea, sir?"
4099,1,1,42,44,1.0681818181818181,0.05034476562380576,522,"Sir, I like your last name for it rather than Big Booty Man."
4099,0,3,41,44,1.0681818181818181,0.03843843094202265,522,"It's a Mr. Igor, sir. He says you're waiting on his brain."
4099,1,1,42,44,1.0681818181818181,0.05034476562380576,522,"Yes, I understand it's his birthright, I'm just not sure he would enjoy a trip to Israel."
4099,0,3,41,44,1.0681818181818181,0.03843843094202265,522,"I can't say how I know this, but you may want to consider naming your creation, Dr. Frankenstein."
4099,0,3,41,44,1.0681818181818181,0.03843843094202265,522,"I've done it, sir. I believe I've done it."
4099,1,1,42,44,1.0681818181818181,0.05034476562380576,522,"Sir, may I have some of that for my son's bachelor party?"
4099,0,3,41,44,1.0681818181818181,0.03843843094202265,522,"Sir, might I suggest a bow tie to go with his ensemble."
4099,0,3,41,44,1.0681818181818181,0.03843843094202265,522,I have a feeling Fritz was deported. Call it a hunch.
4099,1,1,42,44,1.0681818181818181,0.05034476562380576,522,I am debating whether or not to tell the doctor that this one is only taking a nap
4099,0,3,41,44,1.0681818181818181,0.03843843094202265,522,"Another mystic crystal revelation, sir?"
4099,0,3,41,44,1.0681818181818181,0.03843843094202265,522,"What a ghastly coincidence, sir; my name is also Doctor."
4099,0,3,41,44,1.0681818181818181,0.03843843094202265,522,"I know you admire Mary Shelley, but this is taking fan fiction too far!"
4099,0,3,41,44,1.0681818181818181,0.03843843094202265,522,Pro life? I am sorry sir but I support a woman's choice...
4099,0,3,41,44,1.0681818181818181,0.03843843094202265,522,Your mother would like to know if your father will still be joining us for dinner.
4099,0,3,41,44,1.0681818181818181,0.03843843094202265,522,"I've gassed up and warmed the hearse, Sir"
4099,0,3,41,44,1.0681818181818181,0.03843843094202265,522,Sir your lobotomy is ready
4099,0,3,41,44,1.0681818181818181,0.03843843094202265,522,"You just received FDA approval, Herr Doctor."
4099,1,1,42,44,1.0681818181818181,0.05034476562380576,522,"Good news at last, sir. The angel investors are in. Like you, they see a monster."
4099,0,3,41,44,1.0681818181818181,0.03843843094202265,522,"According to Al Roker, lightening is expected on SUNDAY, SUNDAY, SUNDAY!"
4099,1,1,42,44,1.0681818181818181,0.05034476562380576,522,"Sir, I don't think your Franken-sushi plate will get backers"
4099,0,3,41,44,1.0681818181818181,0.03843843094202265,522,How's the Bill Clinton look-a-like coming?
4099,1,1,42,44,1.0681818181818181,0.05034476562380576,522,"Sir I don't want to intrude, but your Master's Monster's butt has arrived."
4099,0,3,41,44,1.0681818181818181,0.03843843094202265,522,I've got a concoction that would knock the pennies off the eyes of an Irish corpse.
4099,0,3,41,44,1.0681818181818181,0.03843843094202265,522,"Do you think he'll prefer sugar or cream, sir ?"
4099,1,1,42,44,1.0681818181818181,0.05034476562380576,522,and if that means dragging that ball less dick head from the white mosque and hanging his scrawny ass from the portico--count me in !
4099,0,3,41,44,1.0681818181818181,0.03843843094202265,522,"Just the bloodthirsty real estate agents again, sir."
4099,0,3,41,44,1.0681818181818181,0.03843843094202265,522,"Sorry to interrupt a man at work, but there is a power outage."
4099,0,3,41,44,1.0681818181818181,0.03843843094202265,522,Do you take requests?
4099,0,3,41,44,1.0681818181818181,0.03843843094202265,522,Don't spend too much time on this; it's just a MacGuffin.
4099,0,3,41,44,1.0681818181818181,0.03843843094202265,522,If you tell me to keep a stiff upper lip one more time ...
4099,0,3,41,44,1.0681818181818181,0.03843843094202265,522,Downton Abbey Meets Frankenstein.
4099,1,1,42,44,1.0681818181818181,0.05034476562380576,522,May I recommend a '68 Bordeaux?
4099,0,3,41,44,1.0681818181818181,0.03843843094202265,522,"Ugh, my butler serum worked but I just can't figure out reanimation!"
4099,0,3,41,44,1.0681818181818181,0.03843843094202265,522,"""With all due respect sir, shan't we better wait for Igor's return before attempting another surreptitious and possibly-questionable brain procurement?''"
4099,0,3,41,44,1.0681818181818181,0.03843843094202265,522,You rang? The head footman said you were having a monster of a problem with mice down here.
4099,0,3,41,44,1.0681818181818181,0.03843843094202265,522,"Eh, nice work, Dr. Trump. But if you don't devise an antidote prior to November 8th, I'm afraid that the world as we know it is doomed!"
4099,0,3,41,44,1.0681818181818181,0.03843843094202265,522,"It's Mr. Igor now, Victor."
4099,0,3,41,44,1.0681818181818181,0.03843843094202265,522,"Don't worry, Doc. It's Igor. Your mind is just deprived of sanity again."
4099,0,3,41,44,1.0681818181818181,0.03843843094202265,522,"Sir, the villagers approach. Shall I prepare the guest rooms?"
4192,0,3,42,45,1.0666666666666667,0.03760507165451773,522,"No, m'lord, I believe Igor actually did it."
4192,0,3,42,45,1.0666666666666667,0.03760507165451773,522,Where's Mrs Patmore
4192,0,3,42,45,1.0666666666666667,0.03760507165451773,522,Can't a guy just have a normal lunch break?
4192,1,1,43,45,1.0666666666666667,0.04923659639173308,522,"Shall I oil up the good dildo, sir?"
4192,0,3,42,45,1.0666666666666667,0.03760507165451773,522,"Worry not, sir, as your monster's horror has nothing on what I put on my Facebook page."
4192,0,3,42,45,1.0666666666666667,0.03760507165451773,522,"Sir, I believe there is a haying party at the door."
4192,0,3,42,45,1.0666666666666667,0.03760507165451773,522,"Would you like fries with that order of liver, sir?"
4192,1,1,43,45,1.0666666666666667,0.04923659639173308,522,"The table is set, will there be anything else Dr.?"
4192,0,3,42,45,1.0666666666666667,0.03760507165451773,522,How about a nice leg o' lamb?
4192,0,3,42,45,1.0666666666666667,0.03760507165451773,522,"Actually, it’s Gregor, sir. From the temp agency. Igor called in sick today."
4192,0,3,42,45,1.0666666666666667,0.03760507165451773,522,"We're out of white asparagus, sir."
4192,0,3,42,45,1.0666666666666667,0.03760507165451773,522,"Don't worry Alfred, Matt Damon will never play me."
4192,0,3,42,45,1.0666666666666667,0.03760507165451773,522,The revitalization committee wants to know if you'll donate.
4192,0,3,42,45,1.0666666666666667,0.03760507165451773,522,"Dr. Frankenstein Sir, the UPS has a good imagination , he wants you to sign for a ""brain""."
4192,1,1,43,45,1.0666666666666667,0.04923659639173308,522,"Sir, the United States of America Execution System calling. Shall I keep them on hold?"
4192,0,3,42,45,1.0666666666666667,0.03760507165451773,522,"""Devising a date for your objectionable looking daughter?"
4192,0,3,42,45,1.0666666666666667,0.03760507165451773,522,He was not a well-read billionaire.
4192,0,3,42,45,1.0666666666666667,0.03760507165451773,522,Would the doctor care for something to drink? A Frankenstein? Perhaps a Zombie? Ovaltine?
4192,0,3,42,45,1.0666666666666667,0.03760507165451773,522,"Sir, I do believe there is a mouse in the house"
4192,0,3,42,45,1.0666666666666667,0.03760507165451773,522,"Sir, pardon my intrusion but there's a Mr. Smith at the door inquiring about the stench of death."
4192,0,3,42,45,1.0666666666666667,0.03760507165451773,522,"Sir, ConEd is on the phone, your last check bounced and they cannot accept payment in the form of 'not having a monster set loose on the village'."
4192,0,3,42,45,1.0666666666666667,0.03760507165451773,522,"He prefers, sir, to self-identify as Peter Pan."
4192,0,3,42,45,1.0666666666666667,0.03760507165451773,522,Will there be a guest for dinner?
4192,0,3,42,45,1.0666666666666667,0.03760507165451773,522,He'd like an extra dash of bitters.
4192,0,3,42,45,1.0666666666666667,0.03760507165451773,522,Mum's the word.
4192,0,3,42,45,1.0666666666666667,0.03760507165451773,522,If you're blue and you don't know where to go to Why don't you go where fashion sits? Puttin' on the Ritz
4192,0,3,42,45,1.0666666666666667,0.03760507165451773,522,Should he have lunch before or after his journey.
4192,0,3,42,45,1.0666666666666667,0.03760507165451773,522,"Excuse me Young Master Frankenstein, but would your father approve?"
4192,0,3,42,45,1.0666666666666667,0.03760507165451773,522,Can he dance?
4192,0,3,42,45,1.0666666666666667,0.03760507165451773,522,"I'm the Temp, my nephew Igor needed some time off, about a weak back."
4192,0,3,42,45,1.0666666666666667,0.03760507165451773,522,"Sir, I really must protest. Now that creature is demanding that I take him to a Trump rally."
4223,1,2,58,61,1.0655737704918034,0.03959392553603673,522,I am here to conduct experiments.
4224,1,1,44,46,1.065217391304348,0.04817614532925987,522,Her Ladyship asks if any more social media friends are expected?
4224,0,3,43,46,1.065217391304348,0.03680702927304431,522,I suggest he be finished in five minutes if there is to be any chance of the lady upstairs becoming the Bride of Frankenstein.
4224,0,3,43,46,1.065217391304348,0.03680702927304431,522,"Sir, your mother is here to see you."
4224,1,1,44,46,1.065217391304348,0.04817614532925987,522,"Dr., Mr. and Mrs. Normal are at the door, as well as their daughter, Abby. Should I show them in?"
4224,0,3,43,46,1.065217391304348,0.03680702927304431,522,Will that be two or three for dinner tonight?
4224,0,3,43,46,1.065217391304348,0.03680702927304431,522,"Now, sir, if you pass the tube back through the hole in the wall, he'll be up and running in no time."
4224,0,3,43,46,1.065217391304348,0.03680702927304431,522,"Sir, Melania Trump is requesting you return her husband's body before the GOP Convention."
4224,0,3,43,46,1.065217391304348,0.03680702927304431,522,"Your pizza sticks have arrived, sir."
4224,1,1,44,46,1.065217391304348,0.04817614532925987,522,It's unnatural. He requested ketchup for his hot dog.
4233,1,1,45,47,1.0638297872340425,0.0471603962868858,522,"“Satan has his companions, fellow-devils, to admire and encourage him; but I am solitary and detested.” said the PhD candidate to his advisor"
4233,1,1,45,47,1.0638297872340425,0.0471603962868858,522,Your table is ready
4233,1,1,45,47,1.0638297872340425,0.0471603962868858,522,"Sir, the historic commission is here - they've decided to reconsider."
4233,1,1,45,47,1.0638297872340425,0.0471603962868858,522,I told you no guests tonite!
4233,0,3,44,47,1.0638297872340425,0.03604210867489022,522,"Beg your pardon, sir: But before we tele-port this illegal alien back to Mexico in the next nanosecond, Mr Trump would like to be assured your student visa I-9 form is in order."
4233,0,3,44,47,1.0638297872340425,0.03604210867489022,522,"Sir, if I may, I believe you've worked on this project for far too long. Perhaps you should get some rest and move on to genetically modifying humans?"
4233,0,3,44,47,1.0638297872340425,0.03604210867489022,522,"No sir, I don't think you are mocking the stupendous mechanism of the creator of the world."
4233,0,3,44,47,1.0638297872340425,0.03604210867489022,522,Would you monster like breakfast in bed sir?
4233,0,3,44,47,1.0638297872340425,0.03604210867489022,522,Can Sir say if they will all want tea?
4242,0,3,45,48,1.0625,0.035308292679127,522,"Sir, a Los Angeles agent is calling about your work on Son of Trump."
4242,0,3,45,48,1.0625,0.035308292679127,522,"Your father would like to complete his experiment, sir."
4244,0,4,61,65,1.0615384615384615,0.030039421830410213,522,"Sir, I am willing to work for employee stock options."
4245,0,4,62,66,1.0606060606060606,0.02959546899413308,522,"Shall I bring an extra cup for cocoa, sir?"
4246,0,3,47,50,1.06,0.033926691677251195,522,"With the greatest respect, Sir. Perhaps Sir didn't fully investigate the literature? Sir will find my patent numbers on the back of my neck."
4247,0,3,48,51,1.0588235294117647,0.0332756132323081,522,"Igor, un-splice yourself with Alfred Hitchcock and assist me with this experiment."
4248,1,1,50,52,1.0576923076923077,0.042662709019953504,522,This town may not be big enough for the two
4249,0,2,33,35,1.0571428571428572,0.039807459772527774,522,I've been sent to ask if your work surface is contaminated with gluten.
4250,0,3,51,54,1.0555555555555556,0.031464006330825245,522,"Sir, your guest regrets that he cannot join you for tea as he has a splitting headache."
4251,0,3,52,55,1.0545454545454545,0.030903148567228995,522,Amazon - looks like torches and pitchforks
4252,0,2,35,37,1.054054054054054,0.03768738858261605,522,"When he wakes, he likes a glass of calvados with his FT."
4253,1,1,54,56,1.0535714285714286,0.03963832312904237,522,"Uncle Dick can't play anymore!,it's time for school Sir."
4254,0,2,36,38,1.0526315789473684,0.0367097806559429,522,the only tables for two were already taken.
4254,0,2,36,38,1.0526315789473684,0.0367097806559429,522,"Sir, shall I set the table for two?"
4254,0,2,36,38,1.0526315789473684,0.0367097806559429,522,My master wants to know who built these walls.
4254,0,2,36,38,1.0526315789473684,0.0367097806559429,522,"The new man has arrived, sir"
4254,2,0,74,76,1.0526315789473684,0.036967206150360477,522,How AI was born...
4254,0,2,36,38,1.0526315789473684,0.0367097806559429,522,"Remember: His running mate should be more ""wonk"" and no honk."
4254,0,4,72,76,1.0526315789473684,0.025784102555612382,522,"Butler: Would you care for a latte and brains this evening? Scientist: No, not now. I've had a latte of brains already."
4261,0,2,37,39,1.0512820512820513,0.03578157512432619,522,Will he be staying for dinner; his electrifying conversation can be the highlight of the evening.
4261,0,2,37,39,1.0512820512820513,0.03578157512432619,522,"A chap from the police for cocktail time, sir?"
4261,0,2,37,39,1.0512820512820513,0.03578157512432619,522,"""yes Frank, farm to table concept. Chitlins and cornbread""."
4261,0,2,37,39,1.0512820512820513,0.03578157512432619,522,Excuse me sir? Perhaps shaken not stirred.
4261,0,2,37,39,1.0512820512820513,0.03578157512432619,522,Dr. Marvel: The corpus delecti is almost ready; roast at 220 degrees to unfeeze and enliven!
4261,0,2,37,39,1.0512820512820513,0.03578157512432619,522,"Troubles with Elizabeth, Victor?"
4261,0,2,37,39,1.0512820512820513,0.03578157512432619,522,"Master, Igor clean up nice?"
4261,0,2,37,39,1.0512820512820513,0.03578157512432619,522,"I'm sorry, but his pancreas is needed for the Doctor's dinner of sweetbreads."
4261,0,2,37,39,1.0512820512820513,0.03578157512432619,522,"What kind of silverware will you need, Sir?"
4261,0,2,37,39,1.0512820512820513,0.03578157512432619,522,"Your wife wants you to come upstairs for dinner, Sir."
4261,0,2,37,39,1.0512820512820513,0.03578157512432619,522,"'A new butler, that 'll freak them out'"
4272,1,1,57,59,1.0508474576271187,0.03763717411355216,522,"You left the toilet seat up again, you bastard!"
4273,0,2,38,40,1.05,0.03489912202260563,522,"Mr. Watson, we need your expertise with a presidential candidate."
4273,0,2,38,40,1.05,0.03489912202260563,522,It's about time we got a separate page.
4273,0,2,38,40,1.05,0.03489912202260563,522,"Emotions, Jeeves? I am confident he will not have any."
4273,0,2,38,40,1.05,0.03489912202260563,522,It took me over a century to clean up the last attempt at misguided creativeness!
4273,0,2,38,40,1.05,0.03489912202260563,522,"A gentleman to see you sir, a Mr. Dexter."
4273,1,0,39,40,1.05,0.04999999999999999,522,"Adding commedian brain cells to the republican vp will add a jovial moment to the convention, Especially when he sings and taps."
4273,0,2,38,40,1.05,0.03489912202260563,522,"Excuse me Henry, I'm Max. Is the set for 'Sunset Boulevard' nearby?"
4273,0,2,38,40,1.05,0.03489912202260563,522,Fronkensteen... Not Frankenstein... Very good sir.
4273,0,2,38,40,1.05,0.03489912202260563,522,"Brilliant idea, Sir! It's so much more personal to have Frank over there deliver the coffee to people's doors instead of using those flying drones."
4273,0,2,38,40,1.05,0.03489912202260563,522,"Presenting Lord Stein, Mr. Franken, Sir."
4273,0,2,38,40,1.05,0.03489912202260563,522,My replacement will never have my English accent.
4273,0,2,38,40,1.05,0.03489912202260563,522,"Sir, he's on the HMO so service may be a little slow tonight."
4273,0,2,38,40,1.05,0.03489912202260563,522,M'lord--dinner is served.
4273,0,2,38,40,1.05,0.03489912202260563,522,"Sir, I believe the recipe calls for three tablespoons of worcestershire sauce."
4273,0,2,38,40,1.05,0.03489912202260563,522,"Any requests, sir, before I leave?"
4273,0,2,38,40,1.05,0.03489912202260563,522,"I was sent over by the temp agency. It seems that, without a brain, Igor is basically non-functional."
4273,0,2,38,40,1.05,0.03489912202260563,522,"""Will Sanka do?"
4273,0,2,38,40,1.05,0.03489912202260563,522,"There are men in uniform at the door, sir. Should I let them in ?"
4273,0,2,38,40,1.05,0.03489912202260563,522,"The neighbor asks if you can come out to play, sir"
4273,0,2,38,40,1.05,0.03489912202260563,522,"Tea Party, Dr. Priebus?"
4273,0,2,38,40,1.05,0.03489912202260563,522,"That patron got too juiced up on Rusty Nails and Screwdrivers, so as per our policy, all charges will be removed."
4273,0,2,38,40,1.05,0.03489912202260563,522,The forecast called for rain with a chance of Trump.
4273,0,2,38,40,1.05,0.03489912202260563,522,Only someone as polite me can love like a monster.
4273,0,2,38,40,1.05,0.03489912202260563,522,This man from Neanderthal drank all our vodka.
4273,0,2,38,40,1.05,0.03489912202260563,522,Mr. Trumpenstein would appreciate more energy
4273,0,3,57,60,1.05,0.02837401532675117,522,This is the cameo I've been missing.
4273,0,2,38,40,1.05,0.03489912202260563,522,I PRESUME YOUNG FRANKENSTEIN THAT HIS NAME IS DONALD
4273,0,2,38,40,1.05,0.03489912202260563,522,Google is on the phone. They want to know if you are interested in moving your lab to Silicon Valley.
4273,0,2,38,40,1.05,0.03489912202260563,522,The gardener would like to know if 'Encore Azaleas' are acceptable to you this year?
4273,0,2,38,40,1.05,0.03489912202260563,522,time to experiment
4273,0,2,38,40,1.05,0.03489912202260563,522,I need more baby formula.
4304,0,3,58,61,1.0491803278688525,0.027917026829387525,522,Is the orange potion ready sir? not much time left to general election.
4305,0,2,39,41,1.048780487804878,0.034059122057973054,522,Two minutes until plating for this week's quick fire challenge!
4305,0,2,39,41,1.048780487804878,0.034059122057973054,522,Would master like his usual afternoon Corpse Reviver?
4305,0,2,39,41,1.048780487804878,0.034059122057973054,522,Would you like fries with that?
4305,1,0,40,41,1.048780487804878,0.04878048780487807,522,"Shall I prepare some steak and kidney pie for when he wakes up, sir?"
4305,0,2,39,41,1.048780487804878,0.034059122057973054,522,I find your manners to be monstrous.
4305,0,2,39,41,1.048780487804878,0.034059122057973054,522,"Sir, your ""Stein"" has arrived."
4305,0,2,39,41,1.048780487804878,0.034059122057973054,522,"Sir, I greatly apologize for the decaffeinated tea this morning."
4305,0,2,39,41,1.048780487804878,0.034059122057973054,522,"Mr. Coll, would you care for a cocktail while you construct your next story?"
4305,0,2,39,41,1.048780487804878,0.034059122057973054,522,"Sir, the townsfolk are here with their pitchforks."
4305,0,2,39,41,1.048780487804878,0.034059122057973054,522,"A property has become available on Broadway, you say?"
4305,0,2,39,41,1.048780487804878,0.034059122057973054,522,"Sir, we have the problem with Frankenstein 8 event. They already know that he will have just one arm."
4305,0,2,39,41,1.048780487804878,0.034059122057973054,522,Your next mani-pedi bro-zilian has arrived.
4305,1,0,40,41,1.048780487804878,0.04878048780487807,522,"As you wish Sir, to make a 3 minute egg you first boil the water"
4305,0,2,39,41,1.048780487804878,0.034059122057973054,522,"I know I messed up last time, but please trust me."
4305,0,2,39,41,1.048780487804878,0.034059122057973054,522,"Shall I prepare your brain for transplant, Sir?"
4305,0,2,39,41,1.048780487804878,0.034059122057973054,522,"Jeeve's ""Do we have any olives"""
4305,0,2,39,41,1.048780487804878,0.034059122057973054,522,"I hear you the best mixologist in town, but I'm not sure about the décor."
4305,0,2,39,41,1.048780487804878,0.034059122057973054,522,Would you like Frank's for dinner sir?
4305,0,2,39,41,1.048780487804878,0.034059122057973054,522,"Sir, your mother is on the phone."
4305,0,2,39,41,1.048780487804878,0.034059122057973054,522,"Of course, young Master Frankenst . . . I mean, 'Yes, Master.'"
4305,0,2,39,41,1.048780487804878,0.034059122057973054,522,Will he be eating upstairs or downstairs?
4305,1,0,40,41,1.048780487804878,0.04878048780487807,522,"Cats and dogs can fall from the sky, then dry off under here."
4305,0,2,39,41,1.048780487804878,0.034059122057973054,522,"May I address you as ""Sir?"" If both of us use the appellation ""Master,"" people may think we are twins."
4305,0,2,39,41,1.048780487804878,0.034059122057973054,522,"Excuse me sir, but would Mr. Boyle enjoy some tea."
4305,0,2,39,41,1.048780487804878,0.034059122057973054,522,The guests are clamoring for their third sir.party nominee
4305,0,2,39,41,1.048780487804878,0.034059122057973054,522,"Your monster, sir?…is good people."
4305,0,2,39,41,1.048780487804878,0.034059122057973054,522,Mr. Trump will see you now.
4305,0,2,39,41,1.048780487804878,0.034059122057973054,522,"Doctor Frankenstein, sir, I am pleased to note the staff unanimously support ""Natural Man!"" over ""GMO Jimmy!"" Will there be anything else, sir?"
4305,0,2,39,41,1.048780487804878,0.034059122057973054,522,"Actually, I'm the Gentleman's Gentleman you are the Gentleman."
4305,0,2,39,41,1.048780487804878,0.034059122057973054,522,What would you like for lunch?
4305,0,2,39,41,1.048780487804878,0.034059122057973054,522,"Alfred, would you please pass the torque wrench?"
4305,0,2,39,41,1.048780487804878,0.034059122057973054,522,"Mr. Bogart will see you in a couple of minutes, Mr. Greenstreet."
4305,0,2,39,41,1.048780487804878,0.034059122057973054,522,"Sir, how many for dinner tonight?"
4305,0,2,39,41,1.048780487804878,0.034059122057973054,522,Cook says she's not sure there will be enough vichyssoise. Can you postpone this experiment until tomorrow?
4305,0,2,39,41,1.048780487804878,0.034059122057973054,522,What Boris be wanting dinner?
4305,0,2,39,41,1.048780487804878,0.034059122057973054,522,"'WD40', yes, it's catchy sir."
4305,0,2,39,41,1.048780487804878,0.034059122057973054,522,"Sir, may I recommend a Grande, Quad, Nonfat, One-Pump, Latte?"
4305,0,2,39,41,1.048780487804878,0.034059122057973054,522,Your milk and cookies are ready to be served.
4305,0,2,39,41,1.048780487804878,0.034059122057973054,522,"Townsmen with pitchforks and torches--at the *front* door, sir."
4305,0,2,39,41,1.048780487804878,0.034059122057973054,522,Frankenstein? Why not call him Bob-enstein?
4305,0,2,39,41,1.048780487804878,0.034059122057973054,522,Is this lunch or dinner
4305,0,2,39,41,1.048780487804878,0.034059122057973054,522,"I'm sorry to disturb you, sir, but the decorators are weeping."
4305,0,2,39,41,1.048780487804878,0.034059122057973054,522,"Doctor Frankenstein, I have the results of your monster's urine test, it came back 'dirty.'"
4305,0,2,39,41,1.048780487804878,0.034059122057973054,522,His Lordship wishes to know how well Mr Barrow is responding to treatment?
4305,0,2,39,41,1.048780487804878,0.034059122057973054,522,"My good doctor, let me mix you a little something that will shock the system."
4305,0,2,39,41,1.048780487804878,0.034059122057973054,522,'I don't care what they do with the rain in Spain!'
4305,1,0,40,41,1.048780487804878,0.04878048780487807,522,Sir: Will your guest be joining you for dinner this evening?
4305,0,2,39,41,1.048780487804878,0.034059122057973054,522,"Just a decaf cappuccino for now, I'm already too charged up."
4305,0,2,39,41,1.048780487804878,0.034059122057973054,522,He's taken molecular gastronomy to a new level.
4305,0,2,39,41,1.048780487804878,0.034059122057973054,522,"Dr. Frankenstein sent me to remind you that if he is not sufficiently charming, then he is your [italicized] monster, Master Igor."
4305,0,2,39,41,1.048780487804878,0.034059122057973054,522,"Shall I fetch the lightning bolt for you, sir?"
4305,0,2,39,41,1.048780487804878,0.034059122057973054,522,"Will you be requiring adrenaline, sir?"
4305,0,2,39,41,1.048780487804878,0.034059122057973054,522,"If it's all right with you sir, mother would like Teddy home before the storm."
4305,0,2,39,41,1.048780487804878,0.034059122057973054,522,"A Master ""GW"" Bush and Master Dick Cheney have arrived for their donor transplants, sir!"
4305,0,2,39,41,1.048780487804878,0.034059122057973054,522,I did it.
4305,0,2,39,41,1.048780487804878,0.034059122057973054,522,You raaang?
4305,0,2,39,41,1.048780487804878,0.034059122057973054,522,i told you victor to put your toys away...dinner in five minutes
4305,0,2,39,41,1.048780487804878,0.034059122057973054,522,"Hey, don't sneak up on me like that, you creep!"
4305,0,2,39,41,1.048780487804878,0.034059122057973054,522,Still a bit shy on haughtiness. M'lord.
4305,0,2,39,41,1.048780487804878,0.034059122057973054,522,"I'm from the temp agency, sir. May I get you anything?"
4305,0,2,39,41,1.048780487804878,0.034059122057973054,522,"Entirely up to you as to what to call him, sir, but why not name your creation after yourself? Why 'Drumpf?'"
4305,0,2,39,41,1.048780487804878,0.034059122057973054,522,Not so 'good evening.'
4305,0,2,39,41,1.048780487804878,0.034059122057973054,522,Lady Mary requests that you both join the family for dinner. The film crew have left Downton for the day.
4305,0,2,39,41,1.048780487804878,0.034059122057973054,522,"It seemed more Republican, sir."
4305,0,2,39,41,1.048780487804878,0.034059122057973054,522,"Victor, it's time for Franky's electric voltage lunch."
4305,0,2,39,41,1.048780487804878,0.034059122057973054,522,"Your O'Rielly Factor, Sir."
4305,0,2,39,41,1.048780487804878,0.034059122057973054,522,"No, I needed a buckle"
4305,0,2,39,41,1.048780487804878,0.034059122057973054,522,Your mother wants to know if you are coming up for dinner.
4305,0,2,39,41,1.048780487804878,0.034059122057973054,522,"The union sent me, sir. It turns out Igor was quite insane."
4305,0,2,39,41,1.048780487804878,0.034059122057973054,522,"Yes Doctor, I did it."" ""Is it that obvious?"
4305,0,2,39,41,1.048780487804878,0.034059122057973054,522,"Will you be having lightning boiled brains with your tea, sir?"
4305,0,2,39,41,1.048780487804878,0.034059122057973054,522,"Sir, your order from NewBrain.com has arrived."
4305,0,2,39,41,1.048780487804878,0.034059122057973054,522,The staff are requesting more creature comforts.
4305,0,2,39,41,1.048780487804878,0.034059122057973054,522,Will you be using the bicycle or skateboard today?
4305,0,2,39,41,1.048780487804878,0.034059122057973054,522,Look what happened to the G.O.P.
4305,0,2,39,41,1.048780487804878,0.034059122057973054,522,"Master, Class?"
4305,0,2,39,41,1.048780487804878,0.034059122057973054,522,"Beg your pardon, Master Frankenstein, your father's new bride has arrived. Might we untie him now?"
4305,0,2,39,41,1.048780487804878,0.034059122057973054,522,"Shall I announce the impending birth, Sir?"
4305,0,2,39,41,1.048780487804878,0.034059122057973054,522,"Sir, ""The Donald"" is requesting a Father's Day photo shoot. Shall it be you or Frank?"
4305,1,0,40,41,1.048780487804878,0.04878048780487807,522,There may be some lingering resentment.
4305,0,2,39,41,1.048780487804878,0.034059122057973054,522,Will he be ready for dinner with the guests upstairs
4386,0,2,40,42,1.0476190476190477,0.033258585512837065,522,"Sorry, Sir. Thanks to the Republicans, no actions on climate change have been made, and unfortunately, the weather is still Sunny for the foreseeable future."
4386,0,2,40,42,1.0476190476190477,0.033258585512837065,522,"Dr. Frankenstein, His Bride awaits."
4386,0,2,40,42,1.0476190476190477,0.033258585512837065,522,It’s alive—the poached salmon at table five.
4386,0,2,40,42,1.0476190476190477,0.033258585512837065,522,Now what do we do with Mr. Kerry?
4386,0,2,40,42,1.0476190476190477,0.033258585512837065,522,"Master, will our guest be staying for tea?"
4386,0,2,40,42,1.0476190476190477,0.033258585512837065,522,"If you should need to say I did it, sir, I’m quite down with that."
4386,0,2,40,42,1.0476190476190477,0.033258585512837065,522,"I did it, Jarvis! I can bring the dead to life!  Congratulations, Sir! Perhaps a cheaper and more appealing to Republicans alternative to Obamacare?"
4386,0,2,40,42,1.0476190476190477,0.033258585512837065,522,"Sir, I'm trying to be as quiet as possible, so I do not awaken Mr Frankinstein."
4386,0,2,40,42,1.0476190476190477,0.033258585512837065,522,Will Jeeves 2.0 have a flair for making a nice cuppa tea?
4386,0,2,40,42,1.0476190476190477,0.033258585512837065,522,Igor is out ill. But no worries; I majored in grave robbing at Transylvania Tech.
4386,0,2,40,42,1.0476190476190477,0.033258585512837065,522,"The sushi has arrived, sir."
4386,0,2,40,42,1.0476190476190477,0.033258585512837065,522,"Yes, Doctor. I understand most households do not even have a footman anymore, but are you sure your - creation - will be able to perform the required duties?"
4386,0,2,40,42,1.0476190476190477,0.033258585512837065,522,"That new long-term contract is going to have to wait, Jeeves, I'm putting something together."
4386,0,2,40,42,1.0476190476190477,0.033258585512837065,522,"We must be psychos, doing this thing to another man!"
4386,0,2,40,42,1.0476190476190477,0.033258585512837065,522,"Might Master install the brain of a vegetarian tonight? The kitchen's experiment with the chateaubriand, unfortunately, was an utter failure."
4386,0,2,40,42,1.0476190476190477,0.033258585512837065,522,"Sir, the Frankenstein lunch box you ordered has arrived."
4386,0,2,40,42,1.0476190476190477,0.033258585512837065,522,"Sir, your turducken is ready."
4386,0,2,40,42,1.0476190476190477,0.033258585512837065,522,There's aa Edward Lampert at the door sir. Something reviving a dead brand.
4386,0,2,40,42,1.0476190476190477,0.033258585512837065,522,"Sir, Cook is needing your milkshake recipe."
4386,0,2,40,42,1.0476190476190477,0.033258585512837065,522,We're still searching for a workable brain to add to your Trump monster.
4386,0,2,40,42,1.0476190476190477,0.033258585512837065,522,Your future bride has come calling
4386,0,2,40,42,1.0476190476190477,0.033258585512837065,522,I do believe the Donald is ready.
4386,0,2,40,42,1.0476190476190477,0.033258585512837065,522,"Mr. F, would you like a Perrier?"
4386,0,2,40,42,1.0476190476190477,0.033258585512837065,522,"Master Musk, The sun is out."
4386,0,2,40,42,1.0476190476190477,0.033258585512837065,522,I always come prepared when the Elementary School has a field trip to the top of the Empire State Building.
4386,1,0,41,42,1.0476190476190477,0.047619047619047616,522,"Sir, should I summon the Red Woman?"
4386,1,0,41,42,1.0476190476190477,0.047619047619047616,522,"Sorry, sir. This is not the kind of help I wanted."
4386,0,2,40,42,1.0476190476190477,0.033258585512837065,522,"Your shrimp lo mein has been delivered, my lord."
4386,1,0,41,42,1.0476190476190477,0.047619047619047616,522,"In my experience, Sir, Channel does the trick."
4386,0,2,40,42,1.0476190476190477,0.033258585512837065,522,"I'm going to have to be paid the same as the green help, sir."
4386,0,2,40,42,1.0476190476190477,0.033258585512837065,522,Madame woudl like to know if Master is playing with her dildo again.
4386,0,2,40,42,1.0476190476190477,0.033258585512837065,522,I was told you could work miracles on the stiff.
4386,0,2,40,42,1.0476190476190477,0.033258585512837065,522,Do you anticipate your guest will have any food allergies?
4386,1,0,41,42,1.0476190476190477,0.047619047619047616,522,"Sir, it looks like the storm will just barely miss us. Should we put him back on the rocks?"
4386,0,2,40,42,1.0476190476190477,0.033258585512837065,522,If you ask Jeeves... just Google it.
4386,0,2,40,42,1.0476190476190477,0.033258585512837065,522,This looks exactly like a movie I once saw. Who are you?
4386,0,2,40,42,1.0476190476190477,0.033258585512837065,522,"Shall I wash your beast, sir?"
4386,0,2,40,42,1.0476190476190477,0.033258585512837065,522,I can always us it as a parachute too.
4386,0,2,40,42,1.0476190476190477,0.033258585512837065,522,"The lawn people are here, and insist on talking to you."
4386,0,2,40,42,1.0476190476190477,0.033258585512837065,522,"Sir,would you like well or sparkling distilled water?"
4386,0,2,40,42,1.0476190476190477,0.033258585512837065,522,Would you care for that on or off the bone?
4386,0,2,40,42,1.0476190476190477,0.033258585512837065,522,"Sir, Mr. Trump is on the line. He says he'll quadruple Hillary's offer"
4386,0,2,40,42,1.0476190476190477,0.033258585512837065,522,Pro-life platform at the Center for Literary Progress.
4386,1,0,41,42,1.0476190476190477,0.047619047619047616,522,"Excuse me sir, there is a mob out front with pitchforks and torches. I think they want to see him, but they don't know his name."
4386,0,2,40,42,1.0476190476190477,0.033258585512837065,522,"The chef refuses to give you his recipe, Sir."
4386,0,2,40,42,1.0476190476190477,0.033258585512837065,522,"Excuse me Doctor, but have you watched that Red Priestess on the TV?"
4386,0,2,40,42,1.0476190476190477,0.033258585512837065,522,May I offer you our thunder bundle deals?
4386,0,2,40,42,1.0476190476190477,0.033258585512837065,522,Hand mixing is so tedious.
4386,0,2,40,42,1.0476190476190477,0.033258585512837065,522,"Your guests have arrived,sir. Shall I show them in?"
4386,0,2,40,42,1.0476190476190477,0.033258585512837065,522,I think it's time to now go digital.
4386,0,2,40,42,1.0476190476190477,0.033258585512837065,522,"Shall I tell the villagers that he is alive yet, sir?"
4386,1,0,41,42,1.0476190476190477,0.047619047619047616,522,"No, I said 'I can make him better.'"
4386,0,2,40,42,1.0476190476190477,0.033258585512837065,522,Could you see if we have any green food coloring?
4386,0,2,40,42,1.0476190476190477,0.033258585512837065,522,A Mr. Gene Wilder is here to see you.
4386,0,2,40,42,1.0476190476190477,0.033258585512837065,522,this monster will be the first in a long family line to be known as Trump.
4386,0,2,40,42,1.0476190476190477,0.033258585512837065,522,"Yes, I agree you have crossed the line intu mission creep."
4386,0,2,40,42,1.0476190476190477,0.033258585512837065,522,"Sir, dinner is ready. We have raw meat, blood, brains and sucking bones. What shall I prepare for him?"
4386,0,2,40,42,1.0476190476190477,0.033258585512837065,522,Congratulations Mr.Frankenstein! You have passed your entrance exam. The remaining members of Adams family already expressed interest in hosting you for the semester.
4386,1,0,41,42,1.0476190476190477,0.047619047619047616,522,"My body is a sexual wonderland, and you have the key."
4386,0,2,40,42,1.0476190476190477,0.033258585512837065,522,So this is what a prohibition-era speakeasy is like....
4386,0,2,40,42,1.0476190476190477,0.033258585512837065,522,"YOU RATTLED, SIR?"
4386,1,0,41,42,1.0476190476190477,0.047619047619047616,522,He needs a recharge. Too much Monster Mash!
4386,0,2,40,42,1.0476190476190477,0.033258585512837065,522,Please be advised that his lordship is on a sodium-free diet.
4386,0,2,40,42,1.0476190476190477,0.033258585512837065,522,"miss otis regrets she's unable to lunch today, doctor."
4386,0,2,40,42,1.0476190476190477,0.033258585512837065,522,You're still at it!
4386,0,2,40,42,1.0476190476190477,0.033258585512837065,522,We don't take reservations
4386,0,2,40,42,1.0476190476190477,0.033258585512837065,522,"Sir. We will need refrigeration for the body. The dry season is here. No chance of thunderstorms with lightning, for a month."
4453,0,2,41,43,1.0465116279069768,0.03249479679096613,522,"Fooled you, master! I can stand stiff as a board."
4453,0,2,41,43,1.0465116279069768,0.03249479679096613,522,"We have visitors, Master."
4453,0,2,41,43,1.0465116279069768,0.03249479679096613,522,"Sir, will that be one table setting for your guest, or many?"
4453,1,0,42,43,1.0465116279069768,0.046511627906976744,522,"Sir, although I did agree marketing makes pop stars, I don't believe science is there yet."
4453,0,2,41,43,1.0465116279069768,0.03249479679096613,522,You'll need to drink that when he wakes up.
4453,0,2,41,43,1.0465116279069768,0.03249479679096613,522,"Sir, there's a Roger Moore waiting for you in the drawing room."
4453,0,2,41,43,1.0465116279069768,0.03249479679096613,522,"It's time for your paddling, sir."
4453,0,2,41,43,1.0465116279069768,0.03249479679096613,522,"It is my opinion, sir, that what you're mixing up in your tube is shockingly inappropriate for You Tube."
4453,0,2,41,43,1.0465116279069768,0.03249479679096613,522,"Good work, but Master is looking for more of a Princeton orange hue... -Trump's staff hard at work."
4453,0,2,41,43,1.0465116279069768,0.03249479679096613,522,"It's your investors, Sir. They're at the gate and they're carrying pitchforks."
4453,0,2,41,43,1.0465116279069768,0.03249479679096613,522,"""Nov.'s prescience / suspens. . ."
4453,0,2,41,43,1.0465116279069768,0.03249479679096613,522,I've been carrying this ever since Miss Peach's class.
4453,0,2,41,43,1.0465116279069768,0.03249479679096613,522,Help! I forgot the next step!
4453,0,2,41,43,1.0465116279069768,0.03249479679096613,522,"Dracula's strapped to the Ferris Wheel, and the Wolf Man to the Scrambler."
4453,0,2,41,43,1.0465116279069768,0.03249479679096613,522,"""How many will there be for dinner, sir?"
4453,0,2,41,43,1.0465116279069768,0.03249479679096613,522,Our last tailor found him a bit squirmy.
4453,0,2,41,43,1.0465116279069768,0.03249479679096613,522,"Dr. Frankenstein. Your ""Chirpen Chicken""order has arrived""."
4453,0,2,41,43,1.0465116279069768,0.03249479679096613,522,I appreciate your opinion but must you be so frank ?
4453,0,2,41,43,1.0465116279069768,0.03249479679096613,522,"Shall I prepare the last meal, dare I say, franks and beans?"
4472,0,2,42,44,1.0454545454545454,0.031765283723713976,522,(That awkward moment when the man you are trying to make poison for walks in)
4472,0,2,42,44,1.0454545454545454,0.031765283723713976,522,"You're the doctor, I presume?"
4472,0,2,42,44,1.0454545454545454,0.031765283723713976,522,"Sir, I am sick of this. I quit."
4472,1,0,43,44,1.0454545454545454,0.04545454545454544,522,I can ask Cook to provide you with more liquid smoke.
4472,0,2,42,44,1.0454545454545454,0.031765283723713976,522,"It's called EST, and it's done wonders for my self-esteem."
4472,0,2,42,44,1.0454545454545454,0.031765283723713976,522,"Pardon the interruption, sir, but the immortal cells have just been delivered."
4472,0,2,42,44,1.0454545454545454,0.031765283723713976,522,"It's that large computer company again, Sir. And for dinner would you like herring and cheese?"
4472,1,0,43,44,1.0454545454545454,0.04545454545454544,522,Your bouillabaisse is ready Sir. Will Frankie be having any with you?
4472,0,2,42,44,1.0454545454545454,0.031765283723713976,522,"Please excuse the interruption Young Sir, but the guests have arrived and The Bride is becoming somewhat …IMPATIENT. While it was truly a lovely thought initially, completing your Love Potion #9, is HARDLY necessary."
4472,0,2,42,44,1.0454545454545454,0.031765283723713976,522,"Father, I took out Adam's rib and I'm making Eve, as you said."
4482,0,2,43,45,1.0444444444444445,0.031067790907534747,522,Mr. Frankenstein has not been paying his tax.
4482,0,2,43,45,1.0444444444444445,0.031067790907534747,522,"I don't want to be blamed, sir."
4482,0,2,43,45,1.0444444444444445,0.031067790907534747,522,"Sir, would you like to have fried brains for dinner ?"
4482,0,2,43,45,1.0444444444444445,0.031067790907534747,522,"No sir, none of his emails were marked 'Classified.'"
4482,0,2,43,45,1.0444444444444445,0.031067790907534747,522,An excellent idea sir; may I recommend doxepine?
4487,0,2,44,46,1.0434782608695652,0.030400256468700027,522,"When he animates, the Donald will be pleased to see an Upper Westside assistant; Igor would not fit in above 57th St."
4487,0,2,44,46,1.0434782608695652,0.030400256468700027,522,Alfred Hitchcock meets Frankenstein in the movies.
4489,0,2,45,47,1.0425531914893618,0.029760791752350448,522,"make something that will make"" him"" laugh & jump for joy. and enjoyed his rest something we all need""this year"""
4489,0,2,45,47,1.0425531914893618,0.029760791752350448,522,"The town would like to know if any monsters are being created in here, sir."
4489,0,2,45,47,1.0425531914893618,0.029760791752350448,522,Mary sent me to assist you.
4492,1,1,70,72,1.0416666666666667,0.030881037833152276,522,"It's not very good when it's windy but, at least, I'll never forget it on the bus."
4492,1,0,47,48,1.0416666666666667,0.04166666666666666,522,"Smoked meat on rye it is, Sir."
4492,0,2,46,48,1.0416666666666667,0.029147663515556005,522,"Lets dissect this body Filmore, Nah I got better stuff to do like making Sulfuric Acid"
4492,0,2,46,48,1.0416666666666667,0.029147663515556005,522,The agency sends its apologies for my posture.
4496,0,2,48,50,1.04,0.02799416848895062,522,"Sir, the chef is asking if your palate can go vegetarian for tonight's dinner."
4497,0,2,49,51,1.0392156862745099,0.027450980392156866,522,"Sir, there is an Ira Flatow who keeps ringing back."
4498,0,2,50,52,1.0384615384615385,0.02692846315438478,522,"The weather report is sunny and clear, Sir. Your guests have arrived."
4499,0,1,26,27,1.037037037037037,0.03774256780481986,522,"Sir, can you please direct me to the set of 'Mr. Belvedere'?"
4500,0,3,82,85,1.035294117647059,0.02013302277430409,522,He is bound to swallow the truth serum now.
4501,0,3,86,89,1.0337078651685394,0.019238823495237367,522,"Excuse me, Mr. Manafort. Can you tone me down a notch when you're done with my employer?"
4502,0,1,36,37,1.027027027027027,0.02739983121755955,522,"Sir, would you like me to try the 2012 vintage?"
4502,0,1,36,37,1.027027027027027,0.02739983121755955,522,"How's your patient doing sir? He's perfectly fine, just relaxing and listening to some Ace of Base. Any song in particular? Cruel Summer."
4502,0,1,36,37,1.027027027027027,0.02739983121755955,522,Are Are you ready for the electrical super charge? Dy
4502,0,1,36,37,1.027027027027027,0.02739983121755955,522,"Sir, a Miss Abby Normal is here to see the monster."
4502,0,1,36,37,1.027027027027027,0.02739983121755955,522,Lily Munster says his naptime is over.
4502,0,2,72,74,1.027027027027027,0.01897964549126444,522,Thank you for apply to my experiment. But...I think I can not tie you by the belt.
4508,0,1,37,38,1.0263157894736843,0.02666903735313325,522,you can stop trying I'm not going to lower your tax.
4508,0,1,37,38,1.0263157894736843,0.02666903735313325,522,"Not now, Schutter! I've just discovered boltulinum toxin A (boltox)."
4508,0,1,37,38,1.0263157894736843,0.02666903735313325,522,Batman has given you quite the endorsement!
4508,0,1,37,38,1.0263157894736843,0.02666903735313325,522,"I'm sorry sir, but his Bride has cut the power lines."
4508,0,1,37,38,1.0263157894736843,0.02666903735313325,522,"Sir, you rang?"
4508,0,1,37,38,1.0263157894736843,0.02666903735313325,522,I just want people to know that I sell umbrella mortgages.
4508,0,1,37,38,1.0263157894736843,0.02666903735313325,522,"I'm more advanced than your current project, Dad."
4508,0,1,37,38,1.0263157894736843,0.02666903735313325,522,Shall I tell the upstairs that you've brought on a new Head Waiter?
4508,0,1,37,38,1.0263157894736843,0.02666903735313325,522,"Dinner is served, Dr. Trump."
4508,0,1,37,38,1.0263157894736843,0.02666903735313325,522,"""Sir, the power company is on the phone and want's to know if our guest will be staying for electricity ""?"
4508,0,1,37,38,1.0263157894736843,0.02666903735313325,522,"I thought you preferred your martinis on ice, sir."
4508,0,1,37,38,1.0263157894736843,0.02666903735313325,522,"Igor is currently indisposed, Doctor."
4508,0,1,37,38,1.0263157894736843,0.02666903735313325,522,Dr. Frankenstein has discovered there are thirteen for dinner. How soon can you have him ready?
4508,0,1,37,38,1.0263157894736843,0.02666903735313325,522,"Is the Democratic Presidential candidate nearly completed sir? Well, we've had some trouble with the wiring; this one should be ready soon. But calibrated for Republicanism."
4508,0,1,37,38,1.0263157894736843,0.02666903735313325,522,"It's a gentleman offering to inspect the water heater, sir. Shall I show him in?"
4508,0,1,37,38,1.0263157894736843,0.02666903735313325,522,Lay off the judgment Jeeves.
4508,0,1,37,38,1.0263157894736843,0.02666903735313325,522,"Your brain is still unavailable, Dr. Rove."
4508,0,1,37,38,1.0263157894736843,0.02666903735313325,522,"Sir, that's the most open MRI that I've ever seen!"
4508,0,1,37,38,1.0263157894736843,0.02666903735313325,522,"""I think we'll need more dip"" -Just hours before the Monster Mash kicked off."
4508,0,1,37,38,1.0263157894736843,0.02666903735313325,522,"Who's kidneys would you like for dinner tonight, sir?"
4508,0,1,37,38,1.0263157894736843,0.02666903735313325,522,A Mr. Banks is inquiring regarding your kite flying position.
4508,0,1,37,38,1.0263157894736843,0.02666903735313325,522,Mind if I call you Igor.
4530,0,1,38,39,1.0256410256410255,0.025976216673306556,522,"The monthly exterminator is here, and I told him again not to worry about the rats, lizards and snakes per your wishes sir."
4530,0,1,38,39,1.0256410256410255,0.025976216673306556,522,"While you're doing that, could you spill the beans?"
4530,0,1,38,39,1.0256410256410255,0.025976216673306556,522,"Would you like a lime with that, sir?"
4530,0,1,38,39,1.0256410256410255,0.025976216673306556,522,"Sir, your seamless has arrived."
4530,0,1,38,39,1.0256410256410255,0.025976216673306556,522,"Might I make one suggestion, Dr. Lovejoy?"
4530,0,1,38,39,1.0256410256410255,0.025976216673306556,522,"But father, mixology is a science. (""is"" should be in italics)"
4530,0,1,38,39,1.0256410256410255,0.025976216673306556,522,I drive a convertible.
4530,0,1,38,39,1.0256410256410255,0.025976216673306556,522,"Sir, a Dr. Kurzweil to see you."
4530,0,1,38,39,1.0256410256410255,0.025976216673306556,522,"Fine, I'll have the sweetbreads instead."
4530,0,1,38,39,1.0256410256410255,0.025976216673306556,522,"Hi Mr. Secretary, this man is now ready to apply to Obamacare 2.0."
4530,0,1,38,39,1.0256410256410255,0.025976216673306556,522,"Mr. Stein, would you like lunch before you wake Him?"" ""I told you to call me Frank."
4530,0,1,38,39,1.0256410256410255,0.025976216673306556,522,Alfred and Igor change places
4530,0,1,38,39,1.0256410256410255,0.025976216673306556,522,"CNN is here for the interview, Doctor."
4530,0,1,38,39,1.0256410256410255,0.025976216673306556,522,"Yes Sir, I will do my best to get Trump in here."
4530,0,1,38,39,1.0256410256410255,0.025976216673306556,522,"Vary God, Sir?"
4530,0,1,38,39,1.0256410256410255,0.025976216673306556,522,"So, I should ask the chef where he got the brain he got the brain he is scrambling with eggs for breakfast?"
4530,0,1,38,39,1.0256410256410255,0.025976216673306556,522,I told Cook we're no longer GMO-free.
4530,0,1,38,39,1.0256410256410255,0.025976216673306556,522,"Igor, fire it up to 'juice cleanse'."
4530,0,1,38,39,1.0256410256410255,0.025976216673306556,522,"Sir, Mr. Frankenstein's computer date is waiting in the foyer."
4530,0,1,38,39,1.0256410256410255,0.025976216673306556,522,Isn't he ready yet? The donors upstairs are getting antsy. Some are getting wasted and starting to consider supporting Clinton.
4530,0,1,38,39,1.0256410256410255,0.025976216673306556,522,"Yes, Herr Doktor, it's Igor. Forgive my absence, but I've been binge watching ""Downton Abbey."
4530,0,1,38,39,1.0256410256410255,0.025976216673306556,522,"I understood yor experiment to replace Igor with me as your man servent but I'm just afraid you might be creating a monster, Dr. Frankenstein."
4530,0,1,38,39,1.0256410256410255,0.025976216673306556,522,I'll take one neck bolt along with a side of lightning please.
4553,0,2,77,79,1.0253164556962024,0.017786314519727727,522,"I don't think he's going to fit into a penguin suit, Sir."
4554,0,1,39,40,1.025,0.025318484177091666,522,You're late on rent.
4554,0,1,39,40,1.025,0.025318484177091666,522,"The solar panels are ready fot testing, Son."
4554,0,1,39,40,1.025,0.025318484177091666,522,"Dinner, Sir."
4554,0,1,39,40,1.025,0.025318484177091666,522,"you father wanted me to ask you if you were going to be late for dinner, you mom is fixing your favourite meal of scrambled brains"
4554,0,1,39,40,1.025,0.025318484177091666,522,"Yes, a Hummer limo--how'd you guess?"
4554,0,1,39,40,1.025,0.025318484177091666,522,"Luncheon is served, sir. Madam will be out."
4554,0,1,39,40,1.025,0.025318484177091666,522,"Another ""experiment"" I see, Sir. I shall fetch the tissues."
4554,0,1,39,40,1.025,0.025318484177091666,522,There's a Brain here to see you.
4554,0,1,39,40,1.025,0.025318484177091666,522,my name is Dr.Frankenstein and welcome to Jackass!
4554,0,1,39,40,1.025,0.025318484177091666,522,"Actually, sir, I'm Frankenstein's Monster's loyal servant."
4554,0,1,39,40,1.025,0.025318484177091666,522,"Excuse me sir, but there is a political fundraising call on the phone."
4554,0,1,39,40,1.025,0.025318484177091666,522,"Sorry, I thought you called Seymour."
4554,0,1,39,40,1.025,0.025318484177091666,522,"Can't she see we are busy? Tell her, we can get married next month."
4554,0,1,39,40,1.025,0.025318484177091666,522,"Master William, your mother would like to know if you and your little friend will be joining us for dinner."
4554,0,1,39,40,1.025,0.025318484177091666,522,"Yes, of course I have IRB approval."
4554,0,1,39,40,1.025,0.025318484177091666,522,"Since body parts are missing, I've made 2 distinct baths: one whose vanity has pink lace, and lipsticks, face powder, face razors, and aftershave. the second: a plain wooden top, with lipsticks, face powder, face razors, and aftershave!"""
4554,0,1,39,40,1.025,0.025318484177091666,522,"Will you need anything else sir, I need my beauty rest before I look like this guy."
4554,0,1,39,40,1.025,0.025318484177091666,522,Erer
4554,0,1,39,40,1.025,0.025318484177091666,522,"I am so sorry Charles ""lap band"" surgery is one procedure I refuse to do. But I can recommend a wonderful ""fat free"" diet to rid you of those extra pounds."
4554,0,1,39,40,1.025,0.025318484177091666,522,Lunch is served - sandwiches made from fresh brain delivered earlier this morning.
4554,0,1,39,40,1.025,0.025318484177091666,522,"Sir. The electric company wants you to know that until you pay for Artenstein, Bertenstein. Carlenstien, Dannenstein, and Edwardenstein, there will be no Frankenstein tonight!"
4554,0,1,39,40,1.025,0.025318484177091666,522,"I am your manservant, not your slave Sir"
4554,0,1,39,40,1.025,0.025318484177091666,522,"How many lumps today, sir? One,two,....or more?"
4554,0,1,39,40,1.025,0.025318484177091666,522,"Young Mr. F., I suggest you return to school; Daddy's home."
4554,0,1,39,40,1.025,0.025318484177091666,522,"Sir, the electorate is getting unruly."
4554,0,1,39,40,1.025,0.025318484177091666,522,Do you think a little dog hair matters?
4554,0,1,39,40,1.025,0.025318484177091666,522,It was then that I noticed my Butler is starting to suspect that I'm actually a bird.
4554,0,1,39,40,1.025,0.025318484177091666,522,Someone asked Jeeves what the name of the monster actually is.
4554,0,1,39,40,1.025,0.025318484177091666,522,It's time to refresh his memory and stop him from going through life on auto pilot.
4554,0,1,39,40,1.025,0.025318484177091666,522,"It’s your ex-wife again, sir—with more questions about gas and electric bills."
4554,0,1,39,40,1.025,0.025318484177091666,522,"Might not the name Francistein be more correct, sir ?"
4554,0,1,39,40,1.025,0.025318484177091666,522,"""Cheer up! He like those people we kill in wars. We have to kill him to save him"
4554,0,1,39,40,1.025,0.025318484177091666,522,"Sir, I'm sorry to report a rat in the laboratory!"
4554,0,1,39,40,1.025,0.025318484177091666,522,Redundant labor force.
4554,0,1,39,40,1.025,0.025318484177091666,522,"Excuse me sir, but your latest experiment is ready for live action."
4554,0,1,39,40,1.025,0.025318484177091666,522,The interior designer is running a few minutes late for your appointment.
4554,0,1,39,40,1.025,0.025318484177091666,522,politics are alive my boy
4554,0,1,39,40,1.025,0.025318484177091666,522,the man behind the madness
4554,0,1,39,40,1.025,0.025318484177091666,522,"Westley has been prepared for the Machine , Count Rugen."
4554,0,1,39,40,1.025,0.025318484177091666,522,Do you always have to make an appearance?
4554,0,1,39,40,1.025,0.025318484177091666,522,The electricity is down. Have you any coins for the meter?
4554,0,1,39,40,1.025,0.025318484177091666,522,"So I'm planning to rent out this place for the weekend, think they will notice the entry rug is 1/2"" too small?"
4554,0,1,39,40,1.025,0.025318484177091666,522,"Chef is preparing a new concoction from Frankfurt that will complement your stein of porter this evening, Sir."
4554,0,1,39,40,1.025,0.025318484177091666,522,The Dowager Countess sends word that you're mistaken about the secret of life.
4554,0,1,39,40,1.025,0.025318484177091666,522,"The ladies from the Ballet Guild have arrived, Sir"
4554,0,1,39,40,1.025,0.025318484177091666,522,Mr. Trump requests he be dispatched right after the President. Thank you.
4554,0,1,39,40,1.025,0.025318484177091666,522,A Mister Sherlock Holmes and a Dr. Watson to see you sir.
4554,0,1,39,40,1.025,0.025318484177091666,522,"Out with Igor, in with Jeeves."
4554,0,1,39,40,1.025,0.025318484177091666,522,Do you still care for a Diet Coke?
4554,0,1,39,40,1.025,0.025318484177091666,522,"I'm afraid to have to tell you sir, chef Wesley has burnt your dinner."
4554,0,1,39,40,1.025,0.025318484177091666,522,"Fine, but he'll require a rocker, some birds, and a room with a view."
4554,0,1,39,40,1.025,0.025318484177091666,522,First time he ever leveled with me.
4554,0,1,39,40,1.025,0.025318484177091666,522,"Shark Tank isn't interested, but The Apprentice is wondering: would you consider a job as campaign manager?"
4554,0,1,39,40,1.025,0.025318484177091666,522,You also wanna feel the welcome tug of the future?
4554,0,1,39,40,1.025,0.025318484177091666,522,"Think of me as a Mr. Stevens type, only I am not against having sexual congress with your wards."
4554,0,1,39,40,1.025,0.025318484177091666,522,Reanimating corpses will kill our electricity bill.
4554,0,1,39,40,1.025,0.025318484177091666,522,"Did I dispose of the leftovers properly? Sir, the proof is in the pudding."
4554,0,1,39,40,1.025,0.025318484177091666,522,"Not today, alas!"
4554,0,1,39,40,1.025,0.025318484177091666,522,"Sir, You asked me to remind you when Munchery arrived."
4554,0,1,39,40,1.025,0.025318484177091666,522,Hello I'm here to collect the body for museum display
4554,0,1,39,40,1.025,0.025318484177091666,522,"Your very strange dinner is served, sir."
4554,0,1,39,40,1.025,0.025318484177091666,522,"Sir, Mrs. Clinton has arrived. She says America is ready for FrankenTrump."
4554,0,1,39,40,1.025,0.025318484177091666,522,"Please take Mr. Wayne off the table, doctor..."
4554,0,1,39,40,1.025,0.025318484177091666,522,Igor found him in the morgue.
4554,0,1,39,40,1.025,0.025318484177091666,522,Dinner is bleeding hearts of tortured Liberals.
4554,0,1,39,40,1.025,0.025318484177091666,522,"The good doctor said that if you don't go get some sleep now, then he will give you someone else's bed."
4554,0,1,39,40,1.025,0.025318484177091666,522,I contacted match.com on his behalf but they don't have any suitable dead wives.
4554,0,1,39,40,1.025,0.025318484177091666,522,"""Shall I polish the silver.. er, I mean the brass again now Sir""."
4554,0,1,39,40,1.025,0.025318484177091666,522,"Master Frankenstein, do you ever plan on leaving home?"
4554,0,1,39,40,1.025,0.025318484177091666,522,Let me know when is my turn.
4554,0,1,39,40,1.025,0.025318484177091666,522,Good evening. I'm swapping cameos with Mr. Whale.
4554,0,1,39,40,1.025,0.025318484177091666,522,"Sir, the spleen and cell phone you ordered online has arrived."
4626,0,1,40,41,1.024390243902439,0.02469323991623974,522,"Would you care for your tiramisu now, sir?"
4626,0,1,40,41,1.024390243902439,0.02469323991623974,522,"Family Services are at the door, sir, to inquire how Junior has been faring since our last incident."
4626,0,1,40,41,1.024390243902439,0.02469323991623974,522,"We asked you to make Frankenstein, not frankincense."
4626,0,1,40,41,1.024390243902439,0.02469323991623974,522,"Your father is ready now to help you, make a big splash!"
4626,0,1,40,41,1.024390243902439,0.02469323991623974,522,"Just a remind sir, it will soon need medical insurance."
4626,0,1,40,41,1.024390243902439,0.02469323991623974,522,"Sir, the new ENERGY STAR generator is here."
4626,0,1,40,41,1.024390243902439,0.02469323991623974,522,Dude you wanna go get some McNuggets?
4626,0,1,40,41,1.024390243902439,0.02469323991623974,522,"Chauncey, could you please set the DVR to record Gilmore Girls?"
4626,0,1,40,41,1.024390243902439,0.02469323991623974,522,"Sir, the Nobel Committee called: They have awarded you a full Pinocchio."
4626,0,1,40,41,1.024390243902439,0.02469323991623974,522,Miss Godwin is here to see you sir.
4626,0,1,40,41,1.024390243902439,0.02469323991623974,522,Don't tell anybody we added ketch-up to make it look good.
4626,0,1,40,41,1.024390243902439,0.02469323991623974,522,"I'm your leading monster, sir. Where do we go from here?"
4626,0,1,40,41,1.024390243902439,0.02469323991623974,522,The cook wants to know if he be joining us for dinner.
4626,0,1,40,41,1.024390243902439,0.02469323991623974,522,"Mr. Frankenstein, your pizza bagels are ALIVE!"
4626,0,1,40,41,1.024390243902439,0.02469323991623974,522,"Sir, may I assist? I'm afraid Master Igor is quite drunk."
4626,0,1,40,41,1.024390243902439,0.02469323991623974,522,"Pardon the interruption, sir, but EHS is here."
4626,0,1,40,41,1.024390243902439,0.02469323991623974,522,"Your mother is calling you for dinner, sir."
4626,0,1,40,41,1.024390243902439,0.02469323991623974,522,I've had the chef prepare your Rocky Mountain Oysters.
4626,0,1,40,41,1.024390243902439,0.02469323991623974,522,"Sir, the House Party wanted hot dogs, not Franks-enstein."
4645,0,1,41,42,1.0238095238095237,0.024098134635593994,522,I'm off to pick up Frankenstein's daughter from soccer practice.
4646,0,1,42,43,1.0232558139534884,0.023531040266750583,522,"If I may, Sir. Is it time to know to know more?"
4647,0,1,43,44,1.0227272727272727,0.022990024493585143,522,"When you've finished hallucinating, Sir, the lady of the house requires a resupply of pickles and ice cream."
4648,0,1,44,45,1.0222222222222221,0.022473328748774737,522,Does your guest want tea or scotch?
4649,0,1,45,46,1.0217391304347827,0.021979349113192898,522,"Sir, I'm off to my Pipp family reunion. Igor will be covering for me."
4649,0,1,45,46,1.0217391304347827,0.021979349113192898,522,"Igor, when I said get the juice ready, I didn't mean for you to mix up your vitamin c shake."
4651,0,1,47,48,1.0208333333333333,0.021053798026662972,522,"Sir, would you like your tea served here or in the living room?"
4652,0,1,51,52,1.0192307692307692,0.019418390934515434,522,OMG! A thunderstorm is nigh.
4653,0,1,55,56,1.0178571428571428,0.01801874925391118,522,"The young scientist is clueless as to what the butler is thinking,... Frankenstein needs a brain and the butlers facial expression says a lot."
4654,0,1,58,59,1.0169491525423728,0.017094641498783945,522,"Excuse me sir, what are you doing with that young man on the table?"" says the man in the suit. ""Oh, nothing just going to do an operation on him. That's all. Nothing big."" young man replies back. ""Okay well have fun!"
4655,0,1,64,65,1.0153846153846153,0.015504341823651057,522,"Oh boy, I feel one of those killer headaches coming on."
4656,0,1,66,67,1.0149253731343284,0.015038019057934237,522,"I do hope our hotel's new concept cocktail bar meets with your approval, sir?"
4657,0,0,38,38,1.0,0.02666903735313325,522,"My Lord, will the under butler be ready to serve breakfast? Or must I have a maid in the dining room?"
4657,0,0,35,35,1.0,0.028988551782622423,522,"Sir, there is no need to create a stink bomb."
4657,0,0,37,37,1.0,0.02739983121755955,522,now we have to reverse him
4657,0,0,37,37,1.0,0.02739983121755955,522,Cook would like to know what sort of dinner she may be required to provide him.
4657,0,0,37,37,1.0,0.02739983121755955,522,"Dr. Frankenstein, your Mum and Dad are at the door."
4657,0,0,37,37,1.0,0.02739983121755955,522,Please inform your son that our menu is 100% gluten-free.
4657,0,0,37,37,1.0,0.02739983121755955,522,"Dinner is served, sir--the usual, flesh, blood and bones."
4657,0,0,37,37,1.0,0.02739983121755955,522,Is Breakfast ready to be served sir?
4657,0,0,37,37,1.0,0.02739983121755955,522,"Muggle dinner is served, Mr. P"
4657,0,0,37,37,1.0,0.02739983121755955,522,I don't think Strawberry is ripe for you.
4657,0,0,37,37,1.0,0.02739983121755955,522,"Sir, Mr. Trump called wanting to know when you would have results on his immortality project."
4657,0,0,34,34,1.0,0.029854071701326604,522,"Obese Mayor: ""It's ok I can have the frankenstein of myself?"
4657,0,0,38,38,1.0,0.02666903735313325,522,Let me tell you about our Whole Life Umbrella policy.
4657,0,0,37,37,1.0,0.02739983121755955,522,"-Is he almost ready? -Yes, Mr. Edison. -Great, if we can figure out how to bring him back to life, it's going to save us on elephants in the long run."
4657,0,0,35,35,1.0,0.028988551782622423,522,Do you want your tea before or after?
4657,0,0,39,39,1.0,0.025976216673306556,522,"Miss Shelley has arrived for the wretch's singing lesson, master Victor. Shall I show her in?"
4657,0,0,36,36,1.0,0.028171808490950554,522,The circus folks are wondering if you two could replace our elephant act?
4657,0,0,37,37,1.0,0.02739983121755955,522,Your work is universal!
4657,0,0,37,37,1.0,0.02739983121755955,522,Madame Shelley is stuck in traffic and asks that you close the circuit breaker and zap Frankie as soon as his eyes are open.
4657,0,0,38,38,1.0,0.02666903735313325,522,"Sorry to disturb you sir, but Mimi has peed on the Persian rug again."
4657,0,0,38,38,1.0,0.02666903735313325,522,I come from the Batcave.
4657,0,0,35,35,1.0,0.028988551782622423,522,For how many persons do you want me to set the table?
4657,0,0,36,36,1.0,0.028171808490950554,522,"Shall I remove the candelabra from the dinner table, Herr Doctor?"
4657,0,0,38,38,1.0,0.02666903735313325,522,"I do apologize for the misunderstanding, sir. I meant the mechanic wasn't able to utilize the lightning rod to bring your CAR back to life; we all have the greatest confidence in your continued efforts to revive Nikola."
4657,0,0,47,47,1.0,0.021506619680967013,522,The construction crew wants to order twenty more.
4657,0,0,37,37,1.0,0.02739983121755955,522,"Would it please you if I were to secure another joint for young, Mr.-know-it-all?"
4657,0,0,37,37,1.0,0.02739983121755955,522,"I don't think this umbrella was worth it, Philip..."
4657,0,0,37,37,1.0,0.02739983121755955,522,Egor sir? He is attending the European Shuffle Championships this week.
4657,0,0,38,38,1.0,0.02666903735313325,522,"Hitchcock? No, you may not. I'm quite attached."
4657,0,0,38,38,1.0,0.02666903735313325,522,"Perhaps she only wanted you to think that her vulnerabilities were in the palm of your hand, Mr. Kong. Mr. Kong?"
4657,0,0,38,38,1.0,0.02666903735313325,522,This Sequoia-sized umbrella insurance policy will likely solve the rainfall effects of climate change!
4657,0,0,38,38,1.0,0.02666903735313325,522,Good god man! There's a perfectly good tea pot in the kitchen. Get your friend some salts while you're up there.
4657,0,0,37,37,1.0,0.02739983121755955,522,I'm the main reason of overpopulation.
4657,0,0,42,42,1.0,0.024098134635593994,522,"Doctor, the Republican chair is on the line. Their only hope is for someone who can beat Trump in a floor fight."
4657,0,0,38,38,1.0,0.02666903735313325,522,His speaking fees were grossly askew.
4657,0,0,36,36,1.0,0.028171808490950554,522,"Jeffrey, I've told you a hundred times--you're doing it all wrong. "" ""I'm sorry, sir. I will work on a theatrical entrance in my spare time."
4657,0,0,37,37,1.0,0.02739983121755955,522,"Sir, Mrs. Frankenstein would like to know if the monster is more important than your family. Stop calling him a monster, he is a Frankenstein."
4657,0,0,32,32,1.0,0.031750031750047626,522,Is the potion ready sir?
4657,0,0,70,70,1.0,0.014388861576723854,522,I'm thinking maybe we do the next thing on a nice day.
4657,0,0,38,38,1.0,0.02666903735313325,522,Sir who do you are Boris Karloff?
4657,0,0,37,37,1.0,0.02739983121755955,522,Your mother asked me to check on you for dinner.
4657,0,0,38,38,1.0,0.02666903735313325,522,"Sir, there's a presidential candidate at the door. Shall I send them down?"
4657,0,0,38,38,1.0,0.02666903735313325,522,Sorry to disturb you Sir; Mr. Stein's ride is here.
4657,0,0,27,27,1.0,0.03774256780481986,522,"Will it be franks tonight, Sir?"
4657,0,0,36,36,1.0,0.028171808490950554,522,"It's time for our honeymoon, sir."
4657,0,0,37,37,1.0,0.02739983121755955,522,"Careful not to shock yourself when whilst you suck his dick, sir"
4657,0,0,38,38,1.0,0.02666903735313325,522,Would you like hors d'oeuvres before you wake him or before dinner?
4657,0,0,71,71,1.0,0.01418475390906605,522,"Sir, while not a fan of Master Frank's shoes, those neck accessories will make the Queen pay due tribute. I see a TV channel with a vowel summoning soon."
4657,0,0,38,38,1.0,0.02666903735313325,522,"Looks like another sticky wicket, Sir."
4657,0,0,37,37,1.0,0.02739983121755955,522,Mr. Drake U. La the rapper on the telly for you Doctor.
4657,0,0,35,35,1.0,0.028988551782622423,522,"Sorry to interrupt, but you mother obliged me to inform you that dinner is being served upstairs."
4657,0,0,38,38,1.0,0.02666903735313325,522,Take a whiff of this!
4657,0,0,37,37,1.0,0.02739983121755955,522,I am mashing together the brains of the worst insulters I could find? I want this one to run for President.
4657,0,0,34,34,1.0,0.029854071701326604,522,"Are you not happy with my yummy sounds, sir?"
4657,0,0,37,37,1.0,0.02739983121755955,522,The Dowager Countess requests that you bring her your special cocktail this evening.
4657,0,0,37,37,1.0,0.02739983121755955,522,Are you sure they make monster movies like that?
4657,0,0,38,38,1.0,0.02666903735313325,522,Senecal's the name sir and I have experience with such monsters
4657,0,0,36,36,1.0,0.028171808490950554,522,"Sir, Robert, the under-butler wishes to bring sustenance to your experiment."
4657,0,0,37,37,1.0,0.02739983121755955,522,Mama was asking when you and Papa will be coming to dinner?
4657,0,0,34,34,1.0,0.029854071701326604,522,Fly the friendlier catapult coach class prototype is ready for testing.
4657,0,0,36,36,1.0,0.028171808490950554,522,"Sir, your mother has called to ask why she hasn't heard from you in several and asks if you're alright."
4657,0,0,37,37,1.0,0.02739983121755955,522,Mr. Purr-kins. Does your muhthuh know what you are doing?
4657,0,0,37,37,1.0,0.02739983121755955,522,"Sir,will Frank be having a green salad for his side dish as well?"
4657,0,0,37,37,1.0,0.02739983121755955,522,He burps farts winks ask for a lady monster.
4657,0,0,37,37,1.0,0.02739983121755955,522,"Back to the Future? No, wrong set!"
4657,0,0,34,34,1.0,0.029854071701326604,522,"Will you have something to drink, sir?"
4657,0,0,36,36,1.0,0.028171808490950554,522,Alfred it's deathly cold down here could you increase the heat?
4657,0,0,42,42,1.0,0.024098134635593994,522,The sushi buffet model has been secured.
4657,0,0,35,35,1.0,0.028988551782622423,522,Hamburger with fries to go.
4657,0,0,37,37,1.0,0.02739983121755955,522,Yes my good man....with or without barbeque sauce ?
4657,0,0,36,36,1.0,0.028171808490950554,522,Shall I tell the Harrisons that brunch is delayed?
4657,0,0,38,38,1.0,0.02666903735313325,522,Anchors Away!
4657,0,0,33,33,1.0,0.030772872744833184,522,Are you going to eat that?
4657,0,0,34,34,1.0,0.029854071701326604,522,"Sir, the gentlemen interested in making a documentary about your work are waiting in the foyer."
4657,0,0,38,38,1.0,0.02666903735313325,522,Snapchat your mother so we can show our friends a the dinner.
4657,0,0,37,37,1.0,0.02739983121755955,522,"Poop or pee, which is better?"
4657,0,0,37,37,1.0,0.02739983121755955,522,"Master, is there anything else I may do for you?"
4657,0,0,32,32,1.0,0.031750031750047626,522,"Doctor, it's your mother on the phone. She'd like to know if you'll be joining for dinner."
4657,0,0,37,37,1.0,0.02739983121755955,522,Friend........Fiend?
4657,0,0,38,38,1.0,0.02666903735313325,522,"I'm sorry sir, the repo man is here. Apparently we have both been repossessed by Acme robotics."
4657,0,0,36,36,1.0,0.028171808490950554,522,I see the new boss of Mar-a-Lago is almost ready. Shall I inform the press?
4657,0,0,37,37,1.0,0.02739983121755955,522,Is it true that women can judge the size of a man's hand by the size of his umbrella?
4657,0,0,37,37,1.0,0.02739983121755955,522,and for an additional 20 dollars you can get another body part from our company
4657,0,0,37,37,1.0,0.02739983121755955,522,Your electricity is now serve.
4657,0,0,38,38,1.0,0.02666903735313325,522,So are we out of the puffer fish?
4657,0,0,36,36,1.0,0.028171808490950554,522,Is that the super solider serum?
4657,0,0,38,38,1.0,0.02666903735313325,522,"Dinner is served, sir. Do you want to go upstairs or do you want to eat him here?"
4657,0,0,37,37,1.0,0.02739983121755955,522,Shouldn't our steaks be free-range?
4657,0,0,35,35,1.0,0.028988551782622423,522,"I think I should not use the brain of the man for my Frankenstein, or I will make a stupid zombie."
4657,0,0,36,36,1.0,0.028171808490950554,522,Will your guest be joining you for dinner or does he just have it injected?
4657,0,0,36,36,1.0,0.028171808490950554,522,"Sorry sir, but your Mum, the Countess, would like to know how many will there be for dinner?"
