rank,funny,somewhat_funny,unfunny,count,score,precision,contest,caption
1,66,93,114,273,1.8241758241758241,0.04806653318335127,530,Your overhead is going to kill you.
2,46,83,99,228,1.7675438596491229,0.0506316513591674,530,The consensus of your wise men is: move the chair.
3,36,96,88,220,1.7636363636363637,0.04815161533686505,530,"According to the doctor, your longevity would improve dramatically if you'd get off the throne and walk more."
4,37,64,90,191,1.7225130890052356,0.05562669182265358,530,And the king lived happily severed after.
5,35,68,89,192,1.71875,0.05447184636349147,530,What's long and sharp and will make your nephew king?
6,33,70,87,190,1.7157894736842105,0.05398428754846116,530,"In castle news, the queen and the royal rope maker have disappeared."
7,36,61,94,191,1.6963350785340314,0.0556500289744274,530,"Yes, your majesty. So far we have 'Live by the sword'. Is there any more to it?"
8,30,57,83,170,1.688235294117647,0.05794859232270976,530,I'll be brief...
9,33,53,88,174,1.6839080459770115,0.058669652988631006,530,The queen has agreed to split everything fifty-fifty.
10,25,61,77,163,1.6809815950920246,0.05687294310461118,530,The latest polls show you hanging on by a thread.
11,28,59,82,169,1.680473372781065,0.05715425600026634,530,I'll read fast.
12,37,48,95,180,1.6777777777777778,0.05930256538863407,530,While I have your undivided attention...
13,35,45,90,170,1.6764705882352942,0.06108597285067873,530,The Queen wishes to express her best wishes to you and your mistress.
14,24,53,76,153,1.6601307189542485,0.059498100535983166,530,"Traditionally, you'd fall on the sword."
15,24,59,80,163,1.656441717791411,0.05665601841903246,530,"After careful consideration, we've determined it would probably be easier to just move the throne."
16,29,47,85,161,1.6521739130434783,0.0605749302204512,530,"Let us hope your majesty, that the cord is mightier than the sword."
17,29,50,87,166,1.6506024096385543,0.05912065242251373,530,I'll be quick
18,31,39,86,156,1.6474358974358974,0.0635355401474395,530,I'll just skip to the end.
19,22,51,74,147,1.6462585034013606,0.060132740043707014,530,"It will be 15 pounds to take it down and 50,000 to smelt it. Or we can move your chair."
20,35,30,90,155,1.6451612903225807,0.06647629706552134,530,"Nay, thy whole-life policy dost not cover halves."
21,26,49,83,158,1.639240506329114,0.0597087413421304,530,The Queen says she wants half of everything.
22,24,41,76,141,1.6312056737588652,0.06398719755256715,530,"Sorry, Sire. You have been turned down for insurance because of what has been determined a preexisting condition."
23,16,58,69,143,1.6293706293706294,0.056732598872928044,530,"Frankly, I would just move your chair."
24,24,38,75,137,1.6277372262773722,0.06553221954115243,530,"Not afraid, sir - frayed!"
25,25,44,82,151,1.6225165562913908,0.06143373238696952,530,A gift from the 99%.
26,20,46,74,140,1.6142857142857143,0.06131960506757861,530,"Your Majesty, a rocking chair will increase your chances by 50%"
27,27,35,83,145,1.6137931034482758,0.06505686202549714,530,It's a notice from your insurance company. They're raising your premiums.
28,24,49,86,159,1.610062893081761,0.05844899063671916,530,"You will succeed yourself your Majesty, but this time as Queen."
29,21,38,73,132,1.606060606060606,0.06520273527395268,530,Have you considered the overhead costs?
30,23,39,79,141,1.6028368794326242,0.06356468645517914,530,"A king divided cannot stand, Your Majesty."
31,22,42,79,143,1.6013986013986015,0.06208868210843892,530,"Sire, this policy covers you for death and dismemberment, but excludes accidents that occur in the workplace."
32,16,49,70,135,1.6,0.05966555026425296,530,It appears your character is getting cut from Season 7.
33,18,37,68,123,1.5934959349593496,0.06615564341411562,530,"In conclusion, he who lives by the sword...um...the rest is kinda blurred."
34,21,40,78,139,1.589928057553957,0.06278968909665114,530,"Greetings! Happy Birthday, from your brother, second in line to the throne."
35,12,52,65,129,1.5891472868217054,0.05783187329990998,530,We could also go with a chandelier.
36,23,28,75,126,1.5873015873015872,0.0697112787393253,530,"Troubling news my liege, your rival has apparently forged an enormous pen."
37,20,40,77,137,1.583941605839416,0.06271578102186412,530,"The good news is, yes, it'd be work-related."
38,19,36,72,127,1.5826771653543308,0.06560929840907846,530,"It says ""A king divided cannot stand"""
39,21,34,76,131,1.5801526717557253,0.06587787280165998,530,"When your cardiologist recommended that you go under the knife, I don't think this is what he meant."
40,21,38,79,138,1.5797101449275361,0.06324521382789118,530,"Your Highness, the Council has decreed some very large cuts, one of which I'm sure you're not going to like!"
41,19,36,73,128,1.578125,0.0652536832987619,530,"Or, you could take what's behind the curtain."
42,18,42,75,135,1.5777777777777777,0.061729869155054344,530,Maybe I should skip ahead to the end.
43,15,41,67,123,1.5772357723577235,0.06324147545047669,530,May I suggest a higher thread count?
44,15,30,59,104,1.5769230769230769,0.07190503302112566,530,"Oh, wait - it says the rope is not suitable for overhead installation."
45,19,39,76,134,1.5746268656716418,0.06300811025922048,530,The Oracle says not to worry about a death of a thousand cuts.
46,18,39,74,131,1.5725190839694656,0.06321819010170394,530,Regarding your command to cut overhead....
46,23,29,79,131,1.5725190839694656,0.06770331321447039,530,"It's bad feng shui, your majesty."
48,20,28,71,119,1.5714285714285714,0.07017124410828818,530,Apparently you're killed in Act 1.
49,22,29,77,128,1.5703125,0.06809015285702125,530,Wherefore I pronounce you King for a Day.
49,16,41,71,128,1.5703125,0.062434605305988496,530,"In summary, short live the king."
51,12,51,69,132,1.5681818181818181,0.05710372385870577,530,Shall I speed read?
52,17,37,71,125,1.568,0.06459401749987528,530,"Well, it says here, someone ordered king size."
52,18,35,72,125,1.568,0.06558520682927448,530,"... and finally, while the pen may be mightier than the sword, I suggest you move your chair, sire."
54,15,43,71,129,1.565891472868217,0.06112336739500062,530,The rumor is your reign will be cut short.
54,19,35,75,129,1.565891472868217,0.06496585384442533,530,The royal rope maker would like to know if Your Majesty will be renewing the maintenance contract.
56,15,35,65,115,1.565217391304348,0.06666335016457936,530,The queen has asked me to read this last part very... very... slowly.
57,18,34,72,124,1.564516129032258,0.06602292344821777,530,It's a recall notice from the rope company.
58,24,49,99,172,1.563953488372093,0.05540809358653443,530,May I suggest that we dispense with today's reading of the royal horoscope?
59,21,31,78,130,1.5615384615384615,0.06643116976615152,530,...and to conclude.. there is a penalty for early termination of your cell phone plan..
60,19,27,70,116,1.5603448275862069,0.0706457610458007,530,I really don't think which way it is pointing is the big issue here your highness
61,16,38,71,125,1.56,0.06365228120991272,530,Perhaps I should give you the good news first.
62,20,32,77,129,1.558139534883721,0.06594844777974246,530,"Do you mind if I read the proclamation from here, Sire?"
63,14,40,68,122,1.5573770491803278,0.06273491856885002,530,The polls say you're hanging on by a thread.
64,18,30,71,119,1.5546218487394958,0.06824292736953082,530,"Damocles writes, 'How's it hangin', Sire?'."
65,21,25,75,121,1.5537190082644627,0.0703693651484562,530,"...and last, but not least, is included a really big severance package."
66,18,32,73,123,1.5528455284552845,0.06652315490825081,530,...and we still don't know how they suprise attack will be carried out!
67,15,37,70,122,1.5491803278688525,0.06386212775280427,530,I'm guessing you would like the good news first?
68,18,26,69,113,1.5486725663716814,0.07110197983475505,530,It's a recall notice from the Acme Twine and Rope company.
69,19,30,75,124,1.5483870967741935,0.06711901223200414,530,The Queen says ‘happy birthday’ and ‘hold still.’
70,14,31,63,108,1.5462962962962963,0.06884330794403778,530,"Says here ""It slices, it dices, it juliennes ..."""
71,17,32,72,121,1.5454545454545454,0.06639061303092922,530,"The guarantee is for the hardware, not the installation."
71,14,38,69,121,1.5454545454545454,0.06320198065034609,530,Worst piñata ever.
73,14,36,68,118,1.5423728813559323,0.0644166906835671,530,"Sire, keeping in mind that the simplest solution is usually the best, you could just move your throne."
74,18,29,73,120,1.5416666666666667,0.06787679699643219,530,"It replaces the cloud of suspicion, sir."
75,21,24,77,122,1.540983606557377,0.06998126308121547,530,"That would be 32 feet per second per second, Your Highness."
75,16,34,72,122,1.540983606557377,0.06496123611834087,530,The Earl of Sandwich is requesting a favor.
77,14,35,68,117,1.5384615384615385,0.06484975669107383,530,The Acme Cord and Rope company announces the recall of its sword suspension assembly...
78,16,32,71,119,1.5378151260504203,0.06622237698940689,530,"Sire, I think it would have been safer to have left it in the stone."
78,18,28,73,119,1.5378151260504203,0.06833932192172841,530,"The pen had a good, long run."
80,19,28,76,123,1.5365853658536586,0.06760569141553488,530,"The oracle says relations are frayed, cuts are coming, and best to move in another direction."
81,14,31,65,110,1.5363636363636364,0.06794649409347857,530,You know what you did. Signed: The Queen.
82,14,33,67,114,1.5350877192982457,0.06614431038897703,530,The installation carries a life-time guarantee.
83,11,34,60,105,1.5333333333333334,0.06639137299238815,530,"The people want to propose some cuts, your excellency"
84,18,29,75,122,1.5327868852459017,0.06705166303266588,530,"It says, 'Helmet sold separately.'"
85,13,32,64,109,1.5321100917431192,0.06718555373408391,530,You're not gonna like this next part.
85,14,30,65,109,1.5321100917431192,0.06843824439495058,530,"Sire, the Royal Physician reports this is not what he meant about you having to go under the knife."
87,13,33,65,111,1.5315315315315314,0.06628039589182738,530,"Sire, what happens if it's not too big to fail?"
88,14,32,67,113,1.5309734513274336,0.06660305226357444,530,"And may I ask Your Majesty, how is it hanging?"
88,13,34,66,113,1.5309734513274336,0.06540595353581628,530,And since you lived by the sword. . .
90,9,44,64,117,1.5299145299145298,0.058938254858306095,530,"Yes, sire, I am reading as fast as I can ..."
91,16,31,72,119,1.5294117647058822,0.06625851471487382,530,The pen won't stand a chance sir.
92,17,30,74,121,1.5289256198347108,0.06646772675857861,530,The Senate voted for a new rope and the House voted for a bigger sword
93,15,28,67,110,1.5272727272727273,0.0692014391770043,530,"Lloyds of London passes, sire."
94,15,30,69,114,1.5263157894736843,0.0673430902540605,530,"And finally, from maintenance... Your evaluation of the crew as 'lazy and undependable' has not gone unnoticed."
95,10,32,57,99,1.5252525252525253,0.067867105433217,530,"First off, we need to renew your life insurance policy."
96,10,39,64,113,1.5221238938053097,0.061709405668059075,530,"It's another threatening note from the cable company, Sire."
97,9,43,65,117,1.5213675213675213,0.05897030103458875,530,"It seems to be a recall notice from Henry, the ropemaker."
97,14,33,70,117,1.5213675213675213,0.06491769778533961,530,"In other news, Sire, the fate of the kingdom is said to be hanging by a thread."
99,14,27,65,106,1.5188679245283019,0.0699520206195933,530,It's a gift from your eldest son.
100,14,29,67,110,1.518181818181818,0.06801341449127517,530,"No, sir, the pen is still mightier"
101,9,40,63,112,1.5178571428571428,0.06080506499789953,530,Her Majesty asks that you wait for her here
102,13,33,68,114,1.5175438596491229,0.0650229631614392,530,"And finally, the crown prince hopes you like the new mobile."
103,17,27,74,118,1.5169491525423728,0.0678011370355981,530,It appears to be a recall notice on the oversize sword suspension system for the years 1521 to 1523.
104,11,30,60,101,1.5148514851485149,0.0683813728706218,530,"This message begins ""He who lives by the sword...,"" but I can't make out the next line."""
105,15,24,66,105,1.5142857142857142,0.07175748447171212,530,Have you tried not sitting under it?
106,18,19,70,107,1.514018691588785,0.07436854138229414,530,"Why yes, I do live by the sword. Why do you ask?"
107,17,22,70,109,1.5137614678899083,0.07211983517075243,530,Do I know what's holding that sword up? A frayed knot.
108,12,33,66,111,1.5135135135135136,0.06508970042590431,530,I promise to be brief.
109,16,26,71,113,1.5132743362831858,0.06898561138176657,530,I doubt anyone will bring up the size of your hands again my lord.
110,7,28,47,82,1.5121951219512195,0.07205818861955736,530,I'm paraphrasing since our conversation is about to be cut short.
111,14,25,65,104,1.5096153846153846,0.07099420963736172,530,The ad is pretty clear: 'Scabbard sold separately'!
112,11,32,63,106,1.509433962264151,0.06600563974225228,530,Many believe the budget cuts should start at the top.
113,12,31,65,108,1.5092592592592593,0.06642658011094232,530,"Sire, another example of wasteful, impractical military spending"
114,9,38,63,110,1.509090909090909,0.06159602922745575,530,The royal psychiatrist believes he has come up with an explanation for your anxiety.
115,12,33,67,112,1.5089285714285714,0.06466866312265704,530,"Oh, and one last item, the royal rope manufacturer has issued a recall."
116,11,36,67,114,1.5087719298245614,0.06260605228083224,530,"The good news is, they got the sword out of the stone."
117,17,25,74,116,1.5086206896551724,0.06871675524971939,530,"""King for a Day"" takes on new meaning."
117,17,25,74,116,1.5086206896551724,0.06871675524971939,530,"...and death to all who greet you with, 'How's it hanging?'"
119,10,27,56,93,1.5053763440860215,0.07109583690841485,530,"I'm afraid they're advancing with a sizable pen, my Lord."
120,11,29,61,101,1.504950495049505,0.06839570708582393,530,Are you sure you've looked for it everywhere?
121,13,27,65,105,1.5047619047619047,0.06917066212539977,530,It says here it should also be anchored to the wall.
122,10,34,63,107,1.5046728971962617,0.0642000155676714,530,And then there's this P.S. about not killing the messenger!
122,17,20,70,107,1.5046728971962617,0.0731846445757261,530,"'Sire, now to the recent decision to out source rope making.'"
122,9,36,62,107,1.5046728971962617,0.06281167292497543,530,The people say they're fine with you staying on the throne
125,10,35,64,109,1.5045871559633028,0.06335271607877703,530,"According to the warranty, the sword is guaranteed, not the cord."
125,14,27,68,109,1.5045871559633028,0.06850653469405799,530,"So, Damocles if I do, Damocles if I don't..."
127,13,30,68,111,1.5045045045045045,0.066347154742954,530,"Sire, the rope guy says he'll be here this afternoon between one and five o'clock."
128,13,31,69,113,1.5044247787610618,0.06547006655908655,530,The men scheduled for knighthood have called in sick again.
129,16,23,71,110,1.5,0.07044479202848579,530,"...and finally, Your Majesty, a resolution to institute term limits."
129,12,27,63,102,1.5,0.06931733011254311,530,A gift from the Queen.
129,14,27,69,110,1.5,0.06803570666312624,530,IKEA just recalled their sword hanging rope.
129,13,29,68,110,1.5,0.06679859062703443,530,"And let me remind the King, I'm just the messenger."
129,15,23,68,106,1.5,0.07124865030798684,530,I'd like to see the pen that is mightier than that
129,10,33,63,106,1.5,0.06463665812929989,530,"The good news, Sire, is that only one Weapon of Mass Destruction has been located."
135,8,37,62,107,1.4953271028037383,0.06139194175442681,530,...and 37% think you should continue to sit right exactly where you are.
135,12,29,66,107,1.4953271028037383,0.06689030935344496,530,Your loyal and devoted son offers the above sword as your birthday present. Long live the king!
137,11,30,64,105,1.4952380952380953,0.06647014467086594,530,Your horoscope says that something weighty will befall you.
138,11,27,61,99,1.494949494949495,0.06941421916770962,530,The pen is mightier (clears throat) well maybe not.
139,11,32,67,110,1.490909090909091,0.06424704008260021,530,"On the plus side, no one is talking about your small hands anymore."
140,13,27,68,108,1.4907407407407407,0.06771676905880587,530,Your ladyship is asking for a separation.
141,8,31,57,96,1.4895833333333333,0.06621799403423612,530,"Try to think of it as a metaphor, sir."
142,8,28,54,90,1.488888888888889,0.06931886273012824,530,I'll make this short. . .
143,13,28,70,111,1.4864864864864864,0.06633603293334725,530,"Your son hired the new decorator, Sire."
144,11,31,67,109,1.4862385321100917,0.06466763203652538,530,And the prince hopes that you will enjoy your Father's Day present.
144,13,27,69,109,1.4862385321100917,0.06724352730059945,530,Your safety inspectors have reported numerous building code violations.
146,14,24,69,107,1.485981308411215,0.06946464549905487,530,"It's not just the feng shui crowd, Sire, none of us think your throne should be there."
146,11,30,66,107,1.485981308411215,0.06554639383325288,530,I'm going to cut this short
148,11,29,65,105,1.4857142857142858,0.06645702254169437,530,"You misunderstand, Your Majesty, the concern is not about a threat. It is about a thread."
148,10,31,64,105,1.4857142857142858,0.06506447311672546,530,The good news is that the revolutionaries have agreed to allow you to occupy the throne indefinitely.
150,13,24,66,103,1.4854368932038835,0.07016892086080032,530,. . . and finally your horoscope says don't go to the office today.
150,12,26,65,103,1.4854368932038835,0.06879905555797765,530,I'll skip the ads.
152,9,26,56,91,1.4835164835164836,0.07051638828327114,530,More decorating ideas from your brother.
152,12,20,59,91,1.4835164835164836,0.07553252113571869,530,"Your subjects in Australia query: ""Knife? You call that a knife?"""
154,16,25,77,118,1.4830508474576272,0.0667242806755962,530,The bylaws do describe a rather large severance package
155,10,32,66,108,1.4814814814814814,0.06374908829526299,530,Your sons have agreed to split the throne.
156,14,23,69,106,1.4811320754716981,0.0699520206195933,530,This letter is from the sword vendor. There's a recall on the thread.
156,13,25,68,106,1.4811320754716981,0.06865559459684872,530,I read it wrong. You wanted the Lord to watch over you.
156,8,35,63,106,1.4811320754716981,0.061766642072084835,530,Your insurance agent says that your premium will be increased because of a pre-existing condition.
156,11,29,66,106,1.4811320754716981,0.06598637458454983,530,"Actually, the order does not say ""three thousand one-pound daggers.'"
160,9,32,63,104,1.4807692307692308,0.06406209825574932,530,And finally... are you up-to-date on your tetanus shots?
160,10,30,64,104,1.4807692307692308,0.06550312153107965,530,"Granted, in your case the sword may be mightier than the pen."
160,11,28,65,104,1.4807692307692308,0.06691311850228995,530,"Nope, it only says ""die by the sword"""
163,13,23,66,102,1.4803921568627452,0.07067688947358657,530,"Evidently, Your Highness, it's only a metaphor."
164,10,32,67,109,1.4770642201834863,0.06331580082882583,530,I stand corrected; the sword is mightier than the pen.
165,13,23,67,103,1.4757281553398058,0.07014257623030133,530,"And finally, your wife just cancelled the rope inspector's visit."
165,11,27,65,103,1.4757281553398058,0.0673739280584449,530,What's wrong with just thanking the messenger?
165,12,25,66,103,1.4757281553398058,0.06877218617380192,530,Sir Donald Trump has asked me to inform you that his is bigger.
165,13,23,67,103,1.4757281553398058,0.07014257623030133,530,Trump still says his is bigger.
169,13,21,65,99,1.4747474747474747,0.07227982560674281,530,"By royal decree, the sword is mightier than the pen."
169,11,25,63,99,1.4747474747474747,0.0693692083216272,530,"Further, it has come to our attention that you have not been circumcised."
171,10,26,61,97,1.4742268041237114,0.06888405940000378,530,"Your Majesty, the Supreme Council says ""Move the chair."""
172,11,27,66,104,1.4711538461538463,0.06687957304547558,530,The people request for you to sit tight.
173,7,34,61,102,1.4705882352941178,0.06185177507379163,530,The Queen insists on adding an accidental death benefit to your policy.
174,10,27,63,100,1.47,0.06735253251633257,530,"Your Highness, the enemy has agreed to lower his weapon."
174,9,29,62,100,1.47,0.06583573068132102,530,"Sire, for an additional 100 pounds, would you like to include an accidental death benefit?"
174,16,15,69,100,1.47,0.07581876316905234,530,"Yes, my lord, it is certainly best to be above the fray."
177,17,12,69,98,1.469387755102041,0.07838588566752028,530,"It's your penmanship, sire. Merlin granted your wish for 'an enormous dirk.'"
177,10,26,62,98,1.469387755102041,0.06834905282304886,530,It's a recall notice about rope..
177,5,36,57,98,1.469387755102041,0.06016332639726544,530,The royal astrologer predicts that whatever is troubling your majesty soon will end.
177,9,28,61,98,1.469387755102041,0.06679221201669486,530,Shall I add duct tape to the shopping list?
181,9,27,60,96,1.46875,0.06778630800266068,530,You have a 10:15 with Damocles. I think you should see him.
182,10,24,60,94,1.4680851063829787,0.07046293901282416,530,"It's from the Queen. ""Be a doll and move two inches forward."""
183,10,23,59,92,1.4673913043478262,0.07158549620702076,530,The Secret Service says threat level posed by decor is severe.
184,10,29,66,105,1.4666666666666666,0.06499741706148195,530,Game of Threads
185,7,34,62,103,1.4660194174757282,0.061418497733238556,530,"Finally, your majesty, a gift from Lord Ginsu."
185,9,30,64,103,1.4660194174757282,0.06444351543799387,530,At the top of the list---succession planning.
185,12,24,67,103,1.4660194174757282,0.06873186240242324,530,"My Lord, you're not going to like the season finale."
188,11,25,65,101,1.4653465346534653,0.06830965667588253,530,This one's a no-brainer. The riggers union would like a pay raise.
189,12,22,65,99,1.4646464646464648,0.07079536260915485,530,Don't sneeze.
189,8,30,61,99,1.4646464646464648,0.06471020872951995,530,"Er, excuse me Sire, there seems to be a metaphor hanging over your head."
189,10,26,63,99,1.4646464646464648,0.06782106782106781,530,"The order says 'king-sized', Sire."
189,9,28,62,99,1.4646464646464648,0.06628389078127475,530,"Sire, the Queen has asked how long your mother will be staying."
193,10,24,61,95,1.4631578947368422,0.06989117491160067,530,"Are you sure you want to go with ""long live""?"
193,7,30,58,95,1.4631578947368422,0.06490673180282236,530,There is breaking news .....
195,9,25,59,93,1.4623655913978495,0.06932375513439919,530,Your pen must be very mighty indeed.
196,11,20,60,91,1.4615384615384615,0.07380747867988968,530,"My lord, there's been a rope recall..."
197,13,21,68,102,1.4607843137254901,0.07059605427046013,530,I hate to cut this short.
198,12,22,66,100,1.46,0.07023769168568493,530,Says here you ordered the medium.
198,10,26,64,100,1.46,0.06730002176294544,530,"Great news from the rebels, sire—they say you may remain on the throne for the rest of your life!"
198,10,26,64,100,1.46,0.06730002176294544,530,Can you read a little faster?
201,9,27,62,98,1.4591836734693877,0.0667359388546174,530,Herewith a third and final notice from the cable company.
201,9,27,62,98,1.4591836734693877,0.0667359388546174,530,"Sire, I would humbly advise a pen."
203,8,28,60,96,1.4583333333333333,0.06608850171156502,530,"Is it me, or does this look lower than yesterday?"
203,9,26,61,96,1.4583333333333333,0.06772730840727076,530,Badrick the Rope Maker has announced the recall of some of his merchandise.
203,12,20,64,96,1.4583333333333333,0.07242156475067128,530,"Be frayed, be very fraid."
206,10,23,61,94,1.4574468085106382,0.07040246691523941,530,"In conclusion, Your Majesty, I hereby resign my post as royal rope maker."
207,12,18,62,92,1.4565217391304348,0.07478755303158535,530,"And tomorrow, sire, you're scheduled to circumcise the giant's new born son."
208,7,33,63,103,1.4563106796116505,0.06135828350529849,530,"Sorry your majesty, it looked a lot smaller in the catalogue."
209,10,21,59,90,1.4555555555555555,0.07268887938532902,530,...and the queen lived happily ever after. The End.
210,9,28,64,101,1.4554455445544554,0.06528650107657241,530,"Your Majesty, I am reading their demands as quickly as I can."
210,13,20,68,101,1.4554455445544554,0.07109434879610393,530,She wants half milord.
212,7,31,61,99,1.4545454545454546,0.06303125445264517,530,"Amazon would like to apologise for the product delivery mistake, the chandelier will now be expected to arrive between three to five business days."
212,8,29,62,99,1.4545454545454546,0.06464582044618215,530,We recommend that Your Highness reconsider the weapon suspension.
212,12,21,66,99,1.4545454545454546,0.07073651358600948,530,I do think you will be of two minds regarding this edict.
215,10,24,63,97,1.4536082474226804,0.0687714642480739,530,I'd better read fast.
215,11,22,64,97,1.4536082474226804,0.07031565207780208,530,"Sire, this is a recall notice from the rope company."
217,8,27,60,95,1.4526315789473685,0.06653884526290524,530,And it comes with a matching fork and six matching steak knives.
218,14,14,65,93,1.4516129032258065,0.07723017247185372,530,Thy kingdom fears that it makes His Majesty's hands appear too small.
219,13,20,69,102,1.4509803921568627,0.07053536707375874,530,"It just says, 'From your son, Damocles, with Love.'"
219,8,30,64,102,1.4509803921568627,0.06328153525638729,530,Recall notice: Your recent purchase from Acme Ropes and Fibers.....
221,11,19,61,91,1.4505494505494505,0.07373472609574289,530,"""Please tell my decorator that this is not the mobile we discussed""."
221,7,27,57,91,1.4505494505494505,0.06678329772939677,530,"Sire, there is concern among your subjects that you have too much hanging over your head!"
223,14,21,74,109,1.4495412844036697,0.06833568098713301,530,"And be it proclaimed hitherto, that forevermore ye shall be known as MacBeth The Knife."
224,8,15,46,69,1.4492753623188406,0.0839564898783476,530,"In this case, the sword trumps the pen."
225,11,22,65,98,1.4489795918367347,0.06974820057311763,530,"According to my feng shui chart, it belongs there."
225,9,26,63,98,1.4489795918367347,0.06666351784700711,530,It's a warning from your Economics Minister to watch your overhead!
225,9,26,63,98,1.4489795918367347,0.06666351784700711,530,"A gift from your subjects, who say they love you."
228,9,25,62,96,1.4479166666666667,0.06765137617839279,530,"Well, technically speaking, my lord, it would not be ""falling"" on your sword. But we do have to keep the ratings up."
228,7,29,60,96,1.4479166666666667,0.06432816030015424,530,On a final note the committee concludes that the rumor of a possible coup are unfounded.
228,9,25,62,96,1.4479166666666667,0.06765137617839279,530,Ouch! Paper cuts are the worst.
228,10,23,63,96,1.4479166666666667,0.0692532089108111,530,"After personal inspection, your son is satisfied with the rope's condition."
228,11,21,64,96,1.4479166666666667,0.07081881946247395,530,Why do I feel like you're about to cut me off?
233,9,24,61,94,1.446808510638298,0.06867877754888134,530,Now everyone will know you have a well-hung dagger.
233,8,26,60,94,1.446808510638298,0.06699249126733202,530,"Your Majesty before I read this proclamation, may I just mention, it has been an honor to have been your scribe"
233,9,24,61,94,1.446808510638298,0.06867877754888134,530,"You live on the cutting edge, sire."
233,12,18,64,94,1.446808510638298,0.07350589285101052,530,"Your menu entree tonight, Your Majesty, is sliced crown roast."
233,9,24,61,94,1.446808510638298,0.06867877754888134,530,The Prince has written that it's time to cut the cord.
238,10,25,66,101,1.4455445544554455,0.06671239813038819,530,"All of your affairs should be resolved today, your majesty. I know that you don't like to leave things hanging."
238,11,23,67,101,1.4455445544554455,0.06818037742846264,530,The serfs chipped in and said you'd know where to stick it.
240,8,28,63,99,1.4444444444444444,0.06456524479421961,530,Need I remind you of the gravity of the situation.
240,11,18,61,90,1.4444444444444444,0.07430260212082328,530,According to the warranty the thread is good for 10 years or you get your money back.
240,12,16,62,90,1.4444444444444444,0.07596423218898944,530,"And, lastly, quality issues in the rope manufacturing sector will have a negative impact upon your reign."
240,8,28,63,99,1.4444444444444444,0.06456524479421961,530,"Your Highness, OSHA says you must take it down."
244,10,23,64,97,1.443298969072165,0.0686909261430951,530,Your loyal health maintenance organization regrets to inform you that they consider your large sword a pre-existing condition.
245,9,28,67,104,1.4423076923076923,0.06383751527439287,530,And we thought a suspended sentence was good news.
246,9,24,62,95,1.4421052631578948,0.06811456897745258,530,"They say the pen is mightier than the sword, but I'm not so sure about that rope."
247,8,25,60,93,1.4408602150537635,0.06744929630190186,530,"Later today, the Prince has scheduled a Parade of Elephants on the second floor."
247,9,23,61,93,1.4408602150537635,0.0691604053076494,530,There's nothing in here about how to disarm it.
249,16,12,72,100,1.44,0.0756386946027767,530,It says they had to ship the shield separately.
250,8,24,59,91,1.4395604395604396,0.06848935321623587,530,I don't know what actuary tables they used but your application for life insurance has been denied again.
250,11,18,62,91,1.4395604395604396,0.07364368429525407,530,This proclamation will make it official my Lord; size matters.
252,9,25,64,98,1.4387755102040816,0.06657489629639786,530,The Ropemakers' Guild has issued a recall.
253,7,25,57,89,1.4382022471910112,0.06771299799137835,530,Says here that it's king-sized.
253,4,31,54,89,1.4382022471910112,0.06179775280898877,530,"Shall we go back to the wind chimes, sire?"
253,6,27,56,89,1.4382022471910112,0.0658003608049928,530,"Your children are quite anxious, Sire, for you to sign your will."
256,9,24,63,96,1.4375,0.06755845422182265,530,"Actually, the instructions say it's supposed to be vertical"
256,9,24,63,96,1.4375,0.06755845422182265,530,The sword swallower declined!
256,10,22,64,96,1.4375,0.06916243910140923,530,A gift from Queen Bobbitt.
256,7,28,61,96,1.4375,0.06423043083783601,530,And as an anniversary gift from the queen ...
256,5,32,59,96,1.4375,0.060720274656707256,530,"The Feng Shui consultant has resigned, Sire."
256,9,24,63,96,1.4375,0.06755845422182265,530,"Sire, you're missing the point"
256,9,24,63,96,1.4375,0.06755845422182265,530,"Your Majesty, being on the cutting edge has its drawbacks."
263,8,22,57,87,1.4367816091954022,0.07070339956310517,530,"Sir, we haven't successfully knighted someone in years."
264,9,23,62,94,1.4361702127659575,0.06858125390153902,530,So the cable repair guy will be here Friday between 1-5pm. Will that work?
264,7,27,60,94,1.4361702127659575,0.06516001218459846,530,The Royal Mathematicians suggest moving your throne four cubits to the north.
266,5,27,53,85,1.4352941176470588,0.06577923101923304,530,"It says ""enlarged to show detail""."
267,14,12,66,92,1.434782608695652,0.0777495640041775,530,...and nobody henceforth shall question the size of the king's hands.
267,5,30,57,92,1.434782608695652,0.06240970127861027,530,"A gift from the Queen, Your Majesty."
267,10,20,62,92,1.434782608695652,0.07134023079498843,530,"It says ""Giant sold separately."""
267,9,22,61,92,1.434782608695652,0.06964579661862477,530,"In lieu of alimony, your ex-queen offers this piece of installation art."
267,12,16,64,92,1.434782608695652,0.07461374951281402,530,The End.
272,7,29,63,99,1.4343434343434343,0.06284929795204205,530,Good news sire: 60% of the people believe that the size of your sword does matter.
272,13,17,69,99,1.4343434343434343,0.07202008492622096,530,Damocles wants to know how it is hanging.
274,10,19,61,90,1.4333333333333333,0.07249779367257159,530,Damocles called. He wants his sword back.
275,9,24,64,97,1.4329896907216495,0.06701030927835051,530,The architect advises Your Highness to move said chair.
275,8,26,63,97,1.4329896907216495,0.06538810990751899,530,"Balanced? Well, m'Lord, I think you're missing the point of the metaphor."
277,9,20,59,88,1.4318181818181819,0.07191123952683566,530,Goliath requests that you check Lost and Found once again.
277,7,24,57,88,1.4318181818181819,0.06818181818181818,530,"Then at noon, the Queen has scheduled lunch with Liberty Mutual."
279,6,28,59,93,1.4301075268817205,0.06377161187512337,530,"""Before I continue, might I suggest you slide your chair forward a bit?"
280,9,24,65,98,1.4285714285714286,0.06647000940439916,530,"Happy Birthday, Uncle. With love, Hamlet."
280,11,17,63,91,1.4285714285714286,0.07353428534756311,530,The peasants feel it's a reasonable alternative to a democracy
280,4,31,56,91,1.4285714285714286,0.060810273903141775,530,I'm reading it as quickly as I can.
283,11,19,66,96,1.4270833333333333,0.07062501617243515,530,"Also, there's a wasp nest under your throne."
284,9,20,60,89,1.4269662921348314,0.07126401525048673,530,"The rope weavers' union, Majesty, is asking for a raise in pay."
284,9,20,60,89,1.4269662921348314,0.07126401525048673,530,"The calculations were correct, but the order was placed in feet instead of inches."
284,12,14,63,89,1.4269662921348314,0.07645029571140413,530,"It's prophesied to hold forever, like our united kingdom."
284,9,20,60,89,1.4269662921348314,0.07126401525048673,530,Your horoscope reads: Don't become too set in your ways; consider rearranging your furniture and seeing things from a new perspective.
288,8,24,62,94,1.425531914893617,0.066774155571126,530,They say you must renounce the throne. Or you could scoot back three feet.
289,7,23,57,87,1.4252873563218391,0.0686529493518199,530,"A note from the Rope Makers Guild- ""Your rope insurance expires soon. Would you like to renew?"""
290,8,23,61,92,1.423913043478261,0.06778471241027856,530,"The Queen writes to say ""no hard feelings...."""
290,8,23,61,92,1.423913043478261,0.06778471241027856,530,"I think, sir, you were supposed to fall on your sword."
292,6,26,58,90,1.4222222222222223,0.06510872071046821,530,"We'll need to make some cuts, I'm afraid."
292,7,24,59,90,1.4222222222222223,0.06699875672496527,530,"According to this historical scroll, sire, the last word your predecessor heard was ""gezundheit."""
292,8,22,60,90,1.4222222222222223,0.0688369180950775,530,"My liege, intelligence reports the possibility of a coup"
292,8,22,60,90,1.4222222222222223,0.0688369180950775,530,We regret to inform you that ACME Casualty and Life has denied your application for coverage based on our site visit.
292,10,18,62,90,1.4222222222222223,0.07237331741120524,530,"Sire, per your edict, all pens have been confiscated. Your legacy is safe."
297,11,15,62,88,1.4204545454545454,0.07532859210956157,530,"Legend says that if the sword cuts the sitter in two, it will prove that he is the rightful heir to the throne."
297,5,27,56,88,1.4204545454545454,0.06408586950402127,530,"Excellent news, Sire. We have discovered a method to cut overhead in the Kingdom."
297,6,25,57,88,1.4204545454545454,0.06609259935832569,530,"Caution, objects above you are larger than they actually appear."
297,8,21,59,88,1.4204545454545454,0.06993352364672877,530,"This letter is from Trump, sir. He claims he has a larger sword."
301,7,20,54,81,1.4197530864197532,0.07214568066018263,530,We apologize for the delay in shipping. Your order of 'Oversized Fork and Spoon' will arrive Friday.
302,5,29,59,93,1.4193548387096775,0.06176949082298957,530,"No worries, sire--just issue this proclamation: 'Swords don't kill people; people kill people.'"
303,8,20,58,86,1.4186046511627908,0.07107753089289402,530,"Wait , you haven't seen the fork we have hanging in the dining room..."
303,10,16,60,86,1.4186046511627908,0.07482787595719476,530,There’s a lot of legalese. What it boils down to is they won’t insure your life
305,8,22,61,91,1.4175824175824177,0.06823419783955004,530,"Sire, the manual indicates that the orientation should be in portrait mode."
305,6,26,59,91,1.4175824175824177,0.06455621787563431,530,"Sire, the kingdom has gone without an accident for three hundred days."
305,9,20,62,91,1.4175824175824177,0.07000075713167037,530,"As your majesty proclaimed, everything in your new kingdom would be HUGE."
308,7,26,63,96,1.4166666666666667,0.06398099132915955,530,"It actually does look mightier than that pen we had up there earlier, but does it send the right message?"
309,10,17,62,89,1.4157303370786516,0.0728960752337561,530,Whoever said the pen is mightier than the sword hasn't seen my sword.
309,10,17,62,89,1.4157303370786516,0.0728960752337561,530,"Damocles, Schmamocles. I just like the way it pulls the room together."
311,8,18,56,82,1.4146341463414633,0.07352119222900019,530,"...and as requested, we've fired the decorator."
312,9,18,60,87,1.4137931034482758,0.0722934043367284,530,"My Lord, the future looks grim.....any way you slice it."
312,4,28,55,87,1.4137931034482758,0.06236822330950292,530,He who lives by the sword er you know the rest.
312,8,20,59,87,1.4137931034482758,0.07042036711230469,530,"It says that your reign is hanging by a thread, sire."
312,8,20,59,87,1.4137931034482758,0.07042036711230469,530,And the queen says you're not fooling anyone about the size of your sword.
312,7,22,58,87,1.4137931034482758,0.06849613053209523,530,"Sire, it’s a gift from the royal rope makers union negotiating committee."
317,9,20,63,92,1.4130434782608696,0.06938432046013795,530,"If you're going to make that big of a deal about it, Damocles says keep the damn thing."
318,4,29,57,90,1.4111111111111112,0.060983296140016775,530,I see that it's mentioned here in the small print.
318,10,17,63,90,1.4111111111111112,0.07222942439840536,530,Castle Rope Company made a recall last week.
318,9,19,62,90,1.4111111111111112,0.07047979752232285,530,"And a final note, the royal fork will be delivered by the end of the week."
318,9,19,62,90,1.4111111111111112,0.07047979752232285,530,"What? My enemy at the gates! Anything more, messenger? Frayed knot, my lord!"
322,11,14,63,88,1.4090909090909092,0.07518066647337107,530,"And at 3:30, Damocles has asked for a little time. You have no appointments after that."
322,12,12,64,88,1.4090909090909092,0.07689841110994408,530,"Methinks in this instance, the sword is mightier than the pen."
322,8,20,60,88,1.4090909090909092,0.06977416106137811,530,"No, not Damocles. It's from your mother in law."
325,9,20,64,93,1.4086021505376345,0.06877774698656638,530,It looks like the blueprints were signed by your younger brother. Why do you ask?
326,6,23,57,86,1.4069767441860466,0.06693996938422664,530,A sharp rebuke cometh.
326,9,17,60,86,1.4069767441860466,0.07281313710322973,530,"The good news is you've had a long an prosperous reign. The bad news is ""shit happens""."
326,8,19,59,86,1.4069767441860466,0.07090948542752387,530,"It says here, RUN!"
326,9,17,60,86,1.4069767441860466,0.07281313710322973,530,"The people's request was for a trophy 'wife', sir"
326,9,17,60,86,1.4069767441860466,0.07281313710322973,530,"Your majesty, the interior decorator would like to be paid immediately."
331,9,18,62,89,1.404494382022472,0.07096140660005767,530,"And lastly, your approval ratings are hanging by a thread. No pun intended."
331,7,22,60,89,1.404494382022472,0.06726660387467437,530,You're horoscope says you're going to have a close shave.
331,10,16,63,89,1.404494382022472,0.07273846191370757,530,"On the other hand, if the pen doesn't work...."
331,7,22,60,89,1.404494382022472,0.06726660387467437,530,Any famous last swords?
335,9,20,65,94,1.4042553191489362,0.06818084095271891,530,Great news Your Majesty! Izzy the Giant had a baby boy--and you'll be doing the bris.
336,6,21,55,82,1.4024390243902438,0.06910569105691057,530,Maybe I should read the abridged version of the story!
337,7,21,59,87,1.4022988505747127,0.06831646824095204,530,...and it comes with a lifetime warrantee.
337,5,25,57,87,1.4022988505747127,0.06428470595867371,530,"With regrets, a safety recall has been issued for our giant Excalibur model hanging swords . . . ."
337,11,13,63,87,1.4022988505747127,0.07573884510846961,530,"Oddly enough, the candidates for Knighthood have declined your invitation"
340,6,25,61,92,1.4021739130434783,0.06383915565481313,530,How's it hanging?
340,7,23,62,92,1.4021739130434783,0.06568355454722916,530,Goneril and Regan have decided to divide the kingdom equally.
342,6,24,60,90,1.4,0.06476694028829148,530,You'll soon be worth half of what you are.
342,9,18,63,90,1.4,0.07031230493106523,530,"Your Majesty, Damocles would like to know ""How's it hanging""?"
342,5,26,59,90,1.4,0.06280978159625925,530,"One subject wants to know how the ""swords into ploughshares"" program is going."
342,6,24,60,90,1.4,0.06476694028829148,530,Theatregoers have been missing our more subtle metaphors.
342,6,24,60,90,1.4,0.06476694028829148,530,"It's a gift from your Veep, Sire."
342,8,20,62,90,1.4,0.06851373829081123,530,Your son insists it's 100% safe.
342,9,18,63,90,1.4,0.07031230493106523,530,"... and don't for goodness sake sit underneath it. Yours, Damocles."
342,9,18,63,90,1.4,0.07031230493106523,530,We focus-grouped the title. 'Game of One Huge Sword' did not test well.
342,6,22,57,85,1.4,0.06736330697086078,530,"It says your power is hanging on by a thread. I can't tell if it's a typo, or from engineering."
342,8,20,62,90,1.4,0.06851373829081123,530,"It's from the rope guild, sir. They say you never enrolled in their extended warranty program."
342,5,22,53,80,1.4,0.0679724441561208,530,It was a gift from Monsieur Guillotine of France.
353,9,17,62,88,1.3977272727272727,0.07144532060814487,530,It says there has been a product recall on rope.
353,8,19,61,88,1.3977272727272727,0.06959310897601069,530,Are you sure Your Majesty wouldn't like to stick it in a giant stone instead?
353,10,15,63,88,1.3977272727272727,0.07325071232864783,530,The Gillette Co. says there is an easier way.
353,6,23,59,88,1.3977272727272727,0.06573229630280293,530,May I borrow your letter opener?
357,7,19,57,83,1.3975903614457832,0.07055416227081351,530,It's a recall notice for all hemp Damocles-brand sword hangers.
357,9,15,59,83,1.3975903614457832,0.07460299279705195,530,Do you accept iTunes terms and conditions?
357,10,13,60,83,1.3975903614457832,0.07654714164844652,530,"The decree reads that the queen shall get half of everything,sir. Everything."
360,7,22,62,91,1.3956043956043955,0.06607636252675388,530,What if I just read the highlights?
361,8,18,60,86,1.3953488372093024,0.07071855116915401,530,Sire wake up! It says your monarchy is hanging by a thread!
361,7,20,59,86,1.3953488372093024,0.06875693178325183,530,"Egbert of Codswallow sends his regrets. He, too, declines your offer of knighthood."
361,6,22,58,86,1.3953488372093024,0.06673767943994782,530,Want me to keep reading sire or should we just cut to the chase?
361,8,18,60,86,1.3953488372093024,0.07071855116915401,530,There is talk about splitting the kingdom.
361,8,18,60,86,1.3953488372093024,0.07071855116915401,530,Why don't I just paraphrase this for you...
366,9,17,63,89,1.3932584269662922,0.07077922040317321,530,It's king-size.
367,6,21,57,84,1.3928571428571428,0.067785767335466,530,"I think you're ok, it just says ""live BY the sword,"" nothing about UNDER it..."
367,6,21,57,84,1.3928571428571428,0.067785767335466,530,"The Royal Surgeon says this isn't what he meant by ""under the knife""."
367,8,17,59,84,1.3928571428571428,0.07189321051773706,530,"The Queen inquires again if her mother may move in, just for a little while."
367,9,15,60,84,1.3928571428571428,0.07386132581529067,530,"Hard to read, but I think it's either, Damn uncles, Darn these knees or Damocles."
367,6,21,57,84,1.3928571428571428,0.067785767335466,530,"I'm sorry your highness, the scabbard is on backorder."
367,9,15,60,84,1.3928571428571428,0.07386132581529067,530,"Here's a tweet from @Dionysius: ""How's it hangin'? #return throne #keepsword"""
367,6,21,57,84,1.3928571428571428,0.067785767335466,530,He says the fraying is not covered under the warranty and asks if you'd still like a repairman sent out.
367,9,15,60,84,1.3928571428571428,0.07386132581529067,530,"No, really. You should see their pen."
375,9,18,65,92,1.391304347826087,0.06904668186054194,530,Sire I fear you will regret the tax you put on rope.
376,6,20,56,82,1.3902439024390243,0.06887948524194488,530,"And finally, the queen wishes to inform your majesty that, should you wish to summon her, you may simply pull the lever on your left."
376,7,18,57,82,1.3902439024390243,0.0710316662443423,530,The matching fork shall arrive next week
376,10,12,60,82,1.3902439024390243,0.07712872341874094,530,"Sire, the interior designer replies that the Sword of Damocles is de rigueur throne accoutrement and its removal would upset the feng shui of the room."
376,6,20,56,82,1.3902439024390243,0.06887948524194488,530,They suggest you move your throne.
376,8,16,58,82,1.3902439024390243,0.07312052879800564,530,I think we're gonna need a bigger cloak.
376,7,18,57,82,1.3902439024390243,0.0710316662443423,530,"Oddly enough, it says the axe is about to fall."
376,5,22,55,82,1.3902439024390243,0.0666578529877986,530,"Great progress is being made, your highness, on acquisition of the giant fork and spoon."
383,4,23,53,80,1.3875,0.06534656877474833,530,"Your Highness, the sheath is on back order."
384,4,16,42,62,1.3870967741935485,0.07748983219043554,530,"Yes, Your Highness, I now see the wisdom in dropping the pen-is-mightier-than-the-sword line."
385,8,18,62,88,1.3863636363636365,0.06939019761487118,530,There is grave concern about Your Majesty's new weathervane.
386,7,18,58,83,1.3855421686746987,0.070327986279922,530,I'm guessing that this 'pen is mightier than the sword' thing isn't going to fly with you.
386,5,22,56,83,1.3855421686746987,0.06601748960425712,530,"Sire, Swords-R-Us has issued a recall."
386,2,28,53,83,1.3855421686746987,0.058963835126602374,530,"And finally, sire, the people write of their concern that you can't take a hint."
389,4,22,52,78,1.3846153846153846,0.06637658141013826,530,I'm thinking the interior decorator might be a traitor.
390,7,19,60,86,1.3837209302325582,0.06853679781122625,530,"Last of all, no matter what happens next, don't kill the messenger."
391,5,21,55,81,1.382716049382716,0.06705420056296428,530,The Prince is eager to know how you are.
391,9,13,59,81,1.382716049382716,0.07570227020620193,530,The people have demanded term limits.
391,5,21,55,81,1.382716049382716,0.06705420056296428,530,"""Dear King David, Please return my sword at your earliest convenience. Sincerely, Goliath"
391,7,17,57,81,1.382716049382716,0.07150908867938063,530,"Good news your highness, the shield is almost done!"
391,6,19,56,81,1.382716049382716,0.06931744216607305,530,It's a letter from the Acme Twine Company thanking you for your endorsement.
396,5,19,52,76,1.381578947368421,0.07000527614992552,530,"It appears, Sire, that the wording is, ""Fall on your sword,"" not the other way round."
397,8,16,60,84,1.380952380952381,0.07166722418647016,530,"Sire, your subjects humbly request that your throne be moved about six inches forward."
397,7,18,59,84,1.380952380952381,0.0696371258018947,530,He who shall remove the sword from the cartoon shall be King!
397,9,14,61,84,1.380952380952381,0.07364137936811505,530,"A message from the queen, Sire: 'Sometimes, it's not good to be the king.'"
397,6,20,58,84,1.380952380952381,0.06754604027849481,530,"My Lord, the opposition says their aim is not to split hairs."
397,10,12,62,84,1.380952380952381,0.07556397612542305,530,Its a message from Mr. Trump; he says his is bigger.
397,10,12,62,84,1.380952380952381,0.07556397612542305,530,"Sire, we have here a recall notice from the Acme String Company."
397,5,22,57,84,1.380952380952381,0.0653881168459467,530,"Your Highness, the future of the kingdom hangs in the balance."
397,6,20,58,84,1.380952380952381,0.06754604027849481,530,"Right back at you... Best wishes, Damocles"
405,5,20,54,79,1.379746835443038,0.06813650090124036,530,"And to further reduce the King's anxiety, we suggest replacing the Sword with the 'mighty Pen.'"
405,4,22,53,79,1.379746835443038,0.06571158809709,530,"There's no hurry, its not like you have a sword hanging over your head..."
407,8,17,62,87,1.3793103448275863,0.06982886498444603,530,Damocles called again and said it was really important.
407,7,19,61,87,1.3793103448275863,0.06788786473777222,530,...and at 4pm you're knighting Andre the Giant.
409,6,19,57,82,1.3780487804878048,0.06862578461843143,530,"She says, quote, ""It's not big enough""."
409,9,13,60,82,1.3780487804878048,0.07491889402048285,530,"And finally, it is now clear to me, despite some earlier confusion, that the sword is indeed mightier than the pen."
409,4,23,55,82,1.3780487804878048,0.06408798693975863,530,The good news is we found the sword but Damocles is still at large
409,6,19,57,82,1.3780487804878048,0.06862578461843143,530,Sir Gulliver respectfully requests the return of his belongings.
409,7,17,58,82,1.3780487804878048,0.07078567960221667,530,The next case your majesty involves two women who claim they are the mothers of the same child.
409,8,15,59,82,1.3780487804878048,0.07288159273094962,530,3% of scientists say the knife doesn't exist
409,7,17,58,82,1.3780487804878048,0.07078567960221667,530,"The King of Pen has decreed that he is still mightier than you, sir."
409,5,21,56,82,1.3780487804878048,0.06639566395663957,530,The Queen suggests that you put it back in the stone.
417,7,15,55,77,1.3766233766233766,0.07403736526617778,530,Sometimes the Sword is Mightier Than The Pen!
417,7,15,55,77,1.3766233766233766,0.07403736526617778,530,The good news is that you will not need that colonoscopy. The bad news is that you will not need that colonoscopy.
417,4,21,52,77,1.3766233766233766,0.06675508187833132,530,"Anyway, it says here castration anxieties are mostly psychological."
417,6,17,54,77,1.3766233766233766,0.0716921749976885,530,The good news is that your disgruntled staff located the giant's sword...
421,4,24,57,85,1.3764705882352941,0.06256978308902951,530,The latest polls suggest your favorability is hanging on by a thread
421,7,18,60,85,1.3764705882352941,0.06895878399639879,530,"Quick, get me a pen!"
421,7,18,60,85,1.3764705882352941,0.06895878399639879,530,"The Queen further decrees that, if you continue to leave your hose on the floor, there will be consequences."
421,8,16,61,85,1.3764705882352941,0.07096073516445495,530,"A message from the queen: ""Its not the size of your sword; its how you use it!"""
425,3,24,53,80,1.375,0.0625790639152291,530,"Your days, my Lord, are hanging by a thread."
425,6,18,56,80,1.375,0.06975318149815049,530,Yours is definitely bigger than Macbeth's
425,8,14,58,80,1.375,0.07415131638426244,530,The queen is replacing it with an Alexander Calder.
425,6,18,56,80,1.375,0.06975318149815049,530,The Queen says you're overcompensating.
425,7,16,57,80,1.375,0.07198584600681203,530,Prof. Newton wishes to remind you of his encounter with an apple.
425,5,17,50,72,1.375,0.07250681258802164,530,I thought we agreed you wouldn't hang this over my head.
425,9,15,64,88,1.375,0.07102860477247716,530,Next item: Circumcision. Something tells me this one is controversial.
432,7,17,59,83,1.3734939759036144,0.07007582345195508,530,"Sire, your reign is hanging by a thread."
432,6,19,58,83,1.3734939759036144,0.06794676351526412,530,"Alas, Majesty, it's right here in your position description."
434,5,15,47,67,1.373134328358209,0.07619341742646572,530,"Lord Damocles writes, ""I think you've missed the point."""
435,7,18,61,86,1.372093023255814,0.06829266629945845,530,"But wait, there's more! If you act now, we will hang a second sword over your head."
435,7,18,61,86,1.372093023255814,0.06829266629945845,530,Therefore I proclaim the sword is mightier than the pen.
435,5,22,59,86,1.372093023255814,0.06416145765063452,530,Tomorrow will be partly cloudy with a strong chance of impending doom.
438,6,17,55,78,1.3717948717948718,0.07093161137907383,530,"First, the good news..."
438,4,21,53,78,1.3717948717948718,0.06607036269638067,530,"Sire, the people beseech you to remain in your seat."
438,6,17,55,78,1.3717948717948718,0.07093161137907383,530,You've got a bid for it on ebay.
438,4,21,53,78,1.3717948717948718,0.06607036269638067,530,Oh! And it says here it has a lifetime warranty.
442,7,16,58,81,1.3703703703703705,0.07124216319137534,530,And that's not all. This says it can also cut through a tin can.
442,8,14,59,81,1.3703703703703705,0.07337634354132944,530,A title search of the property indicates that the castle was once owned by the Damocles family.
442,8,14,59,81,1.3703703703703705,0.07337634354132944,530,"It's from the giant mohel, Sire, he wants his knife back."
442,5,20,56,81,1.3703703703703705,0.06676946806414795,530,It really ties the room together.
442,6,18,57,81,1.3703703703703705,0.06904204400854536,530,The giant stone was backordered
442,2,26,53,81,1.3703703703703705,0.059432616799560044,530,"Um, Your Highness, I'm afraid I have some bad news from the Physicists Guild regarding your royal edict against gravity..."
442,8,14,59,81,1.3703703703703705,0.07337634354132944,530,Your enemy still protests his pen is mightier.
442,6,18,57,81,1.3703703703703705,0.06904204400854536,530,I see they installed the gift from your son
450,7,17,60,84,1.369047619047619,0.06937918688892442,530,It's from Damoclese Knife & Sword......they say if you don't pay this bill immediately.......
450,8,15,61,84,1.369047619047619,0.07141661785616263,530,"Yes, size does matter"
450,5,21,58,84,1.369047619047619,0.06511334815595471,530,"No sire, your policy doesn't cover death by a moral anecdote."
453,5,18,53,76,1.368421052631579,0.06969131251242527,530,"On the bright side, they also left a refrigerator and an above-ground pool."
453,3,22,51,76,1.368421052631579,0.064460256389031,530,Do you want the good news or the bad news?
455,7,15,57,79,1.3670886075949367,0.07246128512225535,530,Because 'the fluffy pom-pom of Damocles' just wasn't doing it.
455,7,15,57,79,1.3670886075949367,0.07246128512225535,530,"Sir, people are saying our weapon of mass destruction is so 15th century."
455,8,13,58,79,1.3670886075949367,0.0746673140429726,530,Half the court requests your presence in the Hall in haste; the other half asks me to jump up and down with vigor beside you.
455,6,17,56,79,1.3670886075949367,0.07018595227497931,530,"Very Truly Yours, Macbeth"
455,6,17,56,79,1.3670886075949367,0.07018595227497931,530,"Lastly, her majesty asked me to ask you if you've signed the life insurance papers and if you haven't, will you do so now."
460,6,18,58,82,1.3658536585365855,0.06834428299684821,530,"""God Save the King"" is simply our nation's anthem and does not guarantee divine intervention."
460,6,18,58,82,1.3658536585365855,0.06834428299684821,530,It's the bill from the sword sharpener. Wow!
460,4,22,56,82,1.3658536585365855,0.06378646230861691,530,"Okay.. Here we go, pun #46: Knife to meet you, pun #47... Lookin sharp... #48..."
460,5,20,57,82,1.3658536585365855,0.06610466622032775,530,"Galileo has responded, he suggests you move the throne forward two feet."
460,6,18,58,82,1.3658536585365855,0.06834428299684821,530,"And, as jester, I vow to suspend all castle pranks."
460,6,18,58,82,1.3658536585365855,0.06834428299684821,530,Fair and balanced. Nothing to worry about.
460,7,16,59,82,1.3658536585365855,0.07051280125342921,530,"Well, Sire, the note says it slices, dices and makes julienne fries..."
467,6,15,53,74,1.364864864864865,0.07345678604889053,530,"Unfortunately, Sire, the matching fork and spoon are on back-order."
468,6,19,60,85,1.3647058823529412,0.06662546098458755,530,"It says: 'Dear King, Happy birthday. Love, The Trojans.'"
469,6,16,55,77,1.3636363636363635,0.07138195210145004,530,"Damocles would like his metaphor back, sir."
469,6,16,55,77,1.3636363636363635,0.07138195210145004,530,Your opponent says you are only compensating for your small hands
469,6,16,55,77,1.3636363636363635,0.07138195210145004,530,"This should dispel the rumor about your small hands, sire."
469,6,16,55,77,1.3636363636363635,0.07138195210145004,530,"Oh, and your rope warranty just expired."
469,4,20,53,77,1.3636363636363635,0.06642180430022385,530,"Sorry, Sire. The warranty doesn't cover the rope."
474,6,17,57,80,1.3625,0.0694548163843757,530,We're going to need a larger sheath.
474,5,19,56,80,1.3625,0.06713803558926051,530,The contract is a little vague about how the sword was to be hung.
474,6,17,57,80,1.3625,0.0694548163843757,530,"For God's sake man, come to the point!"
474,4,21,55,80,1.3625,0.06473839762136749,530,Let me get to the point.
474,5,19,56,80,1.3625,0.06713803558926051,530,The people hope the king is well since he went under the knife.
474,10,9,61,80,1.3625,0.07803713413367683,530,"The people of Watertown are grateful that you are selling their water to neighboring towns and keeping the money for yourself. They humbly offer you this ceremonial knife, hung with a thread from the finest of linens."
480,5,15,49,69,1.3623188405797102,0.07435718986682269,530,"Game of Swords, Episode One...."
481,7,16,60,83,1.3614457831325302,0.0697973921330756,530,"Congratulations your Majesty!""""You were unanimously voted Man of the Year by all of the villagers again!"
481,9,12,62,83,1.3614457831325302,0.07388770309814092,530,"...don't step on cracks, don't walk under ladders, don't break a mirror, don't open an umbrella indoors, if you spill salt..."
481,5,20,58,83,1.3614457831325302,0.06545196122376797,530,Medicare part S does cover swords.
481,8,14,61,83,1.3614457831325302,0.07187165163573657,530,"PS - I have reason to suspect an imminent threat to your life & crown. Be vigilant, dear brother!"
481,6,18,59,83,1.3614457831325302,0.06765957129858255,530,The Boleyns insist you have it and installed it themselves.
481,5,20,58,83,1.3614457831325302,0.06545196122376797,530,"According to the castle inventory, the very large spoon and fork reside in the scullery."
481,4,22,57,83,1.3614457831325302,0.06316724521274675,530,"We appreciate your decision to not live by the sword, but living under one doesn't seem much safer."
488,6,15,54,75,1.36,0.07263384662590627,530,I'll cut to the chase.
489,4,15,45,64,1.359375,0.07508985193150429,530,... and the rebels are armed with a giant pen ...
490,4,20,54,78,1.358974358974359,0.06573025071401599,530,A little note from some French doctor name Guillotine
490,7,14,57,78,1.358974358974359,0.07293467527814461,530,I am told we are going to make some VERY big cuts around here
490,4,20,54,78,1.358974358974359,0.06573025071401599,530,The Exchequer dutifully reports that the Queen arranged for some interior decorating by Sharper Image prior to her exile.
493,10,9,62,81,1.3580246913580247,0.07719752197957276,530,"Your majesty, the people are concerned you're letting your big sword go to your head."
493,5,19,57,81,1.3580246913580247,0.06645485327079889,530,"Frankly, I preferred the pen"
493,6,17,58,81,1.3580246913580247,0.06873783163987683,530,The stone will be delivered next week
493,5,19,57,81,1.3580246913580247,0.06645485327079889,530,"Your Highness, the Swiss army approaches."
493,8,13,60,81,1.3580246913580247,0.07309017341044782,530,The Christian Right requests it be renamed ‘The sword of Goshdarnacles.”
493,7,15,59,81,1.3580246913580247,0.07094738525034375,530,Do you want the bad news first?
493,6,17,58,81,1.3580246913580247,0.06873783163987683,530,"Fair and balanced, your Highness."
493,8,13,60,81,1.3580246913580247,0.07309017341044782,530,It was either this or giving you enough rope to hang yourself
493,7,15,59,81,1.3580246913580247,0.07094738525034375,530,"It's an Acme Wire Company recall, my lord."
493,4,21,56,81,1.3580246913580247,0.0640906042094687,530,"Blah, blah, blah. Short live the King!"
503,6,14,53,73,1.356164383561644,0.07394582073379749,530,The people say that you don't get the point.
503,8,10,55,73,1.356164383561644,0.07892413706595254,530,Your Xanax prescription is ready for pick up.
503,6,14,53,73,1.356164383561644,0.07394582073379749,530,"If you would prefer, Your Majesty, I could have it replaced with a dark cloud."
503,6,14,53,73,1.356164383561644,0.07394582073379749,530,Petitioner humbly inquires if you might reconsider the understated qualities of the pen.
503,8,10,55,73,1.356164383561644,0.07892413706595254,530,Get to the point!
508,4,19,53,76,1.355263157894737,0.06676470169504571,530,"It says, Dear John."
508,5,17,54,76,1.355263157894737,0.06934264622446201,530,The owner's manual says the thread should have been replaced six weeks ago.
508,5,17,54,76,1.355263157894737,0.06934264622446201,530,The pen will arrive next week
508,5,17,54,76,1.355263157894737,0.06934264622446201,530,"Your pipe, bowl and fiddlers are here. but your chair movers are stuck in traffic!"
512,2,24,53,79,1.3544303797468353,0.0598547812125051,530,As your Royal Accountant I think I've figured out why your homeowner's insurance is so high.
512,3,22,54,79,1.3544303797468353,0.06250731780215787,530,"Okay, I stand corrected about that whole pen being mightier thing, your grace."
512,5,18,56,79,1.3544303797468353,0.06750040495038664,530,Why don't I just cut to the chase?
515,6,22,68,96,1.3541666666666667,0.06102050034200232,530,The queen fears you are overcompensating
516,7,15,60,82,1.353658536585366,0.07021271765870794,530,"Your majesty, the royal florist suggest that the noble sword of truth be replaced by the hanging basket of geraniums."
516,4,21,57,82,1.353658536585366,0.06345457709467803,530,"Yea, maybe the pen isn't really mightier."
516,6,17,59,82,1.353658536585366,0.06803463528798478,530,I'm supposed to keep reading until the rope breaks.
516,5,19,58,82,1.353658536585366,0.06578447747392063,530,"The revised Ikea instruction manual says ""To prevent injury, the sword must be firmly anchored to a wall"""
516,6,17,59,82,1.353658536585366,0.06803463528798478,530,It's from the Giant; he wants his pocketknife back.
516,7,15,60,82,1.353658536585366,0.07021271765870794,530,"Let's see. There's something about a dude named Damocles, then a long bit about living by the sword, but essentially it's asking, 'Do you feel lucky?'"
522,6,12,50,68,1.3529411764705883,0.0777332110449888,530,It says here it's a gift from a Mr. Damocles.
523,6,14,54,74,1.3513513513513513,0.0730983332284813,530,"We are still searching for a fork and spoon, your Majesty."
523,3,20,51,74,1.3513513513513513,0.06505894696308392,530,The royal decorator says moving the throne would ruin the feng shui.
525,5,17,55,77,1.3506493506493507,0.0685915171800525,530,"Sorry Sire, but their words are still mightier."
525,6,15,56,77,1.3506493506493507,0.07103914222961645,530,"Yes sire, there actually is a fairly detailed section here on ""Term Limits""."
525,4,19,54,77,1.3506493506493507,0.06605325676606114,530,The people want to be heard about severance packages.
525,3,21,53,77,1.3506493506493507,0.0634134782971646,530,"I think ""live by the sword, die by the sword"" may be a bit harsh."
525,6,15,56,77,1.3506493506493507,0.07103914222961645,530,"By royal decree, from this day forward, the size of your sword DOES matter."
525,6,15,56,77,1.3506493506493507,0.07103914222961645,530,"Sire, It appears ye olde warranty on the rope has expired."
531,5,18,57,80,1.35,0.06679839306791514,530,It's from Regal Rope and Wire about the recall ...
531,5,18,57,80,1.35,0.06679839306791514,530,The council fears you misconstrued the wisdom of Solomon.
531,4,20,56,80,1.35,0.06438609803562538,530,The sheath is on back-order.
531,6,16,58,80,1.35,0.06912655794018842,530,"It's a list of demands from the ropemakers' guild, Sire. They await your decision."
531,6,16,58,80,1.35,0.06912655794018842,530,"I understand where you're coming from, Sire, but it's more of a safety issue."
531,5,18,57,80,1.35,0.06679839306791514,530,"The Queen liked the Calder mobile, but I think this is more 'me.'"
531,3,22,55,80,1.35,0.0618798345509313,530,"Sire, the wizard predicts that you may be nearing the end of your rope!"
538,8,14,64,86,1.3488372093023255,0.0697218273136729,530,It's a tribute by the National Sword Guild in honor of Your Highness' impending Open Carry Proclamation.
539,4,18,53,75,1.3466666666666667,0.06709770563962754,530,Sorry your highness but I think that big pen looked a lot mightier.
539,5,16,54,75,1.3466666666666667,0.06973135924720286,530,"Your Highness, the serfs want to cut a deal."
539,7,12,56,75,1.3466666666666667,0.07472070116897449,530,"The Queen includes yet another postscript, Your Majesty."
539,7,12,56,75,1.3466666666666667,0.07472070116897449,530,"According to our polls, a yellow corvette would convey the same message without being as threatening."
539,3,20,52,75,1.3466666666666667,0.06435636519989102,530,Your policy specifically excludes acts of Damocles.
544,5,17,56,78,1.3461538461538463,0.06785550816982638,530,...but if thee move thy throne but a little thy reign will become less stressful.
544,7,13,58,78,1.3461538461538463,0.07259731851098938,530,A gift from Sir Alexander Calder
544,4,19,55,78,1.3461538461538463,0.06535571632217829,530,The queen awaits your answer regarding her authority.
544,7,13,58,78,1.3461538461538463,0.07259731851098938,530,And...cut!
544,6,15,57,78,1.3461538461538463,0.07026642385937759,530,"Our last item to discuss concerns your eBay listing for the sword. Since you still do not have any bids, perhaps we should consider including free shipping."
544,3,21,54,78,1.3461538461538463,0.0627564285391123,530,Homeland Security seems to have a concern your Excellency.
544,4,19,55,78,1.3461538461538463,0.06535571632217829,530,"You have a point this time, the pen is not always mightier than the sword."
544,6,15,57,78,1.3461538461538463,0.07026642385937759,530,Sir Pranksalot is a-frayed you're a sword loser.
544,5,17,56,78,1.3461538461538463,0.06785550816982638,530,Ye Olde Insurance Company regrets to inform his majesty that his term life policy has been revoked with cause.
544,5,17,56,78,1.3461538461538463,0.06785550816982638,530,The royal decorator wants to know if you've decided on his request for a raise.
544,4,19,55,78,1.3461538461538463,0.06535571632217829,530,"On the bright side, you're still within the margin of error."
544,6,15,57,78,1.3461538461538463,0.07026642385937759,530,"Sadly, there's nothing in here about moving the throne."
544,4,19,55,78,1.3461538461538463,0.06535571632217829,530,"A gift to you, from your loving peasants."
557,4,20,57,81,1.345679012345679,0.06373288641550769,530,Should you opt out of this agreement...
557,4,20,57,81,1.345679012345679,0.06373288641550769,530,"The ""Bristol Stomp"" dance contest will begin overhead in three minutes..."
559,4,18,54,76,1.3421052631578947,0.06636589585746575,530,Might your highness find it more relaxing to go for a dip in the alligator moat?
559,4,18,54,76,1.3421052631578947,0.06636589585746575,530,"Just a little off the top then, your highness?"
559,5,16,55,76,1.3421052631578947,0.06895875090187209,530,Going under the knife will not improve your appearance.
559,4,18,54,76,1.3421052631578947,0.06636589585746575,530,Why not a spoon of Damocles?
559,2,22,52,76,1.3421052631578947,0.06084963226675308,530,"Good news, Sire! The earthquake watch has been lifted."
559,6,14,56,76,1.3421052631578947,0.0714575854540923,530,This is the final recall notice on rope purchased in the kingdom.
559,5,16,55,76,1.3421052631578947,0.06895875090187209,530,"Sire, your kingdom hangs by a thread."
559,6,14,56,76,1.3421052631578947,0.0714575854540923,530,"The King of Sheaths requests an alliance, Your Majesty."
559,7,12,57,76,1.3421052631578947,0.07387194130325368,530,The royal soothsayer predicts imminent change
559,5,16,55,76,1.3421052631578947,0.06895875090187209,530,Here's your problem. The instructions say that you should never place the throne directly under the sword.
559,5,16,55,76,1.3421052631578947,0.06895875090187209,530,"Sire, the town has sent a message regarding your new tax policy."
570,6,15,58,79,1.3417721518987342,0.06950951625150825,530,The Queen wanted me to inform you that she's hired a new interior decorator.
570,6,15,58,79,1.3417721518987342,0.06950951625150825,530,It shall be proclaimed that the pen is mightier than most swords.
570,6,15,58,79,1.3417721518987342,0.06950951625150825,530,"Hear ye, hear ye, hear ye. So long, your Majesty."
570,7,13,59,79,1.3417721518987342,0.07180628659345781,530,The only person left on the list is Damocles.
570,5,17,57,79,1.3417721518987342,0.06713421560348777,530,The cable service will be here next Thursday some time between 8 AM and 5 PM.
570,6,15,58,79,1.3417721518987342,0.06950951625150825,530,"Good news, Sire, complaints are down 90%."
576,5,18,59,82,1.3414634146341464,0.06543466920135303,530,I'll take the good news first...
576,7,14,61,82,1.3414634146341464,0.06988507836437738,530,"This time, I think the peasants are really serious, your majesty."
578,6,12,53,71,1.3380281690140845,0.07490748679672549,530,"It's from Hamlet, sire."
578,7,10,54,71,1.3380281690140845,0.07754705710162786,530,"Perhaps we should omit the phrase "" the pen is mightier than the sword."
580,6,13,55,74,1.337837837837838,0.07270371429951814,530,The sword should be pointing downward according to your feng shui consultant
580,4,17,53,74,1.337837837837838,0.0674193116180728,530,"Um, yeah, about that pen is mightier than the sword thing....."
580,4,17,53,74,1.337837837837838,0.0674193116180728,530,The crown prince hopes that you like his present.
580,6,13,55,74,1.337837837837838,0.07270371429951814,530,"The lady replies ""despite having gone under the knife, you still have a face that only a mother could love, so I won't marry you. And please don't kill the messenger."""
584,6,14,57,77,1.3376623376623376,0.07066327111461151,530,"Well, they are hungry, and it is quite a large cake..."
584,4,18,55,77,1.3376623376623376,0.06564884527012349,530,"Sir, if you please, survey results show it's 82% more effective than our previous ""Exit"" sign."
584,5,16,56,77,1.3376623376623376,0.0682021582133502,530,"The Duke of Damocles inquires as to whether you have received his message of ""heads up"", sire."
584,7,12,58,77,1.3376623376623376,0.07304150453184358,530,"It's name, of ancient lore, is Brexit, sire."
584,6,14,57,77,1.3376623376623376,0.07066327111461151,530,Hear ye! Hear ye! Duck!
584,7,12,58,77,1.3376623376623376,0.07304150453184358,530,"You might want to change that line "" what do I look like, chopped liver'"
584,6,14,57,77,1.3376623376623376,0.07066327111461151,530,The Feng Shui master stopped by today.
584,9,8,60,77,1.3376623376623376,0.07757956163572852,530,The orange-headed clown prince says his is bigger.
584,4,18,55,77,1.3376623376623376,0.06564884527012349,530,Into our lives a little reign must fall.
584,3,20,54,77,1.3376623376623376,0.06299212161566223,530,...and your mother-in-law is coming to stay
584,8,10,59,77,1.3376623376623376,0.07534470707311537,530,"Be patient, your majesty. You're...er, I mean...I'm almost finished."
584,3,20,54,77,1.3376623376623376,0.06299212161566223,530,"Her highness, the Queen, wishes to let you know she has moved her throne to the adjacent chamber."
584,4,18,55,77,1.3376623376623376,0.06564884527012349,530,Lloyds cancelled.
584,4,18,55,77,1.3376623376623376,0.06564884527012349,530,"I here by promise to return the Queen, AND her throne, AND the Royal Golden Chandelier. But only after the King returns my pocket knife. Cordially, The Giant"
598,5,17,58,80,1.3375,0.06642724677362481,530,It is hereby declared 'The King has the biggest dirk in all the Land.'
598,6,15,59,80,1.3375,0.0687679780866544,530,"Sir, not to suggest that the pen is mightier than the sword, but the balance of power seems to be hanging by a thread."
598,7,13,60,80,1.3375,0.07103161624466328,530,Damocles wrote. He wants his sword back.
601,2,21,52,75,1.3333333333333333,0.06102232152027422,530,"Looks like you're right Sire, we definitely ordered the light saber!"
601,4,17,54,75,1.3333333333333333,0.06666666666666665,530,Why the sudden interest in succession?
601,5,14,53,72,1.3333333333333333,0.07131670202330193,530,Your premium goeth up.
601,2,20,50,72,1.3333333333333333,0.0625488854200668,530,"I prefer Dagger of Damocles for the alliteration, but hey, you're in charge."
601,7,11,57,75,1.3333333333333333,0.07433387871977033,530,"The consultants admire it, but question his majesty's ability to wield it effectively."
601,5,15,55,75,1.3333333333333333,0.06931669932133816,530,"It's from the rebel peasants My Liege, now demanding big cuts in government..."
601,4,17,54,75,1.3333333333333333,0.06666666666666665,530,"They've responded, your majesty, with a tremendous display of forks."
601,4,16,52,72,1.3333333333333333,0.06851887098275317,530,"Yes, I will make sure they get the point."
601,6,13,56,75,1.3333333333333333,0.07186908351415902,530,"Statement piece or not, it does sort of tie the room together."
601,7,10,55,72,1.3333333333333333,0.07660642662948694,530,Speed it up. My time is about to be cut short.
601,4,17,54,75,1.3333333333333333,0.06666666666666665,530,"Sire, a sort of justice is about to befall you."
601,4,16,52,72,1.3333333333333333,0.06851887098275317,530,We're winning the Arms Race.
601,3,16,47,66,1.3333333333333333,0.0694075270947238,530,The poll results also indicate that the people feel you are over-compensating for something.
601,6,12,54,72,1.3333333333333333,0.07400883929781431,530,It's a cease and desist order from a Mr. Damocles.
601,8,10,60,78,1.3333333333333333,0.07449835937794572,530,"Death has written, sire, wanting his metaphor back."
601,5,16,57,78,1.3333333333333333,0.06746113363266698,530,Says here that the pen is on back-order.
601,6,14,58,78,1.3333333333333333,0.06988565578146123,530,Then at noon the decorator will be executed.
601,4,16,52,72,1.3333333333333333,0.06851887098275317,530,And...fare thee well on behalf of the staff.
601,3,19,53,75,1.3333333333333333,0.0639068391025881,530,"Sire, your schedule for today is still up in the air."
601,5,15,55,75,1.3333333333333333,0.06931669932133816,530,"Sire, are you sure you wanted it sharpened?"
601,6,13,56,75,1.3333333333333333,0.07186908351415902,530,"She demands half of your crown and throne, but says the sword is all yours."
601,6,11,52,69,1.3333333333333333,0.0763250850850649,530,It appears his majesty has earned a rating of A+ from the National Sword Association.
601,4,18,56,78,1.3333333333333333,0.0649461639976082,530,"A letter opener, from the Crown Prince."
601,4,17,54,75,1.3333333333333333,0.06666666666666665,530,"Sire, after two years of deliberation, the survival committee has determined that moving your throne backwards by 26 inches would be the best solution"
601,6,13,56,75,1.3333333333333333,0.07186908351415902,530,"It says, ""With best wishes from William of Ockham."""
601,4,17,54,75,1.3333333333333333,0.06666666666666665,530,Who's Damocles?
601,3,20,55,78,1.3333333333333333,0.06232979933389716,530,"""It looks like there could be cutbacks soon""."
601,5,15,55,75,1.3333333333333333,0.06931669932133816,530,"Sire, if you can just bend over a little bit to sign this decree, I think the kingdom will be happy with the results..."
601,7,11,57,75,1.3333333333333333,0.07433387871977033,530,Popularity polls are showing a sudden drop.
601,4,15,50,69,1.3333333333333333,0.07051952704202798,530,The Royal Philosopher says that you must regard the sword as a perfect symbol of the constant peril faced by those in power . . . or just move the damned throne.
631,7,11,58,76,1.3289473684210527,0.07348029427864373,530,"According to your policy, the property owner assumes full responsibility. Damocles would be off the hook."
631,2,21,53,76,1.3289473684210527,0.0603735677458588,530,52% think that you should exit
631,8,9,59,76,1.3289473684210527,0.07583027654082859,530,All indicators suggest the majority favors Rexit.
631,5,15,56,76,1.3289473684210527,0.06853903458111421,530,The instructions say that it should be mounted vertically.
631,5,15,56,76,1.3289473684210527,0.06853903458111421,530,"Sir, I don't think the pen is mightier than this sword."
631,6,13,57,76,1.3289473684210527,0.07105263157894735,530,"The campaign will be called ""BREXIT."" We are cutting off ties with Feudal Europe."
631,5,15,56,76,1.3289473684210527,0.06853903458111421,530,Good news! The people now believe the sword is mightier!
631,8,9,59,76,1.3289473684210527,0.07583027654082859,530,"Due to an error in production, your cord was accidentally woven of recreational hemp."
639,3,18,52,73,1.3287671232876712,0.06485786626183465,530,Parlament is considering your proposal to relocate the throne - but there is some opposition
639,4,16,53,73,1.3287671232876712,0.06772784006480057,530,"But wait there's more! If you act in the next 20 seconds, we'll send you absolutely free the king-size knife sheath ..."
639,6,12,55,73,1.3287671232876712,0.07313067295911857,530,"A Mr Cruz gifted it, Mr. Trump"
639,6,12,55,73,1.3287671232876712,0.07313067295911857,530,You could cut the tension with a knife.
639,6,12,55,73,1.3287671232876712,0.07313067295911857,530,Damocles says you're missing the point.
639,4,16,53,73,1.3287671232876712,0.06772784006480057,530,The scabbard is sold separately.
639,3,18,52,73,1.3287671232876712,0.06485786626183465,530,He says his pen is REALLY huge.
639,4,16,53,73,1.3287671232876712,0.06772784006480057,530,A gift from the E.U. for Brexit
639,4,16,53,73,1.3287671232876712,0.06772784006480057,530,There has been a recall of all Heavy Duty Horse Hair rope effective immediately.
639,4,16,53,73,1.3287671232876712,0.06772784006480057,530,"The metalsmith passed the annual quality inspection, but the thread merchant failed."
639,0,24,49,73,1.3287671232876712,0.055362354579827126,530,It seems your nerves aren't the only thing fraying.
639,4,16,53,73,1.3287671232876712,0.06772784006480057,530,Occupational health recommended we hang the interior designer.
651,4,15,51,70,1.3285714285714285,0.06966773723437258,530,"Wait...I have one more piece of bad news, well two pieces, really."
651,4,15,51,70,1.3285714285714285,0.06966773723437258,530,""" I can't sign that. It would hang over my head forever""."
651,6,11,53,70,1.3285714285714285,0.07537739025234334,530,The rigger's guild requests that his majesty reopen negotiations.
654,7,12,61,80,1.325,0.07065471397999526,530,The Royal Mohel sends his regrets and says start the bris without him.
655,10,5,62,77,1.3246753246753247,0.0793892407832378,530,"Sire, the Giants Mohel has arrived."
655,6,13,58,77,1.3246753246753247,0.07025380810679205,530,It's from Parliament Sire. They have denied your funding request for a helmet.
655,7,11,59,77,1.3246753246753247,0.07264544757356925,530,Sir-All details are complete for your circumcision tomorow
655,5,15,57,77,1.3246753246753247,0.06777782863036942,530,Sorry Sire. It is another letter from an insurance company that refuses to cover you.
655,3,19,55,77,1.3246753246753247,0.0625324480132615,530,"If it's all the same to you, my lord, I'll remain standing."
660,5,14,55,74,1.3243243243243243,0.06966388896823443,530,"The signing of your will is at 3:00. Would you, uh, like to move it up?"
660,5,14,55,74,1.3243243243243243,0.06966388896823443,530,"Sir, the Royal Rope Maker just announced a quality control recall of his last production batch."
660,6,12,56,74,1.3243243243243243,0.07227233684560137,530,"Well Sire according to this, a Mr. Wile E. Coyote would ascend to the throne should you pass."
660,4,16,54,74,1.3243243243243243,0.06695389592273865,530,I’m going to stick to the short proclamations.
660,5,14,55,74,1.3243243243243243,0.06966388896823443,530,There's a rumor that there is a pen out there that is mightier than your sword.
660,6,12,56,74,1.3243243243243243,0.07227233684560137,530,"...and when thy rope breaketh, thy Kingdom shall fall. And down shall come Ruler, Big Sword and all."
660,5,14,55,74,1.3243243243243243,0.06966388896823443,530,The Prince asks that a “Leap for Joy Day” be declared to honor your Majesty.
660,4,16,54,74,1.3243243243243243,0.06695389592273865,530,It's a recall notice from the Damocles Rope Company.
660,7,10,57,74,1.3243243243243243,0.07478986508925956,530,"Your Highness, I present to you a gift from your adoring public, in honour of your ...and I quote ...""20 long years living by the sword"""
660,5,14,55,74,1.3243243243243243,0.06966388896823443,530,"Your Highness, do prepare for a clean, close shave."
670,3,17,51,71,1.323943661971831,0.06584735682878701,530,"And last, your doctor suggests you get out more."
670,3,17,51,71,1.323943661971831,0.06584735682878701,530,"Sire, you might be especially interested in our new double indemnity option."
670,2,19,50,71,1.323943661971831,0.06271730155560007,530,"...and Your Majesty agrees that Swords-R-Us is not responsible for death, damages or losses resulting from Your failure to..."
670,4,15,52,71,1.323943661971831,0.06883522999350791,530,"Sire, it appears you are not getting the point."
670,4,15,52,71,1.323943661971831,0.06883522999350791,530,"And furthermore, father, I would like to thank you very, very, very, very much for naming me your successor, and..."
670,2,19,50,71,1.323943661971831,0.06271730155560007,530,This may not be the right time to discuss term limits.
670,4,15,52,71,1.323943661971831,0.06883522999350791,530,...and the rope makers are asking for a decrease in their taxes.
677,4,14,50,68,1.3235294117647058,0.07086935534514265,530,"You have two options. Option one is to tell the Queen she doesn't look fat in the royal gown. Option two, Well let's just go with option 1 shall we."
678,4,12,46,62,1.3225806451612903,0.07548256020412515,530,Is there any gravity in this cartoon?
679,6,14,61,81,1.3209876543209877,0.06764823798912338,530,"For your Take Out tonight, would you prefer one slice or two?"
680,5,15,58,78,1.3205128205128205,0.0670326030971889,530,It's single edged. Why do you ask?
681,8,8,59,75,1.32,0.07631135841684003,530,"It appears Sir that no matter how big your sword is, his pen is still mightier."
681,5,14,56,75,1.32,0.06886466686438221,530,The National Sword Association objects to any change in the throne room.
681,3,18,54,75,1.32,0.06341625676135118,530,"Skip to the end, please."
681,5,14,56,75,1.32,0.06886466686438221,530,Your Majesty. We have word of a recall of several lots of rope........
681,3,18,54,75,1.32,0.06341625676135118,530,You can remain seated or choose what's behind door number one.
681,4,16,55,75,1.32,0.06619654055902001,530,Unfortunately the warranty is void if not hung properly.
681,8,8,59,75,1.32,0.07631135841684003,530,...and the thread company has issued a product quality recall.
681,4,16,55,75,1.32,0.06619654055902001,530,"The new rope is on backorder, sir."
681,4,16,55,75,1.32,0.06619654055902001,530,It's an invoice for a Royal Letter Opener.
681,4,16,55,75,1.32,0.06619654055902001,530,"If accepted, it comes with no strings attached."
681,4,16,55,75,1.32,0.06619654055902001,530,"Dear King: That's not what I meant when I said you need to go under the knife. Please call to make an appointment. Yours, Dr. Wenzagoogoo"
681,7,10,58,75,1.32,0.07391253657576001,530,"The queen sends a gift, my lord."
681,6,12,57,75,1.32,0.07143320448294828,530,The good news is the peasants love your tweets.
681,4,16,55,75,1.32,0.06619654055902001,530,"As your court jester, I hope to make you die laughing."
681,8,8,59,75,1.32,0.07631135841684003,530,"It's a collection notice from the Damocles Sign Company, and it says they're going to cut you off."
681,4,16,55,75,1.32,0.06619654055902001,530,The Queen would prefer to stay above the fray.
697,6,11,55,72,1.3194444444444444,0.07354852360375037,530,And the Queen lived happily ever after.
697,2,19,51,72,1.3194444444444444,0.06200354907079407,530,Moving on to the infrastructure budget...
697,6,11,55,72,1.3194444444444444,0.07354852360375037,530,"Our report suggests the possibility of a pending attack, sir."
697,4,15,53,72,1.3194444444444444,0.06802141361977783,530,"Bad news, sire, Damocles doesn't want it back."
697,4,15,53,72,1.3194444444444444,0.06802141361977783,530,"I'm sorry, but I have to cut you off."
697,5,13,54,72,1.3194444444444444,0.0708388948075996,530,"Instead of knighthood, I prefer a tax cut."
697,5,13,54,72,1.3194444444444444,0.0708388948075996,530,and it's signed: Roger Ailes.
697,4,15,53,72,1.3194444444444444,0.06802141361977783,530,Is that your final answer?
697,4,15,53,72,1.3194444444444444,0.06802141361977783,530,"I found the manual, Sire: ""Dam-O-Kleez, Inc. grants no warranties, express or implied, as to the quality or merchantability of the horsehair strand enclosed with this unit."""
697,4,15,53,72,1.3194444444444444,0.06802141361977783,530,By Order of the Royal Mohel....
697,4,15,53,72,1.3194444444444444,0.06802141361977783,530,Damocles said he'd be back for it.
708,4,14,51,69,1.318840579710145,0.06999194212295723,530,"It's official, Sire. The winner of the Name That Sword Contest is Damocles."
708,6,10,53,69,1.318840579710145,0.07583789871267847,530,"Your Majesty, our scouts confirm that it is a very, very large pen."
710,5,11,50,66,1.3181818181818181,0.07528993193244386,530,"Finally Your Liege, there's a recall on horsehair, something to do with tensile strength."
711,7,11,61,79,1.3164556962025316,0.07102966863119914,530,Scribe! Do you still think the pen is mightier than the sword?
712,4,16,56,76,1.3157894736842106,0.06545529160062329,530,"You are a cut above the rest, sire!"
712,7,10,59,76,1.3157894736842106,0.07305495724090182,530,And the blacksmith's bill is still outstanding...
712,6,12,58,76,1.3157894736842106,0.07061267297367758,530,"Just the peasants' usual list of grievances, Sire, but this time they've omitted the bit about humbly requesting."
712,8,8,60,76,1.3157894736842106,0.07541819389545502,530,Damocles is upset that you didn't 'love' his last post.
712,3,18,55,76,1.3157894736842106,0.06271776467269995,530,It's going to be a very big knight.
712,4,16,56,76,1.3157894736842106,0.06545529160062329,530,Who do you know in Troy?
712,4,16,56,76,1.3157894736842106,0.06545529160062329,530,Bad news Sire. We cannot find anyone willing to take the throne.
712,2,20,54,76,1.3157894736842106,0.05985516529555083,530,Dear Sir: Thank you for upgrading to Damacles Sword 2.0...
712,4,16,56,76,1.3157894736842106,0.06545529160062329,530,"Sire, you may find my next joke to be a bit edgy."
712,7,10,59,76,1.3157894736842106,0.07305495724090182,530,Your Majesty's interior decorator has been spotted consorting with the peasants.
722,4,15,54,73,1.3150684931506849,0.06722571627550439,530,"Sire, this is a recall notice about the rope the palace purchased."
722,4,15,54,73,1.3150684931506849,0.06722571627550439,530,Please don't look up your majesty. I have news that could make you feel on edge.
722,4,15,54,73,1.3150684931506849,0.06722571627550439,530,'The taxpayers are complaining about the size of the overhead.'
722,5,13,55,73,1.3150684931506849,0.06999867450573467,530,"Oh, King Donald, the Sword of Damocles is a present from King Vladimir."
722,3,17,53,73,1.3150684931506849,0.06433334613518435,530,"Whilst the Lords appreciate your support of open carry, sire, the inner council fears your marketing campaign is unraveling."
722,4,15,54,73,1.3150684931506849,0.06722571627550439,530,‘Tis a gift from your friends at Halliburton.
722,6,11,56,73,1.3150684931506849,0.0726658925243815,530,I asked for a huge throne made OF swords you idiot!
722,6,11,56,73,1.3150684931506849,0.0726658925243815,530,"That completes the good news for the week, Your Majesty. And, once again, I am happy to report there is no bad news."
730,2,18,50,70,1.3142857142857143,0.06286090709602142,530,Does this sword make my crown look small?
730,4,14,52,70,1.3142857142857143,0.06913502000311503,530,The committee said we couldn't afford a Calder
730,5,12,53,70,1.3142857142857143,0.07206753544960003,530,"Since it is written: ""He who rules by the sword, dies by the sword"", I would move your throne over 6 feet."
730,4,14,52,70,1.3142857142857143,0.06913502000311503,530,Your subjects just love this new location for your throne.
730,6,10,54,70,1.3142857142857143,0.07488530123280267,530,"Number 17, thou proclaim ""That's not a knife, this is a knife!"""
730,4,14,52,70,1.3142857142857143,0.06913502000311503,530,"The pen also happens to be heavier, sire."
730,6,10,54,70,1.3142857142857143,0.07488530123280267,530,"It's from Donald the Trumpeter of Egoland.. he says , if you think his sword is huge, wait 'til you see how big his pen is . At least , I think I got that translation right."
737,3,14,47,64,1.3125,0.06998795247800504,530,"You won't forget the way to the privy again, my lord."
738,5,14,58,77,1.3116883116883118,0.06731786713591009,530,High overhead is putting your business at risk
738,3,18,56,77,1.3116883116883118,0.06203360570216413,530,It's the Sword of Damocles -- Texas Edition
740,4,15,55,74,1.3108108108108107,0.0664475855650548,530,I call it the 'Editor-In-Chief'.
740,3,17,54,74,1.3108108108108107,0.0636006948112967,530,Your approval ratings with the people is at an all time low but we did just receive another gift from the sword lobby.
740,6,11,57,74,1.3108108108108107,0.07180353836209209,530,"Sir, it seems that we taxed the people and granted them democracy in the wrong order."
740,7,9,58,74,1.3108108108108107,0.07433694484078562,530,"Sire, your 3pm fencing opponent cancelled again."
740,3,17,54,74,1.3108108108108107,0.0636006948112967,530,Anyway you slice it the kingdom is about to become a republic.
740,5,13,56,74,1.3108108108108107,0.06917741592724358,530,"This is from Mack, your Highness. He wants his knife back."
740,4,15,55,74,1.3108108108108107,0.0664475855650548,530,"""Sire. I bring news of an attempt to overthrow you but they may be splitting heirs""."
740,4,15,55,74,1.3108108108108107,0.0664475855650548,530,"Right, just the high points."
740,4,15,55,74,1.3108108108108107,0.0664475855650548,530,"No your Majesty, I haven't seen your great big sword and if I did, it certainly wouldn't be hanging by a shredded thread over your head."
749,4,14,53,71,1.3098591549295775,0.06829793087996713,530,"In local news, the coup attempt has been completely squashed."
749,4,14,53,71,1.3098591549295775,0.06829793087996713,530,"Well sire, it certainly conveys your enthusiasm for cutting edge technology."
749,4,14,53,71,1.3098591549295775,0.06829793087996713,530,"So, Dionysius, still think it’s funny? Yours, Damocles"
749,4,14,53,71,1.3098591549295775,0.06829793087996713,530,"Good news and bad news, Sire. The bris is still on for tomorrow, but the mohel called in sick."
749,6,10,55,71,1.3098591549295775,0.07395563762369861,530,from this point forward the sword is mightier than the pen
749,2,18,51,71,1.3098591549295775,0.0621271147619275,530,Sire the prophets said if you just move the throne 3 feet forward you'll have nothing to fret about.
749,8,6,57,71,1.3098591549295775,0.07921026013194808,530,Next item: we've received a huuuge bill from Damocles Decorating.
749,4,14,53,71,1.3098591549295775,0.06829793087996713,530,It says here that it comes with the job.
749,5,12,54,71,1.3098591549295775,0.07118301657984366,530,"You know my policy on bad news, right?"
749,4,14,53,71,1.3098591549295775,0.06829793087996713,530,The people want more specific term limits.
749,3,16,52,71,1.3098591549295775,0.06528547216313318,530,"Moving your throne is number one on the ""to do list,"" Sire."
749,4,14,53,71,1.3098591549295775,0.06829793087996713,530,"And then you'll end your speech with the words, ""speak softly and carry a big sword""."
749,3,16,52,71,1.3098591549295775,0.06528547216313318,530,"maybe I should rethink this whole, pen is mightier, thing."
749,3,16,52,71,1.3098591549295775,0.06528547216313318,530,The decree is that the pen is still mightier...
749,4,14,53,71,1.3098591549295775,0.06829793087996713,530,The sheath will be done in two years.
749,6,10,55,71,1.3098591549295775,0.07395563762369861,530,"The next visitor is Mr. Damocles, sir."
765,6,9,53,68,1.3088235294117647,0.07628717790277047,530,King Rothgar says his is bigger.
765,6,9,53,68,1.3088235294117647,0.07628717790277047,530,"And finally, sire, the royal rope-maker seeks an immediate audience."
765,6,9,53,68,1.3088235294117647,0.07628717790277047,530,This message of spam further sayeth that whoever doth break this thread shall have bad luck befall unto them.
765,4,13,51,68,1.3088235294117647,0.07029772675428576,530,"I present to you, the latest cutting edge technology."
765,1,19,48,68,1.3088235294117647,0.060206525381366546,530,"Once again, there is absolutely nothing bad to report."
770,4,16,58,78,1.3076923076923077,0.06401925989049838,530,"My liege, how's it hanging?"
771,2,19,54,75,1.3066666666666666,0.05994992905745587,530,It says 'Do not use as a screwdriver or can opener.'
771,4,15,56,75,1.3066666666666666,0.06568648806805485,530,"And, last but not least, you should consider paying the Damocles bill..."
771,5,13,57,75,1.3066666666666666,0.06837452065700406,530,"Your Majesty, ""Monarchy Insurance"" left a message earlier today. It seems the Queen has increased your life insurance coverage..."
771,3,17,55,75,1.3066666666666666,0.06288365729149627,530,It's from Damocles. Says he's made it big.
771,4,15,56,75,1.3066666666666666,0.06568648806805485,530,...and Damocles called in sick again.
771,3,17,55,75,1.3066666666666666,0.06288365729149627,530,Speak softly …
777,2,18,52,72,1.3055555555555556,0.0614091466303077,530,"No matter how you slice it, you aren't going to like the news today."
777,2,18,52,72,1.3055555555555556,0.0614091466303077,530,How well do you know your interior decorator?
777,5,12,55,72,1.3055555555555556,0.07031921650623267,530,"Your highness, it's another stern notice from the homeowners association."
777,4,14,54,72,1.3055555555555556,0.0674800407774118,530,The peasants respectfully decline to participate in your 'King for a Day' promotion.
777,2,18,52,72,1.3055555555555556,0.0614091466303077,530,"Be wary, sire. Excalibur is a double-edged sword."
777,3,16,53,72,1.3055555555555556,0.06451604138965669,530,"Furthermore, the Acme Rope Company will not be liable for injuries resulting from misuse, exceeding the rated weight limit, or royal hubris."
777,4,14,54,72,1.3055555555555556,0.0674800407774118,530,"I don't care if you are the king, you can't be in two places at once."
777,7,8,57,72,1.3055555555555556,0.07567869464723181,530,"You ordered the Gordian Knot, but they sent the Sword of Damacles by mistake."
777,4,14,54,72,1.3055555555555556,0.0674800407774118,530,"Bad news, you've been denied for life insurance."
777,6,10,56,72,1.3055555555555556,0.07304812466298974,530,Brexit won
787,5,8,46,59,1.305084745762712,0.08110227356494051,530,Is this like rock-paper-scissors?
788,6,9,54,69,1.3043478260869565,0.07530655685082074,530,"You're trending again, and not in a good way."
788,2,17,50,69,1.3043478260869565,0.06297656442442483,530,"No rush, but I've compiled a list of potential successors, sire."
788,4,13,52,69,1.3043478260869565,0.06941586695932576,530,I have here your request for a change of venue regarding the throne.
788,4,13,52,69,1.3043478260869565,0.06941586695932576,530,"...and finally, Your Majesty, please don't kill the messenger."
788,4,13,52,69,1.3043478260869565,0.06941586695932576,530,"Relocation, relocation, relocation."
793,3,14,49,66,1.303030303030303,0.06817534286785877,530,A recall has been issued for Acme's entire line of fiber products due to insufficient tensile strength.
793,4,12,50,66,1.303030303030303,0.0715127809650175,530,"Sire, tweet just in. Damocles Inc. have issued a recall on all their 2016 sword hanging threads."
793,2,16,48,66,1.303030303030303,0.06466588674834388,530,The instructions say it only works with really big envelopes.
796,3,13,47,63,1.3015873015873016,0.07023813139859228,530,The Dragon Sword is a gift from Mr. and Mrs. Glenfinder of Flygrow Township. The goldbraid cord is a gift from Her Majesty the Queen.
796,5,9,49,63,1.3015873015873016,0.07718458811550716,530,Breaking news...the queen is heading to her hier appointment
796,3,13,47,63,1.3015873015873016,0.07023813139859228,530,"Well, the specs say it is cutting edge."
796,5,9,49,63,1.3015873015873016,0.07718458811550716,530,"Uh-oh, here it is. It turns out you consented to it on line number 432 of your end-user license agreement."
800,3,16,54,73,1.3013698630136987,0.06376365316789472,530,"Plans for making the giant pen are on schedule, your majesty."
800,6,10,57,73,1.3013698630136987,0.07216201200584069,530,"So, about those approval ratings..."
800,3,16,54,73,1.3013698630136987,0.06376365316789472,530,"You know how you're always talking about dividing up your kingdom, Sire?"
800,3,16,54,73,1.3013698630136987,0.06376365316789472,530,Maybe you should rethink 'Off with his head'
800,5,12,56,73,1.3013698630136987,0.06947545230457963,530,"It says, ""Surrender! Sincerely, The King with the Giant Pen."""
800,4,14,55,73,1.3013698630136987,0.06668073911648509,530,"And that is why, Mr. Damocles, we can no longer insure you."
800,3,16,54,73,1.3013698630136987,0.06376365316789472,530,The NRA says they can't help
800,4,14,55,73,1.3013698630136987,0.06668073911648509,530,"Dear Majesty, you may want to wake up for this."
800,6,10,57,73,1.3013698630136987,0.07216201200584069,530,Her Highness says she didn't literally mean for you to stick it sideways.
800,3,16,54,73,1.3013698630136987,0.06376365316789472,530,Dear Dad: Sit tight. I am on the way and will be there within a week or two.
800,6,10,57,73,1.3013698630136987,0.07216201200584069,530,Please don't stab the messenger.
811,3,15,52,70,1.3,0.06546536707079771,530,Good news your majesty! Your subjects have voted 4311 to drop the sword and 4311 to wait.
811,4,13,53,70,1.3,0.06855503599782095,530,The Queen is ready to polish your big sword.
811,3,15,52,70,1.3,0.06546536707079771,530,And your brother Louie is sorry to hear you went under the knife.
811,5,11,54,70,1.3,0.07151133921002156,530,And we installed the now required sire extinguisher.
811,3,15,52,70,1.3,0.06546536707079771,530,Would you like to purchase life insurance today?
811,5,11,54,70,1.3,0.07151133921002156,530,"Your knife for the gun fight is ready, my lord."
811,4,13,53,70,1.3,0.06855503599782095,530,"Time for the royal colonoscopy, sire."
811,8,5,57,70,1.3,0.07972520091197943,530,"Milord, it is a gift from the people. Apparently, they were quite convinced by his Majesty's campaign speech."
811,6,9,55,70,1.3,0.0743501870243714,530,"Sorry, it was the smallest exit sign they had."
811,5,11,54,70,1.3,0.07151133921002156,530,Don't worry; the same people did the original VW emissions tests.
811,3,15,52,70,1.3,0.06546536707079771,530,Meetings run on a much tighter schedule since we switched to our new countdown clock.
811,6,9,55,70,1.3,0.0743501870243714,530,Your Anti-Virus has expired! Do you wish to renew?
811,4,13,53,70,1.3,0.06855503599782095,530,As your interior decorator may I submit a list of changes?
811,5,11,54,70,1.3,0.07151133921002156,530,"It's a message from Damocles. He says, ""Payback's a bitch."""
811,2,17,51,70,1.3,0.06222246869713582,530,"My Lord, you won't believe how 'Game of Thrones' ends this season."
811,3,15,52,70,1.3,0.06546536707079771,530,"Yes, Sire, it seems to be another recall notice from the Big Sword folks. Trash this one too?"
827,3,14,50,67,1.2985074626865671,0.0673022351167596,530,"Skip to the end, I haven't much time."
827,3,14,50,67,1.2985074626865671,0.0673022351167596,530,The press wants common-sense knife control.
827,2,16,49,67,1.2985074626865671,0.06385379250552001,530,Your twin sons have proposed to split their inheritance evenly.
827,3,14,50,67,1.2985074626865671,0.0673022351167596,530,"First, let me read the terms and conditions."
827,3,14,50,67,1.2985074626865671,0.0673022351167596,530,Your loyal subjects beseech your majesty to move the throne just a couple feet forward.
827,2,16,49,67,1.2985074626865671,0.06385379250552001,530,"I seeth why you are on edge, my Lord."
833,6,10,58,74,1.2972972972972974,0.07129658068605421,530,Your Majesty is not covered. Giant swords falling on your Highness are considered to be an act of God.
833,4,14,56,74,1.2972972972972974,0.0658994379614264,530,"A split decision on Divine Right, Sire."
833,5,12,57,74,1.2972972972972974,0.06865106824061416,530,"Love & hugs, Damocles"
833,5,12,57,74,1.2972972972972974,0.06865106824061416,530,I'll read faster! Itisthewillofthepeoplethatyou...
833,4,14,56,74,1.2972972972972974,0.0658994379614264,530,The latest poll indicates that you may soon be replaced.
833,1,20,53,74,1.2972972972972974,0.056850999839889886,530,I'm trying to get to the point.
833,4,14,56,74,1.2972972972972974,0.0658994379614264,530,"The blacksmith sends a riddle with his unpaid bill: ""Your Magesty, what rhymes with 'greyed dope'?"""
833,1,20,53,74,1.2972972972972974,0.056850999839889886,530,It says the ergonomic chair will extend your life.
841,5,9,50,64,1.296875,0.07611501680831555,530,The nobles have promised Your Highness that they will not stab you in the back.
842,4,13,54,71,1.295774647887324,0.06771453335167756,530,His only demand is a pair of scissors.
842,5,11,55,71,1.295774647887324,0.07062345583414183,530,"Certainly, Your Majesty, but it still appears more feasible to carry a big stick"
842,4,13,54,71,1.295774647887324,0.06771453335167756,530,Long live the King!
842,4,13,54,71,1.295774647887324,0.06771453335167756,530,"The Court jester says, 'The pun is mightier than the Sword'"
842,6,9,56,71,1.295774647887324,0.07341721188439745,530,"No matter how big the sword, your pen is still mightier!"
842,3,15,53,71,1.295774647887324,0.06467490657213137,530,"Sire, is that our sole weapon of mass destruction?"
842,3,15,53,71,1.295774647887324,0.06467490657213137,530,The Rope Weavers Union has requested to meet you half way.
842,6,9,56,71,1.295774647887324,0.07341721188439745,530,"And, finally, the people declare your sword to be sharper than your wit."
842,3,15,53,71,1.295774647887324,0.06467490657213137,530,"Sire, Acme Cable Company has written to inform you that the warranty for your sword bearing device is about to expire."
842,3,15,53,71,1.295774647887324,0.06467490657213137,530,"No sire, there's no mention of it being symbolic of the dangers of holding power. It just says ""do not clean in the dishwasher."""
842,3,15,53,71,1.295774647887324,0.06467490657213137,530,"'it may look better over the mantlepiece , but it's up to you , happy birthday '"
853,4,15,59,78,1.294871794871795,0.06350033459621263,530,"Sire, the palace eunuchs vow payback!"
853,4,15,59,78,1.294871794871795,0.06350033459621263,530,"A proposition for an alliance, from the House of Sheath."
855,2,16,50,68,1.2941176470588236,0.06306073667376835,530,"Your brother is, yet again, the low bidder to redesign the palace interior."
855,5,10,53,68,1.2941176470588236,0.072757138468754,530,"Good news, Your Majesty. This season's 'Game of Thrones' comes with augmented reality."
855,4,12,52,68,1.2941176470588236,0.06967510054091834,530,Your Queen has given birth to a daugh . . ahem adorable son.
855,2,16,50,68,1.2941176470588236,0.06306073667376835,530,And because you asked Parliament to cut overhead...
855,5,10,53,68,1.2941176470588236,0.072757138468754,530,"It's from Damocles Sire, he says your sitting in his seat."
855,2,16,50,68,1.2941176470588236,0.06306073667376835,530,It's a second notice from Damocles.
855,4,12,52,68,1.2941176470588236,0.06967510054091834,530,"My Lord, big things are coming your way."
855,6,8,54,68,1.2941176470588236,0.075713821465673,530,"As the technology advances, we plan to miniaturize the device for home use."
855,5,10,53,68,1.2941176470588236,0.072757138468754,530,The Rope Maker's Guild wish to apologize in advance.
855,3,14,51,68,1.2941176470588236,0.06645026766396593,530,...and the Royal Interns are up to their usual hijinks.
855,5,10,53,68,1.2941176470588236,0.072757138468754,530,Or...you can choose what's behind curtain #1!
855,2,16,50,68,1.2941176470588236,0.06306073667376835,530,The knife sharpener will be passing through the kingdom on Wednesday.
855,3,14,51,68,1.2941176470588236,0.06645026766396593,530,"And, last, your majesty, the jester sends his fondest regards from exile."
855,1,18,49,68,1.2941176470588236,0.05947835696338618,530,No one on the list has accepted your invitation to knighthood
869,5,9,51,65,1.2923076923076924,0.07507392806131975,530,"I assure you the people do no feel like you are compensating for something, your highness."
869,1,17,47,65,1.2923076923076924,0.06093453660674947,530,The interior decorators are asking why you haven’t paid their bill.
869,4,11,50,65,1.2923076923076924,0.07180059500997873,530,"Get to the POINT, Knave."
869,4,11,50,65,1.2923076923076924,0.07180059500997873,530,Hurry up and read the damn thing!
873,4,13,55,72,1.2916666666666667,0.06689368623581722,530,He says he's got a new and even mightier pen.
873,4,13,55,72,1.2916666666666667,0.06689368623581722,530,Your request for repurposing into a ploughshare has been denied.
873,7,7,58,72,1.2916666666666667,0.07515633159224681,530,"This just in, Sire. The U.S. says they ""fully support"" your regime."
873,2,17,53,72,1.2916666666666667,0.06076423820601583,530,And we admit that the pen may not be mightier than the sword in all cases!
873,5,11,56,72,1.2916666666666667,0.06975673132354487,530,"Well, no, Your Excellency, I wouldn't stake my life on it."""
873,3,15,54,72,1.2916666666666667,0.06390249565929877,530,"It just says, ""Not for children under 3."""
873,5,11,56,72,1.2916666666666667,0.06975673132354487,530,Ok. I give up. That is one mighty sword.
873,2,17,53,72,1.2916666666666667,0.06076423820601583,530,"They're stalling for time, your highness. I sense a trap."
873,4,13,55,72,1.2916666666666667,0.06689368623581722,530,It was and remains my humble opinion that open carry constitutes a threat.
873,4,13,55,72,1.2916666666666667,0.06689368623581722,530,I told you to hang my wife!
873,4,13,55,72,1.2916666666666667,0.06689368623581722,530,It clearly says you can't switch to Xfinity as long as your Comcast cord is still intact.
873,5,11,56,72,1.2916666666666667,0.06975673132354487,530,"Sire, have you ever thought about a running mate?"
885,4,10,48,62,1.2903225806451613,0.07411418282857693,530,The interior decorator says it's all the rage in southern Europe.
886,1,18,50,69,1.289855072463768,0.05876481248527005,530,They're bluffing.
886,1,18,50,69,1.289855072463768,0.05876481248527005,530,"Sir, it appears your Life Insurance policy has been cancelled..."
886,4,12,53,69,1.289855072463768,0.06879008333288728,530,My son installed it himself.
886,1,18,50,69,1.289855072463768,0.05876481248527005,530,The rope makers union has sent its revised demands...
886,4,12,53,69,1.289855072463768,0.06879008333288728,530,"Fair and balanced, yes sir, that's it, fair and balanced."
886,7,6,56,69,1.289855072463768,0.07752965847636761,530,"Sorry for the slip up your majesty, but I'm a bit distracted by the size of your shaft!"
886,2,16,51,69,1.289855072463768,0.062286119207528835,530,"Sorry, I assumed the measurements you gave me were in imperial units."
886,2,16,51,69,1.289855072463768,0.062286119207528835,530,"The good news is that the extra-strength thread was 60% off on Prime day. The bad news, it's on backorder."
886,7,6,56,69,1.289855072463768,0.07752965847636761,530,"The latest Trump tweet says: ""The other rulers are losers who got bad deals on swords. I got a great deal on a sword from a guy names Damocles. #DIONYSIUSISOVERRATED."""
886,4,12,53,69,1.289855072463768,0.06879008333288728,530,"I understand sir, heavy is the head that wears the crown, but be assured your staff is dedicated to easing your burden."
886,2,16,51,69,1.289855072463768,0.062286119207528835,530,"The guy from the NRA really, really wants to talk to you."
886,5,10,54,69,1.289855072463768,0.07182153593770546,530,They were out of pens
886,1,18,50,69,1.289855072463768,0.05876481248527005,530,"We regret to inform you that our rope is being recalled, due to frequent premature failures."
886,5,10,54,69,1.289855072463768,0.07182153593770546,530,The Oracle is warning of palace plots and increased seismic activity.
886,3,14,52,69,1.289855072463768,0.06561873288505375,530,"""Excalibur was not available"". We got this from Vlad The Impaler"
886,3,14,52,69,1.289855072463768,0.06561873288505375,530,The Queen asked I read this to you. This will only take...5 minutes?
886,6,8,55,69,1.289855072463768,0.07473011764982482,530,"Perhaps it would be more intimidating, sire, if we had our guests sit under the sword."
903,5,9,52,66,1.2878787878787878,0.07406023981383504,530,"...Therefore, Her Highness requests total and complete separation, effective immediately."
903,5,9,52,66,1.2878787878787878,0.07406023981383504,530,The subjects want cuts in royal expenses.
903,3,13,50,66,1.2878787878787878,0.06747235129207982,530,The royal interior designer seems disgruntled.
903,1,17,48,66,1.2878787878787878,0.06016741025240236,530,"Yes, it reads ""hairs"", but I think he meant ""splitting heirs."""
903,2,15,49,66,1.2878787878787878,0.06392431245372421,530,The High Court says it stays. Damocles be damned. They regard it as a 2nd Amendment issue.
903,4,11,51,66,1.2878787878787878,0.07084291534855332,530,"Sire, it states that the sword sharpener is sold separately."
903,4,11,51,66,1.2878787878787878,0.07084291534855332,530,"In short, the gun lobby is offended, my liege."
903,4,11,51,66,1.2878787878787878,0.07084291534855332,530,"Ah....on second thought, I think I'll pass on that knighthood."
903,3,13,50,66,1.2878787878787878,0.06747235129207982,530,I've got good news and bad news. What do you want first?
903,3,13,50,66,1.2878787878787878,0.06747235129207982,530,... and Damocles wants his sword back.
903,4,11,51,66,1.2878787878787878,0.07084291534855332,530,"Bad news, Sire - the return policy says YOU are responsible for shipping and handling!"
903,2,15,49,66,1.2878787878787878,0.06392431245372421,530,"A gift from the knife lobby, Sire."
903,3,13,50,66,1.2878787878787878,0.06747235129207982,530,"Your highness, your queen beseeches an amicable trial separation!"
903,3,13,50,66,1.2878787878787878,0.06747235129207982,530,"The pen is NOT mightier than the sword, the pen is not mightier than the sword..."
903,3,13,50,66,1.2878787878787878,0.06747235129207982,530,"It says that ""those who live by the sword die by the sword."""
903,3,13,50,66,1.2878787878787878,0.06747235129207982,530,The warranty on the Damocles sword is 1 year but the horse tail rope is only 30 days.
919,3,15,55,73,1.2876712328767124,0.06314756477597869,530,"Let me cut to the chase, Your Majesty."
919,5,11,57,73,1.2876712328767124,0.06891044873418525,530,budget cuts ....
921,5,8,50,63,1.2857142857142858,0.07649707894309514,530,"The pen is mightier, you say?"
921,0,20,50,70,1.2857142857142858,0.054384784830491514,530,This joke'll slay you.
921,5,10,55,70,1.2857142857142858,0.07090908401467375,530,"It says, not to worry, this is not at all like the horse."
921,2,16,52,70,1.2857142857142858,0.061529360235218926,530,"According to our focus group research, our enemies see it less as ""menacing"" than as ""cartoonish."""
921,4,12,54,70,1.2857142857142858,0.06792657448194941,530,Her Majesty insists on a chandelier.
921,5,10,55,70,1.2857142857142858,0.07090908401467375,530,"Sire, we've entered the fray."
921,5,10,55,70,1.2857142857142858,0.07090908401467375,530,"Sir Rubio is mocking the size of your hands again, sire."
921,4,12,54,70,1.2857142857142858,0.06792657448194941,530,"It slices both ways: You endorse her, you lose. You don't endorse her, you lose."
921,2,16,52,70,1.2857142857142858,0.061529360235218926,530,It suggests you move your throne a few inches forward.
921,5,10,55,70,1.2857142857142858,0.07090908401467375,530,"And finally, the people request one wire cutter, your majesty."
921,2,16,52,70,1.2857142857142858,0.061529360235218926,530,"Rather than cake, they want the rye sliced thin"
921,2,16,52,70,1.2857142857142858,0.061529360235218926,530,Several members of your court suggest a less menacing symbol - perhaps a cheeseburger.
921,4,12,54,70,1.2857142857142858,0.06792657448194941,530,"Your Majesty…the Royal Physician said you should be “circumspect,” not circumcised!"
921,4,12,54,70,1.2857142857142858,0.06792657448194941,530,"There are some pointed things in here, but they're not aimed at you."
921,0,20,50,70,1.2857142857142858,0.054384784830491514,530,Your 9:15 has cancelled. Your 9:16 has cancelled. Your 9:17 has cancelled...
921,2,16,52,70,1.2857142857142858,0.061529360235218926,530,"Well.....the bottom line reads:-......""OR ELSE"""
921,5,10,55,70,1.2857142857142858,0.07090908401467375,530,So it is written and so it shall be done and it shall be HUGE.
921,5,10,55,70,1.2857142857142858,0.07090908401467375,530,The Acme Sword Hanging Company disputes your claim of negligent installation.
921,6,6,51,63,1.2857142857142858,0.0797736539022967,530,Thy use of personal scrolls for communication was extremely careless.
940,4,13,57,74,1.2837837837837838,0.065308399673034,530,"Yes Sire, the inventory confirms that is a dagger you see before you."
940,5,11,58,74,1.2837837837837838,0.06808392111797266,530,"Queen's request, sire: Stop watching Game of Thrones."
942,4,11,52,67,1.2835820895522387,0.06990971158877017,530,Our weapons production has been suspended.
942,3,13,51,67,1.2835820895522387,0.06659642437887667,530,"""repeat after me...'our father who art in heaven...""'"
942,3,13,51,67,1.2835820895522387,0.06659642437887667,530,According to the Soothsayer... you should be fearful for your life.
942,5,9,53,67,1.2835820895522387,0.07307292117329518,530,Weight for it....
942,3,13,51,67,1.2835820895522387,0.06659642437887667,530,"We hear the peasants are preparing ""Fray Day"" celebrations, Your Highness."
942,1,17,49,67,1.2835820895522387,0.059418142610689756,530,"It says, ""Danger lurks today Leo, stay indoors"""
942,5,9,53,67,1.2835820895522387,0.07307292117329518,530,Let's rephrase that to 'The sword is mightier than the pen'.
942,7,5,55,67,1.2835820895522387,0.07902037634398981,530,"Happy Birthday! Your pal, Damocles."
942,2,15,50,67,1.2835820895522387,0.06310942644072953,530,They like your idea for a new reality show!
942,7,5,55,67,1.2835820895522387,0.07902037634398981,530,The Queen feels like you're overcompensating and not prioritizing what really matters in a relationship.
942,4,11,52,67,1.2835820895522387,0.06990971158877017,530,"It's from your official decorators, your majesty. Apparently this was supposed to be a large pen."
942,5,9,53,67,1.2835820895522387,0.07307292117329518,530,"Be it known in the Realm, that the annual King for a Day Contest Winner shall commence his reign in .....4, 3, 2....."
942,4,11,52,67,1.2835820895522387,0.06990971158877017,530,Let me give you the CliffsNotes version.
942,3,13,51,67,1.2835820895522387,0.06659642437887667,530,"Apparently the Damocles agent listed it as a 'fixture', so yes sire...it stays."
942,3,13,51,67,1.2835820895522387,0.06659642437887667,530,I regret to inform Your Highness that neighboring kingdoms have declared a ban of all massive weapons of destruction.
942,5,9,53,67,1.2835820895522387,0.07307292117329518,530,The Giant wants it back.
942,3,13,51,67,1.2835820895522387,0.06659642437887667,530,I do believe there is a sharpness in the air your majesty.
942,4,11,52,67,1.2835820895522387,0.06990971158877017,530,It's from Damocles. He wants his sword back.
942,2,15,50,67,1.2835820895522387,0.06310942644072953,530,Let's make Camelot great again!
942,1,17,49,67,1.2835820895522387,0.059418142610689756,530,"Your Majesty, we have received a safety recall from the rope manufacturer."
942,4,11,52,67,1.2835820895522387,0.06990971158877017,530,Please don't say the secret word!
942,4,11,52,67,1.2835820895522387,0.06990971158877017,530,"It says here, that if you don't remove the knife, your insurance rates will skyrocket."
942,5,9,53,67,1.2835820895522387,0.07307292117329518,530,"And as a reminder, the Royal Circumcision Rite is scheduled for next Thor's Day."
965,4,9,47,60,1.2833333333333334,0.07550832133836045,530,"Issue 37, inferior materials used by the Roping Guild."
965,1,15,44,60,1.2833333333333334,0.06329764084940143,530,"So, your highness, in reviewing the results of the safety audit..."
967,4,12,55,71,1.2816901408450705,0.0670838347287272,530,"It's from your cousin Damocles; the note reads only ""Enjoy."""
967,2,16,53,71,1.2816901408450705,0.06078989972082638,530,"For insurance reasons, your Council has suggested a second support rope."
967,3,14,54,71,1.2816901408450705,0.0640142671206166,530,You may not want to hear your recent poll numbers.
967,4,12,55,71,1.2816901408450705,0.0670838347287272,530,Accept our demands and we will provide pens for your protection.
967,2,16,53,71,1.2816901408450705,0.06078989972082638,530,"Your majesty, your loyal subjects would like to borrow the giant knife so they can cut the giant cake."
967,4,12,55,71,1.2816901408450705,0.0670838347287272,530,Damocles says he doesn't want it back.
967,5,10,56,71,1.2816901408450705,0.07001896435132925,530,Note to self: Don't look at the sword when reading....
967,4,12,55,71,1.2816901408450705,0.0670838347287272,530,Damocles is glad you like the gift. It had hung around his place for too long.
967,4,12,55,71,1.2816901408450705,0.0670838347287272,530,"Your enemy is clearly overcompensating for something, your Highness."
967,2,16,53,71,1.2816901408450705,0.06078989972082638,530,"There's no question about it, m'Lord. It did come with a lifetime guarantee."
967,3,14,54,71,1.2816901408450705,0.0640142671206166,530,"As ordered sire, three feet longer than St. George's"
967,4,12,55,71,1.2816901408450705,0.0670838347287272,530,"Could I borrow 20 ducats, my liege? I'll pay you back tomorrow... I promise."
967,5,10,56,71,1.2816901408450705,0.07001896435132925,530,"A frayed knot, your highness!"
967,3,14,54,71,1.2816901408450705,0.0640142671206166,530,"Sorry-- I see no loophole to get you out of the ""Knife of the Month"" club."
967,4,12,55,71,1.2816901408450705,0.0670838347287272,530,"Your majesty, the SWAT team says to snip the green wire first."
967,2,16,53,71,1.2816901408450705,0.06078989972082638,530,"It says: abdication or death, whichever comes first."
967,4,12,55,71,1.2816901408450705,0.0670838347287272,530,"He says he'll remove it, but only if you say ""Pretty please Damocles""."
967,4,12,55,71,1.2816901408450705,0.0670838347287272,530,He says the greatest danger to your kingdom comes from within.
985,1,16,47,64,1.28125,0.060866551595885596,530,Merlin entreats you to abdicate your throne to avoid a sharp decline in your safety.
985,4,10,50,64,1.28125,0.07206130960001936,530,"Wish he'd read faster, I haven't got all day..."
985,4,10,50,64,1.28125,0.07206130960001936,530,"Wait, I lost my place. I'll start over."
985,3,12,49,64,1.28125,0.06853320797422294,530,The Queen reports that her meeting with the Royal Ropemaker was fruitful.
985,5,8,51,64,1.28125,0.07542455891353682,530,And whereas the Queen put forth a rock and the King put forth a scissors . . .
990,3,10,44,57,1.280701754385965,0.0740621646906627,530,Cutting edge technology will be your legacy.
990,4,8,45,57,1.280701754385965,0.07817781433825675,530,Neighboring kingdoms request talks to limit the proliferation of weapons of mass destruction.
992,3,13,52,68,1.2794117647058822,0.06574216082516834,530,Apparently the pen is not always mightier than the sword.
992,5,9,54,68,1.2794117647058822,0.0721109896999828,530,The Queen wishes Your Magesty to understand the consequences should you decline to agree to remodel...
992,4,11,53,68,1.2794117647058822,0.06900009617918414,530,"Shall I continue reading the end-user license agreement, your Highness?"
992,3,13,52,68,1.2794117647058822,0.06574216082516834,530,...and that your Highness is oblivious to the peril that is about to befall our kingdom.
992,4,11,53,68,1.2794117647058822,0.06900009617918414,530,Are you sure you want to hear the results of the latest poll Sire?
992,3,13,52,68,1.2794117647058822,0.06574216082516834,530,Says here that it is just a Pokémon Sword.
992,2,15,51,68,1.2794117647058822,0.06231412478072636,530,"Sir, your Royal Designers suggest your throne be repositioned slightly."
992,4,11,53,68,1.2794117647058822,0.06900009617918414,530,Your faithful soothsayer bids Your Majesty beware that the loss of the royal family jewels appears imminent.
992,2,15,51,68,1.2794117647058822,0.06231412478072636,530,"Your Majesty, when you call this proclamation a double-edged sword, are you trying to be funny?"
992,2,15,51,68,1.2794117647058822,0.06231412478072636,530,"King Occam, I think the Razor might be a better option"
992,4,11,53,68,1.2794117647058822,0.06900009617918414,530,"It appears that has been taken, Sire. What about Mack the Dagger?"
992,5,9,54,68,1.2794117647058822,0.0721109896999828,530,"It's the new guillotine 2.0, sir."
992,3,13,52,68,1.2794117647058822,0.06574216082516834,530,"Not just mightier, but considerably more safe as well!"
992,3,13,52,68,1.2794117647058822,0.06574216082516834,530,The cease and desist letter is from some guy named Damocles.
992,3,13,52,68,1.2794117647058822,0.06574216082516834,530,It says the queen knows about your mistress. So you've got to split.
992,3,13,52,68,1.2794117647058822,0.06574216082516834,530,"A gift from your brother, your Majesty. He sends his regards."
992,2,15,51,68,1.2794117647058822,0.06231412478072636,530,"Sire, your royal life insurance policy covers everything except: Death by giant sword while sitting on the throne."
992,4,11,53,68,1.2794117647058822,0.06900009617918414,530,"Your majesty, the queen beseeches you for a trial separation!"
992,4,11,53,68,1.2794117647058822,0.06900009617918414,530,"And once again, no prince has come forward to duel with you for the hand of the princess."
992,5,9,54,68,1.2794117647058822,0.0721109896999828,530,So where would you like the pen? It being mightier and all...
992,2,15,51,68,1.2794117647058822,0.06231412478072636,530,Just hang in there. I'm almost done.
992,2,15,51,68,1.2794117647058822,0.06231412478072636,530,"On second thought, Your Majesty, silly of me to suggest a new throne room carpet in anything other than red."
992,3,13,52,68,1.2794117647058822,0.06574216082516834,530,Damocles called. He wants to know if his sword is still hanging over your head.
992,3,13,52,68,1.2794117647058822,0.06574216082516834,530,Size matters.
992,1,17,50,68,1.2794117647058822,0.05868618733921613,530,It's from Damocles. He thinks he left his sword here.
992,5,9,54,68,1.2794117647058822,0.0721109896999828,530,Damocles says hey.
992,3,13,52,68,1.2794117647058822,0.06574216082516834,530,"For your birthday, your son and future king, provided the gift of cutlery..."
992,4,11,53,68,1.2794117647058822,0.06900009617918414,530,"Yes, your Highness, I get it that you're not risk averse."
992,1,17,50,68,1.2794117647058822,0.05868618733921613,530,"Your Majesty, it's from your insurance company."
992,6,7,55,68,1.2794117647058822,0.07509311818193055,530,"It's a petition, sir. The people want you to stop being the village mohel."
992,5,9,54,68,1.2794117647058822,0.0721109896999828,530,"Damocles says he wants his sword back ... or else."""
992,3,13,52,68,1.2794117647058822,0.06574216082516834,530,I'm happy to report His Majesty has again won 100% of the vote.
1024,5,7,49,61,1.278688524590164,0.07799098848386585,530,Note from Damocles: Sword should point down.
1025,4,10,51,65,1.2769230769230768,0.07107584081760127,530,"""Uneasy lies the head that wears the crown."" King Henry the IV- Shakespeare"
1025,4,10,51,65,1.2769230769230768,0.07107584081760127,530,The note says a large steak will follow shortly and you just need to sit tight.
1025,4,10,51,65,1.2769230769230768,0.07107584081760127,530,The unions want us to cut from the top.
1025,5,8,52,65,1.2769230769230768,0.07438107540697583,530,The citizens are upset about your plan to cut the budget.
1025,3,12,50,65,1.2769230769230768,0.06760921473556518,530,It's from Damocles. He says it's not about size
1025,4,10,51,65,1.2769230769230768,0.07107584081760127,530,Don't make me laugh.
1025,2,14,49,65,1.2769230769230768,0.06395495826275344,530,This should make the throne less palatable to the conspirators against your highness.
1025,4,10,51,65,1.2769230769230768,0.07107584081760127,530,The people would like a bigger slice of the pie.
1025,4,10,51,65,1.2769230769230768,0.07107584081760127,530,"First off, I want a raise."
1025,4,10,51,65,1.2769230769230768,0.07107584081760127,530,"Pardon me sire, but how large is your comfort zone?"
1035,4,8,46,58,1.2758620689655173,0.0769704001382646,530,"From this day forward Hemp will be smoked, and not used for sword hanging."
1036,5,9,55,69,1.2753623188405796,0.07117350883117408,530,"Shoot, I should have brought a bigger pen."
1036,3,13,53,69,1.2753623188405796,0.0649088086497521,530,The textile workers' strike is expected to end any moment now.
1036,5,9,55,69,1.2753623188405796,0.07117350883117408,530,"Due to a larger than normal work volume, the Royal Rope-makers cannot repair the Royal Sword Holder until some time next month. They apologize for any inconvenience this may cause."
1036,2,15,52,69,1.2753623188405796,0.06153776060943875,530,Your brother Claudius wishes to know how you like his interior decorating your Majesty.
1036,5,9,55,69,1.2753623188405796,0.07117350883117408,530,"As usual, I have great news."
1036,2,15,52,69,1.2753623188405796,0.06153776060943875,530,"John from Camelot asks ""Do you regret letting your ex do the decorating?"""
1036,5,9,55,69,1.2753623188405796,0.07117350883117408,530,"Sire, may we negotiate the clause in small print before trading places?"
1036,3,13,53,69,1.2753623188405796,0.0649088086497521,530,A gift from a political outsider.
1036,3,13,53,69,1.2753623188405796,0.0649088086497521,530,"Your majesty, it's called a ""gag gift."""
1036,4,11,54,69,1.2753623188405796,0.06811322118234958,530,"Sire, Damocles wishes to inform you that he hopes this time you will get the point."
1036,3,13,53,69,1.2753623188405796,0.0649088086497521,530,Once upon a time ... before the NRA ...
1036,4,11,54,69,1.2753623188405796,0.06811322118234958,530,Her Highness requests the King to remain seated for several hours of delightful entertainment...
1036,5,9,55,69,1.2753623188405796,0.07117350883117408,530,"Your astrologer says, ""Beware of a higher power!"""
1036,4,11,54,69,1.2753623188405796,0.06811322118234958,530,It's not the size of the sword that matters although that is impressive.
1036,3,13,53,69,1.2753623188405796,0.0649088086497521,530,"Damocles writes, ""I feel your pain, brother."""
1036,2,15,52,69,1.2753623188405796,0.06153776060943875,530,"He goes on to say that, although your sword is fearsome, he is not convinced of your ability to wield it effectively."
1036,2,15,52,69,1.2753623188405796,0.06153776060943875,530,"King Arthur challenges you to a gun fight, Your Highness."
1036,4,11,54,69,1.2753623188405796,0.06811322118234958,530,The next subject to be knighted is a fairly big chap.
1036,2,15,52,69,1.2753623188405796,0.06153776060943875,530,Would your Majesty care to bend forward just a little bit!
1055,3,11,48,62,1.2741935483870968,0.06963436592193856,530,"Telegram from Damocles, Sire."
1055,3,11,48,62,1.2741935483870968,0.06963436592193856,530,"Oh, yes Sire, I agree. There's never a dull moment around here."
1055,5,7,50,62,1.2741935483870968,0.07685431918178479,530,It says no returns once the package is opened.
1055,4,9,49,62,1.2741935483870968,0.07333325062427716,530,"Your majesty, this might soon be moot ..."
1059,3,12,51,66,1.2727272727272727,0.06670903506412208,530,Introducing our latest system update: Henry 8.5!
1059,2,14,50,66,1.2727272727272727,0.06311810273594892,530,"I can see why you're having a strong sense of impending doom, sir."
1059,1,16,49,66,1.2727272727272727,0.05931015449975945,530,"Says here, 'In case of constant peril, sit somewhere else.'"
1059,3,12,51,66,1.2727272727272727,0.06670903506412208,530,"Signed, ""Your pal, Damocles"""
1059,1,16,49,66,1.2727272727272727,0.05931015449975945,530,"It says it will stay there until he gets weekends off and it's signed, Merlin."
1059,3,12,51,66,1.2727272727272727,0.06670903506412208,530,"Sire, Damocles sends news that you may find pertinent...."
1065,4,11,55,70,1.2714285714285714,0.06724827634518965,530,"On hindsight, maybe it was a mistake to hire Damocles as our interior designer."
1065,3,13,54,70,1.2714285714285714,0.06409564725042376,530,...and Acme Insurance has raised your premiums substantially.
1065,4,11,55,70,1.2714285714285714,0.06724827634518965,530,"Dear king, you're dead. It's signed Damocles."
1068,2,12,45,59,1.271186440677966,0.06765033899549001,530,...then at 10:30 we'll be executing the new decorator.
1069,3,11,49,63,1.2698412698412698,0.06865822956215765,530,"I know your grace has not been terribly interested in the realm's crumbling infrastructure previously, but this next item should be of some interest."
1069,3,11,49,63,1.2698412698412698,0.06865822956215765,530,Nothing says security like double-diameter horsehair
1069,4,9,50,63,1.2698412698412698,0.07229097631590838,530,"Your Majesty, it is a gift from King Bowie"
1069,2,13,48,63,1.2698412698412698,0.06482221622648096,530,"It's a dire letter from Damocles, Sire..."
1069,2,13,48,63,1.2698412698412698,0.06482221622648096,530,Gillette says it'll give you a closer shave.
1069,1,15,47,63,1.2698412698412698,0.06074443963372587,530,Just says some dude named Damocles wishes you a Happy Birthday.
1069,1,15,47,63,1.2698412698412698,0.06074443963372587,530,"Yes, Sire, I DO know what ""literally"" means."
1069,4,9,50,63,1.2698412698412698,0.07229097631590838,530,Five'll get ya ten old Macky's back in town.
1077,3,12,52,67,1.2686567164179106,0.0658318017406144,530,"My Lord, a letter from your brother, the penman: You're overcompensating."
1077,4,10,53,67,1.2686567164179106,0.06918171835672447,530,We call it fair and balanced
1077,6,6,55,67,1.2686567164179106,0.07543658411895597,530,Apparently your request for a giant swordfish was truncated.
1077,4,10,53,67,1.2686567164179106,0.06918171835672447,530,"And sadly, sire, Sir Galahad reports that his hernia is as yet unhealed."
1077,1,16,50,67,1.2686567164179106,0.05855986724428589,530,"No takers for a duel, yet, your Highness."
1077,4,10,53,67,1.2686567164179106,0.06918171835672447,530,"Dear Mr. Damocles, for a limited time, we are pleased to be able to offer an extended warranty ..."
1077,3,12,52,67,1.2686567164179106,0.0658318017406144,530,Damocles sends his best wishes.
1077,3,12,52,67,1.2686567164179106,0.0658318017406144,530,Your royal decree has been enacted. The size of one's sword DOES now matter.
1077,3,12,52,67,1.2686567164179106,0.0658318017406144,530,This is to notify you that your decree banning assault weapons of all kinds has not been well received.
1077,2,14,51,67,1.2686567164179106,0.06230202312960611,530,So I suspect your not one to 'shoot the messenger'...
1077,3,12,52,67,1.2686567164179106,0.0658318017406144,530,"Your horoscope, your highness, says to not let things hang over you."
1077,3,12,52,67,1.2686567164179106,0.0658318017406144,530,"OK wait, here it says to make sure there are no microwaves or cordless phones in the same room."
1077,2,14,51,67,1.2686567164179106,0.06230202312960611,530,Partly cloudy with a chance of reign.
1077,5,8,54,67,1.2686567164179106,0.07237675171740394,530,Big John is at the gate. The knights advise you to return his knife.
1077,3,12,52,67,1.2686567164179106,0.0658318017406144,530,"The instructions from Damocles is quite clear, your highness. The sword IS supposed to hang over your head."
1077,3,12,52,67,1.2686567164179106,0.0658318017406144,530,The cable guy had to reschedule.
1077,2,14,51,67,1.2686567164179106,0.06230202312960611,530,Just the headlines?
1077,4,10,53,67,1.2686567164179106,0.06918171835672447,530,And sneezing in the King's presence is now forbidden.
1077,3,12,52,67,1.2686567164179106,0.0658318017406144,530,"I don't see anything in the warranty about that, Sire."
1077,4,10,53,67,1.2686567164179106,0.06918171835672447,530,Damocles called. He doesn't want his sword back.
1077,2,14,51,67,1.2686567164179106,0.06230202312960611,530,"And finally sire, the guy upstairs holding a rope suggests you reconsider the benefits package."
1077,3,12,52,67,1.2686567164179106,0.0658318017406144,530,So you're telling me it's not so good to be the King?
1077,3,12,52,67,1.2686567164179106,0.0658318017406144,530,The origon of cut throat politics.
1077,3,12,52,67,1.2686567164179106,0.0658318017406144,530,"A policy amendment, O King, from Risk Management."
1101,3,13,55,71,1.267605633802817,0.06330198606829361,530,I just don't get the point!
1102,3,10,47,60,1.2666666666666666,0.07077722935985044,530,The king's sword is HUGE! It's incredible! Everybody loves it! It's ridiculous how much it's hugeness is incredibly loved by everybody! It's unbelievable!
1102,3,10,47,60,1.2666666666666666,0.07077722935985044,530,"Let it be known, that in this kingdom the sword is mightier than the pen."
1104,4,9,51,64,1.265625,0.07127727652491728,530,"The specs are thus, sir: steel blade by Hanzo, horse hair strap by Takata."
1104,5,7,52,64,1.265625,0.07467584545782706,530,Hide the tag; we'll return it after we slay the dragon.
1104,2,13,49,64,1.265625,0.06394049309120185,530,And we all know what they say about men with big daggers.
1104,4,9,51,64,1.265625,0.07127727652491728,530,A majority think you're a little too tough on crime.
1104,6,5,53,64,1.265625,0.07792633470703608,530,Is this a dagger which I see above me?
1104,6,5,53,64,1.265625,0.07792633470703608,530,It's signed by somebody named Damocles.
1104,3,11,50,64,1.265625,0.06770833333333333,530,Drumpf says his sword is bigger.
1104,5,7,52,64,1.265625,0.07467584545782706,530,"The Queen now apologizes for saying ""you might not hang the biggest sword in the kingdom."""
1104,3,11,50,64,1.265625,0.06770833333333333,530,The TSA respectfully denies your exception request
1104,3,11,50,64,1.265625,0.06770833333333333,530,Damocles sends his regrets and hopes that you will enjoy this token of his esteem.
1104,4,9,51,64,1.265625,0.07127727652491728,530,"I am here to clarify the news I delivered to you earlier about the time sensitive issue being a double edged sword, Your Highness"
1104,1,15,48,64,1.265625,0.0599362570629355,530,"And furthermore, be it known that His Majesty's sense of humor doth hang by a thread."
1104,3,11,50,64,1.265625,0.06770833333333333,530,I have a message from Damocles. Shall I go on?
1104,2,13,49,64,1.265625,0.06394049309120185,530,The peasants say their guy has a slingshot.
1118,1,16,51,68,1.2647058823529411,0.05782738633680314,530,And here's a third request for plowshares.
1118,5,8,55,68,1.2647058823529411,0.07141381422136295,530,"Are you sure you still want to be king, Mr. Trump?"
1118,5,8,55,68,1.2647058823529411,0.07141381422136295,530,And today's special is a crown roast.
1118,5,8,55,68,1.2647058823529411,0.07141381422136295,530,Make it quick.
1118,3,12,53,68,1.2647058823529411,0.06497668609658862,530,"A Chicken Little to see you, Sire"
1118,2,14,52,68,1.2647058823529411,0.06150600111631588,530,Good news: The people are eating cake.
1118,0,18,50,68,1.2647058823529411,0.05389828427484054,530,"Would you like the good news, the bad news, or the really really bad news?"
1118,2,14,52,68,1.2647058823529411,0.06150600111631588,530,"Sire, your subjects LOVE the new directional signage."
1118,2,14,52,68,1.2647058823529411,0.06150600111631588,530,Your subjects wish to thank you for being on the cutting edge.
1118,5,8,55,68,1.2647058823529411,0.07141381422136295,530,"It’s from the Royal Rapper. “If you don’t split, you be split.”"
1118,3,12,53,68,1.2647058823529411,0.06497668609658862,530,The king doth decry he is not overcompensating for anything.
1118,3,12,53,68,1.2647058823529411,0.06497668609658862,530,"...the right of the King and the people to keep and bear Arms, shall not be infringed."
1118,3,12,53,68,1.2647058823529411,0.06497668609658862,530,"It says, do not suspend with an aftermarket cable."
1131,6,7,59,72,1.2638888888888888,0.07129765121435423,530,it is written. the pen is mightier than the sword.
1132,4,8,49,61,1.2622950819672132,0.07355767724792935,530,"Also, the giant is asking for his Letter Opener of Damocles back."
1132,5,6,50,61,1.2622950819672132,0.07718276990068597,530,"The note is signed ""Crocodile Dundee""!"
1132,3,10,48,61,1.2622950819672132,0.06974441765961523,530,Your kingdom would like to express their sincere gratitude for the spoiled meat donated from the palace last week.
1135,1,15,49,65,1.2615384615384615,0.05914829422780653,530,and now in the figurative and literal news...
1135,5,7,53,65,1.2615384615384615,0.07363149891952556,530,"Hear Yee, Hear Yee, your majesty will not fall on his sword, it will fall on He."
1135,3,11,51,65,1.2615384615384615,0.06678367443917438,530,"No really, this seems like overkill."
1135,3,11,51,65,1.2615384615384615,0.06678367443917438,530,...and here's a note from a Mr. Damocles who suggests that you move your throne a few feet to the right.
1135,3,11,51,65,1.2615384615384615,0.06678367443917438,530,"Your therapist had to move the appointment to next Friday, unless it's urgent."
1135,3,11,51,65,1.2615384615384615,0.06678367443917438,530,The greatest threats are from within Sire.
1135,3,11,51,65,1.2615384615384615,0.06678367443917438,530,"Sire, you can upgrade to a pen only when this contract expires."
1135,6,5,54,65,1.2615384615384615,0.07682686290553145,530,I don't like the line that the pen is mightier than sword.
1135,3,11,51,65,1.2615384615384615,0.06678367443917438,530,"Another email from Hillary, ""Trouble hangs heavy over your head."""
1135,2,13,50,65,1.2615384615384615,0.06308161333406433,530,The numbers volunteering for castrati are down...
1135,4,9,52,65,1.2615384615384615,0.07029102647114255,530,Can we discuss your thesis on metaphor in the side room?
1135,4,9,52,65,1.2615384615384615,0.07029102647114255,530,Would you like to borrow my pen?
1135,3,11,51,65,1.2615384615384615,0.06678367443917438,530,"This is, of course, an obviously tentative schedule."
1135,4,9,52,65,1.2615384615384615,0.07029102647114255,530,"Sir, I fear your over-compensation could prove fatal."
1135,3,11,51,65,1.2615384615384615,0.06678367443917438,530,It says that the warranty on the thread is expiring.
1135,3,11,51,65,1.2615384615384615,0.06678367443917438,530,"It's called a ""Trojan Dagger,"" Your Highness. It's a gift from the Greeks."
1135,4,9,52,65,1.2615384615384615,0.07029102647114255,530,"Your majesty, King Trump this is a gift, in your honor, from all the people on the other side of the castle wall."
1135,6,5,54,65,1.2615384615384615,0.07682686290553145,530,"Highness, your father's will contains an heir cut stipulation."
1135,4,9,52,65,1.2615384615384615,0.07029102647114255,530,In this budget there will be dramatic cuts.
1135,2,13,50,65,1.2615384615384615,0.06308161333406433,530,Your predecessor was much larger.
1135,3,11,51,65,1.2615384615384615,0.06678367443917438,530,It's a voided warranty from your sword-hanging guy.
1135,5,7,53,65,1.2615384615384615,0.07363149891952556,530,"Strong leader, 52%. Shares our values, 64%. Right on the economy, 42%. Don't want to die, 99.3%"
1157,2,14,53,69,1.2608695652173914,0.06072934769429054,530,Now is the winter of our discontent...
1157,4,10,55,69,1.2608695652173914,0.0673837412910942,530,I'm reading too quickly? I just had a large coffee. That's probably it.
1157,2,14,53,69,1.2608695652173914,0.06072934769429054,530,I don't think there's time to have this notarized.
1157,2,14,53,69,1.2608695652173914,0.06072934769429054,530,"Happy birthday to you, happy birthday to you, happy birthday dear kingy, happy birthday to you. And it's signed 'Your loyal serfs.'"
1157,5,8,56,69,1.2608695652173914,0.07047571248232014,530,The giant asks that you accept this as a wedding gift sire.
1157,3,12,54,69,1.2608695652173914,0.0641428961840637,530,"It's a recall notice on your sword, Your Highness. The Damocles Model requires urgent safety improvements."
1157,2,14,53,69,1.2608695652173914,0.06072934769429054,530,They are peasant complaints regarding a lack of metal for their plows.
1157,4,10,55,69,1.2608695652173914,0.0673837412910942,530,It's a message from Goliath.
1157,2,14,53,69,1.2608695652173914,0.06072934769429054,530,So do you still think the word is mightier than the sword?
1157,3,12,54,69,1.2608695652173914,0.0641428961840637,530,"Oh, and the sword installer says he'll be back to hang it properly next week."
1167,4,7,47,58,1.2586206896551724,0.07605019845184599,530,Sire: your new cutlery comes with a lifetime guarantee.
1167,2,11,45,58,1.2586206896551724,0.06762921949463294,530,Your ministers say there's no hurry... take your time
1169,2,12,48,62,1.2580645161290323,0.06477999978190735,530,Please do not reply to this message.
1169,3,10,49,62,1.2580645161290323,0.06874059282197471,530,"Um, don't kill the messenger, but Guinness says it is only the third biggest..."
1169,3,10,49,62,1.2580645161290323,0.06874059282197471,530,That takes care of that. Next on the scavenger hunt list is Occam's razor.
1169,2,12,48,62,1.2580645161290323,0.06477999978190735,530,"Sire, the instructions warn not to sit beneath the display."
1169,5,6,51,62,1.2580645161290323,0.07604545062698843,530,"I'm afraid this won't tip in your favor, your Highness."
1169,4,8,50,62,1.2580645161290323,0.07248510075380409,530,Polls indicate you hands look even smaller now...
1169,3,10,49,62,1.2580645161290323,0.06874059282197471,530,It's a letter from Damocles & Associates. Your mortgage is 90 days past due.
1169,4,8,50,62,1.2580645161290323,0.07248510075380409,530,"Your Highness, we should Feng Shui your bedroom next."
1169,0,16,46,62,1.2580645161290323,0.05602505611062519,530,"I'm sorry to report, your majesty, but it seems we have termites."
1169,2,12,48,62,1.2580645161290323,0.06477999978190735,530,Your doctor has advised that you go under the knife again...
1169,1,14,47,62,1.2580645161290323,0.06056094155453091,530,You voided the warranty.
1169,4,8,50,62,1.2580645161290323,0.07248510075380409,530,"Lord Damocles, The first order of business is the contract talks with the rope weavers union."
1169,3,10,49,62,1.2580645161290323,0.06874059282197471,530,"Sire, the note is from the Emir of Damocles: 'I know it's not your birthday, but I didn't want to leave this hanging."""
1182,3,11,52,66,1.2575757575757576,0.06588329747412035,530,"Did you want a quick cut, your majesty or just a bit off the top?"
1182,3,11,52,66,1.2575757575757576,0.06588329747412035,530,"Your subjects wish to play truth or dare, sire.........."
1182,4,9,53,66,1.2575757575757576,0.06933115715364845,530,The Pen is mightier than the Sword? Really?
1182,4,9,53,66,1.2575757575757576,0.06933115715364845,530,And the people hereby acknowledge that you are the cut above....
1182,4,9,53,66,1.2575757575757576,0.06933115715364845,530,The Turkish President wishes to inquire if you are pleased with your new exit sign?
1182,3,11,52,66,1.2575757575757576,0.06588329747412035,530,"As you know, the budget cuts to the Executive Branch are still looming."
1182,1,15,50,66,1.2575757575757576,0.05837985914390767,530,Brexit could have unintended consequences.
1182,2,13,51,66,1.2575757575757576,0.062244746122568174,530,"According to the contract, your Highness, the warranty on the Throne-N-Thread expired yesterday."
1182,1,15,50,66,1.2575757575757576,0.05837985914390767,530,Number thirteen: Please remove crown before leaning forward.
1182,4,9,53,66,1.2575757575757576,0.06933115715364845,530,The sword hanger maintenance is next week...
1182,4,9,53,66,1.2575757575757576,0.06933115715364845,530,This Magna Carta thing will blow over - trust me!
1182,4,9,53,66,1.2575757575757576,0.06933115715364845,530,"The new signage for the men's room, Your Majesty."
1182,2,13,51,66,1.2575757575757576,0.062244746122568174,530,Don't stand up.
1182,1,15,50,66,1.2575757575757576,0.05837985914390767,530,It's to scale
1182,4,9,53,66,1.2575757575757576,0.06933115715364845,530,It's a myth that we shoot the messenger.
1182,4,9,53,66,1.2575757575757576,0.06933115715364845,530,It seems your highness accepted this risk when he agreed to the terms of service.
1182,5,7,54,66,1.2575757575757576,0.0726154929644106,530,"Well, you're never going to win the caption contest with lines like this, Your Highness."
1182,2,13,51,66,1.2575757575757576,0.062244746122568174,530,"Hung directly overhead, this sword will bring you luck. Signed, a Secret Admirer"
1182,1,15,50,66,1.2575757575757576,0.05837985914390767,530,"Your Will, sire."
1182,3,11,52,66,1.2575757575757576,0.06588329747412035,530,"""Your request for the return shipping label for the sword has been denied."" ~Damocles"
1182,1,15,50,66,1.2575757575757576,0.05837985914390767,530,Therefore be it resolved that the king shall sit under The Sword until The Sword decides that it is time for a new king.
1182,4,9,53,66,1.2575757575757576,0.06933115715364845,530,Item XIII: impending defense cut.
1182,2,13,51,66,1.2575757575757576,0.062244746122568174,530,"Your Highness, please don't cut me off."
1182,5,7,54,66,1.2575757575757576,0.0726154929644106,530,I don't want to split hairs on this
1182,4,9,53,66,1.2575757575757576,0.06933115715364845,530,"And lastly sire, Lancelot asks that you give one mighty tug on that bit of rope by your feet . . ."
1182,5,7,54,66,1.2575757575757576,0.0726154929644106,530,"In conclusion, you shall say to the peasants: ""Trust me, my dagger is really, really big!"""
1182,4,9,53,66,1.2575757575757576,0.06933115715364845,530,"Edward of York would rather settle the dispute with a game of Rock, Paper, Scissors."
1182,3,11,52,66,1.2575757575757576,0.06588329747412035,530,"Well, you did cut the engineering budget."
1210,2,10,43,55,1.2545454545454546,0.06971892495651474,530,Speak softly but what?
1211,4,7,48,59,1.2542372881355932,0.0748785119257021,530,"Your Highness, the invoice from Damocles Inc clearly states that sharpening services are not included!"
1211,2,11,46,59,1.2542372881355932,0.06661744873769729,530,"This is my edited version of ""long live the king!"""
1211,3,9,47,59,1.2542372881355932,0.0708684556926678,530,"Sire, I had a few problems, writing your acceptance speech. Perhaps you might like to take a stab at it?"
1211,2,11,46,59,1.2542372881355932,0.06661744873769729,530,It's a nasty gram from someone named Damocles.
1211,3,9,47,59,1.2542372881355932,0.0708684556926678,530,"...137 shillings for food, 124 shillings for the royal coat of arms, 67 shillings to clean the stables, 10,452 shillings for 'sword sharpening and polishing'."
1211,1,13,45,59,1.2542372881355932,0.062076009378630594,530,"Today at Cafe Damocles we are offering roast boar, pickled pigeon, and fish soup. Would my Lord care for a beverage?"
1217,6,4,53,63,1.253968253968254,0.07828242607758729,530,"Don't be a tit, Your Highness. Move your goddamned throne. There's a fucking massive sword that's hanging above you by a motherfucking thread"
1217,3,10,50,63,1.253968253968254,0.06776459195111455,530,Who is this Damocles you speak of?
1217,1,14,48,63,1.253968253968254,0.059732523654257956,530,These are the quotes from the metaphor removal companies.
1217,2,12,49,63,1.253968253968254,0.06387493367670743,530,"Sire, the letter says, ""We regret to inform you that the life insurance policy that you have with our company has been canceled."""
1217,5,6,52,63,1.253968253968254,0.07494067962392409,530,Her Majesty sends birthday greetings and a charming pet squirrel
1217,2,12,49,63,1.253968253968254,0.06387493367670743,530,I believe you should proclaim you were misquoted on the Pen being Mightier...
1217,3,10,50,63,1.253968253968254,0.06776459195111455,530,"Yes, Sire. I like it too. ""The first cut is the deepest."""
1217,4,8,51,63,1.253968253968254,0.07144279314527355,530,You look great. No need to go under the knife.
1217,1,14,48,63,1.253968253968254,0.059732523654257956,530,The Structural Survey Committee chaired by Prince Hal has concluded that there are no items requiring immediate repair.
1217,2,12,49,63,1.253968253968254,0.06387493367670743,530,"On the upside, your highness, your horoscope says fortunes improve near the end of the month."
1217,2,12,49,63,1.253968253968254,0.06387493367670743,530,"... in addition to Double Sword Indemnity, Monarchy Insurance covers Throne damages, Crown, Robe & Sandals... limb replacement..."
1217,5,6,52,63,1.253968253968254,0.07494067962392409,530,Who are we to question whether the pen is mightier than the sword?
1217,3,10,50,63,1.253968253968254,0.06776459195111455,530,It says here that the warranty for your rope runs out today.
1217,3,10,50,63,1.253968253968254,0.06776459195111455,530,Is this a dagger I see before me?
1217,4,8,51,63,1.253968253968254,0.07144279314527355,530,It's from Mac.
1217,4,8,51,63,1.253968253968254,0.07144279314527355,530,"Almost done, my King, just a few more threads to unravel."
1217,2,12,49,63,1.253968253968254,0.06387493367670743,530,"It's from Damocles. He says, 'You win.'"
1217,2,12,49,63,1.253968253968254,0.06387493367670743,530,"Further, by order of the King, pens shall be outlawed."
1217,4,8,51,63,1.253968253968254,0.07144279314527355,530,"Just a sec, Your Highness, I gotta nab that Pokemon."
1236,3,11,53,67,1.2537313432835822,0.06500629194781041,530,"Compensating for something, are we?"
1236,6,5,56,67,1.2537313432835822,0.07471726772256009,530,"Is this Unfunny, Somewhat Funy, or Funny?"
1236,2,13,52,67,1.2537313432835822,0.061429097001586906,530,Dionysius writes back that the sword should be pointed downward.
1236,4,9,54,67,1.2537313432835822,0.06839665216352,530,Oyez! Oyez! Whereas Parliament hath enacted term limits....
1236,4,9,54,67,1.2537313432835822,0.06839665216352,530,Campaign promise #32: Cut Excess Spending...check
1236,3,11,53,67,1.2537313432835822,0.06500629194781041,530,The royal insurance broker doest suggest your higness decease thy deductibe on thou accident policy ... and he included this nifty quill pen.
1236,2,13,52,67,1.2537313432835822,0.061429097001586906,530,And Damocles says you'll be hearing from him soon.
1236,3,11,53,67,1.2537313432835822,0.06500629194781041,530,"First the good news, then a longish intermission."
1236,3,11,53,67,1.2537313432835822,0.06500629194781041,530,Now what's mightier?
1236,2,13,52,67,1.2537313432835822,0.061429097001586906,530,"This warranty is void in all cases of abuse, insurrection, natural disasters, or damage as a result of incorrect assembly."
1236,2,13,52,67,1.2537313432835822,0.061429097001586906,530,Whereas an atmosphere of intimidation pervades the royal chambers...
1236,4,9,54,67,1.2537313432835822,0.06839665216352,530,The Queen has retained Damocles as her attorney.
1236,2,13,52,67,1.2537313432835822,0.061429097001586906,530,It comes with the crown.
1236,1,15,51,67,1.2537313432835822,0.057630286517219284,530,"Bad news, Sire. We have not been able to find a contractor willing to move your throne."
1236,1,15,51,67,1.2537313432835822,0.057630286517219284,530,The lady agrees but would like a pre-nup...
1236,2,13,52,67,1.2537313432835822,0.061429097001586906,530,I see your point.
1252,1,16,54,71,1.2535211267605635,0.055731137633043264,530,"This is from Damocles, Sire, he's pledging his support."
1253,1,13,46,60,1.25,0.061179554208144936,530,Still no volunteers to take thy place m'lord.
1253,5,6,53,64,1.25,0.07386710503565985,530,Your horoscope says you're a sword loser.
1253,3,10,51,64,1.25,0.0668153104781061,530,My Dear King Damocles . . .
1253,1,14,49,64,1.25,0.05892556509887896,530,It says Weapon of Mass Destruction. Keep away from children....
1253,3,10,51,64,1.25,0.0668153104781061,530,The Queen apparently ordered from Sharper Image prior to her exile.
1253,3,10,51,64,1.25,0.0668153104781061,530,"Sire, we've lost yet another Accidental Death and Dismemberment carrier."
1253,2,10,44,56,1.25,0.06861335298462105,530,Defendants respectfully decline their right to a hearing before your majesty.
1253,3,9,48,60,1.25,0.06980602664478336,530,This prenup could actually be shorter.
1253,2,12,50,64,1.25,0.06299407883487121,530,Your contract includes a lifetime guarantee for fixtures and mounting.
1253,5,6,53,64,1.25,0.07386710503565985,530,"Your Majesty's new art piece, titled ""Freudian Sword"""
1253,2,11,47,60,1.25,0.06563466770327837,530,"Whatever you do, don't say Macbeth"""
1253,3,11,54,68,1.25,0.06415178992833838,530,"For now, the pen is mightier than the sword"
1253,4,8,52,64,1.25,0.07042952122737638,530,"He sends his regrets, but he has a conflict and cannot cover for you while you are on vacation."
1253,2,12,50,64,1.25,0.06299407883487121,530,"... and finally, the ogres once again request that you return their knife, your highness."
1253,3,10,51,64,1.25,0.0668153104781061,530,"Finally, your humble servants request you move your throne three feet forward to be closer to your people."
1253,2,12,50,64,1.25,0.06299407883487121,530,"Father, I've taken the liberty of updating your Last Will & Testament."
1253,1,13,46,60,1.25,0.061179554208144936,530,"Before they address your complaint about the dull blade, sire, the contractors would like to be paid in advance."
1253,4,8,52,64,1.25,0.07042952122737638,530,Gotcha. Change 'before' to 'above'.
1253,2,12,50,64,1.25,0.06299407883487121,530,"Whereas the armourer's bill is ninety days past due, certain punitive action shall occur by this eventide."
1253,3,10,51,64,1.25,0.0668153104781061,530,"Sir, I know you were hoping for good news but I'm afraid not."
1253,2,11,47,60,1.25,0.06563466770327837,530,"Damocles, sire...unfortunately I have more bad news."
1253,3,10,51,64,1.25,0.0668153104781061,530,Public opinion of your hand size is unchanged.
1253,4,8,52,64,1.25,0.07042952122737638,530,"""It looks like your order for one Excaliber got super sized""."
1253,3,10,51,64,1.25,0.0668153104781061,530,To The Editor: Your Highness wishes to remind you that the sword is mightier than the pen.
1253,3,10,51,64,1.25,0.0668153104781061,530,This next part is really funny...
1253,1,15,52,68,1.25,0.05689893694491076,530,The NRA rep wants to discuss redecorating.
1253,4,7,49,60,1.25,0.07374180027192605,530,I have a message from the Colossus of Rhodes: he wants his sword back.
1253,2,12,50,64,1.25,0.06299407883487121,530,"Sorry I could't attend the party. Do enjoy the sword as my gift to you. Sincerely, Damocles."
1253,4,8,52,64,1.25,0.07042952122737638,530,I'm getting older so naturally it was time to go under the knife.
1253,2,12,50,64,1.25,0.06299407883487121,530,"Our researchers say there's nothing to worry about, it's just a metaphor. They do suggest you move your throne, though."
1253,2,12,50,64,1.25,0.06299407883487121,530,"The sword is mightier than the pen, yes I see that now Sire."
1253,5,6,53,64,1.25,0.07386710503565985,530,"But wait, Sire! Order ere the chimes of midnight and Your Majesty shall also receive the miraculous Giantslayer 2000!"
1253,1,12,43,56,1.25,0.06370589892970319,530,I think it is now safe to report that your subjects have considered you a royal pain in the ass.
1253,5,6,53,64,1.25,0.07386710503565985,530,"Guillotine blades so dull they've become nothing but a pain in the neck'? Well now, with the new Kinsu sword, slicing any neck is as easy as cutting through butter."
1253,3,11,54,68,1.25,0.06415178992833838,530,"...and I regret to tell you that this will require larger cuts. Sincerely, Your King"
1253,1,14,49,64,1.25,0.05892556509887896,530,"I'm happy where I am. Yours truly, Damocles."
1253,4,8,52,64,1.25,0.07042952122737638,530,"How fond are you of your legs, your majesty?"
1253,2,12,50,64,1.25,0.06299407883487121,530,I have to read the disclaimer.
1253,2,12,50,64,1.25,0.06299407883487121,530,"Apparently the optics are working, your majesty. No one wants your job."
1253,3,9,48,60,1.25,0.06980602664478336,530,...and two o'clock the Queen will come by with the new decorator. They think adding some throw pillows will make the room feel a bit more homey.
1253,3,10,51,64,1.25,0.0668153104781061,530,"Sorry Sire, ""The kingdom expects you to die"" is trending right now."
1294,2,13,54,69,1.2463768115942029,0.059858447336886465,530,"Oh great and powerful Damocles, uneasy lies the crown..."
1295,2,12,51,65,1.2461538461538462,0.06213651700539812,530,"We have increased the size of our arsenal as commanded, Sire."
1295,2,12,51,65,1.2461538461538462,0.06213651700539812,530,You know what they say about a man with big knives?
1295,3,10,52,65,1.2461538461538462,0.06589169884235313,530,"Dear father, I appreciate the opportunity to succeed you in office. However, under the circumstances, I've decided to go into private equity. Your son, Norman"
1295,3,10,52,65,1.2461538461538462,0.06589169884235313,530,"Sire, 50% fewer subjects said 'the pen is mightier than the sword' after those who said so in the last survey were beheaded."
1295,2,12,51,65,1.2461538461538462,0.06213651700539812,530,"Says here, `Uneasy lies the head that wears a crown,' your highness."
1295,4,8,53,65,1.2461538461538462,0.06944411571256842,530,Damocles is on the short list.
1295,1,14,50,65,1.2461538461538462,0.05813929406858067,530,"Sire, you were Benihana's ten millionth customer."
1295,2,12,51,65,1.2461538461538462,0.06213651700539812,530,"Her Highness, the Queen, will be pleased to know that you are now covered under a special life insurance policy, which is independent of preexisting conditions."
1295,2,12,51,65,1.2461538461538462,0.06213651700539812,530,"It's a recall, sir. To avoid serious injuries it must be returned to the dealer immediately."
1295,1,14,50,65,1.2461538461538462,0.05813929406858067,530,"""Our relationship will never be frayed."" Love, thy loyal Queen."
1295,3,10,52,65,1.2461538461538462,0.06589169884235313,530,We hold these truths to be self evident...
1295,2,12,51,65,1.2461538461538462,0.06213651700539812,530,"Your Queen wishes you to know, the first cut is the deepest."
1295,2,12,51,65,1.2461538461538462,0.06213651700539812,530,"Sire, if you answer this question correctly, you can have either what's behind the curtain or what's behind the door. If not, best to lean forward slightly."
1295,2,12,51,65,1.2461538461538462,0.06213651700539812,530,"I don't know sir, these instructions don't show the rope in that condition, maybe we should call IKEA"
1295,2,12,51,65,1.2461538461538462,0.06213651700539812,530,"and finally your Majesty, the sword of Damocles exhibition has been extended for another week."
1295,3,10,52,65,1.2461538461538462,0.06589169884235313,530,"Your Majesty, Erdogan's is still bigger."
1295,3,10,52,65,1.2461538461538462,0.06589169884235313,530,The Health and Saftey Officer was beheaded as per your wishes your Grace
1295,3,10,52,65,1.2461538461538462,0.06589169884235313,530,"Damocles asks, does his gift lift your spirits any sire?"
1295,2,12,51,65,1.2461538461538462,0.06213651700539812,530,"OSHA insists the frayed cord is a violation, Damocles or no Damocles."
1295,3,10,52,65,1.2461538461538462,0.06589169884235313,530,"Mr. Calder sent you this mobile, and wishes you a happy birthday."
1295,2,12,51,65,1.2461538461538462,0.06213651700539812,530,The bad news - the reinforced horsehair is on back order.
1295,2,12,51,65,1.2461538461538462,0.06213651700539812,530,"A message from the royal scientist, sire. He says he has invented something called a ""pen"" which he says should help."
1295,1,14,50,65,1.2461538461538462,0.05813929406858067,530,Read faster--I feel like I'm only hanging on by a thread!
1295,3,10,52,65,1.2461538461538462,0.06589169884235313,530,The Queen says she commissioned it as a reminder of her love for you... and what may occur if she catches you with another maiden.
1295,3,10,52,65,1.2461538461538462,0.06589169884235313,530,"Your Highness, the royal throne and carpet movers send word that they are delayed and to please sit tight."
1295,2,12,51,65,1.2461538461538462,0.06213651700539812,530,The Commission on Royal Safety recommends. . .
1295,3,10,52,65,1.2461538461538462,0.06589169884235313,530,"Next, a very interesting gift from Prince Gillette."
1295,4,8,53,65,1.2461538461538462,0.06944411571256842,530,"Sire, it's message from Merlin: Watch your back."
1295,3,10,52,65,1.2461538461538462,0.06589169884235313,530,"Don’t give me a list of excuses, if you don’t find a quick way to cut expenses the overhead is going to kill me."
1295,1,14,50,65,1.2461538461538462,0.05813929406858067,530,The queen says she would like you to jump up and pay her a visit.
1295,1,14,50,65,1.2461538461538462,0.05813929406858067,530,"What kind of name is Damocles, anyway?"
1295,0,16,49,65,1.2461538461538462,0.05384615384615385,530,Section 27b. Paragraph 8. Limitation of Liability.
1295,5,6,54,65,1.2461538461538462,0.07282344703369803,530,You knew that Gulliver would come back for it someday.
1295,4,8,53,65,1.2461538461538462,0.06944411571256842,530,". . . and finally, King Lear, Regan and Goneril send their love and hope that you are enjoying the super strong rope they sent over."
1295,3,10,52,65,1.2461538461538462,0.06589169884235313,530,"Sire, this is a notification from the village smithy that the Hanging Sword kit you purchased last week? has been recalled due to inferior rope? Shall I pen a reply?"
1295,4,8,53,65,1.2461538461538462,0.06944411571256842,530,And the mighty wizard foretells a bright white light appearing soon...
1295,3,10,52,65,1.2461538461538462,0.06589169884235313,530,This evening's dinner will include Burger King...
1332,2,11,48,61,1.2459016393442623,0.06467969717562974,530,Shrek demands his sword's return or the plague of sequels shall continue.
1332,3,9,49,61,1.2459016393442623,0.06877435069968206,530,Wouldst thou consider mediation?
1332,3,9,49,61,1.2459016393442623,0.06877435069968206,530,"...and in conclusion, I hope you will seriously consider my proposal to cease this senseless escalation - Sincerely, Damocles"
1332,2,11,48,61,1.2459016393442623,0.06467969717562974,530,Be it proclaimed that the size of one’s sword reflects the size of one’s manliness – no one having a bigger sword than the King.
1332,1,13,47,61,1.2459016393442623,0.06030767065058533,530,The good news is your new clothes are indeed real.
1332,3,9,49,61,1.2459016393442623,0.06877435069968206,530,"And lastly, Your Majesty, the Queen and the Crown Prince are pleased to report that they have completed re-decorating here in the throne room..."
1332,5,5,51,61,1.2459016393442623,0.07630732264354612,530,"Your Grace, I'm afraid your approval rating in the southern shires is showing some unexpected slippage."
1339,2,10,45,57,1.2456140350877194,0.06754141843715221,530,"But your majesty, are you sure you want to send it out to be sharpened?"
1340,3,7,43,53,1.2452830188679245,0.07574334277585738,530,"...And furthermore, we are not in the least concerned with how heavy is the head...."
1341,4,8,54,66,1.2424242424242424,0.06848546733222884,530,Gallop says the clear choice of the people is Off With His Head.
1341,4,8,54,66,1.2424242424242424,0.06848546733222884,530,"Your majesty, he declares that the pen is mightier than the sword..."
1341,2,12,52,66,1.2424242424242424,0.061301372768583655,530,I have an urgent telegram from Damocles.
1341,3,10,53,66,1.2424242424242424,0.0649927593622037,530,Damocles says he hopes you see his point.
1341,4,8,54,66,1.2424242424242424,0.06848546733222884,530,"'TRUE OR FALSE? YOU LOST THE CROWN'S TREASURY AT THE HORSE RACES?"""
1341,3,10,53,66,1.2424242424242424,0.0649927593622037,530,The warranty on the horse hair expires in 3 minutes.
1341,2,12,52,66,1.2424242424242424,0.061301372768583655,530,And in appreciation of your donation at the peasant fundraiser...
1341,3,10,53,66,1.2424242424242424,0.0649927593622037,530,The ceiling fan repair man sends his regrets.
1341,3,10,53,66,1.2424242424242424,0.0649927593622037,530,Damocles respectfully suggests you don't screw up.
1341,3,10,53,66,1.2424242424242424,0.0649927593622037,530,The Bulletin of Royal Alchemists announces that the Doomsday Clock has been moved to one minute before midnight.
1341,3,10,53,66,1.2424242424242424,0.0649927593622037,530,"Once again, Majesty, your faithful messenger reports that all is good in the Kingdom. Very, very good. Excellent in fact."
1341,2,12,52,66,1.2424242424242424,0.061301372768583655,530,"It's from Mr. Dumpty, your highness. It says you need to put him together again, or else."
1341,0,16,50,66,1.2424242424242424,0.05315503147315329,530,"I get it. No more "" cutting edge"" metaphors."
1341,2,12,52,66,1.2424242424242424,0.061301372768583655,530,"In your case, sire, the proverbial sword is not just metaphorical to your approval ratings."
1341,2,12,52,66,1.2424242424242424,0.061301372768583655,530,"Sire, it's another unpaid bill from the Royal Decorator. It's marked ""Final."""
1341,5,6,55,66,1.2424242424242424,0.07180849324358678,530,"Sire, a response from the AARP: 'We regret to inform his Majesty that his application for our endorsed unconditional life insurance has been denied.'"
1357,3,9,50,62,1.2419354838709677,0.06777214707439459,530,May God grant you great bris.
1357,3,9,50,62,1.2419354838709677,0.06777214707439459,530,The peasants are behind you to the hilt.
1357,2,11,49,62,1.2419354838709677,0.06375141715523479,530,Mogg the giant would like to borrow it to carve his turkey.
1357,4,7,51,62,1.2419354838709677,0.07156734345248521,530,You call that a knife!?
1357,3,9,50,62,1.2419354838709677,0.06777214707439459,530,"If you prick us, do we not bleed?"
1357,3,9,50,62,1.2419354838709677,0.06777214707439459,530,"...and finally your highness, Goliath requests his open carry permit restored in order to attend next week's Trump rally."
1357,4,7,51,62,1.2419354838709677,0.07156734345248521,530,"And so you see, Your Highness, the pen is indeed mightier than the..."
1357,3,9,50,62,1.2419354838709677,0.06777214707439459,530,"We don't want to hold this over your head, sire, but ..."
1357,1,13,48,62,1.2419354838709677,0.059459418593929725,530,The UN wants to know if you have any weapons of mass destruction!
1357,1,13,48,62,1.2419354838709677,0.059459418593929725,530,"It's a gift from your Nobles, Sire. They hope you have had a chance to consider their suggestions."
1357,3,9,50,62,1.2419354838709677,0.06777214707439459,530,It's HR. They're worried about your work-life balance.
1357,2,11,49,62,1.2419354838709677,0.06375141715523479,530,"Technically speaking, it's still an assault weapon."
1357,3,9,50,62,1.2419354838709677,0.06777214707439459,530,"Your highness, the queen has decided not to divorce you after all."
1357,3,9,50,62,1.2419354838709677,0.06777214707439459,530,"Costco called, your scabbard is on back order ."
1357,4,7,51,62,1.2419354838709677,0.07156734345248521,530,"Twas a fine line, much like a thin rope, between Death and Life."
1357,3,9,50,62,1.2419354838709677,0.06777214707439459,530,Want to hear the final item in the thread?
1357,3,9,50,62,1.2419354838709677,0.06777214707439459,530,"What ya mean, this is cutting edge technology!"
1357,3,9,50,62,1.2419354838709677,0.06777214707439459,530,The End. Cut to black.
1357,5,5,52,62,1.2419354838709677,0.07517117385420148,530,"No, he says: ""Is this a dagger I see BEFORE me""?"
1357,3,9,50,62,1.2419354838709677,0.06777214707439459,530,"So that's one steel helmet, one heavy-duty lapboard, and all the Xanax in the kingdom."
1357,3,9,50,62,1.2419354838709677,0.06777214707439459,530,The Earl of Shafestbury wishes to inform your Highness that the Sword of Damaclese is an ancient myth and of no concern to Your Royal Majesty.
1357,4,7,51,62,1.2419354838709677,0.07156734345248521,530,"Just keep calling it ""The Scottish Play"" and you'll be fine."
1379,2,10,46,58,1.2413793103448276,0.06650166283683627,530,"Sire, do you know a Mr. Damocles?"
1379,5,4,49,58,1.2413793103448276,0.0789769155686149,530,"Regardless, my pen is still mightier."
1379,2,10,46,58,1.2413793103448276,0.06650166283683627,530,"The pen having been deemed mightier than the sword, in future productions there shalt be an over-sized pen hanging over your highness' head"
1379,3,8,47,58,1.2413793103448276,0.07090438517905794,530,'This replica of the Sword of Damocles is of the finest papier-mâché. Beware of paper cuts.'
1379,3,8,47,58,1.2413793103448276,0.07090438517905794,530,"Your Highness, your exchequer declares that the fork and spoon should arrive by noon on Wednesday."
1384,2,9,43,54,1.2407407407407407,0.06961602376844407,530,"Your Grace, your son is ill-equipped to succeed you. He lives in fear of going under the knife."
1385,1,13,49,63,1.2380952380952381,0.0586339007188704,530,"Your Highness, the people fear you're compensating for something..."
1385,1,13,49,63,1.2380952380952381,0.0586339007188704,530,Hear Yee ! Hear Yee! Let it now be known .. Mack the Knife is Back In Town !
1385,2,11,50,63,1.2380952380952381,0.06284876358057999,530,Sire has more pressing concerns hanging over his head!
1385,4,7,52,63,1.2380952380952381,0.07052682201689092,530,Damocles called wanted to know if you've seen his sword.
1385,3,9,51,63,1.2380952380952381,0.06679820247360645,530,It's from Damocles. He humbly declines your offer.
1385,4,7,52,63,1.2380952380952381,0.07052682201689092,530,Your support contract expires soon.
1385,4,7,52,63,1.2380952380952381,0.07052682201689092,530,Let's look at the bright side; at least you aren't king of the NRA
1385,4,7,52,63,1.2380952380952381,0.07052682201689092,530,"Sire, an urgent message from Damocles...."
1385,3,9,51,63,1.2380952380952381,0.06679820247360645,530,"Damocles, I come bearing a message from Dionysius, ""Have you tried selling the sword on eBay?"""
1385,2,11,50,63,1.2380952380952381,0.06284876358057999,530,"Bad news, the rope can not be repaired, and the Feng Shui master insists that the throne must not be moved."
1385,4,7,52,63,1.2380952380952381,0.07052682201689092,530,It's another blackmail note from Damocles sire.
1385,4,7,52,63,1.2380952380952381,0.07052682201689092,530,"According to the latest polling, 3% think it's the beard, 4% think it's the queen, and 90% think it's the giant dagger."
1385,4,7,52,63,1.2380952380952381,0.07052682201689092,530,"No noose is good noose? I'm a frayed knot? Sorry, Sire, I have nothing!"
1385,2,11,50,63,1.2380952380952381,0.06284876358057999,530,It appears your enemies have sent a gift of peace.
1385,4,7,52,63,1.2380952380952381,0.07052682201689092,530,Your tweet shall read 'I have the biggest sword of Damocles. Everyone says it's huuuge'.
1385,2,11,50,63,1.2380952380952381,0.06284876358057999,530,"Do you still have 'half-a-mind' to resign, your Majesty?"
1385,2,11,50,63,1.2380952380952381,0.06284876358057999,530,"Shall we continue to increase military spending, Sir?"
1385,0,15,48,63,1.2380952380952381,0.054091603261625223,530,Your Majesty has been charged with abuse of power. I think we can cut you a fair deal.
1385,3,9,51,63,1.2380952380952381,0.06679820247360645,530,"Milk, bread, eggs, that good rope you saw on TV, orange juice..."
1385,3,9,51,63,1.2380952380952381,0.06679820247360645,530,"Upon further consideration, the Prince has submitted his resignation."
1385,3,9,51,63,1.2380952380952381,0.06679820247360645,530,"If I may add my own commentary, sire: No pressure."
1385,5,5,53,63,1.2380952380952381,0.07406797819503037,530,The contract doesn't specify metaphorical.
1385,1,13,49,63,1.2380952380952381,0.0586339007188704,530,"Your Majesty, there are rumors Sir Lancelot disapproves of the ""Make Camelot great again"" policy"
1385,3,9,51,63,1.2380952380952381,0.06679820247360645,530,"Sire, we've just gotten a huge bill from the decorator."
1385,3,9,51,63,1.2380952380952381,0.06679820247360645,530,Damocles sends his regards and hopes you're enjoying the Sword
1385,0,15,48,63,1.2380952380952381,0.054091603261625223,530,"Yes, yes tell Damocles I got his housewarming gift."
1385,3,9,51,63,1.2380952380952381,0.06679820247360645,530,It was installed by one of your faithful servants... Let's see... Here it is: Damocles.
1385,3,9,51,63,1.2380952380952381,0.06679820247360645,530,We're starting a lottery for when the sword will fall.
1385,3,9,51,63,1.2380952380952381,0.06679820247360645,530,"It says: ""Happy Birthday from Mr. Damocles"""
1385,1,13,49,63,1.2380952380952381,0.0586339007188704,530,The finding of the royal psychoanalyst is that you have a slight inferiority complex.
1385,3,9,51,63,1.2380952380952381,0.06679820247360645,530,"By my calculation, in about 10 minutes."
1385,1,13,49,63,1.2380952380952381,0.0586339007188704,530,"Sire, the Council is recommending that the throne's location be changed."
1385,2,11,50,63,1.2380952380952381,0.06284876358057999,530,"Sire, your crackerjack security guards have received credible information regarding a possible attack."
1385,2,11,50,63,1.2380952380952381,0.06284876358057999,530,"First, Damocles says he forgot and left something here…"
1419,1,12,46,59,1.2372881355932204,0.06086740554973739,530,Citizen Damocles ardently prays that your Majesty receive the eternal reward he so richly merits.
1419,5,4,50,59,1.2372881355932204,0.07773451744322962,530,"Wikileaks has hacked into our infrastructure, Your Trumpiness"
1419,0,14,45,59,1.2372881355932204,0.055860428949412025,530,He says that he has something mightier than your sword and it is not his pen.
1419,2,10,47,59,1.2372881355932204,0.06549270642063965,530,"What's up, Your Highness?"
1419,1,12,46,59,1.2372881355932204,0.06086740554973739,530,The inspector raised serious questions about that rope up there.
1419,3,8,48,59,1.2372881355932204,0.06981223481771649,530,"And what should we serve for dessert, at the funeral?"
1419,2,10,47,59,1.2372881355932204,0.06549270642063965,530,It's from the queen. She seems to have found out about what you were doing last weekend with her ladies-in-waiting and is very unhappy.
1426,0,13,42,55,1.2363636363636363,0.05781449705557245,530,The survey says the people want more Excalibur and less Democoles.
1427,1,14,53,68,1.2352941176470589,0.05589736871408801,530,Dear Sire: We regret to inform you that there is a recall on yada yada yada. Sincerely Yours
1427,3,6,42,51,1.2352941176470589,0.07714633558002353,530,"Sire, it reads ""It slices, it dices, it even cuts paper! Sharp! Handle Carefully"". Best regards, Damocles Sword Company."
1429,4,7,53,64,1.234375,0.06951571243822256,530,"So, highness, your answer hinges on what your definition of ""is"" is?"
1429,1,13,50,64,1.234375,0.05783026057090191,530,Apparently the chandelier company has issued a recall.
1429,1,13,50,64,1.234375,0.05783026057090191,530,"Furthermore, Mr. Damocles heirs insists your Highness desist in this clear act of copyright infringement."
1429,3,9,52,64,1.234375,0.06585136695439135,530,Your Highness. The court idiom writer is strongly protesting his dismissal.
1429,4,7,53,64,1.234375,0.06951571243822256,530,"Strike that, the pen is not mightier than the sword"
1429,3,9,52,64,1.234375,0.06585136695439135,530,Some guy named Damocles is still waiting to see you.
1429,2,11,51,64,1.234375,0.061970725215460876,530,"Yes, Your Majesty, things are definitely looking up."
1429,3,9,52,64,1.234375,0.06585136695439135,530,Next on the To Do List: Circumcision.
1429,1,13,50,64,1.234375,0.05783026057090191,530,"Sire, the royal twine binders have advised me that this brand of rope has been recalled."
1429,2,11,51,64,1.234375,0.061970725215460876,530,...and the wife of Damocles requests that the old gym equipment of Damocles be removed from the attic of Damocles.
1429,2,11,51,64,1.234375,0.061970725215460876,530,"...and the pound has decapita--I mean, depreciated..."
1429,2,11,51,64,1.234375,0.061970725215460876,530,"I hate to have to cut and run, but it seems something has suddenly come up."
1429,2,11,51,64,1.234375,0.061970725215460876,530,We the people....
1429,3,9,52,64,1.234375,0.06585136695439135,530,"Damocles sends his regrets, as he's weekending at Mar-a-Largo."
1429,2,11,51,64,1.234375,0.061970725215460876,530,"I'll just skip the last few bit, shall I?"
1429,2,11,51,64,1.234375,0.061970725215460876,530,I hope my act doesn't end up on the cutting room floor.
1429,4,7,53,64,1.234375,0.06951571243822256,530,Brutus is here to see you.
1429,3,9,52,64,1.234375,0.06585136695439135,530,My Lord you are going to need a really big pen.
1429,2,11,51,64,1.234375,0.061970725215460876,530,Damocles says that you're totally ruining the intended effect.
1429,2,11,51,64,1.234375,0.061970725215460876,530,"Your Royal Surgeon is next your Highness and I sure this time he will share your reluctance at ""going under the knife!"""
1429,5,5,54,64,1.234375,0.07299634252361824,530,"The financials do not lie sire, this first cut is necessary to get the kingdom back on track."
1429,2,11,51,64,1.234375,0.061970725215460876,530,The entire kingdom agrees you are a cut above the rest.
1429,3,9,52,64,1.234375,0.06585136695439135,530,Announcing the new Calder Mobile has arrived!
1429,0,15,49,64,1.234375,0.053369535239372906,530,"It may be time to consider abdication, sir."
1453,4,6,50,60,1.2333333333333334,0.07274546083133358,530,oh fuck
1453,4,6,50,60,1.2333333333333334,0.07274546083133358,530,"Your Highness, the army respectfully asks you to abdicate."
1453,1,12,47,60,1.2333333333333334,0.059974884887974575,530,"A certain Damocles here to see you, Sire. Says it's urgent."
1453,3,8,49,60,1.2333333333333334,0.0687526750036001,530,"Oh wait! It's the ""the Sword of Donald"", not Damocles."
1453,1,12,47,60,1.2333333333333334,0.059974884887974575,530,We shall soon determine if the pen remains mightier than the sword
1453,2,10,48,60,1.2333333333333334,0.06451324335931523,530,It's tribute from Damocles
1453,1,12,47,60,1.2333333333333334,0.059974884887974575,530,Hillary or Donald? This is what it's like to live under the great sword of democracy.
1453,4,6,50,60,1.2333333333333334,0.07274546083133358,530,You've been Chopped.
1453,3,8,49,60,1.2333333333333334,0.0687526750036001,530,"The sign will read ""The only way to stop a bad man with a dagger is a good man with a dagger."
1453,3,8,49,60,1.2333333333333334,0.0687526750036001,530,"From Damocles, your majesty: ""So queasy feels the gut beneath the crown."""
1453,3,8,49,60,1.2333333333333334,0.0687526750036001,530,The queen requests that the jester's show employ larger jumping elephants.
1453,1,12,47,60,1.2333333333333334,0.059974884887974575,530,"... consider this my final request. I await your response. Respectfully yours, etc., Damocles."
1453,2,10,48,60,1.2333333333333334,0.06451324335931523,530,"yes your highness, everything is in place for your manicure."
1453,1,12,47,60,1.2333333333333334,0.059974884887974575,530,...and your cousin Edward wishes you Godspeed going under the knife.
1453,4,6,50,60,1.2333333333333334,0.07274546083133358,530,"His majesty does recall he ordered the 64 oz ""King sized"" Porter House special?"
1453,2,10,48,60,1.2333333333333334,0.06451324335931523,530,"Your Majesty, I recommend we continue to ignore these past due notices from the ropemaker Damocles."
1453,1,12,47,60,1.2333333333333334,0.059974884887974575,530,"...and on behalf of the Meat Cutters Guild, ...."
1453,7,0,53,60,1.2333333333333334,0.08358718398056234,530,"No entry this time. I believe this cartoon is in bad taste, considering the tragic reality of Arab incitement, and Israeli sacrifices it brings to mind for so many readers."
1453,2,10,48,60,1.2333333333333334,0.06451324335931523,530,I hereby proclaim the opening of King Henry's man cave.
1472,5,5,55,65,1.2307692307692308,0.07195494974565271,530,"Nothing too serious, your Highness. The hordes are advancing from the west, your people are starving, Trump might win, and your queen seeks a divorce. Quite routine."
1472,0,15,50,65,1.2307692307692308,0.05266563052934288,530,IN other news: Parliament still refuses funds for a new rope.
1472,3,9,53,65,1.2307692307692308,0.06493055006205434,530,Your loving subjects now wish to entertain you with synchronized jumping jacks.
1472,3,9,53,65,1.2307692307692308,0.06493055006205434,530,Picked it up for a song at King Arthur's estate sale last weekend.
1472,2,11,52,65,1.2307692307692308,0.06111634070027192,530,The Queen requests your opinion of the new drapes.
1472,3,9,53,65,1.2307692307692308,0.06493055006205434,530,"My liege, indeed the sword is mightier than the pen."
1472,3,9,53,65,1.2307692307692308,0.06493055006205434,530,"My Lord, the Blacksmith insists he measured twice."
1472,1,13,51,65,1.2307692307692308,0.05704768066996663,530,Your people recommend that you fall on your sword before something really terrible happens.
1472,4,7,54,65,1.2307692307692308,0.06853280646617484,530,Your scribe writes not to worry- the pen is mightier than the sword.
1472,3,9,53,65,1.2307692307692308,0.06493055006205434,530,"Hear ye, hear ye! The grateful Great Unwashed present you with a letter opener fit for a king!"
1472,2,11,52,65,1.2307692307692308,0.06111634070027192,530,"Sir, are you sure this is good feng sui?"
1472,1,13,51,65,1.2307692307692308,0.05704768066996663,530,Next up -- your pedicure.
1484,3,8,50,61,1.2295081967213115,0.06772429895007506,530,The sword lobby feels that more research is needed.
1484,4,6,51,61,1.2295081967213115,0.07164515863413823,530,"Here, you say, ""I'll be damned if Damocles...!"""
1484,3,8,50,61,1.2295081967213115,0.06772429895007506,530,What knife?
1484,2,10,49,61,1.2295081967213115,0.06356203726161902,530,"Lord Occam,today's polling shows you with a 50% favorable number and a 50% negative number"
1484,2,10,49,61,1.2295081967213115,0.06356203726161902,530,"According to the manual, there is no reset button."
1484,3,8,50,61,1.2295081967213115,0.06772429895007506,530,And Damocles sends 'regrets' on attending tonight's feast.
1484,1,12,48,61,1.2295081967213115,0.05910739795842607,530,Clearly Sire; the legend hath outgrown the man!
1484,3,8,50,61,1.2295081967213115,0.06772429895007506,530,"My apologies, sire. But the knife of Damocles was all that they had in stock."
1484,2,10,49,61,1.2295081967213115,0.06356203726161902,530,It appears you've shot your last messenger
1484,3,8,50,61,1.2295081967213115,0.06772429895007506,530,Donald Trump wants to buy it.
1484,4,6,51,61,1.2295081967213115,0.07164515863413823,530,He died as he lived - on the edge.......
1484,5,4,52,61,1.2295081967213115,0.07536230386036859,530,"Now that the sword is installed, I'll start with news from the US presidential campaign."
1484,2,10,49,61,1.2295081967213115,0.06356203726161902,530,The queen has instructed me to ask you the following questions.
1484,2,10,49,61,1.2295081967213115,0.06356203726161902,530,My eyes are down here.
1484,4,6,51,61,1.2295081967213115,0.07164515863413823,530,"Your highness, the peasants would like to borrow a horsehair."
1484,3,8,50,61,1.2295081967213115,0.06772429895007506,530,The Prince also sends his best wishes.
1484,3,8,50,61,1.2295081967213115,0.06772429895007506,530,"Your highness's schedule includes a 2:00 haircut by Jimmy 'the barbarian' ... Err, I mean Jimmy 'the barber'."
1484,2,10,49,61,1.2295081967213115,0.06356203726161902,530,It is a gift from Lord Entropy.
1484,2,10,49,61,1.2295081967213115,0.06356203726161902,530,"It says here, your Majesty, that Damocles ordered it ""super-sized""."
1484,2,10,49,61,1.2295081967213115,0.06356203726161902,530,The Interior Decorator of the Realm sends his regards...and a bill.
1484,3,8,50,61,1.2295081967213115,0.06772429895007506,530,A Mr. Occam is here to see you....
1484,1,12,48,61,1.2295081967213115,0.05910739795842607,530,"The steak, excellent choice. Will you be needing a knife?"
1484,3,8,50,61,1.2295081967213115,0.06772429895007506,530,"And you shall choose me as a finalist in the New Yorker Cartoon Caption Contest, or else."
1484,2,10,49,61,1.2295081967213115,0.06356203726161902,530,The BFG hopes you like the present
1484,3,8,50,61,1.2295081967213115,0.06772429895007506,530,"In other news, the village giant wants his sword back"
1509,1,11,45,57,1.2280701754385965,0.06140350877192983,530,"...and, finally, to my usurper, I grant this Family heirloom--with no strings attached."
1509,4,5,48,57,1.2280701754385965,0.0751670814760342,530,The Fool's latest tweet - @YourMajesty Oops! I used the wrong rope!!! #jesterjokes
1509,2,9,46,57,1.2280701754385965,0.06630955666828549,530,Your eldest son sends his condolences.
1509,4,5,48,57,1.2280701754385965,0.0751670814760342,530,"Your majesty, the people are growing tired of writing captions. Can we JUST remove the sword?"
1509,2,9,46,57,1.2280701754385965,0.06630955666828549,530,"The pen is still mightier with serfs, squires and women over 65."
1509,1,11,45,57,1.2280701754385965,0.06140350877192983,530,"Sire, after a thorough review, the royal engineers have concluded that the sword of Damocles hangs over you and recommend that you move your throne two feet forward."
1509,3,7,47,57,1.2280701754385965,0.07087682076380587,530,"Your Majesty, the village rope maker has filed another complaint about the taxes you have placed on his wares."
1516,3,9,54,66,1.2272727272727273,0.06403471722070707,530,Just quit the praise and sit on my lap.
1516,4,7,55,66,1.2272727272727273,0.06757695965146986,530,"It says here we ""shouldn’t"" suspend the sword above the throne..."
1516,3,9,54,66,1.2272727272727273,0.06403471722070707,530,Shakespeare said they ran out of pens
1519,2,8,43,53,1.2264150943396226,0.06942386498172073,530,"And, finally, here is some news about Damocles."
1520,2,10,50,62,1.2258064516129032,0.06263791695329896,530,"""Beneath the rule of men entirely great, the pen is mightier than the sword..."" Scratch that."
1520,2,10,50,62,1.2258064516129032,0.06263791695329896,530,"Here are the poll results, sire. 100% of the people in your kingdom think you are dumber than the chair you set in."
1520,1,12,49,62,1.2258064516129032,0.058263950350759514,530,And if your bill is not paid in 30 days....
1520,2,10,50,62,1.2258064516129032,0.06263791695329896,530,"Your majesty, Damocles, the people want you to remain on the throne just a little while longer."
1520,1,12,49,62,1.2258064516129032,0.058263950350759514,530,"A gift from your brother, my lord. No, he didn't include a gift receipt."
1520,3,8,51,62,1.2258064516129032,0.06672577740289717,530,"""Sire, as this is your favorite epic poem, I would be happy to read it to you a few more times."
1520,2,10,50,62,1.2258064516129032,0.06263791695329896,530,"I believe the stars portend a fair maiden in your life, sire -- surely, they foretell cleavage."
1520,3,8,51,62,1.2258064516129032,0.06672577740289717,530,Donald says he's happy to sit there since it'll fit in his hand perfectly.
1520,0,14,48,62,1.2258064516129032,0.053533794753437405,530,Are you sure you said 100 medium-sized daggers and not one dagger that was 100 times the medium size?
1520,3,8,51,62,1.2258064516129032,0.06672577740289717,530,It's from Damocles. He says you may keep it.
1520,2,10,50,62,1.2258064516129032,0.06263791695329896,530,The peasants want a change in direction.
1520,3,8,51,62,1.2258064516129032,0.06672577740289717,530,"Your Grace, i don't mean to mock you, but your son's present is a double-edged sword."
1520,1,12,49,62,1.2258064516129032,0.058263950350759514,530,We will now negotiate the terms of the partition.
1520,1,12,49,62,1.2258064516129032,0.058263950350759514,530,In turn all the people ask is you move slightly to your left.
1520,4,6,52,62,1.2258064516129032,0.07057726333454416,530,"To repair the worn out wiring would only cost a few bars of gold but, regrettable, the Landmarks Commission won't permit it."
1520,2,10,50,62,1.2258064516129032,0.06263791695329896,530,"Your highness, your incentive plan for receiving shorter briefings is working."
1520,1,12,49,62,1.2258064516129032,0.058263950350759514,530,Let's cut to the chase!
1520,2,10,50,62,1.2258064516129032,0.06263791695329896,530,Oh...and your haircut has been...rescheduled.
1520,3,8,51,62,1.2258064516129032,0.06672577740289717,530,Damocles the decorator is demanding payment--- or else.
1520,1,12,49,62,1.2258064516129032,0.058263950350759514,530,Amazon informs your highness the sword will be delivered by drone.
1520,2,10,50,62,1.2258064516129032,0.06263791695329896,530,"It's from your surgeon: ""You must go under the knife immediately"""
1520,1,12,49,62,1.2258064516129032,0.058263950350759514,530,"The note says: ""Dear Damocles, My sword is magnificent! It is much larger than yours and it's gold plated! Believe me when I tell you it's fantastic! Best wishes, The Donald."""
1520,2,10,50,62,1.2258064516129032,0.06263791695329896,530,And you have a two o'clock with someone who claims to have a mightier pen.
1520,0,14,48,62,1.2258064516129032,0.053533794753437405,530,"Friar William of Ockham would like to discuss his simple, non-complex, efficient method for trimming your Royal Highness's beard."
1520,1,12,49,62,1.2258064516129032,0.058263950350759514,530,"Would you believe the pen is ‘equally’ mighty, your highness?"
1520,2,10,50,62,1.2258064516129032,0.06263791695329896,530,The royal dagger forger said he based it on the do it yourself hand measurements you sent him King Trump.
1520,3,8,51,62,1.2258064516129032,0.06672577740289717,530,It's a gift to your majesty from Edgar Allan Poe.
1520,4,6,52,62,1.2258064516129032,0.07057726333454416,530,"Sire, Sir Marco doth still say thou hast tiny hands"
1520,4,6,52,62,1.2258064516129032,0.07057726333454416,530,Your next appointment is Joe Guillotin from the process improvements department.
1520,1,12,49,62,1.2258064516129032,0.058263950350759514,530,"Sir, this Damocles fellow wants his sword back."
1520,1,12,49,62,1.2258064516129032,0.058263950350759514,530,I'll move the meeting with the sheath guild to the top of the agenda.
1520,3,8,51,62,1.2258064516129032,0.06672577740289717,530,When would you like the bad news? Is never good for you?
1520,2,10,50,62,1.2258064516129032,0.06263791695329896,530,"I actually preferred 'Uneasy lies the head...,' but let's see where this one goes."
1520,3,8,51,62,1.2258064516129032,0.06672577740289717,530,"Hear ye, hear ye. The knife for your son's circumcision has arrived, sire."
1554,1,11,46,58,1.2241379310344827,0.060463542375630945,530,"The installation instructions were confusing, but we called Sir Damocles for technical support."
1554,3,7,48,58,1.2241379310344827,0.06975500922314924,530,"Sure Damocles has a claim, but possession is 9/10th of the law."
1554,4,5,49,58,1.2241379310344827,0.0739643291680361,530,"And in conclusion...the people would like you to be their seated ruler for at least the next 10 ...minutes, or so."
1554,2,9,47,58,1.2241379310344827,0.06527480857241695,530,The sword contract comes with no strings attached..except for one.
1554,3,7,48,58,1.2241379310344827,0.06975500922314924,530,"Hear Ye, Hear Ye, by proclamation of the King, I declare that life hangs by a thread !"
1554,1,11,46,58,1.2241379310344827,0.060463542375630945,530,"Sire, it says...""I would like to cut a deal with you"" and is signed Donald J Trump."
1554,2,9,47,58,1.2241379310344827,0.06527480857241695,530,The Sword and Rope Guilds say it's a hoax.
1554,3,7,48,58,1.2241379310344827,0.06975500922314924,530,"Regarding the latest dispatch from the Freudian Guild, Your Highness may wish to remind them that sometimes a sword is just a sword...."""
1554,0,13,45,58,1.2241379310344827,0.055234765130792035,530,"Sire, Mr. Oliver Cromwell awaits to be knighted."
1554,2,9,47,58,1.2241379310344827,0.06527480857241695,530,"Don't worry, it's only forced perspective."
1554,3,7,48,58,1.2241379310344827,0.06975500922314924,530,Obviously you have more pressing issues...
1565,3,8,52,63,1.2222222222222223,0.06575585358598524,530,Dear Father. Stop. Happy Birthday. Stop.
1565,3,8,52,63,1.2222222222222223,0.06575585358598524,530,"So I have milk, bread, eggs, and carbon steel extra-strength twine on the list. Will your Grace be requiring anything else from the market?"
1565,2,10,51,63,1.2222222222222223,0.06173977251921359,530,"Chandelier compliments of your sworn enemy, who wishes to, as he says here, ""Bury the hatchet."""
1565,3,8,52,63,1.2222222222222223,0.06575585358598524,530,"Sire, there's new that someone's trying to kill you but nobody knows how."
1565,2,10,51,63,1.2222222222222223,0.06173977251921359,530,"Hear Ye, Hear Ye.. Be it known that the Robin Hood Rope Company is ordering a recall."
1565,2,10,51,63,1.2222222222222223,0.06173977251921359,530,"It says that this model is being recalled, because no one has been killed or injured."
1565,3,8,52,63,1.2222222222222223,0.06575585358598524,530,I decree that the sword is definitely mightier than the pen!!
1565,0,14,49,63,1.2222222222222223,0.05279899592349904,530,"Nerves are not the only things that are fraying in the kingdom, sire."
1565,1,12,50,63,1.2222222222222223,0.05744359616725745,530,"Your $19.95 meat tenderizer has arrived, Sire!"
1565,4,6,53,63,1.2222222222222223,0.06954038431673219,530,"They don't care how big your knife is, they still you're a short-fingered vulgarian."
1565,2,10,51,63,1.2222222222222223,0.06173977251921359,530,"I'm sorry sire, it says here no returns."
1565,4,6,53,63,1.2222222222222223,0.06954038431673219,530,They protest that your kingdom is only hanging on by a thread.
1565,1,12,50,63,1.2222222222222223,0.05744359616725745,530,"Giant pranksters spotted in the area, sire."
1565,0,12,42,54,1.2222222222222223,0.05710624097222739,530,Damocles called but hung up before I could answer
1565,2,10,51,63,1.2222222222222223,0.06173977251921359,530,Truth or Consequences.
1565,1,10,43,54,1.2222222222222223,0.06292801266165045,530,There's a Mr. Damocles to see you.
1565,1,12,50,63,1.2222222222222223,0.05744359616725745,530,Hear Ye! Hear Ye! The weapons account is perfectly balanced!
1565,2,10,51,63,1.2222222222222223,0.06173977251921359,530,It says it was final sale.
1565,2,10,51,63,1.2222222222222223,0.06173977251921359,530,"It says here that your father's last words were ""bless you."""
1565,3,8,52,63,1.2222222222222223,0.06575585358598524,530,"Tuesday you will knight Isaac, our grand mohel, whose shield will read ""size matters"""
1565,4,6,53,63,1.2222222222222223,0.06954038431673219,530,"Trumpocles says, ""Fear is for losers""."
1565,3,8,52,63,1.2222222222222223,0.06575585358598524,530,"The Thought for the Day, Your Highness: ""Pride cometh before the fall."""
1587,2,9,48,59,1.2203389830508475,0.06427129001463887,530,Damocles Insurance has sent an invoice.
1587,2,9,48,59,1.2203389830508475,0.06427129001463887,530,The Three Blind Mice respectfully decline your offer of employment as court entertainers.
1587,2,9,48,59,1.2203389830508475,0.06427129001463887,530,"In the end, both king and pawn have the same fate."
1587,2,9,48,59,1.2203389830508475,0.06427129001463887,530,"My Lordship, hang in there until I get to the punch line."
1587,1,11,47,59,1.2203389830508475,0.05955119800811673,530,King Gordias sends his regards.
1587,3,7,49,59,1.2203389830508475,0.06866769441367397,530,"We, the people of the Kingdom, give you two options..."
1587,1,11,47,59,1.2203389830508475,0.05955119800811673,530,"According to this, it comes with a sheath for display."
1587,2,9,48,59,1.2203389830508475,0.06427129001463887,530,"And in a final action, the Royal Chamberlain has raised the Thread Level to DEFCON-1."
1587,3,7,49,59,1.2203389830508475,0.06866769441367397,530,"Your grace, we got a message from Gulliver. He wants his dagger back."
1587,0,13,46,59,1.2203389830508475,0.05442326385157392,530,"...and the knife-guy called, assured me that everything is up to code."
1587,3,7,49,59,1.2203389830508475,0.06866769441367397,530,"Finally, I'll need your signature agreeing to pay anything not covered under your plan."
1587,2,9,48,59,1.2203389830508475,0.06427129001463887,530,And your Magesty would like the Royal Pen to be how small?
1587,2,9,48,59,1.2203389830508475,0.06427129001463887,530,"Your lordship, do you still wish to ""tighten the strings"" on our metaphor budget?"
1587,0,13,46,59,1.2203389830508475,0.05442326385157392,530,"We can't find the stone or the sword anywhere, sire!"
1587,3,7,49,59,1.2203389830508475,0.06866769441367397,530,"Word from Damocles, your majesty...."
1587,3,7,49,59,1.2203389830508475,0.06866769441367397,530,"Sire, I have been assured that the first cut is the deepest."
1587,3,7,49,59,1.2203389830508475,0.06866769441367397,530,"There's been a recall on those Cutco knives you bought, sire."
1587,2,9,48,59,1.2203389830508475,0.06427129001463887,530,"But wait, there's more!"
1587,3,7,49,59,1.2203389830508475,0.06866769441367397,530,Bicycle Playing Cards wants to know if they can use your image for the King of Hearts.
1606,2,10,52,64,1.21875,0.060866551595885596,530,"Sire, Her Majesty instructs me to say that what she actually told you was to sit *on* it."
1606,1,12,51,64,1.21875,0.05664543544843536,530,Disclaimer: Not responsible for dismemberment or decapitation.
1606,3,8,53,64,1.21875,0.06481333851304336,530,"Don't worry, Your Majesty. It's plastic."
1606,2,10,52,64,1.21875,0.060866551595885596,530,Your brother wants to apologize for your split.
1610,2,8,45,55,1.2181818181818183,0.0671242332357016,530,"If this does not contain the enemy, Sir, we shall raise our level of defense to a pen."
1610,3,6,46,55,1.2181818181818183,0.0719657096184116,530,"Your Majesty, the people would like to see a kinder gentler message."
1610,0,12,43,55,1.2181818181818183,0.056203748457549704,530,"... subsection B, paragraph 3, ""With great fortune and power, comes great danger"". That's a little overstated, don't you think?"
1613,1,11,48,60,1.2166666666666666,0.05866531842313125,530,"And finally, I would like Merlin to make the royal shaft larger than Sir Lancelot's sword."
1613,1,11,48,60,1.2166666666666666,0.05866531842313125,530,Damocles wants to know if he may have an audience?
1613,1,11,48,60,1.2166666666666666,0.05866531842313125,530,It's about commending your action on concealed weapons.
1613,2,9,49,60,1.2166666666666666,0.06329764084940143,530,"What, he writes, do you know about the balance of power being a two-edged sword?"
1613,2,9,49,60,1.2166666666666666,0.06329764084940143,530,...suggests thou move thy lazy butt forward one cubit...
1613,2,9,49,60,1.2166666666666666,0.06329764084940143,530,The fork is in the mail.
1613,2,9,49,60,1.2166666666666666,0.06329764084940143,530,"Damocles? No, it actually says Hercules."
1613,1,11,48,60,1.2166666666666666,0.05866531842313125,530,"...and finally, the sword makers union requests that you reconsider their request for a raise."
1613,2,9,49,60,1.2166666666666666,0.06329764084940143,530,You only get one chance to guess the correct answer
1613,1,11,48,60,1.2166666666666666,0.05866531842313125,530,I now pronounce you King of Williams-Sonoma. You have all the rights and privileges that come with cutlery ware.
1613,2,9,49,60,1.2166666666666666,0.06329764084940143,530,"Sire, the Union of the Serfs are presenting their demands for higher wages & better working conditions. As your lawyer, I advise you to accept."
1613,2,9,49,60,1.2166666666666666,0.06329764084940143,530,"""It says 'Long Live the King'--I think that's good?"
1613,1,11,48,60,1.2166666666666666,0.05866531842313125,530,"Rumor has it you were not a slayer of giants, but a raider of Applebee's wall art."
1613,2,9,49,60,1.2166666666666666,0.06329764084940143,530,"Thy wife, Sire? In the tower, with a scissors."
1613,1,11,48,60,1.2166666666666666,0.05866531842313125,530,"First up today, milord must decide the true mother of a newborn baby."
1613,2,9,49,60,1.2166666666666666,0.06329764084940143,530,"Believe it or not, sire, it's from a man with little hands."
1613,2,9,49,60,1.2166666666666666,0.06329764084940143,530,Lark's tongue pie and a flagon of ale...and tell the cook to hurry.
1613,2,9,49,60,1.2166666666666666,0.06329764084940143,530,"I know your sword SEEMS mightier, but hear me out here..."
1613,3,7,50,60,1.2166666666666666,0.06761333513821251,530,...on the other hand...
1613,1,11,48,60,1.2166666666666666,0.05866531842313125,530,"Sir, Are you sure you want to include the quote, 'walk softly and carry a big sword'?"
1613,1,11,48,60,1.2166666666666666,0.05866531842313125,530,"'Dear Dion, I highly recommend term limits.' Best, Barack"
1613,3,7,50,60,1.2166666666666666,0.06761333513821251,530,Their vote was for Instantaneously.
1613,3,7,50,60,1.2166666666666666,0.06761333513821251,530,Step forward if you really believe words are mightier than the sword
1613,2,9,49,60,1.2166666666666666,0.06329764084940143,530,Sire - There has been a recall issued on all the suspension cable in the Kingdom.
1613,3,7,50,60,1.2166666666666666,0.06761333513821251,530,"You know what they say about big swords, big sheaths."
1613,2,9,49,60,1.2166666666666666,0.06329764084940143,530,"Not to put a fine point on it, your reign is under sharp threats."
1613,2,9,49,60,1.2166666666666666,0.06329764084940143,530,You did not please everyone all of the time.
1613,1,11,48,60,1.2166666666666666,0.05866531842313125,530,Someone named Damocles already filed for the patent.
1613,4,5,51,60,1.2166666666666666,0.0716696228532331,530,The Queen requests that you fire your Feng Shui consultant.
1613,2,9,49,60,1.2166666666666666,0.06329764084940143,530,Damocles REALLY suggested making his exhibit purely seasonal.
1643,5,2,49,56,1.2142857142857142,0.07942277844893847,530,"'It's a gift from Damocles"""
1643,3,6,47,56,1.2142857142857142,0.07077624204383748,530,Excuse me my King but there is a young boy named Arthur that says you may have his sword.
1643,4,4,48,56,1.2142857142857142,0.07522384653285497,530,"Your Highness, this is a petition from the NDA, the National Dagger Association, for an open carry law."
1643,3,6,47,56,1.2142857142857142,0.07077624204383748,530,"Damocles, Shmamocles? Really, your majesty?"
1643,2,8,46,56,1.2142857142857142,0.06602973412408396,530,"My Lord King Dionysius, I must decline your kind invitation to sit on the throne. Sincerely, Damocles"
1643,2,8,46,56,1.2142857142857142,0.06602973412408396,530,"Whereas, the king commands that, if the peoople want a bigger sword, they must provide a thicker cable."
1643,2,8,46,56,1.2142857142857142,0.06602973412408396,530,Message fromThe Pen: Let's negotiate.
1650,1,11,49,61,1.2131147540983607,0.057804806739269465,530,I told the castles interior decorator to hang a painting of a giant fjord.
1650,2,9,50,61,1.2131147540983607,0.06235257628675809,530,Just wait 'til Arthur sees this one.
1650,2,9,50,61,1.2131147540983607,0.06235257628675809,530,But he proved that the pen was not mightier.
1650,2,9,50,61,1.2131147540983607,0.06235257628675809,530,Her Majesty the Queen wishes to speak with you about the proposed flower motif for the throne room.
1650,2,9,50,61,1.2131147540983607,0.06235257628675809,530,"By Decree, pen, less mighty than sword!"
1650,2,9,50,61,1.2131147540983607,0.06235257628675809,530,"Sir, perhaps we should finalize your Christmas list a little early this year."
1650,1,11,49,61,1.2131147540983607,0.057804806739269465,530,"The proclamation will say ""The pen is not mightier than this King's sword"""
1650,3,7,51,61,1.2131147540983607,0.06659047872652427,530,"Sire, this last petition is a long one. Is it ok if I just skip right to the end?"
1650,2,9,50,61,1.2131147540983607,0.06235257628675809,530,Sire...Goliath respectfully requests the return of his sidearm by virtue of the kingdom's new law of open carry.
1650,3,7,51,61,1.2131147540983607,0.06659047872652427,530,Damocles advises you to abdicate or sit somewhere else.
1650,2,9,50,61,1.2131147540983607,0.06235257628675809,530,"It's from Goliath, he''d like his sword back"
1650,4,5,52,61,1.2131147540983607,0.07057435755612214,530,Banquo will be a little late.
1650,1,11,49,61,1.2131147540983607,0.057804806739269465,530,"Your Highness, the Queen insists that you sign this life insurance policy"
1650,3,7,51,61,1.2131147540983607,0.06659047872652427,530,"Your younger brother, Eric, says he feels your troubled being may be cut short."
1650,2,9,50,61,1.2131147540983607,0.06235257628675809,530,Your subjects are concerned about excessive spending on weapons.
1650,3,7,51,61,1.2131147540983607,0.06659047872652427,530,"This is not your sharpest idea, my lord."
1650,3,7,51,61,1.2131147540983607,0.06659047872652427,530,"No, it's the Sword of Leroy."
1650,2,9,50,61,1.2131147540983607,0.06235257628675809,530,"The catapult union has some choice words for you, my lord"
1650,0,13,48,61,1.2131147540983607,0.05286726392326918,530,"""I received this gift from a dear friend and pass it on to you as a sign of my deep affection. Sincerely, Damocles"
1650,2,9,50,61,1.2131147540983607,0.06235257628675809,530,"The Proclamation beings with: ""This is to inform all citizens that the old policy of death by a thousand cuts is being replaced."""
1650,1,11,49,61,1.2131147540983607,0.057804806739269465,530,Good news! You've made the final round of The Kingdom's Got Talent.
1650,1,11,49,61,1.2131147540983607,0.057804806739269465,530,Merlin is now preparing your male-enhancement potion.
1650,3,7,51,61,1.2131147540983607,0.06659047872652427,530,"""Let me introduce you to my little friend!'"
1650,1,11,49,61,1.2131147540983607,0.057804806739269465,530,Your subjects simply wish to keep you honest.
1650,2,9,50,61,1.2131147540983607,0.06235257628675809,530,"A Mr Damocles wishes to see you, Sir."
1650,2,9,50,61,1.2131147540983607,0.06235257628675809,530,"Sire, Damocles says it's not his and to check with Dionysius."
1650,3,7,51,61,1.2131147540983607,0.06659047872652427,530,"The king who possesses the giant’s dagger shall suffer his herculean wrath. The giant will crush each of the king’s limbs and… you know, I could keep reading, but this gets REALLY bad for you."
1677,1,10,46,57,1.2105263157894737,0.05995425420504103,530,"Clairvoyantly speaking, Your Majesty, I suspect a swift ending."
1677,3,6,48,57,1.2105263157894737,0.06962503450169975,530,"The winning entry for the ""Name The New Sword"" contest is Highcalibur"
1677,1,10,46,57,1.2105263157894737,0.05995425420504103,530,"Sire, the term limit provides leave now in peace or later in pieces."
1677,3,6,48,57,1.2105263157894737,0.06962503450169975,530,Lord & Lady Macbeth cordially invite you to their castle at Inverness.
1677,1,10,46,57,1.2105263157894737,0.05995425420504103,530,"Your younger brother, Prince Damocles, hopes you enjoy his present."
1677,3,6,48,57,1.2105263157894737,0.06962503450169975,530,"'Come on, chop chop!'"
1677,4,4,49,57,1.2105263157894737,0.07398791688784717,530,This is a game of what now?
1677,2,8,47,57,1.2105263157894737,0.06496983156298607,530,"Sire, it came for your estranged Queen with this note: ""Don't bet on the pen being mightier than the sword."""
1677,1,10,46,57,1.2105263157894737,0.05995425420504103,530,Stabbing the messenger is clearly a loophole.
1677,2,8,47,57,1.2105263157894737,0.06496983156298607,530,"I am afraid, Your Majesty, they are instead calling you 'Mack the Big Prick'."
1677,3,6,48,57,1.2105263157894737,0.06962503450169975,530,The position of royal sword sharpener is only to be filled after the demise of the current occupant of the throne.
1688,2,9,51,62,1.2096774193548387,0.061434881985617536,530,Your employment contract looks pretty solid except for the job security clause.
1688,1,11,50,62,1.2096774193548387,0.0569686228972945,530,"In business news, sire, local hemp farmers have smoked 80% of this year’s crop, prompting the immediate recall of all royal rope."
1688,2,9,51,62,1.2096774193548387,0.061434881985617536,530,Urgent from the Royal Soothsayer… Duck and cover!!!
1688,1,11,50,62,1.2096774193548387,0.0569686228972945,530,It says Donald Trump has your back.
1688,2,9,51,62,1.2096774193548387,0.061434881985617536,530,"Yes my Lord. I will send this message out to the realm immediately: ""To all pen owners: No it's not""."
1688,2,9,51,62,1.2096774193548387,0.061434881985617536,530,"...and to this treaty, there are no strings attached."
1688,0,13,49,62,1.2096774193548387,0.05212104435869968,530,"Allow me to summarize this, Your Majesty."
1688,2,9,51,62,1.2096774193548387,0.061434881985617536,530,Damocles writes to say he hopes you're enjoying your new chandelier.
1688,2,9,51,62,1.2096774193548387,0.061434881985617536,530,Her Highness requests that you dispense with the doom and gloom.
1688,2,9,51,62,1.2096774193548387,0.061434881985617536,530,"But, sire, you just banned assault weapons."
1688,2,9,51,62,1.2096774193548387,0.061434881985617536,530,"Fr. William Ockham says to look up, then do the simplest thing."
1688,1,11,50,62,1.2096774193548387,0.0569686228972945,530,"No, I am afraid your insurance policy does not include any Damocles clause."
1688,3,7,52,62,1.2096774193548387,0.06559775494907856,530,I knew I shouldn't have ordered the economy priced rope.
1688,2,9,51,62,1.2096774193548387,0.061434881985617536,530,"Yes, Sire, it is a replica of the Sword of Damocles once given to Hillary Clinton by James Comey."
1688,2,9,51,62,1.2096774193548387,0.061434881985617536,530,One order of business is to inquire about the hanging mobile.
1688,3,7,52,62,1.2096774193548387,0.06559775494907856,530,"Trump wins, so what ?"
1688,2,9,51,62,1.2096774193548387,0.061434881985617536,530,The rope maker's guild continues to strike Sire.
1688,2,9,51,62,1.2096774193548387,0.061434881985617536,530,"Your Majesty, It appears to be quite clear cut."
1688,3,7,52,62,1.2096774193548387,0.06559775494907856,530,Sir Hoyle wishes to paint you as the King of Hearts for a new card game.
1688,2,9,51,62,1.2096774193548387,0.061434881985617536,530,The Steward regrets to inform you that he has run out of wire.
1688,1,11,50,62,1.2096774193548387,0.0569686228972945,530,...which brings us to the nuclear option.
1688,2,9,51,62,1.2096774193548387,0.061434881985617536,530,HEAVY IS THE SWORD THAT LIES OVER MY HEAD.REALLY HEAVY.
1688,1,11,50,62,1.2096774193548387,0.0569686228972945,530,Can you move it along? I have a short reign here.
1688,3,7,52,62,1.2096774193548387,0.06559775494907856,530,A minstrel's joke is in the execution.
1688,1,11,50,62,1.2096774193548387,0.0569686228972945,530,Center of gravity!?
1713,2,7,44,53,1.2075471698113207,0.06792855979005262,530,"and in this divorce decree, the Queen receives half of the kingdom or ..."
1713,1,9,43,53,1.2075471698113207,0.06235863877776731,530,"Henceforth, you shall be known as Damocles."
1715,3,6,49,58,1.206896551724138,0.06851029433095054,530,"Your Majesty, I bring you the top ten responses to the royal poll asking, 'What would Damocles do?'"
1715,1,10,47,58,1.206896551724138,0.05902320792875932,530,It says here your suspended sword schtick is too violent. The castle next door is using a tremendously bigger pen.
1715,2,8,48,58,1.206896551724138,0.06394294137555384,530,"may I please go now, sire?"
1715,1,10,47,58,1.206896551724138,0.05902320792875932,530,"Sire, the execution has been suspended."
1715,1,10,47,58,1.206896551724138,0.05902320792875932,530,"Let's make sure I have this spelled right before the press conference, D-A-M-O-C-L-E-S ?"
1715,0,12,46,58,1.206896551724138,0.053654248635551675,530,"And the rebels say that if you don't abdicate, your Highness, they have a plan to remove you."
1715,0,12,46,58,1.206896551724138,0.053654248635551675,530,"In other news, plowshares have hit a new low in the market today."
1715,1,10,47,58,1.206896551724138,0.05902320792875932,530,Welcome to Cleveland your majesty.
1715,4,4,50,58,1.206896551724138,0.0727916279998561,530,"Remember in Spinal Tap when Nigel mixed up 18’ with 18”, we kind of had the opposite problem."
1715,0,12,46,58,1.206896551724138,0.053654248635551675,530,The handyman says he can't get here until next week and there will most likely be no problems before he arrives.
1715,1,10,47,58,1.206896551724138,0.05902320792875932,530,"Damocles, this is to inform you that we have located your sword."
1715,1,10,47,58,1.206896551724138,0.05902320792875932,530,"From the oracle: ""Beware of visitors bearing pens""."
1715,2,8,48,58,1.206896551724138,0.06394294137555384,530,"Damocles writes that he’ll accept your offer to try out the throne—but only if the sword is replaced by a piñata filled with soft candy and cold, hard cash."
1715,2,8,48,58,1.206896551724138,0.06394294137555384,530,"Basically, he just says he has a bigger pen than you."
1715,1,10,47,58,1.206896551724138,0.05902320792875932,530,"Let's see Sire. Damocles...?Damocles...? Nope, sorry Majesty,nothing in here. Just sit tight, we're working on it."
1715,2,8,48,58,1.206896551724138,0.06394294137555384,530,"Yes, I see it. If they wanted me to quote from Macbeth, why didn't they just say so?"
1715,1,10,47,58,1.206896551724138,0.05902320792875932,530,"According to Damocles.. ""It's nothing to worry about""!"
1715,2,8,48,58,1.206896551724138,0.06394294137555384,530,"A yes, here it is. Sorry for keeping you waiting."
1715,1,10,47,58,1.206896551724138,0.05902320792875932,530,Here's a nasty letter from some guy named Damocles.
1715,1,10,47,58,1.206896551724138,0.05902320792875932,530,....and the engineers are betting your crown hits the doorknob
1715,2,8,48,58,1.206896551724138,0.06394294137555384,530,"Your speech of impending doom has frightened the people, my lordship."
1715,3,6,49,58,1.206896551724138,0.06851029433095054,530,"When he said ""my SWORD is bigger than yours"" I'm pretty sure it was a metaphor!"
1715,2,8,48,58,1.206896551724138,0.06394294137555384,530,"Up next, fix the budget deficit."
1715,2,8,48,58,1.206896551724138,0.06394294137555384,530,The Royal Treasurer says nix to a new cord
1715,1,10,47,58,1.206896551724138,0.05902320792875932,530,"It's a letter, Sire, congratulating you on your acceptance into The Clichéd Metaphors Society."
1740,3,7,53,63,1.2063492063492063,0.06463387040593248,530,Rumors of an insurrection are greatly exaggerated and... highly tenuous.
1740,3,7,53,63,1.2063492063492063,0.06463387040593248,530,"And the neighboring King says his sword is biggest in the land. He adds, yours looks big because of your small hands."
1740,2,9,52,63,1.2063492063492063,0.06054340949726558,530,Your loyal subjects are all demanding a big cut in your personal spending.
1740,1,11,51,63,1.2063492063492063,0.05615578032096342,530,"Going once, going twice,"
1740,2,9,52,63,1.2063492063492063,0.06054340949726558,530,The royal rope repair is pretty far down on the list.
1745,3,8,57,68,1.2058823529411764,0.061295723573926195,530,"According to your last proclamation, the knife always goes to the left of the throne."
1746,1,9,44,54,1.2037037037037037,0.061313537216527755,530,The Royal Council says you can slice it any way you wish.
1746,2,7,45,54,1.2037037037037037,0.06676946806414794,530,Last chance. What is my favorite color?
1746,2,7,45,54,1.2037037037037037,0.06676946806414794,530,"Your son has volunteered to handle decorating, so that's not hanging over your head anymore. And that's everything on the list for today."
1746,2,7,45,54,1.2037037037037037,0.06676946806414794,530,It's an overdue bill from your interior decorator...
1746,2,7,45,54,1.2037037037037037,0.06676946806414794,530,"But you flatter me, your majesty, I would never dare sit on your throne ."
1746,2,7,45,54,1.2037037037037037,0.06676946806414794,530,"If you don't like this one, I have an old Michelle Obama speech you can use."
1746,4,3,47,54,1.2037037037037037,0.07652310699849257,530,You're just paranoid!
1746,2,7,45,54,1.2037037037037037,0.06676946806414794,530,I seriously can't focus on reading this to you with you sitting under that giant sword.
1746,3,5,46,54,1.2037037037037037,0.0718120733939357,530,It seems that moving is the only way to avoid imminent death My Liege.
1746,3,5,46,54,1.2037037037037037,0.0718120733939357,530,Is that a ceremonial sword or does it serve a larger purpose?
1756,3,6,50,59,1.2033898305084745,0.06743033731044798,530,"Come closer, boy! My ears aren't as good as they used to be."
1756,1,10,48,59,1.2033898305084745,0.05812007671977909,530,Your son wants to know if you like your birthday present.
1756,3,6,50,59,1.2033898305084745,0.06743033731044798,530,Funny you should say Cut to The Chase.
1756,3,6,50,59,1.2033898305084745,0.06743033731044798,530,"And in closing your Majesty, may the farce be with you."
1756,3,6,50,59,1.2033898305084745,0.06743033731044798,530,We regret to inform you that the kingdom-wide search for your successor has found no volunteers.
1756,4,4,51,59,1.2033898305084745,0.0716331203127763,530,"The queen, formerly princess, now testifies that it was non consensual"
1756,3,6,50,59,1.2033898305084745,0.06743033731044798,530,"Yes Sure, it's from someone named Damocles."
1756,2,8,49,59,1.2033898305084745,0.06294757226340743,530,The oracle says to beware of sharp objects.
1756,0,12,47,59,1.2033898305084745,0.052853474644238056,530,"Greetings, from the National Sword Association."
1756,2,8,49,59,1.2033898305084745,0.06294757226340743,530,No. 100 on ways to avoid being hit when the cord breaks: Move chair. No. 101: Get up and move.
1756,3,6,50,59,1.2033898305084745,0.06743033731044798,530,"""The Sword of Damocles""- perhaps this message can wait, Your Majesty."
1756,1,10,48,59,1.2033898305084745,0.05812007671977909,530,"""Sire, they weren't crazy about a flat tax, either."
1756,2,8,49,59,1.2033898305084745,0.06294757226340743,530,Sword is mightier than pen
1756,1,10,48,59,1.2033898305084745,0.05812007671977909,530,Damocles sends his best
1756,3,6,50,59,1.2033898305084745,0.06743033731044798,530,'I don't get the point?' What is it you don't understand?
1756,2,8,49,59,1.2033898305084745,0.06294757226340743,530,It's another spam mail warning from Damocles.
1756,2,8,49,59,1.2033898305084745,0.06294757226340743,530,"Sire, we have had several complaints from people that your 'my knife is in the balance' joke is wearing thin."
1756,1,10,48,59,1.2033898305084745,0.05812007671977909,530,"Sire, the commoners say they hope you get back on your feet soon."
1756,4,4,51,59,1.2033898305084745,0.0716331203127763,530,". . . it is a tale told by an idiot, full of sound and fury, signifying nothing but a big, fucking knife hanging overhead."
1756,1,10,48,59,1.2033898305084745,0.05812007671977909,530,Have you tried self-help to deal with you stress and anxiety?
1756,2,8,49,59,1.2033898305084745,0.06294757226340743,530,"It's a gift from King Damocles, Sire, with clear installation instructions."
1756,1,10,48,59,1.2033898305084745,0.05812007671977909,530,"With all due respect your highness, I do not like this gift from the neighboring kingdom."
1756,1,10,48,59,1.2033898305084745,0.05812007671977909,530,"The manuscript says. Sire: ""Those who lived by this sward, will..."""
1756,1,10,48,59,1.2033898305084745,0.05812007671977909,530,I think you should ABDICATE NOW!!!!!
1756,2,8,49,59,1.2033898305084745,0.06294757226340743,530,"Sire, I believe it is the people who are delivering the message, not I."
1756,2,8,49,59,1.2033898305084745,0.06294757226340743,530,"It's a message from Damocles, your majesty. It reads, 'tag -- you're it!'"
1756,2,8,49,59,1.2033898305084745,0.06294757226340743,530,Your giant pen is on it's way sir!
1756,2,8,49,59,1.2033898305084745,0.06294757226340743,530,IT'S A OVER DUE NOTICE FROM OUR ROPE SUPPLY COMPANY.
1756,0,12,47,59,1.2033898305084745,0.052853474644238056,530,"Wonderful news, Your Majesty: parliament has increased your living allowance, your ex-wife has died, so no more alimony payments, and your doctor has given you a clean bill of health. Long Live The King!"
1756,2,8,49,59,1.2033898305084745,0.06294757226340743,530,Kingsbury Town wishes to severe relationships your majesty.
1756,0,12,47,59,1.2033898305084745,0.052853474644238056,530,Your life lies in the balance of this decree.
1756,2,8,49,59,1.2033898305084745,0.06294757226340743,530,"You're looking sharp, your majesty, but sadly today's news appears a tad ominous."
1756,1,10,48,59,1.2033898305084745,0.05812007671977909,530,The powerless and envious strongly suggest an early retirement.
1756,2,8,49,59,1.2033898305084745,0.06294757226340743,530,"So, caramel macchiato or iced green tea with splash of soy?"
1756,2,8,49,59,1.2033898305084745,0.06294757226340743,530,Item 1: Non-Disclosure Agreement.
1791,1,8,41,50,1.2,0.06388765649999399,530,"M'lord, a peace offering from King Gulliver the Merciless."
1791,1,10,49,60,1.2,0.057243656051933725,530,The giant wants his knife back
1791,0,11,44,55,1.2,0.05443310539518172,530,"It concludes, 'Try this on for size, Damocles.'"
1791,1,10,49,60,1.2,0.057243656051933725,530,He did say that he was a cutting edge interior designer.
1791,3,5,47,55,1.2,0.0705915362006309,530,"And—no, Sire—Damocles does NOT want his sword back."
1791,3,6,51,60,1.2,0.06638357975446148,530,Your sword is huuge!
1791,3,6,51,60,1.2,0.06638357975446148,530,Is that over me or you?
1791,1,10,49,60,1.2,0.057243656051933725,530,"It reads: 'I hope your majesty enjoys the gift.' Signed, Damocles"
1791,2,7,46,55,1.2,0.06564879518897745,530,"Sire, a brief note from Jerry Damocles."
1791,1,10,49,60,1.2,0.057243656051933725,530,"And fifty-firstly, I hereby announce and proclaim that the rope overhead has been recalled by the manufacturer due to its great tendency to fail unexpectedly."
1791,2,8,50,60,1.2,0.061982319330632654,530,D-A-M-O-C-L-E-S
1791,2,7,46,55,1.2,0.06564879518897745,530,It's a cease and desist letter from Damocles.
1791,2,7,46,55,1.2,0.06564879518897745,530,Lets assume you are wrong and the list is right
1791,3,6,51,60,1.2,0.06638357975446148,530,"Your day has come, sire!"
1791,1,10,49,60,1.2,0.057243656051933725,530,You only have to speak softly if it's a big stick...
1791,1,10,49,60,1.2,0.057243656051933725,530,And for the 5th and last question. If you cut a King in half what do you get?
1791,2,8,50,60,1.2,0.061982319330632654,530,"No, they said they are going to make you a gyro, not a hero."
1791,2,8,50,60,1.2,0.061982319330632654,530,"""....I'm afraid, sir, the time has come to choose a successor...."
1791,2,7,46,55,1.2,0.06564879518897745,530,Thank you for agreeing to participate in our survey of Fear in a Trump Presidency.
1791,2,8,50,60,1.2,0.061982319330632654,530,It's from a guy named Damocles
1791,1,10,49,60,1.2,0.057243656051933725,530,The moral-of-the-story clause in your contract is quite clear.
1791,3,5,47,55,1.2,0.0705915362006309,530,"Get to the point, or I'll die of boredom."
1791,1,10,49,60,1.2,0.057243656051933725,530,The Giant requests his knife back!
1791,2,8,50,60,1.2,0.061982319330632654,530,"Damocles cancelled, he's taking an extended vacation."
1791,0,12,48,60,1.2,0.052075564392329535,530,"Well, Your Highness, based on this list of grievances and the size of that dagger, your subjects will terminate your reign tomorrow."
1791,5,2,53,60,1.2,0.07440916048338272,530,"it's from the prince, sir, and it reads FOLLOW SHITTY NEW YORKER CARTOON CAPTIONS ON INSTAGRAM @SHITTYNEWYORKERCARTOONCAPTIONS I FOLLOW BACK LIKE4LIKE NO FAT CHICKS"
1791,1,10,49,60,1.2,0.057243656051933725,530,"Sire, the maintenance crew has been complaining about no petty cash for months. They're out of stain remover and rope."
1791,2,8,50,60,1.2,0.061982319330632654,530,I THINK I followed the instructions correctly...unless.
1791,0,11,44,55,1.2,0.05443310539518172,530,Item 56. Past due life insurance premium.
1791,2,8,50,60,1.2,0.061982319330632654,530,It's from Trump. He wants us to pay for a wall.
1791,3,5,47,55,1.2,0.0705915362006309,530,The sword excaliper was only a loaner. It is overdue and must be returned. Signed: Lady of the Lake
1791,1,10,49,60,1.2,0.057243656051933725,530,Another warning from that damn Ocles!
1791,3,6,51,60,1.2,0.06638357975446148,530,"It's a list of demands, from the Royal Interior Decorator..."
1824,3,8,60,71,1.1971830985915493,0.05889566640314108,530,"OK. Let me read this back: Dear Damocles, in re yours of the fifteenth..."
1825,2,8,51,61,1.1967213114754098,0.061045858114836905,530,"We the below signed, feel that there is a novel or famous quote about to happen."
1825,2,8,51,61,1.1967213114754098,0.061045858114836905,530,Damocles asking for an audience. He's not happy.
1825,1,10,50,61,1.1967213114754098,0.05639280721461829,530,It says 'uneasy lies the head that wears a crown'. It's postmarked Stratford-upon-Avon and is signed 'Damocles'.
1825,2,8,51,61,1.1967213114754098,0.061045858114836905,530,Damocles says you can keep the throne but he'd like his sword back...
1829,3,5,48,56,1.1964285714285714,0.06941145371792481,530,"It's simply a matter of perspective, your Highness."
1829,3,5,48,56,1.1964285714285714,0.06941145371792481,530,"Your majesty, the Lilliputian genealogists have confirmed your suspicions; Gulliver's middle name is indeed 'Damocles'."
1829,2,7,47,56,1.1964285714285714,0.064564690488571,530,"It was either this, Sire, or a giant pony."
1829,1,9,46,56,1.1964285714285714,0.05932325520851263,530,And the new hanging artwork in the throne room is from a Carl Ichan. He hopes you like it.
1829,2,7,47,56,1.1964285714285714,0.064564690488571,530,"Telegram from someone called ""Lady of the Lake."" She's pissed."
1829,2,7,47,56,1.1964285714285714,0.064564690488571,530,"The manual says the ""single strand of horse hair"" was propaganda for the peasants; this rig would support the Queen Mary."
1829,1,9,46,56,1.1964285714285714,0.05932325520851263,530,"The lowest estimate is from Sword Removal Specialists, Ltd of East Dorset, but my cousin says they screwed up the Damaclese job something awful, My Liege."
1829,1,9,46,56,1.1964285714285714,0.05932325520851263,530,"Relax, sir. It's not as big as it looks."
1829,3,5,48,56,1.1964285714285714,0.06941145371792481,530,Mr Damocles has asked for his sword back. He thinks America might need it if Mr Trump wins.
1829,1,9,46,56,1.1964285714285714,0.05932325520851263,530,"Sire, Damocles is running a bit late today."
1829,1,9,46,56,1.1964285714285714,0.05932325520851263,530,"Therefore, we fear the Sword of Damocles is hanging over Pandora's Box."
1829,1,9,46,56,1.1964285714285714,0.05932325520851263,530,"I know that thread is weak, Sire, but there's still another thousand tales to go."
1829,1,9,46,56,1.1964285714285714,0.05932325520851263,530,"M'Lord, 'tis a petition of grievance from the rope makers' quild."
1829,1,9,46,56,1.1964285714285714,0.05932325520851263,530,"Happy Birthday, signed Damoclese."
1829,2,7,47,56,1.1964285714285714,0.064564690488571,530,Damocles goes on to say...
1844,2,6,43,51,1.196078431372549,0.06871143320758917,530,"Mr. Freud says he is interested in your case in principle, but first he would like to know more about your mother."
1845,3,6,53,62,1.1935483870967742,0.06438378811539827,530,"Sire, why can't you use a buzzer like they do on 'America's Got Talent'?"
1845,2,8,52,62,1.1935483870967742,0.06013693908336117,530,"Sword or no sword, Dionysius says if you don't abdicate his throne by the time he returns, he'll cut off your head with an axe."
1847,3,5,49,57,1.1929824561403508,0.06826986702694854,530,"Damocles, stop! You're ignoring the elephant in the room."
1847,2,7,48,57,1.1929824561403508,0.06351541803245206,530,"Oh it's from Dionysius: ""Having a great time. Glad I'm not there!"""
1847,0,11,46,57,1.1929824561403508,0.05273590328947571,530,There are reports of a fray in the Kingdom.
1847,2,7,48,57,1.1929824561403508,0.06351541803245206,530,"When the dagger of truth points east, the trial of Taylor Swift will be upon us."
1847,1,9,47,57,1.1929824561403508,0.05837501102181511,530,Damocles sends his regards for your continued health.
1847,3,5,49,57,1.1929824561403508,0.06826986702694854,530,"Your highness, I can assure you, we are indeed coming to the end of the line."
1847,1,9,47,57,1.1929824561403508,0.05837501102181511,530,Uneasy lies the head that wears a crown during an arms race.
1847,2,7,48,57,1.1929824561403508,0.06351541803245206,530,The new One-Way signs are really working.
1847,1,9,47,57,1.1929824561403508,0.05837501102181511,530,"Your Majesty, Damocles says, ""No thanks."""
1847,3,5,49,57,1.1929824561403508,0.06826986702694854,530,All hail the great sword of compensation.
1847,2,7,48,57,1.1929824561403508,0.06351541803245206,530,They say it's time to cut ties.
1847,3,5,49,57,1.1929824561403508,0.06826986702694854,530,Don't even move a inch or you will be the point of the joke.
1847,2,7,48,57,1.1929824561403508,0.06351541803245206,530,They conclude by suggesting that you take a step back and give yourself more time to think aobut it.
1847,0,11,46,57,1.1929824561403508,0.05273590328947571,530,"So if you and the little serf under your robes stay perfectly still, this trick should get us on America's Got Talent."
1847,2,7,48,57,1.1929824561403508,0.06351541803245206,530,... and may the balance of power rest squarely upon your shoulders.
1847,2,7,48,57,1.1929824561403508,0.06351541803245206,530,"It has been proclaimed that Game of Thrones Season 7 will be cut, Your Majesty."
1847,0,11,46,57,1.1929824561403508,0.05273590328947571,530,Unfortunately for Gustave the old adage only says don't shoot the messenger.
1847,2,7,48,57,1.1929824561403508,0.06351541803245206,530,Donald Trump has sent you a present.
1847,2,7,48,57,1.1929824561403508,0.06351541803245206,530,And may I remind your majesty that those who live by the sword will perish by the sword.
1847,2,7,48,57,1.1929824561403508,0.06351541803245206,530,Message from Down Under reads: That's not a knife...
1847,2,7,48,57,1.1929824561403508,0.06351541803245206,530,"My Lord, they may resort to this nuclear option!"
1847,0,11,46,57,1.1929824561403508,0.05273590328947571,530,"About those proposed cuts, Sire."
1847,2,7,48,57,1.1929824561403508,0.06351541803245206,530,This wasn't what I had in mind when I said that I'd like to be king for a day.
1847,2,7,48,57,1.1929824561403508,0.06351541803245206,530,"The fortune cookie says: "" Sharp ideas are on your mind""......."
1847,2,7,48,57,1.1929824561403508,0.06351541803245206,530,I need a raise
1847,3,5,49,57,1.1929824561403508,0.06826986702694854,530,"The good news, Your Highness: The Queen's order for silverware has arrived ahead of schedule."
1847,3,5,49,57,1.1929824561403508,0.06826986702694854,530,"Dear King of Gaul, Surrender peacefully, Warm regards from nearby, Julius Scissor"
1847,1,9,47,57,1.1929824561403508,0.05837501102181511,530,"It's from King Solomon, sire. He wants to borrow your sword for a case about a baby."
1847,0,11,46,57,1.1929824561403508,0.05273590328947571,530,"Your nephew wishes you well and says ""Break a leg!"""
1876,2,7,49,58,1.1896551724137931,0.06249934809931834,530,"And lastly, we received the invoice from the Brutus Chandelier Company today, Sire."
1876,2,7,49,58,1.1896551724137931,0.06249934809931834,530,"King Damocles, the entree for tonight's 11,435th last meal is beef bourguignon."
1876,2,7,49,58,1.1896551724137931,0.06249934809931834,530,Your royal highness the user agreement says 'seller assumes no responsibility for severe cuts if decoration is hung by a horse tail hair over obsequious pandas'.
1876,1,9,48,58,1.1896551724137931,0.05745613836035109,530,"As your majesty decreed the word ""overcompensation"" has been stricken from the lexicon!"
1876,2,7,49,58,1.1896551724137931,0.06249934809931834,530,"Sire, you might like to get that chandelier repaired."
1876,1,9,48,58,1.1896551724137931,0.05745613836035109,530,"And finally, in spite of the blade being against the rope, the sword is holding up well."
1876,3,5,50,58,1.1896551724137931,0.06716494018753925,530,"Yes, we had ten knighthoods scheduled for today. But for reasons no one understands, none of them have arrived."
1876,3,5,50,58,1.1896551724137931,0.06716494018753925,530,The Quinnipiac poll has you ahead by six points.
1876,2,7,49,58,1.1896551724137931,0.06249934809931834,530,"Sire; there is a ""new saying"": He who sitteth neath the sword; dyeth by the sword."
1876,2,7,49,58,1.1896551724137931,0.06249934809931834,530,The original spam filter.
1876,2,7,49,58,1.1896551724137931,0.06249934809931834,530,"...on the plus side, ye Royal Health Insurance says you'll be covered. Downside is it's an HMO."
1876,2,7,49,58,1.1896551724137931,0.06249934809931834,530,"It appears the XXXL sharpener has been backordered due to Prime Day, Sire."
1876,1,9,48,58,1.1896551724137931,0.05745613836035109,530,"Alas Sire, the Royal Group Policy requires prior approval for any and all sword type injuries."
1876,1,9,48,58,1.1896551724137931,0.05745613836035109,530,I see someone is feeling secure today.
1876,1,9,48,58,1.1896551724137931,0.05745613836035109,530,"And finally, the cable guy had to cancel his visit."
1876,0,11,47,58,1.1896551724137931,0.05192539992843435,530,Dionysius' s interior designer recommends a chandalier instead.
1876,4,3,51,58,1.1896551724137931,0.07152684718308004,530,"It says here sire that 'the pen is mightier than the sword', but under the circumstances, I'm going the your sword."
1876,1,9,48,58,1.1896551724137931,0.05745613836035109,530,Third time. Knife Sharpeners Inc is dunning you.
1876,2,7,49,58,1.1896551724137931,0.06249934809931834,530,The good news is that the sword will be buried with you.
1876,2,7,49,58,1.1896551724137931,0.06249934809931834,530,"Your Highness, Damocles is suggesting a smaller but sharper sword."
1876,2,7,49,58,1.1896551724137931,0.06249934809931834,530,"My Lord, how do you define your manhood."
1876,2,7,49,58,1.1896551724137931,0.06249934809931834,530,... and Damocles sends his warmest greetings...
1876,3,5,50,58,1.1896551724137931,0.06716494018753925,530,Apparently your order for the Enhanced Edition of the movie Sling Blade got a little mixed up.
1876,2,7,49,58,1.1896551724137931,0.06249934809931834,530,"Your Majesty, another baron has declined to be the King-in-Waiting."
1876,2,7,49,58,1.1896551724137931,0.06249934809931834,530,"Thirdly sire, there shall be no sneezing in thy kingdom."
1876,0,11,47,58,1.1896551724137931,0.05192539992843435,530,"First order of business, secure the wires."
1876,3,5,50,58,1.1896551724137931,0.06716494018753925,530,The Nobles say there's no need to make a hasty decision
1876,3,5,50,58,1.1896551724137931,0.06716494018753925,530,"And last but not least,the Queen has a headache."
1876,0,11,47,58,1.1896551724137931,0.05192539992843435,530,"Not to dwell on the first item, would your Highness agree we just scroll ahead?"
1876,2,7,49,58,1.1896551724137931,0.06249934809931834,530,"Yes your highness, I realize the ""Sword of Nerf-ocles"" doesn't sound quite as good as the original metaphor, but for insurance purposes, ..., well , you know."
1876,1,9,48,58,1.1896551724137931,0.05745613836035109,530,"This gift sire, is from a Mr. Damocles."
1876,1,9,48,58,1.1896551724137931,0.05745613836035109,530,Your call is very important to us
1876,1,9,48,58,1.1896551724137931,0.05745613836035109,530,It's from Damocles--he says he'd like it back and he'll refund your ten dollars.
1909,1,8,44,53,1.1886792452830188,0.060576594353292317,530,Care to hear a charming backstory?
1909,2,6,45,53,1.1886792452830188,0.06629640403806238,530,"... the unworthy peasants of Damocles, do humbly suggest that you might consider moving your chair, jez sayin' ..."
1909,4,2,47,53,1.1886792452830188,0.07646301065382784,530,"Sire, Jonathan Swift called. He said, ""No wise man ever wished to be younger"""
1909,3,4,46,53,1.1886792452830188,0.07156048206456342,530,"What do you mean, my chandelier is ostentatious?"
1909,3,4,46,53,1.1886792452830188,0.07156048206456342,530,"Given your denial of payment for installation of the royal sword, we reply, ""What does thy majesty know about rapidly disintegrating jute?"""
1909,1,8,44,53,1.1886792452830188,0.060576594353292317,530,"According to the GOP nominee for president, this ""sword of Damocles,"" is HUGE."
1909,1,8,44,53,1.1886792452830188,0.060576594353292317,530,Occam says: Revenge is the simplest explanation.
1909,1,8,44,53,1.1886792452830188,0.060576594353292317,530,"Does 'abdicate' have one or two C's , sire?"
1909,1,8,44,53,1.1886792452830188,0.060576594353292317,530,"Sire, regarding development of your Highness's newest fearsome weapon, the Royal Council of Smiths has goods news ... and bad news..."
1918,2,5,41,48,1.1875,0.0708124708534365,530,These instructions that came with it try to explain why it doesn't fall off to the left from the way we hung it.
1919,0,11,48,59,1.1864406779661016,0.051138849454651934,530,""" I don't care to split hairs on this"" your majesty."
1919,1,9,49,59,1.1864406779661016,0.0565653202898158,530,"At 9, the season finale of So You Want to be a King -- five stars, Highly Recommended -- followed by the news at 11."
1919,1,9,49,59,1.1864406779661016,0.0565653202898158,530,Your beard trimming is scheduled for sometime later this week.
1919,1,9,49,59,1.1864406779661016,0.0565653202898158,530,Your constituents are wondering: what's the point?
1919,4,3,52,59,1.1864406779661016,0.07037752529977964,530,No word yet on the extra-small codpiece you ordered.
1919,2,7,50,59,1.1864406779661016,0.061514949365445624,530,It's good news. Damocles wants his sword back.
1919,1,9,49,59,1.1864406779661016,0.0565653202898158,530,"It's a letter from Mr. Damocles, Sire."
1919,3,5,51,59,1.1864406779661016,0.0660949508765778,530,It's a letter from Damocles.
1919,1,9,49,59,1.1864406779661016,0.0565653202898158,530,It's an invoice from Damocles
1919,0,11,48,59,1.1864406779661016,0.051138849454651934,530,"Sir, your ""giant slaying"" celebration party is tonite."
1919,2,7,50,59,1.1864406779661016,0.061514949365445624,530,"You have officially been invited to this year's knife fights, and you can bring your own knife."
1919,1,9,49,59,1.1864406779661016,0.0565653202898158,530,"M'lord, you are hereby made to more fully appreciate the meaning of : ""BALANCE of power."""
1919,0,11,48,59,1.1864406779661016,0.051138849454651934,530,Mr. Damocles says thanks but no thanks.
1919,1,9,49,59,1.1864406779661016,0.0565653202898158,530,"This ""Game of Thrones"" is called ""Chicken!"""
1919,5,1,53,59,1.1864406779661016,0.0744140417076308,530,Lord Phillip apologizes for the small hands remark.
1919,3,5,51,59,1.1864406779661016,0.0660949508765778,530,"Slay The Dragon,"" has been overdone. Let's say, "" The King will castrate the Jolly Green Giant at noon in the square. That should bring them in."
1919,3,5,51,59,1.1864406779661016,0.0660949508765778,530,The soothsayer says you don’t have to worry about that until the Ides of March.
1919,2,7,50,59,1.1864406779661016,0.061514949365445624,530,The Royal Messenger's Union is currently on strike for a raise in life expectancy.
1919,3,5,51,59,1.1864406779661016,0.0660949508765778,530,Proud new parents- Lord and Lady Jolly Green are requesting a royal circumcision
1919,1,9,49,59,1.1864406779661016,0.0565653202898158,530,Your subjects decree that the sword be replaced with a bucket of tar and a bag of feathers.
1919,2,7,50,59,1.1864406779661016,0.061514949365445624,530,I will be brief and cut to the chase.
1919,1,9,49,59,1.1864406779661016,0.0565653202898158,530,You have 30 seconds.
1919,0,11,48,59,1.1864406779661016,0.051138849454651934,530,Damocles suggests you don't put it there
1919,2,7,50,59,1.1864406779661016,0.061514949365445624,530,"...and finally, announcing recall #530 for 'Floating Dagger' from Pimp Your Throne..."
1919,1,9,49,59,1.1864406779661016,0.0565653202898158,530,"If the giant scabbard doesn't get here by next week, we coul try moving the throne six inches."
1919,1,9,49,59,1.1864406779661016,0.0565653202898158,530,"It might not be my place to say this but ""Aren't you being a little dramatic?"""
1919,1,9,49,59,1.1864406779661016,0.0565653202898158,530,"This is the Queen's ultimatum: ""Do you share of the household chores, or else!"""
1919,1,9,49,59,1.1864406779661016,0.0565653202898158,530,"It says here that it is a Damien Hirst installation entitled, “Damocles”"
1919,0,11,48,59,1.1864406779661016,0.051138849454651934,530,"And finally, your loyal, adoring subjects request that you continue to look down on everyone and everything."
1919,1,9,49,59,1.1864406779661016,0.0565653202898158,530,There's a HUGE Trump-meets-Damocles caption in here somewhere.
1949,0,10,44,54,1.1851851851851851,0.05335739809593593,530,"You know, a lot of this edict is just boilerplate, so I'll just skip to the end."
1949,2,6,46,54,1.1851851851851851,0.06515087083609597,530,Your predecessor sends his regards and recommends the crown made of titanium.
1949,2,6,46,54,1.1851851851851851,0.06515087083609597,530,"The court jester awaita outside with the giant wheel of cheese, your highness"
1949,2,6,46,54,1.1851851851851851,0.06515087083609597,530,"I'm not sure how big the tension is, but this is the largest we've got."
1949,1,8,45,54,1.1851851851851851,0.05954682150320808,530,Sorry about the wait.
1949,2,6,46,54,1.1851851851851851,0.06515087083609597,530,We hereby declare: the people are mightier than the sword.
1949,2,6,46,54,1.1851851851851851,0.06515087083609597,530,"... and so we'd like to thank you for your consideration. Sincerely yours, the Messenger family."
1949,2,6,46,54,1.1851851851851851,0.06515087083609597,530,"Are you sure you want to put that to a vote, Mr. Cameron?"
1949,2,6,46,54,1.1851851851851851,0.06515087083609597,530,Have you read the privacy statement?
1949,0,10,44,54,1.1851851851851851,0.05335739809593593,530,"Sire, the rope meyvn says your bill is overdue."
1949,1,8,45,54,1.1851851851851851,0.05954682150320808,530,It says here that the chandelier was backordered but Amazon sent the knife instead.
1949,1,8,45,54,1.1851851851851851,0.05954682150320808,530,"OK,Damocles. We'll trade places....Quickly!"
1949,2,6,46,54,1.1851851851851851,0.06515087083609597,530,"And now, the really Good News!"
1949,1,8,45,54,1.1851851851851851,0.05954682150320808,530,Still no endorsement.
1949,0,10,44,54,1.1851851851851851,0.05335739809593593,530,It ain't just my patience that's wearing thin Damocles.
1949,2,6,46,54,1.1851851851851851,0.06515087083609597,530,By my interpretation this warranty covers any and all defects.
1949,1,8,45,54,1.1851851851851851,0.05954682150320808,530,Got a message from Damocles.
1949,0,10,44,54,1.1851851851851851,0.05335739809593593,530,"How's this, your majesty? 'Live by the sword, die by the sword.'"
1949,1,8,45,54,1.1851851851851851,0.05954682150320808,530,"Your Majesty, I'm uncertain if a 'huge cloak' will fix the problem."
1949,4,2,48,54,1.1851851851851851,0.07511497859838032,530,"And then you say: ""“It is time to show the whole world that America is back — bigger, and better and stronger than ever before."""
1949,1,8,45,54,1.1851851851851851,0.05954682150320808,530,It appears you have successfully changed the laws of physics.
1949,0,10,44,54,1.1851851851851851,0.05335739809593593,530,"Good news, sire -- your austerity program has generated a 90% savings on infrastructure alone."
1971,2,5,42,49,1.183673469387755,0.069457747811776,530,"And lastly your majesty ,the Australian government are requesting the return of Mr Dundee,s knife."
1972,0,11,49,60,1.1833333333333333,0.05037523978531016,530,"Keep your hands and arm inside the throne for this one sire, but the blacksmiths union is requesting an audience."
1972,2,7,51,60,1.1833333333333333,0.060560781750670575,530,its from Damocles...
1972,3,5,52,60,1.1833333333333333,0.06505828185300302,530,"They were fresh out of ""cushion of Damocles""."
1972,4,3,53,60,1.1833333333333333,0.06926436160881881,530,"My liege, the King of Sumeria sends you this humble gift and suggests you take the hint."
1972,1,9,50,60,1.1833333333333333,0.05570131537800454,530,"Your point is quite clear, your majesty."
1972,1,9,50,60,1.1833333333333333,0.05570131537800454,530,Please no more cutting remarks.
1972,3,5,52,60,1.1833333333333333,0.06505828185300302,530,Despite its incorrect orientation the weight of the sword alone will kill him.
1979,0,10,45,55,1.1818181818181819,0.05248638810814781,530,"Here is the King’s news, fair and balanced."
1979,1,8,46,55,1.1818181818181819,0.05855101715632098,530,"""Chopped"" has come a long way since it first aired"
1979,1,8,46,55,1.1818181818181819,0.05855101715632098,530,"Why art thou reading so slowly? Pick up the pace, peasant!"
1979,2,6,47,55,1.1818181818181819,0.06404390902685803,530,"Dear King: I am fine. How are you? Is that sword still hanging over you? Love, The Prince."
1979,2,6,47,55,1.1818181818181819,0.06404390902685803,530,Its a commissioned gift from the townspeople in order for the sire to feel more adequate about his tiny package.
1979,2,6,47,55,1.1818181818181819,0.06404390902685803,530,"And by the power vested in me by the Seven Kingdoms, I now pronounce you man and knife."
1979,1,8,46,55,1.1818181818181819,0.05855101715632098,530,Your service contract has expired.
1979,3,4,48,55,1.1818181818181819,0.06910154091509929,530,The president of North Korea says his sword is bigger than yours.
1979,2,6,47,55,1.1818181818181819,0.06404390902685803,530,"So the next line is just a bunch of emojis. Something about scissors, sword, skull and crossbones, a laughing smiley and then a picture of the Trump/Pence logo...? Tis weird, Sire."
1979,0,10,45,55,1.1818181818181819,0.05248638810814781,530,Is this a giant dagger that I see before me?
1979,2,6,47,55,1.1818181818181819,0.06404390902685803,530,"We, the people of Damocles, in order to form a more perfect union..."
1979,4,2,49,55,1.1818181818181819,0.07381343800583884,530,"No duel challenges today, sir."
1979,2,6,47,55,1.1818181818181819,0.06404390902685803,530,"He says the sword is not mightier than the word, but it does have one more letter, sire."
1979,4,2,49,55,1.1818181818181819,0.07381343800583884,530,"Now Sir Donald, the final challenge of our ""So You Think You Can Rule"" competition ..., the recital of ALL of your Tweets."
1979,1,8,46,55,1.1818181818181819,0.05855101715632098,530,"Sire, 'tis a gift from Damocles"
1979,2,6,47,55,1.1818181818181819,0.06404390902685803,530,"Great Damocles, sir, ah, nothing but good news. RUN!"
1979,2,6,47,55,1.1818181818181819,0.06404390902685803,530,""" Please accept this large knife as a gift even though you were unable to supply us with troops for our recent conquest"". Sincerely, King Trump & Family."
1979,0,10,45,55,1.1818181818181819,0.05248638810814781,530,"A ceiling AND a wall? Damocles, you're ahead of your time."
1979,1,6,37,44,1.1818181818181819,0.06720584069874137,530,"It's called branding, Sire."
1979,0,10,45,55,1.1818181818181819,0.05248638810814781,530,When asked if she liked her majesty as more than a friend...'Sword of.'
1979,0,10,45,55,1.1818181818181819,0.05248638810814781,530,Fee-Fi-Fo-Fum! Bring back my dagger or you'll all be done!
1979,1,8,46,55,1.1818181818181819,0.05855101715632098,530,"Finally, Your Highness, Mr. Damocles awaits you."
2001,2,5,43,50,1.18,0.06815348823929464,530,"Sire. The Royal Soothsayer has finalized his calculations. He says you have 24 hours to live. He apologizes for not getting back to you yesterday, but something unexpected cropped up."
2001,1,7,42,50,1.18,0.061875450936307745,530,That would be Damocles with a capital D
2001,2,5,43,50,1.18,0.06815348823929464,530,"I'm not feeling the love, your highness!"
2004,2,6,48,56,1.1785714285714286,0.06297362289056342,530,"From the top, this time in a Cockney accent."
2004,0,10,46,56,1.1785714285714286,0.05164277182008721,530,"I'm sorry, Your Majesty, the correct answer was: ""The Children's Crusade""! One more miss, and you will be in the ""Sword of Damocles Round""!"
2004,3,4,49,56,1.1785714285714286,0.0679339961235429,530,"I said Shakespeare, not shaking spear!"
2004,2,6,48,56,1.1785714285714286,0.06297362289056342,530,Soothsayer says you shall die in this general vicinity your Highness
2004,4,2,50,56,1.1785714285714286,0.07255603681751223,530,"A dispatch from your loyal servant Damocles, your majesty."
2004,0,10,46,56,1.1785714285714286,0.05164277182008721,530,"Sire, it says in our chronicles that your power as king comes from Excaliber, not the Sword of Damocles."
2004,2,6,48,56,1.1785714285714286,0.06297362289056342,530,You must have a very small penis.
2004,3,4,49,56,1.1785714285714286,0.0679339961235429,530,"No, Your Majesty. I still haven't found a better place to hang your sword."
2004,0,10,46,56,1.1785714285714286,0.05164277182008721,530,It says here they call it the sword of dam-that's big-ocles.
2004,2,6,48,56,1.1785714285714286,0.06297362289056342,530,"""Your knights are beginning to wonder what you're compensating for""."
2004,1,8,47,56,1.1785714285714286,0.057587555344989626,530,… and the network is passing on Medieval Cooking Nightmares.
2004,1,8,47,56,1.1785714285714286,0.057587555344989626,530,"Sire, a legal protest from the heirs of Dionysius concerning your name for the sword. They reject ""Damocles,"" but will accept ""Excalibur."""
2004,1,8,47,56,1.1785714285714286,0.057587555344989626,530,Heavy crowns were back-ordered.
2004,1,8,47,56,1.1785714285714286,0.057587555344989626,530,It is the will of the people that you rulexit.
2004,3,4,49,56,1.1785714285714286,0.0679339961235429,530,Damocles insists on its immediate return.
2004,1,8,47,56,1.1785714285714286,0.057587555344989626,530,"Your Highness, this scroll is signed by someone named Damoclese."
2004,2,6,48,56,1.1785714285714286,0.06297362289056342,530,Damocles says you can keep it.
2004,1,8,47,56,1.1785714285714286,0.057587555344989626,530,"Sorry, Macbeth. It says here it IS a dagger."
2004,3,4,49,56,1.1785714285714286,0.0679339961235429,530,And I respectfully withdraw my name from knighthood consideration.
2023,0,8,37,45,1.1777777777777778,0.05763774795025092,530,There are still some kinks in the cutting edge technology you decreed.
2024,2,5,44,51,1.1764705882352942,0.06689694944796853,530,"He's demanding all your gold, your wife, two fast horses and your secret recipe for spit-roasted swan."
2024,0,9,42,51,1.1764705882352942,0.05391265523477457,530,"According to the story Damocles was pandering to his King,Dionysius when---should I go on."
2024,0,9,42,51,1.1764705882352942,0.05391265523477457,530,Having a great time. Wish you were here. Damocles.
2024,2,5,44,51,1.1764705882352942,0.06689694944796853,530,"Be not afraid of greatness: some are born great, some achieve greatness and some have really big intimidating swords made..."
2028,2,6,49,57,1.1754385964912282,0.06193823737472381,530,It says here plowshares. I can't find anything about swords.
2028,1,8,48,57,1.1754385964912282,0.056654910052417636,530,How do you spell chrysanthemum?
2028,1,8,48,57,1.1754385964912282,0.056654910052417636,530,I agree with you Sire. The giant hanging sword is way better than a picture of your mother-in-law.
2028,1,8,48,57,1.1754385964912282,0.056654910052417636,530,Ted Nugent called. He wants his hunting knife back.
2028,2,6,49,57,1.1754385964912282,0.06193823737472381,530,"Your Majesty, your subjects are angered by your gallows humor. They demand that you stop cutting up."
2028,3,4,50,57,1.1754385964912282,0.06680502724442026,530,"""Don't make a move."" It's signed, Damocles"
2028,1,8,48,57,1.1754385964912282,0.056654910052417636,530,Just one word sire... Balance...
2028,2,6,49,57,1.1754385964912282,0.06193823737472381,530,Damocles is reporting a recent burglary.
2028,2,6,49,57,1.1754385964912282,0.06193823737472381,530,After 'compensation' there's nothing written but LOLs.
2028,2,6,49,57,1.1754385964912282,0.06193823737472381,530,I still think the pen is mightier than the sword.
2028,3,4,50,57,1.1754385964912282,0.06680502724442026,530,Yer Majesty I bring ye the greatest news! The first 100 persons to order will get a free 2nd sword of Damocles and a sharpening stone at no extra cost to ye. But ye must act fast!
2028,2,6,49,57,1.1754385964912282,0.06193823737472381,530,Damocles will Brexit !
2028,1,8,48,57,1.1754385964912282,0.056654910052417636,530,"King Dionysius, you've been served."
2028,1,8,48,57,1.1754385964912282,0.056654910052417636,530,Damocles hopes you like his coronation gift to you.
2028,3,4,50,57,1.1754385964912282,0.06680502724442026,530,"Sire, your new queen requires me to explain why she feels misled ..."
2028,2,6,49,57,1.1754385964912282,0.06193823737472381,530,"Your Majesty, Please return the knife I loaned you. It's not fooling anyone anyway. Your friend, The Giant"
2028,2,6,49,57,1.1754385964912282,0.06193823737472381,530,The lady and the tiger both called in sick; this was the best we could do.
2028,1,8,48,57,1.1754385964912282,0.056654910052417636,530,"Your highness, I have a message from Damocles"
2028,2,6,49,57,1.1754385964912282,0.06193823737472381,530,"Signed, your friend Damocles"
2028,1,8,48,57,1.1754385964912282,0.056654910052417636,530,"Continuing on Your Majesty, Chapter 2 of your King Dagger owners manual..."
2028,2,6,49,57,1.1754385964912282,0.06193823737472381,530,The Lords demand you either fall on your sword or...
2028,4,2,51,57,1.1754385964912282,0.07134057808265808,530,"The Queen suggested that hung in this manner, instead of point down, the crossguard can swing down and knock some sense into you instead of the sword killing you."
2028,1,8,48,57,1.1754385964912282,0.056654910052417636,530,The following is a list of demands from the throne room staff.
2028,1,8,48,57,1.1754385964912282,0.056654910052417636,530,"The only woman we could get for Lady Macbeth is 7'6""."
2028,1,8,48,57,1.1754385964912282,0.056654910052417636,530,Snacks will be provided after the PowerPoint presentation.
2028,2,6,49,57,1.1754385964912282,0.06193823737472381,530,... and so we hope you agree that there is no way out of the current budget crisis other than quickly making a king-size cut in one particular area.
2028,1,8,48,57,1.1754385964912282,0.056654910052417636,530,"Sire, in answer to your ‘who died and made you Pope?’ rejoinder, the Pope responds ‘Raise thy royal carcass from that throne and meet me at the cathedral.’"
2028,2,6,49,57,1.1754385964912282,0.06193823737472381,530,"King Leopold writes to say that he selects ""truth"" this round."
2028,2,6,49,57,1.1754385964912282,0.06193823737472381,530,It's supposed to provide a close shave.
2028,1,8,48,57,1.1754385964912282,0.056654910052417636,530,"Your highness, Damocles General Contracting would like to know if you're satisfied with your service."
2028,1,8,48,57,1.1754385964912282,0.056654910052417636,530,Just give me the gist!
2028,0,10,47,57,1.1754385964912282,0.050825312758579586,530,"Sire, we might want to think about re-writing the second act."
2028,1,8,48,57,1.1754385964912282,0.056654910052417636,530,Make Camelot Safe Again.
2028,2,6,49,57,1.1754385964912282,0.06193823737472381,530,"According to the law, Mr. President, Congress gets to decide how big the sword is."
2028,1,8,48,57,1.1754385964912282,0.056654910052417636,530,Damocles sends his regrets that he can't be here to help try out the new model.
2063,0,9,43,52,1.1730769230769231,0.052974522506642974,530,"King Russia installed his, too - and so 'Mutual Assured Destruction' was created"
2063,1,7,44,52,1.1730769230769231,0.05966948841558946,530,"In just a moment, King Solomon, we'll know which half is wiser."
2063,2,5,45,52,1.1730769230769231,0.06568558183307435,530,It's a gift from Domacles. There's no return address.
2063,1,7,44,52,1.1730769230769231,0.05966948841558946,530,"And last but not least, Damocles..."
2063,2,5,45,52,1.1730769230769231,0.06568558183307435,530,"Long story short, it's a Weintraub, not a Damocles."
2063,2,5,45,52,1.1730769230769231,0.06568558183307435,530,"The scabbard appears to be on back order, but it qualifies for free 2-year shipping!"
2063,3,3,46,52,1.1730769230769231,0.07119510849574463,530,The Monty Python troupe left it behind. That damn Cleese thought it would be hilarious.
2063,1,7,44,52,1.1730769230769231,0.05966948841558946,530,The safety inspector suggested something other than rope.
2063,0,9,43,52,1.1730769230769231,0.052974522506642974,530,"There is knife, I mean strife, among your subjects."
2072,1,8,49,58,1.1724137931034482,0.05575164786673556,530,"Per your wishes, sir, all cable ties will be checked next week."
2072,1,8,49,58,1.1724137931034482,0.05575164786673556,530,"The Prince of Wales is asking how you like his gift."""
2072,1,8,49,58,1.1724137931034482,0.05575164786673556,530,The Lady of the Lake wants Excalibur back.
2072,1,8,49,58,1.1724137931034482,0.05575164786673556,530,"Sire, it says it is time to pivot!"
2072,1,8,49,58,1.1724137931034482,0.05575164786673556,530,"a balloon dropping might be a lot prettier, jus sayin"
2072,1,8,49,58,1.1724137931034482,0.05575164786673556,530,"King Severed, be it known that the townspeople of the Parish of Segacity recommend that you moveth thy throne."
2072,1,8,49,58,1.1724137931034482,0.05575164786673556,530,"Your majesty, Inigo Montoya challenges you to a duel."
2072,1,8,49,58,1.1724137931034482,0.05575164786673556,530,"No matter how you slice it, I had better speed up this proclamation."
2072,1,8,49,58,1.1724137931034482,0.05575164786673556,530,King Jack the Knife (he of the trenchant wit).
2072,2,6,50,58,1.1724137931034482,0.06093608879319741,530,More good news Your Majesty!
2072,1,8,49,58,1.1724137931034482,0.05575164786673556,530,"... and for our final demand, a large pair of scissors."
2072,1,8,49,58,1.1724137931034482,0.05575164786673556,530,"I understand, your highness, but the co-op board overruled your renovation plans"
2072,3,4,51,58,1.1724137931034482,0.06571276584476107,530,"Bad news, sire, the chosen one's hands are too small."
2072,2,6,50,58,1.1724137931034482,0.06093608879319741,530,Can't you see I'm under the sword? Hurry up!
2072,0,10,48,58,1.1724137931034482,0.050032844835173236,530,It's a gift from your cousin Damocles.
2072,1,8,49,58,1.1724137931034482,0.05575164786673556,530,"...and finally sire, that young Master Jack is here. He says his ""friend"" needs the dagger back."
2072,2,6,50,58,1.1724137931034482,0.06093608879319741,530,"...and in business news, the guilder continued to gain strength against the florin again yesterday."
2072,3,4,51,58,1.1724137931034482,0.06571276584476107,530,The warranty says nothing about tensile strength.
2072,2,6,50,58,1.1724137931034482,0.06093608879319741,530,"It's from the thread company, Sire. They are recalling this model as there have been some complaints by the survivors from once ruling families."
2072,2,6,50,58,1.1724137931034482,0.06093608879319741,530,It says absolutely no refunds on steak knives.
2072,2,6,50,58,1.1724137931034482,0.06093608879319741,530,The drone prototype is ready your Majesty.
2072,1,8,49,58,1.1724137931034482,0.05575164786673556,530,"By your own orders, your kingdom shall be cut in half."
2072,1,8,49,58,1.1724137931034482,0.05575164786673556,530,It's a revocation of the piece a cord.
2072,2,6,50,58,1.1724137931034482,0.06093608879319741,530,It was knife to know you my lord.
2072,2,6,50,58,1.1724137931034482,0.06093608879319741,530,"'I hear it's one of Damocles' finest, sir.'"
2097,2,5,46,53,1.169811320754717,0.06451701239736683,530,"Here are the options for your last meal, Your Majesty."
2097,0,9,44,53,1.169811320754717,0.05206789873629057,530,"Well, I'll be Goddamocles!"
2097,1,7,45,53,1.169811320754717,0.0586238473980282,530,"Looks like the warranty does not extend to the horsehair, Sire."
2097,1,7,45,53,1.169811320754717,0.0586238473980282,530,Kindly repeat what your scroll says about a royal circumcision !
2097,2,5,46,53,1.169811320754717,0.06451701239736683,530,Delivery from a Mr. Donald Trump
2097,2,5,46,53,1.169811320754717,0.06451701239736683,530,The Back-stabbing Brothers in Arms send greetings my Lord
2097,2,5,46,53,1.169811320754717,0.06451701239736683,530,"From the dungeon, the court jester writes to clarify that he meant to say ""all-conquering sword"" and deeply regrets his reference to ""all-compensating."""
2097,1,7,45,53,1.169811320754717,0.0586238473980282,530,this is a gift from your good friend Damascles.
2097,3,3,47,53,1.169811320754717,0.06991519358205821,530,Do you want it fitted with incandescent or fluorescent bulbs?
2097,1,7,45,53,1.169811320754717,0.0586238473980282,530,"Her Royal Highness says, 'Move your thorn, you stubborn mule!'"
2097,2,5,46,53,1.169811320754717,0.06451701239736683,530,"Sire, the horse whose hair you pulled to hang your sword has lodged a complaint."
2097,0,9,44,53,1.169811320754717,0.05206789873629057,530,The Blacksmith would like to know if you've reconsidered
2097,1,7,45,53,1.169811320754717,0.0586238473980282,530,It is a gift from the King of Prussia who wishes to thank you for the three ton saber.
2097,2,5,46,53,1.169811320754717,0.06451701239736683,530,"Sire, Damocles says thanks but he'll keep his day job."
2097,0,9,44,53,1.169811320754717,0.05206789873629057,530,It's a metaphor. It's not a metaphor. Let me finish.
2097,1,7,45,53,1.169811320754717,0.0586238473980282,530,And now for the post-mortem
2097,0,9,44,53,1.169811320754717,0.05206789873629057,530,read the king protection act so I can revise it
2097,2,5,46,53,1.169811320754717,0.06451701239736683,530,YOUR PROCLAMATION SAYS 'LIVE BY THE SWORD DIE BY THE SWORD'
2097,0,9,44,53,1.169811320754717,0.05206789873629057,530,"Do you want the long or the short version, Sire?"
2097,2,5,46,53,1.169811320754717,0.06451701239736683,530,"Sire, two messages: Damocles called to say thanks, he got your point. And Goliath would like his sword back."
2097,2,5,46,53,1.169811320754717,0.06451701239736683,530,"It starts, Dear Damocles:"
2097,2,5,46,53,1.169811320754717,0.06451701239736683,530,"And last sire is your morning affirmation which says ""today I'm going to embrace everything the universe has coming my way"
2097,0,9,44,53,1.169811320754717,0.05206789873629057,530,"It sayest, Thou art 'compensating'."
2097,2,5,46,53,1.169811320754717,0.06451701239736683,530,A parting gift from your ex-barber.
2121,2,6,51,59,1.1694915254237288,0.05996561635533429,530,Stop reading me stories about this Damocles fellow. My body guards never heard of him.
2121,1,8,50,59,1.1694915254237288,0.054876421247483355,530,Any minute now
2121,2,6,51,59,1.1694915254237288,0.05996561635533429,530,This a petition from Interior Decorators Guild warning you the latest renovation of your throne room was done with scab labor using inferior materials.
2121,1,8,50,59,1.1694915254237288,0.054876421247483355,530,They stopped fearing the axe.
2125,1,7,46,54,1.1666666666666667,0.057613861986001234,530,"My apologies, sire, the latest issue of The Medieval Times predicts the pen will become mightier than the sword."
2125,1,7,46,54,1.1666666666666667,0.057613861986001234,530,"True or false, sire."
2125,2,5,47,54,1.1666666666666667,0.06338902990667025,530,You are here respectfully requested to give up your throne.
2125,1,7,46,54,1.1666666666666667,0.057613861986001234,530,Item 1: Goliath the mature has decided he would like a bris
2125,2,5,47,54,1.1666666666666667,0.06338902990667025,530,"And finally, in this realm, items balance based on length, not mass."
2125,1,7,46,54,1.1666666666666667,0.057613861986001234,530,"Well sire, I wouldn't call it a pressing issue exactly."
2125,2,5,47,54,1.1666666666666667,0.06338902990667025,530,"It's from Damocles, Your Highness. He wants his sword back."
2125,0,9,45,54,1.1666666666666667,0.0511912597361626,530,Do not look to a higher power now.
2125,1,7,46,54,1.1666666666666667,0.057613861986001234,530,The report says there is no evidence of an immediate threat from ground weapons
2125,3,2,43,48,1.1666666666666667,0.074931016344381,530,It is perfectly safe to keep weapons at home.
2125,1,7,46,54,1.1666666666666667,0.057613861986001234,530,"The way his majesty decorates the castle is a cutlery above the rest, writes Moat Monthly."
2125,2,5,47,54,1.1666666666666667,0.06338902990667025,530,"Sir, the Donald says he just wants to win not sit in your seat."
2125,2,5,47,54,1.1666666666666667,0.06338902990667025,530,"All the news is good -- for the 13,978 consecutive day!"
2125,4,1,49,54,1.1666666666666667,0.07359207261412201,530,It's from Damocles' lawyer. He's suing you for patent infringement.
2125,0,9,45,54,1.1666666666666667,0.0511912597361626,530,"Dear King, Really its not like anybody's holding a knife over your head making you agree to anything..."
2125,2,5,47,54,1.1666666666666667,0.06338902990667025,530,"Interesting, it's not about humility at all. It's for cutting ribbons at supermarket openings."
2125,1,7,46,54,1.1666666666666667,0.057613861986001234,530,"Your Royal Highness, I am pleased to inform you that your schedule is rather light tomorrow. 9 o'clock, execution; 10 o'clock burial; 11 o'clock, wake. This leaves your calendar wide open after lunch. Enjoy your day!"
2125,0,9,45,54,1.1666666666666667,0.0511912597361626,530,"They mixed up your order so I revised your speech to read: ""By royal decree, henceforth, the sword shall be mightier than the pen"""
2125,1,7,46,54,1.1666666666666667,0.057613861986001234,530,"Sir Guinness, the Edwards Castle claims to have a 18 ft sword. Do you have your book?"
2125,0,9,45,54,1.1666666666666667,0.0511912597361626,530,"And lastly...it does not appear thy social ""security"" is, uh, not so quite, uh...""secure."""
2125,2,5,47,54,1.1666666666666667,0.06338902990667025,530,"Now Mr. Trump, which of these ridiculous plans would you like us to cancel first?"
2125,2,5,47,54,1.1666666666666667,0.06338902990667025,530,"Begging my Lord's pardon, but Gwendolyn has replied, ""It doesn't offset the other shortcoming."""
2125,1,7,46,54,1.1666666666666667,0.057613861986001234,530,"The sword swallower's union have sent another warning letter, sire."
2125,1,7,46,54,1.1666666666666667,0.057613861986001234,530,Compensating?
2125,2,5,47,54,1.1666666666666667,0.06338902990667025,530,"Hear ye, Hear ye! The Queen hath spoken. ""Stick it to him!"""
2125,1,7,46,54,1.1666666666666667,0.057613861986001234,530,My heir is into feng shui.
2125,2,5,47,54,1.1666666666666667,0.06338902990667025,530,It's in pen and it's all caps.
2125,1,7,46,54,1.1666666666666667,0.057613861986001234,530,"In accordance with the non-proliferation treaty, we hereby surrender our weapon of mass destruction for conversion to plowshares and shovels."
2125,2,5,47,54,1.1666666666666667,0.06338902990667025,530,"Sire, the Black Knight has forged a gigantic shield. The council recommends an even bigger sword."
2125,2,5,47,54,1.1666666666666667,0.06338902990667025,530,"We've heard from Madame Tussaud, your order is on its way."
2125,0,9,45,54,1.1666666666666667,0.0511912597361626,530,"... and the final item of news from the realm, sire, is Gargantua the Giant claims his sword has been stolen."
2125,1,7,46,54,1.1666666666666667,0.057613861986001234,530,Grievance #3 is about compensation issues
2157,0,9,46,55,1.1636363636363636,0.05034317492677622,530,The interior designer found your ideas to be severe.
2157,0,9,46,55,1.1636363636363636,0.05034317492677622,530,"It's from the Pen kingdom, demanding your surrender."
2157,2,5,48,55,1.1636363636363636,0.06229957149539102,530,"Sir, I will inform the barber you are ready"
2157,2,5,48,55,1.1636363636363636,0.06229957149539102,530,Does my butt still look big?
2157,1,7,47,55,1.1636363636363636,0.05663776068232804,530,This is our stabby-chic collection which will be available in the fall.
2157,2,5,48,55,1.1636363636363636,0.06229957149539102,530,"Yes sir, it is from our new castle designer, Damocles. Do you like it?"
2157,1,7,47,55,1.1636363636363636,0.05663776068232804,530,"...and if your are still hearing at this stage, I have to confess I plotted a failed coup."
2157,1,7,47,55,1.1636363636363636,0.05663776068232804,530,"New castle-code calls for emergency sire extinguishers, your majesty"
2157,1,7,47,55,1.1636363636363636,0.05663776068232804,530,Sir Isaac sends his regards.
2157,1,7,47,55,1.1636363636363636,0.05663776068232804,530,The Sword in the Throne.
2157,1,7,47,55,1.1636363636363636,0.05663776068232804,530,its signed: Gordon Knot
2157,1,7,47,55,1.1636363636363636,0.05663776068232804,530,Parliament welcomes your concession regarding Division of Power.
2157,1,7,47,55,1.1636363636363636,0.05663776068232804,530,"The Bureau of Weighty Measures, Sword Suspension Safety Division, hereby certifies His Excellency's Application to be in compliance for a term of 26 fortnights, commencing immediately."
2157,2,5,48,55,1.1636363636363636,0.06229957149539102,530,"Sire, I've been going over the numbers and we can't afford your sword enlargement prescription any longer."
2157,2,5,48,55,1.1636363636363636,0.06229957149539102,530,"Sire, there have been complaints about replacing the big stick you carry..."
2157,0,9,46,55,1.1636363636363636,0.05034317492677622,530,""".... finally, our fromagiere had detemined the Gruyere was harder than usual .... '"
2157,2,5,48,55,1.1636363636363636,0.06229957149539102,530,What do you mean-compensating for anything?
2157,2,5,48,55,1.1636363636363636,0.06229957149539102,530,I see you put up the Trump sword.
2157,0,9,46,55,1.1636363636363636,0.05034317492677622,530,...and the new rope for your giant dagger has been delayed until Tuesday.
2157,2,5,48,55,1.1636363636363636,0.06229957149539102,530,"Sushi, what Sushi?"
2157,1,7,47,55,1.1636363636363636,0.05663776068232804,530,Merlin is coming but Sir Damocles sends his regrets.
2157,2,5,48,55,1.1636363636363636,0.06229957149539102,530,Lord Calder sends his regards.
2157,1,7,47,55,1.1636363636363636,0.05663776068232804,530,"The Royal Stationer can locate no mightier quill, sire."
2157,2,5,48,55,1.1636363636363636,0.06229957149539102,530,That's ok. I'll just speak louder.
2157,3,3,49,55,1.1636363636363636,0.06748805288278815,530,I got tired of the Calder and decided to go Old School.
2157,2,5,48,55,1.1636363636363636,0.06229957149539102,530,"I've been instructed to inform you of this threat on your life, but clearly, the masterminds of this coup don't understand the immutable laws of physics; your life will be spared due to uneven distribution of weight."
2157,2,5,48,55,1.1636363636363636,0.06229957149539102,530,The fire exit is the door to your left.
2157,2,5,48,55,1.1636363636363636,0.06229957149539102,530,Your daughters are proposing a two-state solution.
2157,1,7,47,55,1.1636363636363636,0.05663776068232804,530,"The cleaner says no, she could not find your sword."
2157,1,7,47,55,1.1636363636363636,0.05663776068232804,530,The Queen wants her knife back.
2157,1,7,47,55,1.1636363636363636,0.05663776068232804,530,"The people's pendulum has stopped swinging, sire."
2157,0,9,46,55,1.1636363636363636,0.05034317492677622,530,Word has been going around that you found a replacement for me. Care to respond?
2157,3,3,49,55,1.1636363636363636,0.06748805288278815,530,"Sire, it only deals with the fourth skin."
2157,1,7,47,55,1.1636363636363636,0.05663776068232804,530,A gift from a fellow called Bowie... Jim Bowie.
2157,0,9,46,55,1.1636363636363636,0.05034317492677622,530,Item l: Giant pen . . .
2157,2,5,48,55,1.1636363636363636,0.06229957149539102,530,I feel like this company is moving in the wrong direction.
2157,2,5,48,55,1.1636363636363636,0.06229957149539102,530,"Great news, Mr. Trump! Everyone you've invited to speak at the convention has agreed to it."
2157,1,7,47,55,1.1636363636363636,0.05663776068232804,530,"Rest assured, Your Majesty, there's a money-back guarantee on the rope."
2195,1,6,42,49,1.163265306122449,0.060797833101086655,530,"Sire, there's a Damocles here to see you."
2195,2,4,43,49,1.163265306122449,0.06742934558367009,530,"Your Highness, the people would like for you to switch to a democratic form of government."
2195,1,6,42,49,1.163265306122449,0.060797833101086655,530,Article V states that the King's sword be commensurate to size of King's ego.
2195,2,4,43,49,1.163265306122449,0.06742934558367009,530,"I can assure you, Your Majesty, the Lady indeed understands quality to quantity."
2199,1,7,48,56,1.1607142857142858,0.055693885709118325,530,I hope this cut meets your approval
2199,1,7,48,56,1.1607142857142858,0.055693885709118325,530,The pen is mightier than the sword? Let see!
2199,1,7,48,56,1.1607142857142858,0.055693885709118325,530,"I'm sorry, Your Grace. Damocles.com is not available."
2199,2,5,49,56,1.1607142857142858,0.06124671056253539,530,The manufacturer has issued a recall on the swordeliers.
2199,3,3,50,56,1.1607142857142858,0.0663363415035954,530,You're sure you want to hear the Comments?
2199,3,3,50,56,1.1607142857142858,0.0663363415035954,530,Damocles reports castle cost cutting is above target.
2199,3,3,50,56,1.1607142857142858,0.0663363415035954,530,"President Trump, the packing list here says this is that golden sword you ordered that's been sized for your giant hands..."
2199,1,7,48,56,1.1607142857142858,0.055693885709118325,530,"The council won't approve any spending for new rope, sire."
2199,2,5,49,56,1.1607142857142858,0.06124671056253539,530,"The Queen replies for the King to ""forget it"" and that she shall henceforth refer to place it hangs as the King's ""Man Cave."""
2199,1,7,48,56,1.1607142857142858,0.055693885709118325,530,"Most Honorable King, you are urged to go about your business as usual. It has been determined that the sword of Damocles is but a figment of your lively imagination!"
2199,2,5,49,56,1.1607142857142858,0.06124671056253539,530,"It says, ""the pen is mightier than the sword""."
2199,1,7,48,56,1.1607142857142858,0.055693885709118325,530,Gallop says the people's choice is Off With His Head.
2199,2,5,49,56,1.1607142857142858,0.06124671056253539,530,And the main course is roasted elephant
2199,1,7,48,56,1.1607142857142858,0.055693885709118325,530,"It's the Damocles model 2, Sire. It basically just falls and crushes you."
2199,2,5,49,56,1.1607142857142858,0.06124671056253539,530,"He said here, ""you're hands are too small to yield such a weapon."""
2199,2,5,49,56,1.1607142857142858,0.06124671056253539,530,"Yes, my dear King Damocles, I have registered a complaint with the Acme Corporation about the design flaw in their sword mounting kit."
2199,1,7,48,56,1.1607142857142858,0.055693885709118325,530,"I'm sorry your majesty, Damocles called out sick. Shall I summon a temp?"
2199,1,7,48,56,1.1607142857142858,0.055693885709118325,530,It states you can make one mistake BUT you'll never make a second one!
2199,1,7,48,56,1.1607142857142858,0.055693885709118325,530,Congratulations:You have won a 10 foot Perma-Cut knife.Enjoy it everyday as it hangs over your throne.
2199,1,7,48,56,1.1607142857142858,0.055693885709118325,530,"The studies are in and, contrary to what we told you earlier, it's not a stage prop."
2199,2,5,49,56,1.1607142857142858,0.06124671056253539,530,"Your Royal Highness: I know you have a killer week ahead of you, but..."
2199,1,7,48,56,1.1607142857142858,0.055693885709118325,530,The First Filibuster
2199,2,5,49,56,1.1607142857142858,0.06124671056253539,530,The army says that your sword may be bigger but it's not better.
2199,1,7,48,56,1.1607142857142858,0.055693885709118325,530,It says here it's made of the finest plastic in all the lands.
2199,3,3,50,56,1.1607142857142858,0.0663363415035954,530,"It's a gift from the half wit, Damo-clueless."
2199,1,7,48,56,1.1607142857142858,0.055693885709118325,530,Your Majesty’s back-ordered fork will arrive anon.
2199,2,5,49,56,1.1607142857142858,0.06124671056253539,530,"Henceforth, His Majesty has outlawed gravity"
2199,2,5,49,56,1.1607142857142858,0.06124671056253539,530,It's a recall notice. Apparently it may explode if dropped.
2199,2,5,49,56,1.1607142857142858,0.06124671056253539,530,It says here they were all out of ear poison.
2199,2,5,49,56,1.1607142857142858,0.06124671056253539,530,The Queen is making a swift recovery.
2199,1,7,48,56,1.1607142857142858,0.055693885709118325,530,"The note just says ""Hey, look over here!"""
2199,2,5,49,56,1.1607142857142858,0.06124671056253539,530,Your days are numbered...and so are mine!
2231,1,6,43,50,1.16,0.05965889433663171,530,"If the pen is mightier than the sword, then what is this dam thing hanging behind me for?"
2231,0,8,42,50,1.16,0.05237229365663817,530,"...furthermore, it should be noted, the king has not knighted anyone for years."
2231,0,8,42,50,1.16,0.05237229365663817,530,"Your subjects support it, but the National Dagger Association is opposed. What say you, my liege?"
2231,0,8,42,50,1.16,0.05237229365663817,530,Damocles sends regards.
2231,1,6,43,50,1.16,0.05965889433663171,530,"Your Majesty, the chronicle seeks an answer, 'When does Big and Huge come to be too Big and too Huge?'"
2236,0,9,48,57,1.1578947368421053,0.04872737367223956,530,And the Queen hereby declares her Lordship can perform the first vasectomy if he wishes to have no more children.
2236,2,5,50,57,1.1578947368421053,0.06022864581803467,530,"He said that his name was Damocles, and it is a gift for you, my liege."
2238,0,8,43,51,1.1568627450980393,0.051430890386682374,530,"Unfortunately, your highness, it doesn't include a return address..."
2238,2,4,45,51,1.1568627450980393,0.06491351120488961,530,"Sure it provides shade, but we'll get you a retractable awning!"
2238,2,4,45,51,1.1568627450980393,0.06491351120488961,530,A fellow named Damocles seeks an audience with you.
2238,2,4,45,51,1.1568627450980393,0.06491351120488961,530,"Dionysius cancelled, he's extending his vacation"
2238,1,6,44,51,1.1568627450980393,0.05856150793360032,530,"There are six listings under Dagger Removal, your highness. Do you have a preference?"
2238,1,6,44,51,1.1568627450980393,0.05856150793360032,530,"No, I'm sorry, wrong again. The correct answer was ""Merlin,"" not ""Marvin."""
2238,1,6,44,51,1.1568627450980393,0.05856150793360032,530,the peasants want to know if you are going to raise taxes.
2238,1,6,44,51,1.1568627450980393,0.05856150793360032,530,"As soon as the new king arrives, you will know him."
2238,2,4,45,51,1.1568627450980393,0.06491351120488961,530,"How about this? I, Donald J Trump, Most Holiest Ruler of the Universe and Supreme Negotiator with the Underworld - and let me tell you - I got a tremendous deal . . ."
2238,0,8,43,51,1.1568627450980393,0.051430890386682374,530,"Shave and a haircut, two bits sire."
2238,1,6,44,51,1.1568627450980393,0.05856150793360032,530,Can we keep 'benevolent' in front of your name?
2238,1,6,44,51,1.1568627450980393,0.05856150793360032,530,"It's from Damocles. It says: ""How'd you like the sword I left you?"
2238,1,6,44,51,1.1568627450980393,0.05856150793360032,530,You know what they say about a king with a big sword.
2238,2,4,45,51,1.1568627450980393,0.06491351120488961,530,It's another invitation to a gun fight.
2238,1,6,44,51,1.1568627450980393,0.05856150793360032,530,"...The end user further agrees to use the application strictly in accordance with the Terms and Conditions of said non-transferable, non-exclusive and revocable license agreement..."
2238,0,8,43,51,1.1568627450980393,0.051430890386682374,530,And to your son you've willed your humility and self-confidence.
2254,3,3,52,58,1.1551724137931034,0.06414651699844254,530,"The King begs to know whether you would care to repeat your remark about his hand and foot size, Lord Trumpus."
2254,2,5,51,58,1.1551724137931034,0.05924369135592007,530,What makes you think I censor the news?
2256,0,8,44,52,1.1538461538461537,0.05052227518686043,530,"It says here that it's actually just the dagger of Damocles, Sire."
2256,1,6,45,52,1.1538461538461537,0.05750346166126171,530,"Proclamation: any worthy knight who passes the test of removing this sword, gets the pick of the princesses."
2256,1,6,45,52,1.1538461538461537,0.05750346166126171,530,"Sire I really want to thank you for the opportunity, but I've decided I'm not cut out for your job."
2256,1,6,45,52,1.1538461538461537,0.05750346166126171,530,"Sire, the King's rope maker wishes to assure you that the two ton razor sharp dagger hanging from his rope above your head is completely safe."
2256,1,6,45,52,1.1538461538461537,0.05750346166126171,530,It's from Mr.Occam. He says it's being recalled
2256,2,4,46,52,1.1538461538461537,0.06372437458303955,530,Our wizard reports it's from a 21st Century cybergame
2256,1,6,45,52,1.1538461538461537,0.05750346166126171,530,"True, your majesty, the 'Dagger of Damocles' would have had a nice ring to it"
2256,0,8,44,52,1.1538461538461537,0.05052227518686043,530,A commission from Claus Oldenborg sire.
2256,2,4,46,52,1.1538461538461537,0.06372437458303955,530,"Game of Thrones, season 72."
2256,1,6,45,52,1.1538461538461537,0.05750346166126171,530,"Good news Your Majesty, the custody case is next !"
2256,0,8,44,52,1.1538461538461537,0.05052227518686043,530,And if you get this one wrong...
2256,1,6,45,52,1.1538461538461537,0.05750346166126171,530,"In a word, sire, the Queen says you're nuts"
2256,0,8,44,52,1.1538461538461537,0.05052227518686043,530,"It reads - Dear Damocles, Your loving people wish to bequeath upon you a gift!"
2256,2,4,46,52,1.1538461538461537,0.06372437458303955,530,Your brother did that thing again.
2256,1,6,45,52,1.1538461538461537,0.05750346166126171,530,It says they still can't hear any rattling.
2256,2,4,46,52,1.1538461538461537,0.06372437458303955,530,"King Kong, King of the Jungle called. He wants his knife back."
2256,1,6,45,52,1.1538461538461537,0.05750346166126171,530,It is decreed: we shall be great again.
2256,1,6,45,52,1.1538461538461537,0.05750346166126171,530,"…in choosing the two reigns rule, the King may further end it at any time."
2256,1,6,45,52,1.1538461538461537,0.05750346166126171,530,"Your danger is, Your Majesty, still the most immediate."
2256,2,4,46,52,1.1538461538461537,0.06372437458303955,530,"That's right, King Trump. It says right here it's called the sword of Cruzocles."
2256,1,6,45,52,1.1538461538461537,0.05750346166126171,530,"The Prime Minister has the monopoly on all the chord reinforcing, unfortunately."
2256,2,4,46,52,1.1538461538461537,0.06372437458303955,530,"Having drawn the short straw, I'm here to replace Damocles."
2256,1,6,45,52,1.1538461538461537,0.05750346166126171,530,We've been trying to simplify the plotlines.
2256,1,6,45,52,1.1538461538461537,0.05750346166126171,530,GET THAT FUCKING THING DOWN FROM THERE YOU STUPID CRAZY SHIT
2256,0,8,44,52,1.1538461538461537,0.05052227518686043,530,"Additionally Sire, you can make no more loans from the Royal Treasury"
2256,3,2,47,52,1.1538461538461537,0.06938979556801475,530,"We have hanged one of the older Duggars, you know the head of the Duggar clan, as directed by your minister of over population."
2256,4,0,48,52,1.1538461538461537,0.07462634616502554,530,We've Lived under your Sword for too Long!!!
2256,1,6,45,52,1.1538461538461537,0.05750346166126171,530,And so it is decreed that the king hath grown tired of jokes about over-sized objects.
2284,2,5,52,59,1.152542372881356,0.058290267645485117,530,"Tonight's menu features soup, salad and a thick-cut steak."
2285,1,5,40,46,1.1521739130434783,0.061913070618242964,530,But that's where the urgent message stops... something about 'sworn' or 'swarm'...
2285,3,1,42,46,1.1521739130434783,0.07593151824596947,530,We've cut the armor budget 12% this quarter.
2285,1,5,40,46,1.1521739130434783,0.061913070618242964,530,"Budget cuts, my Lord."
2285,1,5,40,46,1.1521739130434783,0.061913070618242964,530,"And finally...the Queen states she is at the end of her rope in this relationship, and happily sends her condolences in advance of your impending demise."
2289,3,2,48,53,1.150943396226415,0.06812983003793084,530,"Well, besides not funding the budget for roads and bridges infrastructure, no money has been allocated for the rope infrastructure. I'm sure you won't mind that either."
2289,1,6,46,53,1.150943396226415,0.056482695855704056,530,"Sire, your military advisors recommend new technologies to reduce the size of our swords.."
2289,2,4,47,53,1.150943396226415,0.06257782623312075,530,And the gift of the day is from Damecles
2289,0,8,45,53,1.150943396226415,0.049644793545680896,530,"First, let me take a stab at cutting the budget in half, then we'll see about a raise."
2289,2,4,47,53,1.150943396226415,0.06257782623312075,530,"I'm sorry, my liege. But the warranty doesn't cover normal wear and tear."
2289,1,6,46,53,1.150943396226415,0.056482695855704056,530,"Hear ye, hear ye, the king hereby freezes all infrastructure spending for the remainder of his reign."
2289,2,4,47,53,1.150943396226415,0.06257782623312075,530,One huge sword coming right up!
2289,2,4,47,53,1.150943396226415,0.06257782623312075,530,Its a post-Brexit trade deal. England wishes to barter ploughshares for your Highness's sword.
2289,1,6,46,53,1.150943396226415,0.056482695855704056,530,Your audition tape for Game of Thrones was rejected as too trite...
2289,1,6,46,53,1.150943396226415,0.056482695855704056,530,They categorically deny ever having said that you were not the sharpest knife in the drawer.
2289,1,6,46,53,1.150943396226415,0.056482695855704056,530,"And 400 British pounds to fix the fraying rope dangling the large sword above your head, so long as feel that's necessary, Your Excellency."
2289,0,8,45,53,1.150943396226415,0.049644793545680896,530,"It says here: ""Not suitable for children under 5 years old."""
2289,2,4,47,53,1.150943396226415,0.06257782623312075,530,I know it's on my resume but those were my carny days.
2289,2,4,47,53,1.150943396226415,0.06257782623312075,530,THE SWORD IS MIGHTIER THAN THE PEN
2289,1,6,46,53,1.150943396226415,0.056482695855704056,530,"...and lastly, Sire, Camelot Cabling regrets to inform us that...Mercy!"
2289,1,6,46,53,1.150943396226415,0.056482695855704056,530,Damocles would like to see you next.
2289,1,6,46,53,1.150943396226415,0.056482695855704056,530,"And, finally My Lord, your fiefdom received a 2 star rating for the serfs' work to life balance ratio."
2289,0,8,45,53,1.150943396226415,0.049644793545680896,530,"No, Sire, I can't find the number for ""Gordian Knots"""
2289,0,8,45,53,1.150943396226415,0.049644793545680896,530,"You're right, your majesty, nowhere in the charter does it say the sword has to point down."
2289,1,6,46,53,1.150943396226415,0.056482695855704056,530,"Hear ye, hear ye, hear ye, life hangs but by a thread!"
2289,1,6,46,53,1.150943396226415,0.056482695855704056,530,"The last king had a fancy for rather large letters, my lord"
2289,2,4,47,53,1.150943396226415,0.06257782623312075,530,"Behold, the pendulum of death."
2289,1,6,46,53,1.150943396226415,0.056482695855704056,530,"No worries you Trumpness, your opponent has a smaller sword."
2289,1,6,46,53,1.150943396226415,0.056482695855704056,530,"Apologies, Your Highness... the decree sayeth no bathroom breaks."
2289,1,6,46,53,1.150943396226415,0.056482695855704056,530,Oh-and your plan to increase taxes is a non starter!
2289,2,4,47,53,1.150943396226415,0.06257782623312075,530,Sword Control Filibuster
2289,1,6,46,53,1.150943396226415,0.056482695855704056,530,It's from a Lester Damocles. Looking for work. Says he's your cousin?
2289,2,4,47,53,1.150943396226415,0.06257782623312075,530,King Henry VIII unknowingly laid the foundation for Medieval interior design.
2289,0,8,45,53,1.150943396226415,0.049644793545680896,530,"Your majesty, other kingdoms have bigger swords."
2289,1,6,46,53,1.150943396226415,0.056482695855704056,530,"Users Manual. This seemingly ornamental sword is the perfect weapon to dispatch a tyrant. Its center of gravity is such that while the enthroned monarch is looking up at the tip in fear, the handle swings down swiftly to terminate the sovereign."
2289,2,4,47,53,1.150943396226415,0.06257782623312075,530,"You don't speak softly, but the rest of the line about going from a ""big stick"" to a ""huge shiv"" is not plagiarism."
2289,0,8,45,53,1.150943396226415,0.049644793545680896,530,Either submit to periodic inspection of your blacksmith forge or we will be forced to declare war against you for you weapons of mass destruction.
2289,3,2,48,53,1.150943396226415,0.06812983003793084,530,"Said Donaldcles I: 'The sword just got ten feet longer, believe me.'"
2289,2,4,47,53,1.150943396226415,0.06257782623312075,530,"Ok, your Majesty. Do you remember that scene in Spinal Tap?"
2289,2,4,47,53,1.150943396226415,0.06257782623312075,530,"And so, my people, with malice aforethought I do herewith cheerfully abdicate the throne and dagger to my illegitimate nephew, The Donald."
2289,0,8,45,53,1.150943396226415,0.049644793545680896,530,It's from Mr. Damocles. He says he wants his sword back.
2325,1,5,41,47,1.148936170212766,0.06066790909183939,530,(Permanent) Exit Stage Right
2325,0,7,40,47,1.148936170212766,0.05249310253140096,530,"A Mr. Damocles is here to see you, sir"
2325,2,3,42,47,1.148936170212766,0.06786504677504616,530,"""Your Majesty, I've gone to the Weights and Measures lab to have one of these hairs tested for tensile strength, back in an hour."" Signed, Damocles"
2325,1,5,41,47,1.148936170212766,0.06066790909183939,530,Your horoscope says 'Be here now.'
2329,0,8,46,54,1.1481481481481481,0.04879689797371372,530,"The latest poll shows the court jester is leading you 87 per cent to 13 per cent, sire."
2329,1,6,47,54,1.1481481481481481,0.05549729066741694,530,Did I mention how regal you look?
2329,1,6,47,54,1.1481481481481481,0.05549729066741694,530,"Forget I said it starts with a ""K"" and let's try again."
2329,1,6,47,54,1.1481481481481481,0.05549729066741694,530,Am I going too fast for you?
2329,1,6,47,54,1.1481481481481481,0.05549729066741694,530,"I think I need clarification, how much of your beard did you want trimmed again?"
2329,1,6,47,54,1.1481481481481481,0.05549729066741694,530,We have a lot of people that need to be knighted.
2329,1,6,47,54,1.1481481481481481,0.05549729066741694,530,"It's a note from your brother, ""who has a small sword now?"""
2329,2,4,48,54,1.1481481481481481,0.06147162996855134,530,"""Prime will deliver the Sword of Damocles momentarily""."
2329,4,0,50,54,1.1481481481481481,0.07194710091535289,530,"Apologies for the decor, my lord. We Lord Trump would win the election."
2329,0,8,46,54,1.1481481481481481,0.04879689797371372,530,Damocles wishes you long life and happiness.
2329,2,4,48,54,1.1481481481481481,0.06147162996855134,530,"Oh, the shark, babe, has such teeth, dear, and it shows them pearly white."
2329,1,6,47,54,1.1481481481481481,0.05549729066741694,530,I still envy your pension and benefits package.
2329,1,6,47,54,1.1481481481481481,0.05549729066741694,530,"Don't despair, Sire. Come November, there'll be a new Damocles."
2329,1,6,47,54,1.1481481481481481,0.05549729066741694,530,"Your Majesty, the arms budget of the land is more than adequate, but the infrastructure is reported to be sorely neglected."
2329,1,6,47,54,1.1481481481481481,0.05549729066741694,530,"It may feel like we are pressing you for a response and, we are, for after all there is a sword over your head"
2329,0,8,46,54,1.1481481481481481,0.04879689797371372,530,"All of your subjects love you, the Treasury is full, your enemy's cower in fear, the Queen adores you..."
2329,0,8,46,54,1.1481481481481481,0.04879689797371372,530,Can you get to the point before my patience unravels?
2329,1,6,47,54,1.1481481481481481,0.05549729066741694,530,We regret to inform you that your appeal for clemency has been found to have been plagiarized.
2329,0,8,46,54,1.1481481481481481,0.04879689797371372,530,It's from the Sheath Makers' Guild. They're on strike.
2329,0,8,46,54,1.1481481481481481,0.04879689797371372,530,"So the queen wants a divorce, does she? Read the prenup!"
2329,2,4,48,54,1.1481481481481481,0.06147162996855134,530,"It says you should make haste to get yourself a huge pen, Sire."
2329,2,4,48,54,1.1481481481481481,0.06147162996855134,530,"Your majesty, Macbeth suggested upward thinking rather than forward thinking."
2329,2,4,48,54,1.1481481481481481,0.06147162996855134,530,"...and, finally, your subjects think you are compensating too much."
2329,1,6,47,54,1.1481481481481481,0.05549729066741694,530,The prince and the princess... Line! I forgot my line.
2329,1,6,47,54,1.1481481481481481,0.05549729066741694,530,"And finally, Your Majesty, Damocles sends his regrets, but will be unable to occupy your throne this evening."
2329,2,4,48,54,1.1481481481481481,0.06147162996855134,530,The Kingdom of Northumbria petitions that we both cease our escalating arms race.
2329,1,6,47,54,1.1481481481481481,0.05549729066741694,530,They want to know if you'll be Trump's vice president.
2329,2,4,48,54,1.1481481481481481,0.06147162996855134,530,Sir: 1) Guinevere wants to know who's picking up the kids 2) Lancelot is requesting next weekend off 3) Merlin said he thinks he knows where is sword is....
2329,1,6,47,54,1.1481481481481481,0.05549729066741694,530,It's signed Democles !
2329,2,4,48,54,1.1481481481481481,0.06147162996855134,530,"I'm sorry sir, but I have to say it. Either you're preparing for Donald Trump's visit next week, or you're definitely overcompensating for something."
2329,2,4,48,54,1.1481481481481481,0.06147162996855134,530,Why do you have Randy Jackson's autograph on a sword??!
2329,0,8,46,54,1.1481481481481481,0.04879689797371372,530,There's a bit of talk in the kingdom regarding the size of your sword and compensating...
2329,1,6,47,54,1.1481481481481481,0.05549729066741694,530,Pieces imminent your Majesty.
2329,2,4,48,54,1.1481481481481481,0.06147162996855134,530,Your ad will read: King seeks matching fork from Goliath Collector Set manufactured in 352 BC by The Philistine Corp. of South Gaza. Will trade for gold or spare life of choice.
2329,1,6,47,54,1.1481481481481481,0.05549729066741694,530,"We have a Trump asking for his name to be engraved in helvetica caps, my Lord."
2329,3,2,49,54,1.1481481481481481,0.06691467186318137,530,"Sire, after your spat last night, the Queen hath ordered extra security over the royal jewels."
2329,1,6,47,54,1.1481481481481481,0.05549729066741694,530,"Please don't kill me, Sire. I only bring a message from Damocles."
2329,2,4,48,54,1.1481481481481481,0.06147162996855134,530,It's from Damocles. He says he can't make it tonight; his horse was stolen.
2329,0,8,46,54,1.1481481481481481,0.04879689797371372,530,"Good news, your highness. The sword is just a theory."
2329,1,6,47,54,1.1481481481481481,0.05549729066741694,530,It was a dark and stormy night.
2329,1,6,47,54,1.1481481481481481,0.05549729066741694,530,Your interior designer has sold his life insurance business
2370,1,5,42,48,1.1458333333333333,0.059471544937141164,530,The Chairman of the Royal Pen Company strongly urges you to negotiate.
2370,0,7,41,48,1.1458333333333333,0.05148145136372289,530,"As you predicted, Damocles is a no-show."
2370,1,5,42,48,1.1458333333333333,0.059471544937141164,530,King Leopoldo says that his is bigger than yours.
2370,1,5,42,48,1.1458333333333333,0.059471544937141164,530,"Well, they never said I couldn't stab the messenger, did they?"
2370,2,3,43,48,1.1458333333333333,0.06650856696625959,530,I'm afraid it's frayed and Lancelot will not knot it and suggests you move your lazy ass.
2370,1,5,42,48,1.1458333333333333,0.059471544937141164,530,How did you get that out of The Stone?
2370,2,3,43,48,1.1458333333333333,0.06650856696625959,530,Fee Fi Fo Fum
2370,1,5,42,48,1.1458333333333333,0.059471544937141164,530,Your rival wishes to apologize for his 'small hands' remark.
2370,1,5,42,48,1.1458333333333333,0.059471544937141164,530,Where's the point?
2370,2,3,43,48,1.1458333333333333,0.06650856696625959,530,It's a letter from Damocles. He's at the end of his rope and needs his sword back.
2370,0,7,41,48,1.1458333333333333,0.05148145136372289,530,"Hear ye, Hear ye. From henceforth, the King will be called King Mack!"
2370,0,7,41,48,1.1458333333333333,0.05148145136372289,530,"Simply put, the kingdoms weapons budget is bankrupt."
2382,0,8,47,55,1.1454545454545455,0.04797713974560777,530,All windows must be closed until further notice.
2382,1,6,48,55,1.1454545454545455,0.05454545454545457,530,We retained the drama. The tungsten still looks like a hair.
2382,1,6,48,55,1.1454545454545455,0.05454545454545457,530,"It sayth, ""Please sire, your boots are unlaced . . ."""
2382,1,6,48,55,1.1454545454545455,0.05454545454545457,530,"And finally, Olaf the Giant demands the return of his sword."
2382,1,6,48,55,1.1454545454545455,0.05454545454545457,530,"The polls say the sword is fine, but you could walk a little softer."
2382,1,6,48,55,1.1454545454545455,0.05454545454545457,530,"Looks like we better put a ""RUSH"" on this edict, Sire."
2382,1,6,48,55,1.1454545454545455,0.05454545454545457,530,Have a great day and enjoy life to the fullest.
2382,2,4,49,55,1.1454545454545455,0.06040370257667094,530,"The decree now reads, 'Henceforth, all subjects shall become Jewish.' Last chance, are you absolutely sure?"
2382,1,6,48,55,1.1454545454545455,0.05454545454545457,530,Your neighbor wishes to recommence fracking.
2382,1,6,48,55,1.1454545454545455,0.05454545454545457,530,"That's all Your Highness, let's plan next month if we get there."
2382,0,8,47,55,1.1454545454545455,0.04797713974560777,530,Gulliver bequeathed it to you.
2382,1,6,48,55,1.1454545454545455,0.05454545454545457,530,"Prior, the King had no idea of a Royal Pain."
2382,0,8,47,55,1.1454545454545455,0.04797713974560777,530,"Your Highness, I just got the report from Rope QA/QC -- you're gonna want to be sitting down for this."
2382,2,4,49,55,1.1454545454545455,0.06040370257667094,530,"No, your highness, ""Crocodile"" Dundee's lawyer has not responded yet."
2382,2,4,49,55,1.1454545454545455,0.06040370257667094,530,"Sir, as requested, binge watching of GoT has now been banned."
2382,1,6,48,55,1.1454545454545455,0.05454545454545457,530,Don Trump has made an offer for your kingdom that he says you can't refuse.
2382,1,6,48,55,1.1454545454545455,0.05454545454545457,530,Tell me when you've found the name of the interior designer. Let's just say that they are in big trouble.
2382,0,8,47,55,1.1454545454545455,0.04797713974560777,530,"It says here, your Highness, that it's from someone named Macbeth."
2382,1,6,48,55,1.1454545454545455,0.05454545454545457,530,"I know that you are not one to make a decision based on fear, but just look at Damacles' track record."
2382,1,6,48,55,1.1454545454545455,0.05454545454545457,530,"Whereas, we your vassals and serfs get your point, we acknowledge size does matter and pledge our allegiance on this first ballot"
2382,1,6,48,55,1.1454545454545455,0.05454545454545457,530,He said lose the sword and you got a deal.
2382,1,6,48,55,1.1454545454545455,0.05454545454545457,530,And there's this from Damocles...
2382,0,8,47,55,1.1454545454545455,0.04797713974560777,530,Let it be on your head
2382,1,6,48,55,1.1454545454545455,0.05454545454545457,530,WHAT IF WE GET THE IDEA OUT THERE THAT THE PEN IS MIGHTIER THAN THE SWORD?
2382,0,8,47,55,1.1454545454545455,0.04797713974560777,530,Before I read the vote on banning weapons in the monarchy...I humbly request a bathroom break.
2407,1,5,43,49,1.1428571428571428,0.05832118435198043,530,Damocles demands your daughter's hand.
2407,2,4,50,56,1.1428571428571428,0.059372101042402405,530,"Sire, Your reign is over."
2407,0,7,42,49,1.1428571428571428,0.050507627227610534,530,"Sire, Damocles is next."
2407,2,4,50,56,1.1428571428571428,0.059372101042402405,530,It says here that the Sword of Damocles is an old wives tale and myth.
2407,1,5,43,49,1.1428571428571428,0.05832118435198043,530,And further proclaim that the boys' choir as enough altos.
2407,2,3,44,49,1.1428571428571428,0.06520506636966264,530,Here is your official decree endorsing Donald Trump.
2407,1,5,43,49,1.1428571428571428,0.05832118435198043,530,"Henceforth, the King shall rule at the mercy of that rope up there...that appears to be fraying."
2407,0,7,42,49,1.1428571428571428,0.050507627227610534,530,"The big sword IS cool, your majesty; however, we think a big pen would play much better, especially among the revolting peasents."
2407,1,5,43,49,1.1428571428571428,0.05832118435198043,530,Did you want to reschedule your meeting with Damocles for earlier?
2407,2,3,44,49,1.1428571428571428,0.06520506636966264,530,"FYI that is not a dagger you see before you. Warmest wishes, Macbeth."
2407,0,7,42,49,1.1428571428571428,0.050507627227610534,530,"King Leo writes to say, ""Mine is bigger than yours."""
2407,0,7,42,49,1.1428571428571428,0.050507627227610534,530,"It says his name is Damocles, sire, and he brings news from Greece."
2407,1,5,43,49,1.1428571428571428,0.05832118435198043,530,Your present from Damocles should arrive today.
2407,1,5,43,49,1.1428571428571428,0.05832118435198043,530,"... and for dessert tonight, we have a gigantic chocolate layer cake."
2407,0,7,42,49,1.1428571428571428,0.050507627227610534,530,The one-year limited warranty excludes using it as a guillotine.
2407,0,7,42,49,1.1428571428571428,0.050507627227610534,530,A stitch in time saves Thine.
2423,2,4,51,57,1.1403508771929824,0.05837501102181511,530,"My King, the Great Big Birthdsy Cake has finally arrived."
2424,1,5,44,50,1.14,0.057214241127145085,530,It's a gift from a Mr. Damocles.
2424,0,7,43,50,1.14,0.04956957592256419,530,"Hear ye, Hear Ye, to the former King of Bishel"
2424,1,5,44,50,1.14,0.057214241127145085,530,"Your Highness, Macbeth is here to see you!"
2424,1,5,44,50,1.14,0.057214241127145085,530,The decorator thought we should go for the Sword of Damocles look.
2424,0,7,43,50,1.14,0.04956957592256419,530,You have one more guess before the blade comes down.
2424,1,5,44,50,1.14,0.057214241127145085,530,Now no one wants the Iron Throne
2424,0,7,43,50,1.14,0.04956957592256419,530,These are our non-negotiable demands.
2424,1,5,44,50,1.14,0.057214241127145085,530,"Henceforth her majesty shall hold court in her chambers, hashtag not a drama queen."
2424,0,7,43,50,1.14,0.04956957592256419,530,"Your Highness, Lord Damocles presents this gift of tribute..."
2424,1,5,44,50,1.14,0.057214241127145085,530,The latest polls suggest that the Sword of Damocles is an ineffective coup deterrent.
2424,3,1,46,50,1.14,0.07004371812646434,530,"...and the Queen left a message that she is at the end of her rope and good look with Excalibur, whatever that means."
2424,1,5,44,50,1.14,0.057214241127145085,530,I just get this odd feeling that someone is trying to hurt me.
2424,1,5,44,50,1.14,0.057214241127145085,530,"""I suggest you don't say only I can fix it""."
2424,0,7,43,50,1.14,0.04956957592256419,530,Your Round Table has sent you a message.
2424,1,5,44,50,1.14,0.057214241127145085,530,"There's a ""Damocles,"" waiting in the lobby."
2424,0,7,43,50,1.14,0.04956957592256419,530,"Yes, Sire, it seems to be a gift from some chap named Damocles."
2424,2,3,45,50,1.14,0.06395151224456967,530,"..and last but not least Sire, I would like to add that your request for a rope replacement cannot be fulfilled.."
2424,2,3,45,50,1.14,0.06395151224456967,530,"I've checked twice your majesty; it can't be returned for being ""too great and awesome."""
2424,2,3,45,50,1.14,0.06395151224456967,530,"Not fazed, eh? A sword is too cliche, you say. Ok, Damocles, ok. Now suppose I were to beat that sword into a plowshare? Yep. A clunky, CRIPPLING plowshare. How 'bout THAT for symbolism dangling over your head!? - or so says this redemption clause."
2424,2,3,45,50,1.14,0.06395151224456967,530,M. Guillotin’s instructions just say suspend a giant blade.
2424,1,5,44,50,1.14,0.057214241127145085,530,"According to this, Sire, ‘Damocles was an obsequious courtier in the court of Dionysius II of Syracuse, 4th-century BC.’"
2424,0,7,43,50,1.14,0.04956957592256419,530,"Your Majesty, I get the point but..."
2424,1,5,44,50,1.14,0.057214241127145085,530,"I'm no court jester, but I've seen more secure lines at the Watergate Hotel."
2424,0,7,43,50,1.14,0.04956957592256419,530,"Hear ye, hear ye! Reality Kingdom is about to begin"
2424,2,3,45,50,1.14,0.06395151224456967,530,We hereby let you eat cake.
2424,2,3,45,50,1.14,0.06395151224456967,530,"Say the secret word, something you find around the castle, then the bonus sword is yours."
2424,2,3,45,50,1.14,0.06395151224456967,530,The peasants are sick of sushi your Majesty.
2451,1,5,45,51,1.1372549019607843,0.05614831789520141,530,"It is imperative that you use black ink, not blue ink, when completing this questionnaire."
2451,1,5,45,51,1.1372549019607843,0.05614831789520141,530,The Imp sends his regards.
2451,0,7,44,51,1.1372549019607843,0.048665386847023,530,"Your majesty, the request from last month for additional rope still looms above you"
2451,0,7,44,51,1.1372549019607843,0.048665386847023,530,Thankfully our kingdom is based on an orderly succession.
2451,0,7,44,51,1.1372549019607843,0.048665386847023,530,Damocles says he would like to give it a try.
2451,1,5,45,51,1.1372549019607843,0.05614831789520141,530,"My Liege, the Royal Sharpener insists there is no need for Your Highness to vacate the throne."
2451,2,3,46,51,1.1372549019607843,0.06274509803921571,530,"Unfortunately, Macbeth's dagger is not only real, it's way bigger than we figured."
2451,1,5,45,51,1.1372549019607843,0.05614831789520141,530,Ye Olde Proclamation Addressing the Ridiculous Rumors of the King Being Suicidal...
2451,2,3,46,51,1.1372549019607843,0.06274509803921571,530,Damocles would like to know how you like the sword he gave you.
2451,0,7,44,51,1.1372549019607843,0.048665386847023,530,"No, Sire, you did not decree that the rope be replaced until next year."
2451,0,7,44,51,1.1372549019607843,0.048665386847023,530,"It seems Excalibur has been completed, your highness, however I think they misread the schematics."
2451,0,7,44,51,1.1372549019607843,0.048665386847023,530,"A well regulated Militia, being necessary to the security of a free State, the right of the people to keep and bear Arms, shall not be infringed."
2451,0,7,44,51,1.1372549019607843,0.048665386847023,530,...and endorse Hillary before the Convention.
2451,1,5,45,51,1.1372549019607843,0.05614831789520141,530,"At the current enrichment rate, we are 3 to 5 years from an A-bomb of Damocles."
2451,0,7,44,51,1.1372549019607843,0.048665386847023,530,Let's sue this guy Damocles.
2451,1,5,45,51,1.1372549019607843,0.05614831789520141,530,"Are you sure those cuts are wise, your grace? The Throne Room Security budget is already rather threadbare."
2451,1,5,45,51,1.1372549019607843,0.05614831789520141,530,"""Did you mean, sire, that sword for a pen?"
2451,0,7,44,51,1.1372549019607843,0.048665386847023,530,Damocles regrets to inform your Majesty that he will not be able to accept your kind and generous invitation.
2451,0,7,44,51,1.1372549019607843,0.048665386847023,530,"The knife is from ""mom's new favorite""."
2451,0,7,44,51,1.1372549019607843,0.048665386847023,530,"Sir, Groucho says 'You Bet Your Life!' Say the magic word and win 100 dollars!"
2451,0,7,44,51,1.1372549019607843,0.048665386847023,530,It's non-refundable after 30 days.
2451,0,7,44,51,1.1372549019607843,0.048665386847023,530,So many wannabees would take the throne of Damocles.
2451,3,1,47,51,1.1372549019607843,0.06871143320758917,530,Decree: All male elephants must be circumcised.
2451,1,5,45,51,1.1372549019607843,0.05614831789520141,530,Apparently you earned enough points from last week's pillaging to unlock the Megashield of Damocles.
2451,2,3,46,51,1.1372549019607843,0.06274509803921571,530,The Queen demands you get out of her chair and put her crown back.
2451,1,5,45,51,1.1372549019607843,0.05614831789520141,530,Is it sharp?
2451,0,7,44,51,1.1372549019607843,0.048665386847023,530,Royals 'R' Us is having a sale on Kevlar crowns.
2451,3,1,47,51,1.1372549019607843,0.06871143320758917,530,"Let it be known that ""Harold the Soft Spoken"" is now ""Harold the Unusually Large Handed""."
2451,1,5,45,51,1.1372549019607843,0.05614831789520141,530,"Sir, I think Damocles is looking for something"
2451,2,3,46,51,1.1372549019607843,0.06274509803921571,530,"...and further more, the contractor regrets the attachment of the super-sword isn't sufficient."
2451,1,5,45,51,1.1372549019607843,0.05614831789520141,530,"Sire, Cicero is suing you for copyright infringement."
2451,0,7,44,51,1.1372549019607843,0.048665386847023,530,"Sire, you have it backwards. It won't be my head."
2451,0,7,44,51,1.1372549019607843,0.048665386847023,530,"There's a PS. ""Don't make me come over there and take it back."""
2451,1,5,45,51,1.1372549019607843,0.05614831789520141,530,"Your rule is hanging by s thread , Sire."
2485,1,4,39,44,1.1363636363636365,0.06161077006722115,530,"Oh yes, sir. King Damocles was very insistent about the sword."
2485,0,6,38,44,1.1363636363636365,0.05233358898302985,530,"Squire, I still can't understand how the knife is held up by a single rope. Read me today's physics paper."
2487,0,5,32,37,1.135135135135135,0.05697797585888971,530,To Be or not to Be
2488,0,7,45,52,1.1346153846153846,0.04779328093727965,530,"Following directions, sire, vertical is the point."
2488,3,1,48,52,1.1346153846153846,0.06742878570509606,530,"His Majesty, therefore, has proven once and for all that the sword is mightier than the pen."
2488,2,3,47,52,1.1346153846153846,0.0615832227858564,530,It's from someone named Malcolm Gladwell.
2488,1,5,46,52,1.1346153846153846,0.055121189353288455,530,Damocles sends his regards.
2488,1,5,46,52,1.1346153846153846,0.055121189353288455,530,"It says, ""beware of the Sword of Damocles."""
2488,2,3,47,52,1.1346153846153846,0.0615832227858564,530,...and Donald Trump wants to know if your majesty likes the sword he sent you.
2488,1,5,46,52,1.1346153846153846,0.055121189353288455,530,"Two halves make a whole, right?"
2488,2,3,47,52,1.1346153846153846,0.0615832227858564,530,"Request to send in your future son-in-law, Your Majesty."
2488,0,7,45,52,1.1346153846153846,0.04779328093727965,530,... Signatories pledge to work towards complete disarmament and an end to the armaments race.
2488,1,5,46,52,1.1346153846153846,0.055121189353288455,530,"""My keen knife see not the wound it makes."" Gosh, Shakespeare's confusing."
2488,1,5,46,52,1.1346153846153846,0.055121189353288455,530,"Your Majesty, it's not legal to open-carry your sword."
2488,2,3,47,52,1.1346153846153846,0.0615832227858564,530,"Next on the agenda, I recommend that you fire the decorator for being a bit too cliché."
2488,0,7,45,52,1.1346153846153846,0.04779328093727965,530,Don't worry. Waterboarding is strictly prohibited.
2488,1,5,46,52,1.1346153846153846,0.055121189353288455,530,"....and so your presence, is therefore requested at the Game of Thrones Red Wedding."
2488,1,5,46,52,1.1346153846153846,0.055121189353288455,530,"Yes, go on, you were saying something about the pen being mightier...really?"
2488,2,3,47,52,1.1346153846153846,0.0615832227858564,530,"And finally, the court jester requests a moment of your time."
2488,1,5,46,52,1.1346153846153846,0.055121189353288455,530,"Your liege, Damocles wants his sword back."
2488,1,5,46,52,1.1346153846153846,0.055121189353288455,530,It's from Damocles. He's had second thoughts.
2488,0,7,45,52,1.1346153846153846,0.04779328093727965,530,Dionysus says you're not allowed to scoot the throne.
2488,1,5,46,52,1.1346153846153846,0.055121189353288455,530,To: King Lear. From: W. Shakespeare. Subject: Ratings: Our ratings doth wallow in the dust.
2488,0,7,45,52,1.1346153846153846,0.04779328093727965,530,I do not believe that human activity is causing these dramatic changes to our climate the way these scientists are portraying it.
2488,1,5,46,52,1.1346153846153846,0.055121189353288455,530,"So, the huge sword did arrive, but I'm afraid the the uneasiness is on backorder along with the humility and self-reflection."
2488,2,3,47,52,1.1346153846153846,0.0615832227858564,530,"Your new sword is here, Prime Minister Cameron."
2488,1,5,46,52,1.1346153846153846,0.055121189353288455,530,Prescience
2488,1,5,46,52,1.1346153846153846,0.055121189353288455,530,The king of Spain says he has a pen he'd like to show you.
2488,0,7,45,52,1.1346153846153846,0.04779328093727965,530,"Your Majesty, Damocles sends his warm regards and adds that there is a fine balance as well as a thin sharp edge between life and death."
2488,2,3,47,52,1.1346153846153846,0.0615832227858564,530,All decrees shall be observed at ye’s beheadst.
2488,2,3,47,52,1.1346153846153846,0.0615832227858564,530,"Paul Bunyan is plotting his revenge, sire."
2488,1,5,46,52,1.1346153846153846,0.055121189353288455,530,I'm with stupid.
2488,2,3,47,52,1.1346153846153846,0.0615832227858564,530,They want to know if you endorse Trump or simply support him.
2488,2,3,47,52,1.1346153846153846,0.0615832227858564,530,"'Heavy, heavy, hangs over thy head. . . '"
2488,1,5,46,52,1.1346153846153846,0.055121189353288455,530,"For this trick to work, both of you have to stay perfectly still for the next few days."
2488,1,5,46,52,1.1346153846153846,0.055121189353288455,530,I can see the end!
2488,2,3,47,52,1.1346153846153846,0.0615832227858564,530,The king was stranded on the throne.
2488,2,3,47,52,1.1346153846153846,0.0615832227858564,530,"...And that Mr Damocles has been in touch again, Sire, to ask if we're sure we haven't seen his missing item..."""
2488,1,5,46,52,1.1346153846153846,0.055121189353288455,530,"The Sword of Damn Old Cheese could, of course, melt."
2488,0,7,45,52,1.1346153846153846,0.04779328093727965,530,They've rejected your proposal of trial by combat.
2488,0,7,45,52,1.1346153846153846,0.04779328093727965,530,"Sire, may I opine why the people no longer call you 'Ethelrod the Kind?...'"
2488,1,5,46,52,1.1346153846153846,0.055121189353288455,530,"Your Highness, it's another notice from OSHA about the working conditions around here. Some guy named Damocles keeps complaining."
2488,0,7,45,52,1.1346153846153846,0.04779328093727965,530,Cut to the chase.
2488,1,5,46,52,1.1346153846153846,0.055121189353288455,530,"To be known as the King - Mightier - Than - The - Sword , hide the Wizard's magnet and cut the rope."
2488,2,3,47,52,1.1346153846153846,0.0615832227858564,530,You are the best king ever. I know what happened to that page who disagreed with my evaluation!
2488,0,7,45,52,1.1346153846153846,0.04779328093727965,530,"In conclusion, there will be 'huge' consequences for any citizen opposing the Wall."
2488,1,5,46,52,1.1346153846153846,0.055121189353288455,530,"Damocles writes, ""Please keep the sword and the crown, after all."""
2488,1,5,46,52,1.1346153846153846,0.055121189353288455,530,I like the way you have featured Excaliber
2488,1,5,46,52,1.1346153846153846,0.055121189353288455,530,"King Henry VIII, I Think your first wife is back to haunt you."
2488,1,5,46,52,1.1346153846153846,0.055121189353288455,530,Good News Sire - The horsehair comes from a thoroughbred!
2488,2,3,47,52,1.1346153846153846,0.0615832227858564,530,"Where's your sling and stone now? Your old pal, G."
2488,2,3,47,52,1.1346153846153846,0.0615832227858564,530,"Your Majesty,David returns Goliath's sword so you remember this day."
2488,1,5,46,52,1.1346153846153846,0.055121189353288455,530,"The royal barber writes: ""Sire, I have devised a new scheme to deal with your fly-away beard hair."""
2488,1,5,46,52,1.1346153846153846,0.055121189353288455,530,"Sharpening instructions, Your Honer."
2539,0,6,39,45,1.1333333333333333,0.05124707431905384,530,"With all due respect sir, I would not make a decision about the repair based on a poll of your subjects."
2539,0,6,39,45,1.1333333333333333,0.05124707431905384,530,Good thing we got Amazon Prime!
2539,0,6,39,45,1.1333333333333333,0.05124707431905384,530,The people say your metaphorical conscience isn't cutting it.
2539,0,6,39,45,1.1333333333333333,0.05124707431905384,530,"The point which I'm trying to make is that I don't want to be in the line of succession, because I don't want to see that hanging over me."
2539,1,4,40,45,1.1333333333333333,0.06030226891555274,530,A slice of life
2544,0,7,46,53,1.1320754716981132,0.04695159976668159,530,"Sir, this is the final question, all your competitors hope you make the final cut."
2544,1,5,47,53,1.1320754716981132,0.05413078722488102,530,Be aware that my new time-management system has an automatic cut-off period.
2544,1,5,47,53,1.1320754716981132,0.05413078722488102,530,The chef has prepared [gulp] swordfish.
2544,2,3,48,53,1.1320754716981132,0.06046347269649694,530,"""Prince Theo says, 'While I'm deeply honored by your offer of the throne, I regret that my current schedule is just jam packed.'''"
2544,2,3,48,53,1.1320754716981132,0.06046347269649694,530,"I'm just the messenger, the Queen has run off with a young knight."
2544,1,5,47,53,1.1320754716981132,0.05413078722488102,530,"Sire, the polling results of the citizenry absolutely confirm that you are a wise and courageous man who cares more about his people than his own well-being."
2544,2,3,48,53,1.1320754716981132,0.06046347269649694,530,Is he still worth two in the bush?
2544,2,3,48,53,1.1320754716981132,0.06046347269649694,530,Damocles accepts the raise.
2544,1,5,47,53,1.1320754716981132,0.05413078722488102,530,"The King of Clubs has requested your presence, along with 3 Queens, Your Highness."
2544,0,7,46,53,1.1320754716981132,0.04695159976668159,530,Mr. Damocles had to cancel his appointment.
2544,1,5,47,53,1.1320754716981132,0.05413078722488102,530,"A brief epistle from Dionysius. It reads ""You're a doofus, Damocles. I can't believe you fell for this setup, dork."""
2544,1,5,47,53,1.1320754716981132,0.05413078722488102,530,We couldn't find the sword of Damocles your majesty.
2544,1,5,47,53,1.1320754716981132,0.05413078722488102,530,"""No worries. It's not the sword of Damacles."" ""No worries. It's not the sword of Damacles."" Gaye Fontoura, Mahwah, NJ"
2544,1,5,47,53,1.1320754716981132,0.05413078722488102,530,wn The legions like your idea of testing the new hardware
2544,1,5,47,53,1.1320754716981132,0.05413078722488102,530,"High fives, O King, and don't leave me hanging!"
2544,1,5,47,53,1.1320754716981132,0.05413078722488102,530,"Your majesty, George R. R. Martin has sent a gift for your recent coronation."
2544,1,5,47,53,1.1320754716981132,0.05413078722488102,530,"Our wizards call it ""shaving"", Sire."
2544,1,5,47,53,1.1320754716981132,0.05413078722488102,530,"Last slice of life, Sire"
2544,1,5,47,53,1.1320754716981132,0.05413078722488102,530,Your ex- wife hopes the sword falls on you.
2544,1,5,47,53,1.1320754716981132,0.05413078722488102,530,You must indicate that you agree to the terms set forth before proceeding to the next step.
2544,2,3,48,53,1.1320754716981132,0.06046347269649694,530,"....Finally, Lancelot requests your signature on the castle deeds immediately, sire!"
2544,0,7,46,53,1.1320754716981132,0.04695159976668159,530,The threat level is largely Damocleish.
2544,2,3,48,53,1.1320754716981132,0.06046347269649694,530,Reports show this recent defense project is over budget and doesn't meet our knights' needs.
2544,0,7,46,53,1.1320754716981132,0.04695159976668159,530,"I hope Your Majesty finds the mystery birthday gift pleasing. Your loyal subject, Damocles."
2544,0,7,46,53,1.1320754716981132,0.04695159976668159,530,"Hear Ye HereYe, to our King who is always a ""Cut Above""the rest."
2544,1,5,47,53,1.1320754716981132,0.05413078722488102,530,The architect reminds you that you did request the authentic Versailles package.
2544,1,5,47,53,1.1320754716981132,0.05413078722488102,530,"""It is hereby proclaimed that His Majesty's Throne will be known as Her Majesty's Throne from this day forward."
2544,2,3,48,53,1.1320754716981132,0.06046347269649694,530,It says here if you tell a lie the knife will fall.
2544,2,3,48,53,1.1320754716981132,0.06046347269649694,530,Your likability numbers have tanked but 34% are impressed that you made the other guy pay for it.
2544,3,1,49,53,1.1320754716981132,0.06619305806090786,530,The Gong Show reunion is next door.
2544,1,5,47,53,1.1320754716981132,0.05413078722488102,530,"They don't care how big your knife is, they still think you're a short-fingered vulgarian."
2544,0,7,46,53,1.1320754716981132,0.04695159976668159,530,The petition says this is a one-time offer.
2544,0,7,46,53,1.1320754716981132,0.04695159976668159,530,"And lastly , your wife no longer wants to be the royal rope weaver."
2544,2,3,48,53,1.1320754716981132,0.06046347269649694,530,"Your Majesty, by proclamation, we bestow you the biggest slice."
2544,1,5,47,53,1.1320754716981132,0.05413078722488102,530,"And, finally, we demand that your meet all of our previous demands or stay seated until the sword falls."
2544,0,7,46,53,1.1320754716981132,0.04695159976668159,530,"In other words, Goliath wants it back"
2544,1,5,47,53,1.1320754716981132,0.05413078722488102,530,"And a final note, the odds are now at 5-1 for a concluding fraying tomorrow morning. Treasury is asking whether you want in on the action right now or would like to wait."
2544,0,7,46,53,1.1320754716981132,0.04695159976668159,530,"Sire, the cooking school asks that you return its advertising sign."
2544,1,5,47,53,1.1320754716981132,0.05413078722488102,530,The people say that you are definitely a cut above the rest.
2544,2,3,48,53,1.1320754716981132,0.06046347269649694,530,We didn't realize the Spinal Tap set designers were now crafting letter openers.
2544,2,3,48,53,1.1320754716981132,0.06046347269649694,530,"P.S. Sire, I forgot to include the sword in your job description."
2544,1,5,47,53,1.1320754716981132,0.05413078722488102,530,Romulus says the throne needs to be moved back six inches.
2586,0,6,40,46,1.1304347826086956,0.05020437123388051,530,"Your first appointment today is with Penn & Teller, per your request."
2586,0,6,40,46,1.1304347826086956,0.05020437123388051,530,You are always being trumped by the sword issue.
2586,0,6,40,46,1.1304347826086956,0.05020437123388051,530,It's from the International Criminal Court - don't slay the messenger.
2586,1,4,41,46,1.1304347826086956,0.059047967499893814,530,Sword of Trump!
2586,1,4,41,46,1.1304347826086956,0.059047967499893814,530,"and Parliament has again rejected your request for some rope,"
2586,2,2,42,46,1.1304347826086956,0.06672964888823965,530,"He says ""The bigger the sword, the smaller the wienie""......"
2592,0,7,47,54,1.1296296296296295,0.04613879568230499,530,I see you've gotten my point.
2592,1,5,48,54,1.1296296296296295,0.053175186756420724,530,"Why, yes sir, as a matter of fact I WOULD like a super-sword for Christmas!"
2592,0,7,47,54,1.1296296296296295,0.04613879568230499,530,"Sorry, Mr. D, the attorney says renaming it the Sword of Melvin does not void the agreement."
2592,1,5,48,54,1.1296296296296295,0.053175186756420724,530,But Sire.. it says right here: 'One Giant Slayer'.
2592,1,5,48,54,1.1296296296296295,0.053175186756420724,530,It clearly states 'Don't shoot the messenger.' Stabbing is clearly a loophole.
2592,2,3,49,54,1.1296296296296295,0.059383604691421,530,No more money for armaments that can't be used.
2592,2,3,49,54,1.1296296296296295,0.059383604691421,530,"You have been accused of ""living in the moment""."
2592,1,5,48,54,1.1296296296296295,0.053175186756420724,530,"Here's a good one, Sire - 'Dear King Damocles...'"
2600,1,4,42,47,1.127659574468085,0.057844581686821384,530,"Finally, your majesty...and let me say this is kind of ironic...the leader of the giant people writes you. King Magnus says he knows we stole his lucky sword and he wants it back."
2600,1,4,42,47,1.127659574468085,0.057844581686821384,530,"Sire, Damocles says he can't do the work until Thursday."
2600,1,4,42,47,1.127659574468085,0.057844581686821384,530,Heavy slice the head that wears the crown.
2600,0,6,41,47,1.127659574468085,0.04920290896196927,530,"Sire, just how large is this Sword of Damocles supposed to be anyway?"
2600,1,4,42,47,1.127659574468085,0.057844581686821384,530,"A message for you, King Damocles......"
2600,0,6,41,47,1.127659574468085,0.04920290896196927,530,"It's a message from Damocles, sire."
2600,0,6,41,47,1.127659574468085,0.04920290896196927,530,Your majesty's decree that the giant hath been slain hangs by but a thread.
2600,1,4,42,47,1.127659574468085,0.057844581686821384,530,Forgive me as the print is exceptionally small but I did not find any dismemberment rider.
2600,0,6,41,47,1.127659574468085,0.04920290896196927,530,Are you voting for Trump?
2600,2,2,43,47,1.127659574468085,0.06535338561028699,530,"Is it ""open sesame""?"
2600,1,4,42,47,1.127659574468085,0.057844581686821384,530,"... and finally, you have to choose the toppings for the kingdom pizza party."
2611,1,5,49,55,1.1272727272727272,0.05225259457122248,530,I hereby dub you retired.
2611,1,5,49,55,1.1272727272727272,0.05225259457122248,530,The throne room has been sharply decorated.
2611,1,5,49,55,1.1272727272727272,0.05225259457122248,530,Macbeth Incorporated has issued a recall for 'Floating Dagger' effective immediately.
2614,0,6,42,48,1.125,0.04824031156174748,530,It says if it doesn't fall on November 8th we're good for at least another four years.
2614,2,2,44,48,1.125,0.06403262687852607,530,"Sire, it's from the Queen regarding your plans for reimplementing the ""Right of the First Night""."
2614,1,4,43,48,1.125,0.056689086094851654,530,"It says "" Sorry we were out of large round tables in stock, please accept the large sword in its place,"""
2614,1,4,43,48,1.125,0.056689086094851654,530,"Would you like to cut the deck, Your Highness?"
2614,0,6,42,48,1.125,0.04824031156174748,530,"Mr. Trump, sir,...it's...um...from the IRS..."
2614,2,2,44,48,1.125,0.06403262687852607,530,Sir. That non-licensed contractor is still seeking payment of his bill for the hanging sword.
2614,0,6,42,48,1.125,0.04824031156174748,530,Get to the point - I'm on a knife edge
2614,1,4,43,48,1.125,0.056689086094851654,530,"Again, the general concensus is that Your Highness stay the course."
2614,1,4,43,48,1.125,0.056689086094851654,530,Murphy's Law: The Year in Review
2614,0,6,42,48,1.125,0.04824031156174748,530,"It says, 'Art,baby, we want our sword back.' and it's signed, 'The Stones'"
2614,1,4,43,48,1.125,0.056689086094851654,530,Directions say to extend the foreskin and expect only mold bleeding.
2614,1,4,43,48,1.125,0.056689086094851654,530,And whoever lifts thee shall be dubbed Sir Mack the knife.
2614,1,4,43,48,1.125,0.056689086094851654,530,"Your Majesty, the receipt for the flactchet says 'no refunds or returns'."
2614,1,4,43,48,1.125,0.056689086094851654,530,The Knights are jealous and the ladies say that its really not about the size or the angle but everyone agrees it needs re-adjusting
2614,0,6,42,48,1.125,0.04824031156174748,530,"Your Majesty, I bring greetings from Damocles."
2614,1,4,43,48,1.125,0.056689086094851654,530,The last of the prisoners' demands is for better rope.
2614,2,2,44,48,1.125,0.06403262687852607,530,It's from Damocles - a request he hopes you'll seriously consider.
2631,1,4,44,49,1.1224489795918366,0.055578689246150295,530,OK go through the instructions again Damocles because it sure looks dangerous to me
2631,0,6,43,49,1.1224489795918366,0.04731438007905969,530,"""Speed up or I'll cut it short""."
2631,2,2,45,49,1.1224489795918366,0.06276408873212902,530,"The origins of the phrase, ""I've got your back."""
2631,0,6,43,49,1.1224489795918366,0.04731438007905969,530,Your name on it? In huge letters. In Gold? Sure.
2631,0,6,43,49,1.1224489795918366,0.04731438007905969,530,"Lastly, Your Majesty, the FTC is recalling all dangling over-sized daggers. Something to do with 'faulty rope.'"
2631,1,4,44,49,1.1224489795918366,0.055578689246150295,530,"I know that the rope holding the giant sword above your head is about to break, but I still think that immigration is the key issue here."
2631,1,4,44,49,1.1224489795918366,0.055578689246150295,530,"King Dionysius: ""What has the oracle written this time?"" Damocles: ""She says the same danger you are experiencing will occur again two thousand four hundred years from now in an as yet undiscovered nation called USA."""
2631,1,4,44,49,1.1224489795918366,0.055578689246150295,530,"The nobles say, 'Wait. Everything will be fine.'"
2631,0,6,43,49,1.1224489795918366,0.04731438007905969,530,"Your majesty, your chief rival says he has a magic pen that will best your sword."
2631,1,4,44,49,1.1224489795918366,0.055578689246150295,530,So you're telling me they're recalling the rope?
2631,1,4,44,49,1.1224489795918366,0.055578689246150295,530,"Sire, it says here that The Pen is NOT mightier than The Sword"
2631,1,4,44,49,1.1224489795918366,0.055578689246150295,530,This decree thereby declares thee the king of the powerpoint.
2631,1,4,44,49,1.1224489795918366,0.055578689246150295,530,"Sire, the Killer Rabbit of Caerbannog awaits."
2631,0,6,43,49,1.1224489795918366,0.04731438007905969,530,"Your bagel order, Sire - sliced or unsliced?"
2631,0,6,43,49,1.1224489795918366,0.04731438007905969,530,"My bad, Your Highness, but this is the Sword Double-X-Calibur."
2631,1,4,44,49,1.1224489795918366,0.055578689246150295,530,"The ropemaker went to the Bahamas because winter aggravates his gout, and the rat-catcher is passed out from the ale at the feast."
2631,0,6,43,49,1.1224489795918366,0.04731438007905969,530,"``I'll be home soon so your flirtation with bachelorhood will soon be over. I expect things to be in order. A list of things to do is attached. Love, your one and only.''"
2631,0,6,43,49,1.1224489795918366,0.04731438007905969,530,The sword was sent as a gift from Damocles.
2631,0,6,43,49,1.1224489795918366,0.04731438007905969,530,"Yes, Sire, completely lead-free."
2631,2,2,45,49,1.1224489795918366,0.06276408873212902,530,Don't sneeze.If you do you're a goner.
2631,1,4,44,49,1.1224489795918366,0.055578689246150295,530,It appears there is a lifetime warrenty on it not cutting through and killing you sire
2631,0,6,43,49,1.1224489795918366,0.04731438007905969,530,"The sharpening bill, your highness, exceeded 100 gold pieces this past month."
2631,1,4,44,49,1.1224489795918366,0.055578689246150295,530,The Kingdom of Shield requesteth a rematch.
2631,1,4,44,49,1.1224489795918366,0.055578689246150295,530,"Be it known to all, hence forth the King is hanging up his dagger and ruling by executive orders."
2631,0,6,43,49,1.1224489795918366,0.04731438007905969,530,The Royal Council urges Your Majesty to worry not about overblown threats to His Person
2631,1,4,44,49,1.1224489795918366,0.055578689246150295,530,"I'm not sure the optics are right for the part that says ""The Pen is Mightier than The Sword."""
2631,0,6,43,49,1.1224489795918366,0.04731438007905969,530,The giant demands his sandwich pick back.
2631,1,4,44,49,1.1224489795918366,0.055578689246150295,530,The king was exceedingly bored with the reading of the OSAH guidelines on the government requirements for the proper way to hang a knife.
2659,1,4,45,50,1.12,0.05451081150953976,530,Your Majesty I have bad news about this years projected budget deficit.
2659,2,2,46,50,1.12,0.061544740652965765,530,This is way better than the sword of Damocles!
2659,1,4,45,50,1.12,0.05451081150953976,530,"Don't worry, it falls on 99% of the people"
2659,1,4,45,50,1.12,0.05451081150953976,530,There's some focus group rumbling over the militarization of the royalty.
2659,2,2,46,50,1.12,0.061544740652965765,530,"Sire, your doubling of taxes has led your subjects to believe there's been a doubling of kings."
2659,0,6,44,50,1.12,0.046423076597919784,530,King Abramovic. The museum requests that you end your charade of peril.
2659,2,2,46,50,1.12,0.061544740652965765,530,Priority Mail from Dionysius!
2659,0,6,44,50,1.12,0.046423076597919784,530,"...and finally, if you need to go to the bathroom, you need to take the sword with you."
2659,0,6,44,50,1.12,0.046423076597919784,530,The results are; The sword is properly placed.
2659,2,2,46,50,1.12,0.061544740652965765,530,I take that as disapproval of the proposed sliding pay scale.
2659,1,4,45,50,1.12,0.05451081150953976,530,It was an original idea by Melania Trump.
2659,0,6,44,50,1.12,0.046423076597919784,530,"Of your own volition, you sought the office; the Sword of Damocles is held at your voters' discretion."
2659,2,2,46,50,1.12,0.061544740652965765,530,"Curious how today's petitions were all submitted in writing, Your Highness."
2659,0,6,44,50,1.12,0.046423076597919784,530,"A list of demands from the anarcho-syndicalists, your majesty"
2659,0,6,44,50,1.12,0.046423076597919784,530,I think this one's a no-brainer: Damocles wants his sword back.
2659,0,6,44,50,1.12,0.046423076597919784,530,"I don't see a point, here."
2659,0,6,44,50,1.12,0.046423076597919784,530,"Ummmm, yeah, it's another beautiful day in the neighborhood."
2659,0,6,44,50,1.12,0.046423076597919784,530,Do you feel a draft?
2659,1,4,45,50,1.12,0.05451081150953976,530,"In exchange for running for Vice President, Mr. Trump promises HUGE rewards. Simply fabulous benefits. Really, really good stuff."
2659,1,4,45,50,1.12,0.05451081150953976,530,"I still think that the ""fluffy kitten of Damocles"" will play better with the electorate."
2659,0,6,44,50,1.12,0.046423076597919784,530,"Your Highness, may we start with the adjustments you have eluded to in your will ?"
2659,1,4,45,50,1.12,0.05451081150953976,530,"OK, I'll read that back you... 'The word compensate shall be stricken from the kingdom'"
2659,1,4,45,50,1.12,0.05451081150953976,530,Your majesty this letter from the queen clearly states that the big sword is missing
2659,0,6,44,50,1.12,0.046423076597919784,530,Mightier than the sword.
2659,1,4,45,50,1.12,0.05451081150953976,530,"You don't look any different, my king. Perhaps it means something different in America."
2659,0,6,44,50,1.12,0.046423076597919784,530,It has a warranty that runs out in the first week of November.
2659,1,4,45,50,1.12,0.05451081150953976,530,Hear me out my King. I'm only going to say this one time!
2659,1,4,45,50,1.12,0.05451081150953976,530,"Undoubtedly, there is some meaningful, philosophical point being made here, but I'm afraid it's all Greek to me."
2659,0,6,44,50,1.12,0.046423076597919784,530,"""The sword the body wounds, sharp words the mind."" -- Menander"
2659,0,6,44,50,1.12,0.046423076597919784,530,Hear ye! Hear ye! Bidding is up to $2 million for this piece of junk.
2659,1,4,45,50,1.12,0.05451081150953976,530,I saw an infomercial on TV and just had to have it!
2659,1,4,45,50,1.12,0.05451081150953976,530,The renovation is nearly complete Damocles.
2659,0,6,44,50,1.12,0.046423076597919784,530,The royal compensator.
2659,2,2,46,50,1.12,0.061544740652965765,530,"Intelligence from the colonies, Sire. No, nothing here on independence..."
2659,0,6,44,50,1.12,0.046423076597919784,530,"Here ye, hear ye, Ye Big Cheese is about to be cut . . . er . . . dubbed ."
2659,1,4,45,50,1.12,0.05451081150953976,530,"Still no reports of the royal sword ""making up for something."""
2659,0,6,44,50,1.12,0.046423076597919784,530,"Your majesty, the King of Clubs has requested your presence with 3 Queens."
2659,0,6,44,50,1.12,0.046423076597919784,530,They say it's payback for the dinner prank yesterday.
2659,0,6,44,50,1.12,0.046423076597919784,530,"According to this week's Gallop, the clear choice of the people is Off with His Head."
2659,0,6,44,50,1.12,0.046423076597919784,530,"and in conclusion, we art quite pleased yond thee couldst s'rve as temp'rary monarch f'r our humble  kingdom h're."
2659,1,4,45,50,1.12,0.05451081150953976,530,"You know what they say, big hands, big...."
2659,0,6,44,50,1.12,0.046423076597919784,530,"January 20th, Sire."
2659,1,4,45,50,1.12,0.05451081150953976,530,"The Tax Collector says you're NOT exempt, Sire."
2659,1,4,45,50,1.12,0.05451081150953976,530,"A Lord Roosevelt has filed a copyright infringement action against you, something about speaking softly but carrying a big stick."
2703,1,4,46,51,1.1176470588235294,0.05348306547837592,530,Headline: Insurrection Imminent.
2703,0,6,45,51,1.1176470588235294,0.04556450995538139,530,"Text from Damocles: ""Humble thanks for last night's feast. Did I, by any chance, leave my sword behind?"
2703,0,6,45,51,1.1176470588235294,0.04556450995538139,530,"It is written that an evil King who shows no remorse at all shall... Sorry King, did you know that a gift came with this note?"
2703,1,4,46,51,1.1176470588235294,0.05348306547837592,530,"Live under the sword, possibly die under the sword or move one's throne! That is the question."
2703,2,2,47,51,1.1176470588235294,0.06037178164055159,530,It didn't pass the fire code.
2703,1,4,46,51,1.1176470588235294,0.05348306547837592,530,The sword is mightier than the word!
2703,1,4,46,51,1.1176470588235294,0.05348306547837592,530,But the royal focus group ranked it higher than anything for use in your coat of arms.
2703,1,4,46,51,1.1176470588235294,0.05348306547837592,530,...and one half of the castle.
2703,1,4,46,51,1.1176470588235294,0.05348306547837592,530,"Three- We, the peasants, find your so-called 'magical powers' to be laughable."
2703,0,6,45,51,1.1176470588235294,0.04556450995538139,530,And at 4pm Prince Hamlet arrives for brief home visit.
2703,1,4,46,51,1.1176470588235294,0.05348306547837592,530,And Damocles says further........
2703,1,4,46,51,1.1176470588235294,0.05348306547837592,530,Sir - It says beware of the Gordian Knot
2703,0,6,45,51,1.1176470588235294,0.04556450995538139,530,"Pursuant to your directives on budget pressures, Your Highness, the sword will now hang by a thread, and I am directed to occupy the throne."
2703,0,6,45,51,1.1176470588235294,0.04556450995538139,530,"Confirmation, your highness... it is perfectly balanced."
2703,1,4,46,51,1.1176470588235294,0.05348306547837592,530,"Sire, the coalition for the pen requests your attention."
2703,1,4,46,51,1.1176470588235294,0.05348306547837592,530,"What do you mean, ""Can you be my vice-president""?"
2703,0,6,45,51,1.1176470588235294,0.04556450995538139,530,"The stars say 'pride goeth before the fall',sire."
2703,0,6,45,51,1.1176470588235294,0.04556450995538139,530,Tonight's dinner menu better include brussels sprouts. No pressure.
2703,1,4,46,51,1.1176470588235294,0.05348306547837592,530,"Yep, you're dying."
2703,1,4,46,51,1.1176470588235294,0.05348306547837592,530,"Bad news sire, King Dionysius has rejected your purchase order for a pen."
2703,0,6,45,51,1.1176470588235294,0.04556450995538139,530,"Sire, a Mr. Donald Trump says he is envious of your great fortune and hopes he may someday enjoy such magnificent wealth and power."
2703,0,6,45,51,1.1176470588235294,0.04556450995538139,530,"Yes sire, I'll rush this summon to Damocles."
2703,1,4,46,51,1.1176470588235294,0.05348306547837592,530,And you shall be King forever...oops!
2703,0,6,45,51,1.1176470588235294,0.04556450995538139,530,Quelle surprise; what fresh hell is this?!
2703,1,4,46,51,1.1176470588235294,0.05348306547837592,530,"The ""Excalibur Matters"" people are planning on dropping in and are calling for your head!"
2703,0,6,45,51,1.1176470588235294,0.04556450995538139,530,....and a Mr. Edgar Allen Poe says that you are the inspiration for his new story involving a pit and a pendulum.
2703,0,6,45,51,1.1176470588235294,0.04556450995538139,530,"From this day forward, your piece of Roast Beef shall be named the ""King's Cut""."
2703,1,4,46,51,1.1176470588235294,0.05348306547837592,530,It's a razor blade promotion. You get all the royalties.
2703,0,6,45,51,1.1176470588235294,0.04556450995538139,530,Kingdom's Got Talent - Season 1
2703,1,4,46,51,1.1176470588235294,0.05348306547837592,530,"It's from Cruz the Hun. The message reads; Dear King Donald, In response to your plea for the Party's unity behind you, GO S-WORD YOURSELF."
2703,1,4,46,51,1.1176470588235294,0.05348306547837592,530,Odds Bodkins! That's one odd bodkin!
2703,1,4,46,51,1.1176470588235294,0.05348306547837592,530,"Sir, we cannot seem to locate Damocles anywhere in the kingdom."
2703,0,6,45,51,1.1176470588235294,0.04556450995538139,530,"""...and as bestowed by Emperor Ginsu""."
2703,0,6,45,51,1.1176470588235294,0.04556450995538139,530,"Excuse me your Highness, your Royal seismologist said there is a 60 percent chance of a very strong quake within the next 24 hours!"
2703,0,6,45,51,1.1176470588235294,0.04556450995538139,530,We tanked in the primary.
2703,1,4,46,51,1.1176470588235294,0.05348306547837592,530,The colonies are asking to return
2703,2,2,47,51,1.1176470588235294,0.06037178164055159,530,"I see the problem. How big is your foot, your majesty?"
2703,1,4,46,51,1.1176470588235294,0.05348306547837592,530,"Mr. Damocles has a, uh, minor aesthetic request."
2703,1,4,46,51,1.1176470588235294,0.05348306547837592,530,Dionysius sends his regards. Stay as long as you want.
2703,2,2,47,51,1.1176470588235294,0.06037178164055159,530,"Your lordship, ""The Sword of Damocles"" watches over you, so don't look up!"
2703,1,4,46,51,1.1176470588235294,0.05348306547837592,530,This next message brought to you by Damocles...
2703,1,4,46,51,1.1176470588235294,0.05348306547837592,530,It's supposed to be the melon-baller of Damocles.
2703,0,6,45,51,1.1176470588235294,0.04556450995538139,530,"We, "" The People"" get the point. We find this type of symbolism redundant."
2703,1,4,46,51,1.1176470588235294,0.05348306547837592,530,There's a one-year warrantee on Valyrian steel
2703,1,4,46,51,1.1176470588235294,0.05348306547837592,530,"Sire, your subjects object to the new punishment for jaywalking."
2703,0,6,45,51,1.1176470588235294,0.04556450995538139,530,"....in the event your do not perform your duties of your reign, well....."
2703,1,4,46,51,1.1176470588235294,0.05348306547837592,530,"Damocles, unbalanced!"
2703,1,4,46,51,1.1176470588235294,0.05348306547837592,530,"In conclusion, your majesty, I am happy to report that, in the wake of our ink embargo, the enemy’s ballyhooed ‘pen’ technology is no match for our tried and true ‘sword’ technology"
2703,1,4,46,51,1.1176470588235294,0.05348306547837592,530,He says he's coming to pick up his sword and he doesn't like kings.
2703,1,4,46,51,1.1176470588235294,0.05348306547837592,530,We all have one. Bigger job bigger sword.
2703,0,6,45,51,1.1176470588235294,0.04556450995538139,530,"Your Majesty, we're swapping out the Big Dagger in the cloud with Big Data."
2703,1,4,46,51,1.1176470588235294,0.05348306547837592,530,Winter is here.
2703,1,4,46,51,1.1176470588235294,0.05348306547837592,530,"Sword? I don't see any sword, Sire."
2703,0,6,45,51,1.1176470588235294,0.04556450995538139,530,"Sire, there *is* one last codicil in the tontine... ""chew softly."""
2703,1,4,46,51,1.1176470588235294,0.05348306547837592,530,The last person to sign out the scissors was one Donald Trump...
2703,0,6,45,51,1.1176470588235294,0.04556450995538139,530,"Oh, and a message from Merlin, “Don’t stand up too quickly”"
2703,1,4,46,51,1.1176470588235294,0.05348306547837592,530,"I'm sorry, Sire, but according to the contract with Damocles, the sword is non-returnable."
2703,1,4,46,51,1.1176470588235294,0.05348306547837592,530,It incentivizes. We bought it on line.
2703,0,6,45,51,1.1176470588235294,0.04556450995538139,530,"You know what they say about a big sword, right?"
2762,0,5,38,43,1.1162790697674418,0.04946336973228635,530,"Your Highness, as requested, your special sword has been installed for your protection"
2763,1,4,47,52,1.1153846153846154,0.05249323847751087,530,The Council has decreed it essential that no ruler should feel at ease in his position. And since it's too late to re-design the throne itself....
2763,0,6,46,52,1.1153846153846154,0.044736922925984586,530,His Highness has decreed that The Sword of Damocles shall be removed until further notice
2763,1,4,47,52,1.1153846153846154,0.05249323847751087,530,And always remember to speak softly and carry a big knife.
2763,1,4,47,52,1.1153846153846154,0.05249323847751087,530,"It's from Angry Green Giant, says he's changing his name."
2763,1,4,47,52,1.1153846153846154,0.05249323847751087,530,"Sire, I know you have a lot over your head but Trump is the GOP's candidate."
2763,1,4,47,52,1.1153846153846154,0.05249323847751087,530,King Solomon died as he lived.
2763,0,6,46,52,1.1153846153846154,0.044736922925984586,530,This castle was once owned by Goliath
2763,1,4,47,52,1.1153846153846154,0.05249323847751087,530,"The oversized fork does come in bronze however, perhaps a better solution would be to reflect on ones obsession with size..."
2763,1,4,47,52,1.1153846153846154,0.05249323847751087,530,"Yada yarda yarda, get to the point already"
2763,1,4,47,52,1.1153846153846154,0.05249323847751087,530,Bad news; Brussels needs the sword back.
2763,0,6,46,52,1.1153846153846154,0.044736922925984586,530,"Ok Emperor, that's get some new clothes, polish your scepter and return this sword for a big one."
2763,0,6,46,52,1.1153846153846154,0.044736922925984586,530,Damocles says you've already made your point.
2763,0,6,46,52,1.1153846153846154,0.044736922925984586,530,"Well, Roger, we'll just have to get a bigger stone then - won't we."
2763,0,6,46,52,1.1153846153846154,0.044736922925984586,530,"And lastly, Martha Stewart said 'this is how Donald Trump has one hanging in his house.'"
2763,2,2,48,52,1.1153846153846154,0.059242618939646566,530,"Sorry, Your Highness, but it's right here in paragraph five of the Trump licensing agreement."
2763,1,4,47,52,1.1153846153846154,0.05249323847751087,530,"Your majesty, I bring news that the knife-releasing ceremony will happen tomorrow at precisely 3 o'clock pm."
2763,0,6,46,52,1.1153846153846154,0.044736922925984586,530,"For splitting hairs over key issues, we sentence ..."
2763,0,6,46,52,1.1153846153846154,0.044736922925984586,530,"Your Hugeness, Little Damocles officially withdraws his pretense to the throne."
2763,0,6,46,52,1.1153846153846154,0.044736922925984586,530,Total power trip.
2763,1,4,47,52,1.1153846153846154,0.05249323847751087,530,"I'm sorry your Majesty, it was the French fries that were to be ""super-sized""."
2763,0,6,46,52,1.1153846153846154,0.044736922925984586,530,Damocles is outside.
2763,0,6,46,52,1.1153846153846154,0.044736922925984586,530,"….and so, as your long suffering Royal advisors, we conclude by informing you that 50 years ago we were not really sincere when we said “Long live the King!”"
2763,1,4,47,52,1.1153846153846154,0.05249323847751087,530,"In response, he sends his giant, to challenge your champion in a game of mumblety-peg."
2763,0,6,46,52,1.1153846153846154,0.044736922925984586,530,The Queen reports that her time in the country has served her well.
2763,1,4,47,52,1.1153846153846154,0.05249323847751087,530,They claim that it is for opening something called the Magna Carta.
2763,2,2,48,52,1.1153846153846154,0.059242618939646566,530,I will sword it out.
2763,1,4,47,52,1.1153846153846154,0.05249323847751087,530,"No worries, you have second amendment coverage."
2763,0,6,46,52,1.1153846153846154,0.044736922925984586,530,"AND I SAY ""THE PEN IS MIGHTIER THAN THE SWORD"""
2763,0,6,46,52,1.1153846153846154,0.044736922925984586,530,"Your Highness, the Kingdom of Feloria would like to negotiate a treaty to deescalate the arms race."
2763,2,2,48,52,1.1153846153846154,0.059242618939646566,530,"I BEG YOUR HIGHNESS TO RECONSIDER, THE PEOPLE ARE NOT PLEASED WITH YOUR DECREE OF CANCELING , POKE MON' GO . . ."
2763,1,4,47,52,1.1153846153846154,0.05249323847751087,530,"Fuck Trump, tho."
2763,2,2,48,52,1.1153846153846154,0.059242618939646566,530,"A new quatrain from Nostradamus, ""In the year of the Great Trumpius; A contest with great reward; Remembered will be the perils facing the mighty Dionysius (hey, that's you!); But credit given instead to the gadabout Damocles (wtf!?!) and the sword."""
2763,2,2,48,52,1.1153846153846154,0.059242618939646566,530,Pokemon Go during medieval times
2763,1,4,47,52,1.1153846153846154,0.05249323847751087,530,Thou shalt need a bigger throne room!
2763,1,4,47,52,1.1153846153846154,0.05249323847751087,530,Mr. Mankoff writes that you will understand the sword online in the August 1st issue.
2763,1,4,47,52,1.1153846153846154,0.05249323847751087,530,Something's been weighing on me
2763,2,2,48,52,1.1153846153846154,0.059242618939646566,530,"...in conclusion, all items can now be shipped in two days."
2763,0,6,46,52,1.1153846153846154,0.044736922925984586,530,"My lord, the blacksmith says he shall not remove thy dagger until thou hast provided thee with a pension."
2763,0,6,46,52,1.1153846153846154,0.044736922925984586,530,I like the pinata party idea. Got all my enemies on your invitation list?
2763,1,4,47,52,1.1153846153846154,0.05249323847751087,530,...and his reign introduced 'cutting edge' ideas and practices...
2763,0,6,46,52,1.1153846153846154,0.044736922925984586,530,There's seem to have been a typo in the plans sent to the smith.
2763,1,4,47,52,1.1153846153846154,0.05249323847751087,530,According to the tarot you're an air sign
2763,0,6,46,52,1.1153846153846154,0.044736922925984586,530,Proving the law of gravity at the center of gravity.
2763,0,6,46,52,1.1153846153846154,0.044736922925984586,530,It's from your publisher. He says your proposal isn't sharp enough.
2763,0,6,46,52,1.1153846153846154,0.044736922925984586,530,"Sire, the giants have declared war...and your mother wants her sword back."
2763,1,4,47,52,1.1153846153846154,0.05249323847751087,530,"OHSA just wrote a memo, that it is NOT advisable to have a large knife over your throne."
2763,0,6,46,52,1.1153846153846154,0.044736922925984586,530,"Sire, your Knights at Arms state that their arms are not strong enough for your new arms."
2810,0,6,47,53,1.1132075471698113,0.043938680706010445,530,"But sire, the 15% discount at Costco was only valid for the ""Giant Longsword."""
2810,1,4,48,53,1.1132075471698113,0.051539276936327136,530,"...And furthermore the contract states that the uttering of the phrase ""Out, out, damn spot"" shall have no bearing on the outcome of said apparitions, real or imaginary..."
2812,0,5,40,45,1.1111111111111112,0.047377936967913425,530,The king says the decoy program is all the more important while he's out investigating all these pesky earthquakes.
2813,1,3,42,46,1.108695652173913,0.05584883729854405,530,"Your proclamation reads as follows "" all who oppose the King will be given the Sword of Damocles test""."
2813,1,3,42,46,1.108695652173913,0.05584883729854405,530,How much wood would a woodchuck chuck if a woodchuck could chuck wood?
2813,0,5,41,46,1.108695652173913,0.04639945099589022,530,And the Tinker will be here at 10 today.
2813,0,5,41,46,1.108695652173913,0.04639945099589022,530,Damocles? Just ask the Wall Street boys--it's purely decorative.
2813,0,5,41,46,1.108695652173913,0.04639945099589022,530,Pepperoni or sausage?
2818,0,5,42,47,1.1063829787234043,0.04546036031565445,530,"However, should the council decide to severe ties to the monarchy ..."
2818,1,3,43,47,1.1063829787234043,0.05469656058869374,530,Medical Times regrets to inform you that the guests did stay for the piñata.
2818,0,5,42,47,1.1063829787234043,0.04546036031565445,530,The small council recommends you use the pointy end.
2818,1,3,43,47,1.1063829787234043,0.05469656058869374,530,Ye will dispose of ye WMD or face a thousand years cold war.
2818,1,3,43,47,1.1063829787234043,0.05469656058869374,530,"Henry Tudor pronounced you guilty of treason, but the weight of the sword will make the final decision!"
2818,0,5,42,47,1.1063829787234043,0.04546036031565445,530,"Arthur means war, your Majesty. We're going to need a bigger sword."
2818,0,5,42,47,1.1063829787234043,0.04546036031565445,530,The results are in Your Highness. Your successor is Donald Trump.
2818,0,5,42,47,1.1063829787234043,0.04546036031565445,530,"I, Damocles the Magnificent, do hereby declare that the laws of gravity . . ."
2818,0,5,42,47,1.1063829787234043,0.04546036031565445,530,"Damocles, need I say more sire"
2818,0,5,42,47,1.1063829787234043,0.04546036031565445,530,"Today on Medieval Shark Tank, an economic solution to beheading"
2828,1,3,44,48,1.1041666666666667,0.053590773834580184,530,"Sire,we the people are tired of your histrionics."
2828,1,3,44,48,1.1041666666666667,0.053590773834580184,530,Is the spelling of your name P-E-N-C-E?
2828,1,3,44,48,1.1041666666666667,0.053590773834580184,530,This letter says you need to pay Damocles now or else he'll release it from the suspense account.
2828,1,3,44,48,1.1041666666666667,0.053590773834580184,530,"Your reign is up, Highness. Lord Trump has staged a coup."
2828,2,1,45,48,1.1041666666666667,0.06130657275434796,530,The Congressional Democlese will block your budget request for sword suspension improvements unless you abandon your line item request for tax cuts for the top one-percent.
2828,2,1,45,48,1.1041666666666667,0.06130657275434796,530,"Your Majesty, it appears thou art on Mrs. Clinton's hit list. Thou may want to switcheth allegiance."
2828,0,5,43,48,1.1041666666666667,0.044558346215878446,530,Dionysius says hi.
2828,1,3,44,48,1.1041666666666667,0.053590773834580184,530,...one more thing your Highness. Your moon is in Scorpio today and that is generally considered to be an icky thing.
2828,0,5,43,48,1.1041666666666667,0.044558346215878446,530,"So saith he: 'I shall assume the throne and build a wall. And it shall be truly, truly awesome.'"
2828,0,5,43,48,1.1041666666666667,0.044558346215878446,530,"It says, 'A dagger for your thoughts, Sire?'...and if I might be allowed to refresh his Majesty's recollection, Sire, I am but the messenger."
2828,0,5,43,48,1.1041666666666667,0.044558346215878446,530,"O Mighty King, a belated message from thou Secret Service..."
2828,1,3,44,48,1.1041666666666667,0.053590773834580184,530,"THE SURGEONS ARE READY FOR YOUR SURGERY, SIRE."
2828,1,3,44,48,1.1041666666666667,0.053590773834580184,530,....being the principal reason that most of your subjects resist coming before you to pledge their allegiance.
2828,0,5,43,48,1.1041666666666667,0.044558346215878446,530,"Damocles, Sir! You can Thank Cicero"
2828,0,5,43,48,1.1041666666666667,0.044558346215878446,530,"And lastly king Dionysius, Damocles sends his regrets"
2828,1,3,44,48,1.1041666666666667,0.053590773834580184,530,"So you said, ""I will build a great wall."" Bad idea."
2828,0,5,43,48,1.1041666666666667,0.044558346215878446,530,Doctor Damocles called--he said your valium prescription has expired.
2828,1,3,44,48,1.1041666666666667,0.053590773834580184,530,"By royal proclamation, throne rooms shall be made safe again"
2828,0,5,43,48,1.1041666666666667,0.044558346215878446,530,You mean there's more to the expression
2828,0,5,43,48,1.1041666666666667,0.044558346215878446,530,"Damocles, you can thank Cicero for the allegorical gift."
2828,1,3,44,48,1.1041666666666667,0.053590773834580184,530,"...And thus my lord, I have spake my first filibuster."
2849,0,4,35,39,1.1025641025641026,0.04921614717627658,530,"Sooner or later, lover or hater."
2850,1,3,45,49,1.1020408163265305,0.05252872520911736,530,Still no cake large enough to cut your Highness...
2850,1,3,45,49,1.1020408163265305,0.05252872520911736,530,"The other king would simply like to know, for what this obsession with castration?"
2850,0,5,44,49,1.1020408163265305,0.0436912672743712,530,"Your Majesty, how would you like me to rate your your DIY Booby Trap™ experience?"
2850,0,5,44,49,1.1020408163265305,0.0436912672743712,530,"So? Damocles had small hands, too."
2850,1,3,45,49,1.1020408163265305,0.05252872520911736,530,"Don't worry, your highness, just another petition from the guild for castle maintenance."
2850,0,5,44,49,1.1020408163265305,0.0436912672743712,530,"No, I'm not sure the whole point of this either Damocles but for some reason Dionysus the Second just told me to tell you not to look up..."
2850,1,3,45,49,1.1020408163265305,0.05252872520911736,530,The way justice isn't served.
2850,0,5,44,49,1.1020408163265305,0.0436912672743712,530,That's the benefit of a single party system!
2850,0,5,44,49,1.1020408163265305,0.0436912672743712,530,How about cutting a long story short. Do I get the point?
2850,1,3,45,49,1.1020408163265305,0.05252872520911736,530,Your loyal subjects chose to leave their taxes at the gate rather than pay in person!
2850,1,3,45,49,1.1020408163265305,0.05252872520911736,530,... and your subjects complain the whale sushi is not what it was.
2850,1,3,45,49,1.1020408163265305,0.05252872520911736,530,Others feel there's a simpler way to deal with your limp.
2850,1,3,45,49,1.1020408163265305,0.05252872520911736,530,I'm ready for my circumcision now.
2850,0,5,44,49,1.1020408163265305,0.0436912672743712,530,They also complained about your exclusive amenities.
2850,0,5,44,49,1.1020408163265305,0.0436912672743712,530,"Uh, no, your sire, I don't know how they balanced it?"
2850,0,5,44,49,1.1020408163265305,0.0436912672743712,530,"Your Majesty, polls still show you in a dead heat with Sir Beaver the Cleaver."
2850,1,3,45,49,1.1020408163265305,0.05252872520911736,530,There's a little something hanging over your head.
2850,0,5,44,49,1.1020408163265305,0.0436912672743712,530,Long live King Damocles the First.
2850,0,5,44,49,1.1020408163265305,0.0436912672743712,530,Are you sure there's nothing else you need from the hardware store Lord Damocles?
2850,1,3,45,49,1.1020408163265305,0.05252872520911736,530,You already know this but confirming that the final cut is the hardest one!
2850,1,3,45,49,1.1020408163265305,0.05252872520911736,530,Two problems: 1. We can not move the sword to Cleveland; and 2. I am the King.
2850,0,5,44,49,1.1020408163265305,0.0436912672743712,530,He says it's too big for your bris.
2850,0,5,44,49,1.1020408163265305,0.0436912672743712,530,"It's a pain now, but I promise you'll be an immortalized as an overused cliche in no time flat."
2850,0,5,44,49,1.1020408163265305,0.0436912672743712,530,"They say that ""Game of Thrones"" is not a reality show, and, no, they are not accepting applications for contestants."
2850,0,5,44,49,1.1020408163265305,0.0436912672743712,530,"if king kong storms the castle, we're ready."
2850,0,5,44,49,1.1020408163265305,0.0436912672743712,530,I am pleased to report your Heiness' approval rating has reached 100%
2850,1,3,45,49,1.1020408163265305,0.05252872520911736,530,"Sorry boss, but the only other options were knife, rock, and club of Damacles."
2850,1,3,45,49,1.1020408163265305,0.05252872520911736,530,This way I don't get the point. But maybe that's the point.
2850,1,3,45,49,1.1020408163265305,0.05252872520911736,530,He says he won't be your heir unless you get rid of the Sword of Damocles.
2850,0,5,44,49,1.1020408163265305,0.0436912672743712,530,Houdini will arrive tomorrow.
2850,0,5,44,49,1.1020408163265305,0.0436912672743712,530,All you soothsayers are all alike-is there one in this kingdom that doesn't predict upcoming doom or calamity?
2850,0,5,44,49,1.1020408163265305,0.0436912672743712,530,"Your Majesty, another dozen cows have been located so the sheath and shield will be completed shortly."
2850,1,3,45,49,1.1020408163265305,0.05252872520911736,530,"In summary, 'Cicero sucks.'"
2850,1,3,45,49,1.1020408163265305,0.05252872520911736,530,We now appoint you as the King of Spades!
2884,0,5,45,50,1.1,0.04285714285714286,530,"Dear Sire. If you do not give 50,000 ducats to this loyal servant you will be cut off from your kingdom."
2884,0,5,45,50,1.1,0.04285714285714286,530,"Can you get me in touch with the ""Honey, I Shrunk the Kids"" guy?"
2884,1,3,46,50,1.1,0.05150787536377128,530,"""Dammit Cleese, speak up! What was that about a sword?"
2884,2,1,47,50,1.1,0.05890150893739515,530,"This is more than just ‘stare daggers’, isn’t it?"
2884,0,5,45,50,1.1,0.04285714285714286,530,Damocles has some serious sword envy.
2884,0,5,45,50,1.1,0.04285714285714286,530,"And lastly, from a Mr. WmS, ""Exeunt left. Forthwith."""
2884,1,3,46,50,1.1,0.05150787536377128,530,"Well, Macbeth's vision has been going lately."
2884,2,1,47,50,1.1,0.05890150893739515,530,"Boil two hearts of serfs,one dragon tooth and half a king then stir slowly."
2884,0,5,45,50,1.1,0.04285714285714286,530,"'Is this a dagger which I see before me?' 'A weapon has no name, Your Majesty.'"
2884,1,3,46,50,1.1,0.05150787536377128,530,"Beneath the rule of great men, the pen is still mightier than the sword."
2884,1,3,46,50,1.1,0.05150787536377128,530,The Swords Section of the Society of Literary Allusions will meet solstice morning in Camelot.
2884,0,5,45,50,1.1,0.04285714285714286,530,Don't act like you're not impressed.
2884,0,5,45,50,1.1,0.04285714285714286,530,"The people reject your request for a private ""slip and fall"" on the sword."
2884,0,5,45,50,1.1,0.04285714285714286,530,"I can't quite make out who sent it, sire. Might be Dammit?"
2884,1,3,46,50,1.1,0.05150787536377128,530,"your Holiness, you are supposed to be reclined for this chapter."
2884,0,5,45,50,1.1,0.04285714285714286,530,"Damocles, henceforth you will sit under my knife."
2884,1,3,46,50,1.1,0.05150787536377128,530,How many S's in 'Damocles'?
2884,0,5,45,50,1.1,0.04285714285714286,530,"I hereby proclaim a kinder, gentler kingdom."
2884,1,3,46,50,1.1,0.05150787536377128,530,"Your highness, Gulliver regrets he told you of the Sword of Damocles and now wants his knife back."
2884,0,5,45,50,1.1,0.04285714285714286,530,"Your Majesty's nobles are pleased that you have promised them ""a cut of the spoils."""
2884,1,3,46,50,1.1,0.05150787536377128,530,I'm with her
2884,0,5,45,50,1.1,0.04285714285714286,530,Scrolling for a monarch's butterfly knife.
2884,1,3,46,50,1.1,0.05150787536377128,530,"Mr. Damocles, your driver, can't make it in today because of illness."
2884,0,5,45,50,1.1,0.04285714285714286,530,I got a deal on it
2884,1,3,46,50,1.1,0.05150787536377128,530,And your presence is requested at this year's crumpet cook-off.
2884,1,3,46,50,1.1,0.05150787536377128,530,"Your minions have risen up against you, effective immediately!"
2884,2,1,47,50,1.1,0.05890150893739515,530,"As you requested, Dionysius has been found vacationing at the beach and is now returning here."
2884,0,5,45,50,1.1,0.04285714285714286,530,"The occupants of the dungeon suggest that with the price of scrap metal up, this might be a profitable time to recycle THE knife."
2884,1,3,46,50,1.1,0.05150787536377128,530,It's a note from Prince Damocles: Hey Dad! Where do you keep the garden shears?
2884,0,5,45,50,1.1,0.04285714285714286,530,"""I dagger, uh, digress, yes, digress is what I mean . . . ."
2884,1,3,46,50,1.1,0.05150787536377128,530,"IKEA swords hang that way, Damocles"
2884,0,5,45,50,1.1,0.04285714285714286,530,"Sire, as the Risk Management advisor to the throne, I summize that this policy presents a two-edged sword."
2884,0,5,45,50,1.1,0.04285714285714286,530,And inform your leader that he has nothing at all to fear from our nuclear deterrent.
2884,1,3,46,50,1.1,0.05150787536377128,530,The Alchemy Department wishes to report that in order for the dagger to remain in equipoise the handle must be made of negative matter.
2884,0,5,45,50,1.1,0.04285714285714286,530,Her majesty declines to be a drama queen.
2884,0,5,45,50,1.1,0.04285714285714286,530,The Legend of Sir Filibuster.
2884,0,5,45,50,1.1,0.04285714285714286,530,"""In conclusion, the pen is mightier than the sword."" Signed, Donald Trump"
2884,1,3,46,50,1.1,0.05150787536377128,530,"I, your humble subject, who drew the short straw, beseech you sire,..."
2884,0,5,45,50,1.1,0.04285714285714286,530,"...in recognition of your undubitably large hands, yours sincerely, Dionysius."
2923,1,3,47,51,1.0980392156862746,0.050525877359706366,530,And the specials for tonights are...
2923,1,3,47,51,1.0980392156862746,0.050525877359706366,530,We further demand...
2923,0,5,46,51,1.0980392156862746,0.042054138410837674,530,"And in closing, Mr, Poe hopes you like his token of appreciation for your kind remark regarding his work, The Pit and the Pendulum."
2923,0,5,46,51,1.0980392156862746,0.042054138410837674,530,"It's a royal execution, sir."
2923,0,5,46,51,1.0980392156862746,0.042054138410837674,530,Damocles sends his regards and asks...
2923,1,3,47,51,1.0980392156862746,0.050525877359706366,530,Make sure that Hillary understands that I don't like losing.
2923,2,1,48,51,1.0980392156862746,0.05776831318688719,530,"King Dionysius, the prop department respectfully apologizes for their incorrect positioning of the sword."
2923,1,3,47,51,1.0980392156862746,0.050525877359706366,530,"In other news: King remains oblivious to immediate threat. ""Don't blame us"", says head of Messenger's Local 198."
2923,0,5,46,51,1.0980392156862746,0.042054138410837674,530,The people wish to know when dost thou expect the dragon.
2923,1,3,47,51,1.0980392156862746,0.050525877359706366,530,This is a gift form the King of Damocles. He signed - With all my best wishes!
2923,0,5,46,51,1.0980392156862746,0.042054138410837674,530,"...Sincerely, the Ace"
2923,0,5,46,51,1.0980392156862746,0.042054138410837674,530,The sword is mightier than the scribe.
2923,1,3,47,51,1.0980392156862746,0.050525877359706366,530,Damocles hereby requests the return of his sword.
2923,1,3,47,51,1.0980392156862746,0.050525877359706366,530,"By decree, His Royal Highness replaces the current sword with one of augmented reality."
2923,1,3,47,51,1.0980392156862746,0.050525877359706366,530,"Your Highness, the bank is foreclosing on your empire."
2923,1,3,47,51,1.0980392156862746,0.050525877359706366,530,Dionysius proclaims he is going to be 'down the shore' for a couple extra weeks. He says enjoy the throne.
2923,0,5,46,51,1.0980392156862746,0.042054138410837674,530,A trial by dagger shall determine your highness's guilt or innocence!
2923,1,3,47,51,1.0980392156862746,0.050525877359706366,530,It says thank-you for spearheading the new tax plan enjoy your new decoration. Sincerely The Chopacockoffs.
2923,0,5,46,51,1.0980392156862746,0.042054138410837674,530,"If it's all the same to you, I'd just as soon do my own editing."
2942,0,4,38,42,1.0952380952380953,0.045843796413450766,530,Damocles cancelled once again.
2943,1,3,49,53,1.0943396226415094,0.04866990605836638,530,The Smaug turkey is ready for carving sire
2944,0,4,39,43,1.0930232558139534,0.04481972612369448,530,... and your official motto will be Speak Softly and Carry a Big Stick.
2944,2,0,41,43,1.0930232558139534,0.06498959358193226,530,Your Queen says she appreciates hyperbole but begs you to stop using your words like giant daggers.
2944,0,4,39,43,1.0930232558139534,0.04481972612369448,530,... and this is the updated 'Sword in the Stone' user interface...
2944,0,4,39,43,1.0930232558139534,0.04481972612369448,530,"Your Majesty, The People shall soon speak."
2948,0,4,40,44,1.0909090909090908,0.04384025656094653,530,I'll take the throne so move out. No one knows horse hair like I do
2948,0,4,40,44,1.0909090909090908,0.04384025656094653,530,"Damocles ends by saying ""rule by your conscience."""
2948,1,2,41,44,1.0909090909090908,0.054580679253385125,530,You're positive that this Damocles guy was a protégé of Warhol's?
2948,0,4,40,44,1.0909090909090908,0.04384025656094653,530,The council also wants you to make budget cuts in a big way
2948,0,4,40,44,1.0909090909090908,0.04384025656094653,530,We've sent your regrets for the Lean In event.
2948,0,4,40,44,1.0909090909090908,0.04384025656094653,530,We should have the bugs out of the guidance system in a month or so.
2948,1,2,41,44,1.0909090909090908,0.054580679253385125,530,"The warehouse responds: “Rope is backordered, would you like a parasol?”"
2955,1,2,42,45,1.0888888888888888,0.05339222337940409,530,"Oh yep, you did originally say ""Giant Knight."""
2955,0,4,41,45,1.0888888888888888,0.042902546629485463,530,And lastly king Sanders the Dorne nominating committee says the rope is fine.
2955,1,2,42,45,1.0888888888888888,0.05339222337940409,530,This official scroll announces that Damocles is now a giant Benihana steak chef.
2955,0,4,41,45,1.0888888888888888,0.042902546629485463,530,"O.K, Fool! Get to the point."
2955,1,2,42,45,1.0888888888888888,0.05339222337940409,530,PS: It seems you have a rather loose handle on the throne.
2955,1,2,42,45,1.0888888888888888,0.05339222337940409,530,"Have you considered augmentation of your Highness' income by placing an advertising slogan on Excalibur, your grace?"
2955,0,4,41,45,1.0888888888888888,0.042902546629485463,530,"The queen say; ""For this is the last thing you shall ever hold over you"""
2955,0,4,41,45,1.0888888888888888,0.042902546629485463,530,"And after dinner father, Mariah Carey will be here to perform her rendition of ""Lovin' You"""
2955,0,4,41,45,1.0888888888888888,0.042902546629485463,530,A message for Sir O. Verr Kompensate...
2955,1,2,42,45,1.0888888888888888,0.05339222337940409,530,Zorro sends his regrets.
2965,0,4,42,46,1.0869565217391304,0.04200399056866503,530,Say the secret word and the sword will come down.
2965,0,4,42,46,1.0869565217391304,0.04200399056866503,530,"On the negative side, Lord Damocles, the amount budgeted for horse hair is woefully insufficient."
2965,0,4,42,46,1.0869565217391304,0.04200399056866503,530,. . . sort of what?
2965,0,4,42,46,1.0869565217391304,0.04200399056866503,530,"Oh yea, oh yea, my dearest, smartest, most fearless King Dionysius: I, Damocles your humble courtier, do wish to clarify a comment made in haste. I was just messing with you last week. I have no interest in being king. It's all good. Really."
2965,0,4,42,46,1.0869565217391304,0.04200399056866503,530,People want to know how you intend to restore law and order.
2965,0,4,42,46,1.0869565217391304,0.04200399056866503,530,"Mr. Dionysius, sir, my contract clearly states that I get a fifteen minute break every two hours... With your permission I'd like to take that right now."
2965,0,4,42,46,1.0869565217391304,0.04200399056866503,530,The King asks Damocles not to soil his robe on the way out.
2965,1,2,43,46,1.0869565217391304,0.0522543663110723,530,"Not ""this"" sword."
2965,1,2,43,46,1.0869565217391304,0.0522543663110723,530,"And lastly King Dionysius, Mr.Trump sends his regrets."
2965,0,4,42,46,1.0869565217391304,0.04200399056866503,530,Apparently it was left over from the Iron Throne.
2965,0,4,42,46,1.0869565217391304,0.04200399056866503,530,"Damocles, with great fortune and power comes also great danger."
2965,0,4,42,46,1.0869565217391304,0.04200399056866503,530,"Sire, it indicates that support system is 10 years out of warranty."
2965,1,2,43,46,1.0869565217391304,0.0522543663110723,530,It was the best of times. It was the worst of times...
2965,0,4,42,46,1.0869565217391304,0.04200399056866503,530,Don't worry... It's just CGI.
2965,0,4,42,46,1.0869565217391304,0.04200399056866503,530,"Yes, Mr. Macbeth. That's exactly what it is."
2965,0,4,42,46,1.0869565217391304,0.04200399056866503,530,"Gosh darn, still can't find the fine print."
2965,0,4,42,46,1.0869565217391304,0.04200399056866503,530,Dionysius says he'd sooner have his perilous throne back right now than spend one more minute slumming it amongst the great unwashed.
2965,1,2,43,46,1.0869565217391304,0.0522543663110723,530,"Damn, Damocles."
2965,0,4,42,46,1.0869565217391304,0.04200399056866503,530,lol u have gotta be kidding me rn w/ this
2965,0,4,42,46,1.0869565217391304,0.04200399056866503,530,"When the Pied Piper of Hamlin was in my position, he led everybody, including the king to their deaths!"
2985,0,4,43,47,1.0851063829787233,0.041142194186747603,530,"The enemy has responded, your highness, and he says: ""Touché!"""
2985,0,4,43,47,1.0851063829787233,0.041142194186747603,530,Your Majesty; due to the unreconcilable divide in your kingdom it is advised you cut your overhead and seek the high middle ground.
2985,0,4,43,47,1.0851063829787233,0.041142194186747603,530,There's a policy revision from your insurer Damocles Associates requiring your attention.
2985,0,4,43,47,1.0851063829787233,0.041142194186747603,530,"Lastly, it says that you will die the same day I do."
2985,0,4,43,47,1.0851063829787233,0.041142194186747603,530,"I agree, it should be sharper."
2985,0,4,43,47,1.0851063829787233,0.041142194186747603,530,"Your Highness, it is your turn to cut the deck."
2985,0,4,43,47,1.0851063829787233,0.041142194186747603,530,"Of course it's horrible that these people are threatening you, sir, but I'm much more curious about how large the stone must have been."
2985,0,4,43,47,1.0851063829787233,0.041142194186747603,530,99 bottles of beer on the wall 99 bottles of beer...
2985,0,4,43,47,1.0851063829787233,0.041142194186747603,530,"Welcome to the throne, King Henry CCVII. Despite the recent rash of accidents, the council of nobles has decided not to increase the rope budget."
2985,0,4,43,47,1.0851063829787233,0.041142194186747603,530,And now for the store of Damocles sword.
2985,0,4,43,47,1.0851063829787233,0.041142194186747603,530,"Jamie Lannister sends his regards, My Lord."
2985,0,4,43,47,1.0851063829787233,0.041142194186747603,530,Left! Right! Left! Right!! All they could agree on was that it had to be BIG.
2985,0,4,43,47,1.0851063829787233,0.041142194186747603,530,"Let me read this back ""I Damocles, being of sound mind and body......"""
2985,0,4,43,47,1.0851063829787233,0.041142194186747603,530,"Oh mighty King Dionysius, your humble Hebrew subjects beseech you to beat that big sword into a plowshare."
2985,0,4,43,47,1.0851063829787233,0.041142194186747603,530,"I've checked the figures....there's only one missing, sire."
2985,1,2,44,47,1.0851063829787233,0.05116394748945358,530,"Sire, someone named Crowdsourcing asks you grant them a royal seal of approval to raise funds for a maker of improved thread."
2985,0,4,43,47,1.0851063829787233,0.041142194186747603,530,You are hereby sentenced.
2985,0,4,43,47,1.0851063829787233,0.041142194186747603,530,"Dear King, My brother thinks it would be funny if the knife fell on your head. Your Loyal Servant, Jordy"
2985,0,4,43,47,1.0851063829787233,0.041142194186747603,530,"The enemy is at our gates, but you do not have to worry much longer!"
2985,0,4,43,47,1.0851063829787233,0.041142194186747603,530,"Oh yeah, Oh yeah... Oh crap!"
2985,0,4,43,47,1.0851063829787233,0.041142194186747603,530,"Do not kill the messenger, huh Spencer."
2985,0,4,43,47,1.0851063829787233,0.041142194186747603,530,We asked them to be extra careful with the pick-up.
2985,0,4,43,47,1.0851063829787233,0.041142194186747603,530,"...And furthermore, we make one this size in hopes that we will never have to use it. How's that?"
2985,0,4,43,47,1.0851063829787233,0.041142194186747603,530,Looks like your annual sharpening is due.
2985,0,4,43,47,1.0851063829787233,0.041142194186747603,530,I've got good news and I've got good news....
2985,1,2,44,47,1.0851063829787233,0.05116394748945358,530,hey bro
2985,1,2,44,47,1.0851063829787233,0.05116394748945358,530,How the guillotine was invented
2985,0,4,43,47,1.0851063829787233,0.041142194186747603,530,"It says, ""Move your chair two feet forward, dear Scorpio""."
2985,0,4,43,47,1.0851063829787233,0.041142194186747603,530,"Sagittarius, right?"
2985,0,4,43,47,1.0851063829787233,0.041142194186747603,530,"I suggest taking out the part that says ""in a spirit of mutual respect and cooperation."""
3015,1,2,45,48,1.0833333333333333,0.05011806391880343,530,Here's the Act 2 challenge of Reality TV Macbeth.
3015,1,2,45,48,1.0833333333333333,0.05011806391880343,530,"Signed, The Royal Council of Equity Market Short Sellers"
3015,0,4,44,48,1.0833333333333333,0.040314953903908046,530,The good news is that two of you will rule the land twice as well.
3015,0,4,44,48,1.0833333333333333,0.040314953903908046,530,"Etcetera, etcetera, etcetera, etcetera, and that's it."
3015,0,4,44,48,1.0833333333333333,0.040314953903908046,530,'Have you chosen a running mate? '
3015,0,4,44,48,1.0833333333333333,0.040314953903908046,530,"There was some minor grumbling, but the merchants will accept the new tributes."
3015,0,4,44,48,1.0833333333333333,0.040314953903908046,530,"...hope you enjoy the gift, signed...King Othello."
3015,0,4,44,48,1.0833333333333333,0.040314953903908046,530,"sire, Damocles respectfully suggests you do some serious rethinking before November."
3015,0,4,44,48,1.0833333333333333,0.040314953903908046,530,"The ancient scroll says ""thou shall serve until the knife falls."""
3015,0,4,44,48,1.0833333333333333,0.040314953903908046,530,"But, Your Majesty, killing the messenger will not make your kingdom great again!"
3015,0,4,44,48,1.0833333333333333,0.040314953903908046,530,"Your doting brother, Prince Ferdinand, humbly entreats you to put down the sword and divide the realm, so to speak."
3015,0,4,44,48,1.0833333333333333,0.040314953903908046,530,Got my point!
3015,0,4,44,48,1.0833333333333333,0.040314953903908046,530,Lo and behold!...
3015,0,4,44,48,1.0833333333333333,0.040314953903908046,530,The Jester School called...they've run out of candidates for our job opening!
3015,1,2,45,48,1.0833333333333333,0.05011806391880343,530,"Hear Ye! Hear Ye! Bragging about your big ""sword"" may not have been such a good idea!"
3015,0,4,44,48,1.0833333333333333,0.040314953903908046,530,The original suicide King.
3015,0,4,44,48,1.0833333333333333,0.040314953903908046,530,"Sire Damocles, just arrived is an urgent message from the king: your gig is up."
3015,0,4,44,48,1.0833333333333333,0.040314953903908046,530,Hear Ye! Hear Ye! A reward of one crown shall be paid to the descendants of anyone foolish enough to find the missing dagger.
3015,0,4,44,48,1.0833333333333333,0.040314953903908046,530,Be it known that His Majesty is now the sharpest knife in the drawer.
3015,0,4,44,48,1.0833333333333333,0.040314953903908046,530,The National Bow Association demands that you not ban high-capacity quivers.
3015,1,2,45,48,1.0833333333333333,0.05011806391880343,530,I like it. But tell the speech writers I want to close with: ‘A steak. A steak. My kingdom for a YUGE! steak.’
3015,0,4,44,48,1.0833333333333333,0.040314953903908046,530,The next item presents a unique opportunity for your Majesty to join the latest innovation in shave clubs.
3015,1,2,45,48,1.0833333333333333,0.05011806391880343,530,And the next man to be knighted is the BFG.
3015,0,4,44,48,1.0833333333333333,0.040314953903908046,530,"Dear Sameocles,"
3015,0,4,44,48,1.0833333333333333,0.040314953903908046,530,My lord wishes to express sharp dissent...
3015,1,2,45,48,1.0833333333333333,0.05011806391880343,530,Aardvark. Aardvark. Aardvark. Aardvark. . .
3015,0,4,44,48,1.0833333333333333,0.040314953903908046,530,"Your majesty, due to budget problems we may not be able to repair the rope above you."
3015,1,2,45,48,1.0833333333333333,0.05011806391880343,530,BOY IF U DONT GET OUT THE WAY!!!!!!!!!!!! BOY I SHIT
3015,0,4,44,48,1.0833333333333333,0.040314953903908046,530,"Its for a really big, bad messenger."
3015,0,4,44,48,1.0833333333333333,0.040314953903908046,530,Its a letter from HBO...heeeeeyy how about we stretch out legs your majesty.
3045,1,2,46,49,1.0816326530612246,0.049114044483651885,530,Mirabiliter et extremum auriculae sunt aequalia.
3045,0,4,45,49,1.0816326530612246,0.03952023822660631,530,"But Sire, the rope came with only a 30 day warranty."
3045,1,2,46,49,1.0816326530612246,0.049114044483651885,530,This is not the knife your family wished you to go under!!
3045,0,4,45,49,1.0816326530612246,0.03952023822660631,530,Let the pokeman games begin!!!!
3045,0,4,45,49,1.0816326530612246,0.03952023822660631,530,"And so the script goes, ""and this can be yours, if the price is right."""
3045,0,4,45,49,1.0816326530612246,0.03952023822660631,530, 
3045,1,2,46,49,1.0816326530612246,0.049114044483651885,530,Dear King Damaclease...
3045,0,4,45,49,1.0816326530612246,0.03952023822660631,530,""" Your excellency, I'm rereading the instructions for hanging a sword overhead, but I'm still not entirely clear on anchoring and support."
3045,1,2,46,49,1.0816326530612246,0.049114044483651885,530,The Queen thought this way whoever replaces you only loses his legs.
3045,0,4,45,49,1.0816326530612246,0.03952023822660631,530,The royal taster would like to trade jobs for a day.
3045,1,2,46,49,1.0816326530612246,0.049114044483651885,530,"As the palace accountant lists the monthly expenses, Dionysius regrets ordering such a large sword for his little experiment."
3045,1,2,46,49,1.0816326530612246,0.049114044483651885,530,His majesty decrees a new start-up! Shilling Shave Club.
3045,0,4,45,49,1.0816326530612246,0.03952023822660631,530,I am hoping they are referring to my sense of humor
3045,0,4,45,49,1.0816326530612246,0.03952023822660631,530,take your time. i won't feel a thing.
3045,1,2,46,49,1.0816326530612246,0.049114044483651885,530,It's to be a constant reminder that circumcision will always be allowed in England!
3045,0,4,45,49,1.0816326530612246,0.03952023822660631,530,"Sire, Damocles has declined your offer to also try sitting upon this throne."
3045,1,2,46,49,1.0816326530612246,0.049114044483651885,530,New rules for Pokémon Sword Dangle: Cut the cord/Sit still/ Deal the cards.
3045,0,4,45,49,1.0816326530612246,0.03952023822660631,530,The majesty should not pay any attention to objects hanging from the palace ceiling.
3045,1,2,46,49,1.0816326530612246,0.049114044483651885,530,You think your sword is so mighty
3045,1,2,46,49,1.0816326530612246,0.049114044483651885,530,Sir Williamsbury would like to offer his majesty big props on your latest military campaign.
3045,0,4,45,49,1.0816326530612246,0.03952023822660631,530,"""And finally Your Highness, the Big Guy beseeches you to reject our enemy's 'Death by Limbo' challenge."
3045,1,2,46,49,1.0816326530612246,0.049114044483651885,530,"Oh great king, due to a slight clerical error thine mighty sword doth wield much great anger and might, much greater in fact than the original specifications called for."
3045,1,2,46,49,1.0816326530612246,0.049114044483651885,530,Since you refused our horse...
3045,0,4,45,49,1.0816326530612246,0.03952023822660631,530,"... And there's broad scientific consensus. But popular pundits and several polls indicate it is a dagger of the mind you see before you, so don't sweat it."
3045,0,4,45,49,1.0816326530612246,0.03952023822660631,530,May I suggest skipping the baked Alaska.
3045,0,4,45,49,1.0816326530612246,0.03952023822660631,530,"We're running out of L's, X's and V's my Lord."
3045,0,4,45,49,1.0816326530612246,0.03952023822660631,530,I put two words together to define your reign. The first word is Bull.
3045,1,2,46,49,1.0816326530612246,0.049114044483651885,530,He says it is augmented reality hangman with a twist.
3045,0,4,45,49,1.0816326530612246,0.03952023822660631,530,"For the horsehair, he says wash, rinse, repeat. No blow dry."
3045,2,0,47,49,1.0816326530612246,0.057118556543356014,530,"It shall be hereby proclaimed that it IS the size of the boat, and not the motion of the ocean."
3045,1,2,46,49,1.0816326530612246,0.049114044483651885,530,Jack the Giant Killer wants his sword back.
3045,0,4,45,49,1.0816326530612246,0.03952023822660631,530,"...and, if Your Majesty ever farts in court, your nether regions will be cut asunder."
3045,0,4,45,49,1.0816326530612246,0.03952023822660631,530,That you work hard for what you want in life;that your word is your bond....
3045,1,2,46,49,1.0816326530612246,0.049114044483651885,530,It does not fit in my pocket.
3045,0,4,45,49,1.0816326530612246,0.03952023822660631,530,"A gift from Troy, for the birthday piñata the Greeks sent you, they say."
3045,0,4,45,49,1.0816326530612246,0.03952023822660631,530,"Highness, Damocles can't make it for dinner."
3045,0,4,45,49,1.0816326530612246,0.03952023822660631,530,"Basically he says he thought this was going to be more of a short term switch. Blah, blah, blah. He'd like to have his power back."
3045,0,4,45,49,1.0816326530612246,0.03952023822660631,530,How could you possibly send the CGI guys to lunch now?
3045,1,2,46,49,1.0816326530612246,0.049114044483651885,530,"Sire, it appears the robe makers guild is in rebellion!"
3045,1,2,46,49,1.0816326530612246,0.049114044483651885,530,I do not see these problems as a threat.
3045,0,4,45,49,1.0816326530612246,0.03952023822660631,530,"The people are demanding more walls, Sire"
3045,1,2,46,49,1.0816326530612246,0.049114044483651885,530,"Yes Sire, Goliath's sword is on the spoils of war list."
3087,1,2,47,50,1.08,0.04814942727529348,530,A certain Damocles has sent an inquiry on HomeExchange.com.
3087,0,4,46,50,1.08,0.03875617133214439,530,dont be afraid im always open to new ideas
3087,1,2,47,50,1.08,0.04814942727529348,530,i want it to cut my dick off
3087,0,4,46,50,1.08,0.03875617133214439,530,They're threatening further action for non payment for the hanging dagger
3091,1,2,48,51,1.0784313725490196,0.04722193952467567,530,Your decree to make the doorway wider will be obeyed
3092,0,3,39,42,1.0714285714285714,0.04022089331224806,530,Damocles is sure he doesn't want to switch with you again.
3092,0,3,39,42,1.0714285714285714,0.04022089331224806,530,Easy may lie the head that has become a lame duck.
3094,0,3,40,43,1.069767441860465,0.03930950021993099,530,"now do you believe that this sword has become very dull, my lord?"
3094,0,3,40,43,1.069767441860465,0.03930950021993099,530,"The Thane of Brobdingnag will be in attendance, King Duncan."
3094,1,1,41,43,1.069767441860465,0.051503946641122844,530,"Wilkshire: 4 sheep, 3 chickens; Blackshire: 2 cows, 4 chickens; Upshire..."
3097,0,3,41,44,1.0681818181818181,0.03843843094202265,530,"Dear valued customer, due to the unforeseen popular demand of the QuillPen (r), we have a 6 week delay in your order. Please excuse any inconvenience."
3097,0,3,41,44,1.0681818181818181,0.03843843094202265,530,The people seem to want their cake and eat it to Sire...So so sorry.
3097,0,3,41,44,1.0681818181818181,0.03843843094202265,530,"""Welcome to Damoclesy, King Trump, and may the sword fall soon and save us all""."
3097,0,3,41,44,1.0681818181818181,0.03843843094202265,530,The good news is GAME OF THRONES will be taking it's sweet old time to wrap up.
3097,1,1,42,44,1.0681818181818181,0.05034476562380576,530,"The King says, O brave Damocles, ""Don't bother me! I'm on the second green, and have a tricky downhill putt!"""
3097,1,1,42,44,1.0681818181818181,0.05034476562380576,530,"Your Majesty TRUMP, your subjects are not impressed with your new defense system."
3097,0,3,41,44,1.0681818181818181,0.03843843094202265,530,Delphi is forecasting an earthquake
3097,0,3,41,44,1.0681818181818181,0.03843843094202265,530,"Instead of the Sword of Damocles, it's the Dagger of Hamlet hanging over your head, King Claudius."
3097,0,3,41,44,1.0681818181818181,0.03843843094202265,530,According the guidelines this does still count as a dagger before you.
3097,1,1,42,44,1.0681818181818181,0.05034476562380576,530,"Yes sire, Damocles says hello."
3097,0,3,41,44,1.0681818181818181,0.03843843094202265,530,"Galahad writes he'll miss Thanksgiving this year, but that Lancelot can help you round out the table and represent the castle in the knife-throwing competition at the annual holiday talent show."
3108,0,3,42,45,1.0666666666666667,0.03760507165451773,530,...Well that should get you caught up on your favorite soaps...by the way if you don't get your fat butt off that throne soon you are going to be in a world of hurt...on a lighter note...all's well at the...
3108,0,3,42,45,1.0666666666666667,0.03760507165451773,530,"The hair trumps the risk of breakage, given it's of no known natural material."
3108,0,3,42,45,1.0666666666666667,0.03760507165451773,530,"Don't worry, its just a publicity stunt."
3108,0,3,42,45,1.0666666666666667,0.03760507165451773,530,Mr. Trump asks that you to remove the sword and replace it with a fog machine.
3108,0,3,42,45,1.0666666666666667,0.03760507165451773,530,Mrs. Damocles accepts your invitation to spend the weekend with you.
3108,0,3,42,45,1.0666666666666667,0.03760507165451773,530,"Sire, I have the bid from the roofing contractor."
3108,0,3,42,45,1.0666666666666667,0.03760507165451773,530,O King Damocles....
3108,0,3,42,45,1.0666666666666667,0.03760507165451773,530,"Your bad credit is no issue, Dionysius. Here we have a our subprime option for you."
3108,0,3,42,45,1.0666666666666667,0.03760507165451773,530,"Sorry for the delay your majesty, here are the last 28 pages..."
3108,0,3,42,45,1.0666666666666667,0.03760507165451773,530,"We demand that the ""Game of Thrones"" continue for at least another season."
3108,0,3,42,45,1.0666666666666667,0.03760507165451773,530,You were never circumcised.
3108,0,3,42,45,1.0666666666666667,0.03760507165451773,530,"Despite your attempts to appear funny, you still seem to have communication problems, but an ironic death could help you keep your name out there."
3108,0,3,42,45,1.0666666666666667,0.03760507165451773,530,"It is henceforth decreed: on the eighth day, not on the eightieth year..."
3108,1,1,43,45,1.0666666666666667,0.04923659639173308,530,And then the Big Mac called your son the little Whopper...
3108,0,3,42,45,1.0666666666666667,0.03760507165451773,530,I call it the sword of Damotwitter.
3108,1,1,43,45,1.0666666666666667,0.04923659639173308,530,It's more comfortable than it looks.
3124,0,3,43,46,1.065217391304348,0.03680702927304431,530,"In this article they said, 'All sword no spunk.' which I thought was a bit much."
3124,0,3,43,46,1.065217391304348,0.03680702927304431,530,"Inspired by the Trojan horse, the French realized they could easily cut the head, or rather, torso, off the snake."
3124,1,1,44,46,1.065217391304348,0.04817614532925987,530,". . . and the King agrees to a generous, tax-free Grant to the Island known as 'Land of the Very Big' in exchange for immediate removal of their Scroll Opener!"
3124,0,3,43,46,1.065217391304348,0.03680702927304431,530,"The Americans suggest you ""sue your architect or move your damned chair, loser."""
3124,0,3,43,46,1.065217391304348,0.03680702927304431,530,"Anyone who may wield my new sword, Extracalibur, will dethrone me and become king."
3124,0,3,43,46,1.065217391304348,0.03680702927304431,530,Stand up for our cause!
3124,0,3,43,46,1.065217391304348,0.03680702927304431,530,"It's from the Philistines, they want Goliath's sword back."
3124,0,3,43,46,1.065217391304348,0.03680702927304431,530,The people unanimously acknowledge Your Highness as winner of the bass sweepstakes.
3124,0,3,43,46,1.065217391304348,0.03680702927304431,530,"Sire, I'm sorry, the Cincinnati edition was sold out, I had to buy you the real thing."
3124,1,1,44,46,1.065217391304348,0.04817614532925987,530,Your wife wanted to remind you as soon as possible that SHE told you to hang the pen.
3124,0,3,43,46,1.065217391304348,0.03680702927304431,530,Your majesty's late uncle's also refused to listen to the spinner's and sword smith's warnings about unfilial bribes they've been offered.
3124,0,3,43,46,1.065217391304348,0.03680702927304431,530,"""Section II, Article One: 'no souvenir of war shall be larger than actual size' Sir, your accomplishments should begin to speak for themselves"" - end -"
3124,0,3,43,46,1.065217391304348,0.03680702927304431,530,The steward wants to know if he can remove the invisible giant yet.
3124,0,3,43,46,1.065217391304348,0.03680702927304431,530,"Come what may, your Highness is a bold pioneer in the art of telesurgery."
3124,0,3,43,46,1.065217391304348,0.03680702927304431,530,The plastic surgeon has accepted your job offer.
3124,0,3,43,46,1.065217391304348,0.03680702927304431,530,I've been informed he somehow survived the stabbing.
3124,0,3,43,46,1.065217391304348,0.03680702927304431,530,"Isn't this ironic, dontcha think?"
3124,0,3,43,46,1.065217391304348,0.03680702927304431,530,. . .and nothing up His Majesty's sleeves.
3124,0,3,43,46,1.065217391304348,0.03680702927304431,530,We the people....appealing to the supreme judge of the world for the rectitude of our intentions......
3124,0,3,43,46,1.065217391304348,0.03680702927304431,530,"I'm afraid, Sire, that Brexit means Brexit."
3144,0,3,44,47,1.0638297872340425,0.03604210867489022,530,Adam Smith's giant is demanding a raise. Or he lets go.
3144,0,3,44,47,1.0638297872340425,0.03604210867489022,530,"And, while once again pledging our loyal obedience, in eternal gratitude, we humbly beseech . .."
3144,0,3,44,47,1.0638297872340425,0.03604210867489022,530,"""Are you hereby endorsing this proclamation with good conscience!"
3144,0,3,44,47,1.0638297872340425,0.03604210867489022,530,Hear ye! Hear ye! Theft from the middle class shall be punished with the loss of one's hands by sword.
3144,1,1,45,47,1.0638297872340425,0.0471603962868858,530,"I'm sorry, Sire, but you clearly wrote a (') instead of an ("") abbreviation."
3144,0,3,44,47,1.0638297872340425,0.03604210867489022,530,"Sire, your son, the Prince, suggests to his Royal Father, that a role of paper towels hanging over the throne would be better, so said Damocles, his royal tutor."
3144,1,1,45,47,1.0638297872340425,0.0471603962868858,530,"Your Highness, with this gift from your loyal subjects the glorious day is at hand when you will slay the dragon."
3144,1,1,45,47,1.0638297872340425,0.0471603962868858,530,The Donald or Hillary. Bad luck for you.
3144,0,3,44,47,1.0638297872340425,0.03604210867489022,530,"Great, Please step closer."
3144,0,3,44,47,1.0638297872340425,0.03604210867489022,530,"You can now afford to remain utterly silent, sir."
3144,0,3,44,47,1.0638297872340425,0.03604210867489022,530,Earl of Onion is here for the slicing !
3144,0,3,44,47,1.0638297872340425,0.03604210867489022,530,"My liege, the RNC wants its party back."
3144,1,1,45,47,1.0638297872340425,0.0471603962868858,530,"Just to confirm, you want them to pay for the wall AND the moat?"
3144,0,3,44,47,1.0638297872340425,0.03604210867489022,530,""" Sir! It says here : ' Try not to think of a sword ' ""."
3144,0,3,44,47,1.0638297872340425,0.03604210867489022,530,"I realize, my lord, that the entire kingdom's survival depends on your acceptance speech this evening, and I assure you that not a single word has been knowingly plagiarized."
3144,0,3,44,47,1.0638297872340425,0.03604210867489022,530,"Hail Caesar! No, wait.....wrong script!"
3144,0,3,44,47,1.0638297872340425,0.03604210867489022,530,"We the people, in order preserve...blah blah blah, buffoon...blah blah...misogynist...Oh Donny Boy, you're fired."
3144,1,1,45,47,1.0638297872340425,0.0471603962868858,530,I just thought I'd drop in.
3144,1,1,45,47,1.0638297872340425,0.0471603962868858,530,Watch that the knife doesn't fall in November!
3144,0,3,44,47,1.0638297872340425,0.03604210867489022,530,No worries my lord! The cable company reversed that $3.95 movie charge.
3144,1,1,45,47,1.0638297872340425,0.0471603962868858,530,Oh how I wish I were you...
3144,0,3,44,47,1.0638297872340425,0.03604210867489022,530,“Merlin wishes you a swift and successful campaign your Majesty.” King Arthur falls victim to the Wizard's sense of humor.
3144,0,3,44,47,1.0638297872340425,0.03604210867489022,530,About that Sword of Damocles...
3144,0,3,44,47,1.0638297872340425,0.03604210867489022,530,"And finally, market experts assure your majesty there is no sword bubble."
3144,0,3,44,47,1.0638297872340425,0.03604210867489022,530,The kitchen staff is requisitioning sharper knives.
3144,0,3,44,47,1.0638297872340425,0.03604210867489022,530,The horse came from one of Donald Trump's stables.
3144,0,3,44,47,1.0638297872340425,0.03604210867489022,530,..and what is the punishment for using 'their' incorrectly?
3144,0,3,44,47,1.0638297872340425,0.03604210867489022,530,"I'm afraid the tests confirm it sire, that is the Sword of Damocles."
3144,1,1,45,47,1.0638297872340425,0.0471603962868858,530,"Good New Sir: 'Monarchy' is not polling a solid 15% above 'Democracy,' 25% over 'Socialism', and a full 40% over 'Peasant Revolt.'"
3144,1,1,45,47,1.0638297872340425,0.0471603962868858,530,"This decree states ""anyone Man enough to remove the royal Armour will win win 4 free tokens at chunky cheese"", signed, surely you jest !"
3144,0,3,44,47,1.0638297872340425,0.03604210867489022,530,"I Goliath being of sound mind, bequeath to you my sword."
3144,0,3,44,47,1.0638297872340425,0.03604210867489022,530,"When it no longer pays to say anything nice, don't say anything at all."
3176,0,3,45,48,1.0625,0.035308292679127,530,"The court regrets to inform you that given your unhealthy obsession, your application to change your name to King Julius has been denied."
3176,0,3,45,48,1.0625,0.035308292679127,530,The guys that did the popemobile can have a throne-on-wheels here by Wednesday.
3176,0,3,45,48,1.0625,0.035308292679127,530,check with the kitchen & see if they are missing any steak knives
3176,0,3,45,48,1.0625,0.035308292679127,530,"And Emperor Donocles Trump doth decree, 'Make America Greek Again.'"
3176,0,3,45,48,1.0625,0.035308292679127,530,.... And finally this: the royal weather minister is calling for a heavy cloud cover today.
3176,0,3,45,48,1.0625,0.035308292679127,530,"M'lord, thy will be done?"
3176,1,1,46,48,1.0625,0.04618658197582853,530,"...And here today, we commiserate King OvaCompensate"
3176,0,3,45,48,1.0625,0.035308292679127,530,"Sire, the court is concerned about this new form of hangman."
3176,1,1,46,48,1.0625,0.04618658197582853,530,Don't just stand there. Throw me that rope!
3176,0,3,45,48,1.0625,0.035308292679127,530,"""Hear ye hear ye...Camelot Insurance company claims"
3176,0,3,45,48,1.0625,0.035308292679127,530,Life under the sword of Damocles
3176,0,3,45,48,1.0625,0.035308292679127,530,The knight accusing you of having an inferiority complex has just been captured.
3176,0,3,45,48,1.0625,0.035308292679127,530,Damn! Ol' Swordocles really wants to teach you a lesson.
3176,0,3,45,48,1.0625,0.035308292679127,530,"Your Majesty, Damocles seeks your counsel on catching swords."
3176,0,3,45,48,1.0625,0.035308292679127,530,Damocles had the Republican Convention in mind.
3176,0,3,45,48,1.0625,0.035308292679127,530,OUR ENGINEERING STUDY SHOWS WE WILL GET A NET 150 PLOW SHARES AFTER CONVERSION
3176,0,3,45,48,1.0625,0.035308292679127,530,"It states, my Lord: ""Arthur, I AM your Father!"""
3176,0,3,45,48,1.0625,0.035308292679127,530,". . . and they want time-and-half on weekends, too."
3176,1,1,46,48,1.0625,0.04618658197582853,530,"M'lord, it appears father John has ""Papa Sized"" your cutting utinsil rather than your order of 37 pies."
3176,0,3,45,48,1.0625,0.035308292679127,530,"It seems your friends have declined your dinner invitation, King Brute."
3176,0,3,45,48,1.0625,0.035308292679127,530,"Your highness, the committee on responsible kingdom management is asking you cut 15 % from the fiscal 1520 budget ... NOW."
3176,0,3,45,48,1.0625,0.035308292679127,530,"Sire, Lord Wolf sends Breaking News; standby."
3176,1,1,46,48,1.0625,0.04618658197582853,530,"Make sure that surfboard and table don't come unglued!!!!!! or I will be screaming ""CUT"""
3176,0,3,45,48,1.0625,0.035308292679127,530,"...and, therefore, as President of the Foundation for the Preservation of Future Elections, we are reluctant to bury this double-edged sword in our current time capsule. Please try again next year. Thank you."
3176,0,3,45,48,1.0625,0.035308292679127,530,"And it ends, 'thank you in advance for return of my sword, best regards, Damocles.'"
3176,0,3,45,48,1.0625,0.035308292679127,530,"New King and Crown of the Realm, I have an important dispatch from Cicero."
3176,0,3,45,48,1.0625,0.035308292679127,530,"Yes, it is a knife you see above your face"
3176,0,3,45,48,1.0625,0.035308292679127,530,"As heir apparent, I thought it best to use a teleprompter."
3204,1,1,47,49,1.0612244897959184,0.045252158828741736,530,"It sayeth: ""Your lordship no longer pleases""."
3204,0,3,46,49,1.0612244897959184,0.03460372440370034,530,It's a letter from Damoclese. He says you're too old for his sword and he wants it back.
3206,0,2,36,38,1.0526315789473684,0.0367097806559429,530,"Enunciate each word very, very slowly"
3207,0,2,39,41,1.048780487804878,0.034059122057973054,530,For unlawful carnal knowledge.
3207,0,2,39,41,1.048780487804878,0.034059122057973054,530,"The Sword of Damocles is alive and well, your highness."
3207,0,2,39,41,1.048780487804878,0.034059122057973054,530,"No worries, I've reinforced the thread with the latest high-tech polymer."
3207,0,2,39,41,1.048780487804878,0.034059122057973054,530,The giant demands that you stay in under armor.
3207,0,2,39,41,1.048780487804878,0.034059122057973054,530,"Sorry, the Prime Minister has the monopoly on all the cords for reinforcing. unfortunately."
3207,0,2,39,41,1.048780487804878,0.034059122057973054,530,"The tailor is requesting your inseam, Your Highness."
3207,0,2,39,41,1.048780487804878,0.034059122057973054,530,"You'll have to sign all these proclamations. Remember, the pen is mightier than the sword."
3214,0,2,40,42,1.0476190476190477,0.033258585512837065,530,"Apparently. ""gutsy"" becomes you, Your Majesty."
3214,0,2,40,42,1.0476190476190477,0.033258585512837065,530,Your replacement ordered it. The other one encouraged too many small hand jokes.
3214,0,2,40,42,1.0476190476190477,0.033258585512837065,530,"Yes I see Longshanks, but where does it say HAMMER of the Scots?"
3214,0,2,40,42,1.0476190476190477,0.033258585512837065,530,"Report from the torture room, you Majesty: the traitor still refuses to see reason."
3214,0,2,40,42,1.0476190476190477,0.033258585512837065,530,And this dirty tax evader deserves to get the Super Blade.
3214,0,2,40,42,1.0476190476190477,0.033258585512837065,530,Your heiness I assure you there are more humane ways of trimming your beard
3214,1,0,41,42,1.0476190476190477,0.047619047619047616,530,It's cook's knife with instructions on how to carve meat.
3214,0,2,40,42,1.0476190476190477,0.033258585512837065,530,"Jester, read again the closing before guests arrive. ....... we thank you ""David"" for your gift to the Temple and are forever grateful for your conquest!"
3214,0,2,40,42,1.0476190476190477,0.033258585512837065,530,"Yes, Your Great and Noble Highness, I am his great-great-grandson, Hoover Damocles."
3214,0,2,40,42,1.0476190476190477,0.033258585512837065,530,"Let's see, Ghostbusters is playing at 9:40 and 10:20 but I guess that's probably not your thing."
3224,0,2,41,43,1.0465116279069768,0.03249479679096613,530,"Still returning ""Sword of Sophocles: domain unknown"", Sire."
3224,1,0,42,43,1.0465116279069768,0.046511627906976744,530,"It's from the king. He says, ""Dear Damocles (or whoever has taken his place by now) . . ."""
3224,0,2,41,43,1.0465116279069768,0.03249479679096613,530,Can't you media guys take a joke?
3224,0,2,41,43,1.0465116279069768,0.03249479679096613,530,Just some sensible decor
3224,0,2,41,43,1.0465116279069768,0.03249479679096613,530,And may your reign be free of ingratitude.
3224,0,2,41,43,1.0465116279069768,0.03249479679096613,530,The Metameta Theatrical Company presents 'Your Impending Surgery'.
3224,0,2,41,43,1.0465116279069768,0.03249479679096613,530,. . .and any resemblance to Michelle Obama is purely coincidental.
3224,0,2,41,43,1.0465116279069768,0.03249479679096613,530,The castle maintenance union threatens to split if they don't get a raise.
3224,0,2,41,43,1.0465116279069768,0.03249479679096613,530,Oh! The times when great dialogue was always straight to the point...
3224,0,2,41,43,1.0465116279069768,0.03249479679096613,530,"Finally, get rid of the crocodiles in the moat and put in bass, preferably smallmouth."
3224,0,2,41,43,1.0465116279069768,0.03249479679096613,530,"Sir, it is time to caught the tension in the room."
3224,0,2,41,43,1.0465116279069768,0.03249479679096613,530,And at 11:00 you have your appointment with Ambassador Damocles.
3224,0,2,41,43,1.0465116279069768,0.03249479679096613,530,Hillary and Donald are blaming each other (yet again)!
3224,1,0,42,43,1.0465116279069768,0.046511627906976744,530,"There's no infestation; why did you say ""damn the fleas."""
3238,0,2,42,44,1.0454545454545454,0.031765283723713976,530,...and the Queen wanted you to know she replaced rope holding up the big fife in the Sloane Room.
3238,0,2,42,44,1.0454545454545454,0.031765283723713976,530,"And by this decree, I forbid the sharpening of knives throughout my kingdom."
3238,0,2,42,44,1.0454545454545454,0.031765283723713976,530,"How would you like your steak, Your Majesty?"
3238,0,2,42,44,1.0454545454545454,0.031765283723713976,530,Why did the Chicken not cross the road? He did not want to be stabbed in the back.
3238,0,2,42,44,1.0454545454545454,0.031765283723713976,530,"Gee sire, this is reminiscent of Captain Marvel's origin."
3238,0,2,42,44,1.0454545454545454,0.031765283723713976,530,The proclamation clearly said Knight.
3238,0,2,42,44,1.0454545454545454,0.031765283723713976,530,"Louder on this ""law and order"" bit, you say?"
3238,0,2,42,44,1.0454545454545454,0.031765283723713976,530,Help! I'm in an antigravity field
3238,1,0,43,44,1.0454545454545454,0.04545454545454544,530,"Any last requests, King Hussein?"
3238,0,2,42,44,1.0454545454545454,0.031765283723713976,530,The clans have requested to halt the clashing
3238,0,2,42,44,1.0454545454545454,0.031765283723713976,530,We We hereby present you with our latest Ginu knife.
3238,0,2,42,44,1.0454545454545454,0.031765283723713976,530,"'Hear ye, hear ye. The citizens are dissatisfied with your new tax plan."""
3238,0,2,42,44,1.0454545454545454,0.031765283723713976,530,"it appears to be a Medium post by a Williams graduate living in Brooklyn for the past six years. he argues that Medium has a harassment problem. if i may, sir, he writes like a bitch."
3238,0,2,42,44,1.0454545454545454,0.031765283723713976,530,"Your schedule for this week: 30 minuets of attempting to pull the sword from the stone, lunch with Rapunzel, and a meeting with House Shield."
3238,0,2,42,44,1.0454545454545454,0.031765283723713976,530,That'll cost ya two bits.
3253,0,2,43,45,1.0444444444444445,0.031067790907534747,530,Re: Your shipment of super-strength twine. Damage due to Rat chewing does not entitle you to a refund. The extra-large dirk is a figment of your imagination. Enjoy!
3253,0,2,43,45,1.0444444444444445,0.031067790907534747,530,We are told to catch a falling knife.
3253,0,2,43,45,1.0444444444444445,0.031067790907534747,530,Your majestic decree states --- it's dangerous for colonial politicians to take a huge stab at making trumped-up commands.
3253,1,0,44,45,1.0444444444444445,0.044444444444444446,530,"The manual says ""sit on the throne, leave it hanging to experience a feeling of peril"""
3253,0,2,43,45,1.0444444444444445,0.031067790907534747,530,"King David, Goliath’s brother wants his sword back."
3253,0,2,43,45,1.0444444444444445,0.031067790907534747,530,I wanted to stay a cut ahead of my enemies
3253,0,2,43,45,1.0444444444444445,0.031067790907534747,530,Your free and willing concent will be greatly appreciated by all.
3253,0,2,43,45,1.0444444444444445,0.031067790907534747,530,"Yes, my liege, I do see and admire your *yuge* point."
3253,0,2,43,45,1.0444444444444445,0.031067790907534747,530,"Sire, it's a ""Sire, This is a message from Damocles."""
3253,0,2,43,45,1.0444444444444445,0.031067790907534747,530,"Well Sire, apparently ""Damo"" is a nickname."
3253,0,2,43,45,1.0444444444444445,0.031067790907534747,530,This couplet won't work; tear doesn't rhyme with Lear.
3253,0,2,43,45,1.0444444444444445,0.031067790907534747,530,"Your majesty, the petition favors traditional knighthood without the cutting edge."
3253,0,2,43,45,1.0444444444444445,0.031067790907534747,530,"Regrettably , sire, your presumptive successor has buggered off to parts unknown."
3253,0,2,43,45,1.0444444444444445,0.031067790907534747,530,"The realm has run out of gold for your wall, King Donald."
3253,0,2,43,45,1.0444444444444445,0.031067790907534747,530,It is hereby proclaimed that he who wields the Tartetian sword against King Ordar in a duel to the death shall be the new King of the 5 Rivers.
3253,0,2,43,45,1.0444444444444445,0.031067790907534747,530,Here's the bakance update on your student loan debt.
3253,0,2,43,45,1.0444444444444445,0.031067790907534747,530,"""...as to the title.. Scribe Schwartz suggests, 'Ye Art of Ye Deal'"
3253,0,2,43,45,1.0444444444444445,0.031067790907534747,530,"Guys like, we're living with the sword of Damocles over our heads. We must take our country back!"
3253,0,2,43,45,1.0444444444444445,0.031067790907534747,530,"The Duke of Craig's list hath a mighty 30 foot ink pen, sire."
3253,0,2,43,45,1.0444444444444445,0.031067790907534747,530,"Sire, thy codicil now makes your sole heir ""Damocles widow""!"
3253,0,2,43,45,1.0444444444444445,0.031067790907534747,530,The Cutler's Guild sponsorship agreement calls for it to remain throughout your State of the Kingdom address.
3253,0,2,43,45,1.0444444444444445,0.031067790907534747,530,Damocles Revisited
3253,0,2,43,45,1.0444444444444445,0.031067790907534747,530,Queen Esther's gold is buried in brick #15
3253,0,2,43,45,1.0444444444444445,0.031067790907534747,530,"Your majesty, it seems the hilt is hollow. I'm afraid you have been scammed."
3253,0,2,43,45,1.0444444444444445,0.031067790907534747,530,So what are you going to do about it?
3253,0,2,43,45,1.0444444444444445,0.031067790907534747,530,I asked for pepperoni.
3253,0,2,43,45,1.0444444444444445,0.031067790907534747,530,"It says here, ""Too big to fit on your back"". Where should it impale you then, my liege?"
3253,0,2,43,45,1.0444444444444445,0.031067790907534747,530,He says he agrees to disagree
3253,0,2,43,45,1.0444444444444445,0.031067790907534747,530,The Royal mother wants to know if you'd like to sup with her on Tuesday or something else.
3253,0,2,43,45,1.0444444444444445,0.031067790907534747,530,"I usually like having my used toilet paper read to me, but today I find it sword-a boring."
3253,0,2,43,45,1.0444444444444445,0.031067790907534747,530,"You have been invited to defend your throne of ""Most Imperiled Monarch."""
3253,0,2,43,45,1.0444444444444445,0.031067790907534747,530,"Sir Donald of Combover tweets: ""I am uneasy and must build a wall around Mar-a-Lago. Keep the crown!"""
3253,0,2,43,45,1.0444444444444445,0.031067790907534747,530,have you found the right scepter?
3253,0,2,43,45,1.0444444444444445,0.031067790907534747,530,(jump) to my commands or you will visit a land of (lost people) got it ??
3253,0,2,43,45,1.0444444444444445,0.031067790907534747,530,"It!s the new ""ONE WAY"" traffic signal."
3253,0,2,43,45,1.0444444444444445,0.031067790907534747,530,Would you please pass the butter?
3253,0,2,43,45,1.0444444444444445,0.031067790907534747,530,"Pizza Palace can't deliver; Lin Lin's can, and the dragon rolls are to die for."
3290,0,2,44,46,1.0434782608695652,0.030400256468700027,530,"Your Highness: We, the people, get your point. We will obey you."
3290,0,2,44,46,1.0434782608695652,0.030400256468700027,530,Hear yet hear ye. The threat to your majesty's life and kingdom hangs in supernatural imbalance.
3290,0,2,44,46,1.0434782608695652,0.030400256468700027,530,"Sire, Knowest Knot, thou hast moved too far to the Center and art upsetting the Balance of Power?"
3290,0,2,44,46,1.0434782608695652,0.030400256468700027,530,"...and furthermore, we're not thoroughly certain dangling a 40 stone dagger is the best way to procure a passive foothold in regard to foreign relations."
3290,0,2,44,46,1.0434782608695652,0.030400256468700027,530,"Yes, yes I understand the implications, now read it back please."" ""I hereby declare myself King Knifey McBigKnife I ..."
3290,0,2,44,46,1.0434782608695652,0.030400256468700027,530,"It's an offer from Stephen Colbert, he wants to be King for a day."
3290,0,2,44,46,1.0434782608695652,0.030400256468700027,530,"Sire, It says that this Damocles sword is a gift from your devoted retainers."
3290,0,2,44,46,1.0434782608695652,0.030400256468700027,530,Debbie Travis recommendths a softening of ye old royal decor.
3290,0,2,44,46,1.0434782608695652,0.030400256468700027,530,Listening to this is like dying a slow painful death
3290,0,2,44,46,1.0434782608695652,0.030400256468700027,530,"Good news my lord! That giant sword you ordered, it has been hung up where you said, we are just waiting for our men to find us some stronger ropes..."
3290,0,2,44,46,1.0434782608695652,0.030400256468700027,530,"Your Majesty, it appears they have also reduced your paid time off..."
3290,1,0,45,46,1.0434782608695652,0.0434782608695652,530,The knife is for theVP
3290,0,2,44,46,1.0434782608695652,0.030400256468700027,530,"Yes, your shampoo does have body and strength."
3290,0,2,44,46,1.0434782608695652,0.030400256468700027,530,Damocles?
3290,0,2,44,46,1.0434782608695652,0.030400256468700027,530,"It is a mockery, my lord, your subjects are gallivanting around the kingdom trying to find the virtual Excalibur."
3290,0,2,44,46,1.0434782608695652,0.030400256468700027,530,"If you feel the need to talk, Damocles is available."
3290,0,2,44,46,1.0434782608695652,0.030400256468700027,530,"... and finally, The President asks you to accept this cruise missile in recognition of your importance in our defense alliance."
3290,0,2,44,46,1.0434782608695652,0.030400256468700027,530,This housing bubble doesn't stand a chance.
3290,0,2,44,46,1.0434782608695652,0.030400256468700027,530,"Your Majesty, this tweet just came in from Mr. Trump."
3290,0,2,44,46,1.0434782608695652,0.030400256468700027,530,"No, Damocles, you should fear not."
3290,0,2,44,46,1.0434782608695652,0.030400256468700027,530,I didn't plan on leaving quite yet.
3290,0,2,44,46,1.0434782608695652,0.030400256468700027,530,I'm just saying - slavery should be limited to 10 years!
3290,0,2,44,46,1.0434782608695652,0.030400256468700027,530,You might want to change the message.
3290,0,2,44,46,1.0434782608695652,0.030400256468700027,530,Tonight's specials include chocolate and vanilla. Which do you prefer?
3290,0,2,44,46,1.0434782608695652,0.030400256468700027,530,"The town of Large Knife has asked to borrow the knife as a gift to the neighboring town, Massive Tomatoe."
3290,0,2,44,46,1.0434782608695652,0.030400256468700027,530,The cable company decrees our internet connection is compromised and could be severed without changing our cable package to a bundle.
3290,0,2,44,46,1.0434782608695652,0.030400256468700027,530,"King Dionysius II of Syracuse: ""Stop reading that obsequious crap to me! If you think I´m so lucky, how would you like to try out my life?"""
3290,0,2,44,46,1.0434782608695652,0.030400256468700027,530,"Your majesty, King of Spade, welcome to the next game!"
3290,0,2,44,46,1.0434782608695652,0.030400256468700027,530,Parliament say they’be figured out a solution.
3319,0,2,45,47,1.0425531914893618,0.029760791752350448,530,You say the punishment for cruelty is illegible?
3319,0,2,45,47,1.0425531914893618,0.029760791752350448,530,"Yes, my liege, I can confirm Gordias tied the knot and Alexander the Great's castle privileges have been revoked."
3319,0,2,45,47,1.0425531914893618,0.029760791752350448,530,Your chief wizard wishes you to know that moving your arms down from the armrests will most likely prevent your sudden death. But only if you care.
3319,0,2,45,47,1.0425531914893618,0.029760791752350448,530,"… Builder of Binaries, King of Zee Montane, Cracker of Potts, Tamer of Sioux City Shrews, Spoiler of Spitoony, Craven of Hobbs, Nada of Nietzsche, Biggest of Pricks ..."
3319,0,2,45,47,1.0425531914893618,0.029760791752350448,530,Don't nobody bring me no bad news.
3324,0,1,34,35,1.0285714285714285,0.028988551782622423,530,"Honestly, your majesty, just say that you use it to cut up your Jujyfruits on movie nights."
3324,0,1,34,35,1.0285714285714285,0.028988551782622423,530,"Sire, fair maiden thinks thou doth protest much too much by displaying the biggest sword in the land."
3326,0,1,37,38,1.0263157894736843,0.02666903735313325,530,"Damocles says that this dagger but but a wee precursor to what is to come, your highness."
3327,0,1,38,39,1.0256410256410255,0.025976216673306556,530,"Your premiums are skyrocketing, sire - cursed Obamacare."
3327,0,1,38,39,1.0256410256410255,0.025976216673306556,530,"He writes, 'What is a Broadway Musical and where is this place called Camelot""."
3327,0,1,38,39,1.0256410256410255,0.025976216673306556,530,"Your Majesty: The Council of Knights reports that The Sword of Damocles has become a bit unwieldy, but, even under dire circumstances, We shall endeavor to defend the crown."
3330,0,1,39,40,1.025,0.025318484177091666,530,...and your Majesty will remain King until your death or until the invention of the musket.
3330,0,1,39,40,1.025,0.025318484177091666,530,Call me Ishmael.
3330,0,1,39,40,1.025,0.025318484177091666,530,"Sorry, King T, but the only one -- other than Palin & Gingrich -- who accepted is a fellow named Pence from the province, Indiana."
3330,0,1,39,40,1.025,0.025318484177091666,530,"Hear yea, hear yea, the forensic test results are back, the sword is Sir Arthur's!"
3330,0,1,39,40,1.025,0.025318484177091666,530,Class of '16 Halodictorian!
3330,0,1,39,40,1.025,0.025318484177091666,530,"Fee fi fo fum, witnesseth, I, the Giant, do this day grant and forever release to your highness, the King of England, for the consideration of one golden hen, this doll's castle..."
3336,0,1,40,41,1.024390243902439,0.02469323991623974,530,"President Assad, I am informed to warn you: ""Damocles' Damascus,' the moral of the story remains."
3336,0,1,40,41,1.024390243902439,0.02469323991623974,530,"Yes, my lord, the sword is described as a bit of a bastard."
3336,0,1,40,41,1.024390243902439,0.02469323991623974,530,"Sire, it's from your interior designer. He says he's tired of hearing ""Your check is in the mail, Damocles."""
3336,0,1,40,41,1.024390243902439,0.02469323991623974,530,Would you like an encore?
3336,0,1,40,41,1.024390243902439,0.02469323991623974,530,"I proclaim...Since I couldn't extricate Excalibur I have replaced it with my own dagger and sign it ""The King"""
3341,0,1,41,42,1.0238095238095237,0.024098134635593994,530,Damocles has got nothing on me.
3341,0,1,41,42,1.0238095238095237,0.024098134635593994,530,"Furthermore, that thread is fragile so you must not waver in your integrity in your high office or the thread will brake."
3341,0,1,41,42,1.0238095238095237,0.024098134635593994,530,"'Unfair moving your throne to the background while leaving the sword in the foreground, Mr. Damocles! Unfair, unfair!' So sayeth the king."
3341,0,1,41,42,1.0238095238095237,0.024098134635593994,530,"Your Majesty, But if you think it might have a bad effect, why not postpone the election?"
3341,0,1,41,42,1.0238095238095237,0.024098134635593994,530,"Your Royal Highness, your Trump campaign to end violence seems to be working...there is no one left to kill, maim or keep out."
3341,0,1,41,42,1.0238095238095237,0.024098134635593994,530,Did you get Taylor's approval?
3347,0,1,42,43,1.0232558139534884,0.023531040266750583,530,Your Majesty: the knife-sharpener hereby announces that he will arrive next Tuesday to sharpen the Sword of Justice.
3347,0,1,42,43,1.0232558139534884,0.023531040266750583,530,"A simple tweaking of education funds, Sire, and Walla!"
3347,0,1,42,43,1.0232558139534884,0.023531040266750583,530,I'm afraid there's not much you can do if you're not happy with what your brother Damocles left you in his will.
3347,0,1,42,43,1.0232558139534884,0.023531040266750583,530,"Your nemesis has returned, King David and he'd like a word with you."
3347,0,1,42,43,1.0232558139534884,0.023531040266750583,530,"The Sword of Democracies is hanging over your head, Sire. Perhaps you should sign the Magna Farta..."
3347,0,1,42,43,1.0232558139534884,0.023531040266750583,530,"Sir, perhaps we should finalize those"
3347,0,1,42,43,1.0232558139534884,0.023531040266750583,530,"His Majesty Donald of America, No I do not want the job back. Why not try a YUGE sword? Signed Monsieur Obama."
3347,0,1,42,43,1.0232558139534884,0.023531040266750583,530,It's a message from Chekov. I don't think you'll like what it says...
3347,0,1,42,43,1.0232558139534884,0.023531040266750583,530,"The law states: An Ace may trump a King, but the Sword always trump an Emperor with no clothing..."
3347,0,1,42,43,1.0232558139534884,0.023531040266750583,530,"You made a big point across, sir."
3347,0,1,42,43,1.0232558139534884,0.023531040266750583,530,"""Sire, the the queen is dead!"
3347,0,1,42,43,1.0232558139534884,0.023531040266750583,530,It seems that rope repair supplies are no longer available after Brexit.
3347,0,1,42,43,1.0232558139534884,0.023531040266750583,530,"Should you remain seated ten more seconds after I'm done, you get a plaque with the idiom."
3347,0,1,42,43,1.0232558139534884,0.023531040266750583,530,It says you can opt-out of you song up for automatic payments with Damocles.org
3361,0,1,43,44,1.0227272727272727,0.022990024493585143,530,The Royal rope maker asks how his majesty's neck is feeling.
3361,0,1,43,44,1.0227272727272727,0.022990024493585143,530,"Westall is here, sire, as you ordered."
3361,0,1,43,44,1.0227272727272727,0.022990024493585143,530,This report has been censored.
3361,0,1,43,44,1.0227272727272727,0.022990024493585143,530,"Sir, The press has given you the new moniker the Blade Ruler."
3361,0,1,43,44,1.0227272727272727,0.022990024493585143,530,I spent a lifetime to meet you.
3361,0,1,43,44,1.0227272727272727,0.022990024493585143,530,Would His Majesty be interested in an invitation from a 'Mr. Goliath Jr.'?
3361,0,1,43,44,1.0227272727272727,0.022990024493585143,530,"Sire, greetings from the future!"
3361,0,1,43,44,1.0227272727272727,0.022990024493585143,530,Do you accept the ter
3361,0,1,43,44,1.0227272727272727,0.022990024493585143,530,"Fried chicken, baked potato. Is that all your Highness wishes for his last meal?"
3361,0,1,43,44,1.0227272727272727,0.022990024493585143,530,"Good morning your majesty, The guillotine fit for a king awaits you..."
3361,0,1,43,44,1.0227272727272727,0.022990024493585143,530,Demosthenes? Damocles? Drump-eze!
3361,0,1,43,44,1.0227272727272727,0.022990024493585143,530,"My lord, we must learn to face adversity with a happy face."
3361,0,1,43,44,1.0227272727272727,0.022990024493585143,530,It says here in God's Will that we have to keep it as wall art.
3361,0,1,43,44,1.0227272727272727,0.022990024493585143,530,"You have decreed your Majesty that if the ""buck"" knows what's good for it,it won't stop here."" ""Your Majesty has decreed that if the ""buck"" knows what's good for it, it won't stop here."
3361,0,1,43,44,1.0227272727272727,0.022990024493585143,530,..and don't even think about messing with me!! Texacles
3376,0,1,44,45,1.0222222222222221,0.022473328748774737,530,"It is but an illusion of imminent danger symbolized by the small dagger, suspended by a thin thread, over my left shoulder, across the room."
3376,0,1,44,45,1.0222222222222221,0.022473328748774737,530,Do you really want to hear about Route 66 again?
3376,0,1,44,45,1.0222222222222221,0.022473328748774737,530,"I know you said you wanted you hair cut in style, but...."
3376,0,1,44,45,1.0222222222222221,0.022473328748774737,530,"Your Grace, Melania Drumpf was just seen at the RNC with a giant sword hanging above her head. Would you like to make a statement?"
3376,0,1,44,45,1.0222222222222221,0.022473328748774737,530,"In other news, The BFG has purportedly gone over to the dark side. However, I am unsure if he is able to use the Force."
3376,0,1,44,45,1.0222222222222221,0.022473328748774737,530,"Apparently your dish didn't cut it, your Highness."
3376,0,1,44,45,1.0222222222222221,0.022473328748774737,530,The Prince will attend with four score drummers.
3376,0,1,44,45,1.0222222222222221,0.022473328748774737,530,"Dare I declare, ""Drop the dagger for our drooping despot!""?"
3376,0,1,44,45,1.0222222222222221,0.022473328748774737,530,"And Sir McKrae told Sir Raleigh to take his message to his squire, who delivered the letter to your majesty's brother-in-law, who subsequently..."
3376,0,1,44,45,1.0222222222222221,0.022473328748774737,530,"Hear Ye! Hear Ye! Due to the tenuous rope, the Royal Court has disbanded."
3376,0,1,44,45,1.0222222222222221,0.022473328748774737,530,"~Tonight's Royal State Banquet Menu, sire, includes: Tripe soup, Sweetbreads, Cervelle de Veu, Pettitales, and Rocky Mountain Oysters!~"
3376,0,1,44,45,1.0222222222222221,0.022473328748774737,530,"Sire, it appears to be an ultimatum from the Rexit campaign."
3376,0,1,44,45,1.0222222222222221,0.022473328748774737,530,"Sire, as you requested, this proclaims any knight able to lower the stuck sword without threat to thee the foe of your arthritis, and thus dubs him Doctor of Decor!"
3376,0,1,44,45,1.0222222222222221,0.022473328748774737,530,"Then Damocles said to Dionysis, ""Oh King, your distress is too great. Let me sit on the throne in your place and rule over your kingdom with all of its riches."""
3376,0,1,44,45,1.0222222222222221,0.022473328748774737,530,"Speak your mind, lad, sword of"
3376,0,1,44,45,1.0222222222222221,0.022473328748774737,530,"No sire, Robin Hood, Damocles was a greek."
3392,0,1,45,46,1.0217391304347827,0.021979349113192898,530,"Sire, your subjects express their happiness your have replaced the thread holding Damocles with a rope."
3393,0,0,43,43,1.0,0.023531040266750583,530,We Live My The Sword.
3393,0,0,42,42,1.0,0.024098134635593994,530,"Your highness, we all want to say that serving you has been a real skive ""Your highness, we just want to say that being your subjects has been a real slice."
3393,0,0,42,42,1.0,0.024098134635593994,530,"Pull finger to switch from ""Qui a coupe la fromage"" to "" Facetime"". Bite tongue to access Twitter."
3393,0,0,39,39,1.0,0.025976216673306556,530,The people wish to greet Burp Fart your highness.
3393,0,0,39,39,1.0,0.025976216673306556,530,Your big sword is over my head.
3393,0,0,42,42,1.0,0.024098134635593994,530,The Queen suggests fricassee for dinner.
3393,0,0,42,42,1.0,0.024098134635593994,530,PLEASE ANSWER QUICKLY BEFORE THE ROPE BREAKS
3393,0,0,43,43,1.0,0.023531040266750583,530,Hear yee Hear yee! This is the Kings new Logo!
3393,0,0,42,42,1.0,0.024098134635593994,530,"''RELAX KING ARTHUR , MERLIN IS DIAMOND CERTIFIED ! ''"
3393,0,0,42,42,1.0,0.024098134635593994,530,"LOL we know is acronym, but SOD could be Superoxide Dismutase or Soap Opera Digest or Septo-Optic Dysplasia or Segregation of Duties or ..."
3393,0,0,41,41,1.0,0.02469323991623974,530,The Sword of DAMOCLES.
3393,0,0,37,37,1.0,0.02739983121755955,530,"Sire. The Queen's recent purchase receipt of ""a big stiletto for her heel"" is a little vague. I suppose it could mean she has a hot high heel surprise for you tonight."
3393,0,0,43,43,1.0,0.023531040266750583,530,It's an invoice from the Triple Excaliber Company.
3393,0,0,41,41,1.0,0.02469323991623974,530,Just wait till he realizes he's hanging to nothing!
3393,0,0,43,43,1.0,0.023531040266750583,530,"You've been sentenced to Excaliburn, baby, burn."
3393,0,0,42,42,1.0,0.024098134635593994,530,"Take the crown, but you speak Queen’s English, do you ?"
3393,0,0,43,43,1.0,0.023531040266750583,530,It says there's been a run on lightsabers.
3393,0,0,42,42,1.0,0.024098134635593994,530,The people are asking if you'll put the sword back so they can get a new king.
3393,0,0,41,41,1.0,0.02469323991623974,530,I'm about to get the sword.
3393,0,0,41,41,1.0,0.02469323991623974,530,"...and finally, the renovation has been put to tender."
3393,0,0,18,18,1.0,0.05716619504750295,530,"It's called a Sword of Damastocles. The prince sent one to Donald Trump, too."
3393,0,0,41,41,1.0,0.02469323991623974,530,"Finally, we demand that you cut taxes."
3393,0,0,43,43,1.0,0.023531040266750583,530,"Yes, your majesty; it is here in the fine print, just above the part about Donald Trump."
3393,0,0,42,42,1.0,0.024098134635593994,530,"And the lord said, ""let there be knife"""
3393,0,0,41,41,1.0,0.02469323991623974,530,Let's go over that baby thing again.
3393,0,0,41,41,1.0,0.02469323991623974,530,"So, it's a picture of a frog sipping tea. And then there are words written over it. It says: WHEN U REALIZE HIS SWORD HELLA BIG BCUZ HE AINT GOT NO DICK THO!!"
3393,0,0,43,43,1.0,0.023531040266750583,530,Only it's an act of God.
3393,0,0,40,40,1.0,0.025318484177091666,530,And henceforth you will be known as King Donald J
3393,0,0,44,44,1.0,0.022990024493585143,530,"Oh, it is only a legend, another name for ""caption""."
3393,0,0,41,41,1.0,0.02469323991623974,530,I've tried that. It doesn't work.
3393,0,0,43,43,1.0,0.023531040266750583,530,"I say, I say, I say, you are now officially retired to the throne!"
3393,0,0,40,40,1.0,0.025318484177091666,530,"I gotcha back, but you best to watch your front—cause it's the courtesans that front, they be pulling stunts!"
3393,0,0,41,41,1.0,0.02469323991623974,530,King Solomon I am not
3393,0,0,40,40,1.0,0.025318484177091666,530,"Your largest campaign contributor is paying $300,000 a month."
3393,0,0,37,37,1.0,0.02739983121755955,530,"A man named Damocles would like to hunt in your Royal Forrest, Sire"
3393,0,0,39,39,1.0,0.025976216673306556,530,"Make a note, squire, and let it be heard throughout the land; I scall it 'the sword of Sir...'"
3393,0,0,42,42,1.0,0.024098134635593994,530,You must not move from the throne for one week if you want to win sir.
