rank,funny,somewhat_funny,unfunny,count,score,precision,contest,caption
1,862,295,564,1721,2.1731551423590934,0.021547747506647383,531,Let's stay in tonight. It's a zoo out there.
2,2192,1769,1285,5246,2.1728936332443767,0.010984853852366921,531,Sorry I'm late. I hit every traffic light coming home.
3,309,307,461,1077,1.8588672237697308,0.025415331988508802,531,"If he's elected, we're going to have a tough time proving we weren't born in Africa."
4,236,422,383,1041,1.8587896253602305,0.02350695861071037,531,What happened to us? We used to be so wild.
5,277,348,429,1054,1.8557874762808348,0.024826692165648586,531,"Yes, it's hot. But a ceiling fan will only make things worse."
6,278,342,430,1050,1.8552380952380951,0.024956200052940403,531,"I wasn't impressed with the ark on the outside, but this is nice."
7,180,333,335,848,1.8172169811320755,0.02603017250196374,531,I'm going out. I left you some dinner on top of the fridge.
8,192,260,347,799,1.8060075093867334,0.028252357125199776,531,The Lions called. They want us over for dinner.
9,122,167,271,560,1.7339285714285715,0.03359741953800934,531,We need to talk about the elephant in the other room.
10,104,197,252,553,1.732368896925859,0.03219435134360733,531,"Young man, the lawn isn't going to eat itself."
11,84,195,230,509,1.7131630648330058,0.03244075298914151,531,What's happened to us Marge.. we used to be so wild?
12,83,182,228,493,1.7058823529411764,0.03326190882435117,531,"No, I mean literally, I shattered the glass ceiling."
13,94,162,240,496,1.7056451612903225,0.03442873845673127,531,It's much better without the ceiling fan.
14,97,137,241,475,1.696842105263158,0.03615701337932889,531,"You know it won't actually be an elephant and a donkey debating, right?"
15,85,151,226,462,1.6948051948051948,0.035470690110634744,531,You look fine. Hyenas laugh at everybody. That's just what they do.
16,80,152,222,454,1.6872246696035242,0.03539028160649871,531,Glad we got rid of the ceiling fan.
17,84,142,227,453,1.684326710816777,0.036033557087158476,531,Did you hide the cookies on the bottom shelf again?
18,84,138,226,448,1.6830357142857142,0.036376662605542724,531,The zoo escape is all over the news. We're gonna need disguises.
18,85,136,227,448,1.6830357142857142,0.03651367961025765,531,How was I supposed to know -- I though Deep Throat was going to be a movie about giraffes.
20,87,125,228,440,1.6795454545454545,0.03737448166519119,531,"My vote is no, on the ceiling fan."
21,85,122,226,433,1.674364896073903,0.03764498462691446,531,I hate how they go on about his tiny hands but totally ignore his short neck.
22,73,138,213,424,1.669811320754717,0.03656348273165726,531,Sorry I am late; I got stuck in the tunnel.
23,73,133,212,418,1.667464114832536,0.03701182865217055,531,"No, I mean I shattered an actual glass ceiling."
24,77,118,216,411,1.661800486618005,0.03820728018601331,531,"The Viagra isnâ€™t working, all I have is a stiff neck.â€"
25,61,131,198,390,1.6487179487179486,0.03728247913927236,531,I would have been home earlier --I got stuck in the tunnel.
26,80,88,216,384,1.6458333333333333,0.04105016053929279,531,"If he wins, we're moving to Kenya."
27,76,95,212,383,1.6449086161879896,0.04047713897104822,531,"Sooner or later, we have to talk about the elephant in the other room."
28,67,101,202,370,1.635135135135135,0.04011841069211451,531,"You know if he's elected, we're getting deported, right?"
29,59,114,194,367,1.6321525885558583,0.03890796127448821,531,We're portrait animals in a landscape world.
30,57,110,191,358,1.6256983240223464,0.03934461995147264,531,"If he wins, we're moving back to Africa."
31,56,109,189,354,1.6242937853107344,0.03950598748768374,531,Noah really undersold the amenities.
32,68,84,201,353,1.6232294617563738,0.04197143311393022,531,It's only funny because we're high.
33,68,83,201,352,1.6221590909090908,0.042077150442712194,531,"I got a weird text from a ""Noah""."
34,56,106,189,351,1.621082621082621,0.03980047802871868,531,Who'd ever want to lease a Jaguar?
34,56,106,189,351,1.621082621082621,0.03980047802871868,531,"You know her spots are surgically enhanced, right?"
34,62,94,195,351,1.621082621082621,0.04100924467720194,531,Ceiling fan? Not a good idea!
37,46,122,178,346,1.6184971098265897,0.03813987941888216,531,The trees aren't going to trim themselves.
38,73,72,210,355,1.6140845070422536,0.04279277127846857,531,Do you think the Republicans know that elephants are African American?
39,47,112,179,338,1.6094674556213018,0.03913468279840232,531,We never roam anymore.
40,60,84,191,335,1.608955223880597,0.04225449394705356,531,"If he wins, we're going back to Africa, honey."
41,50,103,181,334,1.6077844311377245,0.04018664091629777,531,Relax! It's just the MGM logo.
42,49,102,179,330,1.606060606060606,0.04035258151957672,531,Neckflix?
42,53,94,183,330,1.606060606060606,0.04125549678966723,531,It was so nice of Noah to upgrade us
44,45,105,175,325,1.6,0.03994297930101854,531,They say the camera adds ten inches.
45,50,81,178,309,1.5857605177993528,0.042878177215814425,531,I don't think we should get the ceiling fan.
45,48,85,176,309,1.5857605177993528,0.04238524404917384,531,500 channels and all we watch is Animal Planet.
45,59,63,187,309,1.5857605177993528,0.04502964954830549,531,If Trump wins we're moving back to Africa.
48,44,90,172,306,1.5816993464052287,0.041721438297172814,531,"The only other Republican I felt this way about was Teddy Roosevelt, and that was because he shot my grandma."
49,50,75,177,302,1.5794701986754967,0.04369975768488612,531,What's on Neckflix?
50,46,81,172,299,1.5785953177257526,0.04302001577710935,531,"Sure, roaming the plains of Africa sounds amazing, but you're not seriously thinking about giving up a rent controlled apartment in Manhattan, are you?"
51,52,68,178,298,1.5771812080536913,0.044685068940780955,531,No I'm pretty sure you CAN reach the remote.
52,44,83,170,297,1.5757575757575757,0.04273413590633273,531,That YouTube clip of you trying to get out of a recliner has gone viral.
52,52,67,178,297,1.5757575757575757,0.04481301768081568,531,You need to write Noah and thank him for the upgrade.
52,52,67,178,297,1.5757575757575757,0.04481301768081568,531,Another name for couch potato is lion steak.
55,39,91,165,295,1.5728813559322035,0.041612689702548826,531,"You could tell her a thing or two about glass ceilings, couldn't you, hon?"
56,39,89,164,292,1.571917808219178,0.04194379796103133,531,I see what you mean about the shower head.
57,41,84,166,291,1.570446735395189,0.04262200334507971,531,It's over your head.
58,47,67,171,285,1.5649122807017544,0.04501998606321878,531,If Trump wins we're moving back to Kenya!
58,39,83,163,285,1.5649122807017544,0.04276823416171529,531,I'm glad you're sitting down. The bill from the chiropractor arrived today.
60,43,71,167,281,1.5587188612099645,0.04442497356709005,531,I broke another glass ceiling.
60,39,79,163,281,1.5587188612099645,0.04326546653727189,531,I find it ironic that I've been asked to join the Lions Club.
62,41,74,165,280,1.5571428571428572,0.04397750470633862,531,"So, Trump says he wants to send us all back to Africa... but I was born at the Bronx Zoo!"
62,40,76,164,280,1.5571428571428572,0.04368545846950872,531,The mall was a zoo today
62,40,76,164,280,1.5571428571428572,0.04368545846950872,531,I can't find my turtleneck.
65,39,75,162,276,1.5543478260869565,0.04388642405332597,531,The Lyons invited us over for dinner tomorrow night.
66,46,60,169,275,1.5527272727272727,0.0460785306046846,531,We have reservations on The Ark in case Trump wins.
67,35,81,158,274,1.551094890510949,0.04291843207941524,531,"She broke the glass ceiling? So what, I did that last week."
67,37,77,160,274,1.551094890510949,0.04353695347844897,531,If that one is elected we are moving back to Africa!
69,35,77,157,269,1.546468401486989,0.043540328534811656,531,"I know it's not as nice as the Cineplex, but it beats hearing ""Down in front!"" over and over again!"
69,34,79,156,269,1.546468401486989,0.043220572412606593,531,Are you going to eat the leaves out of the gutter like I asked.
71,38,69,160,267,1.5430711610486891,0.044754512934219476,531,This may be our chance. They don't like either the elephant or the donkey.
72,46,52,168,266,1.5413533834586466,0.04735074103664548,531,How could we have let David Attenborough talk us into mating on camera?
73,34,74,155,263,1.5399239543726235,0.043988253591118694,531,Gladys! I'm a giraffe. I look down on everyone.
73,32,78,153,263,1.5399239543726235,0.04332339271989965,531,There's no way her neck is real.
75,36,69,157,262,1.5381679389312977,0.04477925289056406,531,It's called Deep Throat.
75,38,65,159,262,1.5381679389312977,0.0454277053680053,531,Noah says we sail tomorrow.
77,34,71,154,259,1.5366795366795367,0.04451299236070317,531,"The doctor said get rest, drink lots of tea, and that sore throat will be gone in a year."
77,38,63,158,259,1.5366795366795367,0.04583805775616619,531,Can we talk about the elephant in the other room?
77,34,71,154,259,1.5366795366795367,0.04451299236070317,531,Yes â€” but if he wins we'll probably be deported.
80,32,76,153,261,1.5363984674329503,0.04358395433121801,531,"You know the cheetah always wins, right?"
80,37,66,158,261,1.5363984674329503,0.045242936371034,531,"If they say the Presidential race is neck and neck one more time, I'm going to scream!"
82,33,72,153,258,1.5348837209302326,0.04431041368245007,531,Spoiler alert -- the gazelle gets it.
83,38,61,158,257,1.5330739299610896,0.04612423608424425,531,Enough TV. Let's stand up and go to sleep.
83,31,75,151,257,1.5330739299610896,0.04375675177114185,531,Noah invited us over tomorrow but it looks like rain.
83,33,71,153,257,1.5330739299610896,0.04444604584134538,531,We're above that.
86,27,79,146,252,1.5277777777777777,0.0429728956245253,531,Housewives of the Serengeti?
86,39,55,158,252,1.5277777777777777,0.04718161083239099,531,We're out of straws.
86,24,85,143,252,1.5277777777777777,0.04185464248755009,531,"Yes, I miss Africa, but not enough to give up air conditioning."
89,34,64,153,251,1.5258964143426295,0.04561779084460577,531,"No, 'Deep Throat' is not a movie about giraffes."
89,32,68,151,251,1.5258964143426295,0.044913670765390344,531,I wonder who'll get voted off the ark next.
89,40,52,159,251,1.5258964143426295,0.04766778683034439,531,DEEP THROAT's on tonight.
92,36,59,155,250,1.524,0.046457822993216935,531,"If you wanna see some ""Wild Kingdom"" come to bed."
93,31,67,149,247,1.5222672064777327,0.0451067531071859,531,I've seen this one..It was the lion.
93,33,63,151,247,1.5222672064777327,0.04583066433833327,531,"It's not a midlife crisis, honey. The convertible is the sensible choice."
93,35,59,153,247,1.5222672064777327,0.046543317581725106,531,You always think the Lion's the killer
93,31,67,149,247,1.5222672064777327,0.0451067531071859,531,Be realistic. You wouldn't really move to Africa if Trump wins.
97,35,60,154,249,1.5220883534136547,0.04625649922231684,531,Hooves off the couch missy.
98,29,70,147,246,1.5203252032520325,0.04450907927723863,531,Work was a zoo today!
98,22,84,140,246,1.5203252032520325,0.04181829863757524,531,Nobody's spots really look like that.
100,36,55,155,246,1.516260162601626,0.047052664109070025,531,Can we talk about the elephant in the room?
101,26,72,143,241,1.5145228215767634,0.044043384033445813,531,"The baby is down for the night...most of him, anyway."
101,38,48,155,241,1.5145228215767634,0.04852584297519919,531,Stop watching that trash on Animal Planet - it's all gratuitous violence and sex
101,24,76,141,241,1.5145228215767634,0.04325116627207764,531,Big deal. I broke the glass ceiling years ago.
104,38,49,156,243,1.51440329218107,0.04821395784068098,531,After millions of years of natural selection this is what you want to do all day?
104,32,61,150,243,1.51440329218107,0.046049157652899006,531,Be patient. It's going to take me a while to swallow my pride.
106,31,61,148,240,1.5125,0.046111429678566615,531,"""Out of Africa?"" Again?"
106,36,51,153,240,1.5125,0.04796458552343746,531,He now says the wall is going to be twenty feet high and the lions are going to pay for it.
106,34,55,151,240,1.5125,0.04723204905000042,531,Haven't you finished swallowing that Viagra yet?!
109,35,52,152,239,1.5104602510460252,0.04775539973150457,531,I hope you're not ordering more turtlenecks from QVC
110,32,57,149,238,1.5084033613445378,0.046788731853437106,531,We can't keep ignoring the elephant in the other room.
111,30,59,146,235,1.5063829787234042,0.046468370205629814,531,You were right. I should have gotten the car with the sunroof.
111,24,71,140,235,1.5063829787234042,0.04405777950317316,531,"When you ignore me, you make me feel like I'm eight feet tall."
111,29,61,145,235,1.5063829787234042,0.04607536413780425,531,Can't you find anything else to do all day besides sitting and watching the gnus?
114,34,52,151,237,1.5063291139240507,0.047696061626337785,531,I can't believe we fit that couch through the door.
114,36,48,153,237,1.5063291139240507,0.04843995980835043,531,I don't get it. Why did the Elephants nominate an orangutan?
116,30,58,146,234,1.5042735042735043,0.04661926850118686,531,"Let's stay in today, Doris. It's a zoo out there."
117,28,61,144,233,1.502145922746781,0.045973134145588956,531,Maybe we should have gone with the wall mount.
117,24,69,140,233,1.502145922746781,0.0443343477562997,531,Don't shoot the messenger but I think Rihanna's wearing your missing cousin.
119,29,57,144,230,1.5,0.04682840146317163,531,The top of the fridge is dusty.
119,22,71,137,230,1.5,0.04389866993370047,531,Big dealâ€”we break ceilings all the time.
119,23,69,138,230,1.5,0.04432905934241563,531,Aren't you glad we're not the logo for either party?
119,26,64,142,232,1.5,0.045305023518296864,531,You know the camera adds 10 inches.
119,28,60,144,232,1.5,0.04612139592061281,531,"And remember, no lion documentaries before bedtime."
119,22,72,138,232,1.5,0.04362647297969955,531,"Looking down on everyone, yes. Condescending, no."
119,24,67,139,230,1.5,0.04475531010303508,531,"Oh come on, it's only a sore throat."
119,25,66,141,232,1.5,0.04489127034465819,531,"So this time I asked him ""how's the weather DOWN there?"" and that seemed to shut him up."
119,26,64,142,232,1.5,0.045305023518296864,531,Is this the episode where the humans mate?
119,27,61,142,230,1.5,0.046010375168271764,531,Bad news. The remote fell under the couch again.
119,22,71,137,230,1.5,0.04389866993370047,531,Apparently it is illegal to drive with your head through the sunroof.
130,26,62,141,229,1.497816593886463,0.045742867747457845,531,"Now, can we talk about the elephant in the room?"
131,29,54,144,227,1.4933920704845816,0.04729230059493935,531,I had no idea staterooms on this ark would be so plush.
131,36,40,151,227,1.4933920704845816,0.05009446616001283,531,Turn the TV off and let's talk about the elephant in the other room.
131,34,44,149,227,1.4933920704845816,0.04931009906761719,531,Keeper says it's your turn in the outdoor enclosure.
134,22,67,137,226,1.491150442477876,0.044452818974148225,531,What if we stood it on its side?
134,29,53,144,226,1.491150442477876,0.04744863203616473,531,Why do you keep watching these shows? You know the gazelle always loses.
134,27,57,142,226,1.491150442477876,0.046612336870976205,531,"His father's from Kenya, you know?"
134,22,67,137,226,1.491150442477876,0.044452818974148225,531,Thank God for pre war ceilings
134,25,61,140,226,1.491150442477876,0.04576076064756111,531,The neighbors want their gutters cleaned.
134,23,65,138,226,1.491150442477876,0.0448930337748897,531,Glad we stayed in. It's a zoo out there!
140,29,52,143,224,1.4910714285714286,0.04776854003654907,531,The Hunters said they'd be over for the big game.
141,24,60,138,222,1.4864864864864864,0.04592112070230177,531,We need to talk about the elephant in the room.
142,24,59,138,221,1.4841628959276019,0.04607028998617946,531,I can't believe it took Trump this long to insult us
143,25,56,138,219,1.4840182648401827,0.04682855155221905,531,CSI: Africa? Really?
143,22,62,135,219,1.4840182648401827,0.04546688613304111,531,"Noah called, the cruise leaves at 10."
143,21,64,134,219,1.4840182648401827,0.045003843162041424,531,Sit up straight. You weren't raised in a jungle.
146,22,60,135,217,1.4792626728110598,0.04576180986103297,531,Elephants are Republican; donkeys are Democrats. I guess we're independents.
146,23,58,136,217,1.4792626728110598,0.04622567078221193,531,The Lyons invited us for dinner.
146,22,60,135,217,1.4792626728110598,0.04576180986103297,531,"It's true, the camera adds three feet."
146,24,56,137,217,1.4792626728110598,0.04668492301346923,531,"Harold, Tuesday is your day to be the antenna."
146,23,58,136,217,1.4792626728110598,0.04622567078221193,531,It's beneath us.
146,24,56,137,217,1.4792626728110598,0.04668492301346923,531,We should do something about that door
146,27,50,140,217,1.4792626728110598,0.04803634279686444,531,"If you buy one more neck pillow from QVC, I'm canceling the credit card."
153,22,60,136,218,1.4770642201834863,0.04560443084168627,531,"If you hide out in here all day, the jackals have won."
154,29,45,142,216,1.4768518518518519,0.04908382397092254,531,I can't believe you're going to vote for that baboon.
154,25,53,138,216,1.4768518518518519,0.047296474361881904,531,What's on Neckflix tonight?
154,24,55,137,216,1.4768518518518519,0.046838981254165454,531,We are out of grass.
154,24,55,137,216,1.4768518518518519,0.046838981254165454,531,Have you seen my turtle neck?
154,28,47,141,216,1.4768518518518519,0.04864314395135681,531,"See, I told you 'Deep Throat' wasn't a Disney movie about a lonely giraffe."
159,29,44,141,214,1.4766355140186915,0.049432561267971624,531,"I don't think ""Necrophilia"" means what you think it means."
159,27,48,139,214,1.4766355140186915,0.048536833184230334,531,"Well, if they deport us at least we'll be able to see over the wall."
159,21,60,133,214,1.4766355140186915,0.045744533680866235,531,I prefer Neckflix.
159,22,58,134,214,1.4766355140186915,0.046221632713036954,531,We didn't move to the city so you could watch nature shows all day.
159,22,58,134,214,1.4766355140186915,0.046221632713036954,531,I put the kids to bed. Let's take off the parental controls and watch the nature channel.
159,22,58,134,214,1.4766355140186915,0.046221632713036954,531,I believe what he said was too many embarrassing gaffes
159,22,58,134,214,1.4766355140186915,0.046221632713036954,531,"Let's prioritize: before we get a bigger sofa, that ceiling fan has to go."
159,27,48,139,214,1.4766355140186915,0.048536833184230334,531,What? You ordered sixteen neck pillows from QVC!
159,20,62,132,214,1.4766355140186915,0.04526240595351646,531,I'm buying a convertible.
159,21,60,133,214,1.4766355140186915,0.045744533680866235,531,You got a wide screen TV. I asked for a tall screen TV.
169,27,48,140,215,1.4744186046511627,0.04836139182451345,531,"Who says there's no progress? After 240 years, an orangutan has been nominated for the presidency."
170,21,59,133,213,1.4741784037558685,0.045893454529750896,531,Let me adjust the vertical.
170,24,53,136,213,1.4741784037558685,0.04731893782218807,531,That was Noah on the 'phone again.
170,19,63,131,213,1.4741784037558685,0.044918007117158716,531,The Carnivores in Apartment 3 have invited us to dinner.
170,28,45,140,213,1.4741784037558685,0.04915532002962126,531,I don't feel like either candidate really understands our situation.
170,23,55,135,213,1.4741784037558685,0.046848596286030865,531,It makes me glad we're no party's political symbol.
175,26,48,138,212,1.471698113207547,0.04840988217589402,531,I just scored two tickets to 'Hamilton.' Front row center.
175,30,40,142,212,1.471698113207547,0.05022309806063471,531,I'd love to nibble Donald Trump's hair.
175,28,44,140,212,1.471698113207547,0.049324822711754736,531,"You're not watching those infomercials on spot removers again, are you?"
178,28,43,140,211,1.4691943127962086,0.04949525485855511,531,Get gir-affe off the couch.
178,22,55,134,211,1.4691943127962086,0.04667934259764294,531,Why the long face?
178,30,39,142,211,1.4691943127962086,0.050398941750481124,531,We have to talk about the elephant in the room.
178,21,57,133,211,1.4691943127962086,0.0461933381270567,531,I know it's a jungle out there but you have to start getting out of the house.
182,22,54,133,209,1.4688995215311005,0.047004453350212506,531,"Honey, you broke through the glass ceiling long before Hillary."
182,16,66,127,209,1.4688995215311005,0.043970204514288354,531,First itâ€™s the downstairs neighbors complaining about hoof beats and now the upstairs neighbors about head banging.
182,21,56,132,209,1.4688995215311005,0.046512493050774116,531,Try turning it sideways.
182,25,48,136,209,1.4688995215311005,0.048450371614821325,531,"Harold, we need to talk about the elephant in the room"
182,27,44,138,209,1.4688995215311005,0.04939080642713045,531,Neck flicks again?
182,27,44,138,209,1.4688995215311005,0.04939080642713045,531,I'm starting to wish some humans WERE injured in the making of this film.
182,21,56,132,209,1.4688995215311005,0.046512493050774116,531,"Outside now, young lady. Those leaves aren't going to eat themselves."
182,18,62,129,209,1.4688995215311005,0.045004356843936014,531,Grab your keys; there's a tree growing in Brooklyn.
182,24,50,135,209,1.4688995215311005,0.04797324133994169,531,"When they go low, we go high."
191,25,48,137,210,1.4666666666666666,0.04827077369615581,531,Who would have imagined fifty years ago that two lesbian giraffes could marry and live together openly?
192,23,51,134,208,1.4663461538461537,0.04765117133328726,531,"If you wanted an open floor plan, then why the hell did we leave the savannah?"
192,19,59,130,208,1.4663461538461537,0.045659934250978466,531,You promised things would be different once we left the zoo.
192,14,69,125,208,1.4663461538461537,0.043041537249096956,531,Spoiler alert. The lion wins.
192,23,51,134,208,1.4663461538461537,0.04765117133328726,531,"We saw this, the zebra doesn't make it."
192,22,53,133,208,1.4663461538461537,0.04716124464034682,531,I feel like Hillary really 'gets' our ceiling issue.
197,25,45,136,206,1.4611650485436893,0.04895046242325377,531,"I don't think we can be referred to as ""wildlife"" anymore."
197,19,57,130,206,1.4611650485436893,0.045956387913572365,531,I love the one where the antelope chases the lion.
197,25,45,136,206,1.4611650485436893,0.04895046242325377,531,You'll have to face it sooner or later. You're a portrait guy in a landscape world.
197,20,55,131,206,1.4611650485436893,0.04646879906949049,531,All you do is sit around and ruminate.
197,20,55,131,206,1.4611650485436893,0.04646879906949049,531,I believe that you have my spot.
197,22,51,133,206,1.4611650485436893,0.04747703319244538,531,You never want to talk about the elephant in the room.
197,20,55,131,206,1.4611650485436893,0.04646879906949049,531,"Since the flood, you just sit there and watch the weather report."
197,22,51,133,206,1.4611650485436893,0.04747703319244538,531,Need anything from the tree?
205,24,46,134,204,1.4607843137254901,0.04881634667248933,531,Just be grateful we don't represent a political party.
205,23,48,133,204,1.4607843137254901,0.04831915274823886,531,Can you please turn that off so we can finally talk about the elephant in the room?
205,21,52,131,204,1.4607843137254901,0.047309091748051924,531,"Have you seen my good tie? You know, the long one?"
205,25,44,135,204,1.4607843137254901,0.049308527483485874,531,If he gets elected its Hello Serengeti!
205,18,58,128,204,1.4607843137254901,0.04575220892593634,531,Again with 'The Lion King'?
210,24,47,136,207,1.458937198067633,0.048281029273525816,531,"let's eat out tonight, honey. How about Central Park?"
210,23,49,135,207,1.458937198067633,0.0477928412257072,531,They go low. We go high.
212,22,49,132,203,1.458128078817734,0.04797872417759734,531,"You Know, with the donkey and elephant doing so poorly this could be our year!"
213,23,46,133,202,1.4554455445544554,0.04865032470003463,531,I hope Hillary does get rid of that glass ceiling.
213,23,46,133,202,1.4554455445544554,0.04865032470003463,531,Turn it off. Another bus of tourists has just arrived.
213,22,48,132,202,1.4554455445544554,0.04814141082487919,531,Excuse me -- my eyes are up here.
213,20,52,130,202,1.4554455445544554,0.047107092054082325,531,"Jimmy's in bed, let's watch Wild Kingdom."
217,24,43,134,201,1.4527363184079602,0.04932403646051386,531,It's turned off. That's your reflection.
217,20,51,130,201,1.4527363184079602,0.04726368159203981,531,I still feel uncomfortable renting this Airbnb from a lion.
219,14,62,123,199,1.4522613065326633,0.0442915350198432,531,"Why when I was your age, I would have been outside enjoying the fresh air, fleeing from ravenous predators."
219,19,52,128,199,1.4522613065326633,0.04706946247895196,531,"Don't worry. I set the parental controls to ""herbivore."""
219,16,58,125,199,1.4522613065326633,0.04542309725097337,531,So when have you seen a giraffe in a leading role? Ever?!
219,14,62,123,199,1.4522613065326633,0.0442915350198432,531,"Coffee break is over, tourists are waiting."
219,14,62,123,199,1.4522613065326633,0.0442915350198432,531,"Those treetops aren't going to trim themselves, dear."
219,21,48,130,199,1.4522613065326633,0.0481357661984813,531,"Real Housewives of the Serengeti, AGAIN?"
219,24,42,133,199,1.4522613065326633,0.04969233866202049,531,I just told the neighbor we were from Savannah.
219,19,52,128,199,1.4522613065326633,0.04706946247895196,531,That's my spot.
227,17,56,127,200,1.45,0.045803820252777426,531,This could be our year - everyone's fed up with the donkeys and elephants.
227,22,46,132,200,1.45,0.048469023418630776,531,The kids are finally asleep. Are you up for a little necking?
229,17,55,126,198,1.4494949494949494,0.04612752196017103,531,Did you call the guy about the door?
230,23,42,132,197,1.4467005076142132,0.04952126435562825,531,Your watching Deep Throat again?
230,20,48,129,197,1.4467005076142132,0.047926647257021913,531,I don't know why you watch these murder mystery shows. You know the lion did it.
232,22,44,132,198,1.4444444444444444,0.04879959029063344,531,I didn't know Noah's ark would be so luxurious.
233,24,39,133,196,1.4438775510204083,0.050217385379772085,531,Have you seen the ladder?
233,20,47,129,196,1.4438775510204083,0.04808816173812185,531,"There's not going to be a third party, and you're not going to be the mascot."
233,19,49,128,196,1.4438775510204083,0.04754095787418015,531,Back in my day we actually had to stretch our necks out to change the channel.
233,23,41,132,196,1.4438775510204083,0.049693633099456035,531,"""How did you get through the door?"" - William Davis-Greene, age 7 (submitted by his father Robert Greene)"
237,21,44,129,194,1.443298969072165,0.04899401668304588,531,Do we have to watch Deep Throat again tonight?
237,20,46,128,194,1.443298969072165,0.04844582253131747,531,Why is the TV sideways?
237,18,50,126,194,1.443298969072165,0.047330390033577426,531,You can't just keep looking down on everything.
237,18,50,126,194,1.443298969072165,0.047330390033577426,531,Cute!? He's probably only 17 feet tall.
237,13,60,121,194,1.443298969072165,0.04441943348037221,531,You never wear the turtleneck I gave you.
237,19,48,127,194,1.443298969072165,0.04789135382021724,531,I'm busting my tail at that toy store. You could at least strip a few leaves off the tree for dinner.
237,19,48,127,194,1.443298969072165,0.04789135382021724,531,Get your feet off the couch -- you are not in a zoo.
244,24,37,132,193,1.4404145077720207,0.0507831496992556,531,This is the Best. Zoo. Ever.
244,17,51,125,193,1.4404145077720207,0.04691611375995757,531,You were more fun when we were in the zoo.
246,12,60,120,192,1.4375,0.04407833044319721,531,"Besides, you know the camera adds five feet."
246,19,46,127,192,1.4375,0.04821474740538155,531,For this we gave up the Serengeti?
246,17,50,125,192,1.4375,0.04707002043482379,531,"Hey, hon, the Libertarians are auditioning for a mascot."
246,19,46,127,192,1.4375,0.04821474740538155,531,I was laid off from the zoo today. The only job experience I have is being looked at.
246,21,42,129,192,1.4375,0.04933291914122622,531,A horizontal television screen is just another example of species bias.
246,21,42,129,192,1.4375,0.04933291914122622,531,"Just once I want to hear someone say, ""Even-toed ungulate lives matter""."
246,16,52,124,192,1.4375,0.04648708747512282,531,Can I get you a tree or anything?
246,15,54,123,192,1.4375,0.04589675130229494,531,""" The high ceilings are nice, but the doorways are a pain in the neck ""."
254,21,41,128,190,1.436842105263158,0.04971153358084583,531,"If you sit that close, you'll strain your neck."
254,16,51,123,190,1.436842105263158,0.046826943187390245,531,Anything high-brow on?
254,15,53,122,190,1.436842105263158,0.04622843081630801,531,I strongly disagree with his position on migration.
254,19,45,126,190,1.436842105263158,0.04857825630758855,531,"When Witness Protection said they'd give us a new location and a new identity, I didn't quite expect this."
254,17,49,124,190,1.436842105263158,0.047417901691365165,531,Just because you can lick the screen from there doesn't mean you should.
254,12,59,119,190,1.436842105263158,0.04438449547001162,531,"How many times can you watch ""Out of Africa""?"
254,14,55,121,190,1.436842105263158,0.045622067283292614,531,"The ceilings are low, and the internet access isn't great, but I do like the no-hyenas policy."
254,17,49,124,190,1.436842105263158,0.047417901691365165,531,"Am I wrong for wishing our new neighbors weren't, you know, lions?"
254,23,37,130,190,1.436842105263158,0.05081954501993655,531,"First, I told you to stop watching those gory nature shows. Second, is it anyone we know?"
263,15,54,124,193,1.4352331606217616,0.04571456226689454,531,Stay inside. It's a zoo out there.
264,18,47,126,191,1.4345549738219896,0.04780435038236747,531,"You're right, this is a nicer zoo."
265,14,54,121,189,1.433862433862434,0.045766170871532084,531,Would you get off your lazy butt and eat the lawn?
265,21,40,128,189,1.433862433862434,0.04988540296069759,531,Why don't you get giraffe off the couch and do some chores?
265,18,46,125,189,1.433862433862434,0.04816317636495381,531,We used to be wild.
265,20,42,127,189,1.433862433862434,0.049318010282465095,531,Do you want acacia leaves just on your half?
269,13,56,121,190,1.431578947368421,0.04496681108969621,531,Television always makes everyone look shorter.
270,16,49,123,188,1.4308510638297873,0.04713339759552943,531,Housewives of the Serengeti? Puleeze!
270,18,45,125,188,1.4308510638297873,0.04832531175034685,531,Perhaps if we stood it up on its side?
272,21,38,128,187,1.427807486631016,0.050235315700413126,531,"Yes, I've seen your Toys R Us commercial a million times already."
272,19,42,126,187,1.427807486631016,0.04907733622544071,531,Watching Neckflix again?
272,15,50,122,187,1.427807486631016,0.046675270817795114,531,best part of city life?....... no damn monkeys
272,20,40,127,187,1.427807486631016,0.049659701340750775,531,Get outside and graze with your friends!
272,21,38,128,187,1.427807486631016,0.050235315700413126,531,Neckflix tonight?
272,20,40,127,187,1.427807486631016,0.049659701340750775,531,Iâ€™ve kept this secret for too long. I was Deep Throat.
278,19,41,125,185,1.427027027027027,0.04945795044348341,531,Does my neck look fat?
278,13,53,119,185,1.427027027027027,0.04575546330862687,531,Let me guess: your mom called that she is in the documentary again.
278,15,49,121,185,1.427027027027027,0.047022029260210436,531,Wall-mounted might be better.
278,15,49,121,185,1.427027027027027,0.047022029260210436,531,Ruminating again?
278,15,49,121,185,1.427027027027027,0.047022029260210436,531,The kids still at the zoo?
278,18,43,124,185,1.427027027027027,0.048860356686065726,531,I told you we should have gotten the wall mount.
278,18,43,124,185,1.427027027027027,0.048860356686065726,531,"You know, when he insults pigs and dogs, he insults all animals."
278,18,43,124,185,1.427027027027027,0.048860356686065726,531,This zoo finally has some decent amenities.
278,23,33,129,185,1.427027027027027,0.051779402163331656,531,"It's for you, someone from Toy R Us. He doesn't sound happy."
278,18,43,124,185,1.427027027027027,0.048860356686065726,531,National Geographic? You know I hate reality TV.
288,23,32,129,184,1.423913043478261,0.051967348673249605,531,"With all this diversity on TV now, I think we can stop pretending we're sisters."
288,18,42,124,184,1.423913043478261,0.049026754654109224,531,I thought we were going to neck.
288,16,46,122,184,1.423913043478261,0.04779989131189599,531,Ever think the TV should be portrait and not landscape?
288,21,36,127,184,1.423913043478261,0.050811536737653845,531,I told you to buy a wall mount!
288,20,38,126,184,1.423913043478261,0.050223657118925256,531,All the people trying to keep us out of captivity and here you are...
288,19,40,125,184,1.423913043478261,0.04962881424290526,531,"If you just get up and go outside, you'd be ON that nature show."
294,12,54,119,185,1.4216216216216215,0.04505953546797507,531,"Sure, wide screen's great but what about tall screen?"
295,16,45,122,183,1.4207650273224044,0.04795746782552055,531,We better go before the people get back. They will not be happy about their ficus plant.
295,20,37,126,183,1.4207650273224044,0.05039956033284691,531,You always look down on whatever it is I want to watch. I've had it up to here.
297,21,34,126,181,1.419889502762431,0.0514039831534579,531,Nate Silver's saying it's neck and neck.
297,19,38,124,181,1.419889502762431,0.05019556529844958,531,Why is National Geographic showing our home movies?
297,17,42,122,181,1.419889502762431,0.04895732904500457,531,I hate the stereotyping on National Geographic.
297,14,48,119,181,1.419889502762431,0.04703889884559105,531,Those gutters aren't going to clean themselves!
297,16,44,121,181,1.419889502762431,0.04832631491243476,531,Watching these travel shows makes me want to go to Africa someday.
297,17,42,122,181,1.419889502762431,0.04895732904500457,531,The fewer glass ceilings the better.
297,21,34,126,181,1.419889502762431,0.0514039831534579,531,I've never been happier not to be an elephant or a donkey.
297,14,48,119,181,1.419889502762431,0.04703889884559105,531,Don't watch that show with the lions. It doesn't end well.
297,19,38,124,181,1.419889502762431,0.05019556529844958,531,"And how do you propose I ""pick up the remote?"""
297,16,44,121,181,1.419889502762431,0.04832631491243476,531,And you thought YOU'D be the one to break the glass ceiling?
297,14,48,119,181,1.419889502762431,0.04703889884559105,531,Nothing's on TV. Wanna neck?
308,18,39,123,180,1.4166666666666667,0.049751087439649844,531,Is the zoo letting you work from home?
308,15,45,120,180,1.4166666666666667,0.04784298237082759,531,I'm overextended
308,16,43,121,180,1.4166666666666667,0.04848736132814518,531,You'd think the 'top-rated zoo in America' would feature cathedral ceilings.
308,15,45,120,180,1.4166666666666667,0.04784298237082759,531,Dinner's on the tree. I'll be back in a few hours.
308,10,55,115,180,1.4166666666666667,0.04448128516557697,531,"Yes, for a sore throat you have to take all thirty."
313,20,36,127,183,1.4153005464480874,0.050350706180359646,531,It's a zoo out there.
314,17,40,122,179,1.4134078212290502,0.04928966939726459,531,Go clean your room. It's like a zoo in there.
314,15,44,120,179,1.4134078212290502,0.04799927199464477,531,What do they mean--the elephant in the room?
314,15,44,120,179,1.4134078212290502,0.04799927199464477,531,There's never anyone who looks like us at the Republican convention.
314,15,44,120,179,1.4134078212290502,0.04799927199464477,531,Any woman who can break a ceiling like THAT has my vote.
314,16,42,121,179,1.4134078212290502,0.04864874932260608,531,"Tigers won, get over it!"
314,16,42,121,179,1.4134078212290502,0.04864874932260608,531,"Wide screen, flat screen, but they never got around to making a tall screen."
314,16,42,121,179,1.4134078212290502,0.04864874932260608,531,I think those Witness Protection guys kinda glossed over the 'new identities' part.
314,12,50,117,179,1.4134078212290502,0.045995847813713166,531,Still hoping to find Mom on Wild Kingdom?
314,14,46,119,179,1.4134078212290502,0.047340885219628225,531,So good to be home. It's a real jungle out there.
314,15,44,120,179,1.4134078212290502,0.04799927199464477,531,Lean over and change it yourself.
314,15,44,120,179,1.4134078212290502,0.04799927199464477,531,Did we ever receive residuals from this National Geographic program?
314,15,44,120,179,1.4134078212290502,0.04799927199464477,531,"Honey, let's do it like they do it on Discovery Channel!"
326,13,47,117,177,1.4124293785310735,0.047026590738571024,531,They talk about low hanging fruit as if that was easy.
326,19,35,123,177,1.4124293785310735,0.05095790663694605,531,"How about a tall one, love?"
326,19,35,123,177,1.4124293785310735,0.05095790663694605,531,"Now we are late, the ark left 10 minutes ago."
326,14,45,118,177,1.4124293785310735,0.04770431397558118,531,Somehow I thought life would be more exciting once we broke out of the zoo.
326,17,39,121,177,1.4124293785310735,0.049682044825511744,531,A donkey or an elephant - hardly seems like much of a choice.
331,21,30,125,176,1.4090909090909092,0.05239257858167354,531,We need to discuss the elephant in the room.
331,16,40,120,176,1.4090909090909092,0.04919661538928782,531,"Don't watch that, it's way over your head."
331,13,46,117,176,1.4090909090909092,0.047175224121951104,531,I miss the zoo -- the rent here is outrageous and the utility poles don't have leaves.
331,16,40,120,176,1.4090909090909092,0.04919661538928782,531,The polls are saying it's neck and neck.
331,14,44,118,176,1.4090909090909092,0.04785850850048904,531,too much television will stunt your growth
331,15,42,119,176,1.4090909090909092,0.0485321738728696,531,I'm gonna grab a long neck. You want one?
331,18,36,122,176,1.4090909090909092,0.0504992781694119,531,The rooftop garden is delicious! And I can reach it from the bathroom window!
338,12,48,117,177,1.4067796610169492,0.046276294045242555,531,Your father and I think you should at least go for some low-hanging fruit.
339,19,33,123,175,1.4057142857142857,0.05131898559889281,531,"For optimum viewing place base of television 32"" above the floor... I'd like to speak with the no-neck Gazelle that wrote these specs!"
339,13,45,117,175,1.4057142857142857,0.047323879943941924,531,Sorry if you lost the signal. I hit my head on the dish again.
339,15,41,119,175,1.4057142857142857,0.04869201682958109,531,They say the camera adds 3 feet to the neck.
342,16,39,121,176,1.4034090909090908,0.049134705691841175,531,Maybe if we turned it on its side...
343,14,42,118,174,1.4022988505747127,0.04816721990120218,531,Of course you're tall and thin enough to be America's Next Top Model.
343,20,30,124,174,1.4022988505747127,0.05214140083793721,531,Kid's asleep. Wanna neck?
343,14,42,118,174,1.4022988505747127,0.04816721990120218,531,Can you adjust the vertical?
343,18,34,122,174,1.4022988505747127,0.05085119610424008,531,TV? I thought we'd just neck.
343,14,42,118,174,1.4022988505747127,0.04816721990120218,531,"I told you to order a tall screen TV, not a wide screen TV."
343,23,24,127,174,1.4022988505747127,0.0540189595004224,531,Neckflix and chill?
343,16,38,120,174,1.4022988505747127,0.04952739251284409,531,I'll grab us a couple of long necks.
350,13,43,116,172,1.4011627906976745,0.047841966746706786,531,Give me a break!... like a herd of giraffes could really survive like that in the wilderness.
350,15,39,118,172,1.4011627906976745,0.049242793322492394,531,Wanna get high with me?
350,11,47,114,172,1.4011627906976745,0.04639886712177673,531,"Yes, I walk around with my head in the clouds. Don't we all?"
350,15,39,118,172,1.4011627906976745,0.049242793322492394,531,"When I was your age, I was roaming the savanna."
350,13,43,116,172,1.4011627906976745,0.047841966746706786,531,"I just sometimes feel... domesticated, you know?"
350,12,45,115,172,1.4011627906976745,0.04712594111727262,531,"The kids used to look up to us, Fran."
350,14,41,117,172,1.4011627906976745,0.048547432869281044,531,I can't find the ladder.
350,14,41,117,172,1.4011627906976745,0.048547432869281044,531,Don't you find it odd that all the movies on the ark are romances?
350,13,43,116,172,1.4011627906976745,0.047841966746706786,531,This election makes me happy I live in Africa.
350,18,33,121,172,1.4011627906976745,0.05127232257480401,531,Are you watching your old Toys 'R' Us ad again?
350,12,45,115,172,1.4011627906976745,0.04712594111727262,531,It's a jungle out there.
350,14,41,117,172,1.4011627906976745,0.048547432869281044,531,"I know that you said don't stick your neck out, but what could I do?"
350,11,47,114,172,1.4011627906976745,0.04639886712177673,531,I'm heading out for some low-hanging fruit.
350,12,45,115,172,1.4011627906976745,0.04712594111727262,531,"Time to move, the zoo knows where we live."
350,16,37,119,172,1.4011627906976745,0.04992847033713384,531,Would you at least apply for the circus?
350,16,37,119,172,1.4011627906976745,0.04992847033713384,531,``Housewives of the Serengeti'' again!
350,16,37,119,172,1.4011627906976745,0.04992847033713384,531,We're out of throat lozenges.
350,18,33,121,172,1.4011627906976745,0.05127232257480401,531,"You can stand up now, Wilma. I've had the ceiling fan removed."
350,15,39,118,172,1.4011627906976745,0.049242793322492394,531,I'm going to the zoo. Do you need anything?
350,12,45,115,172,1.4011627906976745,0.04712594111727262,531,"My favorite movie -- ""Get Shorty.'"
350,15,39,118,172,1.4011627906976745,0.049242793322492394,531,Why is the screen sideways?
350,16,37,119,172,1.4011627906976745,0.04992847033713384,531,I've seen this episode of Animal Planet. Spoiler alert. It doesn't end well for us.
350,12,45,115,172,1.4011627906976745,0.04712594111727262,531,Love the cathedral ceilings.
350,13,43,116,172,1.4011627906976745,0.047841966746706786,531,I've had it up to my neck with your binge watching...
350,13,43,116,172,1.4011627906976745,0.047841966746706786,531,"Honey, I can't find my good interview tie. I thought you laid it out on the bed, stairs, and kitchen table."
375,16,36,119,171,1.3976608187134503,0.05009762204627701,531,"Got it. When they go low we go high. But, when they go high, then what do we do?"
375,19,30,122,171,1.3976608187134503,0.052116888659098116,531,You're in my spot.
375,18,32,121,171,1.3976608187134503,0.051452605705643584,531,They're sending a primate to change the channel between noon and five.
375,18,32,121,171,1.3976608187134503,0.051452605705643584,531,Sooooâ€¦Neckflix?
375,14,40,117,171,1.3976608187134503,0.04870495699087326,531,Watching human mating documentaries on Cinemax again?
375,14,40,117,171,1.3976608187134503,0.04870495699087326,531,Hurry up or we'll miss the Ark.
375,14,40,117,171,1.3976608187134503,0.04870495699087326,531,That's not a giraffe. That's Audrey Hepburn.
375,11,46,114,171,1.3976608187134503,0.046537882275299175,531,Are you sure this is what our therapist meant when she said we should try a different environment?
375,16,36,119,171,1.3976608187134503,0.05009762204627701,531,I'm thinking Leopard carpeting.
375,14,40,117,171,1.3976608187134503,0.04870495699087326,531,Spoiler alert! The hyena did it.
375,16,36,119,171,1.3976608187134503,0.05009762204627701,531,"Geoffrey, perhaps it's time you get a job and stop living off of your Toys ""R"" Us royalties."
375,16,36,119,171,1.3976608187134503,0.05009762204627701,531,Why do they keep making TV's sideways?
375,14,40,117,171,1.3976608187134503,0.04870495699087326,531,"I know she's the first woman, but we've always supported the elephants"
375,14,40,117,171,1.3976608187134503,0.04870495699087326,531,"She broke the glass ceiling, not us."
389,12,43,115,170,1.3941176470588235,0.047416410282164985,531,Even if he does build a wall we will be fine.
389,18,31,121,170,1.3941176470588235,0.05163330155715658,531,"It's nice, but personally I prefer tall-screen TVs."
389,18,31,121,170,1.3941176470588235,0.05163330155715658,531,I wish they would bring back Marlin Perkins.
392,13,40,115,168,1.3928571428571428,0.048528176451743545,531,Do I look like a Leopard in this?
392,13,40,115,168,1.3928571428571428,0.048528176451743545,531,At least we can look over his stupid wall.
392,14,38,116,168,1.3928571428571428,0.04925718129533265,531,"Call me old fashioned, but do you want to stay in, watch a movie and neck?"
392,22,22,124,168,1.3928571428571428,0.05474082484397696,531,I told you not to watch the convention. Those people are animals.
392,13,40,115,168,1.3928571428571428,0.048528176451743545,531,"Well, that was fun... time for me to duck out."
392,17,32,119,168,1.3928571428571428,0.051382174997273176,531,Let's go trash a salad bar.
392,14,38,116,168,1.3928571428571428,0.04925718129533265,531,This year it's hard to identify with either party.
392,14,38,116,168,1.3928571428571428,0.04925718129533265,531,We need tall-screen not wide-screen
392,12,42,114,168,1.3928571428571428,0.04778805196178062,531,"I know it's better on the big screen, but we're not welcome in the theater anymore."
392,15,36,117,168,1.3928571428571428,0.04997555310940521,531,"Our time will come, that donkey and elephant can't last much longer."
392,13,40,115,168,1.3928571428571428,0.048528176451743545,531,"The front desk reassured me about their ""No Lions"" policy."
392,15,36,117,168,1.3928571428571428,0.04997555310940521,531,All these nature shows just encourage violence against prey.
392,12,42,114,168,1.3928571428571428,0.04778805196178062,531,You know the shows on Animal Planet are completely fake; all the animals are actors.
392,15,36,117,168,1.3928571428571428,0.04997555310940521,531,I told you this zoo was progressive.
392,13,40,115,168,1.3928571428571428,0.048528176451743545,531,Weâ€™ve always looked down on television.
392,10,46,112,168,1.3928571428571428,0.04627230177376549,531,Can you clean the gutters please?
392,14,38,116,168,1.3928571428571428,0.04925718129533265,531,I'll trim the trees if you clean the gutters this time.
409,10,46,113,169,1.3905325443786982,0.046056388279430434,531,"Last time you watched Predators of the Serengeti, you stayed in your room for two weeks."
410,12,41,114,167,1.3892215568862276,0.04793574460455058,531,We used to use that couch for necking . . .
410,11,43,113,167,1.3892215568862276,0.04717722696280462,531,Noah said he will give us a discount if we pay up front for the 40 nights.
410,16,33,118,167,1.3892215568862276,0.050856809557458305,531,Ohio looks so fascinating. Those were your words.
410,17,31,119,167,1.3892215568862276,0.05156122521096937,531,Time to go outside--I hear a Land Rover coming.
410,15,35,117,167,1.3892215568862276,0.05014249905490214,531,"I swear, whatever you're seeing on Animal Planet is a doctored video. I've never been with anyone but you."
410,12,41,114,167,1.3892215568862276,0.04793574460455058,531,Just because I can see the tv from anywhere doesn't mean you can hog the couch
410,14,37,116,167,1.3892215568862276,0.04941786462989008,531,Wanna neck?
417,12,36,107,155,1.3870967741935485,0.050458390423747196,531,"I wish someone, for once, would make a tall-screen TV"
418,14,36,116,166,1.3855421686746987,0.04957847184581835,531,"You can watch TV with your boyfriend, but no necking."
418,15,34,117,166,1.3855421686746987,0.05030948440099925,531,I've always looked down on popular culture.
420,17,29,118,164,1.3841463414634145,0.052185076667922346,531,You think I don't know why you're watching animal planet
420,16,31,117,164,1.3841463414634145,0.05146324443473902,531,Before this election we used to think Africa was wild.
420,12,39,113,164,1.3841463414634145,0.04846853341499773,531,I told you to get the wall mount.
420,4,55,105,164,1.3841463414634145,0.041840950499514966,531,Did I mention to you that you have to flip it up to get the portrait mode?
420,13,37,114,164,1.3841463414634145,0.04923429120529702,531,"Oh no, not 'Out of Africa' again!"
420,12,39,113,164,1.3841463414634145,0.04846853341499773,531,I guess four stars and 'pet friendly' doesn't mean we can get into the bathroom.
420,17,29,118,164,1.3841463414634145,0.052185076667922346,531,"I'm sure they mean elephant lives matter, AS WELL."
420,11,41,112,164,1.3841463414634145,0.04769048156931858,531,I didn't think witness relocation would be like this.
420,12,39,113,164,1.3841463414634145,0.04846853341499773,531,THIS is why we don't mate for life.
420,12,39,113,164,1.3841463414634145,0.04846853341499773,531,They always cut our heads off!
420,16,31,117,164,1.3841463414634145,0.05146324443473902,531,What do you mean you didn't go to the interview? I stuck my neck out for you!
420,10,43,111,164,1.3841463414634145,0.046899523805965015,531,Try flipping the screen to portrait.
432,11,40,112,163,1.3803680981595092,0.047833141902791636,531,This election is hard to swallow.
432,15,32,116,163,1.3803680981595092,0.05090158064783768,531,"Even for me, that's a stretch."
432,15,32,116,163,1.3803680981595092,0.05090158064783768,531,You know Attenborough gives you nightmares.
432,13,36,114,163,1.3803680981595092,0.049391195453951736,531,It's tough being tall in a wide-screen world.
432,17,28,118,163,1.3803680981595092,0.05236842213133965,531,I ordered the pizza. Do you have any idea how we eat it?
432,12,38,113,163,1.3803680981595092,0.04861841036409491,531,Do you think sharks watch shows about us?
432,11,40,112,163,1.3803680981595092,0.047833141902791636,531,Do you know anything about the neighborâ€™s missing tree?
432,14,34,115,163,1.3803680981595092,0.050152074238354216,531,"I didn't mean to, but like Hillary, I just shattered a glass ceiling."
432,12,38,113,163,1.3803680981595092,0.04861841036409491,531,It comes in clearer if you stick your head out the window.
432,12,38,113,163,1.3803680981595092,0.04861841036409491,531,I nailed that â€œhump dayâ€ audition; then they go and give the commercial to some camel.
432,16,30,117,163,1.3803680981595092,0.0516402098609916,531,"If Trump wins, we're taking an ark to Canada."
432,14,34,115,163,1.3803680981595092,0.050152074238354216,531,Have you heard from Noah?
432,15,32,116,163,1.3803680981595092,0.05090158064783768,531,"If all you're going to do here in Manhattan is sit on the couch and watch the Animal Channel, we could have stayed back home in Kenya."
432,8,46,109,163,1.3803680981595092,0.0453959070641375,531,I need more space.
432,9,44,110,163,1.3803680981595092,0.04622259988592961,531,I'm telling you that Nat Geo is scripted.
432,17,28,118,163,1.3803680981595092,0.05236842213133965,531,"I love you, I love the show, but a ""tiny house"" just is not for us."
432,14,34,115,163,1.3803680981595092,0.050152074238354216,531,National Geographic promised they were gonna edit this part out.
449,17,28,119,164,1.3780487804878048,0.05209977292499177,531,The RNC is a zoo.
449,16,30,118,164,1.3780487804878048,0.05137674220645437,531,"I was proud of the Kenya connection,too."
449,9,44,111,164,1.3780487804878048,0.045998399386694054,531,Hooves off the sofa!
449,15,32,117,164,1.3780487804878048,0.050643389900965695,531,Real Horse Wives?
453,13,35,114,162,1.376543209876543,0.04954778408423333,531,You look down on all the shows I like
453,18,25,119,162,1.376543209876543,0.053276534123058675,531,"Sorry, I licked the satellite."
453,11,39,112,162,1.376543209876543,0.047975206465994014,531,Again with the hoofs on the upholstery!
453,13,35,114,162,1.376543209876543,0.04954778408423333,531,You're not just my trophy wife.
453,13,35,114,162,1.376543209876543,0.04954778408423333,531,We left the Serengeti for this?
453,15,31,116,162,1.376543209876543,0.05107196275708285,531,I think I swallowed the remote.
453,9,43,110,162,1.376543209876543,0.046349303805469415,531,Hi honey. Work was a total zoo again.
460,9,38,102,149,1.3758389261744965,0.049002854086351015,531,Watching the Nature Channel is not helping your depression.
461,13,34,113,160,1.375,0.04996067636041306,531,We should have splurged on the wall mount
461,14,32,114,160,1.375,0.050741359211112926,531,What happened to the zebra rug?
461,12,36,112,160,1.375,0.049167599394201456,531,"Oh, c'mon, Veronica. It's only a sore throat."
461,12,36,112,160,1.375,0.049167599394201456,531,I sprung for the premier ark stateroom.
461,17,26,117,160,1.375,0.05301447529868582,531,Thanks for getting the elephant out of the room for me.
461,14,32,114,160,1.375,0.050741359211112926,531,"If I hear Al Roger say, ""Here's the weather in your neck of the woods, "" one more time ..."
461,8,44,108,160,1.375,0.045858340804957695,531,What do you say we go scare some second story apartment dwellers?
461,8,44,108,160,1.375,0.045858340804957695,531,"You're watching that geographic smut again, aren't you?"
461,16,28,116,160,1.375,0.052267755251146096,531,And I suppose there's nothing left on the tree to eat either.
461,9,42,109,160,1.375,0.046707641490284064,531,Let's replay the part where the leopard goes ass over heels.
461,17,26,117,160,1.375,0.05301447529868582,531,I thought the presidential suite would have higher ceilings and longer sofas.
461,10,40,110,160,1.375,0.04754177243000268,531,You're right. We should have splurged on the sectional.
461,17,26,117,160,1.375,0.05301447529868582,531,"""If you will flip on Animal Planet, I'll get us a couple of cold long necks""."
461,11,38,111,160,1.375,0.04836151856577108,531,"Honestly, Janine, it's a jungle out there."
461,9,42,109,160,1.375,0.046707641490284064,531,"Face it Gladys, if you've seen one wildebeest migration you've seen them all."
461,12,36,112,160,1.375,0.049167599394201456,531,"With a little effort, you wouldn't need the remote"
461,12,36,112,160,1.375,0.049167599394201456,531,Two million years of evolution so that you can change the station with your nose instead of using the remote?
461,10,40,110,160,1.375,0.04754177243000268,531,There are just no decent parts for giraffes anymore.
461,9,39,104,152,1.375,0.04833629795036935,531,Aren't you glad we're not the mascot for any of those bozos?
461,13,34,113,160,1.375,0.04996067636041306,531,Won it in a giraffle.
461,14,32,114,160,1.375,0.050741359211112926,531,Remind me to do something about that door.
461,13,34,113,160,1.375,0.04996067636041306,531,I did not. I called you a pain in the rear.
461,19,22,119,160,1.375,0.05447721813379869,531,Want to neck?
484,12,36,113,161,1.3726708074534162,0.048916740469572464,531,"Don't worry. I just scored passes for us on the Ark, if Trump wins."
484,9,42,110,161,1.3726708074534162,0.046475028171149325,531,Please don't tell me that the remote is under the couch again.
486,12,35,112,159,1.371069182389937,0.04931943415554243,531,"Seriously, Shirley. Giraffe's Gone Wild?"
486,16,27,116,159,1.371069182389937,0.05244857070524341,531,"You know, there was a time when all we would do on that couch was neck."
486,14,31,114,159,1.371069182389937,0.05090805022020487,531,Widescreen doesn't do a thing for me.
486,15,29,115,159,1.371069182389937,0.05168405047132925,531,We never talk.
486,11,37,111,159,1.371069182389937,0.04850561915410293,531,"It was only after I bought the thing that I realized that the ""high"" in HD had nothing to do with height."
486,9,41,109,159,1.371069182389937,0.046835585805270565,531,Let me guess! You have another sore throat!
486,15,29,115,159,1.371069182389937,0.05168405047132925,531,"I'm getting very tired of your 'Not tonight, I have a sore throat' routine!"
486,7,45,107,159,1.371069182389937,0.0451037593324863,531,"You know, itâ€™s not the Serengeti, but itâ€™s not bad."
486,14,31,114,159,1.371069182389937,0.05090805022020487,531,"""Who needs a remote when you have a 12-foot neck!"
495,14,31,115,160,1.36875,0.050642006422192715,531,Widescreen just isn't us.
496,9,40,109,158,1.3670886075949367,0.046962419750281696,531,"'When they go low, we go high.' I like that."
496,14,30,114,158,1.3670886075949367,0.051074427497710496,531,"What dâ€™ya mean, â€œItâ€™s only a sore throat!â€"
496,15,28,115,158,1.3670886075949367,0.05185771687321313,531,Face it - we're vertical viewers in a horizontal world.
496,11,36,111,158,1.3670886075949367,0.048648948385022095,531,Out of Africa?
496,10,38,110,158,1.3670886075949367,0.04781312083398338,531,"OK, I've painted the ceilings, cleaned the gutters, and pruned the trees. Do you have something less stereo-typical left for me to do?"
496,12,34,112,158,1.3670886075949367,0.049470656292917636,531,They just got home. You'd better get off the couch.
496,17,24,117,158,1.3670886075949367,0.05338983151752053,531,Mind if I turn the TV up?
496,14,30,114,158,1.3670886075949367,0.051074427497710496,531,"Not ""Out of Africa"" again?"
496,14,30,114,158,1.3670886075949367,0.051074427497710496,531,Those politicians only go after the low-hanging fruit.
496,9,40,109,158,1.3670886075949367,0.046962419750281696,531,What did I say about no hooves on the couch?
496,9,40,109,158,1.3670886075949367,0.046962419750281696,531,"You know, if you watch TV all day your neck will stay that way."
496,11,36,111,158,1.3670886075949367,0.048648948385022095,531,...and then this drone got all up in my face!
496,12,34,112,158,1.3670886075949367,0.049470656292917636,531,Good news. The necklace I ordered for you will be ready in three years.
496,17,24,117,158,1.3670886075949367,0.05338983151752053,531,I don't work all day so you can sit around and watch NeckFlix.
496,18,22,118,158,1.3670886075949367,0.05413963210581206,531,Neckflix again?
496,12,34,112,158,1.3670886075949367,0.049470656292917636,531,Feel like necking?
496,11,36,111,158,1.3670886075949367,0.048648948385022095,531,Seriously? You really think you need the remote control?
513,13,31,112,156,1.3653846153846154,0.05070759724789727,531,Your T V Dinner is on the roof.
513,10,37,109,156,1.3653846153846154,0.048198770324963496,531,"Be careful, watching too much TV will give you a stiff neck."
513,10,37,109,156,1.3653846153846154,0.048198770324963496,531,The Human Channel is too violent for me
513,13,31,112,156,1.3653846153846154,0.05070759724789727,531,I feel skittish. There's a lion sitting in a parked car across the street.
513,14,29,113,156,1.3653846153846154,0.05151672936623356,531,I'm tired of watching people who think they're above us.
513,13,31,112,156,1.3653846153846154,0.05070759724789727,531,Perhaps it's time for the elephant and donkey to step aside.
513,13,31,112,156,1.3653846153846154,0.05070759724789727,531,I'd rather be hunted by that Trump kid than have to hear him give a speech.
513,16,25,115,156,1.3653846153846154,0.05309801669056328,531,"If we can't talk, how come we get captions."
513,10,37,109,156,1.3653846153846154,0.048198770324963496,531,If you watch too much TV you'll stunt your growth
513,13,31,112,156,1.3653846153846154,0.05070759724789727,531,I say we switch to portrait view.
513,12,33,111,156,1.3653846153846154,0.049885342864574626,531,Are you seriously watching 'The Real Housewives of The Serengeti' again?
513,11,35,110,156,1.3653846153846154,0.04904930628232548,531,Keep in mind that the camera automatically adds ten inches of neck.
513,12,33,111,156,1.3653846153846154,0.049885342864574626,531,Why do they keep making such a fuss about HER? You didn't have any trouble shattering the glass ceiling!
513,12,33,111,156,1.3653846153846154,0.049885342864574626,531,How are you liking your subscription to Neckflix?
513,6,45,105,156,1.3653846153846154,0.04463484644404428,531,"What is it about ""Place monitor at eye level"" that you don't get?"
513,7,43,106,156,1.3653846153846154,0.04555197584103465,531,Maybe we could rotate it 90 degrees.
513,15,27,114,156,1.3653846153846154,0.05231334811052093,531,Feet on the couch again? I could just wring your neck!
513,9,39,108,156,1.3653846153846154,0.047332953371829536,531,"Don't fall asleep in front of the couch, again. You'll wake up with a stiff neck."
513,9,39,108,156,1.3653846153846154,0.047332953371829536,531,You know watching Wild Kingdom before bed gives you bad dreams.
513,8,41,107,156,1.3653846153846154,0.04645100094681488,531,I like that Donald Trump. He hasn't insulted Giraffes yet.
513,14,29,113,156,1.3653846153846154,0.05151672936623356,531,"Call me old-fashioned, but I say we just stay home and neck."
513,13,31,112,156,1.3653846153846154,0.05070759724789727,531,...we always get our heads cut off-maybe if we got selfie stick...
513,10,37,109,156,1.3653846153846154,0.048198770324963496,531,"Quick! Put on the game, I hear it's neck and neck."
513,8,41,107,156,1.3653846153846154,0.04645100094681488,531,I'm thinking wall mount and a lot higher!
513,12,33,111,156,1.3653846153846154,0.049885342864574626,531,You don't find the plot a little hard to swallow?
513,15,27,114,156,1.3653846153846154,0.05231334811052093,531,How many ties should I wear with my blue suit ?
513,10,37,109,156,1.3653846153846154,0.048198770324963496,531,If you ask me these wildlife shows are all scripted.
513,15,27,114,156,1.3653846153846154,0.05231334811052093,531,If he wins I'm moving back!
513,13,31,112,156,1.3653846153846154,0.05070759724789727,531,Are you just grazing the channels?
513,12,33,111,156,1.3653846153846154,0.049885342864574626,531,Still ruminating?
513,8,41,107,156,1.3653846153846154,0.04645100094681488,531,Wide screen TV? What good is that?
513,11,35,110,156,1.3653846153846154,0.04904930628232548,531,The Serengeti in HD sure beats the real thing.
513,10,37,109,156,1.3653846153846154,0.048198770324963496,531,Animal Planet? Seriously?
513,13,31,112,156,1.3653846153846154,0.05070759724789727,531,"Really? 'Tiny Houses,' again?"
513,9,39,108,156,1.3653846153846154,0.047332953371829536,531,"No dear, it's not entitled 'Giraffic Park'."
513,12,33,111,156,1.3653846153846154,0.049885342864574626,531,You can reach the cobwebs too you know. Just sayin'.
513,17,23,116,156,1.3653846153846154,0.05387125729375664,531,"Watch all you want, but we're not getting a tiny house."
550,8,37,101,146,1.3630136986301369,0.04848204746536354,531,I think I'll stick my neck out and guess you're sitting on the remote again!
551,13,30,112,155,1.3612903225806452,0.05086917016433797,531,"Gerald, the conventions don't actually showcase elephants and donkeys."
551,12,32,111,155,1.3612903225806452,0.05003883784268974,531,"I have to admit, I miss the Bronx."
551,13,30,112,155,1.3612903225806452,0.05086917016433797,531,Anything good on neck-flix?
551,14,28,113,155,1.3612903225806452,0.05168616501318072,531,"I'm just saying, we haven't urinated on each other since your mother moved in."
551,13,30,112,155,1.3612903225806452,0.05086917016433797,531,25 million years of evolution down the drain.
551,18,20,117,155,1.3612903225806452,0.05483254850921342,531,"I don't get it, we always date naked."
551,15,26,114,155,1.3612903225806452,0.052490445171775035,531,Lets order Neckflix.
558,10,35,108,153,1.3594771241830066,0.04873210033198207,531,I've seen this one; the lions eat the wildebeest.
558,13,29,111,153,1.3594771241830066,0.051310968990878336,531,Scooch over. I'm in a mood for some serious necking.
558,13,29,111,153,1.3594771241830066,0.051310968990878336,531,"Honey, the leaves won't graze themselves."
558,4,47,102,153,1.3594771241830066,0.043114054909429975,531,Have you seen my socks?
558,9,37,107,153,1.3594771241830066,0.04784159582163687,531,I'm going back to the zoo. I'd rather be a caged animal than a couched potato.
558,8,39,106,153,1.3594771241830066,0.04693419839259384,531,Sometimes you can be such a pain in the neck.
558,14,27,112,153,1.3594771241830066,0.052142255904289204,531,"THIS TIME OF YEAR, IT'S ALL ELEPHANTS AND JACK ASSES!"
558,11,33,109,153,1.3594771241830066,0.04960662168271359,531,Trump banned us yet?
558,12,31,110,153,1.3594771241830066,0.05046599079357676,531,Did she eat the final rose?
558,9,37,107,153,1.3594771241830066,0.04784159582163687,531,The sloths in 6B asked if you could turn down the volume.
558,13,29,111,153,1.3594771241830066,0.051310968990878336,531,The Libertarians just asked me to be their logo.
558,12,31,110,153,1.3594771241830066,0.05046599079357676,531,Really? A horizontal screen?
570,10,37,112,159,1.3584905660377358,0.047451590496458834,531,"Something's wrong with the color. Humans don't come in orange, do they?"
571,13,29,112,154,1.3571428571428572,0.051030108091233976,531,Did you at least try to reach the higher leaves today?
572,11,32,109,152,1.355263157894737,0.04975357078221146,531,National Geographic is doing a special on humans
572,7,40,105,152,1.355263157894737,0.04611793905431834,531,We've got to do something about the shower heads in this place.
572,12,30,110,152,1.355263157894737,0.050621696744787226,531,"No, vampire movies make me uncomfortable."
572,10,34,108,152,1.355263157894737,0.04887002588335563,531,You are right. Let's turn it the other way!
572,13,28,111,152,1.355263157894737,0.05147518389536727,531,Don't believe everything you see on the National Geographic Channel.
572,10,34,108,152,1.355263157894737,0.04887002588335563,531,What do you mean I never stick my neck out for you?
572,13,28,111,152,1.355263157894737,0.05147518389536727,531,We never neck anymore.
572,7,40,105,152,1.355263157894737,0.04611793905431834,531,"You're watching ""Out of Africa"" again?"
572,15,24,113,152,1.355263157894737,0.053141051067354984,531,Could we please watch something other than basketball?
572,11,32,109,152,1.355263157894737,0.04975357078221146,531,'Should we turn it off and neck?'
572,12,30,110,152,1.355263157894737,0.050621696744787226,531,Thank God we aren't a political symbol.
572,9,36,107,152,1.355263157894737,0.04797021006936673,531,I told you we should've gone with wall mounted.
572,10,34,108,152,1.355263157894737,0.04887002588335563,531,"I'd offer a neck rub, but it took three hours last time."
572,9,36,107,152,1.355263157894737,0.04797021006936673,531,I'm so glad we bought prewar. I love the high ceilings.
572,12,30,110,152,1.355263157894737,0.050621696744787226,531,"I'll join you on the couch, but no necking."
572,14,26,112,152,1.355263157894737,0.05231474871202722,531,"The kids are all out, wanna neck?"
572,13,28,111,152,1.355263157894737,0.05147518389536727,531,"Horizontal, horizontal, horizontal! Why are they all horizontal?"
589,15,24,114,153,1.3529411764705883,0.05284362069965782,531,I'm tired of standing like this. Why can't we get cable like everyone else?
589,10,34,109,153,1.3529411764705883,0.048605058261684916,531,"Before you buy a ceiling fan, measure the clearance."
589,12,30,111,153,1.3529411764705883,0.05034332440982412,531,"It's a jungle out there, Marge."
592,9,35,107,151,1.3509933774834437,0.04809728505570444,531,$100 a month and all you watch is Animal Planet.
592,11,31,109,151,1.3509933774834437,0.049899391491588285,531,"Some Witness Protection Program, Marge... This is the last time I stick my neck out for anyone."
592,8,37,106,151,1.3509933774834437,0.04717042091161725,531,What is this obsession with basketball?
592,11,31,109,151,1.3509933774834437,0.049899391491588285,531,We should have gone for the tall screen instead...
592,14,25,112,151,1.3509933774834437,0.0524866643394534,531,We are not Party animals.
592,18,17,116,151,1.3509933774834437,0.05574989521501055,531,"No, I'm not high."
592,11,31,109,151,1.3509933774834437,0.049899391491588285,531,"Haven't you had enough of those ""Real Housewives of the Serengeti""?"
592,7,39,105,151,1.3509933774834437,0.04622497580560304,531,I've told you that I don't like watching these specials about lions before bedtime....
592,9,35,107,151,1.3509933774834437,0.04809728505570444,531,We should have ordered the ceiling mount.
592,14,25,112,151,1.3509933774834437,0.0524866643394534,531,That's my Spot. You're in my Spot.
602,8,36,105,149,1.348993288590604,0.047546529376061894,531,'Zoolander'? It's not what you think.
602,6,40,103,149,1.348993288590604,0.04559915583181674,531,"I tell you babe, it's a zoo out there."
602,12,28,109,149,1.348993288590604,0.051219638245281814,531,"Wow, let's vote Trump, if he makes President we'll qualify for deportation to Africa."
602,10,32,107,149,1.348993288590604,0.04941722269455383,531,would it be too much trouble for a man to have some hay in the trough when he gets home after a long day?
602,11,30,108,149,1.348993288590604,0.05032650018042513,531,Why did you turn it sideways?
602,14,24,111,149,1.348993288590604,0.052960747588303034,531,Apparently you ordered the wide screen instead of the tall screen.
602,14,24,111,149,1.348993288590604,0.052960747588303034,531,"No worries, we'll be able to see over the wall."
602,10,32,107,149,1.348993288590604,0.04941722269455383,531,When are they going to make Tall screen TV?
602,5,42,102,149,1.348993288590604,0.04459359024576404,531,Don't be like that. I was hungry. The shade in the back yard will eventually grow back.
602,12,28,109,149,1.348993288590604,0.051219638245281814,531,"Maude, if you tilt your head a bit to the left, I'm sure the reception will improve."
602,7,38,104,149,1.348993288590604,0.04658301980487645,531,And you wonder why you have a stiff neck.
602,10,32,107,149,1.348993288590604,0.04941722269455383,531,It's citizens like us who are putting a crack in the glass ceiling.
602,13,26,110,149,1.348993288590604,0.052097466959006175,531,"Yes, you're comfortable, but I'm going outside and watch the one upstairs."
602,8,36,105,149,1.348993288590604,0.047546529376061894,531,Let's turn off the TV and neck a little.
602,10,32,107,149,1.348993288590604,0.04941722269455383,531,"""I couldn't get it in Vertical Format""."
602,13,26,110,149,1.348993288590604,0.052097466959006175,531,There's nothing on tonight. Shall we neck?
602,12,28,109,149,1.348993288590604,0.051219638245281814,531,How's that a Love Seat if there's no room to neck?!
602,9,34,106,149,1.348993288590604,0.048490897880694286,531,We should've ordered the tallscreen TV.
602,14,24,111,149,1.348993288590604,0.052960747588303034,531,I don't feel like either campaign has reached out for the giraffe vote.
602,12,28,109,149,1.348993288590604,0.051219638245281814,531,Why is it always wide screen and never tall screen?
602,8,36,105,149,1.348993288590604,0.047546529376061894,531,"Don't worry, Honey. One day they'll come up with a long screen television."
602,4,44,101,149,1.348993288590604,0.043564820319150835,531,Wide-screen... I just don't see the appeal.
602,14,24,111,149,1.348993288590604,0.052960747588303034,531,Perhaps if we turned it the other way...
602,9,34,106,149,1.348993288590604,0.048490897880694286,531,"So, did you get that pill down yet?"
602,6,40,103,149,1.348993288590604,0.04559915583181674,531,"The convertible seems more practical, don't you think?"
602,12,28,109,149,1.348993288590604,0.051219638245281814,531,"You're right, wide-screen doesn't do anything for me either."
602,8,36,105,149,1.348993288590604,0.047546529376061894,531,You can't spend your summer vacation on the couch. Now get outside where the lions can chase you.
602,12,28,109,149,1.348993288590604,0.051219638245281814,531,You're watching the Lion King?
602,10,32,107,149,1.348993288590604,0.04941722269455383,531,Break time is over. Back to entertain the zoo visitors.
602,11,30,108,149,1.348993288590604,0.05032650018042513,531,We should have bought a long-screen TV.
602,14,24,111,149,1.348993288590604,0.052960747588303034,531,I'm surprised Dracula movies don't scare you more.
633,10,32,108,150,1.3466666666666667,0.04914177696321292,531,I think we would make an excellent 3rd party symbol.
634,12,27,109,148,1.3445945945945945,0.05137638371494697,531,How about a little necking while the ads are on.
634,8,35,105,148,1.3445945945945945,0.04766359355101678,531,Real Housewives of the Serengeti?
634,9,33,106,148,1.3445945945945945,0.04861837938016613,531,"What time is ""Giraffic Park"" on ?"
634,9,33,106,148,1.3445945945945945,0.04861837938016613,531,It's great that you don't need a remote
634,11,29,108,148,1.3445945945945945,0.050473796570777524,531,"If you're going to get upset about every little thing people say when we walk into a bar, we're never going to have a fun night out."
634,13,25,110,148,1.3445945945945945,0.05226338552928525,531,I thought I told you to mow the lawn and eat all the leaves from the tree-tops out back.
634,7,37,104,148,1.3445945945945945,0.046689286638792134,531,"Yes, you're tall enough, but how's your dribbling?"
634,14,23,111,148,1.3445945945945945,0.053135582525647894,531,"Don't complain, Noah's got the Zebras in steerage..."
634,9,33,106,148,1.3445945945945945,0.04861837938016613,531,"I said buy a high screen, not a wide screen!"
634,11,29,108,148,1.3445945945945945,0.050473796570777524,531,Go outside and roam.
634,9,33,106,148,1.3445945945945945,0.04861837938016613,531,"I don't care if we live in Detroit, I find your enthusiasm for the Lions distasteful..."
634,11,29,108,148,1.3445945945945945,0.050473796570777524,531,"Your mother is on the phone, and she says that the lions are stalking her again."
634,14,23,111,148,1.3445945945945945,0.053135582525647894,531,"Lion porn, again?"
634,10,31,107,148,1.3445945945945945,0.0495547724937871,531,Do you want to tell me why my fern is bare?
634,14,23,111,148,1.3445945945945945,0.053135582525647894,531,The wall's going to be how high?
634,10,31,107,148,1.3445945945945945,0.0495547724937871,531,"Cleaning the gutters was easy, but I still can't figure out how to drag the trash cans to the curb."
634,11,29,108,148,1.3445945945945945,0.050473796570777524,531,Please don't tell me the Republicans are talking about lowering ceilings again.
634,13,25,110,148,1.3445945945945945,0.05226338552928525,531,Are you sure witness protection insists on costumes?
634,15,21,112,148,1.3445945945945945,0.05399369216581852,531,Binging on Neckflix again?
634,10,31,107,148,1.3445945945945945,0.0495547724937871,531,"To be honest, I prefer the old zoo"
634,9,33,106,148,1.3445945945945945,0.04861837938016613,531,I'd like to redo the sofa in zebra.
634,8,35,105,148,1.3445945945945945,0.04766359355101678,531,Your obsession with Shark Week makes no sense.
656,7,35,101,143,1.3426573426573427,0.047704001226050126,531,"I know they're cute, but this tiny house craze is not for us."
657,8,35,106,149,1.342281879194631,0.04739907804334821,531,Leaves. What are you the mood for?
657,5,41,103,149,1.342281879194631,0.04443634137345018,531,Come on. Let's go to the zoo and see grandma before it closes.
657,7,37,105,149,1.342281879194631,0.04643250884662824,531,"What a day, my neck is killing me."
660,8,34,105,147,1.3401360544217686,0.047778531339716976,531,We're out of Ricola.
660,12,26,109,147,1.3401360544217686,0.05153193085304032,531,They call that a love seat...?
660,7,36,104,147,1.3401360544217686,0.046793162928624135,531,I don't care how many predators are out there. You need fresh air.
660,8,34,105,147,1.3401360544217686,0.047778531339716976,531,"I'm going to pour myself a tall, stiff drink."
660,11,28,108,147,1.3401360544217686,0.05061967934832239,531,"If the idiot installed it sideways, he should come back and do it right!"
660,10,30,107,147,1.3401360544217686,0.0496906830020621,531,Don't believe him. Nobody will lower anything.
660,10,30,107,147,1.3401360544217686,0.0496906830020621,531,Man ... It's a ZOO out there!
660,8,34,105,147,1.3401360544217686,0.047778531339716976,531,Get up. It's mating season.
660,11,28,108,147,1.3401360544217686,0.05061967934832239,531,Not tonight? Is it that sore throat again?
660,7,36,104,147,1.3401360544217686,0.046793162928624135,531,"The Airbnb review was right, these ceilings are high."
660,12,26,109,147,1.3401360544217686,0.05153193085304032,531,Any idea how the remote control got on top of the trees?
660,12,26,109,147,1.3401360544217686,0.05153193085304032,531,In my day there was no television - just monkeys and lions.
660,12,26,109,147,1.3401360544217686,0.05153193085304032,531,Wanna just sit on the sofa and neck?
660,7,36,104,147,1.3401360544217686,0.046793162928624135,531,"Let's eat out tonight. I hear there is a good, new acacia tree in Central Park."
660,9,32,106,147,1.3401360544217686,0.048743984419576024,531,I would have preferred the tall screen.
660,9,32,106,147,1.3401360544217686,0.048743984419576024,531,"Honey, why is the TV sideways?"
660,12,26,109,147,1.3401360544217686,0.05153193085304032,531,"It's our epoch sequel, 'Giraffic Park'."
660,13,24,110,147,1.3401360544217686,0.052428311603160395,531,You do know it's not really about an elephant and a donkey.
660,13,24,110,147,1.3401360544217686,0.052428311603160395,531,"C'mon, we need to get to the zoo before the kids start arriving."
660,12,26,109,147,1.3401360544217686,0.05153193085304032,531,With the new wide screen we can finally watch giraffe porn
660,12,26,109,147,1.3401360544217686,0.05153193085304032,531,I don't care what you think. It's ALL low-hanging fruit.
660,8,34,105,147,1.3401360544217686,0.047778531339716976,531,Let's go out tonight for a movie and rile up the couple seated behind us.
660,9,32,106,147,1.3401360544217686,0.048743984419576024,531,"Ever since you lost that Toys R Us gig, all you ever do is sit around and watch TV."
660,14,22,111,147,1.3401360544217686,0.053309622186558735,531,You wanna' turn that thing off and neck?
660,9,32,106,147,1.3401360544217686,0.048743984419576024,531,You're staying home for a little sore throat?
660,7,36,104,147,1.3401360544217686,0.046793162928624135,531,Darwin'so got to be rolling over in his grave.
660,13,24,110,147,1.3401360544217686,0.052428311603160395,531,Go tell those lions upstairs to turn down their music.
660,12,26,109,147,1.3401360544217686,0.05153193085304032,531,'You left the seat up again'
660,5,40,102,147,1.3401360544217686,0.04475739242442144,531,I'm going to go out and stretch my neck.
660,7,36,104,147,1.3401360544217686,0.046793162928624135,531,Are you sitting down?
690,7,35,103,145,1.3379310344827586,0.047161467215927906,531,"To celebrate our new home, whaddya say we raise the roof?"
690,9,31,105,145,1.3379310344827586,0.04915053276603517,531,I still miss Marlin Perkins.
690,8,33,104,145,1.3379310344827586,0.04816626859714244,531,"These new, humane zoos are great, but I wish there were more cable options."
690,10,29,106,145,1.3379310344827586,0.05011546978526813,531,Can we discuss the elephant in the room?
690,12,25,108,145,1.3379310344827586,0.05199164541562593,531,"Yep, they say the election is neck and neck."
690,8,33,104,145,1.3379310344827586,0.04816626859714244,531,How did you spend your day â€” on sofari?
690,10,29,106,145,1.3379310344827586,0.05011546978526813,531,Whatever happened to answering the door wrapped in Saran Wrap with a martini in your hand?
690,8,33,104,145,1.3379310344827586,0.04816626859714244,531,"Scoot over, the pole vaulters are next."
690,7,35,103,145,1.3379310344827586,0.047161467215927906,531,Are you the same person who said she couldn't live on a preserve?
690,13,23,109,145,1.3379310344827586,0.05290478838098876,531,Even with our legendary peristalsis I'm having trouble trying to swallow either of these presidential candidates.
690,8,33,104,145,1.3379310344827586,0.04816626859714244,531,"Spoiler Alert: ""The wildebeest gets away""."
690,13,23,109,145,1.3379310344827586,0.05290478838098876,531,This is ridiculous! Why can't we get a wall mount?
690,11,27,107,145,1.3379310344827586,0.051062175359175115,531,Wanna get high?
690,11,27,107,145,1.3379310344827586,0.051062175359175115,531,All they had were wide screens.
690,11,27,107,145,1.3379310344827586,0.051062175359175115,531,Let's try turning it the other way.
690,11,27,107,145,1.3379310344827586,0.051062175359175115,531,It's pointless. I told you we need a tall screen not a wide screen.
690,7,35,103,145,1.3379310344827586,0.047161467215927906,531,Brings the Serengeti right into the living room doesn't it?
690,10,29,106,145,1.3379310344827586,0.05011546978526813,531,Could you grab me a long neck?
708,8,33,105,146,1.3356164383561644,0.0478911903033344,531,I need him for president like I need a sore throat.
708,10,29,107,146,1.3356164383561644,0.0498248204336886,531,We were lucky to find a pre-war apartment with high ceilings.
708,6,37,103,146,1.3356164383561644,0.04587613198702643,531,Accept it. We're living in a vertically challenged culture.
711,5,38,101,144,1.3333333333333333,0.04516223023309455,531,Be glad you stayed home sick. Work was a real zoo today.
711,8,32,104,144,1.3333333333333333,0.04828045495852676,531,"You'll see, it's our turn now. People are really sick to death of elephants and donkeys."
711,13,22,109,144,1.3333333333333333,0.05307191174837982,531,"Get that dreamy look off your face, Olivia. He's only got 95 spots! You want your kids to look like Holsteins?!"
711,8,32,104,144,1.3333333333333333,0.04828045495852676,531,I've never seen you this low
711,11,26,107,144,1.3333333333333333,0.05120915564991892,531,"Suddenly, being an African American seems less sexy somehow."
711,9,30,105,144,1.3333333333333333,0.04927603299909022,531,How does the predator forecast look?
711,8,32,104,144,1.3333333333333333,0.04828045495852676,531,Looks like the game is neck and neck.
711,12,24,108,144,1.3333333333333333,0.05214885156456199,531,"If you're going to watch Animal Planet all day, we might as well go home."
711,10,28,106,144,1.3333333333333333,0.050251890762960605,531,Some ignoramus called me a Zebra again.
711,10,28,106,144,1.3333333333333333,0.050251890762960605,531,Doesn't he remind you of the hyena we outran in 2011?
711,10,28,106,144,1.3333333333333333,0.050251890762960605,531,Can I get you fifteen pillows?
711,13,22,109,144,1.3333333333333333,0.05307191174837982,531,Walking Tall ?
711,11,26,107,144,1.3333333333333333,0.05120915564991892,531,The cheetah did it.
711,10,28,106,144,1.3333333333333333,0.050251890762960605,531,It's a jungle out there. But it's not as bad as Trump says.
711,15,18,111,144,1.3333333333333333,0.05487146809479414,531,Has he said high the wall is going to be yet?
711,6,36,102,144,1.3333333333333333,0.04622501635210243,531,We could run this convention so much better than the elephants.
711,12,24,108,144,1.3333333333333333,0.05214885156456199,531,"Honey, Noah says we really have to get going before it starts flooding."
711,9,30,105,144,1.3333333333333333,0.04927603299909022,531,I still say it's turned the wrong way.
711,13,22,109,144,1.3333333333333333,0.05307191174837982,531,Do you want to neck?
711,12,24,108,144,1.3333333333333333,0.05214885156456199,531,How about a couple of longnecks?
711,10,28,106,144,1.3333333333333333,0.050251890762960605,531,If you turn it on it's side the kids heads don't get cut off.
711,9,30,105,144,1.3333333333333333,0.04927603299909022,531,I told the zookeeper he gets his house back when we get more acacia leaves.
711,10,28,106,144,1.3333333333333333,0.050251890762960605,531,This new curved screen is supposed to minimize neck strain.
711,13,22,109,144,1.3333333333333333,0.05307191174837982,531,I told you we should have mounted it on the wall!
711,10,28,106,144,1.3333333333333333,0.050251890762960605,531,"Move over, I wanna neck."
711,10,28,106,144,1.3333333333333333,0.050251890762960605,531,Try looking at it sideways.
711,10,28,106,144,1.3333333333333333,0.050251890762960605,531,Kids are down. Up for some heavy necking?
711,10,28,106,144,1.3333333333333333,0.050251890762960605,531,Don't you cringe when you hear that Hillary and Donald are neck and neck?
711,11,26,107,144,1.3333333333333333,0.05120915564991892,531,"There's nothing on, wanna neck?"
711,8,32,104,144,1.3333333333333333,0.04828045495852676,531,"I'm just sayin', Trump sure has a tiny neck."
711,10,28,106,144,1.3333333333333333,0.050251890762960605,531,Now I suppose he's going to ban all mammalians coming out of Africa.
711,11,26,107,144,1.3333333333333333,0.05120915564991892,531,You know their neck lines are Photoshopped right?
711,10,28,106,144,1.3333333333333333,0.050251890762960605,531,"""Your mother specifically stated, 'No Necking'""."
711,10,28,106,144,1.3333333333333333,0.050251890762960605,531,Management called me in today. They feel I'm always looking down on others.
711,10,28,106,144,1.3333333333333333,0.050251890762960605,531,"Sorry I'm late , there was a giraffic jam."
711,7,34,103,144,1.3333333333333333,0.04726391048016693,531,"They may be asses, but they sure can produce a political convention."
711,13,22,109,144,1.3333333333333333,0.05307191174837982,531,I know. Let's watch Neckflix.
711,12,24,108,144,1.3333333333333333,0.05214885156456199,531,"Well, the kids are at camp. Wanna neck?"
711,7,34,103,144,1.3333333333333333,0.04726391048016693,531,I just find his views difficult to swallow.
711,8,32,104,144,1.3333333333333333,0.04828045495852676,531,Sorry I'm late. Got caught rubbernecking on the freeway.
711,7,34,103,144,1.3333333333333333,0.04726391048016693,531,"I know you're not supposed to be on your feet too much, but the entire 14 months?!"
711,5,38,101,144,1.3333333333333333,0.04516223023309455,531,CSI: Savannah is my favorite too.
711,8,33,106,147,1.3333333333333333,0.04761904761904763,531,I'm pretty sure you've got that sideways.
754,11,25,106,142,1.3309859154929577,0.051664755171895275,531,Again and again I told you...get tall screen TV not wide screen TV.
754,7,33,102,142,1.3309859154929577,0.04764122630142611,531,Lion King again?
754,9,29,104,142,1.3309859154929577,0.04969372883209497,531,Do you want to get high?
754,9,29,104,142,1.3309859154929577,0.04969372883209497,531,"HiDef doesn't refer to height, dear"
754,11,25,106,142,1.3309859154929577,0.051664755171895275,531,I wonder how our housing exchange partners are doing in the Savannahs.
754,5,37,100,142,1.3309859154929577,0.045496221840605644,531,I told you we should have gone with cathedral ceilings.
754,9,29,104,142,1.3309859154929577,0.04969372883209497,531,I really prefer the portrait orientation.
754,8,31,103,142,1.3309859154929577,0.04867829664615167,531,Turning it on its end won't help.
754,12,23,107,142,1.3309859154929577,0.05262259066065568,531,"Election coverage again, honey? I've had enough of this baboon."
754,8,31,103,142,1.3309859154929577,0.04867829664615167,531,Neutral furniture is perfect for our pattern!
754,8,31,103,142,1.3309859154929577,0.04867829664615167,531,"Yes, I'm suggesting a wall mount."
754,12,23,107,142,1.3309859154929577,0.05262259066065568,531,Let's grab a couple of longnecks and watch the game.
754,8,31,103,142,1.3309859154929577,0.04867829664615167,531,"Well, he hasn't said anything about Africans . . . yet."
754,12,23,107,142,1.3309859154929577,0.05262259066065568,531,"Really, you can't reach?"
754,10,27,105,142,1.3309859154929577,0.05068882328585695,531,Did you pick up that six pack of long necks?
754,8,31,103,142,1.3309859154929577,0.04867829664615167,531,They were all out of tall-screen TVs.
754,7,33,102,142,1.3309859154929577,0.04764122630142611,531,I feel like this part of the jungle is becoming too gentrified.
754,7,33,102,142,1.3309859154929577,0.04764122630142611,531,"I've told you before, there's only one thing I hate as much as ceiling fans and that's small TV's."
754,9,29,104,142,1.3309859154929577,0.04969372883209497,531,"The Lion King, again?"
754,7,33,102,142,1.3309859154929577,0.04764122630142611,531,It's so annoying when they keep cutting off the heads of the main character.
754,14,19,109,142,1.3309859154929577,0.05448777192703899,531,Must we have this conversation every time you watch QVC? Turtle necks do you no favors.
754,8,31,103,142,1.3309859154929577,0.04867829664615167,531,I miss Marlin Perkins too dear but we really have to move on.
754,7,33,102,142,1.3309859154929577,0.04764122630142611,531,Another kite in a tree 'emergency'....
777,6,35,102,143,1.3286713286713288,0.046312059261884586,531,"""I've been searching high and low for the clicker""."
777,9,29,105,143,1.3286713286713288,0.04939925102463513,531,I prefer watching in the Portrait mode.
777,7,33,103,143,1.3286713286713288,0.04736348687877451,531,Watching 'Neckflix' ?
777,10,27,106,143,1.3286713286713288,0.05038629831645157,531,Don't complain about your sore neck. I told you we needed the wall mount.
777,10,27,106,143,1.3286713286713288,0.05038629831645157,531,"You'll only get spotty coverage on that channel, you know."
777,7,33,103,143,1.3286713286713288,0.04736348687877451,531,Noah's outside waiting in the Ark when you're ready.
777,11,25,107,143,1.3286713286713288,0.0513543777517943,531,I still like it better in portrait mode.
777,12,23,108,143,1.3286713286713288,0.05230454254186266,531,I'll start watching the conventions when I start seeing some giraffes on that stage.
777,8,31,104,143,1.3286713286713288,0.04839207523505662,531,You've watched this a dozen times. The lion always catches the giraffe!
777,16,15,112,143,1.3286713286713288,0.055944055944055944,531,Get giraffe off the sofa!
777,9,29,105,143,1.3286713286713288,0.04939925102463513,531,Why do you have the TV on its side?
788,11,24,106,141,1.326241134751773,0.05181258986150916,531,I told you we should have opted for the wall mount.
788,8,30,103,141,1.326241134751773,0.04879132197815311,531,"Unfortunately, 'Orange Is The New Black' has nothing to do with Giraffes."
788,9,28,104,141,1.326241134751773,0.049818773800340825,531,Our neighbor complains we have a tendency to look down on him.
788,6,34,101,141,1.326241134751773,0.04666860674145276,531,You've sunk to new heights.
788,10,26,105,141,1.326241134751773,0.05082545961979334,531,Are you going to vote for the elephant or the donkey?
788,8,30,103,141,1.326241134751773,0.04879132197815311,531,Animal Planet? Dear Lord. This is supposed to be a vacation!
788,7,32,102,141,1.326241134751773,0.0477417634548839,531,"You know that couch isn't good for your neck, right?"
788,10,26,105,141,1.326241134751773,0.05082545961979334,531,I just can't watch the news any more. Its a jungle out there.
788,5,36,100,141,1.326241134751773,0.04557018468905576,531,Don't tell me you're watching 'Out of Africa' again.
788,6,34,101,141,1.326241134751773,0.04666860674145276,531,"Scooch over, it's time for Real Housewives of the Serengeti."
788,12,22,107,141,1.326241134751773,0.05278126173890389,531,We probably should have hung it on the wall.
788,6,34,101,141,1.326241134751773,0.04666860674145276,531,"Next place, I vote for vaulted ceilings."
788,9,28,104,141,1.326241134751773,0.049818773800340825,531,"I'm addicted to Judge Judy, even though I know a kangaroo court when I see one."
788,6,34,101,141,1.326241134751773,0.04666860674145276,531,I doubt the shopping channel has anything in your size.
788,12,22,107,141,1.326241134751773,0.05278126173890389,531,"I don't care what we watch, as long as there are no elephants and donkeys."
788,10,26,105,141,1.326241134751773,0.05082545961979334,531,"Just because they're acting like a bunch of wild animals, doesn't mean we have to."
788,12,22,107,141,1.326241134751773,0.05278126173890389,531,They swap homes with us and then have the nerve to complain about the lions.
788,7,32,102,141,1.326241134751773,0.0477417634548839,531,"Housewives of the Kalahari Desert, again"
788,13,20,108,141,1.326241134751773,0.05373247354574698,531,"""This convention coverage is tough to swallow""."
807,12,21,107,140,1.3214285714285714,0.0529381895800962,531,Are you high?
807,8,29,103,140,1.3214285714285714,0.04890145421501261,531,"You do understand that The Real Wives of the Serengti is scripted, right?"
807,12,21,107,140,1.3214285714285714,0.0529381895800962,531,Your selfies would look much better in portrait mode.
807,10,25,105,140,1.3214285714285714,0.0509598083805325,531,"I said high screen,not wide screen."
807,10,25,105,140,1.3214285714285714,0.0509598083805325,531,No. There's no such thing as a tall-screen TV.
807,6,33,101,140,1.3214285714285714,0.046752565475119745,531,"You know those aren't their real necks, they're surgically enhanced"
807,9,27,104,140,1.3214285714285714,0.04994123694164755,531,I think it was better in portrait mode
807,12,21,107,140,1.3214285714285714,0.0529381895800962,531,I can't get enough of these Toys R Us commercials.
807,10,25,105,140,1.3214285714285714,0.0509598083805325,531,How can elephants and donkeys even watch this stuff?
807,4,37,99,140,1.3214285714285714,0.04450002845693183,531,You'd think vertical screen TV's would be a thing by now.
807,9,27,104,140,1.3214285714285714,0.04994123694164755,531,We should have bought the wall mount.
807,7,31,102,140,1.3214285714285714,0.04783907713809043,531,Giraffic Park again?
807,7,31,102,140,1.3214285714285714,0.04783907713809043,531,"I know, I know, your chiropractor recommends a wall-mounted television."
807,9,27,104,140,1.3214285714285714,0.04994123694164755,531,"I know it's a stretch, but do you want to neck?"
807,9,27,104,140,1.3214285714285714,0.04994123694164755,531,"I have told you the Discovery Channel, is just a conspiracy to keep us afraid."
807,7,31,102,140,1.3214285714285714,0.04783907713809043,531,"Next time we migrate, can we not use Airbnb?"
807,10,25,105,140,1.3214285714285714,0.0509598083805325,531,We should've ordered Higher-def.
807,9,27,104,140,1.3214285714285714,0.04994123694164755,531,"I can't believe I'm saying this, but now I actually feel bad for the elephants."
807,6,33,101,140,1.3214285714285714,0.046752565475119745,531,"Well, aren't you glad now they chose the donkey and the elephant?"
807,10,25,105,140,1.3214285714285714,0.0509598083805325,531,"Let's rotate the screen and watch Animal Planet, our people are on."
807,10,25,105,140,1.3214285714285714,0.0509598083805325,531,Tarzan again?
807,10,25,105,140,1.3214285714285714,0.0509598083805325,531,I am trying to learn something about Africa in case Trump becomes the next president
807,10,25,105,140,1.3214285714285714,0.0509598083805325,531,How about a high ball before dinner?
807,6,33,101,140,1.3214285714285714,0.046752565475119745,531,"I told you, the news only covers elephants and donkeys."
807,9,27,104,140,1.3214285714285714,0.04994123694164755,531,Sit up straight and stretch out your neck! You will thank me when you're an adult.
807,13,19,108,140,1.3214285714285714,0.05390015620512628,531,I just don't see how Donald Trump could make tree leaves lower.
807,10,25,105,140,1.3214285714285714,0.0509598083805325,531,All the chiroparactor's work won't help if you can't remember to sit straight.
807,5,35,100,140,1.3214285714285714,0.04564019561293039,531,There was more to watch at the zoo!
807,8,29,103,140,1.3214285714285714,0.04890145421501261,531,Enough with the 'Born Free.
807,11,23,106,140,1.3214285714285714,0.05195841599875229,531,Do you think we should have gotten the vertical screen?
807,11,23,106,140,1.3214285714285714,0.05195841599875229,531,"It's called ""Naked and Afraid."" They haven't a clue."
807,11,23,106,140,1.3214285714285714,0.05195841599875229,531,I always found that show a pain in the neck.
807,11,23,106,140,1.3214285714285714,0.05195841599875229,531,"I know the instructions were hard, but I still think we should have mounted it on the wall."
807,11,23,106,140,1.3214285714285714,0.05195841599875229,531,Looks like it's neck and neck.
807,10,25,105,140,1.3214285714285714,0.0509598083805325,531,We really should have rented that loft downtown instead.
807,7,31,102,140,1.3214285714285714,0.04783907713809043,531,You wanna neck?
807,9,27,104,140,1.3214285714285714,0.04994123694164755,531,Did the cheetah get kicked off the island yet?
807,5,35,100,140,1.3214285714285714,0.04564019561293039,531,I've had it up to here. I want a divorce.
807,7,31,102,140,1.3214285714285714,0.04783907713809043,531,Do you suppose it was just chance that wide-screen TVs won out over tall-screen TVs?
807,9,27,104,140,1.3214285714285714,0.04994123694164755,531,"""Animal Planet"" always adds 10 pounds."
807,11,23,106,140,1.3214285714285714,0.05195841599875229,531,You installed the screen on its side.
807,4,37,99,140,1.3214285714285714,0.04450002845693183,531,"I trimmed the trees, dear."
807,5,35,100,140,1.3214285714285714,0.04564019561293039,531,"Remember when we were young, broke, with the run of the Savanna?"
850,8,29,104,141,1.3191489361702127,0.04860688296473179,531,"Ever since FAO Schwarz closed, you haven't been the same."
851,7,30,101,138,1.318840579710145,0.04822624144096608,531,"When I was young, television sets were small and had fuzzy pictures but they did tastefully cut to the next scene as the lions made a kill."
851,9,26,103,138,1.318840579710145,0.05037204988003114,531,It's the suburbs out there!
851,13,18,107,138,1.318840579710145,0.05441038044623772,531,I think a wide screen discriminates against us.
851,9,26,103,138,1.318840579710145,0.05037204988003114,531,I don't see a candidate that I would stick my neck out for!
851,6,32,100,138,1.318840579710145,0.04711670447649494,531,"Honey, have you seen my scarf?"
851,9,26,103,138,1.318840579710145,0.05037204988003114,531,"Like Michelle said: When they go low, we go high."
851,8,28,102,138,1.318840579710145,0.04931081916090372,531,"I told you to buy the ""tall-screen"" format!"
851,11,22,105,138,1.318840579710145,0.052430110191666934,531,Wanna watch TV tonight or just neck?
851,12,20,106,138,1.318840579710145,0.05342942052378383,531,The definition is not high enough.
851,8,28,102,138,1.318840579710145,0.04931081916090372,531,Why don't you stream something off Zulu?
851,5,34,99,138,1.318840579710145,0.04598040145462372,531,that can't be good for your posture
851,9,26,103,138,1.318840579710145,0.05037204988003114,531,Really? You want the remote?
851,13,18,107,138,1.318840579710145,0.05441038044623772,531,"So I says to him, ""Look Lenny, I don't wanna go all PC on ya, but I really prefer to be called Girafferican-American."""
851,7,30,101,138,1.318840579710145,0.04822624144096608,531,"Sharks, hyenas, and lions...Animal Planet should be more fair and balanced."
851,5,34,99,138,1.318840579710145,0.04598040145462372,531,I kind of miss Real Housewives of the Serengeti.
866,5,34,100,139,1.316546762589928,0.045706004087159365,531,Stop watching Animal Planet and go outside and look for PokÃ©mon like all the other kids.
866,9,26,104,139,1.316546762589928,0.050060927556695126,531,"Jerome, you've been watching way too much Neckflix."
866,10,24,105,139,1.316546762589928,0.05109169093298822,531,"I want a soda, but that lion is still hiding behind the fridge."
866,9,26,104,139,1.316546762589928,0.050060927556695126,531,"Yes, the HD is great but we could just go outside."
866,9,26,104,139,1.316546762589928,0.050060927556695126,531,"You're not watching one of those Attenborough horror films again, are you?"
866,8,28,103,139,1.316546762589928,0.04900848960416313,531,What's on Neck Flicks?
872,8,28,104,140,1.3142857142857143,0.04870967569425921,531,Animal Kingdom is not a reality show!
872,7,30,103,140,1.3142857142857143,0.04764302239909952,531,Why don't you get outside and stretch your legs.
874,8,27,102,137,1.313868613138686,0.04941893451080853,531,Kareem Abdul-Jabbar. Wasn't he that short guy who played in the NBA?
874,12,19,106,137,1.313868613138686,0.05358731114738528,531,I can't believe you are still watching that pro-lion channel.
874,10,23,104,137,1.313868613138686,0.05154527623454096,531,Up for a little necking?
874,11,21,105,137,1.313868613138686,0.052576208583834834,531,So glad I'm not an elephant or a donkey.
874,10,23,104,137,1.313868613138686,0.05154527623454096,531,"Nothing to do with us, Honey, it's Donkey vs. Elephant."
874,7,29,101,137,1.313868613138686,0.04832068792171535,531,Admit it. You've swallowed the remote again.
874,7,29,101,137,1.313868613138686,0.04832068792171535,531,There's nothing good on TV--wanna' neck?
874,7,29,101,137,1.313868613138686,0.04832068792171535,531,Have it your way. We'll lower the floor.
874,8,27,102,137,1.313868613138686,0.04941893451080853,531,"Yes, I do think he has a long neck. No, I don't think Benedict Cumberbatch is ""one of us."""
874,9,25,103,137,1.313868613138686,0.05049329950735402,531,"""Can I get you a highball""?"
874,11,21,105,137,1.313868613138686,0.052576208583834834,531,"Instead of watching TV, would you rather neck?"
874,7,29,101,137,1.313868613138686,0.04832068792171535,531,I'm tired of sticking my neck out for animal rights.
874,7,29,101,137,1.313868613138686,0.04832068792171535,531,We look better in HD.
874,9,25,103,137,1.313868613138686,0.05049329950735402,531,Wear your glasses before you strain your neck.
874,10,23,104,137,1.313868613138686,0.05154527623454096,531,Are you watching the game in Tall Definition?
874,8,27,102,137,1.313868613138686,0.04941893451080853,531,Have you thought of rotating the sceen 90 degrees?
874,9,25,103,137,1.313868613138686,0.05049329950735402,531,Did you eat all the Acacia ice cream?
874,9,25,103,137,1.313868613138686,0.05049329950735402,531,How's 'The View?'
874,9,25,103,137,1.313868613138686,0.05049329950735402,531,I'm thinking about starting a new political party.
874,8,27,102,137,1.313868613138686,0.04941893451080853,531,Don't you love David Attenborough's voice.
874,9,25,103,137,1.313868613138686,0.05049329950735402,531,"Really, the Bachelor? I can't believe you watch these animals."
874,8,27,102,137,1.313868613138686,0.04941893451080853,531,You're watching only because the candidates are neck and neck.
874,10,23,104,137,1.313868613138686,0.05154527623454096,531,I told you we needed a long screen TV.
874,8,27,102,137,1.313868613138686,0.04941893451080853,531,"Zootopia? Babe, you know how much I hate anthropomorphism."
874,7,29,101,137,1.313868613138686,0.04832068792171535,531,You shouldn't have hidden the cookies on top of the refrigerator.
874,7,29,101,137,1.313868613138686,0.04832068792171535,531,"""If you had gotten the bigger screen, you wouldn't have to strain your neck""."
874,7,29,101,137,1.313868613138686,0.04832068792171535,531,I agree it makes no sense; but they only come in horizontal.
874,8,27,102,137,1.313868613138686,0.04941893451080853,531,Both conventions ignored our platform demand for higher ceilings !
874,9,25,103,137,1.313868613138686,0.05049329950735402,531,Do you wanna watch TV or neck?
874,6,31,100,137,1.313868613138686,0.04719689263364732,531,"As a female I of course relate to her, but I also identify with him for being orange."
874,11,21,105,137,1.313868613138686,0.052576208583834834,531,Don't pretend you weren't watching those whores from Animal Planet.
874,4,35,98,137,1.313868613138686,0.044864933526758764,531,Can YOU please go talk to the kids? They're behaving like wild animals again.
906,8,27,103,138,1.3115942028985508,0.049112212093043395,531,Why don't we turn it off and neck a little?
906,8,27,103,138,1.3115942028985508,0.049112212093043395,531,Even on our new flat screen TV the basketball players look really short to me.
906,10,23,105,138,1.3115942028985508,0.05122091781944237,531,"Trust me, ""Born Free"" isn't for you, and it isn't the political movie you think it is."
909,10,22,103,135,1.3111111111111111,0.052009552495332005,531,"They're just elephants and donkeys, but it's still demeaning."
909,8,26,101,135,1.3111111111111111,0.04983850832175466,531,I love the high ceilings but I still wish we had granite counter tops.
909,4,34,97,135,1.3111111111111111,0.04518455082971872,531,"Look I know the job search can feel overwhelming, but just start with the high-hanging fruit."
909,8,26,101,135,1.3111111111111111,0.04983850832175466,531,Come outside. I want to show you something on the roof.
909,6,30,99,135,1.3111111111111111,0.04756847982341376,531,"I checked, Dear. Room service has Acacia leaves."
909,10,22,103,135,1.3111111111111111,0.052009552495332005,531,"Well, maybe just a little necking . . ."
909,7,28,100,135,1.3111111111111111,0.04871671778993393,531,What's the point? You can never get anything in your size.
909,10,22,103,135,1.3111111111111111,0.052009552495332005,531,Why is your TV sideways Jerome?
909,8,26,101,135,1.3111111111111111,0.04983850832175466,531,"We need a tall screen, not a wide screen."
909,7,28,100,135,1.3111111111111111,0.04871671778993393,531,"Toys R Us was a great gig, but itâ€™s over. Time to move on."
909,7,28,100,135,1.3111111111111111,0.04871671778993393,531,"Watching ""Real Housewives of the Serengeti"" again?"
909,6,30,99,135,1.3111111111111111,0.04756847982341376,531,I still think we should have gone with a Tallscreen TV.
909,10,22,103,135,1.3111111111111111,0.052009552495332005,531,Enough with the wide screens already! When do they come out with a tall screen?
909,5,32,98,135,1.3111111111111111,0.04639183067305038,531,why is the TV on its side?
909,5,32,98,135,1.3111111111111111,0.04639183067305038,531,"""Table top is fine,"" you said, ""who needs a wall mount?"" Sometimes you're such a pain in the neck!"
909,6,30,99,135,1.3111111111111111,0.04756847982341376,531,I'm going to the store for beer--we're out of long-necks.
909,10,22,103,135,1.3111111111111111,0.052009552495332005,531,I guess we're independents.
909,8,26,101,135,1.3111111111111111,0.04983850832175466,531,Neck and neck? Those politicians have no idea!
909,8,26,101,135,1.3111111111111111,0.04983850832175466,531,"Wild Kingdom is hardly what I'd call ""Reality"" TV."
909,6,30,99,135,1.3111111111111111,0.04756847982341376,531,"I don't want to be a nag, but I really wish you wouldn't put your hooves on the sofa."
909,10,22,103,135,1.3111111111111111,0.052009552495332005,531,"Darling, have you seen my green turtleneck?"
909,9,24,102,135,1.3111111111111111,0.05093559886023872,531,You can stop looking. I swallowed the remote.
909,7,28,100,135,1.3111111111111111,0.04871671778993393,531,Do these elephants and donkeys know everyone's watching them?
909,7,28,100,135,1.3111111111111111,0.04871671778993393,531,I don't think a wide screen is going to help us.
909,8,26,101,135,1.3111111111111111,0.04983850832175466,531,The neighbors complain that we act above it all
909,8,26,101,135,1.3111111111111111,0.04983850832175466,531,"Babe, this is not why we moved to Brooklyn."
909,8,26,101,135,1.3111111111111111,0.04983850832175466,531,"STOP DREAMING, THEY ARE NEVER GOING TO DO A SHOW ABOUT THE HOUSEWIVES OF THE SERENGETI."
909,5,32,98,135,1.3111111111111111,0.04639183067305038,531,"I told you ""high definition"" doesn't mean what you thought it did."
909,9,24,102,135,1.3111111111111111,0.05093559886023872,531,"Well, if I were running for President, I wouldn't stick my neck out so much."
909,5,32,98,135,1.3111111111111111,0.04639183067305038,531,Is the animal channel making you homesick again?
909,5,32,98,135,1.3111111111111111,0.04639183067305038,531,I caught our daughter necking.
909,6,30,99,135,1.3111111111111111,0.04756847982341376,531,I set the DVR to extended viewing.
909,7,28,100,135,1.3111111111111111,0.04871671778993393,531,"No, it is supposed to be horizontal!"
942,7,27,100,134,1.3059701492537314,0.048807588230415234,531,It's been all about donkeys and elephants lately.
942,9,23,102,134,1.3059701492537314,0.05105509152021827,531,How should I know how to turn it on?
942,3,35,96,134,1.3059701492537314,0.043969276390834276,531,"I'm running out to the brush, you need anything?"
942,9,23,102,134,1.3059701492537314,0.05105509152021827,531,I think Donald is more like us. He sticks his neck way out and is very spotty.
942,9,23,102,134,1.3059701492537314,0.05105509152021827,531,My dear. Why ever do you have the television sideways?
942,8,25,101,134,1.3059701492537314,0.049943983816910474,531,Next time can we house sit for taller people?
942,5,31,98,134,1.3059701492537314,0.046451468949880066,531,How's the sore throat?
942,5,31,98,134,1.3059701492537314,0.046451468949880066,531,I can't be the only one bringing home the Acacia around here.
942,7,27,100,134,1.3059701492537314,0.048807588230415234,531,Did you find anything good on Neckflix?
942,8,25,101,134,1.3059701492537314,0.049943983816910474,531,"Airbnb is nice for a change, but I still prefer being out in the open."
942,7,27,100,134,1.3059701492537314,0.048807588230415234,531,Did you hear that? Trump is going to put us all in a Zoo!
942,12,17,105,134,1.3059701492537314,0.05425204993398873,531,I'm going outside to clear my head.
942,11,19,104,134,1.3059701492537314,0.05320774446831927,531,Didn't I tell you you'd be disappointed with Cougar Town?
942,9,23,102,134,1.3059701492537314,0.05105509152021827,531,"Honey, I'm going out for carrion. The Hyenas are coming over for cards."
942,9,23,102,134,1.3059701492537314,0.05105509152021827,531,The aspect ratio is all wrong.
942,8,25,101,134,1.3059701492537314,0.049943983816910474,531,I prefer the Elephant party but their guy reminds me of a Donkey.
942,6,29,99,134,1.3059701492537314,0.047644095313435435,531,"Isn't that your cousin Gina in the Toys ""R"" Us ad?"
942,10,21,103,134,1.3059701492537314,0.05214252794765432,531,"I know the election is frustrating, but you have to stop spitting on on the screen."
942,13,15,106,134,1.3059701492537314,0.05527662953431635,531,I'm afraid 'Orange Is the New Black' wasn't what I expected.
942,11,19,104,134,1.3059701492537314,0.05320774446831927,531,We can't be photographed at the party in the same outfit!
942,14,13,107,134,1.3059701492537314,0.05628256056104859,531,Your prosthetic legs shipped today
942,6,29,99,134,1.3059701492537314,0.047644095313435435,531,"Crick in the neck, sounds serious, how long will you be off your feet?"
942,8,25,101,134,1.3059701492537314,0.049943983816910474,531,Try viewing it in portrait mode.
942,6,29,99,134,1.3059701492537314,0.047644095313435435,531,"Are you watching ""Out of Africa"" again?"
942,8,25,101,134,1.3059701492537314,0.049943983816910474,531,Your getting spots all over the couch.
942,6,29,99,134,1.3059701492537314,0.047644095313435435,531,"Come on, the nature channel again!"
942,7,27,100,134,1.3059701492537314,0.048807588230415234,531,"Sooo, 'Neck'flix and chill?"
942,10,21,103,134,1.3059701492537314,0.05214252794765432,531,Don't you love Airbnb.
942,9,23,102,134,1.3059701492537314,0.05105509152021827,531,Enough of the convention. Let's watch Animal Planet.
942,10,21,103,134,1.3059701492537314,0.05214252794765432,531,Do you remember the first time we necked ?
942,6,29,99,134,1.3059701492537314,0.047644095313435435,531,"You're really supposed to have that thing at eye level, you know."
942,6,29,99,134,1.3059701492537314,0.047644095313435435,531,Can we please watch something other than 'Real Housewives of the Serengeti' tonight?
942,6,29,99,134,1.3059701492537314,0.047644095313435435,531,"Well, they do say that television adds on ten inches!"
942,8,25,101,134,1.3059701492537314,0.049943983816910474,531,"I hear that the GOP elephant is retiring, but I wouldn't want that job."
976,6,29,100,135,1.3037037037037038,0.04734413965130984,531,Now you can see why human beings became extinct
976,8,25,102,135,1.3037037037037038,0.04962443146626282,531,I think we're going to need a wall mount
976,5,31,99,135,1.3037037037037038,0.046161772494231465,531,"Ya wanna know how hectic work was today? I tell you, it was a zoo!"
976,9,23,103,135,1.3037037037037038,0.05072615220833686,531,"I'm telling you, it works better in portrait"
976,6,29,100,135,1.3037037037037038,0.04734413965130984,531,"""Ok, I can't reach it. Satisfied?"
981,7,27,102,136,1.3014705882352942,0.04819153522836019,531,What do you mean you can't reach the remote?
982,11,18,104,133,1.300751879699248,0.05335087687723347,531,"Get up Henry"" ""The zookeepers wife is back from vacation."
982,11,18,104,133,1.300751879699248,0.05335087687723347,531,I tell you I tried. I can't get out the door.
982,5,30,98,133,1.300751879699248,0.04650579602859467,531,You know how these wildlife shows give me nightmares.
982,10,20,103,133,1.300751879699248,0.05227231482359452,531,Who's up for a little necking?
982,10,20,103,133,1.300751879699248,0.05227231482359452,531,You can't change the channel or you won't change the channel?
982,9,22,102,133,1.300751879699248,0.051171024324946184,531,Animal Planet again? I'm sick of this reality tv crap!
982,9,22,102,133,1.300751879699248,0.051171024324946184,531,I prefer portrait over landscape layout.
982,8,24,101,133,1.300751879699248,0.0500455049321264,531,They say TV hurts your eyes but this one is killing my neck!
982,6,28,99,133,1.300751879699248,0.04771488479296578,531,I'm not sticking my neck out for you again.
982,8,24,101,133,1.300751879699248,0.0500455049321264,531,What's this about an elephant in the room?
982,6,28,99,133,1.300751879699248,0.04771488479296578,531,Not another sore throat!
982,8,24,101,133,1.300751879699248,0.0500455049321264,531,"Do you never tire of ""Human Kingdom""?"
982,6,28,99,133,1.300751879699248,0.04771488479296578,531,Can I pour you a tall drink?
982,8,24,101,133,1.300751879699248,0.0500455049321264,531,I'm taking it back -- even in widescreen mode we get cut off at the neck.
982,6,28,99,133,1.300751879699248,0.04771488479296578,531,Let's do a little necking before the kids get home.
982,11,18,104,133,1.300751879699248,0.05335087687723347,531,"Ok, I understand ... no necking tonight."
982,6,28,99,133,1.300751879699248,0.04771488479296578,531,Move over sweet thing and let's neck.
982,4,32,97,133,1.300751879699248,0.04526442198571087,531,Time to upgrade to a tall screen.
982,8,24,101,133,1.300751879699248,0.0500455049321264,531,"I know you're homesick, but watching Tarzan reruns will only make it worse."
982,12,16,105,133,1.300751879699248,0.054408062179446076,531,"Relax Dorothy, the people of this great country will never elect a cartoon caricature."
982,5,30,98,133,1.300751879699248,0.04650579602859467,531,You don't need the remote control.
982,6,28,99,133,1.300751879699248,0.04771488479296578,531,You always grab the best seat and I have to crane my neck!
982,12,16,105,133,1.300751879699248,0.054408062179446076,531,I'm NOT asking Noah for a larger TV.
982,9,22,102,133,1.300751879699248,0.051171024324946184,531,"Well, I lost another audition to that smug bastard Geoffrey today"
982,5,30,98,133,1.300751879699248,0.04650579602859467,531,"Honey, if one of the parties split, we could become mascots too."
982,9,22,102,133,1.300751879699248,0.051171024324946184,531,Don't look so dreamy eyed you know the TV adds six inches.
982,10,20,103,133,1.300751879699248,0.05227231482359452,531,Noah can kiss my butt.
982,10,20,103,133,1.300751879699248,0.05227231482359452,531,I like him for some reason. Maybe it's the orange hair.
982,9,22,102,133,1.300751879699248,0.051171024324946184,531,Move over Baby and let's 'Neck'.
982,7,26,100,133,1.300751879699248,0.04889408345964512,531,"Yes, Donald Trump is orange but that's no reason to vote for him."
982,5,30,98,133,1.300751879699248,0.04650579602859467,531,"I know it isn't hay, but the Knicks just offered me $15 million a year to play power forward."
1013,6,28,100,134,1.2985074626865671,0.0474106200003679,531,"There go the elephants, making asses of themselves again."
1014,9,21,101,131,1.297709923664122,0.05162611929639256,531,Bad news. I got replaced by a PokÃ©mon down at Toys 'R Us.
1014,5,29,97,131,1.297709923664122,0.04685613028430916,531,The boss said I shouldn't stick my neck out.
1014,5,29,97,131,1.297709923664122,0.04685613028430916,531,"Work at the toy store until you find something you like better, Geoffrey!"
1014,11,17,103,131,1.297709923664122,0.05385290909317674,531,You've become the elephant in the room.
1014,10,19,102,131,1.297709923664122,0.05275126544170914,531,"I know you hate these reality TV shows, but I just love David Attenborough's voice."
1014,6,27,98,131,1.297709923664122,0.04809300112611454,531,I will never understand why coffee gets cold once it reaches my stomach!
1014,7,25,99,131,1.297709923664122,0.04929884957494196,531,Housewives of the Serengeti is not an option.
1014,9,21,101,131,1.297709923664122,0.05162611929639256,531,Is $100 an ounce too much for grass?
1014,8,23,100,131,1.297709923664122,0.0504758990163529,531,"Last week it was the Elephants, this week it's the Donkeys. Where's our candidate?"
1014,7,25,99,131,1.297709923664122,0.04929884957494196,531,"How many times hav I told you, take your feet off the couch!!"
1014,6,27,98,131,1.297709923664122,0.04809300112611454,531,And you had to save the 60 bucks on the wall mount...
1014,4,31,96,131,1.297709923664122,0.04558571194051765,531,Something ruminative?
1014,10,19,102,131,1.297709923664122,0.05275126544170914,531,Trump cannot deport us; we are an endangered species.
1014,10,19,102,131,1.297709923664122,0.05275126544170914,531,"Wide screen is OK, but wouldn't you like tall screen a lot more?"
1014,6,27,98,131,1.297709923664122,0.04809300112611454,531,Does David Attenbourgh always have to draw attention to our elongated necks... We get it.
1014,7,25,99,131,1.297709923664122,0.04929884957494196,531,Thank god Airbnb now lets you filter by ceiling height.
1014,9,21,101,131,1.297709923664122,0.05162611929639256,531,Bad news. I'm being transferred to the Serengeti office.
1014,10,19,102,131,1.297709923664122,0.05275126544170914,531,Could I interest you in MY forty-eight-inch display?
1014,10,19,102,131,1.297709923664122,0.05275126544170914,531,The surround sound is a lot better without the ceiling fan.
1014,5,29,97,131,1.297709923664122,0.04685613028430916,531,I've checked every store in Jersey and nobody sells acacia twig ice cream; how about some pickles?
1014,4,31,96,131,1.297709923664122,0.04558571194051765,531,I've never felt like either party represents me.
1014,5,29,97,131,1.297709923664122,0.04685613028430916,531,Wide screen does nothing for me.
1014,7,25,99,131,1.297709923664122,0.04929884957494196,531,Quit watching those animal kingdom reruns and pay some attention to me for a change.
1014,4,31,96,131,1.297709923664122,0.04558571194051765,531,"Phil, you said you were going to clean the gutters."
1014,8,23,100,131,1.297709923664122,0.0504758990163529,531,Fox News is too much of a stretch for me.
1014,6,27,98,131,1.297709923664122,0.04809300112611454,531,You can't refuse to face predators all your life.
1040,8,20,93,121,1.2975206611570247,0.05332553502625715,531,"I tried Animal Planet, National Geographic. No real giraffe news."
1041,7,25,100,132,1.2954545454545454,0.04897590645272065,531,Netflix and graze?
1041,8,23,101,132,1.2954545454545454,0.05014279443618571,531,Can you believe it? Hilary and Donald are neck and neck.
1041,5,29,98,132,1.2954545454545454,0.04655446886022629,531,"long day, ya know... it's a jungle out there!"
1041,8,23,101,132,1.2954545454545454,0.05014279443618571,531,"It's just a bunch of tall stories, I'm for Hillary"
1045,8,22,100,130,1.2923076923076924,0.05057351916100387,531,Makes you glad you're not an elephant.
1045,8,22,100,130,1.2923076923076924,0.05057351916100387,531,I just discovered these horns are for wifi
1045,7,24,99,130,1.2923076923076924,0.04938036306014327,531,I miss the old zoo.
1045,8,22,100,130,1.2923076923076924,0.05057351916100387,531,I've had it up to here with you laying around all day.
1045,4,30,96,130,1.2923076923076924,0.04561401651708575,531,You know that those scenes in Wild Kingdom are fake
1045,9,20,101,130,1.2923076923076924,0.0517391672208327,531,"Isn't this the episode of ""When animals attack"" where your cousin yells at that waiter?"
1045,6,26,98,130,1.2923076923076924,0.04815765434045453,531,The humans almost look real.
1045,9,20,101,130,1.2923076923076924,0.0517391672208327,531,"What's the big deal with breaking ceilings, glass or otherwise?"
1045,7,24,99,130,1.2923076923076924,0.04938036306014327,531,The race is still neck and neck.
1045,8,22,100,130,1.2923076923076924,0.05057351916100387,531,We really need to get a wall mount.
1045,8,22,100,130,1.2923076923076924,0.05057351916100387,531,Can we just stay home tonight on the coach and neck?
1045,8,22,100,130,1.2923076923076924,0.05057351916100387,531,"So I get to work and my boss says to me ""Why the long face"""
1045,8,22,100,130,1.2923076923076924,0.05057351916100387,531,What good are 189 stations and a remote without opposable thumbs?
1045,4,30,96,130,1.2923076923076924,0.04561401651708575,531,Get your feet off of the couch
1045,4,30,96,130,1.2923076923076924,0.04561401651708575,531,"You know, Janice, I stuck my neck out to get you that interview."
1045,6,26,98,130,1.2923076923076924,0.04815765434045453,531,"I can't find the remote control, just use your tongue."
1045,8,22,100,130,1.2923076923076924,0.05057351916100387,531,"""They didn't have stilettos my size""."
1045,6,26,98,130,1.2923076923076924,0.04815765434045453,531,Call the desk and tell them we need a bigger bed.
1045,6,26,98,130,1.2923076923076924,0.04815765434045453,531,He's no Marlin Perkins.
1045,6,26,98,130,1.2923076923076924,0.04815765434045453,531,In the mood for movie and a couple of longnecks hon?
1045,8,22,100,130,1.2923076923076924,0.05057351916100387,531,I had my doubts about Airbnb but this is great.
1045,12,14,104,130,1.2923076923076924,0.055088321610263995,531,"For the last time, donâ€™t change the channel with your tongue."
1045,10,18,102,130,1.2923076923076924,0.05287912640241093,531,I hate FOX News more than Cheetah News
1045,6,26,98,130,1.2923076923076924,0.04815765434045453,531,"Give it up, Geoffrey. They stopped showing your commercials long ago."
1045,5,28,97,130,1.2923076923076924,0.04690308185181263,531,I prefer something more elevated.
1045,4,30,96,130,1.2923076923076924,0.04561401651708575,531,Why do you watch those wildlife shows when you have the real thing right here?
1045,9,20,101,130,1.2923076923076924,0.0517391672208327,531,How come we never talk ?
1045,8,22,100,130,1.2923076923076924,0.05057351916100387,531,I hear they're showing last year's family picnic on Animal Planet tonight.
1045,4,30,96,130,1.2923076923076924,0.04561401651708575,531,Would you like to go to the zoo and see the humans today?
1045,5,28,97,130,1.2923076923076924,0.04690308185181263,531,"""Your shift starts in 5 minutes. You should put on some sun screen before going back to the exhibit""."
1045,5,28,97,130,1.2923076923076924,0.04690308185181263,531,You'll pick up bad behaviors from watching the 'Human Channel'.
1045,6,26,98,130,1.2923076923076924,0.04815765434045453,531,I don't want to be antennae! Your turn.
1045,8,22,100,130,1.2923076923076924,0.05057351916100387,531,Maybe I should run for President. This election is already a zoo.
1045,4,30,96,130,1.2923076923076924,0.04561401651708575,531,Have you considered IMAX?
1045,3,32,95,130,1.2923076923076924,0.04428744651076768,531,Mounting the TV would solve all of our problems.
1045,6,26,98,130,1.2923076923076924,0.04815765434045453,531,I told you they installed it sideways.
1045,4,30,96,130,1.2923076923076924,0.04561401651708575,531,You were supposed to install it vertically!!
1045,6,26,98,130,1.2923076923076924,0.04815765434045453,531,"Yes, I did block Nat Geo."
1045,11,16,103,130,1.2923076923076924,0.05399502378422493,531,At least we'll be able to see over the wall.
1045,7,24,99,130,1.2923076923076924,0.04938036306014327,531,I'm too tired for necking; let's just have sex.
1045,7,24,99,130,1.2923076923076924,0.04938036306014327,531,Are you done watching the people channel?
1045,7,24,99,130,1.2923076923076924,0.04938036306014327,531,"Junior, I told you, Wild Kingdom is off limits."
1045,8,22,100,130,1.2923076923076924,0.05057351916100387,531,I need you to mow the savanna today.
1045,8,22,100,130,1.2923076923076924,0.05057351916100387,531,Change the screen to the portrait mode!
1045,7,24,99,130,1.2923076923076924,0.04938036306014327,531,I really think we should mount that thing up on the wall.
1045,6,26,98,130,1.2923076923076924,0.04815765434045453,531,Of course I know how it ends. The wildebeast gets eaten and Marlin Perkins sells insurance...
1045,8,22,100,130,1.2923076923076924,0.05057351916100387,531,The neighbors think we're Pokemon again.
1045,7,24,99,130,1.2923076923076924,0.04938036306014327,531,I still say a ceiling fan would have kept the room a lot cooler.
1045,4,30,96,130,1.2923076923076924,0.04561401651708575,531,"Honey, I'm thinking of having a neck reduction."
1094,6,26,99,131,1.2900763358778626,0.04784068984875744,531,Your turn to adjust the antenna.
1094,10,18,103,131,1.2900763358778626,0.052521337126830714,531,C'mon Randy. You didn't really expect to be drafted by the Knicks.
1096,6,25,97,128,1.2890625,0.048542162134326036,531,What else is on the Food Chain Channel ?
1096,8,21,99,128,1.2890625,0.051013767718148216,531,Don't you Remember? That's the episode where he eats shoots and leaves.
1096,4,29,95,128,1.2890625,0.045937767822884175,531,"Should have gone with ""tall screen"" instead?"
1096,3,31,94,128,1.2890625,0.04457854883782356,531,I'll be impressed when it comes out in tall screen.
1096,9,19,100,128,1.2890625,0.05220570843178142,531,Without better resolution there's no way to tell our nieces and nephews apart.
1096,5,27,96,128,1.2890625,0.047257909482034906,531,"Hey, you gotta see this, it's called basketball."
1096,2,33,93,128,1.2890625,0.04317656216540669,531,Did you eat all the leftover leaves?
1096,4,29,95,128,1.2890625,0.045937767822884175,531,"I know you miss the Serengeti dear, but at least we found a place with high ceilings."
1096,8,21,99,128,1.2890625,0.051013767718148216,531,It's either this vast wasteland or the one we just left.
1096,4,29,95,128,1.2890625,0.045937767822884175,531,Can you reach something for me?
1096,5,27,96,128,1.2890625,0.047257909482034906,531,No wonder your neck hurts - the screen is supposed to be at eye level.
1096,9,19,100,128,1.2890625,0.05220570843178142,531,I see you've moved the screen on its side AGAIN
1096,10,17,101,128,1.2890625,0.053371036048845494,531,"It's their 'Adult' channel, not 'Nature'."
1096,7,23,98,128,1.2890625,0.04979330276993271,531,We've been in all day. Let's go outside and stretch our legs.
1096,6,25,97,128,1.2890625,0.048542162134326036,531,Are you sitting on it?
1096,9,19,100,128,1.2890625,0.05220570843178142,531,These cartoons are so unrealistic.
1096,8,21,99,128,1.2890625,0.051013767718148216,531,"Of course I appreciate the new ceiling, but what about the problem with the door."
1096,7,23,98,128,1.2890625,0.04979330276993271,531,The Cubs really did beat the Tigers
1096,9,19,100,128,1.2890625,0.05220570843178142,531,Really? Watching 'Walking Tall' again?
1096,6,25,97,128,1.2890625,0.048542162134326036,531,This election cycle is starting to be a pain in the neck!
1096,7,23,98,128,1.2890625,0.04979330276993271,531,So you aren't even going to say anything about my new spot?
1096,6,25,97,128,1.2890625,0.048542162134326036,531,"We may be ready for the big screen, but the big screen isn't ready for us."
1096,5,27,96,128,1.2890625,0.047257909482034906,531,The game's on...want me to bring you a longneck?
1096,9,19,100,128,1.2890625,0.05220570843178142,531,You really should rotate the monitor 90 degrees when you do a video chat.
1096,7,23,98,128,1.2890625,0.04979330276993271,531,How about we install the tv stand today?
1096,9,19,100,128,1.2890625,0.05220570843178142,531,"Hillary's no DalÃ­, but she paints a better picture than that orangutan."
1096,5,27,96,128,1.2890625,0.047257909482034906,531,But are we really happier?
1096,8,21,99,128,1.2890625,0.051013767718148216,531,Has 'Lion Week' started yet?
1096,7,23,98,128,1.2890625,0.04979330276993271,531,I'll never understand your fascination with Mr. Ed.
1096,7,23,98,128,1.2890625,0.04979330276993271,531,I thought when we got high-def the screen would be taller.
1096,5,27,96,128,1.2890625,0.047257909482034906,531,That's enough tv young man... go out and stretch your legs.
1096,8,21,99,128,1.2890625,0.051013767718148216,531,Binging on Neckflix are we?!
1096,9,19,100,128,1.2890625,0.05220570843178142,531,Can you believe how bright his spots look in HD?
1096,6,25,97,128,1.2890625,0.048542162134326036,531,"Turns out they did give us the biggest room on the arc, but the big cats got balconies"
1096,4,29,95,128,1.2890625,0.045937767822884175,531,Not 'The African Queen' again!
1096,6,25,97,128,1.2890625,0.048542162134326036,531,I never felt Dolittle had much to say.
1096,7,23,98,128,1.2890625,0.04979330276993271,531,"Why is the elephant wearing an ""I LOVE PUTIN"" T-shirt?"
1096,7,23,98,128,1.2890625,0.04979330276993271,531,Told you we should have went with the wall mount.
1096,6,25,97,128,1.2890625,0.048542162134326036,531,"I know the rent's ridiculously high, but it's so hard to find a pre-war building with these high ceilings."
1096,5,27,96,128,1.2890625,0.047257909482034906,531,I want to watch the savannah documentary at eight. Aunt Jenny says her kids are in it.
1096,7,23,98,128,1.2890625,0.04979330276993271,531,Are you sure it doesn't work in portrait mode?
1096,6,25,97,128,1.2890625,0.048542162134326036,531,I like it vertical.
1096,4,29,95,128,1.2890625,0.045937767822884175,531,Maybe we should have sprung for the vaulted ceilings.
1096,5,27,96,128,1.2890625,0.047257909482034906,531,Anything on GNN?
1096,8,21,99,128,1.2890625,0.051013767718148216,531,We really need to get that thing mounted.
1096,8,21,99,128,1.2890625,0.051013767718148216,531,"Maybe we should've gotten the 60"","
1096,6,25,97,128,1.2890625,0.048542162134326036,531,Wanna watch a movie and neck like we used to?
1096,6,25,97,128,1.2890625,0.048542162134326036,531,"Forget watching the conventions dear, those damn elephants and donkeys do not represent us!"
1096,8,21,99,128,1.2890625,0.051013767718148216,531,"Pickles, ice cream, and a side of eucalyptus coming right up honey."
1096,9,19,100,128,1.2890625,0.05220570843178142,531,It's the RNC coming live from the Cleveland Zoo.
1096,5,27,96,128,1.2890625,0.047257909482034906,531,"We need a tall-screen TV, not a wide-screen TV!"
1096,5,27,96,128,1.2890625,0.047257909482034906,531,"I'm just saying that if we wall mount the thing, your neck will straighten back out."
1096,4,29,95,128,1.2890625,0.045937767822884175,531,Must be Human Week?
1096,10,17,101,128,1.2890625,0.053371036048845494,531,Next time let's get a longscreen TV.
1096,7,23,98,128,1.2890625,0.04979330276993271,531,They're featuring Uncle Jeff on tonight's episode of Wild Kingdom.
1096,5,27,96,128,1.2890625,0.047257909482034906,531,They're neck and neck.
1152,8,21,100,129,1.2868217054263567,0.050666342877524695,531,Turn it off and let's neck!
1152,7,23,99,129,1.2868217054263567,0.049456589748739704,531,"I said high-screen, you were the one who insisted on widescreen."
1152,8,21,100,129,1.2868217054263567,0.050666342877524695,531,I'm tired of watching these donkeys and elephants. Time for a 3rd party.
1152,6,25,98,129,1.2868217054263567,0.04821649342877802,531,"You know that the stuff that happens on this show isn't real, right?"
1152,6,25,98,129,1.2868217054263567,0.04821649342877802,531,"Other than the low doorways, I could get used to this."
1152,7,23,99,129,1.2868217054263567,0.049456589748739704,531,So donkeys' and elephants' lives matter too?
1158,10,14,95,119,1.2857142857142858,0.05615873836224538,531,Has the new season of 'High-hanging Fruit' started yet?
1159,9,19,102,130,1.2846153846153847,0.05149478832041189,531,"I don't know, he wants to build a wall to keep us in and have us pay for it."
1159,4,29,97,130,1.2846153846153847,0.045336633115833726,531,The remote was an extra. I thought a touch screen should work just fine.
1161,3,30,94,127,1.2834645669291338,0.044575288612246695,531,Really? Elephants and donkeys?
1161,4,28,95,127,1.2834645669291338,0.04595585633864275,531,"Son, do something with your life. You can reach higher than this."
1161,8,20,99,127,1.2834645669291338,0.051106538129964296,531,I can't believe Junior made it to Animal Planet!
1161,10,16,101,127,1.2834645669291338,0.05349623345185393,531,Did you walk the dog?
1161,7,22,98,127,1.2834645669291338,0.04986876640419947,531,... would it break your neck to have dinner ready?!?
1161,7,22,98,127,1.2834645669291338,0.04986876640419947,531,"I'm totally loving that whole, 'They go low, we go high' thing!"
1161,8,20,99,127,1.2834645669291338,0.051106538129964296,531,"Now that we finally got in, I never want to leave."
1161,6,24,97,127,1.2834645669291338,0.04859948030302107,531,I thought I told you no Nature programs . I hate those reality shows!
1161,8,20,99,127,1.2834645669291338,0.051106538129964296,531,You never take me to the Serengeti anymore.
1161,4,28,95,127,1.2834645669291338,0.04595585633864275,531,I'm not watching Madagascar again.
1161,7,22,98,127,1.2834645669291338,0.04986876640419947,531,I don't suppose you feel like necking.
1161,6,24,97,127,1.2834645669291338,0.04859948030302107,531,"Hey, I've got some longnecks in the fridge, want one?"
1161,5,26,96,127,1.2834645669291338,0.04729614264156065,531,"We really need ""high""-definition."
1161,8,20,99,127,1.2834645669291338,0.051106538129964296,531,I told you the conventions were a zoo.
1161,6,24,97,127,1.2834645669291338,0.04859948030302107,531,I don't understand your fascination with donkeys and elephants lately
1161,7,22,98,127,1.2834645669291338,0.04986876640419947,531,Mind if I switch to National Geogiraffic?
1161,5,26,96,127,1.2834645669291338,0.04729614264156065,531,Now aren't you glad they chose elephants and donkeys instead of US??
1161,7,22,98,127,1.2834645669291338,0.04986876640419947,531,Let's see what the candidates are up to on People Planet.
1161,4,28,95,127,1.2834645669291338,0.04595585633864275,531,"Not ""Wild Kingdom,"" again!"
1161,6,24,97,127,1.2834645669291338,0.04859948030302107,531,"No, dear, what we ordered was Netflix, not Neckfix."
1161,8,20,99,127,1.2834645669291338,0.051106538129964296,531,Good news! The Clydesdales have just been fired.
1161,4,28,95,127,1.2834645669291338,0.04595585633864275,531,"That's it, we are cancelling the National Geographic channel."
1161,6,24,97,127,1.2834645669291338,0.04859948030302107,531,"Animal Planet! Have they gotten to that ""husbandry"" part yet?"
1161,4,28,95,127,1.2834645669291338,0.04595585633864275,531,"Watch all you want...there will never be a ""Giraffe Week""."
1161,10,16,101,127,1.2834645669291338,0.05349623345185393,531,Just stop watching. It's beneath you.
1161,6,24,97,127,1.2834645669291338,0.04859948030302107,531,Didn't I tell you to buy the ceiling mount for the flat screen?
1161,5,26,96,127,1.2834645669291338,0.04729614264156065,531,"At the risk of sticking my neck out, may I change the channel?"
1161,6,24,97,127,1.2834645669291338,0.04859948030302107,531,Sure seems to me that the main stream media is human-centric.
1161,6,24,97,127,1.2834645669291338,0.04859948030302107,531,There's no such thing as 'tall screen'.
1161,8,20,99,127,1.2834645669291338,0.051106538129964296,531,Forget the tube. Let's just neck.
1161,4,28,95,127,1.2834645669291338,0.04595585633864275,531,Hey there's a spot on the couch
1161,5,26,96,127,1.2834645669291338,0.04729614264156065,531,"Go ahead, watch QVC 24/7 if you want to, but you'll never see a suitable shoulder bag."
1161,9,18,100,127,1.2834645669291338,0.052315032414998804,531,"Please tell me you didn't order another multi-purpose, 14-foot ladder."
1161,8,20,99,127,1.2834645669291338,0.051106538129964296,531,Try turning it the other way.
1161,10,16,101,127,1.2834645669291338,0.05349623345185393,531,But if we went to the game we would be able to see.
1161,7,22,98,127,1.2834645669291338,0.04986876640419947,531,Donkeys and Elephants get all the attention!
1161,4,28,95,127,1.2834645669291338,0.04595585633864275,531,Please don't stoop down to their level.
1161,6,24,97,127,1.2834645669291338,0.04859948030302107,531,"No, they still haven't invented a tall-screen TV."
1161,5,26,96,127,1.2834645669291338,0.04729614264156065,531,"""Get the floor model!"" you said."
1161,7,22,98,127,1.2834645669291338,0.04986876640419947,531,"They don't make a ""vertical"" model!"
1161,4,28,95,127,1.2834645669291338,0.04595585633864275,531,We should do something nice for the elephants next door.
1161,5,26,96,127,1.2834645669291338,0.04729614264156065,531,I had a rotten day. My assistant put the Jones file in the bottom drawer.
1161,7,22,98,127,1.2834645669291338,0.04986876640419947,531,airbnb said the TV is at eye level
1161,9,18,100,127,1.2834645669291338,0.052315032414998804,531,Of course you are going to get depressed if you sit here ruminanting all day.
1161,3,30,94,127,1.2834645669291338,0.044575288612246695,531,"Good news....they said if I can do something about my height, I've got the job."
1206,5,26,97,128,1.28125,0.04697741436722461,531,You're sitting in my spot.
1206,5,26,97,128,1.28125,0.04697741436722461,531,Sorry I'm late but I was struck in a geraffic jam.
1206,6,24,98,128,1.28125,0.04826913047376049,531,Still think we should have gone with the wall mount.
1206,9,18,101,128,1.28125,0.05195193398596331,531,"Well, I think it should be on the wall, closer to the ceiling."
1206,5,26,97,128,1.28125,0.04697741436722461,531,Thank god they chose an elephant. That could have been us on there.
1206,9,18,101,128,1.28125,0.05195193398596331,531,I think I'd rather be a jackass than vote Republican this time.
1206,10,16,102,128,1.28125,0.05312282881158421,531,This election is neck and neck!
1206,6,24,98,128,1.28125,0.04826913047376049,531,At least there aren't any elephants in the room . . .
1206,5,26,97,128,1.28125,0.04697741436722461,531,Do you see what I'm saying? We need a sectional.
1206,8,20,100,128,1.28125,0.050754033818199096,531,I told you not to watch Animal Planet before bed.
1206,10,16,102,128,1.28125,0.05312282881158421,531,"No, you can't order a scarf from the Home Shopping Channel."
1206,6,24,98,128,1.28125,0.04826913047376049,531,Shouldnâ€™t we only watch high-brow shows?
1206,6,24,98,128,1.28125,0.04826913047376049,531,"I *do* love Animal Planet, Janice -- but you've still got to get out and smell the acacias every now and then"
1206,8,20,100,128,1.28125,0.050754033818199096,531,"No, that erectile dysfunction pill will not help your sore neck"
1206,4,28,96,128,1.28125,0.04564916170716533,531,I don't think this kind of life fits us George.
1206,4,28,96,128,1.28125,0.04564916170716533,531,I told you we should have mounted it.
1206,5,26,97,128,1.28125,0.04697741436722461,531,They all have necklifts
1206,7,22,99,128,1.28125,0.04952716883444788,531,Don't even think of asking me for a neck rub.
1206,7,22,99,128,1.28125,0.04952716883444788,531,"I've been watching all day, and I think we're under-represented."
1225,3,29,93,125,1.28,0.04486539006635795,531,$150 a month for cable and you binge watch Animal Planet?
1225,5,25,95,125,1.28,0.04765467177450164,531,"How many times can you watch ""Giraffic Park""?"
1225,6,23,96,125,1.28,0.04898979485566356,531,It's funny. These political pundits think they are sticking their necks out.
1225,5,25,95,125,1.28,0.04765467177450164,531,It'll be neck and neck in November!
1225,5,25,95,125,1.28,0.04765467177450164,531,Don't you think it is a bit stupid to watch a contest between an elephant and a donkey?
1225,8,19,98,125,1.28,0.05155642070711495,531,"""No, we're not moving to the big city it's a jungle out there"
1225,6,23,96,125,1.28,0.04898979485566356,531,I thought we'd agreed to remodel the doorways before getting a TV.
1225,4,27,94,125,1.28,0.046281048863125035,531,That Marlon Perkins still cracks me up.
1225,7,21,97,125,1.28,0.05028948456749697,531,It's not quite the HIGH def we need.
1225,8,19,98,125,1.28,0.05155642070711495,531,"Survivor Serengeti?! Been there, done that!"
1225,6,23,96,125,1.28,0.04898979485566356,531,Maybe if the screen was positioned vertically?
1225,4,27,94,125,1.28,0.046281048863125035,531,"I know you don't need it, but I still would like to find the channel changer."
1225,7,21,97,125,1.28,0.05028948456749697,531,Where's that light bulb you wanted replaced?
1225,7,21,97,125,1.28,0.05028948456749697,531,"""I'll sit and watch the game with you, but no necking""."
1225,6,23,96,125,1.28,0.04898979485566356,531,"Seriously, you ordered spot removing cream?"
1225,7,21,97,125,1.28,0.05028948456749697,531,"Well, at least they left us the high-hanging fruit."
1225,7,21,97,125,1.28,0.05028948456749697,531,We need High Definition
1225,7,21,97,125,1.28,0.05028948456749697,531,"If it had been like this, I never would have left the ark."
1225,7,21,97,125,1.28,0.05028948456749697,531,"No! I cannot reach it, myself!"
1225,5,25,95,125,1.28,0.04765467177450164,531,Told you we should have mounted it above the fireplace.
1225,6,23,96,125,1.28,0.04898979485566356,531,How in the world did we get in here?
1225,7,21,97,125,1.28,0.05028948456749697,531,Now can you see why it should be on the wall?
1225,8,19,98,125,1.28,0.05155642070711495,531,Have you seen my neck pillow?
1225,7,21,97,125,1.28,0.05028948456749697,531,I'd prefer a candidate with a head on his shoulders.
1225,4,27,94,125,1.28,0.046281048863125035,531,Sit up straight or you'll hurt your neck.
1225,4,27,94,125,1.28,0.046281048863125035,531,It's been elephants and donkeys on TV for the past two weeks.
1225,8,19,98,125,1.28,0.05155642070711495,531,It's times like this that I'm glad I'm not a donkey or an elephant.
1225,8,19,98,125,1.28,0.05155642070711495,531,You got the the ultra wide? I told you the ultra vertical!
1225,10,15,100,125,1.28,0.05400119472991374,531,Won't Goldilocks be surprised!
1225,4,27,94,125,1.28,0.046281048863125035,531,I'm so glad we splurged on a place with high ceilings.
1225,9,17,99,125,1.28,0.052792961407687175,531,You look too comfortable. How about we switch spots for a while?
1225,5,25,95,125,1.28,0.04765467177450164,531,Hee hee! When they come back theyâ€™ll blame the hairs on the couch on the dog!
1257,7,21,98,126,1.2777777777777777,0.04993823345387607,531,High definition has nothing to do with your neck
1257,6,23,97,126,1.2777777777777777,0.04865021103252996,531,Rabbit ears work better.
1257,5,25,96,126,1.2777777777777777,0.04732714766944626,531,See what the media does? These nature programs just feed your fears.
1257,6,23,97,126,1.2777777777777777,0.04865021103252996,531,We need to get that mounted.
1257,6,23,97,126,1.2777777777777777,0.04865021103252996,531,You look pretty high.
1257,7,21,98,126,1.2777777777777777,0.04993823345387607,531,I'm glad you found some highbrow programming.
1257,8,19,99,126,1.2777777777777777,0.051193859861100074,531,We should buy a TV stand.
1257,5,25,96,126,1.2777777777777777,0.04732714766944626,531,"The witness protection program isn't working, I'm recognized everywhere."
1257,11,13,102,126,1.2777777777777777,0.05478835340134192,531,Watching the Wilsons going at it on Attenborough again?
1257,4,27,95,126,1.2777777777777777,0.04596601766023946,531,Spoiler alert! Only one of them makes across the river!
1257,3,29,94,126,1.2777777777777777,0.04456333305036012,531,Portrait or landscape?
1257,4,27,95,126,1.2777777777777777,0.04596601766023946,531,What a mess. Maybe the Green Party needs a mascot.
1257,5,25,96,126,1.2777777777777777,0.04732714766944626,531,Why does it always have to be donkeys and elephants?
1257,5,25,96,126,1.2777777777777777,0.04732714766944626,531,"I think it's time we had the ""zoo"" talk."
1257,9,17,100,126,1.2777777777777777,0.05241941829572397,531,I am appalled how we Aftican Americans are always snubbed by The Oscars
1257,5,25,96,126,1.2777777777777777,0.04732714766944626,531,"No, we weren't represented at either convention."
1273,6,21,92,119,1.2773109243697478,0.050526877536999686,531,You really think we need the remote?
1273,5,23,91,119,1.2773109243697478,0.04909720460822299,531,"All things considered, I'd rather be in Botswana."
1275,9,17,101,127,1.2755905511811023,0.05205100388960428,531,Did your folks intentionally buy furniture that would discourage our relationship?
1275,8,19,100,127,1.2755905511811023,0.05083623342619631,531,The toilet is out of water again...
1275,7,21,99,127,1.2755905511811023,0.049591715558244584,531,Is it Lion Week already?
1278,10,14,100,124,1.2741935483870968,0.05412284799158862,531,Do you want to neck during the movie?
1278,8,18,98,124,1.2741935483870968,0.05164321821495643,531,"Your boss just called and said you were fired! I told you the ""R's"" were backwards!"
1278,7,20,97,124,1.2741935483870968,0.05035763739529594,531,Would you like to neck?
1278,3,28,93,124,1.2741935483870968,0.04484830286410075,531,I have a sore throat that just won't stop.
1278,4,26,94,124,1.2741935483870968,0.046287153869638685,531,"I still wish we would have bought the long screen, not the wide screen."
1278,4,26,94,124,1.2741935483870968,0.046287153869638685,531,There were no tall screens.
1278,5,24,95,124,1.2741935483870968,0.047682606440012355,531,Election coverage? We put the circus behind us.
1278,8,18,98,124,1.2741935483870968,0.05164321821495643,531,Watching those NBA pipsqueaks again?
1278,9,16,99,124,1.2741935483870968,0.0528975645106569,531,Noah's Ark is so comfortable darling .I am so glad we decided to board!!!
1278,6,22,96,124,1.2741935483870968,0.04903836559750547,531,Reach for the remote yourself.
1278,4,26,94,124,1.2741935483870968,0.046287153869638685,531,Well I can see it's going to take awhile to get these spots off the couch.
1278,7,20,97,124,1.2741935483870968,0.05035763739529594,531,"Don't watch too much TV, you'll strain your neck!"
1278,6,22,96,124,1.2741935483870968,0.04903836559750547,531,"Very nice purchase dear, but how the hell are we going to use a remote?"
1291,3,29,96,128,1.2734375,0.04397068042410376,531,"Not the Nature Channel again. Please, Helen, we 're in the suburbs now."
1292,10,14,101,125,1.272,0.053732911762267396,531,How many times am I going to hit my head on that frickin door before we fix it?
1293,3,27,92,122,1.2704918032786885,0.04513582033057469,531,The hyena next door has his eye on you.
1293,3,27,92,122,1.2704918032786885,0.04513582033057469,531,"Has Bob Vila explained how to make bigger doorways, yet?"
1293,5,23,94,122,1.2704918032786885,0.048043816154440755,531,Don't sit too far from the TV. It's bad for your neck.
1293,7,19,96,122,1.2704918032786885,0.050785571419936636,531,Are you ready to start thinking about how we get out of here?
1293,2,29,91,122,1.2704918032786885,0.04360916509209995,531,It's a real zoo out there.
1293,6,21,95,122,1.2704918032786885,0.04943370578426822,531,Orange is the New Black isn't about giraffes at all.
1293,4,25,93,122,1.2704918032786885,0.04661250126090437,531,Just turn off the news. It's a jungle out there.
1293,7,19,96,122,1.2704918032786885,0.050785571419936636,531,"Stop sulking, Maude. I'm not looking down on you."
1293,4,25,93,122,1.2704918032786885,0.04661250126090437,531,"You'd think, by now, I'd have learned to duck."
1293,8,17,97,122,1.2704918032786885,0.052102372895419795,531,"You know that ""Real Housewives of the Savannah"" is scripted, don't you?"
1293,5,23,94,122,1.2704918032786885,0.048043816154440755,531,Love fades. Spots are forever.
1293,9,15,98,122,1.2704918032786885,0.05338670488255729,531,"""Tiny House Hunters"" again?"
1293,6,21,95,122,1.2704918032786885,0.04943370578426822,531,"Sweetheart, if I hear that ""we're neck and neck"" joke once more time, I will scream!"
1293,8,17,97,122,1.2704918032786885,0.052102372895419795,531,This convention's more depressing than LionWeek.
1293,4,25,93,122,1.2704918032786885,0.04661250126090437,531,Bad news. Some humans moved in upstairs.
1293,7,19,96,122,1.2704918032786885,0.050785571419936636,531,It's not exactly the aspect ratio we were looking for.
1293,4,25,93,122,1.2704918032786885,0.04661250126090437,531,This beats the zoo but these doors are a pain!
1293,5,23,94,122,1.2704918032786885,0.048043816154440755,531,Don't tell me you swallowed the remote again.
1293,6,21,95,122,1.2704918032786885,0.04943370578426822,531,All I said was that she has good proportions.
1293,5,23,94,122,1.2704918032786885,0.048043816154440755,531,"Dude, I already told you, just because they're called Fox News doesn't mean they're an animal friendly station"
1293,6,21,95,122,1.2704918032786885,0.04943370578426822,531,My dear child...we evolved to this...so we wouldn't need a remote.
1293,7,19,96,122,1.2704918032786885,0.050785571419936636,531,"Yes, but the wall will mean that we're ALL in a zoo!"
1293,10,13,99,122,1.2704918032786885,0.054640857012872315,531,When they go low we go high too!
1293,3,27,92,122,1.2704918032786885,0.04513582033057469,531,"I know it's not the Serengeti, but it beats being in a cage."
1293,6,21,95,122,1.2704918032786885,0.04943370578426822,531,I find a Trump presidency hard to swallow also.
1293,8,17,97,122,1.2704918032786885,0.052102372895419795,531,"Humph, certainly not for me - living off-the-grid in some sweltering savanna."
1293,7,19,96,122,1.2704918032786885,0.050785571419936636,531,Binge-watching Neck-flix again?
1293,5,23,94,122,1.2704918032786885,0.048043816154440755,531,I can't believe I stuck my neck out for that lion at work.
1293,6,21,95,122,1.2704918032786885,0.04943370578426822,531,The 10 foot ceilings really make this place........
1293,5,23,94,122,1.2704918032786885,0.048043816154440755,531,Still think we don't need to wall mount it?
1293,7,19,96,122,1.2704918032786885,0.050785571419936636,531,I'm going to stick my neck out and suggest we watch Human Kingdom.
1293,4,25,93,122,1.2704918032786885,0.04661250126090437,531,No remote needed
1293,2,29,91,122,1.2704918032786885,0.04360916509209995,531,This show should be beneath you.
1293,7,19,96,122,1.2704918032786885,0.050785571419936636,531,Wanna watch Neckflix and chill?
1293,5,23,94,122,1.2704918032786885,0.048043816154440755,531,I'm going to stick my neck out and suggest we buy a stand.
1293,7,19,96,122,1.2704918032786885,0.050785571419936636,531,Slide over a bit and let's stay in - It's a jungle out there
1293,9,15,98,122,1.2704918032786885,0.05338670488255729,531,"You don't even know what a potato is, do you?"
1293,5,23,94,122,1.2704918032786885,0.048043816154440755,531,"If you keep sittting there, your neck will shrink."
1293,8,17,97,122,1.2704918032786885,0.052102372895419795,531,Now maybe you'll believe me when I tell you it's a jungle out there.
1293,10,13,99,122,1.2704918032786885,0.054640857012872315,531,I know a dung beetle that could write a better television show.
1293,9,15,98,122,1.2704918032786885,0.05338670488255729,531,How can you watch this lowbrow crap?
1293,6,21,95,122,1.2704918032786885,0.04943370578426822,531,You're watching humans have sex again. What the hell is wrong with you. You need help.
1293,6,21,95,122,1.2704918032786885,0.04943370578426822,531,You can't expect anything but donkeys and elephants for a while.
1293,4,25,93,122,1.2704918032786885,0.04661250126090437,531,"Gladys, you said if we moved to the city, weâ€™d ""live"" a wild life, not watch it."
1293,7,19,96,122,1.2704918032786885,0.050785571419936636,531,Let's upgrade to tall screen.
1293,8,17,97,122,1.2704918032786885,0.052102372895419795,531,Basketball?
1293,8,17,97,122,1.2704918032786885,0.052102372895419795,531,"I KNOW I AM STICKING MY NECK OUT, BUT COULD WE WATCH SOMETHING OTHER THAN ANIMAL PLANET TONIGHT?"
1293,7,19,96,122,1.2704918032786885,0.050785571419936636,531,Even I'M finding cable news harder to swallow!
1293,4,25,93,122,1.2704918032786885,0.04661250126090437,531,She may have knocked down the glass ceiling but you still need to be careful.
1293,5,23,94,122,1.2704918032786885,0.048043816154440755,531,Neck-flix and chill again?
1293,6,21,95,122,1.2704918032786885,0.04943370578426822,531,Woah. Lions are a lot less scary on TV...
1293,9,15,98,122,1.2704918032786885,0.05338670488255729,531,Are you serious? Did you just ask me what endangered meant?
1293,6,21,95,122,1.2704918032786885,0.04943370578426822,531,"Short necks, short tempers, short attention spans."
1293,4,25,93,122,1.2704918032786885,0.04661250126090437,531,"If you keep watching Animal Planet, you'll think every neighborhood is full of hungry lions."
1347,3,26,90,119,1.26890756302521,0.04575324880937461,531,"OK, so we'll move it back above the fireplace."
1348,7,19,97,123,1.2682926829268293,0.05041897065444284,531,Are you really watching Human Planet again?
1349,5,21,90,116,1.2672413793103448,0.04952209178050024,531,"I told you, it's Jurassic Park, not Giraffec Park."
1350,4,24,93,121,1.2644628099173554,0.04660453613180722,531,Should we maybe have it wall-mounted?
1350,5,22,94,121,1.2644628099173554,0.048059586295481994,531,We could try rotating the screen 90 degrees.
1350,9,14,98,121,1.2644628099173554,0.053485400084702595,531,Move over babe. This flick was made for necking!
1350,5,22,94,121,1.2644628099173554,0.048059586295481994,531,"Come on, Shelia; we're a monogamous but opportunistically promiscuous species by nature."
1350,8,16,97,121,1.2644628099173554,0.052181864429979394,531,I like it at about eye level. What about you?
1350,8,16,97,121,1.2644628099173554,0.052181864429979394,531,Do you really think they will deport us?
1350,5,22,94,121,1.2644628099173554,0.048059586295481994,531,Just donkeys and elephants? Sounds boring.
1350,4,24,93,121,1.2644628099173554,0.04660453613180722,531,I don't mean to look down on you.
1350,4,24,93,121,1.2644628099173554,0.04660453613180722,531,I hate the Sunday morning shows. The Donkeys and Elephants think they have all the answers.
1350,5,22,94,121,1.2644628099173554,0.048059586295481994,531,"The kids are asleep, let's neck."
1350,8,16,97,121,1.2644628099173554,0.052181864429979394,531,Does it really matter where the remote control is?
1350,10,12,99,121,1.2644628099173554,0.05475791330075189,531,"He is more of an ass than an elephant, but I like the color."
1350,6,20,95,121,1.2644628099173554,0.04947185949330019,531,You need to tear yourself away from the TV . . . your room looks like a zoo!
1350,7,18,96,121,1.2644628099173554,0.05084492038106454,531,I don't care to watch Animal Planet when I've lived it all day.
1350,8,16,97,121,1.2644628099173554,0.052181864429979394,531,Do they realise we're always dating naked?
1350,4,24,93,121,1.2644628099173554,0.04660453613180722,531,For some reason I always look fat in those home videos.
1350,6,20,95,121,1.2644628099173554,0.04947185949330019,531,Do you think my neck is too long?
1350,5,22,94,121,1.2644628099173554,0.048059586295481994,531,Let's go down to the bar for a drink. The high balls are on me.
1350,7,18,96,121,1.2644628099173554,0.05084492038106454,531,You planning on watching until the cows come home?
1350,6,20,95,121,1.2644628099173554,0.04947185949330019,531,"If seeing predators catching prey upsets you so much, turn the damn thing off."
1350,10,12,99,121,1.2644628099173554,0.05475791330075189,531,"""Orange is the New Black"" is not about giraffe spots, honey."
1350,6,20,95,121,1.2644628099173554,0.04947185949330019,531,"Honey, I've decided to leave the zoo to become a third-party mascot."
1350,7,18,96,121,1.2644628099173554,0.05084492038106454,531,"Okay, okay. I'll bring you some popcorn. But just know that if you get it stuck in your throat again, you're gonna miss the whole movie."
1350,4,24,93,121,1.2644628099173554,0.04660453613180722,531,"Son, get giraffe off the couch and make yourself useful!"
1350,4,24,93,121,1.2644628099173554,0.04660453613180722,531,How about we turn off the TV and do some necking .
1350,7,18,96,121,1.2644628099173554,0.05084492038106454,531,"Still hooked on ""Human Planet"" I see."
1350,7,18,96,121,1.2644628099173554,0.05084492038106454,531,Are we watching the Elephants or the Donkeys tonight ?
1350,7,18,96,121,1.2644628099173554,0.05084492038106454,531,"Move over, watching Animal Planet makes me feel like necking!"
1350,7,18,96,121,1.2644628099173554,0.05084492038106454,531,Why don't you get outside and play Pokemon Go like all the other kids?
1350,6,20,95,121,1.2644628099173554,0.04947185949330019,531,It's official - I'm the tallest thing on the block without TRUMP on me.
1350,4,24,93,121,1.2644628099173554,0.04660453613180722,531,We should've asked for vaulted ceilings in EVERY room.
1350,5,22,94,121,1.2644628099173554,0.048059586295481994,531,If you're so interested in elephants and donkeys we might as well go back to the zoo.
1350,7,18,96,121,1.2644628099173554,0.05084492038106454,531,"I don't know about you, but I'm fed up to my neck with politics!"
1350,5,22,94,121,1.2644628099173554,0.048059586295481994,531,I got you a membership in a jungle gym.
1350,8,16,97,121,1.2644628099173554,0.052181864429979394,531,"It's not just you, Kathy. I look down on everyone who'd vote for him."
1350,7,18,96,121,1.2644628099173554,0.05084492038106454,531,"Hey, there wasn't a Cheeto under the refridg...ahh, you took my spot."
1350,5,22,94,121,1.2644628099173554,0.048059586295481994,531,"Nothing but sex, violence, and reality shows. You really should stop watching the Wilderness Channel."
1387,6,20,96,122,1.2622950819672132,0.0491125396521135,531,"I thought you wanted a neck, flicks & chill evening."
1387,4,24,94,122,1.2622950819672132,0.0462717576639643,531,"Just once, could we watch something besides ""Wild Kingdom?"""
1387,7,18,97,122,1.2622950819672132,0.05047300811289448,531,Just because you can turn the channel by pressing the button on the TV with your tongue while not getting up from the couch doesn't mean you should.
1387,7,18,97,122,1.2622950819672132,0.05047300811289448,531,They say they're tired of being called jackasses. They're looking for a new symbol.
1387,8,16,98,122,1.2622950819672132,0.05179775617580556,531,There's evidence that too much T.V. causes chronic neck pain.
1387,5,22,95,122,1.2622950819672132,0.04771329536090051,531,You are a real pain in the neck.
1393,8,15,96,119,1.2605042016806722,0.05264974963321876,531,Kardashians of the Serengeti again?
1393,5,21,93,119,1.2605042016806722,0.04842217029986229,531,I really don't understand how you watch this housewives of the Serengeti !
1393,7,17,95,119,1.2605042016806722,0.051279296827700035,531,"Nature channel? No, that's the porn channel."
1393,3,25,91,119,1.2605042016806722,0.04538553591128305,531,The polls say they're neck and neck.
1393,7,17,95,119,1.2605042016806722,0.051279296827700035,531,What's up?
1393,5,21,93,119,1.2605042016806722,0.04842217029986229,531,Sit up straight. Do you want your neck to stay like that?
1393,9,13,97,119,1.2605042016806722,0.05398542386364925,531,I've had it up to eighteen-feet with your Nature channel bingeing.
1393,7,17,95,119,1.2605042016806722,0.051279296827700035,531,"""You need to get up, get real and get your head in the clouds like the rest of us!""m"
1393,6,19,94,119,1.2605042016806722,0.04987119839993938,531,When are they going to start making tall screen tvs?
1393,4,23,92,119,1.2605042016806722,0.046928421273803936,531,"They're showing 'Jurassic Park,' honey, not Giraffic."
1393,6,19,94,119,1.2605042016806722,0.04987119839993938,531,I told you those high heels would hurt your feet.
1393,6,19,94,119,1.2605042016806722,0.04987119839993938,531,"Wanna watch ""Animal house?"""
1393,4,23,92,119,1.2605042016806722,0.046928421273803936,531,"you know those Planet Earth videos are completely scripted, right?"
1393,7,17,95,119,1.2605042016806722,0.051279296827700035,531,"You were right, Fred, Instead of the flat screen we should have gotten a tall screen"
1393,2,27,90,119,1.2605042016806722,0.043788320550771434,531,I think it's time to upgrade to the tall screen television.
1393,4,23,92,119,1.2605042016806722,0.046928421273803936,531,Let me guess: Lion Week?
1393,7,17,95,119,1.2605042016806722,0.051279296827700035,531,How about we turn off the TV and neck?
1393,3,25,91,119,1.2605042016806722,0.04538553591128305,531,How'd they get that horse to move its mouth when it talking?
1393,6,19,94,119,1.2605042016806722,0.04987119839993938,531,Channel forraging again?
1393,5,21,93,119,1.2605042016806722,0.04842217029986229,531,I told you to get a TALL screen.
1393,1,29,89,119,1.2605042016806722,0.042130596522715655,531,You couldn't find a tall-screen tv?
1393,7,17,95,119,1.2605042016806722,0.051279296827700035,531,I watch only high def.
1393,4,23,92,119,1.2605042016806722,0.046928421273803936,531,I still think we should have bought the tallscreen model instead.
1393,3,25,91,119,1.2605042016806722,0.04538553591128305,531,"Don't forget, we're having high tea with the Fitzgeralds at 3pm."
1393,6,19,94,119,1.2605042016806722,0.04987119839993938,531,letâ€™s turn off the TV and do a little necking.
1393,5,21,93,119,1.2605042016806722,0.04842217029986229,531,As if captivity wasn't a reason enough not to reproduce ...
1393,6,19,94,119,1.2605042016806722,0.04987119839993938,531,I don't know why you watch this 'Human Planet' garbage.
1393,4,23,92,119,1.2605042016806722,0.046928421273803936,531,"You'll never succeed if you don't get your ass off that sofa, and stick your neck out!"
1393,6,19,94,119,1.2605042016806722,0.04987119839993938,531,Noah assured me the lions are in a separate annex.
1393,7,17,95,119,1.2605042016806722,0.051279296827700035,531,Would you like to watch a documentary about human evolution?
1393,5,21,93,119,1.2605042016806722,0.04842217029986229,531,wide screen is nice but i prefer tall screen
1393,7,17,95,119,1.2605042016806722,0.051279296827700035,531,"We're outta draft honey, all we have left is longnecks."
1393,6,19,94,119,1.2605042016806722,0.04987119839993938,531,"""I think we should mount it from the ceiling""."
1393,3,25,91,119,1.2605042016806722,0.04538553591128305,531,Stop worrying. I have been assured that no one will ever know are true identity as long as we remain in the witness protection program.
1393,4,23,92,119,1.2605042016806722,0.046928421273803936,531,"Why do you always watch these zoo documentaries right before bed, honey? You know they keep you up."
1393,4,23,92,119,1.2605042016806722,0.046928421273803936,531,"Honey, we're totally out of acacia chips."
1393,5,21,93,119,1.2605042016806722,0.04842217029986229,531,Leaves or twigs with your beer?
1393,3,25,91,119,1.2605042016806722,0.04538553591128305,531,I still can't believe they went with the donkey
1393,8,15,96,119,1.2605042016806722,0.05264974963321876,531,What happened to the wild life?
1393,6,19,94,119,1.2605042016806722,0.04987119839993938,531,"I'll hold hooves, but absolutely no necking..."
1393,5,21,93,119,1.2605042016806722,0.04842217029986229,531,You were home all day and didn't clean up; we can't keep living like animals!
1393,8,15,96,119,1.2605042016806722,0.05264974963321876,531,I think we should mount it!
1393,6,19,94,119,1.2605042016806722,0.04987119839993938,531,These elections can be long drawn-out affairs and kind of hard to swallow.
1393,4,23,92,119,1.2605042016806722,0.046928421273803936,531,You're so obsessed with people shows.
1393,6,19,94,119,1.2605042016806722,0.04987119839993938,531,"Actually, I prefer a vertical format."
1393,5,21,93,119,1.2605042016806722,0.04842217029986229,531,I can't understand your obsession with 'Tiny House Nation'
1393,5,21,93,119,1.2605042016806722,0.04842217029986229,531,Watching yourself on Nature again?
1393,4,23,92,119,1.2605042016806722,0.046928421273803936,531,Of course she has a nice loooong neck. You can tell she had some work done.
1393,7,17,95,119,1.2605042016806722,0.051279296827700035,531,He hasn't decided on our immigration status yet.
1393,4,23,92,119,1.2605042016806722,0.046928421273803936,531,"Oh. I thought you said, ""NECK, flicks and chill"". My bad."
1393,6,19,94,119,1.2605042016806722,0.04987119839993938,531,The down side of being raised in captivity is that it's your turn to take out the garbage.
1393,7,17,95,119,1.2605042016806722,0.051279296827700035,531,Watching Human Planet again?
1393,6,19,94,119,1.2605042016806722,0.04987119839993938,531,I think you've got the screen turned the wrong way.
1393,5,21,93,119,1.2605042016806722,0.04842217029986229,531,Hooves off the couch!
1393,7,17,95,119,1.2605042016806722,0.051279296827700035,531,These jungle soaps would be more exciting if they added some necking.
1393,7,17,95,119,1.2605042016806722,0.051279296827700035,531,I told you to buy a vertical one!
1393,6,19,94,119,1.2605042016806722,0.04987119839993938,531,Tell me again how the race is 'Neck and Neck'.
1393,9,13,97,119,1.2605042016806722,0.05398542386364925,531,You didn't tell me they were measured diagonally.
1393,7,17,95,119,1.2605042016806722,0.051279296827700035,531,"Are you watching Giraffic Park, again???"
1393,6,19,94,119,1.2605042016806722,0.04987119839993938,531,"Can I bring you another longneck, honey?"
1393,7,17,95,119,1.2605042016806722,0.051279296827700035,531,This election is going to be neck and neck.
1393,4,23,92,119,1.2605042016806722,0.046928421273803936,531,If only we'd used the wall mount.
1393,6,19,94,119,1.2605042016806722,0.04987119839993938,531,"Sure, the picure's great, but when are they going to come out with a 'tall screen' television."
1393,5,21,93,119,1.2605042016806722,0.04842217029986229,531,To presume I don't need the remote is a bit of a stretch.
1393,3,25,91,119,1.2605042016806722,0.04538553591128305,531,Sometimes I feel like we're vertical in a horizontal world.
1393,7,17,95,119,1.2605042016806722,0.051279296827700035,531,"Entertaining, yeah - but so low brow."
1393,6,19,94,119,1.2605042016806722,0.04987119839993938,531,You would rather watch TV than neck?
1393,4,23,92,119,1.2605042016806722,0.046928421273803936,531,Well that's a stretch.
1393,4,23,92,119,1.2605042016806722,0.046928421273803936,531,I told you that we should have gotten a vertical TV.
1462,4,24,95,123,1.2601626016260163,0.04594353918685369,531,Are the candidates neck and neck?
1463,2,26,88,116,1.2586206896551724,0.04435222529176745,531,It's all about elephants and donkeys these days
1464,5,21,94,120,1.2583333333333333,0.04806600464972997,531,I need you to get the can of leaves from the top shelf.
1464,5,21,94,120,1.2583333333333333,0.04806600464972997,531,"""The other apartment was okay, but it only had 12-foot ceilings."
1464,6,19,95,120,1.2583333333333333,0.04950148306259951,531,Just as I thought! Youâ€™ve been sitting here watching football all weekend when you promised me youâ€™d get to those leaves!
1464,5,21,94,120,1.2583333333333333,0.04806600464972997,531,The serengeti isn't going to be here forever.
1464,4,23,93,120,1.2583333333333333,0.046586315378863125,531,"Melania, does my neck look small?"
1469,6,19,96,121,1.256198347107438,0.049137079326263634,531,"You sit like that for too long, you'll get a crick in your neck."
1470,6,18,94,118,1.2542372881355932,0.04989695404704999,531,"Why is it always donkeys and elephants, donkeys and elephants...."
1470,3,24,91,118,1.2542372881355932,0.04533334719873197,531,"When the Zebras are here, just black and white."
1470,3,24,91,118,1.2542372881355932,0.04533334719873197,531,Human Planet again?
1470,7,16,95,118,1.2542372881355932,0.05132806809940961,531,Configuring an ergonomically correct monitor height is a pain in the neck.
1470,7,16,95,118,1.2542372881355932,0.05132806809940961,531,Enough with 'The Search for Noah's Ark' already!
1470,5,20,93,118,1.2542372881355932,0.04842356318497437,531,I hate it when they pander to the zoological vote.
1470,2,26,90,118,1.2542372881355932,0.04370638187492265,531,I'm with you. I could watch the National Geographic channel all day long.
1470,4,22,92,118,1.2542372881355932,0.04690391156273635,531,Have you seen my necktie?
1470,5,20,93,118,1.2542372881355932,0.04842356318497437,531,"Seriously? Binge watching the ""National Geographic Channel"" again!"
1470,5,20,93,118,1.2542372881355932,0.04842356318497437,531,Nature shows? Seriously?
1470,7,16,95,118,1.2542372881355932,0.05132806809940961,531,Was that Aunt Betty you saw on Animal Planet last night?
1470,2,26,90,118,1.2542372881355932,0.04370638187492265,531,It's a come-on. I wouldn't stick my neck out if I were you.
1470,3,24,91,118,1.2542372881355932,0.04533334719873197,531,"You've got to get that TV mounted higher, honey--your chiropractor bills are adding up."
1470,8,14,96,118,1.2542372881355932,0.05272034831506563,531,"You just don't get aspect ratio, do you?"
1470,5,20,93,118,1.2542372881355932,0.04842356318497437,531,"When I was young, I had to hold the tv with tinfoil on my ossicones to watch it."
1470,6,18,94,118,1.2542372881355932,0.04989695404704999,531,All you ever do is watch TV! You're going to hurt your neck!
1470,5,20,93,118,1.2542372881355932,0.04842356318497437,531,They say it's her first glass ceiling.
1470,3,24,91,118,1.2542372881355932,0.04533334719873197,531,I would have made that Olympic team if I could only dribble.
1470,5,20,93,118,1.2542372881355932,0.04842356318497437,531,For now it's only widescreen.
1470,3,24,91,118,1.2542372881355932,0.04533334719873197,531,"It's called ergonomics, Harold. Mount it already!"
1470,4,22,92,118,1.2542372881355932,0.04690391156273635,531,Donkeys and elephants 2016... smh. I've never been so proud to be a giraffe.
1470,6,18,94,118,1.2542372881355932,0.04989695404704999,531,"It's the rerun of Wild Kingdom featuring your great grandfather , isn't it ?"
1470,7,16,95,118,1.2542372881355932,0.05132806809940961,531,What we really need is a tall screen TV.
1470,3,24,91,118,1.2542372881355932,0.04533334719873197,531,No thanks. The Discovery Channel gives me nightmares.
1470,5,20,93,118,1.2542372881355932,0.04842356318497437,531,"That does it. Next TV is portrait, not landscape."
1470,6,18,94,118,1.2542372881355932,0.04989695404704999,531,There's only ruminant for one of us on that couch.
1470,4,22,92,118,1.2542372881355932,0.04690391156273635,531,"Don't be so glum, I'm sure the new zoo will still have HBO."
1470,6,18,94,118,1.2542372881355932,0.04989695404704999,531,You'll strain your neck if you sit like that all day.
1470,8,14,96,118,1.2542372881355932,0.05272034831506563,531,"If you can't find the remote, you'll just have to adapt."
1470,3,24,91,118,1.2542372881355932,0.04533334719873197,531,"Long day, honey?"
1470,6,18,94,118,1.2542372881355932,0.04989695404704999,531,"Dear, let's put on a romantic movie and neck.."
1470,3,24,91,118,1.2542372881355932,0.04533334719873197,531,"Get off the couch, Geoffrey, Toys ""R"" Us stopped airing your commercials years ago."
1470,5,20,93,118,1.2542372881355932,0.04842356318497437,531,I hope you're not watching The Lion King again!
1470,2,26,90,118,1.2542372881355932,0.04370638187492265,531,"If PBS is over your head, try Animal Planet."
1470,3,24,91,118,1.2542372881355932,0.04533334719873197,531,Wide screen is fine but I wish they'd make a tall one.
1470,6,18,94,118,1.2542372881355932,0.04989695404704999,531,My money's on the donkey. The elephant has run amok.
1470,7,16,95,118,1.2542372881355932,0.05132806809940961,531,I told you we should have mounted it higher on the wall.
1470,7,16,95,118,1.2542372881355932,0.05132806809940961,531,"Serengeti, Schmerengeti."
1470,4,22,92,118,1.2542372881355932,0.04690391156273635,531,I'm going to stick my neck out and say that Donald Trump just embarrassed himself.
1470,8,14,96,118,1.2542372881355932,0.05272034831506563,531,"Well, if he starts in on giraffes, like every other minority, don't come running to me."
1470,6,18,94,118,1.2542372881355932,0.04989695404704999,531,"Are you watching ""America's Necks Top Model?"""
1470,6,18,94,118,1.2542372881355932,0.04989695404704999,531,American politics. It's just a bunch of donkeys and elephants.
1470,5,20,93,118,1.2542372881355932,0.04842356318497437,531,A long day at the office.
1470,5,20,93,118,1.2542372881355932,0.04842356318497437,531,"How is the race coming? Oh, it's neck and neck"
1470,6,18,94,118,1.2542372881355932,0.04989695404704999,531,I vote for neck flicks and chill
1470,7,16,95,118,1.2542372881355932,0.05132806809940961,531,Be honest - does this room make my neck look too long?
1470,6,18,94,118,1.2542372881355932,0.04989695404704999,531,"Make some room on that couch, baby. We were born to neck."
1470,5,20,93,118,1.2542372881355932,0.04842356318497437,531,I really do prefer NEKFLIX to HBO.
1470,5,20,93,118,1.2542372881355932,0.04842356318497437,531,"what do you feel like tonight, mimosa or acacia..."
1470,5,20,93,118,1.2542372881355932,0.04842356318497437,531,"Are you watching your old Toys ""R"" Us commercials again?"
1470,4,22,92,118,1.2542372881355932,0.04690391156273635,531,They only did them in horizontal.
1470,2,26,90,118,1.2542372881355932,0.04370638187492265,531,"So, acacia leaves for dinner again?"
1470,4,22,92,118,1.2542372881355932,0.04690391156273635,531,It's a savanna out there.
1470,7,16,95,118,1.2542372881355932,0.05132806809940961,531,This sure beats the Zoo!
1470,3,24,91,118,1.2542372881355932,0.04533334719873197,531,I think we could at least go visit your brother at the zoo on Saturday.
1470,6,18,94,118,1.2542372881355932,0.04989695404704999,531,Everyoneâ€™s head is cut off because you installed the screen on its side.
1470,7,16,95,118,1.2542372881355932,0.05132806809940961,531,I love his forelocks.
1470,9,12,97,118,1.2542372881355932,0.05407679426617351,531,Is my neck too long?
1470,7,16,95,118,1.2542372881355932,0.05132806809940961,531,"""That ToysRUs trust fund won't last forever ya know."
1470,6,18,94,118,1.2542372881355932,0.04989695404704999,531,They never forget because they don't have our vision and rely on low hanging fruit.
1470,7,16,95,118,1.2542372881355932,0.05132806809940961,531,It just occured to me that Hell is actually other giraffes.
1470,5,20,93,118,1.2542372881355932,0.04842356318497437,531,I can't believe it has only been a year since Trump won the US Presidential election which lead to the end of the human race. To think that we used to live in a jungle...
1470,3,24,91,118,1.2542372881355932,0.04533334719873197,531,"You're right, it's time for us to start our own political party."
1470,4,22,92,118,1.2542372881355932,0.04690391156273635,531,Isn't that turned sideways?
1470,4,22,92,118,1.2542372881355932,0.04690391156273635,531,Neckflix and chill tonight?
1470,5,20,93,118,1.2542372881355932,0.04842356318497437,531,"Left or right, who cares? I want to hear more about low or high."
1470,6,18,94,118,1.2542372881355932,0.04989695404704999,531,Audrey Hepburn again?
1470,6,18,94,118,1.2542372881355932,0.04989695404704999,531,It's worse than a jungle out there!
1470,8,14,96,118,1.2542372881355932,0.05272034831506563,531,I have to find a job with a higher ceiling.
1470,5,20,93,118,1.2542372881355932,0.04842356318497437,531,"You lazy ungulate, get those filthy hooves off the sofa."
1470,5,20,93,118,1.2542372881355932,0.04842356318497437,531,"All that we have, we owe to Marlin Perkins."
1470,5,20,93,118,1.2542372881355932,0.04842356318497437,531,I told you we should have bought the 170-inch screen.
1470,8,14,96,118,1.2542372881355932,0.05272034831506563,531,Watch TV? I'd rather neck!
1470,4,22,92,118,1.2542372881355932,0.04690391156273635,531,Sorry I'm late. A bunch of rubberneckers caused a slow-down on the freeway.
1470,6,18,94,118,1.2542372881355932,0.04989695404704999,531,They say he's actually really short in person.
1470,8,14,96,118,1.2542372881355932,0.05272034831506563,531,The program says others look up to us.
1470,9,12,97,118,1.2542372881355932,0.05407679426617351,531,Are you up for some necking tonight?
1470,2,26,90,118,1.2542372881355932,0.04370638187492265,531,Do you think you can adjust the vertical ?
1470,8,14,96,118,1.2542372881355932,0.05272034831506563,531,"Honey, will you please grab me a neck pillow?"
1470,3,24,91,118,1.2542372881355932,0.04533334719873197,531,"I used to like the human nature programs, too. But that was before they started to show all those mating close-ups."
1470,5,20,93,118,1.2542372881355932,0.04842356318497437,531,I thought we agreed to mount the TV above the fireplace!
1551,9,12,98,119,1.2521008403361344,0.05366298718442896,531,It's not what I had in mind when you retired.
1551,4,22,93,119,1.2521008403361344,0.04655713615623207,531,It's Animal Planet. They want to renegotiate your contract.
1551,5,20,94,119,1.2521008403361344,0.0480624258685221,531,We either need shorter necks or a taller screen.
1551,7,16,96,119,1.2521008403361344,0.05093973387211289,531,Are you watching that human planet channel again?
1551,8,14,97,119,1.2521008403361344,0.05231908198983365,531,"""There's an elephant in the room""."
1551,2,26,91,119,1.2521008403361344,0.04339017423882312,531,Why is it limited to donkeys and elephants?
1551,8,14,97,119,1.2521008403361344,0.05231908198983365,531,"Billy's teacher called, Billy was caught necking during recess."
1551,8,14,97,119,1.2521008403361344,0.05231908198983365,531,Stop watching Animal Planet and go outside.
1551,3,24,92,119,1.2521008403361344,0.04500152301614558,531,I knew we should have opted for the wall-mounted model.
1551,4,22,93,119,1.2521008403361344,0.04655713615623207,531,We _could_ just turn it on its side.
1561,8,13,95,116,1.25,0.05319619424788554,531,"Hey, that's my spot!!"
1561,7,15,94,116,1.25,0.05176784759846126,531,They have the same number of vertebrae but that's as far as it goes.
1563,3,23,91,117,1.2478632478632479,0.04526827212564247,531,Wide screens make no sense. Why not tall screens?
1563,5,19,93,117,1.2478632478632479,0.048414263331137096,531,"We promised to stay off the furniture,remember?"
1563,2,25,90,117,1.2478632478632479,0.04361025389645748,531,Believing her has always been a bit of a stretch for me.
1563,7,15,95,117,1.2478632478632479,0.05136794064932088,531,I heard when the wall is built they'll need onlookers.
1563,3,23,91,117,1.2478632478632479,0.04526827212564247,531,"Just because Toys R Us is closed, doesn't mean you give up Geoffrey."
1563,4,21,92,117,1.2478632478632479,0.046867671987938044,531,Good for you! Three weeks of taking it easy is the best thing for a sore throat.
1563,6,17,94,117,1.2478632478632479,0.049912955334506286,531,"When that show's over, maybe we could go out and graze some trees, get a little exercise."
1563,1,27,89,117,1.2478632478632479,0.04188665692778252,531,"I like him on tv, but in person, Tarzan was much cuter!"
1563,3,23,91,117,1.2478632478632479,0.04526827212564247,531,Your father and I are worried you aren't reaching up to your full potential lately.
1563,4,21,92,117,1.2478632478632479,0.046867671987938044,531,"My dear, there's more to life than just watching the National Geographic Channel."
1563,6,17,94,117,1.2478632478632479,0.049912955334506286,531,I suppose you ate all the bonbons too.
1563,9,11,97,117,1.2478632478632479,0.05416077694427601,531,How bout a longneck ?
1563,8,13,96,117,1.2478632478632479,0.05278283378978327,531,Let's neck instead!
1563,7,15,95,117,1.2478632478632479,0.05136794064932088,531,You need to stop comparing yourself to Oprah.
1563,3,23,91,117,1.2478632478632479,0.04526827212564247,531,Watching Giraffic Park again?
1563,8,13,96,117,1.2478632478632479,0.05278283378978327,531,"Really Mabel, the guy from Wild Kingdom.."
1563,7,15,95,117,1.2478632478632479,0.05136794064932088,531,"No, my dear, it's the movies that got small."
1563,6,17,94,117,1.2478632478632479,0.049912955334506286,531,"If you don't stop watching ""The Young Lions"", I'm taking the TV back."
1563,4,21,92,117,1.2478632478632479,0.046867671987938044,531,Is that a rerun of People Kingdom?
1563,4,21,92,117,1.2478632478632479,0.046867671987938044,531,"Let me guess, you're watching Animal Planet."
1563,4,21,92,117,1.2478632478632479,0.046867671987938044,531,I'll sit over there so we can neck.
1563,8,13,96,117,1.2478632478632479,0.05278283378978327,531,"Why not? There's a lot of money in an ear, nose and throat practice."
1563,8,13,96,117,1.2478632478632479,0.05278283378978327,531,I'm still looking for a vertical screen TV.
1563,4,21,92,117,1.2478632478632479,0.046867671987938044,531,You have had enough real housewives of the serengetti
1563,6,17,94,117,1.2478632478632479,0.049912955334506286,531,How silly of us to think high def would solve our problem.
1563,4,21,92,117,1.2478632478632479,0.046867671987938044,531,You couldn't get a wall mounted TV set?
1563,9,11,97,117,1.2478632478632479,0.05416077694427601,531,Let's turn this off and neck.
1563,5,19,93,117,1.2478632478632479,0.048414263331137096,531,I hope Animal Planet doesn't keep showing footage of Uncle Joe getting drunk at last year's family get together.
1563,4,21,92,117,1.2478632478632479,0.046867671987938044,531,"I keep telling you, there is no remote. Just lean over and change channels with your nose."
1563,6,17,94,117,1.2478632478632479,0.049912955334506286,531,"Want to watch ""Necked and afraid""?"
1563,6,17,94,117,1.2478632478632479,0.049912955334506286,531,Look at yourself. You need to get your head in the trees.
1563,4,21,92,117,1.2478632478632479,0.046867671987938044,531,This is the last time I am going to stick my neck out for you Kevin.
1563,7,15,95,117,1.2478632478632479,0.05136794064932088,531,I bought that love seat for a reason.
1563,2,25,90,117,1.2478632478632479,0.04361025389645748,531,See. I knew you weren't above TV.
1563,6,17,94,117,1.2478632478632479,0.049912955334506286,531,The cooking channel is not what I meant by 'more domesticated.'
1563,5,19,93,117,1.2478632478632479,0.048414263331137096,531,I could binge watch these crazy Zebras all night.
1563,3,23,91,117,1.2478632478632479,0.04526827212564247,531,Up for some necking?
1563,6,17,94,117,1.2478632478632479,0.049912955334506286,531,"Just because you have a big time toy sponsorship, doesn't mean you get to just sit around all day!"
1563,2,25,90,117,1.2478632478632479,0.04361025389645748,531,"A little insensitive to keep using ""Neck and Neck"" don't you think?"
1563,6,17,94,117,1.2478632478632479,0.049912955334506286,531,I told you it should have been on the wall and mounted higher.
1563,8,13,96,117,1.2478632478632479,0.05278283378978327,531,Not all elephants and donkeys act like the ones you see on TV.
1563,4,21,92,117,1.2478632478632479,0.046867671987938044,531,I'm glad we were firm about the vaulted ceilings.
1563,8,13,96,117,1.2478632478632479,0.05278283378978327,531,Are you coming to the watering hole or are you just going to sit here and watch bloody David Attenborough all day?
1563,4,21,92,117,1.2478632478632479,0.046867671987938044,531,"""Real Housewives of the Savannah"" again?"
1563,5,19,93,117,1.2478632478632479,0.048414263331137096,531,I love PBS programming. It's so... Highbrow.
1563,6,17,94,117,1.2478632478632479,0.049912955334506286,531,I told you we don't get People Planet.
1563,3,23,91,117,1.2478632478632479,0.04526827212564247,531,Let's stick our necks out for Hillary.
1563,9,11,97,117,1.2478632478632479,0.05416077694427601,531,The elephant is in the refrigerator. So that's done.
1563,8,13,96,117,1.2478632478632479,0.05278283378978327,531,"Oh I have seen this episode, the leopard catches Geoffrey."
1563,3,23,91,117,1.2478632478632479,0.04526827212564247,531,Not bad; just needs a tad more headroom.
1563,4,21,92,117,1.2478632478632479,0.046867671987938044,531,I think the couple in 6F is on to us.
1563,3,23,91,117,1.2478632478632479,0.04526827212564247,531,"Quiet Stu, ""The Young and the Neckless"" is starting."
1563,2,25,90,117,1.2478632478632479,0.04361025389645748,531,But nothing in her platform speaks to even-toed hoofed mammals.
1563,5,19,93,117,1.2478632478632479,0.048414263331137096,531,I think we should have mounted the TV.
1563,6,17,94,117,1.2478632478632479,0.049912955334506286,531,I just wanted to give you a Heads-Up!
1563,2,25,90,117,1.2478632478632479,0.04361025389645748,531,"Well, it's official, the Livingstons have a sunroof on their new Range Rover."
1563,8,13,96,117,1.2478632478632479,0.05278283378978327,531,I hope he builds that wall.
1563,5,19,93,117,1.2478632478632479,0.048414263331137096,531,"It is bad enough they changed it to ""Nat Geo"" but I draw the line at calling us ""Raffs""."
1563,5,19,93,117,1.2478632478632479,0.048414263331137096,531,No wonder your posture is so bad.
1563,6,17,94,117,1.2478632478632479,0.049912955334506286,531,Can we get a wall mount?
1563,4,21,92,117,1.2478632478632479,0.046867671987938044,531,Stop fooling aroundâ€”put the TV back on its side.
1563,5,19,93,117,1.2478632478632479,0.048414263331137096,531,"Not ""Wild Kingdom"" again! Why can't you just leave work at the office?"
1563,3,23,91,117,1.2478632478632479,0.04526827212564247,531,"Sure, the big-screen t.v. in this sublet's good, but I REALLY like the high ceilings!"
1563,5,19,93,117,1.2478632478632479,0.048414263331137096,531,"When I was your age, son, I never would have dreamed of a giraffe president."
1563,1,27,89,117,1.2478632478632479,0.04188665692778252,531,Didn't I say no TV until after you cleaned your ceiling?
1563,3,23,91,117,1.2478632478632479,0.04526827212564247,531,I don't like the idea of mounting things on the wall.
1563,3,23,91,117,1.2478632478632479,0.04526827212564247,531,"Since you retired, Animal Planet just hasn't been the same."
1563,3,23,91,117,1.2478632478632479,0.04526827212564247,531,Just another tall story
1563,5,19,93,117,1.2478632478632479,0.048414263331137096,531,"It's time we face the elephant in the room, Fred."
1563,3,23,91,117,1.2478632478632479,0.04526827212564247,531,"I told you again & again Son, ""NO HOOFS"" on the coach"
1563,4,21,92,117,1.2478632478632479,0.046867671987938044,531,I have no use for TV until a tallscreen format is available.
1634,6,17,95,118,1.2457627118644068,0.04953271530274072,531,Explain again how Bob woke up next to Suzanne Pleshette.
1635,6,16,93,115,1.2434782608695651,0.05030995362438918,531,I just don't get what's supposed to be so great with widescreen format?
1635,5,18,92,115,1.2434782608695651,0.048770238182640334,531,The tiny house idea was great!
1635,4,20,91,115,1.2434782608695651,0.04718030130356046,531,"You are a lazy pain in the neck, Milton."
1635,5,18,92,115,1.2434782608695651,0.048770238182640334,531,tv again huh? I suppose no necking tonight
1635,4,20,91,115,1.2434782608695651,0.04718030130356046,531,"Must you continue to watch reruns of your cameo role on ""Animal Kingdom""?"
1635,5,18,92,115,1.2434782608695651,0.048770238182640334,531,Please stop ordering turtlenecks on the Home Shopping Network.
1635,5,18,92,115,1.2434782608695651,0.048770238182640334,531,"It's very nice, but you should have gone with a tall screen"
1635,5,18,92,115,1.2434782608695651,0.048770238182640334,531,"Binge watching ""Wild Kingdom"" never gets old."
1635,5,18,92,115,1.2434782608695651,0.048770238182640334,531,"No, I never met Tarzan, and neither did anyone else."
1635,4,20,91,115,1.2434782608695651,0.04718030130356046,531,"You know, the TV should really be at eye level."
1635,6,16,93,115,1.2434782608695651,0.05030995362438918,531,I think it would better if we mounted it on the wall.
1635,4,20,91,115,1.2434782608695651,0.04718030130356046,531,"Why don't they come in a vertical screen?"""
1635,6,16,93,115,1.2434782608695651,0.05030995362438918,531,I checked the fridge. We have some longnecks.
1635,3,22,90,115,1.2434782608695651,0.04553488256049453,531,"As in the wild, their pride will be our downfall."
1635,8,12,95,115,1.2434782608695651,0.053256004696950646,531,"I've had it, the ergonomics of this apartment are just a pain in the neck."
1635,7,14,94,115,1.2434782608695651,0.051803925864599386,531,Aren't you glad we finally talked about the elephant in the living room?
1635,5,18,92,115,1.2434782608695651,0.048770238182640334,531,Are you all done with your grazing?
1635,1,26,88,115,1.2434782608695651,0.04205133680639165,531,I thought that 60â€ was the vertical measurement.
1635,4,20,91,115,1.2434782608695651,0.04718030130356046,531,"""Running neck and neck"" gets old, Shirl, really old."
1635,6,16,93,115,1.2434782608695651,0.05030995362438918,531,"Hey, Babe, why the long face? .... Watching the conventions makin' you homesick for the zoo?"
1635,5,18,92,115,1.2434782608695651,0.048770238182640334,531,I asked again. They don't make them vertical.
1635,3,22,90,115,1.2434782608695651,0.04553488256049453,531,"Do you want to ""Neckflix and chill""?"
1635,5,18,92,115,1.2434782608695651,0.048770238182640334,531,I am tired of the media saying that the candidates are neck and neck.
1635,2,24,89,115,1.2434782608695651,0.043827733554238336,531,I see you've been binge watching Neckflix again.
1635,3,22,90,115,1.2434782608695651,0.04553488256049453,531,"...and then he had the nerve to say, ""TV is likely the cause of my neck problems."""
1635,3,22,90,115,1.2434782608695651,0.04553488256049453,531,"Yes, maybe we should hang it higher on the wall."
1635,3,22,90,115,1.2434782608695651,0.04553488256049453,531,I think what we needed was a long-screen.
1635,4,20,91,115,1.2434782608695651,0.04718030130356046,531,I still think we should have gone for the tall screen.
1635,6,16,93,115,1.2434782608695651,0.05030995362438918,531,"Shark Week, Schmark Week. Why don't they have a Giraffe Week?"
1635,6,16,93,115,1.2434782608695651,0.05030995362438918,531,I say we call now and order two of those bed pillows...my neck's been killing me.
1635,5,18,92,115,1.2434782608695651,0.048770238182640334,531,He says he's going to build a wall that's taller than us!
1635,5,18,92,115,1.2434782608695651,0.048770238182640334,531,Don't fall asleep on the couch again. Your neck will hurt
1635,4,20,91,115,1.2434782608695651,0.04718030130356046,531,"Actually, this is high definition."
1635,6,16,93,115,1.2434782608695651,0.05030995362438918,531,"""I thought we were going to get it Portrait mode""."
1635,4,20,91,115,1.2434782608695651,0.04718030130356046,531,"Landscape vs. portrait really isn't a choice for us is it, Muriel?"
1635,5,18,92,115,1.2434782608695651,0.048770238182640334,531,"So you still want me to mount the TV, honey?"
1635,3,22,90,115,1.2434782608695651,0.04553488256049453,531,"No, you don't need a spot reduction like those girls on Animal Planet."
1635,7,14,94,115,1.2434782608695651,0.051803925864599386,531,I don't care if it's 4K! It cuts everyone's heads off!
1635,3,22,90,115,1.2434782608695651,0.04553488256049453,531,"darling even if the box doesn't mention it, I am sure there is no rule against turning it the other way.."
1635,5,18,92,115,1.2434782608695651,0.048770238182640334,531,I vote wall mount.
1635,6,16,93,115,1.2434782608695651,0.05030995362438918,531,I recall your last 3am infomercial got us these pajamas...
1635,4,20,91,115,1.2434782608695651,0.04718030130356046,531,"Mitchell, I thought the orthopedist told you to mount that thing higher."
1635,3,22,90,115,1.2434782608695651,0.04553488256049453,531,Nature program making you homesick?
1635,9,10,96,115,1.2434782608695651,0.05466952841920579,531,Anything good on the baobab tube?
1635,6,16,93,115,1.2434782608695651,0.05030995362438918,531,I don't understand your addiction to midget mud wrestling.
1635,4,20,91,115,1.2434782608695651,0.04718030130356046,531,"It was a good speech, but she didn't say anything about giraffes."
1635,6,16,93,115,1.2434782608695651,0.05030995362438918,531,Toys R Us is closing.
1635,4,20,91,115,1.2434782608695651,0.04718030130356046,531,"All right Edna, at the risk of sticking my neck out...."
1635,5,18,92,115,1.2434782608695651,0.048770238182640334,531,Why don't they make a high-screen TV?
1635,1,26,88,115,1.2434782608695651,0.04205133680639165,531,I don't need wide screen; I need tall screen.
1635,7,14,94,115,1.2434782608695651,0.051803925864599386,531,How did they get the TV through the door?
1635,6,16,93,115,1.2434782608695651,0.05030995362438918,531,"Hey girl, Neckflix and chill?"
1635,6,16,93,115,1.2434782608695651,0.05030995362438918,531,"Honey, you hav to stop watching these "" wild humans"" programs."
1635,6,16,93,115,1.2434782608695651,0.05030995362438918,531,"Mount it on the wall? Really, Carol?"
1635,6,16,93,115,1.2434782608695651,0.05030995362438918,531,Dang! we haven't spent a single weekend on the savannah since we got this #@^&%/!! Netflix account.
1635,7,14,94,115,1.2434782608695651,0.051803925864599386,531,The curved screen is nice but I look forward to the tall one.
1635,4,20,91,115,1.2434782608695651,0.04718030130356046,531,Giraffic Park movie marathon?
1635,6,16,93,115,1.2434782608695651,0.05030995362438918,531,"You're right, we can't fit through the door to leave, but that raises the question of how we got in here in the first place."
1635,9,10,96,115,1.2434782608695651,0.05466952841920579,531,"Your day? How about ""The weather is fine."" 1000 times a day."
1635,6,16,93,115,1.2434782608695651,0.05030995362438918,531,I can't believe you sat there and watched uncle Harry get eaten by a lion on the Animal Channel!
1635,1,26,88,115,1.2434782608695651,0.04205133680639165,531,I know the tiny house sounds great but I just really don't think it will work for us.
1635,5,18,92,115,1.2434782608695651,0.048770238182640334,531,All you ever want to do is sit around and neck.
1635,7,14,94,115,1.2434782608695651,0.051803925864599386,531,"I hate to disappoint you dear but, like that other charismatic megafauna, you're not qualified to be President."
1635,3,22,90,115,1.2434782608695651,0.04553488256049453,531,Try closing one eye.
1635,5,18,92,115,1.2434782608695651,0.048770238182640334,531,"Adjusting the ""vertical"" still doesn't get them all in the screen"
1635,5,18,92,115,1.2434782608695651,0.048770238182640334,531,"It's irony, darling. I can't explain it any better."
1635,6,16,93,115,1.2434782608695651,0.05030995362438918,531,You know that's bad for your back.
1635,4,20,91,115,1.2434782608695651,0.04718030130356046,531,"Milly, how many times I have told you? No television until you've finished cleaning the gutters."
1635,3,22,90,115,1.2434782608695651,0.04553488256049453,531,Frankly I think Discovery Channel has a distinct anti-herbivore bias
1635,5,18,92,115,1.2434782608695651,0.048770238182640334,531,"I looked all over, dear. No one makes tall-screen TVs."
1635,7,14,94,115,1.2434782608695651,0.051803925864599386,531,Don't tell me you're afraid of heights.
1635,4,20,91,115,1.2434782608695651,0.04718030130356046,531,Wild Kingdom is staged and rehearsed.
1707,6,16,94,116,1.2413793103448276,0.04991850878698305,531,"Yeah, but I still wish we weren't banned from the theater..."
1707,4,20,92,116,1.2413793103448276,0.046818879146703046,531,"Edna, I wish you would stop watching those stupid miracle spot removal infomercials. I've told you 1000 times, I love you just the way you are."
1707,6,16,94,116,1.2413793103448276,0.04991850878698305,531,If you flip channels with your tongue you don't even have to get up.
1710,5,18,94,117,1.2393162393162394,0.04802245006476562,531,"You are wasting your life watching TV, you are so smart, head and shoulders above your class."
1711,5,17,92,114,1.236842105263158,0.04874234413978753,531,You're staring off into confined space again.
1711,5,17,92,114,1.236842105263158,0.04874234413978753,531,"Sure they make wide-screen TVs, but why don't they make tall-screen TVs?"
1711,7,13,94,114,1.236842105263158,0.051829787791302415,531,Do you think Mrs Goldman might tire of browsing acacia leaves in the punishing heat and want to swap back?
1711,2,23,89,114,1.236842105263158,0.04370411796234467,531,Don't you think the screen should be rotated 90 degrees?
1711,7,13,94,114,1.236842105263158,0.051829787791302415,531,If you scoot over we could neck.
1711,4,19,91,114,1.236842105263158,0.047122825860897805,531,The way those wildlife shows portray us leaves me speechless.
1711,5,17,92,114,1.236842105263158,0.04874234413978753,531,Perhaps we should have mounted the TV on a tree.
1711,6,15,93,114,1.236842105263158,0.05030975558841903,531,"You've got to get a grip, Gladys... there's more to life than Animal Planet!"
1711,2,23,89,114,1.236842105263158,0.04370411796234467,531,"Just a reminder, hon. Sitting like that is easy on your knees but strains your neck."
1711,6,15,93,114,1.236842105263158,0.05030975558841903,531,Really? Zootopia??
1711,6,15,93,114,1.236842105263158,0.05030975558841903,531,Have you not noticed I removed all the ceilings
1711,7,13,94,114,1.236842105263158,0.051829787791302415,531,R.N.C.? I thought this was Animal Planet!
1711,5,17,92,114,1.236842105263158,0.04874234413978753,531,I still think we should have wall-mounted it
1711,2,23,89,114,1.236842105263158,0.04370411796234467,531,Do they sell high screen TVs?
1711,4,19,91,114,1.236842105263158,0.047122825860897805,531,"Would you have imagined that one day we would watch ""Nature"" on television?"""
1711,6,15,93,114,1.236842105263158,0.05030975558841903,531,"Call me old fashion, but I do miss the antenna."
1711,7,13,94,114,1.236842105263158,0.051829787791302415,531,"When I asked the super for warning signs reading ""duck,"" he laughed like a hyena."
1711,4,19,91,114,1.236842105263158,0.047122825860897805,531,"Ask the zoo for a raise, dear. We need a bigger couch."
1711,5,17,92,114,1.236842105263158,0.04874234413978753,531,I prefer tall screen.
1711,3,21,90,114,1.236842105263158,0.04544563039491826,531,Why widescreen when a tall-screen is more appropriate?
1711,3,21,90,114,1.236842105263158,0.04544563039491826,531,You're taking binge watching to new heights
1711,6,15,93,114,1.236842105263158,0.05030975558841903,531,"Don't worry honey, we can mount it on the wall."
1711,5,17,92,114,1.236842105263158,0.04874234413978753,531,At least we could see over the wall
1711,4,19,91,114,1.236842105263158,0.047122825860897805,531,"""Animal Kingdom"" again?"
1711,6,15,93,114,1.236842105263158,0.05030975558841903,531,We could sell this and get a tall screen.
1711,6,15,93,114,1.236842105263158,0.05030975558841903,531,The vertical hold is off again.
1711,7,13,94,114,1.236842105263158,0.051829787791302415,531,Netflix and neck?
1711,5,17,92,114,1.236842105263158,0.04874234413978753,531,Why would you waste your time watching Elephant and Donkey Conventions?
1711,6,15,93,114,1.236842105263158,0.05030975558841903,531,Are you still watching the re-runs of Giraffic Park?
1711,6,15,93,114,1.236842105263158,0.05030975558841903,531,Where did the elephant go?
1711,4,19,91,114,1.236842105263158,0.047122825860897805,531,I told you we needed to mount it on the wall!
1711,6,15,93,114,1.236842105263158,0.05030975558841903,531,You should have put it on the wall. Ten feet higher!
1711,5,17,92,114,1.236842105263158,0.04874234413978753,531,Why in Hell would they put it on the floor?
1711,6,15,93,114,1.236842105263158,0.05030975558841903,531,Is it just me or do you also find it strange that all these screens are installed horizontally?
1711,3,21,90,114,1.236842105263158,0.04544563039491826,531,I know . . . Tall screen would have been too much to ask.
1711,3,21,90,114,1.236842105263158,0.04544563039491826,531,"I don't like plastic sofa covers either, but what I like even less are spots on the upholstery."
1711,4,19,91,114,1.236842105263158,0.047122825860897805,531,What brought you to this neck of the woods?
1711,4,19,91,114,1.236842105263158,0.047122825860897805,531,Did you know humans have the same number of neck vertebrae that we do?
1711,8,11,95,114,1.236842105263158,0.05330649395351772,531,I'm worried how easily you're assimilating to our new country.
1711,2,23,89,114,1.236842105263158,0.04370411796234467,531,"Well it so happens I'm nursing a bumped head, too."
1711,5,17,92,114,1.236842105263158,0.04874234413978753,531,A cathedral ceiling only goes so far.
1711,5,17,92,114,1.236842105263158,0.04874234413978753,531,I agree. There is nothing as relaxing as an evening of TV after a hot day on the Serengeti.
1711,5,17,92,114,1.236842105263158,0.04874234413978753,531,"""Attack of the Lions"" again! Can we watch another horror movie?"
1711,6,15,93,114,1.236842105263158,0.05030975558841903,531,Ringling Brothers is on the phone for you. Again.
1711,5,17,92,114,1.236842105263158,0.04874234413978753,531,I'm tired of just necking - Let's go to bed!
1711,6,15,93,114,1.236842105263158,0.05030975558841903,531,I know they're running neck and neck but it's dinner time.
1711,7,13,94,114,1.236842105263158,0.051829787791302415,531,I knew we should have gone with the 60-inch.
1711,4,19,91,114,1.236842105263158,0.047122825860897805,531,"Harold, you've been binging on Neckflix all day!"
1711,6,15,93,114,1.236842105263158,0.05030975558841903,531,Iâ€™m afraid Uber only takes service animals.
1711,6,15,93,114,1.236842105263158,0.05030975558841903,531,"Turn off the TV, sweetie, and let's neck!"
1711,6,15,93,114,1.236842105263158,0.05030975558841903,531,I won the new TV in a giraffel.
1711,4,19,91,114,1.236842105263158,0.047122825860897805,531,You're in denial. The Wall is going to be taller than us.
1711,1,25,88,114,1.236842105263158,0.04189026774492564,531,I told you we should have bought the L-Shaped couch.
1711,5,17,92,114,1.236842105263158,0.04874234413978753,531,I've asked you so many times to keep your hooves off the couch.
1711,4,19,91,114,1.236842105263158,0.047122825860897805,531,"We live in Savannah, not the Savannah."
1711,3,21,90,114,1.236842105263158,0.04544563039491826,531,"If the Discovery Channel makes you homesick, stop watching."
1711,4,19,91,114,1.236842105263158,0.047122825860897805,531,We sure we're lucky to find a condo with 12 foot ceilings!
1711,5,17,92,114,1.236842105263158,0.04874234413978753,531,Sweetie have you seen my polka dot pajamas?
1711,5,17,92,114,1.236842105263158,0.04874234413978753,531,We ordered a portrait TV and they sent us landscape!
1711,2,23,89,114,1.236842105263158,0.04370411796234467,531,Wall mount I said. No you said.
1711,7,13,94,114,1.236842105263158,0.051829787791302415,531,Animal Channel ...again?
1711,5,17,92,114,1.236842105263158,0.04874234413978753,531,"For the last time Frank, America's Got Talent is not going to show you strip a wild apricot tree bare in 10 seconds flat."
1711,6,15,93,114,1.236842105263158,0.05030975558841903,531,Why are there no TALL screens?
1711,3,21,90,114,1.236842105263158,0.04544563039491826,531,"l may be sticking my neck out, but I think you need to look for a job."
1711,4,19,91,114,1.236842105263158,0.047122825860897805,531,"Ergonomically speaking, the top of the TV screen should be at eye level."
1711,6,15,93,114,1.236842105263158,0.05030975558841903,531,We didn't get out of the zoo just so you could watch Jerry Springer all day.
1711,5,17,92,114,1.236842105263158,0.04874234413978753,531,The Hippos are making such a mess by the pool
1711,6,15,93,114,1.236842105263158,0.05030975558841903,531,You know they'll never let you be on Jeopardy.
1711,6,15,93,114,1.236842105263158,0.05030975558841903,531,Can I have the couch? My neck hurts.
1711,5,17,92,114,1.236842105263158,0.04874234413978753,531,"When I said to book savannah, I didn't mean Georgia."
1711,5,17,92,114,1.236842105263158,0.04874234413978753,531,I wish you'd stop watching yourself in those safari videos
1711,5,17,92,114,1.236842105263158,0.04874234413978753,531,Did you buy an adjustable stand?
1711,5,17,92,114,1.236842105263158,0.04874234413978753,531,"""Animal Planet"" and chill?"
1711,6,15,93,114,1.236842105263158,0.05030975558841903,531,I hate that the servicemen always install them so low.
1711,0,27,87,114,1.236842105263158,0.03999423879281336,531,"We were once young and restless, weren't we, Geraldine?"
1711,5,17,92,114,1.236842105263158,0.04874234413978753,531,Don't you wish they made tall screen TVs ?
1711,7,13,94,114,1.236842105263158,0.051829787791302415,531,"No necking tonight, I have a sore throat."
1711,4,19,91,114,1.236842105263158,0.047122825860897805,531,Can't believe I stuck my neck out for you.
1711,2,23,89,114,1.236842105263158,0.04370411796234467,531,Can we please watch something besides the National Geographic Channel tonight?
1711,4,19,91,114,1.236842105263158,0.047122825860897805,531,"You know, all those feel-good speeches about sticking your neck out shouldn't apply to us"
1711,7,13,94,114,1.236842105263158,0.051829787791302415,531,i was thinking sushi
1711,5,17,92,114,1.236842105263158,0.04874234413978753,531,I think she stretched the truth.
1711,4,19,91,114,1.236842105263158,0.047122825860897805,531,"If you move over, we could neck a little."
1711,9,9,96,114,1.236842105263158,0.054743380355449386,531,I keep telling you there is no giraffe news.
1711,5,17,92,114,1.236842105263158,0.04874234413978753,531,Orange is the new Black?
1711,3,21,90,114,1.236842105263158,0.04544563039491826,531,"Mounting the TV on the wall would have been better, no?"
1797,5,18,96,119,1.2352941176470589,0.04729679185138561,531,"Chill out, Linda. The only really terrible lions I know of are in Detroit."
1798,2,23,90,115,1.2347826086956522,0.04337134069152608,531,The spot remover doesn't work!
1799,5,16,91,112,1.2321428571428572,0.04909434430153335,531,I prefer viewing in portrait rather than landscape mode.
1799,5,16,91,112,1.2321428571428572,0.04909434430153335,531,They Told Me That The Couch Seated Two
1799,3,20,89,112,1.2321428571428572,0.045700156680772756,531,Must you continually binge watch Neckflix?
1799,4,18,90,112,1.2321428571428572,0.04742762361243012,531,Do you seriously think they won't notice we watched a whole season on their account?
1799,6,14,92,112,1.2321428571428572,0.050706309304391906,531,"Perhaps an awkward question, but might you be interested in a little necking?"
1799,6,14,92,112,1.2321428571428572,0.050706309304391906,531,"It makes me sad, too. No actors on TV look like us."
1799,6,14,92,112,1.2321428571428572,0.050706309304391906,531,How about we watch a romantic movie and neck?
1799,4,18,90,112,1.2321428571428572,0.04742762361243012,531,I prefer the Portrait orientation rather than the Landscape one.
1799,8,10,94,112,1.2321428571428572,0.05378550106695096,531,It's a love story.....wanna neck?
1799,6,14,92,112,1.2321428571428572,0.050706309304391906,531,All you ever want to do is neck!
1799,2,22,88,112,1.2321428571428572,0.043904773769739634,531,Eat like a tree and leave.
1799,6,14,92,112,1.2321428571428572,0.050706309304391906,531,"When you said you wanted a longneck, did you mean me and or a bottle of beer?"
1799,3,20,89,112,1.2321428571428572,0.045700156680772756,531,Are you watching in HIGH definition?
1799,5,16,91,112,1.2321428571428572,0.04909434430153335,531,"It just seems like my life is filled with low ceilings, Sylvia."
1799,4,18,90,112,1.2321428571428572,0.04742762361243012,531,So tired of those reality shows on Animal Planet.
1799,6,14,92,112,1.2321428571428572,0.050706309304391906,531,I'm just not in the mood to neck.
1799,3,20,89,112,1.2321428571428572,0.045700156680772756,531,Even PBS Nature programs are never completely accurate.
1799,2,22,88,112,1.2321428571428572,0.043904773769739634,531,Still binging on Human Planet?
1799,5,16,91,112,1.2321428571428572,0.04909434430153335,531,Why? Because you'll stunt your growth!!!
1799,5,16,91,112,1.2321428571428572,0.04909434430153335,531,I think the manager is on to us. He asked me if I've ever heard of Wild Kingdom.
1799,2,22,88,112,1.2321428571428572,0.043904773769739634,531,"Going on safaris, son, is something people used to do in the old country."
1799,3,20,89,112,1.2321428571428572,0.045700156680772756,531,Move over and let's neck
1799,6,14,92,112,1.2321428571428572,0.050706309304391906,531,Let's put on a romantic movie and neck.
1799,4,18,90,112,1.2321428571428572,0.04742762361243012,531,Use a pillow or you'll strain you neck.
1799,4,18,90,112,1.2321428571428572,0.04742762361243012,531,The zebras are getting more coverage this year.
1799,5,16,91,112,1.2321428571428572,0.04909434430153335,531,"Actually, I'd rather just neck."
1799,3,20,89,112,1.2321428571428572,0.045700156680772756,531,Is this the one where they meet and run off into the Serengeti and live happily ever after?
1799,2,22,88,112,1.2321428571428572,0.043904773769739634,531,"Jack Hanna, again?"
1799,5,16,91,112,1.2321428571428572,0.04909434430153335,531,"Turn it off, dear. There's no way they can deport us all."
1799,4,18,90,112,1.2321428571428572,0.04742762361243012,531,Do you think we'll ever get a check from Animal Planet?
1799,2,22,88,112,1.2321428571428572,0.043904773769739634,531,"Don't worry, the technician is coming back to turn the screen like it should be."
1799,4,18,90,112,1.2321428571428572,0.04742762361243012,531,Let me know if you want that moved up a little higher.
1799,1,24,87,112,1.2321428571428572,0.04203277291467762,531,I agree. Giraffe Week would would enhance our brand.
1799,5,16,91,112,1.2321428571428572,0.04909434430153335,531,Thereâ€™s no place to put the elephant in this room
1799,3,20,89,112,1.2321428571428572,0.045700156680772756,531,Hard day at work? Can I rub your neck?
1799,3,20,89,112,1.2321428571428572,0.045700156680772756,531,I still think we should have mounted it on the wall!
1799,2,22,88,112,1.2321428571428572,0.043904773769739634,531,Anything good on the 'People Planet' Channel?
1799,2,22,88,112,1.2321428571428572,0.043904773769739634,531,"I miss the savanna, but I think I'd miss Animal Planet more."
1799,4,18,90,112,1.2321428571428572,0.04742762361243012,531,You're slouching
1799,4,18,90,112,1.2321428571428572,0.04742762361243012,531,Sure beats our 'natural habitat' exhibit.
1799,3,20,89,112,1.2321428571428572,0.045700156680772756,531,I think that show's a bit of a stretch.
1799,4,18,90,112,1.2321428571428572,0.04742762361243012,531,I did just what you said - but it's the last time I stick my neck out for you.
1799,4,18,90,112,1.2321428571428572,0.04742762361243012,531,More reruns of real housewives of central Africa?
1799,7,12,93,112,1.2321428571428572,0.05226858486842572,531,So maybe living together first wasn't a good idea.
1799,4,18,90,112,1.2321428571428572,0.04742762361243012,531,"Really, no necking tonight?"
1799,6,14,92,112,1.2321428571428572,0.050706309304391906,531,"As an African American the Oscars offend me, but I can't miss the red carpet!"
1799,4,18,90,112,1.2321428571428572,0.04742762361243012,531,"I caught Junior watching the National Geographic channel, so I grounded him."
1846,3,20,90,113,1.2300884955752212,0.04534049011486548,531,My legs hurt...we need to buy an antenna.
1846,6,14,93,113,1.2300884955752212,0.050297549468551875,531,You really do miss Marlin Perkins.
1846,4,18,91,113,1.2300884955752212,0.047050907076817174,531,High ceilings means high rent.
1846,3,20,90,113,1.2300884955752212,0.04534049011486548,531,I'm seriously considering hibernating.
1846,7,12,94,113,1.2300884955752212,0.051844684350823206,531,"I know we're huge, but I am with Her."
1846,8,10,95,113,1.2300884955752212,0.053346969064151734,531,Do you mind if I watch basketball for a while?
1846,6,14,93,113,1.2300884955752212,0.050297549468551875,531,No we don't need to order the Little Giant Ladder.
1846,3,20,90,113,1.2300884955752212,0.04534049011486548,531,You just gotta get your head out of the clouds and join the real world.
1846,2,22,89,113,1.2300884955752212,0.043562968573791494,531,Are you sure you wouldn't rather have a tall screen than a flat screen?
1846,2,22,89,113,1.2300884955752212,0.043562968573791494,531,Wanna Neck-flix and chill?
1846,4,18,91,113,1.2300884955752212,0.047050907076817174,531,I promise we'll get a tallscreen next week.
1846,4,18,91,113,1.2300884955752212,0.047050907076817174,531,That episode made me giraffe out loud!
1846,2,22,89,113,1.2300884955752212,0.043562968573791494,531,Would changing the aspect ratio help - it'd be nice to see their heads.
1859,4,17,89,110,1.2272727272727273,0.04773273331484981,531,'Naked and Afraid'? Again?
1859,2,21,87,110,1.2272727272727273,0.04409991481761522,531,I still prefer our life in the reserve.
1859,4,17,89,110,1.2272727272727273,0.04773273331484981,531,Move over so we can neck.
1859,5,15,90,110,1.2272727272727273,0.0494491607724479,531,Bob is at the door again. This time he wants us to PAY for the damage to the trees.
1859,5,15,90,110,1.2272727272727273,0.0494491607724479,531,"I know you're not handy, but you could lift a hoof now and then."
1859,7,11,92,110,1.2272727272727273,0.052714616985093,531,Don't ask me. I've never used the remote in my life.
1859,4,17,89,110,1.2272727272727273,0.04773273331484981,531,Put it on the weather-up-there channel.
1859,5,15,90,110,1.2272727272727273,0.0494491607724479,531,I'm leaving you for a symbiotic relationship with a tickbird
1859,5,15,90,110,1.2272727272727273,0.0494491607724479,531,You up for some necking?
1859,9,7,94,110,1.2272727272727273,0.055789265873201,531,"If it's any consolation, I feel bad about my neck too."
1859,5,15,90,110,1.2272727272727273,0.0494491607724479,531,"I warned you dear about New York ""Airbnb"" rentals."
1859,6,13,91,110,1.2272727272727273,0.0511079756250649,531,Let's just sit around and neck.
1859,4,17,89,110,1.2272727272727273,0.04773273331484981,531,I've got the aspect ratio at maximum vertical and it's still cutting everybody off mid-neck.
1859,4,17,89,110,1.2272727272727273,0.04773273331484981,531,"If I have to watch one more Giraffian have her neck augmented, I'm going to run out this door without ducking!"
1859,4,17,89,110,1.2272727272727273,0.04773273331484981,531,We never go out dancing anymore...
1859,2,21,87,110,1.2272727272727273,0.04409991481761522,531,Why did you put the TV on its side?
1859,3,19,88,110,1.2272727272727273,0.04595223779440721,531,You never take the long view.
1859,6,13,91,110,1.2272727272727273,0.0511079756250649,531,For some reason they installed it on the side.
1859,4,17,89,110,1.2272727272727273,0.04773273331484981,531,I don't even know why you watch it. Every week he gives the rose to the one with the longest neck.
1859,6,13,91,110,1.2272727272727273,0.0511079756250649,531,"Don't give me that look, Cheryl. You knew mounting it wasn't in the budget."
1859,4,17,89,110,1.2272727272727273,0.04773273331484981,531,Binge watching reruns of Wild Kingdom again?
1859,3,19,88,110,1.2272727272727273,0.04595223779440721,531,I'm not the only one around here who can forage.
1859,5,15,90,110,1.2272727272727273,0.0494491607724479,531,An exciting race at the Olympics. At the finish line they were neck and neck.
1859,2,21,87,110,1.2272727272727273,0.04409991481761522,531,"Sorry I'm late, a lot of rubbernecking traffic."
1859,4,17,89,110,1.2272727272727273,0.04773273331484981,531,'He's no Elephant'.
1859,4,17,89,110,1.2272727272727273,0.04773273331484981,531,Try tilting your neck.
1859,6,13,91,110,1.2272727272727273,0.0511079756250649,531,In this case the elephants are bringing extinction upon themselves
1859,5,15,90,110,1.2272727272727273,0.0494491607724479,531,We are the silent majority.
1859,3,19,88,110,1.2272727272727273,0.04595223779440721,531,Enough TV. How about we just stretch out together?
1859,6,13,91,110,1.2272727272727273,0.0511079756250649,531,"Yes, that's how they neck."
1859,5,15,90,110,1.2272727272727273,0.0494491607724479,531,I renewed our passports....just in case...
1859,5,15,90,110,1.2272727272727273,0.0494491607724479,531,"""Yes - Oprah has a small neck - but you're you!"
1859,6,13,91,110,1.2272727272727273,0.0511079756250649,531,Since you got fired by Toy's R Us all you do is lay around and binge watch Netflix all day.
1859,6,13,91,110,1.2272727272727273,0.0511079756250649,531,I dropped the remote!
1859,2,21,87,110,1.2272727272727273,0.04409991481761522,531,How about we mount it up on the wall?
1859,3,19,88,110,1.2272727272727273,0.04595223779440721,531,Maybe we should have sprung for the house with 60 foot ceilings.
1859,2,21,87,110,1.2272727272727273,0.04409991481761522,531,That Taxidermist captured her perfectly.
1859,3,19,88,110,1.2272727272727273,0.04595223779440721,531,"Tamed or not, you need to get out."
1859,6,13,91,110,1.2272727272727273,0.0511079756250649,531,Try to keep things in perspective.
1859,6,13,91,110,1.2272727272727273,0.0511079756250649,531,The pizza was good but the mushrooms were strange.
1859,5,15,90,110,1.2272727272727273,0.0494491607724479,531,"Sit and chill, I'll be outside eating a tree."
1859,3,19,88,110,1.2272727272727273,0.04595223779440721,531,"This is not my idea of a ""high-rise"" apartment!"
1859,4,17,89,110,1.2272727272727273,0.04773273331484981,531,Mother said no necking on the couch
1859,5,15,90,110,1.2272727272727273,0.0494491607724479,531,"It's o.k., but I liked our old tall-screen t.v. better."
1859,7,11,92,110,1.2272727272727273,0.052714616985093,531,"You've become a disappointment to both the kids and your mother , Geoffrey ."
1859,5,15,90,110,1.2272727272727273,0.0494491607724479,531,"Well if he's going to build a wall to keep us out, it better to be a pretty high wall."
1859,6,13,91,110,1.2272727272727273,0.0511079756250649,531,Ever watched Human Planet? It's a circus.
1859,4,17,89,110,1.2272727272727273,0.04773273331484981,531,I am really hoping they will be surprised to see us.
1859,4,17,89,110,1.2272727272727273,0.04773273331484981,531,"You call this ""a vacation""?"
1859,4,17,89,110,1.2272727272727273,0.04773273331484981,531,Lets turn off the tv and get neck-ed!
1859,3,19,88,110,1.2272727272727273,0.04595223779440721,531,Watching 'Walking Tall' again?
1859,5,15,90,110,1.2272727272727273,0.0494491607724479,531,We need to figure a way to make that screen vertical!
1859,4,17,89,110,1.2272727272727273,0.04773273331484981,531,"Do you want a bowl of acacia leaves, popcorn, or $1.00 slice pizza?"
1859,8,9,93,110,1.2272727272727273,0.05427371845818087,531,NatGeo again? Her neck probably isn't even real.
1859,3,19,88,110,1.2272727272727273,0.04595223779440721,531,How did you get that thing in here?
1859,4,17,89,110,1.2272727272727273,0.04773273331484981,531,I guess it's donkeys and elephants for the next three months.
1859,3,19,88,110,1.2272727272727273,0.04595223779440721,531,"But giraffes are High Definition, by definition!"
1859,6,13,91,110,1.2272727272727273,0.0511079756250649,531,Why are New Yorker cartoons always based on non sequitur illustrations?
1859,4,17,89,110,1.2272727272727273,0.04773273331484981,531,My folks wonâ€™t be home for an hour. Letâ€™s neck.
1859,1,23,86,110,1.2272727272727273,0.042166299523767686,531,"Son, there's more to life than Meerkat Manor."
1859,2,21,87,110,1.2272727272727273,0.04409991481761522,531,I told you we should have hung the TV over the fireplace
1859,6,13,91,110,1.2272727272727273,0.0511079756250649,531,In the mood for necking ?
1859,2,21,87,110,1.2272727272727273,0.04409991481761522,531,"Well, it's not the Serengeti, but it'll do."
1922,9,7,95,111,1.2252252252252251,0.05532227771798413,531,"It's not neck to neck; trust me, she'll beat him."
1922,4,17,90,111,1.2252252252252251,0.04734504824060214,531,Noah said he's building another ark. Turn off the tv. We've got to go.
1922,1,23,87,111,1.2252252252252251,0.041834831199664864,531,"Don't be scared, he just plays a lion on TV"
1922,4,17,90,111,1.2252252252252251,0.04734504824060214,531,You'll twist your neck sitting like that.
1922,3,19,89,111,1.2252252252252251,0.04558238068711177,531,Who says this isn't our natural habitat?
1922,3,19,89,111,1.2252252252252251,0.04558238068711177,531,A first-class upgrade. . . good old Noah.
1922,7,11,93,111,1.2252252252252251,0.052277663340144,531,We're moving back to Africa if that orangutan insults us next.
1922,6,13,92,111,1.2252252252252251,0.05068682196099171,531,What a relief not to be elephants or donkeys!
1922,5,15,91,111,1.2252252252252251,0.04904440596750161,531,"Son, get off your ass and clean up your droppings in the kitchen."
1922,7,11,93,111,1.2252252252252251,0.052277663340144,531,Would you like to neck-flex and chill?
1922,7,11,93,111,1.2252252252252251,0.052277663340144,531,Watching the nature channel all day is just going to make you more depressed.
1922,5,15,91,111,1.2252252252252251,0.04904440596750161,531,I told you too much screen time will ruin your posture.
1934,2,21,89,112,1.2232142857142858,0.04340298844712003,531,"If they score, pleaseâ€¦no more holes in the ceiling."
1935,5,14,90,109,1.2201834862385321,0.04938940487411066,531,I see I missed the boat. 'Noah' was just on.
1935,4,16,89,109,1.2201834862385321,0.047638415680113844,531,"Tell me again, are we more friendly with the elephants or the donkeys?"
1935,3,18,88,109,1.2201834862385321,0.045820562886151966,531,How about a little necking on the couch?
1935,4,16,89,109,1.2201834862385321,0.047638415680113844,531,Turn it off and go eat your flora!
1935,6,12,91,109,1.2201834862385321,0.05108040699844056,531,Honey do you think we will ever get past necking?
1935,4,16,89,109,1.2201834862385321,0.047638415680113844,531,"Don't let your head droop, too close to the television dear."
1935,2,20,87,109,1.2201834862385321,0.043927546231223726,531,"They're neck and neck? Yeah, right."
1935,3,18,88,109,1.2201834862385321,0.045820562886151966,531,"""We could go shopping the lions are away for the weekend.'"
1935,4,16,89,109,1.2201834862385321,0.047638415680113844,531,I wish the ceilings weren't so low.
1935,6,12,91,109,1.2201834862385321,0.05108040699844056,531,Are you still watching that nature documentary about humans? They're such animals.
1935,4,16,89,109,1.2201834862385321,0.047638415680113844,531,Any tall tales on tonight?
1935,4,16,89,109,1.2201834862385321,0.047638415680113844,531,"I know his neck is long enough to win your vote, but he may send us back to Africa..."
1935,4,16,89,109,1.2201834862385321,0.047638415680113844,531,The elephants are really emabarassing themselves this time around.
1935,3,18,88,109,1.2201834862385321,0.045820562886151966,531,It's not fair that only Ostriches are allowed to bury their heads in the sand
1935,5,14,90,109,1.2201834862385321,0.04938940487411066,531,"How quaint, the elephants are called Republicans, and donkeys are called Democrats."
1935,3,18,88,109,1.2201834862385321,0.045820562886151966,531,You've seen every episode of Breaking Bad. How long has it been since we did some serious necking?
1935,6,12,91,109,1.2201834862385321,0.05108040699844056,531,This new wide angle TV does nothing for me.
1935,3,18,88,109,1.2201834862385321,0.045820562886151966,531,That door frame is ruining my neckline.
1935,1,22,86,109,1.2201834862385321,0.041949191322226805,531,Donâ€™t you ever get sick of Human Planet?
1935,4,16,89,109,1.2201834862385321,0.047638415680113844,531,"Oh, THAT kind of necking."
1935,5,14,90,109,1.2201834862385321,0.04938940487411066,531,"Yes dear, with that many martinis you might be seeing pink elephants..."
1935,6,12,91,109,1.2201834862385321,0.05108040699844056,531,I don't think there's a future for you in pornography â€“ especially after watching us on Animal Planet.
1935,3,18,88,109,1.2201834862385321,0.045820562886151966,531,Has 'Tall Tails' started yet?
1935,3,18,88,109,1.2201834862385321,0.045820562886151966,531,"You know,this obsession with ""Big Cat Diary"" isn't helping your insomnia any."
1935,3,18,88,109,1.2201834862385321,0.045820562886151966,531,"What do you mean, you want more premium channels? Why, when I was your age, all I got to watch were the endless miles of the Serengeti!!"
1935,3,18,88,109,1.2201834862385321,0.045820562886151966,531,I get the chills watching Dracula.
1935,2,20,87,109,1.2201834862385321,0.043927546231223726,531,"Unfortunately, Animal Planet is not part of our cable package."
1935,0,24,85,109,1.2201834862385321,0.03987279758533729,531,The Travel Channel again? We've been to the Serengeti.
1935,3,18,88,109,1.2201834862385321,0.045820562886151966,531,Watching the chiropractor network?
1935,6,12,91,109,1.2201834862385321,0.05108040699844056,531,"Can we please watch something other than ""Real Housewives of the Serenghetti""?"
1935,5,14,90,109,1.2201834862385321,0.04938940487411066,531,Aren't you outraged that all TV screens are horizontally over- represented?
1935,5,14,90,109,1.2201834862385321,0.04938940487411066,531,How many times have I told you not to put your hooves on the furniture.
1935,4,16,89,109,1.2201834862385321,0.047638415680113844,531,Isn't there anything on besides National Geographic?
1935,3,18,88,109,1.2201834862385321,0.045820562886151966,531,"Ohh, a 2 hour romance movie. Wanna neck?"
1935,4,16,89,109,1.2201834862385321,0.047638415680113844,531,You're rubbernecking again.
1935,3,18,88,109,1.2201834862385321,0.045820562886151966,531,The jungle had HD.
1935,4,16,89,109,1.2201834862385321,0.047638415680113844,531,Those 'performance enhancers' give me a stiff neck!
1935,5,14,90,109,1.2201834862385321,0.04938940487411066,531,Let's put on a rom-com and neck.
1935,4,16,89,109,1.2201834862385321,0.047638415680113844,531,Don't blame me when all the good leaves are gone...
1935,4,16,89,109,1.2201834862385321,0.047638415680113844,531,I told you wall mounting would be more comfortable
1935,3,18,88,109,1.2201834862385321,0.045820562886151966,531,"Quit saying, ""It takes a big man to admit he's wrong,"" about everything."
1935,6,12,91,109,1.2201834862385321,0.05108040699844056,531,You're going to get a crick in your neck from all your binge watching.
1935,5,14,90,109,1.2201834862385321,0.04938940487411066,531,"If Trump gets elected, we should try to get on that ark in Kentucky."
1935,4,16,89,109,1.2201834862385321,0.047638415680113844,531,After watching the Elephants and now the Donkeys I really think we should get in the game.
1935,5,14,90,109,1.2201834862385321,0.04938940487411066,531,"It's OK honey, the next president has no jurisdiction over the animal kingdom."
1935,5,14,90,109,1.2201834862385321,0.04938940487411066,531,Not 'American Giraffiti' again.
1935,6,12,91,109,1.2201834862385321,0.05108040699844056,531,I can't believe those TV commercials for sore throat lozenges.
1935,5,14,90,109,1.2201834862385321,0.04938940487411066,531,"Honey, aren't you tired of watching all those human shows?"
1935,2,20,87,109,1.2201834862385321,0.043927546231223726,531,What do you need the remote control for anyway?
1935,6,12,91,109,1.2201834862385321,0.05108040699844056,531,"The next time we commit to a furries fantasy weekend, let me pick our costumes."
1935,6,12,91,109,1.2201834862385321,0.05108040699844056,531,Can't you just switch it to portrait mode?
1935,7,10,92,109,1.2201834862385321,0.05271719495984061,531,"I agree that it resembles a baby giraffe dear, but it is in fact the Republican nomination for President"
1935,5,14,90,109,1.2201834862385321,0.04938940487411066,531,I don't care if you can clean your room without getting up from the couch. It's the principle of the thing.
1935,4,16,89,109,1.2201834862385321,0.047638415680113844,531,I still say the screen should be at eye level.
1935,1,22,86,109,1.2201834862385321,0.041949191322226805,531,All right. I'll rub your Hooves. But no Necking.
1935,4,16,89,109,1.2201834862385321,0.047638415680113844,531,'Animal Planet' always makes you homesick.
1935,2,20,87,109,1.2201834862385321,0.043927546231223726,531,I thought we decided that vertical worked better than wide screen.
1935,3,18,88,109,1.2201834862385321,0.045820562886151966,531,what good is a love seat for one
1935,3,18,88,109,1.2201834862385321,0.045820562886151966,531,I prefer the format where everyone is tall and skinny.
1935,2,20,87,109,1.2201834862385321,0.043927546231223726,531,Didn't I tell you not to watch Lion Week
1935,3,18,88,109,1.2201834862385321,0.045820562886151966,531,I'll never know why you find those human wildlife specials from the conventions so fascinating.
1935,6,12,91,109,1.2201834862385321,0.05108040699844056,531,"You know, Dorothy, ever since we left the savanna, you've been getting complacent."
1935,4,16,89,109,1.2201834862385321,0.047638415680113844,531,Don't you wish they'd transmit in portrait?
1935,5,14,90,109,1.2201834862385321,0.04938940487411066,531,Wanna neck on the couch?
1935,5,14,90,109,1.2201834862385321,0.04938940487411066,531,"Not a bad idea, this vacation exchange."
1935,3,18,88,109,1.2201834862385321,0.045820562886151966,531,Just lie on your side and quit complaining!
1935,4,16,89,109,1.2201834862385321,0.047638415680113844,531,"I'm gonna go grab a couple of long necks, want anything?"
1935,5,14,90,109,1.2201834862385321,0.04938940487411066,531,"Slide over, two glasses of wine, some cuddling, and lots of necking?"
1935,5,14,90,109,1.2201834862385321,0.04938940487411066,531,I still say you're too tall for Project Runway.
1935,4,16,89,109,1.2201834862385321,0.047638415680113844,531,"If you're just going to sit around binge watching The Walking Dead, we may as well go back to the zoo."
1935,3,18,88,109,1.2201834862385321,0.045820562886151966,531,The head room is a plus.
1935,2,20,87,109,1.2201834862385321,0.043927546231223726,531,Can't you wall mount the TV?
1935,3,18,88,109,1.2201834862385321,0.045820562886151966,531,How did we ever survive without air conditioning and TV?
1935,2,20,87,109,1.2201834862385321,0.043927546231223726,531,Are you binge watching Tarzan movies again?
1935,4,16,89,109,1.2201834862385321,0.047638415680113844,531,They call THAT high-definition?
1935,3,18,88,109,1.2201834862385321,0.045820562886151966,531,This ballgame is neck and neck.
1935,5,14,90,109,1.2201834862385321,0.04938940487411066,531,Care for a longneck?
1935,4,16,89,109,1.2201834862385321,0.047638415680113844,531,"And the best thing! If we lose the remote, no problem."
1935,3,18,88,109,1.2201834862385321,0.045820562886151966,531,It was always my dream to play center for the Knicks
2014,7,10,93,110,1.2181818181818183,0.052274087083883224,531,Ok - I'll join you but no necking
2014,3,18,89,110,1.2181818181818183,0.04544620440567174,531,...and you didn't believe me when I said there'd be better reception here than out in the savanna!
2014,5,14,91,110,1.2181818181818183,0.04897926946849812,531,I think it's more than a little sick that you're watching The Hunt.
2014,4,16,90,110,1.2181818181818183,0.0472457740573157,531,How the hell do you get out of here anyway?
2014,7,10,93,110,1.2181818181818183,0.052274087083883224,531,"You know, it occurred to me that it would be a lot easier for us both to see the TV if it were down flat on the table."
2014,0,24,86,110,1.2181818181818183,0.039559328617958314,531,"Sorry Love, Animal Planet isn't in our bundle."
2014,2,20,88,110,1.2181818181818183,0.04357237454499434,531,Really? 'Wild Kingdom' reruns again tonight?
2014,1,22,87,110,1.2181818181818183,0.04161425419368276,531,It's so much better since you fixed the vertical hold.
2014,4,16,90,110,1.2181818181818183,0.0472457740573157,531,Rotate your screen 90 degrees for the optimal viewing experience.
2023,4,15,88,107,1.2149532710280373,0.04793024780990183,531,I don't get how they chose the donkey over us.
2023,4,15,88,107,1.2149532710280373,0.04793024780990183,531,I bet you're sitting on the remote again!
2023,3,17,87,107,1.2149532710280373,0.04605402166872554,531,Who had the bright idea to have TVs horizontal?
2023,3,17,87,107,1.2149532710280373,0.04605402166872554,531,How about a bit of necking?
2023,0,23,84,107,1.2149532710280373,0.03989944463395409,531,Political conventions are a different wild kingdom altogether.
2023,3,17,87,107,1.2149532710280373,0.04605402166872554,531,"Yeah, but we don't complain when they invade our habitat !!"
2023,4,15,88,107,1.2149532710280373,0.04793024780990183,531,"It's a black tie affair, I'd wear the 96 inch."
2023,5,13,89,107,1.2149532710280373,0.049735745680282675,531,I'm sure glad we're not elephants or donkeys
2023,7,9,91,107,1.2149532710280373,0.05316310642620569,531,The bidet is broken.
2023,2,19,86,107,1.2149532710280373,0.044098040416874346,531,What is with you and landscape videos?
2023,4,15,88,107,1.2149532710280373,0.04793024780990183,531,That's as high as it can go.
2023,5,13,89,107,1.2149532710280373,0.049735745680282675,531,The game is neck to neck.
2023,3,17,87,107,1.2149532710280373,0.04605402166872554,531,Really..I can't believe you're still watching the real house giraffes of the Serengeti?!
2023,4,15,88,107,1.2149532710280373,0.04793024780990183,531,Is Zoolander on yet?
2023,5,13,89,107,1.2149532710280373,0.049735745680282675,531,"""I wish they'd make these TVs vertical""."
2023,4,15,88,107,1.2149532710280373,0.04793024780990183,531,"They don't have tall screen TV, only wide."
2023,4,15,88,107,1.2149532710280373,0.04793024780990183,531,I liked our zoo better.
2023,4,15,88,107,1.2149532710280373,0.04793024780990183,531,Maybe the elephants will go home and we'll finally have our moment.
2023,3,17,87,107,1.2149532710280373,0.04605402166872554,531,Are you watching Human Planet again?
2023,3,17,87,107,1.2149532710280373,0.04605402166872554,531,At least Trump is willing to stick his neck out.
2023,4,15,88,107,1.2149532710280373,0.04793024780990183,531,"Did you DVR ""The Real Housewives of the Savannah""?"
2023,4,15,88,107,1.2149532710280373,0.04793024780990183,531,"But ""Real Housewives of Sub-Saharan Africa"" don't spend all day on the couch."
2023,3,17,87,107,1.2149532710280373,0.04605402166872554,531,"If you fall asleep out here, you'll wake up with a sore you-know-what."
2023,1,21,85,107,1.2149532710280373,0.04205117626598721,531,I knew we should've bought the TV stand!
2023,5,13,89,107,1.2149532710280373,0.049735745680282675,531,"""Airbnb needs to be more descriptive""."
2023,5,13,89,107,1.2149532710280373,0.049735745680282675,531,All this NBA talk has gone straight to your head.
2023,4,15,88,107,1.2149532710280373,0.04793024780990183,531,"Oh no, not the nature channel again!"
2023,4,15,88,107,1.2149532710280373,0.04793024780990183,531,"Yes, he's giving them a rose. But not so they can eat it."
2023,4,15,88,107,1.2149532710280373,0.04793024780990183,531,Never in my wildest dreams.
2023,4,15,88,107,1.2149532710280373,0.04793024780990183,531,Animal Planet makes my spots feel bad ass.
2023,7,9,91,107,1.2149532710280373,0.05316310642620569,531,Just because we can't fit through our apartment door is no reason to give up and spend the rest of your life on this couch.
2023,3,17,87,107,1.2149532710280373,0.04605402166872554,531,They don't make tall screens.
2023,4,15,88,107,1.2149532710280373,0.04793024780990183,531,"I get it why the elephant in the first convention, but don't understand why the donkey in this one."
2023,4,15,88,107,1.2149532710280373,0.04793024780990183,531,Didn't I ask you to get a portrait template not a landscape!
2023,5,13,89,107,1.2149532710280373,0.049735745680282675,531,"""Is that cousin Gerry on TV with Jack Hanna?"
2023,5,13,89,107,1.2149532710280373,0.049735745680282675,531,I think the aspect ratio is off.
2023,3,17,87,107,1.2149532710280373,0.04605402166872554,531,"Ah, the new episode of ""So You Think You Can Reach"""
2023,1,21,85,107,1.2149532710280373,0.04205117626598721,531,I think the show you are watching is way over even your head.
2023,4,15,88,107,1.2149532710280373,0.04793024780990183,531,"Discovery, Again?"
2023,5,13,89,107,1.2149532710280373,0.049735745680282675,531,Really? The necked channel again?
2023,1,21,85,107,1.2149532710280373,0.04205117626598721,531,Elephants! donkeys! Enough with identity politics!
2023,3,17,87,107,1.2149532710280373,0.04605402166872554,531,Looks like the race for the White House is going to be neck and neck
2023,6,11,90,107,1.2149532710280373,0.05147795782302281,531,"Now that I think of it, your father had a long neck also."
2023,5,13,89,107,1.2149532710280373,0.049735745680282675,531,Satisfied? I told you that couch would be too small for necking.
2023,4,15,88,107,1.2149532710280373,0.04793024780990183,531,I think it's high time we bu a wall-mounted screen.
2023,5,13,89,107,1.2149532710280373,0.049735745680282675,531,I hate to be constricted by this horizontal format.
2023,4,15,88,107,1.2149532710280373,0.04793024780990183,531,"I'm just saying, you can watch too many Attenburough documentaries..."
2023,3,17,87,107,1.2149532710280373,0.04605402166872554,531,"Oy, Real Giraffes from the Serengeti?"
2023,4,15,88,107,1.2149532710280373,0.04793024780990183,531,"You have your aspect ratio, I have mine."
2023,2,19,86,107,1.2149532710280373,0.044098040416874346,531,"I can't stand watching the news anymore, it's a jungle out there."
2023,5,13,89,107,1.2149532710280373,0.049735745680282675,531,The term touch screen means TOUCH not lean over and lick! Use the REMOTE!
2023,3,17,87,107,1.2149532710280373,0.04605402166872554,531,"Frankly, I found the open savanna to be dull and boring."
2023,6,11,90,107,1.2149532710280373,0.05147795782302281,531,"Honey, wanna neck?"
2023,4,15,88,107,1.2149532710280373,0.04793024780990183,531,You're a maculate housekeeper.
2023,1,21,85,107,1.2149532710280373,0.04205117626598721,531,"You want a beer, I'll get you a beer. Stubby or longneck?"
2023,2,19,86,107,1.2149532710280373,0.044098040416874346,531,How about something romantic and a whole lot of necking on the couch?
2023,4,15,88,107,1.2149532710280373,0.04793024780990183,531,You said you wouldn't watch Planet Earth without me.
2023,4,15,88,107,1.2149532710280373,0.04793024780990183,531,May I sit neck to you?
2023,3,17,87,107,1.2149532710280373,0.04605402166872554,531,How many times have I told you to hold your phone vertically when you shoot videos of me?
2023,2,19,86,107,1.2149532710280373,0.044098040416874346,531,Is that my orange-spotted turtle-neck sweater you're wearing?
2023,1,21,85,107,1.2149532710280373,0.04205117626598721,531,How about I mount it on the ceiling?
2023,4,15,88,107,1.2149532710280373,0.04793024780990183,531,A little to the left...STOP...good. Now don't move till the show's over.
2023,1,21,85,107,1.2149532710280373,0.04205117626598721,531,He's too short for you
2023,2,19,86,107,1.2149532710280373,0.044098040416874346,531,I can't believe that reporter is putting her neck out to interview an extremist-hyena.
2023,2,19,86,107,1.2149532710280373,0.044098040416874346,531,So what do you think of that ark deal????
2023,6,11,90,107,1.2149532710280373,0.05147795782302281,531,Can I bring you a long neck?
2023,3,17,87,107,1.2149532710280373,0.04605402166872554,531,These post war ceilings are still too low.
2023,5,13,89,107,1.2149532710280373,0.049735745680282675,531,"We HAVE to watch! When the Republicans blame it on their donkey and the Democrats blame it on their elephant, we've got to be ready!"
2023,5,13,89,107,1.2149532710280373,0.049735745680282675,531,Maybe profile would work better than landscape?
2023,6,11,90,107,1.2149532710280373,0.05147795782302281,531,"We don't talk anymore, Harold."
2023,4,15,88,107,1.2149532710280373,0.04793024780990183,531,I'm done with this convention zoo
2023,3,17,87,107,1.2149532710280373,0.04605402166872554,531,This binge watching is cutting into our necking time!
2023,5,13,89,107,1.2149532710280373,0.049735745680282675,531,We didn't come on this safari so you could watch Necksflix
2023,4,15,88,107,1.2149532710280373,0.04793024780990183,531,"Roomâ€™s too small, no tree leaves from Room Service, canâ€™t access the bathroom- was seeing Lion King worth it?"
2023,6,11,90,107,1.2149532710280373,0.05147795782302281,531,All I could find was horizontal format. There's no sensitivity to diversity in the population.
2098,5,14,93,112,1.2142857142857142,0.04817882055187921,531,I always picture you reaching higher than this.
2099,3,17,88,108,1.212962962962963,0.04566899344097394,531,"I hate to disappoint you, but it's actually pronounced 'Jurassic World.'"
2099,4,15,89,108,1.212962962962963,0.047526068935268895,531,I think it's time you faced your addiction to The Real Housewives of the Savanna.
2099,5,13,90,108,1.212962962962963,0.049313258815131475,531,They dropped the National Geographic Channel.
2099,3,17,88,108,1.212962962962963,0.04566899344097394,531,How about instead of a wide screen television they made a high screen television!
2103,3,17,89,109,1.2110091743119267,0.04529023423348228,531,Marlin Perkins reruns?
2104,2,19,89,110,1.209090909090909,0.04302074784174658,531,High-def my eye. It's way too low.
2104,4,15,91,110,1.209090909090909,0.046737523336702363,531,How about I sit next to you and we do some serious necking?
2106,3,16,87,106,1.2075471698113207,0.04588548019119496,531,"Binge-watching ""Animal Kingdom""?"
2106,2,18,86,106,1.2075471698113207,0.04388374155720299,531,"Honey, if you shut the TV and come to bed now, I'll give you that neck massage you've been wanting."
2106,3,16,87,106,1.2075471698113207,0.04588548019119496,531,It looks like the candidates are running neck and neck.
2106,4,14,88,106,1.2075471698113207,0.04780347070761396,531,Did you know they have the same number of vertebrae as we do?
2106,3,16,87,106,1.2075471698113207,0.04588548019119496,531,Beats the stifling savannah heat and that survival of the fittest run around.
2106,4,14,88,106,1.2075471698113207,0.04780347070761396,531,I'm gonna get a beer. Want another long neck?
2106,7,8,91,106,1.2075471698113207,0.05314372370887449,531,Did you order Ethiopian take-out?
2106,1,20,85,106,1.2075471698113207,0.04178622085977893,531,Really gives you something to ruminate about.
2106,3,16,87,106,1.2075471698113207,0.04588548019119496,531,I'm a little concerned about the level of violence on the Nature Channel!!
2106,3,16,87,106,1.2075471698113207,0.04588548019119496,531,"I've told you before, you're going to get a stiff neck if you sit that close."
2106,4,14,88,106,1.2075471698113207,0.04780347070761396,531,Scootch
2106,1,20,85,106,1.2075471698113207,0.04178622085977893,531,"Really? ""Naked and Afraid?"""
2106,6,10,90,106,1.2075471698113207,0.0514252938769243,531,You have to use the vertical control button.
2106,2,18,86,106,1.2075471698113207,0.04388374155720299,531,They canceled Animal Planet.
2106,2,18,86,106,1.2075471698113207,0.04388374155720299,531,Height alone wonâ€™t win you Americaâ€™s Next Top Model.
2106,2,18,86,106,1.2075471698113207,0.04388374155720299,531,Mutual of Omaha again?
2106,1,20,85,106,1.2075471698113207,0.04178622085977893,531,It's a beautiful day out there. Why don't you and your brother go outside and play predator and prey?
2106,5,12,89,106,1.2075471698113207,0.04964742018484815,531,"Screw ISIS, the real villains are those guys on Animal Planet"
2106,6,10,90,106,1.2075471698113207,0.0514252938769243,531,How come everyone looks so small?
2106,4,14,88,106,1.2075471698113207,0.04780347070761396,531,I don't think you're a couch potato unless you turn the thing on.
2106,4,14,88,106,1.2075471698113207,0.04780347070761396,531,what were they thinking when they mounted this horizontally?
2106,5,12,89,106,1.2075471698113207,0.04964742018484815,531,You're sitting on the remote.
2106,1,20,85,106,1.2075471698113207,0.04178622085977893,531,"When I watch the National Geographic Channel, I just get reminiscent."
2106,1,20,85,106,1.2075471698113207,0.04178622085977893,531,The Tree Channel will get you in the mood.
2106,4,14,88,106,1.2075471698113207,0.04780347070761396,531,Your Uber is here.
2106,5,12,89,106,1.2075471698113207,0.04964742018484815,531,Are we better off than we were four years ago?
2106,4,14,88,106,1.2075471698113207,0.04780347070761396,531,"""Let's get necked.'"
2106,4,14,88,106,1.2075471698113207,0.04780347070761396,531,"Camel backs are so dated honey, it's time for a sectional"
2106,6,10,90,106,1.2075471698113207,0.0514252938769243,531,Tree foliage special on?
2106,3,16,87,106,1.2075471698113207,0.04588548019119496,531,"Yes, Bob, you were spots-on again"
2106,4,14,88,106,1.2075471698113207,0.04780347070761396,531,"The heads are all cut off because they don't make vertical TV sets, only horizontal ones."
2106,3,16,87,106,1.2075471698113207,0.04588548019119496,531,I've had it up to here with you hogging the good couch.
2106,3,16,87,106,1.2075471698113207,0.04588548019119496,531,Barbra you are slim! The screen is just not designed to flatter OUR body type.
2106,4,14,88,106,1.2075471698113207,0.04780347070761396,531,Have you seen the remote?
2106,3,16,87,106,1.2075471698113207,0.04588548019119496,531,"Either Attenborough goes, or I go !"
2106,4,14,88,106,1.2075471698113207,0.04780347070761396,531,"I don't know about you, but I miss those crazy lions"
2106,5,12,89,106,1.2075471698113207,0.04964742018484815,531,"Live! From Great Neck, New York! It's Saturday Neck Live!"
2106,4,14,88,106,1.2075471698113207,0.04780347070761396,531,Let's neck.
2106,4,14,88,106,1.2075471698113207,0.04780347070761396,531,Have you seen the remote? Losing it is a pain in the neck.
2106,2,18,86,106,1.2075471698113207,0.04388374155720299,531,"Well, it beats me Daphne, how they have the cheek to call that thing High Definition ."
2106,4,14,88,106,1.2075471698113207,0.04780347070761396,531,The political conventions are getting hard to swallow.
2106,2,18,86,106,1.2075471698113207,0.04388374155720299,531,DO WE HAVE A GALLON OF THROAT LOZENGES?
2106,4,14,88,106,1.2075471698113207,0.04780347070761396,531,So where's the elephant in the room?
2106,4,14,88,106,1.2075471698113207,0.04780347070761396,531,If you sit like that you'll get neck cramps.
2106,6,10,90,106,1.2075471698113207,0.0514252938769243,531,These modern zoos ROCK.
2106,2,18,86,106,1.2075471698113207,0.04388374155720299,531,I still say you need to turn the screen sideways for specials about us.
2152,5,12,90,107,1.205607476635514,0.04921947249572851,531,"Americans want truth in politics? That's a tall tale or tall order. Either way, it's a stretch."
2152,4,14,89,107,1.205607476635514,0.04739431115126178,531,Animal Planet reruns? Again?
2152,3,16,88,107,1.205607476635514,0.04549598868304171,531,Is it the meeting of the donkeys or the elephants this week?
2152,3,16,88,107,1.205607476635514,0.04549598868304171,531,I think we need to turn the TV the other way.
2152,3,16,88,107,1.205607476635514,0.04549598868304171,531,":I like watching tall tales, don't you?"""
2152,3,16,88,107,1.205607476635514,0.04549598868304171,531,So this is how the other side lives.
2152,4,14,89,107,1.205607476635514,0.04739431115126178,531,We should get a taller screen.
2159,2,18,88,108,1.2037037037037037,0.043152147891456286,531,Animal Planet is so idealistic.
2160,5,11,88,104,1.2019230769230769,0.0499809666766309,531,Let's watch 'Up'.
2160,2,17,85,104,1.2019230769230769,0.04402246628452523,531,Will you stop watching Animal Planet and help me change the light bulb?
2160,4,13,87,104,1.2019230769230769,0.04807692307692308,531,"Unfortunately, they don't come with vertical adjustment knobs anymore."
2160,3,15,86,104,1.2019230769230769,0.04609429503917236,531,"Hey, last Monday's dinner tastes wonderful!"
2160,4,13,87,104,1.2019230769230769,0.04807692307692308,531,"Yes, even though you're not a donkey or an elephant, a third-party candidate could supercharge your modelling career."
2160,3,15,86,104,1.2019230769230769,0.04609429503917236,531,I'd like to watch the Bears Bengals game instead of your family on Animal Planet
2160,4,13,87,104,1.2019230769230769,0.04807692307692308,531,"Another ""Mr. Ed"" rerun?"
2160,3,15,86,104,1.2019230769230769,0.04609429503917236,531,Torrential downpour in the forecast. Hurry up and pack so we don't get left behind. You know how impatient Noah can be sometimes.
2160,1,19,84,104,1.2019230769230769,0.04184819040754393,531,When you suggested we live with your parents you did NOT mention that they weren't giraffes.
2160,1,19,84,104,1.2019230769230769,0.04184819040754393,531,"Be a couch potato, if that's what you want. I'm going to the zoo."
2160,2,17,85,104,1.2019230769230769,0.04402246628452523,531,Why don't we form a third party.
2160,6,9,89,104,1.2019230769230769,0.05181508976462935,531,"If we mounted it on the wall, we wouldn't have to stare down at the screen."
2160,3,15,86,104,1.2019230769230769,0.04609429503917236,531,"If you can't raise the screen, can you turn it vertically?"
2160,5,11,88,104,1.2019230769230769,0.0499809666766309,531,That was Larry on the phone. A few of the guys are meeting up at the watering hole to watch the game - any interest?
2160,4,13,87,104,1.2019230769230769,0.04807692307692308,531,The elephant and the donkey are outside fighting again.
2160,5,11,88,104,1.2019230769230769,0.0499809666766309,531,A little netflix and chill?
2160,3,15,86,104,1.2019230769230769,0.04609429503917236,531,"Honey, you've got the screen sideways."
2160,2,17,85,104,1.2019230769230769,0.04402246628452523,531,"Damn politicians, they are all a bunch of carnivores."
2160,1,19,84,104,1.2019230769230769,0.04184819040754393,531,"The donkeys are boring, and the elephants are dangerous. What's not to like about us? Gary Johnson, we're available."
2160,3,15,86,104,1.2019230769230769,0.04609429503917236,531,Aren't you tired of watching Animal Planet yet?
2160,4,13,87,104,1.2019230769230769,0.04807692307692308,531,Ew! Doesn't it hurt to watch TV siting like that?
2160,4,13,87,104,1.2019230769230769,0.04807692307692308,531,"""Shortest Loser"" on yet?"
2160,4,13,87,104,1.2019230769230769,0.04807692307692308,531,"Yes, I knew cable had a channel just for giraffes and - you know what? - it's still all crap!"
2160,6,9,89,104,1.2019230769230769,0.05181508976462935,531,I am sick of all the donkey and elephant shows
2160,6,9,89,104,1.2019230769230769,0.05181508976462935,531,"Look, Dana, I know you're having trouble with the move, but for the last time, there is no elephant in the room to talk about."
2160,4,13,87,104,1.2019230769230769,0.04807692307692308,531,Shall I go and get a longneck?
2160,5,11,88,104,1.2019230769230769,0.0499809666766309,531,I guess addressing the elephant in the room is an understatement.
2160,8,5,91,104,1.2019230769230769,0.055301143949188024,531,"I want more than Netflix and necking Lois, I wanna be wild."
2160,3,15,86,104,1.2019230769230769,0.04609429503917236,531,Get your hooves off the couch. Do you want them to think they had giraffes lounging around while they were out?
2160,1,19,84,104,1.2019230769230769,0.04184819040754393,531,I didn't mind when the zebras moved into our neighborhood. But what's going to happen to our property values now that the lions have moved in?
2160,3,15,86,104,1.2019230769230769,0.04609429503917236,531,Is it just me or are the ceilings getting lower?
2160,3,15,86,104,1.2019230769230769,0.04609429503917236,531,Can I get you something? How 'bout a longneck?
2160,2,17,85,104,1.2019230769230769,0.04402246628452523,531,"Don't worry, one day we'll be right up there with the Lions, Bears, and Broncos."
2160,4,13,87,104,1.2019230769230769,0.04807692307692308,531,"We could have gone to Rio, dear. Giraffes don't get zika . . ."
2160,4,13,87,104,1.2019230769230769,0.04807692307692308,531,The store ran out of extra-tall wall mounts.
2160,4,13,87,104,1.2019230769230769,0.04807692307692308,531,"I say, Gerald, have you noticed NatGeo shows us always loping and not sauntering as we normally do?"
2160,3,15,86,104,1.2019230769230769,0.04609429503917236,531,I'm so glad they chose donkeys and elephants.
2160,5,11,88,104,1.2019230769230769,0.0499809666766309,531,"Hey babe, wanna neck?"
2160,5,11,88,104,1.2019230769230769,0.0499809666766309,531,What would be so wrong with a 9 x 16 aspect ratio?
2160,3,15,86,104,1.2019230769230769,0.04609429503917236,531,"Since we moved to the city, I can't even remember what it means to be reticulated anymore."
2160,3,15,86,104,1.2019230769230769,0.04609429503917236,531,How about we hang it on the wall?
2160,3,15,86,104,1.2019230769230769,0.04609429503917236,531,Can't we just neck tonight?
2160,5,11,88,104,1.2019230769230769,0.0499809666766309,531,Roger Goodell's a real dick
2160,3,15,86,104,1.2019230769230769,0.04609429503917236,531,For heaven's sake don't stick your neck out for that candidate.
2160,1,19,84,104,1.2019230769230769,0.04184819040754393,531,"No, Emmet, you've got it sideways."
2160,4,13,87,104,1.2019230769230769,0.04807692307692308,531,"Sorry, I'm late for dinner, dear, I got caught in a big giraffic jam on the savanna."
2160,4,13,87,104,1.2019230769230769,0.04807692307692308,531,See! This is why your father and I told you a gap year was a VERY bad idea!
2160,2,17,85,104,1.2019230769230769,0.04402246628452523,531,"Of course it bothers me, but as Ralph Nader proved over and over again, this country simply isn't ready for a candidate who looks like us."
2160,3,15,86,104,1.2019230769230769,0.04609429503917236,531,Are you kidding me? They chose an elephant and a donkey over us?
2160,6,9,89,104,1.2019230769230769,0.05181508976462935,531,"Dear, the circus is moving from Cleveland to Philadelphia this week."
2160,5,11,88,104,1.2019230769230769,0.0499809666766309,531,"Obviously we'll start with some necking, but where is 2nd base?"
2160,3,15,86,104,1.2019230769230769,0.04609429503917236,531,"When I said let's go watch the stream tonight, I was thinking something different."
2160,3,15,86,104,1.2019230769230769,0.04609429503917236,531,I really do not think they are stretching the truth!
2160,2,17,85,104,1.2019230769230769,0.04402246628452523,531,"Honey, my first day of work was a pain in the neck"
2160,4,13,87,104,1.2019230769230769,0.04807692307692308,531,I told you we should have gotten the auto-rotate feature.
2160,2,17,85,104,1.2019230769230769,0.04402246628452523,531,I fail to see the connection between hogging the sofa and couples' therapy.
2160,3,15,86,104,1.2019230769230769,0.04609429503917236,531,"This election is a real zoo, isn't it, honey?"
2160,4,13,87,104,1.2019230769230769,0.04807692307692308,531,Turn off the TV and let's neck!
2160,2,17,85,104,1.2019230769230769,0.04402246628452523,531,It will always be a donkey and elephant show.
2160,2,17,85,104,1.2019230769230769,0.04402246628452523,531,With Trump you're sticking your neck out.
2160,3,15,86,104,1.2019230769230769,0.04609429503917236,531,"I'm sticking my neck out here, but I think we are too highbrowed to watch this inane TV show."
2160,4,13,87,104,1.2019230769230769,0.04807692307692308,531,"You know Ellie, this TV is becoming a real pain in the neck."
2160,4,13,87,104,1.2019230769230769,0.04807692307692308,531,The elephants and donkeys hired better PR firms.
2160,2,17,85,104,1.2019230769230769,0.04402246628452523,531,Stop being a pain in the neck and let me sit down.
2160,3,15,86,104,1.2019230769230769,0.04609429503917236,531,Let's turn the t.v. off and neck!
2160,2,17,85,104,1.2019230769230769,0.04402246628452523,531,Your definition of necking is different than mine.
2160,4,13,87,104,1.2019230769230769,0.04807692307692308,531,Not another necklace !
2160,2,17,85,104,1.2019230769230769,0.04402246628452523,531,They totally don't get the ratio.
2160,4,13,87,104,1.2019230769230769,0.04807692307692308,531,Let's order in. That door's giving me fits.
2160,2,17,85,104,1.2019230769230769,0.04402246628452523,531,You didn't ask about the ceilings?
2160,1,19,84,104,1.2019230769230769,0.04184819040754393,531,It's neck to neck with only seconds left..
2160,3,15,86,104,1.2019230769230769,0.04609429503917236,531,Some elephants stand for forty years.
2160,5,11,88,104,1.2019230769230769,0.0499809666766309,531,Mutual of Omaha's Wild Kingdom re-runs?
2160,4,13,87,104,1.2019230769230769,0.04807692307692308,531,How about Casablanca and alotta neckin?
2160,5,11,88,104,1.2019230769230769,0.0499809666766309,531,Don't worry Donald Trump Jr. only hunts Big Cats
2160,5,11,88,104,1.2019230769230769,0.0499809666766309,531,Watching anything or just browsing?
2160,4,13,87,104,1.2019230769230769,0.04807692307692308,531,I told you that we should have bought a sectional couch instead
2160,3,15,86,104,1.2019230769230769,0.04609429503917236,531,"I get home from a hot grueling day at work on the Serengeti, my supper's not ready, and I find you binge watching 'Animal Planet'."
2160,1,19,84,104,1.2019230769230769,0.04184819040754393,531,I've heard he wears stilts to appear taller.
2160,4,13,87,104,1.2019230769230769,0.04807692307692308,531,Congratulations. You are the first couch potato giraffe
2160,3,15,86,104,1.2019230769230769,0.04609429503917236,531,That's a tall order
2160,4,13,87,104,1.2019230769230769,0.04807692307692308,531,Don't you think we're underrepresented in the industry?
2160,3,15,86,104,1.2019230769230769,0.04609429503917236,531,"For the last time, can I please hang this over the mantle?"
2160,2,17,85,104,1.2019230769230769,0.04402246628452523,531,How did you get in the door?
2160,4,13,87,104,1.2019230769230769,0.04807692307692308,531,"Honey, are you watching that trashy Animal Planet show again?"
2160,5,11,88,104,1.2019230769230769,0.0499809666766309,531,Iâ€™d like to see her try to break through a pre-war plaster ceiling.
2160,5,11,88,104,1.2019230769230769,0.0499809666766309,531,"It may be tacky, but we have to mount it over the fireplace"
2160,5,11,88,104,1.2019230769230769,0.0499809666766309,531,"I promise not to change the channel, so cough up the remote."
2160,4,13,87,104,1.2019230769230769,0.04807692307692308,531,Are you watching that Animal Planet video of the giraffe killing the lion again?
2160,1,19,84,104,1.2019230769230769,0.04184819040754393,531,We never cuddle anymore.
2160,5,11,88,104,1.2019230769230769,0.0499809666766309,531,All elephants and donkeys again I see!
2160,1,19,84,104,1.2019230769230769,0.04184819040754393,531,So glad we found this place with high ceilings.
2160,1,19,84,104,1.2019230769230769,0.04184819040754393,531,"If I wanted to marry a sloth, the zoo had ones next door."
2160,2,17,85,104,1.2019230769230769,0.04402246628452523,531,We've gotta mount this over the mantel!
2160,4,13,87,104,1.2019230769230769,0.04807692307692308,531,Have you even munched today?
2160,3,15,86,104,1.2019230769230769,0.04609429503917236,531,Would a Serengeti Sofa make you feel less homesick?
2160,5,11,88,104,1.2019230769230769,0.0499809666766309,531,You're watching American Giraffiti!
2160,1,19,84,104,1.2019230769230769,0.04184819040754393,531,Next sublet we get a longer couch.
2160,1,19,84,104,1.2019230769230769,0.04184819040754393,531,It wasn't even close - he lost by a neck!
2160,3,15,86,104,1.2019230769230769,0.04609429503917236,531,No more long Neckflix binges for you.
2260,2,17,86,105,1.2,0.04364357804719849,531,Ohâ€¦when you said â€œTo Catch a Predatorâ€ I was thinking lions.
2260,5,11,89,105,1.2,0.04954000862144107,531,I say we get rid of that thing and go back to necking on the couch?
2260,6,11,98,115,1.2,0.04815434123430769,531,"Derrick Rose has a bum knee, too, but you don't see him moping around watching Dancing With The Stars."
2260,4,13,88,105,1.2,0.04765566357802892,531,Any room for me? Love to do some necking!
2260,2,17,86,105,1.2,0.04364357804719849,531,I don't mean to breathe down your neck
2260,3,16,91,110,1.2,0.0443656051737758,531,Maybe it's stiff because you slept wrong!
2266,1,21,95,117,1.1965811965811965,0.03884441188518877,531,Watching Wild Kingdom again Ethel? Aren't you tired of seeing Trump?
2267,5,12,95,112,1.1964285714285714,0.04718471485219582,531,"Damn, I hate these wide screen TVs"
2268,4,12,87,103,1.1941747572815533,0.04791135849494997,531,"No, I will not admit that the giraffe on that safari ad has longer legs than you"
2268,4,12,87,103,1.1941747572815533,0.04791135849494997,531,So it's settled. You get to wear the lampshade tonight.
2268,3,14,86,103,1.1941747572815533,0.04588170510924863,531,Who is that orangutan and what is he doing to the elephants?!
2268,3,14,86,103,1.1941747572815533,0.04588170510924863,531,Turning it horizontal doesn't help.
2268,2,16,85,103,1.1941747572815533,0.04375801017679495,531,All I can find on TV are Donkeys and Elephants!
2268,3,14,86,103,1.1941747572815533,0.04588170510924863,531,Phooey with the news. Why don't we just sit here and neck.
2268,5,10,88,103,1.1941747572815533,0.049858456473613144,531,"It's our favorite horror film, Neckrophilia."
2268,2,16,85,103,1.1941747572815533,0.04375801017679495,531,These boutique zoos are a bit of a stretch.
2268,5,10,88,103,1.1941747572815533,0.049858456473613144,531,I ate the last bagel.
2268,5,10,88,103,1.1941747572815533,0.049858456473613144,531,"By giraffe standards, Michael Bloomberg really is very short."
2268,4,12,87,103,1.1941747572815533,0.04791135849494997,531,We could be doing all those ads if that insurance company was called GRAFCO.
2268,3,14,86,103,1.1941747572815533,0.04588170510924863,531,"Next time we stage a takeover, let's find a species with more comfortable housing."
2268,0,20,83,103,1.1941747572815533,0.03916667762822583,531,"I told you to get the vertical screen, not the horizontal one. But did you listen? So now you have to choose what we watch: heads or tails."
2268,3,14,86,103,1.1941747572815533,0.04588170510924863,531,"Now, are you happy I got the package deal that included the Giraffe Channel."
2268,1,18,84,103,1.1941747572815533,0.04152584792069788,531,Mostly I'm just wondering how we fit through that door.
2268,4,12,87,103,1.1941747572815533,0.04791135849494997,531,I knowâ€”how can we cut the cord now that they added The Giraffe Channel?
2268,1,18,84,103,1.1941747572815533,0.04152584792069788,531,"You know, if you just mount it on the wall it will reduce your neck-strain."
2268,4,12,87,103,1.1941747572815533,0.04791135849494997,531,"We talked about this, Harold - no shoes on the couch."
2268,6,8,89,103,1.1941747572815533,0.051732321531425,531,So much for appealing to our demographic!
2268,3,14,86,103,1.1941747572815533,0.04588170510924863,531,We could teach them a thing or two about basketball...
2268,1,18,84,103,1.1941747572815533,0.04152584792069788,531,Don't worry about the lost remote. Millions of years of evolution have enabled you to change channels with your tongue.
2268,2,16,85,103,1.1941747572815533,0.04375801017679495,531,I still don't get why it's an insult to call a candidate orange.
2268,3,14,86,103,1.1941747572815533,0.04588170510924863,531,"Honey, will you please come home. I'm sorry I called you a cow."
2268,3,14,86,103,1.1941747572815533,0.04588170510924863,531,That twit Attenborough hasn't a clue about true camouflage.
2268,1,18,84,103,1.1941747572815533,0.04152584792069788,531,I think the zebra costumes are a better fit.
2268,6,8,89,103,1.1941747572815533,0.051732321531425,531,I think we need to rotate the screen vertically.
2268,5,10,88,103,1.1941747572815533,0.049858456473613144,531,Binge watching Animal Planet does not reinforce our reputation as a smart species.
2268,0,20,83,103,1.1941747572815533,0.03916667762822583,531,PG-13 refers to age not height.
2268,5,10,88,103,1.1941747572815533,0.049858456473613144,531,"Let's watch it together and neck a little, too."
2268,0,20,83,103,1.1941747572815533,0.03916667762822583,531,"Honey, I told you it wasnâ€™t about zebras the last time you rented Stripes."
2268,1,18,84,103,1.1941747572815533,0.04152584792069788,531,She finally shattered that glass ceiling.
2268,6,8,89,103,1.1941747572815533,0.051732321531425,531,"No, no, this is all wrong, I ordered a 'Chaise Extra-Longue' and a 'Tall Screen' TV!"
2268,3,14,86,103,1.1941747572815533,0.04588170510924863,531,DO we really have to watch the Giraffedashians again?
2268,3,14,86,103,1.1941747572815533,0.04588170510924863,531,Need the remote?
2268,3,14,86,103,1.1941747572815533,0.04588170510924863,531,A third party candidate? You are being ridiculous. The elephant may be taller than the donkey but it can still be the biggest ass.
2268,4,12,87,103,1.1941747572815533,0.04791135849494997,531,"If I hear that Mr. Ed theme song one more time, I'm gonna bail."
2268,4,12,87,103,1.1941747572815533,0.04791135849494997,531,My neck is killing me
2268,5,10,88,103,1.1941747572815533,0.049858456473613144,531,"Cheer up Gerald, at least we're not elephants."
2268,3,14,86,103,1.1941747572815533,0.04588170510924863,531,I haven't really enjoyed TV since those darned wide screens came in.
2268,3,14,86,103,1.1941747572815533,0.04588170510924863,531,Those TV nature programs get us all wrong
2268,3,14,86,103,1.1941747572815533,0.04588170510924863,531,"I've got the next five hours free. Do you want that neck massage, now?"
2268,1,18,84,103,1.1941747572815533,0.04152584792069788,531,It's not you. It's just that we've outgrown each other.
2268,4,12,87,103,1.1941747572815533,0.04791135849494997,531,Bye sweetie and don't forget to gargle.
2268,3,14,86,103,1.1941747572815533,0.04588170510924863,531,"For my birthday, I would love to have something very expensive: A wool turtle neck sweater..!"
2268,3,14,86,103,1.1941747572815533,0.04588170510924863,531,"Ain't gonna lie to you, Beanie. It's a freakin jungle out there."
2268,1,18,84,103,1.1941747572815533,0.04152584792069788,531,"""It's my favorite soap opera: As My Neck Turns""."
2268,2,16,85,103,1.1941747572815533,0.04375801017679495,531,"Err...Miss Jones, I'm about to stick my neck out."
2268,3,14,86,103,1.1941747572815533,0.04588170510924863,531,I'm ordering food from 'Outback.' Want anything?
2268,4,12,87,103,1.1941747572815533,0.04791135849494997,531,"Watch the convention if you'd like, but they won't really change their stripes."
2268,3,14,86,103,1.1941747572815533,0.04588170510924863,531,What's so special about Naked and Afraid?
2268,5,10,88,103,1.1941747572815533,0.049858456473613144,531,Should we stick our necks out for Hillary?
2268,5,10,88,103,1.1941747572815533,0.049858456473613144,531,Is the race still neck and neck?
2268,2,16,85,103,1.1941747572815533,0.04375801017679495,531,Why are you watching Lion King again?
2268,3,14,86,103,1.1941747572815533,0.04588170510924863,531,It's so depressing! No matter what channel I put on I hear about new walls and fences! We may as well be back at the zoo!
2268,0,20,83,103,1.1941747572815533,0.03916667762822583,531,"Well, we could neck."
2268,3,14,86,103,1.1941747572815533,0.04588170510924863,531,Convergent evolution is still a bit of a stretch.
2268,5,10,88,103,1.1941747572815533,0.049858456473613144,531,"So, honey, are you still jealous the elephants got the job?"
2268,2,16,85,103,1.1941747572815533,0.04375801017679495,531,"You do know the virtual migration is just around the corner, don't you?"
2268,3,14,86,103,1.1941747572815533,0.04588170510924863,531,"Wow, 70"" isn't really that big."
2268,3,14,86,103,1.1941747572815533,0.04588170510924863,531,Did you install ceiling fans in my man cave?
2268,0,20,83,103,1.1941747572815533,0.03916667762822583,531,I donâ€™t feel comfortable with anything wider than it is tall.
2268,4,12,87,103,1.1941747572815533,0.04791135849494997,531,We need larger doors.
2268,1,18,84,103,1.1941747572815533,0.04152584792069788,531,Another infomercial on neck reduction surgery?
2268,5,10,88,103,1.1941747572815533,0.049858456473613144,531,"Before we got HBO, the couch was used for necking"
2268,3,14,86,103,1.1941747572815533,0.04588170510924863,531,These human reality shows just bring back bad memories of the zoo.
2268,5,10,88,103,1.1941747572815533,0.049858456473613144,531,"Animal Planet's OK, but I've blocked Big Cat Diary."
2268,1,18,84,103,1.1941747572815533,0.04152584792069788,531,"When it's over, then can we neck?"
2268,1,18,84,103,1.1941747572815533,0.04152584792069788,531,I told you we needed a 17 footer
2268,2,16,85,103,1.1941747572815533,0.04375801017679495,531,How many times can you watch these Animal Planet reruns?
2268,1,18,84,103,1.1941747572815533,0.04152584792069788,531,Why don't you go outside and play with the Park Ranger?
2268,1,18,84,103,1.1941747572815533,0.04152584792069788,531,I get it now - a taste of my own medicine. This will take me some time to swallow.
2268,3,14,86,103,1.1941747572815533,0.04588170510924863,531,Don't you think it's rather low for high definition?
2268,3,14,86,103,1.1941747572815533,0.04588170510924863,531,The neighbors are growing suspicious. We may need to raise the roof.
2268,1,18,84,103,1.1941747572815533,0.04152584792069788,531,Is this the nature channel or the food channel?
2268,3,14,86,103,1.1941747572815533,0.04588170510924863,531,Trump tower says no unless we're stuffed.
2268,2,16,85,103,1.1941747572815533,0.04375801017679495,531,You're sitting on the remote again!
2268,5,10,88,103,1.1941747572815533,0.049858456473613144,531,I wish these donkeys and elephants could see things from our view.
2268,3,14,86,103,1.1941747572815533,0.04588170510924863,531,I think the TV is too low.
2268,5,10,88,103,1.1941747572815533,0.049858456473613144,531,I am not watching another 'Nature'
2268,3,14,86,103,1.1941747572815533,0.04588170510924863,531,"Ooh, is that a new Neil Giraffe Tyson series?"
2268,2,16,85,103,1.1941747572815533,0.04375801017679495,531,"Whadda you say,we turn off the TV then neck up a storm ?"
2268,3,14,86,103,1.1941747572815533,0.04588170510924863,531,"Nat Geo again, Lucy? Don't you know reality TV isn't real?"
2268,1,18,84,103,1.1941747572815533,0.04152584792069788,531,I have to chose between seeing the feet or seeing the head.
2268,4,12,87,103,1.1941747572815533,0.04791135849494997,531,What does that gorilla have that I don't?
2268,5,10,88,103,1.1941747572815533,0.049858456473613144,531,You're being too domesticated! I'm missing our wild life.
2268,1,18,84,103,1.1941747572815533,0.04152584792069788,531,Have you tried the floor?
2268,2,16,85,103,1.1941747572815533,0.04375801017679495,531,You STILL can't see the lions sneaking up on Uncle Roy?
2268,6,8,89,103,1.1941747572815533,0.051732321531425,531,What elephant?
2268,2,16,85,103,1.1941747572815533,0.04375801017679495,531,Aren't you glad we're out of Madagascar?
2268,4,12,87,103,1.1941747572815533,0.04791135849494997,531,"Don't boo, vote!"
2268,3,14,86,103,1.1941747572815533,0.04588170510924863,531,"You know, we had to pull our necks in to get this place, but it's worth it."
2268,2,16,85,103,1.1941747572815533,0.04375801017679495,531,You do know that I would stick my neck out for you.
2268,3,14,86,103,1.1941747572815533,0.04588170510924863,531,"""When does ""Necking With the Stars"" come on?"
2268,6,8,89,103,1.1941747572815533,0.051732321531425,531,I still thing it's silly for a hooved animal to own a remote control.
2268,4,12,87,103,1.1941747572815533,0.04791135849494997,531,Why not raise the television?
2268,2,16,85,103,1.1941747572815533,0.04375801017679495,531,A cup of hot coffee is already cold by the time it reaches my stomach. That's interesting.
2268,2,16,85,103,1.1941747572815533,0.04375801017679495,531,I'm always sticking my neck out while you relax
2268,1,18,84,103,1.1941747572815533,0.04152584792069788,531,"Every day it gets more difficult"" to hold my head up."""
2268,3,14,86,103,1.1941747572815533,0.04588170510924863,531,"Looks like those ""elephants"" are bent on extinction."
2268,2,16,85,103,1.1941747572815533,0.04375801017679495,531,"Yes, Jon Stewart's new beard is oddly hypnotic. But I still think you should come graze with me."
2268,4,12,87,103,1.1941747572815533,0.04791135849494997,531,"When the Lion eats the cameraman they won't seem so"" Born Free Beautiful""."
2268,5,10,88,103,1.1941747572815533,0.049858456473613144,531,"Is that the original Walking Tall, or the sequel?"
2268,5,10,88,103,1.1941747572815533,0.049858456473613144,531,"Ted, get giraffe off the couch and help with the chores."
2268,1,18,84,103,1.1941747572815533,0.04152584792069788,531,So for THIS you sit down?
2268,4,12,87,103,1.1941747572815533,0.04791135849494997,531,You're quite the ruminant.
2268,1,18,84,103,1.1941747572815533,0.04152584792069788,531,"That Rosie next door, she's such a pain in the neck!"
2268,3,14,86,103,1.1941747572815533,0.04588170510924863,531,Binge watching Nature on PBS again?
2268,3,14,86,103,1.1941747572815533,0.04588170510924863,531,"Hey, feel like necking tonight?"
2268,3,14,86,103,1.1941747572815533,0.04588170510924863,531,You still watching the debates? Neither of them is addressing our issues.
2268,2,16,85,103,1.1941747572815533,0.04375801017679495,531,This is precisely why I said we shouldn't swap our timeshare with the Baboons.
2268,2,16,85,103,1.1941747572815533,0.04375801017679495,531,"Humans... They think they are smarter than us. But if they were, they would be taller than us by now"
2268,4,12,87,103,1.1941747572815533,0.04791135849494997,531,"You should run Hillary, but the glass ceiling would be a lot higher for you."
2268,6,8,89,103,1.1941747572815533,0.051732321531425,531,It's been a long time since we've necked.
2268,3,14,86,103,1.1941747572815533,0.04588170510924863,531,Don't strain your neck to get up.
2268,5,10,88,103,1.1941747572815533,0.049858456473613144,531,"What do you mean, you swallowed the control?"
2383,3,14,87,104,1.1923076923076923,0.045476735915275075,531,"Write down that number for a neck massage."""
2383,4,12,88,104,1.1923076923076923,0.047485155647778804,531,Wanna get low and neck?
2383,4,12,88,104,1.1923076923076923,0.047485155647778804,531,You'll never see eye to eye with the donkeys or the elephants.
2383,3,14,87,104,1.1923076923076923,0.045476735915275075,531,"If you were to get a job, young lady, a trip to the Serengeti could be yours in a year or two."
2383,1,18,85,104,1.1923076923076923,0.041166983308659526,531,Really? Is there anything more worth knowing about the Real Herdcows of the Serengeti?
2383,3,14,87,104,1.1923076923076923,0.045476735915275075,531,"No,""High"" Definition does not apply to us giraffes."
2383,4,12,88,104,1.1923076923076923,0.047485155647778804,531,Stop watching 'Real Housewives of Beverly Hills'! You're not getting you're neck fixed!
2383,5,10,89,104,1.1923076923076923,0.04941200769327116,531,"You know, life on the plain isn't really narrated by David Attenborough."
2383,2,16,86,104,1.1923076923076923,0.04337541944605909,531,"Are necks are long because remotes hadn't been invented back when someone first said, ""Which one of you can reach the channel from the sofa?"""
2383,1,18,85,104,1.1923076923076923,0.041166983308659526,531,Neither one has much of a neck.
2383,5,10,89,104,1.1923076923076923,0.04941200769327116,531,Of course I think you are as pretty as Kim Kardashian.
2383,3,14,87,104,1.1923076923076923,0.045476735915275075,531,"Sure I'd like to neck, but there isn't enough room on the sofa."
2383,3,14,87,104,1.1923076923076923,0.045476735915275075,531,Do you want grass or leaves for dinner?
2383,6,8,90,104,1.1923076923076923,0.05126649004628654,531,You left the door wide open and it's chilly in here. And now I'm feeling a giraffe . . . . . get it?
2383,3,14,87,104,1.1923076923076923,0.045476735915275075,531,"Now that Hillary broke the female barrier, I think a giraffe for president is not out of the question."
2383,3,14,87,104,1.1923076923076923,0.045476735915275075,531,I TOLD you we should've asked more questions about this place instead of assuming that Congo autocorrected to condo.
2383,3,14,87,104,1.1923076923076923,0.045476735915275075,531,"Oh, sweetie, you know I've always been a neck man."
2383,5,10,89,104,1.1923076923076923,0.04941200769327116,531,"If they repeatedly refuse to include us in their party platform, they ain't gonna get the giraffe vote."
2383,3,14,87,104,1.1923076923076923,0.045476735915275075,531,Don't you wish sometimes if you could reach out inside this screen and bite his ugly orange head off ?
2383,1,18,85,104,1.1923076923076923,0.041166983308659526,531,"I know it's Human Week on the Discovery Channel, but we're late for the Lions' party."
2383,3,14,87,104,1.1923076923076923,0.045476735915275075,531,"Darling, turn off the T.V., and let's neck."
2383,6,8,90,104,1.1923076923076923,0.05126649004628654,531,The TV shows today are too bland. Nobody wants to stick their necks out anymore.
2383,4,12,88,104,1.1923076923076923,0.047485155647778804,531,"Hey, sailor, want to neck?"
2383,2,16,86,104,1.1923076923076923,0.04337541944605909,531,"Look Marge, I think I'm gonna go down to the waterin' hole and slap necks with the guys."
2383,2,16,86,104,1.1923076923076923,0.04337541944605909,531,I really think that we need a wall mount!
2383,2,16,86,104,1.1923076923076923,0.04337541944605909,531,I told you they should have hung the TV higher
2383,1,18,85,104,1.1923076923076923,0.041166983308659526,531,"I may be sticking my neck out here, but did you at least vacuum  today?"
2383,5,10,89,104,1.1923076923076923,0.04941200769327116,531,"The silent treatment, again?!"
2383,6,8,90,104,1.1923076923076923,0.05126649004628654,531,Duh?! Donkeys and Elephants will never represent us!
2383,5,10,89,104,1.1923076923076923,0.04941200769327116,531,I told you not to skimp on the mount.
2383,4,12,88,104,1.1923076923076923,0.047485155647778804,531,I told you the Tea Party wasn't what you thought it was.
2383,2,16,86,104,1.1923076923076923,0.04337541944605909,531,The wide screen just doesn't work for me.
2383,3,14,87,104,1.1923076923076923,0.045476735915275075,531,I remember at your age for fun we'd get chased by a remote lion -not lying in a chaise with a remote...
2383,4,12,88,104,1.1923076923076923,0.047485155647778804,531,I don't care if it's the nature channel.
2383,3,14,87,104,1.1923076923076923,0.045476735915275075,531,Would you get me a long neck Miller beer while you're up ?
2383,3,14,87,104,1.1923076923076923,0.045476735915275075,531,"No, I won't wrap them in aluminum foil."
2383,1,18,85,104,1.1923076923076923,0.041166983308659526,531,They need to hang it at the top of the wall.
2383,3,14,87,104,1.1923076923076923,0.045476735915275075,531,"Elephants, donkeys, why not a giraffe?"
2383,2,16,86,104,1.1923076923076923,0.04337541944605909,531,"I'm thinking a Long Island Iced Tea, how about you?"
2383,2,16,86,104,1.1923076923076923,0.04337541944605909,531,I miss 'Tarzan.'
2383,4,12,88,104,1.1923076923076923,0.047485155647778804,531,A little necking before we go into the other room?
2383,1,18,85,104,1.1923076923076923,0.041166983308659526,531,Seriously? Again with the tall screen vs wide screen?
2383,4,12,88,104,1.1923076923076923,0.047485155647778804,531,I still think one of the parties should be a giraffe.
2383,4,12,88,104,1.1923076923076923,0.047485155647778804,531,"David Attenborough, AGAIN ?!?"
2427,1,18,86,105,1.1904761904761905,0.040814146113049836,531,I really stuck my neck out for you.
2428,5,9,87,101,1.188118811881188,0.050173700828989795,531,How many times must I tell you not to put your feet on the couch?
2428,3,13,85,101,1.188118811881188,0.04605823108757625,531,Have you seen 'To Catch A Predator'?
2428,2,15,84,101,1.188118811881188,0.043855910079901174,531,Will we ever agree on what is eye-level?
2428,2,15,84,101,1.188118811881188,0.043855910079901174,531,"Hey, he won the nomination. Not everyone looks down on him."
2428,6,7,88,101,1.188118811881188,0.05210969254233966,531,We're not sticking our necks in it.
2428,2,15,84,101,1.188118811881188,0.043855910079901174,531,"I don't think we should make-out tonight, I have a sore throat."
2428,2,15,84,101,1.188118811881188,0.043855910079901174,531,"Now dear, didn't the chropractor suggest not twisting your legs when watching?"
2428,2,15,84,101,1.188118811881188,0.043855910079901174,531,Can you rub my neck? It's stiff.
2428,5,9,87,101,1.188118811881188,0.050173700828989795,531,Trump makes the African safari seem tame.
2428,4,11,86,101,1.188118811881188,0.048159946562436856,531,"First, it's $150,000 for a Harvard Law Degree, then $250,000 for a PhD in biophysics at Princeton. And, now, your goal in life is to be a minor league baseball team mascot???!!!"
2428,1,17,83,101,1.188118811881188,0.04153698408594658,531,I hear you made center on the basketball team.
2428,3,13,85,101,1.188118811881188,0.04605823108757625,531,Instead of necking all you want to do is watch TV.
2428,4,11,86,101,1.188118811881188,0.048159946562436856,531,I THINK I'D LIKE TO NECK.
2428,2,15,84,101,1.188118811881188,0.043855910079901174,531,"Are you watching the ""Human Channel"" again? You know we discussed this."
2428,2,15,84,101,1.188118811881188,0.043855910079901174,531,Any chance you'll look for a job today?
2428,6,7,88,101,1.188118811881188,0.05210969254233966,531,I know you think I'm sticking my neck out......
2428,1,17,83,101,1.188118811881188,0.04153698408594658,531,There's just so little for giraffes anymore.
2428,4,11,86,101,1.188118811881188,0.048159946562436856,531,The zoo we came from is looking better all the time.
2428,1,17,83,101,1.188118811881188,0.04153698408594658,531,"I thought you had your fill of ""neck and neck races."""
2428,3,13,85,101,1.188118811881188,0.04605823108757625,531,Discovery Channel *again*?
2428,2,15,84,101,1.188118811881188,0.043855910079901174,531,The Chew?
2428,3,13,85,101,1.188118811881188,0.04605823108757625,531,I will meet you in 10 minutes at the watering hole downstairs.
2428,4,11,86,101,1.188118811881188,0.048159946562436856,531,Stop watching The Lion King and audition for it already!
2428,4,11,86,101,1.188118811881188,0.048159946562436856,531,Darn if I know how to adjust the volume.
2428,5,9,87,101,1.188118811881188,0.050173700828989795,531,Let's stay home this year and visit our friends in Great Neck.
2428,1,17,83,101,1.188118811881188,0.04153698408594658,531,Iâ€™ve requested an ergonomic review.
2428,5,9,87,101,1.188118811881188,0.050173700828989795,531,"It's just as we feared, the media is making us the bad guys in this whole Zoo Escape thing."
2428,3,13,85,101,1.188118811881188,0.04605823108757625,531,"Hang it up, even QVC has no turtlenecks in your size."
2428,4,11,86,101,1.188118811881188,0.048159946562436856,531,I feel bad about your neck
2428,2,15,84,101,1.188118811881188,0.043855910079901174,531,"HD cable, high ceilings and someone to neck with. Yep.....life's pretty sweet."
2428,3,13,85,101,1.188118811881188,0.04605823108757625,531,I still prefer the leopard skin sofa.
2428,3,13,85,101,1.188118811881188,0.04605823108757625,531,Are you still binge-watching Animal Print Is the New Black?
2428,4,11,86,101,1.188118811881188,0.048159946562436856,531,Screw you Earl. What does that gorilla have that I don't?
2428,4,11,86,101,1.188118811881188,0.048159946562436856,531,You really need to get out and stretch your legs
2428,4,11,86,101,1.188118811881188,0.048159946562436856,531,Get your own beer.
2428,1,17,83,101,1.188118811881188,0.04153698408594658,531,The picture is spotty.
2428,0,19,82,101,1.188118811881188,0.03908070169503078,531,The camera does add 100 pounds.
2428,4,11,86,101,1.188118811881188,0.048159946562436856,531,I had a few twigs for lunch and fixed the signal problem.
2428,4,11,86,101,1.188118811881188,0.048159946562436856,531,"It was the New Yorker. They wanted to know if we were voting for the elephant or the donkey. I replied, ""Option number three,"" and hung up."
2428,2,15,84,101,1.188118811881188,0.043855910079901174,531,I don't understand how people voted for such an animal.
2428,0,19,82,101,1.188118811881188,0.03908070169503078,531,How many times have I told you that we need a taller entertainment center!
2428,2,15,84,101,1.188118811881188,0.043855910079901174,531,Noah thinks we're addicted to Neckflix. Are we?
2428,4,11,86,101,1.188118811881188,0.048159946562436856,531,Its something about cheering elephants and donkeys
2428,3,13,85,101,1.188118811881188,0.04605823108757625,531,First an elephant and then a donkey; wonder when it will be a giraffe's turn?
2428,6,7,88,101,1.188118811881188,0.05210969254233966,531,"Stop your dreaming at the burger commercials; we're vegans, and we'll always be vegans."
2428,2,15,84,101,1.188118811881188,0.043855910079901174,531,Animal Kingdom is not what I thought it would be. Ellen Barkin is scary!
2428,1,17,83,101,1.188118811881188,0.04153698408594658,531,Perhaps a model with a vertical orientation would work better for us.
2428,2,15,84,101,1.188118811881188,0.043855910079901174,531,"Really, Mae? Fox News? They 're such a pain in the neck!"
2428,4,11,86,101,1.188118811881188,0.048159946562436856,531,Your choice is either the elephant or donkey channel.
2428,4,11,86,101,1.188118811881188,0.048159946562436856,531,"Wanna neck, sexy?"
2428,2,15,84,101,1.188118811881188,0.043855910079901174,531,"Not ""Animal Planet"" again!"
2428,4,11,86,101,1.188118811881188,0.048159946562436856,531,How many times have I told you not to put your feet on the sofa!
2428,1,17,83,101,1.188118811881188,0.04153698408594658,531,Remember how we used to neck at the drive in movie theater?
2428,2,15,84,101,1.188118811881188,0.043855910079901174,531,"Did you hear ""Side effects can include Stiff Necks"""
2428,6,7,88,101,1.188118811881188,0.05210969254233966,531,I'm going to stick my neck out and call you a couch potato.
2428,3,13,85,101,1.188118811881188,0.04605823108757625,531,It looks like you're ready to neck.
2428,4,11,86,101,1.188118811881188,0.048159946562436856,531,"Like I've been trying to tell you Esther, you can keep looking at it from whatever angle you want; the candidates are FOR change, they're just not about to."
2428,3,13,85,101,1.188118811881188,0.04605823108757625,531,Want to do some necking while watching TV ?
2428,4,11,86,101,1.188118811881188,0.048159946562436856,531,What's the score?
2428,1,17,83,101,1.188118811881188,0.04153698408594658,531,Want it higher?
2428,4,11,86,101,1.188118811881188,0.048159946562436856,531,Have I ever told you how elegant you look sitting down?
2428,4,11,86,101,1.188118811881188,0.048159946562436856,531,They asked me if we wanted to start a third party.
2428,3,13,85,101,1.188118811881188,0.04605823108757625,531,Why is it only my horns get reception?
2428,3,13,85,101,1.188118811881188,0.04605823108757625,531,You look a lot more comfortable now that the elephant's left.
2428,4,11,86,101,1.188118811881188,0.048159946562436856,531,I'm glad the Hyenas had to cancel dinner. Let's watch that Nature episode where one gets mauled by a lion.
2428,3,13,85,101,1.188118811881188,0.04605823108757625,531,"Honey did you know that Hillary has been sending private emails to the Bronx Zoo?"""
2428,6,7,88,101,1.188118811881188,0.05210969254233966,531,It would be nice if the screen was up higher!
2428,4,11,86,101,1.188118811881188,0.048159946562436856,531,It no longer seems like a zoo in here now that the elephant has left.
2428,3,13,85,101,1.188118811881188,0.04605823108757625,531,Why do you keep watching elephants and donkeys?
2428,3,13,85,101,1.188118811881188,0.04605823108757625,531,"I said wall-mount, not Walmart."
2428,4,11,86,101,1.188118811881188,0.048159946562436856,531,"""Human Planet again? They may was well rename it to 'All Hillary and Donald All the Time'""."
2428,2,15,84,101,1.188118811881188,0.043855910079901174,531,"Bingewatching ""Animal Planet"" again?"
2428,3,13,85,101,1.188118811881188,0.04605823108757625,531,"Mom, where is this glass ceiling I keep hearing about?"
2428,2,15,84,101,1.188118811881188,0.043855910079901174,531,We should really consider running as a third party option.
2428,3,13,85,101,1.188118811881188,0.04605823108757625,531,This is the last time I'll overlook your behavior.
2428,2,15,84,101,1.188118811881188,0.043855910079901174,531,The vertically challenged win again.
2428,5,9,87,101,1.188118811881188,0.050173700828989795,531,"Oh, darling, no we're not the first or only LGBT couple in this building!"
2428,3,13,85,101,1.188118811881188,0.04605823108757625,531,The aspect ratio is way off.
2428,5,9,87,101,1.188118811881188,0.050173700828989795,531,You never want to graze the bush anymore.
2428,3,13,85,101,1.188118811881188,0.04605823108757625,531,Let me guess - Trump and Clinton are neck and neck in the polls!
2428,3,13,85,101,1.188118811881188,0.04605823108757625,531,You are so giraffeing lazy.
2428,4,11,86,101,1.188118811881188,0.048159946562436856,531,I told you to mount it 6 feet higher.
2428,2,15,84,101,1.188118811881188,0.043855910079901174,531,Why weren't we chosen as political party mascots? Don't people realize tall is sexy?
2428,4,11,86,101,1.188118811881188,0.048159946562436856,531,We should have got the one with the height adjustment
2428,3,13,85,101,1.188118811881188,0.04605823108757625,531,I am here to get giraffe off the couch!
2428,4,11,86,101,1.188118811881188,0.048159946562436856,531,Just eliminate food channels recipes calling for low-hanging fruit.
2428,4,11,86,101,1.188118811881188,0.048159946562436856,531,"Don't be a pain in the neck, Stretch, move over!"
2428,3,13,85,101,1.188118811881188,0.04605823108757625,531,I'm not angry; just hitting the roof
2428,3,13,85,101,1.188118811881188,0.04605823108757625,531,"Really, a couch potato? I thought you were above all that!"
2428,3,13,85,101,1.188118811881188,0.04605823108757625,531,"I worked so hard to give you a life outside of the Safari, and all you do is sit around all day watching TV."
2428,5,9,87,101,1.188118811881188,0.050173700828989795,531,"If I don't clear up my throat soon, I'm going to be a little ""horse""."
2428,3,13,85,101,1.188118811881188,0.04605823108757625,531,Why do the donkeys and elephants get to have all the fun?
2428,5,9,87,101,1.188118811881188,0.050173700828989795,531,Itâ€™s giraffe porn. 47 necking positions.
2521,4,11,87,102,1.1862745098039216,0.04772110492175312,531,"I don't think you're supposed to binge whole seasons on Netflix in one sitting with an anatomy like ours, is all."
2521,5,9,88,102,1.1862745098039216,0.04971358884367402,531,You've got your head in the clouds if you think thy picked the right candidate.
2521,3,13,86,102,1.1862745098039216,0.045641722077372035,531,"Oh please, stripes always make you look vulnerable"
2524,3,13,87,103,1.1844660194174756,0.04523259434304085,531,"Steve, is it too much to ask..... maybe a night out every once in awhile?? Heather told me about this fabulous Acacia tree that she found near Fourth and Main."
2525,4,10,86,100,1.18,0.04794778304562056,531,Seriously? Youâ€™re gonna take up the WHOLE couch?
2525,2,14,84,100,1.18,0.04353101761904371,531,"Animal Kingdom, really?"
2525,1,16,83,100,1.18,0.04114522199392406,531,I think you need to see how the other half lives.
2525,4,10,86,100,1.18,0.04794778304562056,531,Definitely our best house exchange.
2525,3,12,85,100,1.18,0.045792681696639,531,How many times have I told you not to sit on the couch?
2525,2,14,84,100,1.18,0.04353101761904371,531,Maybe these zoo upgrades weren't a good idea.
2525,4,10,86,100,1.18,0.04794778304562056,531,Mmm!! my favorite negligee! The kids must be at your mom's!
2525,5,8,87,100,1.18,0.05001009999000302,531,"I used to look up to you and admire your lofty goals, but now you just sit around watching reruns of ""The Young and the Neckless""."
2525,2,14,84,100,1.18,0.04353101761904371,531,That's the last time we're using airbng.
2525,4,10,86,100,1.18,0.04794778304562056,531,How did we ever get around before AirBnB?
2525,3,12,85,100,1.18,0.045792681696639,531,"How bout we switch it to Lawrence Welk, and neck?"
2525,4,10,86,100,1.18,0.04794778304562056,531,What are you watching? Say yes to the Turtle neck !
2525,3,12,85,100,1.18,0.045792681696639,531,You don't always have to stick your neck out.
2525,4,10,86,100,1.18,0.04794778304562056,531,Read my lips. No elephants!
2525,2,14,84,100,1.18,0.04353101761904371,531,I think Trump said we're going home!
2525,4,10,86,100,1.18,0.04794778304562056,531,'Planet Earth'? You watch too much reality television.
2525,3,12,85,100,1.18,0.045792681696639,531,Doris said the top shelf at Bed & Bath had the best selection of pillows.
2525,4,10,86,100,1.18,0.04794778304562056,531,"Soooo, you want to - uh, what' s the word: spoon? make out? Give me a sec, I'll think of it."
2525,2,14,84,100,1.18,0.04353101761904371,531,"You've already seen this episode of ""Hunting Lions."""
2525,1,16,83,100,1.18,0.04114522199392406,531,I think we should go with the ranch house.
2525,4,10,86,100,1.18,0.04794778304562056,531,I am feeling a little horny. Do you wanna neck?
2525,3,12,85,100,1.18,0.045792681696639,531,"You get much higher notes than those ""Voice"" contestants!"
2525,1,16,83,100,1.18,0.04114522199392406,531,You know it's not just your neck you're lowering .
2525,0,18,82,100,1.18,0.0386122919665369,531,"Move over, we'll neck while we watch animal planet."
2525,2,14,84,100,1.18,0.04353101761904371,531,It's pretty low for Hi-Def.
2525,3,12,85,100,1.18,0.045792681696639,531,How about a little necking?
2525,3,12,85,100,1.18,0.045792681696639,531,Really? Keeping up with the Giraffians?....Again?
2525,2,14,84,100,1.18,0.04353101761904371,531,We need a taller screen
2525,4,10,86,100,1.18,0.04794778304562056,531,Sorry I'm late - today's photo shoot required extra footage.
2525,3,12,85,100,1.18,0.045792681696639,531,"How many more times are you going to watch ""The Toys-R-Us story?"""
2525,2,14,84,100,1.18,0.04353101761904371,531,"""Real Housewives""? I know you like low-hanging fruit, but come on."
2525,3,12,85,100,1.18,0.045792681696639,531,You didn't tell me David Attenborough was on!
2525,5,8,87,100,1.18,0.05001009999000302,531,Actually I'm good with human-caused climate change.
2525,2,14,84,100,1.18,0.04353101761904371,531,"No, honey, I don't want to keep up with The Giraffians."
2525,1,16,83,100,1.18,0.04114522199392406,531,Really? You're watching Animal Planet again?
2525,3,12,85,100,1.18,0.045792681696639,531,Love these extra tall ceilings!
2525,3,12,85,100,1.18,0.045792681696639,531,My neck hurts - we need to mount the t.v. higher.
2525,1,16,83,100,1.18,0.04114522199392406,531,Neck flicks and chill?
2525,4,10,86,100,1.18,0.04794778304562056,531,"No, you cannot skip Safari School to watch ""Katching Up With The Kangaroos."""
2525,2,14,84,100,1.18,0.04353101761904371,531,"If you like, I can hang the TV higher."
2525,3,12,85,100,1.18,0.045792681696639,531,A reality show about Giraffes living in the Jungle? That is so absurd!
2525,3,12,85,100,1.18,0.045792681696639,531,Instead of watching 'Animal Planet' let's go out and be part of it!
2525,2,14,84,100,1.18,0.04353101761904371,531,Stand tall! Stand tall! That's all you ever say!
2525,3,12,85,100,1.18,0.045792681696639,531,"They're coming! Quick, flatten like a throw blanket!"
2525,2,14,84,100,1.18,0.04353101761904371,531,"Can we watch the news? I am so over ""Wild Kingdom."""
2525,2,14,84,100,1.18,0.04353101761904371,531,I thought these vampire shows were giving you nightmares?
2525,2,14,84,100,1.18,0.04353101761904371,531,Why can't we talk?
2525,2,14,84,100,1.18,0.04353101761904371,531,I suppose you also have the remote!
2525,1,16,83,100,1.18,0.04114522199392406,531,"If you don't move over, off goes Animal Planet!"
2525,1,16,83,100,1.18,0.04114522199392406,531,World's tallest mammals. Hah! Apparently we are smartest too.
2525,3,12,85,100,1.18,0.045792681696639,531,Any news from back home?
2525,4,10,86,100,1.18,0.04794778304562056,531,Hey Honey - Wanna' neck some tonight?
2525,1,16,83,100,1.18,0.04114522199392406,531,Binge watching the Animal Planet?
2525,3,12,85,100,1.18,0.045792681696639,531,Mutual of Omaha re-runs still going on?
2525,2,14,84,100,1.18,0.04353101761904371,531,"Good grief, it seems like everyone these days has an acacia leaf show."
2525,3,12,85,100,1.18,0.045792681696639,531,And no one believed in Lamarckian evolution back in the 21st Century!
2525,4,10,86,100,1.18,0.04794778304562056,531,"Bob, every Sunday it's the same thing, National Geographic and Animal Planet all day!"
2525,3,12,85,100,1.18,0.045792681696639,531,"The elephant and donkey show keeping you up, darling?"
2525,1,16,83,100,1.18,0.04114522199392406,531,"You'll hurt your neck watching from that angle, Doris."
2525,4,10,86,100,1.18,0.04794778304562056,531,Who tipped the TV over?
2525,4,10,86,100,1.18,0.04794778304562056,531,"Ha know, Geoffrey, it might be time your stop acting like such a Toys 'R' Us kid and you got out and get a job!"
2525,2,14,84,100,1.18,0.04353101761904371,531,"Oh, hon, we really should have bought the three-seater or the sectional."
2525,3,12,85,100,1.18,0.045792681696639,531,"Honestly, the lengths some of them will go to."
2525,2,14,84,100,1.18,0.04353101761904371,531,And you think this is better than our lives at the zoo?
2525,2,14,84,100,1.18,0.04353101761904371,531,Jeez. Don't you ever get tired of all these talking heads?
2525,2,14,84,100,1.18,0.04353101761904371,531,"""Hey cutie, Ya wanna do a little necking while watching TV""?"
2525,3,12,85,100,1.18,0.045792681696639,531,"Honey, I'm up for anything tonight."
2525,3,12,85,100,1.18,0.045792681696639,531,Does it finally explain why we have long necks
2525,1,16,83,100,1.18,0.04114522199392406,531,Seriously... a wall?
2525,3,12,85,100,1.18,0.045792681696639,531,"If we're going to neck, you'll have to move over a bit."
2525,2,14,84,100,1.18,0.04353101761904371,531,They don't even eat the rose Marge.
2525,6,6,88,100,1.18,0.05199067515459192,531,I've told you a thousand times that your neck will hurt if you stay up watching Netflix all night!
2525,3,12,85,100,1.18,0.045792681696639,531,Housewives of The Bush again?
2525,2,14,84,100,1.18,0.04353101761904371,531,"This apartment is ok, but the car's sunroof needs to be bigger."
2525,4,10,86,100,1.18,0.04794778304562056,531,"Damn, I miss phone books."
2525,1,16,83,100,1.18,0.04114522199392406,531,Salad? Again?
2525,5,8,87,100,1.18,0.05001009999000302,531,"Bad news, dear. We've been classified as illegal immigrants. And we're being deported."
2525,3,12,85,100,1.18,0.045792681696639,531,We shouldn't neck while my parents are in the next room.
2525,3,12,85,100,1.18,0.045792681696639,531,It just looks wrong to me.
2525,4,10,86,100,1.18,0.04794778304562056,531,"Even if I could reach the remote you dropped under the sofa, how could I change from the Weather Channel?"
2525,4,10,86,100,1.18,0.04794778304562056,531,"I agree, watching humans in their normal habitat can be uplifting."
2525,4,10,86,100,1.18,0.04794778304562056,531,"Again with the Toys ""R"" Us commercials, Sheila?"
2525,4,10,86,100,1.18,0.04794778304562056,531,"I can't believe we're breaking because you're jealous of a little girl who fed me acacia twigs. It's a zoo out there, Linda; it is just part of the job."
2525,2,14,84,100,1.18,0.04353101761904371,531,I've heard too much TV can shorten your neck length
2525,3,12,85,100,1.18,0.045792681696639,531,Are you sure you want to try this Honey?
2525,3,12,85,100,1.18,0.045792681696639,531,"You're addicted to those nature reality shows, aren't you?"
2525,2,14,84,100,1.18,0.04353101761904371,531,"How about a real safari for our next vacation, darling?"
2525,3,12,85,100,1.18,0.045792681696639,531,"You have to stop watching Animal Planet, and go out and see for yourself."
2525,4,10,86,100,1.18,0.04794778304562056,531,"Not Our Natural Habitat, But DAMN!"
2525,3,12,85,100,1.18,0.045792681696639,531,It's so nice to have a high definition TV.
2525,3,12,85,100,1.18,0.045792681696639,531,"Can you turn it up, please?"
2525,1,16,83,100,1.18,0.04114522199392406,531,Don't you think a movie screen is more our size?
2525,1,16,83,100,1.18,0.04114522199392406,531,Watching the Nature Channel sideways doesn't make the violence and sexual content appropriate.
2525,2,14,84,100,1.18,0.04353101761904371,531,Can you put some clothes on? We have a monkey and a gazelle coming over.
2525,1,16,83,100,1.18,0.04114522199392406,531,Sure beats eating the top one percent.
2525,4,10,86,100,1.18,0.04794778304562056,531,"See, it's good you didn't get that job as the GOP mascot."
2525,3,12,85,100,1.18,0.045792681696639,531,"Oh, I've got this! What is ""Born Free?"""
2525,3,12,85,100,1.18,0.045792681696639,531,Maybe we should have skipped the timeshare presentation.
2525,3,12,85,100,1.18,0.045792681696639,531,"After those conventions, it's time for a third party."
2525,4,10,86,100,1.18,0.04794778304562056,531,I thought I asked you to wash your feet .
2525,4,10,86,100,1.18,0.04794778304562056,531,"While you've been captivated by rhetoric and promises, I've been sticking my reticulated neck out all day long!"
2525,3,12,85,100,1.18,0.045792681696639,531,I've always admired your plunging neckline.
2525,4,10,86,100,1.18,0.04794778304562056,531,Even I find his ideas a reach.
2525,3,12,85,100,1.18,0.045792681696639,531,"No, the movie I'm looking for is 'Jurassic World,' not 'Giraffic World.'"
2525,1,16,83,100,1.18,0.04114522199392406,531,I think it needs a wall mount - my neck's killing me!
2525,2,14,84,100,1.18,0.04353101761904371,531,Can you please just get a job? We need a place with higher doors.
2525,4,10,86,100,1.18,0.04794778304562056,531,"If you want to stick your neck out, then tell them to vote their conscience."
2525,4,10,86,100,1.18,0.04794778304562056,531,"If we start necking, don't worry...I know a good chiropractor."
2525,3,12,85,100,1.18,0.045792681696639,531,Sucks to be an elephant.
2525,1,16,83,100,1.18,0.04114522199392406,531,I'm tired of sticking my neck out for you!
2525,4,10,86,100,1.18,0.04794778304562056,531,High ceilings like this in newer buildings are almost unheard of.
2525,3,12,85,100,1.18,0.045792681696639,531,"You know, when they said more diversity, I don't think they meant us."
2525,4,10,86,100,1.18,0.04794778304562056,531,"If you want mimosa buds for dessert, you can darn well pluck them yourself."
2525,3,12,85,100,1.18,0.045792681696639,531,Go fetch your own longneck!
2525,2,14,84,100,1.18,0.04353101761904371,531,How do you think these reality show participants would survive in the real world?
2525,3,12,85,100,1.18,0.045792681696639,531,"You love those longneck commercials, don't you?"
2525,3,12,85,100,1.18,0.045792681696639,531,Can you move over a bit?
2525,3,12,85,100,1.18,0.045792681696639,531,"Chill, babycakes. We'll stay here four years if the elephants win."
2525,2,14,84,100,1.18,0.04353101761904371,531,"...yes, that David Attenborough is a hunk...."
2644,4,10,87,101,1.1782178217821782,0.047504120934238225,531,I specifically told you Hi Def
2644,3,12,86,101,1.1782178217821782,0.04537203658372117,531,I oppose the media's unrealistic standards of neck length.
2644,4,10,87,101,1.1782178217821782,0.047504120934238225,531,"Go figure, a donkey instead of us."
2644,5,8,88,101,1.1782178217821782,0.04954453862652198,531,Your grandparents wouldn't have called these low ceilings.
2644,4,10,87,101,1.1782178217821782,0.047504120934238225,531,It's time we take over the donkey and elephant.
2649,2,14,87,103,1.174757281553398,0.0423630579856997,531,There's no way out of this room!
2650,4,9,85,98,1.1734693877551021,0.048163211816236194,531,If put your feet on the sofa again and I'll break your neck young man!
2650,4,9,85,98,1.1734693877551021,0.048163211816236194,531,Anything appetizing on Wild Vegetable Network?
2650,3,11,84,98,1.1734693877551021,0.04592713290344639,531,Where did the throw rug go?
2650,3,11,84,98,1.1734693877551021,0.04592713290344639,531,"What do you mean, you're vegetating? There's no vegetation in here."
2650,3,11,84,98,1.1734693877551021,0.04592713290344639,531,"Whatching TV shows all day long, at least you need to stretch you neck or something."
2650,1,15,82,98,1.1734693877551021,0.04109154006947437,531,No wall mounting?
2650,3,11,84,98,1.1734693877551021,0.04592713290344639,531,Are you sitting on the remote?
2650,2,13,83,98,1.1734693877551021,0.043576462694968975,531,"No son, I won't leave your father for Richard Attenborough."
2650,3,11,84,98,1.1734693877551021,0.04592713290344639,531,I know its not healthy but tonight we get to look down at a retrospective on Kurt Vonnegut!
2650,2,13,83,98,1.1734693877551021,0.043576462694968975,531,Don't be alarmed. It's TV. They can't get you.
2650,4,9,85,98,1.1734693877551021,0.048163211816236194,531,This is just like watching the monkeys throw poo at each other.
2650,3,11,84,98,1.1734693877551021,0.04592713290344639,531,I don't trust any infomercial that asks me to stick my neck out that far!
2650,3,11,84,98,1.1734693877551021,0.04592713290344639,531,Are you watching Pippi Longstocking AGAIN?
2650,1,15,82,98,1.1734693877551021,0.04109154006947437,531,Is this Giraffic Park 2 or 3?
2650,0,17,81,98,1.1734693877551021,0.038446342212964967,531,Don't you ever get tired of watching 'Animal Kingdom?'
2650,1,15,82,98,1.1734693877551021,0.04109154006947437,531,When are these donkeys and elephants going to learn how to connect with the rest of us?
2650,2,13,83,98,1.1734693877551021,0.043576462694968975,531,We stuck our necks out for Bernie but Sarah Silverman looks better to me now.
2650,4,9,85,98,1.1734693877551021,0.048163211816236194,531,I see you're ready for some necking.
2650,4,9,85,98,1.1734693877551021,0.048163211816236194,531,That show Giraffes Gone Wild is not what you'd think.
2650,3,11,84,98,1.1734693877551021,0.04592713290344639,531,"Sorry honey, I don't think they do tall screen TV."
2650,2,13,83,98,1.1734693877551021,0.043576462694968975,531,I thought I told you to go eat the grass.
2650,0,17,81,98,1.1734693877551021,0.038446342212964967,531,They don't have a vertical control button on these new flat screens.
2650,3,11,84,98,1.1734693877551021,0.04592713290344639,531,Wouldn't it be easier to watch if we mounted it in the Baobab tree in the corner?
2650,3,11,84,98,1.1734693877551021,0.04592713290344639,531,It's a new reality show about giraffes in the suburbs.
2650,5,7,86,98,1.1734693877551021,0.05029998417674144,531,"Yea, yea, portrait would be better for you but this IS landscape."
2650,0,17,81,98,1.1734693877551021,0.038446342212964967,531,"I'm going to work. If you can pull yourself away from the TV and get to the grocery store, were almost out of acacia leaves."
2650,3,11,84,98,1.1734693877551021,0.04592713290344639,531,"To be stars, we need the TV vertical."
2650,2,13,83,98,1.1734693877551021,0.043576462694968975,531,There's a surcharge for using the baby pool but breakfast is all vegetarian.
2650,4,9,85,98,1.1734693877551021,0.048163211816236194,531,Can't we watch Animal Kingdom?
2650,3,11,84,98,1.1734693877551021,0.04592713290344639,531,You're sure you don't want to mount it?...
2650,6,5,87,98,1.1734693877551021,0.052349611688199224,531,who'd even want a dick that big?
2650,4,9,85,98,1.1734693877551021,0.048163211816236194,531,I'm glad I'm up here and not down on that convention floor.
2650,3,11,84,98,1.1734693877551021,0.04592713290344639,531,Why else do you think we built this place with 22 foot ceilings?
2650,2,13,83,98,1.1734693877551021,0.043576462694968975,531,"Don't worry, Geoffrey, you'll work again. How long could this internet fad last?"
2650,2,13,83,98,1.1734693877551021,0.043576462694968975,531,You're a real couch zucchini
2650,3,11,84,98,1.1734693877551021,0.04592713290344639,531,The picture is much better when the screen is vertical.
2650,2,13,83,98,1.1734693877551021,0.043576462694968975,531,At least 'The Real Housegiraffes of New York' are getting some dinner!
2650,1,15,82,98,1.1734693877551021,0.04109154006947437,531,And he doesn't shed?
2650,1,15,82,98,1.1734693877551021,0.04109154006947437,531,Are you sure we haven't forgotten our roots?
2650,0,17,81,98,1.1734693877551021,0.038446342212964967,531,Do these shows make any sense to you?
2650,4,9,85,98,1.1734693877551021,0.048163211816236194,531,Does this reticulate make me look fat?
2650,2,13,83,98,1.1734693877551021,0.043576462694968975,531,"I hear bipeds are using our term ""helicopter parents."""
2650,4,9,85,98,1.1734693877551021,0.048163211816236194,531,I can't find the remote.
2650,0,17,81,98,1.1734693877551021,0.038446342212964967,531,These talking animal jokes never age.
2650,2,13,83,98,1.1734693877551021,0.043576462694968975,531,How are we going to get out of that door.
2650,4,9,85,98,1.1734693877551021,0.048163211816236194,531,The Game of Thrones season is over. Time to join the real world.
2696,1,15,83,99,1.1717171717171717,0.040712080749396494,531,Don't you think we could have used a bigger screen.
2696,1,15,83,99,1.1717171717171717,0.040712080749396494,531,"I can't understand your fascination with 'Reality TV', it's all low hanging fruit."
2696,1,15,83,99,1.1717171717171717,0.040712080749396494,531,I'm so much happier with this new upholstry; animal print is just so distasteful.
2699,3,11,86,100,1.17,0.04507009131689365,531,I'm going to stick my neck out.
2700,2,12,82,96,1.1666666666666667,0.04359569698171643,531,Nothing on TV tonight. Let's neck.
2700,2,12,82,96,1.1666666666666667,0.04359569698171643,531,You should try yoga.
2700,1,14,81,96,1.1666666666666667,0.041003494359720165,531,"Let's get takeout, but I'm really sick of leaves."
2700,3,10,83,96,1.1666666666666667,0.04604218762109022,531,83 channels of humans reproducing at the Hyatt? This cable's got to go.
2700,4,8,84,96,1.1666666666666667,0.048365083340667456,531,Don't you get tired of watching animal shows?
2700,3,10,83,96,1.1666666666666667,0.04604218762109022,531,Hey Honey. It has been a long day at work. What kind of leaves are we having for dinner tonight?
2700,4,8,84,96,1.1666666666666667,0.048365083340667456,531,Bet you his thumbs aren't even opposable.
2700,3,10,83,96,1.1666666666666667,0.04604218762109022,531,"Let me know when they have the ""Housewives of Nairobi."""
2700,2,12,82,96,1.1666666666666667,0.04359569698171643,531,"""Let's go down to the watering hole and grab a couple of 'longnecks'."
2700,4,8,84,96,1.1666666666666667,0.048365083340667456,531,I'm for going high.
2700,0,16,80,96,1.1666666666666667,0.03823595564509364,531,"Don't you think we should invest in a vertical screen, so our heads don't get cut off?"
2700,3,10,83,96,1.1666666666666667,0.04604218762109022,531,Jed Falby just calledâ€”wants to know if an English bloke can win the New Yorker cartoon contest? I told him not to stick his neck out.
2700,2,12,82,96,1.1666666666666667,0.04359569698171643,531,We need to elevate the discourse.
2700,2,12,82,96,1.1666666666666667,0.04359569698171643,531,About last night.
2700,1,14,81,96,1.1666666666666667,0.041003494359720165,531,"Sure i like humans, but giraffes are funnier !"
2700,1,14,81,96,1.1666666666666667,0.041003494359720165,531,I thought the love seat was meant for us to cuddle.
2700,3,10,83,96,1.1666666666666667,0.04604218762109022,531,Poor elephants.
2700,5,6,85,96,1.1666666666666667,0.05058141488890701,531,"Well, this convention sure picked the low-lying fruit"
2700,1,14,81,96,1.1666666666666667,0.041003494359720165,531,"For the thousandth time, I agree it would have served us better if they'd oriented it the other way, but there's not much we can do about it now, is there?"
2700,2,12,82,96,1.1666666666666667,0.04359569698171643,531,"Serengeti, Shmerengeti! What's on cable."
2700,4,8,84,96,1.1666666666666667,0.048365083340667456,531,Want another Longnecker?
2700,0,16,80,96,1.1666666666666667,0.03823595564509364,531,Not that nature channel again?
2700,2,12,82,96,1.1666666666666667,0.04359569698171643,531,Can we talk?
2700,2,12,82,96,1.1666666666666667,0.04359569698171643,531,"That's the trouble with politics today, not many remember how to rise to the occasion."
2700,1,14,81,96,1.1666666666666667,0.041003494359720165,531,Are high collars back in?
2700,5,6,85,96,1.1666666666666667,0.05058141488890701,531,You give really good neck.
2700,1,14,81,96,1.1666666666666667,0.041003494359720165,531,"If it were up to me, I'd watch in high-def."
2700,1,14,81,96,1.1666666666666667,0.041003494359720165,531,"Argh, what did the elephants say now?"
2700,0,16,80,96,1.1666666666666667,0.03823595564509364,531,"Listen Junior, I am not sticking my neck out to get you an audition on Animal Planet"
2700,1,14,81,96,1.1666666666666667,0.041003494359720165,531,Feeling amorous? Wanna neck?
2700,2,12,82,96,1.1666666666666667,0.04359569698171643,531,We can stay at the zoo when we compete in Rio.
2700,2,12,82,96,1.1666666666666667,0.04359569698171643,531,Don't waste your time. The signal is spotty.
2700,2,12,82,96,1.1666666666666667,0.04359569698171643,531,You'll only see Donkeys and Elephants.
2700,1,14,81,96,1.1666666666666667,0.041003494359720165,531,Are you watching animal planet again?
2700,4,8,84,96,1.1666666666666667,0.048365083340667456,531,I'm gonna go out on a limb and say this speech seems plagiarized
2700,3,10,83,96,1.1666666666666667,0.04604218762109022,531,You're becoming a couch zucchini
2700,1,14,81,96,1.1666666666666667,0.041003494359720165,531,I think we need a wall model.
2700,4,8,84,96,1.1666666666666667,0.048365083340667456,531,Elephants and donkeys! Elephants and donkeys! How discouraging!!
2700,3,10,83,96,1.1666666666666667,0.04604218762109022,531,"Honey, I can't reach the remote."
2700,3,10,83,96,1.1666666666666667,0.04604218762109022,531,"So, your fascination with Pokemon is over already?"
2700,1,14,81,96,1.1666666666666667,0.041003494359720165,531,I don't think we were even in the running when the democrats selected a mascot .
2700,3,10,83,96,1.1666666666666667,0.04604218762109022,531,Our compassionate political natures are head and shoulders above those elephants and donkeys.
2700,1,14,81,96,1.1666666666666667,0.041003494359720165,531,Remember when Mutual of Omaha's Wild Kingdom was the only corporate sponsor you had ever heard?
2700,3,10,83,96,1.1666666666666667,0.04604218762109022,531,I could show them naked and afraid.
2700,3,10,83,96,1.1666666666666667,0.04604218762109022,531,"He says he will fight for all citizens - Latino citizens, women, orphans, LGBTQ citizens, the elderly citizens.....But will he fight for giraffes, that's what I want to know !"
2700,2,12,82,96,1.1666666666666667,0.04359569698171643,531,I'll share the remote when you share the couch!
2700,1,14,81,96,1.1666666666666667,0.041003494359720165,531,"If Trump keeps sticking his neck out, they'll make us adopt him."
2700,1,14,81,96,1.1666666666666667,0.041003494359720165,531,"Do you think whoever started ""The Giraffe Channel"" is really sticking their neck out?"
2700,2,12,82,96,1.1666666666666667,0.04359569698171643,531,It is a tall order
2700,1,14,81,96,1.1666666666666667,0.041003494359720165,531,Lean closer if you can't see it.
2700,4,8,84,96,1.1666666666666667,0.048365083340667456,531,"Hey Long Tall Sally, enough Animal Planet. I know it's a jungle out there, but go outside and play."
2700,4,8,84,96,1.1666666666666667,0.048365083340667456,531,Nova's 'Nature vs Nurture' again?
2700,2,12,82,96,1.1666666666666667,0.04359569698171643,531,It's hard to look up to you when you're watching TV.
2700,4,8,84,96,1.1666666666666667,0.048365083340667456,531,I donâ€™t care what it means. Donâ€™t call your brother a camelopard.
2700,2,12,82,96,1.1666666666666667,0.04359569698171643,531,"Of course ""Sharknado"" is not real. There is no watering hole in the world that big."
2700,3,10,83,96,1.1666666666666667,0.04604218762109022,531,"The salesman said, ""for big-screen mode just lean in!'"
2700,2,12,82,96,1.1666666666666667,0.04359569698171643,531,Hi !
2700,2,12,82,96,1.1666666666666667,0.04359569698171643,531,You need an ottoman for your neck
2700,4,8,84,96,1.1666666666666667,0.048365083340667456,531,Time to Netflix and neck.
2700,1,14,81,96,1.1666666666666667,0.041003494359720165,531,Do the security cameras still show the lions out there?
2700,4,8,84,96,1.1666666666666667,0.048365083340667456,531,Do you think the guests will mind sitting on folding chairs?
2700,2,12,82,96,1.1666666666666667,0.04359569698171643,531,Are the elephants still yelling?
2700,3,10,83,96,1.1666666666666667,0.04604218762109022,531,A complete waste of screen dimension.
2700,3,10,83,96,1.1666666666666667,0.04604218762109022,531,Those National Geographic shows always stereotyping us for eating the tops of trees.
2700,1,14,81,96,1.1666666666666667,0.041003494359720165,531,"Yes dear, I'm certain you'd win if there was an olympic competition for 'Treetop Chomping'."
2700,0,16,80,96,1.1666666666666667,0.03823595564509364,531,"Let's have dinner now, ""Human Planet"" isn't on for 30 more minutes"
2700,4,8,84,96,1.1666666666666667,0.048365083340667456,531,But WHY do we need a washing machine?
2700,3,10,83,96,1.1666666666666667,0.04604218762109022,531,You do know that wrestling is fake right?
2700,1,14,81,96,1.1666666666666667,0.041003494359720165,531,Didn't she tell you a hundred times to keep your feet off the sofa!
2700,5,6,85,96,1.1666666666666667,0.05058141488890701,531,"You know, he really does have small hands."
2700,0,16,80,96,1.1666666666666667,0.03823595564509364,531,They say the election is neck and neck.
2700,2,12,82,96,1.1666666666666667,0.04359569698171643,531,While you're watching Nature I need nurture.
2700,4,8,84,96,1.1666666666666667,0.048365083340667456,531,"Dear, why are you always sitting in my spot?"
2700,4,8,84,96,1.1666666666666667,0.048365083340667456,531,Is that calf appropriate?
2700,2,12,82,96,1.1666666666666667,0.04359569698171643,531,'Deported?!'
2700,3,10,83,96,1.1666666666666667,0.04604218762109022,531,And then she said human rights are giraffe rights.
2700,2,12,82,96,1.1666666666666667,0.04359569698171643,531,How the hell did you bend and fold up correctly to get on that couch?
2700,4,8,84,96,1.1666666666666667,0.048365083340667456,531,So far so good. Now let's check the bathroom.
2700,3,10,83,96,1.1666666666666667,0.04604218762109022,531,That'll rot your neck!
2700,3,10,83,96,1.1666666666666667,0.04604218762109022,531,But you're the one who is better at changing diapers.
2700,2,12,82,96,1.1666666666666667,0.04359569698171643,531,Video yoga lessons are ruining your posture!
2700,2,12,82,96,1.1666666666666667,0.04359569698171643,531,"Sure, Trump and Hillary are running neck and neck right now. But thinking that Trump can actually win is kind of a stretch, isn't it?"
2700,3,10,83,96,1.1666666666666667,0.04604218762109022,531,"I'll flip the screen vertically for you, honey, so you can see that video the way it was meant to be seen."
2700,2,12,82,96,1.1666666666666667,0.04359569698171643,531,"No, watching Wild Kingdom isn't the same."
2700,3,10,83,96,1.1666666666666667,0.04604218762109022,531,Aren't you tired of watching your close escape from the Lion King?
2785,1,14,82,97,1.1649484536082475,0.040614936953858476,531,Did you see the shower?
2785,1,14,82,97,1.1649484536082475,0.040614936953858476,531,"""No necking on the love seat!!"
2787,3,9,83,95,1.1578947368421053,0.04567716078766766,531,That Trump is a madman
2787,2,11,82,95,1.1578947368421053,0.04315598280527234,531,Watching cartoons all day is not going to get you into the college you want.
2787,2,11,82,95,1.1578947368421053,0.04315598280527234,531,They should of picked us over the elephant: we also stick our neck out!
2787,3,9,83,95,1.1578947368421053,0.04567716078766766,531,"Congratulations, Geoff, you've become the species' first couch giraffe."
2787,0,15,80,95,1.1578947368421053,0.03760997900055245,531,"Every channel cute puppies.What are we,warthogs?"
2787,2,11,82,95,1.1578947368421053,0.04315598280527234,531,"All day, it's telenovelas! You never want to go out for a drink!"
2787,1,13,81,95,1.1578947368421053,0.040478076611364315,531,"So--- is watching ""Animal Kingdom"" reruns really worth giving up our Serengeti patch?"
2787,3,9,83,95,1.1578947368421053,0.04567716078766766,531,Ever wonder what our pixel count is?
2787,3,9,83,95,1.1578947368421053,0.04567716078766766,531,"""Seriously, another Lifetime movie?'"
2787,1,13,81,95,1.1578947368421053,0.040478076611364315,531,You need to quit watching that Animal Kingdom show!
2787,3,9,83,95,1.1578947368421053,0.04567716078766766,531,Why are you watching The Real Giraffes of New York City? They're just camels trying to marry up.
2787,2,11,82,95,1.1578947368421053,0.04315598280527234,531,Ok- it's a tough job market. But there still has to be a demand for the only song and dance team like us.
2787,0,15,80,95,1.1578947368421053,0.03760997900055245,531,"Please don't give me that look, we're therapy animals, after all."
2787,2,11,82,95,1.1578947368421053,0.04315598280527234,531,Animal Planet again?
2787,3,9,83,95,1.1578947368421053,0.04567716078766766,531,Admit it... you won't be happy until we get a TV screen with higher resolution...
2787,2,11,82,95,1.1578947368421053,0.04315598280527234,531,What kind of pathetic creature would find that size screen to be big?
2787,2,11,82,95,1.1578947368421053,0.04315598280527234,531,Michelle looks taller in that color.
2787,2,11,82,95,1.1578947368421053,0.04315598280527234,531,The door's broken again.
2787,1,13,81,95,1.1578947368421053,0.040478076611364315,531,"How do you watch this? It's just the same stuff, chewed up and regurgitated!"
2787,4,7,84,95,1.1578947368421053,0.04806627906709574,531,"I feel like, I don't know, a fish out of water."
2787,2,11,82,95,1.1578947368421053,0.04315598280527234,531,The olympics will really be neck and neck this year.
2787,3,9,83,95,1.1578947368421053,0.04567716078766766,531,Is it Human week yet?
2787,2,11,82,95,1.1578947368421053,0.04315598280527234,531,They call this big screen.
2787,2,11,82,95,1.1578947368421053,0.04315598280527234,531,They reported you for overwatering our acacias.
2787,2,11,82,95,1.1578947368421053,0.04315598280527234,531,Can you rub out this kink in my neck?
2787,2,11,82,95,1.1578947368421053,0.04315598280527234,531,and just where do you suggest I sit?
2787,2,11,82,95,1.1578947368421053,0.04315598280527234,531,I think it should go on the wall.
2787,1,13,81,95,1.1578947368421053,0.040478076611364315,531,Little House on the Savannah will be on after a word for our sponsor.
2787,3,9,83,95,1.1578947368421053,0.04567716078766766,531,Don't watch those red neck programs. You've got too much to lose.
2787,1,13,81,95,1.1578947368421053,0.040478076611364315,531,It's not how big the screen. It's where you sit.
2787,1,13,81,95,1.1578947368421053,0.040478076611364315,531,Can we watch the Nature Channel?
2787,1,13,81,95,1.1578947368421053,0.040478076611364315,531,"Yes, yes, the proportions are wrong, but what about the content?"
2787,2,11,82,95,1.1578947368421053,0.04315598280527234,531,"Necking on the couch, again?"
2787,3,9,83,95,1.1578947368421053,0.04567716078766766,531,I heard the Washburns are going on another safari.
2787,2,11,82,95,1.1578947368421053,0.04315598280527234,531,I told you to ask for a raise
2787,3,9,83,95,1.1578947368421053,0.04567716078766766,531,We need to turn the TV on its side - it's not tall enough
2787,4,7,84,95,1.1578947368421053,0.04806627906709574,531,I'm thinking of starting a third party !
2787,3,9,83,95,1.1578947368421053,0.04567716078766766,531,Let's start a new political party!
2787,4,7,84,95,1.1578947368421053,0.04806627906709574,531,I told you not to start Game of Thrones without me.
2787,3,9,83,95,1.1578947368421053,0.04567716078766766,531,I can see we have arrived in the middle class !
2787,2,11,82,95,1.1578947368421053,0.04315598280527234,531,"When was the last time you used your tongue to clean out your ears?...I said, 'What's for dinner?'"
2787,2,11,82,95,1.1578947368421053,0.04315598280527234,531,That speech settles it. There's no way I'm voting for Godzilla.
2787,1,13,81,95,1.1578947368421053,0.040478076611364315,531,Maybe we should get out more.
2787,4,7,84,95,1.1578947368421053,0.04806627906709574,531,Doesn't this hotel remind you of the time we were in the Sahara....the one on the Vegas Strip I mean.
2787,2,11,82,95,1.1578947368421053,0.04315598280527234,531,Turn off Animal Planet and do your homework.
2787,3,9,83,95,1.1578947368421053,0.04567716078766766,531,Don't look at me like that. I'm only chewing. You know giraffes can't talk!
2787,2,11,82,95,1.1578947368421053,0.04315598280527234,531,Which is it...The Real Housewives of Kenya or Zimbabwe?
2787,2,11,82,95,1.1578947368421053,0.04315598280527234,531,"*whatever sound we make, but communicating ""get a job""*"
2787,3,9,83,95,1.1578947368421053,0.04567716078766766,531,"It's a love story, Honey. Come sit, let's neck awhile."
2787,0,15,80,95,1.1578947368421053,0.03760997900055245,531,"That stupid Animal Planet again? Look, they don't even know we talk and keep house!"
2787,3,9,83,95,1.1578947368421053,0.04567716078766766,531,"So whereâ€™s the low-hanging, fruit basket that was prominent in the brochure?"
2787,2,11,82,95,1.1578947368421053,0.04315598280527234,531,Does that couch give you a crick in the neck?
2787,0,15,80,95,1.1578947368421053,0.03760997900055245,531,"I'm glad they chose an elephant for a mascot, not a giraffe."
2787,2,11,82,95,1.1578947368421053,0.04315598280527234,531,It's like Bernie gave us a Mountain Dew and now he's telling us to go to bed.
2787,2,11,82,95,1.1578947368421053,0.04315598280527234,531,I still say they are damn dirty apes.
2787,1,13,81,95,1.1578947368421053,0.040478076611364315,531,"Get off the couch, it's a jungle out there."
2787,2,11,82,95,1.1578947368421053,0.04315598280527234,531,"This time, I think the elephants will forget."
2787,3,9,83,95,1.1578947368421053,0.04567716078766766,531,Call it what you will Gissel but the elephants don't get all the crappy roles...just us giraffes.
2787,3,9,83,95,1.1578947368421053,0.04567716078766766,531,Do you think the cartoonist could have forgotten that giraffes have no voice?
2787,1,13,81,95,1.1578947368421053,0.040478076611364315,531,"You know we spend our lives standing up, right?"
2787,3,9,83,95,1.1578947368421053,0.04567716078766766,531,"I'll stick out my neck and say, no I don't like soaps."
2787,0,15,80,95,1.1578947368421053,0.03760997900055245,531,Nothing new there. Just tall tales.
2787,1,13,81,95,1.1578947368421053,0.040478076611364315,531,I am fantasizing about becoming a ROCKETTE
2787,0,15,80,95,1.1578947368421053,0.03760997900055245,531,"""I warned you it would make your neck look huge""."
2787,2,11,82,95,1.1578947368421053,0.04315598280527234,531,"Please, get your feet off the couch."
2787,3,9,83,95,1.1578947368421053,0.04567716078766766,531,"I'm going to sit this one out, rather than vote for that elephant. (Ed: ""that"" should be underlined)"
2787,4,7,84,95,1.1578947368421053,0.04806627906709574,531,"It's a mirror, but you have to get really low."
2787,1,13,81,95,1.1578947368421053,0.040478076611364315,531,Here's another product that soothes sore throats.
2787,1,13,81,95,1.1578947368421053,0.040478076611364315,531,The remote? What's that?
2787,1,13,81,95,1.1578947368421053,0.040478076611364315,531,Is the game still a neck and neck tie?
2787,2,11,82,95,1.1578947368421053,0.04315598280527234,531,"Before Netflix, we used to neck all the time, now it's binge watching. Okay.............move over."
2787,2,11,82,95,1.1578947368421053,0.04315598280527234,531,"No, honey, I'd rather not spend the whole weekend binge-watching Neckflix?"
2787,3,9,83,95,1.1578947368421053,0.04567716078766766,531,Honey i really do want to know your feelings...but sometimes I get overwhelmed and need to stick my head out the car window.
2787,0,15,80,95,1.1578947368421053,0.03760997900055245,531,"Carefull, watching too much TV can cause neck strain."
2787,3,9,83,95,1.1578947368421053,0.04567716078766766,531,"Eww, Ace Ventura: When Nature Calls. Scoot over."
2787,1,13,81,95,1.1578947368421053,0.040478076611364315,531,At least the elephants have it worse than us this year.
2787,2,11,82,95,1.1578947368421053,0.04315598280527234,531,I've blocked you from watching 'Zoo' for your own good1
2787,2,11,82,95,1.1578947368421053,0.04315598280527234,531,"Well, I lost another audition to that damn Geoffrey today"
2787,2,11,82,95,1.1578947368421053,0.04315598280527234,531,I guess you could say I'm a little horny.
2787,2,11,82,95,1.1578947368421053,0.04315598280527234,531,The TV Guy is bringing the stilts on Tuesday.
2787,2,11,82,95,1.1578947368421053,0.04315598280527234,531,Fine. One more and then it's off to the savannah.
2787,1,13,81,95,1.1578947368421053,0.040478076611364315,531,I suppose you'd like me to bring dinner down to you.
2787,2,11,82,95,1.1578947368421053,0.04315598280527234,531,"It's not the size of the screen, it just needs to be up higher."
2787,2,11,82,95,1.1578947368421053,0.04315598280527234,531,Can't we watch something besides donkeys and elephants for a change?
2787,1,13,81,95,1.1578947368421053,0.040478076611364315,531,I do hate when elephants trumpet
2787,3,9,83,95,1.1578947368421053,0.04567716078766766,531,It seems like PBS is nothing but Englishmen.
2787,3,9,83,95,1.1578947368421053,0.04567716078766766,531,The safari camps were booked.
2787,3,9,83,95,1.1578947368421053,0.04567716078766766,531,"Honey, you need a job. This penthouse is quite a stretch for us."
2787,0,15,80,95,1.1578947368421053,0.03760997900055245,531,I told you. Only donkeys and elephants count.
2787,2,11,82,95,1.1578947368421053,0.04315598280527234,531,Quit roominating!
2787,2,11,82,95,1.1578947368421053,0.04315598280527234,531,It's all elephants and donkeys with you.
2787,1,13,81,95,1.1578947368421053,0.040478076611364315,531,I'm sick of you looking down on me...
2787,4,7,84,95,1.1578947368421053,0.04806627906709574,531,Not another Randy Newman special?
2787,0,15,80,95,1.1578947368421053,0.03760997900055245,531,"I can deal with the lower ceiling, but it's the single 6 ft. bed that's a game changer."
2787,1,13,81,95,1.1578947368421053,0.040478076611364315,531,This low-brow fare is beneath you.
2787,2,11,82,95,1.1578947368421053,0.04315598280527234,531,"what do you think he meant by ""no necking"" ?"
2787,3,9,83,95,1.1578947368421053,0.04567716078766766,531,Baby! I know it's 65 inches but why landscape?
2787,2,11,82,95,1.1578947368421053,0.04315598280527234,531,Can you reach the chips in the kitchen?
2885,1,13,82,96,1.15625,0.04008796522823715,531,Another Animal Planet RomCom ?
2885,2,11,83,96,1.15625,0.04273573682241112,531,'When are we getting IMAX?'
2885,3,9,84,96,1.15625,0.04522876791786861,531,"I telling you, Henry, if you don't start getting some regular exercise, your going to turn into a couch acacia."
2885,3,9,84,96,1.15625,0.04522876791786861,531,"This is my favorite. While Marlin races to the jeep to get more film for the camera, Jim is once again trapped in the snake pit with the poisonous vipers. What a couple of clowns!"
2885,2,11,83,96,1.15625,0.04273573682241112,531,That thing will give you a crooked neck
2885,1,13,82,96,1.15625,0.04008796522823715,531,"Instead of watching all that stuff, you should be out on the Serengeti making it a better world."
2885,4,7,85,96,1.15625,0.047591382549600894,531,The Fire Department wants to know who called them about a monkey stuck in a tree.
2885,1,13,82,96,1.15625,0.04008796522823715,531,Stop watching that damn t.v. and lets neck!
2885,1,13,82,96,1.15625,0.04008796522823715,531,I can't believe you're watching that Zebra channel again.
2885,4,7,85,96,1.15625,0.047591382549600894,531,"I think we are in the lions' den, shouldn't we leave soon ?"
2885,3,9,84,96,1.15625,0.04522876791786861,531,"Has the ""Slam Dunk Contest"" started yet?"
2885,3,9,84,96,1.15625,0.04522876791786861,531,"I agree. There just aren't that many good giraffe movies, but what can we do about it?"
2885,3,9,84,96,1.15625,0.04522876791786861,531,This is the fifth time you've watched that Jurrasic Park movie.. I think you gotta thing for that Brontosaurus..!
2885,1,13,82,96,1.15625,0.04008796522823715,531,Our party needs a voice.
2885,2,11,83,96,1.15625,0.04273573682241112,531,"No, you can't order it. We don't live in an area serviced by Amazon."
2885,3,9,84,96,1.15625,0.04522876791786861,531,The animal planet just isn't what it used to be. All I see are fish!
2885,2,11,83,96,1.15625,0.04273573682241112,531,"I've told you, dear, you need to adjust the aspect-ratio."
2885,2,11,83,96,1.15625,0.04273573682241112,531,"Watching 'Noah's Ark' yet again, dear?"
2885,4,7,85,96,1.15625,0.047591382549600894,531,Look! That's Melvin from Madascar.
2885,3,9,84,96,1.15625,0.04522876791786861,531,You keep your head back there! We didn't evolve these long necks to get closer to the TV.
2885,1,13,82,96,1.15625,0.04008796522823715,531,"You're 17 feet high, soon 18. It's time to get off the couch and hit the Serengeti !"
2885,0,15,81,96,1.15625,0.037252472542454354,531,"I knew we should have bought the 42"" by 72"" model."
2907,2,10,81,93,1.1505376344086022,0.04309832132858191,531,"You gotta agree, this ark's posh accommodations are nothing compared to this Trump suite."
2907,2,10,81,93,1.1505376344086022,0.04309832132858191,531,GMA again? You said you would start that 'green' tree trimming service.
2907,2,10,81,93,1.1505376344086022,0.04309832132858191,531,Who'd ever guess that you're really a couch potato?
2907,3,8,82,93,1.1505376344086022,0.045729852307199566,531,"That was easy, compared to the glass ceiling."
2907,1,12,80,93,1.1505376344086022,0.040295300106155195,531,"Why is it we never neck like we used to, whilst munching serenely the eucalyptus leaves?"
2907,3,8,82,93,1.1505376344086022,0.045729852307199566,531,"Jeffrey, you have all those nice toys. Why are you always watching TV?"
2907,1,12,80,93,1.1505376344086022,0.040295300106155195,531,Your show is heads above the rest.
2907,0,14,79,93,1.1505376344086022,0.037282128693900025,531,Aren't you tired of seeing the same old faces on the Nature channel?
2907,1,12,80,93,1.1505376344086022,0.040295300106155195,531,Get off the couch with your shoes on!
2907,2,10,81,93,1.1505376344086022,0.04309832132858191,531,"Darling, there's something mesmerizing about your interest in these tennis finals."
2907,1,12,80,93,1.1505376344086022,0.040295300106155195,531,Is this better than the zoo? Here we have to worry about the rent.
2907,2,10,81,93,1.1505376344086022,0.04309832132858191,531,Neck and chill?
2907,1,12,80,93,1.1505376344086022,0.040295300106155195,531,I moved the television there so you don't have to crane your neck.
2907,3,8,82,93,1.1505376344086022,0.045729852307199566,531,Next you'll wanna use the hospital Delivery Room!
2907,2,10,81,93,1.1505376344086022,0.04309832132858191,531,Want to try Pokemon GO tonight?
2907,5,4,84,93,1.1505376344086022,0.050583866730722155,531,They don't even make an adaptive remote.
2907,0,14,79,93,1.1505376344086022,0.037282128693900025,531,I don't care for wide screens.
2907,3,8,82,93,1.1505376344086022,0.045729852307199566,531,You know what I've told you about losing your eyesight from watching the TV 8 feet above the set!
2907,3,8,82,93,1.1505376344086022,0.045729852307199566,531,Watching one of your tall tales again?
2907,1,12,80,93,1.1505376344086022,0.040295300106155195,531,"No, of course we donâ€™t have sofas and a TV. Weâ€™re giraffes. But this is a New Yorker cartoon."
2907,3,8,82,93,1.1505376344086022,0.045729852307199566,531,"Rejoice, little darlin', your long lean freckle-speckled yella fella is here with a natural high for you!"
2907,1,12,80,93,1.1505376344086022,0.040295300106155195,531,Don't bother getting up - you always put the salad way down in the bottom drawer anyway.
2907,5,4,84,93,1.1505376344086022,0.050583866730722155,531,Looking down on Reality Stars again?
2907,1,12,80,93,1.1505376344086022,0.040295300106155195,531,"This ""spoonful of sugar"" advice is a crock."
2907,1,12,80,93,1.1505376344086022,0.040295300106155195,531,Is this the only thing you can't do standing up?
2907,3,8,82,93,1.1505376344086022,0.045729852307199566,531,"I'm sorry , thats the only channel, the remote fell under the couch."
2907,4,6,83,93,1.1505376344086022,0.0482179788329506,531,Is that really Bon Jovi?
2907,3,8,82,93,1.1505376344086022,0.045729852307199566,531,"How did we get here, Abigail?"
2907,1,12,80,93,1.1505376344086022,0.040295300106155195,531,Animal Planet is so much better in 3D.
2907,3,8,82,93,1.1505376344086022,0.045729852307199566,531,My therapist says I'm making progress with my acrophobia.
2907,2,10,81,93,1.1505376344086022,0.04309832132858191,531,I thought necking on the couch was passe.
2907,1,12,80,93,1.1505376344086022,0.040295300106155195,531,Why do we have to use the back door? Why can't we go through the front lobby like everybody else?
2907,2,10,81,93,1.1505376344086022,0.04309832132858191,531,When does 'Giraffe-ish' come on?
2907,2,10,81,93,1.1505376344086022,0.04309832132858191,531,"Oh, let's do some necking while David Attenborough is on ."
2907,2,10,81,93,1.1505376344086022,0.04309832132858191,531,What I'm talking about is structural heightism.
2907,4,6,83,93,1.1505376344086022,0.0482179788329506,531,So how's the Sex Life of Giraffes Mararathon on Animal Planet coming along?
2907,3,8,82,93,1.1505376344086022,0.045729852307199566,531,"With these necks, can't you just watch the neighbor's television?"
2907,2,10,81,93,1.1505376344086022,0.04309832132858191,531,Somehow everyone knows you're a girl giraffe.
2907,1,12,80,93,1.1505376344086022,0.040295300106155195,531,"No, the figures on the screen don't get taller if you turn the TV to vertical."
2907,1,12,80,93,1.1505376344086022,0.040295300106155195,531,Are you watching another Audrey Hepburn movie?
2907,1,12,80,93,1.1505376344086022,0.040295300106155195,531,The screen is too orange.
2907,1,12,80,93,1.1505376344086022,0.040295300106155195,531,"If I've asked you once, I've asked you a thousand times - don't put your feet up on the couch!"
2907,0,14,79,93,1.1505376344086022,0.037282128693900025,531,We need a larger sofa.
2907,2,10,81,93,1.1505376344086022,0.04309832132858191,531,Mom Jamie isn't sharing!
2907,3,8,82,93,1.1505376344086022,0.045729852307199566,531,"Shark Week, darling?"
2907,2,10,81,93,1.1505376344086022,0.04309832132858191,531,Time to change the light bulb?
2907,1,12,80,93,1.1505376344086022,0.040295300106155195,531,Am I getting taller or is that door getting smaller?
2907,1,12,80,93,1.1505376344086022,0.040295300106155195,531,It subtracts ten inches.
2907,4,6,83,93,1.1505376344086022,0.0482179788329506,531,"I'm sick and tired of the establishment ripping us off and making us graze on lower trees, backing down to the zebra's and refusing to address the threat that humans pose abroad."
2907,3,8,82,93,1.1505376344086022,0.045729852307199566,531,You said you'd walk the dog!
2907,1,12,80,93,1.1505376344086022,0.040295300106155195,531,I told you we should get a taller television stand!
2907,2,10,81,93,1.1505376344086022,0.04309832132858191,531,You have children to feed. I think JoJo can find her soulmate without you.
2907,2,10,81,93,1.1505376344086022,0.04309832132858191,531,All of this National Geographic is not helping your FOMO.
2907,2,10,81,93,1.1505376344086022,0.04309832132858191,531,"Oh, sure, if it weren't for our ancestors breaking through the grass ceiling all those generations ago, we wouldn't live as we do. So why do I still feel there should be more to evolve to than this?"
2907,3,8,82,93,1.1505376344086022,0.045729852307199566,531,"The kids aren't asleep, so please kill the sound when African Safari comes on."
2907,2,10,81,93,1.1505376344086022,0.04309832132858191,531,You wanna horse around on the couch?
2907,1,12,80,93,1.1505376344086022,0.040295300106155195,531,Please not another documentary.
2907,1,12,80,93,1.1505376344086022,0.040295300106155195,531,"Honey, even though we live in Great Neck,NY, cozying up and necking with you is a tall order."
2907,2,10,81,93,1.1505376344086022,0.04309832132858191,531,"Do be serious, dear, he's an uncouth wild animal!"
2907,2,10,81,93,1.1505376344086022,0.04309832132858191,531,"If you make some room on the couch, we can indulge in some sweet, sweet necking."
2907,4,6,83,93,1.1505376344086022,0.0482179788329506,531,"Why don't they ever make a ""Giraffe-nado""?"
2907,1,12,80,93,1.1505376344086022,0.040295300106155195,531,Binge watching David Attenborough?
2907,0,14,79,93,1.1505376344086022,0.037282128693900025,531,'Hatari' again?!
2907,2,10,81,93,1.1505376344086022,0.04309832132858191,531,Still no articulated bachelorette?
2907,3,8,82,93,1.1505376344086022,0.045729852307199566,531,The candidates are neck and neck and still at each other's throats? It's a jungle out there...
2907,4,6,83,93,1.1505376344086022,0.0482179788329506,531,"Yes, it's a shame. But ultimately even our necks show our age."
2907,3,8,82,93,1.1505376344086022,0.045729852307199566,531,"Stop watching TV, get off your ass, and get down to the watering hole where you belong."
2907,2,10,81,93,1.1505376344086022,0.04309832132858191,531,"You know, dear, watching TV from too high up will ruin your eyesight."
2907,0,14,79,93,1.1505376344086022,0.037282128693900025,531,Aren't these reality shows on Wild Kingdom great!
2907,1,12,80,93,1.1505376344086022,0.040295300106155195,531,We don't get Animal Planet.
2907,2,10,81,93,1.1505376344086022,0.04309832132858191,531,Disney again? How can you swallow those egregious personifications?
2907,2,10,81,93,1.1505376344086022,0.04309832132858191,531,"Watching ""Cutthroat Kitchen"" again?"
2907,2,10,81,93,1.1505376344086022,0.04309832132858191,531,... Oops! I forgot giraffes are mute.
2907,3,8,82,93,1.1505376344086022,0.045729852307199566,531,It's ultra high def.
2907,1,12,80,93,1.1505376344086022,0.040295300106155195,531,"I know you'd miss your shows and the heat is a killer, but we've got a contract, and the kids expect to see two giraffes at the zoo. So come on! They'll put ice blocks in the pool."
2907,3,8,82,93,1.1505376344086022,0.045729852307199566,531,You're still binge watching 'Zoo?'
2907,4,6,83,93,1.1505376344086022,0.0482179788329506,531,hello
2907,2,10,81,93,1.1505376344086022,0.04309832132858191,531,"So, honey, is the National Geographic channel still over-programming short-necked creatures?"
2907,2,10,81,93,1.1505376344086022,0.04309832132858191,531,"Sarah, it is pronounced ""Netflix and Chill"" not ""Neck-flix and Chill""."
2907,1,12,80,93,1.1505376344086022,0.040295300106155195,531,"Not tonight honey, I'm watching a show about an endangered species of human."
2907,3,8,82,93,1.1505376344086022,0.045729852307199566,531,"Just you wait and see, we're gonna shatter the ceiling"
2988,4,6,84,94,1.148936170212766,0.047729138368465915,531,We could neck while watching X-rated files on Animal Planet?
2988,4,6,84,94,1.148936170212766,0.047729138368465915,531,"Hey babe, how â€˜bout you and me do some necking during the Jack Hanna Animal Adventure show?"
2988,3,8,83,94,1.148936170212766,0.045269084925487445,531,I'm tired of necking. Let's get down to business.
2988,2,10,82,94,1.148936170212766,0.0426674284505854,531,I bet most people don't realize our 'spots' are really necking hickeys.
2988,1,12,81,94,1.148936170212766,0.039896476676276244,531,I'm going outside to stretch my neck before Wild Kingdom comes on.
2988,1,12,81,94,1.148936170212766,0.039896476676276244,531,I just don't think it's healthy to watch the Savannah Channel 24-7.
2988,0,14,80,94,1.148936170212766,0.03691812903947712,531,"Animal Planet, just another version of scripted reality"
2988,2,10,82,94,1.148936170212766,0.0426674284505854,531,"Another episode of 'Friends?' You do know that David Schwimmer is not really a giraffe, right?"
2988,3,8,83,94,1.148936170212766,0.045269084925487445,531,You really should not sit so close to the TV
2988,2,10,82,94,1.148936170212766,0.0426674284505854,531,Tell PETA to get better programming--or I am headed back to the zoo!
2988,0,14,80,94,1.148936170212766,0.03691812903947712,531,"Deal: I won't call your PBS shows ""highbrow"" if you don't yawn every time some guy dunks one."
2988,2,10,82,94,1.148936170212766,0.0426674284505854,531,"Those neck cream commercials are for turkey neck, not for you."
2988,4,6,84,94,1.148936170212766,0.047729138368465915,531,The sore throat from all the booing is nothing compared to the post-nasal drip of the elephant at the GOP convention.
2988,0,14,80,94,1.148936170212766,0.03691812903947712,531,So much better than the savannah!
2988,1,12,81,94,1.148936170212766,0.039896476676276244,531,"Junior, that posture may strain your levator scapulae, please do a few minutes of downward dog on the next commercial."
2988,1,12,81,94,1.148936170212766,0.039896476676276244,531,I had just assumed you were above watching the Real Housewives.
2988,2,10,82,94,1.148936170212766,0.0426674284505854,531,"They like their models tall, but with animals, they go for shorties."
3005,2,10,83,95,1.1473684210526316,0.04224500885626313,531,I want equal representation. The donkeys and elephants have had their conventions. When do we get ours?
3006,2,9,80,91,1.1428571428571428,0.04299935704272289,531,"The do make wall mounts, you know"
3006,1,11,79,91,1.1428571428571428,0.04005926187397015,531,I do believe that the wild lifestyle is greatly overrated.
3006,1,11,79,91,1.1428571428571428,0.04005926187397015,531,"Well, well, well! Aren't you the couch potato!"
3006,0,13,78,91,1.1428571428571428,0.03688555567816587,531,I didn't fit in at the elephant or the donkey's parties'
3006,0,13,78,91,1.1428571428571428,0.03688555567816587,531,i heard a wall-mounted TV puts less strain on our neck.
3006,1,11,79,91,1.1428571428571428,0.04005926187397015,531,Makes me thankful I was born a giraffe.
3006,4,5,82,91,1.1428571428571428,0.048346098027535284,531,"I think it's about time for them to come up with ""Tall Screen"" television."
3006,3,7,81,91,1.1428571428571428,0.04575090108716775,531,Neck ache again? No more yoga!
3006,0,13,78,91,1.1428571428571428,0.03688555567816587,531,Are you tempted to be the new party's mascot?
3006,0,13,78,91,1.1428571428571428,0.03688555567816587,531,The high resolution feature is what sold it for me.
3006,1,11,79,91,1.1428571428571428,0.04005926187397015,531,"Well, I warned you that you'd get a shorter neck from watching all that TV."
3006,3,7,81,91,1.1428571428571428,0.04575090108716775,531,"No, long-neck bottles were not named after us."
3006,0,13,78,91,1.1428571428571428,0.03688555567816587,531,I told you we would love the upgrade to the suite on Noah's ark. Pass the remote.
3006,3,7,81,91,1.1428571428571428,0.04575090108716775,531,Can you believe we once had opposable thumbs?
3006,2,9,80,91,1.1428571428571428,0.04299935704272289,531,We should check in the amazon for a higher table
3006,1,11,79,91,1.1428571428571428,0.04005926187397015,531,"For our point-of-view, let's tilt the panel onto its side."
3006,1,11,79,91,1.1428571428571428,0.04005926187397015,531,Don't you think the high jumpers look silly?
3006,1,11,79,91,1.1428571428571428,0.04005926187397015,531,"You can stay here, I'll take my chances outside."
3006,2,9,80,91,1.1428571428571428,0.04299935704272289,531,Finally nice to see the animal rights movement enter the new millennium.
3006,1,11,79,91,1.1428571428571428,0.04005926187397015,531,I wish these candidates could look at the situation from our vantage point.
3006,1,11,79,91,1.1428571428571428,0.04005926187397015,531,"Darling, we all know that the National Geographic channel plays favorites, and we giraffes always seem to get less air time than the big cats!"
3006,2,9,80,91,1.1428571428571428,0.04299935704272289,531,The rest of the tower is grazing and you are watching the Animal Planet.
3006,0,13,78,91,1.1428571428571428,0.03688555567816587,531,You're watching too much TV. Do you want to go to the zoo?
3006,3,7,81,91,1.1428571428571428,0.04575090108716775,531,"Gary, your giraffing me crazy!"
3006,3,7,81,91,1.1428571428571428,0.04575090108716775,531,"In spite of the Witness Protection Program, I think Moses has caught up with us."
3006,1,11,79,91,1.1428571428571428,0.04005926187397015,531,Look at me when I talk to you!
3006,3,7,81,91,1.1428571428571428,0.04575090108716775,531,We're reticulated not reclining!
3006,1,11,79,91,1.1428571428571428,0.04005926187397015,531,Place is great â€“ TV is a little low though...
3006,2,9,80,91,1.1428571428571428,0.04299935704272289,531,"You'll have to tip it horizontal to watch ""Giraffe Geopardy."""
3006,2,9,80,91,1.1428571428571428,0.04299935704272289,531,If you move over we could watch Safari Planet and do a little necking.
3006,1,11,79,91,1.1428571428571428,0.04005926187397015,531,The TV needs to be taller and thinner.
3006,3,7,81,91,1.1428571428571428,0.04575090108716775,531,"""My love, sitting is the new smoking""."
3006,3,7,81,91,1.1428571428571428,0.04575090108716775,531,"What are you trying to be, a New Yorker cartoon?"
3006,2,9,80,91,1.1428571428571428,0.04299935704272289,531,You gotta keep your head up son.
3006,1,11,79,91,1.1428571428571428,0.04005926187397015,531,"At least at the zoo, we didn't have to watch reruns."
3006,3,7,81,91,1.1428571428571428,0.04575090108716775,531,I see you paired the fainting couch with the Republican National Convention. Nice choice.
3006,2,9,80,91,1.1428571428571428,0.04299935704272289,531,"show some loyalty , watch it in portrait"
3006,0,13,78,91,1.1428571428571428,0.03688555567816587,531,The People Planet channel is definitely amusing!
3006,5,3,83,91,1.1428571428571428,0.0508089110165559,531,We should live high.
3006,2,9,80,91,1.1428571428571428,0.04299935704272289,531,They asked me to limbo at the office party. We need to start up Tall Lives Matter!
3006,2,9,80,91,1.1428571428571428,0.04299935704272289,531,Didn't I tell you that the HGTV Dream Home would be better than the zoo.
3006,2,9,80,91,1.1428571428571428,0.04299935704272289,531,"Speaking of tall tales, Hillary continues to claim she neither 'sent' nor 'received' any classified emails!"
3006,0,13,78,91,1.1428571428571428,0.03688555567816587,531,Did the paternity test show Larry is the father ?
3006,0,13,78,91,1.1428571428571428,0.03688555567816587,531,Your options are (1) watch baseball; (2) score a home run while necking.
3006,2,9,80,91,1.1428571428571428,0.04299935704272289,531,I agree. Necking on the loveseat sure beats getting stuck in the trees along Lover's Lane.
3006,2,9,80,91,1.1428571428571428,0.04299935704272289,531,Turn off that garbage and switch it back to Animal Planet.
3006,2,9,80,91,1.1428571428571428,0.04299935704272289,531,Which is it -- the elephant or the donkey?
3006,3,7,81,91,1.1428571428571428,0.04575090108716775,531,You have to look at me to lip read.
3006,1,11,79,91,1.1428571428571428,0.04005926187397015,531,Tsk. Horizontal format... so uncool.
3006,2,9,80,91,1.1428571428571428,0.04299935704272289,531,I was right. I told you we wouldn't turn into potatoes.
3006,3,7,81,91,1.1428571428571428,0.04575090108716775,531,"But it's never really a choice between giraffe, donkey, or elephant."
3006,3,7,81,91,1.1428571428571428,0.04575090108716775,531,I Love this movie ... it's Meryl's best performance ever.
3006,1,11,79,91,1.1428571428571428,0.04005926187397015,531,"No, there is nothing on the remote for ""angle of vision""."
3006,2,9,80,91,1.1428571428571428,0.04299935704272289,531,"Really, Bernice, you look sexy in pixels."
3006,2,9,80,91,1.1428571428571428,0.04299935704272289,531,The doors are locked. Do you really need to see if the lion is asleep?
3006,2,9,80,91,1.1428571428571428,0.04299935704272289,531,I love necking with you.
3006,1,11,79,91,1.1428571428571428,0.04005926187397015,531,Are you going to hog the clicker too?
3006,2,9,80,91,1.1428571428571428,0.04299935704272289,531,It's perfect if you want to fall asleep watching television!
3006,0,13,78,91,1.1428571428571428,0.03688555567816587,531,We should hang this higher up on the wall.
3006,2,9,80,91,1.1428571428571428,0.04299935704272289,531,Experiments on people have shown that looking down at a screen hurts your neck.
3006,2,9,80,91,1.1428571428571428,0.04299935704272289,531,"Honey, I don't know how I got in but--"
3006,2,9,80,91,1.1428571428571428,0.04299935704272289,531,How do you change the channel?
3006,2,9,80,91,1.1428571428571428,0.04299935704272289,531,"Stop sulking. You're the one that insisted we move to a condo in Boca. """
3006,3,7,81,91,1.1428571428571428,0.04575090108716775,531,Bad trip man
3006,2,9,80,91,1.1428571428571428,0.04299935704272289,531,"You've been stuck on that couch for, like, half a gestation period."
3006,3,7,81,91,1.1428571428571428,0.04575090108716775,531,"I prefer academy ratio to cinemascope, it allows for more headspace."
3006,1,11,79,91,1.1428571428571428,0.04005926187397015,531,I'm working on getting Nature to do a special on us...
3006,2,9,80,91,1.1428571428571428,0.04299935704272289,531,"""Let's get out today ....... How about a visit to the zoo"" ?"
3006,2,9,80,91,1.1428571428571428,0.04299935704272289,531,"For the last time, it's not the wrong way up."
3006,0,13,78,91,1.1428571428571428,0.03688555567816587,531,I get that you went on strike after Harambe's death but it's been two months. Get a job.
3006,1,11,79,91,1.1428571428571428,0.04005926187397015,531,We should trade in this old landscape TV for a new one that works in portrait mode.
3006,0,13,78,91,1.1428571428571428,0.03688555567816587,531,Does it look bigger on the couch?
3006,3,7,81,91,1.1428571428571428,0.04575090108716775,531,That couch is too small if you expect us to neckâ€¦
3006,3,7,81,91,1.1428571428571428,0.04575090108716775,531,"Don't worry, she'll win."
3006,3,7,81,91,1.1428571428571428,0.04575090108716775,531,Stop your moping. Just be glad you're not a donkey or an elephant.
3006,2,9,80,91,1.1428571428571428,0.04299935704272289,531,Reality TV is fake. Let's go clean the garage.
3006,1,11,79,91,1.1428571428571428,0.04005926187397015,531,"Have you seen my coupons for a free neck rub, dear?"
3006,2,9,80,91,1.1428571428571428,0.04299935704272289,531,The aspect ratio is not aesthetically pleasing.
3006,0,13,78,91,1.1428571428571428,0.03688555567816587,531,I told you it wasn't wall-mounted.
3006,1,11,79,91,1.1428571428571428,0.04005926187397015,531,"Apparently, head-and-shoulders-above doesn't get it anymore."
3006,2,9,80,91,1.1428571428571428,0.04299935704272289,531,"Look, no one in their right mind would call you a couch potato, so don't worry about it."
3006,2,9,80,91,1.1428571428571428,0.04299935704272289,531,I wonder why Airbnb isn't more popular?
3006,2,9,80,91,1.1428571428571428,0.04299935704272289,531,We canâ€™t wait another 10 minutes. I already set the ceiling for dinner.
3006,2,9,80,91,1.1428571428571428,0.04299935704272289,531,Do you really think the donkey and the elephant have it so good?
3006,4,5,82,91,1.1428571428571428,0.048346098027535284,531,"Game of Thrones is over till next year, let's go out in public.."
3006,3,7,81,91,1.1428571428571428,0.04575090108716775,531,How long do short necks take to evolve?
3006,1,11,79,91,1.1428571428571428,0.04005926187397015,531,It's may appeal to you but becoming domesticated appals me.
3006,2,9,80,91,1.1428571428571428,0.04299935704272289,531,"No, the shopping channel's fine. Just don't buy any more ladders."
3006,1,11,79,91,1.1428571428571428,0.04005926187397015,531,There's nothing like high definition TV!
3006,2,9,80,91,1.1428571428571428,0.04299935704272289,531,"'Neckflix and Chill' doesn't mean the whole weekend."""
3006,1,11,79,91,1.1428571428571428,0.04005926187397015,531,This candidate simply can not reticulate his ideas.
3006,2,9,80,91,1.1428571428571428,0.04299935704272289,531,"No, you can't try out for the Knicks. You don't have opposable thumbs."
3006,0,13,78,91,1.1428571428571428,0.03688555567816587,531,You know if you watch Into the Woods it's going to make you hungry.
3006,2,9,80,91,1.1428571428571428,0.04299935704272289,531,The zoom feature is broken... I think you can adapt!
3006,4,5,82,91,1.1428571428571428,0.048346098027535284,531,"You're right, the Giraffe National Convention has gotten less eventful since Trump's departure."
3006,1,11,79,91,1.1428571428571428,0.04005926187397015,531,"If by ""and chill,"" you mean actually watching Netflix, then yes."
3006,3,7,81,91,1.1428571428571428,0.04575090108716775,531,How can we neck in that position?
3103,1,11,80,92,1.141304347826087,0.0396518585330414,531,It's got the neck room. Let's take it!
3103,1,11,80,92,1.141304347826087,0.0396518585330414,531,"If you want to neck, we have to get on the floor..."
3103,3,7,82,92,1.141304347826087,0.04527751066040476,531,Turn it off! Trebek's going into detail about okapi again.
3103,2,9,81,92,1.141304347826087,0.04255774228461488,531,"You still have the same number of spots dear, even with this high def."
3103,1,11,80,92,1.141304347826087,0.0396518585330414,531,We really need to install a taller door.
3103,3,7,82,92,1.141304347826087,0.04527751066040476,531,"Ah, world's only living giraffe couch potato"
3103,2,9,81,92,1.141304347826087,0.04255774228461488,531,We'll just have to put up with the ceilings.
3103,1,11,80,92,1.141304347826087,0.0396518585330414,531,"But he said zebras and wildebeests were the greatest, too."
3103,1,11,80,92,1.141304347826087,0.0396518585330414,531,"You go to the store! It's raining, and you know I can't drive with the roof down."
3103,2,9,81,92,1.141304347826087,0.04255774228461488,531,"Aren't you getting tired of watching the"" The Real Giraffe's of New Jersey?"""
3103,3,7,82,92,1.141304347826087,0.04527751066040476,531,"Dear, Bror cheats on Karen who falls in love with Denys. It's just another predictable Streep film!"
3114,1,11,81,93,1.1397849462365592,0.039252594955244885,531,I told you we wouldn't be able to spoon on a loveseat.
3114,3,7,83,93,1.1397849462365592,0.044813774580074045,531,"Donald, Hillary... Remember when we used to run neck and neck, Harold?"
3114,2,9,82,93,1.1397849462365592,0.04212505550639789,531,I told you to order the 9 by 16 format but you went for the 16 by 9. Idiot: I'm surprised your not extinct.
3117,1,11,82,94,1.1382978723404256,0.03886123183444542,531,"I just registered a complaint about the doors, but - Good news! There's a resident chiropractor..."
3118,0,12,78,90,1.1333333333333333,0.03603299916346276,531,Wild Kingdom again?
3118,3,6,81,90,1.1333333333333333,0.045248654113974406,531,I told you not to lower yourself to human comforts and pleasures.
3118,0,12,78,90,1.1333333333333333,0.03603299916346276,531,Still watching Wild Kingdom reruns?
3118,1,10,79,90,1.1333333333333333,0.03934545613983191,531,Don't look down on their Soap operas.
3118,1,10,79,90,1.1333333333333333,0.03934545613983191,531,Look at those the silly elephants and donkeys.
3118,2,8,80,90,1.1333333333333333,0.04239991520025441,531,Want some shoots from the kitchen?
3118,1,10,79,90,1.1333333333333333,0.03934545613983191,531,I'm sorry but this is not like nuzzling in the Savannah.
3118,3,6,81,90,1.1333333333333333,0.045248654113974406,531,Say what you will about their fundamentals. I'd rather watch humans play.
3118,2,8,80,90,1.1333333333333333,0.04239991520025441,531,We should have gotten the plasma set.
3118,2,8,80,90,1.1333333333333333,0.04239991520025441,531,TV shows the presidential race is neck and neck. We should be running since we're experts in that regard.
3118,2,8,80,90,1.1333333333333333,0.04239991520025441,531,I told you Jon Snow wasn't really dead.
3118,1,10,79,90,1.1333333333333333,0.03934545613983191,531,I wish we had a top-to-bottom screen instead of this side-to-side.
3118,1,10,79,90,1.1333333333333333,0.03934545613983191,531,...So you mean literally Netflix and chill.
3118,2,8,80,90,1.1333333333333333,0.04239991520025441,531,I told you the contractor didn't know how to measure!
3118,1,10,79,90,1.1333333333333333,0.03934545613983191,531,We look better on cell phones.
3118,3,6,81,90,1.1333333333333333,0.045248654113974406,531,Don't ruin your neck.
3118,0,12,78,90,1.1333333333333333,0.03603299916346276,531,This place reminds me of our camping trailer.
3118,5,2,83,90,1.1333333333333333,0.05046599329648382,531,I stand corrected; the sword is mightier than the pen.
3118,2,8,80,90,1.1333333333333333,0.04239991520025441,531,"What's so fascinating about a Mr. Ed rerun?"""
3118,3,6,81,90,1.1333333333333333,0.045248654113974406,531,You do realize that George Giraffe's neck is lengthened by CGI?
3118,2,8,80,90,1.1333333333333333,0.04239991520025441,531,Necking......again?
3118,2,8,80,90,1.1333333333333333,0.04239991520025441,531,I thought you said you were coming to bed.
3118,3,6,81,90,1.1333333333333333,0.045248654113974406,531,In the meantime the tree leaves will be curling up.
3118,3,6,81,90,1.1333333333333333,0.045248654113974406,531,"She said ""You hug my elephant and I'll kiss your a**!"""
3118,1,10,79,90,1.1333333333333333,0.03934545613983191,531,Be nice if they made these TVs in a vertical leterbox format!
3118,1,10,79,90,1.1333333333333333,0.03934545613983191,531,You got to stop watching Keeping up with the Kardashians on Human Planet.
3118,3,6,81,90,1.1333333333333333,0.045248654113974406,531,"Honey, I DVR'd The Great Migration"
3118,0,12,78,90,1.1333333333333333,0.03603299916346276,531,I'm waiting for Jeffrey to come on.
3118,4,4,82,90,1.1333333333333333,0.04792836935744237,531,I pray he doesn't start in on us.
3118,1,10,79,90,1.1333333333333333,0.03934545613983191,531,"You miss the fresh acacia leaves, don't you?"
3118,2,8,80,90,1.1333333333333333,0.04239991520025441,531,"watching wildlife programs is educational, but during the school recess you should get out doors and play more with your friends"
3118,1,10,79,90,1.1333333333333333,0.03934545613983191,531,I love Safari!
3118,0,12,78,90,1.1333333333333333,0.03603299916346276,531,Did they use your home movie again on Growing Up Giraffe?
3118,3,6,81,90,1.1333333333333333,0.045248654113974406,531,"When I said we should return to the wild, I didn't mean re-watch all three seasons of Wild Kratts."
3118,2,8,80,90,1.1333333333333333,0.04239991520025441,531,So glad we finally got a high definition TV!
3118,0,12,78,90,1.1333333333333333,0.03603299916346276,531,"I do appreciate what Noah did but he could have brought a better selection of films then one copy of ""Dr Doolittle""!"
3118,3,6,81,90,1.1333333333333333,0.045248654113974406,531,"No, it's *not* like there's an elephant's in the room whenever I'm around, honey."
3118,2,8,80,90,1.1333333333333333,0.04239991520025441,531,Animal planet is on ch.43
3118,1,10,79,90,1.1333333333333333,0.03934545613983191,531,What is it about the Kardashians that fascinates you?
3118,2,8,80,90,1.1333333333333333,0.04239991520025441,531,"I keep on telling you,  is no such a thing as a giraffe channel!"
3118,1,10,79,90,1.1333333333333333,0.03934545613983191,531,"Wild Kingdom comes on in ten minutes dear, how 'bout a nice big bowl of acacia chips and dip to go with it?"
3118,3,6,81,90,1.1333333333333333,0.045248654113974406,531,i caught our neighbors skinny-dipping again.
3118,3,6,81,90,1.1333333333333333,0.045248654113974406,531,"Why do you find ""Dating Naked"" so awkward?"
3118,2,8,80,90,1.1333333333333333,0.04239991520025441,531,"I auditioned for The Bachelor, but they said I was too tall."
3118,2,8,80,90,1.1333333333333333,0.04239991520025441,531,It's a jungle out there on the news channel.
3118,1,10,79,90,1.1333333333333333,0.03934545613983191,531,Don't succumb to horizontal bias.
3118,1,10,79,90,1.1333333333333333,0.03934545613983191,531,Too many commercial spots.
3118,2,8,80,90,1.1333333333333333,0.04239991520025441,531,I wish we had a longer couch.
3118,2,8,80,90,1.1333333333333333,0.04239991520025441,531,"You win; ""I'm with her."""
3118,3,6,81,90,1.1333333333333333,0.045248654113974406,531,What's for dinner?
3118,3,6,81,90,1.1333333333333333,0.045248654113974406,531,"Just think, before Mr. Trump promised us a better life we were stuck on the edge of the savannah, nibbling leaves off trees."
3118,3,6,81,90,1.1333333333333333,0.045248654113974406,531,Are you actually buying something on the home shopping network? ...platform shoes?
3118,1,10,79,90,1.1333333333333333,0.03934545613983191,531,These David Attenborough docos are just so retro.
3118,1,10,79,90,1.1333333333333333,0.03934545613983191,531,You insisted we pay a ton extra for high ceilings. If you didn't intend to stand I don't understand the need.
3118,1,10,79,90,1.1333333333333333,0.03934545613983191,531,"Move the TV closer, you're craning your neck."
3118,2,8,80,90,1.1333333333333333,0.04239991520025441,531,Wanna check out the red room? We could do a little necking.
3118,2,8,80,90,1.1333333333333333,0.04239991520025441,531,"I think mom hid the remote on purpose, again."
3118,3,6,81,90,1.1333333333333333,0.045248654113974406,531,Call me the original giraffe potato
3118,1,10,79,90,1.1333333333333333,0.03934545613983191,531,Hand over the remote!
3118,1,10,79,90,1.1333333333333333,0.03934545613983191,531,"Breakfast at Tiffany's, again?"
3118,2,8,80,90,1.1333333333333333,0.04239991520025441,531,"Hi sweetie, how about a bit of necking?"
3118,1,10,79,90,1.1333333333333333,0.03934545613983191,531,Aren't you tired of watching Animal Kingdom reruns?
3118,1,10,79,90,1.1333333333333333,0.03934545613983191,531,"Doris, are you watching ""The Serengeti Has Talent"" AGAIN?!?"
3118,2,8,80,90,1.1333333333333333,0.04239991520025441,531,I always told you that we could rightfully look down on those elephants and donkeys.
3118,1,10,79,90,1.1333333333333333,0.03934545613983191,531,I happen to like vertical video.
3118,2,8,80,90,1.1333333333333333,0.04239991520025441,531,Want to Netflix and chill with some Planet Earth?
3118,2,8,80,90,1.1333333333333333,0.04239991520025441,531,I sill can't believe you watch Life is Short
3118,1,10,79,90,1.1333333333333333,0.03934545613983191,531,"It's not exactly giraffe-friendly, is it?"
3118,2,8,80,90,1.1333333333333333,0.04239991520025441,531,Again you beat me to the remote.
3118,2,8,80,90,1.1333333333333333,0.04239991520025441,531,Trump was right - this is the best ark ever!
3118,4,4,82,90,1.1333333333333333,0.04792836935744237,531,"I'm sticking my neck out a little, but the screen in too low."
3118,0,12,78,90,1.1333333333333333,0.03603299916346276,531,You're binge watching Downton Abbey again?
3118,1,10,79,90,1.1333333333333333,0.03934545613983191,531,Maybe you can scoot over a bit?
3118,2,8,80,90,1.1333333333333333,0.04239991520025441,531,Anything new on TV about same-sex couples?
3118,3,6,81,90,1.1333333333333333,0.045248654113974406,531,It's about the doorway height...
3118,2,8,80,90,1.1333333333333333,0.04239991520025441,531,I don't get it. Why do they continue making them with the landscape screen format?
3118,1,10,79,90,1.1333333333333333,0.03934545613983191,531,Cecil hasn't been showing up to work lately.
3195,3,6,82,91,1.1318681318681318,0.044772634697721685,531,"It's not even plugged in, so what are you staring at!?"
3195,2,8,81,91,1.1318681318681318,0.04195698480080983,531,Letterbox format just doesn't do it for me.
3195,1,10,80,91,1.1318681318681318,0.038938263050310076,531,"We'll return it and say we were looking for a 65"" VERTICAL Smart 4k Ultra 3D..."
3195,2,8,81,91,1.1318681318681318,0.04195698480080983,531,We bought it through Lending Tree.
3195,2,8,81,91,1.1318681318681318,0.04195698480080983,531,"I wish you could see far enough to recognize that Netflix is the new lion, and your lack of ambition is the new tearing my throat out."
3195,1,10,80,91,1.1318681318681318,0.038938263050310076,531,"No, we're not getting a cat."
3195,2,8,81,91,1.1318681318681318,0.04195698480080983,531,Times up. I get the TV control and sofa now.
3195,4,4,83,91,1.1318681318681318,0.047421398777090874,531,"I'm sorry, ok. Will you please come back to bed, now?"
3195,2,8,81,91,1.1318681318681318,0.04195698480080983,531,Herman. You heard the man: Don't boo. VOTE!
3195,3,6,82,91,1.1318681318681318,0.044772634697721685,531,Get down before you break your neck.
3195,1,10,80,91,1.1318681318681318,0.038938263050310076,531,Could you move up a bit?
3195,1,10,80,91,1.1318681318681318,0.038938263050310076,531,"Finally, an appeal for the Animal vote."
3195,2,8,81,91,1.1318681318681318,0.04195698480080983,531,"Since they've started blocking VPNs, we only get Netflix Serengeti."
3195,2,8,81,91,1.1318681318681318,0.04195698480080983,531,"Theyâ€™re bringing back The Wire, and itâ€™s set in the Serengeti!"
3195,0,12,79,91,1.1318681318681318,0.03566494196230942,531,Let's watch reruns of Human Planet!
3195,3,6,82,91,1.1318681318681318,0.044772634697721685,531,"Let me guess,tonight we're having T V dinners for supper."
3195,2,8,81,91,1.1318681318681318,0.04195698480080983,531,Did you see where the lions attacked those zebras?
3195,2,8,81,91,1.1318681318681318,0.04195698480080983,531,"2020, for sure, will be our third-party year! Yeah, Giraffes!!!"
3213,3,6,83,92,1.1304347826086956,0.0443064926404407,531,In giraffe years you're a Millennial---so I'm kicking you out.
3213,1,10,81,92,1.1304347826086956,0.038539359149039935,531,I know a zoo when I see one.
3213,1,10,81,92,1.1304347826086956,0.038539359149039935,531,I never knew how much I'd miss President Dumbo.
3213,0,12,80,92,1.1304347826086956,0.035304258388745666,531,Trump is quite a stretch -- just our kind of candidate.
3213,3,6,83,92,1.1304347826086956,0.0443064926404407,531,Not a fan of the widescreen.
3213,2,8,82,92,1.1304347826086956,0.041523171204257234,531,"Typical political bombast! No matter what they say, we have to keep our heads high."
3219,1,10,82,93,1.1290322580645162,0.03814849572328797,531,Do you want to get neck-ed and chill?
3220,1,9,78,88,1.125,0.03896686961894279,531,You know your neck shrinks when you're depressed.
3220,1,9,78,88,1.125,0.03896686961894279,531,"Another episode of ""Man Whisperer""?"
3220,1,9,78,88,1.125,0.03896686961894279,531,"I tell you, that new zookeeper at work really gets on my nerves."
3220,1,9,78,88,1.125,0.03896686961894279,531,"Be patient, honey... Lamarck was right. Portrait oriented TV screens are going to hit the market soon."
3220,1,9,78,88,1.125,0.03896686961894279,531,So...Zootopia...again...
3220,2,7,79,88,1.125,0.042185897498493455,531,You never touch me anymore.
3220,0,11,77,88,1.125,0.03545678930819846,531,We really need to get a higher-definition TV.
3220,1,9,78,88,1.125,0.03896686961894279,531,The Tree-Grazing Channel again?
3220,2,7,79,88,1.125,0.042185897498493455,531,"Really, the Animal Planet again? Obviously, we need to get back to counseling."
3220,1,9,78,88,1.125,0.03896686961894279,531,I think you need to cut back on binge-watching 'Wild Kingdom' reruns.
3220,2,7,79,88,1.125,0.042185897498493455,531,Living here is so much better than our African Savannah!
3220,2,7,79,88,1.125,0.042185897498493455,531,"Okay, so you're not elephant or donkey, but you'll be an ass if you just sit this one out."
3220,1,9,78,88,1.125,0.03896686961894279,531,"Dearest, it's not only a jungle out there, it's a zoo, it's kill or be killed, it's survival of the fittest, it's like--hey, are you watching ""Mutual of Omaha's Wild Kingdom"" again?"
3220,1,9,78,88,1.125,0.03896686961894279,531,"At least the elephant won't be able to tell the ""sticking your neck out too far"" joke ever again."
3220,0,11,77,88,1.125,0.03545678930819846,531,Why do you waste your time on that low leaf eater waste land?
3220,0,11,77,88,1.125,0.03545678930819846,531,"Hey Baby, ya wanna 'neck'..."
3220,2,7,79,88,1.125,0.042185897498493455,531,It says here that hanging the Damocles 2000 Rex-a-nator sideways voids the manufacturer's warranty.
3220,2,7,79,88,1.125,0.042185897498493455,531,"House sitting has been fun, but I'm ready to get back to my own patch of grass."
3220,1,9,78,88,1.125,0.03896686961894279,531,"If the volume's too high, I can turn it down for you."
3220,1,9,78,88,1.125,0.03896686961894279,531,Did you the hear the Tigers accorded the street just got on the endangered species list? They're always showing off.
3220,2,7,79,88,1.125,0.042185897498493455,531,"It's a real ""Wild Kingdom"" in here with you."
3220,1,9,78,88,1.125,0.03896686961894279,531,"Yes, Wes Anderson does do interesting things with head room."
3220,1,9,78,88,1.125,0.03896686961894279,531,Turn that garbage off. Let's neck instead.
3220,2,7,79,88,1.125,0.042185897498493455,531,You look ridiculous.
3220,2,7,79,88,1.125,0.042185897498493455,531,Order out?
3220,0,11,77,88,1.125,0.03545678930819846,531,This is a nice waiting room. Awefully nice for that dentist to offer us complimentary cleanings.
3220,1,9,78,88,1.125,0.03896686961894279,531,I swear ' The National Geographic ' said you have to entwine your neck.
3220,2,7,79,88,1.125,0.042185897498493455,531,"Do we get ""The Necking Channel""?"
3220,1,9,78,88,1.125,0.03896686961894279,531,"Bernie, let's get some donkeys and elephants into our group."
3220,0,11,77,88,1.125,0.03545678930819846,531,Can we switch from Animal Planet to ESPN now?
3220,2,7,79,88,1.125,0.042185897498493455,531,'I'm with her?' What about us?
3220,1,9,78,88,1.125,0.03896686961894279,531,"Who got a rose ... no wait, don't tell me, let me guess."
3220,2,7,79,88,1.125,0.042185897498493455,531,Watch PBS and be more.
3220,1,9,78,88,1.125,0.03896686961894279,531,Do you not have a leg to stand on?
3220,3,5,80,88,1.125,0.04517613272079744,531,I love a condo with high ceilings!
3220,0,11,77,88,1.125,0.03545678930819846,531,Clarissa stop watching Trump!His Son shot one of us back in The Old Country
3220,0,11,77,88,1.125,0.03545678930819846,531,Have you heard the one about the giraffe in the room?
3220,3,5,80,88,1.125,0.04517613272079744,531,"Kung Fu Panda, Gorillas in the Mist, Angry Birds, or Finding Trump?"
3220,1,9,78,88,1.125,0.03896686961894279,531,I told you it would be sexier if you showed more of your legs.
3220,1,9,78,88,1.125,0.03896686961894279,531,"Get a grip Gif, National Geo is not returning your calls, take that zoo selfie gig."
3220,3,5,80,88,1.125,0.04517613272079744,531,In addition to the flat screen television we are also featuring extra tall ceilings in this condo.
3220,0,11,77,88,1.125,0.03545678930819846,531,"See, don't you like it better when we keep the people off the couch?"""
3220,0,11,77,88,1.125,0.03545678930819846,531,Because (a) I don't do sitting yoga and (b) you're taking up the whole couch.
3220,2,7,79,88,1.125,0.042185897498493455,531,Let's slip into something more comfortable.
3220,1,9,78,88,1.125,0.03896686961894279,531,Wide screen schmide screen how about tall for a change!
3220,3,5,80,88,1.125,0.04517613272079744,531,"Honey, I'm home."
3220,1,9,78,88,1.125,0.03896686961894279,531,You can't look away? Then just stand up and be above it all!
3220,2,7,79,88,1.125,0.042185897498493455,531,Move up I need to cuddle.
3220,1,9,78,88,1.125,0.03896686961894279,531,I just heard I'm a finalist in the Animal Planet's cartoon caption contest!
3220,1,9,78,88,1.125,0.03896686961894279,531,Do you want to watch Wild Kingdom?
3220,1,9,78,88,1.125,0.03896686961894279,531,It's not a preserve but it's better than the chickens have it.
3220,2,7,79,88,1.125,0.042185897498493455,531,"""The 'Legume Channel Network' again? Seriously?"
3220,2,7,79,88,1.125,0.042185897498493455,531,Love to join you but I have the croup... hey... is that Marlin Perkins?
3220,1,9,78,88,1.125,0.03896686961894279,531,"I'm sorry ,Honey. I called room service--but they're all 16:9s, no 9:16s."
3220,0,11,77,88,1.125,0.03545678930819846,531,You care more about the Kardashians than your own family.
3220,1,9,78,88,1.125,0.03896686961894279,531,"You've got to get out more. It's ""Shark Week"" anyhow."
3220,2,7,79,88,1.125,0.042185897498493455,531,"I know you wanted a Tall Screen for your birthday honey, but this is all the stories carried."
3220,1,9,78,88,1.125,0.03896686961894279,531,"Is it on TV yet? No? One of the white guards ""accidentally"" shot a black bear at work today. It's a real zoo out there."
3220,3,5,80,88,1.125,0.04517613272079744,531,Aren't you sick of ruminating?
3220,2,7,79,88,1.125,0.042185897498493455,531,It's time to dump the elephant.
3220,1,9,78,88,1.125,0.03896686961894279,531,Need ceiling mounted once again I prove correct.
3220,1,9,78,88,1.125,0.03896686961894279,531,I'm staying in. I have to catch up with past Animal Kingdom episodes.
3220,0,11,77,88,1.125,0.03545678930819846,531,Everything about this interior design you've picked is a pain in the neck.
3220,3,5,80,88,1.125,0.04517613272079744,531,Because they wanted an elephant and a donkey.
3220,2,7,79,88,1.125,0.042185897498493455,531,You've been sitting on that couch ever since we got turned into giraffes.
3220,2,7,79,88,1.125,0.042185897498493455,531,"If our neighbor calls me J. Ralph, one moe time, I may wring his neck!"
3220,0,11,77,88,1.125,0.03545678930819846,531,These city life documentaries in high definition are great.
3220,2,7,79,88,1.125,0.042185897498493455,531,"Alexa, tell my TV to change the channel to Animal Planet."
3220,3,5,80,88,1.125,0.04517613272079744,531,Let's hope FIOS doesn't follow through with those break-neck speeds
3220,0,11,77,88,1.125,0.03545678930819846,531,"You weren't listening. I said 'graze,' not 'gaze.'"
3220,1,9,78,88,1.125,0.03896686961894279,531,"Yes, I love the doorway...but my neck doesn't."
3220,2,7,79,88,1.125,0.042185897498493455,531,Should have gotten a bigger screen
3220,2,7,79,88,1.125,0.042185897498493455,531,Seems like the wrong orientation for HDTV
3220,1,9,78,88,1.125,0.03896686961894279,531,Do you want to talk about the awkward Elephant party nominee in the room?
3220,0,11,77,88,1.125,0.03545678930819846,531,Its a beautiful day... why don't you go outside and hunt for Pokemon
3220,2,7,79,88,1.125,0.042185897498493455,531,At least we're not Muslims
3220,1,9,78,88,1.125,0.03896686961894279,531,"Honey, the Curator got us front row seats for tonight's game at the Garden!"
3220,2,7,79,88,1.125,0.042185897498493455,531,What remote?
3220,2,7,79,88,1.125,0.042185897498493455,531,"Bad news honey, the landlord is charging by the foot."
3220,1,9,78,88,1.125,0.03896686961894279,531,I really wish you would put your head back into the clouds.
3220,1,9,78,88,1.125,0.03896686961894279,531,"Lighten up. I said acacia, not euthanasia."
3220,4,3,81,88,1.125,0.047980370855807426,531,we have to keep searching. there must be someone we can vote for.
3220,2,7,79,88,1.125,0.042185897498493455,531,Just call your spots beauty marks
3220,2,7,79,88,1.125,0.042185897498493455,531,It's presented in 87:9
3220,2,7,79,88,1.125,0.042185897498493455,531,Leaves don't grow on TVs.
3220,1,9,78,88,1.125,0.03896686961894279,531,This is perfect drone's-eye view. Just the way I like it!
3220,2,7,79,88,1.125,0.042185897498493455,531,"We stuck our necks out to come up in the world, Spotella, and aspiring to be one of the Real Housewives of Acacia, I feel, is beneath our dignity."
3220,2,7,79,88,1.125,0.042185897498493455,531,I told you to buy a taller door.
3220,2,7,79,88,1.125,0.042185897498493455,531,"Don't be fooled, 'a leopard can't change his spots' and neither can you!"
3220,2,7,79,88,1.125,0.042185897498493455,531,You're addicted to Human Planet since Trump came along.
3220,1,9,78,88,1.125,0.03896686961894279,531,Reticulated room for one
3220,3,5,80,88,1.125,0.04517613272079744,531,Inappropriate ! Not enough nudity for your age.
3220,1,9,78,88,1.125,0.03896686961894279,531,The Conventions are over. Itâ€™s now safe to go outside.
3220,1,9,78,88,1.125,0.03896686961894279,531,I told you to order extra long.
3220,1,9,78,88,1.125,0.03896686961894279,531,You'll hurt your neck sitting that far from the TV.
3220,2,7,79,88,1.125,0.042185897498493455,531,"It's ""Tall Story"" with Jane Fonda and Tony Perkins."
3220,1,9,78,88,1.125,0.03896686961894279,531,Giraffes don't lie around watching TV - go outside and play PokÃ©mon Go.
3220,0,11,77,88,1.125,0.03545678930819846,531,"I've asked you several times, to take out the trash, but I see that you won't stick your neck out for anyone."
3220,0,11,77,88,1.125,0.03545678930819846,531,Not another episode of The Real Giraffes of the Serengetti!
3220,2,7,79,88,1.125,0.042185897498493455,531,Don't sit so close.
3220,0,11,77,88,1.125,0.03545678930819846,531,I know I'm old-fashioned but I'd rather listen to Saturdays in the Serengeti than watch Wild Kingdom reruns.
3220,3,5,80,88,1.125,0.04517613272079744,531,"Hey, remember when your parents caught us necking? What a scene."
3220,1,9,78,88,1.125,0.03896686961894279,531,They never promote anyone like us in these pageants.
3220,0,11,77,88,1.125,0.03545678930819846,531,A camel's got the penthouse but there's a two bedroom on a high floor with a view of Central Park.
3220,0,11,77,88,1.125,0.03545678930819846,531,Do you think they'll have a political party just for us?
3220,3,5,80,88,1.125,0.04517613272079744,531,"The Big Apple is nice, but I'm homesick."
3220,1,9,78,88,1.125,0.03896686961894279,531,Animal Planet has turned into real trash T.V.
3220,1,9,78,88,1.125,0.03896686961894279,531,"Quick, hide! The polar bears are on their way over!!"
3220,2,7,79,88,1.125,0.042185897498493455,531,Would you like a long-neck bottle of beer?
3220,1,9,78,88,1.125,0.03896686961894279,531,"It's basically a dream or purgatory or something. C'mon, let's go outside and slam our necks together."
3220,2,7,79,88,1.125,0.042185897498493455,531,I hope all the flying pigs outside aren't gonna drive down our property value.
3220,1,9,78,88,1.125,0.03896686961894279,531,move over!
3220,2,7,79,88,1.125,0.042185897498493455,531,"Sorry, Bernie. That's not what I'd call a full-throated endorsement."
3220,1,9,78,88,1.125,0.03896686961894279,531,You've got to stop watching Nat Geo Wild. The Wildabeast ALWAYS losses.
3220,3,5,80,88,1.125,0.04517613272079744,531,Speak up!
3220,0,11,77,88,1.125,0.03545678930819846,531,I prefer the TV shots from the blimp.
3220,0,11,77,88,1.125,0.03545678930819846,531,The Nature Channel is calling. They want to do a show on 'At Home With Giraffes.'
3220,3,5,80,88,1.125,0.04517613272079744,531,It's not our cable subscription. Marlin Perkins has been off the air for thirty years.
3220,1,9,78,88,1.125,0.03896686961894279,531,Ya think the Cubs can do it?
3220,0,11,77,88,1.125,0.03545678930819846,531,"Raise the screen to eye level, our health insurance doesn't cover chiropractic treatments for stiff necks."
3220,1,9,78,88,1.125,0.03896686961894279,531,Madagascar again?
3220,2,7,79,88,1.125,0.042185897498493455,531,Their running neck and neck. If Trump wins were gonna replace the elephant.
3220,1,9,78,88,1.125,0.03896686961894279,531,It's a good thing we can go so high 'cause he sure goes low.
3220,0,11,77,88,1.125,0.03545678930819846,531,Don't you just love our vaulted ceilings?
3344,1,9,79,89,1.1235955056179776,0.03855214395662027,531,This sure beats Guantanamo!
3344,2,7,80,89,1.1235955056179776,0.0417328457999829,531,Did you have problems getting through that door?
3344,2,7,80,89,1.1235955056179776,0.0417328457999829,531,"Will just call and apologize already?"" ""All right, all right. As soon as I finish swallowing my pride."
3344,1,9,79,89,1.1235955056179776,0.03855214395662027,531,"You're right, it's too low. I'll call the Geek Squad tomorrow."
3344,4,3,82,89,1.1235955056179776,0.047458989121045375,531,You're a pain in the ass. Change the damn channel yourself.
3344,2,7,80,89,1.1235955056179776,0.0417328457999829,531,Do I have to duck?
3344,2,7,80,89,1.1235955056179776,0.0417328457999829,531,"You know dear, I thought all that money from the settlement would make us happy, but honestly, I now find you to be distant and aloof."
3351,1,8,77,86,1.1162790697674418,0.03850348519824095,531,It looks more fun than necking!
3351,1,8,77,86,1.1162790697674418,0.03850348519824095,531,I fed up with Pachyderms and Jackasses. I think it's time for the Jiraffe party
3351,1,8,77,86,1.1162790697674418,0.03850348519824095,531,"No, the other necking silly."
3351,3,4,79,86,1.1162790697674418,0.045052347273434934,531,Enough convention watching. Let's get nekkid.
3351,1,8,77,86,1.1162790697674418,0.03850348519824095,531,"Well, I'm not changing."
3351,3,4,79,86,1.1162790697674418,0.045052347273434934,531,I'm just so tired of the silence.
3351,1,8,77,86,1.1162790697674418,0.03850348519824095,531,How did our ancestors survive the ARK?
3351,1,8,77,86,1.1162790697674418,0.03850348519824095,531,"By turning the set on edge, you won't lose her head and feet."
3351,1,8,77,86,1.1162790697674418,0.03850348519824095,531,Watching movies at home is so much easier.
3351,0,10,76,86,1.1162790697674418,0.03476953495797218,531,You call that Serengeti show reality TV? The only talking giraffes are in the Toys R Us commercials!
3351,2,6,78,86,1.1162790697674418,0.04190603994209748,531,"After watching the political conventions, there's no reason for us to question the selection of the donkey and elephant symbols."
3351,0,10,76,86,1.1162790697674418,0.03476953495797218,531,The Geographic Channel is the only thing worth watching.
3351,2,6,78,86,1.1162790697674418,0.04190603994209748,531,Binge watching the Bachelorette is not worth a sprained neck!
3351,1,8,77,86,1.1162790697674418,0.03850348519824095,531,We really need to start wearing some clothes around here.
3351,1,8,77,86,1.1162790697674418,0.03850348519824095,531,Ready for a little TV and neckin ?
3351,0,10,76,86,1.1162790697674418,0.03476953495797218,531,Get giraffe off my side.
3351,2,6,78,86,1.1162790697674418,0.04190603994209748,531,Imagine how good 4K TV must look when you can see in color.
3351,1,8,77,86,1.1162790697674418,0.03850348519824095,531,You look like you need some cheering up.What say we go stomp some lions to death?
3351,2,6,78,86,1.1162790697674418,0.04190603994209748,531,Why didn't you come home last night?
3351,2,6,78,86,1.1162790697674418,0.04190603994209748,531,Why do you get the good couch?
3351,0,10,76,86,1.1162790697674418,0.03476953495797218,531,"Hey, my turn to be the remote control today!"
3351,1,8,77,86,1.1162790697674418,0.03850348519824095,531,You do realize our cache if this wall gets built.
3351,1,8,77,86,1.1162790697674418,0.03850348519824095,531,"Binge watching ""The Bachelor"" will never get you that baby you want."
3351,2,6,78,86,1.1162790697674418,0.04190603994209748,531,"Before we watch this, let me get us a couple of beers from the fridge. Do we have any longnecks?"
3351,1,8,77,86,1.1162790697674418,0.03850348519824095,531,"See, I told you elephants and donkeys are bad influences."
3351,0,10,76,86,1.1162790697674418,0.03476953495797218,531,"This new 4k TV makes ""Out of Africa"" look like a Soap Opera."
3351,2,6,78,86,1.1162790697674418,0.04190603994209748,531,"You really ought to stop moping around, and keep your head held high."
3351,0,10,76,86,1.1162790697674418,0.03476953495797218,531,"Animal rights . . . this is all very nice, but it's still a cage. And where is our tall tree?"
3351,1,8,77,86,1.1162790697674418,0.03850348519824095,531,"""Watching real housewives of the savannas again?"" They have such wild life styles""...."
3351,2,6,78,86,1.1162790697674418,0.04190603994209748,531,"Don't tell me, watching the Nature channel again (ital:again)?!"
3351,1,8,77,86,1.1162790697674418,0.03850348519824095,531,Animal Planet has a show on tonight that has giraffe's in the wild.
3351,1,8,77,86,1.1162790697674418,0.03850348519824095,531,You've been watching too long.
3351,3,4,79,86,1.1162790697674418,0.045052347273434934,531,"Trump's on again, wanna neck?"
3351,0,10,76,86,1.1162790697674418,0.03476953495797218,531,You're hogging all the headroom.
3351,1,8,77,86,1.1162790697674418,0.03850348519824095,531,"""We could use a larger TV""."
3351,2,6,78,86,1.1162790697674418,0.04190603994209748,531,"Those were gaffes. Trump made a lot of gaffes. Besides, we can't vote; only elephants and Donkey Kong."
3351,2,6,78,86,1.1162790697674418,0.04190603994209748,531,I can't remain silent on this any longer...
3351,3,4,79,86,1.1162790697674418,0.045052347273434934,531,Letâ€™s watch the Discovery channel show about the vanishing tribes of Africa. I heard is both fascinating and tragic.
3351,2,6,78,86,1.1162790697674418,0.04190603994209748,531,You're not fooling me sitting in front of the television. You can't use the remote control with your hooves any better than I can.
3351,3,4,79,86,1.1162790697674418,0.045052347273434934,531,"Yep, you're dying."
3351,1,8,77,86,1.1162790697674418,0.03850348519824095,531,"Sweetie, the wall will be too high for us to jump over."
3351,1,8,77,86,1.1162790697674418,0.03850348519824095,531,You are watching the long jump aren't you?
3351,0,10,76,86,1.1162790697674418,0.03476953495797218,531,"Hellooo, giraffing the sofa again!"
3351,2,6,78,86,1.1162790697674418,0.04190603994209748,531,"Babe, I'm the only Bachelor you'll ever need."
3351,2,6,78,86,1.1162790697674418,0.04190603994209748,531,You can't look down on this series
3351,1,8,77,86,1.1162790697674418,0.03850348519824095,531,Really? The Kardashians again? I'd leave but the doors too low.
3351,0,10,76,86,1.1162790697674418,0.03476953495797218,531,"You know the drill - PBS, yes -- animal planet, no........"
3351,1,8,77,86,1.1162790697674418,0.03850348519824095,531,I may be sticking my neck outâ€” did you hide the remote?
3351,1,8,77,86,1.1162790697674418,0.03850348519824095,531,"It's ""Poacher Week"" already?"
3351,2,6,78,86,1.1162790697674418,0.04190603994209748,531,"I know the tastiest leaves are always just out of reach, but trust me on this ... Viagra won't help."
3351,1,8,77,86,1.1162790697674418,0.03850348519824095,531,These conventions are such a zoo. Wonder why they didn't invite us?
3351,2,6,78,86,1.1162790697674418,0.04190603994209748,531,I never should have let you subscribe to the all headlights channel
3351,3,4,79,86,1.1162790697674418,0.045052347273434934,531,"Honey, I really have a huge problem with your decision to vote for Donald J. Lion."
3351,0,10,76,86,1.1162790697674418,0.03476953495797218,531,You always liked balcony seats.
3351,3,4,79,86,1.1162790697674418,0.045052347273434934,531,I knew we should have gone with the leopard print fabric
3351,2,6,78,86,1.1162790697674418,0.04190603994209748,531,"Well, did Netflix also happen to mention that sitting is the new poaching?"
3351,2,6,78,86,1.1162790697674418,0.04190603994209748,531,It's the latest thing; a wide screen TV.
3351,1,8,77,86,1.1162790697674418,0.03850348519824095,531,No big deal. You've been breaking through drywall and plaster for decades.
3351,0,10,76,86,1.1162790697674418,0.03476953495797218,531,"Blend in, huh?"
3351,1,8,77,86,1.1162790697674418,0.03850348519824095,531,Are you watching National Conventions Wild?
3351,2,6,78,86,1.1162790697674418,0.04190603994209748,531,Nature doesn't come on for another two days. Are you just going to set there like some kind of human?
3351,0,10,76,86,1.1162790697674418,0.03476953495797218,531,Get off gir'ass!
3351,4,2,80,86,1.1162790697674418,0.04799283077777024,531,May I join you?
3351,1,8,77,86,1.1162790697674418,0.03850348519824095,531,Is Bernie Sanders on The Apprentice?
3351,0,10,76,86,1.1162790697674418,0.03476953495797218,531,That Kim Kardashian sure has a long neck.
3351,1,8,77,86,1.1162790697674418,0.03850348519824095,531,"No, not another rerun of Animal Kingdom?"
3351,2,6,78,86,1.1162790697674418,0.04190603994209748,531,Talk about sticking your neck out!
3351,1,8,77,86,1.1162790697674418,0.03850348519824095,531,"I am having a hard time swallowing the Trump & Clinton ""truths""."
3351,1,8,77,86,1.1162790697674418,0.03850348519824095,531,We need to raise the tv. Hang it on the wall. Something!
3420,2,6,79,87,1.1149425287356323,0.041443118108781485,531,How about we turn off the t.v. and poke our heads out the door?
3420,1,8,78,87,1.1149425287356323,0.038081804476895215,531,Lets go out to the Savanna.
3420,2,6,79,87,1.1149425287356323,0.041443118108781485,531,Get yer affe (giraffe) off the couch
3423,1,7,74,82,1.1097560975609757,0.03882533545228836,531,I think you would find the viewing more pleasurable if you turned the TV on its side.
3424,2,5,78,85,1.1058823529411765,0.04107630875030445,531,This is what happens when we let the humans go outside to play Pokemon-Go.
3424,0,9,76,85,1.1058823529411765,0.033571402278047356,531,Why are you peeved? I always stick out my neck for you.
3424,0,9,76,85,1.1058823529411765,0.033571402278047356,531,"I told you to only watch ""G"" rated programs and feet off the couch!"
3424,1,7,77,85,1.1058823529411765,0.03751201268570391,531,Your tete-a-tÃªte-Ã -tÃªte will not accommodate a cou-a-cou.
3424,2,5,78,85,1.1058823529411765,0.04107630875030445,531,"Could you lend me a hand in the kitchen, sweetie?"
3424,1,7,77,85,1.1058823529411765,0.03751201268570391,531,Would it kill you to put that thing on a wall mount?! Our necks won't be young and supple forever you know.
3424,3,3,79,85,1.1058823529411765,0.04435510326183747,531,Have you started dinner?
3424,0,9,76,85,1.1058823529411765,0.033571402278047356,531,You are really sticking your neck out trying to watch the political conventions on TV.
3424,1,7,77,85,1.1058823529411765,0.03751201268570391,531,"You're not searching for ""Giraffe Week"" again, are you?"
3424,1,7,77,85,1.1058823529411765,0.03751201268570391,531,"I'm sorry but we've watched the program twice and they just didn't use the clip were you shouted out ""Baba-booey""."
3424,2,5,78,85,1.1058823529411765,0.04107630875030445,531,It's time to go to the Convention!
3424,2,5,78,85,1.1058823529411765,0.04107630875030445,531,I wish my contacts weren't bifocals.
3424,0,9,76,85,1.1058823529411765,0.033571402278047356,531,Let's not stretch our viewing time!
3424,2,5,78,85,1.1058823529411765,0.04107630875030445,531,They're always wrong! It's not going to rain that hard.
3424,2,5,78,85,1.1058823529411765,0.04107630875030445,531,I hope you appreciate that I stuck my neck out for the big screen!
3424,1,7,77,85,1.1058823529411765,0.03751201268570391,531,Let's move the TV to over the fireplace.
3424,0,9,76,85,1.1058823529411765,0.033571402278047356,531,You are only allowed to watch Movies rated G (for Giraffe)
3424,1,7,77,85,1.1058823529411765,0.03751201268570391,531,"Honey, you know how I feel about craning my neck to see the television."
3424,0,9,76,85,1.1058823529411765,0.033571402278047356,531,"After ""Keeping up with"", how about some ""Animal Planet""?"
3424,1,7,77,85,1.1058823529411765,0.03751201268570391,531,"I've read the review, it's a steamy romance movie set in the Serengeti. Pretty much the usual thing, boy meets girl, they hold hands, fall in love... Twist is they've cast a couple of hippo's in the lead roles, think I'll get an early night, enjoy!!"
3424,0,9,76,85,1.1058823529411765,0.033571402278047356,531,"I don't know about this ""Jack Hanna"" guy..."""
3424,2,5,78,85,1.1058823529411765,0.04107630875030445,531,"Pixelated, schmixelated."
3424,1,7,77,85,1.1058823529411765,0.03751201268570391,531,Raise the screen so it will really be hi- def
3424,1,7,77,85,1.1058823529411765,0.03751201268570391,531,This sure beats the Serengeti Plain!
3424,2,5,78,85,1.1058823529411765,0.04107630875030445,531,It's always 'Shark Week' in Philadelphia.
3424,2,5,78,85,1.1058823529411765,0.04107630875030445,531,Where's the remote?
3424,2,5,78,85,1.1058823529411765,0.04107630875030445,531,I was big catcalled on the way home.
3424,0,9,76,85,1.1058823529411765,0.033571402278047356,531,Remember who you are. Think about it.
3424,2,5,78,85,1.1058823529411765,0.04107630875030445,531,"America's Next Top Model rejected you again, didn't they?"
3424,3,3,79,85,1.1058823529411765,0.04435510326183747,531,It hurts my neck to look down that low.
3424,1,7,77,85,1.1058823529411765,0.03751201268570391,531,"A new TV, with a larger screen? Just lean in."
3424,0,9,76,85,1.1058823529411765,0.033571402278047356,531,Wish I could trade these necks for some fingers on the remote.
3424,1,7,77,85,1.1058823529411765,0.03751201268570391,531,"From now on, Esther, call me Caitlyn."
3424,1,7,77,85,1.1058823529411765,0.03751201268570391,531,All that lowbrow trash is making you an animal.
3424,3,3,79,85,1.1058823529411765,0.04435510326183747,531,We're never going to fit that couch back through that door.
3424,3,3,79,85,1.1058823529411765,0.04435510326183747,531,How many times do I have to tell you to go out and chew those leaves?
3424,2,5,78,85,1.1058823529411765,0.04107630875030445,531,I've been recruited by a drug cartel.
3424,2,5,78,85,1.1058823529411765,0.04107630875030445,531,I would caution you not to put too much faith in those tall tales that Mr. Trump is espousing.
3424,0,9,76,85,1.1058823529411765,0.033571402278047356,531,"No, I donâ€™t think poachers are just misunderstood bad boys."
3424,0,9,76,85,1.1058823529411765,0.033571402278047356,531,This Black Tongues Matter movement has really taken off.
3424,2,5,78,85,1.1058823529411765,0.04107630875030445,531,The Hyenas have asked us over. Are you in a mood for some disemboweling?
3424,1,7,77,85,1.1058823529411765,0.03751201268570391,531,"A third party would probably use a unicorn or a leprechaun for its mascot - not a giraffe, because they actually exist."
3424,1,7,77,85,1.1058823529411765,0.03751201268570391,531,I think the TV stand needs to be raised. I'm getting neck aches
3424,1,7,77,85,1.1058823529411765,0.03751201268570391,531,I've got a crimp in my neck from watching that small screen.
3424,2,5,78,85,1.1058823529411765,0.04107630875030445,531,Our rent-controlled lease has a 'no pets' clause. Could one of us be considered a pet?
3424,2,5,78,85,1.1058823529411765,0.04107630875030445,531,Wanna get neck'id and screw?
3424,1,7,77,85,1.1058823529411765,0.03751201268570391,531,"Keep your head up, dear."
3424,0,9,76,85,1.1058823529411765,0.033571402278047356,531,The Nature Channel should frighten you!
3424,0,9,76,85,1.1058823529411765,0.033571402278047356,531,The toilet's clogged again
3424,1,7,77,85,1.1058823529411765,0.03751201268570391,531,"Well I can't control the giraffic honey. But go right ahead, just Season 2 without me!"
3424,2,5,78,85,1.1058823529411765,0.04107630875030445,531,Want me to turn the contrast up a bit?
3424,1,7,77,85,1.1058823529411765,0.03751201268570391,531,You're getting shorter you know.
3424,0,9,76,85,1.1058823529411765,0.033571402278047356,531,"You know you're becoming a ""couch potato"" and from what I've read...it could stunt your growth...so I would think about that..."
3424,0,9,76,85,1.1058823529411765,0.033571402278047356,531,I realize we're a species of ruminant that stays close to its home range but come on!
3424,0,9,76,85,1.1058823529411765,0.033571402278047356,531,are you watching Serengeti place.
3424,1,7,77,85,1.1058823529411765,0.03751201268570391,531,I got a crook in my neck yesterday from sitting that way and watching TV.
3480,1,7,78,86,1.1046511627906976,0.03709369866745896,531,The Bachelorette again? Which one is that cow necking with now?
3480,1,7,78,86,1.1046511627906976,0.03709369866745896,531,"You are obsessed with ZNN, the Zoo News Network!"
3480,1,7,78,86,1.1046511627906976,0.03709369866745896,531,You can vote Libertarian....
3480,0,9,77,86,1.1046511627906976,0.03320157631219844,531,We either need a taller screen or neck reduction surgery!
3480,3,3,80,86,1.1046511627906976,0.04385359852129887,531,Hey. We are giraffes in a house.
3480,2,5,79,86,1.1046511627906976,0.040614533015286,531,Ha ha. I am a giraffe and I am on a couch. That is silly.
3480,1,7,78,86,1.1046511627906976,0.03709369866745896,531,"Honey, why don't we give that neck reduction cream a try?"
3480,1,7,78,86,1.1046511627906976,0.03709369866745896,531,Another night that I have to strain my neck to watch TV from the side chair?
3480,1,7,78,86,1.1046511627906976,0.03709369866745896,531,Sophie's Choice isn't the French children's film you were expecting?
3480,1,7,78,86,1.1046511627906976,0.03709369866745896,531,"If he wants my vote, he will have to change the party animal to something yuger."
3490,1,7,79,87,1.103448275862069,0.03668458199526042,531,too much guerilla warfare ~ let's watch So You Think You Can Migrate
3491,1,6,73,80,1.1,0.03815358702051022,531,"He said he was a grazer, but in reality he just puts his name on trees."
3492,0,8,73,81,1.0987654320987654,0.03335618786692912,531,We should really just talk more
3492,0,8,73,81,1.0987654320987654,0.03335618786692912,531,Just because you can see the top of the hoop doesn't mean your short legs can score.
3492,0,8,73,81,1.0987654320987654,0.03335618786692912,531,Maybe it isn't the right timing for a third party this election cycle.
3495,1,6,76,83,1.0963855421686748,0.03682386470551302,531,"Let me get this straight. Every game all day Sunday, a Sunday night game, Monday night, and most Thursday nights until your little fantasy league is finished? I'll be at my parent's house!"
3495,2,4,77,83,1.0963855421686748,0.040618411738031775,531,Watching okapi bowling again?
3495,2,4,77,83,1.0963855421686748,0.040618411738031775,531,I told you there really is no use for a television as a quadruped.
3495,1,6,76,83,1.0963855421686748,0.03682386470551302,531,I don't care if it is connected to your smartphone. This is the last time I'm squezzing through that door!
3495,1,6,76,83,1.0963855421686748,0.03682386470551302,531,Why aren't there any attorney ads promising settlements for our problems?
3495,0,8,75,83,1.0963855421686748,0.03259046872291925,531,"Don't get so excited, the movie's not about us. It's the ""George Raft Story."""
3495,1,6,76,83,1.0963855421686748,0.03682386470551302,531,I'm glad we don't live in a car.
3495,1,6,76,83,1.0963855421686748,0.03682386470551302,531,"Can you call me when ""Botched"" comes on?"
3495,1,6,76,83,1.0963855421686748,0.03682386470551302,531,You do know binging Breaking Bad will stunt your growth.
3495,1,6,76,83,1.0963855421686748,0.03682386470551302,531,Still glad you bought the horizontal screen that was on sale?
3495,0,8,75,83,1.0963855421686748,0.03259046872291925,531,Those politicians on TV always stretch the truth...
3495,1,6,76,83,1.0963855421686748,0.03682386470551302,531,So that's why we have long necks and purple tongues!
3495,1,6,76,83,1.0963855421686748,0.03682386470551302,531,The cable is out again.............
3495,0,8,75,83,1.0963855421686748,0.03259046872291925,531,The Okapi cousins are here.
3495,0,8,75,83,1.0963855421686748,0.03259046872291925,531,"I spotted a humanamuh today, but then there were so many I stopped counting."
3495,0,8,75,83,1.0963855421686748,0.03259046872291925,531,Didn't I ask you to please keep your feet off the sofa?!
3495,2,4,77,83,1.0963855421686748,0.040618411738031775,531,"Seriously, selfies in landscape don't make you look disproportionate"
3495,2,4,77,83,1.0963855421686748,0.040618411738031775,531,"I wanted something with depth, but I all I see are overviews."
3495,0,8,75,83,1.0963855421686748,0.03259046872291925,531,Are you watching those Animal Planet soap operas again?
3495,0,8,75,83,1.0963855421686748,0.03259046872291925,531,You're always hogging the couch!
3495,1,6,76,83,1.0963855421686748,0.03682386470551302,531,Horror movies again? Why do you watch the shows about lions hunting?
3495,1,6,76,83,1.0963855421686748,0.03682386470551302,531,You should read more books.
3495,0,8,75,83,1.0963855421686748,0.03259046872291925,531,The former tenants were pymy hippos.
3495,0,8,75,83,1.0963855421686748,0.03259046872291925,531,Don't stretch your neck watching that.
3495,1,6,76,83,1.0963855421686748,0.03682386470551302,531,"Come on Honey, if we get off the couch, you can look for PokÃ©mon."
3495,1,6,76,83,1.0963855421686748,0.03682386470551302,531,I knew they'd get around to it: The Tall Channel.
3495,1,6,76,83,1.0963855421686748,0.03682386470551302,531,``Now we're hiding the remote?''
3495,2,4,77,83,1.0963855421686748,0.040618411738031775,531,Can that monitor be re-oriented?
3495,1,6,76,83,1.0963855421686748,0.03682386470551302,531,Who are you wearing?
3495,1,6,76,83,1.0963855421686748,0.03682386470551302,531,now no more neck strain from watching the old TV!
3495,0,8,75,83,1.0963855421686748,0.03259046872291925,531,"Does it ""spark joy""? If not, just thank it for it's service and get rid of it."
3495,1,6,76,83,1.0963855421686748,0.03682386470551302,531,"Honey your favourite show is on, ""The Kamalsutra""."
3495,1,6,76,83,1.0963855421686748,0.03682386470551302,531,Try sleeping siting up.
3495,0,8,75,83,1.0963855421686748,0.03259046872291925,531,If you were from Jersey like me I would point out that we don't need electricity. My tongue is two feet long.
3495,1,6,76,83,1.0963855421686748,0.03682386470551302,531,"Yeah, it's disappointing. The conventions are over and they still have those old mascots. Maybe next round we'll find our voice."
3495,1,6,76,83,1.0963855421686748,0.03682386470551302,531,Let's start first with my viagra-filled acacia leaf quiche; then follow that with a nice tall frosty acacia leaf beer to loosen up all those damn neck vertebrates--and then we can go crazy. OK?
3495,0,8,75,83,1.0963855421686748,0.03259046872291925,531,"Where did you go Harold?"" ""Martha, HDTV is so life like. I saw the lion attacking so I ran--ran straight into the kitchen wall."
3495,2,4,77,83,1.0963855421686748,0.040618411738031775,531,Where am I supposed to Sit to See the TV?
3495,0,8,75,83,1.0963855421686748,0.03259046872291925,531,Is the elephant not here yet?
3495,1,6,76,83,1.0963855421686748,0.03682386470551302,531,It's your week for the remote and mine for the couch.
3495,1,6,76,83,1.0963855421686748,0.03682386470551302,531,Would you like a drink? The highballs are on me.
3495,0,8,75,83,1.0963855421686748,0.03259046872291925,531,I told you we should get a bigger screen TV. This one gives me neck strain.
3495,0,8,75,83,1.0963855421686748,0.03259046872291925,531,I don't think either party will ever nominate one of us.
3495,0,8,75,83,1.0963855421686748,0.03259046872291925,531,You're supposed to elevate them above your heart.
3495,0,8,75,83,1.0963855421686748,0.03259046872291925,531,Still stressing yourself out with National Lion Convention coverage?
3495,0,8,75,83,1.0963855421686748,0.03259046872291925,531,Again watching Animal Planeck ?
3495,0,8,75,83,1.0963855421686748,0.03259046872291925,531,"Watching ""Cast A Giant Shadow"" again?"
3495,1,6,76,83,1.0963855421686748,0.03682386470551302,531,"I love and support you, but I am struggling to adjust to this whole naturism thing..."
3495,1,6,76,83,1.0963855421686748,0.03682386470551302,531,"Darling, I told you already: ""The Redneck National Convention will not address any of the daily challenges faced by middle-class people in our condition."""
3495,2,4,77,83,1.0963855421686748,0.040618411738031775,531,"It's the pre-season, Doug. You don't need to DVR it."
3495,2,4,77,83,1.0963855421686748,0.040618411738031775,531,"Damocles, Mr. Trump has responded to your advice by way of a TWEET, which reads: â€œYouâ€™re a loser and your wifeâ€™s a fat pig - #BadDecision #Dionysus - ya gotta hand it to him"
3495,0,8,75,83,1.0963855421686748,0.03259046872291925,531,"Sit there until hell freezes over, they're not going to turn the picture 45 degrees. Believe me."
3495,0,8,75,83,1.0963855421686748,0.03259046872291925,531,"Geez, and they call us the circus freaks."
3495,1,6,76,83,1.0963855421686748,0.03682386470551302,531,Get Giraffes of that sofa
3495,3,2,78,83,1.0963855421686748,0.04408756890996176,531,"Come ON! Watching reruns of The Redwoods of California again! First, you know we can't survive there and even if we could, we'd never be able to reach the tops for the tinder needles!"
3495,1,6,76,83,1.0963855421686748,0.03682386470551302,531,Our high definition is better than those liquid crystals on that screen. After all we were picked for the ToysR Us logo!
3495,1,6,76,83,1.0963855421686748,0.03682386470551302,531,"Well, Taylor, apparently the keys to your Prius have gone missing until the dishes have been washed and put away."
3495,2,4,77,83,1.0963855421686748,0.040618411738031775,531,Getting that thing through the door was such a hassle.
3495,1,6,76,83,1.0963855421686748,0.03682386470551302,531,"Yes , you cannot watch TV without being somewhat condescending ..."
3495,1,6,76,83,1.0963855421686748,0.03682386470551302,531,NO DINNER? Don't the Kardashians show recipes?
3495,0,8,75,83,1.0963855421686748,0.03259046872291925,531,How long have I been saying that this television is just not at the right height?
3495,0,8,75,83,1.0963855421686748,0.03259046872291925,531,Should we hang it up above the mantel?
3495,2,4,77,83,1.0963855421686748,0.040618411738031775,531,"Ugh, when you swallowed the remote you left us with these endless shopping networks!"
3495,2,4,77,83,1.0963855421686748,0.040618411738031775,531,The Millers are doubling the height of their fence too. That must be some sale.
3495,2,4,77,83,1.0963855421686748,0.040618411738031775,531,I think we've finally got to the low-hanging fruit of living in a city
3495,2,4,77,83,1.0963855421686748,0.040618411738031775,531,Even a giraffe can only stand so long for the whole long convention
3495,1,6,76,83,1.0963855421686748,0.03682386470551302,531,Housewives of New Jersey is utterly unsuitable for well brought-up young ladies.
3495,1,6,76,83,1.0963855421686748,0.03682386470551302,531,Animal kingdom just doesn't seem to mean the same anymore !
3495,0,8,75,83,1.0963855421686748,0.03259046872291925,531,You look like no other giraffe I've ever seen.
3495,0,8,75,83,1.0963855421686748,0.03259046872291925,531,"Aw, look, it's ""Born Free."" Wanna neck?"
3495,0,8,75,83,1.0963855421686748,0.03259046872291925,531,"No, not your family, Mrs. Miller ... they're talking about beer bottles."
3495,0,8,75,83,1.0963855421686748,0.03259046872291925,531,Mr Elephant called and asked if we'd fill in? He broke his contract.
3495,2,4,77,83,1.0963855421686748,0.040618411738031775,531,Didn't we already watch this episode of Next Top Leaf?
3495,2,4,77,83,1.0963855421686748,0.040618411738031775,531,This ain't to hard to swallow !
3495,1,6,76,83,1.0963855421686748,0.03682386470551302,531,Are you watching 'Housewives of the Big Five' again?
3495,0,8,75,83,1.0963855421686748,0.03259046872291925,531,We should have put on the wall.
3495,1,6,76,83,1.0963855421686748,0.03682386470551302,531,"Wow, honey, it's a stretch even for you to binge watch the GOP convention."
3495,1,6,76,83,1.0963855421686748,0.03682386470551302,531,"Miss couch potato, you're a pain in my neck."
3495,2,4,77,83,1.0963855421686748,0.040618411738031775,531,Aren't you glad we are Libertarians?!
3495,0,8,75,83,1.0963855421686748,0.03259046872291925,531,House Hunters? Again? Weâ€™re not moving.
3495,1,6,76,83,1.0963855421686748,0.03682386470551302,531,"Brad Garrett is very tall, but he can't neck like I can."
3495,1,6,76,83,1.0963855421686748,0.03682386470551302,531,Don't worry. Jack Hanna can handle those Jersey Shore crazies.
3495,1,6,76,83,1.0963855421686748,0.03682386470551302,531,"Noahâ€™s Cruise Liner is awesome, but the midnight buffet is definitely not for vegetarians."
3495,1,6,76,83,1.0963855421686748,0.03682386470551302,531,"I'm sorry Beth Anne, I still don't feel at home."
3495,0,8,75,83,1.0963855421686748,0.03259046872291925,531,You're such a couch coconut.
3495,2,4,77,83,1.0963855421686748,0.040618411738031775,531,The reviewers gave this one high marks for off-axis viewing.
3495,0,8,75,83,1.0963855421686748,0.03259046872291925,531,I woke up with a very sore throat!
3495,1,6,76,83,1.0963855421686748,0.03682386470551302,531,Jane Goodall's on at 8 hugging her cutesy gorillas?
3495,1,6,76,83,1.0963855421686748,0.03682386470551302,531,"So, why are you still here?"
3495,2,4,77,83,1.0963855421686748,0.040618411738031775,531,You want some popcorn?
3495,0,8,75,83,1.0963855421686748,0.03259046872291925,531,Move over a bit so we can neck while watching tv.
3495,1,6,76,83,1.0963855421686748,0.03682386470551302,531,A stiff neck ? I'll call the doctor again .
3495,0,8,75,83,1.0963855421686748,0.03259046872291925,531,What's on the Giraffe Channel tonight?
3495,0,8,75,83,1.0963855421686748,0.03259046872291925,531,They told me it had a long screen setting as well.
3495,2,4,77,83,1.0963855421686748,0.040618411738031775,531,The politicians are acting like they've bumped their heads daily since birth.
3495,1,6,76,83,1.0963855421686748,0.03682386470551302,531,"For a little attention, I'll buy you a wall mount."
3495,0,8,75,83,1.0963855421686748,0.03259046872291925,531,Do you really think this is the best way to stop looking into the neighbor's yard?
3495,2,4,77,83,1.0963855421686748,0.040618411738031775,531,You lost the remote again?
3593,0,8,76,84,1.0952380952380953,0.03222058768123689,531,"Sorry, it's not like a printer, everything's 'landscape' setting."
3593,0,8,76,84,1.0952380952380953,0.03222058768123689,531,This is exciting - he's neither elephant nor donkey!
3593,2,4,78,84,1.0952380952380953,0.0401483466137026,531,"Bro, I got cut from the swim team."
3593,1,6,77,84,1.0952380952380953,0.03640093409748079,531,He sure made us great again
3597,2,3,76,81,1.0864197530864197,0.04005216838890947,531,We need to talk.
3597,0,7,74,81,1.0864197530864197,0.031414841111109815,531,"I thought I told you to turn the Democratic Convention off. Who do they think we are, some kind of zoo animals?"
3597,1,5,75,81,1.0864197530864197,0.03599353021509445,531,She's right. Those 'Bernie or Bust' people are being ridiculous.
3597,1,5,75,81,1.0864197530864197,0.03599353021509445,531,I keep forgetting that these screens are measured diagonally.
3597,2,3,76,81,1.0864197530864197,0.04005216838890947,531,At least we're vegan.
3597,0,7,74,81,1.0864197530864197,0.031414841111109815,531,the host's name is Sarah Getty?
3597,1,5,75,81,1.0864197530864197,0.03599353021509445,531,"I found more illicit drugs in your room. And a deadly firearm. I'll give you an hour head start and then I'll call the police. To thine own self be true, and it must follow, as the night the day, thou canst not then be false to any man."
3597,0,7,74,81,1.0864197530864197,0.031414841111109815,531,I always thought giraffes are better than donkeys and elephants.
3597,0,7,74,81,1.0864197530864197,0.031414841111109815,531,Your time is up.
3597,0,7,74,81,1.0864197530864197,0.031414841111109815,531,"So I guess I'll be watching TV behind the couch once again, huh?"
3597,0,7,74,81,1.0864197530864197,0.031414841111109815,531,Are you watching your favorite shows again?
3597,1,5,75,81,1.0864197530864197,0.03599353021509445,531,"Well, the same reason our necks got so long."
3597,2,3,76,81,1.0864197530864197,0.04005216838890947,531,Politicians can't outrun lions on Realty TV
3597,2,3,76,81,1.0864197530864197,0.04005216838890947,531,For better visual effect keep your neck horizontally of turn TV vertically.
3597,1,5,75,81,1.0864197530864197,0.03599353021509445,531,I'd like to stand tall with you tonight.
3597,0,7,74,81,1.0864197530864197,0.031414841111109815,531,"Alright, Linda. You win. This isn't funny anymore. Can we go home now?"
3597,1,5,75,81,1.0864197530864197,0.03599353021509445,531,Is this what you do all day watch TV?
3597,1,5,75,81,1.0864197530864197,0.03599353021509445,531,They're saying a third-party candidate may actually matter this year.
3597,1,5,75,81,1.0864197530864197,0.03599353021509445,531,"Stop staring. It's a political convention, not a car crash."
3597,0,7,74,81,1.0864197530864197,0.031414841111109815,531,A spotless reputation requires a lady to keep her feet on the floor when a gentleman is present.
3597,0,7,74,81,1.0864197530864197,0.031414841111109815,531,"Honey, let's go outside and dance with the stars."
3597,0,7,74,81,1.0864197530864197,0.031414841111109815,531,"Watching all that TV is lousy for your knees, especially because of the way you insist on sitting."
3597,0,7,74,81,1.0864197530864197,0.031414841111109815,531,Now do you see why we're barred from Rio 2016?
3597,1,5,75,81,1.0864197530864197,0.03599353021509445,531,"Are you still binge watching ""Keeping up with the Krustaceans?!"
3597,1,5,75,81,1.0864197530864197,0.03599353021509445,531,How about another Spotted Cow?
3597,1,5,75,81,1.0864197530864197,0.03599353021509445,531,Sorry Hon ... We're all out of Bud Longneck.
3597,0,7,74,81,1.0864197530864197,0.031414841111109815,531,"Darling, am I a moderate or a progressive?"
3597,1,5,75,81,1.0864197530864197,0.03599353021509445,531,Would you like a drink?
3597,0,7,74,81,1.0864197530864197,0.031414841111109815,531,Did you really think elephants making a fool of themselves on TV was going to be funny?
3597,0,7,74,81,1.0864197530864197,0.031414841111109815,531,I thought HiDef was about dimensions.
3597,1,5,75,81,1.0864197530864197,0.03599353021509445,531,How low can you go wasting your time like those humans?
3597,1,5,75,81,1.0864197530864197,0.03599353021509445,531,"White wine or a long neck ""That's not what I meant when I offered you a longneck."
3597,0,7,74,81,1.0864197530864197,0.031414841111109815,531,Are we being levelled with...?
3597,0,7,74,81,1.0864197530864197,0.031414841111109815,531,"Enough ""Dancing With The Stars"", boogie upstairs and clean your room!"
3597,0,7,74,81,1.0864197530864197,0.031414841111109815,531,"There's really no point in opening the door for me, dear."
3597,0,7,74,81,1.0864197530864197,0.031414841111109815,531,You better not have started the next episode without me.
3597,2,3,76,81,1.0864197530864197,0.04005216838890947,531,I can't buy into these giraffe actors. They're so unrealistic - giraffes don't even vocalize.
3597,0,7,74,81,1.0864197530864197,0.031414841111109815,531,It's bestial how low the presidential debate can go.
3597,0,7,74,81,1.0864197530864197,0.031414841111109815,531,The least you could do is sit so I could enjoy your lovely legs.
3597,2,3,76,81,1.0864197530864197,0.04005216838890947,531,Butter on the popcorn or not?
3597,1,5,75,81,1.0864197530864197,0.03599353021509445,531,"You really have to learn to relax, honey,--or maybe cook!"
3597,0,7,74,81,1.0864197530864197,0.031414841111109815,531,The new TV will make it a lot easier to swallow this election year overload.
3597,2,3,76,81,1.0864197530864197,0.04005216838890947,531,"Honey, can I PLEASE get a Lazy Boy now?"
3597,2,3,76,81,1.0864197530864197,0.04005216838890947,531,What did Bernie say?
3597,0,7,74,81,1.0864197530864197,0.031414841111109815,531,"Watching ""Animal Planet"" again?"
3597,0,7,74,81,1.0864197530864197,0.031414841111109815,531,Why can't they letterbox the sides of the movie?
3597,1,5,75,81,1.0864197530864197,0.03599353021509445,531,"Its discriminatory to NOT make them vertical, you know?"
3597,1,5,75,81,1.0864197530864197,0.03599353021509445,531,"""Animal Planet"" is such low hanging fruit!"
3597,0,7,74,81,1.0864197530864197,0.031414841111109815,531,"No, dear. A vertical kickstand won't solve the problem."
3597,1,5,75,81,1.0864197530864197,0.03599353021509445,531,"If our kind had vocal cords, I would tell you to vacate my favorite spot but since we don't, I will just motivate you to leave. Dinner's ready next doors."
3597,0,7,74,81,1.0864197530864197,0.031414841111109815,531,Why do you always have to take the giraffe's share?
3597,0,7,74,81,1.0864197530864197,0.031414841111109815,531,"You've got some neck."""
3597,1,5,75,81,1.0864197530864197,0.03599353021509445,531,"To save this marriage, we must buy another TV for the den!"
3597,2,3,76,81,1.0864197530864197,0.04005216838890947,531,theynshould ave made higher ceilings
3597,0,7,74,81,1.0864197530864197,0.031414841111109815,531,"""Not 'Wild Kingdom,' again?!"" [To the editor - please print the word ""again"" in italics.]"
3597,2,3,76,81,1.0864197530864197,0.04005216838890947,531,I don't think this condo will work for us.
3597,1,5,75,81,1.0864197530864197,0.03599353021509445,531,"I know it's a lot smaller than our old place, but dammit -- we've got hi-def!"
3597,2,3,76,81,1.0864197530864197,0.04005216838890947,531,Our chiropractor is never going to let us keep that thing way down there like that. Or we'll be paying him off till the day we die.
3597,0,7,74,81,1.0864197530864197,0.031414841111109815,531,Iâ€™m a disenfranchised viewer.
3597,0,7,74,81,1.0864197530864197,0.031414841111109815,531,I liked it better before they banned zoos.
3657,0,7,75,82,1.0853658536585367,0.031047260805933882,531,Did we make the right decision about this high rise low ceilinged unit?
3657,2,3,77,82,1.0853658536585367,0.039574747605718795,531,You bring high density to a whole new level.
3657,2,3,77,82,1.0853658536585367,0.039574747605718795,531,You'd better plan to shift over and make room for me if you expect me to make the popcorn!
3657,1,5,76,82,1.0853658536585367,0.035567492543107565,531,I'm getting a crick in my neck. Let's move the TV to the barn.
3657,0,7,75,82,1.0853658536585367,0.031047260805933882,531,"I don't care how long you watch that nature sow, the lions are still out there."
3657,0,7,75,82,1.0853658536585367,0.031047260805933882,531,Animal kingdom Again? I think your addicted to that program!
3663,0,7,77,84,1.0833333333333333,0.03033723881473521,531,This new television is head and shoulders above the old one
3664,0,6,73,79,1.0759493670886076,0.02999595287390335,531,Why is it that I'm always the one who has to go downstairs to watch TV?
3664,1,4,74,79,1.0759493670886076,0.034990386303048154,531,You need to play outside! I don't care if the servers of Human Go are down again.
3664,0,6,73,79,1.0759493670886076,0.02999595287390335,531,Enough TV let's go outside and neck wrestle
3664,0,6,73,79,1.0759493670886076,0.02999595287390335,531,Why are you so interested in the Resolve ads?
3664,0,6,73,79,1.0759493670886076,0.02999595287390335,531,These 4K Ultra HD TVs make the humans look so real you'd think they were right here in the room with us!
3664,0,6,73,79,1.0759493670886076,0.02999595287390335,531,If we streamed Animal Planet we could watch it without the commercials.
3664,1,4,74,79,1.0759493670886076,0.034990386303048154,531,Four out of five doctors say watching too much TV results in increased herd culling from predators.
3664,1,4,74,79,1.0759493670886076,0.034990386303048154,531,"Move over, there's no room for me."
3664,0,6,73,79,1.0759493670886076,0.02999595287390335,531,Trump's Ark has a flatscreen! DVR of yesterday's Inauguration or breaking news on the nuke war that started this morning?
3664,1,4,74,79,1.0759493670886076,0.034990386303048154,531,There is talk of building a wall that even we won't be able to see over. There is talk of building a wall that even we won't be able to see over.
3664,2,2,75,79,1.0759493670886076,0.039356029759868426,531,that animal reality show is kind of distrurbing
3664,1,4,74,79,1.0759493670886076,0.034990386303048154,531,Do you think we should invest in a curve screen? It all looks flat to me!
3664,1,4,74,79,1.0759493670886076,0.034990386303048154,531,"Yeah, but you rarely leave the apartment!"
3664,0,6,73,79,1.0759493670886076,0.02999595287390335,531,I have a big thumb texting issue.
3664,0,6,73,79,1.0759493670886076,0.02999595287390335,531,"Honey, I thought you'd sworn off horizontals."
3664,0,6,73,79,1.0759493670886076,0.02999595287390335,531,What's on the Necking Network Channel?
3664,1,4,74,79,1.0759493670886076,0.034990386303048154,531,Who needs a horizontal screen?
3664,1,4,74,79,1.0759493670886076,0.034990386303048154,531,So much life
3664,0,6,73,79,1.0759493670886076,0.02999595287390335,531,How was your day?
3664,1,4,74,79,1.0759493670886076,0.034990386303048154,531,You're watching The Real Okapi of New York City again?
3664,0,6,73,79,1.0759493670886076,0.02999595287390335,531,Comfortable silence it is!
3664,1,4,74,79,1.0759493670886076,0.034990386303048154,531,This television binging is unnatural.
3664,1,4,74,79,1.0759493670886076,0.034990386303048154,531,Ok. I'm sorry. Now come to bed!
3664,1,4,74,79,1.0759493670886076,0.034990386303048154,531,"Again with the reruns of ""Big World, Little People?"""
3664,0,6,73,79,1.0759493670886076,0.02999595287390335,531,It's another ground breaking humanlife documentary; this week from Philadelphia.
3664,0,6,73,79,1.0759493670886076,0.02999595287390335,531,What do you mean you didn't reach your target?
3664,0,6,73,79,1.0759493670886076,0.02999595287390335,531,reconfigure the height of the door and you won't feel trapped in front of the TV.
3664,1,4,74,79,1.0759493670886076,0.034990386303048154,531,"No, I don't think trying house living would be a good idea"
3664,1,4,74,79,1.0759493670886076,0.034990386303048154,531,Another one of your wild game shows?
3664,1,4,74,79,1.0759493670886076,0.034990386303048154,531,Like you'd ever make it on the Bachelor.
3664,0,6,73,79,1.0759493670886076,0.02999595287390335,531,Another tiring day in front of the TV honey?
3664,1,4,74,79,1.0759493670886076,0.034990386303048154,531,Part of me wishes I couldn't stick my neck out for you.
3664,1,4,74,79,1.0759493670886076,0.034990386303048154,531,Watching Animal Kingdom again? Get your sweet long neck out of here and clean your bathroom!
3664,0,6,73,79,1.0759493670886076,0.02999595287390335,531,"Wide screen, huh?"
3664,0,6,73,79,1.0759493670886076,0.02999595287390335,531,How many times have I told you to keep your neck off the furniture!
3664,0,6,73,79,1.0759493670886076,0.02999595287390335,531,Honey I can turn it sideways if you tilt your pretty face.
3664,0,6,73,79,1.0759493670886076,0.02999595287390335,531,Now do you know why I like N.B.A. games? There are a lot of tall people.
3664,0,6,73,79,1.0759493670886076,0.02999595287390335,531,Isn't that TV a little low?
3664,0,6,73,79,1.0759493670886076,0.02999595287390335,531,"Uhh, didn't we agree this prescription was for medical use only?"
3664,1,4,74,79,1.0759493670886076,0.034990386303048154,531,Are you seeing what Iam seeing
3664,0,6,73,79,1.0759493670886076,0.02999595287390335,531,"I can't believe we found such high ceilings, who is this Trump Towers?"
3664,0,6,73,79,1.0759493670886076,0.02999595287390335,531,I hate it when they order a half-carafe.
3664,0,6,73,79,1.0759493670886076,0.02999595287390335,531,I'm going to the kitchen -- need anything to munch on?
3664,1,4,74,79,1.0759493670886076,0.034990386303048154,531,"I'm heading to Ikea, do you need anything?"
3664,0,6,73,79,1.0759493670886076,0.02999595287390335,531,"Well, I don't want to watch it if you've already seen it."
3664,0,6,73,79,1.0759493670886076,0.02999595287390335,531,"Our home is empty without some nice, tall, juicy foliage."
3664,0,6,73,79,1.0759493670886076,0.02999595287390335,531,Nothing in this country comes in our size.
3664,0,6,73,79,1.0759493670886076,0.02999595287390335,531,The Ad states it's High definition.
3664,0,6,73,79,1.0759493670886076,0.02999595287390335,531,Oh my aching neck! You really should of had the TV wall mounted.
3664,0,6,73,79,1.0759493670886076,0.02999595287390335,531,Don't knock the TV over with your tongue.
3664,2,2,75,79,1.0759493670886076,0.039356029759868426,531,"Well, son, modern technology has made us obsolete. We've been replaced by the rear-view camera."
3664,1,4,74,79,1.0759493670886076,0.034990386303048154,531,A horizontal TV?!? Have you been watching pornography?
3664,1,4,74,79,1.0759493670886076,0.034990386303048154,531,"Dear, what time did you say they're coming to balance the A/C system?"
3664,0,6,73,79,1.0759493670886076,0.02999595287390335,531,"Oh honey, you must stop comparing your neck length to the younger ones you see on the National Geographic channel. This bull of your tower only has eyes for you."
3664,0,6,73,79,1.0759493670886076,0.02999595287390335,531,Chin up! Bernie could forget how to e-mail in four years and get a second chance.
3664,1,4,74,79,1.0759493670886076,0.034990386303048154,531,Watching Animal planet during the second day of our honeymoon! Are you homesick?
3664,1,4,74,79,1.0759493670886076,0.034990386303048154,531,That was elephant calling on his way back from Cleveland. He wanted to know if there were any openings at Barnum's.
3664,0,6,73,79,1.0759493670886076,0.02999595287390335,531,Where have I been? I've been out running with a bad crowd of lions.
3664,1,4,74,79,1.0759493670886076,0.034990386303048154,531,"All right, keep watching - I'm going to find somebody to go line up with."
3664,1,4,74,79,1.0759493670886076,0.034990386303048154,531,"Tear yourself away, your dinner is getting tall."
3664,0,6,73,79,1.0759493670886076,0.02999595287390335,531,you can have the sofa - but i am not watching the Bachelorette again.
3664,1,4,74,79,1.0759493670886076,0.034990386303048154,531,"Holy ossicone, I forgot to duck again."
3664,1,4,74,79,1.0759493670886076,0.034990386303048154,531,Who do you suppose chose the TV aspect ratio?
3664,1,4,74,79,1.0759493670886076,0.034990386303048154,531,Still watching that nature documentary about giraffes?
3664,1,4,74,79,1.0759493670886076,0.034990386303048154,531,Hold your fire
3664,1,4,74,79,1.0759493670886076,0.034990386303048154,531,Did you leave the remote control back in the desert?
3664,0,6,73,79,1.0759493670886076,0.02999595287390335,531,"I thought ""Netflix and chill"" meant I was home, too."
3664,0,6,73,79,1.0759493670886076,0.02999595287390335,531,"Stretch, you've become an ""Animal Planet"" junkie!"
3664,2,2,75,79,1.0759493670886076,0.039356029759868426,531,Will you marry me!
3664,0,6,73,79,1.0759493670886076,0.02999595287390335,531,"If they repeatedly refuse to include us in their party platform, they ain't gonna get giraffe vote."
3734,1,4,75,80,1.075,0.03456327897009421,531,You can watch 'Animal Planet.' I'm going to watch 'Zoo' on my computer.
3734,0,6,74,80,1.075,0.029633841414201178,531,You know we're sticking our necks out by not punching the extended warranty on the television.
3734,1,4,75,80,1.075,0.03456327897009421,531,Can you at least help me with the hors d'oeuvres?
3734,1,4,75,80,1.075,0.03456327897009421,531,"Did the children take a trip to the zoo, or in the zoo?"
3734,0,6,74,80,1.075,0.029633841414201178,531,Does this new lamp accentuate my neck?
3734,0,6,74,80,1.075,0.029633841414201178,531,I told you we should have mounted the TV over the fireplace.
3734,1,4,75,80,1.075,0.03456327897009421,531,"Don't sit too close to the TV, you will hurt your eyes."
3734,1,4,75,80,1.075,0.03456327897009421,531,How the neck are you?
3734,0,6,74,80,1.075,0.029633841414201178,531,"Yeah, she's the elephant and he's the jackass."
3734,1,4,75,80,1.075,0.03456327897009421,531,The RNC and DNC were sold to GNC.
3734,0,6,74,80,1.075,0.029633841414201178,531,Do you think she'll choose the Fantasy Suite?
3734,1,4,75,80,1.075,0.03456327897009421,531,Can't you scoot over? You're in my spot!
3734,1,4,75,80,1.075,0.03456327897009421,531,I think I can make that work.
3734,1,4,75,80,1.075,0.03456327897009421,531,"Soooo Aerial, is that a family name or were you named after a type of fire truck?"
3734,1,4,75,80,1.075,0.03456327897009421,531,Want a tall neck?
3734,2,2,76,80,1.075,0.03887256036546973,531,"No, YOUR'E scmoopy!"
3734,1,4,75,80,1.075,0.03456327897009421,531,"Honey, I'm having an affair."
3734,0,6,74,80,1.075,0.029633841414201178,531,"Honey, you've gotta believe me - when I ordered it, I thought it the NECK-id Channel!"
3734,1,4,75,80,1.075,0.03456327897009421,531,Did our leopard change his spots?
3734,0,6,74,80,1.075,0.029633841414201178,531,Go outside and pick some leaves. You've been sitting around here all day.
3734,1,4,75,80,1.075,0.03456327897009421,531,Stop worrying about what the polls say--Barron and Eric are paying for our hotel bill.
3734,1,4,75,80,1.075,0.03456327897009421,531,When the go low...
3734,1,4,75,80,1.075,0.03456327897009421,531,I told you we couldn't fit through the door.
3734,1,4,75,80,1.075,0.03456327897009421,531,Why don't you go to sleep already?
3734,0,6,74,80,1.075,0.029633841414201178,531,You know he can't reach the high branches.
3734,2,2,76,80,1.075,0.03887256036546973,531,I may have seen Junior in a weekender at Saks. . . I'll keep looking.
3734,0,6,74,80,1.075,0.029633841414201178,531,"Only just necking through the highlights tonight, dear."
3734,1,4,75,80,1.075,0.03456327897009421,531,"There is nothing topical about giraffes, Brenda."
3734,0,6,74,80,1.075,0.029633841414201178,531,Your not a donkey or elephant so what are you going to do?
3734,1,4,75,80,1.075,0.03456327897009421,531,Your mother in law is giraffing me crazy
3734,1,4,75,80,1.075,0.03456327897009421,531,"Move your neck a little more to the left, and hold still. Perfect."
3734,0,6,74,80,1.075,0.029633841414201178,531,Are you hiding the remote again?
3734,0,6,74,80,1.075,0.029633841414201178,531,Don't you ever get tired of watching funny giraffe videos?
3734,1,4,75,80,1.075,0.03456327897009421,531,They're making furniture so much smaller these days.
3734,1,4,75,80,1.075,0.03456327897009421,531,Shouldn't you be eating?
3769,2,2,77,81,1.0740740740740742,0.03840081732097726,531,"Sorry, Animal Planet doesn't cut it for me. We have to move."
3769,0,6,75,81,1.0740740740740742,0.029280348705262776,531,Geoffrey loves Chachi.
3771,0,5,73,78,1.064102564102564,0.027912996874574582,531,Don't get the big head over being on television.
3771,1,3,74,78,1.064102564102564,0.033348699037898666,531,Animal Planer seems to have lost its edge.
3771,1,3,74,78,1.064102564102564,0.033348699037898666,531,"""You should have got one with a giraffic interface""."
3771,0,5,73,78,1.064102564102564,0.027912996874574582,531,"I wouldn't worry about our demographic. We have more influence than numbers indicate. And, yes, we are documented."
3771,0,5,73,78,1.064102564102564,0.027912996874574582,531,Does the internet really need more giraffes?
3771,1,3,74,78,1.064102564102564,0.033348699037898666,531,Probably not-- Ivanka's dress looks better with swan necks.
3771,0,5,73,78,1.064102564102564,0.027912996874574582,531,You could've helped me with that elephant...
3771,0,5,73,78,1.064102564102564,0.027912996874574582,531,"As The Safari Turns was cancelled , that spot treatment you ordered from the commercial isn't working, Toto is having a free concert and I'm going with that light haired gazelle........"
3771,0,5,73,78,1.064102564102564,0.027912996874574582,531,"Hey, you wannna have a neck fight?"
3771,1,3,74,78,1.064102564102564,0.033348699037898666,531,Cut the tobacco wads and you'll have a picture.
3771,1,3,74,78,1.064102564102564,0.033348699037898666,531,1. do you thing the ceiling is high enough 2. our designer thought we would compliment the decor nicely
3771,1,3,74,78,1.064102564102564,0.033348699037898666,531,I keep telling you that the screen has to be higher so I won't get a sore neck!
3771,1,3,74,78,1.064102564102564,0.033348699037898666,531,Get off you high horse.
3771,0,5,73,78,1.064102564102564,0.027912996874574582,531,Could I entice you into a little necking while we watch 'Junglerama'?
3771,0,5,73,78,1.064102564102564,0.027912996874574582,531,Maybe next time you can just hoof the bill and have someone come wall mount the tv so we can actually see it.
3771,0,5,73,78,1.064102564102564,0.027912996874574582,531,I'm old enough to remember when the only giraffes on TV were in travelogues.
3771,0,5,73,78,1.064102564102564,0.027912996874574582,531,"Next time that big fool friend of his breaks down my door, I call the taxidermist."
3771,1,3,74,78,1.064102564102564,0.033348699037898666,531,"Want to watch the antelopes rut on Animal Planet, or should we just go neck?"
3771,1,3,74,78,1.064102564102564,0.033348699037898666,531,"""What do you mean, eye exercise"" !!"
3771,0,5,73,78,1.064102564102564,0.027912996874574582,531,Watching flat screen television isn't the same. Now that they did away with the long neck picture tube.
3771,1,3,74,78,1.064102564102564,0.033348699037898666,531,I told your teacher you were doing your homework.
3771,0,5,73,78,1.064102564102564,0.027912996874574582,531,What am I now? A man stretching his legs on a plane!
3771,0,5,73,78,1.064102564102564,0.027912996874574582,531,Do you know when the documentary about Marshall McLuhan comes on?
3771,0,5,73,78,1.064102564102564,0.027912996874574582,531,"Honey, you've been watching 'Savanna Hunters International' for six hours straight."
3771,0,5,73,78,1.064102564102564,0.027912996874574582,531,DID I EVER TELL YOU WHAT BIG EYES YOU HAVE.
3771,0,5,73,78,1.064102564102564,0.027912996874574582,531,"Oooh baby, that Tarzan can really straighten your spots out, can't he?"
3771,0,5,73,78,1.064102564102564,0.027912996874574582,531,"I hope you're watching the Travel Channel, not the 2016 Republican National Convention."
3771,1,3,74,78,1.064102564102564,0.033348699037898666,531,I hate how all the news sound bites are getting so short.
3771,1,3,74,78,1.064102564102564,0.033348699037898666,531,HD Really shows our most distinctive feature: our spots
3771,1,3,74,78,1.064102564102564,0.033348699037898666,531,It's Jungle Adventure again. They've agreed to set up a Netflix account for you at work.
3771,1,3,74,78,1.064102564102564,0.033348699037898666,531,"You know, when I was your age, we were never allowed any low-hanging fruit like the kind of bathroom humor you're watching."
3771,0,5,73,78,1.064102564102564,0.027912996874574582,531,Venti or Trenta?
3771,0,5,73,78,1.064102564102564,0.027912996874574582,531,"Daddy, do you think maybe I could be president someday, if we can smash the giraffe ceiling?"
3771,0,5,73,78,1.064102564102564,0.027912996874574582,531,"Just a heads-up, the couch potato look doesn't sit well with me!"
3771,2,1,75,78,1.064102564102564,0.038014945225801344,531,We both need new pillows!
3771,0,5,73,78,1.064102564102564,0.027912996874574582,531,"You know just leaning in on the iPad has the same effect, right?"
3771,1,3,74,78,1.064102564102564,0.033348699037898666,531,"We are not couch potatoes! Now stand up, walk with me, and stretch yourself."
3771,0,5,73,78,1.064102564102564,0.027912996874574582,531,I thought you were an Independent.
3771,0,5,73,78,1.064102564102564,0.027912996874574582,531,Remember when we were thought of as funny looking animals? Wish I could say the same for this cartoon.
3771,0,5,73,78,1.064102564102564,0.027912996874574582,531,"Yet another 'My Squat, Short-Necked Life' marathon. Don't they know they're being exploited?"
3771,0,5,73,78,1.064102564102564,0.027912996874574582,531,The best leaves on not on the Herbivore Channel! You gotta get out there Garry!
3771,1,3,74,78,1.064102564102564,0.033348699037898666,531,"You've been necking with the girl next door again, haven't you?"
3771,0,5,73,78,1.064102564102564,0.027912996874574582,531,Did you have giraffe day?
3771,1,3,74,78,1.064102564102564,0.033348699037898666,531,"If you believe the harness is real, it will be."
3771,1,3,74,78,1.064102564102564,0.033348699037898666,531,Quick! Woody Allen's casting for a couch potato. Go audition.
3771,0,5,73,78,1.064102564102564,0.027912996874574582,531,Sorry for sticking my neck in..........
3771,1,3,74,78,1.064102564102564,0.033348699037898666,531,"I'm sorry your highness, but the subjects have started to express doubt that you pulled it from a stone."
3771,0,5,73,78,1.064102564102564,0.027912996874574582,531,Do you always have to watch that TV reality show about Zookeepers?
3771,1,3,74,78,1.064102564102564,0.033348699037898666,531,hey bro
3771,0,5,73,78,1.064102564102564,0.027912996874574582,531,Penguin? Might as well vote elephant.
3771,0,5,73,78,1.064102564102564,0.027912996874574582,531,Why don't they make a long TV?
3771,0,5,73,78,1.064102564102564,0.027912996874574582,531,Tough day at the office. My boss told me to stop 'Giraffing.'
3771,0,5,73,78,1.064102564102564,0.027912996874574582,531,You're an insult to all self respecting couch potatoes you can't even lay flat!
3771,0,5,73,78,1.064102564102564,0.027912996874574582,531,"You can't spend all day watching ""Little Necks"" epidsodes."
3771,0,5,73,78,1.064102564102564,0.027912996874574582,531,Who cares about thie floor shooting percentage ?
3771,2,1,75,78,1.064102564102564,0.038014945225801344,531,"Let me finish this, Your Highness Damocles. It's hung there for ages. What's a minute more?"
3771,0,5,73,78,1.064102564102564,0.027912996874574582,531,"See, Trumpâ€™s wife is gorgeous, but her high heels are not high enough."
3771,0,5,73,78,1.064102564102564,0.027912996874574582,531,Carol if you don't look at me I'm walking straight out that door
3771,0,5,73,78,1.064102564102564,0.027912996874574582,531,I told you cork flooring would be too thick
3771,2,1,75,78,1.064102564102564,0.038014945225801344,531,"You have been watching, ""Duck Dynasty"" for hours. You know what goes around comes around, right?"
3771,0,5,73,78,1.064102564102564,0.027912996874574582,531,"I told the genie I wanted a long neck beer, not a dear!"
3771,0,5,73,78,1.064102564102564,0.027912996874574582,531,"Come on show some desire show some innovation stick your neck out a bit change the channel , change the world then we can talk about a remote!"
3771,2,1,75,78,1.064102564102564,0.038014945225801344,531,"Sire, the royal twine binders have advised me that this brand of rope has been recalled."
3771,0,5,73,78,1.064102564102564,0.027912996874574582,531,"First the gorilla, then those alligators... it's a shame that it's 2016 and we still haven't found a way to all peacefully coexist."
3771,1,3,74,78,1.064102564102564,0.033348699037898666,531,"May as well be a clam, because you don't seem to use your neck anymore."
3771,0,5,73,78,1.064102564102564,0.027912996874574582,531,Are you seeing spots?
3771,0,5,73,78,1.064102564102564,0.027912996874574582,531,"Frankly, my dear, we've been living on government support for years. We ARE takers, not makers."
3771,1,3,74,78,1.064102564102564,0.033348699037898666,531,"Check it out, totally retro...the Cat's name is Marlin Perkins."
3771,1,3,74,78,1.064102564102564,0.033348699037898666,531,You said that you needed to get your head down for a while
3771,0,5,73,78,1.064102564102564,0.027912996874574582,531,I need a chiropractor for a a spine readjustment.
3771,0,5,73,78,1.064102564102564,0.027912996874574582,531,"Hoax or not, Noah DID own a film studio."
3771,0,5,73,78,1.064102564102564,0.027912996874574582,531,It's not us. Cable is out in the whole neighborhood.
3771,0,5,73,78,1.064102564102564,0.027912996874574582,531,I don't think the Hatfields will be too happy when they get home......there is giraffe dodo all over the kitchen floor!!!!
3771,0,5,73,78,1.064102564102564,0.027912996874574582,531,This first story is a tall one.
3771,0,5,73,78,1.064102564102564,0.027912996874574582,531,Life's a real jungle theses days mom
3771,1,3,74,78,1.064102564102564,0.033348699037898666,531,Really Shelia?? Why would I want to go see Secret Life of Pets?
3771,0,5,73,78,1.064102564102564,0.027912996874574582,531,You paid $250 for that neck surgery and it's already getting mushy.
3771,0,5,73,78,1.064102564102564,0.027912996874574582,531,"I thought watching ""Swamp Wars"" was beneath you."
3771,0,5,73,78,1.064102564102564,0.027912996874574582,531,Your watching Animal plant again.
3771,1,3,74,78,1.064102564102564,0.033348699037898666,531,These political speeches give me a big pain in the neck!
3771,0,5,73,78,1.064102564102564,0.027912996874574582,531,Game of Thrones is a way better series than Veep. You can't even vote !!
3771,0,5,73,78,1.064102564102564,0.027912996874574582,531,I needed some alone time away from Pokemon Go.
3771,1,3,74,78,1.064102564102564,0.033348699037898666,531,"Youâ€™re always perfectly satisfied with the status quo of everythingâ€”the height of our doorways and ceiling, the size of our TV and sofasâ€”and youâ€™re never even willing to make an effort to understandâ€”never mind shareâ€”my desire to update our lifestyle."
3771,1,3,74,78,1.064102564102564,0.033348699037898666,531,What's streaming?
3771,0,5,73,78,1.064102564102564,0.027912996874574582,531,"""Are you still watching that tearjerker movie ""The Animal that God Forgot""?"
3771,2,1,75,78,1.064102564102564,0.038014945225801344,531,The voting for Hillary thing I can see; the holding your nose thing? Not so much.
3771,0,5,73,78,1.064102564102564,0.027912996874574582,531,Don't you miss sitting on our balcony watching our nutty neighbors?
3771,1,3,74,78,1.064102564102564,0.033348699037898666,531,"You've got to stop watching reruns of ""Extreme Makeover"". Face it, in this political climate we're never going to be allowed to use the men's OR the women's bathrooms."
3771,1,3,74,78,1.064102564102564,0.033348699037898666,531,"Yeah, but you can still watch it with a little imagination. The 'snake screen' was cheaper than the 'giraffe screen'."
3771,0,5,73,78,1.064102564102564,0.027912996874574582,531,Don't tell me you're still watching little Donald.
3771,1,3,74,78,1.064102564102564,0.033348699037898666,531,"""I'd really prefer that you say ""kiss""."
3771,0,5,73,78,1.064102564102564,0.027912996874574582,531,"Are you gonna scooch over, or is it a nudge yer after?"
3771,0,5,73,78,1.064102564102564,0.027912996874574582,531,"As much as I love the extra high cube walls the gang chipped in for down at the office, I feel like I hardly know what's going on in anyone's personal life anymore."
3864,0,5,74,79,1.0632911392405062,0.027569346349343597,531,Next time we should stretch for a high definition set.
3864,0,5,74,79,1.0632911392405062,0.027569346349343597,531,Why do the breeding vets always leave the set on Animal Planet?
3864,1,3,75,79,1.0632911392405062,0.03293385496648053,531,At least the consolation prizes will provide us with a comfortable captivity. I'll always regret not picking the right door!
3864,1,3,75,79,1.0632911392405062,0.03293385496648053,531,"Look Geoffrey... Amazon isn't going anywhere. It's all retail, not just toys. Now stop watching Netflix and get out there and find a new job."
3864,1,3,75,79,1.0632911392405062,0.03293385496648053,531,Your agent called. They're going a different way.
3864,0,5,74,79,1.0632911392405062,0.027569346349343597,531,"So, you're saying any time you get up, I can just grab your seat?"
3864,1,3,75,79,1.0632911392405062,0.03293385496648053,531,George Zimmer in 2020?
3864,0,5,74,79,1.0632911392405062,0.027569346349343597,531,There's nothing on but turtles matingâ€“â€“Shall we?
3864,0,5,74,79,1.0632911392405062,0.027569346349343597,531,I feel uncomfortable - I don't think we can afford this.
3864,0,5,74,79,1.0632911392405062,0.027569346349343597,531,Democracy doesn't exist.
3864,1,3,75,79,1.0632911392405062,0.03293385496648053,531,Better get your feet off the sofa. The rental rules are pretty picky.
3864,1,3,75,79,1.0632911392405062,0.03293385496648053,531,Burmese humans try to emulate us.
3864,2,1,76,79,1.0632911392405062,0.037539429241482666,531,"""You know, Dear, I liked Bill Clinton's positive, upbeat speech of Hillary, but after the G.O.P. ""dumped on Hillary"" so bad, I think Bill should have ""stuck his neck out"" a bit and 'dumped the Trump"" back."
3877,1,2,73,76,1.0526315789473684,0.031870003727342,531,You don't really think we look like Pokemons?
3877,0,4,72,76,1.0526315789473684,0.025784102555612382,531,"Really? A Fashion Show? - Come on...: The ""Lions go Hunting"" Reality Show is on!!!"
3877,0,4,72,76,1.0526315789473684,0.025784102555612382,531,This reality politics is wilder than the wild.
3877,1,2,73,76,1.0526315789473684,0.031870003727342,531,How many times must I tell you that NatGeoWild won't come across our Tulip
3877,1,2,73,76,1.0526315789473684,0.031870003727342,531,Tell me your not watching another silent film?
3877,0,4,72,76,1.0526315789473684,0.025784102555612382,531,You're losing touch with reality; it's all just CGI.
3877,0,4,72,76,1.0526315789473684,0.025784102555612382,531,Too much necking at Fox News.
3877,1,2,73,76,1.0526315789473684,0.031870003727342,531,"Its the food channel, they wanted me to be on it."
3877,0,4,72,76,1.0526315789473684,0.025784102555612382,531,"What is more compatible with 'Game of Thrones' than a juicy, natural acacia branch?"
3877,1,2,73,76,1.0526315789473684,0.031870003727342,531,Do you intend to prepare supper tonight?
3877,0,4,72,76,1.0526315789473684,0.025784102555612382,531,It really gets cooking in season three
3877,1,2,73,76,1.0526315789473684,0.031870003727342,531,"Well, I won't feel any safer."
3877,0,4,72,76,1.0526315789473684,0.025784102555612382,531,"Did the realtor say co-op, or coop?"
3877,0,4,72,76,1.0526315789473684,0.025784102555612382,531,"Ella, when Uncle Noah said ""Ark"", he meant ""Mediterranean cruise""! Sookie-sookie now Mama!"
3877,0,4,72,76,1.0526315789473684,0.025784102555612382,531,Hey Jerry- either turn the mirror vertically or add two more...
3877,1,2,73,76,1.0526315789473684,0.031870003727342,531,It's high time we switch to Animal Planet.
3877,0,4,72,76,1.0526315789473684,0.025784102555612382,531,"Watching the Olympics, who do you think will win the high hurdles?"
3877,1,2,73,76,1.0526315789473684,0.031870003727342,531,"Relax, they said they would leave if he won."
3877,0,4,72,76,1.0526315789473684,0.025784102555612382,531,"Your'e watching the zoo channel again, aren't you?"
3877,0,4,72,76,1.0526315789473684,0.025784102555612382,531,You should try watching this nature show in 3D.
3877,0,4,72,76,1.0526315789473684,0.025784102555612382,531,"This is NOT my idea of our ""forever home""!"
3877,0,4,72,76,1.0526315789473684,0.025784102555612382,531,You've watched this episode of Giraffe Man five times! Go outside and play!
3877,0,4,72,76,1.0526315789473684,0.025784102555612382,531,"You think with Hillary's winning nomination, it is me instead of you who should go to cook?"
3877,0,4,72,76,1.0526315789473684,0.025784102555612382,531,"Well, who made the magic go out of our marriage--you or TV?"
3877,1,2,73,76,1.0526315789473684,0.031870003727342,531,Don't you miss Serengeti?
3877,1,2,73,76,1.0526315789473684,0.031870003727342,531,Great news: for a perfect viewing height just tie it in a knot! Makes navigating doorways a cinch too!
3877,2,0,74,76,1.0526315789473684,0.036967206150360477,531,The cat tasted sour. How long where you sitting on him for?
3877,0,4,72,76,1.0526315789473684,0.025784102555612382,531,"Honey, I shrunk the kids! We had to start fitting in, right?"
3877,0,4,72,76,1.0526315789473684,0.025784102555612382,531,Get off the couch! I rented it through Airbnb and someone is on his way up!
3877,1,2,73,76,1.0526315789473684,0.031870003727342,531,I had mixed feelings about joining the Union but the vacation days are nice.
3877,0,4,72,76,1.0526315789473684,0.025784102555612382,531,Is That High Enough?
3877,0,4,72,76,1.0526315789473684,0.025784102555612382,531,Did I just see Zebra climbing out the back window?
3877,0,4,72,76,1.0526315789473684,0.025784102555612382,531,Would you mind wearing the headphones?
3877,0,4,72,76,1.0526315789473684,0.025784102555612382,531,I told you he'd be better than Leno.
3877,0,4,72,76,1.0526315789473684,0.025784102555612382,531,But I'd rather watch the girlaugh show!
3877,1,2,73,76,1.0526315789473684,0.031870003727342,531,"""I""ll watch with you, ponce someone like us gets more recognition""."
3877,0,4,72,76,1.0526315789473684,0.025784102555612382,531,We think your e-mails were hacked
3914,0,4,73,77,1.051948051948052,0.025456219343179858,531,Say something funny.
3914,1,2,74,77,1.051948051948052,0.03146081058883132,531,Stop watching Linda Luvlace and come to bed.
3914,0,4,73,77,1.051948051948052,0.025456219343179858,531,"I don't mean to interrupt, but have you prepared dinner?"
3914,0,4,73,77,1.051948051948052,0.025456219343179858,531,Let's go dancing tonight.
3918,0,3,71,74,1.0405405405405406,0.023083233882679497,531,"Design On A Dime, again?"
3918,0,3,71,74,1.0405405405405406,0.023083233882679497,531,"Honey, please stop watching this. You are just going to cancel my vote."
3918,0,3,71,74,1.0405405405405406,0.023083233882679497,531,"Believe me, I am not cheating on you."
3918,0,3,71,74,1.0405405405405406,0.023083233882679497,531,Turn off the television. We need to talk about the fact that you killed someone while texting and driving.
3918,1,1,72,74,1.0405405405405406,0.030051105361168638,531,"We should be able to talk about this, as mature zebra beings."
3918,0,3,71,74,1.0405405405405406,0.023083233882679497,531,"Are you are so tired, you need to lie down to sleep?"
3918,0,3,71,74,1.0405405405405406,0.023083233882679497,531,"Junior, I know all the cool giraffes your age have safari jeeps, but you're just not ready for one yet."
3918,1,1,72,74,1.0405405405405406,0.030051105361168638,531,Wonderful when the develop a TV for head shots.
3918,0,3,71,74,1.0405405405405406,0.023083233882679497,531,Do YOU remember me?
3918,0,3,71,74,1.0405405405405406,0.023083233882679497,531,Tongue or No Tongue?
3918,0,3,71,74,1.0405405405405406,0.023083233882679497,531,"You're with her ?! Well then, be there when they lock her up!"
3918,0,3,71,74,1.0405405405405406,0.023083233882679497,531,"I think it is in the spot, bur don't you think a higher?"
3918,0,3,71,74,1.0405405405405406,0.023083233882679497,531,Honey ... I know you think DIY is self-help and IT IS! But it means YOU do it yourself not THEY do it and you watch!
3918,0,3,71,74,1.0405405405405406,0.023083233882679497,531,It's 11 pm. Do you know where your tower is?
3918,0,3,71,74,1.0405405405405406,0.023083233882679497,531,You are going to have a crick in your neck if you keep watching the RNC convention.
3918,0,3,71,74,1.0405405405405406,0.023083233882679497,531,Really?
3918,0,3,71,74,1.0405405405405406,0.023083233882679497,531,We need our neck pillows to get through another convention.
3918,1,1,72,74,1.0405405405405406,0.030051105361168638,531,"I hate sitting on the blue sofa! I had such a crick after that double episode of ""Serengeti Betty"" last week."
3918,0,3,71,74,1.0405405405405406,0.023083233882679497,531,The Sept of Baylor explodes and everyone dies.
3918,0,3,71,74,1.0405405405405406,0.023083233882679497,531,I'm not sure it's healthy you're still watching old reruns of Land of the Lost.
3918,0,3,71,74,1.0405405405405406,0.023083233882679497,531,You heard what the president said.... Democracy isn't a spectator sport! It's time to get out of the house and do some door-to-door campaigning.
3918,0,3,71,74,1.0405405405405406,0.023083233882679497,531,"Oh, yea, I am team Cookie and Lucious all the waaay!"
3918,0,3,71,74,1.0405405405405406,0.023083233882679497,531,"Usual day at the office, what's on?"
3918,0,3,71,74,1.0405405405405406,0.023083233882679497,531,That's all you do all day is watch The National Geographic Channel!
3918,0,3,71,74,1.0405405405405406,0.023083233882679497,531,Stop watching this predator junk and put the game on.
3918,0,3,71,74,1.0405405405405406,0.023083233882679497,531,"King of the jungle isn't looking so bad now, is it?"
3918,0,3,71,74,1.0405405405405406,0.023083233882679497,531,Donkey and elephant were already taken.
3918,0,3,71,74,1.0405405405405406,0.023083233882679497,531,"Welcome to the Giraffe gaff, I see you found the tv room."
3918,0,3,71,74,1.0405405405405406,0.023083233882679497,531,"I know he's ours, but we gave up our parental rights when he became a trump."
3918,0,3,71,74,1.0405405405405406,0.023083233882679497,531,One needs some basic creature comforts for survival darling.
3918,1,1,72,74,1.0405405405405406,0.030051105361168638,531,I liked it better when we could see all the earrings and rings on those short-necked people.
3918,0,3,71,74,1.0405405405405406,0.023083233882679497,531,"Don't pout, I didn't mean it in a bad way when I said you had are giraffe neck."
3918,1,1,72,74,1.0405405405405406,0.030051105361168638,531,I'm ready for chill (italicized)
3918,1,1,72,74,1.0405405405405406,0.030051105361168638,531,Your reluctance to clash focal points has strained your neck. It's going over the mantle.
3918,0,3,71,74,1.0405405405405406,0.023083233882679497,531,"If it really takes two to tango, you are well equipped to dance by yourself. I'm watching my shows."
3918,0,3,71,74,1.0405405405405406,0.023083233882679497,531,Was that cousin Bob you saw on Growing Up Giraffe this morning?
3918,1,1,72,74,1.0405405405405406,0.030051105361168638,531,We should try and leave as soon as the convention is over.
3955,0,3,72,75,1.04,0.022779791898059957,531,Did you use a mouse to turn it on?
3955,1,1,73,75,1.04,0.029652643714840648,531,I'm Nuts Over TV !
3955,1,1,73,75,1.04,0.029652643714840648,531,Who could see any TV with you sitting there. Cover yourself. Your spotpattern is reflecting on the screen.
3955,0,3,72,75,1.04,0.022779791898059957,531,"I love that you phoned me when your television died. You are not going to miss even a minute of 'The Love Zoo.' In the meantime, may I interest you in a tall drink? And maybe one of my famous neck rubs?"
3955,0,3,72,75,1.04,0.022779791898059957,531,"And finally sire, your cousin Solomon says you're an inspiration."
3955,0,3,72,75,1.04,0.022779791898059957,531,"Don't despair, every circus needs a giant"
3955,0,3,72,75,1.04,0.022779791898059957,531,You don't think this hit-def thing's a scam?
3955,0,3,72,75,1.04,0.022779791898059957,531,I wish
3955,0,3,72,75,1.04,0.022779791898059957,531,"No matter what your mother says, we have different DNA's"
3955,0,3,72,75,1.04,0.022779791898059957,531,You sat through two conventions/
3955,0,3,72,75,1.04,0.022779791898059957,531,"Guaranteed, knee replacements will be needed."
3955,0,3,72,75,1.04,0.022779791898059957,531,Move the television to vertical then if the heads are being cut off.
3955,0,3,72,75,1.04,0.022779791898059957,531,"Sweetheart, I don't think this is what the therapist meant by ""quality time""."
3955,0,3,72,75,1.04,0.022779791898059957,531,"If I could get rid of one thing in this world, it would have to be those pesky humans."
3955,0,3,72,75,1.04,0.022779791898059957,531,"You need to stop binge watching Netflix dear, you're an animal."
3955,0,3,72,75,1.04,0.022779791898059957,531,Did you hear that Uber is launching a new animal service?
3955,0,3,72,75,1.04,0.022779791898059957,531,Can we run neck and neck instead of against each other?
3955,1,1,73,75,1.04,0.029652643714840648,531,Boredom with marriage. I has it.
3955,0,3,72,75,1.04,0.022779791898059957,531,You're turning into a couch goose gourd.
3955,0,3,72,75,1.04,0.022779791898059957,531,"Uh, could you scooch over, and didn't I say that screen should be raised higher?"
3955,0,3,72,75,1.04,0.022779791898059957,531,Ouch! That giraffe's house is way too little!
3976,1,1,74,76,1.0394736842105263,0.029264609329144358,531,"Tiger or zebra, but giraffe just isn't ""In."""
3976,1,1,74,76,1.0394736842105263,0.029264609329144358,531,Would you please turn the channel.
3978,0,2,70,72,1.0277777777777777,0.01950304159720581,531,"Hill, it's in the BAG!"
3978,0,2,70,72,1.0277777777777777,0.01950304159720581,531,Don't tell me to zip it!
3978,0,2,70,72,1.0277777777777777,0.01950304159720581,531,"'I'll watch with you once someone else gets more recognition."""
3978,0,2,70,72,1.0277777777777777,0.01950304159720581,531,"Can we skip the Nat Geo channel tonight and watch ""Wheel of Fortune"" instead?"
3978,0,2,70,72,1.0277777777777777,0.01950304159720581,531,You forgot to bring snacks tonight!
3978,0,2,70,72,1.0277777777777777,0.01950304159720581,531,How many times do I have to warn you about the breakneck speed of high-speed television!?!
3978,0,2,70,72,1.0277777777777777,0.01950304159720581,531,"Oh, Let them eat cake!"
3978,0,2,70,72,1.0277777777777777,0.01950304159720581,531,The ceiling's too low
3978,0,2,70,72,1.0277777777777777,0.01950304159720581,531,"His Majesty, therefore, has proven once and for all that the sword is mightier than the pen."
3978,0,2,70,72,1.0277777777777777,0.01950304159720581,531,"I do not want you to leave the room, yet."
3978,0,2,70,72,1.0277777777777777,0.01950304159720581,531,You're actually becoming a couch potato!
3978,0,2,70,72,1.0277777777777777,0.01950304159720581,531,Did you want to watch Mutual of Omaha or Obama tonight?
3978,0,2,70,72,1.0277777777777777,0.01950304159720581,531,So why doesn't Idaho St. change their mascot and themselves to 'The Mighty Giraffes?
3978,0,2,70,72,1.0277777777777777,0.01950304159720581,531,The Kardashians have really interfered with our necking time.
3978,0,2,70,72,1.0277777777777777,0.01950304159720581,531,"You're sitting too close for your eyes, Gerald."
3978,0,2,70,72,1.0277777777777777,0.01950304159720581,531,What's a nice girl like you doing in a place like this
3978,0,2,70,72,1.0277777777777777,0.01950304159720581,531,Not so well for the old book club. Now are you glad we moved here?
3978,0,2,70,72,1.0277777777777777,0.01950304159720581,531,Do you got the remote?
3978,0,2,70,72,1.0277777777777777,0.01950304159720581,531,This love seat seems to have a mal-function.
3978,0,2,70,72,1.0277777777777777,0.01950304159720581,531,Did you drop the kids off?
3978,0,2,70,72,1.0277777777777777,0.01950304159720581,531,Looks like our votes for a new TV standard were wasted.
3978,0,2,70,72,1.0277777777777777,0.01950304159720581,531,"If you keep watching that tv, your tongue will turn red."
3978,0,2,70,72,1.0277777777777777,0.01950304159720581,531,She's finally asleep...let's call for pizza delivery...and let's watch House of Cards...I need to catch up on Francis' latest shenanigans.
3978,0,2,70,72,1.0277777777777777,0.01950304159720581,531,Let's bring in the children. They would enjoy this show!
3978,0,2,70,72,1.0277777777777777,0.01950304159720581,531,"No, I did not see Ze-BRA."
3978,0,2,70,72,1.0277777777777777,0.01950304159720581,531,"Thereâ€™s nothing we can do, hon, he donâ€™t wanna grow up."
3978,0,2,70,72,1.0277777777777777,0.01950304159720581,531,I can't believe your dad is going to vote for him.
3978,0,2,70,72,1.0277777777777777,0.01950304159720581,531,Discovery marathon?
3978,0,2,70,72,1.0277777777777777,0.01950304159720581,531,OK! Only if you promise not to tell your parents.
3978,0,2,70,72,1.0277777777777777,0.01950304159720581,531,It is time you served the dinner.
3978,0,2,70,72,1.0277777777777777,0.01950304159720581,531,"I'm meeting the boys again, honey, but this time we promise not to chew on the cable."
3978,0,2,70,72,1.0277777777777777,0.01950304159720581,531,"As Roland Barthes wrote, wrestling is 'a sum of spectacles' so we're all being snookered. As for our next poetry contest, how much do you think we should charge contestants?"
3978,0,2,70,72,1.0277777777777777,0.01950304159720581,531,"Stop watching 'The Kardashians"" and turn it back to The Discovery Channel."
3978,1,0,71,72,1.0277777777777777,0.027777777777777773,531,Did I tell you about the time I joined the furry fandom?
3978,0,2,70,72,1.0277777777777777,0.01950304159720581,531,lol u have GOT to be kidding me with this rn who comes up w/ these
3978,0,2,70,72,1.0277777777777777,0.01950304159720581,531,"Honey, let's turn off the TV and just snuggle on the couch tonight."
3978,0,2,70,72,1.0277777777777777,0.01950304159720581,531,At last the baby's finally asleep with his cute little stuffed Donald.
3978,1,0,71,72,1.0277777777777777,0.027777777777777773,531,"I know it's been a ""Long Hot Summer"" outside but you don't have to watch the reruns inside."
3978,0,2,70,72,1.0277777777777777,0.01950304159720581,531,The werenâ€™t expecting this third party.
3978,0,2,70,72,1.0277777777777777,0.01950304159720581,531,Feeling anything yet?
3978,0,2,70,72,1.0277777777777777,0.01950304159720581,531,"If you can't find the remote, YOU get up to change the channel."
3978,0,2,70,72,1.0277777777777777,0.01950304159720581,531,But it's the hometown visits!
3978,1,0,71,72,1.0277777777777777,0.027777777777777773,531,"I see urban leisure has turned our woodland cuisine of eating shoots and leaves to an imagined menu of stick 'em up, shoot, and run after."
3978,0,2,70,72,1.0277777777777777,0.01950304159720581,531,"Honey, do you feel like ordering some seaweed tonight?"
3978,0,2,70,72,1.0277777777777777,0.01950304159720581,531,"Not to be a snob, but frankly watching the lowbrow fare on there is difficult for me."
3978,0,2,70,72,1.0277777777777777,0.01950304159720581,531,i checked with concierge...they don't have FOX news channel
3978,0,2,70,72,1.0277777777777777,0.01950304159720581,531,Huh. So 4K doesnâ€™t mean screen size?
3978,0,2,70,72,1.0277777777777777,0.01950304159720581,531,DANG... I told him AS the seat covers... Not ON the seat covers...
3978,1,0,71,72,1.0277777777777777,0.027777777777777773,531,This election
3978,0,2,70,72,1.0277777777777777,0.01950304159720581,531,When are you coming to bed?
3978,0,2,70,72,1.0277777777777777,0.01950304159720581,531,"I'm not talking down to you, I'm just trying to get you to use the sense you were born with. A lost cause, obviously"
3978,0,2,70,72,1.0277777777777777,0.01950304159720581,531,I can't believe our Tommy has graduated from high school.
4030,0,2,71,73,1.0273972602739727,0.019237784870265666,531,Don't worry. One day you'll grow enough to graduate from being a grass muncher to a leaf aficionado just like me.
4030,1,0,72,73,1.0273972602739727,0.027397260273972608,531,"Bad news, sire, the chosen one's hands are too small."
4030,0,2,71,73,1.0273972602739727,0.019237784870265666,531,Viewing kindred in all sorts of strange places.
4030,0,2,71,73,1.0273972602739727,0.019237784870265666,531,Hillary or Trump
4030,0,2,71,73,1.0273972602739727,0.019237784870265666,531,"The boys are coming over to watch the game soooo, if you could tidy up a bit. There's beers in the fridge."
4030,0,2,71,73,1.0273972602739727,0.019237784870265666,531,"Head's up, Liam; the score's neck-and-neck in the jungle ball game."
4030,0,2,71,73,1.0273972602739727,0.019237784870265666,531,"Are you watching ""The Real House Shrews"" again? The news is on."
4030,1,0,72,73,1.0273972602739727,0.027397260273972608,531,Move over Mrs. Potato Head.
4030,0,2,71,73,1.0273972602739727,0.019237784870265666,531,"Okay! It is my turn to see all evil, hear all evil, and not speak about the evil."
4030,0,2,71,73,1.0273972602739727,0.019237784870265666,531,I don't know how you can watch this newfangled television without a vertical hold button.
4030,0,2,71,73,1.0273972602739727,0.019237784870265666,531,I just can't watch regular TV any more.
4030,1,0,72,73,1.0273972602739727,0.027397260273972608,531,Let's watch the new season of WENTWORTH.
4042,0,1,69,70,1.0142857142857142,0.014388861576723854,531,"You know, we're really not supposed to do this but hey, the 90's are back in fashion. Must See TV is a must see after all."
4042,0,1,69,70,1.0142857142857142,0.014388861576723854,531,You admire them?!? How did it get so twisted?
4042,0,1,69,70,1.0142857142857142,0.014388861576723854,531,You won't reach your natural potential by lolling about like that.
4042,0,1,69,70,1.0142857142857142,0.014388861576723854,531,No wonder your eyes are tired. Giraffes don't have fingers and can't turn the TV off.
4042,0,1,69,70,1.0142857142857142,0.014388861576723854,531,Let's get some beers in.
4042,0,1,69,70,1.0142857142857142,0.014388861576723854,531,"TV rack anyone? Remember, the 90s are back!!!"
4042,0,1,69,70,1.0142857142857142,0.014388861576723854,531,"By "" But we can't go back now, dear. This is it!"""
4042,0,1,69,70,1.0142857142857142,0.014388861576723854,531,"""It can't be anything like love can it?"" Yes it's true. I am known for my Jimmy Stewart impressions."
4042,0,1,69,70,1.0142857142857142,0.014388861576723854,531,"World wrestling entertainment along with its iconography trumps soap opera, right?!"
4042,0,1,69,70,1.0142857142857142,0.014388861576723854,531,Did Tyra send your sister off
4042,0,1,69,70,1.0142857142857142,0.014388861576723854,531,Would you like a double decaf expresso?
4042,0,1,69,70,1.0142857142857142,0.014388861576723854,531,"You need to finish the leaf removal before watching the ""Jungle Book"", Fred."
4042,0,1,69,70,1.0142857142857142,0.014388861576723854,531,"Ummm, Gi I was thinking, let's go to a dermatologist and see if he could treat us with some dark spot remover... Raffe it's heredity."
4042,0,1,69,70,1.0142857142857142,0.014388861576723854,531,"Get up, love, we're movin' to Kentucky."
4042,0,1,69,70,1.0142857142857142,0.014388861576723854,531,"This is better than waiting for an open window, don't you think?"
4042,0,1,69,70,1.0142857142857142,0.014388861576723854,531,Wanna make some little horsies?
4042,0,1,69,70,1.0142857142857142,0.014388861576723854,531,Donny! The shake weights commercial again?!
4059,0,1,70,71,1.0140845070422535,0.01418475390906605,531,No . I will not raise the TV set .
4059,0,1,70,71,1.0140845070422535,0.01418475390906605,531,"I with the donkeys this year, honey."
4059,0,1,70,71,1.0140845070422535,0.01418475390906605,531,Do you love me more because I've always been for women for all positions except for you?
4059,0,1,70,71,1.0140845070422535,0.01418475390906605,531,I do not find the conventions that interesting.
4059,0,1,70,71,1.0140845070422535,0.01418475390906605,531,"But honey, Wednesday is my night to choose."
4059,0,1,70,71,1.0140845070422535,0.01418475390906605,531,You only became enamored with baseball when you discovered Brandon Belt
4059,0,1,70,71,1.0140845070422535,0.01418475390906605,531,"The Jerk Store called, they want you back."
4059,0,1,70,71,1.0140845070422535,0.01418475390906605,531,This is just what the manta rays are looking for. Wanna swap?
4067,0,0,68,68,1.0,0.014815221273648994,531,Did you fall in love with a virtual meme?
4067,0,0,68,68,1.0,0.014815221273648994,531,That fancy shoe company has called again.
4067,0,0,68,68,1.0,0.014815221273648994,531,Binge-watching Season 2 of Game of Zoos?
4067,0,0,68,68,1.0,0.014815221273648994,531,telephone for you!
4067,0,0,68,68,1.0,0.014815221273648994,531,"Hey, I just coop master's corpse up in the garage. So, what should we do next? It's matter of time before cops realize."
4067,0,0,68,68,1.0,0.014815221273648994,531,I said I'd get a good giraffe watching the conventions and I wasn't kidding!
4067,0,0,68,68,1.0,0.014815221273648994,531,Come on let us change the sports Chanel and watch trump giving news conference .At least it will give us some adrelanin raise??
4067,0,0,69,69,1.0,0.014598929061844594,531,"What are you watching?"" ""The Giraffe news, on the Giraffe Broadcasting Corporation"
4067,0,0,68,68,1.0,0.014815221273648994,531,These home movies just don't look right in HD.
4067,0,0,68,68,1.0,0.014815221273648994,531,Let's start a movement.
4067,0,0,68,68,1.0,0.014815221273648994,531,Still watch TV? It's time to go to cook for our dinner!
