rank,funny,somewhat_funny,unfunny,count,score,precision,contest,caption
1,191,123,293,607,1.8319604612850082,0.035625638760891934,534,"Looks like Sammy wins the ""bring your pet to work"" contest. He ate all of the other entries!"
2,142,142,246,530,1.8037735849056604,0.03620908265563286,534,Anywhere but Eve's office.
3,129,36,235,400,1.735,0.045877001298257294,534,We're searching for rats that escaped from the subway's Track 23 dining room kitchen.
4,79,126,184,389,1.7300771208226222,0.039430030168411075,534,Looks like you ordered from the wrong Amazon
5,100,78,206,384,1.7239583333333333,0.04337811164492531,534,Speak softly and carry a big fish.
6,69,134,174,377,1.7214854111405835,0.03883242633589764,534,We may want to let him work from home.
7,78,106,183,367,1.7138964577656677,0.04146617639505696,534,That goes in Eve's office.
8,81,88,186,355,1.704225352112676,0.04332996620088975,534,If anyone starts singing 'That's A Moray' they're fired.
9,114,15,219,348,1.6982758620689655,0.049952689326336217,534,It's a pet of the one-armed guy 9 back who is carrying it to the shredder.
10,67,95,172,334,1.68562874251497,0.04303569210577673,534,"I said we should get stuff from Amazon, not the Amazon."
11,69,76,172,317,1.6750788643533123,0.04551667595162956,534,It looks like we have a reptile dysfunction.
12,61,70,163,294,1.653061224489796,0.046792631196674477,534,"No you fools, I told you to hire a civil SERVANT"""
13,57,70,158,285,1.6456140350877193,0.04705393043054885,534,"You ordered from the wrong Amazon again, didn't you?"
14,54,74,155,283,1.6431095406360423,0.04655299356095167,534,"No, what I said was we need more stakeholders."
15,48,85,149,282,1.6418439716312057,0.04505061683222137,534,Tell the front desk to bring doughnuts and a small rabbit to the conference room.
16,50,76,151,277,1.635379061371841,0.04634008422564438,534,Is that from Amazon?
17,50,67,150,267,1.6254681647940075,0.04784017780213521,534,The word is he did great things over at Apple.
18,41,80,141,262,1.618320610687023,0.04586241845483096,534,I hope this means the toilet is now working.
18,50,62,150,262,1.618320610687023,0.04864759594850965,534,I see we're finally cleaning out the fridge.
20,48,65,148,261,1.6168582375478928,0.04820470150511267,534,"Sir, you should probably assume your human form for the shareholders meeting."
21,44,71,143,258,1.6162790697674418,0.047406038511578624,534,Ah. My Amazon delivery.
22,39,78,138,255,1.611764705882353,0.04625294216903566,534,"Not as charming as the gecko, but we'll give it a shot."
23,53,48,152,253,1.608695652173913,0.05106631182326898,534,I said we need stakeholders.
23,47,60,146,253,1.608695652173913,0.04918892785688069,534,Let's start thinking in the box.
25,66,20,165,251,1.6055776892430278,0.05530821876997061,534,I thought Milton Berle was dead.
26,40,71,139,250,1.604,0.04738901640150393,534,"No. What i said was, ""We need a gigantic shake up here."""
27,44,61,142,247,1.6032388663967612,0.04920576673640216,534,Just add it to the list of possible side effects.
28,45,57,143,245,1.6,0.04989114949828563,534,Didn't work out in accounting. Turns out he's only an adder.
28,37,73,135,245,1.6,0.04713256576335093,534,"Ok fine, I'll call the plumber."
30,31,83,129,243,1.5967078189300412,0.045262851728652034,534,Couldn't we just get a shredder?
30,43,59,141,243,1.5967078189300412,0.0495665952719447,534,"Right, never too early to bring in Legal."
32,35,74,133,242,1.5950413223140496,0.046905190212590236,534,"Why, no I haven't seen Bob. Why do you ask?"
33,50,43,148,241,1.5933609958506223,0.05229011553303198,534,No - I did NOT say I had 'a reptile dysfunction'!
34,38,66,137,241,1.5892116182572613,0.04819206298168457,534,He's transferring in from legal.
35,42,55,139,236,1.5889830508474576,0.05044542954443115,534,Just remember to wipe down the microwave when you're done
36,40,57,137,234,1.5854700854700854,0.05008898546694304,534,Put a tie on him and get over to Fox News.
37,46,43,143,232,1.581896551724138,0.052629748100106226,534,"Now, that's a moray!"
38,32,70,129,231,1.58008658008658,0.04757796424297396,534,It's the last envelope he has to lick.
38,32,70,129,231,1.58008658008658,0.04757796424297396,534,Let me guess--first time ordering from Amazon?
38,42,50,139,231,1.58008658008658,0.05138188241539583,534,"If it tells you to try Apple products, resist the temptation."
41,29,75,126,230,1.5782608695652174,0.046541954090482555,534,I think we should stick with pink slips.
41,37,59,134,230,1.5782608695652174,0.04969840774556073,534,Predatory lending is down the hall.
43,39,54,136,229,1.5764192139737991,0.050643727094948486,534,We found what was jamming the printer.
43,40,52,137,229,1.5764192139737991,0.05102051023343995,534,"No, no, I asked if you guys could find Ann a condo."
45,27,75,124,226,1.5707964601769913,0.046376522524213704,534,This decision may come back to bite us.
46,38,51,134,223,1.5695067264573992,0.05137637089050459,534,I see you've found the cause of the paper jam.
47,35,54,131,220,1.5636363636363637,0.05075378076678721,534,"Tell him again , we don't use Apple products here and we won't be tempted to."
47,35,54,131,220,1.5636363636363637,0.05075378076678721,534,Let's stick with the gekko
49,30,62,125,217,1.5622119815668203,0.04918913635341387,534,I don't think I.T. entirely understood my mouse problem.
50,33,57,129,219,1.5616438356164384,0.050117746703202695,534,I said I wanted a bigger STAKE in the company.
50,29,65,125,219,1.5616438356164384,0.04841715804837341,534,"No, what I said was that we need a bigger STAKE in the company."
52,33,55,128,216,1.5601851851851851,0.05066686909056884,534,Get him a desk in Legal.
53,37,48,133,218,1.5596330275229358,0.05196123348085432,534,I thought we agreed not to invite Legal to this meeting.
54,28,64,123,215,1.558139534883721,0.04867808190314239,534,"Um, I think we should go back to thinking 'inside the box'."
54,36,48,131,215,1.558139534883721,0.05212778670529916,534,"Oh dear, another case of reptile dysfunction."
54,25,70,120,215,1.558139534883721,0.04731964945331899,534,I'm afraid this idea doesn't have any legs
57,26,68,122,216,1.5555555555555556,0.047625199553395246,534,I think we figured out the reason for the huge employee turnover on the fourth floor.
58,31,55,126,212,1.5518867924528301,0.050577732908365265,534,"His résumé said he used to work at Amazon, which is technically true."
58,35,47,130,212,1.5518867924528301,0.052315867121496926,534,Put him in charge of low-hanging fruit.
60,30,48,118,196,1.5510204081632653,0.053278146139421625,534,"Impressive, but the other attorneys brought a mongoose."
61,34,48,129,211,1.5497630331753554,0.052089598726195584,534,We've had complaints that your emotional support animal keeps eating other emotional support animals.
61,29,58,124,211,1.5497630331753554,0.04987628299420888,534,We need to clean the refrigerator more often.
63,29,56,123,208,1.5480769230769231,0.05043457345494908,534,"I know what it looks like, but the guy's got a killer resume."
64,27,61,122,210,1.5476190476190477,0.049149478254236774,534,So it is a hostile takeover.
64,26,63,121,210,1.5476190476190477,0.048683701030659075,534,I see you've brought along your own lawyer.
66,31,51,125,207,1.5458937198067633,0.0515493295039338,534,"I said, ""Bring me the rep file."""
66,30,53,124,207,1.5458937198067633,0.051092379637473734,534,So you think you know where my left arm is?
66,32,49,126,207,1.5458937198067633,0.052002264254458565,534,He's in his office. Why?
69,27,54,117,198,1.5454545454545454,0.051409629794999,534,Surely you can find a better 2-hole punch?
70,33,46,127,206,1.5436893203883495,0.05265995807426412,534,"I meant, ""snack"". Damn autocorrect."
70,32,48,126,206,1.5436893203883495,0.05220834691393049,534,Mine's bigger.
72,30,47,120,197,1.5431472081218274,0.05310304030412186,534,I thought we weren't bringing our attorneys.
73,27,57,121,205,1.5414634146341464,0.05008303983763886,534,I see the boss hired another relative.
74,29,51,123,203,1.5369458128078817,0.05143241709148549,534,I meant the kind plumbers use.
74,35,39,129,203,1.5369458128078817,0.05420270868989018,534,"...and so we're letting both of you go, but you are eligible for COBRA."
74,28,53,122,203,1.5369458128078817,0.05095606124526404,534,"Whatever you do, don't assign him an office near Eve."
74,22,65,116,203,1.5369458128078817,0.04799875077731223,534,I didn't know we were bringing in outside counsel
78,31,45,124,200,1.535,0.05298975913197117,534,I said I want you to be 'Stakeholders'!
79,31,46,125,202,1.5346534653465347,0.05258160350264501,534,"No, I'm quite sure it was ""stakeholders,"" a meeting of all STAKEholders."
80,29,48,122,199,1.5326633165829147,0.052242170849424216,534,We're tax attorneys. The taxidermists are on the third floor.
80,29,48,122,199,1.5326633165829147,0.052242170849424216,534,"I din't say ""anaconda"" I said ""add a comma""!"
80,29,48,122,199,1.5326633165829147,0.052242170849424216,534,I'm afraid you can't bring your service animal anymore. Some of your coworkers are feeling constricted.
80,30,46,123,199,1.5326633165829147,0.05272573621855956,534,Take him to accounting - they could use another adder.
80,30,46,123,199,1.5326633165829147,0.05272573621855956,534,No need to introduce yourself.... you must be my wife's attorney!
80,28,50,121,199,1.5326633165829147,0.05175408747463079,534,I see they sent someone from corporate this time.
80,33,40,126,199,1.5326633165829147,0.05415052902765776,534,"Actually, I called a meeting of the large stakeholders."
80,33,40,126,199,1.5326633165829147,0.05415052902765776,534,"Wow, mystery solved! I thought people were just on vacation."
80,27,52,120,199,1.5326633165829147,0.05126135704020175,534,"No, no, no - I said we needed a couple of new ""stakeholders""!"
80,28,50,121,199,1.5326633165829147,0.05175408747463079,534,"Sorry guys, the agenda should have said stakeholders, not snakeholders."
90,27,51,120,198,1.5303030303030303,0.051466267059938446,534,I'll tell the boss you found his chihuahua.
90,26,53,119,198,1.5303030303030303,0.05096569907433445,534,I think she wanted a FEATHER one.
90,28,49,121,198,1.5303030303030303,0.051962013125303325,534,"No, this is accounting, you're looking for legal, that's up on 10."
93,27,50,120,197,1.5279187817258884,0.05167264586197192,534,"""Guys, there is no need to reinvent the eel""."
94,23,57,116,196,1.5255102040816326,0.04982240804887273,534,Anything found in the employee fridge without a name and date gets tossed.
94,27,49,120,196,1.5255102040816326,0.05188050538320881,534,Add him to the office pool.
94,32,39,125,196,1.5255102040816326,0.054343628491324854,534,I know today's the 'Bring Your Pets to Work Day' but many people say they couldn't find their pets anymore...
94,16,71,109,196,1.5255102040816326,0.04599969540646994,534,I think his management style might be too constricting.
94,23,57,116,196,1.5255102040816326,0.04982240804887273,534,"Oh good, Legal has arrived."
99,27,48,120,195,1.523076923076923,0.05208985755920277,534,There must have been a typo in the notice. This meeting is for STAKE-holders.
99,24,54,117,195,1.523076923076923,0.05054452471061936,534,When did we go open carry?
99,32,38,125,195,1.523076923076923,0.05456824837819216,534,I didn't mean it literally! Take that back and bring me an actual lawyer.
99,23,56,116,195,1.523076923076923,0.05001880530477716,534,That's the last time we use Monster.com.
103,25,50,117,192,1.5208333333333333,0.05167268303652459,534,Make sure he completes the sexual harassment training.
103,34,32,126,192,1.5208333333333333,0.0562219162651738,534,"You'd better run that by Legal... oh, wait. That is Legal."
103,27,46,119,192,1.5208333333333333,0.05271756079166745,534,"Python is a programming language, you nitwits."
106,28,43,120,191,1.5183246073298429,0.05345228694057287,534,"I said add one percent, not one serpent."
106,25,49,117,191,1.5183246073298429,0.05188267703387433,534,I wasn't expecting anything from Amazon!
106,23,53,115,191,1.5183246073298429,0.05080933943889935,534,"No, no. I said, 'We should buy a bigger *stake*.'"
109,21,56,113,190,1.5157894736842106,0.04991014805462426,534,The employee you need to terminate is in the first office on the left.
109,20,58,112,190,1.5157894736842106,0.049349043418263086,534,I'm not sure we have that kind of wiggle room.
109,24,50,116,190,1.5157894736842106,0.05155683520586971,534,I said get me a large SHAKE!
109,26,46,118,190,1.5157894736842106,0.0526260091734021,534,The meeting was for STAKEHOLDERS...
109,27,44,119,190,1.5157894736842106,0.05315253177465679,534,I see that there was a typo in my 'Haul-your-asp-to-my-office' memo.
109,21,56,113,190,1.5157894736842106,0.04991014805462426,534,"I thought his resume said worked at Amazon, not in the Amazon."
109,22,54,114,190,1.5157894736842106,0.05046501433043898,534,"It's our biggest idea, but it has no legs."
109,24,50,116,190,1.5157894736842106,0.05155683520586971,534,I said I wanted an extra large shake.
109,22,54,114,190,1.5157894736842106,0.05046501433043898,534,Maybe we should cancel our Amazon Rewards Program.
109,28,42,120,190,1.5157894736842106,0.05367388961676616,534,I didn't know Legal was hiring.
119,26,45,118,189,1.5132275132275133,0.0528424649928612,534,No....What I said was that I want to meet our stakeholders.
119,28,41,120,189,1.5132275132275133,0.05389713060248615,534,"Well, that explains the missing lab rats."
121,18,59,109,186,1.510752688172043,0.048958491342782885,534,Devour the Competition was a metaphor.
121,27,41,118,186,1.510752688172043,0.05403737247009283,534,He is a lifetime civil serpent.
121,24,47,115,186,1.510752688172043,0.05239913842009377,534,No wonder it wouldn't flush.
124,21,54,113,188,1.5106382978723405,0.05030873038158589,534,This just came from Amazon.
125,25,44,116,185,1.508108108108108,0.053171407037767626,534,Reptile dysfunction?
125,24,46,115,185,1.508108108108108,0.05261600630792375,534,I'll let you handle his exit interview.
125,20,54,111,185,1.508108108108108,0.05033315501211401,534,"Well, he has some of the qualities we're looking for!"
128,29,37,121,187,1.5080213903743316,0.054875033255137214,534,Release him in personnel. We need to downsize.
129,22,49,113,184,1.5054347826086956,0.0516979932134545,534,I don't think that qualifies as an Emotional Support Animal.
129,19,55,110,184,1.5054347826086956,0.049944898724200666,534,Just when we got rid of the 800 lb. gorilla in the room!
129,27,39,118,184,1.5054347826086956,0.054494634217611415,534,Where was he this time?
129,24,45,115,184,1.5054347826086956,0.052834416480013656,534,Johnson? No. I haven't seen him all week.
129,23,47,114,184,1.5054347826086956,0.05226929340962017,534,A mousetrap would have sufficed.
129,21,51,112,184,1.5054347826086956,0.051120308792649255,534,Is this why none of our computers have a mouse?
135,28,36,119,183,1.5027322404371584,0.05527172954544428,534,Sure beats the whoopee cushion we got him last year!
135,23,46,114,183,1.5027322404371584,0.05248540640081957,534,Better count the interns while your at it...
135,24,44,115,183,1.5027322404371584,0.053054378946853206,534,I was hoping we could resolve this without bringing legal in.
135,26,40,117,183,1.5027322404371584,0.05417439991537072,534,"I said, ASAP. Not ASP."
139,25,41,116,182,1.5,0.05384268443336075,534,"""I see they are finally hiring in the legal department'"
139,22,47,113,182,1.5,0.05212385599037357,534,"Yes, but we'll never have to lick another envelope."
139,23,45,114,182,1.5,0.05270302772327498,534,"Wow, you guys have been really hauling asp today."
142,22,46,113,181,1.4972375690607735,0.052338974835374814,534,"Previous work in Eden, huh? Put him in sales."
142,18,54,109,181,1.4972375690607735,0.04993815044630571,534,I think I liked the elephant in the room better.
142,28,34,119,181,1.4972375690607735,0.05574668072673207,534,"No, no, I was asking to meet with the ""stakeholders."""
142,25,40,116,181,1.4972375690607735,0.054069680500564266,534,He gets a new water bowl every morning and a live intern in the afternoon.
142,24,42,115,181,1.4972375690607735,0.05349899994605568,534,I said I wanted a bigger stake in the business.
142,23,44,114,181,1.4972375690607735,0.052922165876152796,534,Wrong floor. Legal is on twelve.
142,18,54,109,181,1.4972375690607735,0.04993815044630571,534,Legal? Third door on the left.
149,25,39,115,179,1.4972067039106145,0.054531807357565264,534,"No, not an ad campaign for reptile dysfunction....."
149,28,33,118,179,1.4972067039106145,0.05623193140553005,534,Another reptile dysfunction?
149,19,51,109,179,1.4972067039106145,0.05096168974686136,534,I don't think your idea has any legs.
152,23,44,115,182,1.4945054945054945,0.05270144531112879,534,Corporate wants something with legs.
153,24,39,114,177,1.4915254237288136,0.05441395533708315,534,Put it in legal with the others.
153,19,49,109,177,1.4915254237288136,0.051379683324123356,534,I was imagining a different sort of scalability.
153,24,39,114,177,1.4915254237288136,0.05441395533708315,534,I assume you're here for the Snakeholder Meeting?
153,21,45,111,177,1.4915254237288136,0.05261439469634476,534,"No, I said I liked the eclectic feel around the office."
153,28,31,118,177,1.4915254237288136,0.056724632012708415,534,Remember to set him up with a touchpad. We don't need a repeat of the mouse incident.
153,18,51,108,177,1.4915254237288136,0.050751064255830376,534,"Well, he did put 'strangles the competition' on his résumé.'"
159,26,35,117,178,1.4887640449438202,0.05533710684709728,534,"Well, Mr. Trump did want a running mate who was more likeable than him."
160,26,34,116,176,1.4886363636363635,0.05582244368010009,534,Finally a cold-blooded pragmatist around here.
160,24,38,114,176,1.4886363636363635,0.05464682139473271,534,I'm in no mood for metaphors
160,24,38,114,176,1.4886363636363635,0.05464682139473271,534,"OK, guys, all the mice are gone. Get rid of it before questions about Mr. Johnson's Bull Dog comes up."
160,21,44,111,176,1.4886363636363635,0.052834362811929714,534,"Sorry, we have to let you go. We're scaling down."
164,25,35,115,175,1.4857142857142858,0.05547652522503429,534,"I said ""Send in the stakeholders""..."
164,25,35,115,175,1.4857142857142858,0.05547652522503429,534,Take him upstairs. He'll be working in legal.
166,21,42,111,174,1.4827586206896552,0.05327874377871158,534,Take that to Eve in produce.
166,24,36,114,174,1.4827586206896552,0.05511757290377937,534,has anyone seen Bob in accounting?
168,23,37,112,172,1.4825581395348837,0.054992697121151145,534,I mean nobody's LinkedIn profile is completely honest.
168,20,43,109,172,1.4825581395348837,0.053105539905414854,534,I never thought our IRS audit would be done by a civil serpent.
168,14,55,103,172,1.4825581395348837,0.049114169367093015,534,"Gentlemen, your proposal hasn't got a leg to stand on."
171,20,44,111,175,1.48,0.052422434686463064,534,It's the new hire from Amazon.
172,20,42,109,171,1.4795321637426901,0.05333022519745499,534,I may have mumbled.... but I know I said STAKEHOLDERS MEETING
172,25,32,114,171,1.4795321637426901,0.05646335242999019,534,"Inhuman Resources, third floor."
172,27,28,116,171,1.4795321637426901,0.05766896103487634,534,"Careful, he's on the Boa Directors."
175,21,40,111,172,1.4767441860465116,0.05372908071788878,534,"Just so you know, Eve has filed a sexual harassment suit."
176,14,53,103,170,1.4764705882352942,0.04950358597583763,534,'We've got to come up with a better way to seal envelopes.'
176,15,51,104,170,1.4764705882352942,0.05020177953759633,534,Just put it with the others.
176,21,39,110,170,1.4764705882352942,0.054202403400468245,534,"""I told you idiots to hire a civil 'servant'..."
176,17,47,106,170,1.4764705882352942,0.051569816339502125,534,It's not eligible for COBRA benefits.
176,20,41,109,170,1.4764705882352942,0.05355638981590165,534,The client changed their minds again...they're staying with the gekko.
176,21,39,110,170,1.4764705882352942,0.054202403400468245,534,"You know, everyone else catches Pokemon at lunch."
176,21,39,110,170,1.4764705882352942,0.054202403400468245,534,"Morey. I said bring me Morey,"
176,15,51,104,170,1.4764705882352942,0.05020177953759633,534,Before you let him go have him sign this release form.
176,23,35,112,170,1.4764705882352942,0.05547186514743891,534,"That's it, Bill, you're fired – and take your two handlers with you."
176,17,47,106,170,1.4764705882352942,0.051569816339502125,534,"On second thought, let's call a plumber."
176,19,43,108,170,1.4764705882352942,0.052902488087409806,534,"No guys, I told you I needed a good Boeing contractor."
176,18,45,107,170,1.4764705882352942,0.052240402004236706,534,"Yes, That would be my Amazon order."
176,20,41,109,170,1.4764705882352942,0.05355638981590165,534,I said to find a civil SERVANT
189,22,36,111,169,1.4733727810650887,0.05507819229651902,534,"We're going to need a few more rules for ""Bring your pet to work day."""
189,23,34,112,169,1.4733727810650887,0.0557139986429534,534,"Let's get you into hair and makeup, Mr. Trump."
189,21,38,110,169,1.4733727810650887,0.05443496016823785,534,I hate these team building exercises.
189,22,36,111,169,1.4733727810650887,0.05507819229651902,534,"... and finally, you can't type worth a damn."
189,20,40,109,169,1.4733727810650887,0.05378403583204737,534,"You're too late, they settled 5 minutes ago."
189,20,40,109,169,1.4733727810650887,0.05378403583204737,534,You misunderstood me. I want each employee to have a STAKE in our company.
189,20,40,109,169,1.4733727810650887,0.05378403583204737,534,Let HR handle it
196,16,47,105,168,1.4702380952380953,0.051305730294818275,534,"Reread the memo. The boss wants something from Amazon, not from the Amazon."
196,22,35,111,168,1.4702380952380953,0.055317212128440686,534,"No, no--that memo was about stakeholders."
196,16,47,105,168,1.4702380952380953,0.051305730294818275,534,I'm getting a bad feeling about my missing intern.
199,17,44,105,166,1.4698795180722892,0.052449804787855006,534,"It was a metaphor, guys."
199,23,32,111,166,1.4698795180722892,0.056472100395246506,534,I think the staff will be more productive with fewer constrictions.
199,17,44,105,166,1.4698795180722892,0.052449804787855006,534,Wouldn't a couple of mouse traps be easier?
199,21,36,109,166,1.4698795180722892,0.055163932263710434,534,Put him in the conference room with the other attorneys.
199,22,34,110,166,1.4698795180722892,0.055821848526567235,534,"Ah, I see the Legal Dept. has a new intern."
199,16,46,104,166,1.4698795180722892,0.05174903547078258,534,The other lawyers are in the conference room.
199,22,34,110,166,1.4698795180722892,0.055821848526567235,534,Is that my Amazon delivery?
206,14,49,102,165,1.4666666666666666,0.050520815474962746,534,Remember when we used to just give people pink slips?
206,19,39,107,165,1.4666666666666666,0.05405462002726678,534,You want the den of vipers — that's up one floor in pharmaceuticals.
208,16,44,104,164,1.4634146341463414,0.05217851979272614,534,"This will be the last ""bring your pet to work"" day."
208,18,40,106,164,1.4634146341463414,0.05359320223623875,534,The rat race seems to attract them.
208,23,30,111,164,1.4634146341463414,0.0569764409328151,534,Take that back to Trump Tower where you found it.
208,18,40,106,164,1.4634146341463414,0.05359320223623875,534,No wonder the copier was jamming.
208,20,36,108,164,1.4634146341463414,0.05497149010267831,534,"Well, that explains my missing mongoose."
208,19,38,107,164,1.4634146341463414,0.05428672052188843,534,Let me guess - another team building exercise.
208,16,44,104,164,1.4634146341463414,0.05217851979272614,534,I'm relieved. I thought we had a mole.
208,16,44,104,164,1.4634146341463414,0.05217851979272614,534,"The good news is, we no longer have a whistle blower problem."
208,20,36,108,164,1.4634146341463414,0.05497149010267831,534,"Bob, it looks like we'll have to move your therapy snake further away from Ms. Jenning's therapy rabbits."
217,22,31,110,163,1.460122699386503,0.056565729886093374,534,"I'm tempted, but knowing good from evil might cramp our style."
217,16,43,104,163,1.460122699386503,0.052395034357397785,534,"Well, we found out what happened to Janet from accounting."
217,10,55,98,163,1.460122699386503,0.047862275886958315,534,"If you had cleaned out the break room fridge when you were supposed to, you wouldn't have this problem."
217,21,33,109,163,1.460122699386503,0.05589223054689754,534,"Welcome to Goldman Sachs, you'll fit right in."
217,18,39,106,163,1.460122699386503,0.05382118866571747,534,Good to have legal back.
217,16,43,104,163,1.460122699386503,0.052395034357397785,534,Maybe we should just let the plumber handle it.
217,15,45,103,163,1.460122699386503,0.051667197168744926,534,"Get Him a suit and tie, he's due in court in an hour."
217,24,27,112,163,1.460122699386503,0.057889226300101286,534,"This way, Mr. Ailes. Your new host body is waiting in Mr. Trump's office."
217,19,37,107,163,1.460122699386503,0.054520277983789535,534,I see Bob made an asp of himself at the board meeting again.
226,22,32,112,166,1.4578313253012047,0.055774548547566596,534,"""Take it up to legal, and get it a desk.'"
227,15,44,103,162,1.4567901234567902,0.05187886582193989,534,"Finally, an intern who won't be wanting a stand-up desk."
227,14,46,102,162,1.4567901234567902,0.051134484282813655,534,"I think you misunderstood ""from"" Amazon."
227,17,40,105,162,1.4567901234567902,0.05333647149159658,534,"""Tell me again what's wrong with the old mouse trap""."
227,17,40,105,162,1.4567901234567902,0.05333647149159658,534,"I ordered a large ""SHAKE."""
227,19,36,107,162,1.4567901234567902,0.05475528890780275,534,I think we've found the reason for the printer paper jam.
227,18,38,106,162,1.4567901234567902,0.054050535864831356,534,"If it fits, it ships!"
227,18,38,106,162,1.4567901234567902,0.054050535864831356,534,Put him in the CEO's chair and see if anyone notices.
227,22,30,110,162,1.4567901234567902,0.05681712217000721,534,Tile Rep. Reptile. Anyone could make that mistake.
227,18,38,106,162,1.4567901234567902,0.054050535864831356,534,"Good solution, but is it scalable?"
227,16,42,104,162,1.4567901234567902,0.05261271666690828,534,I hate bring your pet to work day.
227,21,32,109,162,1.4567901234567902,0.05613825910713654,534,The other lawyers are waiting in Conference Room B.
227,20,34,108,162,1.4567901234567902,0.05545108564742869,534,He ate Simpson's Viagra.Hurry- or you'll never get him in the elevator.
239,19,35,106,160,1.45625,0.05526300396212859,534,"No, NO! I said I wanted our employees to be big STAKEholders."
239,16,41,103,160,1.45625,0.05308625575715871,534,Any luck finding that missing intern?
239,18,37,105,160,1.45625,0.05454707375026622,534,This is the absolute last time I send you two guys out for sushi!
239,17,39,104,160,1.45625,0.053821621143511876,534,Eve will be here in a few minutes with her side of the story.
239,15,43,102,160,1.45625,0.052340559780281376,534,Isn't there enough venom in this department already?
239,19,35,106,160,1.45625,0.05526300396212859,534,"No, no! I said that I wished that I had a larger stake in the business."
245,17,36,101,154,1.4545454545454546,0.0553487519905084,534,"Right, sorry millennials, I meant Monty Python."
246,11,46,93,150,1.4533333333333334,0.051454605580996335,534,Now that's a better mouse trap.
247,17,38,104,159,1.4528301886792452,0.05405175010266245,534,Nice asp Ted.
247,14,44,101,159,1.4528301886792452,0.0517953395727902,534,I want everything converted from Python to Java by this afternoon.
247,18,36,105,159,1.4528301886792452,0.054783238176112574,534,This is Sales. You want HR.
247,21,30,108,159,1.4528301886792452,0.05692132880353991,534,Sales haven't improved. Release it on level three.
247,17,38,104,159,1.4528301886792452,0.05405175010266245,534,I knew he was a snake when we hired him.
247,11,50,98,159,1.4528301886792452,0.04943604670441016,534,I see you finally decided to clean out the breakroom fridge.
247,15,42,102,159,1.4528301886792452,0.05255824100329704,534,I see you found our closer.
247,17,38,104,159,1.4528301886792452,0.05405175010266245,534,Which one of you is the lawyer?
255,11,49,98,158,1.4493670886075949,0.04962771047728107,534,Make him comfortable. A client is a client!
255,18,35,105,158,1.4493670886075949,0.055020807271440195,534,Don't try to tell me that's a service animal.
255,17,37,104,158,1.4493670886075949,0.05428317951002427,534,I don't think your new pet project has legs.
255,17,37,104,158,1.4493670886075949,0.05428317951002427,534,Get him out before Eve files another harassment suit.
255,19,33,106,158,1.4493670886075949,0.05574867610880471,534,I asked for a large shake.
255,20,31,107,158,1.4493670886075949,0.05646716340465369,534,Cripes! I told you two to find my aunt a condo!
261,18,34,105,157,1.4458598726114649,0.05525977171178832,534,Which law school?
261,16,38,103,157,1.4458598726114649,0.053761731138261784,534,That's not exactly what I had in mind when I said that our company needs a robust COBRA plan!
261,22,26,109,157,1.4458598726114649,0.058140172333347874,534,This the guy saying go with Apple?
261,19,32,106,157,1.4458598726114649,0.05599376471507402,534,Shouldn't he be down in Legal?
261,20,30,107,157,1.4458598726114649,0.05671825988423107,534,Can you guys help me install Python?
261,19,32,106,157,1.4458598726114649,0.05599376471507402,534,"So, we're literally going to be selling snake oil?"
261,13,44,100,157,1.4458598726114649,0.05143292508693653,534,Have you guys seen Bill?
261,16,38,103,157,1.4458598726114649,0.053761731138261784,534,"Yeah, Don gets like this. Just let him sleep it off in his office."
261,15,40,102,157,1.4458598726114649,0.052996834034257555,534,"So, I take it the rats are back."
270,14,41,100,155,1.4451612903225806,0.05269600869648962,534,I guess we should have specified what we meant by pet project.
270,23,23,109,155,1.4451612903225806,0.05942183064828007,534,Now they’ll know the meaning of deadline.
270,21,27,107,155,1.4451612903225806,0.05799465144709578,534,I said I wanted to meet with all of our STAKEholders
270,16,37,102,155,1.4451612903225806,0.05426272840231366,534,I see you found what was jamming the copy machine.
270,16,37,102,155,1.4451612903225806,0.05426272840231366,534,"No, I said, 'Get me a big stake in the company'!"
270,18,33,104,155,1.4451612903225806,0.05578546454755043,534,Well ... This certainly explains the dwindling secretarial pool!
270,17,35,103,155,1.4451612903225806,0.055029363745409884,534,"Johnson, your emotional support animal has eaten another IT guy."
270,14,41,100,155,1.4451612903225806,0.05269600869648962,534,"Forked tongue? P.R, must have ordered it."
270,14,41,100,155,1.4451612903225806,0.05269600869648962,534,"If Johnson keeps on mixing up ""literally"" and ""figuratively"" he will never make partner."
270,15,39,101,155,1.4451612903225806,0.05348510552576188,534,Isn't there a simpler way to terminate Jensen?
270,14,41,100,155,1.4451612903225806,0.05269600869648962,534,He's a comfort snake--here's the paperwork.
270,18,33,104,155,1.4451612903225806,0.05578546454755043,534,"Word of advice: if he offers you an apple, don't eat it."
270,13,43,99,155,1.4451612903225806,0.05189491450979696,534,Impressive growth in the first quarter
270,16,37,102,155,1.4451612903225806,0.05426272840231366,534,Ooh...someone's in for a tongue-lashing.
270,19,31,105,155,1.4451612903225806,0.056531453504640936,534,Just put it on my desk. I'll have my secretary take care of it.
285,18,34,106,158,1.4430379746835442,0.0549813766349394,534,We're cleaning out the break room fridge.
285,21,28,109,158,1.4430379746835442,0.057138679910577236,534,He's from corporate.
287,15,39,102,156,1.4423076923076923,0.053217708060674225,534,"Whatever, but all emotional support animals must be cleared with HR"
287,14,41,101,156,1.4423076923076923,0.05243483064998263,534,So that's why the printer was jammed.
287,16,37,103,156,1.4423076923076923,0.05398923445623158,534,"Take him over to sales, he'll fit right in."
290,19,30,105,154,1.4415584415584415,0.05678406702566273,534,"When you said you had to go ""drain the snake"" I thought..."
290,16,36,102,154,1.4415584415584415,0.05449571501048605,534,Adam and Eve are in Conference Room B.
290,13,42,99,154,1.4415584415584415,0.05210696346011032,534,I wasn't told we'd be getting a visit from Corporate today.
290,17,34,103,154,1.4415584415584415,0.05526902742339265,534,It says right here: '...and other duties as assigned'.
290,17,34,103,154,1.4415584415584415,0.05526902742339265,534,We're just showing the new civil serpent around the office.
290,18,32,104,154,1.4415584415584415,0.056031668100738743,534,I'm pretty sure that was a spelling error.
290,17,34,103,154,1.4415584415584415,0.05526902742339265,534,You guys didn't mention the forked tongue. Let's put him in the legal department.
290,16,36,102,154,1.4415584415584415,0.05449571501048605,534,"If it's an adder, stick it in accounting. If it's a constrictor, put it in sales. If it's poisonous, put it in the CEO's office."
290,16,36,102,154,1.4415584415584415,0.05449571501048605,534,"His desk is over there, but I think he'll need more than one mouse."
290,17,34,103,154,1.4415584415584415,0.05526902742339265,534,So all that anti-virus stuff doesn't prevent these?
290,18,32,104,154,1.4415584415584415,0.056031668100738743,534,I'm sorry. The job offer was for a civil servant.
290,18,32,104,154,1.4415584415584415,0.056031668100738743,534,"When I told you to get me the biggest snake in town, I meant a lawyer."
290,14,40,100,154,1.4415584415584415,0.05291519705015645,534,There's an empty cubicle between Adam and Eve.
290,21,26,107,154,1.4415584415584415,0.05825972145163574,534,Put him in with Legal.
304,14,40,101,155,1.4387096774193548,0.05264982687951972,534,"Oh, good! That must be the new adder for accounting."
304,17,34,104,155,1.4387096774193548,0.05498514173963289,534,We're missing two kids from Take Your Child to Work Day.
306,17,33,103,153,1.4379084967320261,0.05551000783667097,534,"Gentlemen, I'd like to introduce Donald Trump's newest campaign manager."
306,18,31,104,153,1.4379084967320261,0.05627930598392961,534,Sorry for the typo. This meeting is for STAKE-holders.
306,16,35,102,153,1.4379084967320261,0.054729897295918324,534,"No, no, no. Hire a civil *servant*!"
306,15,37,101,153,1.4379084967320261,0.05393850522600959,534,"His resume looks good, but typing skills are going to be an issue."
306,14,39,100,153,1.4379084967320261,0.05313532755155237,534,So that's what was causing the paper jam
306,14,39,100,153,1.4379084967320261,0.05313532755155237,534,"If he tries to get you to eat an apple, don't."
306,19,29,105,153,1.4379084967320261,0.05703822923301775,534,Get your asp back to work!
313,15,37,102,154,1.4350649350649352,0.05366250331841755,534,"We're selling the oil, not the snake!"
313,14,39,101,154,1.4350649350649352,0.05286569610414262,534,"Great, another bottom-feeder."
313,16,35,103,154,1.4350649350649352,0.05444765100739231,534,Dare I ask how it went at the aquarium's bankruptcy hearing?
316,17,32,103,152,1.4342105263157894,0.05575228773132062,534,It came with my Amazon Primal subscription.
316,19,28,105,152,1.4342105263157894,0.05729392933598913,534,I can't believe he made partner before me.
316,16,34,102,152,1.4342105263157894,0.05496525458446715,534,So that's what was jamming the copy machine.
316,15,36,101,152,1.4342105263157894,0.054166787202072554,534,"Damn auto-correct! That was suppose to say ASAP, not ASP."
316,18,30,104,152,1.4342105263157894,0.056528364234396875,534,Let's put it in the pipeline and see what happens.
316,14,38,100,152,1.4342105263157894,0.053356372253498784,534,I said I wanted a large SHAKE.
322,16,34,103,153,1.4313725490196079,0.05467852218152982,534,Trump's changed campaign managers again.
323,12,41,98,151,1.4304635761589404,0.05190408353301887,534,Anyone seen the boss's chihuahua?
323,14,37,100,151,1.4304635761589404,0.05357830091467724,534,Conference room 2A. Mrs. Edith Higgins doesn't want to settle.
323,18,29,104,151,1.4304635761589404,0.05677882714450794,534,COBRA Insurance? Take that to Human Resources.
323,16,33,102,151,1.4304635761589404,0.0552017641964893,534,It's tempting....
323,17,31,103,151,1.4304635761589404,0.05599584798139376,534,So this is our competitive response to the Gecko.
323,18,29,104,151,1.4304635761589404,0.05677882714450794,534,This should finally put an end to our capybara problem.
323,17,31,103,151,1.4304635761589404,0.05599584798139376,534,Seat him with the other candidates.
323,16,33,102,151,1.4304635761589404,0.0552017641964893,534,This floor is accounting. Lawyers are on 19.
323,13,39,99,151,1.4304635761589404,0.052747835103946705,534,Hopefully this will get us the conference room
323,14,37,100,151,1.4304635761589404,0.05357830091467724,534,I misread the memo: management wants a new constructor.
323,16,33,102,151,1.4304635761589404,0.0552017641964893,534,I trust this will take care of our poodle problem.
323,18,29,104,151,1.4304635761589404,0.05677882714450794,534,Can you get it to cough up Caruthers' ID badge?
323,16,33,102,151,1.4304635761589404,0.0552017641964893,534,They're draining the typing pool.
323,16,33,102,151,1.4304635761589404,0.0552017641964893,534,I don't think you guys quite grasp the concept of carrying COBRA.
323,14,37,100,151,1.4304635761589404,0.05357830091467724,534,Has anyone seen Johnson?
338,19,26,104,149,1.429530201342282,0.058127746347447926,534,That's a moray?
338,14,36,99,149,1.429530201342282,0.05408660913384405,534,This is Accounting. Legal is on the 5th floor.
338,16,32,101,149,1.429530201342282,0.05573823401159774,534,"If you have reptile dysfunction, I know of a cure."
338,11,42,96,149,1.429530201342282,0.05150997110167708,534,"I wish I could accommodate that, but I'm afraid we don't have any wiggle room."
338,17,30,102,149,1.429530201342282,0.056545958761867646,534,Is this the new government mandated COBRA policy?
338,16,32,101,149,1.429530201342282,0.05573823401159774,534,"""When you said 'therapy pet,' I just assumed 'dog'."
344,15,34,101,150,1.4266666666666667,0.0546263833681188,534,"It seemed like a good idea, but it didn't have legs."
344,21,22,107,150,1.4266666666666667,0.059337631496029046,534,"Last time I'm going to tell you, gentlemen, jackets are required in the office."
346,17,29,102,148,1.4256756756756757,0.056796906626474644,534,Show Roger Ailes replacement to his office.
346,13,37,98,148,1.4256756756756757,0.05346189249276105,534,I hate the paleo diet.
346,16,31,101,148,1.4256756756756757,0.05598178220617172,534,Has anyone seen the intern?
346,12,39,97,148,1.4256756756756757,0.052595107049518454,534,Finally...someone to swim with the sharks
346,18,27,103,148,1.4256756756756757,0.05760049709589071,534,I see legal is moving again.
346,12,39,97,148,1.4256756756756757,0.052595107049518454,534,Have either of you seen the intern?
346,18,27,103,148,1.4256756756756757,0.05760049709589071,534,Don't get sushi at Costco.
346,18,27,103,148,1.4256756756756757,0.05760049709589071,534,Now find a huge peanut brittle can.
354,10,41,95,146,1.417808219178082,0.05120821677973074,534,"Can't you guys catch ""Pokemon"" like everyone else?"
354,15,31,100,146,1.417808219178082,0.05562956068681201,534,"Eve says, 'he knows too much'."
354,18,25,103,146,1.417808219178082,0.05812114895695355,534,The Donald's new campaign manager
354,19,23,104,146,1.417808219178082,0.05892827222450989,534,"I asked for 2 ""stakeholders""!"
354,18,25,103,146,1.417808219178082,0.05812114895695355,534,"So much for ""bring your pet to work"" day. Now we'll need a new accountant."
354,11,39,96,146,1.417808219178082,0.052122497801328146,534,When he first started here he was electric but I'm afraid the time has come to let him go.
354,13,35,98,146,1.417808219178082,0.053904558245370854,534,"You really have no idea what the company cobra policy is, do you?"
354,15,31,100,146,1.417808219178082,0.05562956068681201,534,Thanks for cleaning out that refrigerator.
354,18,25,103,146,1.417808219178082,0.05812114895695355,534,Just keep it away from Eve in accounting.
354,13,35,98,146,1.417808219178082,0.053904558245370854,534,Why is it that none of your ideas ever seem to have legs?
354,14,33,99,146,1.417808219178082,0.054773850612478754,534,He may lack the necessary venom to be a good executive.
354,16,29,101,146,1.417808219178082,0.056472305898531014,534,"I said, ""seal the deal,"" not ""steal an eel."""
366,15,30,99,144,1.4166666666666667,0.05618332187193684,534,"OK. Grab a rabbit out of my office, but I want him back on the phones in thirty."
366,11,38,95,144,1.4166666666666667,0.05261240602809634,534,I don't think that is what the plumber wanted.
366,17,26,101,144,1.4166666666666667,0.057886231962495635,534,"Sorry, there was a bit of an auto-correct issue. We actually need a giant cake."
366,14,32,98,144,1.4166666666666667,0.05531220985858872,534,Are you here to carry out our new COBRA policy?
366,12,36,96,144,1.4166666666666667,0.05352747299462553,534,That's what was causing the paper jam?
366,15,30,99,144,1.4166666666666667,0.05618332187193684,534,It's going to be interesting to see if Thompson wiggles out of this one.
372,15,30,100,145,1.4137931034482758,0.05586845429661948,534,I thought I told you get your asp back to work.
372,15,30,100,145,1.4137931034482758,0.05586845429661948,534,Yikes! Another delivery from Amazon?
372,13,34,98,145,1.4137931034482758,0.05412682610561426,534,Isn't it a bit premature to bring in legal counsel?
372,14,32,99,145,1.4137931034482758,0.05500453385749608,534,Put him in the think tank.
372,13,34,98,145,1.4137931034482758,0.05412682610561426,534,Take him straight to Mergers and Acquisitions. They'll get along just fine.
377,12,35,96,143,1.4125874125874125,0.053746353128427855,534,I can't tell you interns that it gets better. Just different.
377,14,31,98,143,1.4125874125874125,0.05554868663690202,534,Book him for conspiracy and temptation.
377,13,33,97,143,1.4125874125874125,0.05465494973783437,534,Another eel-mail scandal.
377,9,41,93,143,1.4125874125874125,0.050923386630182615,534,"Good. The mouse is in Keebler's office, but be warned, he's pretty big."
377,12,35,96,143,1.4125874125874125,0.053746353128427855,534,Another creative team-building exercise?
377,16,27,100,143,1.4125874125874125,0.05729435137571423,534,I ordered it from Amazon
377,13,33,97,143,1.4125874125874125,0.05465494973783437,534,We finally found where the rattle was coming from
377,11,37,95,143,1.4125874125874125,0.05282213000595614,534,"Have him squeeze the joy of living out of Perkins in Accounting, and then Stevenson in IT if you've still got time."
377,10,39,94,143,1.4125874125874125,0.05188144525865289,534,"No, no, no,no!"" ""I said buy Anaconda Copper not a copper anaconda."
377,13,33,97,143,1.4125874125874125,0.05465494973783437,534,"This is supposed to be a friendly meeting, guys. No need to bring legal counsel."
377,19,21,103,143,1.4125874125874125,0.0598174043927218,534,Take Mr. Trump's new campaign manager to the staff room.
377,15,29,99,143,1.4125874125874125,0.05642826989483438,534,"I don't think this needs to go to HR, but if it's in the break room fridge and nobody's name is on it... fair game."
389,14,30,98,142,1.408450704225352,0.05578592726752216,534,Sorry -- we only hire sharks.
390,10,33,87,130,1.4076923076923078,0.05535827240738365,534,Does this mean that the audit is over ?
391,17,20,96,133,1.406015037593985,0.06134884878188738,534,"When I told you to bring me the biggest, baddest, forked tongue snake in the grass you could find, I thought you knew I meant a personal injury attorney."
392,15,27,99,141,1.4042553191489362,0.056920929714293536,534,No you idiots. A plumber's snake.
392,17,23,101,141,1.4042553191489362,0.058673899518669984,534,"For Chrissake! I specifically said, 'We're angling for the one percent,' not one serpent!"
392,16,25,100,141,1.4042553191489362,0.05780406008346873,534,I'll inform the boss that our legal counsel is here.
392,14,29,98,141,1.4042553191489362,0.0560238798812241,534,I think his cubicle office was just too constricting.
392,13,31,97,141,1.4042553191489362,0.05511223089616413,534,Shouldn't we just call a plumber?
392,11,35,95,141,1.4042553191489362,0.05324212382282164,534,That explains the poor attendance at the daycare center.
392,15,27,99,141,1.4042553191489362,0.056920929714293536,534,I was told that outside attorneys would not be brought it.
392,11,35,95,141,1.4042553191489362,0.05324212382282164,534,"When she said Bob showed her his snake, I just assumed it was a euphemism."
392,9,39,93,141,1.4042553191489362,0.051303893653184204,534,We love him for the job; he just has to learn to hold his tongue.
392,15,27,99,141,1.4042553191489362,0.056920929714293536,534,"No, no, no! I said we should have a bigger stake in Textiles!"
392,14,29,98,141,1.4042553191489362,0.0560238798812241,534,They were all out of therapy dogs.
392,10,37,94,141,1.4042553191489362,0.05228199141741784,534,He'll fit in with our work culture just fine.
392,14,29,98,141,1.4042553191489362,0.0560238798812241,534,"I said to make sure we get a huge ""stake"" in the deal!"
392,18,21,102,141,1.4042553191489362,0.05953103062538645,534,That's great. But now the toilet on the THIRD floor isn't working.
392,12,33,96,141,1.4042553191489362,0.05418524588629629,534,Legal's down the hall and to the right.
392,14,29,98,141,1.4042553191489362,0.0560238798812241,534,The good news is we found that computer virus.
392,11,35,95,141,1.4042553191489362,0.05324212382282164,534,"Dammit, I've told you interns before: snakes go to Legal, crabs go to Accounting, and it's nothing but monkeys here in Marketing."
392,18,21,102,141,1.4042553191489362,0.05953103062538645,534,Idiots! Bring Your Snake to Work Day was yesterday.
410,11,34,94,139,1.4028776978417266,0.05376011126455293,534,Just put it over there with the rest of the hedge fund traders.
410,14,28,97,139,1.4028776978417266,0.0565945475010009,534,"Next time, remove ""killer instinct"" from the job description."
410,17,22,100,139,1.4028776978417266,0.05929364258087864,534,"I meant Python, the computer language."
410,13,30,96,139,1.4028776978417266,0.055665773975466605,534,When I said buy Anaconda I didn't mean..........
410,15,26,98,139,1.4028776978417266,0.057508323061956516,534,I thought your new Viper was a car.
410,11,34,94,139,1.4028776978417266,0.05376011126455293,534,I knew you'd come crawling back here for work.
410,15,26,98,139,1.4028776978417266,0.057508323061956516,534,I see on your resume you used to run Fox News?
410,14,28,97,139,1.4028776978417266,0.0565945475010009,534,I thought you hired Anna Conda!
410,12,32,95,139,1.4028776978417266,0.05472123881759643,534,I'd prefer to interview the other candidate first.
419,15,28,102,145,1.4,0.05570860145311556,534,Toilet in the executive washroom clogged again?
420,12,31,95,138,1.3985507246376812,0.05494662891612316,534,"Thanks guys, but I can lick the envelopes on my own."
420,8,39,91,138,1.3985507246376812,0.05095081881636603,534,"Oh, I see we're staffing up for another hostile takeover."
420,10,35,93,138,1.3985507246376812,0.05298640376221197,534,Don't forget to confiscate his security pass and executive lavatory key.
420,12,31,95,138,1.3985507246376812,0.05494662891612316,534,Is the takeover getting hostile?
420,17,21,100,138,1.3985507246376812,0.05956563307168925,534,So... I see you've found yet another reason to abandon your cubicles.
420,14,27,97,138,1.3985507246376812,0.0568392916461855,534,"Sorry, HR says no therapy snakes."
420,14,27,97,138,1.3985507246376812,0.0568392916461855,534,Have you guys seen Larry?
420,9,37,92,138,1.3985507246376812,0.05197857694142035,534,"On second thought, I'll just call a plumber."
420,16,23,99,138,1.3985507246376812,0.058670930795702604,534,I see you guys met our new corporate lawyer.
420,15,25,98,138,1.3985507246376812,0.05776237181450507,534,We're taking legal out to lunch.
420,15,25,98,138,1.3985507246376812,0.05776237181450507,534,Good riddance -and let's start looking at those resumes a little more carefully.
420,12,31,95,138,1.3985507246376812,0.05494662891612316,534,"Yes, well, catch and release him someplace else."
420,17,21,100,138,1.3985507246376812,0.05956563307168925,534,It's a better idea than the whale from last week's cartoon; I'll give you that much.
420,13,29,96,138,1.3985507246376812,0.05590097094007525,534,Online she said she was slim and curvy.
434,11,33,95,139,1.39568345323741,0.053662352830931626,534,"We need to revisit our ""Bring Your Pet to Work Day"" policy."
435,13,28,96,137,1.3941605839416058,0.056136587622501066,534,He seems eager enough. Get him started on hedge funds.
435,16,22,99,137,1.3941605839416058,0.05893507521642833,534,Yours is bigger.
435,13,28,96,137,1.3941605839416058,0.056136587622501066,534,I'm glad to see you two are finally learning Python.
435,15,24,98,137,1.3941605839416058,0.058017246434231,534,"Wow, they really are attempting a hostile takeover!"
435,14,26,97,137,1.3941605839416058,0.057084662360869884,534,I'll try flushing the toilet again.
440,10,31,89,130,1.3923076923076922,0.055142417493747244,534,It alarms me your first solution wasn't a mousetrap.
441,16,22,100,138,1.391304347826087,0.05857612883974479,534,They brought their attorney too.
442,11,30,92,133,1.3909774436090225,0.05529039151774998,534,the boss said get her the present from amazon .com not THE AMAZON
443,11,31,94,136,1.3897058823529411,0.05440587614606362,534,I think we all owe Paul an apology for blaming the recurring men's restroom issues on him.
443,12,29,95,136,1.3897058823529411,0.055397940585318266,534,Open desk in legal?
443,14,25,97,136,1.3897058823529411,0.05733059170147931,534,You're going to need more than this doctor's note to get that approved as a service animal.
443,12,29,95,136,1.3897058823529411,0.055397940585318266,534,We may need to tone down the job description.
443,10,33,93,136,1.3897058823529411,0.05339538273434488,534,"No, you are right. Birthday snake does sound a lot like birthday cake."
443,12,29,95,136,1.3897058823529411,0.055397940585318266,534,I'm pretty sure he asked for an extra large shake.
443,13,27,96,136,1.3897058823529411,0.05637254901960786,534,I'm guessing you couldn't find the plunger.
443,15,23,98,136,1.3897058823529411,0.058272885690648334,534,Is that going to Human Resources or Legal?
443,12,29,95,136,1.3897058823529411,0.055397940585318266,534,I see you boys found more than a bug in the mainframe.
443,15,23,98,136,1.3897058823529411,0.058272885690648334,534,He say's he's the original Apple salesman
443,8,37,91,136,1.3897058823529411,0.05131473446876539,534,Have any of you seen my mouse?
454,10,32,92,134,1.3880597014925373,0.05392302372892542,534,Stop trying to reinvent the eel.
454,12,28,94,134,1.3880597014925373,0.05596547318962245,534,I'm sorry but the company finds your management style too constricting.
454,10,32,92,134,1.3880597014925373,0.05392302372892542,534,How did he get past the second interview?
454,12,28,94,134,1.3880597014925373,0.05596547318962245,534,He's the new Director of Scales and Aquasitions.
454,11,30,93,134,1.3880597014925373,0.05495373816861144,534,now we put our logo on it and release back into the wild
454,14,24,96,134,1.3880597014925373,0.05793596370654799,534,Take it to Legal. Should feel more comfortable there.
454,10,32,92,134,1.3880597014925373,0.05392302372892542,534,I dont think that's what the plumber meant
454,7,38,89,134,1.3880597014925373,0.05070532453468877,534,Let's see how his background check goes before we make any final decisions.
454,13,26,95,134,1.3880597014925373,0.05695924016322899,534,The Rat's in his corner office.
454,15,22,97,134,1.3880597014925373,0.0588964917566445,534,Are you sure this is how you snake a toilet?
454,14,24,96,134,1.3880597014925373,0.05793596370654799,534,I appreciate your thought to save money for the company but I think it is best if we call a plumber to snake the drain.
454,15,22,97,134,1.3880597014925373,0.0588964917566445,534,We were told the toilet was clogged and to bring a snake quickly.
454,13,26,95,134,1.3880597014925373,0.05695924016322899,534,Can this wait?
454,14,24,96,134,1.3880597014925373,0.05793596370654799,534,I asked you where's our stake in this company!
454,10,32,92,134,1.3880597014925373,0.05392302372892542,534,Urban myth my ass.
454,7,38,89,134,1.3880597014925373,0.05070532453468877,534,But is your idea scalable?
454,12,28,94,134,1.3880597014925373,0.05596547318962245,534,We found him buried in the disclosure document.
454,12,28,94,134,1.3880597014925373,0.05596547318962245,534,30 years and all I get is a lousy snake?
454,11,30,93,134,1.3880597014925373,0.05495373816861144,534,"Sorry, we've decided to settle."
454,15,22,97,134,1.3880597014925373,0.0588964917566445,534,Leave it beside the corporate ladder.
454,12,28,94,134,1.3880597014925373,0.05596547318962245,534,Let Wilson's wife know that he won't be home for dinner.
454,9,34,91,134,1.3880597014925373,0.052872219902669174,534,Rats in the board room again?
454,12,28,94,134,1.3880597014925373,0.05596547318962245,534,Put him in the corner office and feed him an intern once a day.
454,14,24,96,134,1.3880597014925373,0.05793596370654799,534,I thought I said no attorneys.
454,10,32,92,134,1.3880597014925373,0.05392302372892542,534,Have Inhuman Resources interview him
454,9,34,91,134,1.3880597014925373,0.052872219902669174,534,"I know he's difficult, but he gets results."
454,14,24,96,134,1.3880597014925373,0.05793596370654799,534,They do this twice a week at Google.
454,8,36,90,134,1.3880597014925373,0.05180010411960731,534,I didn't realize you had invited Legal to this meeting.
482,12,29,97,138,1.3840579710144927,0.05473696154403239,534,Lawyers' suite down the hall on the left.
483,10,31,92,133,1.3834586466165413,0.05413185730941147,534,Legal's on 34.
483,11,29,93,133,1.3834586466165413,0.055174080348649485,534,"No, what I said was, 'This office needs an electric feel.'"
483,10,31,92,133,1.3834586466165413,0.05413185730941147,534,"Sorry to see you go, Gary. Luckily, your COBRA benefits are pretty sizable."
483,11,29,93,133,1.3834586466165413,0.055174080348649485,534,Put him in sales...with the others.
483,11,29,93,133,1.3834586466165413,0.055174080348649485,534,"There's a rat here in Internal Affairs, and we're going to find him."
483,17,17,99,133,1.3834586466165413,0.06105494362978073,534,Mr. Trump replaced our campaign manager again?
483,15,21,97,133,1.3834586466165413,0.05915964679179729,534,Life was so much easier when CEOs were warm-blooded creatures who could walk.
483,11,29,93,133,1.3834586466165413,0.055174080348649485,534,Place it by the door that says Customer Complaints.
483,11,29,93,133,1.3834586466165413,0.055174080348649485,534,I asked you to find me Anne and Rhonda.
483,11,29,93,133,1.3834586466165413,0.055174080348649485,534,Why don't you boys work from home tomorrow?
483,9,33,91,133,1.3834586466165413,0.05306917004451585,534,I could have sworn that my meeting with legal was tomorrow...
483,13,25,95,133,1.3834586466165413,0.05720158630164657,534,I see you have been ordering from Amazon again.
483,13,25,95,133,1.3834586466165413,0.05720158630164657,534,Can you also take care of that rat in HR?
496,9,33,92,134,1.3805970149253732,0.05274932101364128,534,I see you brought your lawyer.
496,11,29,94,134,1.3805970149253732,0.05483550463584951,534,Oh no! Don't tell me we're switching to Python.
498,11,28,93,132,1.378787878787879,0.055394097319540765,534,I need someone who can be a little more hands-on
498,11,28,93,132,1.378787878787879,0.055394097319540765,534,Don't tell me we're doing business with that snake again.
498,13,24,95,132,1.378787878787879,0.05744411945408005,534,Is that the new COBRA specialist from HR?
498,7,36,89,132,1.378787878787879,0.051047667271198825,534,Put him in a cubicle next to the corporate lawyers.
498,12,26,94,132,1.378787878787879,0.056428418716553505,534,He's all right - he's just a little rattled.
498,10,30,92,132,1.378787878787879,0.054340091984121826,534,"When I told you to get rid of Fizby, I meant fire him."
498,10,30,92,132,1.378787878787879,0.054340091984121826,534,"Our toilet is fixed, boss!"
498,12,26,94,132,1.378787878787879,0.056428418716553505,534,Take him to legal - he'll find a rat or two.
498,8,34,90,132,1.378787878787879,0.05216823511328475,534,"Not quite the 800-lb gorilla we need, but it will have to do"
498,12,26,94,132,1.378787878787879,0.056428418716553505,534,What I said was we need a large 'shake' up to get the company back on track.
498,12,26,94,132,1.378787878787879,0.056428418716553505,534,Drain clogged again?
498,12,26,94,132,1.378787878787879,0.056428418716553505,534,What's the catch?
498,16,18,98,132,1.378787878787879,0.06038880792718478,534,Let HR tell him that he has to pay for COBRA coverage.
498,9,32,91,132,1.378787878787879,0.05326523421368659,534,"This definitely isn't what Greg meant when he said ""we need a snake for the men's toilet."""
498,11,28,93,132,1.378787878787879,0.055394097319540765,534,Maybe it was someone she ate?
513,10,29,91,130,1.376923076923077,0.05489229940289425,534,Just put it in the boardroom with the other directors.
513,11,27,92,130,1.376923076923077,0.05596807231014705,534,"No, no! The kind you use in plumbing!"
513,11,27,92,130,1.376923076923077,0.05596807231014705,534,It's for the boss from his wife!
513,11,27,92,130,1.376923076923077,0.05596807231014705,534,Put him under Eve's desk.
513,14,21,95,130,1.376923076923077,0.059077972809198846,534,"Oh good, you found him! Now we just have to find Miss Petry."
513,13,23,94,130,1.376923076923077,0.05805985090290514,534,When you're done walking him I'm going to need you to let him eat you.
513,10,29,91,130,1.376923076923077,0.05489229940289425,534,Eve's office is down the hall on the right.
513,15,19,96,130,1.376923076923077,0.060078843660820426,534,That will teach you to put the seat down.
513,14,21,95,130,1.376923076923077,0.059077972809198846,534,What's wrong with the boss?
513,10,29,91,130,1.376923076923077,0.05489229940289425,534,His resumé left out one important detail.
513,13,23,94,130,1.376923076923077,0.05805985090290514,534,"When I said get me a BOA representative, I was talking about the bank"
513,11,27,92,130,1.376923076923077,0.05596807231014705,534,"Eve, in HR, said she was expecting him."
513,11,27,92,130,1.376923076923077,0.05596807231014705,534,"No, no, no. That is not what I meant when I said snake the toilet in the men's room."
513,12,25,93,130,1.376923076923077,0.05702355392722126,534,"You drained the swamp, gentlemen, deal with the consequences."
513,8,33,89,130,1.376923076923077,0.05267488362572108,534,Eve and her attorney are in the large conference room.
513,13,23,94,130,1.376923076923077,0.05805985090290514,534,You can just leave it on Adam's desk.
529,12,26,95,133,1.3759398496240602,0.056074909780405954,534,We don't need legal at this meeting.
530,12,25,94,131,1.3740458015267176,0.056659689018477954,534,He's been working here how long -- and he still doesn't know his ass from his elbow.
531,9,30,90,129,1.372093023255814,0.05399469657269392,534,So I see you guys figured out the plumbing problem
531,11,26,92,129,1.372093023255814,0.05619319638526348,534,I meant C-O-B-R-A.
531,11,26,92,129,1.372093023255814,0.05619319638526348,534,"Legal is just down the hall, to the left."
531,11,26,92,129,1.372093023255814,0.05619319638526348,534,Amazon is located on the third floor.
531,12,24,93,129,1.372093023255814,0.057260801173233164,534,"Ah, I see that Trump's new campaign manager has arrived."
531,12,24,93,129,1.372093023255814,0.057260801173233164,534,The downsizing of the Law Department is going as we expected.
531,12,24,93,129,1.372093023255814,0.057260801173233164,534,"You've been caught embezzling, Jenkins. It's time to pay the viper."
531,13,22,94,129,1.372093023255814,0.05830886195089296,534,Put him in the conference room with all the other snakes.
531,11,26,92,129,1.372093023255814,0.05619319638526348,534,"I said to, ""seal the deal"" not ""steal the eel."""
531,12,24,93,129,1.372093023255814,0.057260801173233164,534,Put. It. Back.
531,8,32,89,129,1.372093023255814,0.05286116936816223,534,That isn't the lying snake I was talking about
531,10,28,91,129,1.372093023255814,0.05510491165935244,534,Then again maybe we'll skip the group hug this morning.
531,9,30,90,129,1.372093023255814,0.05399469657269392,534,We've been acquired by Amazon.
531,10,28,91,129,1.372093023255814,0.05510491165935244,534,He prefers a mouse instead of a trackpad.
531,13,22,94,129,1.372093023255814,0.05830886195089296,534,I said I wanted to a large STAKE in the company.
531,11,26,92,129,1.372093023255814,0.05619319638526348,534,"""We'll need a replacement for Perkins in accounting""."
531,11,26,92,129,1.372093023255814,0.05619319638526348,534,That goes in the moat around the corner office.
531,9,30,90,129,1.372093023255814,0.05399469657269392,534,Going in for the kill on the Patterson deal?
531,8,32,89,129,1.372093023255814,0.05286116936816223,534,"When I asked for an adder, I meant a calculator."
531,11,26,92,129,1.372093023255814,0.05619319638526348,534,They're really going to grill him in personnel.
531,10,28,91,129,1.372093023255814,0.05510491165935244,534,Put him in with the lawyers.
531,13,22,94,129,1.372093023255814,0.05830886195089296,534,Is this the last of Ailes' personal belongings?
531,11,26,92,129,1.372093023255814,0.05619319638526348,534,"And be sure to add ""Problem Solver"" to your resumes."
531,5,38,86,129,1.372093023255814,0.04930447377212617,534,It is a long story.
531,9,30,90,129,1.372093023255814,0.05399469657269392,534,Thanks. My meeting with her divorce attorney is in the conference room.
531,10,28,91,129,1.372093023255814,0.05510491165935244,534,Another hissy fit?
531,11,26,92,129,1.372093023255814,0.05619319638526348,534,"I understand, but you're supposed to order supplies from Amazon, not *the* Amazon."
531,7,34,88,129,1.372093023255814,0.05170279679051976,534,"When I said the new hire needs to be flexible, this is not what I had in mind."
531,14,20,95,129,1.372093023255814,0.059338414311607995,534,I meant we need a lawyer.
531,10,28,91,129,1.372093023255814,0.05510491165935244,534,The exterminator is missing.
561,9,30,91,130,1.3692307692307693,0.05365414270152274,534,We’re out of tranquilizer darts; use Billings’s PowerPoint presentation.
561,10,28,92,130,1.3692307692307693,0.05475424744631442,534,"Sorry Neil, you just didn't have the backbone for the job."
561,8,32,90,130,1.3692307692307693,0.052531004603552964,534,Bring your pet to work day may not work out so well for Molly's rat in accounting.
564,15,17,96,128,1.3671875,0.06062248224133018,534,Is it casualty Friday already?
564,10,27,91,128,1.3671875,0.055316614798679005,534,"I see you met our new hire, Anna Conda. Watch out, she's a hugger!"
564,8,31,89,128,1.3671875,0.053045875246426545,534,No Smedley - memo clearly says we need a big shake up here.
564,9,29,90,128,1.3671875,0.05419313957248132,534,I can't wait for this audit to end.
564,8,31,89,128,1.3671875,0.053045875246426545,534,He'll need a visitor pass
564,13,21,94,128,1.3671875,0.05855785481875518,534,"Take him back to his office, and get another attorney to take over his caseload."
564,9,29,90,128,1.3671875,0.05419313957248132,534,This is not what I meant when I said we needed a coldblooded negotiator
564,8,31,89,128,1.3671875,0.053045875246426545,534,That's a cold blooded response to the no dogs policy.
564,11,25,92,128,1.3671875,0.05641772211679966,534,We'll get back to you as things evolve.
564,9,29,90,128,1.3671875,0.05419313957248132,534,"When I said a toilet needs to be snaked, this isn't what I had in mind."
564,8,31,89,128,1.3671875,0.053045875246426545,534,we've never had to handle a problem of this scale before
564,13,21,94,128,1.3671875,0.05855785481875518,534,Have you shown the IT guys how you're using Python?
564,15,17,96,128,1.3671875,0.06062248224133018,534,We've covered the whole floor but we still can't find Harry in accounting.
577,9,29,91,129,1.3643410852713178,0.0538466821296504,534,It says here his name is Monty
578,11,24,92,127,1.3622047244094488,0.05664150761389335,534,Good morning. Eve in accounting speaks very highly of you.
578,13,20,94,127,1.3622047244094488,0.0588067099800737,534,Let 'em go boys. Apparently creating original sin isn't a crime.
578,9,28,90,127,1.3622047244094488,0.05439017954437158,534,"This isn't another one of your stupid ice breakers, is it?"
578,12,22,93,127,1.3622047244094488,0.05773425986126105,534,I completely forgot we had a meeting with our lawyer today.
578,7,32,88,127,1.3622047244094488,0.0520415495250018,534,I think it's about time we stopped with Bring Your Pet to Work Day.
578,11,24,92,127,1.3622047244094488,0.05664150761389335,534,Put him in Adam and Eve's cubicle.
578,6,34,87,127,1.3622047244094488,0.05082655309983487,534,I knew right away he was slippery.
578,14,18,95,127,1.3622047244094488,0.05985994917833944,534,The lawyers are in Conference Room B.
578,9,28,90,127,1.3622047244094488,0.05439017954437158,534,I assume that's the boss's kid?
578,12,22,93,127,1.3622047244094488,0.05773425986126105,534,"Morning, Boss."
578,9,28,90,127,1.3622047244094488,0.05439017954437158,534,I said the Cobra Insurance Policy...
578,7,32,88,127,1.3622047244094488,0.0520415495250018,534,"Bring Your Pet To Work Day was last Friday, guys."
578,7,32,88,127,1.3622047244094488,0.0520415495250018,534,On your way to express some venom?
578,10,26,91,127,1.3622047244094488,0.05552725463969795,534,You guys seen Frank?
578,8,30,89,127,1.3622047244094488,0.05322881976820542,534,Finally! A green solution to our rat problem.
578,11,24,92,127,1.3622047244094488,0.05664150761389335,534,I see you've met our legal counsel.
578,10,26,91,127,1.3622047244094488,0.05552725463969795,534,Put him in the conference room. Maybe that'll shorten our meetings.
578,8,30,89,127,1.3622047244094488,0.05322881976820542,534,He's my emotional support python.
578,8,30,89,127,1.3622047244094488,0.05322881976820542,534,"""Legal"" is on the top floor."
578,11,24,92,127,1.3622047244094488,0.05664150761389335,534,Legal is on 6.
598,8,31,91,130,1.3615384615384616,0.05237797376019003,534,"It's okay, she's an emotional support animal."
599,9,27,89,125,1.36,0.054948656386755064,534,You're gonna need a bigger cubicle.
599,9,27,89,125,1.36,0.054948656386755064,534,Now I know why my mouse keeps disappearing.
599,10,25,90,125,1.36,0.05611049007782942,534,Allow me to introduce the new manager of corporate drug pricing.
599,9,27,89,125,1.36,0.054948656386755064,534,Gift it to our Florida office.
599,10,25,90,125,1.36,0.05611049007782942,534,"Morning, boss. Looking good."
599,11,23,91,125,1.36,0.05724874981026844,534,You guys must be the new collectors from our predatory lending department.
599,10,25,90,125,1.36,0.05611049007782942,534,He last worked for Bernie Madoff.
599,11,23,91,125,1.36,0.05724874981026844,534,You say you got it from Amazon.com?
599,10,25,90,125,1.36,0.05611049007782942,534,Corporate says having a common enemy in the office will increase productivity.
599,7,31,87,125,1.36,0.05254798114657352,534,He never warmed up to the job.
599,10,25,90,125,1.36,0.05611049007782942,534,Put him in Jake's office—his computer has some bugs.
599,11,23,91,125,1.36,0.05724874981026844,534,We ended up going to Costco.
599,11,23,91,125,1.36,0.05724874981026844,534,We've got to clean out the stock room more often.
599,9,27,89,125,1.36,0.054948656386755064,534,Still cleaning out Roger's office?
599,13,19,93,125,1.36,0.05945993500642044,534,He's sick of working on the Amazon account
599,9,27,89,125,1.36,0.054948656386755064,534,Thanks guys for cleaning out the office fridge
599,10,25,90,125,1.36,0.05611049007782942,534,"Well, that should complete our diversity hiring program."
599,9,27,89,125,1.36,0.054948656386755064,534,Careful--that's Mr. Trump's next campaign manager.
599,9,27,89,125,1.36,0.054948656386755064,534,He was in the copier the whole time.
599,10,25,90,125,1.36,0.05611049007782942,534,Keep that thing away from my mouse!
599,10,25,90,125,1.36,0.05611049007782942,534,The whistleblower is in the last office on the left.
599,13,19,93,125,1.36,0.05945993500642044,534,The toilet isn't THAT clogged!
599,9,27,89,125,1.36,0.054948656386755064,534,"""Good, now go fix the toilet."
599,9,27,89,125,1.36,0.054948656386755064,534,"I'm sorry, guys. We're firing your big lazy asp."
599,11,23,91,125,1.36,0.05724874981026844,534,So this is the best candidate you could find on monster.com?
599,8,29,88,125,1.36,0.053761720402579774,534,I guess we'll find the mole once and for all now.
599,13,19,93,125,1.36,0.05945993500642044,534,"It would have had legs, but the 3D printer ran out of ink"
626,9,27,90,126,1.3571428571428572,0.054585637641550847,534,You can't believe a word he says.
626,7,31,88,126,1.3571428571428572,0.05220750504253616,534,How did he do in the interview?
626,7,31,88,126,1.3571428571428572,0.05220750504253616,534,Take him over to legal with the rest of them.
626,10,25,91,126,1.3571428571428572,0.055736666241522015,534,There's too much venom in this workplace already.
626,5,35,86,126,1.3571428571428572,0.04971574528052642,534,"Sir, we now know why our interns go missing."
626,9,27,90,126,1.3571428571428572,0.054585637641550847,534,It was a metaphor.
632,5,34,85,124,1.3548387096774193,0.05016828275080059,534,The Legal Department is on the 3rd floor.
632,5,34,85,124,1.3548387096774193,0.05016828275080059,534,I knew there'd be a catch!
632,7,30,87,124,1.3548387096774193,0.05271733378393938,534,Eve's alibi checks out but Adam's does not.
632,9,26,89,124,1.3548387096774193,0.05514868963457134,534,When she kissed him he was supposed to turn into a frog!
632,9,26,89,124,1.3548387096774193,0.05514868963457134,534,Couldn't we just hire a lawyer...
632,11,22,91,124,1.3548387096774193,0.057477288171357534,534,"When I said bring me back anything for lunch, I should've been more specific."
632,8,28,88,124,1.3548387096774193,0.05394671097341131,534,"OK, now all we need is the oil and a salesman."
632,9,26,89,124,1.3548387096774193,0.05514868963457134,534,Well Google has one.
632,9,26,89,124,1.3548387096774193,0.05514868963457134,534,Glad to see our legal team is prepared.
632,9,26,89,124,1.3548387096774193,0.05514868963457134,534,Put him in with the other lawyers.
632,8,28,88,124,1.3548387096774193,0.05394671097341131,534,"Good move, transferring Larry from PR to Collections."
632,11,22,91,124,1.3548387096774193,0.057477288171357534,534,Have him transferred to human resources.
632,12,20,92,124,1.3548387096774193,0.05860690231615025,534,Hurry. Mr. Trump is waiting. He's running low on venom.
632,17,10,97,124,1.3548387096774193,0.06395639699750352,534,Tell Mr. Trump we already have a penis for the statue.
632,10,24,90,124,1.3548387096774193,0.05632502385238533,534,"Cake, guys, I said bring back a big cake."
632,9,26,89,124,1.3548387096774193,0.05514868963457134,534,"When he sobers up, tell him he's fired!"
632,9,26,89,124,1.3548387096774193,0.05514868963457134,534,"And now, gentlemen, we squeeze the competition."
632,12,20,92,124,1.3548387096774193,0.05860690231615025,534,He's a long-time legend in Apple Marketing.
632,12,20,92,124,1.3548387096774193,0.05860690231615025,534,Mr. Trump says he no longer has time for old friends.
632,10,24,90,124,1.3548387096774193,0.05632502385238533,534,IT says we have to change our computers to Apples.
632,12,20,92,124,1.3548387096774193,0.05860690231615025,534,We're going to allow him to say he resigned.
632,10,24,90,124,1.3548387096774193,0.05632502385238533,534,Miller - you old snake! What are you doing here?
632,7,30,87,124,1.3548387096774193,0.05271733378393938,534,"On second thought, I think you both deserve raises."
632,6,32,86,124,1.3548387096774193,0.051458594400991715,534,"Scales person was a typo, Jeffrey."
632,10,24,90,124,1.3548387096774193,0.05632502385238533,534,So...I guess Marge WAS right about the copier.
632,9,26,89,124,1.3548387096774193,0.05514868963457134,534,He'll be perfect for the think thank.
632,14,16,94,124,1.3548387096774193,0.060803204571944866,534,I heard we merged legal and HR.
632,10,24,90,124,1.3548387096774193,0.05632502385238533,534,That is one serious computer bug.
632,9,26,89,124,1.3548387096774193,0.05514868963457134,534,We're lawyers. You're being redundant.
632,9,26,89,124,1.3548387096774193,0.05514868963457134,534,One more hissy fit and you're outta here!
632,9,26,89,124,1.3548387096774193,0.05514868963457134,534,"When the moon hits your eye like a big pizza pie, that's a moray!"
663,11,22,92,125,1.352,0.05708623923221269,534,You guys came quick. The mongoose is in the conference room.
663,8,28,89,125,1.352,0.05358863625325682,534,Wow. These darn computer viruses are getting scarier and scarier.
665,10,23,90,123,1.3495934959349594,0.05653806997923605,534,A gift from your wife.
665,12,19,92,123,1.3495934959349594,0.05884822341945931,534,"I miss 'don't ask, don't tell'."
665,10,23,90,123,1.3495934959349594,0.05653806997923605,534,Now I see why most of your decisions were eel advised.
665,8,27,88,123,1.3495934959349594,0.05412941265455765,534,"Per today's memo, we're going to adopt predatory pricing."
665,8,27,88,123,1.3495934959349594,0.05412941265455765,534,You must be the new hire from Amazon.
665,11,21,91,123,1.3495934959349594,0.05770470845868469,534,We do not need a totally organic paper shredder.
665,9,25,89,123,1.3495934959349594,0.05534684576064104,534,It's Sushi Tuesday.
665,7,29,87,123,1.3495934959349594,0.05288396064027904,534,Sushi for lunch again?
665,7,29,87,123,1.3495934959349594,0.05288396064027904,534,these computer worms are getting bigger
665,12,19,92,123,1.3495934959349594,0.05884822341945931,534,Finally some diversity on 'Bring your pet to work day.'
665,11,21,91,123,1.3495934959349594,0.05770470845868469,534,Can you please just send your Amazon deliveries to your home address?
665,9,25,89,123,1.3495934959349594,0.05534684576064104,534,Have we finally landed the Slytherin account?
665,8,27,88,123,1.3495934959349594,0.05412941265455765,534,Have him lick both the envelope and the stamp.
665,8,27,88,123,1.3495934959349594,0.05412941265455765,534,I was thinking more like a talking gecko.
665,10,23,90,123,1.3495934959349594,0.05653806997923605,534,Legal Department is down the hall.
665,10,23,90,123,1.3495934959349594,0.05653806997923605,534,Cobra insurance and that's not a cobra.
665,10,23,90,123,1.3495934959349594,0.05653806997923605,534,"On the other hand, he does meet 99% of our criteria for president."
665,10,23,90,123,1.3495934959349594,0.05653806997923605,534,"I said, 'Order me a large CAKE.'"
665,7,29,87,123,1.3495934959349594,0.05288396064027904,534,They were out of California Rolls.
665,11,21,91,123,1.3495934959349594,0.05770470845868469,534,I didn't know our Legal Department was hiring again.
665,10,23,90,123,1.3495934959349594,0.05653806997923605,534,"The exterminator's arrived, sir."
665,6,31,86,123,1.3495934959349594,0.05160846124113544,534,"No, it can't go in the secretarial pool"
665,8,27,88,123,1.3495934959349594,0.05412941265455765,534,I said pick me up a steak for lunch
665,7,29,87,123,1.3495934959349594,0.05288396064027904,534,I see you IT guys found the bug.
665,9,25,89,123,1.3495934959349594,0.05534684576064104,534,"Adam, that goes in Eve's office."
665,10,23,90,123,1.3495934959349594,0.05653806997923605,534,The IRS guy is camped out in Cubicle 23.
665,12,19,92,123,1.3495934959349594,0.05884822341945931,534,"You're kidding., out of the men's toilet?"
665,8,27,88,123,1.3495934959349594,0.05412941265455765,534,you said it would be as popular as the Gekko!
665,10,23,90,123,1.3495934959349594,0.05653806997923605,534,"Yes, you're fired. But you can apply for Cobra."
665,9,25,89,123,1.3495934959349594,0.05534684576064104,534,Assign him to the mailroom. He can lick stamps.
695,9,24,88,121,1.3471074380165289,0.05593032831632606,534,"Nah, I'm good, I brought a sandwich"
695,10,22,89,121,1.3471074380165289,0.057148426683540296,534,"No you morons, I said I wanted a large steak."
695,10,22,89,121,1.3471074380165289,0.057148426683540296,534,"Right now it's set on ""vibrate"". We can do ""silent"" when the meeting starts."
695,5,32,84,121,1.3471074380165289,0.05076649917262565,534,Find the printer jam?
695,8,26,87,121,1.3471074380165289,0.054685103810270565,534,He will be sitting in Legal.
695,9,24,88,121,1.3471074380165289,0.05593032831632606,534,"That's great, guys, but it was just a metaphor."
695,9,24,88,121,1.3471074380165289,0.05593032831632606,534,Cleaning out the office fridge?
695,11,20,90,121,1.3471074380165289,0.05834109802905612,534,Have you seen Jarvis?
695,11,20,90,121,1.3471074380165289,0.05834109802905612,534,We talked to legal; it is probably better if you don't know.
695,5,32,84,121,1.3471074380165289,0.05076649917262565,534,"'Jenkins, two cats and a hamster have gone missing on Bring Your Pet To Work Day. Any thoughts?'"
695,11,20,90,121,1.3471074380165289,0.05834109802905612,534,We settled the case out of court. Please put the attorney back in his box.
695,7,28,86,121,1.3471074380165289,0.05341085593686093,534,This will be great for diversity.
695,10,22,89,121,1.3471074380165289,0.057148426683540296,534,Inhuman Resources is upstairs.
695,7,28,86,121,1.3471074380165289,0.05341085593686093,534,"So, that's why Bill missed the meeting."
695,12,18,91,121,1.3471074380165289,0.05950987116494113,534,Bring him into the conference room for exit interviews.
695,8,26,87,121,1.3471074380165289,0.054685103810270565,534,That wasn't what I meant by diversity.
695,11,20,90,121,1.3471074380165289,0.05834109802905612,534,"Sorry 'bout the typo, guys. Memo should have read, 'Order big, healthy SNACK for staff meeting.'"
695,8,26,87,121,1.3471074380165289,0.054685103810270565,534,Put it in Ted's office with the others.
695,6,30,85,121,1.3471074380165289,0.052105455425283026,534,You were right. There WAS something fishy in accounting!
714,15,12,95,122,1.3442622950819672,0.06243326398108319,534,You guys going out for a bite?
714,6,30,86,122,1.3442622950819672,0.051754859475962256,534,"Says right here on the invite: ""Gag gifts only."""
714,11,20,91,122,1.3442622950819672,0.05793082481543013,534,I said a big shake you idiots.
714,5,32,85,122,1.3442622950819672,0.05042898454750709,534,Pretty sure COBRA insurance doesn't cover that.
714,12,18,92,122,1.3442622950819672,0.059088606860205686,534,"I said to bring me a ""bid on a condo"". Damn autocorrect."
714,8,26,88,122,1.3442622950819672,0.054309589145420556,534,"Ah, another visitor from Corporate"
714,10,22,90,122,1.3442622950819672,0.05674942701835997,534,I said ‘a nice big steak’.
714,6,30,86,122,1.3442622950819672,0.051754859475962256,534,So that's what the rattling noise in the air conditioning was.
714,4,34,84,122,1.3442622950819672,0.049067295478850456,534,Get him under the heat lamp before his 3:30.
714,11,20,91,122,1.3442622950819672,0.05793082481543013,534,It says stakeholders.
714,10,22,90,122,1.3442622950819672,0.05674942701835997,534,"If this doesn't get him to sign the contract, then nothing will."
714,10,22,90,122,1.3442622950819672,0.05674942701835997,534,"I said come back with a big deal, not eel."
726,10,21,89,120,1.3416666666666666,0.05736491052769635,534,"Sorry guys, the boss is now thinking cuddly."
726,12,17,91,120,1.3416666666666666,0.05975654779744672,534,"Ah, this must be the new head of litigation."
726,5,31,84,120,1.3416666666666666,0.050896491507821925,534,This company needs to shed its old skin if we want the business to achieve greater scale.
726,7,27,86,120,1.3416666666666666,0.053577652921938605,534,HR has some issues with your vetting process.
726,10,21,89,120,1.3416666666666666,0.05736491052769635,534,"No, no, NO! I asked you to bring me a large SHAKE for lunch!!"
726,7,27,86,120,1.3416666666666666,0.053577652921938605,534,Have you seen Jenkins around?
726,10,21,89,120,1.3416666666666666,0.05736491052769635,534,"Really? You have to ask? Any bathroom he/she wants, okay?"
726,6,29,85,120,1.3416666666666666,0.052254271310724,534,We used to give a gold watch.
726,11,19,90,120,1.3416666666666666,0.058572937285572176,534,Hey guys! Great job getting the worm out of our IT system.
726,11,19,90,120,1.3416666666666666,0.058572937285572176,534,I'm not sure Brazil will believe we extradited the right swimmer...
726,12,17,91,120,1.3416666666666666,0.05975654779744672,534,"No, No! It's a long feathery scarf for strippers!"
726,6,29,85,120,1.3416666666666666,0.052254271310724,534,"On second thought, let's just dazzle them with our brilliance."
726,9,23,88,120,1.3416666666666666,0.05613089111569176,534,I asked for Anna Conda - the accountant!
726,11,19,90,120,1.3416666666666666,0.058572937285572176,534,"We'll find the elephant in the room, next."
726,9,23,88,120,1.3416666666666666,0.05613089111569176,534,"You can take it back, I'm licking the envelope myself."
726,7,27,86,120,1.3416666666666666,0.053577652921938605,534,I'm pretty sure the office-party memo said to bring your own SNACKS...
726,9,23,88,120,1.3416666666666666,0.05613089111569176,534,That explains all the hissing at the board meeting.
726,9,23,88,120,1.3416666666666666,0.05613089111569176,534,We caught him hissing up to senior management.
726,7,27,86,120,1.3416666666666666,0.053577652921938605,534,I see legal is moving offices again...
726,8,25,87,120,1.3416666666666666,0.054869125335043206,534,No I said 'Civil servant!' Not 'Serpent!'
726,5,31,84,120,1.3416666666666666,0.050896491507821925,534,I'll just go ahead and order a new mouse.
726,6,29,85,120,1.3416666666666666,0.052254271310724,534,Is it Anaconda Wednesday already?
726,6,29,85,120,1.3416666666666666,0.052254271310724,534,I said please bring me a snack.
726,10,21,89,120,1.3416666666666666,0.05736491052769635,534,I told you Johnson was a snake. Now get rid of him.
726,7,27,86,120,1.3416666666666666,0.053577652921938605,534,This is exactly why I distrust teams.
726,10,21,89,120,1.3416666666666666,0.05736491052769635,534,"""Wolf"" of Wall Street was trademarked."
726,10,21,89,120,1.3416666666666666,0.05736491052769635,534,We have a Cobra Plan but that's not it!
753,7,27,87,121,1.3388429752066116,0.05320799538122272,534,"Good, right in time for the peer reviews."
753,5,31,85,121,1.3388429752066116,0.0505530283843046,534,Hey. The snake is out. They want a giant duck.
753,7,27,87,121,1.3388429752066116,0.05320799538122272,534,Any sign of the apple?
753,8,25,88,121,1.3388429752066116,0.05448698761466057,534,Excellent! You can dump the old CEO in the Everglades.
753,7,27,87,121,1.3388429752066116,0.05320799538122272,534,We'll need plenty of wiggle room on this issue.
753,9,23,89,121,1.3388429752066116,0.05573663845400196,534,Is that the new head of Legal?
753,9,23,89,121,1.3388429752066116,0.05573663845400196,534,But is it scalable?
753,12,17,92,121,1.3388429752066116,0.059327868718233916,534,"Put him on the Trump account, I hear he's looking for a new campaign manager."
753,7,27,87,121,1.3388429752066116,0.05320799538122272,534,Thanks boys. He goes to the Hostile Takeover department.
762,8,24,87,119,1.3361344537815125,0.055050197760934345,534,There's no such thing as 'Bring Your Snake to Work Day'!
762,12,16,91,119,1.3361344537815125,0.06000203068819409,534,The pipes are all clear. You can go in now.
762,8,24,87,119,1.3361344537815125,0.055050197760934345,534,I always said this office needed fewer snakes and more sharks.
762,12,16,91,119,1.3361344537815125,0.06000203068819409,534,Is this the new lawyer?
762,13,14,92,119,1.3361344537815125,0.061177394027567375,534,"No need to be vile. After all, I am a civil serpent."
762,8,24,87,119,1.3361344537815125,0.055050197760934345,534,New guy in Legal?
762,10,20,89,119,1.3361344537815125,0.05757937113335368,534,Sushi for a year. It’s part of your severance package.
762,6,28,85,119,1.3361344537815125,0.05239908937112819,534,I told HR we needed a cold blooded killer in sales.
762,11,18,90,119,1.3361344537815125,0.058803178769601686,534,"If you should accidentally drop it from the roof, put me down for boots and a matching belt."
762,9,22,88,119,1.3361344537815125,0.056328981233599744,534,I think it's time we go back to mousetraps.
762,5,30,84,119,1.3361344537815125,0.05102190425323449,534,Thank goodness you're here! Our bathroom sink has been clogged for a week!
762,13,14,92,119,1.3361344537815125,0.061177394027567375,534,We're going to need a bigger mouse.
762,8,24,87,119,1.3361344537815125,0.055050197760934345,534,The boss says its forked tongue is perfect for customer service.
762,10,20,89,119,1.3361344537815125,0.05757937113335368,534,"I'm beginning to think the ""Thank You"" card that came with might not be sincere."
762,12,16,91,119,1.3361344537815125,0.06000203068819409,534,No thanks. I brought a sack lunch.
762,6,28,85,119,1.3361344537815125,0.05239908937112819,534,"It's weighty yes, but Frank says the story has no legs."
762,9,22,88,119,1.3361344537815125,0.056328981233599744,534,Make sure you take it to a gender neutral bathroom.
762,11,18,90,119,1.3361344537815125,0.058803178769601686,534,Says here that the boss wanted a burger and a SHAKE ...
762,11,18,90,119,1.3361344537815125,0.058803178769601686,534,"Nabbed him in the lobby atrium, by the apple tree."
762,10,20,89,119,1.3361344537815125,0.05757937113335368,534,"The corner office, of course."
762,6,28,85,119,1.3361344537815125,0.05239908937112819,534,Have either of you seen Florence from accounting?
783,7,25,85,117,1.3333333333333333,0.05428852849870469,534,I'm not sure if the discount sushi is worth the savings.
783,10,19,88,117,1.3333333333333333,0.05821796093593344,534,The birthday piñata's are getting weirder with each office party.
783,4,31,82,117,1.3333333333333333,0.05005155020148198,534,I don't think that's what the boss meant when he told us to scale up the project.
783,8,23,86,117,1.3333333333333333,0.05562918786826215,534,We need to scale back around here.
783,10,19,88,117,1.3333333333333333,0.05821796093593344,534,Now who did he swallow?
783,10,19,88,117,1.3333333333333333,0.05821796093593344,534,Excellent. Our marketing research shows that the American public will buy all of the snake oil we can produce.
783,7,26,87,120,1.3333333333333333,0.05336483663408199,534,Bring your pet to work day is getting out of hand.
783,10,19,88,117,1.3333333333333333,0.05821796093593344,534,"It was out on the ledge, it's a vindow viper."
783,5,30,85,120,1.3333333333333333,0.05067241600875502,534,Our numbers show we're down 98% in customer service complaints since Phil here joined the team
783,6,27,84,117,1.3333333333333333,0.05291391225591752,534,Absolutely not! Who do you suppose will have to feed and walk him after you get tired of him?
783,6,27,84,117,1.3333333333333333,0.05291391225591752,534,"Herbert,you gotta read the whole email."
783,6,27,84,117,1.3333333333333333,0.05291391225591752,534,it's too soon to bring in legal!
783,8,23,86,117,1.3333333333333333,0.05562918786826215,534,Just put it with the bigger one.
783,9,21,87,117,1.3333333333333333,0.056938289043578914,534,Bring him down to the legal department with the rest of them.
783,9,21,87,117,1.3333333333333333,0.056938289043578914,534,"Big snack, I said I was in the mood for a big snack."
783,9,21,87,117,1.3333333333333333,0.056938289043578914,534,"I don't know what's a paradigm either, but I'm pretty sure it's something else."
783,8,24,88,120,1.3333333333333333,0.05466133744605251,534,I knew we shouldn't have adopted a don't asp don't tell policy.
783,1,37,79,117,1.3333333333333333,0.04542104169422218,534,Pay him scale.
783,10,19,88,117,1.3333333333333333,0.05821796093593344,534,Why does it always have to be about Eve?!
783,8,23,86,117,1.3333333333333333,0.05562918786826215,534,They say he's a killer litigator.
783,12,15,90,117,1.3333333333333333,0.06069642006076915,534,"""Sorry fellas, they just announced today is actually 'Take Your Pet and Go Home Day.'"
783,11,17,89,117,1.3333333333333333,0.05947010334500526,534,I think the boss wanted giant STEAKS.
783,7,25,85,117,1.3333333333333333,0.05428852849870469,534,"No, close, but that's not the one we're looking for."
783,11,17,89,117,1.3333333333333333,0.05947010334500526,534,So this is the new campaign manager.
783,11,17,89,117,1.3333333333333333,0.05947010334500526,534,Stow him under the anchor desk. We'll show a more human side of Dan Rather tonight.
783,8,23,86,117,1.3333333333333333,0.05562918786826215,534,Last week it was a whistle blower; this week it's a snake in the grass.
783,10,20,90,120,1.3333333333333333,0.05716619504750294,534,"Revenue, Brian. Scaling was the 2015 goal."
783,5,29,83,117,1.3333333333333333,0.051502620262460476,534,"I said it was ok to offer constructive criticism, not constrictive."
783,10,20,90,120,1.3333333333333333,0.05716619504750294,534,The new sushi place may be cheap but....
783,11,18,91,120,1.3333333333333333,0.05837833398289226,534,You must be the new campaign manager. Welcome to the Trump campaign.
783,11,17,89,117,1.3333333333333333,0.05947010334500526,534,Just leave it coiled under my boss's desk.
783,8,24,88,120,1.3333333333333333,0.05466133744605251,534,Take your serpent to work day is tomorrow.
783,13,13,91,117,1.3333333333333333,0.06189844605901729,534,The trans-reptile restroom is occupied.
783,9,21,87,117,1.3333333333333333,0.056938289043578914,534,Not quite what I expected for my retirement gift.
783,8,23,86,117,1.3333333333333333,0.05562918786826215,534,Just let it slither back under the MBA program it came from.
783,9,21,87,117,1.3333333333333333,0.056938289043578914,534,Maybe 'Bring Your Snake or Daughter to Work' Day should be two different days.
783,10,19,88,117,1.3333333333333333,0.05821796093593344,534,"I said red tiles, not reptiles."
783,11,18,91,120,1.3333333333333333,0.05837833398289226,534,Into the boardroom. We're doing salary negotiations.
783,12,15,90,117,1.3333333333333333,0.06069642006076915,534,"Just what this company needs, another cold-blooded snake."
783,10,20,90,120,1.3333333333333333,0.05716619504750294,534,Legal is through the second door on the right.
823,4,31,83,118,1.3305084745762712,0.04970590714340667,534,Remember when being a pet-friendly workplace was a good recruiting tool?
823,10,19,89,118,1.3305084745762712,0.0577915609307643,534,"Just put it in the corner, by the other one."
823,8,23,87,118,1.3305084745762712,0.05522803103068058,534,When I said bring me the snake in the grass I was talking about Johnson on the 2nd floor!
823,12,15,91,118,1.3305084745762712,0.060246108738263485,534,Take it back; it belongs in next week's contest.
823,5,29,84,118,1.3305084745762712,0.05114236753019143,534,"No, I said that I would treat you guys to a shake."
823,7,25,86,118,1.3305084745762712,0.05390056455995247,534,Give him a desk in mortgage foreclosures.
823,7,25,86,118,1.3305084745762712,0.05390056455995247,534,Pete could really use a sick day.
830,9,20,87,116,1.3275862068965518,0.05713796405960218,534,Toilet's clogged again?
830,9,20,87,116,1.3275862068965518,0.05713796405960218,534,"Sorry, we already have a campaign spokesperson."
830,10,18,88,116,1.3275862068965518,0.058435194654913654,534,Why didn't you just call a plumber?
830,9,20,87,116,1.3275862068965518,0.05713796405960218,534,We're bringing on ANOTHER lawyer?
830,7,24,85,116,1.3275862068965518,0.05445086649369201,534,"Yes, I'm sure he said he likes big asps"
830,9,20,87,116,1.3275862068965518,0.05713796405960218,534,At the very least you're going to have trust issues.
830,8,22,86,116,1.3275862068965518,0.055810589491557344,534,We need to rewrite the job description.
830,8,22,86,116,1.3275862068965518,0.055810589491557344,534,"I guess we should have set his computer up with a trackpad, not a mouse."
830,5,28,83,116,1.3275862068965518,0.05162409114891373,534,The boss wanted a big deal not a big eel.
830,9,20,87,116,1.3275862068965518,0.05713796405960218,534,So that's how they plan to squeeze out more profit!
830,8,22,86,116,1.3275862068965518,0.055810589491557344,534,"Oh, no.... I meant Ana Conda......in Accounting!!!!"
830,6,26,84,116,1.3275862068965518,0.05305630805505235,534,The rest of the board is in the conference room already.
830,8,22,86,116,1.3275862068965518,0.055810589491557344,534,we needed someone who speaks with a forked tongue
830,6,26,84,116,1.3275862068965518,0.05305630805505235,534,"""Mr. Trump said he wanted to ""convict her"", not a ""constrictor""."
830,11,16,89,116,1.3275862068965518,0.05970424617930377,534,Enough is enough! I have had it with these Motherf...ing snakes in this Motherf...ing office
830,9,20,87,116,1.3275862068965518,0.05713796405960218,534,"Oh good, the auditor is here."
830,11,16,89,116,1.3275862068965518,0.05970424617930377,534,"Take him to ""Sales."""
830,5,28,83,116,1.3275862068965518,0.05162409114891373,534,"Next time, I will just call a plumber."
830,5,28,83,116,1.3275862068965518,0.05162409114891373,534,He's got a reputation for being cold-blooded.
830,7,24,85,116,1.3275862068965518,0.05445086649369201,534,Have you seen the office cat?
830,7,24,85,116,1.3275862068965518,0.05445086649369201,534,I have the pink slips. We're ready.
830,7,24,85,116,1.3275862068965518,0.05445086649369201,534,You must be the legal team.
830,6,26,84,116,1.3275862068965518,0.05305630805505235,534,You're taking the boss out to lunch?
830,9,20,87,116,1.3275862068965518,0.05713796405960218,534,I think maybe we could start him in sales.
830,8,22,86,116,1.3275862068965518,0.055810589491557344,534,Caught another auditor.
830,11,16,89,116,1.3275862068965518,0.05970424617930377,534,We're obligated to give you cobra with your severance.
830,7,24,85,116,1.3275862068965518,0.05445086649369201,534,"O'Donnell in accounting is next for ""early retirement."""
830,9,20,87,116,1.3275862068965518,0.05713796405960218,534,"Another motivational sales meeting,I presume."
830,10,18,88,116,1.3275862068965518,0.058435194654913654,534,"Oooh, I see the judge for the New Yorker Caption Contest has decided to stop by."
830,5,28,83,116,1.3275862068965518,0.05162409114891373,534,"Okay guys, you snake oil salesmen still have to comply with the dress code."
830,7,24,85,116,1.3275862068965518,0.05445086649369201,534,Hiring had something slightly different in mind when they asked whether you knew python .
830,7,24,85,116,1.3275862068965518,0.05445086649369201,534,Not my problem; I’m Human Resources.
862,10,18,89,117,1.3247863247863247,0.05800121423805442,534,Hello Mr. Trump
862,7,24,86,117,1.3247863247863247,0.05405602837894666,534,I'm not sure the new mascot is consistent with our branding.
862,7,24,86,117,1.3247863247863247,0.05405602837894666,534,You can tell it's an election year. - forked tounges everywhere.
862,9,20,88,117,1.3247863247863247,0.056716652199869426,534,We're being audited.
862,6,26,85,117,1.3247863247863247,0.052675345160499445,534,Try the hostile take-over meeting in 102.
862,9,20,88,117,1.3247863247863247,0.056716652199869426,534,"Well, well, well… I see the two of you are still trying to beat the rat race."
862,8,22,87,117,1.3247863247863247,0.05540231421550204,534,The IRS guy is in room 12.
862,8,22,87,117,1.3247863247863247,0.05540231421550204,534,Legal is down the hall on the right.
862,9,20,88,117,1.3247863247863247,0.056716652199869426,534,Danny caught this while fishing in the stream outside the old nuclear plant.
862,12,14,91,117,1.3247863247863247,0.060488554997984154,534,"Yes it's big, but does it have legs?"
872,6,26,86,118,1.3220338983050848,0.052299513970527865,534,Looks like he needs a pit to hiss in.
872,10,18,90,118,1.3220338983050848,0.0575734085158269,534,I see you've met out downsizing consultant.
874,10,17,88,115,1.3217391304347825,0.05864972636152445,534,Research has shown that a pet in the work place increases productivity.
874,7,23,85,115,1.3217391304347825,0.05460883168857887,534,You got it from Amazon primal?
874,7,23,85,115,1.3217391304347825,0.05460883168857887,534,I warned you about his huge hissy fits.
874,6,25,84,115,1.3217391304347825,0.05319369508780919,534,It's time to talk about the elephant in the room.
874,4,29,82,115,1.3217391304347825,0.0502439906307349,534,Meet the new head of HR.
874,9,19,87,115,1.3217391304347825,0.05733441463017632,534,"Yeah, it's just another hissing fit . . . we've got it under control."
874,10,17,88,115,1.3217391304347825,0.05864972636152445,534,Put him in the back room with the other lawyers.
874,10,17,88,115,1.3217391304347825,0.05864972636152445,534,Pokemon Go has really upped its game.
874,11,15,89,115,1.3217391304347825,0.05993618025515487,534,"Check Dawson's desk, I think I recognize the suspenders."
874,8,21,86,115,1.3217391304347825,0.05598821125637304,534,"Sit him down at that desk over there, keep him away from my mouse."
874,6,25,84,115,1.3217391304347825,0.05319369508780919,534,I am not comfortable with HR's passive-aggressive approach to mandatory retirement.
874,3,31,81,115,1.3217391304347825,0.04870218981939781,534,Glad to see you boys helping Johnson unwind.
874,10,17,88,115,1.3217391304347825,0.05864972636152445,534,That reminds me. I have an appointment with legal in an hour.
874,5,27,83,115,1.3217391304347825,0.05173986756649167,534,"Get some coffee in him fast, his acceptance speech is in 5 minutes!!"
874,7,23,85,115,1.3217391304347825,0.05460883168857887,534,"Just for fun, throw it in the typing pool"
874,9,19,87,115,1.3217391304347825,0.05733441463017632,534,Throw him in the back with the others.
874,7,23,85,115,1.3217391304347825,0.05460883168857887,534,"Now that we don't have to lick stamps anymore, I think you can just let old Ethel go, into the woods out back."
874,7,23,85,115,1.3217391304347825,0.05460883168857887,534,He'll fit in with our legal department.
874,8,21,86,115,1.3217391304347825,0.05598821125637304,534,I meant a plumber with a big snake
874,8,21,86,115,1.3217391304347825,0.05598821125637304,534,Tempura...sushi...spicy tuna roll...who ordered the eel?
874,8,21,86,115,1.3217391304347825,0.05598821125637304,534,Steve just acquired another one of our competitors.
874,8,21,86,115,1.3217391304347825,0.05598821125637304,534,This is why we have a no pet policy.
874,11,15,89,115,1.3217391304347825,0.05993618025515487,534,Just got promoted. He is the brains behind the EpiPen price hike.
874,5,27,83,115,1.3217391304347825,0.05173986756649167,534,Tell the boss her lawyer's here.
874,9,19,87,115,1.3217391304347825,0.05733441463017632,534,Christ Roberts I said get a large cake
874,8,21,86,115,1.3217391304347825,0.05598821125637304,534,I guess that explains what happened to Arlene's comfort poodle.
874,6,25,84,115,1.3217391304347825,0.05319369508780919,534,Bring it straight to the negotiating room.
901,7,23,86,116,1.3189655172413792,0.054207024350269556,534,You dimwits! I wanted a big SHAKE.
901,10,17,89,116,1.3189655172413792,0.05820804584724086,534,Only three more days until the new hole punch arrives
901,10,17,89,116,1.3189655172413792,0.05820804584724086,534,"""I suddenly regret creating ""Bring your pet to work"" day."
904,9,18,86,113,1.3185840707964602,0.05797015057256425,534,"No, I said, 'an accountant'."
904,7,22,84,113,1.3185840707964602,0.05517683147495543,534,We found the spineless slitherer who's been spewing venom about us on sssocial media.
904,8,20,85,113,1.3185840707964602,0.05659072843240933,534,"No, it's a meeting for the company's largest stakeholders!"
904,5,26,82,113,1.3185840707964602,0.05223434795061094,534,Glad to see a two-pronged approach on the account.
904,5,26,82,113,1.3185840707964602,0.05223434795061094,534,New attorneys' offices down the hall.
904,8,20,85,113,1.3185840707964602,0.05659072843240933,534,"On top one day, escorted out the next."
904,4,28,81,113,1.3185840707964602,0.050699105445070954,534,"He says he's got backbone, but I just don't see it."
904,6,24,83,113,1.3185840707964602,0.05372573795417391,534,Didn't I ask for a large shake?
904,9,18,86,113,1.3185840707964602,0.05797015057256425,534,I see we have another Senator on the payroll.
904,3,30,80,113,1.3185840707964602,0.04911589844475365,534,"This is Wallstreet, only two-legged, cold blooded creatures allowed here!"
904,6,24,83,113,1.3185840707964602,0.05372573795417391,534,Please show the new CEO to his office.
904,11,14,88,113,1.3185840707964602,0.06063492379145793,534,Another escapee from Trump Tower?
904,7,22,84,113,1.3185840707964602,0.05517683147495543,534,Legal department is downstairs.
904,8,20,85,113,1.3185840707964602,0.05659072843240933,534,"Well let's say when I heard the new head of marketing was a snake, I assumed it was a manner of speech."
904,8,20,85,113,1.3185840707964602,0.05659072843240933,534,Legal is on Floor 9.
904,6,24,83,113,1.3185840707964602,0.05372573795417391,534,"Tell him he starts today but,keep him away from the desk where the rabbit is working!"
904,3,30,80,113,1.3185840707964602,0.04911589844475365,534,You must be the transfers from our Everglades office.
904,7,22,84,113,1.3185840707964602,0.05517683147495543,534,"Just park it in the boardroom, next to the corporate ladder."
904,7,22,84,113,1.3185840707964602,0.05517683147495543,534,"Umm, I meant python the programming language!"
904,9,18,86,113,1.3185840707964602,0.05797015057256425,534,I see you've met my Emotional Support Serpent.
904,5,26,82,113,1.3185840707964602,0.05223434795061094,534,"I see we'll need to fine tune the ""Bring Your Pet to Work Day"" guidelines yet again, gentlemen."
904,9,18,86,113,1.3185840707964602,0.05797015057256425,534,"Oh thank god, so the copier is fixed?"
904,4,28,81,113,1.3185840707964602,0.050699105445070954,534,"Good, and after he licks the envelopes, get an elephant for stamping."
904,8,20,85,113,1.3185840707964602,0.05659072843240933,534,There may be some lingering resentment.
904,7,22,84,113,1.3185840707964602,0.05517683147495543,534,Perhaps we'd better let the plumber snake the toilet?
904,5,26,82,113,1.3185840707964602,0.05223434795061094,534,It creeps me out when Larry orders the Unagi Supreme.
904,10,16,87,113,1.3185840707964602,0.059317503068662965,534,I hope you're not bringing that on the plane!
904,7,22,84,113,1.3185840707964602,0.05517683147495543,534,"Oh, great, the new HR Manager has finally arrived."
904,6,24,83,113,1.3185840707964602,0.05372573795417391,534,His credentials were too good to pass up
904,8,20,85,113,1.3185840707964602,0.05659072843240933,534,But is it kosher?
904,7,22,84,113,1.3185840707964602,0.05517683147495543,534,The new hire in Legal?
904,8,20,85,113,1.3185840707964602,0.05659072843240933,534,The anger management seminar is in Conference Room B.
904,4,28,81,113,1.3185840707964602,0.050699105445070954,534,"Boss changed her mind, she's going with the, ""Elephant in the weeds"" instead."
904,8,20,85,113,1.3185840707964602,0.05659072843240933,534,Shake Up fellas...I said we needed a Shake Up.
904,10,16,87,113,1.3185840707964602,0.059317503068662965,534,"I meant install Python, the coding programme!"
904,8,20,85,113,1.3185840707964602,0.05659072843240933,534,Perhaps we should temporarily suspend our child care program.
904,8,20,85,113,1.3185840707964602,0.05659072843240933,534,This is our third C.E.O. this year.
904,7,22,84,113,1.3185840707964602,0.05517683147495543,534,This isn't what I had in mind when I told you to learn Python.
904,6,24,83,113,1.3185840707964602,0.05372573795417391,534,He will fit in well with our legal team
904,4,28,81,113,1.3185840707964602,0.050699105445070954,534,It filed a harassment suit. HR says it stays.
904,5,26,82,113,1.3185840707964602,0.05223434795061094,534,Take her home. We caught the company mole.
904,6,24,83,113,1.3185840707964602,0.05372573795417391,534,He's the new expert on long positions.
904,6,24,83,113,1.3185840707964602,0.05372573795417391,534,Looks like the recruiters have been casting a wider net lately.
904,6,24,83,113,1.3185840707964602,0.05372573795417391,534,We should run this past legal.
904,9,18,86,113,1.3185840707964602,0.05797015057256425,534,I hope you didn't forget my fries.
949,4,28,82,114,1.3157894736842106,0.05033005405831431,534,Same price as the foot long?
950,4,25,76,105,1.3142857142857143,0.052960496914074194,534,Downsizing again?
951,8,19,85,112,1.3125,0.05676733714276693,534,It doesn't meet criteria for a therapy pet.
951,8,19,85,112,1.3125,0.05676733714276693,534,"So, I'm guessing Hodges hasn't agreed to taking early retirement yet."
951,8,19,85,112,1.3125,0.05676733714276693,534,Put him in conference room D with the bankers.
951,3,29,80,112,1.3125,0.0491747370293402,534,"I recommended against his campaigning in his true form, but he insists on doing everything HIS way."
951,10,15,87,112,1.3125,0.05953386337229332,534,We should let IT hire the Python developer next time.
951,4,27,81,112,1.3125,0.05078415031070149,534,Let's set it loose in HR first and legal after.
951,7,21,84,112,1.3125,0.055332227547835136,534,"No, I would NOT like to join your Anna Conga line"
951,5,25,82,112,1.3125,0.052344102663576954,534,Ummmm....I meant for the clogged sink.
951,6,23,83,112,1.3125,0.053858891972730416,534,"He's from Legal....he got lost,"
951,5,25,82,112,1.3125,0.052344102663576954,534,Now we can show them exactly where we get the oil.
951,4,27,81,112,1.3125,0.05078415031070149,534,Probably should have checked references first.
951,10,15,87,112,1.3125,0.05953386337229332,534,You say you've made progress in locating the computer worm?
951,7,21,84,112,1.3125,0.055332227547835136,534,"Isn't that rather harsh treatment for the guy who wrote ""less people"" instead of ""fewer people?"""
951,7,21,84,112,1.3125,0.055332227547835136,534,Cleanup at the Clinton foundation.
951,8,19,85,112,1.3125,0.05676733714276693,534,New house counsel?
951,6,23,83,112,1.3125,0.053858891972730416,534,You're sure the boss loves pranks?
951,4,27,81,112,1.3125,0.05078415031070149,534,The board said we need to find new innovative ways to squeeze out the competition.
951,7,21,84,112,1.3125,0.055332227547835136,534,I'll see most of you at the All-Hands meeting later.
951,10,15,87,112,1.3125,0.05953386337229332,534,"He says, “Go with the Apple."
951,6,23,83,112,1.3125,0.053858891972730416,534,Why can't we have a normal mascot like other newspapers?
951,6,23,83,112,1.3125,0.053858891972730416,534,I said to get a massive cake...
951,7,21,84,112,1.3125,0.055332227547835136,534,I see you two have met the new public relations manager.
951,7,21,84,112,1.3125,0.055332227547835136,534,"For the next part of the team-building exercise, bring it back to the Everglades and release it."
951,7,21,84,112,1.3125,0.055332227547835136,534,He's here for the ethics training.
951,10,15,87,112,1.3125,0.05953386337229332,534,Set him up in the customer service department.
951,9,17,86,112,1.3125,0.05816705018441048,534,"Dawson made his numbers? Good, now squeeze a few more sales out of Jenkins."
951,4,27,81,112,1.3125,0.05078415031070149,534,I’m starting to re-think the ‘bring your pet to work day’.
951,10,15,87,112,1.3125,0.05953386337229332,534,Looks like a revisit of 'Bring your pet to work day' guidelines is in order.
951,4,27,81,112,1.3125,0.05078415031070149,534,You might want to run that past the boss.
951,6,23,83,112,1.3125,0.053858891972730416,534,"Hey guys, taking the boss out for lunch?"
951,5,25,82,112,1.3125,0.052344102663576954,534,I know it was your pet project but it had to go.
951,8,19,85,112,1.3125,0.05676733714276693,534,"Just put it in the attorney's office, they will get along fine"
951,5,25,82,112,1.3125,0.052344102663576954,534,Take him over to sales.
951,3,29,80,112,1.3125,0.0491747370293402,534,We start coding with Python today.
951,6,23,83,112,1.3125,0.053858891972730416,534,Make sure he has a valid Green Card then assign him to security.
951,7,21,84,112,1.3125,0.055332227547835136,534,Get him upstairs. Accounting just asked for a new adder.
951,9,17,86,112,1.3125,0.05816705018441048,534,Marketing says that he skews a little TOO freudian.
951,6,23,83,112,1.3125,0.053858891972730416,534,Are you sure this is really virus protection?
951,6,23,83,112,1.3125,0.053858891972730416,534,"Yeah, but does what you're proposing have legs?"
951,10,15,87,112,1.3125,0.05953386337229332,534,Do you know who kept hissing during my presentation?
951,7,21,84,112,1.3125,0.055332227547835136,534,I said I needed a snake for the toilet!
951,10,15,87,112,1.3125,0.05953386337229332,534,Mr. Trump still prefers the GOP Elephant as his description!
951,9,17,86,112,1.3125,0.05816705018441048,534,"I think Liz said she wanted fun ""and a Conga"" for her retirement party."
994,5,25,83,113,1.3097345132743363,0.05195246967372173,534,You sales guys are cold-blooded. Have I ever told you that?
994,10,15,88,113,1.3097345132743363,0.059069435156215294,534,Did your customer accept the apple?
994,7,21,85,113,1.3097345132743363,0.054910060380490525,534,Show him to the conference room. He's here for the deposition.
994,3,29,81,113,1.3097345132743363,0.04881601662783268,534,I see you've met our new attorney. Put him in Johnson's old office.
994,5,25,83,113,1.3097345132743363,0.05195246967372173,534,I see the Amazon acquisition is going smoothly.
994,5,25,83,113,1.3097345132743363,0.05195246967372173,534,I guess we can stop blaming Bill for the backups.
994,7,21,85,113,1.3097345132743363,0.054910060380490525,534,Rats and fresh coffee in the dayroom.
994,4,27,82,113,1.3097345132743363,0.05040864303176496,534,"No, no. Financial wants a constrictor."
1002,6,20,78,104,1.3076923076923077,0.056465675359676025,534,It was a metaphor! The CEO has to be a human...
1003,7,20,84,111,1.3063063063063063,0.05548209204528969,534,"No, I meant a plumber's snake."
1003,6,22,83,111,1.3063063063063063,0.05398576084415069,534,We're not *that* pet-friendly.
1003,6,22,83,111,1.3063063063063063,0.05398576084415069,534,Snakes and corporate ladders?
1003,6,22,83,111,1.3063063063063063,0.05398576084415069,534,"So, last week it was your service dog?"
1003,5,24,82,111,1.3063063063063063,0.05244675595422152,534,He gets the corner cubicle with the aquarium.
1003,8,18,85,111,1.3063063063063063,0.05693911398610064,534,Not now...he's having a hissyfit
1003,4,26,81,111,1.3063063063063063,0.05086120374432271,534,"I know it ate the receptionist, but it's a service animal."
1003,8,18,85,111,1.3063063063063063,0.05693911398610064,534,You are being sued by Adam and Eve who claim that they lost everything after following your advice.
1003,9,16,86,111,1.3063063063063063,0.05835977094987886,534,This is not what I meant when I said we needed to promote diversity in the workplace.
1003,6,22,83,111,1.3063063063063063,0.05398576084415069,534,I think you guys carried the team-building exercise a little far.
1003,6,22,83,111,1.3063063063063063,0.05398576084415069,534,"Yes, Mr. Trump ordered the fresh sushi."
1003,8,18,85,111,1.3063063063063063,0.05693911398610064,534,"Well, Governor Pence, do you think you can carry him all the way to the White House?"
1003,10,14,87,111,1.3063063063063063,0.05974665705395147,534,"I'm pretty sure he wanted the Repp file, not reptile."
1003,6,22,83,111,1.3063063063063063,0.05398576084415069,534,Place the boa on the corner rack right next to the sequined gowns.
1003,9,16,86,111,1.3063063063063063,0.05835977094987886,534,"No, we already have enough forked tongues in Marketing. Try Customer Service."
1003,7,20,84,111,1.3063063063063063,0.05548209204528969,534,He doesn't look like a team player.
1003,8,18,85,111,1.3063063063063063,0.05693911398610064,534,"If you just learned to walk upright, you could cut your staff by 50%"
1003,5,24,82,111,1.3063063063063063,0.05244675595422152,534,I'm starting to regret approving Take Your Pet to Work Day.
1003,8,18,85,111,1.3063063063063063,0.05693911398610064,534,I didn't know we were relocating HR.
1003,7,20,84,111,1.3063063063063063,0.05548209204528969,534,'Predatory lending' is just a saying.
1003,4,26,81,111,1.3063063063063063,0.05086120374432271,534,We should be mouse-free by Monday.
1003,6,22,83,111,1.3063063063063063,0.05398576084415069,534,"Caught Fred in the water cooler again,eh?"
1003,8,18,85,111,1.3063063063063063,0.05693911398610064,534,"When the boss said, ""do whatever it takes to win this case"", I think he was thinking more along the lines of jury tampering."
1003,4,26,81,111,1.3063063063063063,0.05086120374432271,534,He gets the corner office. He's the bosses nephew.
1003,6,22,83,111,1.3063063063063063,0.05398576084415069,534,He's a cold blooded sales machine
1003,5,24,82,111,1.3063063063063063,0.05244675595422152,534,It looks smaller on my Pokemon GO
1003,9,16,86,111,1.3063063063063063,0.05835977094987886,534,No! I said I wanted a snack.
1003,8,18,85,111,1.3063063063063063,0.05693911398610064,534,Take him to Legal. He's not an invasive species there.
1003,6,22,83,111,1.3063063063063063,0.05398576084415069,534,It's not what it looks like.
1003,9,16,86,111,1.3063063063063063,0.05835977094987886,534,Take it back...turns out they said to bring a DEAL to the table...
1033,7,18,80,105,1.3047619047619048,0.057614052397524936,534,Hurry! His other advisers are already in the conference room.
1034,7,20,85,112,1.3035714285714286,0.05505245789298452,534,How are you gonna get that thing in her pencil drawer?
1035,10,13,86,109,1.3027522935779816,0.0604443102155906,534,Introduce the new guy to the rest of the sales staff.
1035,6,21,82,109,1.3027522935779816,0.054533805810785964,534,"When I asked you to ""land the big one"" I was referring to the Shyzdrek contract."
1035,7,19,83,109,1.3027522935779816,0.05606987285089937,534,"Careful boys, don't let anyone see Mr Trump without his wig on"
1035,11,11,87,109,1.3027522935779816,0.061833723021875855,534,"Blame spellcheck. I meant to write ""I need a new monitor"" and it changed it to ""big scary python."""
1035,6,21,82,109,1.3027522935779816,0.054533805810785964,534,"Thanks for taking our new attorney out to lunch, fellas."
1035,9,15,85,109,1.3027522935779816,0.05902219897742748,534,Congratulations on winning the race to the bottom.
1035,6,21,82,109,1.3027522935779816,0.054533805810785964,534,Bathroom got clogged again?
1035,6,21,82,109,1.3027522935779816,0.054533805810785964,534,He's on a strict diet of corporate sheep and unhireable interns.
1035,8,17,84,109,1.3027522935779816,0.05756496596736188,534,"Miss Coulter, you're on in five."
1035,7,19,83,109,1.3027522935779816,0.05606987285089937,534,When you're finished with him take him back to marketing.
1035,4,25,80,109,1.3027522935779816,0.05132393832894641,534,This message from the CEO says that the meeting is canceled. She never wants to see that lying snake again.
1035,7,19,83,109,1.3027522935779816,0.05606987285089937,534,He's here for the interview for campaign manager.
1035,8,17,84,109,1.3027522935779816,0.05756496596736188,534,"So the new guy in Legal isn't working out, I take it?"
1035,8,17,84,109,1.3027522935779816,0.05756496596736188,534,I think we've gone too far with some of these team building activities.
1035,8,17,84,109,1.3027522935779816,0.05756496596736188,534,Just what we need--another viper in the office.
1035,10,13,86,109,1.3027522935779816,0.0604443102155906,534,"Well, sir, we are taking Bob's comfort animal to him."
1035,10,13,86,109,1.3027522935779816,0.0604443102155906,534,We can't let the voters know the candidate's real identity.
1035,7,19,83,109,1.3027522935779816,0.05606987285089937,534,"No more clogged toilet, sir."
1035,8,17,84,109,1.3027522935779816,0.05756496596736188,534,I see you've met our new Compliance Officer
1035,5,23,81,109,1.3027522935779816,0.05295319925085739,534,"Bill, I really think this is a disproportionate retaliation for Tom eating your chips."
1035,5,23,81,109,1.3027522935779816,0.05295319925085739,534,"You fools, all our competitor needs to do is get a big mongoose!"
1035,7,19,83,109,1.3027522935779816,0.05606987285089937,534,Put it in Bob's office. The cage won't be arriving till Thursday.
1035,9,15,85,109,1.3027522935779816,0.05902219897742748,534,So….Malware is literally a worm?
1035,5,23,81,109,1.3027522935779816,0.05295319925085739,534,"Wow, that's really cold-blooded!"
1035,5,23,81,109,1.3027522935779816,0.05295319925085739,534,Hold on! Don't you remember what happened last time you flushed one down the toilet?
1035,5,23,81,109,1.3027522935779816,0.05295319925085739,534,"If that doesn't solve our mouse problem, nothing will."
1035,9,15,85,109,1.3027522935779816,0.05902219897742748,534,I don't care if he's inside a lizard. I need Jenkins at that meeting!
1035,6,21,82,109,1.3027522935779816,0.054533805810785964,534,That'll never fly.
1063,9,14,83,106,1.3018867924528301,0.060203027747787304,534,I thought we weren't scaling up until Q4
1064,10,13,87,110,1.3,0.05995550198701891,534,Not macro fish you idiots . . . he said micro fiche!
1064,6,21,83,110,1.3,0.054105817921403974,534,"I was wrong. Let me say, categorically, we have no rodent problem whatsoever!"
1064,4,25,81,110,1.3,0.05092963960365776,534,That's not what I meant by 'Bring back a live one'.
1064,6,21,83,110,1.3,0.054105817921403974,534,That item on your to-do list was actually an aconym for Employee Engament Lecture.
1064,7,19,84,110,1.3,0.055625940031040794,534,put it back into the Pokemon Go tank
1064,7,19,84,110,1.3,0.055625940031040794,534,"You know the rules gentlemen, even our snake handlers are required to wear coats and ties."
1064,7,19,84,110,1.3,0.055625940031040794,534,Viewership is down; release the sea serpent into the sewer system.
1071,8,16,84,108,1.2962962962962963,0.057733916662009895,534,I though marketing wasn't coming to this meeting.
1071,6,20,82,108,1.2962962962962963,0.05465404468179352,534,"Um, could you just call a plumber?"
1071,5,22,81,108,1.2962962962962963,0.0530470954299222,534,That explains the hissing.
1071,8,16,84,108,1.2962962962962963,0.057733916662009895,534,"Kevin, HR wants to talk about your behavior on that plane."
1071,5,22,81,108,1.2962962962962963,0.0530470954299222,534,Sales is the second door on the left.
1071,5,22,81,108,1.2962962962962963,0.0530470954299222,534,"Say, isn't that Finley's service serpent, and where is Finley anyway?"
1071,5,22,81,108,1.2962962962962963,0.0530470954299222,534,Snack. I asked you to bring me a snack.
1071,6,20,82,108,1.2962962962962963,0.05465404468179352,534,The snake oil business just isn't what it used to be.
1071,6,20,82,108,1.2962962962962963,0.05465404468179352,534,I guess we really are snake oil salesmen.
1071,5,22,81,108,1.2962962962962963,0.0530470954299222,534,We really need to hire some women.
1071,8,16,84,108,1.2962962962962963,0.057733916662009895,534,"I know you doubt his qualifications, but he did graduate from Trump University."
1071,5,22,81,108,1.2962962962962963,0.0530470954299222,534,"If Jenkins is in there, can we have him sign Cindy's birthday card before he goes?"
1071,8,16,84,108,1.2962962962962963,0.057733916662009895,534,"Excuse us, we're just escorting Mr. Trump's new advisor to his office."
1071,8,16,84,108,1.2962962962962963,0.057733916662009895,534,"On second thought, perhaps I can authorize a slight pay raise."
1071,8,16,84,108,1.2962962962962963,0.057733916662009895,534,"When I said the successful candidate would need to be slippery as an eel, I was speaking metaphorically"
1071,6,20,82,108,1.2962962962962963,0.05465404468179352,534,Not the snake from marketing - bring her the one from accounting.
1071,7,18,83,108,1.2962962962962963,0.056215076862063375,534,So long as you brought enough for everyone in the office .
1071,7,18,83,108,1.2962962962962963,0.056215076862063375,534,"Sorry, guys. Trump just hired a new campaign manager."
1071,9,14,85,108,1.2962962962962963,0.059213810886178525,534,What the boss actually asked for was a 'servant.'
1071,8,16,84,108,1.2962962962962963,0.057733916662009895,534,And who is bringing the ladders?
1071,3,26,79,108,1.2962962962962963,0.04967749792909111,534,"It may seem weird now, but trust me: it's way safer than bring your child to work day."
1071,6,20,82,108,1.2962962962962963,0.05465404468179352,534,We had to kick this one out of the focus group. He ate 4 of the mice.
1071,6,20,82,108,1.2962962962962963,0.05465404468179352,534,"When I asked you to place the order, I said Amazon not the Amazon."
1071,3,26,79,108,1.2962962962962963,0.04967749792909111,534,We might want to rethink the team mascot idea.
1071,9,14,85,108,1.2962962962962963,0.059213810886178525,534,"Guys, did you forget about Nancy's snake allergy?"
1071,4,24,80,108,1.2962962962962963,0.05138992184293592,534,That's the new envelope moistener?
1071,6,20,82,108,1.2962962962962963,0.05465404468179352,534,DON'T BELIEVE A WORD HE TELLS YOU.
1071,8,16,84,108,1.2962962962962963,0.057733916662009895,534,I said bring me your best deal.
1071,6,20,82,108,1.2962962962962963,0.05465404468179352,534,"Tell the customer no can do. After 90 days, absolutely no returns!"
1071,3,26,79,108,1.2962962962962963,0.04967749792909111,534,Have you guys seen my mouse?
1071,5,22,81,108,1.2962962962962963,0.0530470954299222,534,Hang on... Legal is on the 12th floor.
1071,8,16,84,108,1.2962962962962963,0.057733916662009895,534,"Ok, let's see...I believe his office will be between Ailes' and Bannon's."
1071,5,22,81,108,1.2962962962962963,0.0530470954299222,534,Did you check his references?
1071,8,16,84,108,1.2962962962962963,0.057733916662009895,534,You say Equal Employment Opportunity...I say SASHIMI!
1071,10,12,86,108,1.2962962962962963,0.06065761012595472,534,"Good morning, sir."
1071,9,14,85,108,1.2962962962962963,0.059213810886178525,534,"Larry, Scott, Kaa. I'll see you at the 3 o'clock."
1071,9,14,85,108,1.2962962962962963,0.059213810886178525,534,"Uh oh, looks like six more weeks of stagnant growth."
1071,3,26,79,108,1.2962962962962963,0.04967749792909111,534,"When I discussed increasing diversity, I had something a bit different in mind."
1071,7,18,83,108,1.2962962962962963,0.056215076862063375,534,"No, a PLUMBING snake."
1071,4,24,80,108,1.2962962962962963,0.05138992184293592,534,No really guys. They say it's a good team-building exercise.
1071,4,24,80,108,1.2962962962962963,0.05138992184293592,534,Rats in the lunch room again?
1071,5,22,81,108,1.2962962962962963,0.0530470954299222,534,Take him to Marketing.
1071,6,20,82,108,1.2962962962962963,0.05465404468179352,534,"OK, Harry can take a sick day."
1071,5,22,81,108,1.2962962962962963,0.0530470954299222,534,"I think you misheard me, the boss wants ""a big steak."""
1071,7,18,83,108,1.2962962962962963,0.056215076862063375,534,Better tell building maintenance the snakes are back.
1071,5,22,81,108,1.2962962962962963,0.0530470954299222,534,Can you make it molt? We need more skin in the game.
1071,6,20,82,108,1.2962962962962963,0.05465404468179352,534,"Gary, you'll have to see someone in HR if you continue to eat your coworkers."
1071,6,20,82,108,1.2962962962962963,0.05465404468179352,534,"Yeah, but we need the apple."
1071,5,22,81,108,1.2962962962962963,0.0530470954299222,534,Toilet trouble
1071,5,22,81,108,1.2962962962962963,0.0530470954299222,534,I guess we are scaling up.
1071,5,22,81,108,1.2962962962962963,0.0530470954299222,534,I'm a bit concerned about the new CEO's emotional support animal.
1071,4,24,80,108,1.2962962962962963,0.05138992184293592,534,"Of course he speaks with one, but HR says that’s an unfair stereotype."
1071,8,16,84,108,1.2962962962962963,0.057733916662009895,534,Nightmares? Third Floor.
1124,8,16,85,109,1.2935779816513762,0.057266348237260505,534,Are you guys from the IRS?
1124,6,20,83,109,1.2935779816513762,0.05421849601211906,534,Uhh...not what I meant when I said you need Python training.
1124,8,16,85,109,1.2935779816513762,0.057266348237260505,534,Looks like another case of 'What happens in Accounting stays in Accounting.'
1124,5,22,82,109,1.2935779816513762,0.0526284205017466,534,Phil always morphs just before ethics training.
1124,10,12,87,109,1.2935779816513762,0.060159986461486244,534,"I apologize once again, but what are the dangers of investing in derivatives?"
1129,5,20,78,103,1.2912621359223302,0.054549481291999144,534,It aptly embodies our corporate commitment to dishonesty.
1130,6,19,82,107,1.2897196261682242,0.05476637319503821,534,Your wasting our time...it says right here he won't have a leg to stand on.
1130,4,23,80,107,1.2897196261682242,0.05144593420696998,534,The boss will be in a better mood now that it's out of his system.
1130,6,19,82,107,1.2897196261682242,0.05476637319503821,534,"Glad you're here, we're totally out of those."
1130,4,23,80,107,1.2897196261682242,0.05144593420696998,534,"Meet the new boss, same as the old boss."
1130,7,17,83,107,1.2897196261682242,0.05635327298563374,534,I see human resources screwed up again.
1130,5,21,81,107,1.2897196261682242,0.05313209848747781,534,I look forward to November 9th when they all go back to the Capitol.
1130,5,21,81,107,1.2897196261682242,0.05313209848747781,534,'Bring your Snake to Work Day' is not a thing.
1130,5,21,81,107,1.2897196261682242,0.05313209848747781,534,"It'll rattle the competition? I like it, Smith."
1130,7,17,83,107,1.2897196261682242,0.05635327298563374,534,I said I wanted to SHAKE things up.
1130,7,17,83,107,1.2897196261682242,0.05635327298563374,534,"Wow, I only ordered a foot-long."
1130,5,21,81,107,1.2897196261682242,0.05313209848747781,534,"I love 'bring your pet to work' Fridays. Have either of you guys seen my cat, Mr. Tickle Dumpling?"
1130,5,21,81,107,1.2897196261682242,0.05313209848747781,534,You may have 12 foot poisonous snake but I've got this little piece of paper.
1130,4,23,80,107,1.2897196261682242,0.05144593420696998,534,Our two-pronged strategy is too obvious.
1130,4,23,80,107,1.2897196261682242,0.05144593420696998,534,Better hide it -- the SEC is on a fishing expedition
1130,5,21,81,107,1.2897196261682242,0.05313209848747781,534,"Her instructions: prey, eat, leave."
1130,7,17,83,107,1.2897196261682242,0.05635327298563374,534,"Yes he is a cold blooded killer, but can he close deals?"
1130,6,19,82,107,1.2897196261682242,0.05476637319503821,534,Internal Affairs found the snake in the grass...
1130,5,21,81,107,1.2897196261682242,0.05313209848747781,534,New boss same as the old boss.
1130,7,17,83,107,1.2897196261682242,0.05635327298563374,534,Are you in there Mr. Harris? How was the trip to the Amazon?
1130,7,17,83,107,1.2897196261682242,0.05635327298563374,534,Make sure he gets the corner office in the legal department.
1130,9,13,85,107,1.2897196261682242,0.059400024096827375,534,"We want viral, not invasive."
1130,8,15,84,107,1.2897196261682242,0.057896693510497775,534,It has to go! SHE ATE THE GECKO.
1130,4,23,80,107,1.2897196261682242,0.05144593420696998,534,"Aquarium, not carry him."
1130,6,19,82,107,1.2897196261682242,0.05476637319503821,534,Wow ! Our top salesperson really is a snake!
1130,8,15,84,107,1.2897196261682242,0.057896693510497775,534,As if this office needed another snake in the grass.
1130,7,17,83,107,1.2897196261682242,0.05635327298563374,534,"Are you deaf? I said ""Bring me the biggest steak you can find!¨"
1130,6,19,82,107,1.2897196261682242,0.05476637319503821,534,Take him in the back he didn't finish licking the envelopes.
1130,6,19,82,107,1.2897196261682242,0.05476637319503821,534,"Sorry, but unless this eel is electric, it won't reduce our carbon footprint."
1130,6,19,82,107,1.2897196261682242,0.05476637319503821,534,"Reticulated python? No, I texted 'Bring a pen.'"
1130,7,17,83,107,1.2897196261682242,0.05635327298563374,534,He's looking for some one with an apple.
1130,7,17,83,107,1.2897196261682242,0.05635327298563374,534,Put him in....Steve's office.
1130,3,25,79,107,1.2897196261682242,0.04970259956151918,534,I see you've located the source of that hissing sound.
1130,3,25,79,107,1.2897196261682242,0.04970259956151918,534,I see you've met the new senior partner.
1130,8,15,84,107,1.2897196261682242,0.057896693510497775,534,I see Mr. Shkreli has arrived for his deposition.
1130,7,17,83,107,1.2897196261682242,0.05635327298563374,534,"Sorry, guys. The lizard Irene saw in the conference room turned out to be a Pokémon."
1130,6,19,82,107,1.2897196261682242,0.05476637319503821,534,Hold on. I said interns are supposed to have a bigger STAKE in our operations.
1130,4,23,80,107,1.2897196261682242,0.05144593420696998,534,This report is going to take you a while to digest.
1130,9,13,85,107,1.2897196261682242,0.059400024096827375,534,Your idea stinks and isn't scalable.
1130,4,23,80,107,1.2897196261682242,0.05144593420696998,534,Too much alcohol at lunch boys.
1169,7,16,81,104,1.2884615384615385,0.05744282627398277,534,Executive retreat?
1170,4,23,81,108,1.287037037037037,0.0510379051440824,534,This should solve our rat race problem.
1170,5,21,82,108,1.287037037037037,0.052706147914873866,534,"Well, yes, I DID say we should crush the competition..."
1170,2,27,79,108,1.287037037037037,0.047526068935268895,534,"Is it me, or are we opening the Chamber of Secrets too often these days?"
1170,8,15,85,108,1.287037037037037,0.05742080483247509,534,But you say it knows coding?
1170,6,19,83,108,1.287037037037037,0.05432318376671947,534,Dog! Bring your dog to work day.
1175,7,16,82,105,1.2857142857142858,0.0569594125052752,534,You're gonna need a bigger boa.
1175,5,20,80,105,1.2857142857142858,0.053647686871343615,534,I thought the annual stockholders' meeting was next month.
1175,6,18,81,105,1.2857142857142858,0.05532833351724881,534,Is that the new H.R. director?
1175,5,20,80,105,1.2857142857142858,0.053647686871343615,534,They go next to the sharks in accounting.
1175,5,20,80,105,1.2857142857142858,0.053647686871343615,534,"When I said to give the customer a killer deal, this is not what I had in mind."
1175,5,20,80,105,1.2857142857142858,0.053647686871343615,534,"I was using a figure of speech saying to put the ""squeeze"" on him."
1175,5,20,80,105,1.2857142857142858,0.053647686871343615,534,He's our analyst. He really wraps his head around a problem.
1175,6,18,81,105,1.2857142857142858,0.05532833351724881,534,There's always a snake in the graph on Wall Street.
1175,6,18,81,105,1.2857142857142858,0.05532833351724881,534,THAT'S our new campaign manager?
1175,6,18,81,105,1.2857142857142858,0.05532833351724881,534,"Boss says to get rid of that thing. Last time it was here, it threw a real hissy fit."
1175,7,16,82,105,1.2857142857142858,0.0569594125052752,534,"Well, he slithers outside the box, which we need more of around here..."
1175,4,22,79,105,1.2857142857142858,0.05191265860554197,534,"I don't care if you are going to carrying him the whole time, he needs to have an ID badge."
1175,7,16,82,105,1.2857142857142858,0.0569594125052752,534,"No, no, you idiots! I said get me a big STEAK!"
1175,4,22,79,105,1.2857142857142858,0.05191265860554197,534,I think that's not the kind of Python the IT department requested.
1175,4,22,79,105,1.2857142857142858,0.05191265860554197,534,"So the mole's taken care of , right?"
1175,9,12,84,105,1.2857142857142858,0.060088892810955224,534,Where are all those stamps and envelopes?
1175,5,20,80,105,1.2857142857142858,0.053647686871343615,534,I'll tell Jenkins it's going to be another long one.
1175,8,14,83,105,1.2857142857142858,0.05854506688096174,534,Serpents prefer Apple computers.
1175,7,16,82,105,1.2857142857142858,0.0569594125052752,534,Relax. It's a birthday present for my mother-in-law.
1175,8,14,83,105,1.2857142857142858,0.05854506688096174,534,Always hard getting the CEO to move on after a merger.
1175,9,12,84,105,1.2857142857142858,0.060088892810955224,534,Welcome to Investor Relations.
1175,10,10,85,105,1.2857142857142858,0.06159403560732687,534,Put it in the fridge.
1175,9,12,84,105,1.2857142857142858,0.060088892810955224,534,"In an effort to meet budget constraints, the company decided to scale down the legal department."
1175,4,22,79,105,1.2857142857142858,0.05191265860554197,534,"We can try hiding it in assets, but I think we'll have to report it as a liability."
1175,6,18,81,105,1.2857142857142858,0.05532833351724881,534,"Quick, get him back to his penthouse before the shareholders see him!"
1175,6,18,81,105,1.2857142857142858,0.05532833351724881,534,I just don't see how he'll guard our Chamber of Secrets now that it's all digital.
1175,7,16,82,105,1.2857142857142858,0.0569594125052752,534,So how did our clients like the zoo?
1175,4,22,79,105,1.2857142857142858,0.05191265860554197,534,We found him out back mooching off the wifi.
1175,4,22,79,105,1.2857142857142858,0.05191265860554197,534,We're salesmen. We need to start outsourcing the actual extraction of the snake oil.
1175,6,18,81,105,1.2857142857142858,0.05532833351724881,534,Escort the snake back to the legal department.
1175,7,16,82,105,1.2857142857142858,0.0569594125052752,534,Again?
1175,6,18,81,105,1.2857142857142858,0.05532833351724881,534,"Sea monster or not, everyone complies with the dress code here, Larry."
1175,4,22,79,105,1.2857142857142858,0.05191265860554197,534,"No no I'm hungry, I said, ""pick me up a big STEAK""."
1175,6,18,81,105,1.2857142857142858,0.05532833351724881,534,Time to bring out the litigator.
1175,7,16,82,105,1.2857142857142858,0.0569594125052752,534,"No! No! I said, ""Move your big fat ass."""
1175,7,16,82,105,1.2857142857142858,0.0569594125052752,534,put him in the office with the politicians
1175,5,20,80,105,1.2857142857142858,0.053647686871343615,534,Potluck AGAIN?
1175,4,22,79,105,1.2857142857142858,0.05191265860554197,534,"Asp? I said ""killer app""!"
1175,7,16,82,105,1.2857142857142858,0.0569594125052752,534,Now you're certain you've used one of these before.
1175,6,18,81,105,1.2857142857142858,0.05532833351724881,534,I see you've met our new consultant.
1175,6,18,81,105,1.2857142857142858,0.05532833351724881,534,Agnes in Accounting complained to H.R. again...I'm afraid it's curtains for Monty.
1175,5,20,80,105,1.2857142857142858,0.053647686871343615,534,So THAT explains the clogged plumbing...
1175,9,12,84,105,1.2857142857142858,0.060088892810955224,534,"See, we told you Bob in Accounting was a snake."
1175,6,18,81,105,1.2857142857142858,0.05532833351724881,534,"Guys, actually the boss wanted Anne and Wanda in the meeting."
1175,9,12,84,105,1.2857142857142858,0.060088892810955224,534,Bring Your Pet to Work Day was last week!
1175,6,18,81,105,1.2857142857142858,0.05532833351724881,534,Are you guys calling me a liar or am I overly sensitive to metaphors?
1221,7,17,85,109,1.2844036697247707,0.055440875192200395,534,Gentlemen! This is very eel advised!
1222,8,14,84,106,1.2830188679245282,0.05805273337969472,534,"I said, ""reel in the giant DEAL."""
1222,6,18,82,106,1.2830188679245282,0.05487012679245056,534,"Oh wow, I thought you were going to call a plumber."
1222,8,14,84,106,1.2830188679245282,0.05805273337969472,534,Try not to sleep with this one.
1222,7,16,83,106,1.2830188679245282,0.056483850201068636,534,I distinctly told you to get a list of stakeholders!
1222,8,14,84,106,1.2830188679245282,0.05805273337969472,534,Not the long tail solution I had in mind.
1222,8,14,84,106,1.2830188679245282,0.05805273337969472,534,"Put him in the grass labeled ""Chief Financial Officer"""
1222,5,20,81,106,1.2830188679245282,0.053207483448312415,534,Don't try to flush it.
1222,8,14,84,106,1.2830188679245282,0.05805273337969472,534,When do the ladders arrive?
1222,5,20,81,106,1.2830188679245282,0.053207483448312415,534,This merger might swallow us whole.
1222,4,22,80,106,1.2830188679245282,0.05149118153223209,534,We are running dangerously low on snake oil. Get him to Marketing immediately!
1222,6,18,82,106,1.2830188679245282,0.05487012679245056,534,I specifically asked for coiled.
1222,3,24,79,106,1.2830188679245282,0.04971566409360453,534,"No, I ordered the sandwich."
1222,6,18,82,106,1.2830188679245282,0.05487012679245056,534,"Ah yes, the new organic hole puncher."
1222,8,14,84,106,1.2830188679245282,0.05805273337969472,534,"I like the initiative but I didn't realize this is what you meant when you said you had a ""green"" solution to our rat problem in the daycare."
1222,6,18,82,106,1.2830188679245282,0.05487012679245056,534,Same as last month ... extract the oil and put him in charge of sales.
1222,6,18,82,106,1.2830188679245282,0.05487012679245056,534,We've got bigger fish to fry.
1222,7,16,83,106,1.2830188679245282,0.056483850201068636,534,"You idiots, I said I want to SHAKE things up around here."
1222,6,18,82,106,1.2830188679245282,0.05487012679245056,534,"Paul Ryan said that he doesn't approve of his venom, but he won't withdraw his endorsement."
1222,7,16,83,106,1.2830188679245282,0.056483850201068636,534,Don't follow his advice if he starts talking about Apple.
1222,5,20,81,106,1.2830188679245282,0.053207483448312415,534,"Wow, I didn't think downsizing the legal department would be this difficult."
1222,5,20,81,106,1.2830188679245282,0.053207483448312415,534,"If you're looking for the Tree of Knowledge, it's two floors up."
1222,6,18,82,106,1.2830188679245282,0.05487012679245056,534,"Impressive, but your job is to manage our human resources."
1222,9,12,85,106,1.2830188679245282,0.05958031866456475,534,Why do we keep making the same hires?
1222,8,14,84,106,1.2830188679245282,0.05805273337969472,534,I meant the toilet snake!
1222,4,22,80,106,1.2830188679245282,0.05149118153223209,534,You need to talk to human resources.
1222,7,16,83,106,1.2830188679245282,0.056483850201068636,534,He's ruined take your pet to work week.
1222,9,12,85,106,1.2830188679245282,0.05958031866456475,534,Honey what are you doing here?
1222,5,20,81,106,1.2830188679245282,0.053207483448312415,534,"If you ask me, I'd take it to lost and found."
1250,5,20,82,107,1.280373831775701,0.05277419771887758,534,I think the corporate branding department here at Amazon has gone too far.
1250,6,18,83,107,1.280373831775701,0.05441922167879968,534,So this is what being an Equal Opportunity Employer has come down to.
1250,6,18,83,107,1.280373831775701,0.05441922167879968,534,"When I told you to go out and get BOA on our team, I meant Bank of America!"
1253,7,15,82,104,1.2788461538461537,0.05709014851737027,534,Put him in charge of advertising.
1253,4,21,79,104,1.2788461538461537,0.05195349425762494,534,Why don't you guys stop hissing and moaning and go back to work.
1253,6,17,81,104,1.2788461538461537,0.05543084484607181,534,We need to clarify the office pet policy.
1253,6,17,81,104,1.2788461538461537,0.05543084484607181,534,"You know , I was speaking figuratively about squeezing the competition ."
1253,7,15,82,104,1.2788461538461537,0.05709014851737027,534,Norman is throwing a hissy fit again
1253,4,21,79,104,1.2788461538461537,0.05195349425762494,534,"Gentlemen, are we perhaps taking our discussion about scalability a bit literally?"
1253,7,15,82,104,1.2788461538461537,0.05709014851737027,534,Does HR know whether we had key-man insurance on the gecko?
1253,10,9,85,104,1.2788461538461537,0.06180133129548038,534,I thought we fired Ailes.
1253,5,19,80,104,1.2788461538461537,0.053720313317805364,534,How was court?
1253,5,19,80,104,1.2788461538461537,0.053720313317805364,534,We have interns for that.
1253,5,19,80,104,1.2788461538461537,0.053720313317805364,534,Put him in the break room.
1253,5,19,80,104,1.2788461538461537,0.053720313317805364,534,I think the email asked you to bring a retirement CAKE.
1253,7,15,82,104,1.2788461538461537,0.05709014851737027,534,"When I said we needed a big snake for the clogged drain in the men's room, I think you may have misunderstood me."
1253,4,21,79,104,1.2788461538461537,0.05195349425762494,534,"Got stuck training the new guy, eh?"
1253,8,13,83,104,1.2788461538461537,0.05870256855642267,534,Put him at the empty desk in the tax department.
1253,7,15,82,104,1.2788461538461537,0.05709014851737027,534,The ladies asked if you could put that thing away.
1253,10,9,85,104,1.2788461538461537,0.06180133129548038,534,"That's all I need, another forked tongue in this organization."
1253,6,17,81,104,1.2788461538461537,0.05543084484607181,534,We're gonna need another CEO.
1253,6,17,81,104,1.2788461538461537,0.05543084484607181,534,"Hey, Chief! We figured out what happened to all of our informants!"
1253,10,9,85,104,1.2788461538461537,0.06180133129548038,534,"According to current polls, this will be the best third party candidate !"
1253,4,21,79,104,1.2788461538461537,0.05195349425762494,534,He asked to speak with Eve in the arboretum
1253,8,13,83,104,1.2788461538461537,0.05870256855642267,534,That explains the high turnover in accounting.
1253,4,21,79,104,1.2788461538461537,0.05195349425762494,534,"Guys, I know I said we need to take this to the next level, but did we really have to disturb our general counsel?"
1253,5,19,80,104,1.2788461538461537,0.053720313317805364,534,"Good effort, but we need a mechanical snake to fix our stopped-up toilet."
1253,5,19,80,104,1.2788461538461537,0.053720313317805364,534,They say it's this year's version of the ice bucket challenge.
1253,5,19,80,104,1.2788461538461537,0.053720313317805364,534,They'll soon pay when we put the squeeze on them.
1253,8,13,83,104,1.2788461538461537,0.05870256855642267,534,I'll grab the oil and meet you in sales.
1253,5,19,80,104,1.2788461538461537,0.053720313317805364,534,Just put him over by Janet's desk for now.
1253,5,19,80,104,1.2788461538461537,0.053720313317805364,534,No animals were harmed in the drawing of this cartoon.
1253,4,21,79,104,1.2788461538461537,0.05195349425762494,534,Take him to Sales. He's on the 'Adam & Eve' account.
1253,9,11,84,104,1.2788461538461537,0.060271867836558815,534,This is not what I meant by scaling back.
1253,8,13,83,104,1.2788461538461537,0.05870256855642267,534,"Hey, aren't you the guys who had the extra-long briefcase?"
1253,5,19,80,104,1.2788461538461537,0.053720313317805364,534,Makes you wish Manafort was still in charge.
1253,3,23,78,104,1.2788461538461537,0.050124435839128983,534,That's not the 2-hole punch I had in mind.
1253,7,15,82,104,1.2788461538461537,0.05709014851737027,534,Make sure our new CEO feels right at home.
1253,8,13,83,104,1.2788461538461537,0.05870256855642267,534,'He wants to buy more stock in Apple.'
1253,6,17,81,104,1.2788461538461537,0.05543084484607181,534,"You idiots, I said I want a big STEAK !"
1253,5,19,80,104,1.2788461538461537,0.053720313317805364,534,Just what this law firm needs.
1253,8,13,83,104,1.2788461538461537,0.05870256855642267,534,I'm afraid the snake oil we've been selling really works.
1253,4,21,79,104,1.2788461538461537,0.05195349425762494,534,I TOLD you to go and get me a big STEAK!
1253,3,23,78,104,1.2788461538461537,0.050124435839128983,534,What we don't need around here is more snake oil.
1253,5,19,80,104,1.2788461538461537,0.053720313317805364,534,"Bring Your Pet To Work Day is tomorrow, Higgins"
1253,7,15,82,104,1.2788461538461537,0.05709014851737027,534,"Jeez Larry, after 20 years with the company you would think they would have the decency to let you just slide out on your own..."
1253,5,19,80,104,1.2788461538461537,0.053720313317805364,534,Was he tempting Eve in procurement again with those new Apple iMacs?
1253,5,19,80,104,1.2788461538461537,0.053720313317805364,534,It's not because you're a snake. It's because you ate Vice President Whiskers.
1253,8,13,83,104,1.2788461538461537,0.05870256855642267,534,The Snake Oil account is now all yours.
1253,6,17,81,104,1.2788461538461537,0.05543084484607181,534,How badly do we want to win?
1253,6,17,81,104,1.2788461538461537,0.05543084484607181,534,I told you it doesn't work without Eve.
1253,4,21,79,104,1.2788461538461537,0.05195349425762494,534,I thought we all understood snake oil doesn't work
1253,6,17,81,104,1.2788461538461537,0.05543084484607181,534,Careful. That's the candidate's spirit-animal.
1253,8,13,83,104,1.2788461538461537,0.05870256855642267,534,I'll pass on the sushi.
1253,5,19,80,104,1.2788461538461537,0.053720313317805364,534,No. Get the one from Legal.
1253,6,17,81,104,1.2788461538461537,0.05543084484607181,534,I see we've got something new for our Lost & Found.
1253,4,21,79,104,1.2788461538461537,0.05195349425762494,534,I'll tell the big man that his new campaign manager is here.
1253,9,11,84,104,1.2788461538461537,0.060271867836558815,534,Said only that in his past life he was a Republican.
1253,6,17,81,104,1.2788461538461537,0.05543084484607181,534,Depositions are in 206.
1253,3,23,78,104,1.2788461538461537,0.050124435839128983,534,He's our new hire for the customer complaint department.
1253,9,11,84,104,1.2788461538461537,0.060271867836558815,534,"Great, the therapy snake has arrived, get him up to legal right away."
1253,5,19,80,104,1.2788461538461537,0.053720313317805364,534,The accountants get more cold-blooded every year.
1253,6,17,81,104,1.2788461538461537,0.05543084484607181,534,Guess the office mascot wasn't such a great idea.
1253,2,25,77,104,1.2788461538461537,0.04822605696928632,534,Good job. Printer's working now.
1253,6,17,81,104,1.2788461538461537,0.05543084484607181,534,I see the diversity program has moved beyond hominids.
1253,7,15,82,104,1.2788461538461537,0.05709014851737027,534,Are you on the way out or on the way in?
1253,4,21,79,104,1.2788461538461537,0.05195349425762494,534,"Good work, Jenkins. Tell the girls it's safe to get back in the typing pool."
1253,7,15,82,104,1.2788461538461537,0.05709014851737027,534,I didn't realize there was such a push on to hire endangered species.
1253,4,21,79,104,1.2788461538461537,0.05195349425762494,534,Is that the new CEO?
1253,5,19,80,104,1.2788461538461537,0.053720313317805364,534,All I'm saying: you all could have sent me an email letting me know it was Bring Your Anaconda To Work Day. Now I look like the jerk.
1253,4,21,79,104,1.2788461538461537,0.05195349425762494,534,I said this suit needed a large 'rep tie'.
1253,6,17,81,104,1.2788461538461537,0.05543084484607181,534,"The chairman specified a ""new deal,"" not a nude eel."
1253,7,15,82,104,1.2788461538461537,0.05709014851737027,534,It was an acronym! We need Better Overhead Administration!
1253,5,19,80,104,1.2788461538461537,0.053720313317805364,534,"Guys, the boss said he liked MONTY python."
1253,3,23,78,104,1.2788461538461537,0.050124435839128983,534,Does it have experience with industrial sinks and toilets?
1253,4,21,79,104,1.2788461538461537,0.05195349425762494,534,Too bad--she was a darn good receptionist.
1253,7,15,82,104,1.2788461538461537,0.05709014851737027,534,"Bad news, we just learned the FDA wants to regulate snake oil now, too"
1253,4,21,79,104,1.2788461538461537,0.05195349425762494,534,"Not a real snake, one that practices law."
1253,4,21,79,104,1.2788461538461537,0.05195349425762494,534,I see the new HR director has arrived.
1253,6,17,81,104,1.2788461538461537,0.05543084484607181,534,I see you're taking the boss out to lunch again.
1253,2,25,77,104,1.2788461538461537,0.04822605696928632,534,Don't leave it in the refrigerator.
1253,3,23,78,104,1.2788461538461537,0.050124435839128983,534,Is THIS why my unpaid interns keep going missing?
1253,5,19,80,104,1.2788461538461537,0.053720313317805364,534,That's our new corporate mascot? What happened to Hoppy the Bunny?
1253,4,21,79,104,1.2788461538461537,0.05195349425762494,534,"It's our new organic, all-natural exterminator."
1253,2,25,77,104,1.2788461538461537,0.04822605696928632,534,I think we need to revisit our 'bring your pet to work' policy......
1335,7,15,83,105,1.276190476190476,0.05660614861831635,534,I said bake sale.
1335,4,21,80,105,1.276190476190476,0.051524804822030805,534,I told you she was a snake when you hired her.
1335,6,17,82,105,1.276190476190476,0.054964587492755144,534,Sushi again for the staff meeting?
1335,3,23,79,105,1.276190476190476,0.04971574528052643,534,Envelope lickers are a dying breed.
1335,6,17,82,105,1.276190476190476,0.054964587492755144,534,"Actually, I told you to forget your giant mistake."
1335,6,17,82,105,1.276190476190476,0.054964587492755144,534,"In hindsight, we should have called it Bring Your Non-lethal Pet to Work Day."
1341,7,14,81,102,1.2745098039215685,0.05771293533758396,534,But does it scale?
1341,6,16,80,102,1.2745098039215685,0.05600576617202239,534,Uh . . . I said to bring me a rare steak.
1341,6,16,80,102,1.2745098039215685,0.05600576617202239,534,I wish he'd go back to using PowerPoint.
1341,5,18,79,102,1.2745098039215685,0.05424489638436364,534,Don't let the boss catch you playing with your snake in the office.
1341,7,14,81,102,1.2745098039215685,0.05771293533758396,534,"No, I wrote construction. Construction not constriction, invest in, not ingestion. Okay, I don't remember what I wrote here. That does look like anaconda."
1341,4,20,78,102,1.2745098039215685,0.05242491509755116,534,I knew relocating to the Everglades was a bad idea
1341,6,16,80,102,1.2745098039215685,0.05600576617202239,534,So that's the Souvenir you two got me from Rio Olympics
1341,4,20,78,102,1.2745098039215685,0.05242491509755116,534,Oh. I thought your reference to our new client was metaphoric.
1341,4,20,78,102,1.2745098039215685,0.05242491509755116,534,Another new Lawyer??
1341,4,20,78,102,1.2745098039215685,0.05242491509755116,534,I didn't realize we actually sell their oil.
1341,4,20,78,102,1.2745098039215685,0.05242491509755116,534,I meant find a real lawyer.
1341,7,14,81,102,1.2745098039215685,0.05771293533758396,534,"No, I said, ""Bring me a snack,"" not ""a snake."""
1341,7,14,81,102,1.2745098039215685,0.05771293533758396,534,Forget the damn snake . . . what've we got on the candidate and the apple?
1341,5,18,79,102,1.2745098039215685,0.05424489638436364,534,"I admit, our Burmese offshoring strategy comes with its own challenges"
1341,6,16,80,102,1.2745098039215685,0.05600576617202239,534,"He can't type, speak, or do meetings, but he'll save us a ton in stamp moistening."
1341,3,22,77,102,1.2745098039215685,0.05053943670264388,534,I don't think that's what the boss meant when he told us to scale up sales.
1341,5,18,79,102,1.2745098039215685,0.05424489638436364,534,There’s a sushi chef downstairs looking for him.
1341,8,12,82,102,1.2745098039215685,0.059371036423874625,534,I meant bring in the 'Businness Operating Agreement' to the conference room.
1341,6,16,80,102,1.2745098039215685,0.05600576617202239,534,I know how you feel. The auditors were in my department last week.
1341,4,20,78,102,1.2745098039215685,0.05242491509755116,534,"A friend who used to work with him said he was a snake. This confirms it, I guess."
1341,3,22,77,102,1.2745098039215685,0.05053943670264388,534,You understand that we will need a longer table for our weekly meeting.
1341,6,16,80,102,1.2745098039215685,0.05600576617202239,534,Make your own sushi day is next week.
1341,5,18,79,102,1.2745098039215685,0.05424489638436364,534,Are you here for the stress test?
1341,7,14,81,102,1.2745098039215685,0.05771293533758396,534,This is not what I meant by 'more exotic food at the office parties'.
1341,5,18,79,102,1.2745098039215685,0.05424489638436364,534,"Let me guess, this is your pet peeve."
1341,7,14,81,102,1.2745098039215685,0.05771293533758396,534,HR is upstairs.
1341,5,18,79,102,1.2745098039215685,0.05424489638436364,534,We found her in the typing pool.
1341,5,18,79,102,1.2745098039215685,0.05424489638436364,534,You guys are getting a reputation as bottom-feeders.
1341,7,14,81,102,1.2745098039215685,0.05771293533758396,534,"""Sorry guys, I guess she said get me the biggest deal you can find""."
1341,6,16,80,102,1.2745098039215685,0.05600576617202239,534,Is that the same one you flushed down the toilet a couple of weeks ago?
1341,6,16,80,102,1.2745098039215685,0.05600576617202239,534,"sorry, legal department is on the 4th floor."
1341,5,18,79,102,1.2745098039215685,0.05424489638436364,534,I think he'd benefit from speaking to Harmon in offshore accounts.
1341,4,20,78,102,1.2745098039215685,0.05242491509755116,534,"Well, they did hesitate for a moment when I ordered sushi for 100."
1341,6,16,80,102,1.2745098039215685,0.05600576617202239,534,I thought we already made the sacrifice this month?
1341,4,20,78,102,1.2745098039215685,0.05242491509755116,534,I know IT said we had a mice problem... I just think you misunderstood.
1341,4,20,78,102,1.2745098039215685,0.05242491509755116,534,"I've got his resume right here, but I don't think he can type sixty words a minute."
1341,6,16,80,102,1.2745098039215685,0.05600576617202239,534,I'm glad we're finally getting this thing off the ground.
1341,6,16,80,102,1.2745098039215685,0.05600576617202239,534,"So, how many more are left in the pit?"
1341,3,22,77,102,1.2745098039215685,0.05053943670264388,534,I asked you to bring me back a snack
1341,7,14,81,102,1.2745098039215685,0.05771293533758396,534,He always reverts to type at campaign headquarters.
1341,6,16,80,102,1.2745098039215685,0.05600576617202239,534,The executive training seminar is down the hall on the left!
1341,3,22,77,102,1.2745098039215685,0.05053943670264388,534,"The law department's on the 23rd floor, guys"
1341,6,16,80,102,1.2745098039215685,0.05600576617202239,534,"Oh, I see you two have met the new HR manager."
1341,5,18,79,102,1.2745098039215685,0.05424489638436364,534,Sorry to see Johnson called in eel today.
1341,8,12,82,102,1.2745098039215685,0.059371036423874625,534,I hate basilisk Mondays.
1341,3,22,77,102,1.2745098039215685,0.05053943670264388,534,And you guys feel confident this is a better solution than me licking my own stamp?
1341,5,18,79,102,1.2745098039215685,0.05424489638436364,534,On rye after it's smoked.
1341,4,20,78,102,1.2745098039215685,0.05242491509755116,534,Put it in the room with the ladders.
1341,7,14,81,102,1.2745098039215685,0.05771293533758396,534,I said pick up some SNACKS for Bob's retirement party.
1341,2,24,76,102,1.2745098039215685,0.048580835742663454,534,You must be looking for claims.
1341,6,16,80,102,1.2745098039215685,0.05600576617202239,534,"If it's Fred, I win the office pool."
1341,4,20,78,102,1.2745098039215685,0.05242491509755116,534,I think Eve's been waiting for you.
1341,5,18,79,102,1.2745098039215685,0.05424489638436364,534,"Acquisitions and mergers: Robbins, first door on the left."
1341,3,22,77,102,1.2745098039215685,0.05053943670264388,534,I'm still the only snake in a suit
1341,5,18,79,102,1.2745098039215685,0.05424489638436364,534,I don't think a snake in the grass is a good mascot for our firm.
1341,6,16,80,102,1.2745098039215685,0.05600576617202239,534,The boss's office is 3 doors down on the left
1341,4,20,78,102,1.2745098039215685,0.05242491509755116,534,"Gentlemen, our clientele is getting a little too slimy for my taste."
1341,5,18,79,102,1.2745098039215685,0.05424489638436364,534,"And here, I thought he'd fit right in..."
1341,8,12,82,102,1.2745098039215685,0.059371036423874625,534,About time you got your tired asp out of here.
1341,2,24,76,102,1.2745098039215685,0.048580835742663454,534,We found the source of your IT problem.
1341,4,20,78,102,1.2745098039215685,0.05242491509755116,534,I see you've met our new head of HR.
1341,6,16,80,102,1.2745098039215685,0.05600576617202239,534,His resume says he's proficient in Python.
1341,6,16,80,102,1.2745098039215685,0.05600576617202239,534,This animal ate our work.
1341,4,20,78,102,1.2745098039215685,0.05242491509755116,534,That forked tongue will ensure success around here.
1341,7,14,81,102,1.2745098039215685,0.05771293533758396,534,Thought you guys stopped drinking.
1341,7,14,81,102,1.2745098039215685,0.05771293533758396,534,Sushi sale at Costco?
1341,6,16,80,102,1.2745098039215685,0.05600576617202239,534,"Put him in the conference room with Adam and Eve, our new interns."
1341,6,16,80,102,1.2745098039215685,0.05600576617202239,534,"So, it turns out Phillips really was a 'snake in the grass', after all!"
1341,5,18,79,102,1.2745098039215685,0.05424489638436364,534,"I'm sorry, but only seeing eye snakes are allowed in the office"
1341,4,20,78,102,1.2745098039215685,0.05242491509755116,534,We need to talk about Casual Fridays.
1341,5,18,79,102,1.2745098039215685,0.05424489638436364,534,We're upgrading the mice at each work station.
1341,6,16,80,102,1.2745098039215685,0.05600576617202239,534,"You know, boys, we don't need Legal for everything."
1341,7,14,81,102,1.2745098039215685,0.05771293533758396,534,"Sorry guys – just because you found him in Legal, doesn’t mean you can keep him in Accounts."
1341,4,20,78,102,1.2745098039215685,0.05242491509755116,534,"I always knew Murphy's true colors would come out, but the forked tongue is a surprise."
1341,5,18,79,102,1.2745098039215685,0.05424489638436364,534,New director of sssssssales?
1341,6,16,80,102,1.2745098039215685,0.05600576617202239,534,So that explains why Cindy hasn't shown up for a few weeks.
1341,5,18,79,102,1.2745098039215685,0.05424489638436364,534,I knew IT would pass the buck on that mongoose problem.
1341,3,22,77,102,1.2745098039215685,0.05053943670264388,534,Find him an office down in advertising... doesn't need to be furnished.
1341,3,22,77,102,1.2745098039215685,0.05053943670264388,534,"Unfortunately, the time has come to constrict our budget."
1341,3,22,77,102,1.2745098039215685,0.05053943670264388,534,"Snacks. I said, ""I'll get the drinks and you guys get the snacks""."
1341,4,20,78,102,1.2745098039215685,0.05242491509755116,534,Any luck finding Eve in the garden?
1341,4,20,78,102,1.2745098039215685,0.05242491509755116,534,Our new corporate counsel I presume?
1341,7,14,81,102,1.2745098039215685,0.05771293533758396,534,"Well, it's cheaper than a mousetrap."
1424,4,20,79,103,1.2718446601941749,0.0519818071333625,534,Wouldn't it be easier just to fire Yardley?
1424,5,18,80,103,1.2718446601941749,0.05378174115766111,534,Here's the list of terminated employees.
1424,7,14,82,103,1.2718446601941749,0.05721197864214087,534,Finally someone around here more slimy than Mr. Ellis.
1424,3,22,78,103,1.2718446601941749,0.05011727111236739,534,"Do we have the WORST cafeteria, or what?"
1428,7,13,81,101,1.2673267326732673,0.05783398759013954,534,This wasn't what I had in mind for Bring Your Pet to Work Day...
1428,1,25,75,101,1.2673267326732673,0.04643975999825178,534,"Guys, the term snake pit was purely figurative"
1428,8,11,82,101,1.2673267326732673,0.059521340060155,534,Is that the snake from accounting?
1428,5,17,79,101,1.2673267326732673,0.05430221465664193,534,I see you met the new head of HR.
1428,5,17,79,101,1.2673267326732673,0.05430221465664193,534,"Yes, a forked tongue! A pre-requisite for our nominee."
1428,4,19,78,101,1.2673267326732673,0.052447218368907034,534,Tch! This always happens with eager new recruits... What I said was get a FEEL for the office!
1428,3,21,77,101,1.2673267326732673,0.050524161671972566,534,Will somebody get Sam a Snickers? He gets slithery when he's hungry.
1428,5,17,79,101,1.2673267326732673,0.05430221465664193,534,Just getting the snakes out of the boardroom.
1428,5,17,79,101,1.2673267326732673,0.05430221465664193,534,"Carefull boys, his name is still on the letterhead."
1428,4,19,78,101,1.2673267326732673,0.052447218368907034,534,"OK, but don't make it a habit."
1428,7,13,81,101,1.2673267326732673,0.05783398759013954,534,When I said we need a real snake to manage the campaign ...
1428,4,19,78,101,1.2673267326732673,0.052447218368907034,534,"Careful, he was just named CFO."
1428,9,9,83,101,1.2673267326732673,0.06116215925338812,534,Who's going to tell the boss that bring you pet to work day didn't fair well for his dachshunds?
1428,4,19,78,101,1.2673267326732673,0.052447218368907034,534,"No, you're not going to wriggle your way out of this situation!"
1428,4,19,78,101,1.2673267326732673,0.052447218368907034,534,"Sorry Ted, but what part of ""steer clear of that witch Rhonda"" didn't you understand?"
1428,7,13,81,101,1.2673267326732673,0.05783398759013954,534,"I said ""bring me a good deal""!"
1428,4,19,78,101,1.2673267326732673,0.052447218368907034,534,I see the snakes from corporate are back.
1428,4,19,78,101,1.2673267326732673,0.052447218368907034,534,"When they said they were going to give some snake the old heave-ho, I thought they were speaking metaphorically."
1428,3,21,77,101,1.2673267326732673,0.050524161671972566,534,Bill it to 'miscellaneous'.
1428,4,19,78,101,1.2673267326732673,0.052447218368907034,534,"Great work, Mr. Slithersby! Forbidden fruit sales are up 20% this month!"
1428,5,17,79,101,1.2673267326732673,0.05430221465664193,534,Place in the Auditor's office.
1428,5,17,79,101,1.2673267326732673,0.05430221465664193,534,That explains the missing mouses!
1428,3,21,77,101,1.2673267326732673,0.050524161671972566,534,Summer interns can be so hit or miss
1428,4,19,78,101,1.2673267326732673,0.052447218368907034,534,"His online application said he was a VAPER, which now I can see was a typo."
1428,6,15,80,101,1.2673267326732673,0.056095902868179386,534,"Peterson, I warned you about going to law school."
1428,5,17,79,101,1.2673267326732673,0.05430221465664193,534,The rice and nori are in the kitchen. Now get rolling!
1428,3,21,77,101,1.2673267326732673,0.050524161671972566,534,I'll tell Ernie his ten-o'-clock is a-writhing.
1428,5,17,79,101,1.2673267326732673,0.05430221465664193,534,That reminds me. There are donuts in the break room.
1428,4,19,78,101,1.2673267326732673,0.052447218368907034,534,I see corporate arrived early.
1428,5,17,79,101,1.2673267326732673,0.05430221465664193,534,Paid to scale? No way!
1428,6,15,80,101,1.2673267326732673,0.056095902868179386,534,Maybe I haven't made myself clear: Ssstop ssstealing offisssce sssuppliesss.
1428,3,21,77,101,1.2673267326732673,0.050524161671972566,534,We've put you in charge of reduction in force. Report to H.R.
1428,5,17,79,101,1.2673267326732673,0.05430221465664193,534,Has any of you seen my toy poodle?
1428,5,17,79,101,1.2673267326732673,0.05430221465664193,534,I thought I said to scale back.
1428,2,23,76,101,1.2673267326732673,0.04852495348452612,534,We've out-sourced the down-sizing to a third-party constrictor.
1428,4,19,78,101,1.2673267326732673,0.052447218368907034,534,Give him the corner office.
1428,8,11,82,101,1.2673267326732673,0.059521340060155,534,I said it was a two man stake out.
1428,6,15,80,101,1.2673267326732673,0.056095902868179386,534,Ls that the rep from Amazon?
1428,4,19,78,101,1.2673267326732673,0.052447218368907034,534,Is speaking with a forked tongue a job requirement here?
1428,6,15,80,101,1.2673267326732673,0.056095902868179386,534,I don't care if all the good ones were taken. That's the worst financial services mascot ever.
1428,4,19,78,101,1.2673267326732673,0.052447218368907034,534,No... I said we needed to take a big STAKE in marketing.
1428,1,25,75,101,1.2673267326732673,0.04643975999825178,534,"I'm sorry, but we're really looking for someone with at least five years of constricting experience."
1428,7,13,81,101,1.2673267326732673,0.05783398759013954,534,"At my last job, we just used solar panels."
1428,7,13,81,101,1.2673267326732673,0.05783398759013954,534,I can't wait to see what he will drag in for the next office pot luck.
1428,8,11,82,101,1.2673267326732673,0.059521340060155,534,So he's is our new slippery slope analyst.
1428,6,15,80,101,1.2673267326732673,0.056095902868179386,534,You clearly misunderstood 'put the squeeze on'.
1428,5,17,79,101,1.2673267326732673,0.05430221465664193,534,Nice try. I invented that power move.
1428,5,17,79,101,1.2673267326732673,0.05430221465664193,534,The paper shredder might not be the right solution here
1428,4,19,78,101,1.2673267326732673,0.052447218368907034,534,Ahh...the new Amazon paper shredder's arrived.
1428,5,17,79,101,1.2673267326732673,0.05430221465664193,534,"No. I said, 'Find me an example of serpentine logic.'"
1428,7,13,81,101,1.2673267326732673,0.05783398759013954,534,"Sorry, ""legal"" is one floor down."
1428,4,19,78,101,1.2673267326732673,0.052447218368907034,534,He's the new VP in charge of downsizing. Put him in the corner office.
1428,5,17,79,101,1.2673267326732673,0.05430221465664193,534,This is the replacement campaign manager.
1428,3,21,77,101,1.2673267326732673,0.050524161671972566,534,At least this candidate is honest about what he is.
1428,7,13,81,101,1.2673267326732673,0.05783398759013954,534,Again? Put it in Pence's office this time.
1428,4,19,78,101,1.2673267326732673,0.052447218368907034,534,Lunchtime already?
1428,3,21,77,101,1.2673267326732673,0.050524161671972566,534,He would have been our best lawyer if it wasn't for all the backbiting.
1428,6,15,80,101,1.2673267326732673,0.056095902868179386,534,"Ah, you must be the new social media intern."
1428,5,17,79,101,1.2673267326732673,0.05430221465664193,534,"I thought he said to bring him a big 'deal,' but maybe I heard wrong."
1428,9,9,83,101,1.2673267326732673,0.06116215925338812,534,Is it sushi grade?
1428,5,17,79,101,1.2673267326732673,0.05430221465664193,534,Let's head back inside the box now.
1428,2,23,76,101,1.2673267326732673,0.04852495348452612,534,"Guys, guys, guys--not REAL snake oil!"
1428,6,15,80,101,1.2673267326732673,0.056095902868179386,534,No! Get the one at our law firm.
1428,4,19,78,101,1.2673267326732673,0.052447218368907034,534,"Well, maybe we should rethink the mascot campaign to help our image here at the Bar Association."
1428,4,19,78,101,1.2673267326732673,0.052447218368907034,534,Last week it was a horse's head. I'm not going to cave in to extortion.
1428,2,23,76,101,1.2673267326732673,0.04852495348452612,534,"Yeah, no need to worry, but accounting does have a few questions about your expense report."
1428,8,11,82,101,1.2673267326732673,0.059521340060155,534,Is Customer Service done with the conference room?
1428,8,11,82,101,1.2673267326732673,0.059521340060155,534,"Good job, but the giant mixed nuts can won't be in till next week."
1428,7,13,81,101,1.2673267326732673,0.05783398759013954,534,I told you to keep the lawyers in the Legal department.
1428,7,13,81,101,1.2673267326732673,0.05783398759013954,534,"There's no mention of trans-species limitations. The restroom is straight ahead, on your left."
1428,5,17,79,101,1.2673267326732673,0.05430221465664193,534,I suddenly feel very inadequate.
1428,5,17,79,101,1.2673267326732673,0.05430221465664193,534,"Go right in, legal's been looking forward to your presentation."
1428,6,15,80,101,1.2673267326732673,0.056095902868179386,534,How do we get oil out of it?
1428,5,17,79,101,1.2673267326732673,0.05430221465664193,534,"Ah, the new legal assistants!"
1428,6,15,80,101,1.2673267326732673,0.056095902868179386,534,"On second thought, maybe a pie chart would have worked out better."
1428,6,15,80,101,1.2673267326732673,0.056095902868179386,534,He needs his service pet in the conference room.
1428,5,17,79,101,1.2673267326732673,0.05430221465664193,534,Looks like Bob drank his lunch again.
1428,3,21,77,101,1.2673267326732673,0.050524161671972566,534,"No, I said get me a SNACK!"
1428,10,7,84,101,1.2673267326732673,0.06276009501679397,534,Welcome to the Trump campaign.
1428,4,19,78,101,1.2673267326732673,0.052447218368907034,534,Okay. But I asked for the Repp file.
1508,4,19,79,102,1.2647058823529411,0.051996577453028846,534,I see you've met the new manager.
1508,6,15,81,102,1.2647058823529411,0.05560501945291115,534,"Carl, bring your eel to work day is NEXT Friday!"
1508,5,17,80,102,1.2647058823529411,0.05383104241600498,534,Send it back. We already have enough snakes in this office.
1511,4,18,78,100,1.26,0.05245488682206027,534,Seen Bob? He stepped out for a smoke.
1511,5,16,79,100,1.26,0.054346438278284205,534,I think a simple Powerpoint would have been sufficient to illustrate our problems with economies of scale.
1511,3,20,77,100,1.26,0.050492523699008654,534,"Now, just as I complete our presentation and say ""As you can see, we have our arms around the biggest snake oil concept in history,"" you walk in. They´ll never forget our pitch."
1511,6,14,80,100,1.26,0.05617433182117573,534,He almost slipped away
1511,5,16,79,100,1.26,0.054346438278284205,534,Thank you for joining our legal team. Welcome to our floor.
1511,5,16,79,100,1.26,0.054346438278284205,534,That's not what I meant when I told you we needed to offer COBRA coverage.
1511,7,12,81,100,1.26,0.057944592134001244,534,Tony Robbins motivation course gets more exiting each year.
1511,5,16,79,100,1.26,0.054346438278284205,534,Has he eaten today
1511,3,20,77,100,1.26,0.050492523699008654,534,Looks like you got a huge tongue-lashing...
1511,6,14,80,100,1.26,0.05617433182117573,534,It's Take Our Daughters and Sons to Work Day. Pets are next week.
1511,6,14,80,100,1.26,0.05617433182117573,534,"I didn't say bring me 'a' slimy creature, I said bring me 'that' slimy creature - Boswell, in sales."
1511,3,20,77,100,1.26,0.050492523699008654,534,Not quite what I meant by scaling down...
1511,3,20,77,100,1.26,0.050492523699008654,534,And you get two lunch breaks per month.
1511,5,16,79,100,1.26,0.054346438278284205,534,I was talking about the programming language.
1511,5,16,79,100,1.26,0.054346438278284205,534,So that's your solution to the rodent problem?
1511,3,20,77,100,1.26,0.050492523699008654,534,"Great, now I'm really rattled."
1511,7,12,81,100,1.26,0.057944592134001244,534,"I said that I need to add a comma, not an anaconda."
1511,5,16,79,100,1.26,0.054346438278284205,534,Uh-oh. Bring-Your-Serpent-To-Work Day is tomorrow.
1511,5,16,79,100,1.26,0.054346438278284205,534,How's the Anaconda merger going?
1511,3,20,77,100,1.26,0.050492523699008654,534,"We've hit our scales target this time, boss"
1511,6,14,80,100,1.26,0.05617433182117573,534,Have either of you seen the boss today?
1511,7,12,81,100,1.26,0.057944592134001244,534,I thought I asked for a shark.
1511,6,14,80,100,1.26,0.05617433182117573,534,Are you sssssserious?
1511,6,14,80,100,1.26,0.05617433182117573,534,You found it in the Daycare Center?
1511,7,12,81,100,1.26,0.057944592134001244,534,No snacks on the trading floor!
1511,5,16,79,100,1.26,0.054346438278284205,534,Well that would explain why our rat infestation mysteriously solved itself last week.
1511,4,18,78,100,1.26,0.05245488682206027,534,Those guys in Accounting are such snak... Oh hey Bob!
1511,5,16,79,100,1.26,0.054346438278284205,534,It's the legal departments outreach program.
1511,5,16,79,100,1.26,0.054346438278284205,534,We’ve decided to wait on the snake—we’re still trying to figure out what to do with the two giraffes and the whale.
1511,7,12,81,100,1.26,0.057944592134001244,534,"The computer reports aren't ready, because he ate the mouse?"
1511,5,16,79,100,1.26,0.054346438278284205,534,We need you to stop that rattling.
1511,8,10,82,100,1.26,0.05966234959835189,534,You guys leaving for lunch already?
1511,5,16,79,100,1.26,0.054346438278284205,534,That's not the kind of boa I had in mind for the stag party.
1511,6,14,80,100,1.26,0.05617433182117573,534,"OK, if anyone votes ""no"" for my proposal, then let loose the snake. Got it?"
1511,4,18,78,100,1.26,0.05245488682206027,534,"Yes, this letter did ask you to consider a COBRA coverage plan."
1511,5,16,79,100,1.26,0.054346438278284205,534,I see you found the viper in our midst.
1511,5,16,79,100,1.26,0.054346438278284205,534,I meant a plumber's snake - for the restroom.
1511,4,18,78,100,1.26,0.05245488682206027,534,Not another intern for the legal department.
1511,5,16,79,100,1.26,0.054346438278284205,534,"Gee Whiz, I knew the computer had a virus, but the worm...?"
1511,5,16,79,100,1.26,0.054346438278284205,534,Get rid of that; the auditors are here.
1511,8,10,82,100,1.26,0.05966234959835189,534,"I said, ""caption contest"", not ""capture contest"" !"
1511,5,16,79,100,1.26,0.054346438278284205,534,What part of ‘Go to Nobu and get the nigiri’ didn’t you understand?
1511,6,14,80,100,1.26,0.05617433182117573,534,"Gentlemen, meet our new art critic."
1511,4,18,78,100,1.26,0.05245488682206027,534,"'Now that he has downsized the employee benefits department, does he have room for some auditors?'"
1511,4,18,78,100,1.26,0.05245488682206027,534,Not really what I had in mind when I asked for new ways to squeeze the budget.
1511,8,10,82,100,1.26,0.05966234959835189,534,Not an appropriate mascot for this firm.
1511,4,18,78,100,1.26,0.05245488682206027,534,"Actually, I ordered a medium rare STEAK for lunch."
1511,4,18,78,100,1.26,0.05245488682206027,534,quick— now put it in Jerry's coffee mug before he comes back
1511,3,20,77,100,1.26,0.050492523699008654,534,Can it scent inefficiencies?
1511,4,18,78,100,1.26,0.05245488682206027,534,"Well, no one's gonna steal your sushi from the fridge."
1511,5,16,79,100,1.26,0.054346438278284205,534,"Oh, good. I see you've already met our new CEO."
1511,7,12,81,100,1.26,0.057944592134001244,534,"No, you're right. I did ask for unagi."
1511,8,10,82,100,1.26,0.05966234959835189,534,We've heard you can turn this into oil and sell it.
1511,7,12,81,100,1.26,0.057944592134001244,534,We will continue to scale down the workforce
1511,3,20,77,100,1.26,0.050492523699008654,534,Our return policy is getting out of control!
1511,3,20,77,100,1.26,0.050492523699008654,534,You're gonna need a bigger apple.
1511,5,16,79,100,1.26,0.054346438278284205,534,I said ASAP!
1511,8,10,82,100,1.26,0.05966234959835189,534,"No, I meant the active COBRA insurance files!"
1511,4,18,78,100,1.26,0.05245488682206027,534,"So, that is the new HR director?"
1511,6,14,80,100,1.26,0.05617433182117573,534,There has got to be a slicker way to steal electricity.
1511,5,16,79,100,1.26,0.054346438278284205,534,"If anyone asks, she’s our mascot, not our retirement plan."
1511,9,8,83,100,1.26,0.061332015796125294,534,"The IT guy has said ""No"" to Apple, but I'm temped to try just one."
1511,6,14,80,100,1.26,0.05617433182117573,534,"Excuse me, but is that a Service Boa Constrictor?"
1511,6,14,80,100,1.26,0.05617433182117573,534,Memo from Accounting: no more bartering.
1511,6,14,80,100,1.26,0.05617433182117573,534,Looks like we hired a new attorney
1511,6,14,80,100,1.26,0.05617433182117573,534,"Sorry, 'Garden of Eden' is down the hall"
1511,5,16,79,100,1.26,0.054346438278284205,534,I said bring me the corporate SEAL.
1511,5,16,79,100,1.26,0.054346438278284205,534,I didn't think he would literally be a snake.
1511,6,14,80,100,1.26,0.05617433182117573,534,He's the new Director of Unhuman Resources.
1511,7,12,81,100,1.26,0.057944592134001244,534,The mouse is in the storage room.
1511,8,10,82,100,1.26,0.05966234959835189,534,"Guys, guys, guys... it's ""Bring-Your-Snake-to-Work-THURSDAYS, "" not Wednesdays."
1511,6,14,80,100,1.26,0.05617433182117573,534,It's smaller than I thought it would be.
1511,7,12,81,100,1.26,0.057944592134001244,534,Thought you could slide in late again unnoticed?
1511,3,20,77,100,1.26,0.050492523699008654,534,"Hmm, Just put it in the lunch room for now"
1585,5,16,80,101,1.2574257425742574,0.05386720993558593,534,"Route 1 to exit 22, sign for Eden. When you get to the orchard, ask the gardener' wife to sign for it."
1585,7,12,82,101,1.2574257425742574,0.057425742574257435,534,"No, no, no guys... I said we need a new new app, not asp!"
1587,6,13,79,98,1.2551020408163265,0.056757212101740374,534,I didn't realize we were so under water.
1587,2,21,75,98,1.2551020408163265,0.04878326949541945,534,"Just a couple of early birds with the proverbial worm, I imagine."
1587,5,15,78,98,1.2551020408163265,0.05487246750272069,534,Did you remember the extra wasabi?
1587,5,15,78,98,1.2551020408163265,0.05487246750272069,534,"Hey boss, it turns out that guy wasn't a rat. He was a snake!"
1587,8,9,81,98,1.2551020408163265,0.06035037694175203,534,The new campaign director's office is straight ahead.
1587,8,9,81,98,1.2551020408163265,0.06035037694175203,534,I heard that you guys were supporting Trump!
1587,6,13,79,98,1.2551020408163265,0.056757212101740374,534,Tell me you locked down the Ness account.
1587,6,13,79,98,1.2551020408163265,0.056757212101740374,534,"since we started Bring your pet to work day.we've lost 2 dags,one cat and 3 chickens"
1587,3,19,76,98,1.2551020408163265,0.05089401554591195,534,"No, I wanted you to pick up a FEATHER boa for my wife's birthday"
1587,4,17,77,98,1.2551020408163265,0.05292064109695132,534,Thanks for helping our new attorney find his desk.
1587,3,19,76,98,1.2551020408163265,0.05089401554591195,534,"That's a moray, alright."
1587,6,13,79,98,1.2551020408163265,0.056757212101740374,534,Internal audit here again?
1587,3,19,76,98,1.2551020408163265,0.05089401554591195,534,I take it that no one has accepted HR's severance package offer?
1587,3,19,76,98,1.2551020408163265,0.05089401554591195,534,We should have let Barney go when he was just a snake in the grass.
1587,4,17,77,98,1.2551020408163265,0.05292064109695132,534,So are the plumbing problems getting worse?
1587,7,11,80,98,1.2551020408163265,0.05858134994421645,534,Who ordered the Unagi?
1587,6,13,79,98,1.2551020408163265,0.056757212101740374,534,I said get me a big steak for lunch.
1587,6,13,79,98,1.2551020408163265,0.056757212101740374,534,You idiots. This is not the kind of snake I requested for clearing the plumbing in the bathroom.
1587,6,13,79,98,1.2551020408163265,0.056757212101740374,534,Check in with h.r. about special dietary needs.
1587,2,21,75,98,1.2551020408163265,0.04878326949541945,534,"No, I said to bring Morrie to the meeting."
1587,10,5,83,98,1.2551020408163265,0.0637413121018164,534,"'You captured Donald Trump?"""
1587,5,15,78,98,1.2551020408163265,0.05487246750272069,534,Thanks for the Amazon gift card.
1587,6,13,79,98,1.2551020408163265,0.056757212101740374,534,"I said, buy a plumbing snake!"
1587,8,9,81,98,1.2551020408163265,0.06035037694175203,534,The lawyers said no to show-and-tell Tuesdays.
1587,6,13,79,98,1.2551020408163265,0.056757212101740374,534,"As you requested, we've hired a new broker who better reflects company values."
1587,3,19,76,98,1.2551020408163265,0.05089401554591195,534,"No, no! I said, ""bring me a Steak sandwich!"""
1587,5,15,78,98,1.2551020408163265,0.05487246750272069,534,The memo said 'snacks' in the breakroom...
1587,5,15,78,98,1.2551020408163265,0.05487246750272069,534,"Whoa, whoa! I said you could bring a SNACK to the meeting..."
1587,3,19,76,98,1.2551020408163265,0.05089401554591195,534,Did we run out of snake oil again?
1587,3,19,76,98,1.2551020408163265,0.05089401554591195,534,"It's not about the idea, but how you scale it."
1587,5,15,78,98,1.2551020408163265,0.05487246750272069,534,Wait...isn't today pizza day?
1587,7,11,80,98,1.2551020408163265,0.05858134994421645,534,Your mistake was looking for a mole.
1587,3,19,76,98,1.2551020408163265,0.05089401554591195,534,Is it Bring Your Snake to Work Day again?
1587,6,13,79,98,1.2551020408163265,0.056757212101740374,534,Let's put him in the cubicle next to the lab rats.
1587,7,11,80,98,1.2551020408163265,0.05858134994421645,534,"Guys, I said ""STEAK"" sandwich!"
1587,5,15,78,98,1.2551020408163265,0.05487246750272069,534,"No, no, no. I said ""Bring me the deal, not the eel."""
1587,4,17,77,98,1.2551020408163265,0.05292064109695132,534,"in the spirit of Roger Ailes: ""Boys, it's not the size of your snake, it's how you leverage it."""
1587,2,21,75,98,1.2551020408163265,0.04878326949541945,534,Where's Barb? I thought I said stakeholders.
1587,4,17,77,98,1.2551020408163265,0.05292064109695132,534,I hope you brought enough A-1 Snake Sauce this time.
1587,6,13,79,98,1.2551020408163265,0.056757212101740374,534,That's not what I meant when I said we needed to get Python into our IT department.
1587,5,15,78,98,1.2551020408163265,0.05487246750272069,534,"I think you misunderstood me, I said this company needs a new feel"
1587,5,15,78,98,1.2551020408163265,0.05487246750272069,534,So now we're against nepotism?
1587,3,19,76,98,1.2551020408163265,0.05089401554591195,534,How long before the lobby aquarium is fixed?
1587,5,15,78,98,1.2551020408163265,0.05487246750272069,534,No! I said we need to put the BRAKES on over-spending!
1587,3,19,76,98,1.2551020408163265,0.05089401554591195,534,I see Jones wasn't the only snake in the office.
1632,2,21,76,99,1.2525252525252526,0.04835669864391352,534,Says here we were expecting a pair of these things...
1632,4,17,78,99,1.2525252525252526,0.05244670085248555,534,Comfort viper?
1632,5,15,79,99,1.2525252525252526,0.054376460841029636,534,"Sorry, but my CPR certification just expired about 5 minutes ago."
1632,6,13,80,99,1.2525252525252526,0.056240044068990115,534,Put him in the non-gender bathroom until he sheds...
1632,3,19,77,99,1.2525252525252526,0.05044316967661914,534,"No, I ordered the eel."
1632,5,15,79,99,1.2525252525252526,0.054376460841029636,534,The lawyer is here.
1632,6,13,80,99,1.2525252525252526,0.056240044068990115,534,"Did he abbreviate ""Bank of America"" again?"
1632,3,19,77,99,1.2525252525252526,0.05044316967661914,534,Anything reptilian goes to the government relations department.
1632,6,13,80,99,1.2525252525252526,0.056240044068990115,534,"If it runs third-party, we're in trouble."
1632,3,19,77,99,1.2525252525252526,0.05044316967661914,534,I think you guys are taking this fresh sushi kick too far.
1642,3,18,76,97,1.2474226804123711,0.05083268794669077,534,""" I see you've gone quite far back in the archives ""."
1642,4,16,77,97,1.2474226804123711,0.05290310762316375,534,Didn't you get the email? 'Take-your-boa-constrictor-to-work' day is TOMORROW!
1642,3,18,76,97,1.2474226804123711,0.05083268794669077,534,I am having second thoughts about this zoo merger.
1642,3,18,76,97,1.2474226804123711,0.05083268794669077,534,They're downsizing the koi pond too?
1642,3,18,76,97,1.2474226804123711,0.05083268794669077,534,Just let him down I am going to get rid of the Mole in this office once and for all.
1642,5,14,78,97,1.2474226804123711,0.054895495520948266,534,Donald said he caught it with a paper clip.
1642,5,14,78,97,1.2474226804123711,0.054895495520948266,534,I don't think that's what he meant by 'find the snake in the office'
1642,4,16,77,97,1.2474226804123711,0.05290310762316375,534,And I thought our last boss was venomous.
1642,4,16,77,97,1.2474226804123711,0.05290310762316375,534,No no. I asked you to retrieve EEL - the Employee Evaluation List
1642,6,12,79,97,1.2474226804123711,0.05681806104393969,534,"I said "" a large pie, Tom"""
1642,5,14,78,97,1.2474226804123711,0.054895495520948266,534,Don't look at me. I ordered a jumbo milk shake.
1642,1,22,74,97,1.2474226804123711,0.04641561051285256,534,Talk about cold-blooded in the workplace!
1642,6,12,79,97,1.2474226804123711,0.05681806104393969,534,He'll never wiggle out of this one. He hasn't got a let to stand on.
1642,7,10,80,97,1.2474226804123711,0.05867766775439582,534,...but we ordered it WITH the bun.
1642,4,16,77,97,1.2474226804123711,0.05290310762316375,534,"Take him down to Legal Affairs, he's the new hire."
1642,4,16,77,97,1.2474226804123711,0.05290310762316375,534,"You forgot the wasabi again, didn't you?"
1642,3,18,76,97,1.2474226804123711,0.05083268794669077,534,I told you their sushi was fresh
1642,7,10,80,97,1.2474226804123711,0.05867766775439582,534,Snail mail or Email only. No compromise. Take the eel back.
1642,5,14,78,97,1.2474226804123711,0.054895495520948266,534,Old Nessie is having trouble at home. Told him he could crash with us until he finds his feet.
1642,4,16,77,97,1.2474226804123711,0.05290310762316375,534,So that's what was clogging the copier !
1642,5,14,78,97,1.2474226804123711,0.054895495520948266,534,"OK, let's run it up the flagpole and see who salutes."
1642,2,20,75,97,1.2474226804123711,0.04867427998012128,534,They'll be an opening for partner I guess
1642,6,12,79,97,1.2474226804123711,0.05681806104393969,534,"Darrin, the clients are waiting for you!! Where's Mr. Tate?"
1642,8,8,81,97,1.2474226804123711,0.06048012339105856,534,It's for the corporate retreat--we're playing 'Snakes and Ladders' to see who gets promoted.
1642,1,22,74,97,1.2474226804123711,0.04641561051285256,534,We already jumped the shark.
1642,2,20,75,97,1.2474226804123711,0.04867427998012128,534,"Well, that will make a ""striking"" powerpoint presentation."
1642,3,18,76,97,1.2474226804123711,0.05083268794669077,534,I see your 10:00 o'clock has arrived!
1642,5,14,78,97,1.2474226804123711,0.054895495520948266,534,"Good morning Sir. After you're finished in Hair and Makeup, we have your coffee and Mr. Priebus waiting for you in your office."
1642,4,16,77,97,1.2474226804123711,0.05290310762316375,534,Perfect timing. He just went in the third stall.
1642,5,14,78,97,1.2474226804123711,0.054895495520948266,534,"After losing the bet, I thought we agreed I'd wear a feather boa around my neck?"
1642,4,16,77,97,1.2474226804123711,0.05290310762316375,534,"Great work. Now put it in Johnson's cubicle. If he quits before noon, you'll get his job."
1642,6,12,79,97,1.2474226804123711,0.05681806104393969,534,What do you mean this is the new Epi-Pen?
1642,4,16,77,97,1.2474226804123711,0.05290310762316375,534,"Sir, he said to pick the Apple but we only have PCs."
1642,5,14,78,97,1.2474226804123711,0.054895495520948266,534,Thanksss for the promotion bossss
1642,3,18,76,97,1.2474226804123711,0.05083268794669077,534,"Uhm, guys, thats not sushi."
1642,4,16,77,97,1.2474226804123711,0.05290310762316375,534,"Mr. Wiggles, I presume."
1642,6,12,79,97,1.2474226804123711,0.05681806104393969,534,No need to tell security about the office party.
1642,3,18,76,97,1.2474226804123711,0.05083268794669077,534,Paging Dr. Freud.
1642,5,14,78,97,1.2474226804123711,0.054895495520948266,534,The corporate lawyer is needed in conference room 4.
1642,2,20,75,97,1.2474226804123711,0.04867427998012128,534,"I appreciate the accounting department's team spirit, but let's call some real plumbers."
1642,5,14,78,97,1.2474226804123711,0.054895495520948266,534,I specifically asked for a ladder.
1642,5,14,78,97,1.2474226804123711,0.054895495520948266,534,Sushi for lunch?
1642,5,14,78,97,1.2474226804123711,0.054895495520948266,534,We need to revisit the company's Casual Friday policy.
1642,3,18,76,97,1.2474226804123711,0.05083268794669077,534,"Oh my god, NO! I said a giant cake, not a giant snake."
1642,5,14,78,97,1.2474226804123711,0.054895495520948266,534,"Remember, company policy forbids long lunches..."
1642,3,18,76,97,1.2474226804123711,0.05083268794669077,534,"Must I remind you, that we have a no-gift policy."
1642,6,12,79,97,1.2474226804123711,0.05681806104393969,534,"No, damn it, I told you to haul MOREY into the office."
1642,1,22,74,97,1.2474226804123711,0.04641561051285256,534,"'Sorry,fellas -- Bring-your-pet-to-work-day is tomorrow."
1642,6,12,79,97,1.2474226804123711,0.05681806104393969,534,"No,"" I said ,""Get the accountant,Anna Conda!"
1642,2,20,75,97,1.2474226804123711,0.04867427998012128,534,The new lawyer joke is here.
1642,5,14,78,97,1.2474226804123711,0.054895495520948266,534,Let's try to squeeze our client.
1642,1,22,74,97,1.2474226804123711,0.04641561051285256,534,I think your pitch is too aggressive.
1642,3,18,76,97,1.2474226804123711,0.05083268794669077,534,Loch Ness is old news
1642,4,16,77,97,1.2474226804123711,0.05290310762316375,534,Rats!
1642,4,16,77,97,1.2474226804123711,0.05290310762316375,534,Obviously you didn't bother to read the memo about what not to bring to the meeting.
1642,3,18,76,97,1.2474226804123711,0.05083268794669077,534,I knew Johnson was a snake in the grass!
1642,6,12,79,97,1.2474226804123711,0.05681806104393969,534,Get Mr. Trump to make-up right away. He looks awful!
1642,3,18,76,97,1.2474226804123711,0.05083268794669077,534,I did say we need to frighten the competition.
1642,5,14,78,97,1.2474226804123711,0.054895495520948266,534,"He's fired, and exactly how did he sexually harass Ms. Gordy?"
1642,5,14,78,97,1.2474226804123711,0.054895495520948266,534,Your replacement sir!
1642,4,16,77,97,1.2474226804123711,0.05290310762316375,534,Send the survivors to Conference Room B.
1642,6,12,79,97,1.2474226804123711,0.05681806104393969,534,People just don’t appreciate a good practical joke anymore.
1642,4,16,77,97,1.2474226804123711,0.05290310762316375,534,"I'm not sure this is what she meant by ""animating your data presentation""."
1642,7,10,80,97,1.2474226804123711,0.05867766775439582,534,When I said get that snake out of here I meant the lawyer... Go put Leon back in his office...
1642,6,12,79,97,1.2474226804123711,0.05681806104393969,534,We've got to hire a new cleaning lady.
1642,4,16,77,97,1.2474226804123711,0.05290310762316375,534,I think that's the adder they have been looking for in accounting.
1642,4,16,77,97,1.2474226804123711,0.05290310762316375,534,That is not an excuse for not wearing your jackets in the office.
1642,5,14,78,97,1.2474226804123711,0.054895495520948266,534,Is that the new applicant for legal?
1642,6,12,79,97,1.2474226804123711,0.05681806104393969,534,I wrote that I wanted a Poisson distribution...
1642,4,16,77,97,1.2474226804123711,0.05290310762316375,534,Head straight to compliance.
1642,5,14,78,97,1.2474226804123711,0.054895495520948266,534,He'll be finished with Jeff in time for the board meeting.
1642,3,18,76,97,1.2474226804123711,0.05083268794669077,534,It's about time someone got their hands on that snake in accounting.
1642,4,16,77,97,1.2474226804123711,0.05290310762316375,534,"We'll make him ""of counsel""."
1642,5,14,78,97,1.2474226804123711,0.054895495520948266,534,"Well, I guess she's better than Trump..."
1642,4,16,77,97,1.2474226804123711,0.05290310762316375,534,"First office on the left, for the New Yorker cartoonist."
1642,6,12,79,97,1.2474226804123711,0.05681806104393969,534,I always heard your boss could be a real snake.
1642,4,16,77,97,1.2474226804123711,0.05290310762316375,534,"Ummm, legal is on the second floor."
1642,2,20,75,97,1.2474226804123711,0.04867427998012128,534,"team meeting in 5, lose the fish"
1642,5,14,78,97,1.2474226804123711,0.054895495520948266,534,"Ah, yes. Deliver the snake to the office of the Vice President-who-must-not-be-named."
1642,3,18,76,97,1.2474226804123711,0.05083268794669077,534,"Hey guys, ""Tread Upon"" claims go to the fourth floor."
1642,4,16,77,97,1.2474226804123711,0.05290310762316375,534,Updating Python again?
1723,4,16,78,98,1.2448979591836735,0.052421330536158,534,This is not what I meant when I said we need to shake up our Monday morning meetings
1723,2,20,76,98,1.2448979591836735,0.048241154875598914,534,"When I said, ""Fresh Sushi"", this was NOT what I had in mind."
1723,3,18,77,98,1.2448979591836735,0.0503746211842464,534,"Well, you can tell the boss we have a message for him too."
1723,6,12,80,98,1.2448979591836735,0.05629194228866812,534,"Don't tell me, he ate another accountant. Well, pull him out and file a worker's comp claim."
1723,6,12,80,98,1.2448979591836735,0.05629194228866812,534,"Com'on, guys. It's the new guy's first day."
1723,5,14,79,98,1.2448979591836735,0.0543910776773722,534,We lost another one to team-building.
1723,8,8,82,98,1.2448979591836735,0.05991301726737148,534,Recruiting poached from Amazon as requested sir
1723,7,10,81,98,1.2448979591836735,0.05813068210812211,534,"You make a wonderful couple, but this ""bring-your-pet-to-work-day"" has gone too far."
1723,3,18,77,98,1.2448979591836735,0.0503746211842464,534,"No, I ordered the pastrami."
1723,4,16,78,98,1.2448979591836735,0.052421330536158,534,"Bold thinking, boys, but a hundred and twelve batteries?"
1723,6,12,80,98,1.2448979591836735,0.05629194228866812,534,Yee Haa! Take-out sashimi for the whole office.
1723,6,12,80,98,1.2448979591836735,0.05629194228866812,534,That won't work. Only a live snake can apply for the CFO position.
1723,3,18,77,98,1.2448979591836735,0.0503746211842464,534,Bring Your Pet to Work Day is tomorrow.
1723,3,18,77,98,1.2448979591836735,0.0503746211842464,534,"It's okay, Morrie. I felt like a fish out of water my first day, too."
1737,4,15,76,95,1.2421052631578948,0.053365543013411613,534,You'll be surprised at which of you interns is being kept on.
1737,5,13,77,95,1.2421052631578948,0.05542423068342733,534,The paper jam is over there.
1737,4,15,76,95,1.2421052631578948,0.053365543013411613,534,"Guys, Frank brought in sushi for last week's staff meeting."
1737,4,15,76,95,1.2421052631578948,0.053365543013411613,534,"Great, sushi Friday! See you in the break room."
1737,7,9,79,95,1.2421052631578948,0.05932768054050935,534,He's looking for Apple's headquarters.
1737,6,11,78,95,1.2421052631578948,0.05740914136775824,534,"Fine. One more week, but not in my office."
1737,5,13,77,95,1.2421052631578948,0.05542423068342733,534,Bring me one that can stand on its own two feet.
1737,7,9,79,95,1.2421052631578948,0.05932768054050935,534,I think he asked if you wanted to sell your stake in the company.
1737,4,15,76,95,1.2421052631578948,0.053365543013411613,534,"This isn't what the boss mean by 'building a better mousetrap."""
1737,4,15,76,95,1.2421052631578948,0.053365543013411613,534,"Oh, I'd heard a new CEO was being brought in."
1737,0,23,72,95,1.2421052631578948,0.04418172153936913,534,"So you're representing Cobra, Corral & King?"
1737,3,17,75,95,1.2421052631578948,0.051224183891818154,534,Our research indicates the market wants more snake oil.
1737,6,11,78,95,1.2421052631578948,0.05740914136775824,534,"Yes, Mr. Chairman. Right away, sir."
1737,3,17,75,95,1.2421052631578948,0.051224183891818154,534,We didn't literally mean we need our new CEO to be a snake.
1737,4,15,76,95,1.2421052631578948,0.053365543013411613,534,Who knew snake oil would boom again.
1737,4,15,76,95,1.2421052631578948,0.053365543013411613,534,They don't call it The Big Apple for nothing!
1737,1,21,73,95,1.2421052631578948,0.046647493865328245,534,Throw him in the executive office. That place is a viper pit.
1737,5,13,77,95,1.2421052631578948,0.05542423068342733,534,We don't let the C.E.O. out of his cage until after lunch.
1737,3,17,75,95,1.2421052631578948,0.051224183891818154,534,"Welcome, Sir. It's always nice to meet a new CEO."
1737,4,15,76,95,1.2421052631578948,0.053365543013411613,534,I see the deli's expanded their menu.
1737,4,15,76,95,1.2421052631578948,0.053365543013411613,534,Is that our new tort expert?
1737,7,9,79,95,1.2421052631578948,0.05932768054050935,534,Boss says to get The Donald into hair and makeup right now!
1737,3,17,75,95,1.2421052631578948,0.051224183891818154,534,I asked for somebody who knows [underline knows] Python.
1737,2,19,74,95,1.2421052631578948,0.048989313627048496,534,"When I said ""We need to scale up the business"", this isn't what I meant."
1737,5,13,77,95,1.2421052631578948,0.05542423068342733,534,Corner office...
1737,4,15,76,95,1.2421052631578948,0.053365543013411613,534,"Good morning gentlemen, you can show Jake to his new office in sales."
1737,6,11,78,95,1.2421052631578948,0.05740914136775824,534,Your final interview is with Mr. Mongoose.
1737,8,7,80,95,1.2421052631578948,0.061186091916792786,534,You've been sss-served.
1737,5,13,77,95,1.2421052631578948,0.05542423068342733,534,"No, you got it wrong. The Donald said, ""Bring in Sir Pence for an interview."""
1737,5,13,77,95,1.2421052631578948,0.05542423068342733,534,"Don't forget to recycle the giant, fake can of nuts."
1737,2,19,74,95,1.2421052631578948,0.048989313627048496,534,"Um, the boss sent you out to get new 'wipers.'"
1737,3,17,75,95,1.2421052631578948,0.051224183891818154,534,Your right. He IS our last best American hope for this year's Presidential election!
1737,4,15,76,95,1.2421052631578948,0.053365543013411613,534,Put him in Accounts Receivable.
1737,1,21,73,95,1.2421052631578948,0.046647493865328245,534,Meet our new expert on sliding scales.
1737,5,13,77,95,1.2421052631578948,0.05542423068342733,534,"He looks hungry, stick him in the manager’s office."
1737,6,11,78,95,1.2421052631578948,0.05740914136775824,534,Is it Take-Your-Anaconda-To-Work-Day already?
1737,2,19,74,95,1.2421052631578948,0.048989313627048496,534,And tell the zoo they get their snake back when we get paid in cash.
1737,4,15,76,95,1.2421052631578948,0.053365543013411613,534,Quick! Get Stanley back to research and development immediately!
1737,3,17,75,95,1.2421052631578948,0.051224183891818154,534,So THAT'S why they put mice in the vending machine.
1737,5,13,77,95,1.2421052631578948,0.05542423068342733,534,"Now, that's an aggressive choice."
1737,4,15,76,95,1.2421052631578948,0.053365543013411613,534,I don't care if he's exhausted from leading the forked-tongue strategy. It's working and we need to keep scaling up.
1737,3,17,75,95,1.2421052631578948,0.051224183891818154,534,Did he pass the background check?
1737,6,11,78,95,1.2421052631578948,0.05740914136775824,534,Do you think you can just slither in here any time you feel like it?
1737,4,15,76,95,1.2421052631578948,0.053365543013411613,534,We need to narrow down the applicants somehow.
1737,6,11,78,95,1.2421052631578948,0.05740914136775824,534,This place is officially a rat trap.
1737,4,15,76,95,1.2421052631578948,0.053365543013411613,534,"It does seem you have exposed a snake in our midst, but I was speaking metaphorically."
1737,4,15,76,95,1.2421052631578948,0.053365543013411613,534,That's one idea that I DON'T think should be outside the box!
1737,3,17,75,95,1.2421052631578948,0.051224183891818154,534,Take him to our Legal Department !
1737,5,13,77,95,1.2421052631578948,0.05542423068342733,534,"If I wanted you to bring me a politician, I would have asked for one."
1737,3,17,75,95,1.2421052631578948,0.051224183891818154,534,This is not an ad for a civil serpent?
1737,4,15,76,95,1.2421052631578948,0.053365543013411613,534,"Well, the interns listened, I did order unagi."
1737,3,17,75,95,1.2421052631578948,0.051224183891818154,534,Sales meeting over?
1737,3,17,75,95,1.2421052631578948,0.051224183891818154,534,"I told you guys to get the boss a big ""Cake"" for his birthday."
1737,5,13,77,95,1.2421052631578948,0.05542423068342733,534,The audit is in the conference room.
1737,3,17,75,95,1.2421052631578948,0.051224183891818154,534,Good - maybe now Edwards will get out of that rabbit's costume and get back to work.
1737,3,17,75,95,1.2421052631578948,0.051224183891818154,534,Collections? To the right.
1737,3,17,75,95,1.2421052631578948,0.051224183891818154,534,"If that's for me, you two are lousy at surprises."
1737,7,9,79,95,1.2421052631578948,0.05932768054050935,534,I'll miss the Finance Department.
1737,4,15,76,95,1.2421052631578948,0.053365543013411613,534,"Third party candidate, sure, why not."
1737,7,9,79,95,1.2421052631578948,0.05932768054050935,534,I've had it with these motherf@$!$@ snakes on my motherf@%#!*# campaign.
1737,6,11,78,95,1.2421052631578948,0.05740914136775824,534,"Now remember, don't come in until you hear me say, ""My anaconda don't want none unless you got funds, hun."""
1737,5,13,77,95,1.2421052631578948,0.05542423068342733,534,No more catching Pokémon on company time.
1737,6,11,78,95,1.2421052631578948,0.05740914136775824,534,Says here he's the new head of HR. I'd say it's time to update that LinkedIn profile.
1737,1,21,73,95,1.2421052631578948,0.046647493865328245,534,"Yes,I said fresh sushi,but...."
1737,3,17,75,95,1.2421052631578948,0.051224183891818154,534,Meet Wanda. The property management's answer to rising pest control costs.
1737,3,17,75,95,1.2421052631578948,0.051224183891818154,534,What is the genesis of this?
1737,4,15,76,95,1.2421052631578948,0.053365543013411613,534,You guys scared me... I thought that was my ex-wife's lawyer!
1737,6,11,78,95,1.2421052631578948,0.05740914136775824,534,I know a good salesman when I see one. Let's interview in conference Room A.
1737,5,13,77,95,1.2421052631578948,0.05542423068342733,534,No one beats you guys when it comes to novel birthday cakes.
1737,4,15,76,95,1.2421052631578948,0.053365543013411613,534,Put him in forbidden fruit sales
1737,1,21,73,95,1.2421052631578948,0.046647493865328245,534,You guys really need to learn to take things less literally.
1737,5,13,77,95,1.2421052631578948,0.05542423068342733,534,The snake we need is for the clogged drain!
1737,2,19,74,95,1.2421052631578948,0.048989313627048496,534,"Now, squeeze more out of our customers."
1737,3,17,75,95,1.2421052631578948,0.051224183891818154,534,Where do you want us to loch Nessie?
1737,4,15,76,95,1.2421052631578948,0.053365543013411613,534,We only allow service snakes in this office.
1737,4,15,76,95,1.2421052631578948,0.053365543013411613,534,"I said a pithy presentation, not a python presentation."
1737,1,21,73,95,1.2421052631578948,0.046647493865328245,534,Put that thing down and find out where our interns disappeared to!
1737,4,15,76,95,1.2421052631578948,0.053365543013411613,534,Not what I had in mind when I said we'd strangle the competition...
1737,4,15,76,95,1.2421052631578948,0.053365543013411613,534,Tempting!
1737,3,17,75,95,1.2421052631578948,0.051224183891818154,534,"Pet Day problem finito, Boss."
1737,4,15,76,95,1.2421052631578948,0.053365543013411613,534,These tax codes are getting harder and harder to understand.
1737,1,21,73,95,1.2421052631578948,0.046647493865328245,534,Wait! Did it get a chance to bite Mallory?
1737,5,13,77,95,1.2421052631578948,0.05542423068342733,534,"Under ""S"" for ""snake"" with a cross reference under ""R"" for ""reptile."""
1737,6,11,78,95,1.2421052631578948,0.05740914136775824,534,What's that guy's name in the Mail Room?
1737,4,15,76,95,1.2421052631578948,0.053365543013411613,534,"By the snake, I meant Jim..."
1737,4,15,76,95,1.2421052631578948,0.053365543013411613,534,Try to be more subtle. The interns' parents are starting to ask questions.
1737,4,15,76,95,1.2421052631578948,0.053365543013411613,534,That goes to the arbitration room.
1737,4,15,76,95,1.2421052631578948,0.053365543013411613,534,Bring Your Pet to Work Day is NEXT Friday.
1737,1,21,73,95,1.2421052631578948,0.046647493865328245,534,"Oh, I see you got the memo."
1737,2,19,74,95,1.2421052631578948,0.048989313627048496,534,"Umm, we need to reconsider ""Bring Your Pet to Work Day"""
1737,4,15,76,95,1.2421052631578948,0.053365543013411613,534,"On second thought, I'm not comfortable working in Python."
1737,5,13,77,95,1.2421052631578948,0.05542423068342733,534,"This was sent from a dissatisfied customer who accused us of ""speaking with a forked tongue"""
1737,3,17,75,95,1.2421052631578948,0.051224183891818154,534,Big plumbing problem?
1737,3,17,75,95,1.2421052631578948,0.051224183891818154,534,Fairly sure that's not what the boss meant when she told you guys to think outside the box.
1737,3,17,75,95,1.2421052631578948,0.051224183891818154,534,"Yes, I know he's a snake; that's why he was promoted. Take him up to his new top floor office."
1737,5,13,77,95,1.2421052631578948,0.05542423068342733,534,Sushi for Today's Lunch & Learn
1737,6,11,78,95,1.2421052631578948,0.05740914136775824,534,"To be clear, your termination was not a result of you refusing to identify with a gender."
1737,3,17,75,95,1.2421052631578948,0.051224183891818154,534,"Gentlemen, I think the Monday sushi special has run its course."
1737,4,15,76,95,1.2421052631578948,0.053365543013411613,534,That thing doesn't belong here! Take it right up to the executive suite.
1737,2,19,74,95,1.2421052631578948,0.048989313627048496,534,I called corporate. Just put him in the grass.
1737,5,13,77,95,1.2421052631578948,0.05542423068342733,534,I asked you to pick up a birthday CAKE.
1737,3,17,75,95,1.2421052631578948,0.051224183891818154,534,I see the diversity training is working.
1737,4,15,76,95,1.2421052631578948,0.053365543013411613,534,"Even if he is well-mannered, you still should have spell checked the part about ""qualified civil servants."""
1737,4,15,76,95,1.2421052631578948,0.053365543013411613,534,"I said : ""Bring in a big deal""!"
1737,4,15,76,95,1.2421052631578948,0.053365543013411613,534,Jim and Steve felt it necessary to resort to a visual aid to demonstrate their level of trust in the team leader.
1737,5,13,77,95,1.2421052631578948,0.05542423068342733,534,But I asked for a lawyer!
1843,3,17,76,96,1.2395833333333333,0.05075048972770943,534,Sales is down the hallway on your left
1843,5,13,78,96,1.2395833333333333,0.054901809613439975,534,"Believe me guys, I am certain that he said ""Bring me a ""DEAL"" that I can't refuse."""
1845,5,11,73,89,1.2359550561797752,0.05766673633560064,534,Not another campaign director!
1846,3,16,75,94,1.2340425531914894,0.051126705741835796,534,"I said ""turpentine!"""
1846,4,14,76,94,1.2340425531914894,0.053317170212019274,534,This is Miss Hissy from the secretarial pool.
1846,3,16,75,94,1.2340425531914894,0.051126705741835796,534,Do not hire that sorcerer again for office parties.
1846,4,14,76,94,1.2340425531914894,0.053317170212019274,534,Don't be such an asp about it.
1846,5,12,77,94,1.2340425531914894,0.05542112628612492,534,Bring your eel to work was last week
1846,3,16,75,94,1.2340425531914894,0.051126705741835796,534,"I came to sign the deal, not an eel."
1846,3,16,75,94,1.2340425531914894,0.051126705741835796,534,Our new Vice-President of Acquisitions--Monty Something.
1846,5,12,77,94,1.2340425531914894,0.05542112628612492,534,"Oh no, not another 'power lunch'"
1846,3,16,75,94,1.2340425531914894,0.051126705741835796,534,I said I plan to tell the shareholders this afternoon that I have the largest stake in this company.
1846,3,16,75,94,1.2340425531914894,0.051126705741835796,534,We're scaling down our business
1846,3,16,75,94,1.2340425531914894,0.051126705741835796,534,Is that one of those Pokemon thingies?
1846,6,10,78,94,1.2340425531914894,0.05744807949990823,534,I see you've found the problem!
1846,3,16,75,94,1.2340425531914894,0.051126705741835796,534,That must be the new customer service manager.
1846,4,14,76,94,1.2340425531914894,0.053317170212019274,534,Are you sure he's the best stock picker you can find for our hedge fund?
1846,5,12,77,94,1.2340425531914894,0.05542112628612492,534,Is he friendly?
1846,5,12,77,94,1.2340425531914894,0.05542112628612492,534,I'm not sure performing 'Anaconda' is the best choice for the office talent show.
1846,6,10,78,94,1.2340425531914894,0.05744807949990823,534,No one else is voting Trump?
1846,5,12,77,94,1.2340425531914894,0.05542112628612492,534,Impressive. Does your congregation speak in tongues as well?
1846,7,8,79,94,1.2340425531914894,0.059405912480433684,534,Why the long snake?
1846,5,12,77,94,1.2340425531914894,0.05542112628612492,534,Bring him straight to the debate room.
1846,6,10,78,94,1.2340425531914894,0.05744807949990823,534,"Quick, get Mr. Trump into his office before the press see him."
1846,3,16,75,94,1.2340425531914894,0.051126705741835796,534,The boss says his baby goat is missing.
1846,5,12,77,94,1.2340425531914894,0.05542112628612492,534,That's for his retirement party? I would have chosen a barracuda!
1846,5,12,77,94,1.2340425531914894,0.05542112628612492,534,Bring your boa to work Friday is it?
1846,3,16,75,94,1.2340425531914894,0.051126705741835796,534,I wondered how they were going to break up the banks.
1846,4,14,76,94,1.2340425531914894,0.053317170212019274,534,"""He gets the corner office""."
1846,4,14,76,94,1.2340425531914894,0.053317170212019274,534,What do you mean this is part of our ADA compliance program?
1846,3,16,75,94,1.2340425531914894,0.051126705741835796,534,Just flush it down the toilet
1846,4,14,76,94,1.2340425531914894,0.053317170212019274,534,I recommend binding arbitration.
1846,5,12,77,94,1.2340425531914894,0.05542112628612492,534,What did I say about pets at work.
1846,5,12,77,94,1.2340425531914894,0.05542112628612492,534,"'Go home snake, you're drunk.'"
1846,2,18,74,94,1.2340425531914894,0.04883809415412414,534,"We've combined our pest control and security budgets. Besides, I'm allergic to cats."
1846,4,14,76,94,1.2340425531914894,0.053317170212019274,534,...and human resources thought we were exaggerating.
1846,3,16,75,94,1.2340425531914894,0.051126705741835796,534,Is it customer service training day already?
1846,5,12,77,94,1.2340425531914894,0.05542112628612492,534,Sticking your tongue out won't make us change our minds about laying you off.
1846,4,14,76,94,1.2340425531914894,0.053317170212019274,534,"Just tell him we'll forward his resume to HR, and they will get back to him."
1846,3,16,75,94,1.2340425531914894,0.051126705741835796,534,That looks like a white-fanged creature. This purchase order specifies Bluetooth.
1846,6,10,78,94,1.2340425531914894,0.05744807949990823,534,He wasn't being politically correct. He ate the Boss.
1846,4,14,76,94,1.2340425531914894,0.053317170212019274,534,This is the last time I come into work on Saturday.
1846,6,10,78,94,1.2340425531914894,0.05744807949990823,534,It's his current choice to head up his campaign!
1846,7,8,79,94,1.2340425531914894,0.059405912480433684,534,"I see the new VP speaks with forked tongue, Kemosaba!"
1846,2,18,74,94,1.2340425531914894,0.04883809415412414,534,Here are the Senator's revised talking points.
1846,5,12,77,94,1.2340425531914894,0.05542112628612492,534,"How in the Sam Hill could you possibly misunderstand ""Assign one of the interns to feed the snake""?"
1846,2,18,74,94,1.2340425531914894,0.04883809415412414,534,The boss says he's found a new way to scare off competition.
1846,4,14,76,94,1.2340425531914894,0.053317170212019274,534,There's one in the men's room too.
1846,5,12,77,94,1.2340425531914894,0.05542112628612492,534,You guys didn't get the memo?
1846,3,16,75,94,1.2340425531914894,0.051126705741835796,534,That's not what I meant by running a snake through the pipes.
1846,5,12,77,94,1.2340425531914894,0.05542112628612492,534,We think it originally belonged to Eve.
1846,4,14,76,94,1.2340425531914894,0.053317170212019274,534,Good work men! I thought you'd find it on Hillary's server.
1846,5,12,77,94,1.2340425531914894,0.05542112628612492,534,Is that a female snake? The board says the next snake must be female.
1846,6,10,78,94,1.2340425531914894,0.05744807949990823,534,I asked you to bring me a STEAK.
1897,4,14,77,95,1.231578947368421,0.05281044634128144,534,"No,I said I wanted to see Beau Strichter. He's in accounting."
1897,3,16,76,95,1.231578947368421,0.05064562248636977,534,Now we may be able to get rid of all those mice.
1897,6,10,79,95,1.231578947368421,0.0568935108270911,534,....first time I've ever seen a winner of the primaries looking THIS bad....
1897,6,10,79,95,1.231578947368421,0.0568935108270911,534,Secret Santa is less fun since we let the lawyers in.
1897,3,16,76,95,1.231578947368421,0.05064562248636977,534,No! I asked for a large steak.
1897,6,10,79,95,1.231578947368421,0.0568935108270911,534,This must be the applicant from the monster posting.
1897,2,18,75,95,1.231578947368421,0.04838403570702222,534,What did I tell you guys about bartering?
1897,1,20,74,95,1.231578947368421,0.04601141972994224,534,"Obviously, you don't understand the 'Bring your Pet to work day' concept."
1897,5,12,78,95,1.231578947368421,0.05488995726450194,534,"I know it works for Loch Ness, but surely there's a better way to raise our profile."
1897,4,14,77,95,1.231578947368421,0.05281044634128144,534,We may have solved the mystery of the disappearance of that clerical in cubical 16.
1897,5,12,78,95,1.231578947368421,0.05488995726450194,534,Just make sure Legal doesn't see it.
1897,5,12,78,95,1.231578947368421,0.05488995726450194,534,The ol' snake in the can gag! You guys in Creative crack me up
1909,5,11,76,92,1.2282608695652173,0.05594871053561892,534,YOU THE GUY WITH THE MOUSE PROBLEM ?
1909,5,11,76,92,1.2282608695652173,0.05594871053561892,534,We thought an office pet would improve morale.
1909,4,13,75,92,1.2282608695652173,0.05377142984298545,534,There has to be a better way to get rid of our rat problem.
1909,6,9,77,92,1.2282608695652173,0.05804437745241002,534,The new VP! Get him a rock in the sun -- quick!
1909,4,13,75,92,1.2282608695652173,0.05377142984298545,534,The basilisk gets Manafort's old office.
1909,5,11,76,92,1.2282608695652173,0.05594871053561892,534,"Thanks, men. It's the mascot for our new slogan: ""the thrill of victory, the agony of no feet."""
1909,5,11,76,92,1.2282608695652173,0.05594871053561892,534,Another executive at Fox bit the dust.
1909,3,15,74,92,1.2282608695652173,0.0515021856246872,534,"Be gentle with him. He may have made a mistake or two, but he's been a loyal employee."
1909,2,17,73,92,1.2282608695652173,0.04912823608557881,534,So you're taking him to Legal?
1909,6,9,77,92,1.2282608695652173,0.05804437745241002,534,"No, i said find the big fissure in the corporate firewall."
1909,0,21,71,92,1.2282608695652173,0.04399773283251796,534,Will she play nice with the furry ones?
1909,2,17,73,92,1.2282608695652173,0.04912823608557881,534,Is this his new political advisor or was it just fired?
1909,4,13,75,92,1.2282608695652173,0.05377142984298545,534,We found him in the office having lunch with Adam and Eve.
1909,4,13,75,92,1.2282608695652173,0.05377142984298545,534,"I know we are in the business of selling snake oil, but not the whole snake."
1909,3,15,74,92,1.2282608695652173,0.0515021856246872,534,"I said ""on accounta"" not anaconda."
1909,5,11,76,92,1.2282608695652173,0.05594871053561892,534,Our new mascot?
1909,4,13,75,92,1.2282608695652173,0.05377142984298545,534,"No, sir, I’ve never been tempted."
1909,2,17,73,92,1.2282608695652173,0.04912823608557881,534,Welcome to the Marketing Department! We were all super impressed with your Garden of Eden campaign.
1909,3,15,74,92,1.2282608695652173,0.0515021856246872,534,A serpent? Not cold-blooded enough for our campaign.
1909,3,15,74,92,1.2282608695652173,0.0515021856246872,534,I always get nervous when our lawyer visits.
1909,5,11,76,92,1.2282608695652173,0.05594871053561892,534,I heard there was a snake in the boardroom.
1909,4,13,75,92,1.2282608695652173,0.05377142984298545,534,This isn’t what I meant when I said we need more backbone
1909,4,13,75,92,1.2282608695652173,0.05377142984298545,534,"We discontinued ""Show and Tell"" around the water cooler."
1909,5,11,76,92,1.2282608695652173,0.05594871053561892,534,I see your candidate really does speak with a forked tongue.
1909,6,9,77,92,1.2282608695652173,0.05804437745241002,534,You're up to something fishy. I can smell it. But your plan is eel-conceived.
1909,3,15,74,92,1.2282608695652173,0.0515021856246872,534,"Couldn't hold your licker last night, huh fellas?"
1909,4,13,75,92,1.2282608695652173,0.05377142984298545,534,"I'm pretty sure Mr. Hutchins wanted a rare ""steak"", guys."
1909,2,17,73,92,1.2282608695652173,0.04912823608557881,534,"I know I said fresh shushi for our meeting, just not that fresh."
1909,5,11,76,92,1.2282608695652173,0.05594871053561892,534,"Try taking it to ""Lost and Found."
1909,4,13,75,92,1.2282608695652173,0.05377142984298545,534,Did anyone order an investment banker??
1909,4,13,75,92,1.2282608695652173,0.05377142984298545,534,I'd help you carry that but I just washed my hands.
1909,4,13,75,92,1.2282608695652173,0.05377142984298545,534,Hasn't Cooper finished clearing out his cubicle yet?
1909,7,7,78,92,1.2282608695652173,0.06006697343030706,534,Have you seen the CEO's capybara?
1909,4,13,75,92,1.2282608695652173,0.05377142984298545,534,"Too late, the inspectors have left."
1909,3,15,74,92,1.2282608695652173,0.0515021856246872,534,It's confirmed. The cage won't be here before tomorrow.
1909,3,15,74,92,1.2282608695652173,0.0515021856246872,534,"Well, I don't care if it *is* casual Friday."
1909,3,15,74,92,1.2282608695652173,0.0515021856246872,534,Another campaign shakeup?
1909,6,9,77,92,1.2282608695652173,0.05804437745241002,534,Tim's requested a treadmill desk wide enough for slithering.
1909,3,15,74,92,1.2282608695652173,0.0515021856246872,534,Our sustainable toilet is clogged.
1909,6,9,77,92,1.2282608695652173,0.05804437745241002,534,Diversity hire...
1909,1,19,72,92,1.2282608695652173,0.04663359344550876,534,Whose turn is it to feed the company mascot?
1909,2,17,73,92,1.2282608695652173,0.04912823608557881,534,We're going to have to replace all of the mice again.
1909,2,17,73,92,1.2282608695652173,0.04912823608557881,534,Our lizard will outdo their gecco.
1909,1,19,72,92,1.2282608695652173,0.04663359344550876,534,Who's getting severed today?
1909,4,13,75,92,1.2282608695652173,0.05377142984298545,534,I thought we did away with hazing.
1909,4,13,75,92,1.2282608695652173,0.05377142984298545,534,"On behalf of Fred & the team, although he still considers you friends and hopes your snake recovers, he finds your practical joke ill-timed and extremely unprofessional."
1909,6,9,77,92,1.2282608695652173,0.05804437745241002,534,Boys! Reminder of how it would come across in a deposition transcript: 'The guys constantly took their giant snake out to proudly parade it around the workplace.'
1909,6,9,77,92,1.2282608695652173,0.05804437745241002,534,The President would like this one released along the Arizona border.
1909,5,11,76,92,1.2282608695652173,0.05594871053561892,534,I'm assuming you've filled out form ES5B for your emotional support pet.
1909,3,15,74,92,1.2282608695652173,0.0515021856246872,534,So this is your big idea to squeeze more money out of our investors!?
1909,5,11,76,92,1.2282608695652173,0.05594871053561892,534,"If only he wasn't so reptilian, even he could survive these allegations."
1909,2,17,73,92,1.2282608695652173,0.04912823608557881,534,"I meant for you to take Speaking With A Forked Tongue , figuratively"
1909,4,13,75,92,1.2282608695652173,0.05377142984298545,534,"Boys, I already told you we have a rule against political canvassing in the office"
1909,3,15,74,92,1.2282608695652173,0.0515021856246872,534,Make sure Inhuman Resources signs off on his suspension.
1909,4,13,75,92,1.2282608695652173,0.05377142984298545,534,Impressive. But I still don't think the media are going to buy a story about an e-mail eating snake.
1909,3,15,74,92,1.2282608695652173,0.0515021856246872,534,Take it to marketing on the fourth floor; they think they're so charming.
1909,5,11,76,92,1.2282608695652173,0.05594871053561892,534,That is not what we meant by extreme vetting.
1909,3,15,74,92,1.2282608695652173,0.0515021856246872,534,I said the vending machine needed more snacks!
1909,3,15,74,92,1.2282608695652173,0.0515021856246872,534,Pet day is next week.
1909,5,11,76,92,1.2282608695652173,0.05594871053561892,534,No thanks. I'm sick of sushi.
1909,5,11,76,92,1.2282608695652173,0.05594871053561892,534,Wow! I always thought that was just another conspiracy theory.
1909,3,15,74,92,1.2282608695652173,0.0515021856246872,534,"Hey, nobody told me that we could use props in our presentation!"
1909,5,11,76,92,1.2282608695652173,0.05594871053561892,534,"Is that a snake under your arm, or are you happy to see me?"
1909,3,15,74,92,1.2282608695652173,0.0515021856246872,534,"I said we needed a civil servant, not a sea serpent!"
1909,3,15,74,92,1.2282608695652173,0.0515021856246872,534,Another downsizing?
1909,4,13,75,92,1.2282608695652173,0.05377142984298545,534,"... pens, paper clips, staples, ASAP. Not ASP!"
1909,1,19,72,92,1.2282608695652173,0.04663359344550876,534,Time to show him the door. None of his marketing campaigns ever had legs.
1909,3,15,74,92,1.2282608695652173,0.0515021856246872,534,"We may not have big hands, but we've got this."
1909,4,13,75,92,1.2282608695652173,0.05377142984298545,534,He got in on an H1B visa. We couldn’t find anyone who could handle an Apple as well as he can.
1909,4,13,75,92,1.2282608695652173,0.05377142984298545,534,"""The emergency defibrillator is down the hall on your left""."
1909,5,11,76,92,1.2282608695652173,0.05594871053561892,534,"Oh my, that app sure went wrong."
1909,1,19,72,92,1.2282608695652173,0.04663359344550876,534,Boss says we'll rethink the Amazon project.
1909,5,11,76,92,1.2282608695652173,0.05594871053561892,534,I said an electable heel !
1909,6,9,77,92,1.2282608695652173,0.05804437745241002,534,That's not what I had in mind when I asked for sushi for the whole group.
1909,4,13,75,92,1.2282608695652173,0.05377142984298545,534,"They ran out of therapy dogs, but I have a feeling she'll 'boost' office morale."
1909,5,11,76,92,1.2282608695652173,0.05594871053561892,534,Take him back; this campaign has enough forked tongues.
1909,4,13,75,92,1.2282608695652173,0.05377142984298545,534,You finally caught Julian Assange?
1909,3,15,74,92,1.2282608695652173,0.0515021856246872,534,Wait. What are the details of the Early Retirement package again?
1909,4,13,75,92,1.2282608695652173,0.05377142984298545,534,"Put it in the kitchen. It should cut down on ""extra long"" coffee breaks."
1909,5,11,76,92,1.2282608695652173,0.05594871053561892,534,Today's computer viruses are at a whole new level.
1909,5,11,76,92,1.2282608695652173,0.05594871053561892,534,"He speaks with forked tongue, but drunk is drunk!"
1909,4,13,75,92,1.2282608695652173,0.05377142984298545,534,Pet-friendly workplaces are shown to have a significant impact on employee satisfaction.
1909,5,11,76,92,1.2282608695652173,0.05594871053561892,534,"Look I said Trump polls as a snake-oil salesman, but I didn't say we were doing live testing!"
1909,3,15,74,92,1.2282608695652173,0.0515021856246872,534,"Oh I forgot, it's take your pet to work day."
1909,1,19,72,92,1.2282608695652173,0.04663359344550876,534,"Slytherins, room 3."
1909,5,11,76,92,1.2282608695652173,0.05594871053561892,534,"Sorry guys, the CEO has changed his mind. Turns out a giant leech is not a good symbol for a financial services company."
1909,6,9,77,92,1.2282608695652173,0.05804437745241002,534,It doesn't take a trade school graduate to know what a plumber's snake is !
1909,2,17,73,92,1.2282608695652173,0.04912823608557881,534,Don't get rid of it until we find Throckmorton.
1909,3,15,74,92,1.2282608695652173,0.0515021856246872,534,"Yes, bring him to internal audit with the others."
1909,6,9,77,92,1.2282608695652173,0.05804437745241002,534,Change of plans; We're going to sell crude oil instead.
1909,4,13,75,92,1.2282608695652173,0.05377142984298545,534,Tongue lashing needed in accounting.
1909,3,15,74,92,1.2282608695652173,0.0515021856246872,534,Now it's time to put the squeeze on marketing.
1909,4,13,75,92,1.2282608695652173,0.05377142984298545,534,We caught him smoking in the Men's Room.
1909,4,13,75,92,1.2282608695652173,0.05377142984298545,534,They did say the new intern was going to be a lot to handle...
1909,4,13,75,92,1.2282608695652173,0.05377142984298545,534,Sushi prep - room 4
1909,3,15,74,92,1.2282608695652173,0.0515021856246872,534,Did you catch him going door-to-door again?
1909,2,17,73,92,1.2282608695652173,0.04912823608557881,534,The toilet backed up again!
1909,6,9,77,92,1.2282608695652173,0.05804437745241002,534,Who are we suing?
1909,4,13,75,92,1.2282608695652173,0.05377142984298545,534,That's not what I meant when I asked you to find the office rat.
1909,4,13,75,92,1.2282608695652173,0.05377142984298545,534,Clearly you two aren't plumbers.
1909,5,11,76,92,1.2282608695652173,0.05594871053561892,534,Sheesh! I thought when the boss wrote 'eel-mail' it was just a misprint!
1909,2,17,73,92,1.2282608695652173,0.04912823608557881,534,No! You give him mouth to mouth resuscitation.
1909,5,11,76,92,1.2282608695652173,0.05594871053561892,534,"Oh, and we're also going to need the Yeti, Loch Ness, and Sasquatch accounts as soon as you can wrangle them."
1909,2,17,73,92,1.2282608695652173,0.04912823608557881,534,Good news. The new guy in legal says he can also fix the plumbing.
1909,4,13,75,92,1.2282608695652173,0.05377142984298545,534,"When I said ""we'll get that snake"" I didn't mean it literally! I was talking about Donaldson!"
1909,4,13,75,92,1.2282608695652173,0.05377142984298545,534,"I know this office is a zoo, but now you're being silly."
1909,4,13,75,92,1.2282608695652173,0.05377142984298545,534,So that's our our new campaign manager.
1909,6,9,77,92,1.2282608695652173,0.05804437745241002,534,Welcome to the million dollar sales team - your terrarium's on the left.
1909,4,13,75,92,1.2282608695652173,0.05377142984298545,534,I told you to use Python to build the application...not to use a python!
1909,6,9,77,92,1.2282608695652173,0.05804437745241002,534,So you guys are presenting on COBRA?
1909,4,13,75,92,1.2282608695652173,0.05377142984298545,534,Don't let the media see that. They already think we sell snake oil.
1909,3,15,74,92,1.2282608695652173,0.0515021856246872,534,"No question, this will dissuade the sweet children from entering the water fountain."
1909,4,13,75,92,1.2282608695652173,0.05377142984298545,534,"First it's the wolf of wall st., now its the snake of silicon valley?"
1909,6,9,77,92,1.2282608695652173,0.05804437745241002,534,"No, I told you to order enough STEAK for everyone in the office."
1909,4,13,75,92,1.2282608695652173,0.05377142984298545,534,"Molting again are we, Ed?"
1909,4,13,75,92,1.2282608695652173,0.05377142984298545,534,"Whoa, guys, I thought you knew I meant ""Find me the snake in the grass"" metaphorically."
1909,4,13,75,92,1.2282608695652173,0.05377142984298545,534,Velcome vindow viper.
1909,3,15,74,92,1.2282608695652173,0.0515021856246872,534,"Tell the people in shipping to be sure to mark the package, Handle With Care"
1909,3,15,74,92,1.2282608695652173,0.0515021856246872,534,"Uhhh,...I'm not even going to ask. Carry on"
1909,2,17,73,92,1.2282608695652173,0.04912823608557881,534,Just because I said you should check your sources I didn't mean for your to bring them in.
2029,3,15,75,93,1.2258064516129032,0.05100447838981256,534,He has just been hired in legal.
2029,4,13,76,93,1.2258064516129032,0.05324669855036501,534,Wilson in sales missed his quota.
2029,4,13,76,93,1.2258064516129032,0.05324669855036501,534,You asked for fresh Sushi!
2029,3,15,75,93,1.2258064516129032,0.05100447838981256,534,This is your new secretary boss. Her name is Anna Conda.
2029,4,13,76,93,1.2258064516129032,0.05324669855036501,534,"Uh, Reptile Tuesday is next week."
2029,5,11,77,93,1.2258064516129032,0.05539824001906587,534,He has been acting strangely since we went gluten-free in the lunchroom.
2029,3,15,75,93,1.2258064516129032,0.05100447838981256,534,Why does it take two of you to do that?
2029,4,13,76,93,1.2258064516129032,0.05324669855036501,534,Are you sure that make enough sushi for the whole office?
2029,5,11,77,93,1.2258064516129032,0.05539824001906587,534,"Tread lightly, it's election season."
2029,2,17,74,93,1.2258064516129032,0.04865904566594242,534,Wait! We found him in the hedge fund!
2039,4,12,73,89,1.2247191011235956,0.054783464986671616,534,You'll have to hold on awhile longer. I'm completely out of stamps.
2039,1,18,70,89,1.2247191011235956,0.047277269286691515,534,Couldn't you get one without a forked tongue?
2041,3,14,74,91,1.2197802197802199,0.05136048423833291,534,So this is the guy who spoke with a forked tongue
2041,4,12,75,91,1.2197802197802199,0.05368518962801833,534,"Auto-correct strikes again... I meant to say, get the office a big snack."
2041,5,10,76,91,1.2197802197802199,0.05591332425814558,534,"Thanks, but that's not the kind of boa I need for the precinct costume party."
2041,4,12,75,91,1.2197802197802199,0.05368518962801833,534,"You can forget promotion, Butterworth, if your pet keeps eating everyone else’s on “Bring Your Pet to Work Day”"
2041,5,10,76,91,1.2197802197802199,0.05591332425814558,534,Two-foot steak. Steak. And where's Billy?
2041,3,14,74,91,1.2197802197802199,0.05136048423833291,534,"OK, I'll predict it right now: we're not winning the Chinese New Year Dragon contest."
2041,4,12,75,91,1.2197802197802199,0.05368518962801833,534,The grass is ready in Conference Room C.
2041,4,12,75,91,1.2197802197802199,0.05368518962801833,534,You have the right to remain ssssssssssssilent.
2041,4,12,75,91,1.2197802197802199,0.05368518962801833,534,"Sorry guys, the new boss said the lunchtime snake fighting on the loading dock has gotta go."
2041,1,18,72,91,1.2197802197802199,0.0463626881532505,534,That's not going to help our image.
2041,5,10,76,91,1.2197802197802199,0.05591332425814558,534,Escort him out. We have enough snakes on the payroll already.
2041,4,12,75,91,1.2197802197802199,0.05368518962801833,534,Gary's run up the corporate ladder had been great while it lasted.
2041,2,16,73,91,1.2197802197802199,0.048925444269784596,534,"Well, that’s one way to put the squeeze on"
2041,5,10,76,91,1.2197802197802199,0.05591332425814558,534,Find out what he knows about where Adam and Eve disappeared to....
2041,3,14,74,91,1.2197802197802199,0.05136048423833291,534,"We thought it was ""Bring your pet to work day!"""
2041,4,12,75,91,1.2197802197802199,0.05368518962801833,534,May I remind you two that we aim to be a viperless office by the end of this quarter?
2041,2,16,73,91,1.2197802197802199,0.048925444269784596,534,"I said increase ""sales"" not ""scales""!!!"
2041,5,10,76,91,1.2197802197802199,0.05591332425814558,534,Let me know when the boss is done digesting.
2041,3,14,74,91,1.2197802197802199,0.05136048423833291,534,"Put it next to Eve, but leave room for a very large apple."
2041,1,18,72,91,1.2197802197802199,0.0463626881532505,534,We need to think of another way to downsize the legal department.
2041,6,8,77,91,1.2197802197802199,0.05805600807665625,534,"Sorry gentilmen, but we've had to scale back."
2041,2,16,73,91,1.2197802197802199,0.048925444269784596,534,Put him in an empty office for now and tell everyone to hide their comfort pets.
2041,5,10,76,91,1.2197802197802199,0.05591332425814558,534,Our new lawyer.
2041,3,14,74,91,1.2197802197802199,0.05136048423833291,534,Oil! I said oil!
2041,6,8,77,91,1.2197802197802199,0.05805600807665625,534,"A bigger server, not serpent, you idiots."
2041,5,10,76,91,1.2197802197802199,0.05591332425814558,534,He gets one more trip around. Then back to Hillary's office.
2041,1,18,72,91,1.2197802197802199,0.0463626881532505,534,"Marketing billed it, they can keep it."
2041,6,8,77,91,1.2197802197802199,0.05805600807665625,534,Is that an applicant to interview for the head of HR?
2041,4,12,75,91,1.2197802197802199,0.05368518962801833,534,Guess we won't be needing it after all.
2041,4,12,75,91,1.2197802197802199,0.05368518962801833,534,We've had complaints. Can't use the break room microwave anymore.
2041,3,14,74,91,1.2197802197802199,0.05136048423833291,534,So… is the 40-foot serpentine sea-monster not working out?
2041,1,18,72,91,1.2197802197802199,0.0463626881532505,534,Your underground source?
2041,5,10,76,91,1.2197802197802199,0.05591332425814558,534,Tell Joe's wife he's going to be home late tonight....
2041,1,18,72,91,1.2197802197802199,0.0463626881532505,534,You'd be the new team in HR?
2041,4,12,75,91,1.2197802197802199,0.05368518962801833,534,We've been called to the situation room.
2041,6,8,77,91,1.2197802197802199,0.05805600807665625,534,"Now that we have elevators, you and the ladders are redundant."
2041,2,16,73,91,1.2197802197802199,0.048925444269784596,534,Basement wet again?
2041,5,10,76,91,1.2197802197802199,0.05591332425814558,534,What were the rules on bringing your pet to work day?
2041,2,16,73,91,1.2197802197802199,0.048925444269784596,534,I'm sorry but I don't think he's the right candidate for the position. He's kind of slithery.
2041,6,8,77,91,1.2197802197802199,0.05805600807665625,534,If you're done with Megyn Mr. Ailes would like it back in his office.
2041,5,10,76,91,1.2197802197802199,0.05591332425814558,534,"Take him to our collections division on the second floor, they've been expecting him."
2041,3,14,74,91,1.2197802197802199,0.05136048423833291,534,I've seen worse snakes around here.
2041,3,14,74,91,1.2197802197802199,0.05136048423833291,534,"No, we're selling snake oil."
2041,4,12,75,91,1.2197802197802199,0.05368518962801833,534,This hunt for diverse hires is going to be the end of us.
2041,2,16,73,91,1.2197802197802199,0.048925444269784596,534,"Um, Tony - I didn't mean ""show me your snake"" literally."
2041,4,12,75,91,1.2197802197802199,0.05368518962801833,534,Did the File Cabinet of Secrets open again?
2041,3,14,74,91,1.2197802197802199,0.05136048423833291,534,Jackets are to be worn at all times.
2041,2,16,73,91,1.2197802197802199,0.048925444269784596,534,I received a note saying you found a virus on your computer.
2041,6,8,77,91,1.2197802197802199,0.05805600807665625,534,I guess I'm not the biggest snake here anymore.
2041,1,18,72,91,1.2197802197802199,0.0463626881532505,534,"I'm positive I said snack, not snake."
2041,4,12,75,91,1.2197802197802199,0.05368518962801833,534,"So, the interns weren't quitting?"
2041,3,14,74,91,1.2197802197802199,0.05136048423833291,534,Never mind. I won't have time for lunch today.
2041,4,12,75,91,1.2197802197802199,0.05368518962801833,534,"No no, I said I would like to have a Pie-A-Thon."
2041,2,16,73,91,1.2197802197802199,0.048925444269784596,534,I can't believe we went to Harvard for this.
2041,6,8,77,91,1.2197802197802199,0.05805600807665625,534,We're putting him in charge of advertising.
2041,2,16,73,91,1.2197802197802199,0.048925444269784596,534,Is this the new turnaround manager?
2041,3,14,74,91,1.2197802197802199,0.05136048423833291,534,Is it electric?
2041,5,10,76,91,1.2197802197802199,0.05591332425814558,534,"We found him in Trump's office, writing his speeches. He also told Adam and Eve to eat the apple."
2041,2,16,73,91,1.2197802197802199,0.048925444269784596,534,I SAID BRING ME A BIG LADDER!
2041,3,14,74,91,1.2197802197802199,0.05136048423833291,534,The boss just can't take a joke!
2041,3,14,74,91,1.2197802197802199,0.05136048423833291,534,"Guys, I think we need to re-think our perceived strangle-hold on our clients."
2041,4,12,75,91,1.2197802197802199,0.05368518962801833,534,Feeding the company mascot again?
2041,3,14,74,91,1.2197802197802199,0.05136048423833291,534,Sorry. The serpent whisperer is out today.
2041,4,12,75,91,1.2197802197802199,0.05368518962801833,534,Not that Fang Shui for the office.
2041,5,10,76,91,1.2197802197802199,0.05591332425814558,534,Well... this is awkward. Bob from Accounting brought in the same thrashing serpent.
2041,6,8,77,91,1.2197802197802199,0.05805600807665625,534,"Great catch, but I said find the office rat."
2041,4,12,75,91,1.2197802197802199,0.05368518962801833,534,Thanks for coming so fast. That Viper Pit was killing our HR Department.
2041,2,16,73,91,1.2197802197802199,0.048925444269784596,534,"I'm thinking you took ""Go get that snake"" a bit literally"
2041,0,20,71,91,1.2197802197802199,0.043649726328985276,534,Did you get rid of the Mole?
2041,5,10,76,91,1.2197802197802199,0.05591332425814558,534,"No, No, No. Not serpents. I said bring me the head of merchants."
2041,3,14,74,91,1.2197802197802199,0.05136048423833291,534,So the sound I was hearing was actually more of a buzzing.
2041,4,12,75,91,1.2197802197802199,0.05368518962801833,534,You do know it's bring your kid to work day right?
2041,7,6,78,91,1.2197802197802199,0.06012237784716286,534,You’re celebrating with a ‘conger’?
2041,2,16,73,91,1.2197802197802199,0.048925444269784596,534,Just drop it. I'll check with Creative.
2041,2,16,73,91,1.2197802197802199,0.048925444269784596,534,"Actually, it's culturally insensitive to refer to him as ""snake."" He's a""Lampropeltis getula nigrita."""
2041,4,12,75,91,1.2197802197802199,0.05368518962801833,534,Hurry up! Hillary's waiting to debate the Trump stand-in.
2041,5,10,76,91,1.2197802197802199,0.05591332425814558,534,Please escort our efficiency expert to the conference room.
2041,3,14,74,91,1.2197802197802199,0.05136048423833291,534,You can just leave that in my inbox.
2041,5,10,76,91,1.2197802197802199,0.05591332425814558,534,We should get a trans-species washroom.
2041,5,10,76,91,1.2197802197802199,0.05591332425814558,534,"He, unfortunately, goes with the rest of my failed attempts at team building."
2041,3,14,74,91,1.2197802197802199,0.05136048423833291,534,"Sssso, this is our new marketing manager?"
2041,3,14,74,91,1.2197802197802199,0.05136048423833291,534,Better hurry; break room's almost out of deer.
2041,3,14,74,91,1.2197802197802199,0.05136048423833291,534,Looks like someone's got a case of the Mondays.
2041,2,16,73,91,1.2197802197802199,0.048925444269784596,534,Our 'no shedding' policy is strictly enforced.
2041,3,14,74,91,1.2197802197802199,0.05136048423833291,534,"So you two are gonna feed him, you know, like every day, right?"
2041,1,18,72,91,1.2197802197802199,0.0463626881532505,534,You must be the budget committee.
2041,3,14,74,91,1.2197802197802199,0.05136048423833291,534,"I said "" try and snake your way into the meeting"""
2041,3,14,74,91,1.2197802197802199,0.05136048423833291,534,'Bring Your Python To Work Day' isn't until tomorrow.
2041,2,16,73,91,1.2197802197802199,0.048925444269784596,534,He needs a coat and tie if he is going to work here.
2041,3,14,74,91,1.2197802197802199,0.05136048423833291,534,I´d planned to show the shareholder conference this afternoon that we have the biggest STAKE in the corporation.
2041,4,12,75,91,1.2197802197802199,0.05368518962801833,534,thank you for the doctor's note for your therapy snake
2041,4,12,75,91,1.2197802197802199,0.05368518962801833,534,"Our new CEO is here , where should we put him?"
2041,5,10,76,91,1.2197802197802199,0.05591332425814558,534,"Get her to make-up and remember, we are WITH HER."
2041,3,14,74,91,1.2197802197802199,0.05136048423833291,534,The shareholders were wondering whether we could manage this fiscal year with just one snake wrangler.
2041,2,16,73,91,1.2197802197802199,0.048925444269784596,534,Apparently it's been locked in the SEC Compliance Office since the firm opened.
2041,5,10,76,91,1.2197802197802199,0.05591332425814558,534,"I asked you to get the feel of the American voter, not the eel."
2041,4,12,75,91,1.2197802197802199,0.05368518962801833,534,"I said, ""Carpe diem""; not ""Seize the carp!"""
2041,5,10,76,91,1.2197802197802199,0.05591332425814558,534,He's here for an interview. Has he been 'vetted'?
2041,3,14,74,91,1.2197802197802199,0.05136048423833291,534,"I'm sorry, but you guys breezing in here for the fourth Friday morning in a row with an anaconda tucked under your arms has lost all of its wow factor."
2041,2,16,73,91,1.2197802197802199,0.048925444269784596,534,"""I see we have found the company a new lawyer""."
2041,2,16,73,91,1.2197802197802199,0.048925444269784596,534,We got your memo about the toxic workplace environment.
2041,4,12,75,91,1.2197802197802199,0.05368518962801833,534,Welcome to the Trump campaign staff.
2041,2,16,73,91,1.2197802197802199,0.048925444269784596,534,"'Well, it's easier to explain than layoffs'"
2041,4,12,75,91,1.2197802197802199,0.05368518962801833,534,I see the new manager is here. I'll clean out my desk.
2041,3,14,74,91,1.2197802197802199,0.05136048423833291,534,It's just that I think a pink slip and a constrictor is a bit too much.
2041,5,10,76,91,1.2197802197802199,0.05591332425814558,534,He doesn't look well. Better give him some 'asp-rin'.
2041,4,12,75,91,1.2197802197802199,0.05368518962801833,534,You programmers are so literal.
2041,5,10,76,91,1.2197802197802199,0.05591332425814558,534,"Gentlemen, please escort our new HR Director to the adjoining office of CEO Voldemort."
2041,5,10,76,91,1.2197802197802199,0.05591332425814558,534,That looks worse than a phishing attack!
2041,2,16,73,91,1.2197802197802199,0.048925444269784596,534,The other vendors are in the conference room.
2041,4,12,75,91,1.2197802197802199,0.05368518962801833,534,This trading eelgorithm could make us the new Salamander Brothers.
2041,5,10,76,91,1.2197802197802199,0.05591332425814558,534,Go put it under Trump's desk.
2041,1,18,72,91,1.2197802197802199,0.0463626881532505,534,The Chinese New Year isn't until February!
2041,2,16,73,91,1.2197802197802199,0.048925444269784596,534,This must be the new HR guy!
2041,2,16,73,91,1.2197802197802199,0.048925444269784596,534,"Oh, is it time for the Biodiversity in the Workplace training?"
2041,3,14,74,91,1.2197802197802199,0.05136048423833291,534,"Hey, guys ""Bring Your Pet to Work"" day is next week."
2041,3,14,74,91,1.2197802197802199,0.05136048423833291,534,"True, artisanal always DOES sell better, but are we even sure snake oil is a thing?"
2041,3,14,74,91,1.2197802197802199,0.05136048423833291,534,"I know I asked you to clean out the break room refrigerator, but that's mine."
2041,3,14,74,91,1.2197802197802199,0.05136048423833291,534,"I don't care what he's promising, I'm not changing phones."
2041,5,10,76,91,1.2197802197802199,0.05591332425814558,534,"They asked for transparency on Wall Street, they got it."
2041,4,12,75,91,1.2197802197802199,0.05368518962801833,534,This is just what we need to improve the security of our firewall.
2041,3,14,74,91,1.2197802197802199,0.05136048423833291,534,"What do you mean, I should have seen the one that got away?"
2041,3,14,74,91,1.2197802197802199,0.05136048423833291,534,"Okay, just one sick day."
2041,4,12,75,91,1.2197802197802199,0.05368518962801833,534,Let's name him Ryan Lochte.
2041,3,14,74,91,1.2197802197802199,0.05136048423833291,534,"The collaborative meeting is rescheduled for tomorrow, but I will need him for the investor meeting at 3:30"
2041,3,14,74,91,1.2197802197802199,0.05136048423833291,534,Bring him to the conference room then go get the Hyena.
2167,2,17,77,96,1.21875,0.04730250957698441,534,And how exactly is he going to help us with our spyware problem?
2168,2,16,74,92,1.2173913043478262,0.04844965507666401,534,"Well, okay, as long as the resume clearly claims sixty words per minute."
2168,4,12,76,92,1.2173913043478262,0.05315216047844578,534,How many canaries in the coal mine did he eat?
2168,3,14,75,92,1.2173913043478262,0.050855290976328946,534,Are you two sharing lunch again?
2168,4,12,76,92,1.2173913043478262,0.05315216047844578,534,"Lab 4, next to the thankless child and man's ingratitude."
2168,2,16,74,92,1.2173913043478262,0.04844965507666401,534,This is the third time this week you've slithered in late!
2168,4,12,76,92,1.2173913043478262,0.05315216047844578,534,"He wants to run for president, and he needs someone to write his speeches."
2168,5,10,77,92,1.2173913043478262,0.055353804808394365,534,"Sorry boys, but HR refused the transfer request."
2168,3,14,75,92,1.2173913043478262,0.050855290976328946,534,"No. The list said 'and a condom,' not anaconda."
2168,3,14,75,92,1.2173913043478262,0.050855290976328946,534,"You've got a killer instinct, I like that."
2168,7,6,79,92,1.2173913043478262,0.0595132488883321,534,I'm thinking now that Mr. Long's office just might be the better destination.
2178,3,13,72,88,1.2159090909090908,0.05224546106377937,534,"What's that old saying about ""geeks bearing gifts""?"
2178,4,11,73,88,1.2159090909090908,0.054688401161677745,534,I told you he was a snake in the grass. Now do you believe me?
2180,2,16,75,93,1.2150537634408602,0.04798283150376886,534,I believe he ordered steak.
2181,3,13,73,89,1.2134831460674158,0.05171203292685246,534,You must be the new CEO.
2181,4,11,74,89,1.2134831460674158,0.054124827614885296,534,Fine. You can have the standing desk.
2181,2,15,72,89,1.2134831460674158,0.04918100989726316,534,I told you guys to order a feather boa . . .
2181,2,15,72,89,1.2134831460674158,0.04918100989726316,534,"Put him in with O'Donnell, he speaks with forked tongue, too."
2181,2,15,72,89,1.2134831460674158,0.04918100989726316,534,I can't wait to see the headcount report next month!
2181,3,13,73,89,1.2134831460674158,0.05171203292685246,534,Advertising is the second door on the right.
2181,2,15,72,89,1.2134831460674158,0.04918100989726316,534,Are you seriously going to bring that thing to every quarterly review?
2181,3,13,73,89,1.2134831460674158,0.05171203292685246,534,We acquired this critter in the merger.
2181,3,13,73,89,1.2134831460674158,0.05171203292685246,534,"NO I said to anticipate a ""SHAKE UP""."
2181,5,9,75,89,1.2134831460674158,0.056434560149382106,534,"Serpentine, Shel, serpentine!"
2181,4,11,74,89,1.2134831460674158,0.054124827614885296,534,Bob took some time to digest the news of his dismissal.
2181,3,13,73,89,1.2134831460674158,0.05171203292685246,534,That was just a figure of speech.
2181,2,15,72,89,1.2134831460674158,0.04918100989726316,534,I have to let you know that this does bring into question the rest of your resume...
2181,5,9,75,89,1.2134831460674158,0.056434560149382106,534,Cold cuts will do for tomorrow's meeting.
2181,4,11,74,89,1.2134831460674158,0.054124827614885296,534,"UGH...I meant our competitor when I said ""Get that big fat snake in the grass"""
2181,6,7,76,89,1.2134831460674158,0.05865340735343006,534,Tell Harry the Chamber of Secrets is open again.
2181,2,15,72,89,1.2134831460674158,0.04918100989726316,534,More oil for the sales department?
2181,3,13,73,89,1.2134831460674158,0.05171203292685246,534,So that's the break-room thief who's been taking all the employee lunches...
2181,4,11,74,89,1.2134831460674158,0.054124827614885296,534,Turns out it's a six-foot sub we need for that meeting.
2181,4,11,74,89,1.2134831460674158,0.054124827614885296,534,R&D have some splaining to do.
2181,6,7,76,89,1.2134831460674158,0.05865340735343006,534,I said pastrami on rye
2181,3,13,73,89,1.2134831460674158,0.05171203292685246,534,Sushi my ass.
2181,4,11,74,89,1.2134831460674158,0.054124827614885296,534,Sushi again?
2181,1,17,71,89,1.2134831460674158,0.04651246198172614,534,"Oh, good, you're free."
2181,3,13,73,89,1.2134831460674158,0.05171203292685246,534,Which political campaign ad is this intended for?
2181,2,15,72,89,1.2134831460674158,0.04918100989726316,534,Is that from Legal?
2181,2,15,72,89,1.2134831460674158,0.04918100989726316,534,"You nitwits, the memo asked you to help me ""SHAKE things up around here""."
2181,2,15,72,89,1.2134831460674158,0.04918100989726316,534,How are we going to wiggle out of this one?
2181,3,13,73,89,1.2134831460674158,0.05171203292685246,534,"Yes, the boss is in."
2181,5,9,75,89,1.2134831460674158,0.056434560149382106,534,So you 're told this was the most environmental-friendly way to fight office rodent.
2181,3,13,73,89,1.2134831460674158,0.05171203292685246,534,He's part of the boss's plan to make our workspace a little more edgy.
2181,5,9,75,89,1.2134831460674158,0.056434560149382106,534,"No, I distinctly said, Fondue Fork."
2181,4,11,74,89,1.2134831460674158,0.054124827614885296,534,Just put him in procurement services.
2181,2,15,72,89,1.2134831460674158,0.04918100989726316,534,That better be a Pokémon because that's what I'm telling corporate.
2181,3,13,73,89,1.2134831460674158,0.05171203292685246,534,It's Sushi Day already?
2181,2,15,72,89,1.2134831460674158,0.04918100989726316,534,It looks bad. I don't think he can swallow any more CNN.
2181,1,17,71,89,1.2134831460674158,0.04651246198172614,534,So this is a disruptor.
2181,3,13,73,89,1.2134831460674158,0.05171203292685246,534,I'll miss you interns.
2181,2,15,72,89,1.2134831460674158,0.04918100989726316,534,I am fed up with you guys and all of your hissy fits!
2181,3,13,73,89,1.2134831460674158,0.05171203292685246,534,Looking for Eve? She's at the hairdresser.
2181,2,15,72,89,1.2134831460674158,0.04918100989726316,534,Never allow yourself to be subject to the whims of a pop star.
2181,5,9,75,89,1.2134831460674158,0.056434560149382106,534,"He's dangerous, but we could use more cold-blooded billers around here."
2181,5,9,75,89,1.2134831460674158,0.056434560149382106,534,"You know, it's still sexual harassment even if you take the joke literally."
2181,5,9,75,89,1.2134831460674158,0.056434560149382106,534,Have you met the new CEO yet?
2181,2,15,72,89,1.2134831460674158,0.04918100989726316,534,"When you warned me about Bob acting like a snake, I thought it was rhetorical."
2181,4,11,74,89,1.2134831460674158,0.054124827614885296,534,"So, since Python didn't work out, I guess we're coding in Eel now?"
2181,4,11,74,89,1.2134831460674158,0.054124827614885296,534,Wrong floor. The call-center is on eight.
2181,0,19,70,89,1.2134831460674158,0.04368119165829091,534,"I said it was o.k. to go out for a quick bite, not to bring it back."
2181,4,11,74,89,1.2134831460674158,0.054124827614885296,534,"For the record, I voted against the employee sushi bar."
2181,3,13,73,89,1.2134831460674158,0.05171203292685246,534,There must be an easier way to get rid of the mice
2181,5,9,75,89,1.2134831460674158,0.056434560149382106,534,I see that our Wal-Mart to Volde-Mart rebranding is coming along nicely.
2181,4,11,74,89,1.2134831460674158,0.054124827614885296,534,Next time call Maintenance.
2181,2,15,72,89,1.2134831460674158,0.04918100989726316,534,Lunch?
2181,4,11,74,89,1.2134831460674158,0.054124827614885296,534,Coming or going?
2181,3,13,73,89,1.2134831460674158,0.05171203292685246,534,"Idiots! I said servant, not serpent!"
2181,4,11,74,89,1.2134831460674158,0.054124827614885296,534,I'll call Poison Control. Looks like the boss bit his lip again...
2181,4,11,74,89,1.2134831460674158,0.054124827614885296,534,"Again? I keep thinking thursdays are ""Bring your snake to work day""."
2181,3,13,73,89,1.2134831460674158,0.05171203292685246,534,But I brought my lunch today.
2181,4,11,74,89,1.2134831460674158,0.054124827614885296,534,idiots!!! my voicemail said bring a big SNACK to the party
2181,3,13,73,89,1.2134831460674158,0.05171203292685246,534,"Oh great, a new legal guy."
2181,1,17,71,89,1.2134831460674158,0.04651246198172614,534,"When the brochure promised 'Natural Rat Extermination,' I was expecting something--well--a little less slithery."
2181,8,3,78,89,1.2134831460674158,0.06285656229856797,534,HR says it's gotta be stuffed and mounted before you put it on the wall.
2181,4,11,74,89,1.2134831460674158,0.054124827614885296,534,Another candidate for chair of the DNC? Right this way...
2181,3,13,73,89,1.2134831460674158,0.05171203292685246,534,"No matter that he's slippery Fred, HR just needs to know his native tongue."
2181,4,11,74,89,1.2134831460674158,0.054124827614885296,534,The new cafeteria chef is from China. He says they taste like chicken.
2181,3,13,73,89,1.2134831460674158,0.05171203292685246,534,"Hold on, ee'll be with you in a moment."
2181,3,13,73,89,1.2134831460674158,0.05171203292685246,534,You thought a foot-long wouldn't be enough?
2181,2,15,72,89,1.2134831460674158,0.04918100989726316,534,"""Python"" is the name of a programming language! I need you to pick THAT up on the side."
2181,3,13,73,89,1.2134831460674158,0.05171203292685246,534,I guess we are increasing diversity in the K9 workforce
2181,5,9,75,89,1.2134831460674158,0.056434560149382106,534,"Great for show and tell, but fellas, this is the Times."
2181,3,13,73,89,1.2134831460674158,0.05171203292685246,534,This isn't what I envisioned for the Emotional Support Animal initiative.
2181,1,17,71,89,1.2134831460674158,0.04651246198172614,534,I told you! I don't want another snake working here.
2181,3,13,73,89,1.2134831460674158,0.05171203292685246,534,"No, fellas. Murray. I said I wanted to see MUR-ray."
2181,3,13,73,89,1.2134831460674158,0.05171203292685246,534,This is not what she meant by a large boa.
2181,2,15,72,89,1.2134831460674158,0.04918100989726316,534,"Yes, I've already been introduced to our new CEO."
2181,2,15,72,89,1.2134831460674158,0.04918100989726316,534,"Join, or Die."
2181,1,17,71,89,1.2134831460674158,0.04651246198172614,534,"Guys, when I said your presentation lacks originality, this is not what I meant"
2181,3,13,73,89,1.2134831460674158,0.05171203292685246,534,The CEO position has already been filled.
2181,4,11,74,89,1.2134831460674158,0.054124827614885296,534,"The lasagna in the fridge is mine, guys, so hands off...no offense, Cecil."
2181,4,11,74,89,1.2134831460674158,0.054124827614885296,534,"Couple of early birds, I see."
2181,3,13,73,89,1.2134831460674158,0.05171203292685246,534,"So, he wants to deny any relationship with Trump too."
2181,3,13,73,89,1.2134831460674158,0.05171203292685246,534,Sorry that the Heimlich method didn't save your boa constrictor.
2181,4,11,74,89,1.2134831460674158,0.054124827614885296,534,"No, no, I said there was a problem with my wireless mouse."
2181,3,13,73,89,1.2134831460674158,0.05171203292685246,534,Are you the plumbers?
2181,4,11,74,89,1.2134831460674158,0.054124827614885296,534,We'll need a mighty big hot dog bun.
2181,7,5,77,89,1.2134831460674158,0.060791321823765114,534,"So it's takeaway sashimi, for the party?"
2181,4,11,74,89,1.2134831460674158,0.054124827614885296,534,Nessie has a few words to say to our gossip columnist
2181,2,15,72,89,1.2134831460674158,0.04918100989726316,534,"No! I said, 'Bring me the rept file,' the one with the reports."
2181,3,13,73,89,1.2134831460674158,0.05171203292685246,534,"Uh, that comment was about Larry in accounting, and it wasn't meant to be taken literally."
2181,5,9,75,89,1.2134831460674158,0.056434560149382106,534,I would make a penis joke but women have ruined the American workplace.
2181,3,13,73,89,1.2134831460674158,0.05171203292685246,534,The show-and-tell staff meeting is over.
2181,3,13,73,89,1.2134831460674158,0.05171203292685246,534,Good work boys. This fellow has thwarted me every time I climb the corporate ladder.
2181,4,11,74,89,1.2134831460674158,0.054124827614885296,534,"According to the new policy, snakes belong in marketing not business affairs."
2181,6,7,76,89,1.2134831460674158,0.05865340735343006,534,"Trump headquarters: ""With a trouser snake like that they'll never make fun of his hands again!"""
2181,4,11,74,89,1.2134831460674158,0.054124827614885296,534,"If he suggests lunch at an all-you-can-eat buffet, don't be surprised when he plays the ""I'm digesting"" card."
2181,1,17,71,89,1.2134831460674158,0.04651246198172614,534,I forgot today is Take Your Mythical Creature to Work Day.
2181,1,17,71,89,1.2134831460674158,0.04651246198172614,534,"Hold on fellows--bad vibes, tongue flicks and hissing mean he's close to calling the election."
2181,3,13,73,89,1.2134831460674158,0.05171203292685246,534,We got the Anaconda Copper account?
2181,2,15,72,89,1.2134831460674158,0.04918100989726316,534,For goodness snake!
2181,4,11,74,89,1.2134831460674158,0.054124827614885296,534,"No, no, you idiots, I said I wanted a snack, not a snake!"
2181,4,11,74,89,1.2134831460674158,0.054124827614885296,534,It might be time to scale back on a few of our clients.
2181,2,15,72,89,1.2134831460674158,0.04918100989726316,534,"Guys, guys ! When I said ""our new product is ""snake oil"""" I didn't mean that literally."
2181,3,13,73,89,1.2134831460674158,0.05171203292685246,534,Just another day at the off hiss.
2181,3,13,73,89,1.2134831460674158,0.05171203292685246,534,"I don't care if his tongue is a divining rod, tell the genetics lab that we already have too much trouble with sexual harrassment."
2181,3,13,73,89,1.2134831460674158,0.05171203292685246,534,THERE he is.
2181,2,15,72,89,1.2134831460674158,0.04918100989726316,534,A drug sniffing snake! It only points... right?
2181,3,13,73,89,1.2134831460674158,0.05171203292685246,534,A Coelacanth? That's so 400 million years ago.
2181,2,15,72,89,1.2134831460674158,0.04918100989726316,534,I meant Python the programming language.
2181,4,11,74,89,1.2134831460674158,0.054124827614885296,534,Feeling eel?
2181,3,13,73,89,1.2134831460674158,0.05171203292685246,534,I see dead people.
2181,3,13,73,89,1.2134831460674158,0.05171203292685246,534,It's right here on his lunch order. The boss wanted a large shake!
2292,4,11,75,90,1.211111111111111,0.05357260103480199,534,"Yes, Mr. Voldemort, I do agree that an ex-wizard with your skill set would fit in quite well here at Goldman Sachs."
2292,6,7,77,90,1.211111111111111,0.05804652756116187,534,You've got our entire staff behind you .
2292,4,11,75,90,1.211111111111111,0.05357260103480199,534,impressive resume` but we sell a different type of apple.
2292,5,9,76,90,1.211111111111111,0.0558543773734109,534,The office wanted to wish you happy birthday.
2292,5,9,76,90,1.211111111111111,0.0558543773734109,534,Bring Your Pet to Work Day?
2292,3,13,74,90,1.211111111111111,0.05118921460128822,534,He's not the only one with a forked tongue in this election.
2292,2,15,73,90,1.211111111111111,0.04868929863285577,534,"You incompetents, I said 'get real', not 'eel'"
2292,4,11,75,90,1.211111111111111,0.05357260103480199,534,I should inform you that 'bring-your-pet-to-work-day' is scheduled for tomorrow.
2292,4,11,75,90,1.211111111111111,0.05357260103480199,534,You're not gonna slither out of this one boys!
2292,4,11,75,90,1.211111111111111,0.05357260103480199,534,We're all wearing the same color pants!
2292,4,11,75,90,1.211111111111111,0.05357260103480199,534,"He warned you not touch the ""apple"""
2292,3,13,74,90,1.211111111111111,0.05118921460128822,534,We'll have to rethink our approach to office pest control.
2292,4,11,75,90,1.211111111111111,0.05357260103480199,534,"So, we're not going out for sushi?"
2292,4,11,75,90,1.211111111111111,0.05357260103480199,534,Where have you guys been?! Mr. Trump was due in hair and makeup ten minutes ago!
2306,3,12,72,87,1.206896551724138,0.052057200856832346,534,Sure looks like the world's greatest Python programmer
2307,6,6,76,88,1.2045454545454546,0.058630956471059835,534,Stan went a little heavy on the champagne when he found out he made partner.
2307,3,12,73,88,1.2045454545454546,0.05151591984183321,534,always knew he was a snake in the grass
2307,2,14,72,88,1.2045454545454546,0.04891479303131595,534,"Thanks guys, I can finally drop this into the complaint box."
2307,1,16,71,88,1.2045454545454546,0.04616734730784048,534,"I know I said your work needed more 'bite,' but this isn't what I meant."
2307,2,14,72,88,1.2045454545454546,0.04891479303131595,534,I suppose his cold-blooded sales tactics were bound to catch up with him eventually.
2307,5,8,75,88,1.2045454545454546,0.05635916994471799,534,I'll see if that job in marketing is still open.
2307,4,10,74,88,1.2045454545454546,0.053991879176445545,534,"Tell me you didn't catch him again with the new intern, Eve."
2307,3,12,73,88,1.2045454545454546,0.05151591984183321,534,Meet the new Head of Corporate Communication
2307,2,14,72,88,1.2045454545454546,0.04891479303131595,534,Where do you want this?
2307,6,6,76,88,1.2045454545454546,0.058630956471059835,534,"No no no! It's ""bull by the horns"", not ""serpent by the neck!"""
2307,1,16,71,88,1.2045454545454546,0.04616734730784048,534,They say productivity jumps with scale
2307,4,10,74,88,1.2045454545454546,0.053991879176445545,534,Trying to deceive Eve again?
2307,3,12,73,88,1.2045454545454546,0.05151591984183321,534,I told you he was in the grass.
2307,4,10,74,88,1.2045454545454546,0.053991879176445545,534,Move it guys. Snakeskin boots are back ordered.
2307,2,14,72,88,1.2045454545454546,0.04891479303131595,534,Sorry Becker. Bring-Your-Pet-to-Work Day was last Friday.
2307,5,8,75,88,1.2045454545454546,0.05635916994471799,534,Is that from the new sushi place?
2307,2,14,72,88,1.2045454545454546,0.04891479303131595,534,No! The memo says we cannot fire him just because of the forked tongue!
2307,1,16,71,88,1.2045454545454546,0.04616734730784048,534,Genesis team from Apple? See Eve in the Eden Room please.
2307,4,10,74,88,1.2045454545454546,0.053991879176445545,534,"Umm... Not sure, but I may have to report you boys to H.R."
2307,3,12,73,88,1.2045454545454546,0.05151591984183321,534,Not exactly what I meant by 'the full monty.'
2307,2,14,72,88,1.2045454545454546,0.04891479303131595,534,Seriously? It’s nonvenomous and you still hired him?
2307,2,14,72,88,1.2045454545454546,0.04891479303131595,534,"I guess it can't be any worse than ""Snakes on a Plane."
2307,5,8,75,88,1.2045454545454546,0.05635916994471799,534,"Dump it in the stream out back, and I'll try to get the kitchen staff back to work."
2307,1,16,71,88,1.2045454545454546,0.04616734730784048,534,"All right, boys, if you say he works harder than Gunderson, we'll give him a shot."
2307,3,12,73,88,1.2045454545454546,0.05151591984183321,534,This is our new employee relations coordinator?
2307,5,8,75,88,1.2045454545454546,0.05635916994471799,534,Take it back. That's a Small. The order was for a Large.
2307,4,10,74,88,1.2045454545454546,0.053991879176445545,534,"Yes, the toilet in the men's restroom needs to be snaked. What makes you think this one would even fit?"
2307,3,12,73,88,1.2045454545454546,0.05151591984183321,534,"So, we need a new lead negotiator."
2307,4,10,74,88,1.2045454545454546,0.053991879176445545,534,Bring it over to product development
2307,2,14,72,88,1.2045454545454546,0.04891479303131595,534,We are going to sell snake oil and make a fortune.
2307,3,12,73,88,1.2045454545454546,0.05151591984183321,534,This goes on the wall over my desk.
2307,2,14,72,88,1.2045454545454546,0.04891479303131595,534,"Somehow, it seemed smaller in the store."
2307,5,8,75,88,1.2045454545454546,0.05635916994471799,534,"Bob considered his big sexual harassment speech a success, until he found Dave petting Phil's big snake in the office."
2307,4,10,74,88,1.2045454545454546,0.053991879176445545,534,We'd better switch to touchpads.
2307,4,10,74,88,1.2045454545454546,0.053991879176445545,534,I didn't take it literally when Bob referred to his co-worker as a snake.
2307,3,12,73,88,1.2045454545454546,0.05151591984183321,534,I know Bob brought his dog to work for Pet Friday but your pet has eaten Bob's pet.
2307,3,12,73,88,1.2045454545454546,0.05151591984183321,534,Tell McGurk to put it in the suggestion box.
2344,1,15,68,84,1.2023809523809523,0.04724104126249248,534,I see that bring your pet to work week began.
2344,3,11,70,84,1.2023809523809523,0.05296639920604616,534,Perhaps the takeout sushi is a bit too fresh.
2344,4,9,71,84,1.2023809523809523,0.05560846318231706,534,The mice are in the cafeteria.
2347,1,16,72,89,1.202247191011236,0.0457034878880431,534,"Which of you is strong enough to carry him alone, after he's eaten?"
2347,2,14,73,89,1.202247191011236,0.04841664403947964,534,"Okay, here's another shocker...you're fired!"
2347,2,14,73,89,1.202247191011236,0.04841664403947964,534,"I was referring to our boss when I said ""I'd do anything to carry that snake out of here""."
2347,1,16,72,89,1.202247191011236,0.0457034878880431,534,Please show Mr. Snake to his office. It's the one with the grass carpet.
2347,4,10,75,89,1.202247191011236,0.05343123290615736,534,Let's stick with the trash compactor we have.
2347,3,12,74,89,1.202247191011236,0.050985625768042275,534,The presidential candidate you're grooming for 2020 has arrived. Where should we take him?
2347,3,12,74,89,1.202247191011236,0.050985625768042275,534,This is our new communications director.
2347,3,12,74,89,1.202247191011236,0.050985625768042275,534,E'll have to find a desk somewhere in the back
2347,3,12,74,89,1.202247191011236,0.050985625768042275,534,I told you this would happen when we got rid of the glass ceiling.
2347,4,10,75,89,1.202247191011236,0.05343123290615736,534,"Whatever you do, don't let the chicken see it."
2357,3,11,72,86,1.197674418604651,0.051833067425708014,534,Sorry guys. Snake mail is even less efficient than snail mail.
2357,2,13,71,86,1.197674418604651,0.04912299937443237,534,"No, when I said our office had a snake in the grass, this is not what I meant."
2359,1,15,71,87,1.1954022988505748,0.04577609132754833,534,Tell Lost And Found to watch themselves
2359,4,9,74,87,1.1954022988505748,0.05382727149237504,534,Britney is no longer with the label.
2359,1,15,71,87,1.1954022988505748,0.04577609132754833,534,You idiots. The executive washroom sink is plugged up and I said I needed a plumbers snake.
2359,1,15,71,87,1.1954022988505748,0.04577609132754833,534,Where you goa with that boa?
2359,2,13,72,87,1.1954022988505748,0.04860821683203345,534,Not until I run it by legal counsel.
2359,2,13,72,87,1.1954022988505748,0.04860821683203345,534,"I know he's slimy, but did he break the law?"
2359,3,11,73,87,1.1954022988505748,0.051284178358943375,534,The new guy in marketing?
2359,3,11,73,87,1.1954022988505748,0.051284178358943375,534,He just ate the payroll clerk!
2359,1,15,71,87,1.1954022988505748,0.04577609132754833,534,Sushi lunch again?
2359,4,9,74,87,1.1954022988505748,0.05382727149237504,534,Sushi to go?
2359,4,9,74,87,1.1954022988505748,0.05382727149237504,534,"""Please accept my resignation"" signed - Anna Conda"
2359,1,15,71,87,1.1954022988505748,0.04577609132754833,534,"Now, if we can just locate Adam and Eve."
2359,1,15,71,87,1.1954022988505748,0.04577609132754833,534,It was in one of those packages from a reader.
2359,3,11,73,87,1.1954022988505748,0.051284178358943375,534,"I actually said get a photocopier, but I can understand the confusion."
2359,1,15,71,87,1.1954022988505748,0.04577609132754833,534,"When I said I expected the next quarter to be a monster one, I didn't mean this."
2359,2,13,72,87,1.1954022988505748,0.04860821683203345,534,Forked tongue... must be the new Republican mascot.
2359,2,13,72,87,1.1954022988505748,0.04860821683203345,534,This Pokemon Go business is getting out of hand.
2359,2,13,72,87,1.1954022988505748,0.04860821683203345,534,Someone left a bunch in the conference room.
2359,2,13,72,87,1.1954022988505748,0.04860821683203345,534,Playing Corporate Snakes and Ladders is really making me nervous.
2359,2,13,72,87,1.1954022988505748,0.04860821683203345,534,"Yep, this is what the interns do every summer to the boss, put it in is office, he will get a kick out of this."
2359,2,13,72,87,1.1954022988505748,0.04860821683203345,534,We're expanding into the Chamber of Secrets.
2359,2,13,72,87,1.1954022988505748,0.04860821683203345,534,We just won the pokemon find.
2359,3,11,73,87,1.1954022988505748,0.051284178358943375,534,"You misunderstood, I said 'Pythagorean Theorem'"
2359,2,13,72,87,1.1954022988505748,0.04860821683203345,534,The Olympic 2 person eel relay was last week.
2359,5,7,75,87,1.1954022988505748,0.056255518508638656,534,"Gosh, Mr. Trump, it's an honor."
2359,4,9,74,87,1.1954022988505748,0.05382727149237504,534,rectangular pylon !
2359,3,11,73,87,1.1954022988505748,0.051284178358943375,534,looks like I better get over to the breakfast bagels before they run out of the good lox.
2359,0,17,70,87,1.1954022988505748,0.04275678110973872,534,"No, I said let's seal the deal with a handshake."
2359,3,11,73,87,1.1954022988505748,0.051284178358943375,534,I thought we were going to bring in a mutually agreed upon arbitrator.
2359,6,5,76,87,1.1954022988505748,0.05858320210638645,534,"""Tell Mr. Putin, 'No thanks.' Mr. Trump already is one."
2359,0,17,70,87,1.1954022988505748,0.04275678110973872,534,He's our new man down in collections.
2359,3,11,73,87,1.1954022988505748,0.051284178358943375,534,I hope our next company mascot doesn't live for twenty-five years.
2359,4,9,74,87,1.1954022988505748,0.05382727149237504,534,"I smell a pink slip there, boys . . ."
2359,3,11,73,87,1.1954022988505748,0.051284178358943375,534,"Carl, I ordered the unagi HANDROLL!"
2359,3,11,73,87,1.1954022988505748,0.051284178358943375,534,Is that our new live lie-detector?
2359,5,7,75,87,1.1954022988505748,0.056255518508638656,534,How many phones can we charge at the same time?
2359,0,17,70,87,1.1954022988505748,0.04275678110973872,534,What?! Yet another mid-career transfer from the DEP?
2359,2,13,72,87,1.1954022988505748,0.04860821683203345,534,"Don't worry, we'll order you an ergonomic work station."
2359,2,13,72,87,1.1954022988505748,0.04860821683203345,534,"That’s not exactly what I meant when I said our campaign needs a real ""snake in the grass""."
2359,6,5,76,87,1.1954022988505748,0.05858320210638645,534,Damn!... I completely forgot it was Bring-Your-Anaconda-To-Work Day.
2359,5,7,75,87,1.1954022988505748,0.056255518508638656,534,Nope.
2359,2,13,72,87,1.1954022988505748,0.04860821683203345,534,Snake? I said I wanted a shake.
2359,5,7,75,87,1.1954022988505748,0.056255518508638656,534,"Sorry guys, he failed the polygraph."
2359,2,13,72,87,1.1954022988505748,0.04860821683203345,534,"The 'Best Weird Chef' Show's on the second floor, Guys!"
2359,3,11,73,87,1.1954022988505748,0.051284178358943375,534,Nice ssssynergy.
2359,2,13,72,87,1.1954022988505748,0.04860821683203345,534,Put him on my desk. We'll see if he can squeeze out a profit.
2359,3,11,73,87,1.1954022988505748,0.051284178358943375,534,"Whoa, you guys stealing office supplies again?"
2359,3,11,73,87,1.1954022988505748,0.051284178358943375,534,Did you use the HOV lane?
2359,3,11,73,87,1.1954022988505748,0.051284178358943375,534,"Okay, so, this is going to increase our sales how?"
2359,1,15,71,87,1.1954022988505748,0.04577609132754833,534,Now we will have a fighting chance at the interoffice picnic
2359,3,11,73,87,1.1954022988505748,0.051284178358943375,534,"I keep telling the boss that there are no feral pigs running around in the basement, but he won't listen."
2359,3,11,73,87,1.1954022988505748,0.051284178358943375,534,Even her body bag is snakeskin!
2359,0,17,70,87,1.1954022988505748,0.04275678110973872,534,Fred from HR ... just returned from a lengthy South American recruiting trip.
2359,1,15,71,87,1.1954022988505748,0.04577609132754833,534,Don't let the EPA see that's what is swimming in our retaining pond.
2359,4,9,74,87,1.1954022988505748,0.05382727149237504,534,No-Fish-in-the-Microwave. Period.
2359,2,13,72,87,1.1954022988505748,0.04860821683203345,534,This settles it. Our water system is contaminated.
2359,4,9,74,87,1.1954022988505748,0.05382727149237504,534,"Great, the ladders are already in the game room."
2359,2,13,72,87,1.1954022988505748,0.04860821683203345,534,Worming your way in isn't gonna work.
2359,3,11,73,87,1.1954022988505748,0.051284178358943375,534,I knew we shouldn't have kept his cage next to the microwave.
2359,2,13,72,87,1.1954022988505748,0.04860821683203345,534,I told you not to feed the goldfish.
2359,3,11,73,87,1.1954022988505748,0.051284178358943375,534,"They're really enforcing the diversity quotas, huh?"
2359,5,7,75,87,1.1954022988505748,0.056255518508638656,534,I don't know why he swallowed that fly
2359,3,11,73,87,1.1954022988505748,0.051284178358943375,534,Now THAT'S eatin' fresh.
2359,2,13,72,87,1.1954022988505748,0.04860821683203345,534,Our snake oil sales are soaring.
2359,4,9,74,87,1.1954022988505748,0.05382727149237504,534,"Give the bosses ""nephew"" that desk in the corner... I don't want him sliming up the office."
2359,4,9,74,87,1.1954022988505748,0.05382727149237504,534,"Oh, good, Mr. Fletcher the efficiency consultant is here."
2359,1,15,71,87,1.1954022988505748,0.04577609132754833,534,He ate their CEO. . . give him a bonus and 5 gallons of Pepto-Bismol.
2359,3,11,73,87,1.1954022988505748,0.051284178358943375,534,"Huh, this whole time I thought that sound was the building's old pipes."
2359,1,15,71,87,1.1954022988505748,0.04577609132754833,534,"Take it to the Board Room, they're expecting a response to their offer."
2359,1,15,71,87,1.1954022988505748,0.04577609132754833,534,Put it in the Board Room....bon appetit little one!
2359,2,13,72,87,1.1954022988505748,0.04860821683203345,534,"Honestly, Henderson; it takes both of you to carry a simple reptile?"
2359,3,11,73,87,1.1954022988505748,0.051284178358943375,534,I asked you to reel in a giant deal.
2359,4,9,74,87,1.1954022988505748,0.05382727149237504,534,I'm so disappointed in you guys. You two swore to me...no more bathroom pranks.
2359,2,13,72,87,1.1954022988505748,0.04860821683203345,534,Obviously you didn't see the memo about not bring pets to work.
2359,3,11,73,87,1.1954022988505748,0.051284178358943375,534,"I said ""Shake Shack"" for lunch, fellas"
2434,3,11,74,88,1.1931818181818181,0.05074665738242957,534,"You said, ""No shellfish."""
2434,3,11,74,88,1.1931818181818181,0.05074665738242957,534,"Damn autocorrect! Smithers wants it ""A.S.A.P"" not ""Asp."""
2434,2,13,73,88,1.1931818181818181,0.04810395218312092,534,"That’s so awesome, guys! Now, when Dave comes in, I’ll pull down his pants and you stuff it in there. Then Deb from Accounting comes in and says “Wow, Dave! Is that a snake in your pants, or are you just happy to see me??” Boom! Classic office prank!"
2434,2,13,73,88,1.1931818181818181,0.04810395218312092,534,Your last Herculean task is to balance the budget.
2434,5,7,76,88,1.1931818181818181,0.055656888838643434,534,"Ah, we caught another hacker!"
2434,2,13,73,88,1.1931818181818181,0.04810395218312092,534,You psychos think it'll swallow Zuckerberg whole?
2434,2,13,73,88,1.1931818181818181,0.04810395218312092,534,"I thought ""Mega Sushi"" was just a catchy name.."
2434,2,13,73,88,1.1931818181818181,0.04810395218312092,534,"So, how'd it go in there?"
2434,4,9,75,88,1.1931818181818181,0.05325839140777163,534,"Was I somehow unclear about our team building challenge? I distinctly said a boa constrictor, not a python."
2434,3,11,74,88,1.1931818181818181,0.05074665738242957,534,The boss feeling ok?
2434,3,11,74,88,1.1931818181818181,0.05074665738242957,534,I said I wanted to see you asAp.
2434,3,11,74,88,1.1931818181818181,0.05074665738242957,534,Tell Eve her strategic planning method needs to be updated.
2434,3,11,74,88,1.1931818181818181,0.05074665738242957,534,"I realize you're new here, Jenkins, but we at Mutual of Omaha no longer think of ourselves as the Wild Kingdom!"
2447,0,16,68,84,1.1904761904761905,0.04310187027192874,534,So I’ve got to be honest. I’m a bit surprised as it says right here on your resume that your major was anthropology.
2447,5,6,73,84,1.1904761904761905,0.05737664929361508,534,No—we're a construction company.
2447,1,14,69,84,1.1904761904761905,0.04631018196447773,534,At least it's not crabs.
2447,1,14,69,84,1.1904761904761905,0.04631018196447773,534,Let's just hope this one doesn't get away from you.
2447,2,12,70,84,1.1904761904761905,0.049310188462709244,534,"I said bring me a big ""deal""."
2447,3,10,71,84,1.1904761904761905,0.052137859745800555,534,They want the purchase order to be more specific.
2447,2,12,70,84,1.1904761904761905,0.049310188462709244,534,"Spencer, Bruce — No, you cannot share an emotional-support animal."
2447,1,14,69,84,1.1904761904761905,0.04631018196447773,534,I modified his office with an extra long sofa.
2447,3,10,71,84,1.1904761904761905,0.052137859745800555,534,"Sorry guys, no boas allowed in the boardroom."
2456,2,12,71,85,1.188235294117647,0.048778116640986524,534,"Is it Bring Your Komodo Dragon to Work Day, again?"
2456,3,10,72,85,1.188235294117647,0.051569532748121864,534,Assign her to the Sherwood case; the trial is next week.
2456,4,8,73,85,1.188235294117647,0.0542174211179169,534,Good! That will keep the creditors away.
2456,3,10,72,85,1.188235294117647,0.051569532748121864,534,Where should we put the new campaign manager?
2456,2,12,71,85,1.188235294117647,0.048778116640986524,534,The grass is on the third floor.
2456,1,14,70,85,1.188235294117647,0.045816946845285964,534,"I said buy Amazon, not anaconda."
2456,5,6,74,85,1.188235294117647,0.05674187869198083,534,"Sorry, but we've modified our bring-a-pet-to-work policy."
2456,2,12,71,85,1.188235294117647,0.048778116640986524,534,"I said ""an accountant"". You heard ""anaconda""!"
2456,2,12,71,85,1.188235294117647,0.048778116640986524,534,I think it's time we talked about your pet peeve!
2456,4,8,73,85,1.188235294117647,0.0542174211179169,534,"I said we needed an office ""boy"", not an office ""boa""."
2456,2,12,71,85,1.188235294117647,0.048778116640986524,534,"Great, we are all set for our appearance on Shark tank."
2456,1,14,70,85,1.188235294117647,0.045816946845285964,534,"On behalf of our team, let me welcome our new legal counselor."
2456,1,14,70,85,1.188235294117647,0.045816946845285964,534,"I think ""Don't Tread On Me"" doesn't quite represent our company's best interest, Chirpley's Tire and Auto is more of a business where the rubber meets the road !"
2456,1,14,70,85,1.188235294117647,0.045816946845285964,534,I thought they were being figurative!
2456,3,10,72,85,1.188235294117647,0.051569532748121864,534,Have we discussed your severance package?
2456,3,10,72,85,1.188235294117647,0.051569532748121864,534,"That reminds me, have you guys seen my missing pet frog Felicity?"
2456,3,10,72,85,1.188235294117647,0.051569532748121864,534,Hold it! I ordered a Serpent hard-drive
2456,1,14,70,85,1.188235294117647,0.045816946845285964,534,Just putting the bite on the the Johnson account.
2456,4,8,73,85,1.188235294117647,0.0542174211179169,534,You're sure this was sponsored by the Clinton Foundation?
2456,2,12,71,85,1.188235294117647,0.048778116640986524,534,A gift from our corporate partner in South America?
2456,2,12,71,85,1.188235294117647,0.048778116640986524,534,It must have heard we sell snake oil.
2456,3,10,72,85,1.188235294117647,0.051569532748121864,534,Now go see Smithers in accounting and give him a real tongue-lashing.
2456,3,10,72,85,1.188235294117647,0.051569532748121864,534,I see you've met the new legal intern.
2456,2,12,71,85,1.188235294117647,0.048778116640986524,534,We'll bring it to the meeting only for shock value.
2456,3,10,72,85,1.188235294117647,0.051569532748121864,534,J.K. thanks you for clearing out Voldemort's desk.
2456,4,8,73,85,1.188235294117647,0.0542174211179169,534,"Sorry boys. Research is in. Effective immediately, we're out of the snake oil business."
2456,3,10,72,85,1.188235294117647,0.051569532748121864,534,"Careful, the employee of the year must be sunned every 2 hours."
2456,2,12,71,85,1.188235294117647,0.048778116640986524,534,The squeaky eel gets the grease.
2456,2,12,71,85,1.188235294117647,0.048778116640986524,534,It's going to 1313 Mockingbird Lane. Ask for Herman.
2456,2,12,71,85,1.188235294117647,0.048778116640986524,534,You must be our new car salesman.
2456,3,10,72,85,1.188235294117647,0.051569532748121864,534,Where's the grass?
2456,1,14,70,85,1.188235294117647,0.045816946845285964,534,Put the tail in the vice-presidents office and the head in the mail room.
2456,1,14,70,85,1.188235294117647,0.045816946845285964,534,It tastes like chicken
2456,2,12,71,85,1.188235294117647,0.048778116640986524,534,You two are not snaking your way out of it this time!
2456,1,14,70,85,1.188235294117647,0.045816946845285964,534,I thought you said you landed a whale.
2456,2,12,71,85,1.188235294117647,0.048778116640986524,534,The sushi chef is waiting in the back room.
2456,2,12,71,85,1.188235294117647,0.048778116640986524,534,I guess you should put it in the grass.
2456,1,14,70,85,1.188235294117647,0.045816946845285964,534,I guess we better stop feeding the koi.
2456,2,12,71,85,1.188235294117647,0.048778116640986524,534,"You caught Neely slithering home early, again?"
2456,3,10,72,85,1.188235294117647,0.051569532748121864,534,"Look fellas, the boss's memo clearly says 'I welcome constructive criticism"" - with a 'u'."
2456,3,10,72,85,1.188235294117647,0.051569532748121864,534,You two SHOULD be rattled by those second-quarter earnings.
2456,1,14,70,85,1.188235294117647,0.045816946845285964,534,Be sure to hide him back in the grass when the shareholders show up!
2456,2,12,71,85,1.188235294117647,0.048778116640986524,534,We're taking him where he'll fit in--The New Yorker
2456,5,6,74,85,1.188235294117647,0.05674187869198083,534,Meeting's cancelled; Bob forgot the ladder.
2456,3,10,72,85,1.188235294117647,0.051569532748121864,534,"So, THAT is the new corporate mascot?"
2456,5,6,74,85,1.188235294117647,0.05674187869198083,534,LEAVE IT UNDER BOARD ROOM CONFERENCE TABLE AND CLOSE THE DOOR..
2456,4,8,73,85,1.188235294117647,0.0542174211179169,534,"Why does it always take both of you to ""drain the snake""?"
2456,2,12,71,85,1.188235294117647,0.048778116640986524,534,Put him over there - next to the mouse trap.
2456,4,8,73,85,1.188235294117647,0.0542174211179169,534,"Um, Salazar, I'm not sure Basilisks are appropriate for bring your pet to work day..."
2456,4,8,73,85,1.188235294117647,0.0542174211179169,534,"I said Sub-prime lender, not Sub-primate! ... Wait ... Ok this could work."
2456,4,8,73,85,1.188235294117647,0.0542174211179169,534,That's the last time I order omakase.
2456,1,14,70,85,1.188235294117647,0.045816946845285964,534,The boss wants you on the floor right away.
2456,1,14,70,85,1.188235294117647,0.045816946845285964,534,That should help our chances in the Shark Tank.
2456,2,12,71,85,1.188235294117647,0.048778116640986524,534,Don't tell me that my former boss has been reincarnated.
2456,3,10,72,85,1.188235294117647,0.051569532748121864,534,"Good job guys, that forked tongue will fit right in with tonight's presidential debate coverage."
2456,4,8,73,85,1.188235294117647,0.0542174211179169,534,"Sorry, fellas. The boss changed her mind. Get her an aardvark sample, asap!"
2456,4,8,73,85,1.188235294117647,0.0542174211179169,534,I said we'd need to get some snacks for the recruiting function.
2456,5,6,74,85,1.188235294117647,0.05674187869198083,534,I thought we weren't hiring any more Slytherin's.
2456,2,12,71,85,1.188235294117647,0.048778116640986524,534,Our snake oil is made from all natural ingredients.
2456,2,12,71,85,1.188235294117647,0.048778116640986524,534,So that's snake eyes.
2456,3,10,72,85,1.188235294117647,0.051569532748121864,534,"When I said you had to land a big fish, I didn't think you would take it literally!"
2456,4,8,73,85,1.188235294117647,0.0542174211179169,534,"I actually said public servant roles hold different pay scales, not publically hold a serpent with grey scales."
2456,3,10,72,85,1.188235294117647,0.051569532748121864,534,Put it back where you found it. Now!
2456,1,14,70,85,1.188235294117647,0.045816946845285964,534,I warned him about the tuna salad.
2456,2,12,71,85,1.188235294117647,0.048778116640986524,534,Put it in charge of the slush fund.
2456,4,8,73,85,1.188235294117647,0.0542174211179169,534,We Found The Snake That's Been Causing All The Sin
2456,5,6,74,85,1.188235294117647,0.05674187869198083,534,We will use it to squeeze and crush the competion.
2456,6,4,75,85,1.188235294117647,0.05915870893041358,534,He just started in the Law department.
2456,2,12,71,85,1.188235294117647,0.048778116640986524,534,"Ahhhh, the new Vice President of HR. Welcome aboard!"
2456,4,8,73,85,1.188235294117647,0.0542174211179169,534,I just knew the mail order reptile business was a mistake.
2456,2,12,71,85,1.188235294117647,0.048778116640986524,534,"Gentlemen, what I actually sad was ""We need a new 'feel' for this project!"""
2456,2,12,71,85,1.188235294117647,0.048778116640986524,534,"Tell the Bronx Zoo they can have their boa back, but let's hold off on releasing the news that it swallowed our CEO."
2456,1,14,70,85,1.188235294117647,0.045816946845285964,534,"Sir, the mail room guys are threatening to strike..."
2456,1,14,70,85,1.188235294117647,0.045816946845285964,534,That dragon roll looks a little TOO fresh.
2456,3,10,72,85,1.188235294117647,0.051569532748121864,534,I don't this is a good solution to bugs in the break room
2456,3,10,72,85,1.188235294117647,0.051569532748121864,534,"Replacing the power strips with electric eels for ""green energy"" should really get corporate's attention."
2456,4,8,73,85,1.188235294117647,0.0542174211179169,534,"Hang in there Higgins, we're going to execute a Python-Heimlich maneuver. Plan B: suppositories."
2456,3,10,72,85,1.188235294117647,0.051569532748121864,534,"I said I wanted the ten foot sub deal, not eel."
2456,3,10,72,85,1.188235294117647,0.051569532748121864,534,They weren't kidding when they said they had the freshest sushi in town.
2456,3,10,72,85,1.188235294117647,0.051569532748121864,534,And you say that he feeds on spam
2456,1,14,70,85,1.188235294117647,0.045816946845285964,534,"That's it, this is the last horcrux we are insuring for him!"
2456,4,8,73,85,1.188235294117647,0.0542174211179169,534,Venom …check. Now get some vim and vigor.
2456,3,10,72,85,1.188235294117647,0.051569532748121864,534,"'Yes, but can she type?'"
2456,2,12,71,85,1.188235294117647,0.048778116640986524,534,Those aren't exactly the scales of justice Leo was asking about.
2456,2,12,71,85,1.188235294117647,0.048778116640986524,534,No! I said bring me Dr. Millmoss. He's inside the hippo.
2456,2,12,71,85,1.188235294117647,0.048778116640986524,534,"Guys, take your sea serpent to work day is next week, not today."
2456,2,12,71,85,1.188235294117647,0.048778116640986524,534,"I know it's ""Bring Your Pet to Work Day"" but...."
2456,2,12,71,85,1.188235294117647,0.048778116640986524,534,Every Florida vote is going to count in November!
2456,1,14,70,85,1.188235294117647,0.045816946845285964,534,"Oh, thank goodness, it's not a mole."
2456,1,14,70,85,1.188235294117647,0.045816946845285964,534,"When I said we needed more salesmen who could sell snake oil, I didn't mean it literally."
2456,1,14,70,85,1.188235294117647,0.045816946845285964,534,Since when is sales training a two man job?
2456,2,12,71,85,1.188235294117647,0.048778116640986524,534,"When you're done with that, can you take a look at the Johnson account?"
2456,5,6,74,85,1.188235294117647,0.05674187869198083,534,Slap a 'Made in America' sticker on it.
2456,4,8,73,85,1.188235294117647,0.0542174211179169,534,"Since it has a forked tongue, add it to the sales team."
2456,1,14,70,85,1.188235294117647,0.045816946845285964,534,If it tells you to eat one of the apples on the tree outside then I'd give it a miss...
2456,3,10,72,85,1.188235294117647,0.051569532748121864,534,This water snake says its name is Ryan Lochte
2456,0,16,69,85,1.188235294117647,0.04265068080823368,534,"Hell of a performance review, Doug."
2456,3,10,72,85,1.188235294117647,0.051569532748121864,534,How should I know it was a typo? The memo just said 'service animals now allowed'.
2456,1,14,70,85,1.188235294117647,0.045816946845285964,534,Every year the food's worse here.
2456,3,10,72,85,1.188235294117647,0.051569532748121864,534,I said snack not snake.
2456,4,8,73,85,1.188235294117647,0.0542174211179169,534,My apologies...turns out she said a large stake in the business.
2456,3,10,72,85,1.188235294117647,0.051569532748121864,534,looking for a charger.
2456,0,16,69,85,1.188235294117647,0.04265068080823368,534,"OK, now bring in a fowl."
2456,2,12,71,85,1.188235294117647,0.048778116640986524,534,Hurry up -- they need him for JP's peer review.
2456,3,10,72,85,1.188235294117647,0.051569532748121864,534,"When you said you were doing a ""Dragon Drop"" I thought it was something you were doing on your computer."
2456,1,14,70,85,1.188235294117647,0.045816946845285964,534,Is it bring-your-pet-to-work day *again*?
2456,3,10,72,85,1.188235294117647,0.051569532748121864,534,Ms. Spears' office is the third on the left.
2456,4,8,73,85,1.188235294117647,0.0542174211179169,534,Give him the office between Samuels and Franks. One's a shark and the other's a whale.
2456,4,8,73,85,1.188235294117647,0.0542174211179169,534,Sushi deliveries are on the main floor.
2456,3,10,72,85,1.188235294117647,0.051569532748121864,534,I didn't know the Summer Interns were already leaving.
2456,2,12,71,85,1.188235294117647,0.048778116640986524,534,You can't claim that on expenses.
2456,2,12,71,85,1.188235294117647,0.048778116640986524,534,"Yes, it's a fine specimen of Cylindrophiidae, but we don't need it at Hartsdale Publishing."
2456,3,10,72,85,1.188235294117647,0.051569532748121864,534,I'm concerned there is something is fishy down in accounting.
2456,2,12,71,85,1.188235294117647,0.048778116640986524,534,I asked for a Healthy Shake
2456,5,6,74,85,1.188235294117647,0.05674187869198083,534,"Wow, nice pencil case!"
2456,3,10,72,85,1.188235294117647,0.051569532748121864,534,"Perfect boys, if this doesn't get Trump off the front page, I don't know what will."
2456,1,14,70,85,1.188235294117647,0.045816946845285964,534,I recall requesting a Monty Python video as a grab bag gift.
2456,2,12,71,85,1.188235294117647,0.048778116640986524,534,Double the tartar sauce.
2456,4,8,73,85,1.188235294117647,0.0542174211179169,534,"I asked for a ""boat constructor"". This is a ""boa constrictor""."
2456,2,12,71,85,1.188235294117647,0.048778116640986524,534,Are you sure this will get us Samuel L Jackson?
2456,1,14,70,85,1.188235294117647,0.045816946845285964,534,Blame the shrinking applicant pool.
2456,4,8,73,85,1.188235294117647,0.0542174211179169,534,"Yes, Frank, I already TOLD you that Tom in accounting was a snake in the grass!"
2456,3,10,72,85,1.188235294117647,0.051569532748121864,534,Send out a memo that no one's allowed to eat at their desk!
2456,1,14,70,85,1.188235294117647,0.045816946845285964,534,I told you guys to put that thing in the long briefcase where it belongs!
2456,1,14,70,85,1.188235294117647,0.045816946845285964,534,Guys - we've discussed this. Budget meetings do not include 'Show and Tell' time.
2456,4,8,73,85,1.188235294117647,0.0542174211179169,534,"Another suspect Russian athlete, eh, Ponderby?"
2582,6,4,76,86,1.186046511627907,0.05850772607200484,534,"Becky said she wanted my big, fat anaconda."
2582,3,10,73,86,1.186046511627907,0.051013337241002224,534,"I said, Python training, Bob! Not a trained python."
2582,3,10,73,86,1.186046511627907,0.051013337241002224,534,"New Yorker writing tip #1: Show, don't tell."
2582,3,10,73,86,1.186046511627907,0.051013337241002224,534,I thought corporate wanted us to transition away from snakes.
2582,3,10,73,86,1.186046511627907,0.051013337241002224,534,Wow...you guys are glad to see me.
2582,1,14,71,86,1.186046511627907,0.04533392718515796,534,The board room is full of snakes.
2582,2,12,72,86,1.186046511627907,0.048257256089076536,534,It was a typo. It was supposed to say steak for the company cook out.
2582,3,10,73,86,1.186046511627907,0.051013337241002224,534,I don't think this is what the boss meant when he said he wanted a new viper.
2590,3,10,74,87,1.1839080459770115,0.050468893694394994,534,"So, how did he do on the lie-detector test?"
2590,2,12,73,87,1.1839080459770115,0.04774726195683065,534,That's not quite what I meant about integrating Python into our office.
2592,2,11,70,83,1.180722891566265,0.04892190131450311,534,Down the hall and to the right
2592,5,5,73,83,1.180722891566265,0.057226982351308985,534,'It's bring your pet to work week sir.'
2592,1,13,69,83,1.180722891566265,0.04582023644587216,534,Are you men feeling eel?
2592,0,15,68,83,1.180722891566265,0.04249277241702737,534,Who am I to question my two top salesmen?
2592,3,9,71,83,1.180722891566265,0.05183831390483617,534,oh wait...it says bring your STEPCHILD to work day....not Reptile....my bad.
2592,2,11,70,83,1.180722891566265,0.04892190131450311,534,Looks like Human Resources respects the equal opportunity principle.
2592,4,7,72,83,1.180722891566265,0.054599168022660204,534,"No! No! I said: Go for a cig break, not go for a big snake."
2592,4,7,72,83,1.180722891566265,0.054599168022660204,534,Oops. Wrong model. There's no antidote for that one. Did you keep the box and receipt?
2592,4,7,72,83,1.180722891566265,0.054599168022660204,534,Boss- come join the friday office party conger line !
2592,4,7,72,83,1.180722891566265,0.054599168022660204,534,"Donald, stop by my office after team-building."
2592,2,11,70,83,1.180722891566265,0.04892190131450311,534,We don't need another lawyer in the office.
2592,4,7,72,83,1.180722891566265,0.054599168022660204,534,"Great, no more unpleasant downsizing announcements. Start him in 'Marketing'."
2592,3,9,71,83,1.180722891566265,0.05183831390483617,534,I said we had a mouse problem.
2592,2,11,70,83,1.180722891566265,0.04892190131450311,534,No smoking regardless of species. Get it out of here!
2592,6,3,74,83,1.180722891566265,0.059739315942747284,534,"Sir, the eel you requested for lunch."
2592,2,11,70,83,1.180722891566265,0.04892190131450311,534,I suppose I did request fresh sushi for the department conference.
2592,3,9,71,83,1.180722891566265,0.05183831390483617,534,"No, no! I said we need more servant leadership."
2592,1,13,69,83,1.180722891566265,0.04582023644587216,534,Not right now. He's had a hell of a flight.
2592,3,9,71,83,1.180722891566265,0.05183831390483617,534,That's not exactly the kind of merger I had in mind.
2592,0,15,68,83,1.180722891566265,0.04249277241702737,534,Sushi again Ted?
2592,2,11,70,83,1.180722891566265,0.04892190131450311,534,There's some leftover venison in the break room.
2592,2,11,70,83,1.180722891566265,0.04892190131450311,534,Take him to HR.
2592,2,11,70,83,1.180722891566265,0.04892190131450311,534,That's not what we meant by an eel wrap.
2592,3,9,71,83,1.180722891566265,0.05183831390483617,534,Been phishing?
2592,5,5,73,83,1.180722891566265,0.057226982351308985,534,"This is a meeting out This is a meeting about emails, not mail eels!"
2592,1,13,69,83,1.180722891566265,0.04582023644587216,534,"I said we could use a good servant around here, not a serpent."
2592,5,5,73,83,1.180722891566265,0.057226982351308985,534,Are you in the snake oil sales division?
2592,4,7,72,83,1.180722891566265,0.054599168022660204,534,I'm sorry. The role of the anaconda has already been cast.
2592,3,9,71,83,1.180722891566265,0.05183831390483617,534,"I don't care if she feels she was supposed to be born a human, she still needs to dress business casual."
2592,3,9,71,83,1.180722891566265,0.05183831390483617,534,We have ferreted out the office mole.
2592,5,5,73,83,1.180722891566265,0.057226982351308985,534,I hate to be the one to address the 800 pound serpent in the room.
2592,2,11,70,83,1.180722891566265,0.04892190131450311,534,What about the tartar sauce?
2592,2,11,70,83,1.180722891566265,0.04892190131450311,534,"Ohhh,last time I checked, snakes were in management's floor"
2592,1,13,69,83,1.180722891566265,0.04582023644587216,534,"Hold on, gents. You are not going to snake your way out of things this time!"
2592,2,11,70,83,1.180722891566265,0.04892190131450311,534,"Ah, you found the last XP user!"
2592,1,13,69,83,1.180722891566265,0.04582023644587216,534,"Sell the sizzle, not the snake!"
2592,4,7,72,83,1.180722891566265,0.054599168022660204,534,Oh -- so THIS is what you meant when you said our legal department is full of snakes.
2592,3,9,71,83,1.180722891566265,0.05183831390483617,534,"The ""snake in the grass"" turned out to be in the office!"
2592,4,7,72,83,1.180722891566265,0.054599168022660204,534,Where is my EpiPen?
2592,3,9,71,83,1.180722891566265,0.05183831390483617,534,"I got the memo, you really like the letter 's' huh?"
2592,2,11,70,83,1.180722891566265,0.04892190131450311,534,We just want to show the boss our adder-ation.
2592,2,11,70,83,1.180722891566265,0.04892190131450311,534,"Just act natural, maybe he won't notice."
2592,3,9,71,83,1.180722891566265,0.05183831390483617,534,"Excellent Gentlemen. She's gone to lunch, and Snookums is all alone. Just follow the infernal yapping."
2592,2,11,70,83,1.180722891566265,0.04892190131450311,534,I thought this was a pet friendly office.
2592,2,11,70,83,1.180722891566265,0.04892190131450311,534,"No, he cannot have his own cubicle."
2592,3,9,71,83,1.180722891566265,0.05183831390483617,534,Conference room B; the coiling is at 3PM.
2592,1,13,69,83,1.180722891566265,0.04582023644587216,534,"Actually, no, sir, He said that fruit is forbidden. I have the transcript right here. What happened to your limbs?"
2592,2,11,70,83,1.180722891566265,0.04892190131450311,534,"Works like a charm, with your pet, the meeting was adjourned in no time."
2592,3,9,71,83,1.180722891566265,0.05183831390483617,534,"Oh, is it snake time already?"
2592,3,9,71,83,1.180722891566265,0.05183831390483617,534,Sorry. My emotional support snake sometimes has a taste for other service animals.
2592,3,9,71,83,1.180722891566265,0.05183831390483617,534,Relax. I just got Gila monster added to the approved list of emotional support animals.
2592,4,7,72,83,1.180722891566265,0.054599168022660204,534,I was kidding.
2592,4,7,72,83,1.180722891566265,0.054599168022660204,534,This focus grouper didn't think much of the new product?
2592,3,9,71,83,1.180722891566265,0.05183831390483617,534,Am I the only one in the office not feeling eel?
2592,2,11,70,83,1.180722891566265,0.04892190131450311,534,We found him out back in the grass.
2592,6,3,74,83,1.180722891566265,0.059739315942747284,534,I want that up my ass
2592,1,13,69,83,1.180722891566265,0.04582023644587216,534,I got a complaint of a hostile-work environment that says the new employee is a snake.
2592,3,9,71,83,1.180722891566265,0.05183831390483617,534,"Damned spellcheck -should have been ""Make a Wish"" foundation."
2592,4,7,72,83,1.180722891566265,0.054599168022660204,534,I told you guys no more Harry Potter pranks in the office!!
2592,1,13,69,83,1.180722891566265,0.04582023644587216,534,"He can stay, but only if he promises not to eat anyone else."
2592,2,11,70,83,1.180722891566265,0.04892190131450311,534,You have made a huge mis-snake.
2592,4,7,72,83,1.180722891566265,0.054599168022660204,534,"I never thought they'd fire you either, Nate."
2592,2,11,70,83,1.180722891566265,0.04892190131450311,534,"I said stimulating deal, not slithering eel."
2592,2,11,70,83,1.180722891566265,0.04892190131450311,534,He became our newest mascot when he ate the other warm and friendly one.
2592,3,9,71,83,1.180722891566265,0.05183831390483617,534,"You were sent on an assignment to find and write about the Loch Ness monster, not find and capture him!"
2592,2,11,70,83,1.180722891566265,0.04892190131450311,534,Thanks for fixing the printer.
2592,2,11,70,83,1.180722891566265,0.04892190131450311,534,The cable company is here.
2592,2,11,70,83,1.180722891566265,0.04892190131450311,534,He really is a snake in grass!
2592,3,9,71,83,1.180722891566265,0.05183831390483617,534,You guys from R&D? Huh. So. I guess the new Tarnhelm worked.
2592,2,11,70,83,1.180722891566265,0.04892190131450311,534,I don't care what the snake says; this is a Gryffindor office.
2592,1,13,69,83,1.180722891566265,0.04582023644587216,534,"I said to take a long position, but this is too much"
2592,3,9,71,83,1.180722891566265,0.05183831390483617,534,Put it in the conference room for now. I'll call Animal Resources.
2592,3,9,71,83,1.180722891566265,0.05183831390483617,534,"That's the third one this week, isn't it?"
2592,1,13,69,83,1.180722891566265,0.04582023644587216,534,Take Harry to health services and get our CEO back pronto.
2592,3,9,71,83,1.180722891566265,0.05183831390483617,534,"Our new advertising slogan: ""Our mascot ate our competition's mascot."""
2592,2,11,70,83,1.180722891566265,0.04892190131450311,534,That explains the missing files.
2592,2,11,70,83,1.180722891566265,0.04892190131450311,534,Has anyone seen Laocoon?
2592,0,15,68,83,1.180722891566265,0.04249277241702737,534,They're not ready. Can you bring him back at two-thirty?
2592,2,11,70,83,1.180722891566265,0.04892190131450311,534,Is this going to be a second amendment issue?
2592,5,5,73,83,1.180722891566265,0.057226982351308985,534,I had no idea someone from the C-Suite was visiting today!
2592,2,11,70,83,1.180722891566265,0.04892190131450311,534,Looks like toxic management syndrome.
2592,2,11,70,83,1.180722891566265,0.04892190131450311,534,Look right here! I specifically ordered a extra-large SHAKE with my burger.
2592,4,7,72,83,1.180722891566265,0.054599168022660204,534,Why didn't anyone tell me the corporate attorney was here today?
2592,4,7,72,83,1.180722891566265,0.054599168022660204,534,Take him to the typing-pool.
2676,0,15,69,84,1.1785714285714286,0.04203894830190181,534,"""Sorry fellas, 'Bring Your Pet To Work Day"" was last week""."
2676,2,11,71,84,1.1785714285714286,0.048383846887362136,534,Are you giving us the raise we asked for?
2676,2,11,71,84,1.1785714285714286,0.048383846887362136,534,Anacondas are done. We're looking for alligators and dragon lizards this week.
2676,2,11,71,84,1.1785714285714286,0.048383846887362136,534,Careful with our new speechwriter.
2676,2,11,71,84,1.1785714285714286,0.048383846887362136,534,Take it back to the Accounting Department.
2676,2,11,71,84,1.1785714285714286,0.048383846887362136,534,Orientation for new Marketing Interns is in the second conference room on the right.
2676,2,11,71,84,1.1785714285714286,0.048383846887362136,534,Is that really a snake or are you just happy to see me?
2676,0,15,69,84,1.1785714285714286,0.04203894830190181,534,"Is it 'Take Your Pet to Work Day,' already?"
2676,3,9,72,84,1.1785714285714286,0.051262641097241254,534,When I said Cary Forktong I was referring to our new department head.
2676,3,9,72,84,1.1785714285714286,0.051262641097241254,534,I see the new intern program has begun.
2676,1,13,70,84,1.1785714285714286,0.04532256509703348,534,It has Guinness all over it for surprise parties.
2676,4,7,73,84,1.1785714285714286,0.05398814781884477,534,"Thanks, but I'll pass on the sashimi."
2676,2,11,71,84,1.1785714285714286,0.048383846887362136,534,I told you Louis was a snake.
2676,1,13,70,84,1.1785714285714286,0.04532256509703348,534,My birthday isn't until next week!
2676,2,11,71,84,1.1785714285714286,0.048383846887362136,534,Now get rid of the snake in the front office.
2676,0,15,69,84,1.1785714285714286,0.04203894830190181,534,You said you wanted a plan that would devour the competition.
2676,3,9,72,84,1.1785714285714286,0.051262641097241254,534,"Yes, this is the hedge fund where our new therapy pet is to be delivered."
2676,2,11,71,84,1.1785714285714286,0.048383846887362136,534,We have to stop bring your pet to work day
2676,2,11,71,84,1.1785714285714286,0.048383846887362136,534,No dessert if it doesn't eat the whole thing>
2676,4,7,73,84,1.1785714285714286,0.05398814781884477,534,Let's go with solar panels instead.
2676,3,9,72,84,1.1785714285714286,0.051262641097241254,534,Make sure you get him back in time for debate prep.
2676,4,7,73,84,1.1785714285714286,0.05398814781884477,534,uh-oh. Trumped again!
2676,1,13,70,84,1.1785714285714286,0.04532256509703348,534,"Gentlemen, you hold in your hands Jim Johnson, our new vice president of marketing & public relations."
2676,4,7,73,84,1.1785714285714286,0.05398814781884477,534,He never thought he would see her again after he flushed her down the toilet.
2676,2,11,71,84,1.1785714285714286,0.048383846887362136,534,I don't know how else to squeeze a little profit out of you. …
2676,2,11,71,84,1.1785714285714286,0.048383846887362136,534,I thought we needed to increase the intensity of our management trust exercises.
2676,2,11,71,84,1.1785714285714286,0.048383846887362136,534,"On second thought, he might have meant 'an accountant', after all."
2676,5,5,74,84,1.1785714285714286,0.056582522368256956,534,Quick - get him back to Sales! He can't do actual work for very long.
2676,2,11,71,84,1.1785714285714286,0.048383846887362136,534,But he can't type.
2676,3,9,72,84,1.1785714285714286,0.051262641097241254,534,I don't think that's going to work - it's much bigger than what the plumber used last time the drain backed up.
2676,2,11,71,84,1.1785714285714286,0.048383846887362136,534,Looks like we're for another budget squeeze.
2676,1,13,70,84,1.1785714285714286,0.04532256509703348,534,Are you sure there isn't an easier way to transfer my Roth IRA funds?
2676,3,9,72,84,1.1785714285714286,0.051262641097241254,534,"Of course marketing needs me; I made ""Apple"" a household name."
2676,2,11,71,84,1.1785714285714286,0.048383846887362136,534,"Boys, I think your idea for a company mascot won't be well received by management."
2676,0,15,69,84,1.1785714285714286,0.04203894830190181,534,Reminds me of me in the early days.
2676,3,9,72,84,1.1785714285714286,0.051262641097241254,534,That goes in the other vice-president’s office.
2676,3,9,72,84,1.1785714285714286,0.051262641097241254,534,"Gentlemen, I thought I told you last week that we do not recognize 'service snakes' as an accommodation."
2676,2,11,71,84,1.1785714285714286,0.048383846887362136,534,"In retrospect, I should have been more specific when adding Python to your job requirements."
2676,3,9,72,84,1.1785714285714286,0.051262641097241254,534,When I said 'carpe diem' I didn't mean it literally!
2676,2,11,71,84,1.1785714285714286,0.048383846887362136,534,"Sorry fellas, no snaking out early this week."
2676,3,9,72,84,1.1785714285714286,0.051262641097241254,534,You should've seen the one that got away.
2676,1,13,70,84,1.1785714285714286,0.04532256509703348,534,Having a forked tongue isn't a crime Frank.
2676,3,9,72,84,1.1785714285714286,0.051262641097241254,534,"Guys, I said it was a jump the _shark_ moment."
2676,4,7,73,84,1.1785714285714286,0.05398814781884477,534,"Gentlemen, meet your new boss."
2676,4,7,73,84,1.1785714285714286,0.05398814781884477,534,We feel you're a little out of your depth here.
2676,5,5,74,84,1.1785714285714286,0.056582522368256956,534,Hey guys... I told you no T-rumps in the office... A snake in the grass needs to be kept outside in the grass
2676,3,9,72,84,1.1785714285714286,0.051262641097241254,534,To Legal with the rest...
2676,1,13,70,84,1.1785714285714286,0.04532256509703348,534,"Adam, you know this is not our new COBRA policy."
2676,1,13,70,84,1.1785714285714286,0.04532256509703348,534,"Nice work, fellows. The women have had a sense all week that something was trying to look up their skirts."
2676,4,7,73,84,1.1785714285714286,0.05398814781884477,534,The IT guys want you to put that with the other computer viruses next to the scams and phishing section.
2676,2,11,71,84,1.1785714285714286,0.048383846887362136,534,You know the rule:No pets in the office.
2676,4,7,73,84,1.1785714285714286,0.05398814781884477,534,What's with the snake pits?
2676,2,11,71,84,1.1785714285714286,0.048383846887362136,534,"Oh good, the unagi is here."
2729,4,7,74,85,1.1764705882352942,0.05339056082773511,534,"You guys have got to get with the office lingo! That's not what I meant by ""Fish or cut bait!"""
2729,2,11,72,85,1.1764705882352942,0.0478573703400451,534,I forgot it was take-your-giant-sea-eel-to-work day.
2729,2,11,72,85,1.1764705882352942,0.0478573703400451,534,That's not what I meant when I told you to go fishing for new ideas.
2729,6,3,76,85,1.1764705882352942,0.05840184992905565,534,No fair! I was supposed to help carry the boss's demon penis today.
2729,2,11,72,85,1.1764705882352942,0.0478573703400451,534,You three are cold blooded.
2729,3,9,73,85,1.1764705882352942,0.05069950631596087,534,"Guys, I said we needed to scale down"
2729,4,7,74,85,1.1764705882352942,0.05339056082773511,534,"I'm sorry, he can't go to the hearing. Serpents don't have standing."
2736,4,7,76,87,1.1724137931034482,0.05223396605431375,534,Hey this venimous viper said he could make this place great again!
2737,2,10,70,82,1.170731707317073,0.048478438536580806,534,Interns truly are the heart and soul of this business.
2737,6,2,74,82,1.170731707317073,0.05962059620596206,534,"Welcome to this week's Trump campaign, sir. You're on CNN in five."
2737,2,10,70,82,1.170731707317073,0.048478438536580806,534,Yes the water cooler is down the hall.
2737,3,8,71,82,1.170731707317073,0.051490514905149054,534,It's our new takeover defense. It goes to legal.
2737,3,8,71,82,1.170731707317073,0.051490514905149054,534,Drop everything! There's a report of a giant snake in the ladies room.
2737,1,12,69,82,1.170731707317073,0.045266376933577414,534,No more Harry Potter Time Travel . . . And STOP Bringing Back Souvenirs!
2737,2,10,70,82,1.170731707317073,0.048478438536580806,534,"It's conga line, not conger line."
2737,3,8,71,82,1.170731707317073,0.051490514905149054,534,"Trump Brand snake oil? Ok, just put it over there in the cage next to the bulls."
2737,1,12,69,82,1.170731707317073,0.045266376933577414,534,Ten more laps without anyone dying and you both get promoted.
2737,3,8,71,82,1.170731707317073,0.051490514905149054,534,So you're the reason all my employees started wearing clothes?
2737,1,12,69,82,1.170731707317073,0.045266376933577414,534,His future here is a slippery slope at best.
2737,3,8,71,82,1.170731707317073,0.051490514905149054,534,"Oops, sorry, it wasn't the ""lying asp"" he wanted us to bring him."
2737,3,8,71,82,1.170731707317073,0.051490514905149054,534,Where's the unagi sauce?
2737,2,10,70,82,1.170731707317073,0.048478438536580806,534,The boss's birthday present?
2737,2,10,70,82,1.170731707317073,0.048478438536580806,534,"Sushi grade, I trust."
2737,1,12,69,82,1.170731707317073,0.045266376933577414,534,"I'm sorry the connection was bad, but I said, 'Let's ink the deal,' not 'Let's bring the eel.'"
2737,2,10,70,82,1.170731707317073,0.048478438536580806,534,"I like thinking outside the box, but I'm not sure we can squeeze margins any tighter."
2737,4,6,72,82,1.170731707317073,0.05433587440586293,534,"""This will captivate the crowds and media! "" Mr. Trump will come on the stage and say, ' Which candidate speaks with forked tongue' then they bring out "" Hilary Snake""."
2737,1,12,69,82,1.170731707317073,0.045266376933577414,534,Does somebody need a hug?
2737,3,8,71,82,1.170731707317073,0.051490514905149054,534,"I printed out these numbers for local vets specializing in Amazonian Death Snakes, for whichever one of you is keeping him this weekend."
2737,2,10,70,82,1.170731707317073,0.048478438536580806,534,The CEO personally searched under every rock in Central Park to find him. He’s leaving no stone unturned to perfect the art of speaking with a forked tongue.
2737,3,8,71,82,1.170731707317073,0.051490514905149054,534,I always suspected Wilson of being a snake-in-the-grass.
2737,3,8,71,82,1.170731707317073,0.051490514905149054,534,He'll represent us with our boss: Two forked tongues in a parry.
2737,3,8,71,82,1.170731707317073,0.051490514905149054,534,"Sorry fellas, but you're in the wrong place; this is a Gryffindor-only office."
2737,1,12,69,82,1.170731707317073,0.045266376933577414,534,did he try the short cut across the Hudson?
2737,3,8,71,82,1.170731707317073,0.051490514905149054,534,"You guys realize the presentation was at 3:15, right?"
2737,4,6,72,82,1.170731707317073,0.05433587440586293,534,It'll be fine. We'll put a gold wig on him and call him a businessman.
2737,3,8,71,82,1.170731707317073,0.051490514905149054,534,He speaks with forked tongue. Throw him back.
2737,3,8,71,82,1.170731707317073,0.051490514905149054,534,Those guys from accounting are really strange.
2737,5,4,73,82,1.170731707317073,0.05703947203211162,534,You are late on project Jormungandr! The tail is already in the conference room.
2737,4,6,72,82,1.170731707317073,0.05433587440586293,534,There's always a snake in the office
2737,3,8,71,82,1.170731707317073,0.051490514905149054,534,Accounting is testing a sliding scale based system.
2737,2,10,70,82,1.170731707317073,0.048478438536580806,534,Put him at Smith's desk.
2737,2,10,70,82,1.170731707317073,0.048478438536580806,534,"Next time, leave yourproblems at the door."
2737,2,10,70,82,1.170731707317073,0.048478438536580806,534,The suicidal grasshopper's on the 40th floor ledge. Try to talk it down first.
2737,3,8,71,82,1.170731707317073,0.051490514905149054,534,We already have one of those - he's in the corner office.
2737,2,10,70,82,1.170731707317073,0.048478438536580806,534,On you're way out please grab the clump of skin on Sheila's desk.
2737,2,10,70,82,1.170731707317073,0.048478438536580806,534,Take it back. I ordered the fresh octopus.
2737,2,10,70,82,1.170731707317073,0.048478438536580806,534,How do you short eel options?
2737,1,12,69,82,1.170731707317073,0.045266376933577414,534,I don't think he'll be seeking another term.
2737,0,14,68,82,1.170731707317073,0.04180826184428594,534,I thought we were going to buy a larger stake in the company.
2737,2,10,70,82,1.170731707317073,0.048478438536580806,534,"Put 'im in HR: ""Human Reptiles."""
2737,3,8,71,82,1.170731707317073,0.051490514905149054,534,We thought the line graphs could use some sprucing up.
2737,4,6,72,82,1.170731707317073,0.05433587440586293,534,"With a sigh of relief, Rio Olympic Officials started putting the country back to normal..."
2737,2,10,70,82,1.170731707317073,0.048478438536580806,534,I thought diversity training was next week.
2737,2,10,70,82,1.170731707317073,0.048478438536580806,534,"Too much to drink at the office party again, I see."
2737,2,10,70,82,1.170731707317073,0.048478438536580806,534,We knew there was something fishy going on here.
2737,2,10,70,82,1.170731707317073,0.048478438536580806,534,HR applicant?
2737,1,12,69,82,1.170731707317073,0.045266376933577414,534,Macrofiche?
2737,2,10,70,82,1.170731707317073,0.048478438536580806,534,"If you could show him how to create a TPS report, that'd be great."
2737,1,12,69,82,1.170731707317073,0.045266376933577414,534,Put it in the snack room cooler for next week's contest.
2737,1,12,69,82,1.170731707317073,0.045266376933577414,534,"Our new campaign strategist, Sir"
2737,2,10,70,82,1.170731707317073,0.048478438536580806,534,Is it Tuesday already?
2737,4,6,72,82,1.170731707317073,0.05433587440586293,534,My Anaconda Don't
2737,2,10,70,82,1.170731707317073,0.048478438536580806,534,I don't care if it's not politically correct. It's not polite to stick out your tongue.
2737,3,8,71,82,1.170731707317073,0.051490514905149054,534,I requested fresh not alive!
2737,0,14,68,82,1.170731707317073,0.04180826184428594,534,We need to talk about the elephant in the room.
2737,1,12,69,82,1.170731707317073,0.045266376933577414,534,Mamba Mia!
2737,3,8,71,82,1.170731707317073,0.051490514905149054,534,"After work, a few of us are going for a R - U - N"
2737,1,12,69,82,1.170731707317073,0.045266376933577414,534,We always thought J B was a snake.
2737,2,10,70,82,1.170731707317073,0.048478438536580806,534,"Get to work boys, but try not to be too invasive."
2737,4,6,72,82,1.170731707317073,0.05433587440586293,534,You must be here to fix the copier.
2737,2,10,70,82,1.170731707317073,0.048478438536580806,534,We need to rethink ophidian Friday.
2737,3,8,71,82,1.170731707317073,0.051490514905149054,534,I guess Trump does take every dare seriously.
2737,3,8,71,82,1.170731707317073,0.051490514905149054,534,"'Training for new hire car sales is down the hall."""
2737,1,12,69,82,1.170731707317073,0.045266376933577414,534,"Ugh, sushi bar, again?"
2737,4,6,72,82,1.170731707317073,0.05433587440586293,534,I was expecting a different sort of sample for the meeting on the new snake skin cover product range
2737,3,8,71,82,1.170731707317073,0.051490514905149054,534,We usually celebrate diversity here. But you're just yucky.
2737,2,10,70,82,1.170731707317073,0.048478438536580806,534,"Ok, now go get a large cake for Linda's retirement."
2737,5,4,73,82,1.170731707317073,0.05703947203211162,534,I confess. I'm the rat!
2737,3,8,71,82,1.170731707317073,0.051490514905149054,534,You can't keep that. Those things shed!
2737,0,14,68,82,1.170731707317073,0.04180826184428594,534,"I know we have a reputation for hiring snakes--but this time, it has gone too far."
2737,1,12,69,82,1.170731707317073,0.045266376933577414,534,"Wonderful! We are in the lead! All we have left are Tiger, Uakari, Vole, Wolverine, X-ray Tetra, Yak, and Zebra!"
2737,1,12,69,82,1.170731707317073,0.045266376933577414,534,"Conga line,"" the memo said, not ""Conger line"
2737,3,8,71,82,1.170731707317073,0.051490514905149054,534,He's not a team player; he's a snake
2737,1,12,69,82,1.170731707317073,0.045266376933577414,534,It goes on the ficus tree of knowledge.
2737,3,8,71,82,1.170731707317073,0.051490514905149054,534,"""The Donald"" shapeshifting again?"
2737,2,10,70,82,1.170731707317073,0.048478438536580806,534,That's why we need a wall.
2737,1,12,69,82,1.170731707317073,0.045266376933577414,534,We have the appetizers.
2737,4,6,72,82,1.170731707317073,0.05433587440586293,534,I asked for scales of risk. You actuaries are so literal.
2737,0,14,68,82,1.170731707317073,0.04180826184428594,534,I guess I just don't see how you can qualify as a therapy pet if you can't wear the necessary vest.
2737,1,12,69,82,1.170731707317073,0.045266376933577414,534,You guys obviously didn't get the memo of no phishing on company time.
2737,3,8,71,82,1.170731707317073,0.051490514905149054,534,You knew it was against company policy to digest a goat in the break room.
2737,3,8,71,82,1.170731707317073,0.051490514905149054,534,"Oh no, it's a corporate takeover!"
2737,4,6,72,82,1.170731707317073,0.05433587440586293,534,...The sushi chef's waiting in the lunchroom...
2737,1,12,69,82,1.170731707317073,0.045266376933577414,534,Could be the wrong pet for a legal office.
2737,3,8,71,82,1.170731707317073,0.051490514905149054,534,I see a new pair of boots in my future!
2737,3,8,71,82,1.170731707317073,0.051490514905149054,534,The exterminator forgot this.
2737,2,10,70,82,1.170731707317073,0.048478438536580806,534,He insists this is the polling station address on his sample ballot - and we have to accommodate him.
2737,4,6,72,82,1.170731707317073,0.05433587440586293,534,"No bottom fishing, Sir. We caught this one as it snuck out of an Amazon Prime Fresh delivery van."
2737,3,8,71,82,1.170731707317073,0.051490514905149054,534,We need a new motivational Speaker
2737,3,8,71,82,1.170731707317073,0.051490514905149054,534,"Surprisingly enough, he's telling the truth."
2737,2,10,70,82,1.170731707317073,0.048478438536580806,534,This p;lace is becoming way to constricting.
2737,2,10,70,82,1.170731707317073,0.048478438536580806,534,IF ONLY THEY DIDN'T BLEND IN SO WELL.
2737,1,12,69,82,1.170731707317073,0.045266376933577414,534,I've got a bad eeling about this.
2737,1,12,69,82,1.170731707317073,0.045266376933577414,534,"'This office is a jungle."""
2737,3,8,71,82,1.170731707317073,0.051490514905149054,534,The cubicle rules are clear. No man-eating serpents.
2737,0,14,68,82,1.170731707317073,0.04180826184428594,534,More constrictions are to follow?
2737,5,4,73,82,1.170731707317073,0.05703947203211162,534,That's a big snake.
2737,4,6,72,82,1.170731707317073,0.05433587440586293,534,If it were a snake it would bite you.
2837,2,10,71,83,1.1686746987951808,0.04793495540400366,534,I see you're jumpstarting research in the snake oil sales division.
2837,1,12,70,83,1.1686746987951808,0.044764959391397526,534,"In response to your memo, Herman sent this reply"
2837,1,12,70,83,1.1686746987951808,0.044764959391397526,534,"Guys...show and tell is next Friday; but, I guess we can make some time for thissss."
2837,1,12,70,83,1.1686746987951808,0.044764959391397526,534,Your colleagues are sick of carrying your weight...
2837,4,6,73,83,1.1686746987951808,0.053716633086265925,534,He's here for the Apple campaign.
2837,2,10,71,83,1.1686746987951808,0.04793495540400366,534,Show her to the intern's office and send the other applicants home!
2837,2,10,71,83,1.1686746987951808,0.04793495540400366,534,We're going to put it in the grass.
2837,1,12,70,83,1.1686746987951808,0.044764959391397526,534,The client wants an electrifying product. Eel'll do.
2837,1,12,70,83,1.1686746987951808,0.044764959391397526,534,The call center has been complaining about mice. Leave it over there.
2837,1,12,70,83,1.1686746987951808,0.044764959391397526,534,This is one more reason we should be on the cloud.
2837,2,10,71,83,1.1686746987951808,0.04793495540400366,534,Confirmed. Even the revised version of the third quarter report is hard to swallow.
2837,4,6,73,83,1.1686746987951808,0.053716633086265925,534,I see you met our new cartoonist!
2837,3,8,72,83,1.1686746987951808,0.050907939556165197,534,Are you sure he went to Harvard Business School?
2837,1,12,70,83,1.1686746987951808,0.044764959391397526,534,"Purchasing botched it again. I ordered Anaconda cooper, not the snake.!"
2851,3,8,73,84,1.1666666666666667,0.05033830852372419,534,"Sam and Mark learn, to their dismay, that backup electricity was no longer needed."
2852,2,9,69,80,1.1625,0.0485346998405017,534,He doesn't match the description. This one is hisssspanic
2852,3,7,70,80,1.1625,0.05169209596069913,534,"Doug, let's meet for your annual evaluation next week instead"
2852,4,5,71,80,1.1625,0.054667435288411496,534,"Henderson, I had something else in mind when I agreed to let you people snake out the drain in the men's room."
2852,3,7,70,80,1.1625,0.05169209596069913,534,Feed it some rats then leave it in my office.
2852,1,11,68,80,1.1625,0.04515707466615905,534,"Yes, I ordered fresh sushi--but not this fresh!"
2852,1,11,68,80,1.1625,0.04515707466615905,534,You see it says right here that it's not poisonous... oh wait sorry... it goes on to say it is venomous though.
2852,1,11,68,80,1.1625,0.04515707466615905,534,Is that a snake in your hands or are you just pleased to see me?
2852,0,13,67,80,1.1625,0.0415054899525657,534,Delivery for the inside trader.
2852,3,7,70,80,1.1625,0.05169209596069913,534,.But we'll look after him...please...please.
2852,2,9,69,80,1.1625,0.0485346998405017,534,What the devil is it saying?
2852,3,7,70,80,1.1625,0.05169209596069913,534,You can't honestly believe that my decision to outsource our snakeskin division was personal.
2852,1,11,68,80,1.1625,0.04515707466615905,534,It's getting harder and harder to keep the scales balanced around here.
2852,3,7,70,80,1.1625,0.05169209596069913,534,This is Tad from Accounting -- says he has a few questions.
2852,1,11,68,80,1.1625,0.04515707466615905,534,The Brazilian delegation is...not pleased.
2852,0,13,67,80,1.1625,0.0415054899525657,534,"No guys, that's not what I said, you have to BE ILL to go home."
2852,3,7,70,80,1.1625,0.05169209596069913,534,Marketing told us to dredge up anybody we could get our hands on
2852,3,7,70,80,1.1625,0.05169209596069913,534,"Trying to snake out of here before quitting time, eh?"
2852,1,11,68,80,1.1625,0.04515707466615905,534,This had better not concern the vending machine again.
2852,1,11,68,80,1.1625,0.04515707466615905,534,Don't you ever listen? I said I fancied a big STEAK!
2852,1,11,68,80,1.1625,0.04515707466615905,534,The coelacanth division is two desks down on the right.
2852,3,7,70,80,1.1625,0.05169209596069913,534,"Um, it's a windshield WIPER contract..."
2852,2,9,69,80,1.1625,0.0485346998405017,534,The guy with the heavy cologne is in for it now.
2852,4,5,71,80,1.1625,0.054667435288411496,534,Is that a snake or are you just happy to see me?
2852,1,11,68,80,1.1625,0.04515707466615905,534,"Calm down, Lester. Give yourself some credit. Remember, you got the job as chief campaign strategist because of your fresh, outside the box ideas, not because you are a slimy, giant eel."
2852,3,7,70,80,1.1625,0.05169209596069913,534,"Gentlemen, we already have a president elect"
2852,1,11,68,80,1.1625,0.04515707466615905,534,This is the big fish she mentioned was in the outer office
2852,2,9,69,80,1.1625,0.0485346998405017,534,"That reminds me, you want to go out for a sub sandwich?"
2852,0,13,67,80,1.1625,0.0415054899525657,534,"...HMMMM-KAY, SO, APPARENTLY, WE'RE GOING TO HAVE TO GET SOMEONE ELSE FROM LEGAL TO SIGN OFF ON THIS ONE."
2852,2,9,69,80,1.1625,0.0485346998405017,534,I want our campaign to be electric
2852,2,9,69,80,1.1625,0.0485346998405017,534,Happy bring your pet to work day!
2852,1,11,68,80,1.1625,0.04515707466615905,534,Place him next to the pigs in a blanket.
2852,0,13,67,80,1.1625,0.0415054899525657,534,The sales department is on the fourth floor.
2852,2,9,69,80,1.1625,0.0485346998405017,534,Is this 'Bring Your Pet to Work Day' or just lunch at your desks?
2852,2,9,69,80,1.1625,0.0485346998405017,534,"Total snake, but sure can sell."
2852,2,9,69,80,1.1625,0.0485346998405017,534,"I said, use Monster to advertise our job openings. Do you ever listen ?"
2852,0,13,67,80,1.1625,0.0415054899525657,534,As long as he's not a pet.
2852,4,5,71,80,1.1625,0.054667435288411496,534,"When I asked for scales they were to stand on, not run from."
2852,2,9,69,80,1.1625,0.0485346998405017,534,That new intern looks like management material.
2852,1,11,68,80,1.1625,0.04515707466615905,534,Landed a big one.
2852,3,7,70,80,1.1625,0.05169209596069913,534,Something eel this way comes.
2852,1,11,68,80,1.1625,0.04515707466615905,534,No slithering on break.
2852,1,11,68,80,1.1625,0.04515707466615905,534,"I'm sorry it didn't work out boys, but the corporate world's just not ready for an eel-snake genetic-hybrid IT guy."
2852,1,11,68,80,1.1625,0.04515707466615905,534,"So, that's the new HR Director, huh?"
2852,2,9,69,80,1.1625,0.0485346998405017,534,The copier is broken again too.
2852,1,11,68,80,1.1625,0.04515707466615905,534,"Remember, Company policy, only half hour lunch breaks."
2852,3,7,70,80,1.1625,0.05169209596069913,534,I meant we were cutting a different kind of cobra.
2852,3,7,70,80,1.1625,0.05169209596069913,534,You said you wanted an applicant as comfortable on land as on sea.
2852,4,5,71,80,1.1625,0.054667435288411496,534,Don't you think these Trump parodies have gone a little too far?
2852,1,11,68,80,1.1625,0.04515707466615905,534,Just keep that guy away from the party sub.
2852,1,11,68,80,1.1625,0.04515707466615905,534,That's my eel sushi?
2852,2,9,69,80,1.1625,0.0485346998405017,534,This is no time for sea monsters; we are on a deadline!
2852,2,9,69,80,1.1625,0.0485346998405017,534,We believe the serpent was sharing Apple's intellectual property with Wikileaks.
2852,4,5,71,80,1.1625,0.054667435288411496,534,"Check Conference B-28, too; I swear I saw a bunch of 'em."
2852,2,9,69,80,1.1625,0.0485346998405017,534,"Opposing council appears to be a capybara, so... good work."
2852,4,5,71,80,1.1625,0.054667435288411496,534,"Here we go again, another 'Black Friday' for Human Resources"
2852,4,5,71,80,1.1625,0.054667435288411496,534,It was then he noticed the two of them snaking through the office.
2852,4,5,71,80,1.1625,0.054667435288411496,534,"I didn't mind carrying the boss's briefcase, but I refuse to carry his Schlange."
2852,1,11,68,80,1.1625,0.04515707466615905,534,Still denying your slimy intentions for my job?
2852,2,9,69,80,1.1625,0.0485346998405017,534,New intern?
2852,3,7,70,80,1.1625,0.05169209596069913,534,Hard to tell--Hillary or the Donald?
2852,2,9,69,80,1.1625,0.0485346998405017,534,I told you to have STEAK tartare prepared for the managers' luncheon.
2852,1,11,68,80,1.1625,0.04515707466615905,534,I thought we were downsizing...
2852,2,9,69,80,1.1625,0.0485346998405017,534,Here's the caption for this weeks contest.
2852,1,11,68,80,1.1625,0.04515707466615905,534,Our incubator investment is really starting to pay dividends.
2852,2,9,69,80,1.1625,0.0485346998405017,534,Is it Friday yet?
2852,0,13,67,80,1.1625,0.0415054899525657,534,"I'm sorry fellows, but pets have to be under 12 feet long."
2852,1,11,68,80,1.1625,0.04515707466615905,534,"shake hands and make eye contact"" ""Mr Trump will see you next"
2852,2,9,69,80,1.1625,0.0485346998405017,534,Looks like the sales team hired another snake.
2852,5,3,72,80,1.1625,0.05748899179160468,534,"He will be returned to the Garden of Eden Only After he has acknowledged the Cease & Desist for Entrapment, Coercion and Bait & Switch."
2852,0,13,67,80,1.1625,0.0415054899525657,534,"Say what you will, but he is still our best scare tactic salesman!"
2852,3,7,70,80,1.1625,0.05169209596069913,534,"Oh there it is. My son Timmy's been looking for his little pet snake since ""take your sons to work"" day last year."
2852,2,9,69,80,1.1625,0.0485346998405017,534,"With the secretarial pool, you take what you can get."
2852,2,9,69,80,1.1625,0.0485346998405017,534,Hey Barry - this is Neal - our new Compliance Officer.
2852,1,11,68,80,1.1625,0.04515707466615905,534,We told you we were going to squeeze you for a raise.
2852,1,11,68,80,1.1625,0.04515707466615905,534,Put a sock in it.
2852,2,9,69,80,1.1625,0.0485346998405017,534,"Sorry, fellas, but the board just doesn't think we need serpent wranglers anymore."
2852,3,7,70,80,1.1625,0.05169209596069913,534,"The basket we found on the doorstep says it answers to the name ""Nessie""..."
2852,1,11,68,80,1.1625,0.04515707466615905,534,I told you that the new guy in accounting is a snake.
2852,3,7,70,80,1.1625,0.05169209596069913,534,Once she agrees that cloth seats and no Sat Nav are OK you can put him away again
2852,1,11,68,80,1.1625,0.04515707466615905,534,Catch of the day.
2852,1,11,68,80,1.1625,0.04515707466615905,534,So today's the switch to sustainable energy.
2852,4,5,71,80,1.1625,0.054667435288411496,534,Is this what was designed by the committee?
2852,3,7,70,80,1.1625,0.05169209596069913,534,You must be Jerry from Legal
2852,2,9,69,80,1.1625,0.0485346998405017,534,He came crawling in for a 9 to 5 job.
2852,0,13,67,80,1.1625,0.0415054899525657,534,"Hey Steve, HR was just looking for you."
2852,2,9,69,80,1.1625,0.0485346998405017,534,"And this is your trained ""service animal"" you're bringing with you, not just a pet?"
2852,1,11,68,80,1.1625,0.04515707466615905,534,"So THAT's what they meant by ""scaling back."""
2852,2,9,69,80,1.1625,0.0485346998405017,534,Sounds like sssssales department.
2852,3,7,70,80,1.1625,0.05169209596069913,534,"Get rid of that. Tomorrow is ""Bring Your Candidate to Work Day""."
2852,2,9,69,80,1.1625,0.0485346998405017,534,What part of bring your daughter to work day did you not understand
2852,2,9,69,80,1.1625,0.0485346998405017,534,That's right Harrison. Get that thing down to makeup. We'll show that lizard a thing or two.
2852,1,11,68,80,1.1625,0.04515707466615905,534,Is it testing better than our snake oil product?
2852,2,9,69,80,1.1625,0.0485346998405017,534,Quickly boys! Those voluntary labor cuts need motivation!
2852,1,11,68,80,1.1625,0.04515707466615905,534,Yes I was right when I said that we have a snake in our midst.
2852,3,7,70,80,1.1625,0.05169209596069913,534,Better put a hoodie on it when you pass Human Resources.
2852,2,9,69,80,1.1625,0.0485346998405017,534,put that anywhere
2852,1,11,68,80,1.1625,0.04515707466615905,534,"Well, yes, I did say we were terminating some of our staff."
2852,1,11,68,80,1.1625,0.04515707466615905,534,I guess I'm not surprised. I hope you have more luck with his campaign than I did.
2852,3,7,70,80,1.1625,0.05169209596069913,534,Not exactly what I meant by scales of economy...
2852,2,9,69,80,1.1625,0.0485346998405017,534,You can put Goldman's mascot in the shark tank downstairs until we find a longer term solution.
2852,1,11,68,80,1.1625,0.04515707466615905,534,Who thought this was a good plan on bring your dog to work day?
2852,1,11,68,80,1.1625,0.04515707466615905,534,"So, you think THAT will make our company great again?"
2852,1,11,68,80,1.1625,0.04515707466615905,534,I must have missed the memo.
2852,1,11,68,80,1.1625,0.04515707466615905,534,The snake oil sales numbers are down
2852,2,9,69,80,1.1625,0.0485346998405017,534,"Sorry, we have enough employees speaking with a forked tongue!"
2852,1,11,68,80,1.1625,0.04515707466615905,534,"I'll miss you, old boy. Nobody can crunch numbers like you, Kaa,."
2852,2,9,69,80,1.1625,0.0485346998405017,534,So that's Trump's pet?
2852,2,9,69,80,1.1625,0.0485346998405017,534,I'll need a gallon of fresh snake oil for the sales trip.
2852,2,9,69,80,1.1625,0.0485346998405017,534,I think you guys misunderstood what the boss meant when he said you should 'take a stake in the company.'
2852,2,9,69,80,1.1625,0.0485346998405017,534,They took a black banana and put it in the microwave. You won't believe what happened next!
2852,2,9,69,80,1.1625,0.0485346998405017,534,But Thursday is Monty's day to come in and slither.
2852,1,11,68,80,1.1625,0.04515707466615905,534,"Let me guess, our new yoga instructor?"
2852,2,9,69,80,1.1625,0.0485346998405017,534,"Give it a rest, guys. You can never rattle Fred while he's on the air?"
2852,3,7,70,80,1.1625,0.05169209596069913,534,I told you to SNEEK up on the competition!
2852,3,7,70,80,1.1625,0.05169209596069913,534,Fresh sushi for the lunch meeting.
2852,1,11,68,80,1.1625,0.04515707466615905,534,"In the van, make sure he's wearing his seat belt, or you're both going to be his next breakfast and lunch."
2852,1,11,68,80,1.1625,0.04515707466615905,534,Forked tongue. Fangs. How about a bad blond wig?
2852,1,11,68,80,1.1625,0.04515707466615905,534,"Wow, Bob. I guess you'll do whatever it takes to slither your way to the top."
2852,5,3,72,80,1.1625,0.05748899179160468,534,"In this picture 2 workers are holding a big snake, and a guy with coffee is staring at the ginormous snake."
2852,2,9,69,80,1.1625,0.0485346998405017,534,"Sir, the EPA is wrong. Things can live in the Gowanus."
2852,2,9,69,80,1.1625,0.0485346998405017,534,"Way to snake one for the team, boys."
2852,4,5,71,80,1.1625,0.054667435288411496,534,"With morale in sharp decline, the boss opted to take his team-building exercises in a bold new direction"
2974,1,11,69,81,1.1604938271604939,0.04464119686855444,534,"That's great, but I wanted the Tree of Knowledge."
2974,3,7,71,81,1.1604938271604939,0.05108933752236682,534,We found this in the grass in your office.
2974,3,7,71,81,1.1604938271604939,0.05108933752236682,534,You're gonna need a bigger zipper.
2974,0,13,68,81,1.1604938271604939,0.04103893861381398,534,"Excellent job slaying the Basilisk, guys. But the memo says you're still fired."
2974,4,5,72,81,1.1604938271604939,0.054025571572940904,534,"Can you please talk some sense into him, Mr. Potter?"
2974,0,13,68,81,1.1604938271604939,0.04103893861381398,534,A forked tongue gets us nowhere.
2974,3,7,71,81,1.1604938271604939,0.05108933752236682,534,Well we can't report it to Human Resources.
2974,1,11,69,81,1.1604938271604939,0.04464119686855444,534,This is not the wraparound service we need.
2974,1,11,69,81,1.1604938271604939,0.04464119686855444,534,Greg's having a hissy fit about our lack of gender neutral bathrooms.
2974,1,11,69,81,1.1604938271604939,0.04464119686855444,534,"You can keep him. Remember red and yellow, kill a fellow. Gray and black, friendly Jack."
2974,3,7,71,81,1.1604938271604939,0.05108933752236682,534,"Fred, you know you brought this upon yourself."
2974,3,7,71,81,1.1604938271604939,0.05108933752236682,534,Put him on the right side of the conference table.
2974,3,7,71,81,1.1604938271604939,0.05108933752236682,534,Put it in Professor Jones’s office.
2974,2,9,70,81,1.1604938271604939,0.04797372648821098,534,"I definitely ordered beef tongue, not forked tongue"
2974,3,7,71,81,1.1604938271604939,0.05108933752236682,534,Not another rep trying to get us to switch from PC's to Apples?
2974,1,11,69,81,1.1604938271604939,0.04464119686855444,534,"He does seem to fit the job description of being a ""go-getter"", I guess we will move him to the next round of interview."
2974,0,13,68,81,1.1604938271604939,0.04103893861381398,534,The guy from River Monsters stopped by and he left this for you.
2974,0,13,68,81,1.1604938271604939,0.04103893861381398,534,I wish the boss would wait for the week-end before reverting to his psychic self.
2974,1,11,69,81,1.1604938271604939,0.04464119686855444,534,Are you sure it's fresh? She's very fussy about that.
2974,2,9,70,81,1.1604938271604939,0.04797372648821098,534,"Quick, carry our campaign manager directly back to the candidate to prep for the speech."
2974,4,5,72,81,1.1604938271604939,0.054025571572940904,534,This should finally solve the mice and spider problems!
2995,1,11,70,82,1.1585365853658536,0.04413684952548057,534,"No, no, that's last year's model."
2996,2,8,67,77,1.155844155844156,0.04913793781438531,534,"Please listen closely, as our menu options have recently changed."
2997,0,12,67,79,1.1518987341772151,0.040639993680056885,534,"Of course, he gets the corner office."
2997,3,6,70,79,1.1518987341772151,0.05123786608343864,534,Was the lizard insured?
2997,2,8,69,79,1.1518987341772151,0.04796612321171352,534,"Just a minute, folks! They're carrying in our expert on scale."
2997,1,10,68,79,1.1518987341772151,0.04445423524410439,534,I thought bring your pet to work day was next week.
2997,2,8,69,79,1.1518987341772151,0.04796612321171352,534,I'd prefer an apple if you're trying to butter me up.
2997,2,8,69,79,1.1518987341772151,0.04796612321171352,534,It's not what I had in mind when I asked you to fish around for a back-up power source.
2997,2,8,69,79,1.1518987341772151,0.04796612321171352,534,Is this our new team mascot?
2997,3,6,70,79,1.1518987341772151,0.05123786608343864,534,"Another one?! Ohhh alllright, put it in the conference room with all the other ones. I would say good job, but this is getting old."
2997,1,10,68,79,1.1518987341772151,0.04445423524410439,534,I'll need those reports on my desk by sssssix.
2997,2,8,69,79,1.1518987341772151,0.04796612321171352,534,"I asked for ""take out"", not ""snake out""...."
2997,2,8,69,79,1.1518987341772151,0.04796612321171352,534,Another new lawyer for Hillary?
2997,2,8,69,79,1.1518987341772151,0.04796612321171352,534,The GOP elephant has morphed into a new species.
2997,0,12,67,79,1.1518987341772151,0.040639993680056885,534,Nice to see take your snake to work catching on.
2997,0,12,67,79,1.1518987341772151,0.040639993680056885,534,Here's the memo you apparently didn't get: All snakes must be in cages.
2997,1,10,68,79,1.1518987341772151,0.04445423524410439,534,The women just laughed. Let's try mascot idea #2.
2997,0,12,67,79,1.1518987341772151,0.040639993680056885,534,I knew they would be bringing someone else in to take over the Slytherin account. I just didn't realize they would be so literal.
2997,2,8,69,79,1.1518987341772151,0.04796612321171352,534,I forgot about the company picnic.
2997,1,10,68,79,1.1518987341772151,0.04445423524410439,534,Nothing beats freshly-prepared sushi. Set your pot luck dish in conference room 1.
2997,3,6,70,79,1.1518987341772151,0.05123786608343864,534,This looks to me like a conflict of interest.
2997,2,8,69,79,1.1518987341772151,0.04796612321171352,534,We're going off-grid … our electric bills are too high.
2997,2,8,69,79,1.1518987341772151,0.04796612321171352,534,"Get inside, I've got an idea."
2997,1,10,68,79,1.1518987341772151,0.04445423524410439,534,"No, I said 'sneak it in'."
2997,1,10,68,79,1.1518987341772151,0.04445423524410439,534,From The Boss: 'Bring in an adder. An adder!'
2997,2,8,69,79,1.1518987341772151,0.04796612321171352,534,"""Idiots. I said 'sherbet' not 'serpent'."
2997,2,8,69,79,1.1518987341772151,0.04796612321171352,534,Looks like we're going beast mode. This should scare the competition.
2997,3,6,70,79,1.1518987341772151,0.05123786608343864,534,Recycle.
2997,2,8,69,79,1.1518987341772151,0.04796612321171352,534,"Your Python is great, but let's stick to Java."
2997,1,10,68,79,1.1518987341772151,0.04445423524410439,534,Looks like Johnson has a bad case of the Mondays.
2997,2,8,69,79,1.1518987341772151,0.04796612321171352,534,Who said our new sales rep could share my office?
2997,2,8,69,79,1.1518987341772151,0.04796612321171352,534,"Well, You've got your ninety days in, welcome to the firm."
2997,3,6,70,79,1.1518987341772151,0.05123786608343864,534,"I said Be Evil, not Be Eel!"
2997,2,8,69,79,1.1518987341772151,0.04796612321171352,534,"I know we're all eager to scale up our operations, but this is a dangerous approach."
2997,4,4,71,79,1.1518987341772151,0.05431287937135631,534,What makes you think it's French?
2997,1,10,68,79,1.1518987341772151,0.04445423524410439,534,"Paul Ryan, we brought the candidate you ordered."
2997,2,8,69,79,1.1518987341772151,0.04796612321171352,534,Take him up to sales. Back in the day he sold the first Macintosh.
2997,2,8,69,79,1.1518987341772151,0.04796612321171352,534,"Yes, I see now there is a difference between a schlemiel and an eel..."
2997,2,8,69,79,1.1518987341772151,0.04796612321171352,534,He ran away from home. His family wants him back. Here's the address.
2997,2,8,69,79,1.1518987341772151,0.04796612321171352,534,"OK, but can you get him to speak in an Aussie accent?"
2997,1,10,68,79,1.1518987341772151,0.04445423524410439,534,"Sorry, I'm really swamped."
2997,1,10,68,79,1.1518987341772151,0.04445423524410439,534,"Wrong floor, this is the office for Garden of Eatin'"
2997,2,8,69,79,1.1518987341772151,0.04796612321171352,534,"I said, ""No more bad deals!"""
2997,3,6,70,79,1.1518987341772151,0.05123786608343864,534,"Yes, it is 'bring your pet to work day' Benson, but we also have a rule against bringing in disgusting reptiles!!"
2997,1,10,68,79,1.1518987341772151,0.04445423524410439,534,Mr. Python's cubicle is at the end of the hall.
2997,2,8,69,79,1.1518987341772151,0.04796612321171352,534,I don'the really like bring your pet to work day
2997,2,8,69,79,1.1518987341772151,0.04796612321171352,534,"I said we need a digital strategy, not an electric one."
2997,3,6,70,79,1.1518987341772151,0.05123786608343864,534,Clearly I thought differently when you said you were going to drain the lizard.
2997,2,8,69,79,1.1518987341772151,0.04796612321171352,534,HR says you're creating an unsafe environment.
2997,3,6,70,79,1.1518987341772151,0.05123786608343864,534,"No pets allowed. You're here at Stipley Shipping now, not Amazon."
2997,3,6,70,79,1.1518987341772151,0.05123786608343864,534,Put him in the corner with the others.
2997,1,10,68,79,1.1518987341772151,0.04445423524410439,534,Just make sure you're both re-certified on the snake handling module.
2997,3,6,70,79,1.1518987341772151,0.05123786608343864,534,"Well, as long as you're sure we can get him to pivot once the primary is over."
2997,1,10,68,79,1.1518987341772151,0.04445423524410439,534,Acccounts receivable is making room for him.
2997,2,8,69,79,1.1518987341772151,0.04796612321171352,534,I don't think this gesture will change his mind about the merger.
2997,3,6,70,79,1.1518987341772151,0.05123786608343864,534,"I know my resume says I'm fluent in Parseltongue, but..."
2997,1,10,68,79,1.1518987341772151,0.04445423524410439,534,The Think Tank Over There.
2997,2,8,69,79,1.1518987341772151,0.04796612321171352,534,Have you read him his Miranda yet?
2997,3,6,70,79,1.1518987341772151,0.05123786608343864,534,"Sorry, Bob. It's just that we're not such a small pond anymore."
2997,0,12,67,79,1.1518987341772151,0.040639993680056885,534,For diversity training check with HR.
2997,3,6,70,79,1.1518987341772151,0.05123786608343864,534,Did the new guy use The Boss' copy machine again?
2997,2,8,69,79,1.1518987341772151,0.04796612321171352,534,My anaconda definitely don't
2997,2,8,69,79,1.1518987341772151,0.04796612321171352,534,"I told you so! A lizard might help sell insurance, but a snake just doesn't cut it."
2997,1,10,68,79,1.1518987341772151,0.04445423524410439,534,"Do whatever you have to do to make it happy. Against the major candidates, this creature is up by ten points nationally and by double digits in some key swing states!"
2997,3,6,70,79,1.1518987341772151,0.05123786608343864,534,"Sorry fellas, I'm afraid I'll need your password."
2997,2,8,69,79,1.1518987341772151,0.04796612321171352,534,Clan Loch Ness wants him back!
2997,2,8,69,79,1.1518987341772151,0.04796612321171352,534,Next time feed it a real mouse.
2997,1,10,68,79,1.1518987341772151,0.04445423524410439,534,Relax..the can and spring and confetti are coming on our next trip
2997,1,10,68,79,1.1518987341772151,0.04445423524410439,534,The bladder control study is down the hall by the emergency exit.
2997,1,10,68,79,1.1518987341772151,0.04445423524410439,534,Ever find out who's been stealing my lunch?
2997,2,8,69,79,1.1518987341772151,0.04796612321171352,534,"That is not what I meant by a ""Monster Sale."""
2997,2,8,69,79,1.1518987341772151,0.04796612321171352,534,"Good luck, Martin -- Turing Pharmceuticals won't be the same without you."
2997,2,8,69,79,1.1518987341772151,0.04796612321171352,534,Sure. Try the bottom feeder.
2997,1,10,68,79,1.1518987341772151,0.04445423524410439,534,This could be your lucky day. Our in house chef didn't get his delivery this morning.
2997,2,8,69,79,1.1518987341772151,0.04796612321171352,534,Let's see...looks like his promotion puts him in the corner office.
2997,1,10,68,79,1.1518987341772151,0.04445423524410439,534,"Memo, not Nemo!"
2997,0,12,67,79,1.1518987341772151,0.040639993680056885,534,I suppose this is Wiggins new way to promote team work.
2997,0,12,67,79,1.1518987341772151,0.040639993680056885,534,You know this internship is bound to pay off big down the line.
2997,0,12,67,79,1.1518987341772151,0.040639993680056885,534,We'll need one of those new tongue activated computers
2997,1,10,68,79,1.1518987341772151,0.04445423524410439,534,A sacrifice to Master Buzrahaot? But that was last month's team building exercise
2997,1,10,68,79,1.1518987341772151,0.04445423524410439,534,Going to Human Resources? I guess it is those exit interviews time again.
2997,2,8,69,79,1.1518987341772151,0.04796612321171352,534,"Hmmm...Johnson. Good guy, but a real snake in the grass."
2997,3,6,70,79,1.1518987341772151,0.05123786608343864,534,Looks like our team building is beginning to pay off.
2997,1,10,68,79,1.1518987341772151,0.04445423524410439,534,Now that’s a party sub.
2997,0,12,67,79,1.1518987341772151,0.040639993680056885,534,You said you found him by Eve's Mac workstation?
2997,1,10,68,79,1.1518987341772151,0.04445423524410439,534,This memo says she's looking for more creature comforts.
2997,2,8,69,79,1.1518987341772151,0.04796612321171352,534,"This is not bring your house pet work day, guys..."
2997,2,8,69,79,1.1518987341772151,0.04796612321171352,534,"For the last time Gridley, no sushi in the office."
2997,2,8,69,79,1.1518987341772151,0.04796612321171352,534,Is this your low profile candidate?
2997,0,12,67,79,1.1518987341772151,0.040639993680056885,534,Have you met our new CEO?
2997,2,8,69,79,1.1518987341772151,0.04796612321171352,534,I don’t think the Marketing team is meeting its diversity goals.
2997,3,6,70,79,1.1518987341772151,0.05123786608343864,534,Committee meeting on snakes? Tall grass on your left.
2997,2,8,69,79,1.1518987341772151,0.04796612321171352,534,"Allow me to introduce your new CEO of Crucial Pharmaceuticals, Inc."
2997,1,10,68,79,1.1518987341772151,0.04445423524410439,534,"I see you're taking the memo seriously to not let meetings ""drag-on"""
2997,4,4,71,79,1.1518987341772151,0.05431287937135631,534,"Darn, my Hungarian accent!"
2997,2,8,69,79,1.1518987341772151,0.04796612321171352,534,"Surely, you guys can find a rabbit's foot somewhere."
2997,2,8,69,79,1.1518987341772151,0.04796612321171352,534,See? Forked tongue is not a metaphor.
2997,0,12,67,79,1.1518987341772151,0.040639993680056885,534,"New ""Harry Potter"" book come out?"
2997,2,8,69,79,1.1518987341772151,0.04796612321171352,534,"You take him to the lunchroom, he eats an intern, then he makes a prediction on stock futures."
2997,1,10,68,79,1.1518987341772151,0.04445423524410439,534,Remember when our company mascot was just a little startup?
2997,2,8,69,79,1.1518987341772151,0.04796612321171352,534,Is that an evil serpent in your hands or are you just happy to see me?
2997,2,8,69,79,1.1518987341772151,0.04796612321171352,534,Now I think we need extreme vetting
2997,2,8,69,79,1.1518987341772151,0.04796612321171352,534,This is not what I meant by saying early bird gets the worm.
2997,1,10,68,79,1.1518987341772151,0.04445423524410439,534,I hope there aren't other big fish to fry!
2997,2,8,69,79,1.1518987341772151,0.04796612321171352,534,I didn't know it was sushi Friday again !
2997,1,10,68,79,1.1518987341772151,0.04445423524410439,534,"I know this is because of global warming, but I just don't want to admit it."
2997,2,8,69,79,1.1518987341772151,0.04796612321171352,534,"No, I said I wanted the office to keep it ""real""."
2997,0,12,67,79,1.1518987341772151,0.040639993680056885,534,"I asked for the dragon roll, not the dragon."
2997,1,10,68,79,1.1518987341772151,0.04445423524410439,534,"Guys, I know it's a zoo out there, but..."
2997,0,12,67,79,1.1518987341772151,0.040639993680056885,534,"These hissy fits are really getting old, aren't they?"
3105,4,4,72,80,1.15,0.05366327268666195,534,Sally here has expertise in liquidity and glass ceilings.
3105,2,8,70,80,1.15,0.047400795805956415,534,"OK roll it again, all I'm saying is, it's statistically impossible to get snake eyes again!"
3107,1,9,67,77,1.1428571428571428,0.04419201606355329,534,Is that the new board member?
3107,3,5,69,77,1.1428571428571428,0.05134648267484176,534,"'The memo says that we are to exercise tighter cost control. I'll show those bean counters what a tight grip is!"""
3107,1,9,67,77,1.1428571428571428,0.04419201606355329,534,Are you sure it's hypoallergenic?
3107,3,5,69,77,1.1428571428571428,0.05134648267484176,534,"How are you today, boss?"
3107,3,5,69,77,1.1428571428571428,0.05134648267484176,534,"Snake in the gross again, gentlemen?"
3107,1,9,67,77,1.1428571428571428,0.04419201606355329,534,Is this the new Wall Street mascot?
3107,2,7,68,77,1.1428571428571428,0.04790300390810151,534,"Ahhh, guys, we already have enough 'Don't Tread on Me' snakes for the Trump rally tonite!"
3107,2,7,68,77,1.1428571428571428,0.04790300390810151,534,"He'll analyze our corporate climate, then pick the new CEO."
3107,2,7,68,77,1.1428571428571428,0.04790300390810151,534,"If that’s a forked tongue serpentine, put it in the Board Room."
3107,3,5,69,77,1.1428571428571428,0.05134648267484176,534,I didn't get the memo!
3107,1,9,67,77,1.1428571428571428,0.04419201606355329,534,the food in the cafeteria has really gone downhill
3107,1,9,67,77,1.1428571428571428,0.04419201606355329,534,New memo–HR says no slithering.
3107,2,7,68,77,1.1428571428571428,0.04790300390810151,534,"And yet I specifically said, that no one from the gene lab, was invited to the shareholders meeting."
3107,1,9,67,77,1.1428571428571428,0.04419201606355329,534,What do you know about the Bass Pro Shop account?
3107,1,9,67,77,1.1428571428571428,0.04419201606355329,534,Boss is here.
3107,1,9,67,77,1.1428571428571428,0.04419201606355329,534,Good luck trying to squeeze a little more out of the budget.
3107,3,5,69,77,1.1428571428571428,0.05134648267484176,534,That’s what you get for trying to peddle McIntoshes at a PC company.
3107,3,5,69,77,1.1428571428571428,0.05134648267484176,534,"Quick! get him to the market,he was Ryan Lochte's swimming partner."
3107,1,9,67,77,1.1428571428571428,0.04419201606355329,534,"Sorry guys, an eel is not a lamprey."
3107,1,9,67,77,1.1428571428571428,0.04419201606355329,534,I see our new fact-checker has arrived.
3107,2,7,68,77,1.1428571428571428,0.04790300390810151,534,He's in a good mood send it in.
3107,2,7,68,77,1.1428571428571428,0.04790300390810151,534,We're ready for you. We brought our own snake in the grass!
3107,2,7,68,77,1.1428571428571428,0.04790300390810151,534,"I said, 'Garner the data' not 'Garter the adder.'"
3107,2,7,68,77,1.1428571428571428,0.04790300390810151,534,"Once again, Larry responded overly literally when management told him his idea needed to scale."
3107,2,7,68,77,1.1428571428571428,0.04790300390810151,534,Clean her up quick! She's defending her server use and Foundation payments live in 10 minutes!
3107,2,7,68,77,1.1428571428571428,0.04790300390810151,534,"Time to constrict the budget again, eh?"
3107,2,7,68,77,1.1428571428571428,0.04790300390810151,534,Maverick and Goose reporting with Viper!
3107,1,9,67,77,1.1428571428571428,0.04419201606355329,534,"I asked for a six-foot ""SUB."""
3107,1,9,67,77,1.1428571428571428,0.04419201606355329,534,Is this the day we're cutting back our workforce?
3107,2,7,68,77,1.1428571428571428,0.04790300390810151,534,Who's getting the ladders?
3107,2,7,68,77,1.1428571428571428,0.04790300390810151,534,Not exactly the kind of poaching I had in mind.
3107,1,9,67,77,1.1428571428571428,0.04419201606355329,534,We don't see species in this office.
3107,2,7,68,77,1.1428571428571428,0.04790300390810151,534,"Obviously, IT is in transition; this will not fix the mouse problem I reported."
3107,3,5,69,77,1.1428571428571428,0.05134648267484176,534,Maybe we can sell its oil.
3107,4,3,70,77,1.1428571428571428,0.05457311410150662,534,I guess even giant anacondas can't stomach all the spoiled rats in Washington.
3107,1,9,67,77,1.1428571428571428,0.04419201606355329,534,I see you've met our new efficiency expert.
3107,1,9,67,77,1.1428571428571428,0.04419201606355329,534,"Uhh, that's not what I meant when I told you to purchase in the bioelectric sector."
3107,2,7,68,77,1.1428571428571428,0.04790300390810151,534,It looks like the Senator has come to the office.
3107,2,7,68,77,1.1428571428571428,0.04790300390810151,534,I think you misinterpreted my sales strategy.
3107,2,7,68,77,1.1428571428571428,0.04790300390810151,534,"HAVE YOU OUT OF THERE IN NO TIME, BOSS, (...right after lunch, a little pinochle, and a 'Rocky and Bullwinkle' Marathon...)"
3107,1,9,67,77,1.1428571428571428,0.04419201606355329,534,Let's assign him to the pool cleanup crew.
3107,3,5,69,77,1.1428571428571428,0.05134648267484176,534,Damn it! WE are not selling oil!
3107,0,11,66,77,1.1428571428571428,0.04013939192492975,534,"""Deliver it to Accounts Overdue""."
3107,2,7,68,77,1.1428571428571428,0.04790300390810151,534,I guess he is the new CEO you were talking about.
3107,1,9,67,77,1.1428571428571428,0.04419201606355329,534,"And now we will show you to your corner office, sir."
3107,1,9,67,77,1.1428571428571428,0.04419201606355329,534,Is Carl going to submit his resignation now?
3107,2,7,68,77,1.1428571428571428,0.04790300390810151,534,I'm sorry but your previous mortgage was underwater.
3107,3,5,69,77,1.1428571428571428,0.05134648267484176,534,The secretarial pool has an opening
3107,1,9,67,77,1.1428571428571428,0.04419201606355329,534,I told you - Kosher fish have scales and fins.
3107,1,9,67,77,1.1428571428571428,0.04419201606355329,534,I know we make the sales floor as high-pressure as possible. But do we need to turn it into an actual snake pit?
3107,2,7,68,77,1.1428571428571428,0.04790300390810151,534,You do know that company rules prohibit catfishing?
3107,1,9,67,77,1.1428571428571428,0.04419201606355329,534,"We want a shark, not a snake for this hedge fund. What will people think?"
3107,1,9,67,77,1.1428571428571428,0.04419201606355329,534,How did that get in the toilet bowl?
3107,1,9,67,77,1.1428571428571428,0.04419201606355329,534,"Yes--my father was a Slytherin man too, sir."
3107,2,7,68,77,1.1428571428571428,0.04790300390810151,534,Guys... snake oil salesmen don't really oil snakes.
3107,2,7,68,77,1.1428571428571428,0.04790300390810151,534,We're bringing him in for our long-tail strategy.
3107,0,11,66,77,1.1428571428571428,0.04013939192492975,534,Looks like our new hire has some ethical issues.
3107,3,5,69,77,1.1428571428571428,0.05134648267484176,534,So that's the new volumtary redundancy incentive package?
3107,5,1,71,77,1.1428571428571428,0.05761933948245414,534,Dam the caption! This is not funny.
3107,1,9,67,77,1.1428571428571428,0.04419201606355329,534,The Loch Ness gig has made him seasick
3107,1,9,67,77,1.1428571428571428,0.04419201606355329,534,"You interviewed well, but I am not sure we need any more snakes in this viper pit."
3107,1,9,67,77,1.1428571428571428,0.04419201606355329,534,He's ready for a new communications stategist.
3107,0,11,66,77,1.1428571428571428,0.04013939192492975,534,"Manny, I've been very tolerant, but you're going to have to start coming in on time."
3107,1,9,67,77,1.1428571428571428,0.04419201606355329,534,"You found him in the grass with this doctor's note? Of course, he can go home early."
3107,1,9,67,77,1.1428571428571428,0.04419201606355329,534,"Even though we're promoting you to sales, we know that part of you will always be in the mail room."
3107,1,9,67,77,1.1428571428571428,0.04419201606355329,534,Looks like these could be some slippery negotiations.
3107,3,5,69,77,1.1428571428571428,0.05134648267484176,534,We are going into R&D and figure out a way to monetize this monster.
3107,1,9,67,77,1.1428571428571428,0.04419201606355329,534,"Fangs, but no fangs."
3107,2,7,68,77,1.1428571428571428,0.04790300390810151,534,New Accounting Manager?
3107,4,3,70,77,1.1428571428571428,0.05457311410150662,534,"No!! I said, ""Move your big fast ass."""
3107,1,9,67,77,1.1428571428571428,0.04419201606355329,534,I thought we divested Loch Ness Ltd. last year?
3107,3,5,69,77,1.1428571428571428,0.05134648267484176,534,"Bob, we should probably discuss your wife's ""visits"" to the office..."
3107,1,9,67,77,1.1428571428571428,0.04419201606355329,534,"Well, I know you're not happy to see me."
3107,2,7,68,77,1.1428571428571428,0.04790300390810151,534,I guess 'Getting the bugs Out' was a little too general!
3107,0,11,66,77,1.1428571428571428,0.04013939192492975,534,We're looking for Ms Rowling's office. We've found the Basilisk.
3107,1,9,67,77,1.1428571428571428,0.04419201606355329,534,"Are you sure that's the ""snake in the grass""?"
3107,2,7,68,77,1.1428571428571428,0.04790300390810151,534,Quit monkeying around
3107,2,7,68,77,1.1428571428571428,0.04790300390810151,534,Put him back in the grass!
3107,1,9,67,77,1.1428571428571428,0.04419201606355329,534,"Another milestone in eliminating waste, fraud, and abuse, I see."
3107,2,7,68,77,1.1428571428571428,0.04790300390810151,534,Can I get some help here!...Is it whoever or whomever?
3107,2,7,68,77,1.1428571428571428,0.04790300390810151,534,The presidential candidate's metamorphosis was not appreciated.
3107,1,9,67,77,1.1428571428571428,0.04419201606355329,534,I guess I missed the memo about bringing my pet to work today.
3107,2,7,68,77,1.1428571428571428,0.04790300390810151,534,What's wrong with Hillary?
3107,2,7,68,77,1.1428571428571428,0.04790300390810151,534,"It's too late, the eel market just tanked."
3107,1,9,67,77,1.1428571428571428,0.04419201606355329,534,"Oh, good! Time for the sales report!"
3107,1,9,67,77,1.1428571428571428,0.04419201606355329,534,"No, no! He wants a steak sandwich."
3107,3,5,69,77,1.1428571428571428,0.05134648267484176,534,"A different kinda mole, fellas"
3107,1,9,67,77,1.1428571428571428,0.04419201606355329,534,"I recall mentioning Fannie, Freddie and Ginnie. I am certain I never said we have to 'get Nessie.'"
3107,3,5,69,77,1.1428571428571428,0.05134648267484176,534,JESUS!! that new HR director is one tuff cookie!!
3107,3,5,69,77,1.1428571428571428,0.05134648267484176,534,Beware of geeks bearing grigs....
3107,2,7,68,77,1.1428571428571428,0.04790300390810151,534,That explains the leak above my desk.
3107,2,7,68,77,1.1428571428571428,0.04790300390810151,534,Doctor Neptune can see you now.
3107,1,9,67,77,1.1428571428571428,0.04419201606355329,534,"I see George did it again, all tuckered out after another sales close."
3107,1,9,67,77,1.1428571428571428,0.04419201606355329,534,"When I gave you permission to get a fish, I was envisioning something smaller."
3107,1,9,67,77,1.1428571428571428,0.04419201606355329,534,"When they told me the new partner was a snake, this isn't what I was invisioning."
3107,2,7,68,77,1.1428571428571428,0.04790300390810151,534,Did she eat the whole apple?
3107,2,7,68,77,1.1428571428571428,0.04790300390810151,534,Call poison control... Nagini bit his tongue again.
3107,3,5,69,77,1.1428571428571428,0.05134648267484176,534,They say he can lick out the bugs from our computers.
3107,4,3,70,77,1.1428571428571428,0.05457311410150662,534,"Apparently, the Left will stop at nothing to influence the Media..."
3107,1,9,67,77,1.1428571428571428,0.04419201606355329,534,"""I heard there was a mole in the company, but a snake too""!"
3107,0,11,66,77,1.1428571428571428,0.04013939192492975,534,Boss wants a real snake to head Sales.
3107,1,9,67,77,1.1428571428571428,0.04419201606355329,534,That's some virus ! Did you find it in the computer or water cooler ?
3107,1,9,67,77,1.1428571428571428,0.04419201606355329,534,"Giant snake in the men’s room? Great. All YouTube profits are corporate property, you know that, right?"
3107,1,9,67,77,1.1428571428571428,0.04419201606355329,534,"Excuse us, the boss is still recovering from last night's holiday party."
3107,0,11,66,77,1.1428571428571428,0.04013939192492975,534,The CEO is here to see you.
3107,2,7,68,77,1.1428571428571428,0.04790300390810151,534,We are going to have to get rid of Flanders he speaks with a forked tongue.
3107,3,5,69,77,1.1428571428571428,0.05134648267484176,534,The venture capitalists are in the shark tank.
3107,1,9,67,77,1.1428571428571428,0.04419201606355329,534,"I said USE your lizard brain, not get me one!"
3107,2,7,68,77,1.1428571428571428,0.04790300390810151,534,"""Bring our new CEO to his office""."
3107,1,9,67,77,1.1428571428571428,0.04419201606355329,534,"I don't care if it can speak in seven languages or fetch fresbies, the boss won't go for it."
3107,1,9,67,77,1.1428571428571428,0.04419201606355329,534,I thought we were not doing 2 martini lunches with the Boss anymore.
3107,2,7,68,77,1.1428571428571428,0.04790300390810151,534,"You were supposed to bring the boss a cake, not a snake."
3107,0,11,66,77,1.1428571428571428,0.04013939192492975,534,Headquarters just called and said that we couldn't have a mascot.
3107,1,9,67,77,1.1428571428571428,0.04419201606355329,534,Another sweep for pets at work?
3107,2,7,68,77,1.1428571428571428,0.04790300390810151,534,No worries I'll just tell my wife I got held up at gun point.
3107,2,7,68,77,1.1428571428571428,0.04790300390810151,534,I told you the tuna didn't look right.
3107,2,7,68,77,1.1428571428571428,0.04790300390810151,534,And he was our top producer!
3107,1,9,67,77,1.1428571428571428,0.04419201606355329,534,He doesn't quite match the description
3107,1,9,67,77,1.1428571428571428,0.04419201606355329,534,We've decided to downsize.
3107,2,7,68,77,1.1428571428571428,0.04790300390810151,534,Turns out the CEO waaaas a lizard taking human form
3107,2,7,68,77,1.1428571428571428,0.04790300390810151,534,"You said you wanted diversity, right? This guy sees with his tongue."
3107,1,9,67,77,1.1428571428571428,0.04419201606355329,534,I'm afraid this days has been coming for a while bob. You're a snake around the office and you don't work well with others. We wish you well and hope you molt your ways.
3107,0,11,66,77,1.1428571428571428,0.04013939192492975,534,"Okay, let's review some marketing basics."
3107,0,11,66,77,1.1428571428571428,0.04013939192492975,534,"Well well , Wilson...certainly should perk up today's sales meeting."
3107,0,11,66,77,1.1428571428571428,0.04013939192492975,534,You must be our new hire. Grab yourself a spare tank back in the legal department until we get you set up.
3107,2,7,68,77,1.1428571428571428,0.04790300390810151,534,"When I said it was imperative to eliminate any potential third party candidate who might speak with forked tongue, I didn't mean it LITERALLY."
3107,1,9,67,77,1.1428571428571428,0.04419201606355329,534,What's next--Pet a Warthog Day?
3107,1,9,67,77,1.1428571428571428,0.04419201606355329,534,No! No more pet interns!
3107,2,7,68,77,1.1428571428571428,0.04790300390810151,534,Thomas can't slither his way to the position anymore.
3107,2,7,68,77,1.1428571428571428,0.04790300390810151,534,Where the hell is Harry when you need him?
3107,2,7,68,77,1.1428571428571428,0.04790300390810151,534,"Ah, internships."
3107,0,11,66,77,1.1428571428571428,0.04013939192492975,534,"The memo asked you guys to find me the sneakiness, slimiest sales strategy possible, but I expected something less obvious."
3107,3,5,69,77,1.1428571428571428,0.05134648267484176,534,Another intern from Vassar?
3107,3,5,69,77,1.1428571428571428,0.05134648267484176,534,Call the snake whisperer!
3107,1,9,67,77,1.1428571428571428,0.04419201606355329,534,So you're going to the salary review committee meeting!
3107,2,7,68,77,1.1428571428571428,0.04790300390810151,534,"No, No, that is NOT the viral worm."
3107,0,11,66,77,1.1428571428571428,0.04013939192492975,534,I don’t know…We’ve changed speech writers.
3107,2,7,68,77,1.1428571428571428,0.04790300390810151,534,The boss said I could bring my pet to work.
3107,0,11,66,77,1.1428571428571428,0.04013939192492975,534,Did you capture a presidential nominee?
3107,1,9,67,77,1.1428571428571428,0.04419201606355329,534,"Komodo, you look like you're draggin' today"
3107,1,9,67,77,1.1428571428571428,0.04419201606355329,534,"Rumor is, the guys upstairs heard our competitor's leading salesman was also a real snake."
3107,4,3,70,77,1.1428571428571428,0.05457311410150662,534,He tunneled under the new wall?
3107,0,11,66,77,1.1428571428571428,0.04013939192492975,534,You asked us to operate at scale.
3107,0,11,66,77,1.1428571428571428,0.04013939192492975,534,You're sure our insurance covers this?
3107,1,9,67,77,1.1428571428571428,0.04419201606355329,534,Looks like old Horton has finally crushed his last intern.
3107,3,5,69,77,1.1428571428571428,0.05134648267484176,534,And why is it you wish to leave your present position with the NRA?
3107,1,9,67,77,1.1428571428571428,0.04419201606355329,534,Second office on the left
3107,0,11,66,77,1.1428571428571428,0.04013939192492975,534,A gift from our main competitor?
3107,1,9,67,77,1.1428571428571428,0.04419201606355329,534,I think Donald just intends to recite the poem without the show-and-tell.
3107,1,9,67,77,1.1428571428571428,0.04419201606355329,534,"....but you said "" buy anaconda stock ""!!!"
3107,0,11,66,77,1.1428571428571428,0.04013939192492975,534,Are you here about the power outage?
3107,2,7,68,77,1.1428571428571428,0.04790300390810151,534,I meant BOD restrictions! Damn autocorrect!
3107,4,3,70,77,1.1428571428571428,0.05457311410150662,534,I said grill a steak not drill a snake!
3107,2,7,68,77,1.1428571428571428,0.04790300390810151,534,"I told you before, guys, I'm a Python fan, too, but NOT in the office!"
3107,1,9,67,77,1.1428571428571428,0.04419201606355329,534,A basilisk...brilliant! The is best way for Jim to get over his irrational fear of snakes in the toilet.
3107,2,7,68,77,1.1428571428571428,0.04790300390810151,534,Too late. Eve’s already that trade show in the Big Apple.
3107,3,5,69,77,1.1428571428571428,0.05134648267484176,534,"Don't ask stupid questions. Feed it first then file it under ""s""."
3107,1,9,67,77,1.1428571428571428,0.04419201606355329,534,Our long lunch at the 'make your own sushi bar' was cancelled.
3107,2,7,68,77,1.1428571428571428,0.04790300390810151,534,"Take him into the boardroom. They've been asking, not me."
3107,0,11,66,77,1.1428571428571428,0.04013939192492975,534,"I said we need a ""Sea Scape"" for the break room. ""Sea Scape."""
3267,2,7,69,78,1.141025641025641,0.047320331546548945,534,"Well, ""Reptilian"" in our editorial about the candidate's personality was a figure of speech, not an invitation to afford him companionship."
3267,0,11,67,78,1.141025641025641,0.039663750600197265,534,Breaking in another new intern today boys?
3267,2,7,69,78,1.141025641025641,0.047320331546548945,534,You must be the new director of our legal department.
3267,3,5,70,78,1.141025641025641,0.05071700021369214,534,This doesn't seem any faster than snail mail.
3267,2,7,69,78,1.141025641025641,0.047320331546548945,534,Lisa told me Jim was a snake in a suit.
3267,1,9,68,78,1.141025641025641,0.04366020435906115,534,We wanted you to have a big stake in the game...
3267,2,7,69,78,1.141025641025641,0.047320331546548945,534,"NO, NO! A BOA for the wife's costume, you idiots!"
3267,2,7,69,78,1.141025641025641,0.047320331546548945,534,I said 'Don't reinvent the WHEEL.'
3267,2,7,69,78,1.141025641025641,0.047320331546548945,534,It's apparently the first of our two performance boas for the year.
3267,0,11,67,78,1.141025641025641,0.039663750600197265,534,"I'm sorry, boys but his birthday is next week."
3267,2,7,69,78,1.141025641025641,0.047320331546548945,534,My anaconda don't want none unless you got TPS reports.
3267,1,9,68,78,1.141025641025641,0.04366020435906115,534,"Ah, of course, the new HR Director. Sir!"
3267,2,7,69,78,1.141025641025641,0.047320331546548945,534,That's the wrong snake in the grass.
3267,0,11,67,78,1.141025641025641,0.039663750600197265,534,Is he eeling ok?
3281,1,9,69,79,1.139240506329114,0.04314095017892059,534,Everything here is local.
3282,2,6,68,76,1.131578947368421,0.04717308652543423,534,Still trying to change the name of the break-room to the Garden of Eden?
3282,1,8,67,76,1.131578947368421,0.043294605892116034,534,Ugh! Al has turned from a slimeball into a snake!
3282,1,8,67,76,1.131578947368421,0.043294605892116034,534,"You were feeling peckish??? He is STILL our CFO. You swallowed him whole, you can spit him out whole!"
3282,1,8,67,76,1.131578947368421,0.043294605892116034,534,The Good and Evil tree desk is next to the Editor's office
3282,3,4,69,76,1.131578947368421,0.05075605663680504,534,I think we went a bit too far in this last game of snakes and corporate ladders
3282,0,10,66,76,1.131578947368421,0.03903262361629298,534,You sure she's pregnant or someone she ate?
3282,1,8,67,76,1.131578947368421,0.043294605892116034,534,This ones out of snake oil.
3282,0,10,66,76,1.131578947368421,0.03903262361629298,534,Sssssssssell short!
3282,3,4,69,76,1.131578947368421,0.05075605663680504,534,"When I asked for a Jumbo Anchovy, I meant PIZZA!"
3282,1,8,67,76,1.131578947368421,0.043294605892116034,534,Make sure you get all the oil out this time. The sales department is getting low.
3282,1,8,67,76,1.131578947368421,0.043294605892116034,534,There's one in every group.
3282,2,6,68,76,1.131578947368421,0.04717308652543423,534,"I said to get a birthday cake, not a birthday snake!"
3282,0,10,66,76,1.131578947368421,0.03903262361629298,534,Feed her the mice - but keep her away from the computers!
3282,1,8,67,76,1.131578947368421,0.043294605892116034,534,"I knew we should have gone for cloud storage. Great, Libby from accounting is missing."
3282,1,8,67,76,1.131578947368421,0.043294605892116034,534,The Battle of Hogwarts clean-up crew.
3282,0,10,66,76,1.131578947368421,0.03903262361629298,534,Because I think it will give the staff meeting some gravitas.
3282,2,6,68,76,1.131578947368421,0.04717308652543423,534,Take it down to Exotic Pets.
3282,3,4,69,76,1.131578947368421,0.05075605663680504,534,Don't bring her to the office parties anymore.
3282,3,4,69,76,1.131578947368421,0.05075605663680504,534,"I said ""SQL,"" not ""seek eel"". What's wrong with you guys?"
3282,1,8,67,76,1.131578947368421,0.043294605892116034,534,So who's the 'beneficiary' of today's caper?
3282,2,6,68,76,1.131578947368421,0.04717308652543423,534,What was the name of that software I requested?
3282,0,10,66,76,1.131578947368421,0.03903262361629298,534,"On second thought, I'd prefer the red tape."
3282,1,8,67,76,1.131578947368421,0.043294605892116034,534,The Chamber of Corporate Secrets is down the hall.
3282,1,8,67,76,1.131578947368421,0.043294605892116034,534,"Oh, why didn't you just go to the 3D printing place..."
3282,2,6,68,76,1.131578947368421,0.04717308652543423,534,My Mother-in-law sent my birthday present to the office and UPS wont take it back
3282,1,8,67,76,1.131578947368421,0.043294605892116034,534,"The sushi is for Don's going away party, 5th floor."
3282,2,6,68,76,1.131578947368421,0.04717308652543423,534,You're fired!
3282,2,6,68,76,1.131578947368421,0.04717308652543423,534,Was in the water cooler.
3282,2,6,68,76,1.131578947368421,0.04717308652543423,534,Emotional support snake eh ? Feel free to keep it in the special room we made for the emotional support Chihuahua puppies.
3282,2,6,68,76,1.131578947368421,0.04717308652543423,534,That's not funny. Get back to work.
3282,3,4,69,76,1.131578947368421,0.05075605663680504,534,Monday's
3282,1,8,67,76,1.131578947368421,0.043294605892116034,534,"I'll give those interns a ""safe space""."
3282,1,8,67,76,1.131578947368421,0.043294605892116034,534,"I know what bull and bear markets mean, but what's snake market?"
3282,0,10,66,76,1.131578947368421,0.03903262361629298,534,The guys in research have gone too far this time.
3282,1,8,67,76,1.131578947368421,0.043294605892116034,534,"Bulls and Bears only, guys...."
3282,1,8,67,76,1.131578947368421,0.043294605892116034,534,"The Director needs to know - ASAP! Did you find any of those missing, classified emails in him?"
3282,1,8,67,76,1.131578947368421,0.043294605892116034,534,He heard there were other snakes here.
3282,1,8,67,76,1.131578947368421,0.043294605892116034,534,"The editorial team was shocked to discover that even another ""sea monster"" couldn't save Gawker."
3282,1,8,67,76,1.131578947368421,0.043294605892116034,534,"OK, he gets a 5 minute break. But then back to work!"
3282,3,4,69,76,1.131578947368421,0.05075605663680504,534,I might have known; it's Woodward and Bernstein.
3282,2,6,68,76,1.131578947368421,0.04717308652543423,534,"Jim, there's no need to throw HISS-y fit because summer Fridays are over."
3282,0,10,66,76,1.131578947368421,0.03903262361629298,534,Bring him upstairs boys. He's the new Senior VP of Customer Service
3282,2,6,68,76,1.131578947368421,0.04717308652543423,534,Don't let him near my wife.
3282,1,8,67,76,1.131578947368421,0.043294605892116034,534,I'm ridiculously sick and tired of these ridiculous snakes on the mother board main frame.
3282,2,6,68,76,1.131578947368421,0.04717308652543423,534,"OK boys, get our lawyer into that hostile, merger meeting and pronto."
3282,3,4,69,76,1.131578947368421,0.05075605663680504,534,You're late!
3282,2,6,68,76,1.131578947368421,0.04717308652543423,534,"When I said ' something fishy is going on around here. Find out', this is not what I had in mind."
3282,1,8,67,76,1.131578947368421,0.043294605892116034,534,Sorry but that's not a moray.
3282,2,6,68,76,1.131578947368421,0.04717308652543423,534,He wants to see the new campaign manager now!
3282,1,8,67,76,1.131578947368421,0.043294605892116034,534,Is that your idea of a scaled-back proposal?
3282,3,4,69,76,1.131578947368421,0.05075605663680504,534,So there was a tremendous turnaround in the Rainforest market..
3282,3,4,69,76,1.131578947368421,0.05075605663680504,534,Don't know if this is what I had in mind when asking for reducing electricity costs for small businesses.
3282,1,8,67,76,1.131578947368421,0.043294605892116034,534,"Morning, Boss. Just having a few problems with the organic paper shredder."
3282,0,10,66,76,1.131578947368421,0.03903262361629298,534,"I asked for a new mouse, not for the reason my old one is dead."
3282,1,8,67,76,1.131578947368421,0.043294605892116034,534,And I want that snake on my desk by 5!
3282,2,6,68,76,1.131578947368421,0.04717308652543423,534,Meet the new regional sales manager.
3282,2,6,68,76,1.131578947368421,0.04717308652543423,534,When I said 'vermin' I wasn't referring to us!
3282,2,6,68,76,1.131578947368421,0.04717308652543423,534,So they finally caught you overcharging.
3282,2,6,68,76,1.131578947368421,0.04717308652543423,534,Mr. Svengali's office is on the next floor.
3282,2,6,68,76,1.131578947368421,0.04717308652543423,534,"Mr. Adam, he keeps mumbling...where's Eve?"
3282,1,8,67,76,1.131578947368421,0.043294605892116034,534,Are those shoes snakeskin?
3282,0,10,66,76,1.131578947368421,0.03903262361629298,534,I told you that account was run by snakes.
3282,1,8,67,76,1.131578947368421,0.043294605892116034,534,But you said we could get an office pet!
3282,0,10,66,76,1.131578947368421,0.03903262361629298,534,We have plenty of wolves on Wall Street; we don't need a snake.
3282,1,8,67,76,1.131578947368421,0.043294605892116034,534,"The new manager, you say?"
3282,3,4,69,76,1.131578947368421,0.05075605663680504,534,Casual Fridays.
3282,2,6,68,76,1.131578947368421,0.04717308652543423,534,Just back from the Lizard Lounge?
3282,0,10,66,76,1.131578947368421,0.03903262361629298,534,"No, The lunch hour scavenger hunt does not include the furnace room. And this has nothing to do with BOA."
3282,0,10,66,76,1.131578947368421,0.03903262361629298,534,The market is suggesting exotic snakes are the best liquid asset to have on hand right now.
3282,2,6,68,76,1.131578947368421,0.04717308652543423,534,Not her eel. She said her heels were killing her.
3282,0,10,66,76,1.131578947368421,0.03903262361629298,534,"That's not what I meant by our new ""short head-long tail"" strategy."
3282,2,6,68,76,1.131578947368421,0.04717308652543423,534,What can you tell me about the one that got away?
3282,0,10,66,76,1.131578947368421,0.03903262361629298,534,Whatsamatta? Never met the boss before?
3282,1,8,67,76,1.131578947368421,0.043294605892116034,534,Show the CRA auditors into my office.
3282,2,6,68,76,1.131578947368421,0.04717308652543423,534,We're having sushi for lunch.
3282,1,8,67,76,1.131578947368421,0.043294605892116034,534,"Geez, that's Eddie. He belongs in R & D. Part of the Genesis project."
3282,2,6,68,76,1.131578947368421,0.04717308652543423,534,"And they told me it would be ""impossible to get the 'Big Snake' out of the office."""
3282,1,8,67,76,1.131578947368421,0.043294605892116034,534,"I don't know why he needs to smell it first this time, but whatever, just go right in..."
3282,1,8,67,76,1.131578947368421,0.043294605892116034,534,Why don't you join me in the conference room once you wrap up that project.
3282,0,10,66,76,1.131578947368421,0.03903262361629298,534,Halpert having one of his spells again?
3282,2,6,68,76,1.131578947368421,0.04717308652543423,534,I think you overordered
3282,2,6,68,76,1.131578947368421,0.04717308652543423,534,"Sorry, no snake oil solicitors allowed between 12:00 and 2:00 PM."
3282,2,6,68,76,1.131578947368421,0.04717308652543423,534,"Hey sorry, the folks in legal didn't buy the companion animal thing."
3282,0,10,66,76,1.131578947368421,0.03903262361629298,534,I ordered mine with half pepperoni.
3282,3,4,69,76,1.131578947368421,0.05075605663680504,534,Now we'll show Amazon what brick and mortar can really do!
3282,0,10,66,76,1.131578947368421,0.03903262361629298,534,The note says 'Greetings from the FTC'.
3282,2,6,68,76,1.131578947368421,0.04717308652543423,534,The boss looks mad today.
3282,2,6,68,76,1.131578947368421,0.04717308652543423,534,That goes in the conference room where potential employees are being interviewed.
3282,3,4,69,76,1.131578947368421,0.05075605663680504,534,Back to the grass where he belongs.
3282,3,4,69,76,1.131578947368421,0.05075605663680504,534,Still think re-branding is the ultimate motivator?
3282,0,10,66,76,1.131578947368421,0.03903262361629298,534,This organization is not going to scale itself.
3282,1,8,67,76,1.131578947368421,0.043294605892116034,534,"They don't call us ""Snake Farm Insurance"" for nothing."
3282,2,6,68,76,1.131578947368421,0.04717308652543423,534,I said to bring sake for the Yamaha meeting. Sake!
3282,3,4,69,76,1.131578947368421,0.05075605663680504,534,I'd keep it under wraps until you get it up and running.
3282,0,10,66,76,1.131578947368421,0.03903262361629298,534,We finally caught the office snake red handed!
3282,2,6,68,76,1.131578947368421,0.04717308652543423,534,The boardroom. HR is interviewing.
3282,3,4,69,76,1.131578947368421,0.05075605663680504,534,Make sure his survival is a temporary thing.
3282,2,6,68,76,1.131578947368421,0.04717308652543423,534,"SORRY, NO, ITS NOT MINE."
3282,2,6,68,76,1.131578947368421,0.04717308652543423,534,"That's right, it's Bring Your Pet To Work day."
3282,1,8,67,76,1.131578947368421,0.043294605892116034,534,You should probably return that to the secretary pool.
3282,2,6,68,76,1.131578947368421,0.04717308652543423,534,It's too big for the microwave.
3282,3,4,69,76,1.131578947368421,0.05075605663680504,534,Glad you could make it. I just received another summons.
3282,1,8,67,76,1.131578947368421,0.043294605892116034,534,Nooo...how's that supposed to unclog a drain?
3282,0,10,66,76,1.131578947368421,0.03903262361629298,534,"So it's All-You-Can-Eat Fish Day at the Cafeteria, Ferguson?"
3282,1,8,67,76,1.131578947368421,0.043294605892116034,534,I told you unicorn was a better metaphor than giant snake.
3282,3,4,69,76,1.131578947368421,0.05075605663680504,534,"This is your final warning, you clowns. No pets in the office!"
3282,2,6,68,76,1.131578947368421,0.04717308652543423,534,Insider Trading
3282,0,10,66,76,1.131578947368421,0.03903262361629298,534,"Well, Bob, we could keep you on for another week if you're willing to train your replacement."
3282,2,6,68,76,1.131578947368421,0.04717308652543423,534,It's the candidate's old manager. They all end up like this.
3282,2,6,68,76,1.131578947368421,0.04717308652543423,534,IS HE POTTIE TRAINED?
3282,1,8,67,76,1.131578947368421,0.043294605892116034,534,I'm only interested if you've trained it to chase its own tail!
3282,1,8,67,76,1.131578947368421,0.043294605892116034,534,"Johnson, when I said buy a bigger paper shredder this not what I had in mind."
3282,2,6,68,76,1.131578947368421,0.04717308652543423,534,Is that really the best we can do for an Apple mascot?
3282,1,8,67,76,1.131578947368421,0.043294605892116034,534,His office isn't ready yet.
3282,1,8,67,76,1.131578947368421,0.043294605892116034,534,Is that the twelve foot sub for the office party?
3282,3,4,69,76,1.131578947368421,0.05075605663680504,534,Lunch in staff room in 15 minutes. Raw chicken!
3282,2,6,68,76,1.131578947368421,0.04717308652543423,534,"So, handling serpents. That still a thing?"
3282,2,6,68,76,1.131578947368421,0.04717308652543423,534,Is that the new intern?
3282,3,4,69,76,1.131578947368421,0.05075605663680504,534,Your slithering friend is needed on the trading floor.
3282,3,4,69,76,1.131578947368421,0.05075605663680504,534,Eve's waiting in the conference room; don't forget the apple.
3282,1,8,67,76,1.131578947368421,0.043294605892116034,534,No no...I ordered tuna fish Tuna Fish
3282,1,8,67,76,1.131578947368421,0.043294605892116034,534,Kellyanne says even she can't spin this pivot.
3282,1,8,67,76,1.131578947368421,0.043294605892116034,534,Another casualty of Windows 7?
3282,3,4,69,76,1.131578947368421,0.05075605663680504,534,What? We're just taking him for a walk.
3282,3,4,69,76,1.131578947368421,0.05075605663680504,534,Some relatives can be a handful.
3282,2,6,68,76,1.131578947368421,0.04717308652543423,534,Our loan packages are getting more constrictive every day.
3282,0,10,66,76,1.131578947368421,0.03903262361629298,534,"It's ""Bring Your Pet To Work Day."
3282,1,8,67,76,1.131578947368421,0.043294605892116034,534,I TOLD YOU SMITH WAS A SNAKE AND COULD NOT BE TRUSTED!!!
3282,2,6,68,76,1.131578947368421,0.04717308652543423,534,"""No, I said when you get to the fork in the ROAD, TAKE it!?"
3282,2,6,68,76,1.131578947368421,0.04717308652543423,534,If any of you guys speak parseltongue ask her how she feels about cold-desking.
3282,0,10,66,76,1.131578947368421,0.03903262361629298,534,Tell HR we need some fresh legal.
3282,1,8,67,76,1.131578947368421,0.043294605892116034,534,Your DNA test results are in. You are not the father of this company.
3282,2,6,68,76,1.131578947368421,0.04717308652543423,534,It's a basilisk. You wouldn't understand.
3282,0,10,66,76,1.131578947368421,0.03903262361629298,534,We wanted to make our water cooler conversations a little more interesting.
3282,2,6,68,76,1.131578947368421,0.04717308652543423,534,That must be the way the Board sends us big hugs.
3282,2,6,68,76,1.131578947368421,0.04717308652543423,534,You just couldn't get a couple of Goldfish for an office pet!
3282,1,8,67,76,1.131578947368421,0.043294605892116034,534,"Um, I think it's 'bring your _child_ to work' day"
3282,3,4,69,76,1.131578947368421,0.05075605663680504,534,So that's why all the mice have been disappearing.
3282,2,6,68,76,1.131578947368421,0.04717308652543423,534,I never thought Jim would turn out this way.
3421,2,6,69,77,1.12987012987013,0.04658776821420219,534,The boss's son will be interning in accounting.
3421,2,6,69,77,1.12987012987013,0.04658776821420219,534,Another corporate restructure cuts the legs out from under us.
3421,1,8,68,77,1.12987012987013,0.04276279513224073,534,Take out eel again?
3421,1,8,68,77,1.12987012987013,0.04276279513224073,534,I thought we were selling the snake oil futures.
3421,1,8,68,77,1.12987012987013,0.04276279513224073,534,"Oh, I thought you the new guy was a ""contractor""."
3421,1,8,68,77,1.12987012987013,0.04276279513224073,534,It should recharge the electrical grid.
3421,1,8,68,77,1.12987012987013,0.04276279513224073,534,It looks like a lateral move.
3421,1,8,68,77,1.12987012987013,0.04276279513224073,534,"Yeah, we're going to need some squirrels to fish out the nuts in HR."
3421,0,10,67,77,1.12987012987013,0.03856025347250398,534,"Watch out for Bob, he speaks with a fork tongue."
3421,1,8,68,77,1.12987012987013,0.04276279513224073,534,To engineering - he'll be working on long tail products.
3421,0,10,67,77,1.12987012987013,0.03856025347250398,534,Is it the real thing or just a reproduction.
3421,3,4,70,77,1.12987012987013,0.050121688387747526,534,Tell HR that Ferguson will not adhere to our dress policy after repeated warnings.
3421,2,6,69,77,1.12987012987013,0.04658776821420219,534,This is all we can find who could swallow your political campaign.
3421,1,8,68,77,1.12987012987013,0.04276279513224073,534,I see you have found an impressive 'October Surprise'.
3421,2,6,69,77,1.12987012987013,0.04658776821420219,534,When the moon hits your eye like a big pizza pie . . .
3436,2,6,70,78,1.1282051282051282,0.04601674237795457,534,Oil her and bring her to my quarters!
3437,0,9,65,74,1.1216216216216217,0.03825469848047654,534,Good luck with your Florida trip boys.
3437,1,7,66,74,1.1216216216216217,0.04282120038926688,534,"you guys didn't see the memo , did you now..?"
3437,1,7,66,74,1.1216216216216217,0.04282120038926688,534,You're right. The boss really is a snake.
3437,2,5,67,74,1.1216216216216217,0.04694559031179952,534,It's a Boa Constructor.
3437,1,7,66,74,1.1216216216216217,0.04282120038926688,534,My cursor keeps jumping. And have you seen my wireless mouse?
3437,1,7,66,74,1.1216216216216217,0.04282120038926688,534,"I know he's dedicated, but it's company policy. When you've got nematodes, you take sick leave."
3437,2,5,67,74,1.1216216216216217,0.04694559031179952,534,I really rather employees use the company cafeteria.
3437,1,7,66,74,1.1216216216216217,0.04282120038926688,534,I heard the business plan for the IPO we're underwriting was kind of serpentine but apparently that's not just a metaphor.
3437,0,9,65,74,1.1216216216216217,0.03825469848047654,534,I told you guys to find the worm in the system not a serpent.
3437,1,7,66,74,1.1216216216216217,0.04282120038926688,534,I am glad that you guys in HR are finally showing that snake the door.
3437,2,5,67,74,1.1216216216216217,0.04694559031179952,534,No more Olympic swimmers!
3437,1,7,66,74,1.1216216216216217,0.04282120038926688,534,"Don't bother, it's only a webinar."
3437,1,7,66,74,1.1216216216216217,0.04282120038926688,534,I don't care about its evolution. Take that Italian Wall Lizard back to the Bronx before it eats my hard drive.
3437,1,7,66,74,1.1216216216216217,0.04282120038926688,534,I asked for C.O.D.
3437,0,9,65,74,1.1216216216216217,0.03825469848047654,534,I see the Netflix bill is over due.
3437,1,7,66,74,1.1216216216216217,0.04282120038926688,534,"Sure, I have some time for you before the Charybdis meeting."
3437,2,5,67,74,1.1216216216216217,0.04694559031179952,534,Goodbye Mr. Chips
3437,2,5,67,74,1.1216216216216217,0.04694559031179952,534,That should show Jones what 'stick a fork in it' means around here.
3437,1,7,66,74,1.1216216216216217,0.04282120038926688,534,That is neither a demagogue nor the lowest common denominator. Please try again.
3437,0,9,65,74,1.1216216216216217,0.03825469848047654,534,Our Office Plan is not that 'Open.'
3437,2,5,67,74,1.1216216216216217,0.04694559031179952,534,I was wondering when I would get to meet the new boss! I'm sure that you will find Brad and Ryan will be of great assistance during your tour of the building.
3437,0,9,65,74,1.1216216216216217,0.03825469848047654,534,"I understand that this company's more progressive than most, but still, no exposed snakes in the workplace, guys."
3437,1,7,66,74,1.1216216216216217,0.04282120038926688,534,"Great try guys, but it won't be usable for our new GEICO Commercial."
3437,2,5,67,74,1.1216216216216217,0.04694559031179952,534,"No, no, no, dammit! I said, 'Bring me an articulated IPhone.'"
3437,1,7,66,74,1.1216216216216217,0.04282120038926688,534,That's amore.
3437,2,5,67,74,1.1216216216216217,0.04694559031179952,534,"Oh--um--yes, sir. I'll have that for you after, I mean, before lunch, sir."
3437,1,7,66,74,1.1216216216216217,0.04282120038926688,534,"Yes, worms infected our systems but I don't think that's the culprit. I think that's the new head of personnel."
3437,1,7,66,74,1.1216216216216217,0.04282120038926688,534,That fish looks a little too fresh for our lunch meeting.
3437,1,7,66,74,1.1216216216216217,0.04282120038926688,534,There's something fishy going on !
3437,0,9,65,74,1.1216216216216217,0.03825469848047654,534,We can't have customer service reps speaking with a forked tongue.
3437,0,9,65,74,1.1216216216216217,0.03825469848047654,534,Really guys? All I said was our HR policies have to modernize.
3437,2,5,67,74,1.1216216216216217,0.04694559031179952,534,"Client says to take it back, ""unless we have buns""?"
3437,3,3,68,74,1.1216216216216217,0.050735802907502126,534,"Boy, Lloyd looks terrible."
3437,2,5,67,74,1.1216216216216217,0.04694559031179952,534,"We have the serpent, but where's the Tree of Knowledge?"
3437,1,7,66,74,1.1216216216216217,0.04282120038926688,534,You're missing a cover page.
3437,0,9,65,74,1.1216216216216217,0.03825469848047654,534,Sales thinks we can squeeze enough out of this one to cure the whole city.
3437,1,7,66,74,1.1216216216216217,0.04282120038926688,534,"Boy, the boss can't complain we didn't get fresh fish."
3437,2,5,67,74,1.1216216216216217,0.04694559031179952,534,You can put it anywhere. Business is slow and we're thinning the heard.
3437,1,7,66,74,1.1216216216216217,0.04282120038926688,534,Did your snake get hisself into trouble?
3437,1,7,66,74,1.1216216216216217,0.04282120038926688,534,You're gonna need a bigger aquarium!
3437,1,7,66,74,1.1216216216216217,0.04282120038926688,534,That is NOT what I meant by you needing to bring in a big fish this week.
3437,0,9,65,74,1.1216216216216217,0.03825469848047654,534,"A,B,C, Always be coldblooded"
3437,1,7,66,74,1.1216216216216217,0.04282120038926688,534,No. I said Macarena.
3437,1,7,66,74,1.1216216216216217,0.04282120038926688,534,"Plumbers, you ain't."
3437,1,7,66,74,1.1216216216216217,0.04282120038926688,534,"Gentleman: Golden Retrievers, okay. Loose the Python."
3437,1,7,66,74,1.1216216216216217,0.04282120038926688,534,Did you get the memo? Our entire department is being eliminated... management has decided snake charming is going to be outsourced along with customer support.
3437,0,9,65,74,1.1216216216216217,0.03825469848047654,534,"The consultant says we need to find the ""head of the snake"", not the whole thing!"
3437,1,7,66,74,1.1216216216216217,0.04282120038926688,534,That's not what I had in mind when I said we had to tighten things up in the office.
3437,1,7,66,74,1.1216216216216217,0.04282120038926688,534,"Ha, ha, very funny: Having your lunch bring you."
3437,1,7,66,74,1.1216216216216217,0.04282120038926688,534,I don't think Mr. Jobs meant this when he said we needed a mascot.
3437,3,3,68,74,1.1216216216216217,0.050735802907502126,534,"Snakey, the corporate mascot, had just returned from a visit to the firm's Moscow branch."
3437,2,5,67,74,1.1216216216216217,0.04694559031179952,534,"No, the cafeteria is on the sixth floor not the fourth. You just swallowed accounting."
3437,1,7,66,74,1.1216216216216217,0.04282120038926688,534,"The boss must be in his ""he-who-must-not-be-named"" mood."
3437,1,7,66,74,1.1216216216216217,0.04282120038926688,534,I'll inform Mr. Mix-a-Lot that his anaconda found Debbie in accounting to have quite acceptable buns.
3437,1,7,66,74,1.1216216216216217,0.04282120038926688,534,I asked for two eels and one person!
3437,1,7,66,74,1.1216216216216217,0.04282120038926688,534,"Glad we're bringing him back, with the interns gone and all."
3437,0,9,65,74,1.1216216216216217,0.03825469848047654,534,"Erm, Hi! I'm looking for a ladder?"
3437,0,9,65,74,1.1216216216216217,0.03825469848047654,534,"Yes, but regardless of cost, I prefer the self-sticky type of note pads"
3437,2,5,67,74,1.1216216216216217,0.04694559031179952,534,So Smith selected Severe Supplier Squeeze.
3437,1,7,66,74,1.1216216216216217,0.04282120038926688,534,We found another corporate snake in the company safe.
3437,2,5,67,74,1.1216216216216217,0.04694559031179952,534,I wonder what the other guy looks like.
3437,3,3,68,74,1.1216216216216217,0.050735802907502126,534,Monster Driver's License renewal. Third door left
3437,2,5,67,74,1.1216216216216217,0.04694559031179952,534,Allowing for spell check I believe the boss wanted you to rent a Dodge Viper not a Large Viper.
3437,3,3,68,74,1.1216216216216217,0.050735802907502126,534,"Well ok, as long as it uses the malware bathroom."
3437,1,7,66,74,1.1216216216216217,0.04282120038926688,534,Smoked fish again?
3437,2,5,67,74,1.1216216216216217,0.04694559031179952,534,"Don't worry, we're moving you to an office with a corner."
3437,1,7,66,74,1.1216216216216217,0.04282120038926688,534,"Next time you have a three-martini lunch, please leave our company mascot in the office."
3437,0,9,65,74,1.1216216216216217,0.03825469848047654,534,It says here we ordered the five foot sea serpent but that's definitely a six foot.
3437,2,5,67,74,1.1216216216216217,0.04694559031179952,534,"My, what a long tongue you have, grandma."
3437,0,9,65,74,1.1216216216216217,0.03825469848047654,534,"Well, I sure don't have to asp if what you said is tongue in cheek."
3507,1,7,67,75,1.12,0.04227750450756747,534,'A hissing lizard is just what we need to eat the competition alive.'
3507,1,7,67,75,1.12,0.04227750450756747,534,Hacking has become more sophisticated.
3507,0,9,66,75,1.12,0.037776011264121404,534,We're always carrying the boss.
3507,1,7,67,75,1.12,0.04227750450756747,534,This is not the investment in sushi futures I was anticipating.
3507,2,5,68,75,1.12,0.04634379945308485,534,A good start.
3507,2,5,68,75,1.12,0.04634379945308485,534,"Oh, geez: I didn't realize our C.S.O. was visiting today!"
3507,1,7,67,75,1.12,0.04227750450756747,534,"Thanks for pitching in, guys!"
3507,1,7,67,75,1.12,0.04227750450756747,534,Take it back. They changed to order from snake skin belt to alligator boots.
3507,0,9,66,75,1.12,0.037776011264121404,534,"I'm just taking your lunch order, I don't think you need advice of counsel for that!"
3507,0,9,66,75,1.12,0.037776011264121404,534,The job description actually asked for Python experience...
3517,0,9,67,76,1.118421052631579,0.03730907073357324,534,"Oh, my God! How will this end?"
3518,1,6,66,73,1.1095890410958904,0.04166275705683711,534,Careful...it's Trumps newest hiree!
3518,1,6,66,73,1.1095890410958904,0.04166275705683711,534,Does our dental insurance cover our pets?
3518,1,6,66,73,1.1095890410958904,0.04166275705683711,534,I have your test results. Turns out you have the exact kind of venom we’ve been looking for.
3518,1,6,66,73,1.1095890410958904,0.04166275705683711,534,Why don't you put a blindfold on him so he doesn't show up again?
3518,1,6,66,73,1.1095890410958904,0.04166275705683711,534,Hurry up. Lunch is in one hour.
3518,1,6,66,73,1.1095890410958904,0.04166275705683711,534,Last time I saw you weren't you guys carrying a huge hot dog?
3518,0,8,65,73,1.1095890410958904,0.036813962320997935,534,How's he going to hold the pen ?
3518,1,6,66,73,1.1095890410958904,0.04166275705683711,534,"Case in point, Gentlemen; what I said was that we need to start enforcing breaks."
3518,0,8,65,73,1.1095890410958904,0.036813962320997935,534,"Unless it's ESA, pets are not allowed here."
3518,2,4,67,73,1.1095890410958904,0.04600329150595863,534,do you have your E.S.A papers? (emotional support animal)
3518,2,4,67,73,1.1095890410958904,0.04600329150595863,534,Cecil looks a little sea sick...
3518,2,4,67,73,1.1095890410958904,0.04600329150595863,534,"No, no, tomorrow is bring-your-man-eating-python-to-work day."
3518,0,8,65,73,1.1095890410958904,0.036813962320997935,534,"Sorry, guys. Even if she's sick, it's still no pets at work."
3518,1,6,66,73,1.1095890410958904,0.04166275705683711,534,"Comfy, boss?"
3518,1,6,66,73,1.1095890410958904,0.04166275705683711,534,"I mentioned ""snake eyes"" but I had dice in mind!"
3518,1,6,66,73,1.1095890410958904,0.04166275705683711,534,I didn't know catching Pokemon was so literal.
3518,0,8,65,73,1.1095890410958904,0.036813962320997935,534,Ill never run out of power as long as I keep feeding it.
3518,0,8,65,73,1.1095890410958904,0.036813962320997935,534,the boss switched from hunting
3518,1,6,66,73,1.1095890410958904,0.04166275705683711,534,I'd heard he shed a few pounds.
3518,0,8,65,73,1.1095890410958904,0.036813962320997935,534,"'I'm glad you two got outside for summer vacation, but a selfie would do.'"
3518,1,6,66,73,1.1095890410958904,0.04166275705683711,534,"The good news: we did away with pink slips when the office went green; the bad news: meet Cobra, our newest employee"
3518,0,8,65,73,1.1095890410958904,0.036813962320997935,534,"Oh-no, we must have mice in the office."
3518,1,6,66,73,1.1095890410958904,0.04166275705683711,534,"Waddaya mean ""new corporate culture""?"
3518,1,6,66,73,1.1095890410958904,0.04166275705683711,534,You idiots... I told you to take a BREAK!
3518,1,6,66,73,1.1095890410958904,0.04166275705683711,534,"Perfect, we just ventilated his corner office."
3518,0,8,65,73,1.1095890410958904,0.036813962320997935,534,New boss?
3518,2,4,67,73,1.1095890410958904,0.04600329150595863,534,Next time make your lunch at home.
3518,0,8,65,73,1.1095890410958904,0.036813962320997935,534,"Eely, fork tongued . . .cute. . but the Lochte thing is over . . ."
3518,2,4,67,73,1.1095890410958904,0.04600329150595863,534,It was getting a little boring around here so we decided to snake things up.
3518,3,2,68,73,1.1095890410958904,0.04996819321515819,534,"I was taking care of a sick relative and missed the deadline for the People Dining in the Subway Contest. Please consider. Waiter says ""And tonight's soup is the Third Rail Chili."""
3518,0,8,65,73,1.1095890410958904,0.036813962320997935,534,It better not be pregnant.
3518,1,6,66,73,1.1095890410958904,0.04166275705683711,534,Is that our new spokes-creature?
3518,3,2,68,73,1.1095890410958904,0.04996819321515819,534,"Yes, you're right, I asked for a big schlong, ober ich hab nit geredt Yiddish."
3518,0,8,65,73,1.1095890410958904,0.036813962320997935,534,"OK, so he's paid for his grumpy morning. Now the question is, do you remember how to turn him back into Fred?"
3518,0,8,65,73,1.1095890410958904,0.036813962320997935,534,I thought your mother in law wasn't due until tomorrow.
3518,2,4,67,73,1.1095890410958904,0.04600329150595863,534,Cincinnati zoo?
3518,1,6,66,73,1.1095890410958904,0.04166275705683711,534,Dibs on his corner office.
3518,2,4,67,73,1.1095890410958904,0.04600329150595863,534,"ok snake eyes, here is your soul mate."
3518,2,4,67,73,1.1095890410958904,0.04600329150595863,534,I didn't know this place had anything but subs.
3518,1,6,66,73,1.1095890410958904,0.04166275705683711,534,His town hall is in twenty minutes. Maybe with some hair...
3518,1,6,66,73,1.1095890410958904,0.04166275705683711,534,Here's our consultant for the Scottish marketing campaign.
3518,1,6,66,73,1.1095890410958904,0.04166275705683711,534,Does it eat Asian carp?
3518,0,8,65,73,1.1095890410958904,0.036813962320997935,534,Get him a cup of coffee and then we'll have our sit-down.
3518,1,6,66,73,1.1095890410958904,0.04166275705683711,534,"Sir, it appears we have found your boss."
3518,1,6,66,73,1.1095890410958904,0.04166275705683711,534,What part didn't you understand when I asked for either a bull or a bear?
3518,1,6,66,73,1.1095890410958904,0.04166275705683711,534,"I didn't mean the ""worm"" literally."
3518,1,6,66,73,1.1095890410958904,0.04166275705683711,534,Ill eel?
3518,1,6,66,73,1.1095890410958904,0.04166275705683711,534,"That goes to the Boss's office. It's from the ""Snakes Too Big For The Grass"" PAC."
3518,0,8,65,73,1.1095890410958904,0.036813962320997935,534,Does it speak?
3518,2,4,67,73,1.1095890410958904,0.04600329150595863,534,"Honey, I told you to call first!"
3518,1,6,66,73,1.1095890410958904,0.04166275705683711,534,May I suggest the footlong on wheat with Swiss and a bag of chips?
3518,1,6,66,73,1.1095890410958904,0.04166275705683711,534,CEO's pet for bring your pet to work day.
3518,2,4,67,73,1.1095890410958904,0.04600329150595863,534,I see we left Higgins on the sales desk too long.
3518,2,4,67,73,1.1095890410958904,0.04600329150595863,534,"This anaconda don't got funds, if we don't refinance his adjustable-rate mortgage, hun"
3518,0,8,65,73,1.1095890410958904,0.036813962320997935,534,"Bad news, boss. No more Wildebeest donuts left."
3518,2,4,67,73,1.1095890410958904,0.04600329150595863,534,Store the leftover campaign celebrities in the closet.
3518,1,6,66,73,1.1095890410958904,0.04166275705683711,534,Sssssssss... buy.
3518,1,6,66,73,1.1095890410958904,0.04166275705683711,534,"When the worm turns, you're not supposed to straighten it."
3518,2,4,67,73,1.1095890410958904,0.04600329150595863,534,It's a surprise gift for Mary's baby shower.
3518,0,8,65,73,1.1095890410958904,0.036813962320997935,534,"Sorry, Earl; cutbacks are cutbacks, and we can't keep you with the price of your retainer."
3518,2,4,67,73,1.1095890410958904,0.04600329150595863,534,"The share deal meeting got moved to next week. Oh, and I'm on to you."
3518,2,4,67,73,1.1095890410958904,0.04600329150595863,534,Circumcision for 2!
3518,0,8,65,73,1.1095890410958904,0.036813962320997935,534,"The best spam-buster you can find, trust me..."
3518,2,4,67,73,1.1095890410958904,0.04600329150595863,534,We're doing a human flag at an NRA convention.
3518,0,8,65,73,1.1095890410958904,0.036813962320997935,534,"Use ""the snake with forked tongue"" as a prop when you interview the two candidates on tonight's news."
3518,2,4,67,73,1.1095890410958904,0.04600329150595863,534,This anaconda has fangs...message delivered.
3518,1,6,66,73,1.1095890410958904,0.04166275705683711,534,"Need more oil, fellas?"
3518,2,4,67,73,1.1095890410958904,0.04600329150595863,534,"I can't believe you actually thought I said I wanted a jumbo horrible snake. I said JUMBO CARAMEL SHAKE. Makes more sense, doesn't it?"
3518,2,4,67,73,1.1095890410958904,0.04600329150595863,534,Oh good! We got a green one this time.
3518,0,8,65,73,1.1095890410958904,0.036813962320997935,534,"The instructions say that if you drop him again, you're his offal."
3518,1,6,66,73,1.1095890410958904,0.04166275705683711,534,You could called someone to snake the sink.
3518,2,4,67,73,1.1095890410958904,0.04600329150595863,534,I didn't know it was voodoo Tuesday already.
3518,0,8,65,73,1.1095890410958904,0.036813962320997935,534,Hiring interns from the aquarium was an interesting choice
3518,2,4,67,73,1.1095890410958904,0.04600329150595863,534,As long as you completed the Know Your Customer.
3518,0,8,65,73,1.1095890410958904,0.036813962320997935,534,I wouldn't know. Asp Janet Yellen.
3518,0,8,65,73,1.1095890410958904,0.036813962320997935,534,"I said a VIRTUAL reality update for the old DOS game, snake."
3518,1,6,66,73,1.1095890410958904,0.04166275705683711,534,"You know, when Joe said my snake is bigger than yours I don't think he meant you to take it so seriously... and literally."
3518,1,6,66,73,1.1095890410958904,0.04166275705683711,534,"Hillary will be furious, Bill was supposed to get rid of that thing weeks ago. If Trump gets ahold of this and tweets it she's toast!"
3518,1,6,66,73,1.1095890410958904,0.04166275705683711,534,Customer service hotline? Now we're just being mean!
3518,1,6,66,73,1.1095890410958904,0.04166275705683711,534,Rosensteins cloaking device failed again?
3518,2,4,67,73,1.1095890410958904,0.04600329150595863,534,Hit and run
3518,2,4,67,73,1.1095890410958904,0.04600329150595863,534,Is it bring your spouse to work day?
3518,3,2,68,73,1.1095890410958904,0.04996819321515819,534,Tell J.K. Rowling we found one of her magical beasts.
3518,0,8,65,73,1.1095890410958904,0.036813962320997935,534,"This is Wallstreet, we're supposed to be the only cold blooded creators!"
3518,2,4,67,73,1.1095890410958904,0.04600329150595863,534,"Oh good, the new campaign chair's here."
3518,0,8,65,73,1.1095890410958904,0.036813962320997935,534,I said a shark. That's not a shark!
3518,1,6,66,73,1.1095890410958904,0.04166275705683711,534,"Slither on old pal, slither on."
3518,0,8,65,73,1.1095890410958904,0.036813962320997935,534,"Quick, new expense guidelines! Snakes are for customer events only now!"
3518,1,6,66,73,1.1095890410958904,0.04166275705683711,534,Who says we've gone lax in our vetting?
3518,1,6,66,73,1.1095890410958904,0.04166275705683711,534,Every time we bring in this IT consultant he recommends we switch to Macs.
3518,1,6,66,73,1.1095890410958904,0.04166275705683711,534,"No, Martin, you know this floor is for giant serpents with single tongues . Forked tongues go to 17th floor."
3518,2,4,67,73,1.1095890410958904,0.04600329150595863,534,"Personally, I would not attempt mouth to mouth resuscitation."
3518,1,6,66,73,1.1095890410958904,0.04166275705683711,534,Which candidate ordered the personality swap?
3518,1,6,66,73,1.1095890410958904,0.04166275705683711,534,"Give him the third office on the left with the view, he 's one of my wife's relatives from Brazil"
3518,1,6,66,73,1.1095890410958904,0.04166275705683711,534,"Great! Get that fresh-squeezed caviar to the boardroom, pronto!"
3518,1,6,66,73,1.1095890410958904,0.04166275705683711,534,"You two handle the scale of our business, not me."
3518,2,4,67,73,1.1095890410958904,0.04600329150595863,534,I knew putting a snake in charge of s-s-s-s-supplies was a mistake.
3518,1,6,66,73,1.1095890410958904,0.04166275705683711,534,I’m not sure the long tail on this is going to be worth it.
3518,1,6,66,73,1.1095890410958904,0.04166275705683711,534,"Don't worry, convincing the board was a piece of snake"
3518,1,6,66,73,1.1095890410958904,0.04166275705683711,534,"""No,he doesn't have a vote""."
3518,1,6,66,73,1.1095890410958904,0.04166275705683711,534,Ogilvy old boy you’re looking positively green about the gills this morning.
3518,0,8,65,73,1.1095890410958904,0.036813962320997935,534,Stick a fork in it.
3518,2,4,67,73,1.1095890410958904,0.04600329150595863,534,"--When I asked to provide proof that you took part in a camping safari, I meant a certificate."
3518,2,4,67,73,1.1095890410958904,0.04600329150595863,534,Donald let him in the newsroom again!
3518,0,8,65,73,1.1095890410958904,0.036813962320997935,534,The boss said we are getting a new CFO.
3518,1,6,66,73,1.1095890410958904,0.04166275705683711,534,It's the boss's plan to get rid of the giant strike rat.
3518,0,8,65,73,1.1095890410958904,0.036813962320997935,534,"No, I said ANCHOVIES."
3518,0,8,65,73,1.1095890410958904,0.036813962320997935,534,Looks like we are all tired!
3518,2,4,67,73,1.1095890410958904,0.04600329150595863,534,"Ah, you must be the new employee from the Florida Everglades office!"
3518,1,6,66,73,1.1095890410958904,0.04166275705683711,534,Harry and Ron - what did you find in the pipes?
3518,1,6,66,73,1.1095890410958904,0.04166275705683711,534,"Campaign ad? ""Snake with forked tongue?"""
3518,1,6,66,73,1.1095890410958904,0.04166275705683711,534,That's sure to light a fire under the slackers!
3518,1,6,66,73,1.1095890410958904,0.04166275705683711,534,Your souvenir from Rio doesn't qualify as office decor. That snake has obviously been on steroids.
3518,1,6,66,73,1.1095890410958904,0.04166275705683711,534,I'm fairly sure the boss didn't say 'four foot snake.'
3518,2,4,67,73,1.1095890410958904,0.04600329150595863,534,That's against my constitutional rights!
3518,0,8,65,73,1.1095890410958904,0.036813962320997935,534,This pet walking detail is cutting into our bottom line.
3518,2,4,67,73,1.1095890410958904,0.04600329150595863,534,No you idiots I ordered a tuna on rye.
3518,0,8,65,73,1.1095890410958904,0.036813962320997935,534,"When I said we had to be ""disruptive"" and ""scale up,"" doing it in one fell swoop wasn't what I had in mind."
3518,2,4,67,73,1.1095890410958904,0.04600329150595863,534,"Hey, you're not going to believe it! The new recruit doesn't have scales!"
3518,1,6,66,73,1.1095890410958904,0.04166275705683711,534,We were phishing for a big payday and look what we found!
3518,0,8,65,73,1.1095890410958904,0.036813962320997935,534,No one told me it was Bring an Eel to Work Day.
3518,1,6,66,73,1.1095890410958904,0.04166275705683711,534,"Remember, you're only following deportation policy."
3518,1,6,66,73,1.1095890410958904,0.04166275705683711,534,You've not conga'd before have you
3518,2,4,67,73,1.1095890410958904,0.04600329150595863,534,You gotta love that tongue..........
3518,2,4,67,73,1.1095890410958904,0.04600329150595863,534,"Sorry, per the editorial staff - there is no such thing as the Loch Ness Monster...."
3518,1,6,66,73,1.1095890410958904,0.04166275705683711,534,But you said there was no fishing expedition against the firm.
3518,1,6,66,73,1.1095890410958904,0.04166275705683711,534,So THAT'S why you're not getting any work done...
3518,0,8,65,73,1.1095890410958904,0.036813962320997935,534,I warned Fred about bringing his pets to the office!
3518,1,6,66,73,1.1095890410958904,0.04166275705683711,534,Meeting was a killer.
3518,0,8,65,73,1.1095890410958904,0.036813962320997935,534,You said to check it out with the Big Fish!
3518,1,6,66,73,1.1095890410958904,0.04166275705683711,534,It's not because she's a snake; this is about ethics in gaming journalism.
3518,1,6,66,73,1.1095890410958904,0.04166275705683711,534,"Based on the order, I can see you two are feeling eel."
3518,2,4,67,73,1.1095890410958904,0.04600329150595863,534,I said a big meal!
3518,0,8,65,73,1.1095890410958904,0.036813962320997935,534,Time to scale up.
3518,1,6,66,73,1.1095890410958904,0.04166275705683711,534,Take him up to accounting. He's the new hire
3518,2,4,67,73,1.1095890410958904,0.04600329150595863,534,"I hate to break it to you, but that's not Taylor Swift."
3518,2,4,67,73,1.1095890410958904,0.04600329150595863,534,This isn't just about surfing the internet. You smell.
3518,0,8,65,73,1.1095890410958904,0.036813962320997935,534,I guess the boss had one too many lattes.
3518,0,8,65,73,1.1095890410958904,0.036813962320997935,534,I am not sure our new mascot meets the cuteness quota.
3518,2,4,67,73,1.1095890410958904,0.04600329150595863,534,"I don't care if he had snake eyes, we never play dice in front of the investors."""
3518,1,6,66,73,1.1095890410958904,0.04166275705683711,534,We are headed for a weekend at the Cape.
3518,2,4,67,73,1.1095890410958904,0.04600329150595863,534,"I don't care how much oil you squeeze out of that, Trump isn't going to win."
3518,0,8,65,73,1.1095890410958904,0.036813962320997935,534,Snaking out for a break are we?
3518,1,6,66,73,1.1095890410958904,0.04166275705683711,534,I think he's a bit underdressed.
3518,2,4,67,73,1.1095890410958904,0.04600329150595863,534,"Remember, she’s our mascot, not retirement plan."
3518,0,8,65,73,1.1095890410958904,0.036813962320997935,534,"Alright, now someone get me a ladder and we're in business!"
3518,1,6,66,73,1.1095890410958904,0.04166275705683711,534,If this one's endangered it's his own doing.
3518,2,4,67,73,1.1095890410958904,0.04600329150595863,534,Did you pick up the boss's large shake in the glass?
3518,1,6,66,73,1.1095890410958904,0.04166275705683711,534,"You know he'll only be happy if it is a new species, right?"
3518,1,6,66,73,1.1095890410958904,0.04166275705683711,534,"Quickly now, the auditors are on the track."
3518,1,6,66,73,1.1095890410958904,0.04166275705683711,534,How about trying the cafeteria tomorrow?
3518,2,4,67,73,1.1095890410958904,0.04600329150595863,534,Where is the snake charmer class?
3518,2,4,67,73,1.1095890410958904,0.04600329150595863,534,I think you were supposed to take the El.
3671,3,2,69,74,1.1081081081081081,0.04931056545077329,534,"As two men walk with a sea serpent under their arms, they are confronted by a man carrying a dick pic. Funny, surreal; a real rollercoaster of emotion. 2 out of 5 stars."
3671,1,6,67,74,1.1081081081081081,0.04112256523107289,534,He is a dead ringer for the CEO.
3671,2,4,68,74,1.1081081081081081,0.045401526605714705,534,Call off the search for the Accounting Department.
3671,0,8,66,74,1.1081081081081081,0.03634325417788381,534,I can't wait to see his rattles!
3671,0,8,66,74,1.1081081081081081,0.03634325417788381,534,"Who the h""eel"" is this?"
3671,1,6,67,74,1.1081081081081081,0.04112256523107289,534,Hurry guys. The boss is cracking down on practical jokes.
3671,1,6,67,74,1.1081081081081081,0.04112256523107289,534,There's something fishy about this!
3671,0,8,66,74,1.1081081081081081,0.03634325417788381,534,Good Fellows...now you can bring in Luca Brasi.
3671,0,8,66,74,1.1081081081081081,0.03634325417788381,534,I knew everyone wouldn't be on board for themed lunch days.
3671,1,6,67,74,1.1081081081081081,0.04112256523107289,534,"The forked tongue looks good, but it 's too late to stand for the Board."
3671,2,4,68,74,1.1081081081081081,0.045401526605714705,534,"Now you know, a snake is a snake and a CEO is a CEO."
3671,1,6,67,74,1.1081081081081081,0.04112256523107289,534,"Well, at least now you know why they say, ""Don't look a gift eel in the mouth."""
3671,0,8,66,74,1.1081081081081081,0.03634325417788381,534,"Uh, how will this help 'take care' of the lazy workers again, boss?"
3671,2,4,68,74,1.1081081081081081,0.045401526605714705,534,You going to just talk through his stomach until he passes that thing?
3671,2,4,68,74,1.1081081081081081,0.045401526605714705,534,Is that lunch for Mr. Grylls?
3671,2,4,68,74,1.1081081081081081,0.045401526605714705,534,I think Herb's been telecommuting from his beach house for too long.
3671,0,8,66,74,1.1081081081081081,0.03634325417788381,534,"When she said ""We need a VIP,"" that was not short for viper."
3671,1,6,67,74,1.1081081081081081,0.04112256523107289,534,A word from management: from now on you are to take the stairs.
3671,1,6,67,74,1.1081081081081081,0.04112256523107289,534,The quality of contract dragons really is declining.
3671,1,6,67,74,1.1081081081081081,0.04112256523107289,534,'' IS THIS THE NEW NUMBER CRUNCHER ''?
3671,1,6,67,74,1.1081081081081081,0.04112256523107289,534,What makes you Eve sent it?
3671,1,6,67,74,1.1081081081081081,0.04112256523107289,534,``There's a delightful aioli in my office.''
3671,1,6,67,74,1.1081081081081081,0.04112256523107289,534,I thought I told you not to use the microwave?!
3671,0,8,66,74,1.1081081081081081,0.03634325417788381,534,We find that employees who share a transitional object fail to develop needed autonomy.
3671,1,6,67,74,1.1081081081081081,0.04112256523107289,534,I don't speak parseltongue.
3696,0,8,67,75,1.1066666666666667,0.03588436550487812,534,Brilliant. Nothing eclipses an earnings miss quite like a boa constrictor in the board room... It's even better than the hot dog last quarter.
3696,2,4,69,75,1.1066666666666667,0.044815269812960044,534,"No, no. I said: ""My anaconda don't want none unless you've got the COST OVERRUNS."" It can stay."
3696,1,6,68,75,1.1066666666666667,0.04059615804541172,534,"I said, French Elle! Gérard Depardieu is on the cover."
3696,1,6,68,75,1.1066666666666667,0.04059615804541172,534,"It's MombO line, you knuckleheads."
3700,0,7,64,71,1.0985915492957747,0.03563129757936204,534,'Bout time that snake got caught not slithering on the job
3700,0,7,64,71,1.0985915492957747,0.03563129757936204,534,Millennials are such an entitled generation
3700,2,3,66,71,1.0985915492957747,0.04554578291161663,534,"John, your slippery business skills are really on show."
3700,0,7,64,71,1.0985915492957747,0.03563129757936204,534,"No sir , the fish is the owner . The snake is a tenant ."
3700,0,7,64,71,1.0985915492957747,0.03563129757936204,534,So you folks must be from the field office in Maine...
3700,1,5,65,71,1.0985915492957747,0.0408901437281722,534,I'll inform HR that you were talking about an actual large snake
3700,1,5,65,71,1.0985915492957747,0.0408901437281722,534,"I apologize for that ""lawyers are big snakes"" remark."
3700,1,5,65,71,1.0985915492957747,0.0408901437281722,534,No more eel souci in the executive dining room.
3700,0,7,64,71,1.0985915492957747,0.03563129757936204,534,Sssscalable... Besssst practiccsssssesssss... Sssssssssynergy...
3700,1,5,65,71,1.0985915492957747,0.0408901437281722,534,"It's no good, there be no truth with this fork tongue."
3700,1,5,65,71,1.0985915492957747,0.0408901437281722,534,company mascot contest?
3700,2,3,66,71,1.0985915492957747,0.04554578291161663,534,It sill needs a piece of identification to cast a vote.
3700,1,5,65,71,1.0985915492957747,0.0408901437281722,534,"I said 'More efficiency', not 'Go Fish-in-sea' !"
3700,2,3,66,71,1.0985915492957747,0.04554578291161663,534,"When you acquire a basketcase, a little recoil is to be expected."
3700,0,7,64,71,1.0985915492957747,0.03563129757936204,534,I told you guys no pets in the work place.
3700,1,5,65,71,1.0985915492957747,0.0408901437281722,534,Your sales figured haven't improved. Try squeezing harder.
3700,1,5,65,71,1.0985915492957747,0.0408901437281722,534,The Chamber of Secrets department got laid-off this month.
3700,2,3,66,71,1.0985915492957747,0.04554578291161663,534,"When I want to meet with our 'rep' for the northern district, I don't mean 'reptile.'"
3700,1,5,65,71,1.0985915492957747,0.0408901437281722,534,That's the new Human Resources Manager?!
3700,1,5,65,71,1.0985915492957747,0.0408901437281722,534,It's our new vice-president's first day.
3700,0,7,64,71,1.0985915492957747,0.03563129757936204,534,Talk about manipulating people into signing a contract!
3700,0,7,64,71,1.0985915492957747,0.03563129757936204,534,"OK so maybe the take home here is, we don't always have to think ou"
3700,0,7,64,71,1.0985915492957747,0.03563129757936204,534,"He's a one day rental, but looks too slow to get all the rats."
3700,0,7,64,71,1.0985915492957747,0.03563129757936204,534,Susan in sales invited us to Mamba lessons!
3700,1,5,65,71,1.0985915492957747,0.0408901437281722,534,"Says here, the trouble started when he tasted loathing from another snake in the grass."
3700,1,5,65,71,1.0985915492957747,0.0408901437281722,534,Are you guys for eel? Heavens snake! You're getting worm. Hiss-terical.
3700,1,5,65,71,1.0985915492957747,0.0408901437281722,534,He and Donald were trying to sell Snake Oil again on the tube!
3700,2,3,66,71,1.0985915492957747,0.04554578291161663,534,"Don't worry, it's dead."
3700,0,7,64,71,1.0985915492957747,0.03563129757936204,534,"His Resume says he used to be into Apples, but now he's devilish on bonds. What kind of a compensation package are we talking?"
3700,0,7,64,71,1.0985915492957747,0.03563129757936204,534,"Move him in the corner office, please"
3700,2,3,66,71,1.0985915492957747,0.04554578291161663,534,You found that snake
3700,0,7,64,71,1.0985915492957747,0.03563129757936204,534,"Good, you got him out of the corner office. Now put him in the grass with the other snakes."
3700,2,3,66,71,1.0985915492957747,0.04554578291161663,534,I didn't realize it was celebrity roast night.
3700,2,3,66,71,1.0985915492957747,0.04554578291161663,534,I said that our 3rd party candidate could win if it was a seal.
3700,1,5,65,71,1.0985915492957747,0.0408901437281722,534,"I understand Ms. Swift, it's just that the PR team are all out of ideas..."
3700,0,7,64,71,1.0985915492957747,0.03563129757936204,534,"Thanks guys for remembering to ""team-lift""."
3700,0,7,64,71,1.0985915492957747,0.03563129757936204,534,how is the Peterson proposal coming along guys?
3700,1,5,65,71,1.0985915492957747,0.0408901437281722,534,Your pet project is my pet pet peeve.
3700,0,7,64,71,1.0985915492957747,0.03563129757936204,534,Blast! That's the third python this week.
3700,1,5,65,71,1.0985915492957747,0.0408901437281722,534,"You're right, the new boss is a snake."
3700,0,7,64,71,1.0985915492957747,0.03563129757936204,534,Try the oil next time'
3700,0,7,64,71,1.0985915492957747,0.03563129757936204,534,Too bad! I told Hal not to inflate his sales numbers but I never realized how vindictive the boss could be!
3700,1,5,65,71,1.0985915492957747,0.0408901437281722,534,"You're looking...tasty...too, boss."
3700,0,7,64,71,1.0985915492957747,0.03563129757936204,534,You can either give him your Lunch or take him back to the Grass where you found him.
3744,1,5,66,72,1.0972222222222223,0.04034147195184963,534,"This is Wilbur's replacement, be careful what you say to the Boss!"
3744,1,5,66,72,1.0972222222222223,0.04034147195184963,534,Didn't you hear? It's bring your pet to work day.
3744,1,5,66,72,1.0972222222222223,0.04034147195184963,534,Pundits for the six o'clock segment are gathering in the green room.
3744,1,5,66,72,1.0972222222222223,0.04034147195184963,534,Let's hope the python swallows all the Panama papers!
3744,1,5,66,72,1.0972222222222223,0.04034147195184963,534,Welcome to Subway. We have expanded our menu for travelers on the Hogwarts Express.
3744,2,3,67,72,1.0972222222222223,0.04492961902766521,534,What's for lunch?
3744,0,7,65,72,1.0972222222222223,0.035159608253116335,534,The extra-long snake tartare is for the lunch meeting downstairs.
3744,2,3,67,72,1.0972222222222223,0.04492961902766521,534,We're here for the deadwood.
3744,1,5,66,72,1.0972222222222223,0.04034147195184963,534,"Right away, Mr. Oroboros."
3744,1,5,66,72,1.0972222222222223,0.04034147195184963,534,The new intern drank too much at the office party.
3744,1,5,66,72,1.0972222222222223,0.04034147195184963,534,She must pass the Zika test before moving into her new office.
3744,1,5,66,72,1.0972222222222223,0.04034147195184963,534,Did it swallow Adam's apple?
3756,0,7,66,73,1.095890410958904,0.034700192131439885,534,So that is where the oil we sell comes from
3756,1,5,67,73,1.095890410958904,0.03980729628804269,534,Didn't I tell you that it's not safe to bring your pets to work?
3758,2,2,65,69,1.0869565217391304,0.04494540799009201,534,"Yep, you're dying."
3758,0,6,63,69,1.0869565217391304,0.03416979339101634,534,"Well, I guess that answers the Hillary-Donald in-vitro question."
3758,0,6,63,69,1.0869565217391304,0.03416979339101634,534,"I don't care who its master is, Malfoy. No pets allowed!"
3758,2,2,65,69,1.0869565217391304,0.04494540799009201,534,"After restarting didn't help, we called in I.T."
3758,0,6,63,69,1.0869565217391304,0.03416979339101634,534,You guys headed to the white elephant party?
3758,1,4,64,69,1.0869565217391304,0.039922828555730934,534,We think we caught the newly forme species: Asian Carpe Diem
3758,0,6,63,69,1.0869565217391304,0.03416979339101634,534,"You didn't let them upsell you on the oil, I hope."
3758,0,6,63,69,1.0869565217391304,0.03416979339101634,534,I see you have elevated our poison pill offer
3758,0,6,63,69,1.0869565217391304,0.03416979339101634,534,I'd rather feed the pig.
3758,0,6,63,69,1.0869565217391304,0.03416979339101634,534,"Sorry Serp, only one pet allowed during ""bring your pet to work day."""
3758,0,6,63,69,1.0869565217391304,0.03416979339101634,534,Is that pescetarian?
3758,2,2,65,69,1.0869565217391304,0.04494540799009201,534,"In our business, we normally find one like this in the grass."
3758,2,2,65,69,1.0869565217391304,0.04494540799009201,534,"Airbnb Huh?"" ""So how is Airbnb working out for you ?"
3758,1,4,64,69,1.0869565217391304,0.039922828555730934,534,"For the last time, no! We're not starting a Snakes-as-a-Service company!"
3758,1,4,64,69,1.0869565217391304,0.039922828555730934,534,The boss told you to go for that low hanging fruit?
3758,1,4,64,69,1.0869565217391304,0.039922828555730934,534,Where can we put the cake?
3758,1,4,64,69,1.0869565217391304,0.039922828555730934,534,You said it was bring your pet to work Friday.
3758,1,4,64,69,1.0869565217391304,0.039922828555730934,534,"What's the matter, is the corporate serpent telling the truth again?"
3758,1,4,64,69,1.0869565217391304,0.039922828555730934,534,Uhh...how will the Slytherin Dept. feel about this?
3758,1,4,64,69,1.0869565217391304,0.039922828555730934,534,"No, it turns out loch ness monsters don't qualify for watercraft insurance."
3758,1,4,64,69,1.0869565217391304,0.039922828555730934,534,"Green screen him, pronto."
3758,1,4,64,69,1.0869565217391304,0.039922828555730934,534,"This is not what I meant when I said to watch 'Shark Tank,' for branding ideas."
3758,0,6,63,69,1.0869565217391304,0.03416979339101634,534,This lady just called about her missing snake? But hers was bigger than that --see?
3758,0,6,63,69,1.0869565217391304,0.03416979339101634,534,"Never mind. Guess it was an accounting error, not the return of Nög-Threzzaq."
3758,1,4,64,69,1.0869565217391304,0.039922828555730934,534,"I'm not sure this will fit in withe boss' ""all inclusive"" program"
3758,1,4,64,69,1.0869565217391304,0.039922828555730934,534,Hillary Clinton speech preparation
3758,0,6,63,69,1.0869565217391304,0.03416979339101634,534,Management again wants to squeeze our budget?
3758,1,4,64,69,1.0869565217391304,0.039922828555730934,534,Sorry gents. All ladders have been discontinued.
3758,0,6,63,69,1.0869565217391304,0.03416979339101634,534,The negotiations are occurring in the rear conference room.
3758,1,4,64,69,1.0869565217391304,0.039922828555730934,534,"Personally, I don't think that's the best mascot for our female recruitment campaign. Maybe we should have an office vote."
3758,1,4,64,69,1.0869565217391304,0.039922828555730934,534,I have two eye-witnesses that place you in that garden Satan. Play ball or it's Paradise Lost Part Deux for you!
3758,1,4,64,69,1.0869565217391304,0.039922828555730934,534,No pets allowed.
3758,0,6,63,69,1.0869565217391304,0.03416979339101634,534,How can explain this to HR?
3758,1,4,64,69,1.0869565217391304,0.039922828555730934,534,"I see Trump has transformed from CEO, to Politico, and finally real-self-o."
3758,0,6,63,69,1.0869565217391304,0.03416979339101634,534,We have plenty of wolves on Wall Street; we definitely don't snakes.
3758,0,6,63,69,1.0869565217391304,0.03416979339101634,534,There are other ways to rattle my cage.
3758,0,6,63,69,1.0869565217391304,0.03416979339101634,534,Great! Donald's hair is starving.
3758,2,2,65,69,1.0869565217391304,0.04494540799009201,534,Your demands of TPS reports has anger Quetzalcoatl!
3758,0,6,63,69,1.0869565217391304,0.03416979339101634,534,"No, I definitely ordered eel avocado."
3758,2,2,65,69,1.0869565217391304,0.04494540799009201,534,There was a snake in his boot.
3758,0,6,63,69,1.0869565217391304,0.03416979339101634,534,It's probably best you help direct him to HR.
3758,0,6,63,69,1.0869565217391304,0.03416979339101634,534,He loves celebrating bring your pet to work day!
3758,1,4,64,69,1.0869565217391304,0.039922828555730934,534,Joe at Crab Shack said this was his freshest seafood today.
3758,0,6,63,69,1.0869565217391304,0.03416979339101634,534,So when you said you wanted to expense python...
3758,2,2,65,69,1.0869565217391304,0.04494540799009201,534,"Look, can either of you try to get a lunch order from this guy?"
3758,0,6,63,69,1.0869565217391304,0.03416979339101634,534,Our Python programmers really aren't client-facing.
3758,0,6,63,69,1.0869565217391304,0.03416979339101634,534,Get that f-ing snake off this pla...I mean out of this office!
3758,0,6,63,69,1.0869565217391304,0.03416979339101634,534,That was antidote in the workroom fridge? Sorry.
3758,1,4,64,69,1.0869565217391304,0.039922828555730934,534,"Take Gripper, our new Lean mascot over to the sales meeting"
3758,2,2,65,69,1.0869565217391304,0.04494540799009201,534,Medusa's still alive?
3758,0,6,63,69,1.0869565217391304,0.03416979339101634,534,"When you say it was unfit for purpose, what exactly do you mean?"
3758,1,4,64,69,1.0869565217391304,0.039922828555730934,534,I just got the memo. She's definitely been crossed by too many corporate ladders.
3758,0,6,63,69,1.0869565217391304,0.03416979339101634,534,"Didn't""t the Boss say ""oven ready""?"
3758,1,4,64,69,1.0869565217391304,0.039922828555730934,534,He followed us home. Can we keep him?
3758,2,2,65,69,1.0869565217391304,0.04494540799009201,534,When I told Monique we needed Lazard Frères I did not mean the Lizard Brothers.
3758,1,4,64,69,1.0869565217391304,0.039922828555730934,534,"No guys, I said you have to 'take the bull by the horns'!"
3758,0,6,63,69,1.0869565217391304,0.03416979339101634,534,Back office poison!
3758,1,4,64,69,1.0869565217391304,0.039922828555730934,534,"""Okay guys, you know the dress code - let's get those jackets back on before someone says you look Nessy."
3758,0,6,63,69,1.0869565217391304,0.03416979339101634,534,I see you've returned from that slippery slope you went down.
3758,1,4,64,69,1.0869565217391304,0.039922828555730934,534,She's key to implementation of our updated affirmative action and diversity protocols.
3758,0,6,63,69,1.0869565217391304,0.03416979339101634,534,"You know that Giant Slithering Snakes was pushed to Q4, right?"
3758,0,6,63,69,1.0869565217391304,0.03416979339101634,534,"It doesn't bite, it licks."
3758,0,6,63,69,1.0869565217391304,0.03416979339101634,534,"I know you're behind the others in sales, but don't you think putting giant snakes in their offices is a bit much?"
3758,1,4,64,69,1.0869565217391304,0.039922828555730934,534,"VP of Finance? No, HR."
3758,0,6,63,69,1.0869565217391304,0.03416979339101634,534,"Gentlemen, I see. The ""white mamba"" computer virus is more literal than virtual!"
3758,0,6,63,69,1.0869565217391304,0.03416979339101634,534,I didn't mean to swipe right.
3758,1,4,64,69,1.0869565217391304,0.039922828555730934,534,Eel got your tongue?
3758,2,2,65,69,1.0869565217391304,0.04494540799009201,534,So this is the slippery customer that's been taking up all your time.
3758,0,6,63,69,1.0869565217391304,0.03416979339101634,534,I meant the printer is out of paper and to fetch the largest __reel__.
3758,0,6,63,69,1.0869565217391304,0.03416979339101634,534,Can you make me a Manhattan with a knotted cherry?
3758,1,4,64,69,1.0869565217391304,0.039922828555730934,534,Is this the new job applicant?
3758,0,6,63,69,1.0869565217391304,0.03416979339101634,534,Wonton soup not available due to track work in Chinatown station.
3758,1,4,64,69,1.0869565217391304,0.039922828555730934,534,"If it can persuade investors with that tongue, hire it."
3758,1,4,64,69,1.0869565217391304,0.039922828555730934,534,Clean him cook him tomato sauce cold vino Tarantella music please.
3758,1,4,64,69,1.0869565217391304,0.039922828555730934,534,"Park it on the old man's desk. He's picking visual aids to show why we're in the tank, and the swan died."
3758,0,6,63,69,1.0869565217391304,0.03416979339101634,534,You told us the suspect was a real snake so here it is.
3758,0,6,63,69,1.0869565217391304,0.03416979339101634,534,Sorry for the elllongated hours.
3758,0,6,63,69,1.0869565217391304,0.03416979339101634,534,"I said go take a break, not take the snake."
3758,0,6,63,69,1.0869565217391304,0.03416979339101634,534,"I requested larger merchants, not serpents."
3758,0,6,63,69,1.0869565217391304,0.03416979339101634,534,See what the boys in the back room will have.
3758,0,6,63,69,1.0869565217391304,0.03416979339101634,534,Drop that or I'll have to call Security
3758,0,6,63,69,1.0869565217391304,0.03416979339101634,534,"What am I, Oprah? No, I said ""get cracking"" not ""you get a Kraken."""
3758,1,4,64,69,1.0869565217391304,0.039922828555730934,534,"He said if this ever happens, all we need to do is give him a kiss and he'll be the old on in no time."
3758,0,6,63,69,1.0869565217391304,0.03416979339101634,534,Aw... He's harmless. He loves to cuddle!
3758,1,4,64,69,1.0869565217391304,0.039922828555730934,534,How many times do I have to tell you guys?--no pets in the office!
3758,1,4,64,69,1.0869565217391304,0.039922828555730934,534,Something looks fishy here!
3758,0,6,63,69,1.0869565217391304,0.03416979339101634,534,He swallowed the boss? Promote him!
3758,1,4,64,69,1.0869565217391304,0.039922828555730934,534,Reminds me of Gene Simmons
3758,2,2,65,69,1.0869565217391304,0.04494540799009201,534,Where do we place the mascot?
3758,2,2,65,69,1.0869565217391304,0.04494540799009201,534,The new Director of Advertising?
3758,1,4,64,69,1.0869565217391304,0.039922828555730934,534,"Sorry guys, Human Resources says it has to go."
3758,1,4,64,69,1.0869565217391304,0.039922828555730934,534,Have the vet take a look before you put it with the others.
3758,2,2,65,69,1.0869565217391304,0.04494540799009201,534,"I said out source, not out snake, the CEO!"
3758,0,6,63,69,1.0869565217391304,0.03416979339101634,534,Corner office for Mr. Henderson.
3758,1,4,64,69,1.0869565217391304,0.039922828555730934,534,"I said get the bull by the horns, not the snake by the head."
3758,1,4,64,69,1.0869565217391304,0.039922828555730934,534,It's gonna take some teamwork to tame *this* snake...
3758,0,6,63,69,1.0869565217391304,0.03416979339101634,534,Just what we needed around here - another hissy pet!
3758,0,6,63,69,1.0869565217391304,0.03416979339101634,534,"No, that's the Damien Hirst."
3758,0,6,63,69,1.0869565217391304,0.03416979339101634,534,He ate all our mice.
3758,0,6,63,69,1.0869565217391304,0.03416979339101634,534,"Yeah, her typing gets sloppy when she's hungry. She just told me she sent out for a big snack."
3758,1,4,64,69,1.0869565217391304,0.039922828555730934,534,"Oh, no. The emails again!"
3758,0,6,63,69,1.0869565217391304,0.03416979339101634,534,I see you've captured one of the candidates
3758,0,6,63,69,1.0869565217391304,0.03416979339101634,534,Since you guys got all the oil out you can get started on the turnips!
3758,1,4,64,69,1.0869565217391304,0.039922828555730934,534,"Er, no--actually I was referring to the 60s comedy group."
3758,1,4,64,69,1.0869565217391304,0.039922828555730934,534,"Wow, that's a big penis!"
3758,1,4,64,69,1.0869565217391304,0.039922828555730934,534,"This was in the apple, left on your 2nd grade teacher's desk."
3758,1,4,64,69,1.0869565217391304,0.039922828555730934,534,"Are we in the sequel to ""Snakes on a Plane""?"
3758,0,6,63,69,1.0869565217391304,0.03416979339101634,534,"You nitwit, I asked if 'you feel ill'?"
3758,1,4,64,69,1.0869565217391304,0.039922828555730934,534,It's fish a congo line.
3758,1,4,64,69,1.0869565217391304,0.039922828555730934,534,"I can't follow that, half my speech is about eels!"
3758,0,6,63,69,1.0869565217391304,0.03416979339101634,534,Put it in the employee lounge with the others.
3758,2,2,65,69,1.0869565217391304,0.04494540799009201,534,"We value corporate loyalty, and snakes are not tolerated."
3758,0,6,63,69,1.0869565217391304,0.03416979339101634,534,I thought I said no animals were to be harmed.
3758,1,4,64,69,1.0869565217391304,0.039922828555730934,534,I thought I entered the football pool contest.
3758,1,4,64,69,1.0869565217391304,0.039922828555730934,534,"No! I requested the Eleemosynary Reports, not the eel, Mo and Larry, your dorks!"
3758,0,6,63,69,1.0869565217391304,0.03416979339101634,534,"Guys, when I told you to kill the barracuda I meant Sidney, our in-house corporate counsel."
3758,1,4,64,69,1.0869565217391304,0.039922828555730934,534,The potluck invite said bring a DISH to feed 30.
3758,0,6,63,69,1.0869565217391304,0.03416979339101634,534,"I wouldn't want to be you guys if that is not THE Kimono Dragon from the movie ""The Freshman"""
3758,1,4,64,69,1.0869565217391304,0.039922828555730934,534,Men in suits ready to use anaconda tactics to rob average Joe.
3758,1,4,64,69,1.0869565217391304,0.039922828555730934,534,Is this you guys on your Python refresher course then ?
3758,1,4,64,69,1.0869565217391304,0.039922828555730934,534,HELLA-monster? Capitalism? captured at last?
3758,0,6,63,69,1.0869565217391304,0.03416979339101634,534,"Guys, I ordered the grilled eel!"
3758,1,4,64,69,1.0869565217391304,0.039922828555730934,534,You're late. The sales force strategy meeting ended ten minutes ago.
3758,0,6,63,69,1.0869565217391304,0.03416979339101634,534,I knew Charlie spoke with a forked tongue in the last board meeting.
3758,1,4,64,69,1.0869565217391304,0.039922828555730934,534,Credit Default Viper - CDV
3758,0,6,63,69,1.0869565217391304,0.03416979339101634,534,That'll show Mr. Trump what a 12 foot Python looks like. Down the hall to your left.
3758,0,6,63,69,1.0869565217391304,0.03416979339101634,534,This critter will do great on those late night talk shows--his tongue is so salty.
3758,0,6,63,69,1.0869565217391304,0.03416979339101634,534,Industrious employees in Florida have outsourced menial office tasks like hole-punching and envelope-licking to a local legless reptile.
3758,1,4,64,69,1.0869565217391304,0.039922828555730934,534,We're diversifying into real estate.
3758,0,6,63,69,1.0869565217391304,0.03416979339101634,534,Bring it to the cafeteria. Tomorrow's lunch!
3758,0,6,63,69,1.0869565217391304,0.03416979339101634,534,"An appropriate gift for you Sales Manager?, Ah no!"
3758,1,4,64,69,1.0869565217391304,0.039922828555730934,534,"He'll be perfect on the showroom floor, Boss."
3758,1,4,64,69,1.0869565217391304,0.039922828555730934,534,"""So, how many money market managers does it take to milk an anaconda""?"
3758,0,6,63,69,1.0869565217391304,0.03416979339101634,534,Is that the new mascot or experiment?
3892,0,6,64,70,1.0857142857142856,0.03370101854969076,534,"I told them ""well-'eeled with a wagging tongue"" really doesn't do her justice."
3892,1,4,65,70,1.0857142857142856,0.03936797335696671,534,"Trump IS honest, as far as I know!"
3892,0,6,64,70,1.0857142857142856,0.03370101854969076,534,Read the memo! Tomorrow is Bring Your Eel to Work Day.
3892,1,4,65,70,1.0857142857142856,0.03936797335696671,534,You could have dispensed with the visual regarding my speech to the shareholders!
3892,1,4,65,70,1.0857142857142856,0.03936797335696671,534,"Gregor, a dung beetle I can work with, but this is a transformation too far."
3892,1,4,65,70,1.0857142857142856,0.03936797335696671,534,'We found this with the green shoots'
3892,1,4,65,70,1.0857142857142856,0.03936797335696671,534,What have we here? Another irate customer?
3892,0,6,64,70,1.0857142857142856,0.03370101854969076,534,I think it's time to reevaluate our free food perk.
3892,2,2,66,70,1.0857142857142856,0.04431609189880219,534,"Hurry up and kill her. Our ""No Animal Research"" pledge to shareholders starts tomorrow."
3892,0,6,64,70,1.0857142857142856,0.03370101854969076,534,I'm still not on board with swapping out Lenny the Loan Bunny for Eddie the Enforcer as our official mascot.
3892,0,6,64,70,1.0857142857142856,0.03370101854969076,534,And how big is the subtractor?
3892,0,6,64,70,1.0857142857142856,0.03370101854969076,534,Your assignment read tongue AND cheek.
3892,1,4,65,70,1.0857142857142856,0.03936797335696671,534,I've ordered an XXX buckle.
3892,1,4,65,70,1.0857142857142856,0.03936797335696671,534,The bankers won't budge. I need you to exert some pressure on them.
3892,0,6,64,70,1.0857142857142856,0.03370101854969076,534,Staff meeting's in the Eden conference room in 10.
3892,1,4,65,70,1.0857142857142856,0.03936797335696671,534,Please tell me u didn't take the elevator up here.
3892,1,4,65,70,1.0857142857142856,0.03936797335696671,534,"Yes, he's adorable, but rules are rules -- 'No pets in the office!'"
3892,0,6,64,70,1.0857142857142856,0.03370101854969076,534,"Is that an eel or a snake? Nevermind, I don't wanna know...you didn't see me."
3892,0,6,64,70,1.0857142857142856,0.03370101854969076,534,A new Agile
3911,0,6,65,71,1.0845070422535212,0.033244892639553957,534,"Your colleagues are in the conference room grass, debating the annual earnings."
3912,1,4,67,72,1.0833333333333333,0.03830321331474347,534,I thought this was an eel free work area.
3913,0,5,63,68,1.0735294117647058,0.03188665499421398,534,Is that a snake or is that creature behind you just glad to see me?
3913,0,5,63,68,1.0735294117647058,0.03188665499421398,534,I see the meat for the party bun in the break room has arrived.
3913,0,5,63,68,1.0735294117647058,0.03188665499421398,534,Perhaps an inservice between the mechanical and software engineers is warranted.
3913,0,5,63,68,1.0735294117647058,0.03188665499421398,534,"My anaconda don't want none unless you got buns, hun. You other brothers can't deny it."
3913,0,5,63,68,1.0735294117647058,0.03188665499421398,534,Mr Kafka thinks it may finally get Mr Samsa into shape.
3913,0,5,63,68,1.0735294117647058,0.03188665499421398,534,"No, I meant my car."
3913,0,5,63,68,1.0735294117647058,0.03188665499421398,534,"He's just trying to say, we deserve a Promotion"
3913,0,5,63,68,1.0735294117647058,0.03188665499421398,534,"I ""eely"" don't think that's necessary."
3913,1,3,64,68,1.0735294117647058,0.03815416529678503,534,This is going to be the best afterwork ouroborus ritual EVER. Who has two thumbs and is gonna be immortal? This assistant manager.
3913,0,5,63,68,1.0735294117647058,0.03188665499421398,534,That's feeling EEL??? I thought you were really sick.
3913,1,3,64,68,1.0735294117647058,0.03815416529678503,534,The ladders should be showing up any minute now.
3913,0,5,63,68,1.0735294117647058,0.03188665499421398,534,"The beginning of creation called, they want their trickster archetype back. Haha, just kidding. Cool snake."
3913,1,3,64,68,1.0735294117647058,0.03815416529678503,534,Put it in the wasabi aquarium.
3913,0,5,63,68,1.0735294117647058,0.03188665499421398,534,I see that you brought Barry with you today.
3913,1,3,64,68,1.0735294117647058,0.03815416529678503,534,Stat! Under bonused CEO syndrome!
3913,0,5,63,68,1.0735294117647058,0.03188665499421398,534,There are drawbacks to leftovers from meetings with Ichiban. I'll go check for some ginger and soy.
3913,1,3,64,68,1.0735294117647058,0.03815416529678503,534,Good to see you two trying to squeeze every last dime of profit.
3913,1,3,64,68,1.0735294117647058,0.03815416529678503,534,Ryan Lochte's caught salmon for your lunch
3913,1,3,64,68,1.0735294117647058,0.03815416529678503,534,"REMOVING THE SNAKE EASY, GETTING THE GIRAFFE IN THE ELEVATOR HAS US WORRIED."
3913,1,3,64,68,1.0735294117647058,0.03815416529678503,534,I just got the memo... there's an IRS audit!!
3913,2,1,65,68,1.0735294117647058,0.04352840328186595,534,Yep that's him! I'd recognize that forked tongue anywhere... Mr. Trump you are under arrest!
3913,0,5,63,68,1.0735294117647058,0.03188665499421398,534,Is this another of your sick jokes?
3913,0,5,63,68,1.0735294117647058,0.03188665499421398,534,I'm not sure you should be doing this without Mike Rowe.
3913,0,5,63,68,1.0735294117647058,0.03188665499421398,534,I told you I wanted mustard with that!
3913,0,5,63,68,1.0735294117647058,0.03188665499421398,534,Fit her with the emotional support animal blanket and put her in my office.
3913,1,3,64,68,1.0735294117647058,0.03815416529678503,534,He seems to like you.
3913,0,5,63,68,1.0735294117647058,0.03188665499421398,534,This unagi rolling workshop is going to boost our team morale and productivity.
3913,1,3,64,68,1.0735294117647058,0.03815416529678503,534,How the Dickens did he get on the plane anyway?
3913,0,5,63,68,1.0735294117647058,0.03188665499421398,534,We sent you two to Brazil on business not to visit the beach.
3913,0,5,63,68,1.0735294117647058,0.03188665499421398,534,Its the year of the forked tongue.
3913,0,5,63,68,1.0735294117647058,0.03188665499421398,534,"Nice to meet you, Kyle, our new Chief Guile Officer."
3913,1,3,64,68,1.0735294117647058,0.03815416529678503,534,We don't want another fork-tongue client
3913,0,5,63,68,1.0735294117647058,0.03188665499421398,534,She kinda shimmies like my sister Kate!
3913,0,5,63,68,1.0735294117647058,0.03188665499421398,534,Where's his placard calling for climate change?
3913,0,5,63,68,1.0735294117647058,0.03188665499421398,534,"I said to mention a sassy tongue, snake oil, and being too much for one man but it was a pitch for Madonna not an anaconda."
3913,1,3,64,68,1.0735294117647058,0.03815416529678503,534,I see Taylor Swift has arrived for her meeting.
3913,0,5,63,68,1.0735294117647058,0.03188665499421398,534,"Are you sure that today is ""Bring Your Reptile to Work Day""?"
3913,0,5,63,68,1.0735294117647058,0.03188665499421398,534,The boss needed something to SLAKE his thirst.
3913,0,5,63,68,1.0735294117647058,0.03188665499421398,534,"Gentleman, I said we need to start enforcing breaks."
3913,0,5,63,68,1.0735294117647058,0.03188665499421398,534,Security is tightening our safety regulations.
3913,2,1,65,68,1.0735294117647058,0.04352840328186595,534, 
3913,1,3,64,68,1.0735294117647058,0.03815416529678503,534,take that thing back to Lock Ness
3913,0,5,63,68,1.0735294117647058,0.03188665499421398,534,Here's the magician's number. Tell him I don't care if Wilson's true nature is that of fork tongued serpent. He needs to be in human form again.
3913,2,1,65,68,1.0735294117647058,0.04352840328186595,534,Hillary chemtrails are real.
3913,0,5,63,68,1.0735294117647058,0.03188665499421398,534,Did the boss ask you to bring in a anaconda for the mascot?
3913,0,5,63,68,1.0735294117647058,0.03188665499421398,534,Our special tonight is Rodent a la Ellington.
3913,0,5,63,68,1.0735294117647058,0.03188665499421398,534,The boss does love his eel hand rolls.
3913,1,3,64,68,1.0735294117647058,0.03815416529678503,534,I have news from headquarters. We have to transfer you to a local branch.
3913,0,5,63,68,1.0735294117647058,0.03188665499421398,534,Company policy forbids bringing house pets to the office
3913,0,5,63,68,1.0735294117647058,0.03188665499421398,534,Your mother just had a python delivered.
3913,1,3,64,68,1.0735294117647058,0.03815416529678503,534,So this is Donald's final horcrux?
3913,1,3,64,68,1.0735294117647058,0.03815416529678503,534,There's nothing fishy going on. He just wants to kiss you. Be friendly.
3913,1,3,64,68,1.0735294117647058,0.03815416529678503,534,Didn't you ask us to turn the python into a dragon when you hired us?
3913,1,3,64,68,1.0735294117647058,0.03815416529678503,534,You shouldn't walk the boss's pet without his permission.
3913,0,5,63,68,1.0735294117647058,0.03188665499421398,534,Just what we need - another Liarfish caught in Politicia!
3913,0,5,63,68,1.0735294117647058,0.03188665499421398,534,Tell R & D they need to work on the aesthetics of a bigger trouser snake.
3913,0,5,63,68,1.0735294117647058,0.03188665499421398,534,We thought that it would be a good substitute for Calamari on tonight's menu
3913,1,3,64,68,1.0735294117647058,0.03815416529678503,534,The Chardonnay pairs very nicely with the faint odor of urine.
3913,2,1,65,68,1.0735294117647058,0.04352840328186595,534,What happened to his better half?
3913,1,3,64,68,1.0735294117647058,0.03815416529678503,534,Whoa...that's daddy...daddy AF.
3913,0,5,63,68,1.0735294117647058,0.03188665499421398,534,So this is the Big Fish inspector we've been dreading.
3913,0,5,63,68,1.0735294117647058,0.03188665499421398,534,Which one of you wants to let go and deal with the boss?
3913,0,5,63,68,1.0735294117647058,0.03188665499421398,534,"I totally understand, my sea serpent always gets mistaken for a water snake, too."
3913,0,5,63,68,1.0735294117647058,0.03188665499421398,534,"Sorry to drag you from the Loch Nessie, but more photos of you have been taken. So just where exactly were you on Saturday night?"
3913,0,5,63,68,1.0735294117647058,0.03188665499421398,534,I like it - the Garden of Eden's serpent to moderate the Presidential debates.
3913,1,3,64,68,1.0735294117647058,0.03815416529678503,534,"Unless that thing eats humility, get it outta here."
3913,0,5,63,68,1.0735294117647058,0.03188665499421398,534,I see you met our back up generator
3913,1,3,64,68,1.0735294117647058,0.03815416529678503,534,"This is for the August 22 issue. I live in France and have only now received my issue... ""Local menu only. If you want the express, you'll have to go back to 14th St."""
3913,1,3,64,68,1.0735294117647058,0.03815416529678503,534,Another customer service rep bites the dust.
3913,1,3,64,68,1.0735294117647058,0.03815416529678503,534,he says he's entitled to a jury of his piers.
3913,0,5,63,68,1.0735294117647058,0.03188665499421398,534,This millennial has a lot of talent- it just needs to be harnessed.
3913,0,5,63,68,1.0735294117647058,0.03188665499421398,534,How come you guys always get to take care of the bosses pets and I don't?
3913,1,3,64,68,1.0735294117647058,0.03815416529678503,534,We're all out of the squab kebab.
3913,0,5,63,68,1.0735294117647058,0.03188665499421398,534,"Boss says, his ""anaconda don't want none..."""
3913,0,5,63,68,1.0735294117647058,0.03188665499421398,534,The measures some people take to get a sick day...
3913,0,5,63,68,1.0735294117647058,0.03188665499421398,534,Now we can get rid of the office computer virus
3913,1,3,64,68,1.0735294117647058,0.03815416529678503,534,"If it's that type of python, we may have to refer it out."
3913,0,5,63,68,1.0735294117647058,0.03188665499421398,534,Marketing claims this will sell more grass.
3913,1,3,64,68,1.0735294117647058,0.03815416529678503,534,This is for the prior week contest. May I recommend the specialty of the house.....Woodlawn to South Ferry non-stop.
3913,0,5,63,68,1.0735294117647058,0.03188665499421398,534,"I asked for fresh dish, not fresh fish."
3913,1,3,64,68,1.0735294117647058,0.03815416529678503,534,Which part of 'eat your own dog food' do you not understand?
3913,0,5,63,68,1.0735294117647058,0.03188665499421398,534,You'll have to pay out of pocket.
3913,0,5,63,68,1.0735294117647058,0.03188665499421398,534,"You made an asp of yourself with the women--still, I hate to see you go."
3913,1,3,64,68,1.0735294117647058,0.03815416529678503,534,We are ready to present you requested an analysis of the long-eeled curve.
3913,0,5,63,68,1.0735294117647058,0.03188665499421398,534,"Yoa, boa!"
3913,1,3,64,68,1.0735294117647058,0.03815416529678503,534,"We are ill prepared, the new campaign manager's aquarium hasn't even been assembled yet."
3913,0,5,63,68,1.0735294117647058,0.03188665499421398,534,"So you decided to go with the ""join or die"" slogan?"
3913,1,3,64,68,1.0735294117647058,0.03815416529678503,534,They really are biting.
3913,0,5,63,68,1.0735294117647058,0.03188665499421398,534,"I just assumed, Fred, that you knew 'Clean out your desk' did not mean you were to swallow everything that was in it."
3913,0,5,63,68,1.0735294117647058,0.03188665499421398,534,Are you the water conservation people?
3913,1,3,64,68,1.0735294117647058,0.03815416529678503,534,We maintain our position that all lifestyles are welcome at bring your child to work day.
3913,0,5,63,68,1.0735294117647058,0.03188665499421398,534,only its words are dangerous.
3913,1,3,64,68,1.0735294117647058,0.03815416529678503,534,This is the week for Show and Tell
3913,0,5,63,68,1.0735294117647058,0.03188665499421398,534,"Gentlemen, the entrance to the employees' cafeteria is the second door on the right"
3913,0,5,63,68,1.0735294117647058,0.03188665499421398,534,Is this the prop for the Trump on Hillary ad?
3913,1,3,64,68,1.0735294117647058,0.03815416529678503,534,"This is your final warning, John, stop bringing your exotic pets to work with you. Naomi is just getting out of the hospital after your pet spider ate her lunch then tried to eat her!!"
3913,2,1,65,68,1.0735294117647058,0.04352840328186595,534,"My memo said ASOP, not that!"
3913,2,1,65,68,1.0735294117647058,0.04352840328186595,534,Guys have you seen my pushpins ?
3913,1,3,64,68,1.0735294117647058,0.03815416529678503,534,Is this the candidate for snake-oil sales?
3913,0,5,63,68,1.0735294117647058,0.03188665499421398,534,"Ah, the new boss's pet. You'll find its food in manufacturing."
3913,0,5,63,68,1.0735294117647058,0.03188665499421398,534,And the buy-out it is...
3913,0,5,63,68,1.0735294117647058,0.03188665499421398,534,"No, not a bit."
4015,1,3,65,69,1.0724637681159421,0.03761223941765693,534,I ordered Nakagawa's Eel Roll not an eel from the Nakagawa Market.
4015,0,5,64,69,1.0724637681159421,0.03143919678531251,534,We need a bigger office
4015,0,5,64,69,1.0724637681159421,0.03143919678531251,534,"If that is meant for the boss, you had better wait until he goes out to lunch!"
4015,1,3,65,69,1.0724637681159421,0.03761223941765693,534,How did the apples she gave you taste?
4015,0,5,64,69,1.0724637681159421,0.03143919678531251,534,You guys make sure to sell only its oil.
4015,0,5,64,69,1.0724637681159421,0.03143919678531251,534,"I see you've brought a snake, but like you I am awaiting that ladder."
4015,0,5,64,69,1.0724637681159421,0.03143919678531251,534,Here's that scrip for the tongue depressor....
4015,0,5,64,69,1.0724637681159421,0.03143919678531251,534,"Ah, putting the ""H"" back in HR are we?"
4015,1,3,65,69,1.0724637681159421,0.03761223941765693,534,The eel is ill. Send him home sick for the day.
4024,0,5,65,70,1.0714285714285714,0.031004097581515386,534,"First the water fountain for them, then lunch."
4025,1,2,63,66,1.0606060606060606,0.03663457726224173,534,"Final warning served, Sam. Swimming trunks, flip-flops, and certainly nudity will not be tolerated!"
4025,1,2,63,66,1.0606060606060606,0.03663457726224173,534,I'm sorry. The serpent whisper is out today.
4025,0,4,62,66,1.0606060606060606,0.02959546899413308,534,I'm afraid we need a new gym for our Gyrados.
4025,1,2,63,66,1.0606060606060606,0.03663457726224173,534,Isn't it about time we told him smoking is bad for your health.
4025,0,4,62,66,1.0606060606060606,0.02959546899413308,534,Lock it up in the ten minute light-timed cage in the break room.
4025,1,2,63,66,1.0606060606060606,0.03663457726224173,534,"She was a slippery one, but we got 'er in the end"
4025,1,2,63,66,1.0606060606060606,0.03663457726224173,534,Snaaaake!!! Snake!!! oh my God its a snake!!
4025,1,2,63,66,1.0606060606060606,0.03663457726224173,534,Bad habit contral center Don't worry he wont bite his been hipnaziesd
4025,0,4,62,66,1.0606060606060606,0.02959546899413308,534,pretty much.
4025,0,4,62,66,1.0606060606060606,0.02959546899413308,534,Forget the gecko. He's gold.
4025,0,4,62,66,1.0606060606060606,0.02959546899413308,534,Ever since the bun factory next door opened up.
4025,0,4,62,66,1.0606060606060606,0.02959546899413308,534,Anaconda 5: Workplace Hazard
4025,0,4,62,66,1.0606060606060606,0.02959546899413308,534,Is she chipped?
4025,0,4,62,66,1.0606060606060606,0.02959546899413308,534,"I'm sorry, but our group has decided not to lend capital to a snake oil startup!"
4025,0,4,62,66,1.0606060606060606,0.02959546899413308,534,Nice to meet you.
4025,0,4,62,66,1.0606060606060606,0.02959546899413308,534,And the punishment for being off-task will be swift and severe!
4025,0,4,62,66,1.0606060606060606,0.02959546899413308,534,You can’t quit. Your employment agreement is binding.
4025,0,4,62,66,1.0606060606060606,0.02959546899413308,534,"""Did you ask it in parseltongue what cunnilingus means?)"
4025,0,4,62,66,1.0606060606060606,0.02959546899413308,534,"Like I said, 'Everyone's getting a big ser-pent raise'."
4025,0,4,62,66,1.0606060606060606,0.02959546899413308,534,I thought you were bringing Bob? We did.
4025,0,4,62,66,1.0606060606060606,0.02959546899413308,534,"You always play Snake instead of working, don't you?"
4025,0,4,62,66,1.0606060606060606,0.02959546899413308,534,I said find our snake.
4025,0,4,62,66,1.0606060606060606,0.02959546899413308,534,"I thought ""Bring your snake to work-week"" was next month?"
4025,0,4,62,66,1.0606060606060606,0.02959546899413308,534,I gotta note about the meeting and the dumpster fire.
4025,0,4,62,66,1.0606060606060606,0.02959546899413308,534,I thought you were going to put her in room 12
4025,0,4,62,66,1.0606060606060606,0.02959546899413308,534,"We've got the eel you requested, Sir."
4025,0,4,62,66,1.0606060606060606,0.02959546899413308,534,"I said ""don't tread on me!"" not ""call th'feds on me!"". -The FBI had gotten a little jumpy after Hilary's email debacle."
4025,1,2,63,66,1.0606060606060606,0.03663457726224173,534,Another hissterectomy?
4025,0,4,62,66,1.0606060606060606,0.02959546899413308,534,The electorate is gonna like this candidate any better.
4025,0,4,62,66,1.0606060606060606,0.02959546899413308,534,I see this one's having an identity crisis. He didn't know whether to pee in salt or fresh water.
4025,1,2,63,66,1.0606060606060606,0.03663457726224173,534,your under arrest for rat evasion
4025,0,4,62,66,1.0606060606060606,0.02959546899413308,534,"Oh, I real snake in the office."
4025,2,0,64,66,1.0606060606060606,0.04252402517852261,534,"Sick again, little guy? Wander away from the CEO’s office again? Fellas, it’s a bad omen when the official mascot for a respected mergers and acquisitions company can’t stop eating stuffed animals!"
4025,0,4,62,66,1.0606060606060606,0.02959546899413308,534,We tend to get busy every six to eight minutes.
4025,0,4,62,66,1.0606060606060606,0.02959546899413308,534,A perfect Trump surrogate -- YOU'RE HIRED!
4025,0,4,62,66,1.0606060606060606,0.02959546899413308,534,Maybe we should have gone with BCG.
4025,1,2,63,66,1.0606060606060606,0.03663457726224173,534,"Quick, put that thing down: a real worm just got into our network!"
4025,1,2,63,66,1.0606060606060606,0.03663457726224173,534,"So,I see you guys finally caught that snake in the So,I see that you guys finally caught that office snake in the grass."
4025,1,2,63,66,1.0606060606060606,0.03663457726224173,534,I hope you've been stretching your anus.
4025,0,4,62,66,1.0606060606060606,0.02959546899413308,534,Let's set him up at Workstation 9.
4025,0,4,62,66,1.0606060606060606,0.02959546899413308,534,"Well, that's a rare species among efficiency experts."
4025,0,4,62,66,1.0606060606060606,0.02959546899413308,534,Where did you find these two office slackers?
4025,0,4,62,66,1.0606060606060606,0.02959546899413308,534,You're the one who told us to find the best sushi bond.
4025,0,4,62,66,1.0606060606060606,0.02959546899413308,534,I knew there was something snakey in this office I just didn't realize how huge it was.
4025,1,2,63,66,1.0606060606060606,0.03663457726224173,534,We are going to suck it all up for you
4025,0,4,62,66,1.0606060606060606,0.02959546899413308,534,The 1980s called. They want their drawing of an office scene back.
4025,0,4,62,66,1.0606060606060606,0.02959546899413308,534,"It said, ""Help"", and we couldn't just let it die. Where shall we take it?"
4025,0,4,62,66,1.0606060606060606,0.02959546899413308,534,Put it in a transparent tank filled with formaldehyde and sell it as art to the museum that makes the highest offer
4025,0,4,62,66,1.0606060606060606,0.02959546899413308,534,"Sorry, he won't last. He needs to have a eye for a story."
4025,0,4,62,66,1.0606060606060606,0.02959546899413308,534,"This is our, ""Show and Tell. "" Where's yours?"
4025,1,2,63,66,1.0606060606060606,0.03663457726224173,534,Time to call a boardroom meeting.
4025,0,4,62,66,1.0606060606060606,0.02959546899413308,534,"Yes, Walter has completed his sensitive training class..."
4025,0,4,62,66,1.0606060606060606,0.02959546899413308,534,That's a lot of boots on the ground.
4025,1,2,63,66,1.0606060606060606,0.03663457726224173,534,You said we needed to use snakey language in the new contract.
4025,0,4,62,66,1.0606060606060606,0.02959546899413308,534,But I said Bake off not snake off...
4025,0,4,62,66,1.0606060606060606,0.02959546899413308,534,"Hi Tom, Meet the new mailroom kid, Monty"
4025,0,4,62,66,1.0606060606060606,0.02959546899413308,534,Send a blanket email to all personnel that all pets brought to work MUST be housebroken.
4025,0,4,62,66,1.0606060606060606,0.02959546899413308,534,"The CEO couldn't come, so we sent our viper-sident."
4025,1,2,63,66,1.0606060606060606,0.03663457726224173,534,Is this serious or just necking?
4025,0,4,62,66,1.0606060606060606,0.02959546899413308,534,Rick did you take that from my Habusha bottle?
4025,0,4,62,66,1.0606060606060606,0.02959546899413308,534,How many times do I have to tell you? Don't tremble when you're giving a tongue lashing!
4025,1,2,63,66,1.0606060606060606,0.03663457726224173,534,"It's a prescription's for oily, scaly skin. Any octopus will gladly apply it."
4025,0,4,62,66,1.0606060606060606,0.02959546899413308,534,"Two snakes, one rod, and wings."
4025,1,2,63,66,1.0606060606060606,0.03663457726224173,534,So you caught that SOB!
4025,1,2,63,66,1.0606060606060606,0.03663457726224173,534,"That's the last time l am going to tell you,he can,t smoke in the office."
4025,1,2,63,66,1.0606060606060606,0.03663457726224173,534,"OK, but next week be sure to schedule the conference room before anyone else does."
4025,0,4,62,66,1.0606060606060606,0.02959546899413308,534,Where's the rug?
4025,1,2,63,66,1.0606060606060606,0.03663457726224173,534,She says she can't take the harassment any more!
4025,1,2,63,66,1.0606060606060606,0.03663457726224173,534,"We welcome all new clients to our firm as well as their contributions. However, we won't be misled or influenced by pompous claims of achievement."
4025,0,4,62,66,1.0606060606060606,0.02959546899413308,534,"Predictable, talking out of both sides of his mouth was bound to land him in deep water"
4025,0,4,62,66,1.0606060606060606,0.02959546899413308,534,Reporters deliver some shocking news!
4025,0,4,62,66,1.0606060606060606,0.02959546899413308,534,"You said, ""go to one of the trucks for lunch."""
4025,0,4,62,66,1.0606060606060606,0.02959546899413308,534,I think we'll have to consider a different candidate from the secretarial pool.
4025,0,4,62,66,1.0606060606060606,0.02959546899413308,534,"No, no, remember if it bleeds it leads"
4025,0,4,62,66,1.0606060606060606,0.02959546899413308,534,"Tell the director, this is NOT going to work as a receipt!"
4025,0,4,62,66,1.0606060606060606,0.02959546899413308,534,"Sorry, the bugs we need help slaying are a bit different."
4025,1,2,63,66,1.0606060606060606,0.03663457726224173,534,Helping us search for a new CEO.
4025,1,2,63,66,1.0606060606060606,0.03663457726224173,534,"What, is it not Bring Your Pet To Work day?"
4025,1,2,63,66,1.0606060606060606,0.03663457726224173,534,The Board approved our new ad mascot
4025,0,4,62,66,1.0606060606060606,0.02959546899413308,534,Our memo says take Satan back down and repair the glass ceiling.
4025,0,4,62,66,1.0606060606060606,0.02959546899413308,534,"Never set foot in here again, Simpson. You're fired"
4025,0,4,62,66,1.0606060606060606,0.02959546899413308,534,Why do you have an effing snake?!
4025,0,4,62,66,1.0606060606060606,0.02959546899413308,534,"you fools, he asked for fancy sake... S-A-K-E"
4025,1,2,63,66,1.0606060606060606,0.03663457726224173,534,He's on the most wanted list in Presumpscot Maine.
4025,0,4,62,66,1.0606060606060606,0.02959546899413308,534,"I know it's 'Take Your Serpent to Work Day."" I just don't have one to bring in."
4025,1,2,63,66,1.0606060606060606,0.03663457726224173,534,Now we can finally get accounting out of the chamber of secrets.
4025,1,2,63,66,1.0606060606060606,0.03663457726224173,534,Best blow fish I never had.
4025,0,4,62,66,1.0606060606060606,0.02959546899413308,534,He's a new client. Take him over to the Chamber of Secret Commerce.
4025,1,2,63,66,1.0606060606060606,0.03663457726224173,534,"Creative problem solving requires no Hollywood scriptwriters, Mr Fishburne! Take him to the arbitration meeting and I will bring in the bunny suit!"
4025,1,2,63,66,1.0606060606060606,0.03663457726224173,534,"I know I said leave no rock unturned in searching for a new sales associate, but experience in peddling apples doesn't make him a good fit for our company."
4025,0,4,62,66,1.0606060606060606,0.02959546899413308,534,We caught him in the sewer
4025,0,4,62,66,1.0606060606060606,0.02959546899413308,534,"So sorry, Sir. She glimpsed the corporate plans for downsizing all luxury items."
4025,0,4,62,66,1.0606060606060606,0.02959546899413308,534,Now Snyderman's here? He's a pro at lateral moves.
4025,0,4,62,66,1.0606060606060606,0.02959546899413308,534,I was hoping corporate snakes and ladders would hold you guys back
4025,0,4,62,66,1.0606060606060606,0.02959546899413308,534,"No Bob, we don't call him slimy. We call him the new scrum master."
4025,0,4,62,66,1.0606060606060606,0.02959546899413308,534,Front of house wants this guy on desk duty.
4025,1,2,63,66,1.0606060606060606,0.03663457726224173,534,No! No! This office does not permit pets!
4025,0,4,62,66,1.0606060606060606,0.02959546899413308,534,We've taken 'poison pill' to the next level.
4123,0,4,63,67,1.0597014925373134,0.02916443047517594,534,look at what we found in the e-mail
4123,0,4,63,67,1.0597014925373134,0.02916443047517594,534,Take that down to Verne in Marine Research.
4123,0,4,63,67,1.0597014925373134,0.02916443047517594,534,"Pat didn't self-identify as male or female on the application, so let's give Pat that basement bathroom."
4123,0,4,63,67,1.0597014925373134,0.02916443047517594,534,"A mutant ninja garfish, I presume."
4123,1,2,64,67,1.0597014925373134,0.036094986345958875,534,The elevator doors just closed!
4123,1,2,64,67,1.0597014925373134,0.036094986345958875,534,Your groping is clearly asexual harassment.
4123,0,4,63,67,1.0597014925373134,0.02916443047517594,534,Visitors ARE really like fish
4123,1,2,64,67,1.0597014925373134,0.036094986345958875,534,I don't believe in sexual eeling.
4123,0,4,63,67,1.0597014925373134,0.02916443047517594,534,Once we turn around 'Project Ouroboros' will be compete.
4123,1,2,64,67,1.0597014925373134,0.036094986345958875,534,"Hey boss, this snake just gave us the best tasting apples we ever ate. We are bringing an apple for you."
4123,0,4,63,67,1.0597014925373134,0.02916443047517594,534,Ah! You must be our new employee of the month.
4123,1,2,64,67,1.0597014925373134,0.036094986345958875,534,Do your marlin perkins imitations on your own time!
4123,0,4,63,67,1.0597014925373134,0.02916443047517594,534,"Where the baboons already taken for ""Take a zoo animal to work day?"""
4136,0,4,64,68,1.0588235294117647,0.028745751613248292,534,These new temps are such slimeballs.
4137,0,3,61,64,1.046875,0.026630253226448332,534,"Uh!! Um yeah, I think i'm just going to go to my office now! Bye!"
4137,0,3,61,64,1.046875,0.026630253226448332,534,"Are you sure he's safe, you know Johnny doesn't like surprises!"
4137,0,3,61,64,1.046875,0.026630253226448332,534,Does that come with training wheels?
4137,0,3,61,64,1.046875,0.026630253226448332,534,"We need to get him on some coral, STAT!"
4137,0,3,61,64,1.046875,0.026630253226448332,534,"Jerry, I don't care that you got while attending the convention; you still can't expense it."
4137,0,3,61,64,1.046875,0.026630253226448332,534,With this symbolism maybe now the public will understand why we quit the Trump campaign.
4137,0,3,61,64,1.046875,0.026630253226448332,534,That's the biggest anaconda you'll ever get.
4137,0,3,61,64,1.046875,0.026630253226448332,534,BBQ at our house.
4137,0,3,61,64,1.046875,0.026630253226448332,534,I Guess
4137,0,3,61,64,1.046875,0.026630253226448332,534,I guess you guys found the company snake. How did he betray you!
4137,0,3,61,64,1.046875,0.026630253226448332,534,"Uh... I hope the stick is not coming later, guys."""
4137,0,3,61,64,1.046875,0.026630253226448332,534,"When I said I didn't want any forked tongue snakes working for me, I didn't realize we literally had one working here."
4137,0,3,61,64,1.046875,0.026630253226448332,534,Why did you let Jeff do cold-calling...you know he gets a little greens behind the gills after awhile!
4137,1,1,62,64,1.046875,0.034716021271691086,534,"Why are you guys running with that big, forked-tongue snake?"
4137,0,3,61,64,1.046875,0.026630253226448332,534,Oh! I got s-s-snake-itis-s-s-s.
4137,0,3,61,64,1.046875,0.026630253226448332,534,Anaconda accommodate these demands; get back to work!
4137,0,3,61,64,1.046875,0.026630253226448332,534,"No, the rule is the dung must be corked."
4137,0,3,61,64,1.046875,0.026630253226448332,534,Now where are we going to catch the dragonite
4137,0,3,61,64,1.046875,0.026630253226448332,534,It's conventionitis. It will soon pass.
4137,0,3,61,64,1.046875,0.026630253226448332,534,Hey! That's a great way to boost corporate morale.
4137,0,3,61,64,1.046875,0.026630253226448332,534,"Oh carp, does this mean the cafeteria's 'Spagetti & Meatballs' special is over?"
4137,1,1,62,64,1.046875,0.034716021271691086,534,You're chocking him!
4137,0,3,61,64,1.046875,0.026630253226448332,534,We are not underwater
4137,0,3,61,64,1.046875,0.026630253226448332,534,Nobody knew that Flash Mob Bob and Exotic Pet Pete were in fact very good friends.
4137,0,3,61,64,1.046875,0.026630253226448332,534,working in an office seems to be an appropriate mix of normalcy but also comedy stemming from the mundane repetativeness of corporate america lol
4137,0,3,61,64,1.046875,0.026630253226448332,534,I don't ever want to get to work that early.
4137,1,1,62,64,1.046875,0.034716021271691086,534,"Right idea, wrong half."
4137,0,3,61,64,1.046875,0.026630253226448332,534,"Don't worry, the layoffs are over. We just need to constrict head count a little further."
4137,0,3,61,64,1.046875,0.026630253226448332,534,Memo for the CEO.
4137,1,1,62,64,1.046875,0.034716021271691086,534,I don't condom what you two are doing.
4137,0,3,61,64,1.046875,0.026630253226448332,534,"Well, weasels ARE the basilisk's only natural predator."
4137,0,3,61,64,1.046875,0.026630253226448332,534,Are we having sushi for lunch?
4137,0,3,61,64,1.046875,0.026630253226448332,534,"Like so many other invasive vipers found in late July, this one was lurking in the tall grass around Philadelphia, nipping a the heels of women in pantsuits; since then, there’ve been sightings all over the country."
4137,0,3,61,64,1.046875,0.026630253226448332,534,"Nice basilisk, Potter...but I said Chambers HAS secrets..."
4137,0,3,61,64,1.046875,0.026630253226448332,534,"Just in time, gentlemen. The wiener-dogs have demanded a 51% stake of our chew-toy acquisition."
4137,0,3,61,64,1.046875,0.026630253226448332,534,sneaky snake...
4137,0,3,61,64,1.046875,0.026630253226448332,534,"I know we’re a fragrance free office, but isn’t this a little extreme?"
4137,0,3,61,64,1.046875,0.026630253226448332,534,Did you short sell before you killed the mascot?
4137,0,3,61,64,1.046875,0.026630253226448332,534,"Adam and Evan, the big man upstairs said to tell you that his confidence in your decision making process is seriously waning."
4137,0,3,61,64,1.046875,0.026630253226448332,534,I thought you said he was a snake 'in the GRASS'??
4137,0,3,61,64,1.046875,0.026630253226448332,534,Send this one back to WallStreet
4137,0,3,61,64,1.046875,0.026630253226448332,534,"I think you misunderstood, I said that belongs in belongs in a POOL, not the office pool."
4137,0,3,61,64,1.046875,0.026630253226448332,534,"Sir, your wife called. She wants to know if you can pick up the kids from tee-ball."
4137,0,3,61,64,1.046875,0.026630253226448332,534,"That was a Python, he wasn't that happy to see me,,"
4137,0,3,61,64,1.046875,0.026630253226448332,534,Pretty Cool Vey to display a snake.
4137,0,3,61,64,1.046875,0.026630253226448332,534,The instructions say that's the wrong end to milk a rattler
4137,0,3,61,64,1.046875,0.026630253226448332,534,"This is FedEx, not VetEx."
4137,0,3,61,64,1.046875,0.026630253226448332,534,Mr Trump always orders the filet o' fish.
4137,0,3,61,64,1.046875,0.026630253226448332,534,It's to save money during peak energy hours.
4137,1,1,62,64,1.046875,0.034716021271691086,534,It's the lunch for our lost tribes client.
4137,0,3,61,64,1.046875,0.026630253226448332,534,You can't make sushi with that.
4137,0,3,61,64,1.046875,0.026630253226448332,534,"Special delivery! Your precious cargo, Sir."
4137,0,3,61,64,1.046875,0.026630253226448332,534,A woman named Eve sold to tp me.
4137,0,3,61,64,1.046875,0.026630253226448332,534,"""ADVERTISING wants him in their ""Cigarette Endorsement Photo-Ops""."
4191,1,1,63,65,1.0461538461538462,0.03418536314352148,534,Th-therrr st-st-still gripe-p-p-p-p-p-p-in' fer m-m-m-more ale.
4192,0,2,60,62,1.032258064516129,0.02262215720381539,534,I know snakes aren't allowed in these buildings. Then someone please tell me why is the white house full of them!!!!!
4192,0,2,60,62,1.032258064516129,0.02262215720381539,534,Put it in Jacque Cousteau's fish tank
4192,0,2,60,62,1.032258064516129,0.02262215720381539,534,It will be hard to digest these news.
4192,0,2,60,62,1.032258064516129,0.02262215720381539,534,The stone - not the snake!
4192,0,2,60,62,1.032258064516129,0.02262215720381539,534,This won't work for the toilet. What do I pay you clowns?
4192,0,2,60,62,1.032258064516129,0.02262215720381539,534,We don't need an Anti-Virus any more. The new lady back there found a way to handel it...!
4192,0,2,60,62,1.032258064516129,0.02262215720381539,534,That's not what I meant by 'one eyed trouser snake'.
4192,0,2,60,62,1.032258064516129,0.02262215720381539,534,Some of the other office employees say you two have been snaking around. Whaa!
4192,0,2,60,62,1.032258064516129,0.02262215720381539,534,Your assignment was to find a highly regarded teacher for the seminar.
4192,0,2,60,62,1.032258064516129,0.02262215720381539,534,"This is most definitely NOT what I had in mind for an exterminator."" ""Cheating in the rat race, are we?"
4192,0,2,60,62,1.032258064516129,0.02262215720381539,534,There are five more right behind us.
4192,0,2,60,62,1.032258064516129,0.02262215720381539,534,"Oh, you know, just too many flip flops on a full stomach."
4192,0,2,60,62,1.032258064516129,0.02262215720381539,534,Hiya have you met Medusa? She intends to use the vending machine on your floor because she has a yawn activated coffee machine on hers which freezes every time she uses it
4192,0,2,60,62,1.032258064516129,0.02262215720381539,534,"And as salesman of the month, you get this piece of paper with your name on it. Well done!"
4192,0,2,60,62,1.032258064516129,0.02262215720381539,534,"I'll take pepperoni, please."
4192,0,2,60,62,1.032258064516129,0.02262215720381539,534,I thought the annoucement said 'It's a boy!'
4192,0,2,60,62,1.032258064516129,0.02262215720381539,534,The new guy was having some trouble with his treadmill desk.
4192,0,2,60,62,1.032258064516129,0.02262215720381539,534,Getting low on oil again?
4192,0,2,60,62,1.032258064516129,0.02262215720381539,534,Even the fish has a tie or I guess we are all set.
4192,0,2,60,62,1.032258064516129,0.02262215720381539,534,"Sorry, we're out of jumbo fries, but we have fresh squeal."
4192,0,2,60,62,1.032258064516129,0.02262215720381539,534,"Guys, you did it again. I wanted you to get Bank Of America up here."
4192,0,2,60,62,1.032258064516129,0.02262215720381539,534,It's for the 'Women Vote Trump' campaign.
4192,0,2,60,62,1.032258064516129,0.02262215720381539,534,I'd rather you both slide down the stairwell together on it's back to the basement. Just hand this note to the janitor. He'll see each of you get a ladder in exchange for your adder... no questions asked!
4192,0,2,60,62,1.032258064516129,0.02262215720381539,534,Just release that new 'old snake-in-the-grass' replacement chairman for Fox News into the empty CEO office marked 'Danger! Paleoconservative Feeding Zone' on the door.
4192,0,2,60,62,1.032258064516129,0.02262215720381539,534,"From now on, Frank, lashings are your territory."
4192,0,2,60,62,1.032258064516129,0.02262215720381539,534,"Our remodeling of the serpentarium is going great! Oh, never mind..."
4192,0,2,60,62,1.032258064516129,0.02262215720381539,534,Whoa... I thought you were looking for the CEO's pet dog?
4192,0,2,60,62,1.032258064516129,0.02262215720381539,534,Sorry guys but project Grassroots has been canceled.
4192,0,2,60,62,1.032258064516129,0.02262215720381539,534,I told you not to bring my ex-wife in till I was ready!
4192,0,2,60,62,1.032258064516129,0.02262215720381539,534,Does Ice Cube know it's here?
4192,0,2,60,62,1.032258064516129,0.02262215720381539,534,"Sorry, but we can't assess dangerous animals anymore...the boss wants to expand into markets that won't interfere with our pet-friendly office policy."
4192,0,2,60,62,1.032258064516129,0.02262215720381539,534,"""The ballot box is scary this year,"" Terry noticed."
4192,0,2,60,62,1.032258064516129,0.02262215720381539,534,Please take your fish tale elsewhere....this is not the Amazon..but you can probably sell it there!
4192,0,2,60,62,1.032258064516129,0.02262215720381539,534,"Are you sure Top Brass said to ""run it up the flagpole?"" Seems eel-advised."
4192,0,2,60,62,1.032258064516129,0.02262215720381539,534,Gratuity is one flat rate --$2.75 per customer.
4192,0,2,60,62,1.032258064516129,0.02262215720381539,534,Real nice guys. Leaving me out of the anal stimulation break AGAIN!
4192,0,2,60,62,1.032258064516129,0.02262215720381539,534,This table's very popular with non-unlimited metro card holders
4192,1,0,61,62,1.032258064516129,0.03225806451612904,534,"I don't know why you keep telling me you can't make up your mind if you want a ""6 inch or a 9 inch whole wheat"". This ain't no Subway."
4192,0,2,60,62,1.032258064516129,0.02262215720381539,534,"We have much experience with Pythons... Though we haven't been to Java, can we still get the job?"
4192,0,2,60,62,1.032258064516129,0.02262215720381539,534,"We'll be a bit delayed, snakie wants a selfie with Simone Biles."
4192,0,2,60,62,1.032258064516129,0.02262215720381539,534,"H.R., isn't that a rather harsh means of redundancy?"
4233,0,2,61,63,1.0317460317460319,0.022266067491202152,534,Usain Bolt
4233,0,2,61,63,1.0317460317460319,0.022266067491202152,534,"Okay, I am frightened by your hat."
4233,0,2,61,63,1.0317460317460319,0.022266067491202152,534,"""I've got your message! If I say I'm bring donuts, I'll bring donuts."
4233,0,2,61,63,1.0317460317460319,0.022266067491202152,534,He's over qualified for the python programming spot. We don't have a pay scale for him
4237,0,2,62,64,1.03125,0.021921011700381302,534,Take him to the front office to check on the our tme clock.
4238,0,2,63,65,1.0307692307692307,0.021586484923695817,534,There'll be no hiding from office Web surfing now.
4238,0,2,63,65,1.0307692307692307,0.021586484923695817,534,"So the CEO heard he wont be receiving his usual bonus? Better get him some fresh air...erm, I mean smog."
4238,0,2,63,65,1.0307692307692307,0.021586484923695817,534,"I know you're not usually people pleasers, but I believe the boss ordered raw carrot cake, not raw sea snake."
4238,0,2,63,65,1.0307692307692307,0.021586484923695817,534,Get us a ladder and we'll get the numbers up.
4242,0,1,60,61,1.0163934426229508,0.016529490122682157,534,"Wow, that eel really smells!"
4242,0,1,60,61,1.0163934426229508,0.016529490122682157,534,"No. Again, I say, "" No."" It is dead and will stink within a day, just like the entire republican campaign. Go away with that rotten flesh."
4242,0,1,60,61,1.0163934426229508,0.016529490122682157,534,A snake fish - literally.
4242,0,1,60,61,1.0163934426229508,0.016529490122682157,534,I said a dead horse.
4242,0,1,60,61,1.0163934426229508,0.016529490122682157,534,"Hello, Mr. Thompson - and welcome to the job interview! It says here on your resume that you have previous experience from the music industry and that you, quote: ”don't want none unless you got buns, hun"" - could you elaborate, please?"
4242,0,1,60,61,1.0163934426229508,0.016529490122682157,534,"Jesus, Lambert"
4242,0,1,60,61,1.0163934426229508,0.016529490122682157,534,Well eels not welcome here anymore.
4242,0,1,60,61,1.0163934426229508,0.016529490122682157,534,Nobody told me our new client was a snake.
4242,0,1,60,61,1.0163934426229508,0.016529490122682157,534,Carpet Diem
4242,0,1,60,61,1.0163934426229508,0.016529490122682157,534,"Next time you don't like your performance reports, gentlemen, I'd prefer you bring in Snoopy to deliver your 'Bleah!"""
4242,0,1,60,61,1.0163934426229508,0.016529490122682157,534,That's not on the Public Service Commission's list of alternative energy!
4242,0,1,60,61,1.0163934426229508,0.016529490122682157,534,"I do apologize, but he did specifically mention he wanted buns, hun."
4242,0,1,60,61,1.0163934426229508,0.016529490122682157,534,That thing is enormous!
4242,0,1,60,61,1.0163934426229508,0.016529490122682157,534,Have you guys seen my pet de-constrictor of all slimy projects?
4242,0,1,60,61,1.0163934426229508,0.016529490122682157,534,Thank you! Here's the buy-one-jacket-get the-second-half-off coupon.
4242,0,1,60,61,1.0163934426229508,0.016529490122682157,534,"Apparently his wife starred a few years ago in a 'Cartoon Conniption Contest,' or something like that. So now he wants equal time."
4242,0,1,60,61,1.0163934426229508,0.016529490122682157,534,"Gentleman, sorry to interrupt but your wives just called."
4242,0,1,60,61,1.0163934426229508,0.016529490122682157,534,"What is that, a personification of the office bully?"
4242,0,1,60,61,1.0163934426229508,0.016529490122682157,534,Would you like the Express lunch or Local cuisine?
4242,0,1,60,61,1.0163934426229508,0.016529490122682157,534,"Gee, I didn't think it was THAT exciting."
4242,0,1,60,61,1.0163934426229508,0.016529490122682157,534,"Well I knew we were getting a new HR representative, I didn't know he would have no arms or legs."
4242,0,1,60,61,1.0163934426229508,0.016529490122682157,534,"Oh No, don't we get enough of the reptile brain from the campaign trail?"
4242,0,1,60,61,1.0163934426229508,0.016529490122682157,534,Did you hear about Ryan Lochte?
4242,0,1,60,61,1.0163934426229508,0.016529490122682157,534,The prix fixe is only available until the next train arrives.
4242,0,1,60,61,1.0163934426229508,0.016529490122682157,534,Hey - which was on you was the last to use the microwave in the break room ?
4242,0,1,60,61,1.0163934426229508,0.016529490122682157,534,Team Kim?
4242,0,1,60,61,1.0163934426229508,0.016529490122682157,534,WARNER BROS. REACQUISITION OF MAGICAL CREATURES: ? 1 x Hippogriff ? 1 x Basilisk ? 10 x Dragons ? 1 x Three-headed dog (aka. 'Fluffy') ? 12 x Pygmy Puffs ? 30 x Cornish Pixies ....
4242,0,1,60,61,1.0163934426229508,0.016529490122682157,534,You must be the brown-nosers I heard about.
4270,0,1,61,62,1.0161290322580645,0.016260700012185932,534,Your food is currently being held in the station by the chef.
4270,0,1,61,62,1.0161290322580645,0.016260700012185932,534,How come you fancy milli-o-naires never pick my caption? HUH? You think you're better than me? P.S. Bush did 9/11.
4270,0,1,61,62,1.0161290322580645,0.016260700012185932,534,"""And what""?"
4270,0,1,61,62,1.0161290322580645,0.016260700012185932,534,Mostly local. Some express.
4270,0,1,61,62,1.0161290322580645,0.016260700012185932,534,Thulsa Doom turned into a snake in the Arnold Conan movie. THat could be worked in here somehow.
4270,0,1,61,62,1.0161290322580645,0.016260700012185932,534,Your negatives are down three percent.
4276,0,0,59,59,1.0,0.017094641498783945,534,Just
4276,0,0,59,59,1.0,0.017094641498783945,534,Where's the goose that lays the golden eggs?
4276,0,0,60,60,1.0,0.016807316136320357,534,That thing is a bit big for this office. Besides I see its wicked teeth and tougue!
4276,0,0,59,59,1.0,0.017094641498783945,534,"No, no, no! It's the details (italics) we wanted, not that!"
4276,0,0,60,60,1.0,0.016807316136320357,534,Watch it--a fat boa constrictor is always slippery. That's why we named her Hillary.
4276,0,0,60,60,1.0,0.016807316136320357,534,He isn’t a good employee since he seldom closes up his mouth.
4276,0,0,59,59,1.0,0.017094641498783945,534,Diablo!
4276,0,0,60,60,1.0,0.016807316136320357,534,"Oh, my hips!"
4276,0,0,60,60,1.0,0.016807316136320357,534,"Ah, Westbrook Wessie. Back to the prop room, gentlemen.” “We sell them sand."
4276,0,0,60,60,1.0,0.016807316136320357,534,"Oh for crying out loud, what I said was get your ass in gear and get to work."
4276,0,0,59,59,1.0,0.017094641498783945,534,"I SEE, BOB AND BILL YOU FINALLY CAUGHT ROB OUR TECH SUPPORT. HUH, ""DOES HE HAVE ANY TOOLS?"""
4276,0,0,59,59,1.0,0.017094641498783945,534,Oil production must increase if we're to have any chance this election.
4276,0,0,59,59,1.0,0.017094641498783945,534,"He lies, she lys"
4276,0,0,60,60,1.0,0.016807316136320357,534,Sure its OK with wildlife humane society?
4276,0,0,60,60,1.0,0.016807316136320357,534,"Oh gosh, I said über puppies, not über pythons..."
4276,0,0,59,59,1.0,0.017094641498783945,534,"So then, what you're saying is, he don't want none unless I got bun?"
4276,0,0,60,60,1.0,0.016807316136320357,534,We.re ordering lunch.. The cafeterias is only serving snake steaks
4276,0,0,59,59,1.0,0.017094641498783945,534,May I suggest the 5:15?
4276,0,0,59,59,1.0,0.017094641498783945,534,"We are out of the C, may I offer you an A running as a local?"
4276,0,0,59,59,1.0,0.017094641498783945,534,Hey guys here's dinner..
