rank,funny,somewhat_funny,unfunny,count,score,precision,contest,caption
1,2228,2070,2347,6645,1.98209179834462,0.01017728817545217,554,You were with Ringling Brothers? I was with Lehman Brothers.
2,217,84,255,556,1.9316546762589928,0.03900218935947818,554,"Well, it suits you better than the president costume."
3,917,965,1171,3053,1.9168031444480838,0.014893634912240408,554,"Sure, it's all fun and games. Until one of you gets elected."
4,508,794,691,1993,1.9081786251881585,0.01725625511984849,554,"Hey, all I know is that they left in a very small car."
5,833,996,1110,2939,1.9057502551888397,0.014899552563245025,554,"Would you like that straight up, on the rocks, or sprayed directly in your face?"
6,1767,1245,2329,5341,1.8947762591275041,0.011897073799721616,554,Shouldn't you be at your confirmation hearing?
7,614,683,942,2239,1.8535060294774452,0.017347479370546922,554,Don't let it get you down. There were only so many cabinet positions he could fill.
8,289,392,508,1189,1.815811606391926,0.023144725121540043,554,"Well, whoever they hire to replace you is going to have some big shoes to fill."
9,418,747,783,1948,1.8126283367556468,0.01728075121568816,554,It's not that kind of happy hour.
10,456,547,803,1806,1.8078626799557032,0.01912495663268577,554,Here for the Inauguration?
11,372,595,703,1670,1.8017964071856287,0.019030232178194943,554,"OK, I'll serve you, but don't try anything funny."
12,285,465,622,1372,1.7543731778425655,0.02093277387737511,554,"No ID, no drink. I can't just serve every clown who walks in here."
13,365,412,740,1517,1.7528015820698748,0.020980331918280977,554,Cheer up. In four years you can be the world's greatest clown again.
14,319,402,682,1403,1.7412687099073414,0.021474352761903133,554,In town for the Inauguration?
15,231,422,573,1226,1.7210440456769984,0.021721329053416855,554,"Sorry, you're late. The rabbi and priest just left."
16,240,344,573,1157,1.7121866897147795,0.023155911334166543,554,"""Just Bailey's, no Barnum""."
17,225,338,553,1116,1.7060931899641576,0.023404254021007164,554,I knew Bozo. And you're no Bozo.
18,205,330,526,1061,1.697455230914232,0.023740724703095198,554,You want that shaken or squirted?
19,215,246,525,986,1.6855983772819472,0.0257212452237768,554,"First they fired the elephants, and I said nothing."
20,203,272,514,989,1.685540950455005,0.025173290664012755,554,No Barnums. Will Baileys do?
21,169,300,473,942,1.6772823779193207,0.02477061607301137,554,Maybe she just didn't take you seriously.
22,240,142,541,923,1.6738894907908992,0.02832653152467225,554,"Who dressed you, Kellyanne Conway?"
23,178,238,473,889,1.6681664791901012,0.026469640501550956,554,Tough day at the confirmation hearings?
24,184,228,480,892,1.6681614349775784,0.026680926019185227,554,You can't be serious.
25,164,270,461,895,1.6681564245810057,0.02565046113377472,554,Sorry -- none of our hours are happy anymore.
26,155,240,443,838,1.6563245823389021,0.026673185267591517,554,"Neat, on the rocks, or squirted in your eye?"
27,152,238,438,828,1.6545893719806763,0.02678346790451927,554,Do you want that in a glass or squirted directly in your face?
28,154,222,438,814,1.651105651105651,0.027291543833207685,554,"Must be tough, having your kid run off to join a law firm."
29,171,178,453,802,1.6483790523690773,0.028583224348293,554,First they came for the elephants...
30,130,240,407,777,1.6435006435006434,0.02695997175881549,554,Your wife called. She wants you to pick up a cream pie on the way home.
31,163,175,441,779,1.6431322207958923,0.028860056029095953,554,One more before your confirmation hearing?
32,126,234,401,761,1.6386333771353483,0.02719142713519009,554,Maybe she met a guy with a bigger car.
32,183,120,458,761,1.6386333771353483,0.030602006088905915,554,"Who's the jerk now, Bob?"
34,137,197,404,738,1.6382113821138211,0.02858421646511311,554,"Buddy, these days we're ALL crying on the inside."
35,108,227,374,709,1.624823695345557,0.027593536047025413,554,Sounds like you're juggling too much
36,112,218,378,708,1.6242937853107344,0.027915188682097924,554,"The ad clearly said ""only serious applicants need apply."""
37,132,177,398,707,1.6237623762376239,0.02934824711301827,554,You can't be serious.
38,124,181,387,692,1.619942196531792,0.029319226400627674,554,Will the rest of Congress be joining you today?
39,121,172,377,670,1.617910447761194,0.02987995804239187,554,"That's how it ends, one day they just tell you their is no room in the car."
40,121,179,383,683,1.616398243045388,0.029431829606632234,554,You want it in a glass or to the face?
41,137,130,392,659,1.6130500758725341,0.031502428319747935,554,This is 6100 Pennsylvania Avenue. I think you're looking for 1600.
42,113,180,372,665,1.6105263157894736,0.02949457673189443,554,… so 25 was one too many for the car?
43,123,140,376,639,1.6040688575899844,0.03127755709613614,554,I'm guessing you're in D.C. for a confirmation hearing.
44,111,153,362,626,1.599041533546326,0.030849917017514765,554,"I agree, he is going to make the rest of you look bad."
45,85,203,335,623,1.5987158908507224,0.028722207791919724,554,"Orange mop hair, rainbow tutu, big blue grin? Yeah, she was here."
46,90,182,335,607,1.5963756177924218,0.02977506716990785,554,I'll check the lost & found. Can you describe the shoes?
47,103,157,351,611,1.5941080196399344,0.030790031656314686,554,You want that straight up or in the face?
48,90,179,337,606,1.5924092409240924,0.029833982375811224,554,Maybe they all sense you aren't ready for a serious relationship.
49,93,167,338,598,1.5903010033444815,0.030431913681847687,554,Maybe she didn't take you seriously.
50,101,147,345,593,1.5885328836424957,0.03137617064569206,554,They all got in the car and left.
51,90,168,334,592,1.587837837837838,0.030404452661099302,554,Need me to call you a tiny car?
52,92,157,333,582,1.5859106529209621,0.03101192271040171,554,Just because you show up doesn't make it happy hour.
53,91,139,328,558,1.575268817204301,0.032003688064756,554,You should tell her if you're not ready to get serious.
54,85,146,321,552,1.5724637681159421,0.03167209540892426,554,"Sorry, sir. No pants, no service."
55,96,121,332,549,1.570127504553734,0.032945678279028306,554,It's not just you. He made a clown of all of us.
56,94,122,328,544,1.5698529411764706,0.032982745695798704,554,So how'd your confirmation hearing go?
57,80,146,313,539,1.5677179962894248,0.03174773604053347,554,"Of course I have beer, do I look like a bozo? Sorry, that was insensitive."
58,54,102,214,370,1.5675675675675675,0.03815978798754594,554,"Yes, we are balloon dog friendly"
59,83,139,316,538,1.566914498141264,0.03212152888484052,554,Your Mom and I begged you to go to a regular college.
60,90,124,323,537,1.5661080074487896,0.032918523968939906,554,Don't lose hope. There's still the Supreme Court vacancy.
61,89,120,320,529,1.563327032136106,0.0332139990494351,554,He offered you Secretary of what?
62,64,150,290,504,1.5515873015873016,0.03156951382815883,554,Sounds like you've got some big shoes to fill.
62,71,136,297,504,1.5515873015873016,0.032432366759768,554,Nope. Haven't seen that Bozo in here for years.
64,71,132,295,498,1.5502008032128514,0.03273638508851493,554,"Girls say they want a guy who's funny and spontaneous, but they don't really mean it."
65,88,89,305,482,1.549792531120332,0.035689406642410215,554,No more circus? Next you're gonna tell me Donald Trump is President.
66,60,151,284,495,1.5474747474747474,0.03149996435884018,554,"I usually expect a priest and a rabbi this time of day, but you'll do."
67,77,110,299,486,1.5432098765432098,0.034131502350261356,554,They really said there was no room in the car?!
68,78,105,299,482,1.54149377593361,0.034482503889847756,554,Must be pretty cool seeing one of your own make it to the highest office in the country.
69,68,123,288,479,1.5407098121085594,0.03336960366860476,554,"These two lions are eating a clown and one says to the other, ""Hey, does this taste funny to you?"""
70,67,122,286,475,1.5389473684210526,0.0334572075592132,554,Have you considered joining the media circus?
71,62,131,281,474,1.5379746835443038,0.03284151509952001,554,"Okay, one drink. But no funny business."
71,56,143,275,474,1.5379746835443038,0.0320162763588082,554,"All right, you can stay. But no funny stuff."
73,67,119,285,471,1.5371549893842889,0.03367935690543667,554,What do you do?
74,63,128,282,473,1.5369978858350952,0.03303233952291025,554,Some bozo was just in here looking for you.
75,67,114,284,465,1.5333333333333334,0.034021447719874066,554,"Welcome to D.C., I think you're going to fit in just fine."
76,53,140,269,462,1.5324675324675325,0.03221346536647241,554,I'm assuming you're the designated driver for the fourteen guys in the car outside?
77,59,125,274,458,1.5305676855895196,0.03329818658348431,554,Maybe she's not seeing the real you.
78,64,112,278,454,1.52863436123348,0.03424101046519468,554,"That's right, ""Sad Hour"" specials for the next four years"
79,72,97,287,456,1.5285087719298245,0.03523786436280055,554,"Hey, smile, pal, one of your guys just hit it big."
80,52,134,266,452,1.5265486725663717,0.032602683209539775,554,Nobody takes me seriously either.
81,48,140,261,449,1.5256124721603563,0.032153109732182814,554,Nobody takes me seriously either.
82,66,103,279,448,1.5245535714285714,0.034886841018152676,554,"If you're looking for him, he just left. Orange hair, red face, and tiny hands."
83,60,111,272,443,1.5214446952595937,0.03431358207070068,554,"Honestly? When you pulled up in your car, I expected more of you."
84,61,105,271,437,1.5194508009153318,0.034825840207227364,554,"Let me explain ""Happy Hour"" again."
84,69,89,279,437,1.5194508009153318,0.03601131129726517,554,Being the only performer at the inauguration must be a lot of pressure.
84,67,93,277,437,1.5194508009153318,0.03571863228829229,554,"Sorry, we don't serve mimers."
87,58,112,269,439,1.5193621867881548,0.034252020830723894,554,"Howdy, there. On the rocks or in the face?"
88,56,113,266,435,1.5172413793103448,0.03418484583568326,554,I don't want any funny business in here.
88,59,107,269,435,1.5172413793103448,0.03464657312289769,554,"Let me explain ""happy hour."""
90,59,108,270,437,1.517162471395881,0.03452589550920871,554,"Don't take it personally. I call everyone in here ""Bozo""."
91,58,107,267,432,1.5162037037037037,0.03467636110858111,554,You're not the only clown with orange hair in this town.
91,54,115,263,432,1.5162037037037037,0.03405119116062949,554,"The ad said, ""Serious inquiries only."""
93,54,116,264,434,1.5161290322580645,0.033933360198749235,554,Lemon wedge or banana peel?
94,57,108,266,431,1.5150812064965198,0.0345830216880728,554,I don't want any funny business.
95,56,109,265,430,1.513953488372093,0.034488281055544745,554,"No, you can't just order a banana peel."
96,63,92,271,426,1.511737089201878,0.035830873595903666,554,"The usual, Senator?"
97,58,98,264,420,1.5095238095238095,0.03543456011718506,554,Are they sending in any more?
98,68,75,273,416,1.5072115384615385,0.03728338467222491,554,"I'm sorry, we've already elected one."
98,51,109,256,416,1.5072115384615385,0.034541412246936756,554,"Come on, everything tastes funny to you."
100,56,96,260,412,1.5048543689320388,0.035631975828617865,554,"You can have the .357 Magnum right away, but for the cream pie there's a background check and a 3-day cooling off period."
100,57,94,261,412,1.5048543689320388,0.035797329761787726,554,"Good morning, Mr. Secretary."
102,66,77,271,414,1.5048309178743962,0.03711174285166653,554,Look on the bright side: now you have representation in the White House.
103,56,95,260,411,1.5036496350364963,0.0356983555981587,554,You're right: You could be president.
104,57,92,261,410,1.502439024390244,0.03593129928192968,554,"Cheer up, pal. If there's one person who can bring back the circus, it's our new President."
104,54,98,258,410,1.502439024390244,0.035429902048753494,554,It must be tough. Nobody is laughing since Nov 8.
106,62,80,265,407,1.5012285012285012,0.036961796128394994,554,"So, what cabinet post are you in town for?"
107,57,89,260,406,1.5,0.036202045414552034,554,I'll need to see a picture ID.
107,58,87,261,406,1.5,0.036369648372665396,554,"You must get this all the time, but you look exactly like the president"
107,46,110,248,404,1.5,0.03442987523038993,554,"The cabbie says he can fit 23 of you, tops."
107,39,124,241,404,1.5,0.03315761693219323,554,"Sorry, it's not funny unless TWO clowns walk into a bar."
107,53,96,255,404,1.5,0.03565676732597009,554,"Straight up, or in your pants?"
112,69,63,271,403,1.498759305210918,0.03838889189664558,554,The circus moved to Washington.
113,51,95,252,398,1.4949748743718594,0.035710004494912816,554,In a glass or should I just spray it in your face?
114,42,112,242,396,1.494949494949495,0.03420325339917934,554,No room for you in the car?
114,63,70,263,396,1.494949494949495,0.0379258540646489,554,"The next Happy Hour? January, 2021."
116,60,75,260,395,1.4936708860759493,0.037489674066367315,554,So when is your confirmation hearing?
117,53,80,244,377,1.493368700265252,0.037584059496508414,554,I feel for you buddy. He is giving clowns a bad name.
118,59,75,258,392,1.4923469387755102,0.037538108132832475,554,"Sorry, you're too late, we just elected one, but if you have a billion dollars you might get a Cabinet position."
119,45,100,243,388,1.4896907216494846,0.03528592994171181,554,You're late-- the priest and the rabbi already left.
119,54,82,252,388,1.4896907216494846,0.03694552992594031,554,i gotta hand it to you Jimmy. You really stuck with it. 7th grade class clown and look at you now.
121,47,94,245,386,1.4870466321243523,0.035797247457226476,554,It's an extra $2 to throw it in your face.
122,45,97,242,384,1.4869791666666667,0.03555620923837195,554,Most of the unemployed clowns I know have moved to Washington.
122,44,99,241,384,1.4869791666666667,0.03536446286674963,554,"Well, at least you have your dignity."
124,42,100,238,380,1.4842105263157894,0.03524521427868925,554,Surely you jest.
124,43,98,239,380,1.4842105263157894,0.035441671654919786,554,You should've been here last night. It was a three ring circus.
126,46,89,240,375,1.4826666666666666,0.03638155233040904,554,You're too late. They already sent in the clown.
127,40,102,236,378,1.4814814814814814,0.03497999716822223,554,Do you want that pie in your face or to go?
127,51,80,247,378,1.4814814814814814,0.03712114850881001,554,Do you want the seltzer in a glass or down your pants?
127,56,70,252,378,1.4814814814814814,0.038054594342585166,554,The nearest circus? 1600 Pennsylvania Avenue....
130,37,107,232,376,1.4813829787234043,0.03450456654442847,554,The Rabbi and the Priest called...they're running late.
130,42,97,237,376,1.4813829787234043,0.03551741964493613,554,There was a rabbi and a priest asking for you earlier.
132,52,76,247,375,1.48,0.03753548529020878,554,"Sorry, we don't serve mimers."
132,49,82,244,375,1.48,0.03696122166958741,554,"Nice try Bozo, but you blinked first."
134,47,85,242,374,1.4786096256684491,0.03664478245513437,554,Sidecar??
134,37,105,232,374,1.4786096256684491,0.034633408163209506,554,"With or without the flower, I think your Tinder date will recognize you."
136,41,96,235,372,1.478494623655914,0.035591559400790555,554,"Would you like a drink now, or should we wait for the priest and the rabbi?"
136,42,94,236,372,1.478494623655914,0.035794560956566045,554,Do you want that in your face or a glass?
136,54,70,248,372,1.478494623655914,0.038146408952785524,554,Ringling Bros. is gone for good. But I hear the White House is hiring.
136,47,84,241,372,1.478494623655914,0.03679277186540747,554,"Listen mac, your not the only one with big shoes to fill."
140,43,91,237,371,1.477088948787062,0.036066043536202935,554,Surely you can't be serious
140,35,107,229,371,1.477088948787062,0.03441222005669847,554,You've been here before - I never forget a face.
142,47,82,240,369,1.4769647696476964,0.03701541708722935,554,Would you like that in a glass or sprayed in your face?
143,45,83,237,365,1.473972602739726,0.036910119411801307,554,"When God closes one circus, He opens another."
143,43,87,235,365,1.473972602739726,0.0365000004872806,554,Nobody likes the picture on their license. I still need to see your ID.
145,31,108,221,360,1.4722222222222223,0.034263058112328146,554,"You'll be okay. When one tent closes, another opens."
146,46,79,238,363,1.4710743801652892,0.03726146361066317,554,"Sorry, they just all left in one car."
146,48,75,240,363,1.4710743801652892,0.03766771403680318,554,Let me guess - you're my elected representative.
146,49,73,241,363,1.4710743801652892,0.03786920498153058,554,The unusual?
149,37,96,228,361,1.4709141274238227,0.03551760758963901,554,"Oh, I get it - this is where I'm supposed to say 'Why the sad face?', right?"
149,38,94,229,361,1.4709141274238227,0.035733594829809506,554,"No. You being here does not automatically make it ""Happy Hour."""
151,40,89,231,360,1.4694444444444446,0.036232327562224886,554,Sorry pal -- we only serve seltzer in a glass.
151,31,107,222,360,1.4694444444444446,0.03425647084215839,554,You just missed the priest and the rabbi.
153,34,92,215,341,1.469208211143695,0.03631825644765109,554,"I didn't go to college for this, either."
154,52,62,242,356,1.4662921348314606,0.039037670910323105,554,Cheer up bub. Those elephants are unemployed now too.
154,42,82,232,356,1.4662921348314606,0.03695520074343365,554,Have you considered politics?
156,40,78,223,341,1.4633431085043989,0.03770084949416326,554,You're not a joke unless you walk into a bar with someone.
157,43,77,232,352,1.4630681818181819,0.037475698588334105,554,"Smile buddy, you finally got one of your own in the white house"
158,45,72,233,350,1.4628571428571429,0.038068076003644605,554,"Look, not every bozo gets a cabinet position."
158,45,72,233,350,1.4628571428571429,0.038068076003644605,554,Congress on recess?
160,43,71,226,340,1.4617647058823529,0.03846153649863416,554,"Sorry buddy, you are on the no-pie list."
161,27,66,167,260,1.4615384615384615,0.041969515400808295,554,You sure you can juggle two jobs?
162,54,52,242,348,1.4597701149425288,0.040126830048294315,554,You're unemployed because of elephants?
163,42,74,229,345,1.4579710144927536,0.037807338452127415,554,I guess the Greatest Show on Earth couldn't handle the competition in D.C.
164,52,53,238,343,1.4577259475218658,0.04015393994970208,554,Next happy hour starts in...one hour and four years.
164,44,69,230,343,1.4577259475218658,0.03841800988065151,554,Which Cabinet post are you up for?
164,42,73,228,343,1.4577259475218658,0.03797162928577369,554,So how did the confirmation hearing go?
164,38,81,224,343,1.4577259475218658,0.037062743091533366,554,Are you laughing on the inside?
164,32,93,218,343,1.4577259475218658,0.035656000445200974,554,The unusual?
169,41,73,227,341,1.4545454545454546,0.03790091930084299,554,"I’ll be glad to call a cab for you, but you’ll probably have to share it with a dozen others."
169,42,71,228,341,1.4545454545454546,0.03812781118461032,554,He's giving you clowns a bad name.
169,37,81,223,341,1.4545454545454546,0.036979433153144475,554,"I'm sorry, we don't have an unhappy hour"
172,40,74,226,340,1.4529411764705882,0.03774935131111904,554,You're early. The priest and rabbi called and said they're on their way.
173,34,85,219,338,1.452662721893491,0.03649895791586391,554,I hope that was a whoopie cushion
173,41,71,226,338,1.452662721893491,0.03814554091869969,554,Unemployed?
173,34,85,219,338,1.452662721893491,0.03649895791586391,554,Surely you jest.
176,39,73,223,335,1.4507462686567165,0.03792562414251951,554,This is the beer line. There's no punch line.
176,41,69,225,335,1.4507462686567165,0.0383940407267663,554,"So, you want to talk about the elephant NOT in the room?"
176,42,67,226,335,1.4507462686567165,0.03862611890538647,554,You just missed the priest and the rabbi.
176,40,71,224,335,1.4507462686567165,0.03816055116169215,554,"Sorry, this is happy hour."
180,43,64,227,334,1.4491017964071857,0.038938405306859616,554,What should I say if Melania calls?
180,42,66,226,334,1.4491017964071857,0.038706812758622686,554,Long day Mr. Press secretary?
180,34,82,218,334,1.4491017964071857,0.03680164293410682,554,I have to step away for a moment. Don't try anything funny.
180,46,58,230,334,1.4491017964071857,0.0396250623920249,554,Really? You can't be serious.
184,44,59,227,330,1.4454545454545455,0.039514202750561105,554,So what if the circus closed. You can always be Secretary of Education.
184,35,77,218,330,1.4454545454545455,0.03735746998739467,554,"Do you want that pie in a box, or in your face?"
184,38,71,221,330,1.4454545454545455,0.03808995207282641,554,Shall I call you a very small car?
187,33,80,215,328,1.4451219512195121,0.037022512035551194,554,Some Bozo was looking for you earlier today.
187,33,80,215,328,1.4451219512195121,0.037022512035551194,554,"Oh, I'm a jerk? Well you're a clown."
189,36,73,218,327,1.4434250764525993,0.03784788589958371,554,"Cheer up, Chuckles. Orange hair is in."
189,40,65,222,327,1.4434250764525993,0.0388266398674938,554,Clowns are out. Buffoons are in.
189,38,69,220,327,1.4434250764525993,0.03834038621654695,554,"Sorry about Ringling Brothers, but I hear there's a new circus opening in Washington."
192,39,66,220,325,1.4430769230769231,0.038760094794760176,554,I'm guessing you want the greatest drink on earth.
192,43,58,224,325,1.4430769230769231,0.039728055046849925,554,The duck and rabbi left you the tab.
192,33,78,214,325,1.4430769230769231,0.0372610364125675,554,She wanted me to tell you she found somebody who takes her seriously.
195,35,72,216,323,1.4396284829721362,0.03792250786882303,554,"So, how is the transition coming along?"
195,37,68,218,323,1.4396284829721362,0.03842624002833975,554,"I'm cutting you off Chuckles, you're driving seventeen people home."
195,35,72,216,323,1.4396284829721362,0.03792250786882303,554,Tough confirmation hearing?
195,35,72,216,323,1.4396284829721362,0.03792250786882303,554,The new administration is giving you people a bad name.
195,38,66,219,323,1.4396284829721362,0.038675645858122366,554,"If you start any trouble, I will go straight for your juggler"
195,41,60,222,323,1.4396284829721362,0.03941439536546071,554,The clown show moved. Try 1600 Pennsylvania Avenue.
195,27,88,208,323,1.4396284829721362,0.03583684311490625,554,Something to turn that frown upside down?
202,35,71,215,321,1.439252336448598,0.038094383493444225,554,Look at the bright side...you've got a great shot at a Cabinet position.
202,33,75,213,321,1.439252336448598,0.03757979834667489,554,"I can't offer you health insurance, but isn't laughter the best medicine?"
202,35,71,215,321,1.439252336448598,0.038094383493444225,554,"Evening, Senator!"
205,38,64,218,320,1.4375,0.0389354320425311,554,Shouldn't you be at the inauguration?
206,39,61,218,318,1.4371069182389937,0.03936913710332423,554,Let see if I've got this right - you want the whiskey in a glass and the seltzer down your pants?
206,42,55,221,318,1.4371069182389937,0.040117941409189166,554,"The usual, Mankoff?"
206,39,61,218,318,1.4371069182389937,0.03936913710332423,554,You could always try politics.
206,34,71,213,318,1.4371069182389937,0.03808843015723212,554,Next time come back with a priest and a rabbi.
206,26,87,205,318,1.4371069182389937,0.03594451002272202,554,Friends don't let friends drink and unicycle.
211,33,72,212,317,1.4353312302839116,0.03790477087335667,554,Why the long shoes?
211,32,74,211,317,1.4353312302839116,0.03764048347053027,554,So how'd your confirmation hearing go?
213,36,65,215,316,1.4335443037974684,0.03876800111153936,554,I'll need to see a photo ID.
213,37,63,216,316,1.4335443037974684,0.03902627749786076,554,I know a place that’s hiring guys with your qualifications…but you have to appear before a Senate Confirmation Committee.
213,33,71,212,316,1.4335443037974684,0.037982635963255205,554,I'm guessing it wasn't the Greatest Show on Earth?
213,33,71,212,316,1.4335443037974684,0.037982635963255205,554,You have big shoes to fill.
213,38,61,217,316,1.4335443037974684,0.03928285580880989,554,"I apologize. I was wrong to use the phrase ""you people."""
218,34,68,212,314,1.4331210191082802,0.03842289118473114,554,When you told me you were coming out I thought you were gay.
218,33,70,211,314,1.4331210191082802,0.03815716132993348,554,"One sidecar, coming up!"
218,30,76,208,314,1.4331210191082802,0.03734862972122555,554,Why the long shoes?
218,28,80,206,314,1.4331210191082802,0.03679974089016082,554,Funny seeing you here.
218,26,84,204,314,1.4331210191082802,0.03624254015811717,554,Let me guess--something with an umbrella?
218,42,52,220,314,1.4331210191082802,0.04048599037784113,554,I need you to work all your shifts until the full Senate approves your nomination.
224,34,64,207,305,1.4327868852459016,0.03925428307494073,554,"Seltzer, no ice, straight to the face?"
225,37,62,216,315,1.4317460317460318,0.039108783069523506,554,A quick one before your confirmation hearing?
225,38,60,217,315,1.4317460317460318,0.03936644911044246,554,Are you serious?
227,25,85,203,313,1.4313099041533546,0.03602999461267393,554,Any funny business and you’re out.
227,40,55,218,313,1.4313099041533546,0.040066960181966954,554,The orange hair gave you away...
227,35,65,213,313,1.4313099041533546,0.03876804142691057,554,Congratulations on the cabinet appointment.
230,32,70,209,311,1.4308681672025723,0.03814271042031791,554,That's funny: A priest and a rabbi were just in here looking for you.
231,31,71,208,310,1.429032258064516,0.03794748456065088,554,Have you thought about politics?
232,37,59,215,311,1.427652733118971,0.039460392357864124,554,Funny seeing you here.
233,30,72,207,309,1.4271844660194175,0.03774799621811355,554,"You can have a drink, but I don't want any funny business."
233,32,68,209,309,1.4271844660194175,0.03830065778450124,554,All of them piled into a tiny car and sped off while you were in the bathroom. They said you'd get the bill.
233,31,70,208,309,1.4271844660194175,0.03802533106501632,554,"You can start tomorrow, but no funny business."
233,34,64,211,309,1.4271844660194175,0.03884545732731481,554,Let me guess--you want a Sidecar
233,31,70,208,309,1.4271844660194175,0.03802533106501632,554,The rabbi and the priest haven't arrived yet.
233,31,70,208,309,1.4271844660194175,0.03802533106501632,554,"Sorry, I'll pour it into a glass and you'll have to throw it in your own face,"
233,29,74,206,309,1.4271844660194175,0.037468608652595235,554,It would've been funnier if you walked in with priest and a rabbi.
233,27,78,204,309,1.4271844660194175,0.03690348853589013,554,We don't want any funny business here.
233,36,60,213,309,1.4271844660194175,0.03938272112501873,554,You should have seen it coming when they got rid of the elephants.
242,31,69,207,307,1.4267100977198697,0.038202375949187906,554,We don't want any funny business here.
242,37,57,213,307,1.4267100977198697,0.039839175693489666,554,Will it be Barnum or Bailey's?
242,37,57,213,307,1.4267100977198697,0.039839175693489666,554,I didn't think that they really would send in the clowns.
245,29,72,205,306,1.4248366013071896,0.037717367706992924,554,Barnum and Baileys?
245,37,56,213,306,1.4248366013071896,0.03992536187488763,554,"So, how was your first day as president?"
247,35,59,210,304,1.424342105263158,0.03957442922366199,554,Looks like you missed happy hour.
247,26,77,201,304,1.424342105263158,0.03702325174952492,554,You have some big shoes to fill.
247,33,63,208,304,1.424342105263158,0.03902191760033759,554,"The ad was meant to read ""must be able to juggle shifts .... """
247,35,59,210,304,1.424342105263158,0.03957442922366199,554,Well it certainly sounds like you should have won the caption contest by now
247,30,69,205,304,1.424342105263158,0.03817816077878677,554,Look on the bright side. You won't feel alone in Washington.
247,40,49,215,304,1.424342105263158,0.04092308561565675,554,Why are you hiding out here? Aren't you supposed to be making America great again?
247,27,75,202,304,1.424342105263158,0.03731533019677366,554,"Going by the color of your nose, I'd say you've had enough"
247,39,51,214,304,1.424342105263158,0.04065693346430378,554,I think that making clowning great again has already be taken care of.
255,29,70,204,303,1.4224422442244224,0.03797018420882117,554,"Look, I don't want no funny business."
255,34,60,209,303,1.4224422442244224,0.03938295748513261,554,We're not hiring any clowns right now. Try the White House.
255,36,56,211,303,1.4224422442244224,0.039934074683725215,554,How did your Senate confirmation hearing go?
258,37,47,203,287,1.421602787456446,0.04188285354054148,554,I'd be careful...the new administration is sensitive about people inpersonating the president.
259,33,61,208,302,1.4205298013245033,0.03918723832374731,554,"On the rocks, pal, or squirted it in your face when you least expect it?"
259,35,57,210,302,1.4205298013245033,0.03974472392292953,554,"No, I can't put it down your pants."
261,32,61,206,299,1.4180602006688963,0.03917490859187023,554,"You're the only clown left, the others got jobs in Washington."
261,37,51,211,299,1.4180602006688963,0.040582069803491466,554,"It's not really ""Undercover Boss"" if I know it's you, Sam."
261,27,71,201,299,1.4180602006688963,0.037715282536755865,554,Just be out of here before Happy Hour.
261,34,57,208,299,1.4180602006688963,0.03974375213443006,554,Here in Washington for the swearing in ?
265,31,62,204,297,1.4175084175084176,0.03907500356954918,554,"Look, I don't want no funny business."
265,23,78,196,297,1.4175084175084176,0.036672274567581695,554,'A clown walks into a bar?' That's all you've got?
265,34,56,207,297,1.4175084175084176,0.039938777800658215,554,Sorry about Ringling Bros. closing. Have you thought about running for Congress?
265,28,68,201,297,1.4175084175084176,0.038191698518267196,554,This is happy hour; silly hour starts at 5pm.
269,39,47,214,300,1.4166666666666667,0.041017801647885384,554,"You can have anything you want. Remember, you're the President now."
270,35,54,209,298,1.4161073825503356,0.04011185360947847,554,"Sorry to hear about Ringling Bros., have you tried The White House?"
271,27,69,200,296,1.4155405405405406,0.03796961461976831,554,Sorry we're not hiring. I hear the government has a few openings!
271,35,53,208,296,1.4155405405405406,0.04031036735025978,554,"Sorry, not hiring. Have you tried the White House?"
273,32,58,204,294,1.4149659863945578,0.03964244163397797,554,"Sorry, you just missed happy hour."
273,26,70,198,294,1.4149659863945578,0.03784466025740208,554,You just missed them. All twenty of them got in a cab.
273,30,62,202,294,1.4149659863945578,0.03905237793615513,554,"What will you have, Congressman?"
273,42,38,214,294,1.4149659863945578,0.042469965385889104,554,"Did you hear the one where ""A pervert, a con-artist, and a Fascist walk into a bar. The bartender says, ""What'll you have, Mr. President?"""""
273,34,54,206,294,1.4149659863945578,0.04022385032463208,554,No more Ringling Brothers? Cheer up. I hear there's a big clown show starting in Washington.
273,23,76,195,294,1.4149659863945578,0.03691294997213861,554,"Let me stop you right there. I have, in fact, heard this one before."
273,34,54,206,294,1.4149659863945578,0.04022385032463208,554,Seriously?
273,25,72,197,294,1.4149659863945578,0.03753665983915806,554,"Sorry, I can't take you seriously."
281,28,65,200,293,1.4129692832764504,0.03853267312268486,554,How about a sidecar?
282,33,52,201,286,1.4125874125874125,0.04074431486899856,554,"Dressed for the times, I see."
283,40,40,212,292,1.4109589041095891,0.04211113940271688,554,Cheer up. You're guy won.
283,31,58,203,292,1.4109589041095891,0.039515991385015596,554,"On the bright side, you won't have to juggle work and family."
283,35,50,207,292,1.4109589041095891,0.04068982963685063,554,"So, it says on your resume you went to Trump University?"
283,32,56,204,292,1.4109589041095891,0.0398126957178794,554,Ditched the Secret Service again sir?
283,19,82,191,292,1.4109589041095891,0.03576405448120674,554,"OK, I’ll bite. A clown walks into a bar. Then what?"
283,41,38,213,292,1.4109589041095891,0.04238968302522301,554,Why so glum? You won!
283,26,68,198,292,1.4109589041095891,0.037997733474794265,554,'You wouldn't be the guy who left a VW parked out back last night with 16 people in it?'
283,25,70,197,292,1.4109589041095891,0.03768674281544739,554,You've got some big shoes to fill.
283,34,52,206,292,1.4109589041095891,0.04039956770427256,554,"Don't call me a soda jerk, you clown."
292,32,55,203,290,1.410344827586207,0.040010881099253985,554,What happen?... no room in the car.
292,24,71,195,290,1.410344827586207,0.037549468706416206,554,"I wasn't laughing with you, I was laughing at you."
292,29,61,200,290,1.410344827586207,0.039106011098192416,554,Its not literally a happy hour.
292,32,55,203,290,1.410344827586207,0.040010881099253985,554,"Don't worry, the media circus will still be around"
296,38,40,206,284,1.408450704225352,0.042419091984939934,554,"Try the White House. It will be the next ""greatest show on earth."""
297,28,62,199,289,1.4083044982698962,0.03888031677022352,554,Happy Hour just ended.
297,38,42,209,289,1.4083044982698962,0.04185655537024542,554,"No, I don't want to see how many Sidecars will fit into a clown."
297,31,56,202,289,1.4083044982698962,0.03979656631853775,554,Where's the priest and the rabbi?
300,27,63,197,287,1.4076655052264808,0.0387581550714624,554,I hear you have big shoes to fill.
300,23,71,193,287,1.4076655052264808,0.03747974216087763,554,Best I can do is pour the seltzer in a glass. What you do with it after that is your business.
300,27,63,197,287,1.4076655052264808,0.0387581550714624,554,I can't serve you anymore but I can call you a very small taxi.
300,30,57,200,287,1.4076655052264808,0.03968995110373368,554,You just missed happy hour.
300,20,77,190,287,1.4076655052264808,0.036491552972881605,554,Of course I take you seriously.
300,26,65,196,287,1.4076655052264808,0.03844253772215242,554,You can have a drink but you better not try anything funny.
306,27,64,199,290,1.4068965517241379,0.03846261135463291,554,"Sorry - no pants, no seltzer."
307,29,52,190,271,1.4059040590405905,0.0410585893082865,554,You one of those clowns from Washington?
308,28,59,197,284,1.4049295774647887,0.0393473574056443,554,Congratulations on your confirmation.
308,31,53,200,284,1.4049295774647887,0.04028482839716544,554,"no, we're not hiring. Have you tried the White House?"
308,34,47,203,284,1.4049295774647887,0.041200974056090266,554,Don't bother. They're already here.
308,22,71,191,284,1.4049295774647887,0.03740198933806062,554,"So, what kind of work are you looking for?"
308,35,45,204,284,1.4049295774647887,0.041501862021253236,554,Why aren't you at the Inauguration?
308,27,61,196,284,1.4049295774647887,0.03902986352457555,554,Here for the Inauguration?
308,32,51,201,284,1.4049295774647887,0.04059250776990239,554,That flower makes you look stupid.
308,26,63,195,284,1.4049295774647887,0.038709765675943766,554,10 of your friends just left....in a Volkswagen.
308,26,63,195,284,1.4049295774647887,0.038709765675943766,554,"Sorry, we only serve serious drinkers here!"
308,26,63,195,284,1.4049295774647887,0.038709765675943766,554,"What do you mean, a ""clownsgendered"" bathroom?"
308,31,53,200,284,1.4049295774647887,0.04028482839716544,554,Play what again?
308,31,53,200,284,1.4049295774647887,0.04028482839716544,554,Mid-laugh crisis?
308,33,49,202,284,1.4049295774647887,0.04089787250102509,554,"This would be funnier if you walked in with a priest, a rabbi, and a horse."
308,32,51,201,284,1.4049295774647887,0.04059250776990239,554,I know it's tough getting rejected to perform at the Inauguration. But I hear there's going to be an opening for press secretary real soon.
308,29,57,198,284,1.4049295774647887,0.039662309852907335,554,You won't be the first to go into politics.
323,30,49,191,270,1.4037037037037037,0.041484948026904146,554,"Sorry fella, but you might try the White House. They're still hiring."
324,35,44,204,283,1.4028268551236749,0.04159528083043939,554,Happy Hour? Now? Try again in 2020.
324,34,46,203,283,1.4028268551236749,0.04129293662347247,554,Expecting any other Cabinet members to join you?
324,36,42,205,283,1.4028268551236749,0.04189544318581823,554,"You just missed the Rabbi and the Priest, they left with the punchline."
324,23,68,192,283,1.4028268551236749,0.03780791079770296,554,Tough break. You leave big shoes to fill.
324,29,56,198,283,1.4028268551236749,0.03974673260942453,554,I always get nervous when one of you guys orders seltzer.
324,27,60,196,283,1.4028268551236749,0.039111139185391705,554,I hear Washington is hiring.
330,23,67,192,282,1.400709219858156,0.037882657764067094,554,"No, I do not have Clown Royal."
330,27,59,196,282,1.400709219858156,0.03919250339934939,554,Would you like the seltzer in a glass or sprayed in your face?
332,27,58,195,280,1.4,0.03938856805463709,554,I know. Your life's a joke.
332,34,40,196,270,1.4,0.04276032677515063,554,So what cabinet position did Trump pick you for?
332,27,58,195,280,1.4,0.03938856805463709,554,"It's a classic story-- clown meets girl, clown falls for girl, girl gets eaten by a lion."
332,32,48,200,280,1.4,0.0409813065423627,554,"You should get going, sir--you'll be late for your confirmation hearing."
332,25,62,193,280,1.4,0.03873313847837597,554,Maybe they walked into a different bar.
337,24,63,192,279,1.3978494623655915,0.03847863456562427,554,"Sorry, pal. We serve seltzer in a glass here."
337,21,69,189,279,1.3978494623655915,0.03745994993551427,554,"Pie, I presume."
337,29,53,197,279,1.3978494623655915,0.0401190033875164,554,"Congratulations on your confirmation, Mr. Secretary,"
337,26,59,194,279,1.3978494623655915,0.039143032125065806,554,Closing time. Want me to call you a comically small taxi?
337,28,55,196,279,1.3978494623655915,0.03979633915139699,554,"I'm sorry, I can't serve you, it's happy hour."
337,23,65,191,279,1.3978494623655915,0.03814209610234229,554,"Your usual? You think I remember every customer who comes in here, bud?"
337,32,47,200,279,1.3978494623655915,0.041071789608819964,554,Sad ain't it; the only circus left is in DC.
337,28,55,196,279,1.3978494623655915,0.03979633915139699,554,Could you tell me the one where the clown walks out of my bar?
337,31,49,199,279,1.3978494623655915,0.040756669131770715,554,I hear they're hiring in Washington.
337,32,47,200,279,1.3978494623655915,0.041071789608819964,554,"You think maybe she walked in, saw you, and left?"
337,21,69,189,279,1.3978494623655915,0.03745994993551427,554,"I don't mind the clown costume, but you still need to wear pants."
337,33,45,201,279,1.3978494623655915,0.04138451068486507,554,"She just left with some other clown, had a poof of blond hair, bright orange face, tiny hands and a big wad of cash."
349,26,58,193,277,1.3971119133574008,0.03933964301190681,554,"So, a rough day in your confirmation hearing, eh?"
349,28,54,195,277,1.3971119133574008,0.039999099021056514,554,Everything tastes funny to you.
349,28,54,195,277,1.3971119133574008,0.039999099021056514,554,Everyone expects me to make them happy too
349,29,52,196,277,1.3971119133574008,0.04032478304457809,554,"Sorry, the Priest and the Rabbi just left."
349,32,46,199,277,1.3971119133574008,0.04128642322701636,554,"Wrong joint, pal. It's strictly ducks, priests and rabbis here."
354,23,63,190,276,1.394927536231884,0.03840579710144927,554,Any funny stuff and you're outta here.
354,37,35,204,276,1.394927536231884,0.04294079303949412,554,"The previous bartender? Oh, he was nominated to head the Bureau of Alcohol, Tobacco, Firearms and Explosives."
356,28,52,194,274,1.3941605839416058,0.040290955549507124,554,I've called you a tiny Uber.
356,27,54,193,274,1.3941605839416058,0.03995777578992271,554,"Sorry, happy hour's over."
356,21,66,187,274,1.3941605839416058,0.03789723377754611,554,"Glass, bottle or straight in the kisser?"
356,27,54,193,274,1.3941605839416058,0.03995777578992271,554,I'm pretty sure I can discriminate against you.
356,23,62,189,274,1.3941605839416058,0.03859630596338505,554,Let me guess...the rabbi and the priest are parking the car.
356,25,58,191,274,1.3941605839416058,0.039282939554576145,554,"But, seriously..."
356,30,48,196,274,1.3941605839416058,0.040949183204572095,554,Your usual--seltzer in my face?
356,19,70,185,274,1.3941605839416058,0.0371850214731783,554,"Yeah, a priest and a rabbi were in here looking for you."
356,28,52,194,274,1.3941605839416058,0.040290955549507124,554,Do you want that half full or half empty?
356,23,62,189,274,1.3941605839416058,0.03859630596338505,554,The Rabbi and Priest called to say they couldn't make it.
356,23,62,189,274,1.3941605839416058,0.03859630596338505,554,"I've called you a very small car, sir."
356,33,42,199,274,1.3941605839416058,0.04191714880768353,554,Cheer up. You can always run away and join the cabinet.
356,23,62,189,274,1.3941605839416058,0.03859630596338505,554,You want it half full or half empty?
356,25,58,191,274,1.3941605839416058,0.039282939554576145,554,"It's life's illusions I recall, I really don't know clowns at all."
356,24,60,190,274,1.3941605839416058,0.03894113618057205,554,"Put your horn on the bar, nice and easy."
356,22,64,188,274,1.3941605839416058,0.03824836703709855,554,Let me guess...Seltzer?
372,23,60,186,269,1.3940520446096654,0.03910275156466721,554,I take it you're part of the new administration.
373,31,45,197,273,1.3919413919413919,0.041365905092924656,554,Don't you have an inauguration to be at?
373,23,61,189,273,1.3919413919413919,0.038673858101445635,554,Shouldn't you be at the White House?
373,29,49,195,273,1.3919413919413919,0.04070958613435324,554,"Congress is back in session, I see."
373,34,39,200,273,1.3919413919413919,0.04233130821917316,554,"We're closed, Mr. President."
373,33,41,199,273,1.3919413919413919,0.042011972163698466,554,"What'll it be, Mr. President?"
373,28,51,194,273,1.3919413919413919,0.04037742627715471,554,We don't serve clowns. Try Capitol Hill.
379,14,77,177,268,1.3917910447761195,0.03582983262839057,554,I don't know. Maybe lose the tie.
379,23,59,186,268,1.3917910447761195,0.03918326350343372,554,Maybe you should try politics.
379,35,35,198,268,1.3917910447761195,0.04325193385558124,554,"I can still tell it's you, Mr. Trump."
382,27,52,192,271,1.3911439114391144,0.04024979156160204,554,"Sorry, but not just any clown can get elected President."
382,27,52,192,271,1.3911439114391144,0.04024979156160204,554,"That's what I've been trying to tell you pal, the clown convention has been moved to Washington."
382,27,52,192,271,1.3911439114391144,0.04024979156160204,554,Let me guess. You're here for happy hour.
382,26,54,191,271,1.3911439114391144,0.03990879745222864,554,Tough about Ringling Brothers; I think they're still hiring at the Cabinet.
382,36,34,201,271,1.3911439114391144,0.04319777981305302,554,"Sorry buddy, the Presidents Day free drink promo requires customers to be dressed up as former presidents not the current one."
382,28,50,193,271,1.3911439114391144,0.040587920954661016,554,Happy hour doesn't start till 6:00.
382,28,50,193,271,1.3911439114391144,0.040587920954661016,554,"Tough break on the circus gig, but I hear the White House is hiring."
382,24,58,189,271,1.3911439114391144,0.03921791555837983,554,"I'm sorry, I can't serve you. This is Happy Hour."
382,21,64,186,271,1.3911439114391144,0.03815814566689543,554,"Sorry, Happy Hour just ended."
382,27,52,192,271,1.3911439114391144,0.04024979156160204,554,I warned you when they got rid of the elephants.
382,25,56,190,271,1.3911439114391144,0.03956486455699818,554,"Sorry about the circus shutting down. But, hey, I hear they're hiring at the White House."
382,34,38,199,271,1.3911439114391144,0.042560321514742004,554,You really shouldn't be drinking before your inauguration.
382,32,42,197,271,1.3911439114391144,0.04191316922041819,554,You didn't get a call for a Cabinet post? Maybe you're just overqualified.
395,24,59,191,274,1.3905109489051095,0.038904157119517356,554,"Wrong bar -- we only serve priests, ministers, and rabbis."
396,25,56,191,272,1.3897058823529411,0.039445358395917354,554,"Sorry buddy, the Health Dept. requires us to serve seltzer in a glass."
397,31,43,196,270,1.3888888888888888,0.04167871228885097,554,"Well, since Ringling Brothers is shutting down, I'd go with the Cabinet post."
397,28,49,193,270,1.3888888888888888,0.04067560161232274,554,"You might like the pale ale on tap. It's got a robust nose, floral notes, and a hint of bitterness."
397,34,37,199,270,1.3888888888888888,0.042658241285702836,554,Really? The Cabinet? Which Department?
397,28,49,193,270,1.3888888888888888,0.04067560161232274,554,"Relax -- everything considered, I expect you'll be confirmed with flying colors."
397,34,37,199,270,1.3888888888888888,0.042658241285702836,554,Shouldn't you be at your inauguration?
397,26,53,191,270,1.3888888888888888,0.039992885686116426,554,Don't bother. They're already here.
397,27,51,192,270,1.3888888888888888,0.040335688118756374,554,You're joking.
397,28,49,193,270,1.3888888888888888,0.04067560161232274,554,Don’t you have a cabinet meeting to attend?
397,22,61,187,270,1.3888888888888888,0.03859123713305319,554,Long day at the confirmation hearing?
406,30,44,194,268,1.3880597014925373,0.04156804658115389,554,"Sorry, I guess ""Bailey's on the rocks"" does hit a bit close to home."
406,23,58,187,268,1.3880597014925373,0.03914398469603321,554,Ever consider running for office?
406,22,60,186,268,1.3880597014925373,0.03878532455617216,554,I used to be a clown. Now I'm a jerk.
406,29,46,193,268,1.3880597014925373,0.04123047852762939,554,I don't think this will work without the Rabbi and the midget.
406,32,40,196,268,1.3880597014925373,0.04223508932729185,554,Shouldn't you be at your inauguration?
406,26,52,190,268,1.3880597014925373,0.040200770499460525,554,I'm surprised you didn't make his cabinet too.
406,25,54,189,268,1.3880597014925373,0.039851622448711224,554,"Sorry sir, your invisible dog has to leave."
406,27,50,191,268,1.3880597014925373,0.04054691215994094,554,"What are you drinking, Senator?"
406,27,50,191,268,1.3880597014925373,0.04054691215994094,554,The Priest and the Rabbi just left
415,24,55,188,267,1.3857677902621723,0.03958080547747164,554,"Honestly, our happy hour is fine just as it is."
415,24,55,188,267,1.3857677902621723,0.03958080547747164,554,"Didn't you see the sign, ""Big shoes, ugly shirt, no service""?"
415,29,45,193,267,1.3857677902621723,0.04132120041881907,554,"I'm sorry, but it's happy hour."
415,24,55,188,267,1.3857677902621723,0.03958080547747164,554,"Glad to see you back from recess, congressman."
415,24,55,188,267,1.3857677902621723,0.03958080547747164,554,"I'll tell you the same thing I told those other 23 clowns: No, I did not find a tiny set of car keys."
415,31,41,195,267,1.3857677902621723,0.04199716872331895,554,I'm sorry. I know how much you wanted to be the first clown elected president.
421,30,43,195,268,1.3843283582089552,0.04152976768681634,554,"So you found work in D.C.?"""
422,22,58,186,266,1.3834586466165413,0.03894028552705827,554,"Banana daiquiri, extra peel."
422,21,60,185,266,1.3834586466165413,0.03857425330566065,554,Clown Royal on the rocks?
422,26,50,190,266,1.3834586466165413,0.04037124115366074,554,"Heck, take the offer. A year or two on this White House communication team would look good on your resume."
422,25,52,189,266,1.3834586466165413,0.04001829948220537,554,I see you scared away the priest and the rabbi.
422,23,56,187,266,1.3834586466165413,0.039302908998805355,554,Do you think you'll be able to juggle 2 jobs?
427,24,53,187,264,1.3825757575757576,0.03986811571425977,554,Happy Hour doesn't work for everyone.
427,26,49,189,264,1.3825757575757576,0.0405841961159221,554,You can't worry about that bozo she left you for.
427,33,35,196,264,1.3825757575757576,0.04299666391210712,554,The last clown that was in here just got elected President.
427,19,63,182,264,1.3825757575757576,0.03801895370970324,554,They all just piled into a car and left. I guess they forgot about you.
427,21,59,184,264,1.3825757575757576,0.038769203821468624,554,"Usually, this place is a circus."
427,24,53,187,264,1.3825757575757576,0.03986811571425977,554,"About a dozen of them hung around for a while, then they all left in a tiny car."
427,25,51,188,264,1.3825757575757576,0.040227749284425754,554,"Sorry, we stopped doing happy hours last November."
427,25,51,188,264,1.3825757575757576,0.040227749284425754,554,You want the usual soda water in the face?
427,25,51,188,264,1.3825757575757576,0.040227749284425754,554,One circus closes and another opens up
427,27,47,190,264,1.3825757575757576,0.04093753945049258,554,"Move along, sad bar's down the street buddy, this is a gay bar."
427,23,55,186,264,1.3825757575757576,0.03950520837460039,554,It's nice to see a new face.
427,25,51,188,264,1.3825757575757576,0.040227749284425754,554,What part of Happy Hour didn't you understand?
427,31,39,194,264,1.3825757575757576,0.0423214222799834,554,The others have all gone to Washington.
440,25,50,188,263,1.3802281368821292,0.040312177296008264,554,The circus has closed down. I think it moved to Washington.
440,25,50,188,263,1.3802281368821292,0.040312177296008264,554,"Well, I heard the new administration is hiring."
440,27,46,190,263,1.3802281368821292,0.041025866664565626,554,Congratulations on your cabinet appointment.
440,28,44,191,263,1.3802281368821292,0.04137809546361062,554,Sorry. Uncle Sam already hired a clown.
440,23,54,186,263,1.3802281368821292,0.03958562290921909,554,Have you considered running for Congress?
440,27,46,190,263,1.3802281368821292,0.041025866664565626,554,"Strictly in your professional opinion, how's the new guy doing?"
440,29,42,192,263,1.3802281368821292,0.041727351135827324,554,"I think you're putting too much emphasis on the ""Anonymous"", and too little on the ""Alcoholics""."
440,24,52,187,263,1.3802281368821292,0.039950551807551395,554,The other twelve guys said you were the designated driver.
440,20,60,183,263,1.3802281368821292,0.038470071422601,554,Cheer up. We need you now more than ever.
440,31,38,194,263,1.3802281368821292,0.04241723623771995,554,Can I start you off with a drink or would you like to wait for the rest of Congress to arrive?
440,26,48,189,263,1.3802281368821292,0.0406705874922131,554,Ringling on the rocks?
440,17,66,180,263,1.3802281368821292,0.037321190353593395,554,In town for the Inauguration?
452,22,55,184,261,1.3793103448275863,0.039419654538025484,554,All your friends just left in a little red car.
452,19,61,181,261,1.3793103448275863,0.038281742829978795,554,"Sorry, we only sell seltzer by the glass."
452,28,43,190,261,1.3793103448275863,0.04160220935828473,554,"Bailys, splash of Barnum?"
452,21,57,183,261,1.3793103448275863,0.039044035660158474,554,"Sorry, your eighteen friends over there said you were the designated driver."
456,18,62,180,260,1.376923076923077,0.03796531690265648,554,Looks like you've had the last laugh.
456,24,50,186,260,1.376923076923077,0.040243825187465866,554,Don't worry - he wouldn't deport a fellow clown - undocumented or not.
456,17,64,179,260,1.376923076923077,0.03757213405995332,554,"Yes, the picture on the I.D. has to look like you."
456,27,44,189,260,1.376923076923077,0.04133600796907463,554,"Sorry, we only serve serious drinkers."
456,27,44,189,260,1.376923076923077,0.04133600796907463,554,That's Right--the Senate just voted to send them in!
456,27,44,189,260,1.376923076923077,0.04133600796907463,554,"In your face or in a glass, same price."
456,28,42,190,260,1.376923076923077,0.04169371157044466,554,"Don't bother, he's here."
456,26,46,188,260,1.376923076923077,0.04097518181923506,554,"Don't be so down on yourself, the last clown I served here is president now"
456,19,60,181,260,1.376923076923077,0.03835446932521898,554,Drinks are half price for men in uniform.
465,28,41,189,258,1.375968992248062,0.04192222615099276,554,"Truth be told, I recognized you right away, Mr. President."
465,22,53,183,258,1.375968992248062,0.03970508718716879,554,"Nonsense, I bet you're qualified for lots of jobs."
465,23,51,184,258,1.375968992248062,0.04008312776418185,554,Which cabinet position are you up for?
465,23,51,184,258,1.375968992248062,0.04008312776418185,554,I don't think having him in office is going to hurt your profession.
465,23,51,184,258,1.375968992248062,0.04008312776418185,554,"I'm really sorry, but the priest, the rabbi, and the minister just left."
465,26,45,187,258,1.375968992248062,0.041196440135245656,554,"Sorry, we only sell seltzer by the glass."
465,22,53,183,258,1.375968992248062,0.03970508718716879,554,Maximum occupancy is 85. Why?
465,28,41,189,258,1.375968992248062,0.04192222615099276,554,Welcome to Washington. What's your role in the administration?
465,25,47,186,258,1.375968992248062,0.04082870922522323,554,I'm really sorry... I thought you'd get Secretary of Defense.
465,20,57,181,258,1.375968992248062,0.03893799664726696,554,"I like your resume, but we're looking for someone a little more upbeat."
465,26,45,187,258,1.375968992248062,0.041196440135245656,554,"Despite all appearances, you have a serious drinking problem."
465,26,45,187,258,1.375968992248062,0.041196440135245656,554,"So, where's your Secret Service detail?"
465,19,59,180,258,1.375968992248062,0.038548727606543924,554,I heard you lost your job. Cheer up ! There's a new circus in D.C. and they're hiring.
465,24,49,185,258,1.375968992248062,0.04045763604288784,554,"""I'm just waiting for the priest and rabbi""."
465,23,51,184,258,1.375968992248062,0.04008312776418185,554,"Hey, her loss."
465,22,53,183,258,1.375968992248062,0.03970508718716879,554,I'm just surprised you didn't enter here with a priest and a rabbi.
465,26,45,187,258,1.375968992248062,0.041196440135245656,554,This is Happy Hour. Get happy or get lost.
465,23,51,184,258,1.375968992248062,0.04008312776418185,554,It's clowns like you who are ruining my business.
465,20,57,181,258,1.375968992248062,0.03893799664726696,554,Where were you at happy hour?
465,22,53,183,258,1.375968992248062,0.03970508718716879,554,"Let me guess, Seltzer down the Pants!"
465,22,53,183,258,1.375968992248062,0.03970508718716879,554,It was never really about the elephants.
486,22,54,185,261,1.3754789272030652,0.039373794384884774,554,Don't you usually come in with a rabbi and a priest?
486,25,48,188,261,1.3754789272030652,0.040481020417719504,554,You want it in a mug or should I just squirt it in your face?
488,28,36,182,246,1.3739837398373984,0.04341363364326717,554,"Plan A was ""Bernie or Bust."" Plan B was to run away to the circus. This is Plan C."
489,19,51,168,238,1.3739495798319328,0.04076148369792249,554,The 20 guys down there say you're the designated driver.
490,23,50,184,257,1.3735408560311284,0.04016549804767289,554,How did your Senate confirmation hearing go?
490,24,48,185,257,1.3735408560311284,0.04054215172018426,554,"Look, I can still tell it’s you. Either pay your tab or get out."
490,21,54,182,257,1.3735408560311284,0.03940139043292717,554,"Sir, I'll have to ask you to remove your hat and nose in here."
490,23,50,184,257,1.3735408560311284,0.04016549804767289,554,I don't want any funny business.
490,31,34,192,257,1.3735408560311284,0.04308663243856746,554,Stephen Sondheim sent me.
490,28,40,189,257,1.3735408560311284,0.04201501394551404,554,"This is a joke, right?"
496,20,55,180,255,1.3725490196078431,0.03921568627450981,554,Tell me if this tastes funny to you.
496,24,47,184,255,1.3725490196078431,0.04076007878425798,554,Bozo is it? I'm going to need to see some ID.
496,17,61,177,255,1.3725490196078431,0.03801624087928962,554,"I want no funny business here, understand?"
496,21,53,181,255,1.3725490196078431,0.03960743040277054,554,Of course we have Happy Hour.
496,23,49,183,255,1.3725490196078431,0.040379518686697875,554,The rabbi and priest just called and to say they're running late.
496,17,61,177,255,1.3725490196078431,0.03801624087928962,554,"Seltzer in the face, coming up."
496,26,43,186,255,1.3725490196078431,0.041510733657187854,554,"I'd love to serve you, but the twenty guys at the end of the bar say you're their designated driver."
496,20,55,180,255,1.3725490196078431,0.03921568627450981,554,I've got a funny feeling about you.
496,28,39,188,255,1.3725490196078431,0.04224805315061345,554,"Clowns to the left of me, jokers to the right."
496,30,35,190,255,1.3725490196078431,0.04297272368929074,554,"Are you one of those ""Make America Great Again"" clowns?"
496,27,41,187,255,1.3725490196078431,0.04188101600830051,554,Emmett Kelly was a friend of mine...you're no Emmett Kelly!
507,26,42,186,254,1.3700787401574803,0.0416006268808114,554,"No shirt, no shoes, no circus."
507,19,56,179,254,1.3700787401574803,0.03889413855133341,554,Trick cup or regular?
507,26,42,186,254,1.3700787401574803,0.0416006268808114,554,They all just left in a Volkswagen.
507,24,46,184,254,1.3700787401574803,0.04084564815372113,554,Good luck with the new job. You've got big shoes to fill.
507,19,56,179,254,1.3700787401574803,0.03889413855133341,554,Come back during happy hour.
507,26,42,186,254,1.3700787401574803,0.0416006268808114,554,Tough crowd at your confirmation hearing?
513,26,41,185,252,1.369047619047619,0.0418306527209437,554,I don't care if there is a clown in The White House. I'm not serving you.
513,23,47,182,252,1.369047619047619,0.04068101334117038,554,"Actually, he is your president."
513,20,53,179,252,1.369047619047619,0.03949792634897141,554,The priest and the Rabbi left about an hour ago.
513,25,43,184,252,1.369047619047619,0.041450982539962676,554,"You're close. Go three more blocks, turn left, and the White House will be on your right."
513,16,61,175,252,1.369047619047619,0.03786301588279985,554,I don't care how tiny your car is. You're not good to drive
513,31,31,190,252,1.369047619047619,0.043679529241049696,554,"For people to know how big a clown you are, you have to be on Twitter."
513,23,47,182,252,1.369047619047619,0.04068101334117038,554,If I send them in will you play it again?
513,20,53,179,252,1.369047619047619,0.03949792634897141,554,"So, you think you can juggle two jobs?"
513,19,55,178,252,1.369047619047619,0.03909560886259307,554,"So, tell me what it was like being the only entertainer at the Trump inauguration."
513,20,53,179,252,1.369047619047619,0.03949792634897141,554,Forget about the circus. You have a bright future in politics.
513,20,53,179,252,1.369047619047619,0.03949792634897141,554,"You know, ""happy hour"" is just an expression."
513,26,41,185,252,1.369047619047619,0.0418306527209437,554,Why not run for president?
525,22,48,181,251,1.3665338645418326,0.04037254490203651,554,Seltzer?
525,25,42,184,251,1.3665338645418326,0.041539859313043326,554,"I agree. With one of your own leading the country, you should get more respect."
525,28,36,187,251,1.3665338645418326,0.042675255612918246,554,"One door closes, another opens: Circus is shutting down but Trump is hiring."
525,23,46,182,251,1.3665338645418326,0.040765363874582475,554,Cheer up! I hear they are hiring in Washington these days.
525,20,52,179,251,1.3665338645418326,0.03957521145801542,554,"How was the first cabinet meeting, Mr. Secretary?"
525,25,42,184,251,1.3665338645418326,0.041539859313043326,554,"So, I hear you were the headliner at the inaugural ball."
525,22,48,181,251,1.3665338645418326,0.04037254490203651,554,Trump transition team ? Two blocks down
525,22,48,181,251,1.3665338645418326,0.04037254490203651,554,Don't you usually carpool?
525,21,50,180,251,1.3665338645418326,0.039975866118281855,554,Sorry to hear that Ringling Brothers closed. Have you thought about running for Congress?
534,21,49,179,249,1.3654618473895583,0.04018978085321737,554,Did Sondheim send you in ?
534,22,47,180,249,1.3654618473895583,0.04059071445547209,554,"Sorry, but we hire jerks, not clowns."
534,15,61,173,249,1.3654618473895583,0.037694731663369604,554,"So, if your ringmaster calls, you're not here?"
534,21,49,179,249,1.3654618473895583,0.04018978085321737,554,Sorry--happy hour just means cheaper drinks.
534,18,55,176,249,1.3654618473895583,0.038962233510176726,554,"Sorry, pal. Happy hour's over."
534,20,51,178,249,1.3654618473895583,0.03978480702546645,554,The priest and rabbi left. They said you're paying the tab.
534,18,55,176,249,1.3654618473895583,0.038962233510176726,554,"You shoulda been here Saturday night, it was a real circus."
534,24,43,182,249,1.3654618473895583,0.041380929544389614,554,And now you can run away and join the new Administration.
534,19,53,177,249,1.3654618473895583,0.03937566831277371,554,I completely understand...you should see the clowns I have to work with!
534,22,47,180,249,1.3654618473895583,0.04059071445547209,554,You show up here with a nose that red and think I'm gonna serve you?
534,14,63,172,249,1.3654618473895583,0.037262651277081796,554,I have a funny feeling about you.
534,27,37,185,249,1.3654618473895583,0.04253873734475245,554,"Wow, Mr. President, I've never seen you without makeup."
534,21,49,179,249,1.3654618473895583,0.04018978085321737,554,"Senator, maybe I should call you a cab."
547,23,44,181,248,1.3629032258064515,0.041073073297417134,554,"Cheer up. The circus may be closing, but the Administration is looking for people like you."
547,23,44,181,248,1.3629032258064515,0.041073073297417134,554,I know the big top is closing but I hear they are hiring at the White House.
547,28,34,186,248,1.3629032258064515,0.04301449365560264,554,The inauguration? That's next door.
547,18,54,176,248,1.3629032258064515,0.039035215328496915,554,Tough confirmation hearing?
547,21,48,179,248,1.3629032258064515,0.04027030698112256,554,I hear the White House is hiring.
547,23,44,181,248,1.3629032258064515,0.041073073297417134,554,I hear the White House is hiring.
547,20,50,178,248,1.3629032258064515,0.039862861932922884,554,And I don't want any funny business.
547,27,36,185,248,1.3629032258064515,0.04263328279146826,554,"Greatest show on Earth, huh? So why'd it close?"
547,20,50,178,248,1.3629032258064515,0.039862861932922884,554,"Big shoes, no service."
547,24,42,182,248,1.3629032258064515,0.041468629263162006,554,"No, no. This is 1700 Pennsylvania Avenue."
557,23,43,180,246,1.3617886178861789,0.04129977436183293,554,How'd the Cabinet interview go?
557,22,45,179,246,1.3617886178861789,0.040896055519192454,554,"No clown shoes, no service."
557,22,45,179,246,1.3617886178861789,0.040896055519192454,554,"Barnum & Bailey's gone, but I hear a bunch of clowns are being hired at the White House."
557,19,51,176,246,1.3617886178861789,0.039660248878449426,554,"No funny business, okay?"
557,22,45,179,246,1.3617886178861789,0.040896055519192454,554,Happy Hour hasn't started.
557,29,31,186,246,1.3617886178861789,0.04364373258779498,554,"It's on the house, Mr. President."
557,21,47,178,246,1.3617886178861789,0.04048831129745264,554,"Sir, this is not that kind of happy hour."
557,22,45,179,246,1.3617886178861789,0.040896055519192454,554,"Well, we have a merlot that tastes a little funny."
557,24,41,181,246,1.3617886178861789,0.04169958474191024,554,Don't be silly.
557,21,47,178,246,1.3617886178861789,0.04048831129745264,554,Cabinet nominees report next door.
557,21,47,178,246,1.3617886178861789,0.04048831129745264,554,"Sure, go ahead, send in the clowns."
557,21,47,178,246,1.3617886178861789,0.04048831129745264,554,The fake hair...orange skin...kind of makes all of you look bad.
557,19,51,176,246,1.3617886178861789,0.039660248878449426,554,Cheer up! Not many can say they were a finalist for a Cabinet position.
557,28,33,185,246,1.3617886178861789,0.043261893034003,554,"Fancy a drink, Mr. President?"
557,20,49,177,246,1.3617886178861789,0.04007641883215103,554,I'm gonna need a picture ID.
557,17,55,174,246,1.3617886178861789,0.038814524736001436,554,"Sorry, this bar is for serious drinking only."
557,17,55,174,246,1.3617886178861789,0.038814524736001436,554,"Glass, bottle or silly straw?"
557,23,43,180,246,1.3617886178861789,0.04129977436183293,554,Do you want that seltzer in a glass?
575,21,47,179,247,1.360323886639676,0.040350651518828745,554,You look like you could use a bottle of seltzer.
576,18,52,175,245,1.3591836734693878,0.03931324067261438,554,You should have come out last night. It's usually a circus in here.
576,23,42,180,245,1.3591836734693878,0.04138611988273008,554,Shouldn't you be at the inauguration?
576,22,44,179,245,1.3591836734693878,0.040979933059910496,554,I think you're looking for Sam's bar mitzvah
576,20,48,177,245,1.3591836734693878,0.04015523506205416,554,"If that flower squirts, you're out of here."
576,21,46,178,245,1.3591836734693878,0.04056967966649212,554,So you're in town for a Cabinet post?
581,20,47,176,243,1.3580246913580247,0.04037285240988765,554,"Sorry, we only serve priests and rabbis."
581,19,49,175,243,1.3580246913580247,0.03994943149395665,554,"The unusual, sir?"
581,24,39,180,243,1.3580246913580247,0.04202389500976219,554,I just heard. Have you thought about going into politics?
581,21,45,177,243,1.3580246913580247,0.040791878440822105,554,Why so serious?
581,22,43,178,243,1.3580246913580247,0.04120664366034976,554,"Sure, the circus may be gone, but at least you can still scare the crap out of small children"
581,24,39,180,243,1.3580246913580247,0.04202389500976219,554,Looking Presidential gets you no special treatment here Buddy.
581,22,43,178,243,1.3580246913580247,0.04120664366034976,554,"I'm sorry about Ringling Brothers, but, hey, there are some great new openings in Washington."
581,20,47,176,243,1.3580246913580247,0.04037285240988765,554,Much better. The smile was definitely scarier.
581,21,45,177,243,1.3580246913580247,0.040791878440822105,554,Senate confirmation hearing didn't go too well for you today?
581,23,41,179,243,1.3580246913580247,0.04161727546069396,554,Wrong address. You want 1600 Pennsylvania Ave.
581,28,31,184,243,1.3580246913580247,0.04361247862564634,554,"""As you can see in the picture, several hundred people are having a drink at a bar after attending Trump's inauguration speech."" said White House Press Secretary Spicer"
581,20,47,176,243,1.3580246913580247,0.04037285240988765,554,"Now, now buddy...you shouldn't take it personal when they call the new President a clown."
593,15,56,171,242,1.3553719008264462,0.03827448664744352,554,"I'll give you one more, but I don't want any funny stuff."
593,28,30,184,242,1.3553719008264462,0.04371198035533971,554,"Ringling Brothers may be shutting down, but the Trump cabinet is hiring clowns."
593,17,52,173,242,1.3553719008264462,0.0391601976723127,554,Just finished your confirmation hearing?
596,14,57,169,240,1.3541666666666667,0.03801559389110655,554,Why do I get the feeling you're setting me up for a joke?
596,21,43,176,240,1.3541666666666667,0.04110058276108491,554,Congrats on being the first in our family to graduate from a college.
596,21,43,176,240,1.3541666666666667,0.04110058276108491,554,"Cheer up, you didn't need to win the popular vote."
596,20,45,175,240,1.3541666666666667,0.0406741982073899,554,"No, I don't think bartending is a dead end job, and I know it's you mother."
596,22,41,177,240,1.3541666666666667,0.04152258911469202,554,"The unusual, sir?"
596,23,39,178,240,1.3541666666666667,0.041940349429568306,554,Congratulations on your cabinet appointment.
596,16,53,171,240,1.3541666666666667,0.03892197818542935,554,I can call you a cab. But you'll have to share it with 25 other clowns.
596,20,45,175,240,1.3541666666666667,0.0406741982073899,554,Why the drawn face?
596,25,35,180,240,1.3541666666666667,0.04276362843875378,554,"Yeah, when he won I knew it was pretty much over for you guys."
596,22,41,177,240,1.3541666666666667,0.04152258911469202,554,"Cheer up. The circus may be gone, but the Greatest Show on Earth has just opened for a four-year run in Washington, D.C. and it's gonna be Yuge."
596,17,51,172,240,1.3541666666666667,0.03936734546999313,554,The elephants were already here – watch your step.
607,13,59,169,241,1.3526970954356847,0.037426910535419015,554,I'm going to need the keys to the clown car
608,24,35,177,236,1.3516949152542372,0.042845364323692015,554,"Sorry pal, but we don't serve Mimers."
609,20,44,175,239,1.3514644351464435,0.040754501875883774,554,We've been seeing a lot of your crowd recently
609,19,46,174,239,1.3514644351464435,0.04032082483573076,554,Making your entrance again with your usual flair?
609,19,46,174,239,1.3514644351464435,0.04032082483573076,554,"Screw Ringling, you're a shoo-in with Trump."
609,16,52,171,239,1.3514644351464435,0.038990862933262815,554,Would you like me to call a tiny cab for you and your budddies?
613,13,57,167,237,1.350210970464135,0.03780345513650985,554,As long as you're out by happy hour.
613,16,51,170,237,1.350210970464135,0.03919661130269941,554,I have a hard time believing you're going to drink the seltzer.
613,21,41,175,237,1.350210970464135,0.04141452482575271,554,"Sorry about the circus closing, but they're hiring clowns in D.C. this month."
613,22,39,176,237,1.350210970464135,0.0418440028239231,554,"Okay, I'm sorry. When I called the president a clown, I didn't know you'd take it so personally."
613,18,47,172,237,1.350210970464135,0.04009850058526001,554,They all ran off in the small car and said you'd pick up the tab.
613,13,57,167,237,1.350210970464135,0.03780345513650985,554,Let me guess--you want a Sidecar
613,17,49,171,237,1.350210970464135,0.039650120345347005,554,"Sorry, Bozo--but if I serve you, the next thing you know it's a freakin' circus in here!"
613,18,47,172,237,1.350210970464135,0.04009850058526001,554,So no more Ringling Bros....have you tried the new administration?
613,19,45,173,237,1.350210970464135,0.04054192219137733,554,Is this some kind of joke?
613,20,43,174,237,1.350210970464135,0.040980546125659316,554,"Sorry, we're all out of seltzer."
613,14,55,168,237,1.350210970464135,0.03827347548947848,554,"Sorry pal, but you don't look anything like your photo ID."
613,16,51,170,237,1.350210970464135,0.03919661130269941,554,Some guys know how to walk into a joke and some don't.
625,18,48,174,240,1.35,0.03974289757868431,554,"No, but if I see the rabbi, the priest, the Buddhist monk, the duck, the horse, or the nymphomaniac I'll tell them you were here."
625,23,38,179,240,1.35,0.04187881833795628,554,Well there's a new circus in DC and it's run by one of your guys.
625,18,48,174,240,1.35,0.03974289757868431,554,"Our 3 new flavors are Anger, Alienation and Fear. Sorry we have run out of Hope."
628,17,49,172,238,1.3487394957983194,0.03951058196800721,554,I can give you a glass of seltzer but you'll have to put it down your pants yourself.
628,15,53,170,238,1.3487394957983194,0.03860274142757946,554,"Well, yes, we're hiring. But serious inquiries only."
630,24,36,181,241,1.3485477178423237,0.04214223587598706,554,Look on the bright side. The circus is gone but now you're the President.
631,20,42,174,236,1.347457627118644,0.0410615702666573,554,"Tough break. There's not much call for clowns, what with the surplus in D.C."
631,21,40,175,236,1.347457627118644,0.041498368395028906,554,"We pour local, organic, small batch, craft, artisan, artesian seltzers."
631,18,46,172,236,1.347457627118644,0.04017372897045823,554,Do you happen to know Kellyanne Conway?
631,21,40,175,236,1.347457627118644,0.041498368395028906,554,I hear some clowns in D.C. are saying that now they're the greatest show on earth.
631,21,40,175,236,1.347457627118644,0.041498368395028906,554,"Now that Barnum and Bailey closed, why not try politics?"
631,19,44,173,236,1.347457627118644,0.0406200754070907,554,So... Which bathroom do you identify with?
631,24,34,178,236,1.347457627118644,0.04278201327085056,554,So how'd you ditch the Secret Service detail?
638,18,45,171,234,1.3461538461538463,0.040393850443076036,554,Do you want your pie à la mode or in the face?
638,14,53,167,234,1.3461538461538463,0.03853483350364872,554,"That must be tough, you not liking kids and all."
638,22,37,175,234,1.3461538461538463,0.04217099612389136,554,"I'd suggest the Trump: it's vodka, orange peel, and then we spray seltzer in your face and yell ""Sad!"""
638,12,57,165,234,1.3461538461538463,0.03757084658245133,554,"Sorry, we don't have ""to go"" seltzer bottles."
638,16,49,169,234,1.3461538461538463,0.03947528686894829,554,Where is the rabbi and the priest?
638,21,39,174,234,1.3461538461538463,0.04173380493036003,554,Sorry about Ringling Brothers. But I hear they're recruiting in Washington.
638,17,47,170,234,1.3461538461538463,0.03993720963589817,554,What'll you have while you wait for the priest and the rabbi?
638,23,35,176,234,1.3461538461538463,0.04260370117955923,554,"Sorry, we're not hiring. Have you tried the White House?"
638,20,41,173,234,1.3461538461538463,0.04129198510424786,554,"What can I getcha? A little song, a little dance, a little seltzer down your pants?"
638,23,35,176,234,1.3461538461538463,0.04260370117955923,554,Shouldn't you be at your inauguration ceremony?
638,18,45,171,234,1.3461538461538463,0.040393850443076036,554,She told me that she needed someone more serious.
638,16,49,169,234,1.3461538461538463,0.03947528686894829,554,Here for Happy Hour?
638,23,35,176,234,1.3461538461538463,0.04260370117955923,554,"What sort of business did you say you were in, again?"
638,17,47,170,234,1.3461538461538463,0.03993720963589817,554,Twenty-two of you guys in that car and you couldn't find one designated driver?
638,15,51,168,234,1.3461538461538463,0.039007894499316985,554,Do you want the dribble glass again?
653,17,47,171,235,1.3446808510638297,0.03979417198651324,554,What if I told you we don't have a happy hour...
653,29,23,183,235,1.3446808510638297,0.04494462274540386,554,"I'm sorry, Mr. President, we don't serve White Russians here."
655,17,46,170,233,1.3433476394849786,0.04000984710292061,554,"Cheer up, they are hiring at the White House."
655,20,40,173,233,1.3433476394849786,0.04137370988131153,554,Surely you didn't drive here all by yourself.
655,19,42,172,233,1.3433476394849786,0.0409241395913828,554,Don't worry! There are a lot of openings in Washington right now.
658,14,51,166,231,1.341991341991342,0.03879967420338475,554,"We have closed for the evening, sir. I don't want any funny business."
658,18,43,170,231,1.341991341991342,0.04069384206371208,554,"So, where are the priest and the rabbi?"
658,20,39,172,231,1.341991341991342,0.04160860264074141,554,"Don't bother, they're here."
658,21,37,173,231,1.341991341991342,0.04205852267519032,554,"Of all the gin joints in all the towns in all the world, this clown walks into mine."
658,17,45,169,231,1.341991341991342,0.0402286622447473,554,A little seltzer down your pants?
658,24,31,176,231,1.341991341991342,0.04338029365198737,554,I beg your pardon. I shouldn't have made any assumptions about who you voted for.
658,15,49,167,231,1.341991341991342,0.039281779926489915,554,"No, I haven't seen a priest and a rabbi."
658,17,45,169,231,1.341991341991342,0.0402286622447473,554,"Sorry, we don't serve Cabinet Members here."
658,16,47,168,231,1.341991341991342,0.03975804006861469,554,Will you be having the unusual?
658,20,39,172,231,1.341991341991342,0.04160860264074141,554,"It's a seltzer down your pants, right?"
658,20,39,172,231,1.341991341991342,0.04160860264074141,554,You're the headliner at the Inauguration?
658,18,43,170,231,1.341991341991342,0.04069384206371208,554,"""Why do you guys always walk into MY bar?!"
658,16,47,168,231,1.341991341991342,0.03975804006861469,554,You're killing Happy Hour.
658,21,37,173,231,1.341991341991342,0.04205852267519032,554,"I can call one, but I'm not sure all 20 of you will fit in one cab."
658,16,47,168,231,1.341991341991342,0.03975804006861469,554,"I hate to ask you this,but would you leave and walk back in again?I'm working on a joke"
658,19,41,171,231,1.341991341991342,0.04115376407827998,554,Sure - we serve buses. Send in the clowns.
658,16,47,168,231,1.341991341991342,0.03975804006861469,554,"If you can find 14 friends, I'll call you an Uber."
658,25,29,177,231,1.341991341991342,0.04381202338670334,554,"I'm sorry, I'll need IDs from the other 21 people in the car, too."
676,17,46,171,234,1.3418803418803418,0.03986550990384862,554,Let me guess -- you lost your I.D. when your pants fell down?
676,19,42,173,234,1.3418803418803418,0.040775283691541445,554,I didn't send for you.
678,18,43,171,232,1.3405172413793103,0.04054486390604207,554,I don't want to know why you're crying on the inside.
679,20,38,172,230,1.3391304347826087,0.041691004468099306,554,Don't you know it's happy hour?
679,20,38,172,230,1.3391304347826087,0.041691004468099306,554,I'm sorry. We're not hiring any Trump Cabinet appointees at the moment.
679,16,46,168,230,1.3391304347826087,0.03982776333937626,554,"Okay, I'll serve you. But this time no funny business."
679,22,34,174,230,1.3391304347826087,0.04259206984909201,554,"Usually the walk-ins are priests, rabbis and horses."
679,25,28,177,230,1.3391304347826087,0.043909011088115124,554,"The usual, seltzer leave the bottle?"
679,18,42,170,230,1.3391304347826087,0.04077002934863084,554,"Alright, but I don't want any funny business"
679,21,36,173,230,1.3391304347826087,0.04214394539900725,554,Will you be speaking at the inauguration?
679,14,50,166,230,1.3391304347826087,0.03886265781114961,554,Let me guess--a shot of seltzer?
679,17,44,169,230,1.3391304347826087,0.040301650249745254,554,At least you could be happy for the elephants.
679,19,40,171,230,1.3391304347826087,0.04123308833114066,554,"""The transition from clown to politician should be seamless."
679,21,36,173,230,1.3391304347826087,0.04214394539900725,554,"Tough day at the nomination hearing, huh?"
679,15,48,167,230,1.3391304347826087,0.039348169619207646,554,Just seltzer?
679,22,34,174,230,1.3391304347826087,0.04259206984909201,554,The Inauguration is down the street.
692,22,33,173,228,1.337719298245614,0.04284216653468011,554,No contest. ‘The Greatest Show on Earth’ is now at 1700 Pennsylvania Avenue.
692,15,47,166,228,1.337719298245614,0.03955946403507511,554,Are you one of the clowns in town for the inauguration?
692,14,49,165,228,1.337719298245614,0.03906799626393879,554,Another rough birthday party?
692,8,61,159,228,1.337719298245614,0.03597848184817612,554,"One more bottle of seltzer, then I'm cutting you off."
692,14,49,165,228,1.337719298245614,0.03906799626393879,554,"Know what, bub? Everyone feels misunderstood."
692,19,39,170,228,1.337719298245614,0.041467127286508115,554,"Please stop crying, I can't take the tears of a clown, when no one's around."
692,19,39,170,228,1.337719298245614,0.041467127286508115,554,I hear the head clown is hiring on Pennsylvania Avenue.
692,15,47,166,228,1.337719298245614,0.03955946403507511,554,"What, no media circus today?"
692,17,43,168,228,1.337719298245614,0.040524522453311326,554,What can I get you to put a smile on that face?
692,15,47,166,228,1.337719298245614,0.03955946403507511,554,"The priest, the rabbi and the nun left fifteen minutes ago."
692,24,29,175,228,1.337719298245614,0.04373484833301467,554,"Mr. President, what can I get you?"
692,25,27,176,228,1.337719298245614,0.04417442496937637,554,"This one's on me, Mr. President."
692,14,49,165,228,1.337719298245614,0.03906799626393879,554,"Yeah, they all just piled into a VW bug and left without you."
692,24,29,175,228,1.337719298245614,0.04373484833301467,554,"Well, here we are... great again."
692,16,45,167,228,1.337719298245614,0.040044900516865656,554,"Sorry, I can't serve you. You're acting funny."
692,16,45,167,228,1.337719298245614,0.040044900516865656,554,Seltzer?
692,16,45,167,228,1.337719298245614,0.040044900516865656,554,I assume the other 37 are parking the car.
692,19,39,170,228,1.337719298245614,0.041467127286508115,554,You really need to be at your Senate confirmation hearing.
692,20,37,171,228,1.337719298245614,0.041930484233535056,554,"Look, come back with a priest and a rabbi and then we'll see if it's funny."
692,15,47,166,228,1.337719298245614,0.03955946403507511,554,"A rabbi, a priest, and a minister? Just missed them."
692,13,51,164,228,1.337719298245614,0.038570266649530296,554,A clown walks into a bar; stop me if you've heard this one.
692,12,53,163,228,1.337719298245614,0.03806602956380667,554,Just kidding. We ONLY serve clowns here.
692,20,37,171,228,1.337719298245614,0.041930484233535056,554,I am going to need some identification before I serve you a whole cream pie
692,15,47,166,228,1.337719298245614,0.03955946403507511,554,"Just so you know, I keep a loaded seltzer bottle behind the bar."
692,20,37,171,228,1.337719298245614,0.041930484233535056,554,"Yeah, sorry. It's a whole different kind of circus now."
692,22,33,173,228,1.337719298245614,0.04284216653468011,554,You're sure you want to have a drink before your confirmation hearing?
692,17,43,168,228,1.337719298245614,0.040524522453311326,554,Sorry we don't have any openings here. Try the White House.
692,16,45,167,228,1.337719298245614,0.040044900516865656,554,Is the pie in your face for here or to go?
692,22,33,173,228,1.337719298245614,0.04284216653468011,554,"Sorry, you're too late. I already voted for the other clown."
692,12,53,163,228,1.337719298245614,0.03806602956380667,554,Your wife called. I told her you just left with 27 other clowns in a very small car.
692,16,45,167,228,1.337719298245614,0.040044900516865656,554,Have you ever considered running for office?
692,17,43,168,228,1.337719298245614,0.040524522453311326,554,"Seriously, I'm laughing at you not with you."
692,19,39,170,228,1.337719298245614,0.041467127286508115,554,Bubbles always wanted to be a lawyer but could never pass the bar.
692,18,41,169,228,1.337719298245614,0.04099853390954608,554,"Sorry, big shoes, loud shirt - no service."
692,15,47,166,228,1.337719298245614,0.03955946403507511,554,Silly hour doesn't start until five.
692,18,41,169,228,1.337719298245614,0.04099853390954608,554,Our happy hour’s really more about cheaper drink prices.
692,15,47,166,228,1.337719298245614,0.03955946403507511,554,Are you waiting for a Rabbi and a Priest?
692,20,37,171,228,1.337719298245614,0.041930484233535056,554,"So, Ringling Bros. is closing? Well...I hear the White House is hiring."
692,13,51,164,228,1.337719298245614,0.038570266649530296,554,This is Happy Hour. Sad Hour doesn't start until midnight.
692,19,39,170,228,1.337719298245614,0.041467127286508115,554,"Did Ringling Brothers fire you, or have you just been hired for a Cabinet position?"
692,19,39,170,228,1.337719298245614,0.041467127286508115,554,"Sorry, pal. Happy hour's over."
692,16,45,167,228,1.337719298245614,0.040044900516865656,554,"You don't have to go back to the circus, but you can't stay here."
692,18,41,169,228,1.337719298245614,0.04099853390954608,554,Welcome to the District of Columbia. Any relation to the new guy?
735,24,30,177,231,1.3376623376623376,0.04331074227521645,554,"I knew Emmet Kelly and you, sir, are no Emmet Kellt"
735,18,42,171,231,1.3376623376623376,0.0406196910500795,554,Didn't fit in the car again? Have a beer on me.
735,12,54,165,231,1.3376623376623376,0.03773722572709335,554,The rabbi and priest will be here shortly.
738,15,47,167,229,1.3362445414847162,0.03941393670038892,554,"Well, I'm a 'listening on the outside, laughing at you on the inside' kind of bartender."
739,18,40,169,227,1.3348017621145374,0.04107514431376208,554,Cheer up. The job market for clowns is wide open right now.
739,16,44,167,227,1.3348017621145374,0.04011480787188109,554,You can't blame it all on the elephants.
739,15,46,166,227,1.3348017621145374,0.0396259129320538,554,"Sorry, but Trump had the last laugh."
739,15,46,166,227,1.3348017621145374,0.0396259129320538,554,You'll find work. It's all a circus now.
739,16,44,167,227,1.3348017621145374,0.04011480787188109,554,"Listen Bozo, I'm still gonna need to check your I.D."
739,18,40,169,227,1.3348017621145374,0.04107514431376208,554,"A white house consultant, you say?"
739,25,26,176,227,1.3348017621145374,0.044272579828726386,554,"Listen, the Inauguration's over, so go back out there and just be the best President you can be. And tweet me now and then, wouldya?"
739,26,24,177,227,1.3348017621145374,0.04471069401821196,554,We no longer serve lawyers without a picture I.D.
739,18,40,169,227,1.3348017621145374,0.04107514431376208,554,The new administration still has job openings.
739,19,38,170,227,1.3348017621145374,0.04154698924465653,554,Aren't you supposed to be in Washington?
739,16,44,167,227,1.3348017621145374,0.04011480787188109,554,This is supposed to be happy hour.
739,12,52,163,227,1.3348017621145374,0.038121627339359955,554,Sure I can call you a ride... for how many?
739,17,42,168,227,1.3348017621145374,0.04059781577249147,554,Your ID looks a little funny.
739,20,36,171,227,1.3348017621145374,0.042013535321308415,554,And Ringling Brothers also cancelled your tab.
739,17,42,168,227,1.3348017621145374,0.04059781577249147,554,Another long day on the Hill?
739,19,38,170,227,1.3348017621145374,0.04154698924465653,554,Nothing's funny any more.
755,14,47,164,225,1.3333333333333333,0.039339789623472156,554,"Grad school was a long time ago, Jim."
756,15,44,165,224,1.3303571428571428,0.03990739686929375,554,Don't be silly.
756,17,40,167,224,1.3303571428571428,0.04089837647978418,554,I hear they're hiring in Washington.
756,16,42,166,224,1.3303571428571428,0.04040592483513699,554,I called you a clown because you called me a jerk.
756,17,40,167,224,1.3303571428571428,0.04089837647978418,554,Don't be so glum. Refusing to perform at an inauguration is an honor unto itself.
756,19,36,169,224,1.3303571428571428,0.0418659058480885,554,Sorry. It's happy hour.
756,14,46,164,224,1.3303571428571428,0.03940256194695839,554,"Many sad tales at 'Happy Hour', but 'the circus is closing' is a first."
756,20,34,170,224,1.3303571428571428,0.04234138057952804,554,Why are you so sad? There's a clown in the White House.
756,19,36,169,224,1.3303571428571428,0.0418659058480885,554,"What can I get you, Mr. President?"
756,12,50,162,224,1.3303571428571428,0.038372972443961734,554,We've had clowns like you in here before.
756,15,44,165,224,1.3303571428571428,0.03990739686929375,554,Your Uber driver just called. He wanted to know if you’re willing to share a ride.
756,20,34,170,224,1.3303571428571428,0.04234138057952804,554,"Cheer up, pal. He promised to make clowns great again ,too."
756,17,40,167,224,1.3303571428571428,0.04089837647978418,554,Seltzer? Really??
756,16,42,166,224,1.3303571428571428,0.04040592483513699,554,Let me guess...you want a squirt of water.
756,20,34,170,224,1.3303571428571428,0.04234138057952804,554,"I feel for you, buddy, but the Big Top has folded and moved to the White House."
770,20,34,171,225,1.3288888888888888,0.04217833976911624,554,Drinks are double during Unhappy Hour.
771,20,33,169,222,1.3288288288288288,0.042590367611743896,554,"Hey, aren't you supposed to be running our country?"
771,23,27,172,222,1.3288288288288288,0.04400265507040208,554,You're right. You might be President right now if you had only run.
771,17,39,166,222,1.3288288288288288,0.04112961431088535,554,I don't care if you ARE the President.
771,14,45,163,222,1.3288288288288288,0.039615034184270065,554,Long day creeping people out?
771,18,37,167,222,1.3288288288288288,0.04162222867662524,554,Aren't you missing your own Inauguration?
771,14,45,163,222,1.3288288288288288,0.039615034184270065,554,And which cabinet position have you been nominated for?
771,12,49,161,222,1.3288288288288288,0.038572288499992925,554,Why the drawn face?
771,15,43,164,222,1.3288288288288288,0.040126246772754434,554,I can't believe you didn't get the cabinet post.
771,16,41,165,222,1.3288288288288288,0.04063102788159666,554,"I know it's you, Steve. Just pay your tab."
771,22,29,171,222,1.3288288288288288,0.04353698320506007,554,"When one door closes, another opens. Have you tried Washington DC?"
771,8,57,157,222,1.3288288288288288,0.03639728634854923,554,"You should have been in here earlier, it was a real circus."
771,19,35,168,222,1.3288288288288288,0.042109080572441664,554,"Sorry about the circus gig, but they're hiring in Washington, D.C."
771,21,31,170,222,1.3288288288288288,0.043066276365046736,554,"Feeling out of step with society today? Don't give up hope...Bozo himself used to sit on that very stool, and now he's President!"
771,15,43,164,222,1.3288288288288288,0.040126246772754434,554,Clown Royal on the rocks?
771,17,39,166,222,1.3288288288288288,0.04112961431088535,554,You're late. The inauguration was last week.
771,15,43,164,222,1.3288288288288288,0.040126246772754434,554,"Listen Bozo, I don't want any funny business here."
771,23,27,172,222,1.3288288288288288,0.04400265507040208,554,"Sorry about your job loss, but the circus just can't compete with today's politics."
771,22,29,171,222,1.3288288288288288,0.04353698320506007,554,The usual Mr President?
771,18,37,167,222,1.3288288288288288,0.04162222867662524,554,You just missed happy hour.
771,14,45,163,222,1.3288288288288288,0.039615034184270065,554,"Sorry, we don't serve just any clown who walks in here."
771,19,35,168,222,1.3288288288288288,0.042109080572441664,554,"Big shoes, bright shirt, no service."
771,16,41,165,222,1.3288288288288288,0.04063102788159666,554,"Yeah, they were all here. So, you just couldn't fit in the car, huh?"
771,20,33,169,222,1.3288288288288288,0.042590367611743896,554,"Hard day at work, Mr. President?"
771,20,33,169,222,1.3288288288288288,0.042590367611743896,554,"Tough first day in office, huh?"
771,24,25,173,222,1.3288288288288288,0.044463450157313275,554,"Don't bother, they're here."
771,15,43,164,222,1.3288288288288288,0.040126246772754434,554,I assume you brought your own seltzer?
771,18,37,167,222,1.3288288288288288,0.04162222867662524,554,Nuts?
798,18,36,167,221,1.3257918552036199,0.04169954490096186,554,"No priest, no rabbi, no service."
798,23,26,172,221,1.3257918552036199,0.044096810782779355,554,Where's Melania?
798,17,38,166,221,1.3257918552036199,0.041203357990512765,554,That's not really what happy hour is about
798,20,32,169,221,1.3257918552036199,0.04267461441481691,554,"Yes, Mr. President, right away."
798,16,40,165,221,1.3257918552036199,0.040701122520655,554,I'm also surprised no one else does unhappy hour.
798,18,36,167,221,1.3257918552036199,0.04169954490096186,554,You here for the Inauguration?
798,20,32,169,221,1.3257918552036199,0.04267461441481691,554,How have you been settling into the White House?
798,13,46,162,221,1.3257918552036199,0.039155783336340275,554,"I'll serve you seltzer, but this time I'm not leaving the bottle."
798,19,34,168,221,1.3257918552036199,0.04218989666022325,554,"I don't care how your confirmation hearing is going. No pants, no service."
798,20,32,169,221,1.3257918552036199,0.04267461441481691,554,What is it about happy hour you don't get?
798,12,48,161,221,1.3257918552036199,0.03862693404128058,554,How'd I know your name was Bozo? I took a guess.
798,20,32,169,221,1.3257918552036199,0.04267461441481691,554,A little seltzer in you pants?
798,15,42,164,221,1.3257918552036199,0.040192611748782726,554,"Seltzer's a dime a spritz, five bucks a pantsful."
798,17,38,166,221,1.3257918552036199,0.041203357990512765,554,I'm sorry about the circus closing. Have you thought about running for office?
798,16,40,165,221,1.3257918552036199,0.040701122520655,554,"'Make Ringling Great Again,' huh?"
798,12,48,161,221,1.3257918552036199,0.03862693404128058,554,I guess you didn't see it coming either.
798,14,44,163,221,1.3257918552036199,0.03967758440146533,554,The boss says I have to stop giving you free seltzer water.
815,17,37,165,219,1.3242009132420092,0.04143890288961889,554,Too bad about the circus closing. I hear they're hiring in Washington D.C.
815,12,47,160,219,1.3242009132420092,0.03882941534827362,554,You don't look anything like your ID.
815,19,33,167,219,1.3242009132420092,0.04243779380761766,554,"If it's any consolation, I think you would have made a great Secretary of Agriculture."
815,23,25,171,219,1.3242009132420092,0.04436816070543253,554,"""Isn't what rich?"
815,11,49,159,219,1.3242009132420092,0.03828618107107893,554,"Just so you know, we're out of cream pies."
815,14,43,162,219,1.3242009132420092,0.0398936983350924,554,"What'll it be, the usual seltzer to the face?"
815,17,37,165,219,1.3242009132420092,0.04143890288961889,554,Shouldn't you be getting ready for your inauguration?
815,12,47,160,219,1.3242009132420092,0.03882941534827362,554,"One white wine spritzer, no ice, no wine, no glass ... got it."
815,18,35,166,219,1.3242009132420092,0.041941322201101014,554,Let me guess...Seltzer?
815,18,35,166,219,1.3242009132420092,0.041941322201101014,554,For which cabinet department are you nominated?
815,19,33,167,219,1.3242009132420092,0.04243779380761766,554,"Happy Hour's over, no thanks to you."
815,19,33,167,219,1.3242009132420092,0.04243779380761766,554,"Sorry, I think your 14 friends drove off 15 min. ago in a yellow volkswagen."
815,12,47,160,219,1.3242009132420092,0.03882941534827362,554,"39 guys, red noses, big shoes? Same little yellow car? Sorry, they just left."
815,16,39,164,219,1.3242009132420092,0.04093031684966488,554,"Let me guess, you just discovered that not quite everyone loves a clown"
815,17,37,165,219,1.3242009132420092,0.04143890288961889,554,"The first drink is on me, the second on you."
815,20,31,168,219,1.3242009132420092,0.04292852406662936,554,Must be lonely with your friends back in Congress.
831,14,42,161,217,1.3225806451612903,0.04011295570895949,554,"Big shoes, no service."
831,15,40,162,217,1.3225806451612903,0.04064134118378788,554,You expect me to believe that you have seventeen designated drivers?
831,13,44,160,217,1.3225806451612903,0.03957751657444967,554,May I see proof of your date of mirth?
831,16,38,163,217,1.3225806451612903,0.041162944631369124,554,Tough day at the confirmation hearings?
831,20,30,167,217,1.3225806451612903,0.04318640527709604,554,One circus closes; another opens!
831,15,40,162,217,1.3225806451612903,0.04064134118378788,554,"All right you can come in, but no funny business."
831,14,42,161,217,1.3225806451612903,0.04011295570895949,554,It seems like you've been juggling a lot lately.
831,15,40,162,217,1.3225806451612903,0.04064134118378788,554,"You might as well come in. No joke ever began: ""A clown stood outside a bar."""
831,18,34,165,217,1.3225806451612903,0.042186808432747955,554,"No, we don't have anything that 'tastes funny'."
831,15,40,162,217,1.3225806451612903,0.04064134118378788,554,Do you want the pie in your face -- or a la mode?
831,16,38,163,217,1.3225806451612903,0.041162944631369124,554,Listen Harry. I serve beer - not fashion advice.
831,17,36,164,217,1.3225806451612903,0.041678020685167703,554,Seriously. He was sworn in this past week.
831,15,40,162,217,1.3225806451612903,0.04064134118378788,554,Now that the circus is closed you might consider running for president.
831,17,36,164,217,1.3225806451612903,0.041678020685167703,554,"OK look, there are some things you can't tell your bartender."
831,17,36,164,217,1.3225806451612903,0.041678020685167703,554,"Sorry, it's much funnier when a rabbi and a priest walk in here."
831,18,34,165,217,1.3225806451612903,0.042186808432747955,554,Medical or recreational?
831,12,46,159,217,1.3225806451612903,0.0390347335163535,554,It may impair your ability to drive a tiny car with ten others inside.
831,11,48,158,217,1.3225806451612903,0.038484295799515726,554,You're overdressed for Happy Hour.
831,20,30,167,217,1.3225806451612903,0.04318640527709604,554,Sorry. ‘Clown walks into a bar' won’t cut it anymore. Try 'clown walks into the White House.’
831,14,42,161,217,1.3225806451612903,0.04011295570895949,554,I thought the car was big enough too.
831,14,42,161,217,1.3225806451612903,0.04011295570895949,554,Clown Royal?
831,16,38,163,217,1.3225806451612903,0.041162944631369124,554,"You've had enough, pal. Let me call you a tiny, little Uber."
831,18,34,165,217,1.3225806451612903,0.042186808432747955,554,Are you in town for the inauguration?
831,15,40,162,217,1.3225806451612903,0.04064134118378788,554,How would I know when you've had enough.
831,18,34,165,217,1.3225806451612903,0.042186808432747955,554,Elections have consequences.
831,13,44,160,217,1.3225806451612903,0.03957751657444967,554,"A rabbi, a priest and minister just left, you should of been here."
831,20,30,167,217,1.3225806451612903,0.04318640527709604,554,"What can I get for you, Mr. President?"
831,14,42,161,217,1.3225806451612903,0.04011295570895949,554,You're not familiar with the part of the joke where the rabbi and the priest stick the clown with the bar tab?
831,13,44,160,217,1.3225806451612903,0.03957751657444967,554,"So what if it closed, you still have your dignity."
831,17,36,164,217,1.3225806451612903,0.041678020685167703,554,"""You want me to call you a teeny-tiny Uber?"
831,12,46,159,217,1.3225806451612903,0.0390347335163535,554,Moving to Washington?
831,12,46,159,217,1.3225806451612903,0.0390347335163535,554,I'm gonna have to start charging for the seltzer.
831,16,38,163,217,1.3225806451612903,0.041162944631369124,554,"The joke might be on me, but the beer's not."
831,15,40,162,217,1.3225806451612903,0.04064134118378788,554,There’s a corkage fee if you bring your own seltzer.
831,15,40,162,217,1.3225806451612903,0.04064134118378788,554,I'm sure you'll make clowning great again.
831,14,42,161,217,1.3225806451612903,0.04011295570895949,554,The pinot has a well-rounded nose.
867,13,44,161,218,1.3211009174311927,0.03942333008902652,554,"So a clown walks into a bar... wait, have you heard this one before?"
868,19,32,168,219,1.3196347031963471,0.04234980700561995,554,That VW really couldn't hold everyone
868,20,30,169,219,1.3196347031963471,0.042841545124966726,554,Welcome to DC. Are you here for the inauguration or the protest march?
868,14,42,163,219,1.3196347031963471,0.0398000876507419,554,How about a Happy Meal?
871,16,37,163,216,1.3194444444444444,0.04123375448987196,554,"Sorry buddy, Uber has rules about how many they will take in one car."
871,15,39,162,216,1.3194444444444444,0.04070818329519197,554,I take you're here for happy hour.
871,14,41,161,216,1.3194444444444444,0.04017573726839194,554,I think you're going to like working here. Between 4 p.m. and 7 p.m. the place is a circus.
871,14,41,161,216,1.3194444444444444,0.04017573726839194,554,"Hey, don't look so glum, the circus is in town for at least four years."
871,16,37,163,216,1.3194444444444444,0.04123375448987196,554,"Fine. You can have a drink. But no funny business, understand?"
871,15,39,162,216,1.3194444444444444,0.04070818329519197,554,Looks like you need a happy hour.
871,21,27,168,216,1.3194444444444444,0.043767043765960294,554,Barnum & Bailey's Irish Cream with a splash of bitters?
878,17,32,158,207,1.318840579710145,0.04303038394636305,554,"The Rabbi, Priest and Minister just left."
879,16,36,162,214,1.3177570093457944,0.04147063006422584,554,"I still need ID, it's a clown college town."
879,14,40,160,214,1.3177570093457944,0.040398752703096,554,"Don't fret, there must be a cabinet position in the new administration for your talent."
879,19,30,165,214,1.3177570093457944,0.0430284099736537,554,We don't serve colored folks.
879,11,46,157,214,1.3177570093457944,0.03873536256483161,554,"So that's one cream pie, a bucket of confetti, and a bottle of seltzer?"""
879,17,34,163,214,1.3177570093457944,0.04199631087253802,554,"So far, only one other clown that I know will be at the inauguration."
879,19,30,165,214,1.3177570093457944,0.0430284099736537,554,"Can't serve you, Fred. You're driving the clown car tonight."
879,15,38,161,214,1.3177570093457944,0.04093819962998971,554,The others are being sworn in Washington.
879,17,34,163,214,1.3177570093457944,0.04199631087253802,554,I hear the show is moving to D.C.
879,19,30,165,214,1.3177570093457944,0.0430284099736537,554,"No, this is 1598 Pennsylvania Avenue. You need to go two doors down."
879,15,38,161,214,1.3177570093457944,0.04093819962998971,554,You're early... During happy hour it's a circus in here.
879,12,44,158,214,1.3177570093457944,0.03929764982804876,554,You'd like a Happy Meal?
879,20,28,166,214,1.3177570093457944,0.04353528492889192,554,"Yes, I'm aware I don't look like the picture on my license. Now, please, a beer."
879,18,32,164,214,1.3177570093457944,0.042515492421961176,554,"You're funny-looking, you can get away with anything, and you don't know a damn thing about national security; I'd say you've got a pretty good shot in 2020!"
879,14,40,160,214,1.3177570093457944,0.040398752703096,554,"Ok, cab's on the way, but he has 11 other pick-ups to make."
879,14,40,160,214,1.3177570093457944,0.040398752703096,554,"Honk once for lager, twice for IPA"
879,16,36,162,214,1.3177570093457944,0.04147063006422584,554,Beat it. The little umbrellas are for paying customers.
895,13,42,160,215,1.3162790697674418,0.03969373713828054,554,"Bar policy: red nose, we cut you off."
895,16,36,163,215,1.3162790697674418,0.041303743188565355,554,"Sorry, did you ask for a Clown Royal?"
895,14,40,161,215,1.3162790697674418,0.04023756427930159,554,"Go home, you're piefaced."
895,15,38,162,215,1.3162790697674418,0.04077413874331306,554,"Buddy, if you're looking for a happy meal, you're in the wrong place."
895,19,30,166,215,1.3162790697674418,0.042853303662273294,554,Sam isn't here. He says you scare him.
895,15,38,162,215,1.3162790697674418,0.04077413874331306,554,"While Trump can't bring back your job, you have the perfect qualifications to be his advisor."
901,14,40,162,216,1.3148148148148149,0.040077603605746456,554,So all 12 of them are gone--and the VW?
901,14,40,162,216,1.3148148148148149,0.040077603605746456,554,I would have noticed if a priest and a unicorn walked in here.
901,18,32,166,216,1.3148148148148149,0.04217202389409002,554,Don't worry about losing your job. You have big shoes to fill.
904,16,35,162,213,1.3145539906103287,0.04154132514995814,554,I warned you those senators would be tough at your confirmation hearing.
904,11,45,157,213,1.3145539906103287,0.03878436775263411,554,Don't make me laugh!
904,15,37,161,213,1.3145539906103287,0.04100476548604989,554,Clown walks into a bar.
904,17,33,163,213,1.3145539906103287,0.04207104227212752,554,Shouldn't you be getting sworn in right now?
904,19,29,165,213,1.3145539906103287,0.04311095456099682,554,I wanted to be Secretary of Education but they said I'm overqualified.
904,19,29,165,213,1.3145539906103287,0.04311095456099682,554,You were the best entertainer at the Inauguration.
904,18,31,164,213,1.3145539906103287,0.04259417214257998,554,"I'll give you a shot, but you've got some big shoes to fill."
904,16,35,162,213,1.3145539906103287,0.04154132514995814,554,"No, the confirmation hearings are two blocks south."
904,15,37,161,213,1.3145539906103287,0.04100476548604989,554,"Sorry, but we don't take any funny business here."
913,16,34,161,211,1.3127962085308056,0.04178251560915051,554,You want seltzer on the side or right in the kisser?
913,15,36,160,211,1.3127962085308056,0.04123884179510104,554,You'll need to come back with a rabbi and a priest.
913,14,38,159,211,1.3127962085308056,0.0406879040326955,554,You went to grade school with him and now you are Secretary of the Treasury? Cool.
913,12,42,157,211,1.3127962085308056,0.03956301882463941,554,You want that seltzer water in a glass or sprayed in your face?
913,17,32,162,211,1.3127962085308056,0.04231920543507923,554,"Always good to see you, Mr. President."
913,17,32,162,211,1.3127962085308056,0.04231920543507923,554,The rabbi and the mathematician? They're already here. Last table to your left.
913,12,42,157,211,1.3127962085308056,0.03956301882463941,554,"Ok, what will it take to put a smile on your face?"
913,17,32,162,211,1.3127962085308056,0.04231920543507923,554,Rough 1st day Mr. President?
913,11,44,156,211,1.3127962085308056,0.03898840751417323,554,Where's the priest and rabbi?
913,13,40,158,211,1.3127962085308056,0.0401294031421638,554,Stop honking your horn-I will be right with you.
913,13,40,158,211,1.3127962085308056,0.0401294031421638,554,We can make the circus great again.
913,14,38,159,211,1.3127962085308056,0.0406879040326955,554,"That's right,$250. Your 15 friends just packed into an impossibly small car and drove off while you were in the bathroom."
913,15,36,160,211,1.3127962085308056,0.04123884179510104,554,I dispense the seltzer. Got that?
913,12,42,157,211,1.3127962085308056,0.03956301882463941,554,Irrational fears hour is from 5 to 7.
913,17,32,162,211,1.3127962085308056,0.04231920543507923,554,"I'd suggest Washington D.C., but they're over their quota of clowns right now."
913,10,46,155,211,1.3127962085308056,0.03840519994042091,554,That cop outside just ticketed your tricycle.
913,17,32,162,211,1.3127962085308056,0.04231920543507923,554,"Soooo, how's the presidency going?"
913,14,38,159,211,1.3127962085308056,0.0406879040326955,554,I had no idea Chief Twitter Strategist required Senate confirmation.
913,12,42,157,211,1.3127962085308056,0.03956301882463941,554,"Welcome to ""the greatest bar on earth""."
913,15,36,160,211,1.3127962085308056,0.04123884179510104,554,There’s a corkage fee if you bring your own seltzer bottle.
913,17,32,162,211,1.3127962085308056,0.04231920543507923,554,My confirmation hearing didn't go well.
913,12,42,157,211,1.3127962085308056,0.03956301882463941,554,Six cream pies to go. Anything else?
913,18,30,163,211,1.3127962085308056,0.042849173698963815,554,You drove here by yourself?
913,14,38,159,211,1.3127962085308056,0.0406879040326955,554,Can't you take a joke?
913,13,40,158,211,1.3127962085308056,0.0401294031421638,554,I'm glad I'm not in your shoes.
913,13,40,158,211,1.3127962085308056,0.0401294031421638,554,Funny you should stop by.
913,12,42,157,211,1.3127962085308056,0.03956301882463941,554,None of our beer tastes funny
913,17,32,162,211,1.3127962085308056,0.04231920543507923,554,"Your usual little song, little dance, and a little seltzer down your pants?"
913,16,34,161,211,1.3127962085308056,0.04178251560915051,554,I should be able to think of something witty to say by the time the priest and rabbi arrive.
913,19,28,164,211,1.3127962085308056,0.04337266679271066,554,"Sure, your confirmation hearings were tough. But hey -- now you're a member of the cabinet."
913,16,34,161,211,1.3127962085308056,0.04178251560915051,554,"sorry sir, happy hour is over"
913,12,42,157,211,1.3127962085308056,0.03956301882463941,554,"Hang in here, Happy Hour begins in 30 minutes."
913,19,28,164,211,1.3127962085308056,0.04337266679271066,554,It's extra if you want that to the face.
913,15,36,160,211,1.3127962085308056,0.04123884179510104,554,"Incumbent presidents are hard to defeat, but given your qualifications, I say go for it!"
913,17,32,162,211,1.3127962085308056,0.04231920543507923,554,This is no time for levity.
948,14,38,160,212,1.3113207547169812,0.0405223953115966,554,We've had too many complaints. No more cream pies to go for you.
949,20,25,165,210,1.3095238095238095,0.04397666907201167,554,One circus replaces another. Sad!
949,19,27,164,210,1.3095238095238095,0.04345548246249407,554,I thought you'd be at the inauguration.
949,15,35,160,210,1.3095238095238095,0.041305024991685174,554,1600 Pennsylvania Ave is just up the street. You can't miss it!
949,10,45,155,210,1.3095238095238095,0.03844818274584959,554,Have you considered politics?
949,12,41,157,210,1.3095238095238095,0.03961564955545273,554,"So, how'd you hear about our Not Happy Hour?"
949,10,45,155,210,1.3095238095238095,0.03844818274584959,554,Did that last drink taste funny to you?
949,15,35,160,210,1.3095238095238095,0.041305024991685174,554,Who needs a clown when Trump's in the White House.
956,15,34,159,208,1.3076923076923077,0.04154320960517859,554,I think that you have an EXCELLENT chance of winning the election.
956,11,42,155,208,1.3076923076923077,0.03924326350686424,554,We don't serve multicolored people.
956,15,34,159,208,1.3076923076923077,0.04154320960517859,554,"Sorry sir. No smile, no service."
956,10,44,154,208,1.3076923076923077,0.03864689634707459,554,My wife doesn't understand me either.
956,17,30,161,208,1.3076923076923077,0.042646694257762977,554,"I'm sorry, but we don't take funny money."
956,9,46,153,208,1.3076923076923077,0.038041181157449255,554,"Cheer up. You may be sad and drunk, but you're still a clown."
956,13,38,157,208,1.3076923076923077,0.04040960278800687,554,Seltzer water it is. Do you want the whole bottle?
956,12,40,156,208,1.3076923076923077,0.03983070253054593,554,Um. Sorry. This picture doesn't look anything like you. Got another form of ID?
956,18,28,162,208,1.3076923076923077,0.04318786478309351,554,How'd your inauguration go?
956,14,36,158,208,1.3076923076923077,0.040980326144287184,554,"If birthday parties don't work out, I heard they're hiring for the Cabinet."
956,16,32,160,208,1.3076923076923077,0.042098567644368354,554,No kidding.
956,17,30,161,208,1.3076923076923077,0.042646694257762977,554,Is it still Happy Hour?
956,13,38,157,208,1.3076923076923077,0.04040960278800687,554,"Too bad about the circus, but I hear Trump still has some openings."
956,22,20,166,208,1.3076923076923077,0.045287925522741586,554,Are you here for the inauguration or a Trump appointee?
956,15,34,159,208,1.3076923076923077,0.04154320960517859,554,I hear those confirmation hearings are rough
956,10,44,154,208,1.3076923076923077,0.03864689634707459,554,"This is a respectable joint, so don't try anything funny in here!"
956,13,38,157,208,1.3076923076923077,0.04040960278800687,554,"Sorry, the other 30 guys said you were the DD"
956,17,30,161,208,1.3076923076923077,0.042646694257762977,554,Don't worry... A brand new one just opened at 1600 Pennsylvania Ave.
956,16,32,160,208,1.3076923076923077,0.042098567644368354,554,"For eight people in a single car, I would recommend cups, not cones."
956,14,36,158,208,1.3076923076923077,0.040980326144287184,554,I saw you had a rough confirmation hearing.
956,23,18,167,208,1.3076923076923077,0.04579789658446165,554,"Charlie, I don't see why you find it necessary to act out these 'A clown walks into a bar' jokes."
956,14,36,158,208,1.3076923076923077,0.040980326144287184,554,Nice try but it's still not happy hour.
956,10,44,154,208,1.3076923076923077,0.03864689634707459,554,You going to clown around or order a drink?
956,12,40,156,208,1.3076923076923077,0.03983070253054593,554,Will that seltzer be to go or just sprayed in your face?
956,16,32,160,208,1.3076923076923077,0.042098567644368354,554,A job ? Don't make me laugh.
956,12,40,156,208,1.3076923076923077,0.03983070253054593,554,Come back at Happy Hour.
956,14,36,158,208,1.3076923076923077,0.040980326144287184,554,"Yes, we have seltzer."
956,18,28,162,208,1.3076923076923077,0.04318786478309351,554,"Bailey's I can do, but no more Barnum & Bailey's."
956,15,34,159,208,1.3076923076923077,0.04154320960517859,554,What's up? You look like the circus just died.
956,9,46,153,208,1.3076923076923077,0.038041181157449255,554,"So, you're happy on the INSIDE?"
956,17,30,161,208,1.3076923076923077,0.042646694257762977,554,No jobs here. Try the White House
956,11,42,155,208,1.3076923076923077,0.03924326350686424,554,"You're in the wrong joke...it's ""two cannibals are eating a clown, one says--this taste funny to you?"""
956,17,30,161,208,1.3076923076923077,0.042646694257762977,554,Why not run for president?
956,18,28,162,208,1.3076923076923077,0.04318786478309351,554,"Yeah, the Trump administration's poaching hit Ringling Brothers pretty hard."
956,18,28,162,208,1.3076923076923077,0.04318786478309351,554,"First, I'll need to see a photo ID."
956,11,42,155,208,1.3076923076923077,0.03924326350686424,554,We don't serve bozos.
956,21,22,165,208,1.3076923076923077,0.04477214608152857,554,"What can I get you, Mr. President?"
993,19,26,164,209,1.30622009569378,0.04353753522631882,554,"Laid off, eh? Well, you could always run for President."
993,14,36,159,209,1.30622009569378,0.04081033997423919,554,I'm sorry-we're out of seltzer.
993,15,34,160,209,1.30622009569378,0.041370164052937704,554,Sorry. We filled that position in November.
996,15,34,161,210,1.3047619047619048,0.04119850586231023,554,Not everyone could get a cabinet post.
997,18,27,162,207,1.3043478260869565,0.04326668656840444,554,The usual Mr President?
997,16,31,160,207,1.3043478260869565,0.04216873173380663,554,I have no son.
997,21,21,165,207,1.3043478260869565,0.044863264621121224,554,"Hello, Mr. President!"
997,10,43,154,207,1.3043478260869565,0.038688360579447585,554,Ever consider running for office?
997,17,29,161,207,1.3043478260869565,0.04272123653785257,554,I know you're the only one performing but the inauguration is still a pretty big deal.
997,13,37,157,207,1.3043478260869565,0.04046598065266122,554,"Clown shirt, clown shoes, no service."
997,8,47,152,207,1.3043478260869565,0.03745644155221576,554,"Now before you start, I don't want any funny business"
997,11,41,155,207,1.3043478260869565,0.03928983786694409,554,I suppose you're looking for a punchline.
997,16,31,160,207,1.3043478260869565,0.04216873173380663,554,Squirt me with that flower again and Sam is going to kick your ass!
997,13,37,157,207,1.3043478260869565,0.04046598065266122,554,No funny business
997,15,33,159,207,1.3043478260869565,0.04160889112620464,554,"If you can't find a way to juggle a career and family, what hope is there for the rest of us?"
997,16,31,160,207,1.3043478260869565,0.04216873173380663,554,We don't serve clowns here ... we just elect them to the highest office in the land.
997,14,35,158,207,1.3043478260869565,0.04104141451591248,554,"Sorry, no seltzer."
997,17,29,161,207,1.3043478260869565,0.04272123653785257,554,What makes you think you're qualified to run for office?
997,14,35,158,207,1.3043478260869565,0.04104141451591248,554,"I suspect you won't appreciate the irony but ""happy hour"" is over."
997,21,21,165,207,1.3043478260869565,0.044863264621121224,554,That was the Inauguration team. They want to send you in.
997,14,35,158,207,1.3043478260869565,0.04104141451591248,554,You could always try for a Cabinet position
997,15,33,159,207,1.3043478260869565,0.04160889112620464,554,One UNHAPPY MEAL coming up!
997,16,31,160,207,1.3043478260869565,0.04216873173380663,554,I think you're looking for the White House next door.
997,11,41,155,207,1.3043478260869565,0.03928983786694409,554,"Usual, Joe, with a bucket of confetti water on the side?"
997,14,35,158,207,1.3043478260869565,0.04104141451591248,554,"No funny business here, Buddy!"
997,12,39,156,207,1.3043478260869565,0.03988224510852107,554,You're not the only clown to come in here thinking you can drown your sorrows.
997,14,35,158,207,1.3043478260869565,0.04104141451591248,554,We only sell pie by the slice.
997,13,37,157,207,1.3043478260869565,0.04046598065266122,554,Sorry. You can't drink and drive 32 people in one car.
997,11,41,155,207,1.3043478260869565,0.03928983786694409,554,"I told you Bill, if you get clown-faced in my bar I gotta shut you off."
997,11,41,155,207,1.3043478260869565,0.03928983786694409,554,"Oh, yeah? Well, I'm a crying on the inside bartender. What'll you have?"
997,13,37,157,207,1.3043478260869565,0.04046598065266122,554,I can't serve you unless you have eleven designated drivers.
1024,14,34,157,205,1.302439024390244,0.04127591442495936,554,"Don't worry, Mr. Weiner. I won't blow your cover."
1024,16,30,159,205,1.302439024390244,0.04241873556484505,554,I see one of your associates made to the White House.
1024,20,22,163,205,1.302439024390244,0.04461664664144556,554,"Hey pal, why don't you just go home and take the Greatest Shower on Earth."
1024,11,40,154,205,1.302439024390244,0.03949973529861997,554,Happy Hour is just a euphemism.
1024,15,32,158,205,1.302439024390244,0.041851226018701164,554,We don't do Happy Hour.
1024,15,32,158,205,1.302439024390244,0.041851226018701164,554,"Well, you got my vote."
1024,11,40,154,205,1.302439024390244,0.03949973529861997,554,I thought that happy hour would draw a different type of crowd.
1024,14,34,157,205,1.302439024390244,0.04127591442495936,554,Just consider the breakup with the bearded lady a blessing in disguise.
1024,16,30,159,205,1.302439024390244,0.04241873556484505,554,Tough day working in the new Trump cabinet?
1024,8,46,151,205,1.302439024390244,0.03763983349731399,554,"I'm sorry, with a splash of seltzer where?"
1024,16,30,159,205,1.302439024390244,0.04241873556484505,554,You from Ringling Bros.? This one's on me.
1024,18,26,161,205,1.302439024390244,0.04353156489518764,554,"What'll it be, Mr. President?"
1024,15,32,158,205,1.302439024390244,0.041851226018701164,554,Sam I am
1024,14,34,157,205,1.302439024390244,0.04127591442495936,554,"Yeah, I miss the elephants too. What can I get you?"
1024,19,24,162,205,1.302439024390244,0.04407744491092666,554,"""Who sent you in?"
1024,16,30,159,205,1.302439024390244,0.04241873556484505,554,You the designated driver? Two dozen guys looking for you back there.
1024,13,36,156,205,1.302439024390244,0.040692469868081574,554,"Why the clown face, Mac?"
1024,9,44,152,205,1.302439024390244,0.03826984548384488,554,Didn't I see you at the Inauguration?
1024,13,36,156,205,1.302439024390244,0.040692469868081574,554,"No more seltzer, pal. I am cutting you off."
1024,13,36,156,205,1.302439024390244,0.040692469868081574,554,I'll validate if the rest of them get out of the car.
1024,10,42,153,205,1.302439024390244,0.03888965262134908,554,Don't care if you're a 'happy' drunk. You've had enough.
1024,18,26,161,205,1.302439024390244,0.04353156489518764,554,I hear you're the main act at Trump's inauguration.
1024,14,34,157,205,1.302439024390244,0.04127591442495936,554,"No Shtick, no service."
1024,19,24,162,205,1.302439024390244,0.04407744491092666,554,Sam suddenly realizes the country is being run by clowns.
1024,8,46,151,205,1.302439024390244,0.03763983349731399,554,Better give me your order fast. A little car just pulled up outside.
1024,17,28,160,205,1.302439024390244,0.04297875212907062,554,"Cheer up buddy,he won't buy up all the orange wigs."
1024,17,28,160,205,1.302439024390244,0.04297875212907062,554,"We want to keep Portland weird, not creepy."
1024,15,32,158,205,1.302439024390244,0.041851226018701164,554,I hear the new administration is looking for help.
1024,16,30,159,205,1.302439024390244,0.04241873556484505,554,"Sorry, the juggler had better bartending skills, and the fire eater got the job on the grill."
1024,8,46,151,205,1.302439024390244,0.03763983349731399,554,Want your eggs funny side up?
1024,12,38,155,205,1.302439024390244,0.04010053735690939,554,"All our seltzer bottles have gone missing. You wouldn't know anything about that, would you?"
1024,17,28,160,205,1.302439024390244,0.04297875212907062,554,"Sure you can get elected, it's been done before .."
1024,14,34,157,205,1.302439024390244,0.04127591442495936,554,Sorry. It's happy hour.
1024,12,38,155,205,1.302439024390244,0.04010053735690939,554,"Sorry, but some bozo just ran off with our last bottle of seltzer."
1024,21,20,164,205,1.302439024390244,0.045149409355820555,554,You look like you could use something serious.
1024,15,32,158,205,1.302439024390244,0.041851226018701164,554,"What'll it be, Mr. Secretary?"
1024,17,28,160,205,1.302439024390244,0.04297875212907062,554,"Nice try, Senator, but I think you've had enough."
1024,9,44,152,205,1.302439024390244,0.03826984548384488,554,"Sorry, we're all out of the rubber chicken"
1024,14,34,157,205,1.302439024390244,0.04127591442495936,554,"I'm not letting you drive, no matter how small that car is."
1063,12,37,154,203,1.3004926108374384,0.040321934836810104,554,I guess we're both therapists in our own way.
1063,11,39,153,203,1.3004926108374384,0.039712530500366404,554,Let me guess - the wife caught you foolin' around again?
1063,12,37,154,203,1.3004926108374384,0.040321934836810104,554,"C'mon cheer up, 146 years was a great run."
1063,15,31,157,203,1.3004926108374384,0.042097250263030773,554,So this is what Trump meant when he said he was bringing jobs back.
1063,16,29,158,203,1.3004926108374384,0.042672612176308966,554,Have you considered running for President.
1063,14,33,156,203,1.3004926108374384,0.04151391488967062,554,This is the wrong address. Your interview is at the circus in the Tower a few blocks up.
1063,13,35,155,203,1.3004926108374384,0.04092226507935977,554,"Sorry, we don't have unhappy hour here."
1063,15,31,157,203,1.3004926108374384,0.042097250263030773,554,"Tough luck, but I guess why go to the circus when you can watch CNN."
1063,17,27,159,203,1.3004926108374384,0.04324031891870249,554,"Say, weren't you in here yesterday with the Rabbi and the Priest."
1063,15,31,157,203,1.3004926108374384,0.042097250263030773,554,I'm funny how?
1063,11,39,153,203,1.3004926108374384,0.039712530500366404,554,"No, it's not automatically happy hour when you come in."
1063,13,35,155,203,1.3004926108374384,0.04092226507935977,554,Stop me if you've heard this one.
1063,12,37,154,203,1.3004926108374384,0.040321934836810104,554,You think all your friends will fit in one cab?
1063,16,29,158,203,1.3004926108374384,0.042672612176308966,554,You could always get a job with Cirque Du Trump.
1063,12,37,154,203,1.3004926108374384,0.040321934836810104,554,I take it that you're not looking for a serious position.
1063,12,37,154,203,1.3004926108374384,0.040321934836810104,554,Don't expect sympathy from me. I got two rescue elephants at home.
1063,10,41,152,203,1.3004926108374384,0.03909362772244479,554,It sounds like you've been juggling too much for too long.
1063,18,25,160,203,1.3004926108374384,0.043800668150526294,554,"So your boss gets inaugurated, and whammo, you're out of your tweeting job."
1063,12,37,154,203,1.3004926108374384,0.040321934836810104,554,"Actually, I have heard that one before."
1063,13,35,155,203,1.3004926108374384,0.04092226507935977,554,"We've served so many clowns, it's not even funny."
1063,16,29,158,203,1.3004926108374384,0.042672612176308966,554,"It must be an oversight; other than not being a billionaire, you were perfectly qualified to get a spot in the new Cabinet."
1063,15,31,157,203,1.3004926108374384,0.042097250263030773,554,You say Trump stole your act?
1063,11,39,153,203,1.3004926108374384,0.039712530500366404,554,You just missed our happy hour.
1063,15,31,157,203,1.3004926108374384,0.042097250263030773,554,This one's on me. I know those Senate confirmation hearings can be rough.
1063,14,33,156,203,1.3004926108374384,0.04151391488967062,554,Seltzer I assume?
1063,11,39,153,203,1.3004926108374384,0.039712530500366404,554,This better be a good one.
1063,7,47,149,203,1.3004926108374384,0.03717514865843605,554,She said that I'm no fun anymore.
1063,17,27,159,203,1.3004926108374384,0.04324031891870249,554,New job at the White House got you down?
1063,13,35,155,203,1.3004926108374384,0.04092226507935977,554,"One minute I'm in the 'Greatest Show on Earth,' and the next, I'm in the Cabinet 'Making America Great Again.'"
1063,14,33,156,203,1.3004926108374384,0.04151391488967062,554,"Sorry, all the other clowns left for Washington."
1063,15,31,157,203,1.3004926108374384,0.042097250263030773,554,Your senate confirmation hearing has be rescheduled for Tuesday.
1063,13,35,155,203,1.3004926108374384,0.04092226507935977,554,How now frown clown?
1063,10,41,152,203,1.3004926108374384,0.03909362772244479,554,We're out of Clown Royal.
1063,20,21,162,203,1.3004926108374384,0.04490039232473793,554,Mr. President.
1063,18,25,160,203,1.3004926108374384,0.043800668150526294,554,"The clown convention moved to Washington, D.C. this year."
1098,9,43,152,204,1.2990196078431373,0.038304083827480635,554,"So what you've been laid off, have you given any thought to Politics?"
1098,11,39,154,204,1.2990196078431373,0.039544825175295784,554,How about a Barnum and Baileys Irish Cream?
1098,11,39,154,204,1.2990196078431373,0.039544825175295784,554,"Hey, why the drawn face?"
1098,16,29,159,204,1.2990196078431373,0.0424884584193145,554,I see you are here for happy hour.
1098,14,33,157,204,1.2990196078431373,0.04133616743927493,554,"Sorry, no funny business allowed."
1098,14,33,157,204,1.2990196078431373,0.04133616743927493,554,Eighteen beers...my buddies are parking the car.
1104,14,33,158,205,1.2975609756097561,0.04115988714860866,554,"Sorry pal, I don't talk politics, religion, or the circus"
1104,12,37,156,205,1.2975609756097561,0.03998109921928758,554,"Sorry, no happy meals here. Try down the block."
1106,11,38,153,202,1.297029702970297,0.03975759570175234,554,Would you like me to call a clown car?
1106,12,36,154,202,1.297029702970297,0.040372330539529176,554,You want it in a squirting flower?
1106,12,36,154,202,1.297029702970297,0.040372330539529176,554,We're all out of seltzer water.
1106,13,34,155,202,1.297029702970297,0.040977844384520824,554,"Sorry, we only serve mimes."
1106,10,40,152,202,1.297029702970297,0.039133205322015106,554,"Yes, I do get a lot of clowns in here."
1106,18,24,160,202,1.297029702970297,0.043880257707162876,554,"Hey, Donald."
1106,14,32,156,202,1.297029702970297,0.041574540137096036,554,"So, which country are you President of?"
1106,14,32,156,202,1.297029702970297,0.041574540137096036,554,A little seltzer down your pants?
1106,14,32,156,202,1.297029702970297,0.041574540137096036,554,"Sorry, no ID, no drink - but I'd be happy to shoot some seltzer water in your face."
1106,10,40,152,202,1.297029702970297,0.039133205322015106,554,"Sorry, we're outta seltzer"
1106,19,22,161,202,1.297029702970297,0.0444379980833524,554,Your odds are pretty good for 2020 if 2016 proved anything.
1106,9,42,151,202,1.297029702970297,0.03849868960842676,554,"I know it's not as funny, but tonic water's all we got."
1106,11,38,153,202,1.297029702970297,0.03975759570175234,554,"Sorry, we have to let you go. Customers complained that everything you served tasted funny."
1106,10,40,152,202,1.297029702970297,0.039133205322015106,554,"I used to be a clown, now I just do standup."
1106,16,28,158,202,1.297029702970297,0.04274294914987755,554,Don't cry--I think a few Cabinet spots are still available.
1106,11,38,153,202,1.297029702970297,0.03975759570175234,554,Happy Hour starts in ten minutes. We don't have a Funny Hour.
1106,15,30,157,202,1.297029702970297,0.04216279218481639,554,What are you clowns drinking these days?
1106,9,42,151,202,1.297029702970297,0.03849868960842676,554,Welcome to Sam's. Where childhood dreams come to die.
1106,14,32,156,202,1.297029702970297,0.041574540137096036,554,"Sorry buddy, we only serve serious drinkers here."
1106,15,30,157,202,1.297029702970297,0.04216279218481639,554,"Well, you're probably right Sam, Ringling can't complete with the big clown in the White House."
1106,12,36,154,202,1.297029702970297,0.040372330539529176,554,You're ruining happy hour.
1106,11,38,153,202,1.297029702970297,0.03975759570175234,554,Maybe the car just wasn't big enough for one more......
1106,11,38,153,202,1.297029702970297,0.03975759570175234,554,I used to think life was a circus too
1106,11,38,153,202,1.297029702970297,0.03975759570175234,554,I thought you were on the wagon.
1106,12,36,154,202,1.297029702970297,0.040372330539529176,554,"Wait, let me guess! A little seltzer down your pants?"
1106,18,24,160,202,1.297029702970297,0.043880257707162876,554,Just come back from the inauguration?
1106,11,38,153,202,1.297029702970297,0.03975759570175234,554,The White House is next door.
1106,14,32,156,202,1.297029702970297,0.041574540137096036,554,"Sorry, we've already sent in a clown."
1106,13,34,155,202,1.297029702970297,0.040977844384520824,554,"So you've got thirteen designated drivers, huh?"
1106,13,34,155,202,1.297029702970297,0.040977844384520824,554,"Sorry, Bub. Happy Hour just ended. It's Schadenfreude Time."
1106,10,40,152,202,1.297029702970297,0.039133205322015106,554,"No oversized shoes, no rainbow hair, no service."
1106,8,44,150,202,1.297029702970297,0.03785353939008851,554,...Make it double. Today has been a circus!
1138,14,32,157,203,1.2955665024630543,0.041395100607377465,554,"Cabinet huh?, well as one door closes another open I guess..."
1138,11,38,154,203,1.2955665024630543,0.03958831018837023,554,Would you like the seltzer water in a glass or sprayed directly in your face?
1138,15,30,158,203,1.2955665024630543,0.04198008700010435,554,They already have one in the White House !
1138,14,32,157,203,1.2955665024630543,0.041395100607377465,554,ID?
1138,13,34,156,203,1.2955665024630543,0.040801727954260396,554,"Sorry, no happy meals here."
1138,17,26,160,203,1.2955665024630543,0.04312626119917175,554,"You walked into a bar, I get it but you still need the punch line."
1138,14,32,157,203,1.2955665024630543,0.041395100607377465,554,I hope you're a better tipper than the clown who came in yesterday.
1145,13,33,154,200,1.295,0.04121124645252622,554,"'Sam, I know it's you and your wife still says to call her immediately.'"
1145,16,27,157,200,1.295,0.043001402337773546,554,"Great disguise, Gov. Christie."
1145,9,41,150,200,1.295,0.038695759574470516,554,"Sorry, we're out of pie."
1145,15,29,156,200,1.295,0.04241307990153119,554,"Sorry, we don't entertain clowns here. You are looking for Uncle Sam's."
1145,11,37,152,200,1.295,0.039973295105708274,554,"I'm sorry Barnum and Bailey closed. On the positive side, I hear there are job openings in Washington DC."
1145,13,33,154,200,1.295,0.04121124645252622,554,"Hey, man, you look like you just lost your best elephant."
1145,17,25,158,200,1.295,0.043581783571768645,554,So I get it...he stole your act.
1145,14,31,155,200,1.295,0.04181648108643603,554,Won't this make you late for your inauguration?
1145,15,29,156,200,1.295,0.04241307990153119,554,Unhappy hour doesn't start till midnight.
1145,13,33,154,200,1.295,0.04121124645252622,554,Your usual seltzer?
1145,12,35,153,200,1.295,0.04059698976389072,554,"Sorry, we're all out of seltzer."
1145,12,35,153,200,1.295,0.04059698976389072,554,"I'm guessing this is your first ""Happy Hour"""
1145,11,37,152,200,1.295,0.039973295105708274,554,I juggle three jobs.
1145,7,45,148,200,1.295,0.03737458088704692,554,"Sorry, pal – I gotta cut off anyone with a red nose."
1145,14,31,155,200,1.295,0.04181648108643603,554,"Actually, we don't have a 'happy hour'."
1145,12,35,153,200,1.295,0.04059698976389072,554,The priest and the rabbi will be right in--they're looking for a parking space
1145,14,31,155,200,1.295,0.04181648108643603,554,"Sorry, Supreme Court justice candidates actually have to pass a different bar exam"
1145,12,35,153,200,1.295,0.04059698976389072,554,"No, no, no. I told my wife I deserved a ""CROWN"" for putting up with her..."
1145,8,43,149,200,1.295,0.03804090630839149,554,"I'm sorry, we're all out of Clown Royal."
1145,16,27,157,200,1.295,0.043001402337773546,554,"Yes, I 'm sad, tomorrow I'm having a clownoscopy."
1145,14,31,155,200,1.295,0.04181648108643603,554,I'm cutting you off. No more seltzer.
1145,13,33,154,200,1.295,0.04121124645252622,554,The Inauguration was last week.
1145,12,35,153,200,1.295,0.04059698976389072,554,"Don't worry, the whole country's a circus."
1145,9,41,150,200,1.295,0.038695759574470516,554,I know how you feel. I used to work for Blockbuster.
1145,11,37,152,200,1.295,0.039973295105708274,554,More seltzer?
1145,13,33,154,200,1.295,0.04121124645252622,554,It's our 'Unhappy Hour' - zero drinks for the price of one.
1145,17,25,158,200,1.295,0.043581783571768645,554,Would a Baileys be too soon?
1145,13,33,154,200,1.295,0.04121124645252622,554,"If we start serving pie, I've got your resume on file."
1145,13,33,154,200,1.295,0.04121124645252622,554,They all left in a sidecar
1145,10,39,151,200,1.295,0.039339713589789056,554,Hold the seltzer?
1145,17,25,158,200,1.295,0.043581783571768645,554,You must be a member of the incoming administration.
1145,10,39,151,200,1.295,0.039339713589789056,554,"Sorry, we're out of creme pies."
1145,11,37,152,200,1.295,0.039973295105708274,554,You're not alone.
1145,15,29,156,200,1.295,0.04241307990153119,554,Just liberal press bias. You'll do fine at your confirmation hearing.
1145,8,43,149,200,1.295,0.03804090630839149,554,Are you the clown who was in here last week?
1145,13,33,154,200,1.295,0.04121124645252622,554,I heard about the elephants but you too?
1145,15,29,156,200,1.295,0.04241307990153119,554,Sometimes the show must not go on
1145,10,39,151,200,1.295,0.039339713589789056,554,You drove alone?
1145,8,43,149,200,1.295,0.03804090630839149,554,Today's your lucky day. We actually DO serve clowns like you in here.
1145,14,31,155,200,1.295,0.04181648108643603,554,"Paris. Go to Paris. They love clowns, they love the circus and they don't give a damn about the elephants."
1145,9,41,150,200,1.295,0.038695759574470516,554,"Pretty sure I've heard this one before, but OK, go ahead"
1145,11,37,152,200,1.295,0.039973295105708274,554,Rough kids' party?
1145,12,35,153,200,1.295,0.04059698976389072,554,I didn't know you could break your funny bone.
1145,9,41,150,200,1.295,0.038695759574470516,554,Yuengling or Ringling?
1145,14,31,155,200,1.295,0.04181648108643603,554,"What are you, some kind of clown?"
1145,14,31,155,200,1.295,0.04181648108643603,554,I'm just saying... not sure Blotto is the best name for a clown.
1145,9,41,150,200,1.295,0.038695759574470516,554,What are you running for?
1145,9,41,150,200,1.295,0.038695759574470516,554,Where do you want the seltzer?
1145,16,27,157,200,1.295,0.043001402337773546,554,"So, Bozo, what's this I hear about you getting a place in Trump's cabinet?"
1145,16,27,157,200,1.295,0.043001402337773546,554,"Sorry, I've discontinued happy hour."
1145,15,29,156,200,1.295,0.04241307990153119,554,"No, I'm dead serious: We're out of seltzer."
1145,13,33,154,200,1.295,0.04121124645252622,554,"Stay creepy, my friend."
1145,12,35,153,200,1.295,0.04059698976389072,554,I'm sorry; we only serve clowns that make laughter great again.
1145,13,33,154,200,1.295,0.04121124645252622,554,Beer yes. Cream pie no.
1145,9,41,150,200,1.295,0.038695759574470516,554,Lemme guess. Another seltzer?
1145,12,35,153,200,1.295,0.04059698976389072,554,Gallon of seltzer water it is.
1145,9,41,150,200,1.295,0.038695759574470516,554,"35 years with Ringling Brothers, and all you got was a whoopee cushion, a rubber chicken, and a gold watch that squirts water?"
1145,11,37,152,200,1.295,0.039973295105708274,554,"No, I don't want a little song, a little dance, or a little seltzer in my pants."
1145,12,35,153,200,1.295,0.04059698976389072,554,"He just put you all out of work, right ?"
1145,14,31,155,200,1.295,0.04181648108643603,554,I'm assuming you don't mind that it tastes a little funny.
1145,16,27,157,200,1.295,0.043001402337773546,554,"""Who sent you in?"
1145,17,25,158,200,1.295,0.043581783571768645,554,I thought you'd be at the senate confirmation hearings being grilled with the other clowns.
1145,9,41,150,200,1.295,0.038695759574470516,554,Do you want that seltzer water shot in your face or do you want to drink it here?
1145,18,23,159,200,1.295,0.044154536749669224,554,You looking for the White House?
1145,8,43,149,200,1.295,0.03804090630839149,554,"Sorry, I promised my boss no funny business."
1145,15,29,156,200,1.295,0.04241307990153119,554,"Sorry, we don't serve sad clowns during happy hour."
1145,11,37,152,200,1.295,0.039973295105708274,554,Happy Hour just ended.
1212,10,39,152,201,1.2935323383084578,0.03917100919288498,554,"I know, I know... Everybody hates you. What are you drinking?"
1212,13,33,155,201,1.2935323383084578,0.041031959404010464,554,I'm out of seltzer too.
1212,11,37,153,201,1.2935323383084578,0.03980099502487562,554,Why so serious?
1212,12,35,154,201,1.2935323383084578,0.04042116337701413,554,"Want your seltzer water in a glass, or should I just squirt you down today?"
1212,14,31,156,201,1.2935323383084578,0.04163379560301291,554,Soda fountain in the face as usual?
1212,15,29,157,201,1.2935323383084578,0.04222705507248347,554,"Designated driver or not, you’re too late. They all left in a tiny little car a while ago."
1212,8,43,150,201,1.2935323383084578,0.03787961818216876,554,If they'd called themselves the Ringling Sisters this never would have happened.
1219,10,38,151,199,1.2914572864321607,0.03937725136616857,554,"OK, one draft. But no funny stuff."
1219,12,34,153,199,1.2914572864321607,0.04064585605706703,554,"I'll get your seltzer, but no funny business."
1219,13,32,154,199,1.2914572864321607,0.04126553597544211,554,What'll it be bozo?
1219,16,26,157,199,1.2914572864321607,0.04307111553612918,554,"So, you're with the Inauguration?"""
1219,14,30,155,199,1.2914572864321607,0.04187604690117252,554,How about a White House cabinet job?
1219,12,34,153,199,1.2914572864321607,0.04064585605706703,554,"Your inauguration is down at the Capitol, Sir"
1219,15,28,156,199,1.2914572864321607,0.042477784179473094,554,Inauguration jitters?
1219,13,32,154,199,1.2914572864321607,0.04126553597544211,554,How was the inauguration?
1219,14,30,155,199,1.2914572864321607,0.04187604690117252,554,Mr. President.
1219,13,32,154,199,1.2914572864321607,0.04126553597544211,554,How was the inauguration?
1219,16,26,157,199,1.2914572864321607,0.04307111553612918,554,"What can I get for you, Mr. President?"
1219,18,22,159,199,1.2914572864321607,0.044233908746390216,554,"Good evening, Mr. President. What would you like to drink?"
1231,11,35,151,197,1.2893401015228427,0.0402351210981322,554,Why the sad face paint?
1231,14,29,154,197,1.2893401015228427,0.0421219310557146,554,"I'm sorry, sir. All orders for over a hundred custard pies must be placed three days in advance."
1233,13,30,152,195,1.2871794871794873,0.04174300130586417,554,"Of all the gin joints, in all the towns, in all the world, you walk into mine."
1233,12,32,151,195,1.2871794871794873,0.04110486666948538,554,"I'm sorry, sir. It's not that kind of bar anymore."
1233,13,30,152,195,1.2871794871794873,0.04174300130586417,554,You want that beer served in a dribble glass or straight from the flower on my lapel
1233,12,32,151,195,1.2871794871794873,0.04110486666948538,554,"So, where are the rabbi and the priest?"
1233,10,36,149,195,1.2871794871794873,0.03979791295665836,554,I'm looking for somebody who can tell me whether or not something tastes funny.
1233,15,26,154,195,1.2871794871794873,0.04299086352042481,554,I don't know how to make a 'Banana-Peel Daiquiri'
1233,12,32,151,195,1.2871794871794873,0.04110486666948538,554,We are not hiring but I heard Trump still had some cabinet positions to fill.
1233,11,34,150,195,1.2871794871794873,0.04045666780409581,554,"So, just a seltzer, then?"
1233,19,18,158,195,1.2871794871794873,0.04538377157809411,554,"Sorry to hear about your gig at Ringling Bros., but I hear Trump still has some cabinet openings."
1233,9,38,148,195,1.2871794871794873,0.03912806897357123,554,No carpool today?
1233,15,26,154,195,1.2871794871794873,0.04299086352042481,554,Well I can see you don't enjoy doing the job as much as you liked campaigning for it.
1233,10,36,149,195,1.2871794871794873,0.03979791295665836,554,"The usual? Seltzer with a shot in the eye, right?"
1233,14,28,153,195,1.2871794871794873,0.042371526431397126,554,"So they inaugurated you, and you're still not happy?"
1233,9,38,148,195,1.2871794871794873,0.03912806897357123,554,"Yes, we have whipped cream. Why do you ask?"
1233,9,38,148,195,1.2871794871794873,0.03912806897357123,554,"Hey, why the wide face?"
1233,12,32,151,195,1.2871794871794873,0.04110486666948538,554,Sorry about your confirmation hearing.
1233,8,40,147,195,1.2871794871794873,0.038446556250142094,554,I don't want no funny business here.
1233,12,32,151,195,1.2871794871794873,0.04110486666948538,554,We're all out of mirth. How about some cheerful dread?
1233,14,28,153,195,1.2871794871794873,0.042371526431397126,554,"A door closes, a door opens. Try running for President."
1233,10,36,149,195,1.2871794871794873,0.03979791295665836,554,You're scarier sober.
1233,12,32,151,195,1.2871794871794873,0.04110486666948538,554,I understand that the circus is gone. We get our laughs from politics.
1254,14,28,154,196,1.2857142857142858,0.04218024665343526,554,I will order in a minute. Just waiting on the priest and the rabbi.
1254,14,28,154,196,1.2857142857142858,0.04218024665343526,554,Just the usual: vodka with a twist of balloon?
1254,15,26,155,196,1.2857142857142858,0.04279604925109129,554,In all the gin joints in all the towns in the world he walks into mine.
1254,9,38,149,196,1.2857142857142858,0.038955488560133096,554,How about something to turn that frown upside-down?
1258,13,30,154,197,1.284263959390863,0.04136927136577988,554,I don’t want no funny business in my place.
1259,13,29,152,194,1.2835051546391754,0.04179586466447683,554,"Nice try, Tommy, but you are still 17."
1259,12,31,151,194,1.2835051546391754,0.04115189367512256,554,cheer up Bozo...there are still a few cabinet positions available.
1259,14,27,153,194,1.2835051546391754,0.042430063080956336,554,"Sorry to hear the Greatest Show on Earth is shutting down, might check out the circus in Washington"
1259,17,21,156,194,1.2835051546391754,0.04427818992531138,554,I think it's a little early to campaign for 2020.
1259,13,29,152,194,1.2835051546391754,0.04179586466447683,554,Something to make you feel sadder?
1259,15,25,154,194,1.2835051546391754,0.04305492077633641,554,I would be happy to support your presidential campaign in 2020. There's no way you could lose.
1259,8,39,147,194,1.2835051546391754,0.03846835781571536,554,"Don't worry, I know they are big shoes to fill but you will do fine."
1259,11,33,150,194,1.2835051546391754,0.04049768392199635,554,You should have run. You'd do a better job than that other clown.
1259,12,31,151,194,1.2835051546391754,0.04115189367512256,554,Have you considered taking your act to Twitter?
1259,13,29,152,194,1.2835051546391754,0.04179586466447683,554,You'll have to leave your balloon animal outside.
1259,17,21,156,194,1.2835051546391754,0.04427818992531138,554,How was the inaugural parade?
1259,14,27,153,194,1.2835051546391754,0.042430063080956336,554,This job is not your calling. I suggest you run for political office.
1259,11,33,150,194,1.2835051546391754,0.04049768392199635,554,They're hiring at the White House.
1259,17,21,156,194,1.2835051546391754,0.04427818992531138,554,Happy Hour starts when you leave.
1259,16,23,155,194,1.2835051546391754,0.04367083870341026,554,Sorry - we stopped giving clown discounts when Trump was elected.
1259,15,25,154,194,1.2835051546391754,0.04305492077633641,554,What kind of clown comes to a bar and asks for ice on the rocks.
1259,9,37,148,194,1.2835051546391754,0.039156487368513786,554,Have you considered running for office?
1259,12,31,151,194,1.2835051546391754,0.04115189367512256,554,Forget the circus -- I hear the White House needs a court jester.
1259,8,39,147,194,1.2835051546391754,0.03846835781571536,554,Could be Sad Clown Disease.
1278,7,40,145,192,1.28125,0.03794906369632292,554,I can see by your nose you've had enough.
1278,14,26,152,192,1.28125,0.04268365129803957,554,I hear there are openings down at the Congress.
1278,8,38,146,192,1.28125,0.03866094873696949,554,You just missed our happy hour.
1278,12,30,150,192,1.28125,0.04138621805024733,554,You've had enough Bud - I'll call you a clown car
1278,7,40,145,192,1.28125,0.03794906369632292,554,I guess you're here for happy hour.
1278,10,34,148,192,1.28125,0.040046772664880256,554,Are you here for happy hour?
1278,10,34,148,192,1.28125,0.040046772664880256,554,Anybody ever told you that you look like a clown?
1278,10,34,148,192,1.28125,0.040046772664880256,554,Clown walks into a bar. Now that's funny.
1278,9,36,147,192,1.28125,0.039359960353862036,554,I'm out of seltzer.
1278,11,32,149,192,1.28125,0.040722002930695944,554,You missed Happy Hour
1278,11,32,149,192,1.28125,0.040722002930695944,554,"Sorry, we're out of seltzer water."
1278,7,40,145,192,1.28125,0.03794906369632292,554,Where's the duck and the priest?
1278,14,26,152,192,1.28125,0.04268365129803957,554,"Sorry, this is 1601 Pennsylvania Ave."
1278,7,40,145,192,1.28125,0.03794906369632292,554,I'm sorry. We're fresh out of cream pies.
1278,12,30,150,192,1.28125,0.04138621805024733,554,"Health Department won't allow a little song, a little dance, a little seltzer down your pants."
1278,11,32,149,192,1.28125,0.040722002930695944,554,I'll call you an Uber that seats 35.
1278,11,32,149,192,1.28125,0.040722002930695944,554,Oh it's happy hour. Just not for you.
1278,19,16,157,192,1.28125,0.045766600236500844,554,"Are you with the circus, rodeo, or SCOTUS nominees?"
1278,12,30,150,192,1.28125,0.04138621805024733,554,This is Sam's Pub. You're looking for Sam's birthday party.
1278,13,28,151,192,1.28125,0.042039940132184137,554,"Yeah, so how do you think the elephants are feelin' right now?"
1278,14,26,152,192,1.28125,0.04268365129803957,554,"So, anyone ever mistake you for the president?"
1278,10,34,148,192,1.28125,0.040046772664880256,554,"Sorry, we don't have a Happy Hour."
1278,11,32,149,192,1.28125,0.040722002930695944,554,"Nice try, but Happy Hour is over."
1278,8,38,146,192,1.28125,0.03866094873696949,554,"Sorry, but we don't really need a bar clown. Try D.C."
1278,14,26,152,192,1.28125,0.04268365129803957,554,You want anything with the seltzer?
1278,7,40,145,192,1.28125,0.03794906369632292,554,I assume you brought your own seltzer?
1278,9,36,147,192,1.28125,0.039359960353862036,554,Just some seltzer?
1278,15,24,153,192,1.28125,0.0433177978427764,554,"What'll you have, Mr. President?"
1278,10,34,148,192,1.28125,0.040046772664880256,554,It's not happy hour.
1278,10,34,148,192,1.28125,0.040046772664880256,554,"Sorry Chuckles, but we're fresh out of Clown Royal."
1278,6,42,144,192,1.28125,0.03722356664282139,554,We don't have a happy hour.
1278,14,26,152,192,1.28125,0.04268365129803957,554,"Since the election, we've decided we don't have to serve your kind here."
1278,12,30,150,192,1.28125,0.04138621805024733,554,"Don't worry, Bozo, I'm sure another cabinet post will open up soon."
1278,11,32,149,192,1.28125,0.040722002930695944,554,"Just the unusual today, Sam."
1278,8,38,146,192,1.28125,0.03866094873696949,554,"One giant spray bottle of seltzer, coming up."
1278,10,34,148,192,1.28125,0.040046772664880256,554,"You'll land on your feet Chuckles, there are plenty of opportunities to frighten children. Have you considered dental school?"
1278,11,32,149,192,1.28125,0.040722002930695944,554,"Don't tell me...seltzer and pie, right?"
1278,10,34,148,192,1.28125,0.040046772664880256,554,sorry but this is happy hour
1278,12,30,150,192,1.28125,0.04138621805024733,554,Something to wash down the tears?
1317,10,34,149,193,1.2797927461139897,0.0398653794782335,554,"Your wife called, she needs her hat back."
1317,17,20,156,193,1.2797927461139897,0.04435149427001625,554,"alright, but no funny business!"
1317,14,26,153,193,1.2797927461139897,0.04248691499200299,554,"...well it's mostly gin, creme de mint a little song, a little dance ,a little seltzer down your pants."
1317,11,32,150,193,1.2797927461139897,0.04053666053206766,554,Sorry--we're all out of pie.
1317,10,34,149,193,1.2797927461139897,0.0398653794782335,554,"Sorry, no big floppy shoes, no service."
1317,11,32,150,193,1.2797927461139897,0.04053666053206766,554,I get it. A clown walks into a bar. Now what's the rest of the joke?
1317,16,22,155,193,1.2797927461139897,0.043738800598950495,554,What'll you have Governor Christie?
1317,8,38,147,193,1.2797927461139897,0.03848770905947114,554,"Sorry, you just missed happy hour."
1317,10,34,149,193,1.2797927461139897,0.0398653794782335,554,Another cream pie?
1317,12,30,151,193,1.2797927461139897,0.04119700490618978,554,You're here to raise our spirits?
1317,10,34,149,193,1.2797927461139897,0.0398653794782335,554,"Now, there's no sense in being depressed about it. Just accept the fact that your job is to terrify small children."
1317,11,32,150,193,1.2797927461139897,0.04053666053206766,554,"Yeah, your friends just left. The Uber guy said he could only take fifteen in the Prius."
1317,10,34,149,193,1.2797927461139897,0.0398653794782335,554,Let me guess another club soda?
1317,12,30,151,193,1.2797927461139897,0.04119700490618978,554,"Sorry, I just hired the bearded lady."
1317,11,32,150,193,1.2797927461139897,0.04053666053206766,554,We need to re-think Happy Hour.
1317,6,42,145,193,1.2797927461139897,0.037058858810673494,554,"You just missed a traveling salesman, a horse and a rabbi."
1317,13,28,152,193,1.2797927461139897,0.04184693034607385,554,"Sorry, we don't have a Happy Hour."
1317,9,36,148,193,1.2797927461139897,0.039182599643145535,554,"I'm sorry, but we don't have a Happy Hour."
1335,11,31,149,191,1.2774869109947644,0.04076060864781394,554,Sorry pal we don't have happy hour .
1335,14,25,152,191,1.2774869109947644,0.04274063663910811,554,No contest. ‘The Greatest Show on Earth’ is at 1600 Pennsylvania Avenue.
1335,18,17,156,191,1.2774869109947644,0.04524608739199784,554,Congratulations on your selection as the new POTUS emoji.
1335,13,27,151,191,1.2774869109947644,0.04209097788510338,554,Nope..this is S'MAS...SAM'S is down the street
1335,13,27,151,191,1.2774869109947644,0.04209097788510338,554,They moved the clown party to the White House.
1335,16,21,154,191,1.2774869109947644,0.044011194283957895,554,You heard me. No. More. Seltzer.
1335,13,27,151,191,1.2774869109947644,0.04209097788510338,554,Circus ran away on you?
1335,9,35,147,191,1.2774869109947644,0.03938532741207348,554,Don't feel so bad. You're not the only Cabinet nominee not to be confirmed.
1335,9,35,147,191,1.2774869109947644,0.03938532741207348,554,You say it all started to unravel when they got rid of the elephants.
1335,8,37,146,191,1.2774869109947644,0.0386793538514311,554,I don't think there are any cabinet positions still available.
1335,12,29,150,191,1.2774869109947644,0.04143113344252427,554,No kidding.
1335,13,27,151,191,1.2774869109947644,0.04209097788510338,554,You'll be fine. We've elected clowns president before.
1335,13,27,151,191,1.2774869109947644,0.04209097788510338,554,Come on in. Everyone in here already has a big red nose.
1335,17,19,155,191,1.2774869109947644,0.04463291188453087,554,"I don't know who jacked your orange wig. You need a better description than 'chubby guy, tiny hands.'"
1335,12,29,150,191,1.2774869109947644,0.04143113344252427,554,Too bad about Ringling Brothers. Maybe you can catch on with the new administration.
1335,10,33,148,191,1.2774869109947644,0.040078867453412846,554,"Yeah, I'll miss the elephants too."
1335,11,31,149,191,1.2774869109947644,0.04076060864781394,554,Why the long face? No more room left in the Trump cabinet?
1335,12,29,150,191,1.2774869109947644,0.04143113344252427,554,"Well, have you considered working in politics?"
1335,9,35,147,191,1.2774869109947644,0.03938532741207348,554,Sure you are...so where's your Secret Service detail?
1335,11,31,149,191,1.2774869109947644,0.04076060864781394,554,Have you considered maybe running for office?
1335,10,33,148,191,1.2774869109947644,0.040078867453412846,554,You look like you could use a drink.
1335,14,25,152,191,1.2774869109947644,0.04274063663910811,554,Is this a joke?
1335,10,33,148,191,1.2774869109947644,0.040078867453412846,554,Have you thought about going into politics?
1335,13,27,151,191,1.2774869109947644,0.04209097788510338,554,Hey! Shouldn't you be in the Oval Office?
1335,18,17,156,191,1.2774869109947644,0.04524608739199784,554,"We've got nothing, but I hear they're hiring at Goldman Sachs."
1335,12,29,150,191,1.2774869109947644,0.04143113344252427,554,"I tried to get into the inauguration ceremony, but they told me they already had a clown."
1361,13,28,154,195,1.2769230769230768,0.0414660474528274,554,You'll have to come back after Happy Hour.
1362,14,24,151,189,1.2751322751322751,0.042998184923403925,554,"I once killed a clown, just to watch him die."
1362,15,22,152,189,1.2751322751322751,0.043647808616665784,554,"It's ironic. With one of your colleagues now in the White House, I guess the Greatest Show actually will live on."
1362,9,34,146,189,1.2751322751322751,0.03959049702969164,554,I thought I heard congress was back in town.
1362,10,32,147,189,1.2751322751322751,0.04029509579822173,554,You have some nerve showing your face around here.
1362,11,30,148,189,1.2751322751322751,0.0409875839214476,554,Circus experience should get you elected to Congress.
1362,12,28,149,189,1.2751322751322751,0.041668565202650706,554,"I hear ya, the confirmation process is a nightmare."
1362,14,24,151,189,1.2751322751322751,0.042998184923403925,554,Usually the Washington elite drink at Joe's.
1362,14,24,151,189,1.2751322751322751,0.042998184923403925,554,"Well, you can always run for president."
1362,11,30,148,189,1.2751322751322751,0.0409875839214476,554,"A little song, a little dance, a little seltzer down your pants?"
1362,12,28,149,189,1.2751322751322751,0.041668565202650706,554,"First shake is on us, Mr. President"
1362,10,32,147,189,1.2751322751322751,0.04029509579822173,554,We're all out of spritzer.
1362,14,24,151,189,1.2751322751322751,0.042998184923403925,554,When is this fucking acid going to wear off?
1374,9,34,147,190,1.2736842105263158,0.039408188493235005,554,"Sorry, I'm still going to need to see a photo ID...."
1374,10,32,148,190,1.2736842105263158,0.040108603975397075,554,Aren't you late for the inauguration?
1376,10,31,146,187,1.2727272727272727,0.04051410076417775,554,Happy hours not till 5:00 o'clock.
1376,9,33,145,187,1.2727272727272727,0.0397981325499368,554,I'm going to need some sort of ID.
1376,9,33,145,187,1.2727272727272727,0.0397981325499368,554,I'm sure you'll land back on your big red feet.
1376,10,31,146,187,1.2727272727272727,0.04051410076417775,554,"Well, I heard Donald Trump is hiring"
1376,14,23,150,187,1.2727272727272727,0.04325963922411267,554,This isn't a good humor bar.
1376,14,23,150,187,1.2727272727272727,0.04325963922411267,554,You'd better be a clown. We don't serve mimes.
1376,11,29,147,187,1.2727272727272727,0.041217634175162915,554,"Don't take it from me, but I heard there is still an opening at State."
1376,6,39,142,187,1.2727272727272727,0.03756844867251654,554,Why would I know your name? You're just some Bozo.
1376,16,19,152,187,1.2727272727272727,0.04456902958709789,554,"I know you're the president, but we don't serve clowns."
1376,13,25,149,187,1.2727272727272727,0.04258985066342423,554,No I don't want to buy a circus.
1376,12,27,148,187,1.2727272727272727,0.04190935901758899,554,Everybody loves a clown. Every clown loves a double bourbon and soda.
1376,8,35,144,187,1.2727272727272727,0.03906904590842639,554,"Cheer up, it will be over in 4 years"
1376,12,27,148,187,1.2727272727272727,0.04190935901758899,554,There's always one clown sitting around waiting for Happy Hour to start.
1376,11,29,147,187,1.2727272727272727,0.041217634175162915,554,So your agent booked you for the inauguration?
1376,10,31,146,187,1.2727272727272727,0.04051410076417775,554,"Yeah, Cirque du Soleil's killing us all."
1376,12,27,148,187,1.2727272727272727,0.04190935901758899,554,"Sorry, bud, happy hour just ended."
1376,10,31,146,187,1.2727272727272727,0.04051410076417775,554,"Yeah sure, you're the first clown who ever said, play it again, Sam."
1376,7,37,143,187,1.2727272727272727,0.038326092181790714,554,Cup of water or cup of shredded paper?
1376,10,31,146,187,1.2727272727272727,0.04051410076417775,554,"I'm not hiring, but Trump Tower is just down the street."
1376,8,35,144,187,1.2727272727272727,0.03906904590842639,554,"Sorry, it's not that kind of happy hour."
1376,12,27,148,187,1.2727272727272727,0.04190935901758899,554,I'd like you to leave. It's time for happy hour.
1376,10,31,146,187,1.2727272727272727,0.04051410076417775,554,We really miss the elephants too.
1376,15,21,151,187,1.2727272727272727,0.0439192143835474,554,Can I see your id?
1376,9,33,145,187,1.2727272727272727,0.0397981325499368,554,"I wasn't laughing at you, I was laughing with you."
1376,12,27,148,187,1.2727272727272727,0.04190935901758899,554,Who would have guessed the President would take your job?
1401,13,25,150,188,1.2712765957446808,0.04238753453415129,554,You guys should consider a few more designated drivers rather than all piling into one vehicle.
1401,14,23,151,188,1.2712765957446808,0.043053366620031515,554,"No, there are no free drinks for new cabinet members."
1401,7,37,144,188,1.2712765957446808,0.03814927683815272,554,Three bottles of seltzer is the limit.
1401,12,27,149,188,1.2712765957446808,0.041711075153355766,554,You’re too late for happy hour.”
1401,12,27,149,188,1.2712765957446808,0.041711075153355766,554,We don't serve gin and comic here.
1401,11,29,148,188,1.2712765957446808,0.041023462762350006,554,You're just in time for Unhappy Hour.
1401,10,31,147,188,1.2712765957446808,0.04032412681731548,554,"That's not what we mean by ""Happy Hour."""
1401,18,15,155,188,1.2712765957446808,0.045619618050338234,554,Don't look so sad...One of you is our new leader.
1401,14,23,151,188,1.2712765957446808,0.043053366620031515,554,"I'm sorry, but I need to see ID ...whether your wallet fits in your car or not."
1401,13,25,150,188,1.2712765957446808,0.04238753453415129,554,I thought you were all sent to the inauguration.
1401,9,33,146,188,1.2712765957446808,0.0396124464044316,554,"Sorry, pal, you look nothing like your ID."
1401,12,27,149,188,1.2712765957446808,0.041711075153355766,554,He's just lonely because there was no room for him in the Volkswagon.
1401,9,33,146,188,1.2712765957446808,0.0396124464044316,554,I suppose you want to talk about the elephant in the room!
1401,12,27,149,188,1.2712765957446808,0.041711075153355766,554,"On the plus side, after May you can become an advisor to the President."
1401,13,25,150,188,1.2712765957446808,0.04238753453415129,554,What? Not all the clowns can be president.
1401,6,39,143,188,1.2712765957446808,0.03739623015544535,554,"I will serve you a tonic water, but if I see anything coming out of that flower..."
1401,8,35,145,188,1.2712765957446808,0.038887743785272384,554,Did you want that seltzer with a lime or squirted in your face?
1401,8,35,145,188,1.2712765957446808,0.038887743785272384,554,The end of humor must be rough. But have you considered a career in politics?
1401,13,25,150,188,1.2712765957446808,0.04238753453415129,554,"Sorry, but my religious beliefs prohibit me from serving anyone who makes animals out of balloons."
1401,11,29,148,188,1.2712765957446808,0.041023462762350006,554,"Listen pal, for the last time I ain't servin' you beer in a dribble glass."
1401,16,19,153,188,1.2712765957446808,0.044355055677890824,554,You actually lost by 3 million votes.
1401,11,29,148,188,1.2712765957446808,0.041023462762350006,554,The elephants. I heard.
1401,11,29,148,188,1.2712765957446808,0.041023462762350006,554,"Well,Your Honor, if it was me, I wouldn't wear it for the swearing in ceremony, but I might wear it to the parties."
1401,13,25,150,188,1.2712765957446808,0.04238753453415129,554,"Sir, we have a dress code. Are you wearing shoes?"
1401,10,31,147,188,1.2712765957446808,0.04032412681731548,554,"You have to pay your seltzer tab, Harry."
1401,10,31,147,188,1.2712765957446808,0.04032412681731548,554,"So, you wanted to be a real estate developer but turned out to be a clown....interesting."
1401,12,27,149,188,1.2712765957446808,0.041711075153355766,554,"Me, scary? Check out the White House clown."
1401,12,27,149,188,1.2712765957446808,0.041711075153355766,554,"Of all the gin joints in all the towns in all the world, you had to walk into mine."
1401,12,27,149,188,1.2712765957446808,0.041711075153355766,554,Your wife left you? That's rough. At least you have your job at Ringling Bros. Circus.
1401,10,31,147,188,1.2712765957446808,0.04032412681731548,554,"You want to see a real circus, stick around for happy hour."
1401,13,25,150,188,1.2712765957446808,0.04238753453415129,554,I haven't seen that bozo in weeks
1401,9,33,146,188,1.2712765957446808,0.0396124464044316,554,"Day after day, you come in here just to laugh in your beer."
1433,10,31,148,189,1.2698412698412698,0.040135877245887505,554,"We got happy, sad or psycho."
1434,10,30,146,186,1.2688172043010753,0.040542363342175425,554,"I just don't see you as a bouncer, but thanks for your interest."
1434,11,28,147,186,1.2688172043010753,0.04125294976285659,554,"So, that was one whipped cream pie and a coffee, black?"
1434,12,26,148,186,1.2688172043010753,0.04195150179558021,554,So you're the inauguration entertainment?
1434,12,26,148,186,1.2688172043010753,0.04195150179558021,554,.UOY ta 'nikool s'ereH
1434,12,26,148,186,1.2688172043010753,0.04195150179558021,554,Cheer up Bozo. I hear Mr. Trump is still looking for people to join his circus.
1434,12,26,148,186,1.2688172043010753,0.04195150179558021,554,"No, you are not the first clown to say ""Play it again."""
1434,11,28,147,186,1.2688172043010753,0.04125294976285659,554,"Come back after 5, it's a 3-ring circus"
1434,15,20,151,186,1.2688172043010753,0.043980636866784564,554,"Sorry, we don't serve minorities."
1434,6,38,142,186,1.2688172043010753,0.03756584446405763,554,We get a lot of clowns in here.
1434,12,26,148,186,1.2688172043010753,0.04195150179558021,554,Squirting seltzer down your pants is a buck extra.
1434,10,30,146,186,1.2688172043010753,0.040542363342175425,554,"Well Sir, Hoover liked dressing in women's clothing."
1434,8,34,144,186,1.2688172043010753,0.039082450637509536,554,We don't serve bozos.
1434,9,32,145,186,1.2688172043010753,0.03981909826454097,554,"No stilts, no service."
1434,10,30,146,186,1.2688172043010753,0.040542363342175425,554,"It's your party, you can cry if you want to."
1448,11,29,150,190,1.268421052631579,0.040640419894558855,554,Your twenty-seven designated drivers are waiting for you.
1448,10,31,149,190,1.268421052631579,0.03994932961476522,554,Business is bad enough without clowns like you hanging around.
1450,11,27,146,184,1.266304347826087,0.041485500762038836,554,Rough day at the big top?
1450,15,19,150,184,1.266304347826087,0.04425644471088281,554,.srekoj evres t'nod eW
1450,8,33,143,184,1.266304347826087,0.039279220712094054,554,"She said thanks, but she's looking for more than a few laughs."
1450,9,31,144,184,1.266304347826087,0.04002816147404192,554,"Sorry, ten little umbrellas is the limit"
1450,9,31,144,184,1.266304347826087,0.04002816147404192,554,First Happy Hour?
1450,10,29,145,184,1.266304347826087,0.04076334434555817,554,"Don't bother, he's here."
1450,13,23,148,184,1.266304347826087,0.042893354216734736,554,Can I see some ID.
1450,12,25,147,184,1.266304347826087,0.04219529955717462,554,Remember my sixth birthday party? The balloon dog you made me died the next day.
1450,11,27,146,184,1.266304347826087,0.041485500762038836,554,Haven't you heard? Happy hour's been repealed.
1450,11,27,146,184,1.266304347826087,0.041485500762038836,554,What makes you think you'd be a good soda jerk?
1450,10,29,145,184,1.266304347826087,0.04076334434555817,554,"Yes, I am Sam but I don't serve green eggs and ham."
1450,15,19,150,184,1.266304347826087,0.04425644471088281,554,"Sorry, but we do not serve the current White House incumbent or anyone who looks like him!"
1450,8,33,143,184,1.266304347826087,0.039279220712094054,554,"Whiskey Sour, hold the whiskey?"
1450,8,33,143,184,1.266304347826087,0.039279220712094054,554,"Nope, I can't play it again."
1450,11,27,146,184,1.266304347826087,0.041485500762038836,554,"Sorry, no funny business."
1450,13,23,148,184,1.266304347826087,0.042893354216734736,554,Having the unusual?
1450,15,19,150,184,1.266304347826087,0.04425644471088281,554,"No priest, no rabbi, no service."
1450,16,17,151,184,1.266304347826087,0.04492248245244247,554,"I hate ta ask ya this, but can ya show me yer hands?"
1450,9,31,144,184,1.266304347826087,0.04002816147404192,554,I hear ya buddy...I used to be a mime.
1450,11,27,146,184,1.266304347826087,0.041485500762038836,554,"One ""Barnum & Bailey"" on the rocks, comin up."
1450,15,19,150,184,1.266304347826087,0.04425644471088281,554,What'd mean Trump wouldn't hire ya? Your perfect!
1450,12,25,147,184,1.266304347826087,0.04219529955717462,554,"Yes, I do believe you are a banker but balloon payments are not accepted here."
1450,15,19,150,184,1.266304347826087,0.04425644471088281,554,"God, another Trump voter?"
1450,13,23,148,184,1.266304347826087,0.042893354216734736,554,? k n i r D
1450,9,31,144,184,1.266304347826087,0.04002816147404192,554,"If they let you keep your little car, I hear Uber's hiring."
1450,13,23,148,184,1.266304347826087,0.042893354216734736,554,Don't look so glum. There's a new circus starting down in DC. You could be Secretary of State!
1450,14,21,149,184,1.266304347826087,0.04358022908619058,554,"No, Man. I feel compassion. You did everything in your power to not get elected."
1450,16,17,151,184,1.266304347826087,0.04492248245244247,554,"Let me guess, you brought your own seltzer."
1450,11,27,146,184,1.266304347826087,0.041485500762038836,554,"Did you say "" hit me "" ?"
1450,8,33,143,184,1.266304347826087,0.039279220712094054,554,"No, we don't need a political consultant."
1450,10,29,145,184,1.266304347826087,0.04076334434555817,554,What can I get you? You seem down at the mouth.
1450,12,25,147,184,1.266304347826087,0.04219529955717462,554,"'Ringling brothers closed and I didn't get a cabinet appointment."""
1450,11,27,146,184,1.266304347826087,0.041485500762038836,554,I can imagine it sucks being the 11th one in a 10 person VW.
1450,12,25,147,184,1.266304347826087,0.04219529955717462,554,I was never sent in either. Look at me now.
1450,13,23,148,184,1.266304347826087,0.042893354216734736,554,"I'm sure it has been a rough first week. What'll you have, Mr. President?"
1450,8,33,143,184,1.266304347826087,0.039279220712094054,554,How long have you been in politics?
1450,9,31,144,184,1.266304347826087,0.04002816147404192,554,Yuengling or Ringling?
1450,12,25,147,184,1.266304347826087,0.04219529955717462,554,I couldn't pass the bar...
1450,11,27,146,184,1.266304347826087,0.041485500762038836,554,So are you a real clown or just a guy in a clown outfit?
1450,8,33,143,184,1.266304347826087,0.039279220712094054,554,Laid off? At least they gave the elephants notice.
1450,13,23,148,184,1.266304347826087,0.042893354216734736,554,"Will it be the usual, Donald?"
1450,11,27,146,184,1.266304347826087,0.041485500762038836,554,Let me get this straight...you returned from the bathroom only find that your 19 friends already left in their car and stuck you with the bill. Looks like the jokes on you.
1450,10,29,145,184,1.266304347826087,0.04076334434555817,554,Nothing sadder than the beers of a clown...and there's no one around.
1450,10,29,145,184,1.266304347826087,0.04076334434555817,554,Did your inauguration act go well?
1450,11,27,146,184,1.266304347826087,0.041485500762038836,554,"Don't just sit there, make me laugh."
1495,14,21,150,185,1.2648648648648648,0.04336791663602988,554,"Sorry...but they are taking applications up at The Tower!"""
1495,7,35,143,185,1.2648648648648648,0.038333997277693106,554,"No, I don't think it tastes funny."
1495,16,17,152,185,1.2648648648648648,0.04470218122766074,554,"Then you should wear a disguise, Mr. Trump."
1495,7,35,143,185,1.2648648648648648,0.038333997277693106,554,"I'm not sure that counts as ""profiling."""
1499,4,40,139,183,1.2622950819672132,0.0361021306894243,554,Funny you should say that.
1499,8,32,143,183,1.2622950819672132,0.03928817636165757,554,I'll get an Uber for you and 20 of your friends.
1499,16,16,151,183,1.2622950819672132,0.04498838433242055,554,"No need to show ID, Mr. Trump."
1499,6,36,141,183,1.2622950819672132,0.03772879962403376,554,Let me guess.....Nobody Laughed?
1499,13,22,148,183,1.2622950819672132,0.04293957386502869,554,"Now that the circus has moved to DC, which cabinet post are you up for?"
1499,10,28,145,183,1.2622950819672132,0.0407879796334524,554,Are you one of the Deplorables?
1499,10,28,145,183,1.2622950819672132,0.0407879796334524,554,It's not funny any more.
1499,16,16,151,183,1.2622950819672132,0.04498838433242055,554,"What's your pleasure, Mr. President?"
1499,10,28,145,183,1.2622950819672132,0.0407879796334524,554,"Hey Buddy, why the wide face?"
1499,6,36,141,183,1.2622950819672132,0.03772879962403376,554,"Sure, a guy can drink a cosmopolitan without looking silly."
1499,12,24,147,183,1.2622950819672132,0.042234556506883625,554,"Sorry, no discounts for Trump's staff."
1499,8,32,143,183,1.2622950819672132,0.03928817636165757,554,Another seltzer?
1499,8,32,143,183,1.2622950819672132,0.03928817636165757,554,"Give me your keys, and the keys of the other ten guys in your car."
1499,13,22,148,183,1.2622950819672132,0.04293957386502869,554,"Sorry, I'm all out of laughs."
1499,13,22,148,183,1.2622950819672132,0.04293957386502869,554,"Oh, don't worry, Mr. President. Your secret's safe with me."
1499,12,24,147,183,1.2622950819672132,0.042234556506883625,554,Got a photo ID?
1499,9,30,144,183,1.2622950819672132,0.040045100102282405,554,My boss says I can't serve anyone with a red nose.
1499,12,24,147,183,1.2622950819672132,0.042234556506883625,554,"I am more sorry than you could possibly know about Ringling Brothers, but the beer is still $3!"
1499,7,34,142,183,1.2622950819672132,0.03851638043024811,554,"If it starts with a Rabbi, a Priest, or a Lawyer then I've already heard it."
1499,11,26,146,183,1.2622950819672132,0.04151756884688742,554,Hey Bud! Why look so glum? I bet you have a great future with the new administration!!!
1499,9,30,144,183,1.2622950819672132,0.040045100102282405,554,You've had enough; you're starting to look a little goofy.
1499,9,30,144,183,1.2622950819672132,0.040045100102282405,554,"Usually, it's a three ring circus in here."
1499,11,26,146,183,1.2622950819672132,0.04151756884688742,554,The White House is two blocks down. What position did you say he appointed you too?
1499,10,28,145,183,1.2622950819672132,0.0407879796334524,554,Happy hour doesn't start until 4 PM.
1499,10,28,145,183,1.2622950819672132,0.0407879796334524,554,"Straight, on the rocks, or to the face from a bucket that may or may not contain confetti?"
1499,10,28,145,183,1.2622950819672132,0.0407879796334524,554,"For just once, could you put on a happy face?"
1499,10,28,145,183,1.2622950819672132,0.0407879796334524,554,"Look, I've told you a hundred times! We don't serve clowns like you!"
1499,13,22,148,183,1.2622950819672132,0.04293957386502869,554,Apropos disguise Mr. President.
1499,8,32,143,183,1.2622950819672132,0.03928817636165757,554,They're saying the circus elephants have moved into the West Wing.
1499,9,30,144,183,1.2622950819672132,0.040045100102282405,554,"They still recognize you, Norm."
1499,10,28,145,183,1.2622950819672132,0.0407879796334524,554,"Oh I'm sorry, I thought they were only retiring the animals."
1499,11,26,146,183,1.2622950819672132,0.04151756884688742,554,We have a strict policy against serving Bozos.
1499,6,36,141,183,1.2622950819672132,0.03772879962403376,554,Huh. This place is usually packed after your car pulls up.
1499,8,32,143,183,1.2622950819672132,0.03928817636165757,554,Boston Cream.... sure. Would you like that in your face?
1499,11,26,146,183,1.2622950819672132,0.04151756884688742,554,Ever consider working in the White House?
1499,9,30,144,183,1.2622950819672132,0.040045100102282405,554,Seltzer water? Why do you ask?
1499,11,26,146,183,1.2622950819672132,0.04151756884688742,554,"No, I'm not surprised. The last clown I had in here was up for a cabinet position as well."
1499,13,22,148,183,1.2622950819672132,0.04293957386502869,554,"So, only one of you in that Uber ?"
1499,12,24,147,183,1.2622950819672132,0.042234556506883625,554,"You just missed him. He's in Washington, D.C. now."
1499,11,26,146,183,1.2622950819672132,0.04151756884688742,554,No funny business please
1499,9,30,144,183,1.2622950819672132,0.040045100102282405,554,Seriously..... I thought you were a shoo-in for the cabinet job!
1499,11,26,146,183,1.2622950819672132,0.04151756884688742,554,"It took toll on all of us, I had a mullet before the election."
1499,11,26,146,183,1.2622950819672132,0.04151756884688742,554,We don't serve your type. Try the White House.
1499,12,24,147,183,1.2622950819672132,0.042234556506883625,554,The Donald Trump rally is 6 blocks South of here.
1499,13,22,148,183,1.2622950819672132,0.04293957386502869,554,"What'll you have, Mr. Trump?"
1499,8,32,143,183,1.2622950819672132,0.03928817636165757,554,"Sorry, it's only a circus in here on weekends."
1499,9,30,144,183,1.2622950819672132,0.040045100102282405,554,The hard part about being a bartender is figuring out who is drunk and who is just stupid
1499,10,28,145,183,1.2622950819672132,0.0407879796334524,554,#Sad!
1499,15,18,150,183,1.2622950819672132,0.044315973242889224,554,You're outta luck buddy. We don't do pro Bozo work here.
1548,5,35,132,172,1.2616279069767442,0.03833663449946048,554,What do you want with that banana peel?
1549,9,30,145,184,1.2608695652173914,0.039852372529987024,554,"I'll get you the drink, but I'm going to have to hold the seltzer."
1550,12,23,146,181,1.2596685082872927,0.042481202324872645,554,"Sorry, we don't accept Master Clown."
1550,13,21,147,181,1.2596685082872927,0.043197684025556266,554,I'm sorry we can't acommadate a party of twenty. But you can park your car and send them in ten at a time.
1550,10,27,144,181,1.2596685082872927,0.04101070399976935,554,"...and then they all left, and got into a car. A real little car."
1550,12,23,146,181,1.2596685082872927,0.042481202324872645,554,"You look like Sparky, but I need to see some ID, sir."
1550,12,23,146,181,1.2596685082872927,0.042481202324872645,554,"I need a jerk, not a clown."
1550,7,33,141,181,1.2596685082872927,0.038700333072747534,554,"Sorry, ten minutes until Crying On The Inside Hour."
1550,6,35,140,181,1.2596685082872927,0.037898923807102525,554,I'm afraid I have to tell you the Ringling Brothers tab has been closed...
1550,9,29,143,181,1.2596685082872927,0.04025531627439616,554,Have you tried Yuengling Brothers?
1550,10,27,144,181,1.2596685082872927,0.04101070399976935,554,"Don't worry, if the inauguration committee calls, I'll tell them you're not here."
1550,9,29,143,181,1.2596685082872927,0.04025531627439616,554,"I'm sorry,. happy hour is over..."
1550,7,33,141,181,1.2596685082872927,0.038700333072747534,554,Can I get a Clown Royal on the rocks?
1550,9,29,143,181,1.2596685082872927,0.04025531627439616,554,"The Rabbi and the Priest are running late, so the joke is delayed."
1550,9,29,143,181,1.2596685082872927,0.04025531627439616,554,"For the last time, we're out of seltzer."
1550,9,29,143,181,1.2596685082872927,0.04025531627439616,554,Last call for seltzer.
1550,13,21,147,181,1.2596685082872927,0.043197684025556266,554,"Beat it, clown, and don't come back without a priest and a rabbi. Nothing frustrates the customers more than an incomplete premise."
1550,13,21,147,181,1.2596685082872927,0.043197684025556266,554,Stop clowning around. It isn't very Presidential.
1550,8,31,142,181,1.2596685082872927,0.03948548004199304,554,You want a beer that tastes funny?
1550,8,31,142,181,1.2596685082872927,0.03948548004199304,554,Uh...this is happy hour.
1550,7,33,141,181,1.2596685082872927,0.038700333072747534,554,"Sam, play Send In The Clowns again"
1550,15,17,149,181,1.2596685082872927,0.044596127786859105,554,"What can I serve you, Mr President?"
1550,10,27,144,181,1.2596685082872927,0.04101070399976935,554,"I'm all out of seltzer, too."
1550,10,27,144,181,1.2596685082872927,0.04101070399976935,554,"Of all the gin joints and all the clowns in all the world, he walks into mine."
1550,10,27,144,181,1.2596685082872927,0.04101070399976935,554,Reality is the new funny.
1550,12,23,146,181,1.2596685082872927,0.042481202324872645,554,The alternative fact is that the circus has still closed.
1550,10,27,144,181,1.2596685082872927,0.04101070399976935,554,How about a stiff one? Your job just got a lot harder.
1550,10,27,144,181,1.2596685082872927,0.04101070399976935,554,You just missed your friends. They all jumped into a Mini Cooper and left not ten minutes ago.
1550,9,29,143,181,1.2596685082872927,0.04025531627439616,554,"A philosophy major? Sure, I have an opening for you."
1550,13,21,147,181,1.2596685082872927,0.043197684025556266,554,I'll need to see some proof of age.
1550,11,25,145,181,1.2596685082872927,0.04175242743556034,554,"That shirt, those shoes -- no service."
1550,11,25,145,181,1.2596685082872927,0.04175242743556034,554,"Oh, sorry sir, I don't know what made me think you were a clown."
1550,12,23,146,181,1.2596685082872927,0.042481202324872645,554,"Aw, whatsa matter, your guy hasn't made America great yet?"
1550,11,25,145,181,1.2596685082872927,0.04175242743556034,554,Some clown painted my name backwards.
1550,8,31,142,181,1.2596685082872927,0.03948548004199304,554,Seltzer refills? I'm not falling for that one again.
1550,6,35,140,181,1.2596685082872927,0.037898923807102525,554,"Yeah, I'm a jerk, you're a clown--yadda, yadda...."
1550,11,25,145,181,1.2596685082872927,0.04175242743556034,554,"Sorry, Happy Hour ended at 6:00."
1550,12,23,146,181,1.2596685082872927,0.042481202324872645,554,"Once Barnum and Bailey's closes, you can cash on your degree from Trump University."
1550,7,33,141,181,1.2596685082872927,0.038700333072747534,554,She just left. She said the guy she was dating was a real clown and she couldn't take it anymore.
1550,11,25,145,181,1.2596685082872927,0.04175242743556034,554,Your drinking buddies are all cabinet members now
1550,9,29,143,181,1.2596685082872927,0.04025531627439616,554,I guess you didn't see the sign that says: HAPPY HOUR?
1550,9,29,143,181,1.2596685082872927,0.04025531627439616,554,"Silly shirt, giant shoes, no service."
1550,8,31,142,181,1.2596685082872927,0.03948548004199304,554,"Sorry, super-happy hour is over."
1550,11,25,145,181,1.2596685082872927,0.04175242743556034,554,"First they got rid of the elephants, now the clowns."
1550,11,25,145,181,1.2596685082872927,0.04175242743556034,554,"Sorry, we're all out of dignity."
1593,8,30,141,179,1.2569832402234637,0.03968473578911617,554,"I don't care if you know Judy Collins, you can't come in."
1593,10,26,143,179,1.2569832402234637,0.04123614496928282,554,Ever feel like your life is just a joke?
1593,10,26,143,179,1.2569832402234637,0.04123614496928282,554,"No, I think you're right—you can't compete with him."
1593,10,26,143,179,1.2569832402234637,0.04123614496928282,554,The usual - a shot of whiskey with a cream pie chaser?
1593,15,16,148,179,1.2569832402234637,0.0448806544640014,554,Did you expect the president to save the circus?
1593,10,26,143,179,1.2569832402234637,0.04123614496928282,554,We don't have a happy hour.
1593,13,20,146,179,1.2569832402234637,0.043459541505190054,554,"I know you're in over your head, Mr. Trump. But they're going to find you eventually."
1593,7,32,140,179,1.2569832402234637,0.03888582718695954,554,Yes this would be a dress code violation.
1593,11,24,144,179,1.2569832402234637,0.0419903602100004,554,"There's a very, very huge opportunity in the political circus."
1593,8,30,141,179,1.2569832402234637,0.03968473578911617,554,You've got something on your nose.
1593,9,28,142,179,1.2569832402234637,0.04046787557174003,554,Hard week on Twitter?
1593,7,32,140,179,1.2569832402234637,0.03888582718695954,554,And what about the 17 still in the car?
1593,9,28,142,179,1.2569832402234637,0.04046787557174003,554,You're scaring my customers.
1593,8,30,141,179,1.2569832402234637,0.03968473578911617,554,There's always birthday parties.
1593,11,24,144,179,1.2569832402234637,0.0419903602100004,554,"I'm sorry sir, we do not stock Clown Royal."
1593,11,24,144,179,1.2569832402234637,0.0419903602100004,554,I had to call the cops on some bozo just last week.
1593,5,36,138,179,1.2569832402234637,0.037236623890174715,554,So a clown walks into a bar...
1593,12,22,145,179,1.2569832402234637,0.04273126547626996,554,"I know you wanted to be secretary of housing and urban development. Sadly, Mr. Trump was able to find a less qualified candidate."
1593,10,26,143,179,1.2569832402234637,0.04123614496928282,554,Barnum on the rocks?
1593,8,30,141,179,1.2569832402234637,0.03968473578911617,554,You want whipped cream with that?
1593,5,36,138,179,1.2569832402234637,0.037236623890174715,554,"Yes, somedays I do feel a little creepy. How about you?"
1593,6,34,139,179,1.2569832402234637,0.038070157044280836,554,"No, we do not carry the brand 'Clown Royal'."
1593,9,28,142,179,1.2569832402234637,0.04046787557174003,554,"No, they walked into the bar yesterday"
1593,11,24,144,179,1.2569832402234637,0.0419903602100004,554,"Nine for lunch, the others are just parking the car."
1593,14,18,147,179,1.2569832402234637,0.04417581291248881,554,You left the White House after just three weeks?
1593,9,28,142,179,1.2569832402234637,0.04046787557174003,554,I hear it's no circus for you.
1593,9,28,142,179,1.2569832402234637,0.04046787557174003,554,"Wait, I've heard this one before."
1620,9,28,143,180,1.2555555555555555,0.04026774313665736,554,Tell me if you've heard this one.
1620,13,20,147,180,1.2555555555555555,0.04324100048614705,554,"Sorry, we don't need any help. But with your qualifications, you could always run for office."
1620,10,26,144,180,1.2555555555555555,0.04103126105484212,554,Happy Hour is not automatic just because you're here.
1620,12,22,146,180,1.2555555555555555,0.04251718330995341,554,What's your pleasure?
1624,11,24,146,181,1.2541436464088398,0.0415733364553148,554,"Sorry, we don't have happy meals."
1624,7,32,142,181,1.2541436464088398,0.03850704983774623,554,Did you mean that funny-peculiar or funny-ha-ha?
1624,7,32,142,181,1.2541436464088398,0.03850704983774623,554,Sorry. Bring in the clowns is just a song.
1624,12,22,147,181,1.2541436464088398,0.04230519658661144,554,Can I see some i.d. please?
1624,12,22,147,181,1.2541436464088398,0.04230519658661144,554,We stopped doing happy hours ago
1629,7,31,140,178,1.252808988764045,0.038878943610346745,554,Promoted! Big shoes to fill!
1629,12,21,145,178,1.252808988764045,0.04276648356599573,554,"Orange with white eye rings, wild comb-over, long tie, disproportionate extremity size? Been a rash of clown sightings lately, Patches, but you're still my favorite."
1629,11,23,144,178,1.252808988764045,0.04201775987046157,554,Been to the inauguration?
1629,9,27,142,178,1.252808988764045,0.04047878704203161,554,Really? I'd have thought job fairs in your field would be hilarious.
1629,9,27,142,178,1.252808988764045,0.04047878704203161,554,This one's on the tent.
1629,8,29,141,178,1.252808988764045,0.03968692767556257,554,The other thirty parking the car?
1629,12,21,145,178,1.252808988764045,0.04276648356599573,554,Congratulations on your Cabinet confirmation! Drinks are on the House.
1629,11,23,144,178,1.252808988764045,0.04201775987046157,554,Let me remind you the Constitution says there can be only one clown at a time.
1629,7,31,140,178,1.252808988764045,0.038878943610346745,554,"Yea, I remember the good old days when clowns were funny."
1629,12,21,145,178,1.252808988764045,0.04276648356599573,554,"Well, I hear they're hiring down in Washington."
1629,9,27,142,178,1.252808988764045,0.04047878704203161,554,"You just missed happy hour, pal."
1629,4,37,137,178,1.252808988764045,0.03634738422569202,554,It's been kind of a circus in here too.
1629,12,21,145,178,1.252808988764045,0.04276648356599573,554,Joking or non-joking?
1629,9,27,142,178,1.252808988764045,0.04047878704203161,554,Quit clowning around and show me some ID
1629,10,25,143,178,1.252808988764045,0.041255450215249845,554,So this clown walks into a bar . . .
1629,10,25,143,178,1.252808988764045,0.041255450215249845,554,"Hey don't worry, it's in good hands. Congress is working on the Affordable Clown Act."
1629,9,27,142,178,1.252808988764045,0.04047878704203161,554,A glass of seltzer water? You must think I was born yesterday.
1629,12,21,145,178,1.252808988764045,0.04276648356599573,554,Sorry but we don't hire clowns -- why don't you run for president?
1629,7,31,140,178,1.252808988764045,0.038878943610346745,554,"Sorry, Buttons. You're cut off until your seltzer tab is paid."
1629,11,23,144,178,1.252808988764045,0.04201775987046157,554,So how is your Confermation Hearing going?
1629,10,25,143,178,1.252808988764045,0.041255450215249845,554,A clown walks into a bar? I thought that was only a myth.
1629,9,27,142,178,1.252808988764045,0.04047878704203161,554,Do you have experience with any beverages besides seltzer?
1629,9,27,142,178,1.252808988764045,0.04047878704203161,554,I don't take funny money.
1629,10,25,143,178,1.252808988764045,0.041255450215249845,554,"Just when I start opening doors, they send YOU in."
1629,7,31,140,178,1.252808988764045,0.038878943610346745,554,Laughter is not always the best medicine.
1629,10,25,143,178,1.252808988764045,0.041255450215249845,554,These days people have short attention spans. We only have happy minute now.
1629,8,29,141,178,1.252808988764045,0.03968692767556257,554,"Yeah, I did come across a little umbrella, but I put it in a Mai Tai a couple of hours ago."
1629,9,27,142,178,1.252808988764045,0.04047878704203161,554,"Maybe it was the joke about ""tiny hands and tiny crowds"" that got you fired from Trump's birthday party?"
1629,12,21,145,178,1.252808988764045,0.04276648356599573,554,You know they can't ask everyone to perform at the inauguration.
1629,5,35,138,178,1.252808988764045,0.03721037909130861,554,So you ran away and joined the circus. What happened after that?
1629,4,37,137,178,1.252808988764045,0.03634738422569202,554,My life is a joke.
1629,10,25,143,178,1.252808988764045,0.041255450215249845,554,Rough day at the circus?
1629,13,19,146,178,1.252808988764045,0.043502322796253025,554,Are you new to the D.C. area?
1629,12,21,145,178,1.252808988764045,0.04276648356599573,554,"I'm sorry, but the management has decided that New York City can only serve one clown at a time."
1629,16,13,149,178,1.252808988764045,0.045638711691675,554,"No need to dress up. We get it, Mr. President."
1629,5,35,138,178,1.252808988764045,0.03721037909130861,554,Did that last drink taste funny to you?
1629,9,27,142,178,1.252808988764045,0.04047878704203161,554,We're all going to miss the elephants.
1629,10,25,143,178,1.252808988764045,0.041255450215249845,554,"Like I said — yes, we can host private events, but our limit is 70 guests and I don’t care how many you think might fit."
1629,11,23,144,178,1.252808988764045,0.04201775987046157,554,The fat lady has sung.
1629,9,27,142,178,1.252808988764045,0.04047878704203161,554,You're just in time for Unhappy Hour.
1629,8,29,141,178,1.252808988764045,0.03968692767556257,554,You wouldn't believe how many of your kind we can fit in here.
1629,9,27,142,178,1.252808988764045,0.04047878704203161,554,Congratulations on being nominated for Secretary of Education—first round's on the house!
1629,10,25,143,178,1.252808988764045,0.041255450215249845,554,"A priest and a rabbi, you say? Nope. Doesn't ring a bell."
1629,10,25,143,178,1.252808988764045,0.041255450215249845,554,"You can order a tiny Sidecar, but no sharing!"
1629,5,35,138,178,1.252808988764045,0.03721037909130861,554,"Those shoes,no service."
1629,10,25,143,178,1.252808988764045,0.041255450215249845,554,"Mrs. Twinkles just called, she said the car's making funny noises again."
1629,11,23,144,178,1.252808988764045,0.04201775987046157,554,"We're hiring a soda jerk, not a soda clown."
1629,7,31,140,178,1.252808988764045,0.038878943610346745,554,Thought you'd be in D.C.?
1629,14,17,147,178,1.252808988764045,0.044225920688417644,554,"What can I get for you, Mr. Trump?"
1629,9,27,142,178,1.252808988764045,0.04047878704203161,554,Have you heard the one about the circus leaving town?
1629,9,27,142,178,1.252808988764045,0.04047878704203161,554,You look like you could use two scoops!
1629,12,21,145,178,1.252808988764045,0.04276648356599573,554,Guess none of you guys ever ran before.
1681,9,27,143,179,1.2513966480446927,0.040276783440971485,554,No Happy Hour for you until you turn that frown upside down.
1681,12,21,146,179,1.2513966480446927,0.04255033936720766,554,He's Giving Clowns a Bad Name.
1681,9,27,143,179,1.2513966480446927,0.040276783440971485,554,Why do you think you are not qualified to become president?
1681,15,15,149,179,1.2513966480446927,0.044708427350759826,554,"One for the road, Mr President"
1681,8,29,142,179,1.2513966480446927,0.03948985421235483,554,Of all people to ruin happy hour!
1681,6,33,140,179,1.2513966480446927,0.03786696698228268,554,"Who are you calling a jerk, clown?"
1681,8,29,142,179,1.2513966480446927,0.03948985421235483,554,Happy Hour has been repealed.
1688,5,34,137,176,1.25,0.03736447371640468,554,"I hear you buddy, but remember, only fools fall in love."
1688,8,28,140,176,1.25,0.039886201760873284,554,Before I can serve you I need to ask if you're crying on the inside
1688,9,26,141,176,1.25,0.04069206502309947,554,"I don't care if you're old enough to drink, this photo ID looks nothing like you."
1688,9,26,141,176,1.25,0.04069206502309947,554,"Don't be glum. Whenever a circus closes down, a cubicle opens up."
1688,9,26,141,176,1.25,0.04069206502309947,554,"Congratulations,on your position in the new Administration."
1688,8,28,140,176,1.25,0.039886201760873284,554,Hold the seltzer?
1688,9,26,141,176,1.25,0.04069206502309947,554,"You MIGHT get confirmed, but those senators can be tough."
1688,12,20,144,176,1.25,0.04301917422091399,554,"He adopted your clown act, maybe you should adopt his president act?"
1688,10,24,142,176,1.25,0.04148227598359595,554,Happy hour? Never heard of it.
1688,10,24,142,176,1.25,0.04148227598359595,554,"Don't blame the elephants, you weren't that funny anyway."
1688,8,28,140,176,1.25,0.039886201760873284,554,"Look, I believe you could do it. I'm just telling you the fire marshal says we can't have more than 40 people in here."
1688,10,24,142,176,1.25,0.04148227598359595,554,"Your kidding, they outsourced your job!"
1688,11,22,143,176,1.25,0.042257712736425826,554,A Bailey's on the rocks?
1688,8,28,140,176,1.25,0.039886201760873284,554,ID?
1688,7,30,139,176,1.25,0.03906371751349359,554,"You're a bit late, I 86'd the priest and the rabbi about an hour ago."
1688,10,24,142,176,1.25,0.04148227598359595,554,Something light and hoppy with a rounded nose?
1688,9,26,141,176,1.25,0.04069206502309947,554,"Tough day, Senator?"
1688,11,22,143,176,1.25,0.042257712736425826,554,New clown in town getting you down?
1688,8,28,140,176,1.25,0.039886201760873284,554,So a clown walks into a bar...
1688,11,22,143,176,1.25,0.042257712736425826,554,What is your pleasure now that the circus has moved to Washington?
1688,12,20,144,176,1.25,0.04301917422091399,554,You've been upstaged.
1688,7,30,139,176,1.25,0.03906371751349359,554,"So, seltzer in a bottle."
1688,7,30,139,176,1.25,0.03906371751349359,554,Happy hour doesn't start until 5.
1688,6,32,138,176,1.25,0.03822353935782192,554,"For the last time, no, we don't serve pie."
1688,5,34,137,176,1.25,0.03736447371640468,554,"You don't really understand the point of ""happy hour"", do you?"
1688,6,32,138,176,1.25,0.03822353935782192,554,"I understand, my wife tells me I'm a clown too."
1688,6,32,138,176,1.25,0.03822353935782192,554,Dour Hour starts in five minutes.
1688,8,28,140,176,1.25,0.039886201760873284,554,"For the last time, we're out of seltzer."
1688,8,28,140,176,1.25,0.039886201760873284,554,Sam I am. And I do not like clowns in a pub or in a club.
1688,8,28,140,176,1.25,0.039886201760873284,554,I know who you are. You're one of the new Cabinet members.
1688,11,22,143,176,1.25,0.042257712736425826,554,Sorry. Your photo ID looks faked.
1688,9,26,141,176,1.25,0.04069206502309947,554,"Sorry, You just missed Sad Hour!"
1688,9,26,141,176,1.25,0.04069206502309947,554,"Sorry, bud, things just aren't funny anymore"
1688,9,26,141,176,1.25,0.04069206502309947,554,Do you want that with seltzer?
1688,7,30,139,176,1.25,0.03906371751349359,554,"Well, until you walked in, my friend, it WAS Happy Hour."
1688,8,28,140,176,1.25,0.039886201760873284,554,"Do you want a Ringling, a Barnum, or a Bailey?"
1688,7,30,139,176,1.25,0.03906371751349359,554,The 32 other clowns got into the car and left ten minutes ago.
1688,8,28,140,176,1.25,0.039886201760873284,554,'Post-irony hour' does have a certain ring to it.
1688,6,32,138,176,1.25,0.03822353935782192,554,"""Where are your buddies, the priest and the rabbi?"
1688,8,28,140,176,1.25,0.039886201760873284,554,"I'm not sure if that's what they mean by ""anonymous"" at those meetings."
1688,8,28,140,176,1.25,0.039886201760873284,554,"You want a Trump wine? How about, ""The media doesn't like me, wah, wah, wah."
1688,11,22,143,176,1.25,0.042257712736425826,554,"So, any idea why the mortuary let you go ?"
1688,11,22,143,176,1.25,0.042257712736425826,554,23 burgers for one car?
1688,7,30,139,176,1.25,0.03906371751349359,554,We're out of seltzer
1688,13,18,145,176,1.25,0.04376738986488017,554,I told you absinthe doesn't make it grow fonder.
1688,12,20,144,176,1.25,0.04301917422091399,554,I am gonna have to see some ID
1688,12,20,144,176,1.25,0.04301917422091399,554,Do you like Green eggs and ham?
1688,7,30,139,176,1.25,0.03906371751349359,554,If Ringling Bros. doesn't work out there may be an opening in the Trump administration.
1688,9,26,141,176,1.25,0.04069206502309947,554,You've had too much to drink to drive your thirty friends home in that tiny car.
1688,12,20,144,176,1.25,0.04301917422091399,554,"Bozo just left, but the President is still here."
1688,12,20,144,176,1.25,0.04301917422091399,554,No. Trump Tower is three blocks over.
1688,7,30,139,176,1.25,0.03906371751349359,554,"yeah, we serve clowns, just not your kind of clown."
1688,8,28,140,176,1.25,0.039886201760873284,554,Take out for how many in the car?
1688,12,20,144,176,1.25,0.04301917422091399,554,'Boozo The Clown'
1688,13,18,145,176,1.25,0.04376738986488017,554,"You know, if it weren't for the flower, you would look just like the President of the United States."
1688,11,22,143,176,1.25,0.042257712736425826,554,So how did they export the clown jobs?
1688,8,28,140,176,1.25,0.039886201760873284,554,I think you should run for office.
1688,7,30,139,176,1.25,0.03906371751349359,554,"Listen clown, I'm no jerk."
1688,13,18,145,176,1.25,0.04376738986488017,554,"Wait, I thought the clown was in the White House."
1688,7,30,139,176,1.25,0.03906371751349359,554,"Missed the Inaugural Parade, eh?"
1688,8,28,140,176,1.25,0.039886201760873284,554,I wasn't picked for the President's cabinet either.
1749,10,24,143,177,1.2485875706214689,0.04127142285559591,554,I haven't laughed since the election
1749,7,30,140,177,1.2485875706214689,0.038868063218561275,554,"All out of seltzer, but I do have the less funny Perrier."
1751,14,15,145,174,1.2471264367816093,0.044784293622116056,554,So how'd he take it when you dropped out of the Inauguration Ball?
1751,8,27,139,174,1.2471264367816093,0.040087259159242015,554,You were not what I had in mind when I advertised for help at happy hour.
1751,5,33,136,174,1.2471264367816093,0.0375188758191713,554,So which fake media outlet did you come from?
1751,10,23,141,174,1.2471264367816093,0.04171174754203893,554,"Sorry, I turned down two Ringling Bros. clowns just last week. I hear there are plenty of opportunities in Washington."
1751,10,23,141,174,1.2471264367816093,0.04171174754203893,554,"Happy Meal? Not here, buddy."
1751,7,29,138,174,1.2471264367816093,0.03924980992113152,554,That would depend on the size of the balloon.
1751,12,19,143,174,1.2471264367816093,0.043275298024639273,554,"Actually, I think you have a GREAT shot at becoming commander-in-chief!"
1751,9,25,140,174,1.2471264367816093,0.04090756794231981,554,"I can pour the seltzer in a glass and hand it to you, but I can't put it in a bottle and spray you in the face with it."
1751,7,29,138,174,1.2471264367816093,0.03924980992113152,554,Sorry...Happy Hour is already over.
1751,12,19,143,174,1.2471264367816093,0.043275298024639273,554,"Has anyone every told you that you have ""resting disillusioned"" face?"
1751,12,19,143,174,1.2471264367816093,0.043275298024639273,554,"As the clown continued to the stare at him, Sam couldn't help but wonder if he was staring into the face of the future leader of the free world. #Clown2020"
1751,10,23,141,174,1.2471264367816093,0.04171174754203893,554,Oh no--Existentialism is back.
1751,8,27,139,174,1.2471264367816093,0.040087259159242015,554,"No, I don't have Royal Clown Cola."
1751,13,17,144,174,1.2471264367816093,0.044036259913582884,554,"I was going to be able to collect unemployment, but now I have to be President"
1751,7,29,138,174,1.2471264367816093,0.03924980992113152,554,"Sorry, we're all out of seltzer water."
1751,6,31,137,174,1.2471264367816093,0.03839409864536054,554,I'm all out of banana cream pie.
1751,17,9,148,174,1.2471264367816093,0.04695695112970753,554,Not another one of those unemployed clowns!
1751,10,23,141,174,1.2471264367816093,0.04171174754203893,554,"Yea, I heard the Greatest Show on Earth is closing. Have you thought of politics?"
1751,10,23,141,174,1.2471264367816093,0.04171174754203893,554,Have you thought of running for political office?
1751,5,33,136,174,1.2471264367816093,0.0375188758191713,554,Welcome to happy hour
1751,12,19,143,174,1.2471264367816093,0.043275298024639273,554,The last time I hired a clown he ended up at the White House!
1751,10,23,141,174,1.2471264367816093,0.04171174754203893,554,I'm going to have to start charging you for club soda.
1751,9,25,140,174,1.2471264367816093,0.04090756794231981,554,My customers aren't really interested in balloon animals. Unless those balloon animals were to start buying rounds.
1751,6,31,137,174,1.2471264367816093,0.03839409864536054,554,"No, we can't accept balloon animals as payment!"
1751,12,19,143,174,1.2471264367816093,0.043275298024639273,554,Couldn't compete with the real thing. Sad!
1751,10,23,141,174,1.2471264367816093,0.04171174754203893,554,The good news? Every other show on earth moves up one spot in the rankings.
1751,6,31,137,174,1.2471264367816093,0.03839409864536054,554,Is this some kind of joke?
1751,11,21,142,174,1.2471264367816093,0.04250071353596395,554,"The hat and orange hair should be fine, but if you want to run for President you should cut back a little on the makeup."
1751,10,23,141,174,1.2471264367816093,0.04171174754203893,554,"Even without a glass, we still charge for seltzer water."
1751,11,21,142,174,1.2471264367816093,0.04250071353596395,554,"You've got that ""I made a school go on lockdown today"" face again."
1751,6,31,137,174,1.2471264367816093,0.03839409864536054,554,Do you have a designated driver for the little car?
1751,11,21,142,174,1.2471264367816093,0.04250071353596395,554,You're the fifth guy from Trump Clown University in this week.
1751,9,25,140,174,1.2471264367816093,0.04090756794231981,554,"Yes, we do have the beers of a clown."
1751,11,21,142,174,1.2471264367816093,0.04250071353596395,554,"It's nice to have you with us, Mr. President."
1751,9,25,140,174,1.2471264367816093,0.04090756794231981,554,Happy hour is no joke around here.
1751,11,21,142,174,1.2471264367816093,0.04250071353596395,554,So you're a clown who's afraid of clowns?
1751,12,19,143,174,1.2471264367816093,0.043275298024639273,554,"No, I can't just spray you with the seltzer bottle."
1751,10,23,141,174,1.2471264367816093,0.04171174754203893,554,Ten bucks to park the elephant and you clean up afterwards.
1751,9,25,140,174,1.2471264367816093,0.04090756794231981,554,'Send in the clowns'? Really?
1751,12,19,143,174,1.2471264367816093,0.043275298024639273,554,We don't need a Trump impersonator.
1751,10,23,141,174,1.2471264367816093,0.04171174754203893,554,Squirt me again and just see what happens. Clown.
1751,11,21,142,174,1.2471264367816093,0.04250071353596395,554,You're depressing our happy hour crowd.
1751,6,31,137,174,1.2471264367816093,0.03839409864536054,554,"Look, if you're going to sit at the counter, you gotta order something besides seltzer."
1751,11,21,142,174,1.2471264367816093,0.04250071353596395,554,So when do you start at the DNC?
1751,10,23,141,174,1.2471264367816093,0.04171174754203893,554,Of all the gin joints in Coney Island you had to walk into mine?!
1751,10,23,141,174,1.2471264367816093,0.04171174754203893,554,Let me guess. You want a wine with a big red nose.
1751,6,31,137,174,1.2471264367816093,0.03839409864536054,554,This job is easy; you won't have to jump through any hoops.
1751,9,25,140,174,1.2471264367816093,0.04090756794231981,554,"Sorry, but happy hour doesn't start until five."
1751,5,33,136,174,1.2471264367816093,0.0375188758191713,554,I played it again already.
1751,10,23,141,174,1.2471264367816093,0.04171174754203893,554,"Sorry, we don't serve politicians here."
1751,9,25,140,174,1.2471264367816093,0.04090756794231981,554,"Decided not to sit out the inauguration, Congressman?"
1751,11,21,142,174,1.2471264367816093,0.04250071353596395,554,Another circus on the rocks?
1751,8,27,139,174,1.2471264367816093,0.040087259159242015,554,So you're telling me the Fat Lady got up and really belted one out.
1751,11,21,142,174,1.2471264367816093,0.04250071353596395,554,I think you're dressed perfect for your new job at the White House.
1751,5,33,136,174,1.2471264367816093,0.0375188758191713,554,So when did you first suspect Mrs. Bozo had eyes for the Human Cannon Ball?
1751,9,25,140,174,1.2471264367816093,0.04090756794231981,554,We don't carry any imported seltzer
1751,9,25,140,174,1.2471264367816093,0.04090756794231981,554,You're okay but I'm not serving your imaginary friend.
1751,6,31,137,174,1.2471264367816093,0.03839409864536054,554,Sorry I'm all out of seltzer. Would you care for some confetti in a bucket?
1751,8,27,139,174,1.2471264367816093,0.040087259159242015,554,Set me up with your best bottle of seltzer and keep them coming.
1751,5,33,136,174,1.2471264367816093,0.0375188758191713,554,DC's gonna be a circus.
1751,9,25,140,174,1.2471264367816093,0.04090756794231981,554,All my customers are nothing but clowns and none of them get free drinks either.
1751,10,23,141,174,1.2471264367816093,0.04171174754203893,554,"Just to warn you in advance, I run a serious business."
1751,7,29,138,174,1.2471264367816093,0.03924980992113152,554,"Finally, a customer that dresses his part."
1751,8,27,139,174,1.2471264367816093,0.040087259159242015,554,You think I'm funny how?
1751,10,23,141,174,1.2471264367816093,0.04171174754203893,554,"""It's OK to cry in your beer, everyone else does""."
1751,8,27,139,174,1.2471264367816093,0.040087259159242015,554,So you lost your job to a congressman?
1751,8,27,139,174,1.2471264367816093,0.040087259159242015,554,You must be joking!
1751,8,27,139,174,1.2471264367816093,0.040087259159242015,554,"I meant I need a ""soda jerk."""
1751,11,21,142,174,1.2471264367816093,0.04250071353596395,554,"Sorry, pal. You just missed Sad Hour."
1751,9,25,140,174,1.2471264367816093,0.04090756794231981,554,B&B on the rocks?
1751,10,23,141,174,1.2471264367816093,0.04171174754203893,554,"First, promise, no seltzer down my pants."
1751,8,27,139,174,1.2471264367816093,0.040087259159242015,554,You're funny how?
1751,7,29,138,174,1.2471264367816093,0.03924980992113152,554,Quit clowning around and order.
1751,8,27,139,174,1.2471264367816093,0.040087259159242015,554,"All I'm sayin' is, look on the gloomy side now and then."
1751,8,27,139,174,1.2471264367816093,0.040087259159242015,554,What do you mean my protection money's late?
1751,6,31,137,174,1.2471264367816093,0.03839409864536054,554,Sit a spell. Tell me about the time when kids thought clowns were funny.
1751,10,23,141,174,1.2471264367816093,0.04171174754203893,554,What'll it be? A pie in the face or a kick in the butt?
1751,11,21,142,174,1.2471264367816093,0.04250071353596395,554,Happy hour doesn't start until 4 PM.
1751,11,21,142,174,1.2471264367816093,0.04250071353596395,554,Let's get this straight. I'm not Sam and you're not Bozo!
1751,9,25,140,174,1.2471264367816093,0.04090756794231981,554,Your buddies out in that tiny car?
1751,7,29,138,174,1.2471264367816093,0.03924980992113152,554,"Hey, bozo, you gonna order something?"
1751,8,27,139,174,1.2471264367816093,0.040087259159242015,554,"Sorry, I can't guarantee an hour of happiness."
1751,5,33,136,174,1.2471264367816093,0.0375188758191713,554,Ever get the feeling you've become a cliche'?
1751,5,33,136,174,1.2471264367816093,0.0375188758191713,554,"Normally, I'd say no. But if it's just you and a few of your friends in that VW parked outside..."
1751,11,21,142,174,1.2471264367816093,0.04250071353596395,554,I hear there's a gig at the White House.
1751,3,37,134,174,1.2471264367816093,0.03570412450437399,554,"OK, I'll pour you one, but don't blame me if it tastes funny."
1751,10,23,141,174,1.2471264367816093,0.04171174754203893,554,"Sir. I knew Chuck Schumer, and you are no Chuck Schumer."
1838,6,31,138,175,1.2457142857142858,0.03820018385356495,554,Vodka Soda hold the seltzer?
1838,5,33,137,175,1.2457142857142858,0.037330585335008805,554,"What do you mean, it tastes funny."
1838,6,31,138,175,1.2457142857142858,0.03820018385356495,554,I see you are here for happy hour.
1838,6,31,138,175,1.2457142857142858,0.03820018385356495,554,"Sorry, we closed Ringling's tab."
1838,10,23,142,175,1.2457142857142858,0.041496744768877034,554,"No joke, no money, no service"
1838,13,17,145,175,1.2457142857142858,0.043806668001443484,554,"""A clown walks into a bar?"" Is that the joke or the punchline?"
1838,9,25,141,175,1.2457142857142858,0.040697645895328316,554,"Sorry, we don't serve political parodies."
1838,5,33,137,175,1.2457142857142858,0.037330585335008805,554,No more seltzer.
1838,8,27,140,175,1.2457142857142858,0.039882539242502395,554,I served with Barnum and Bailey; you're no Barnum or Bailey
1838,12,19,144,175,1.2457142857142858,0.043050467086861006,554,"No, I don't need any help here. However, maybe you could run for president."
1838,13,17,145,175,1.2457142857142858,0.043806668001443484,554,"Yep, the circus is going on down the street in front of the capitol building. If you hurry, you can be part of it."
1838,7,29,139,175,1.2457142857142858,0.03905042242329721,554,Are you here for our Happy Hour
1850,12,19,145,176,1.2443181818181819,0.04282792441619477,554,"You're lucky, nothing grows on mine."
1850,8,27,141,176,1.2443181818181819,0.03967985446116243,554,You brought your own seltzer?
1850,7,29,140,176,1.2443181818181819,0.03885300226654263,554,"I don't care who you are, it's not happy hour."
1850,8,27,141,176,1.2443181818181819,0.03967985446116243,554,Beat it. My Happy Hour's happy enough.
1850,8,27,141,176,1.2443181818181819,0.03967985446116243,554,"One bottle of seltzer, coming up."
1855,12,18,143,173,1.2427745664739884,0.043305526263089394,554,"Sorry to hear that Barnum and Bsiley is closing down, but cheer up. I hear that Trump is hiring clowns."
1855,10,22,141,173,1.2427745664739884,0.04172459627931404,554,"Nope; I can still tell it's you, Mr. Cosby."
1855,6,30,137,173,1.2427745664739884,0.038367806741707186,554,So what if your father thinks you're a clown?
1855,7,28,138,173,1.2427745664739884,0.03923393848818495,554,Happy hour doesn't start for another 45 minutes.
1855,10,22,141,173,1.2427745664739884,0.04172459627931404,554,Too bad the Senate didn't confirm you. How about a beer?
1855,6,30,137,173,1.2427745664739884,0.038367806741707186,554,Remind me again what you do for a living?
1855,7,28,138,173,1.2427745664739884,0.03923393848818495,554,This has to be a joke.
1855,10,22,141,173,1.2427745664739884,0.04172459627931404,554,"You want to go where everyone knows your name, Bozo."
1855,13,16,144,173,1.2427745664739884,0.04407473131000136,554,The usual Senator Schumer?
1855,11,20,142,173,1.2427745664739884,0.04252240903097373,554,"Sorry, happy hour's over."
1855,7,28,138,173,1.2427745664739884,0.03923393848818495,554,"There's no discount for bringing your own seltzer bottle, Claribel."
1855,9,24,140,173,1.2427745664739884,0.04091122828205062,554,"Ethel, your brother is here to see you again."
1855,8,26,139,173,1.2427745664739884,0.04008135806606818,554,"Yeah, It's Happy Hour. We don't need to make it ""Great Again."""
1855,7,28,138,173,1.2427745664739884,0.03923393848818495,554,Laid off after 146 years - that's rough.
1855,4,34,135,173,1.2427745664739884,0.03657406080704757,554,I'm juggling my options.
1855,9,24,140,173,1.2427745664739884,0.04091122828205062,554,"Clowns to the left, Jokers to the right; where do your politics lie?"
1855,10,22,141,173,1.2427745664739884,0.04172459627931404,554,"Sorry. No shoes or big shoes, no service."
1855,9,24,140,173,1.2427745664739884,0.04091122828205062,554,I hear rodeos are hiring.
1855,10,22,141,173,1.2427745664739884,0.04172459627931404,554,I feel like Sam would have said something about a son.
1855,9,24,140,173,1.2427745664739884,0.04091122828205062,554,A Bailey's on the rocks?
1855,10,22,141,173,1.2427745664739884,0.04172459627931404,554,Too bad about Ringling Brothers! Have you considered a career in politics? America loves scary clowns!
1855,7,28,138,173,1.2427745664739884,0.03923393848818495,554,I always thought it was a big waste of seltzer.
1855,6,30,137,173,1.2427745664739884,0.038367806741707186,554,"It was the elephants, don't take it personally."
1855,7,28,138,173,1.2427745664739884,0.03923393848818495,554,Why so glum? The circus just started.
1879,9,24,141,174,1.2413793103448276,0.04069934986516519,554,"Lucille, we can't go on meeting like this."
1880,11,20,144,175,1.24,0.042080538934032845,554,"Turn around. You're double-parked, and all twenty of your buddies are getting tickets."
1881,10,21,140,171,1.239766081871345,0.041954973916926264,554,Preparing for the inauguration?
1881,6,29,136,171,1.239766081871345,0.03853598367697846,554,I can't hire you- clowns are trending creepy.
1881,6,29,136,171,1.239766081871345,0.03853598367697846,554,"What is this, 'Undercover Boss'?"
1881,10,21,140,171,1.239766081871345,0.041954973916926264,554,There is no drink called a Clowney McClowface
1881,8,25,138,171,1.239766081871345,0.04028176929035214,554,We don't serve Clown Royal.
1881,6,29,136,171,1.239766081871345,0.03853598367697846,554,"Look, pal ... it's like I told you, I ain't seen no priest or rabbi."
1881,6,29,136,171,1.239766081871345,0.03853598367697846,554,So how'd you break your funny bone?
1881,8,25,138,171,1.239766081871345,0.04028176929035214,554,"Hey, no political statements allowed in here!"
1881,8,25,138,171,1.239766081871345,0.04028176929035214,554,"Out of twenty clowns, you're the designated driver again?"
1881,8,25,138,171,1.239766081871345,0.04028176929035214,554,How do I know this is your ID?
1881,10,21,140,171,1.239766081871345,0.041954973916926264,554,I heard about Ringling Bros. First one's on me!
1881,6,29,136,171,1.239766081871345,0.03853598367697846,554,"Yes, we're out of seltzer water. Why?"
1881,6,29,136,171,1.239766081871345,0.03853598367697846,554,Desert specials today are pie-in-the-face and banana-peel. What'll it be?
1881,6,29,136,171,1.239766081871345,0.03853598367697846,554,I hear the State Department is hiring...
1881,12,17,142,171,1.239766081871345,0.043563961431196424,554,Pagliacci want a cracker?
1881,4,33,134,171,1.239766081871345,0.036707262751988795,554,Squeaky horn or something stronger?
1881,9,23,139,171,1.239766081871345,0.041126881558970166,554,"I'm only allowed to serve the seltzer in a glass, not down your pants."
1881,5,31,135,171,1.239766081871345,0.03763273293753654,554,I don't like this political circus either
1881,12,17,142,171,1.239766081871345,0.043563961431196424,554,Sorry; this happy hour.
1881,5,31,135,171,1.239766081871345,0.03763273293753654,554,Just give me your order and stop clowning around
1881,10,21,140,171,1.239766081871345,0.041954973916926264,554,They told me I had pretty big shoes to fill.
1881,8,25,138,171,1.239766081871345,0.04028176929035214,554,You’re too late for happy hour.”
1881,9,23,139,171,1.239766081871345,0.041126881558970166,554,When she told me she was screwing a clown I thought she was joking.
1881,8,25,138,171,1.239766081871345,0.04028176929035214,554,"I don't care if you're a cabinet nominee, we're closed."
1881,10,21,140,171,1.239766081871345,0.041954973916926264,554,Cheer up. You got 10% of the vote in the battleground states.
1881,7,27,137,171,1.239766081871345,0.03941854243318433,554,"Like I said before, no more seltzer for you."
1881,11,19,141,171,1.239766081871345,0.04276703503838402,554,"What can I get you, Deputy Secretary? On tap, I have Cabinet Conundrums, Megalomaniac, and Four-Year Inferno."
1881,8,25,138,171,1.239766081871345,0.04028176929035214,554,"It's happy hour, not crying on the inside hour."
1881,7,27,137,171,1.239766081871345,0.03941854243318433,554,I already told you--we only have seltzer on draft.
1881,5,31,135,171,1.239766081871345,0.03763273293753654,554,Happy Hour?
1881,6,29,136,171,1.239766081871345,0.03853598367697846,554,You might consider rebranding.
1881,8,25,138,171,1.239766081871345,0.04028176929035214,554,"Sorry, we don't accept funny money."
1881,8,25,138,171,1.239766081871345,0.04028176929035214,554,"...so take your mom's advice bud, don't do what I did. Don't run off and join a diner."
1881,9,23,139,171,1.239766081871345,0.041126881558970166,554,Congratulations on your cabinet appointment! This beer is on the house!
1881,9,23,139,171,1.239766081871345,0.041126881558970166,554,The inauguration's next week.
1881,7,27,137,171,1.239766081871345,0.03941854243318433,554,"I will let you back in this time, but no more clowning around"
1881,7,27,137,171,1.239766081871345,0.03941854243318433,554,"Sorry, we don't serve your archetype."
1881,11,19,141,171,1.239766081871345,0.04276703503838402,554,"Sorry you didn't get the gig, buddy. The powers-that-be must of decided that one Bozo is enough for the inauguration ceremony."
1881,8,25,138,171,1.239766081871345,0.04028176929035214,554,"The blonde, priest, rabbi and dog just left by Uber."
1881,7,27,137,171,1.239766081871345,0.03941854243318433,554,"No shirts, no shoes, no squeakers, no service."
1881,6,29,136,171,1.239766081871345,0.03853598367697846,554,I told you to be here during Sad Hour at 3 pm.
1881,8,25,138,171,1.239766081871345,0.04028176929035214,554,You're a little early for happy-hour...
1881,10,21,140,171,1.239766081871345,0.041954973916926264,554,"I just checked, and no one from last night found a giant squirting bow tie."
1881,5,31,135,171,1.239766081871345,0.03763273293753654,554,"Little early for Happy Hour, aren't you Buddy?"
1881,9,23,139,171,1.239766081871345,0.041126881558970166,554,I think you'll fit right in at the White House
1881,9,23,139,171,1.239766081871345,0.041126881558970166,554,You look like I feel.
1881,9,23,139,171,1.239766081871345,0.041126881558970166,554,"No, I've never heard every time you hear a bell, you're supposed to give a clown a shot of 18-year Glenfiddich"
1881,8,25,138,171,1.239766081871345,0.04028176929035214,554,Sorry. We no longer have Barnum and Baileys on tap.
1881,10,21,140,171,1.239766081871345,0.041954973916926264,554,Looks like you decided to make the red nose work for you.
1881,9,23,139,171,1.239766081871345,0.041126881558970166,554,"Stop me if you've heard this one, ""A clown walks into a bar...."""
1881,7,27,137,171,1.239766081871345,0.03941854243318433,554,So you walked into a bar and . . .
1881,13,15,143,171,1.239766081871345,0.044346569035080635,554,"Sorry buddy, but the disher washer job has already been filled by the elephant."
1881,9,23,139,171,1.239766081871345,0.041126881558970166,554,"I'm all outta seltzer, but I do have a 1984 Pellegrino."
1881,4,33,134,171,1.239766081871345,0.036707262751988795,554,Remember you promised me - no funny stuff.
1881,6,29,136,171,1.239766081871345,0.03853598367697846,554,"I'm sorry, we're out of seltzer water. Can I interest you in a creme pie?"
1881,7,27,137,171,1.239766081871345,0.03941854243318433,554,Better hurry. The Volkswagen is leaving.
1881,6,29,136,171,1.239766081871345,0.03853598367697846,554,"I'll serve you a beer, I'll serve you a shot, but you're never getting another seltzer."
1881,4,33,134,171,1.239766081871345,0.036707262751988795,554,Stop me if you've heard this one.
1881,11,19,141,171,1.239766081871345,0.04276703503838402,554,Welcome to the Cabinet.
1881,10,21,140,171,1.239766081871345,0.041954973916926264,554,"no, I will not smell your flower"
1881,10,21,140,171,1.239766081871345,0.041954973916926264,554,"Got it, anything but seltzer."
1881,13,15,143,171,1.239766081871345,0.044346569035080635,554,"Donald, I see you're still in the same line of work!"
1881,9,23,139,171,1.239766081871345,0.041126881558970166,554,"It has been a tough year for clowns, except for that one who got into the White House."
1881,4,33,134,171,1.239766081871345,0.036707262751988795,554,Today's Special: Banana Cream Pie.
1881,7,27,137,171,1.239766081871345,0.03941854243318433,554,Times change. The circus is now on Twitter.
1881,7,27,137,171,1.239766081871345,0.03941854243318433,554,"OK, OK, Arvin, the circus closed, but you can always go back into Politics."
1881,9,23,139,171,1.239766081871345,0.041126881558970166,554,"You might not like to hear this. But if the shoe fits, wear it."
1881,10,21,140,171,1.239766081871345,0.041954973916926264,554,There's always the rodeo.
1881,7,27,137,171,1.239766081871345,0.03941854243318433,554,Sorry. We're no longer offering the sad clown discount.
1881,7,27,137,171,1.239766081871345,0.03941854243318433,554,"Now that Ringling Bros. is shutting dowm, you'll just have to find a job in Washington."
1881,10,21,140,171,1.239766081871345,0.041954973916926264,554,I can't serve Trump voters.
1952,7,27,138,172,1.2383720930232558,0.03921347983474019,554,Nothing sadder than a sober clown.
1953,9,22,138,169,1.2366863905325445,0.04134457547830599,554,You won't get served here until you turn that frown upside down.
1953,8,24,137,169,1.2366863905325445,0.04048371948508011,554,"I think you've had a few too many, Bozo...let me call you a clown car."
1953,7,26,136,169,1.2366863905325445,0.039604155908338316,554,You some kind of comedian?
1953,11,18,140,169,1.2366863905325445,0.043014633297875644,554,You can't miss it. It has a big white doom. And there will others like yourself there.
1953,7,26,136,169,1.2366863905325445,0.039604155908338316,554,Seriously? You are running away from the circus to live on a Midwest farm?
1953,8,24,137,169,1.2366863905325445,0.04048371948508011,554,So you want fifteen beers as soon as the rest of the clowns get out of the car.
1953,9,22,138,169,1.2366863905325445,0.04134457547830599,554,The Crazy Clown Club has moved to DC.
1953,8,24,137,169,1.2366863905325445,0.04048371948508011,554,"You think you're funny, don't ya?"
1953,8,24,137,169,1.2366863905325445,0.04048371948508011,554,"Sorry, happy hour doesn't start until 5 o'clock."
1953,11,18,140,169,1.2366863905325445,0.043014633297875644,554,"We don't serve clowns - ex-circus, creepy or otherwise. Try the Capitol."
1953,7,26,136,169,1.2366863905325445,0.039604155908338316,554,Bad day to join the circus?
1953,6,28,135,169,1.2366863905325445,0.03870460937766047,554,Things will be looking up for you after January 20th.
1953,8,24,137,169,1.2366863905325445,0.04048371948508011,554,"The usual, Boozo?"
1953,9,22,138,169,1.2366863905325445,0.04134457547830599,554,It used to be a circus in here.
1953,2,36,131,169,1.2366863905325445,0.034875167018073756,554,"Pie and seltzer, in the face -- anything else I can do ya?"
1953,7,26,136,169,1.2366863905325445,0.039604155908338316,554,"Happiness here, buddy, comes at a price."
1953,7,26,136,169,1.2366863905325445,0.039604155908338316,554,Are you being serious?
1953,4,32,133,169,1.2366863905325445,0.03683968011272507,554,"I can't serve you, you make the other customers feel funny."
1953,4,32,133,169,1.2366863905325445,0.03683968011272507,554,"Later tonight, this place will be a real circus!"
1953,7,26,136,169,1.2366863905325445,0.039604155908338316,554,"I'll give you the seltzer, you can do what you want with it."
1953,7,26,136,169,1.2366863905325445,0.039604155908338316,554,With your skills why not try Washington D.C.?
1953,9,22,138,169,1.2366863905325445,0.04134457547830599,554,"Give me a song, give me a dance then I'll put seltzer down your pants."
1953,9,22,138,169,1.2366863905325445,0.04134457547830599,554,"Sorry, Bob. You just missed happy hour."
1953,6,28,135,169,1.2366863905325445,0.03870460937766047,554,"No, Stephen Sondheim certainly did _not_ send you."
1953,12,16,141,169,1.2366863905325445,0.043825803539529064,554,"No, you're not the President of the United States, you're a clown."
1953,8,24,137,169,1.2366863905325445,0.04048371948508011,554,I could use a soda jerk.
1953,10,20,139,169,1.2366863905325445,0.04218786910494563,554,Can I see an ID?
1953,8,24,137,169,1.2366863905325445,0.04048371948508011,554,"If I see you pulling out a seltzer bottle, you better be freshening your drink, hear me?"
1953,5,30,134,169,1.2366863905325445,0.03778365266808646,554,"O.K., deal. You settle your tab and I don't show at your confirmation hearings."
1953,7,26,136,169,1.2366863905325445,0.039604155908338316,554,A seltzer water and one whole creme pie ...
1953,11,18,140,169,1.2366863905325445,0.043014633297875644,554,"You could always tell Donald ""no."" And even if the Senate does confirm you, you can still make people laugh. Scalia did all the time."
1953,10,20,139,169,1.2366863905325445,0.04218786910494563,554,"I'm sorry, we're all out of Clown Royal."
1953,4,32,133,169,1.2366863905325445,0.03683968011272507,554,I see you're upset. I think.
1953,7,26,136,169,1.2366863905325445,0.039604155908338316,554,"Yep, long time. So how's mom?"
1953,6,28,135,169,1.2366863905325445,0.03870460937766047,554,I need to see more than a clown car license.
1953,8,24,137,169,1.2366863905325445,0.04048371948508011,554,"A clown walks into a bar and the bartender says, 'So why the long face?'"
1953,8,24,137,169,1.2366863905325445,0.04048371948508011,554,Sam? So you really did join the circus.
1953,7,26,136,169,1.2366863905325445,0.039604155908338316,554,"I've seen you're type before. You can start part time, but any funny business and you're out."
1953,7,26,136,169,1.2366863905325445,0.039604155908338316,554,"Sorry, I need to hire a soda jerk , a soda clown isn't what I need ."
1953,2,36,131,169,1.2366863905325445,0.034875167018073756,554,Another one? One of those 14 guys in that car of yours better be the designated driver.
1953,6,28,135,169,1.2366863905325445,0.03870460937766047,554,"Seltzer, sure. How about a glass this time, okay, buddy?"
1953,11,18,140,169,1.2366863905325445,0.043014633297875644,554,"Well now that Ringling Brothers is out of business, you could always get a job with the Trump administration!"
1953,6,28,135,169,1.2366863905325445,0.03870460937766047,554,Only if you can drink it out of your hat.
1953,9,22,138,169,1.2366863905325445,0.04134457547830599,554,You can't come in here all seltzered up and acting like a clown and ask for a job.
1953,9,22,138,169,1.2366863905325445,0.04134457547830599,554,"Sorry, not all cabinet nominees get confirmed."
1953,9,22,138,169,1.2366863905325445,0.04134457547830599,554,You might as well have another beer pal...I just heard on the news all His Cabinet posts are filled.
1953,8,24,137,169,1.2366863905325445,0.04048371948508011,554,"Oh man, not this clown again."
1953,10,20,139,169,1.2366863905325445,0.04218786910494563,554,"Sorry. No absurdly oversized shoes, no squirting boutonniere, no service."
1953,7,26,136,169,1.2366863905325445,0.039604155908338316,554,You'll have the unusual?
1953,10,20,139,169,1.2366863905325445,0.04218786910494563,554,So being shot from a cannon was the high point of the week eh?
1953,9,22,138,169,1.2366863905325445,0.04134457547830599,554,"You know, if it weren't for your drinking problem, you could become president."
1953,8,24,137,169,1.2366863905325445,0.04048371948508011,554,"If it makes you feel better, a few people have started calling last night 'The Greatest Show on Earth'"
1953,5,30,134,169,1.2366863905325445,0.03778365266808646,554,Sometimes the only thing you can do is laugh about it.
1953,9,22,138,169,1.2366863905325445,0.04134457547830599,554,"'I'll have a whiskey and a glass of water for my hat."""
1953,7,26,136,169,1.2366863905325445,0.039604155908338316,554,"Bubble gum, vodka and cotton candy on the rocks, you got it."
1953,11,18,140,169,1.2366863905325445,0.043014633297875644,554,Sorry Mr. Trump. We don't serve clowns here.
2009,7,26,137,170,1.2352941176470589,0.03939511105824237,554,My life is a joke.
2009,7,26,137,170,1.2352941176470589,0.03939511105824237,554,"It's Happy Hour, Beppo! Sad Hour isn't til midnight!"
2009,12,16,142,170,1.2352941176470589,0.04358948263816215,554,"Sorry, we don't serve sad-faced clowns during happy hour!"
2009,7,26,137,170,1.2352941176470589,0.03939511105824237,554,Well - we do pay more than peanuts.
2009,7,26,137,170,1.2352941176470589,0.03939511105824237,554,"Sorry, we don't serve your type of humor."
2009,10,20,140,170,1.2352941176470589,0.04196207464025204,554,All the good circuses are moving over seas
2009,8,24,138,170,1.2352941176470589,0.04026895106115291,554,"Sorry, we reserve the right to refuse funny business."
2009,10,20,140,170,1.2352941176470589,0.04196207464025204,554,"Hi, Chuck, on your way to the inauguration?"
2009,9,22,139,170,1.2352941176470589,0.04112422721267606,554,"Now that the circus closed, maybe I'll apply at the White House."
2009,5,30,135,170,1.2352941176470589,0.037586533316371365,554,"Closed after 146 years. Tough break. How about a squirt of seltzer, on the house?"
2009,9,22,139,170,1.2352941176470589,0.04112422721267606,554,"No, you can't take your vote back."
2009,8,24,138,170,1.2352941176470589,0.04026895106115291,554,Squirt me with that daisy and I'll hose you with seltzer.
2009,9,22,139,170,1.2352941176470589,0.04112422721267606,554,Happy hour isn't 'til 5 o'clock.
2009,13,14,143,170,1.2352941176470589,0.04438081388321892,554,Welcome to S'MAS. I am S'mas.
2009,9,22,139,170,1.2352941176470589,0.04112422721267606,554,No more circus no more credit.
2024,6,28,137,171,1.2339181286549707,0.038300351429659284,554,If that flower squirts me you are outta here.
2024,7,26,138,171,1.2339181286549707,0.03918821722456645,554,There's no way you can compete with the scary clown in the White House.
2024,10,20,141,171,1.2339181286549707,0.04173864777461072,554,What ale's you?
2024,9,22,140,171,1.2339181286549707,0.04090617640954252,554,I've already heard this one.
2028,7,25,136,168,1.2321428571428572,0.03957755097325211,554,I'm afraid I can't seat you until your entire party arrives.
2028,12,15,141,168,1.2321428571428572,0.04384988641021694,554,Last one to blink drinks.
2028,9,21,138,168,1.2321428571428572,0.04133950338235563,554,"Another seltzer, Mr. President?"
2028,7,25,136,168,1.2321428571428572,0.03957755097325211,554,Now who's the jerk?
2028,4,31,133,168,1.2321428571428572,0.03677668477107789,554,"I really don't think 'creepy hour' would be an effective promotion, but thanks anyway."
2028,11,17,140,168,1.2321428571428572,0.043029368328610366,554,You doing the innaugaration?
2028,11,17,140,168,1.2321428571428572,0.043029368328610366,554,"The White House?, just take a right down the street, go five blocks and turn left on Pennsylvania Ave, Mr. President."
2028,9,21,138,168,1.2321428571428572,0.04133950338235563,554,"The circus closed, and I'm sad, but I'm going to make America laugh again."
2028,12,15,141,168,1.2321428571428572,0.04384988641021694,554,"Yes, Mr. President?"
2028,10,19,139,168,1.2321428571428572,0.0421928967876052,554,Oh well 146 years that's a pretty good run.
2028,7,25,136,168,1.2321428571428572,0.03957755097325211,554,Just because you're the president now doesn't mean you get a free soda.
2028,11,17,140,168,1.2321428571428572,0.043029368328610366,554,"Don't worry, Mr. Trump. Your secret is safe with me."
2028,7,25,136,168,1.2321428571428572,0.03957755097325211,554,"The Trump victory party is tonight at 8 o'clock, Mr. Roberts."
2028,5,29,134,168,1.2321428571428572,0.037733414133642146,554,I'm serious: No funny business in this bar.
2028,8,23,137,168,1.2321428571428572,0.040468117580017,554,Sorry! No discounts for members of the presidential inaugural committee.
2028,9,21,138,168,1.2321428571428572,0.04133950338235563,554,"Orange sherbet, as usual, Mr. President?"""
2028,14,11,143,168,1.2321428571428572,0.04544650192312223,554,"What, you're the only one Trump didn't offer a cabinet position?"
2028,6,27,135,168,1.2321428571428572,0.03866647826749492,554,Many other voters feel the same
2028,8,23,137,168,1.2321428571428572,0.040468117580017,554,We don't serve politicians here.
2028,13,13,142,168,1.2321428571428572,0.0446553304502233,554,"Well Donald, how's the president gig working out?"
2028,7,25,136,168,1.2321428571428572,0.03957755097325211,554,Face it. It is your circus. Those are your monkeys.
2049,6,27,136,169,1.2307692307692308,0.038461538461538464,554,"Oh, sorry, I thought you knew the circus was closing."
2050,7,24,135,166,1.2289156626506024,0.03976069564063031,554,"Hey Joe, looks who's back, the guy who always complains his drink tastes funny."
2050,8,22,136,166,1.2289156626506024,0.04066856609169572,554,Wrong place. The DNC is next door.
2050,10,18,138,166,1.2289156626506024,0.04242606472688917,554,The other 12 clowns in the car got mad at you!
2050,9,20,137,166,1.2289156626506024,0.041556607393799676,554,The World Economic Forum is that way.
2050,7,24,135,166,1.2289156626506024,0.03976069564063031,554,I got the whiskey if you got the seltzer.
2050,7,24,135,166,1.2289156626506024,0.03976069564063031,554,Is it Casual Friday already?
2050,9,20,137,166,1.2289156626506024,0.041556607393799676,554,"Sorry buddy, we don't serve presidents here."
2050,8,22,136,166,1.2289156626506024,0.04066856609169572,554,They're craft. They all kinda have a funny taste.
2050,6,26,134,166,1.2289156626506024,0.03883160526811961,554,So you're here for Fashion Week.
2050,6,26,134,166,1.2289156626506024,0.03883160526811961,554,"Look, why don't you hand me your keys, and I'll call a comically tiny cab for you and your 27 buddies."
2050,9,20,137,166,1.2289156626506024,0.041556607393799676,554,"Come back to work, Sam."
2050,4,30,132,166,1.2289156626506024,0.03690331783787857,554,"Ringling Bros. may not need you anymore, but we'll always need new politicians."
2050,7,24,135,166,1.2289156626506024,0.03976069564063031,554,"I'm sorry, we don't hire Bozos like you."
2050,6,26,134,166,1.2289156626506024,0.03883160526811961,554,"Nice hat, Mr. President."
2050,11,16,139,166,1.2289156626506024,0.0432780581627454,554,"Sorry, no carry outs. You'll just have to invite the other 27 guys in the car to join you."
2050,7,24,135,166,1.2289156626506024,0.03976069564063031,554,That's not funny
2050,9,20,137,166,1.2289156626506024,0.041556607393799676,554,"Not my circus, not my clowns"
2050,7,24,135,166,1.2289156626506024,0.03976069564063031,554,I think it's time to get serious about your drinking problem.
2050,4,30,132,166,1.2289156626506024,0.03690331783787857,554,"Besides dispensing seltzer, do you have any other experience?"
2050,5,28,133,166,1.2289156626506024,0.03787973359952879,554,"No, the drinks aren't cheaper if you want to use your own seltzer water."
2050,8,22,136,166,1.2289156626506024,0.04066856609169572,554,Alone or are your other ten colleagues still in the car looking for parking?
2050,8,22,136,166,1.2289156626506024,0.04066856609169572,554,You want peanuts with that?
2050,8,22,136,166,1.2289156626506024,0.04066856609169572,554,The last clown I hired ran me out of seltzer.
2050,9,20,137,166,1.2289156626506024,0.041556607393799676,554,If I were the only act to show up to the Trump Inauguration-I'd want to go on a bender too.
2050,8,22,136,166,1.2289156626506024,0.04066856609169572,554,I suppose you think this is funny.
2050,9,20,137,166,1.2289156626506024,0.041556607393799676,554,Why the glum face? One of your people is president.
2050,6,26,134,166,1.2289156626506024,0.03883160526811961,554,"I know how this works, I comp one drink and pretty soon there's five dozen more of you."
2050,7,24,135,166,1.2289156626506024,0.03976069564063031,554,Our Inauguration Special is on the bitter side. I think you'll like it.
2050,6,26,134,166,1.2289156626506024,0.03883160526811961,554,Is this a political statement?
2050,11,16,139,166,1.2289156626506024,0.0432780581627454,554,"I heard they closed you guys down, try Washington, DC."
2050,9,20,137,166,1.2289156626506024,0.041556607393799676,554,"We don't have ""Clown Royale"". How about a Ringling Lager?"
2050,10,18,138,166,1.2289156626506024,0.04242606472688917,554,"Too bad Bozo, you're act's no match for the one at the White House."
2050,9,20,137,166,1.2289156626506024,0.041556607393799676,554,"I'm sorry, there has to be at least three of you walking into my bar."
2050,8,22,136,166,1.2289156626506024,0.04066856609169572,554,I guess I don't have to ask where you've been all these years.
2050,10,18,138,166,1.2289156626506024,0.04242606472688917,554,Isn't it rich? who sent you in?
2050,9,20,137,166,1.2289156626506024,0.041556607393799676,554,"No balloon animals, no beer!"
2050,10,18,138,166,1.2289156626506024,0.04242606472688917,554,"Tough night, lurking in the woods?"
2050,6,26,134,166,1.2289156626506024,0.03883160526811961,554,"If you can juggle, it's on the house."
2050,3,32,131,166,1.2289156626506024,0.035900355392610016,554,"Wait, I think I've heard this one before."
2050,3,32,131,166,1.2289156626506024,0.035900355392610016,554,"You'll learn. It's basically sweep, lights out, close."
2050,10,18,138,166,1.2289156626506024,0.04242606472688917,554,And where do you want that seltzer?
2050,9,20,137,166,1.2289156626506024,0.041556607393799676,554,We're out of seltzer
2050,6,26,134,166,1.2289156626506024,0.03883160526811961,554,"There's no work here, my customers prefer feeling embittered."
2050,5,28,133,166,1.2289156626506024,0.03787973359952879,554,Last call before Happy Hour.
2050,7,24,135,166,1.2289156626506024,0.03976069564063031,554,"That shirt, big shoes....no service."
2050,8,22,136,166,1.2289156626506024,0.04066856609169572,554,I'm sorry to hear the new guy in the White House has already filled the position.
2050,5,28,133,166,1.2289156626506024,0.03787973359952879,554,"No, I didn't know that circus performers were being displaced by self-driving clown cars. Tough break!"
2050,10,18,138,166,1.2289156626506024,0.04242606472688917,554,"Sorry, fella. We don't serve new leaders of the free world in here."
2050,9,20,137,166,1.2289156626506024,0.041556607393799676,554,"One Bar-rum and Bailey's, coming up."
2050,9,20,137,166,1.2289156626506024,0.041556607393799676,554,"So, the circus is really closing for good? Cheer up! Many new opportunities are opening up for clowns these days."
2050,9,20,137,166,1.2289156626506024,0.041556607393799676,554,"MILDRED; off with that silly costume!!! I don’t have a girlfriend, I just work nights."
2050,7,24,135,166,1.2289156626506024,0.03976069564063031,554,Er...so where's the priest and the rabbi?
2050,8,22,136,166,1.2289156626506024,0.04066856609169572,554,"So she's been seeing the elephant trainer again, eh Rusty?"
2050,3,32,131,166,1.2289156626506024,0.035900355392610016,554,"Pop, you know those are some big shoes to fill."
2050,5,28,133,166,1.2289156626506024,0.03787973359952879,554,You heading the the Clown Lives Matter rally?
2050,7,24,135,166,1.2289156626506024,0.03976069564063031,554,Cathy's been looking for you.
2050,3,32,131,166,1.2289156626506024,0.035900355392610016,554,I was just joking. Some of my best friends are clowns.
2050,9,20,137,166,1.2289156626506024,0.041556607393799676,554,Putting on more make-up will not make you look 21.
2050,10,18,138,166,1.2289156626506024,0.04242606472688917,554,"So, let me get this straight. You were at an inauguration with your hand on a stack of Bibles, you bolted, and now you want bourbon and a beer."
2050,6,26,134,166,1.2289156626506024,0.03883160526811961,554,You are the fifth guy today that's ordered a pie in the face.
2110,7,24,136,167,1.2275449101796407,0.03954565451888787,554,The last clown I served here ran off with my first first wife! Can I buy you a beer?
2110,7,24,136,167,1.2275449101796407,0.03954565451888787,554,We don't accept funny money.
2112,8,19,127,154,1.2272727272727273,0.04274226900296567,554,So this clown walks into a bar . . .
2113,6,26,136,168,1.2261904761904763,0.03841601120320939,554,"Come on, you know I can't serve you knowing you gotta drive ten other guys to work later"
2114,6,23,126,155,1.2258064516129032,0.040471029630601875,554,Love to turn that frown upside down but it's not in my job description.
2114,5,25,125,155,1.2258064516129032,0.039422291394586396,554,You want a free beer? Is this some kind of a joke?
2116,6,25,133,164,1.225609756097561,0.038996674843183914,554,Of course we do Happy Hour .
2116,4,29,131,164,1.225609756097561,0.037028465410418245,554,I'd like to hire you but the clown in the back said no.
2116,5,27,132,164,1.225609756097561,0.038025306701429465,554,I'm not going to trust you with a seltzer bottle again!
2116,9,19,136,164,1.225609756097561,0.04177548020174899,554,"Yeah, I heard...ok, this one's on me."
2116,9,19,136,164,1.225609756097561,0.04177548020174899,554,If you're trying to scare me you really should put your pants back on.
2116,6,25,133,164,1.225609756097561,0.038996674843183914,554,I'm sorry to hear about the car crash...did any of the other 57 passengers survive?
2116,9,19,136,164,1.225609756097561,0.04177548020174899,554,"Hi, Mom."
2116,7,23,134,164,1.225609756097561,0.039944428246155295,554,"Don't worry. When your wife called, I told her the place was full of clowns tonight."
2116,7,23,134,164,1.225609756097561,0.039944428246155295,554,So they made you perform at the inauguration?
2116,5,27,132,164,1.225609756097561,0.038025306701429465,554,I'll have a large coke to go and forty straws!
2116,9,19,136,164,1.225609756097561,0.04177548020174899,554,"Let me guess, you're a member of the new Presidents' cabinet."
2116,7,23,134,164,1.225609756097561,0.039944428246155295,554,Don't feel bad. They're sending all sorts of jobs to Mexico and China these days.
2116,5,27,132,164,1.225609756097561,0.038025306701429465,554,"Sorry, we don't take funny money."
2116,8,21,135,164,1.225609756097561,0.04087020977435136,554,I know a setup when I see one.
2116,13,11,140,164,1.225609756097561,0.0452156780601117,554,"I'm sorry, Mr. Trump. This is not ""Uncle Sam's""."
2116,7,23,134,164,1.225609756097561,0.039944428246155295,554,"We tell all our customers, no smile no service."
2116,7,23,134,164,1.225609756097561,0.039944428246155295,554,"I know you're juggling a lot these days, but would it kill you to text me back?"
2116,8,21,135,164,1.225609756097561,0.04087020977435136,554,"No, the ad said, ""We'll give a free drink to the best gown."""
2116,10,17,137,164,1.225609756097561,0.042661545274098524,554,Are you kidding me?
2116,10,17,137,164,1.225609756097561,0.042661545274098524,554,"Nope, never heard of a drink called ""Seltzer in the Face."" Can you show me?"
2116,8,21,135,164,1.225609756097561,0.04087020977435136,554,"Happy hour's over, sorry."
2116,8,21,135,164,1.225609756097561,0.04087020977435136,554,"I'm going to need a large tray, there's 16 of us double parked in the VW across the street."
2116,8,21,135,164,1.225609756097561,0.04087020977435136,554,You don't scare me.
2116,8,21,135,164,1.225609756097561,0.04087020977435136,554,"Make it a double, Sam. I work with a bunch of clowns."
2116,5,27,132,164,1.225609756097561,0.038025306701429465,554,I didn't leave the circus. The circus left me.
2116,12,13,139,164,1.225609756097561,0.04438063590518314,554,"Sorry about your recent layoff from Ringling Bros. I'm not hiring, but Congress would be perfect for someone like you."
2116,9,19,136,164,1.225609756097561,0.04177548020174899,554,"I don't give a damn about Ringling Brothers, a beer is still two dollars."
2116,7,23,134,164,1.225609756097561,0.039944428246155295,554,"Hate to break it to ya, chum, but we're all out of seltzer."
2116,8,21,135,164,1.225609756097561,0.04087020977435136,554,"Yeah, maybe you could be President."
2116,6,25,133,164,1.225609756097561,0.038996674843183914,554,"I need a drink, Sam. America's turning out to be not so Great Again."
2116,9,19,136,164,1.225609756097561,0.04177548020174899,554,Another round of boos?
2116,7,23,134,164,1.225609756097561,0.039944428246155295,554,Would starting Happy Hour early help?
2116,9,19,136,164,1.225609756097561,0.04177548020174899,554,Would you like your drink circus-sized?
2116,7,23,134,164,1.225609756097561,0.039944428246155295,554,"No, you don't qualify for 24/7 Happy Hour"
2116,8,21,135,164,1.225609756097561,0.04087020977435136,554,Why the red nose?
2116,4,29,131,164,1.225609756097561,0.037028465410418245,554,Where is the rabbi and the priest?
2116,5,27,132,164,1.225609756097561,0.038025306701429465,554,"A clown walk into a bar...yeah, I've heard it."
2116,9,19,136,164,1.225609756097561,0.04177548020174899,554,I'm afraid. I can't serve you.
2116,12,13,139,164,1.225609756097561,0.04438063590518314,554,"Mr. President, how good to meet you!"
2116,11,15,138,164,1.225609756097561,0.04352957780936078,554,"Sam, as an undercover boss, the outfit doesn't work."
2116,6,25,133,164,1.225609756097561,0.038996674843183914,554,We're closing too. It's the big elephant in the room.
2116,8,21,135,164,1.225609756097561,0.04087020977435136,554,"There's nothing funny about alcoholism, Jim."
2116,9,19,136,164,1.225609756097561,0.04177548020174899,554,What'll it be bozo?
2116,15,7,142,164,1.225609756097561,0.04684112445928406,554,Sorry to hear you weren't confirmed as Secretary of the Interior.
2116,8,21,135,164,1.225609756097561,0.04087020977435136,554,Just you?
2116,9,19,136,164,1.225609756097561,0.04177548020174899,554,"Come back for a job application request in four years, please, the position has been filled."
2116,6,25,133,164,1.225609756097561,0.038996674843183914,554,one tears of a clown coming up
2116,11,15,138,164,1.225609756097561,0.04352957780936078,554,"Hillary, how's your new career going?"
2116,10,17,137,164,1.225609756097561,0.042661545274098524,554,"Say, ain't you that clown that got impeached?"
2116,9,19,136,164,1.225609756097561,0.04177548020174899,554,"Don't worry, I'm sure the new administration will make your show the great again."
2116,6,25,133,164,1.225609756097561,0.038996674843183914,554,This used to be a clown bar but it's under new management.
2116,14,9,141,164,1.225609756097561,0.046035575824821644,554,It'll take more than a hat with a flower it to fool people Mr President
2116,9,19,136,164,1.225609756097561,0.04177548020174899,554,Happy Hour's over!
2116,6,25,133,164,1.225609756097561,0.038996674843183914,554,I beg your pardon. I assumed you people always brought your own seltzer.
2116,8,21,135,164,1.225609756097561,0.04087020977435136,554,"Sorry I took so long, it's just been a circus in here, all day!"
2116,7,23,134,164,1.225609756097561,0.039944428246155295,554,We're The Greatest Show on 5th and Maple
2116,9,19,136,164,1.225609756097561,0.04177548020174899,554,"So, are you another Trump Impersonator?"
2116,9,19,136,164,1.225609756097561,0.04177548020174899,554,You want it with creepy fries or a sad salad?
2116,6,25,133,164,1.225609756097561,0.038996674843183914,554,"No, Happy Hour is 6-7pm only"
2116,7,23,134,164,1.225609756097561,0.039944428246155295,554,What's a clown like you doing here?
2116,6,25,133,164,1.225609756097561,0.038996674843183914,554,This is the gay clown bar.
2116,9,19,136,164,1.225609756097561,0.04177548020174899,554,"Sorry, we don't serve members of President Trump's cabinet."
2116,6,25,133,164,1.225609756097561,0.038996674843183914,554,"Sad, happy, or the usual?"
2116,4,29,131,164,1.225609756097561,0.037028465410418245,554,You're not the type of soda jerk I had in mind when I wrote the ad.
2116,10,17,137,164,1.225609756097561,0.042661545274098524,554,"No Bozo, we don't have any clown Royal."
2116,5,27,132,164,1.225609756097561,0.038025306701429465,554,"It's okay pal, I won't laugh."
2116,7,23,134,164,1.225609756097561,0.039944428246155295,554,"Seltzer? Sure, we have seltzer."
2116,9,19,136,164,1.225609756097561,0.04177548020174899,554,You want one of those little umbrellas? Order a Mai Tai.
2116,5,27,132,164,1.225609756097561,0.038025306701429465,554,Is that with or without the whipped cream?
2116,6,25,133,164,1.225609756097561,0.038996674843183914,554,"Okay, I'll bite. Who's there?"
2116,7,23,134,164,1.225609756097561,0.039944428246155295,554,Time to put on your Happy Face!
2116,5,27,132,164,1.225609756097561,0.038025306701429465,554,Happy hour's come and gone I'm afraid.
2116,5,27,132,164,1.225609756097561,0.038025306701429465,554,Shirley Temple? Really? No wonder they call you Bozo.
2116,9,19,136,164,1.225609756097561,0.04177548020174899,554,"Well, that's it for 'Happy Hour'."
2116,4,29,131,164,1.225609756097561,0.037028465410418245,554,No funny business
2116,7,23,134,164,1.225609756097561,0.039944428246155295,554,Looks as though the circus left without you.
2116,9,19,136,164,1.225609756097561,0.04177548020174899,554,"I've seen creepier, so what'll you have?"
2116,7,23,134,164,1.225609756097561,0.039944428246155295,554,"First you'll have to fill out the Pie Transaction Form, then wait until the background check is completed."
2116,7,23,134,164,1.225609756097561,0.039944428246155295,554,You know you have a problem when your flower shoots sparkling wine.
2116,7,23,134,164,1.225609756097561,0.039944428246155295,554,"Look, you can only make a first impression once"
2116,5,27,132,164,1.225609756097561,0.038025306701429465,554,"Look, I'll serve you seltzer but I ain't sprayin' it in your face."
2116,7,23,134,164,1.225609756097561,0.039944428246155295,554,Welcome to S'MAS.
2116,4,29,131,164,1.225609756097561,0.037028465410418245,554,"What are you, some kind of clown?"
2116,7,23,134,164,1.225609756097561,0.039944428246155295,554,Tell the rest of the gang waiting in that little car that I’m not coming back.
2200,5,27,133,165,1.2242424242424241,0.03781887353205983,554,"No, I can't rig it to squirt vodka."
2200,7,23,135,165,1.2242424242424241,0.039725141349637984,554,We no longer host happy hour.
2200,10,17,138,165,1.2242424242424241,0.04242424242424242,554,I understand. Now there's nothing funny.
2200,8,21,136,165,1.2242424242424241,0.040644762088811744,554,How many times do I have to tell you that we're out of seltzer?
2200,11,15,139,165,1.2242424242424241,0.04328655882925185,554,Not funny.
2200,5,27,133,165,1.2242424242424241,0.03781887353205983,554,"Clown walks in? That won't cut it, pal. We've raised the bar."
2200,10,17,138,165,1.2242424242424241,0.04242424242424242,554,"Sam, I overreacted and went for the juggler."
2200,8,21,136,165,1.2242424242424241,0.040644762088811744,554,Is that the Priest and the Rabbi coming in you're supposed to meet?
2200,8,21,136,165,1.2242424242424241,0.040644762088811744,554,Happy hour's at four.
2200,5,27,133,165,1.2242424242424241,0.03781887353205983,554,"Buddy , I don't need you to tell me that the circus has come to town ."
2200,7,23,135,165,1.2242424242424241,0.039725141349637984,554,That's it -- I'm cutting you off. No more seltzer!
2200,4,29,132,165,1.2242424242424241,0.03682875731309087,554,"I'm sorry sir, but happy hour's over"
2200,10,17,138,165,1.2242424242424241,0.04242424242424242,554,You missed happy hour by five minutes.
2200,4,29,132,165,1.2242424242424241,0.03682875731309087,554,"I think you've had enough, Mac. That's three bottles of seltzer today."
2200,9,19,137,165,1.2242424242424241,0.04154403104253967,554,who are you calling a jerk you clown
2215,10,17,139,166,1.2228915662650603,0.042189532211977965,554,Any matches on tinder yet?
2216,11,15,141,167,1.221556886227545,0.042808480703165556,554,Can I get you anything Mr.Trump?
2216,6,25,136,167,1.221556886227545,0.038364588954525436,554,Go ahead. Squirt me again with that flower.
2218,8,20,135,163,1.2208588957055215,0.04084295072650373,554,"No, you don't look gay. In fact, you don't even look the least bit happy."
2218,10,16,137,163,1.2208588957055215,0.042657090244477204,554,"Lemme guess, it's the politicians are taking our jobs?"
2218,8,20,135,163,1.2208588957055215,0.04084295072650373,554,Strange thirsty or funny thirsty?
2218,7,22,134,163,1.2208588957055215,0.039904965380371915,554,Fear of bartenders?
2218,8,20,135,163,1.2208588957055215,0.04084295072650373,554,The usual Senator Schumer?
2218,9,18,136,163,1.2208588957055215,0.04175987291750948,554,"Didn't send in the clowns, huh?"
2218,9,18,136,163,1.2208588957055215,0.04175987291750948,554,"You shouldn't take everything the president says so literally, Senator Schumer."
2218,7,22,134,163,1.2208588957055215,0.039904965380371915,554,People no longer take me at face value.
2218,8,20,135,163,1.2208588957055215,0.04084295072650373,554,"Small car, 21 clowns, where'd you think your nose would go?"
2218,9,18,136,163,1.2208588957055215,0.04175987291750948,554,Why don't you apply for a job with the new administration.
2218,6,24,133,163,1.2208588957055215,0.038944394975012134,554,Have you any experience in seltzer?
2218,7,22,134,163,1.2208588957055215,0.039904965380371915,554,"Happy hour is over, Mr. Barnum"
2218,6,24,133,163,1.2208588957055215,0.038944394975012134,554,"One Clown Loyal on the rocks, please."
2218,5,26,132,163,1.2208588957055215,0.03795952499611685,554,"Have you tried, 'Able to squeeze into very small cars.'?"
2218,5,26,132,163,1.2208588957055215,0.03795952499611685,554,Don't worry. There might be another chance for you in 4 years.
2218,9,18,136,163,1.2208588957055215,0.04175987291750948,554,"Ringling Brother casualty, huh?"
2218,7,22,134,163,1.2208588957055215,0.039904965380371915,554,Easy on the seltzer.
2218,8,20,135,163,1.2208588957055215,0.04084295072650373,554,"A little song, a little dance, a little seltzer down your… no, I couldn’t do that."
2218,10,16,137,163,1.2208588957055215,0.042657090244477204,554,"Sorry President Trump, we don't serve clowns."
2218,4,28,131,163,1.2208588957055215,0.036948412359557335,554,But your customers only cry with you in the beginning. Mine cry here all night long.
2218,6,24,133,163,1.2208588957055215,0.038944394975012134,554,"Mother, I told you to stop checking up on me..."
2218,4,28,131,163,1.2208588957055215,0.036948412359557335,554,You're hired. Now get busy goofing around.
2218,8,20,135,163,1.2208588957055215,0.04084295072650373,554,"If you say ""Play it again"" I'll punch you in your red, bulbous nose."
2218,7,22,134,163,1.2208588957055215,0.039904965380371915,554,"OK, NOW tell me why you don't think you could be elected president."
2218,7,22,134,163,1.2208588957055215,0.039904965380371915,554,I might be able to use someone who knows how to clean up the peanut shells...
2218,4,28,131,163,1.2208588957055215,0.036948412359557335,554,Have you considered career counseling?
2218,8,20,135,163,1.2208588957055215,0.04084295072650373,554,Your seltzer or mine?
2218,7,22,134,163,1.2208588957055215,0.039904965380371915,554,"Buddy, I still need to see your id."
2218,8,20,135,163,1.2208588957055215,0.04084295072650373,554,"Actually, I have to see your drivers license with your clown picture on it."
2218,8,20,135,163,1.2208588957055215,0.04084295072650373,554,We call it The Scary Clown - all gin and no seltzer.
2218,5,26,132,163,1.2208588957055215,0.03795952499611685,554,Chuckles only works Happy Hour.
2218,7,22,134,163,1.2208588957055215,0.039904965380371915,554,"Whatta ya want, the unusual?"
2218,9,18,136,163,1.2208588957055215,0.04175987291750948,554,We don't serve Trump supporters here.
2218,9,18,136,163,1.2208588957055215,0.04175987291750948,554,You just missed Sam--he left to join the circus.
2218,6,24,133,163,1.2208588957055215,0.038944394975012134,554,Sorry. We serve clowns only on Inauguration Day.
2218,7,22,134,163,1.2208588957055215,0.039904965380371915,554,"So, this is your alternative face?"
2218,7,22,134,163,1.2208588957055215,0.039904965380371915,554,"Are you a scary clown, a funny clown, or just one of the usual clowns who comes in?"
2218,5,26,132,163,1.2208588957055215,0.03795952499611685,554,How about a post-election scoop to turn that frown upside down?
2218,9,18,136,163,1.2208588957055215,0.04175987291750948,554,You won--what?
2218,7,22,134,163,1.2208588957055215,0.039904965380371915,554,"No, I'm not sure where the Electoral College is."
2218,9,18,136,163,1.2208588957055215,0.04175987291750948,554,The inaugural performance could really catapult your career.
2218,5,26,132,163,1.2208588957055215,0.03795952499611685,554,What happened that caused you to get into politics?
2218,10,16,137,163,1.2208588957055215,0.042657090244477204,554,What's with the stupid flower?
2218,10,16,137,163,1.2208588957055215,0.042657090244477204,554,We don't serve Ringling here.
2218,7,22,134,163,1.2208588957055215,0.039904965380371915,554,"Do you know how many clowns, like you, I've had to turn away this month?"
2218,5,26,132,163,1.2208588957055215,0.03795952499611685,554,What happened to this place? It used to be a circus.
2218,4,28,131,163,1.2208588957055215,0.036948412359557335,554,"So which one are you? The Jewish clown, the Catholic clown, or the Muslim clown?"
2218,9,18,136,163,1.2208588957055215,0.04175987291750948,554,Are you the designated driver of the clown car?
2218,8,20,135,163,1.2208588957055215,0.04084295072650373,554,Hey buddy - why so down in the mouth?
2218,9,18,136,163,1.2208588957055215,0.04175987291750948,554,"We only serve beer to those who are 21, and act like 21, and dress like 21."
2218,10,16,137,163,1.2208588957055215,0.042657090244477204,554,Come back when it's Presidents' Day.
2218,9,18,136,163,1.2208588957055215,0.04175987291750948,554,"No sir , dressing up is not required for Happy Hour."
2218,8,20,135,163,1.2208588957055215,0.04084295072650373,554,I'd suggest the Creepy IPA.
2218,6,24,133,163,1.2208588957055215,0.038944394975012134,554,"One bottle of seltzer, neat."
2218,10,16,137,163,1.2208588957055215,0.042657090244477204,554,"I don't have anything against clowns, it's just concerning when they're being elected president."
2218,9,18,136,163,1.2208588957055215,0.04175987291750948,554,"Sorry, we're the ""psycho taxi driver"" bar. The ""creepy clown"" bar is at Lex and 83rd."
2218,4,28,131,163,1.2208588957055215,0.036948412359557335,554,I heard the layoffs may not be over with the elephants.
2218,7,22,134,163,1.2208588957055215,0.039904965380371915,554,They've sent in a scarier clown.
2218,4,28,131,163,1.2208588957055215,0.036948412359557335,554,"No, we don't have a set price for a carload."
2218,10,16,137,163,1.2208588957055215,0.042657090244477204,554,No seltzer for you!
2218,5,26,132,163,1.2208588957055215,0.03795952499611685,554,"""Sorry pal. You're scary when you drink""."
2218,11,14,138,163,1.2208588957055215,0.04353582100023385,554,It's not just you. It's your 37 passengers I'm worried about.
2218,7,22,134,163,1.2208588957055215,0.039904965380371915,554,Can you be trusted with seltzer?
2218,6,24,133,163,1.2208588957055215,0.038944394975012134,554,The soda jerk position has been filled.
2218,6,24,133,163,1.2208588957055215,0.038944394975012134,554,"Read the sign, pal. No oversize shoes, no squirting flower, no service."
2218,7,22,134,163,1.2208588957055215,0.039904965380371915,554,I wish I had a nickel for every time some sad clown came in here and tried to sell me that line of malarkey.
2218,8,20,135,163,1.2208588957055215,0.04084295072650373,554,Sorry your blind date didn't work out again!
2218,9,18,136,163,1.2208588957055215,0.04175987291750948,554,"Sorry to hear it pal, but if you didn't really want the job, you shouldn't have run in the first place."
2218,5,26,132,163,1.2208588957055215,0.03795952499611685,554,"Stop me if you've heard this: ""a clown walks into a bar..."""
2218,8,20,135,163,1.2208588957055215,0.04084295072650373,554,"Seltzer with mime, coming up."
2218,5,26,132,163,1.2208588957055215,0.03795952499611685,554,"Sorry, our ""Send in the Clowns"" special was last week."
2218,7,22,134,163,1.2208588957055215,0.039904965380371915,554,"Sorry, but we're all out of the sidecar."
2218,9,18,136,163,1.2208588957055215,0.04175987291750948,554,"I see that Ringling Brothers is ""Sending in the unemployable Clowns"""
2218,7,22,134,163,1.2208588957055215,0.039904965380371915,554,"Sorry, no seltzer, just beer."
2218,6,24,133,163,1.2208588957055215,0.038944394975012134,554,I told you no funny business!
2218,6,24,133,163,1.2208588957055215,0.038944394975012134,554,"Sorry, we don't accept funny money."
2218,7,22,134,163,1.2208588957055215,0.039904965380371915,554,Just because a clown walks into a bar doesn't mean I can solve your existential problems.
2218,6,24,133,163,1.2208588957055215,0.038944394975012134,554,"Nobody does seltzer water in bottles anymore pal, it's all on tap."
2296,7,20,127,154,1.2207792207792207,0.04145592567531924,554,You have big shoes to fill. Our last clown was funny and had no pre-existing conditions.
2296,6,22,126,154,1.2207792207792207,0.040419195140106126,554,What drinks do you know besides seltzer?
2298,7,20,128,155,1.2193548387096773,0.041212221905004565,554,"I'm so tired of you bozos coming in here, looking for a handout."
2299,8,19,134,161,1.2173913043478262,0.0410419912353003,554,"I'm sorry, but we don't serve political impersonators here."
2299,10,15,136,161,1.2173913043478262,0.04289201030103458,554,It's an honor to have you come in Mr. President.
2299,4,27,130,161,1.2173913043478262,0.03706596873612352,554,"I can't give you a song, a dance, or seltzer down your pants. How 'bout a beer?"
2299,6,23,132,161,1.2173913043478262,0.03910454630158591,554,Pull my finger.
2299,3,29,129,161,1.2173913043478262,0.036003420487427176,554,"Honk once for ale, and twice for lager."
2299,6,23,132,161,1.2173913043478262,0.03910454630158591,554,You just missed your friends. All 99 of them hopped a cab Uptown.
2299,8,19,134,161,1.2173913043478262,0.0410419912353003,554,"Sorry, this is the 12"" pianist joke. Try the bar down the street."
2299,6,23,132,161,1.2173913043478262,0.03910454630158591,554,"What'll it be, Pagliacci?"
2299,8,19,134,161,1.2173913043478262,0.0410419912353003,554,I hear there's an opening at the inauguration
2299,9,17,135,161,1.2173913043478262,0.04197719376174712,554,"Nope, Bearded Ladies' Night was yesterday."
2299,6,23,132,161,1.2173913043478262,0.03910454630158591,554,"Hey, I just saw you on CNN at the Senate cabinet confirmation hearings. Are you HHS or EPA?"
2299,8,19,134,161,1.2173913043478262,0.0410419912353003,554,"I know it's you Donald, it's still no."
2299,4,27,130,161,1.2173913043478262,0.03706596873612352,554,Two more and we'd really have a joke.
2299,3,29,129,161,1.2173913043478262,0.036003420487427176,554,"No, I don't think a clown would make for an even happier hour."
2299,5,25,131,161,1.2173913043478262,0.03809889486455061,554,Right. You want me to make a drink that tastes funny.
2299,6,23,132,161,1.2173913043478262,0.03910454630158591,554,"No, I don't want to hear the one that got you kicked out of clown school."
2299,8,19,134,161,1.2173913043478262,0.0410419912353003,554,"Trump's America ain't so funny, is it?"
2299,6,23,132,161,1.2173913043478262,0.03910454630158591,554,Fifteen of your passengers told me not to serve you
2299,5,25,131,161,1.2173913043478262,0.03809889486455061,554,"No, sorry we don't accept animal balloons."
2299,10,15,136,161,1.2173913043478262,0.04289201030103458,554,Have you thought of running away and joining the Cirque du Trump?
2299,6,23,132,161,1.2173913043478262,0.03910454630158591,554,When my father passed away I considered 'Son of Sam's'
2299,10,15,136,161,1.2173913043478262,0.04289201030103458,554,"I've no work for you here, but there may be a place for you in the current administration."
2299,9,17,135,161,1.2173913043478262,0.04197719376174712,554,A new circus is in town. You can apply in DC
2322,4,27,131,162,1.2160493827160495,0.0368608903308661,554,So I guess you don't want to hear the Happy Hour specials.
2322,6,23,133,162,1.2160493827160495,0.03888557197968405,554,"Ten cream pies and a diet soda, please."
2322,8,19,135,162,1.2160493827160495,0.04080992747347441,554,"Uh, no...that says 'lager on tap', not 'laughter'."
2325,7,19,128,154,1.2142857142857142,0.04116572896033456,554,"OK! I'M A JERK, YOU'RE A CLOWN, NOW WHAT DO YOU WANT?"
2325,3,27,124,154,1.2142857142857142,0.03681151300260926,554,"Sorry, we're not hiring, but I hear City Hall is a real circus."
2325,7,19,128,154,1.2142857142857142,0.04116572896033456,554,"I do own the place, but I'm not exactly what you'd call a ringleader."
2325,9,15,130,154,1.2142857142857142,0.04317849136413819,554,That flower is a Forget-me-not? Believe me. No one who sees you will ever forget you.
2325,4,25,125,154,1.2142857142857142,0.03794693567819258,554,Which one of you bozos said the seltzer tastes funny?
2325,6,21,127,154,1.2142857142857142,0.04012150050798342,554,Let me guess...you're hiding from your wife.
2331,4,26,129,159,1.2138364779874213,0.03718112561180088,554,I'm afraid you still haven't quite captured that happy hour spirit.
2331,5,24,130,159,1.2138364779874213,0.03823673100123131,554,How are your seltzer bottle skills?
2331,10,14,135,159,1.2138364779874213,0.04312893549765127,554,I am Sam. Sam I am. I do not like giving drinks to clowns.
2331,8,18,133,159,1.2138364779874213,0.04124175172516981,554,Seltzer. Sorry. we're out.
2331,2,30,127,159,1.2138364779874213,0.034974463683672116,554,"Sorry buddy, your work experience just sounds a little funny."
2331,8,18,133,159,1.2138364779874213,0.04124175172516981,554,Where are the priest and Trump?
2331,9,16,134,159,1.2138364779874213,0.04219589531293957,554,You didn't know 'clown car' was a metaphor?
2331,8,18,133,159,1.2138364779874213,0.04124175172516981,554,The priest and the rabbit couldn't make it.
2331,7,20,132,159,1.2138364779874213,0.040265004525773244,554,"I have to cut you off, your ten friends in the VW parked outside told me you are the designated driver."
2331,3,28,128,159,1.2138364779874213,0.036094661736335854,554,One pie with whipped cream and hold the pie?
2331,6,22,131,159,1.2138364779874213,0.03926396685971161,554,"After what happened last time, I can't give you the whole seltzer bottle."
2331,8,18,133,159,1.2138364779874213,0.04124175172516981,554,"One Barnum and Bailey, in the rocks!"
2331,8,18,133,159,1.2138364779874213,0.04124175172516981,554,"It was not a personal invitation from our patio speakers. It was Judy Collins's ""Send in the clowns"""
2331,6,22,131,159,1.2138364779874213,0.03926396685971161,554,You're shut off. I don't care if you really do have 22 designated drivers...
2331,7,20,132,159,1.2138364779874213,0.040265004525773244,554,I know. It sucks being the designated clown car driver.
2331,8,18,133,159,1.2138364779874213,0.04124175172516981,554,"I'm cutting you off, Bozo. Your nose is all flushed."
2331,6,22,131,159,1.2138364779874213,0.03926396685971161,554,Nope. This wouldn't be a Rockwell moment.
2331,6,22,131,159,1.2138364779874213,0.03926396685971161,554,"The sign says ""Happy Hour."""
2331,6,22,131,159,1.2138364779874213,0.03926396685971161,554,"Vodka seltzer, I presume?"
2331,6,22,131,159,1.2138364779874213,0.03926396685971161,554,"Of all the beer joints in all the towns, in all the world you walk into mine."
2331,3,28,128,159,1.2138364779874213,0.036094661736335854,554,"Who are you calling a jerk, clown?"
2331,5,24,130,159,1.2138364779874213,0.03823673100123131,554,This is the happiest I've seen you since Election Day!
2331,7,20,132,159,1.2138364779874213,0.040265004525773244,554,Where's Melania?
2331,6,22,131,159,1.2138364779874213,0.03926396685971161,554,"You look familiar, have you been here before?"
2331,5,24,130,159,1.2138364779874213,0.03823673100123131,554,I'd chalk it up to bad career choice.....
2331,8,18,133,159,1.2138364779874213,0.04124175172516981,554,You're not the only circus member to move into the White House
2331,9,16,134,159,1.2138364779874213,0.04219589531293957,554,Last month the elephants were here.
2331,7,20,132,159,1.2138364779874213,0.040265004525773244,554,"Just remember, people will continue to laugh at you long after the Circus is gone."
2331,8,18,133,159,1.2138364779874213,0.04124175172516981,554,"No, there's not one goddamn thing that's funny about it."
2331,7,20,132,159,1.2138364779874213,0.040265004525773244,554,Would you mind not sitting in front of the window?
2331,4,26,129,159,1.2138364779874213,0.03718112561180088,554,One Barnum and Baily Irish Cream coming up.
2331,5,24,130,159,1.2138364779874213,0.03823673100123131,554,Little early for Happy Hour
2331,4,26,129,159,1.2138364779874213,0.03718112561180088,554,"So, just to be clear, then I throw it at you face?"
2331,9,16,134,159,1.2138364779874213,0.04219589531293957,554,"Sorry, but we don't serve clowns anymore. People say they taste funny."
2331,9,16,134,159,1.2138364779874213,0.04219589531293957,554,"Look, pal, happy hour was two hours ago."
2331,6,22,131,159,1.2138364779874213,0.03926396685971161,554,The ad said BOGO free drinks not BOZO drinks free.
2331,7,20,132,159,1.2138364779874213,0.040265004525773244,554,I knew Sam. You're no Sam.
2331,4,26,129,159,1.2138364779874213,0.03718112561180088,554,Would you like it in a glass or in your flower?
2331,6,22,131,159,1.2138364779874213,0.03926396685971161,554,"Well, maybe, next year."
2331,10,14,135,159,1.2138364779874213,0.04312893549765127,554,Sorry Barnum. We're closed too.
2331,8,18,133,159,1.2138364779874213,0.04124175172516981,554,Why so grim?
2331,7,20,132,159,1.2138364779874213,0.040265004525773244,554,"Sorry about the circus closing, though I hear the new administration in D.C. is looking for folks like you."
2331,6,22,131,159,1.2138364779874213,0.03926396685971161,554,Your 50 friends tell me you're their designated driver.
2331,8,18,133,159,1.2138364779874213,0.04124175172516981,554,"Nice Trump imitation, but you still have to pay."
2331,5,24,130,159,1.2138364779874213,0.03823673100123131,554,Why the red nose?
2331,7,20,132,159,1.2138364779874213,0.040265004525773244,554,Happy Hour?
2331,3,28,128,159,1.2138364779874213,0.036094661736335854,554,Sarsaparilla! Are you trying to be funny?
2331,7,20,132,159,1.2138364779874213,0.040265004525773244,554,"Lose the flower, pal. He's president."
2331,7,20,132,159,1.2138364779874213,0.040265004525773244,554,Very funny. Don't you usually work with a priest and a rabbi on this sort of thing?
2331,5,24,130,159,1.2138364779874213,0.03823673100123131,554,"You keep this up, there will be one less clown in that car!"
2331,4,26,129,159,1.2138364779874213,0.03718112561180088,554,"If I serve you, I'll have to serve everyone in your clown car."
2331,5,24,130,159,1.2138364779874213,0.03823673100123131,554,I'll have to charge you extra to spray the drink in your face.
2383,5,24,131,160,1.2125,0.038020496789240264,554,I'm not afraid of you.
2383,6,22,132,160,1.2125,0.0390406778668338,554,I'm not surprised work has been slow for you since the election.
2383,8,18,134,160,1.2125,0.04100496595175276,554,The beer tastes funny. Are you kidding me?
2383,5,24,131,160,1.2125,0.038020496789240264,554,"Sorry bub, but you can't have a rubber chicken on your pizza."
2383,7,20,133,160,1.2125,0.04003487080662488,554,"I'm sorry, we need an ID with a current photo."
2383,8,18,134,160,1.2125,0.04100496595175276,554,"Cheer up, Dufus. We can't all be Bozos."
2383,7,20,133,160,1.2125,0.04003487080662488,554,"Sorry, we don't serve ""seltzer water to the face."""
2383,7,20,133,160,1.2125,0.04003487080662488,554,We're all sold out of inauguration pies.
2383,7,20,133,160,1.2125,0.04003487080662488,554,One Soda Water In The Face coming up. Pretzels?
2383,7,20,133,160,1.2125,0.04003487080662488,554,you know that really isn't much of a disguise Mr.President
2383,6,22,132,160,1.2125,0.0390406778668338,554,It was worth a try but can we go back to normal Happy Hour now?
2383,10,14,136,160,1.2125,0.04287936493357753,554,"That disguise will not work Mr. Trump. No ethics, No drink."
2383,5,24,131,160,1.2125,0.038020496789240264,554,Who's tab this time...Barnum's or Bailey's?
2383,8,18,134,160,1.2125,0.04100496595175276,554,It's not my fault. I always took the kids to the circus.
2383,4,26,130,160,1.2125,0.036972176347888575,554,"Truth, you don't look like a happy drunk to me."
2398,7,20,134,161,1.2111801242236024,0.039807317252582214,554,Please leave. You're scaring the customers.
2399,8,17,132,157,1.2101910828025477,0.041442083430877144,554,Yeah...gotta be hard to compete with the new Administration coming in...
2399,4,25,128,157,1.2101910828025477,0.03729355185255694,554,We don't serve drinks to sad clowns during happy hour.
2399,7,19,131,157,1.2101910828025477,0.040444863230868704,554,"So, a refill of the sunflower, then?"
2399,4,25,128,157,1.2101910828025477,0.03729355185255694,554,Not sure where is the circus...but it you are looking for the Inaugeration...it is on the next block.
2399,6,21,130,157,1.2101910828025477,0.03942242565387837,554,Out of all seventeen friends I'm sorry you got stuck being the designated driver.
2399,5,23,129,157,1.2101910828025477,0.03837275501065125,554,You guys should have kept the elephants.
2399,8,17,132,157,1.2101910828025477,0.041442083430877144,554,Nice disguise Bob. I still can't serve you.
2399,6,21,130,157,1.2101910828025477,0.03942242565387837,554,"Sorry pal, three-ring minimum."
2399,6,21,130,157,1.2101910828025477,0.03942242565387837,554,We're fresh outta seltzer!
2399,5,23,129,157,1.2101910828025477,0.03837275501065125,554,I don't have anything that tastes funny
2399,6,21,130,157,1.2101910828025477,0.03942242565387837,554,Your job was offshored? What a joke.
2399,7,19,131,157,1.2101910828025477,0.040444863230868704,554,The clown discount is only good while the Circus is in town!
2399,6,21,130,157,1.2101910828025477,0.03942242565387837,554,"No, I don't want a spritz of water. I'm asking what you want."
2399,4,25,128,157,1.2101910828025477,0.03729355185255694,554,Post-comedy era you say?
2399,8,17,132,157,1.2101910828025477,0.041442083430877144,554,My professional advice? Your problems cannot be cured by drinking.
2399,6,21,130,157,1.2101910828025477,0.03942242565387837,554,YOU WANNA TRY OUR NEW BEER? IT TASTES FUNNY.
2399,8,17,132,157,1.2101910828025477,0.041442083430877144,554,"I told you before, you're too early for the Happy Hour."
2399,7,19,131,157,1.2101910828025477,0.040444863230868704,554,Are your seven buddies still in the V W bug?
2399,5,23,129,157,1.2101910828025477,0.03837275501065125,554,Custard pie? Plumb out.
2399,8,17,132,157,1.2101910828025477,0.041442083430877144,554,Please tell me that was a whoopie cushion full of air and wet jello.
2399,6,21,130,157,1.2101910828025477,0.03942242565387837,554,"No I am sorry, we don't have seltzer water in a bottle, only on tap, and no I won't pour it down your pants, sorry"
2399,6,21,130,157,1.2101910828025477,0.03942242565387837,554,"Clown, I've got something that will turn that frown, upside down."
2399,7,19,131,157,1.2101910828025477,0.040444863230868704,554,This is the bar. You're the joke. I don't know what you're supposed to do next.
2399,9,15,133,157,1.2101910828025477,0.04241586491420267,554,Who's Cathy?
2399,8,17,132,157,1.2101910828025477,0.041442083430877144,554,"Is that you, Norm?"
2399,6,21,130,157,1.2101910828025477,0.03942242565387837,554,"Sure, they're all in an animal sanctuary now. But an elephant never forgets."
2399,6,21,130,157,1.2101910828025477,0.03942242565387837,554,"trust me, we can make sam's great again"
2399,4,25,128,157,1.2101910828025477,0.03729355185255694,554,"Sorry, we're all out of seltzer. ... And cream pie."
2399,3,27,127,157,1.2101910828025477,0.036182173683338134,554,A spritz of seltzer down your pants is two bits.
2399,9,15,133,157,1.2101910828025477,0.04241586491420267,554,"Don't be down, you too could be the next president!"
2399,7,19,131,157,1.2101910828025477,0.040444863230868704,554,Don't worry about the Dems . . . you'll still get the appointment.
2399,4,25,128,157,1.2101910828025477,0.03729355185255694,554,A little seltzer in you pants?
2399,4,25,128,157,1.2101910828025477,0.03729355185255694,554,We don't serve shaving cream pies.
2399,7,19,131,157,1.2101910828025477,0.040444863230868704,554,Tell your friend outside to quit walking on the power line.
2399,5,23,129,157,1.2101910828025477,0.03837275501065125,554,"Sorry, none of my stuff tastes funny. What else do you want?"
2399,5,23,129,157,1.2101910828025477,0.03837275501065125,554,"Happy Hour, there's no stinking happy hour"
2399,7,19,131,157,1.2101910828025477,0.040444863230868704,554,I'd heard it was last call for clowns.
2399,8,17,132,157,1.2101910828025477,0.041442083430877144,554,"Sorry, Happy Hour doesn't start for another 30 minutes."
2399,8,17,132,157,1.2101910828025477,0.041442083430877144,554,Free drinks for clowns was last week...
2399,4,25,128,157,1.2101910828025477,0.03729355185255694,554,"John, your perception of reality inspires all of us here."
2399,8,17,132,157,1.2101910828025477,0.041442083430877144,554,"Man, get over it. You aren't clownish enough to be the new Secretary of Energy."
2399,9,15,133,157,1.2101910828025477,0.04241586491420267,554,"Yes, I know. A clown comes into a bar with a flower in his hat."
2399,2,29,126,157,1.2101910828025477,0.03503555872428952,554,"Sorry Buddy, the Inaugural Ball is down the street."
2399,6,21,130,157,1.2101910828025477,0.03942242565387837,554,You'll need to hand over the bell and horn until you're ready to leave.
2399,5,23,129,157,1.2101910828025477,0.03837275501065125,554,"Hey bud, you trying to be funny?"
2399,7,19,131,157,1.2101910828025477,0.040444863230868704,554,"Bill, I still know you'll be an angry drunk"
2399,8,17,132,157,1.2101910828025477,0.041442083430877144,554,You just made my decision to end open mic night a lot easier.
2399,8,17,132,157,1.2101910828025477,0.041442083430877144,554,You couldn't take better care of the elephants?
2399,7,19,131,157,1.2101910828025477,0.040444863230868704,554,"Yep, Bozo used to come here all the time for cream pie."
2399,4,25,128,157,1.2101910828025477,0.03729355185255694,554,Your usual?
2399,4,25,128,157,1.2101910828025477,0.03729355185255694,554,"No, I asked you to scare UP some customers."
2399,5,23,129,157,1.2101910828025477,0.03837275501065125,554,"You should have been here last night, pal. It was a real circus!"
2399,7,19,131,157,1.2101910828025477,0.040444863230868704,554,"Well, if you only have weekends off, chances are you won't run into the priest or the rabbi."
2399,6,21,130,157,1.2101910828025477,0.03942242565387837,554,You're funnier when you're sober.
2399,4,25,128,157,1.2101910828025477,0.03729355185255694,554,"What do you mean, 'yesterday's lunch tasted funny?'"
2399,6,21,130,157,1.2101910828025477,0.03942242565387837,554,Sorry. Happy hour isn't until 3:00 p.m.
2399,5,23,129,157,1.2101910828025477,0.03837275501065125,554,I don't care if you're the new Supreme Court Justice. No free beer!
2399,7,19,131,157,1.2101910828025477,0.040444863230868704,554,"Sorry, it may be Happy Hour out there all day for you clowns, but in here it's 4 to 6."
2399,6,21,130,157,1.2101910828025477,0.03942242565387837,554,"Why so glum, bud? Circus leave town or something?"
2399,12,9,136,157,1.2101910828025477,0.04521154220333797,554,"Sorry Jo-Jo, rules are rules. Happy Hour ended 10 minutes ago."
2399,6,21,130,157,1.2101910828025477,0.03942242565387837,554,There's always kids birthday parties
2399,5,23,129,157,1.2101910828025477,0.03837275501065125,554,"""Sorry, can't serve you. No clowns allowed in 'walks into a bar' jokes."
2399,5,23,129,157,1.2101910828025477,0.03837275501065125,554,Happy Hour starts at 4.
2399,5,23,129,157,1.2101910828025477,0.03837275501065125,554,What traumatic childhood experience led you to this?
2399,5,23,129,157,1.2101910828025477,0.03837275501065125,554,You're going to have to stop drowning your sorrows in Helium.
2399,8,17,132,157,1.2101910828025477,0.041442083430877144,554,"I'll get you the bourbon, buy you can supply your own seltzer."
2399,8,17,132,157,1.2101910828025477,0.041442083430877144,554,"Yup, you and me both. The last time I laughed at a New Yorker cartoon was the chicken that crossed the road to get a martini."
2399,5,23,129,157,1.2101910828025477,0.03837275501065125,554,Congratulations. You just killed Happy Hour!
2399,8,17,132,157,1.2101910828025477,0.041442083430877144,554,I'm tired of you bozos asking if microbrews are the same size as regular beers.
2399,5,23,129,157,1.2101910828025477,0.03837275501065125,554,"Yes, all of our beer tastes funny."
2399,5,23,129,157,1.2101910828025477,0.03837275501065125,554,You want a shot of seltzer down your pants ?
2399,4,25,128,157,1.2101910828025477,0.03729355185255694,554,"Did you hear the one, ""a clown walks into a bar..?"""
2399,4,25,128,157,1.2101910828025477,0.03729355185255694,554,Boss man says no more seltzer refills until you buy something.
2399,8,17,132,157,1.2101910828025477,0.041442083430877144,554,"What exactly is a ""Clownachino"""
2399,8,17,132,157,1.2101910828025477,0.041442083430877144,554,"Let me guess, 'Ringling Brothers'?"
2399,7,19,131,157,1.2101910828025477,0.040444863230868704,554,Looks like you lost the bet.
2399,7,19,131,157,1.2101910828025477,0.040444863230868704,554,"You guys have it figured out. There could be twenty of you here, and you'd only need one designated driver."
2399,7,19,131,157,1.2101910828025477,0.040444863230868704,554,did you hear about the clown who died and 14 of his friends went to the funeral in the same car
2399,7,19,131,157,1.2101910828025477,0.040444863230868704,554,"No, no. I ordered Crown!"
2399,6,21,130,157,1.2101910828025477,0.03942242565387837,554,"Of all the ginger ale joints in the world, you walked into mine"
2399,7,19,131,157,1.2101910828025477,0.040444863230868704,554,"Well, this is the first time an actual clown has walked in here."
2399,7,19,131,157,1.2101910828025477,0.040444863230868704,554,"sorry sir, happy hour is over"
2399,5,23,129,157,1.2101910828025477,0.03837275501065125,554,"No, I do not want to hear ""Vesti la Giubba"" from Pagliacci. It's cash only."
2399,2,29,126,157,1.2101910828025477,0.03503555872428952,554,I am not going to play it again.
2399,5,23,129,157,1.2101910828025477,0.03837275501065125,554,Have you thought of joining a circus and becoming a clown.
2399,10,13,134,157,1.2101910828025477,0.04336778659037139,554,"Sorry, S'ma sold the place about twenty years ago."
2399,4,25,128,157,1.2101910828025477,0.03729355185255694,554,Whadda' mean you only want a seltzer bottle?
2399,6,21,130,157,1.2101910828025477,0.03942242565387837,554,Petite Shiraz? The others just wanted Seltzer to the face.
2399,6,21,130,157,1.2101910828025477,0.03942242565387837,554,I'm sorry but that's our policy. We can't serve seltzer to clowns.
2399,4,25,128,157,1.2101910828025477,0.03729355185255694,554,"Well, Ballantine has a nice three ring logo that might bring you some comfort."
2399,7,19,131,157,1.2101910828025477,0.040444863230868704,554,"Yup, still creepy at age 54."
2399,8,17,132,157,1.2101910828025477,0.041442083430877144,554,"Why the sad face Bozo, is the new guy in the White House stealing your show?"
2491,6,22,134,162,1.2098765432098766,0.03860152009157502,554,I expected you later for happy hour.
2491,8,18,136,162,1.2098765432098766,0.040539361435317674,554,"Wait, you didn't know it was going to be a tragedy?"
2491,3,28,131,162,1.2098765432098766,0.03549695261674855,554,"Well, I guess it's still Happy Hour."
2494,3,27,128,158,1.2088607594936709,0.035977047369997836,554,"Sorry, we're outta seltzer"
2494,6,21,131,158,1.2088607594936709,0.039194705034142185,554,Why the wide face!
2494,2,29,127,158,1.2088607594936709,0.03483851722418192,554,Can I get you something that tastes funny?
2494,9,15,134,158,1.2088607594936709,0.04216754519726935,554,I am not serving the other 15 clowns in your car until see their IDs.
2494,8,17,133,158,1.2088607594936709,0.041200439474358835,554,I see you've got a new look since your inauguration.
2494,7,19,132,158,1.2088607594936709,0.04021008030080092,554,"I'm sorry. Clown jobs are not coming back, and the circus will not be made Great Again."
2494,7,19,132,158,1.2088607594936709,0.04021008030080092,554,"...and one cannibal says to the other, ""does this taste funny?"""
2494,6,21,131,158,1.2088607594936709,0.039194705034142185,554,"Sorry, we don't take any funny business here."
2494,5,23,130,158,1.2088607594936709,0.03815231641237479,554,You know they are looking for people just like you in Washington D.C.!
2494,4,25,129,158,1.2088607594936709,0.037080636355738494,554,"It's the show that won't go on, not your life."
2494,5,23,130,158,1.2088607594936709,0.03815231641237479,554,"Don't let it get you down, Sprinkles. The new President is hiring."
2494,7,19,132,158,1.2088607594936709,0.04021008030080092,554,Pathos is dead.
2506,6,20,128,154,1.2077922077922079,0.03981465917961695,554,Are you guys hiring? My last gig just folded its tent
2506,10,12,132,154,1.2077922077922079,0.04387182281241017,554,"Sorry, no Happy Hour for sad clowns..."
2506,6,20,128,154,1.2077922077922079,0.03981465917961695,554,"I'm sorry, this is a post-humor bar."
2509,9,14,132,155,1.206451612903226,0.04263697382500547,554,Maybe the world was not ready for a clown mortician.
2509,7,18,130,155,1.206451612903226,0.040624342158753206,554,Buyer's remorse?
2511,9,14,133,156,1.205128205128205,0.04238344472700522,554,"It is pronounced ""Smas""."
2511,8,16,132,156,1.205128205128205,0.04139617616384772,554,Sorry--inauguration party's over.
2511,5,22,129,156,1.205128205128205,0.03828190751741528,554,Green eggs and beer? Not here! Not there!
2511,8,16,132,156,1.205128205128205,0.04139617616384772,554,"Good God, no wonder people run from you."
2511,9,14,133,156,1.205128205128205,0.04238344472700522,554,"No, I'm not joking..."
2511,7,18,131,156,1.205128205128205,0.04038477949734926,554,A little Dutch courage for your confirmation hearing?
2511,8,16,132,156,1.205128205128205,0.04139617616384772,554,"What do you mean: ""You're having doubts about the election?"""
2511,7,18,131,156,1.205128205128205,0.04038477949734926,554,Good luck with your inauguration.
2511,8,16,132,156,1.205128205128205,0.04139617616384772,554,You should apply for a Cabinet position.
2511,7,18,131,156,1.205128205128205,0.04038477949734926,554,"No worries, everyone is a clown these days"
2511,6,20,130,156,1.205128205128205,0.03934739418450387,554,"So, you're a friend of Bozo. Who the hell is Bozo?"
2511,3,26,127,156,1.205128205128205,0.03605660093927812,554,"Hey, what's goin on, you're the third clown we interviewed today!"
2511,6,20,130,156,1.205128205128205,0.03934739418450387,554,"What's up, Boozo?"
2511,6,20,130,156,1.205128205128205,0.03934739418450387,554,Did Mr. Trump send you?
2511,6,20,130,156,1.205128205128205,0.03934739418450387,554,I knew Sam. Sam was a friend of mine. You are no Sam.
2511,5,22,129,156,1.205128205128205,0.03828190751741528,554,You're too sensitive... I wasn't referring to you when I said some clown was terrorizing my patrons.
2511,5,22,129,156,1.205128205128205,0.03828190751741528,554,"Sorry, but I don't think it's going to work out. That's not what I would call business casual."
2511,5,22,129,156,1.205128205128205,0.03828190751741528,554,"My previous employer? Well, after a 146-year run, they came to the conclusion we wouldn't be able to compete with this new administration."
2511,8,16,132,156,1.205128205128205,0.04139617616384772,554,"Sorry about the closing, maybe a cabinet position in the new administration."
2511,6,20,130,156,1.205128205128205,0.03934739418450387,554,"Son, I knew you'd be back."
2511,8,16,132,156,1.205128205128205,0.04139617616384772,554,"You want to return a milkshake because it tastes funny? What are you, some sort of clown?"
2511,8,16,132,156,1.205128205128205,0.04139617616384772,554,"Looks like now that the circus is closing, we'll be getting a bunch of real clowns in here."
2511,8,16,132,156,1.205128205128205,0.04139617616384772,554,"So glad you dropped the orange mask, Mr. President. This is definitely the real you."
2511,7,18,131,156,1.205128205128205,0.04038477949734926,554,Stop clowning around Sam. I know it's you
2511,8,16,132,156,1.205128205128205,0.04139617616384772,554,I'm sorry-we're out of seltzer.
2511,5,22,129,156,1.205128205128205,0.03828190751741528,554,"Well Chuckles, it looks like you finally had the last laugh."
2511,4,24,128,156,1.205128205128205,0.03718590401258445,554,"Sorry pal, creepy clowns are just so 2016."
2511,7,18,131,156,1.205128205128205,0.04038477949734926,554,"Tough break. But, since the election, our clown residency is filled."
2511,5,22,129,156,1.205128205128205,0.03828190751741528,554,Do you know the one about why cannibals don't like clowns?
2511,8,16,132,156,1.205128205128205,0.04139617616384772,554,"I get it, pal. Its just like when Austin Powers ruined the Bond franchise. It was inevitable Trump would ruin the circus. Shall I make it double?"
2511,5,22,129,156,1.205128205128205,0.03828190751741528,554,No country for old clowns.
2511,5,22,129,156,1.205128205128205,0.03828190751741528,554,Scotch with a wine chaser? You can't be serious.
2511,6,20,130,156,1.205128205128205,0.03934739418450387,554,What do you mean? You are dressed perfectly for your new job in Washington.
2511,6,20,130,156,1.205128205128205,0.03934739418450387,554,I don't care that you're not wearing pants.
2511,5,22,129,156,1.205128205128205,0.03828190751741528,554,Another refill for the flower -- coming up. Nice to know that old gag still works.
2511,7,18,131,156,1.205128205128205,0.04038477949734926,554,"I sorry President Trump, I didn't recognize you without the orange hair."
2511,5,22,129,156,1.205128205128205,0.03828190751741528,554,What is this some kind of joke?
2511,8,16,132,156,1.205128205128205,0.04139617616384772,554,It's like Bear Sterns all over again.
2511,9,14,133,156,1.205128205128205,0.04238344472700522,554,"If that's as funny as you can be, we're going to have to ask you to leave."
2511,5,22,129,156,1.205128205128205,0.03828190751741528,554,"Sorry, we don't have Happy Hour on Mondays."
2511,7,18,131,156,1.205128205128205,0.04038477949734926,554,"It's a soda, jerk."
2511,8,16,132,156,1.205128205128205,0.04139617616384772,554,"Bill, when I said we need to increase spirits, this is not what I had in mind."
2511,9,14,133,156,1.205128205128205,0.04238344472700522,554,"Not going to the inauguration,Senator Schumer?"
2511,7,18,131,156,1.205128205128205,0.04038477949734926,554,"No, he won't play it again."
2511,6,20,130,156,1.205128205128205,0.03934739418450387,554,"Sorry, I didn't mean to step on your shoes."
2511,6,20,130,156,1.205128205128205,0.03934739418450387,554,"'OK, one drink and back to the bank"""
2511,8,16,132,156,1.205128205128205,0.04139617616384772,554,Heard you are in the on-deck circle for a cabinet appointment. You sure you want to put up with that circus?
2511,7,18,131,156,1.205128205128205,0.04038477949734926,554,Pastrami on white with mayo? That's not funny.
2511,6,20,130,156,1.205128205128205,0.03934739418450387,554,Your the third clown from Ringling's in here this week!
2560,4,23,125,152,1.2039473684210527,0.03773245114514628,554,"''Let me guess, a shot of depression and leave the bottle''."
2561,8,16,133,157,1.2038216560509554,0.041152407210729325,554,You might try a Twitter account.
2561,5,22,130,157,1.2038216560509554,0.038059725002335024,554,Let me guess. Seltzer on the rocks?
2563,2,27,124,153,1.2026143790849673,0.03514121730160341,554,"The police say the suspect is a giant, he has size 30 shoes!"
2563,8,15,130,153,1.2026143790849673,0.04184376925506992,554,"Sorry, but I just can't let you sit here for the next four years."
2563,6,19,128,153,1.2026143790849673,0.039735404886077685,554,"Congratulations, operative. You successfully brought down the Ringling Bros. from the inside."
2563,9,13,131,153,1.2026143790849673,0.04285907532223529,554,"Tears won't get you a pint, I still need ID."
2563,9,13,131,153,1.2026143790849673,0.04285907532223529,554,Sorry...What exactly WAS your last tweet?
2563,3,25,125,153,1.2026143790849673,0.03634424941368324,554,Can you at least paint a smile on your face?
2563,4,23,126,153,1.2026143790849673,0.03750871601974025,554,Do you have any experience other than throwing pies in people's faces?
2570,5,22,131,158,1.2025316455696202,0.03784006885783284,554,"Well for one, whoopie cushions don't smell."
2571,7,17,130,154,1.2012987012987013,0.04055873051919181,554,The election sure has sent in the frowns.
2571,8,15,131,154,1.2012987012987013,0.04159198311155691,554,"Read the sign, buddy. ""CASH ONLY. NO BALLOON DOGS."""
2571,7,17,130,154,1.2012987012987013,0.04055873051919181,554,"You didn't vote, did you?"
2571,7,17,130,154,1.2012987012987013,0.04055873051919181,554,"I'm tellin' ya, to make it as a clown in the 21st Century you gotta think big."
2571,2,27,125,154,1.2012987012987013,0.034937063875064685,554,"Wait a second, I think I've heard this one before."
2571,9,13,132,154,1.2012987012987013,0.04260018188899725,554,We know the real best medicine.
2571,7,17,130,154,1.2012987012987013,0.04055873051919181,554,"No, funny guy, I'm not going to play it again."
2571,5,21,128,154,1.2012987012987013,0.038408927942357264,554,"Sorry pal, but we're all out of seltzer water"
2571,5,21,128,154,1.2012987012987013,0.038408927942357264,554,"Yeah, I thought the name 'clown bar' would pack 'em in too"
2571,4,23,127,154,1.2012987012987013,0.03728757578413456,554,We're out of cream pies and seltzer.
2571,7,17,130,154,1.2012987012987013,0.04055873051919181,554,I didn't think the end of days would have a sense of humor.
2571,8,15,131,154,1.2012987012987013,0.04159198311155691,554,"Why the long face, Senator Schumer?"
2571,6,19,129,154,1.2012987012987013,0.03949845798894948,554,"So, hows the funny business treating ya?"
2571,8,15,131,154,1.2012987012987013,0.04159198311155691,554,Uber driver? Maybe. But think about capacity.
2571,7,17,130,154,1.2012987012987013,0.04055873051919181,554,Can I see your id?
2571,8,15,131,154,1.2012987012987013,0.04159198311155691,554,What in Heaven's name brought you to Casablanca?
2571,5,21,128,154,1.2012987012987013,0.038408927942357264,554,They have 'Clown Light' on tap down the street.
2571,9,13,132,154,1.2012987012987013,0.04260018188899725,554,You must be coming from doing that Parker kid's party. His parents were here all afternoon.
2571,9,13,132,154,1.2012987012987013,0.04260018188899725,554,"I know this is my moment, but what will you have Mr. President?"
2571,5,21,128,154,1.2012987012987013,0.038408927942357264,554,Have you tried calling a head hunter?
2571,3,25,126,154,1.2012987012987013,0.036131438803816876,554,"Don't look so glum, Grumpo. There's a new circus just came to town."
2571,4,23,127,154,1.2012987012987013,0.03728757578413456,554,"No, you may not have a seltzer."
2571,3,25,126,154,1.2012987012987013,0.036131438803816876,554,"Sure, now you're sorry for being so creepy"
2571,6,19,129,154,1.2012987012987013,0.03949845798894948,554,"Hey, Donnie, what's this I hear about you changing your name to POTUS?"
2571,6,19,129,154,1.2012987012987013,0.03949845798894948,554,"Sorry, I'm all out of the funny stuff."
2571,4,23,127,154,1.2012987012987013,0.03728757578413456,554,"I don't think you understood the concept of ""get dressed up and go out for a drink."""
2571,6,19,129,154,1.2012987012987013,0.03949845798894948,554,Your friend-what does he look like?
2571,6,19,129,154,1.2012987012987013,0.03949845798894948,554,Did you think the Circus would last forever?
2571,3,25,126,154,1.2012987012987013,0.036131438803816876,554,"Look, for the last time. We don't serve our beer with silly straws."
2571,9,13,132,154,1.2012987012987013,0.04260018188899725,554,"I'm sorry that you lost your job with Barnum and Bailey and all, but I'm afraid this is 1600 Massachusetts Avenue."
2571,3,25,126,154,1.2012987012987013,0.036131438803816876,554,How 'bout a cream pie with that seltzer bottle?
2571,5,21,128,154,1.2012987012987013,0.038408927942357264,554,Can't serve you any more drinks; you're starting to act like a clown.
2571,6,19,129,154,1.2012987012987013,0.03949845798894948,554,"Cheer up, Barnum. You can still perform at kids' parties."
2571,9,13,132,154,1.2012987012987013,0.04260018188899725,554,Nice hat.
2571,7,17,130,154,1.2012987012987013,0.04055873051919181,554,"Before I can sell you some pie, I need to see some identification."
2571,6,19,129,154,1.2012987012987013,0.03949845798894948,554,Where's the punch line?
2571,6,19,129,154,1.2012987012987013,0.03949845798894948,554,"Outta Send in the Clowns Ale but we got Transition Lager, it's very similar!"
2571,5,21,128,154,1.2012987012987013,0.038408927942357264,554,"You'll have to leave, you're scaring the customers."
2571,4,23,127,154,1.2012987012987013,0.03728757578413456,554,It must have been a real tough night cause the bottom half of your costume is missing.
2571,7,17,130,154,1.2012987012987013,0.04055873051919181,554,You can't compete with the President? That's sad.
2571,4,23,127,154,1.2012987012987013,0.03728757578413456,554,Cheery coke?
2571,4,23,127,154,1.2012987012987013,0.03728757578413456,554,NORM!!!
2571,4,23,127,154,1.2012987012987013,0.03728757578413456,554,"Sorry, seltzer refills start at 5:00 P.M."
2571,5,21,128,154,1.2012987012987013,0.038408927942357264,554,"Okay, so the tent folded. If I were you I'd send my vita to the White House."
2571,6,19,129,154,1.2012987012987013,0.03949845798894948,554,I'm guessing you want the Ringlingtini?
2571,6,19,129,154,1.2012987012987013,0.03949845798894948,554,Your clown problems are actually quite a respite from the other crap I've been getting.
2571,5,21,128,154,1.2012987012987013,0.038408927942357264,554,Sure I'll vote for you next time.
2571,5,21,128,154,1.2012987012987013,0.038408927942357264,554,You must be the designated clown.
2571,3,25,126,154,1.2012987012987013,0.036131438803816876,554,"Hey, there's always Cirque Du Soleil."
2571,7,17,130,154,1.2012987012987013,0.04055873051919181,554,What do you mean our seltzer makes you feel funny?
2571,8,15,131,154,1.2012987012987013,0.04159198311155691,554,"Excuse me, I'm lost. Directions to the White House please."
2571,4,23,127,154,1.2012987012987013,0.03728757578413456,554,"I've got a seltzer bottle, too, y'know."
2571,3,25,126,154,1.2012987012987013,0.036131438803816876,554,No. More. Cream. Pies. Period.
2571,8,15,131,154,1.2012987012987013,0.04159198311155691,554,Nope....nothing on the menu that tastes funny.
2571,6,19,129,154,1.2012987012987013,0.03949845798894948,554,"Would you, could you with a grump? Would you, could you with a Trump?"
2571,4,23,127,154,1.2012987012987013,0.03728757578413456,554,It is not very often that a clown can put a damper on Happy Hour.
2571,5,21,128,154,1.2012987012987013,0.038408927942357264,554,"We are all out of Seltzer, but can I smell your flower?"
2571,5,21,128,154,1.2012987012987013,0.038408927942357264,554,You're still barred and I still don't think you're funny
2571,6,19,129,154,1.2012987012987013,0.03949845798894948,554,"Sorry, no sad clowns allowed at Happy Hour."
2571,5,21,128,154,1.2012987012987013,0.038408927942357264,554,"Aw, sorry, Sad Clown Happy Hour is from 2 to 3."
2571,7,17,130,154,1.2012987012987013,0.04055873051919181,554,"You miss the elephants, don't you?"
2571,5,21,128,154,1.2012987012987013,0.038408927942357264,554,I like the daisy.
2571,6,19,129,154,1.2012987012987013,0.03949845798894948,554,Weren’t you in here last week at the drive-thru with like a dozen other guys?
2634,6,19,130,155,1.2,0.039264285582820475,554,"Listen Bozo, no funny business this time!"
2634,6,19,130,155,1.2,0.039264285582820475,554,"No normal shirt, no normal shoes, no service."
2634,7,17,131,155,1.2,0.04031713411058204,554,Joe's not here but I can send in the clowns.
2634,5,21,129,155,1.2,0.03818241665698899,554,It must be tough to be a cable news anchor.
2638,4,23,129,156,1.1987179487179487,0.03685290524349477,554,I think you'll do well in your new White House job
2638,7,17,132,156,1.1987179487179487,0.040078368014458646,554,"""...and I say, a President does pay his bar tab""."
2640,3,24,125,152,1.1973684210526316,0.036201040162359255,554,"Don't bother, I've heard them all before."
2640,5,20,127,152,1.1973684210526316,0.0385329996278268,554,"Sorry, happy hour doesn't start until 4:00."
2640,2,26,124,152,1.1973684210526316,0.03497680564454209,554,Let me guess....a double seltzer on the rocks.
2640,5,20,127,152,1.1973684210526316,0.0385329996278268,554,How will I know if you need to be cut off?
2640,9,12,131,152,1.1973684210526316,0.0428175847436635,554,It's no use. Time to move into the White House.
2640,5,20,127,152,1.1973684210526316,0.0385329996278268,554,Stop honking your horn-I will be right with you.
2640,6,18,128,152,1.1973684210526316,0.03964757793433007,554,"What'll it be, Senator Schumer?"
2640,5,20,127,152,1.1973684210526316,0.0385329996278268,554,"Sorry, fake news,no free drinks for clowns"
2640,5,20,127,152,1.1973684210526316,0.0385329996278268,554,It's a circus here in 2 hours.
2640,6,18,128,152,1.1973684210526316,0.03964757793433007,554,"Do you want the seltzer mixed with your drink, or do you want me to spray it in your face?"
2640,7,16,129,152,1.1973684210526316,0.04073166841414003,554,So then she says that inside I'm really just a sad clown.
2640,5,20,127,152,1.1973684210526316,0.0385329996278268,554,"I, too, am in the funny business."
2640,6,18,128,152,1.1973684210526316,0.03964757793433007,554,"Tell you what, you make me a balloon hat and the first one's on me."
2640,6,18,128,152,1.1973684210526316,0.03964757793433007,554,You'd wouldn't believe how many fake IDs we see
2640,5,20,127,152,1.1973684210526316,0.0385329996278268,554,"The service industry needs people with your skills, Bob."
2640,6,18,128,152,1.1973684210526316,0.03964757793433007,554,The ice cream shop was much closer than the circus when I ran away.
2640,7,16,129,152,1.1973684210526316,0.04073166841414003,554,How about I mix you everything into a creepy smoothie?
2640,8,14,130,152,1.1973684210526316,0.041787643957755374,554,I like your disguise Mr. President.
2640,7,16,129,152,1.1973684210526316,0.04073166841414003,554,Before I serve you I must say...in lieu of the Inauguration...you seem more ironic than funny.
2640,6,18,128,152,1.1973684210526316,0.03964757793433007,554,You're cutoff. No more cream pies for you!
2640,5,20,127,152,1.1973684210526316,0.0385329996278268,554,beers of a clown
2640,8,14,130,152,1.1973684210526316,0.041787643957755374,554,Confetti? Sure thing. Up? On the rocks? Or out of a cannon?
2640,6,18,128,152,1.1973684210526316,0.03964757793433007,554,"Sorry, we have no job openings here. But I heard they’re looking for people like you in Washington."
2640,3,24,125,152,1.1973684210526316,0.036201040162359255,554,"You're sad because you broke your humerus? I don't get it, pal."
2640,6,18,128,152,1.1973684210526316,0.03964757793433007,554,"Look Bozo, we don't serve your kind."
2640,6,18,128,152,1.1973684210526316,0.03964757793433007,554,"No snickers, no smiles, no service."
2640,6,18,128,152,1.1973684210526316,0.03964757793433007,554,We don't serve politicians masquerading as clowns.
2640,7,16,129,152,1.1973684210526316,0.04073166841414003,554,"Responding to Send in the Clowns? Don't worry, Donald Trump is here."
2640,7,16,129,152,1.1973684210526316,0.04073166841414003,554,Yep. Smokey Robinson and the Miracles. C-9 on the Jukebox.
2640,6,18,128,152,1.1973684210526316,0.03964757793433007,554,"Cheer up, it's two minutes to Happy Hour"
2640,8,14,130,152,1.1973684210526316,0.041787643957755374,554,"You run off and join the circus, and now, Sam, you want your old job back?"
2640,3,24,125,152,1.1973684210526316,0.036201040162359255,554,Do you want me to play it again?
2640,3,24,125,152,1.1973684210526316,0.036201040162359255,554,"Wait, don't tell me, I've heard this one before."
2640,7,16,129,152,1.1973684210526316,0.04073166841414003,554,"Forgive me, Sam, but it'd be better for business if you stayed upstairs in your office."
2640,8,14,130,152,1.1973684210526316,0.041787643957755374,554,I need to see an I.D. before I can serve a clown.
2640,7,16,129,152,1.1973684210526316,0.04073166841414003,554,"I was sorry to hear about the circus, but this place is for serious drinkers only."
2640,6,18,128,152,1.1973684210526316,0.03964757793433007,554,"I'm sorry sir, but the circus was just in town and I'm all out of Bailey's."
2640,5,20,127,152,1.1973684210526316,0.0385329996278268,554,"Sorry Bub, happy hour starts at 5pm."
2640,6,18,128,152,1.1973684210526316,0.03964757793433007,554,After 146 years... What can I get you ?
2640,5,20,127,152,1.1973684210526316,0.0385329996278268,554,Are you one of the Deplorables?
2640,7,16,129,152,1.1973684210526316,0.04073166841414003,554,Do clowns speak or tweet?
2640,3,24,125,152,1.1973684210526316,0.036201040162359255,554,I have bad-hair-days too.
2640,8,14,130,152,1.1973684210526316,0.041787643957755374,554,He looks qualified.
2640,4,22,126,152,1.1973684210526316,0.03738520676119666,554,What is this some kind of joke?
2640,6,18,128,152,1.1973684210526316,0.03964757793433007,554,Drinking won't turn that frown upside down
2640,5,20,127,152,1.1973684210526316,0.0385329996278268,554,You should have known there'd be performance issues when you began studying existential nihilism.
2640,3,24,125,152,1.1973684210526316,0.036201040162359255,554,Sorry pal. You can't pay with your funny money.
2640,7,16,129,152,1.1973684210526316,0.04073166841414003,554,"Sing and dance all you want, but we're out of seltzer."
2640,5,20,127,152,1.1973684210526316,0.0385329996278268,554,Money first.
2640,3,24,125,152,1.1973684210526316,0.036201040162359255,554,I still don't think you caused the Greatest Show on Earth to close.
2640,6,18,128,152,1.1973684210526316,0.03964757793433007,554,I'm going to need to see some I.D.
2640,6,18,128,152,1.1973684210526316,0.03964757793433007,554,Still no call back on the Innaguration audition then?
2640,4,22,126,152,1.1973684210526316,0.03738520676119666,554,From the Big Top to the Big Tap?
2640,7,16,129,152,1.1973684210526316,0.04073166841414003,554,Seventeen people in he car and you're deaignated driver? That's tough luck.
2640,6,18,128,152,1.1973684210526316,0.03964757793433007,554,I heard Trump's hiring now that your Ringling Brothers gig is over
2640,7,16,129,152,1.1973684210526316,0.04073166841414003,554,"The Senate Confirmation Hearings are up on Capitol Hill, Mr. Tillerson."
2640,5,20,127,152,1.1973684210526316,0.0385329996278268,554,"I heard that one before, but never from an actual clown."
2640,8,14,130,152,1.1973684210526316,0.041787643957755374,554,NORM!!!
2640,8,14,130,152,1.1973684210526316,0.041787643957755374,554,"I don't care if your best friend from college is the President, we're still closed."
2640,4,22,126,152,1.1973684210526316,0.03738520676119666,554,Thanks for remembering to leave the elephant outside...
2640,6,18,128,152,1.1973684210526316,0.03964757793433007,554,But ain't too much sadder than the beers of a clown when there's no one around.
2640,5,20,127,152,1.1973684210526316,0.0385329996278268,554,"No, I don't think you're deplorable; I voted for him too."
2640,2,26,124,152,1.1973684210526316,0.03497680564454209,554,"""Wanna hear something funny?""................."
2640,3,24,125,152,1.1973684210526316,0.036201040162359255,554,Democrat ??
2640,6,18,128,152,1.1973684210526316,0.03964757793433007,554,Would two more clowns in that little car have saved the circus?
2640,6,18,128,152,1.1973684210526316,0.03964757793433007,554,"No. I don't think anyone recognized you, Mr. President."
2640,8,14,130,152,1.1973684210526316,0.041787643957755374,554,Where nobody knows your name
2640,7,16,129,152,1.1973684210526316,0.04073166841414003,554,"And a cream pie at my face, please"
2640,7,16,129,152,1.1973684210526316,0.04073166841414003,554,"Sorry, no discount if you provide your own seltzer."
2640,7,16,129,152,1.1973684210526316,0.04073166841414003,554,"Personally, I don't think any of them taste funny."
2640,7,16,129,152,1.1973684210526316,0.04073166841414003,554,Please don't cry. We just don't have your flavor.
2640,8,14,130,152,1.1973684210526316,0.041787643957755374,554,I know it's tough when an elephant sits on your best friend. Was he also a Democrat?
2640,6,18,128,152,1.1973684210526316,0.03964757793433007,554,"No, but I know the one about a horse that walked into a bar."
2640,7,16,129,152,1.1973684210526316,0.04073166841414003,554,I have the right to refuse circus to anyone.
2640,8,14,130,152,1.1973684210526316,0.041787643957755374,554,Your wife just called. She said not to forget to pick up the pies and seltzer water on your way home.
2640,6,18,128,152,1.1973684210526316,0.03964757793433007,554,Good yuck with your job search.
2640,5,20,127,152,1.1973684210526316,0.0385329996278268,554,I had a funny feeling I would see you.
2640,8,14,130,152,1.1973684210526316,0.041787643957755374,554,Seltzer -- bottle or tap?
2640,6,18,128,152,1.1973684210526316,0.03964757793433007,554,I really mean it. I think there's plenty of room in the history books for a second clown president.
2640,7,16,129,152,1.1973684210526316,0.04073166841414003,554,"I know the circus closed, but you look like a guy with a lot of possibilities."
2640,4,22,126,152,1.1973684210526316,0.03738520676119666,554,"Yes, I heard about Ringling Brothers closing...you didn't run into three drunk elephants on your way in?"
2640,9,12,131,152,1.1973684210526316,0.0428175847436635,554,Trump's bus left 15 minutes ago.
2640,4,22,126,152,1.1973684210526316,0.03738520676119666,554,Don't worry -- there's still the possiblity of being the first respectable clown in the White House.
2640,5,20,127,152,1.1973684210526316,0.0385329996278268,554,Sorry! We only serve happy clowns.
2640,8,14,130,152,1.1973684210526316,0.041787643957755374,554,No Mr president we don't have Russian prostitute pee-pee on tap. Try Vladimir's down the street.
2640,5,20,127,152,1.1973684210526316,0.0385329996278268,554,"You didn't leave it here, I haven't seen a seltzer bottle in 25 years."
2640,4,22,126,152,1.1973684210526316,0.03738520676119666,554,Do you see me laughing?
2640,6,18,128,152,1.1973684210526316,0.03964757793433007,554,"No, I don't need any seltzer."
2640,5,20,127,152,1.1973684210526316,0.0385329996278268,554,It's 8:00 am. Happy Hour is from 3:00 to 6:00 pm.
2640,5,20,127,152,1.1973684210526316,0.0385329996278268,554,Where were you clowns before the elections....
2640,8,14,130,152,1.1973684210526316,0.041787643957755374,554,I take it you're ready for Trump's inauguration.
2640,9,12,131,152,1.1973684210526316,0.0428175847436635,554,"The SIXTYS are over, Bud...They're NOT wearing Flowers in their Hair anymore!"
2640,5,20,127,152,1.1973684210526316,0.0385329996278268,554,"Sure, you come back here with your fancy show-business ways, lording it over us, but you've forgotten who gave you your first seltzer bottle."
2640,4,22,126,152,1.1973684210526316,0.03738520676119666,554,"I'm sorry, sir, we only have pints or schooners - no 'spray into my face'."
2640,6,18,128,152,1.1973684210526316,0.03964757793433007,554,I can tell you're only laughing on the outside
2640,4,22,126,152,1.1973684210526316,0.03738520676119666,554,I have to agree with you that hemorrhoids are no laughing matter.
2640,5,20,127,152,1.1973684210526316,0.0385329996278268,554,"You've got another Hamptons kids' party, don't you?"
2640,3,24,125,152,1.1973684210526316,0.036201040162359255,554,Which of our three draughts would you prefer to cry in?
2640,8,14,130,152,1.1973684210526316,0.041787643957755374,554,No. I can't serve everyone in your car.
2640,4,22,126,152,1.1973684210526316,0.03738520676119666,554,"No clowning around here, sir."
2640,6,18,128,152,1.1973684210526316,0.03964757793433007,554,"Sorry, he just left for Washington."
2640,5,20,127,152,1.1973684210526316,0.0385329996278268,554,Would you like to try our hoppiest I.P.A?
2640,4,22,126,152,1.1973684210526316,0.03738520676119666,554,"Hey pal, I think you've had enough. Let me call you a clown car."
2640,7,16,129,152,1.1973684210526316,0.04073166841414003,554,I know Trump is still hiring in DC.
2640,7,16,129,152,1.1973684210526316,0.04073166841414003,554,It ain't Happy Hour
2640,6,18,128,152,1.1973684210526316,0.03964757793433007,554,You have a permit for that concealed selzer bottle?
2640,5,20,127,152,1.1973684210526316,0.0385329996278268,554,"When you heard ""Send in the Clowns"", just where were you?"
2640,7,16,129,152,1.1973684210526316,0.04073166841414003,554,"Times have really changed, Norm."
2640,7,16,129,152,1.1973684210526316,0.04073166841414003,554,So you say you have experience with soda bottles and your schedule is wide open?
2640,7,16,129,152,1.1973684210526316,0.04073166841414003,554,Have you thought about looking in DC?
2640,10,10,132,152,1.1973684210526316,0.043823326425791564,554,"Yes, I believe you're Cathy's Clown."
2640,5,20,127,152,1.1973684210526316,0.0385329996278268,554,"I know, I did not vote either."
2640,5,20,127,152,1.1973684210526316,0.0385329996278268,554,I'm cutting you off. There are already enough clowns in your car.
2640,5,20,127,152,1.1973684210526316,0.0385329996278268,554,I don't think I can go on without the elephants.
2640,4,22,126,152,1.1973684210526316,0.03738520676119666,554,"I hear ya, reality is my competition too."
2640,6,18,128,152,1.1973684210526316,0.03964757793433007,554,"Sorry, we won't be serving presidential candidates for another 2 years..."
2640,6,18,128,152,1.1973684210526316,0.03964757793433007,554,"... and there's always some bozo yelling, ""Tastes great! Less filling!"" Oh, sorry."
2640,7,16,129,152,1.1973684210526316,0.04073166841414003,554,fake clown.
2640,6,18,128,152,1.1973684210526316,0.03964757793433007,554,Scary hour seemed worth a shot.
2640,7,16,129,152,1.1973684210526316,0.04073166841414003,554,"Yeah, life can be funny sometimes..."
2760,9,12,132,153,1.196078431372549,0.04255636656453098,554,"Listen Clown, I don't want any trouble, ya' hear?"
2760,7,16,130,153,1.196078431372549,0.040485129506569725,554,I hate to tell you this but the fat lady has herpes.
2760,1,28,124,153,1.196078431372549,0.03351193577116516,554,"Yeah, it used to be a circus in here too."
2760,10,10,133,153,1.196078431372549,0.04355506454110974,554,"So, you've come back, Sam."
2760,9,12,132,153,1.196078431372549,0.04255636656453098,554,I think the clown pant suit will give you away Mrs. Clinton.
2760,4,22,127,153,1.196078431372549,0.03716245114557449,554,It's been a lot emptier since the joking ban.
2760,3,24,126,153,1.196078431372549,0.035986781783617534,554,We don't have the punch & judy anymore. May I suggest a harlequintini.
2760,7,16,130,153,1.196078431372549,0.040485129506569725,554,Sam?! Sam?! I thought you ran away to join the circus!
2760,4,22,127,153,1.196078431372549,0.03716245114557449,554,I'm sorry we don't have anything that tastes funny...
2760,7,16,130,153,1.196078431372549,0.040485129506569725,554,"Nice try Joe, you are still cut off."
2760,5,20,128,153,1.196078431372549,0.038302050691219065,554,We have a happy hour for the clinically depressed. Half-price drinks if you show a current prescription for a major depressive disorder
2760,8,14,131,153,1.196078431372549,0.04153366132631731,554,Whats a Balloon Teenie???
2760,5,20,128,153,1.196078431372549,0.038302050691219065,554,I read on Twitter you are headlining the inaugural ball.
2760,6,18,129,153,1.196078431372549,0.039408709686542885,554,I know. 146 years. The first one's on the house.
2760,5,20,128,153,1.196078431372549,0.038302050691219065,554,"Sure, we serve clowns here. They're $7.95 a dozen."
2760,8,14,131,153,1.196078431372549,0.04153366132631731,554,Sorry but your funny is no good here anymore.
2760,7,16,130,153,1.196078431372549,0.040485129506569725,554,"Well there's the id, the ego and the super ego..."
2777,9,12,133,154,1.1948051948051948,0.04229829086653748,554,"Ok Sam, I'm ready. . . send in the clown."
2778,4,21,125,150,1.1933333333333334,0.037478305929719805,554,"No, I won't give you a drink in exchange for a balloon animal."
2778,5,19,126,150,1.1933333333333334,0.038653704531062046,554,On you or in you?
2778,9,11,130,150,1.1933333333333334,0.04303545873377613,554,"What'll you have, Trumpo?"
2778,13,3,134,150,1.1933333333333334,0.04701055778097564,554,"we don't serve your kind in here, you piece of shit. you motherfucker."
2778,7,15,128,150,1.1933333333333334,0.04090329804796426,554,Bozo? I haven't heard that name in years.
2778,6,17,127,150,1.1933333333333334,0.039794400769299465,554,"No, happy hour doesn't begin until four."
2778,5,19,126,150,1.1933333333333334,0.038653704531062046,554,Hey! Why the long face?
2778,8,13,129,150,1.1933333333333334,0.041982916166145155,554,"Nope, I'm out of seltzer..."
2778,4,21,125,150,1.1933333333333334,0.037478305929719805,554,Try painting on a smile and see how that works.
2778,7,15,128,150,1.1933333333333334,0.04090329804796426,554,"I'm sorry, we no longer have Happy, but I can swirl together Anger and Certainty."
2778,5,19,126,150,1.1933333333333334,0.038653704531062046,554,I'm assuming you'd like the presidential special?
2789,3,23,125,151,1.1920529801324504,0.0360466117032233,554,"I told ya, pal - we don't serve seltzer here!"
2789,5,19,127,151,1.1920529801324504,0.03841820736036572,554,"You're a clown, man! Forget the whiskey sour!"
2789,5,19,127,151,1.1920529801324504,0.03841820736036572,554,We don't serve mocktails.
2789,5,19,127,151,1.1920529801324504,0.03841820736036572,554,Turn that frown upside down and maybe you can get happy hour prices.
2789,7,15,129,151,1.1920529801324504,0.04065168014098756,554,Happy hour doesn't start until 5.
2789,6,17,128,151,1.1920529801324504,0.0395507127310572,554,I can't hide this bald spot with a hat anymore.
2789,5,19,127,151,1.1920529801324504,0.03841820736036572,554,"Go ahead...ask for something that tastes ""funny"" and see what happens."
2789,6,17,128,151,1.1920529801324504,0.0395507127310572,554,"No, I said that specific microbrew is a bit hoppy, not happy."
2789,6,17,128,151,1.1920529801324504,0.0395507127310572,554,Seltzer with a splash of seltzer?
2789,6,17,128,151,1.1920529801324504,0.0395507127310572,554,You look familiar . . .
2789,6,17,128,151,1.1920529801324504,0.0395507127310572,554,"Stiff one, Sam. I'm working the flower show."
2789,8,13,130,151,1.1920529801324504,0.04172360625635941,554,"Hey Donald, I didn't recognize you"
2789,5,19,127,151,1.1920529801324504,0.03841820736036572,554,Stop clowning around.
2789,6,17,128,151,1.1920529801324504,0.0395507127310572,554,"No stilts, no service."
2789,5,19,127,151,1.1920529801324504,0.03841820736036572,554,"A Clown Car on the rocks, Sam. And keep 'em coming!"
2789,4,21,126,151,1.1920529801324504,0.03725128770973571,554,"You want soda with that, or did you bring your own?"
2789,8,13,130,151,1.1920529801324504,0.04172360625635941,554,We don't do seltzer bottles to go.
2789,7,15,129,151,1.1920529801324504,0.04065168014098756,554,I'm sorry but 'clown-con' is just not a thing.
2789,3,23,125,151,1.1920529801324504,0.0360466117032233,554,I'd hire you but I'm not sure if you have the right makeup for this job
2789,4,21,126,151,1.1920529801324504,0.03725128770973571,554,"No, I can't cram twenty scoops into one cone."
2789,5,19,127,151,1.1920529801324504,0.03841820736036572,554,stop clowning around and order a drink.
2789,8,13,130,151,1.1920529801324504,0.04172360625635941,554,"I will still need to see your ID, there are plenty of underage clowns trying to get beer."
2789,6,17,128,151,1.1920529801324504,0.0395507127310572,554,"Why, George, don't you remember? 115th U.S. Congress, House Ethics Committee? You and me?"
2812,4,20,125,149,1.1879194630872483,0.03733495333953283,554,"Now that the circus is closing,you need to think outside the big top."
2812,7,14,128,149,1.1879194630872483,0.04081645385829969,554,"""I'm sorry about Barnum and Bailey, but I just don't need any help right now""."
2812,6,16,127,149,1.1879194630872483,0.039689900277016354,554,Why the wide face!
2812,6,16,127,149,1.1879194630872483,0.039689900277016354,554,The Inaugeration was two weeks ago.
2812,6,16,127,149,1.1879194630872483,0.039689900277016354,554,What does THIS clown want?
2812,6,16,127,149,1.1879194630872483,0.039689900277016354,554,Need a job?
2812,5,18,126,149,1.1879194630872483,0.03853042255714695,554,So...out of one job and straight into another.
2812,3,22,124,149,1.1879194630872483,0.03609991716469566,554,I'm not giving you that seltzer bottle again.
2812,6,16,127,149,1.1879194630872483,0.039689900277016354,554,Yeah.... I heard about it.... Maybe you could go into politics - it's worked for countless other clowns!
2812,6,16,127,149,1.1879194630872483,0.039689900277016354,554,You have got to be kidding!
2812,6,16,127,149,1.1879194630872483,0.039689900277016354,554,I don't get it.
2812,3,22,124,149,1.1879194630872483,0.03609991716469566,554,Seriously? You're Sam?
2812,6,16,127,149,1.1879194630872483,0.039689900277016354,554,What party are you looking for? Republican or Democrat.
2812,6,16,127,149,1.1879194630872483,0.039689900277016354,554,Shut down? You're joking! I just saw a bunch of you parading down Pennsylvania Avenue.
2812,5,18,126,149,1.1879194630872483,0.03853042255714695,554,"Not hiring here, but you might consider a career in politics."
2812,5,18,126,149,1.1879194630872483,0.03853042255714695,554,"Yes, the ""kiddie"" party is upstairs but no, I can't give you a Scotch to-go cup."
2812,6,16,127,149,1.1879194630872483,0.039689900277016354,554,Maybe Trump will force Ringling Brothers to stay in business.
2812,5,18,126,149,1.1879194630872483,0.03853042255714695,554,"Gee, Bozo. You've had a rough week...First the circus closes, then the clown car arrives in Washington without you. Lemme get you a bottle of our best seltzer..."
2812,5,18,126,149,1.1879194630872483,0.03853042255714695,554,If you squirt me with that flower one more time I'm cutting you off. Stop it!
2812,6,16,127,149,1.1879194630872483,0.039689900277016354,554,"Yes, it does taste funny."
2812,3,22,124,149,1.1879194630872483,0.03609991716469566,554,We don't serve whisky from lapel carnations.
2812,6,16,127,149,1.1879194630872483,0.039689900277016354,554,Sorry about the circus gig. How about going into government?
2812,6,16,127,149,1.1879194630872483,0.039689900277016354,554,Why so sad?
2812,6,16,127,149,1.1879194630872483,0.039689900277016354,554,"Ok, so the rabbi, the priest, the Mexican , the guy with the really small head , the lesbian and the horse are out in the car . Right ?"
2812,6,16,127,149,1.1879194630872483,0.039689900277016354,554,"I'm sorry, we just don't serve the liberal media in here anymore."
2812,4,20,125,149,1.1879194630872483,0.03733495333953283,554,Time to wet your whistle?
2812,4,20,125,149,1.1879194630872483,0.03733495333953283,554,Well at least you had a job for 100 years.
2812,4,20,125,149,1.1879194630872483,0.03733495333953283,554,All the money...and make it quick. I have 10 getaway drivers waiting for me outside.
2812,5,18,126,149,1.1879194630872483,0.03853042255714695,554,How may I turn that frown upside down?
2812,4,20,125,149,1.1879194630872483,0.03733495333953283,554,Let me guess -- you need a pick-me-up.
2812,6,16,127,149,1.1879194630872483,0.039689900277016354,554,fake clown.
2812,4,20,125,149,1.1879194630872483,0.03733495333953283,554,Enough with the seltzer buddy. I'm cutting you off.
2844,5,18,127,150,1.1866666666666668,0.038293189757509415,554,Table for 52?
2844,2,24,124,150,1.1866666666666668,0.0346108654321977,554,"Sorry, since the inauguration we no longer tolerate humor here."
2844,5,18,127,150,1.1866666666666668,0.038293189757509415,554,""" If we do happen to need a pie server I'll keep you in mind""."
2844,5,18,127,150,1.1866666666666668,0.038293189757509415,554,"Yeah, Sam I am, Bozo."
2844,5,18,127,150,1.1866666666666668,0.038293189757509415,554,The clown who came before you took all the seltzer.
2844,3,22,125,150,1.1866666666666668,0.03588032141130668,554,Beer only. No seltzer.
2850,2,24,125,151,1.185430463576159,0.0344031077064515,554,".......but first, give us a BIG smile !"
2851,5,17,125,147,1.183673469387755,0.03863818263005194,554,"Exactly! Happy hour should be one single hour, if that."
2851,6,15,126,147,1.183673469387755,0.039825834794374376,554,I have the right to refuse service to anyone. Sorry to be a soda jerk about it.
2851,5,17,125,147,1.183673469387755,0.03863818263005194,554,Sorry - we're not a cartoon bar
2851,5,17,125,147,1.183673469387755,0.03863818263005194,554,beers of a clown
2851,4,19,124,147,1.183673469387755,0.03741284801826365,554,This is a hold-up.....I'm not clowning around.
2851,10,7,130,147,1.183673469387755,0.04425888563363309,554,Ringling Brothers closed? Too bad! Maybe you could segue into politics. America loves scary clowns!
2851,8,11,128,147,1.183673469387755,0.042100748654862505,554,"""We're not hiring right now, and I think the market for clowns is already saturated""."
2851,5,17,125,147,1.183673469387755,0.03863818263005194,554,"My seltzers are for drinking, not spraying."
2851,6,15,126,147,1.183673469387755,0.039825834794374376,554,Lighten up! Maybe there's life after the elephants.
2851,4,19,124,147,1.183673469387755,0.03741284801826365,554,"So, this is your fallback career? I got bad news for you..."
2851,5,17,125,147,1.183673469387755,0.03863818263005194,554,"Sorry, but happy hour doesn't start until five."
2851,4,19,124,147,1.183673469387755,0.03741284801826365,554,"Sorry, no whipped cream"
2851,5,17,125,147,1.183673469387755,0.03863818263005194,554,"""A little seltzer coming up."
2851,4,19,124,147,1.183673469387755,0.03741284801826365,554,"Yeah, I want to see your I.D. I'm just curious - that's all..."
2851,8,11,128,147,1.183673469387755,0.042100748654862505,554,"Just, you know, you’re funny."
2851,8,11,128,147,1.183673469387755,0.042100748654862505,554,"Stop clowning around and "" Order"""
2851,6,15,126,147,1.183673469387755,0.039825834794374376,554,"We are not hiring right now, but good yuk with your job search."
2851,4,19,124,147,1.183673469387755,0.03741284801826365,554,"One gluten free creampie and organic seltzer, coming up."
2851,8,11,128,147,1.183673469387755,0.042100748654862505,554,"Sorry, we don't serve multi-coloreds."
2851,4,19,124,147,1.183673469387755,0.03741284801826365,554,"Yeah, being a happy clown is my alternative fact."
2851,7,13,127,147,1.183673469387755,0.04097908097047021,554,"If you squirt me with that flower, you'll get a golden shower."
2851,3,21,123,147,1.183673469387755,0.036145998903366075,554,Chocolate on a hamburger? What you trying to be funny?
2851,4,19,124,147,1.183673469387755,0.03741284801826365,554,We can't have outside seltzer in here.
2851,4,19,124,147,1.183673469387755,0.03741284801826365,554,Did the gumbo taste funny to you?
2851,3,21,123,147,1.183673469387755,0.036145998903366075,554,"I'm afraid the seltzer shortage has hit us all hard, Chuckles."
2851,5,17,125,147,1.183673469387755,0.03863818263005194,554,"Heck, even the elephants got a pension."
2851,5,17,125,147,1.183673469387755,0.03863818263005194,554,No dice. Not till you pay for the damage you guys did last time when you tried to fit 15 into one restroom stall.
2851,4,19,124,147,1.183673469387755,0.03741284801826365,554,"Joke's on you buddy, we're closed."
2851,5,17,125,147,1.183673469387755,0.03863818263005194,554,"Sorry pal, I'm cutting you off the seltzer."
2851,6,15,126,147,1.183673469387755,0.039825834794374376,554,"First the circus closes then you tell me you're an English major? Wow! Drinks are on the house, buddy."
2851,6,15,126,147,1.183673469387755,0.039825834794374376,554,Another cabinet nominee looking for a handout!
2851,5,17,125,147,1.183673469387755,0.03863818263005194,554,"The way I see it, life's just a circus."
2851,5,17,125,147,1.183673469387755,0.03863818263005194,554,"I'm sorry, we just hired the elephant trainer."
2851,5,17,125,147,1.183673469387755,0.03863818263005194,554,A '3 Ring Circus' is just an expression I use for the lunch hour. We're not hiring just now.
2851,5,17,125,147,1.183673469387755,0.03863818263005194,554,"No, we don't serve big bottles of seltzer"
2851,6,15,126,147,1.183673469387755,0.039825834794374376,554,"Sorry, I think you're looking for ""Ham's"""
2851,3,21,123,147,1.183673469387755,0.036145998903366075,554,I saw what you did with that seltzer last time.
2851,6,15,126,147,1.183673469387755,0.039825834794374376,554,It's complimentary if you can truly scare me.
2851,4,19,124,147,1.183673469387755,0.03741284801826365,554,"Yes, sir, we have seltzer water, but I’m afraid I’ll have to serve it to you in a glass."
2851,3,21,123,147,1.183673469387755,0.036145998903366075,554,I saw in some weekly mag that you were featured in Talk of the Clown.
2851,5,17,125,147,1.183673469387755,0.03863818263005194,554,Don't give me that sad face!
2851,3,21,123,147,1.183673469387755,0.036145998903366075,554,Only on the condition you won't spray me with it.
2851,6,15,126,147,1.183673469387755,0.039825834794374376,554,"I think it's a simple matter of supply and demand, and it's so hard to compete with the White House these days! Can I cheer you up with a nice club soda down your pants?"
2851,7,13,127,147,1.183673469387755,0.04097908097047021,554,Let me guess - party of 20 and you're the designated driver?
2851,5,17,125,147,1.183673469387755,0.03863818263005194,554,"I need a double Sam, the circus is dead."
2851,7,13,127,147,1.183673469387755,0.04097908097047021,554,"No matter which flavor you pick, he'll still be president."
2851,5,17,125,147,1.183673469387755,0.03863818263005194,554,"Sorry, I can't give free drinks to every clown named Sam who comes in here"
2851,7,13,127,147,1.183673469387755,0.04097908097047021,554,"Who you calling a soda jerk, ""Bozo?"""
2851,6,15,126,147,1.183673469387755,0.039825834794374376,554,You want a cup of clown chowder?
2851,5,17,125,147,1.183673469387755,0.03863818263005194,554,"'Yea...I heard that song, ""Send In The Clowns"", but ya still gotta pay."
2851,3,21,123,147,1.183673469387755,0.036145998903366075,554,Don't blame my food because you feel funny.
2851,3,21,123,147,1.183673469387755,0.036145998903366075,554,"Oh spare me. Let me tell you, bartenders have tears too."
2851,4,19,124,147,1.183673469387755,0.03741284801826365,554,"Alright, send in the clown."
2851,6,15,126,147,1.183673469387755,0.039825834794374376,554,I know. I didn't vote for him either.
2851,8,11,128,147,1.183673469387755,0.042100748654862505,554,You have any humor on tap?
2851,5,17,125,147,1.183673469387755,0.03863818263005194,554,"I definitely know who you are and I will NOT SERVE YOU A ""WHITE RUSSIAN""."
2851,3,21,123,147,1.183673469387755,0.036145998903366075,554,"It's starting to wear a little thin, Carl."
2851,6,15,126,147,1.183673469387755,0.039825834794374376,554,I thought you didn't drink.
2851,5,17,125,147,1.183673469387755,0.03863818263005194,554,"No, no Pagliacci; how about a gelato?"
2851,4,19,124,147,1.183673469387755,0.03741284801826365,554,Would you like that drink in a dribble gkass?
2851,4,19,124,147,1.183673469387755,0.03741284801826365,554,"Yes, there is more than one Sam's Club in this town."
2851,8,11,128,147,1.183673469387755,0.042100748654862505,554,The new Norm
2851,1,25,121,147,1.183673469387755,0.03346875134347016,554,At least give us a painted-on smile.
2851,5,17,125,147,1.183673469387755,0.03863818263005194,554,...and what do you think we can expect for the SECOND week of the new administration?
2851,6,15,126,147,1.183673469387755,0.039825834794374376,554,"Don't bother, Harry...they're here."
2851,5,17,125,147,1.183673469387755,0.03863818263005194,554,Have you tried Cirque du Soleil?
2851,2,23,122,147,1.183673469387755,0.03483310604305319,554,"It's okay. With Ringling shutting down, you're free to clown around here."
2851,4,19,124,147,1.183673469387755,0.03741284801826365,554,"Look Donnie, there's no question - you're entertaining. It's just that my Uncle fears that you're scaring the adults."
2851,7,13,127,147,1.183673469387755,0.04097908097047021,554,Funny thing...we're out of soda...
2851,7,13,127,147,1.183673469387755,0.04097908097047021,554,"You'll still have to pay, even if it tastes funny"
2851,5,17,125,147,1.183673469387755,0.03863818263005194,554,"No, not your clown ID."
2851,5,17,125,147,1.183673469387755,0.03863818263005194,554,"Don't take this personally, but you forgot to put on lipstick."
2851,4,19,124,147,1.183673469387755,0.03741284801826365,554,A clown walks into a bar . . .
2851,4,19,124,147,1.183673469387755,0.03741284801826365,554,"I'm sorry, but clowns are not a protected class and you're scaring away all my customers."
2851,2,23,122,147,1.183673469387755,0.03483310604305319,554,"There's two more due to arrive, right?"
2851,5,17,125,147,1.183673469387755,0.03863818263005194,554,"So the circus called it quits, and the birthday business is on the skids; do you know how to write code?"
2851,3,21,123,147,1.183673469387755,0.036145998903366075,554,"Barnum & Bailey's Irish Cream, huh? Very funny."
2851,3,21,123,147,1.183673469387755,0.036145998903366075,554,"I'm going to say it for the last time, pal - Smile, it's Happy Hour."
2851,4,19,124,147,1.183673469387755,0.03741284801826365,554,Make me laugh and I'll take your order.
2851,5,17,125,147,1.183673469387755,0.03863818263005194,554,I need you to cheer up my customers because they drank all the liquor before the inauguration.
2851,7,13,127,147,1.183673469387755,0.04097908097047021,554,Tell me again about your position in the new Administration.
2851,2,23,122,147,1.183673469387755,0.03483310604305319,554,We're getting more complaints about Happy Hour
2851,6,15,126,147,1.183673469387755,0.039825834794374376,554,We don't serve Bozos like you here.
2851,5,17,125,147,1.183673469387755,0.03863818263005194,554,A shot of whiskey costs 7 balloon animals.
2851,5,17,125,147,1.183673469387755,0.03863818263005194,554,"Yes, I understand you want to go where everybody knows your name, but they're just not always glad you came."
2851,4,19,124,147,1.183673469387755,0.03741284801826365,554,I thought he was in Washington this week.
2851,6,15,126,147,1.183673469387755,0.039825834794374376,554,It's like I always say...you need a good fall back plan.
2851,5,17,125,147,1.183673469387755,0.03863818263005194,554,"Luke, I am your father."
2851,5,17,125,147,1.183673469387755,0.03863818263005194,554,Angry calls from your constituents got you down again?
2851,4,19,124,147,1.183673469387755,0.03741284801826365,554,Sure...you're only going to DRINK a bottle of seltzer.
2851,1,25,121,147,1.183673469387755,0.03346875134347016,554,I would have gone with a carnation.
2851,4,19,124,147,1.183673469387755,0.03741284801826365,554,I don't know; have you tried Cirque du Soliel?
2851,5,17,125,147,1.183673469387755,0.03863818263005194,554,I'm not like those other Bozos who come in here every afternoon.
2851,2,23,122,147,1.183673469387755,0.03483310604305319,554,Maybe they should've kept the elephants.
2851,5,17,125,147,1.183673469387755,0.03863818263005194,554,Sorry but I am all out of Soda Water
2851,5,17,125,147,1.183673469387755,0.03863818263005194,554,And where would I get a spritzer?
2851,5,17,125,147,1.183673469387755,0.03863818263005194,554,"The usual, Sam: Confetti on the rocks."
2851,5,17,125,147,1.183673469387755,0.03863818263005194,554,"Of all the gin joints, in all the towns, in all the world, you walk into mine."
2851,7,13,127,147,1.183673469387755,0.04097908097047021,554,Do you have anything that will give me my life back?
2851,4,19,124,147,1.183673469387755,0.03741284801826365,554,You want seltzer with that?
2951,6,16,131,153,1.1830065359477124,0.03872529061910169,554,We'll have clown hour after Trump is sworn in. Not before.
2952,4,19,125,148,1.1824324324324325,0.037179916867222204,554,"Tell them there were 250,000."
2952,9,9,130,148,1.1824324324324325,0.042918405550995575,554,"Drink, clown, drink."
2952,5,17,126,148,1.1824324324324325,0.03839628734149682,554,So you're the guy everyone wants too have a beer with
2952,4,19,125,148,1.1824324324324325,0.037179916867222204,554,"Sorry, Sam's Big Tap is closing too."
2952,3,21,124,148,1.1824324324324325,0.03592238236665713,554,"So, now that you've walked into the bar, am I gonna' be the first to hear the punch line?"
2957,3,20,122,145,1.1793103448275861,0.03618408330734987,554,Stop clowning around or I'll have to cut you off!
2957,4,18,123,145,1.1793103448275861,0.03748430772211569,554,"No joking, we are out of bitters."
2957,4,18,123,145,1.1793103448275861,0.03748430772211569,554,No outside food or seltzer is allowed.
2957,4,18,123,145,1.1793103448275861,0.03748430772211569,554,"Sorry, Grumpy Hour has just ended ten minutes ago."
2957,5,16,124,145,1.1793103448275861,0.03874091849736257,554,Make that a root beer for me and 23 beers for those clowns in the car.
2957,4,18,123,145,1.1793103448275861,0.03748430772211569,554,I will get you a car.
2957,6,14,125,145,1.1793103448275861,0.0399580305649855,554,Free? Why? Has Ringling Brothers gone out of business?
2957,6,14,125,145,1.1793103448275861,0.0399580305649855,554,All of a sudden we're getting a ton of applicants who claim they can manage a three ringed circus?
2957,4,18,123,145,1.1793103448275861,0.03748430772211569,554,"Knock it off Bozo, unless you want a lip to go with that nose..."
2957,5,16,124,145,1.1793103448275861,0.03874091849736257,554,"Nah, you're not the only clown in town - you were misinformed!"
2957,5,16,124,145,1.1793103448275861,0.03874091849736257,554,You're right. We just started the dress code very recently.
2957,3,20,122,145,1.1793103448275861,0.03618408330734987,554,I need to see a photo ID with your birth date.
2957,5,16,124,145,1.1793103448275861,0.03874091849736257,554,I don't think she meant it literally
2957,5,16,124,145,1.1793103448275861,0.03874091849736257,554,It's just not funny any more.
2957,2,22,121,145,1.1793103448275861,0.034835361978601695,554,I'd call a cab. Cluber has a 20-clown minimum.
2957,2,22,121,145,1.1793103448275861,0.034835361978601695,554,"Sorry, no pets. That includes balloon animals."
2957,2,22,121,145,1.1793103448275861,0.034835361978601695,554,I already heard that one.
2957,2,22,121,145,1.1793103448275861,0.034835361978601695,554,"You know, Mom was right about you, Sam; all you do is clown around."
2957,3,20,122,145,1.1793103448275861,0.03618408330734987,554,"Which do you prefer, 'Be a Clown' or 'Make 'em Laugh?"
2957,3,20,122,145,1.1793103448275861,0.03618408330734987,554,"Nothing personal, I have to card everyone."
2957,4,18,123,145,1.1793103448275861,0.03748430772211569,554,"What's got you down, hurt your funny bone?"
2957,6,14,125,145,1.1793103448275861,0.0399580305649855,554,"Very funny, Donald."
2957,3,20,122,145,1.1793103448275861,0.03618408330734987,554,"Sorry Chuckles, we're all out of helium."
2957,2,22,121,145,1.1793103448275861,0.034835361978601695,554,"That's the fifth clown today,what happen did Barnum and Baily close down?"
2957,4,18,123,145,1.1793103448275861,0.03748430772211569,554,"I'm sorry, your nose looks too red, I can't serve you."
2957,5,16,124,145,1.1793103448275861,0.03874091849736257,554,We have no carry out Seltzer Bottles.
2957,7,12,126,145,1.1793103448275861,0.041139149811892595,554,"Have you thought about auditioning for the Executive, Legislative and Judicial Three-ring Circus?"
2957,7,12,126,145,1.1793103448275861,0.041139149811892595,554,"Well, you could run away and join the forest."
2957,4,18,123,145,1.1793103448275861,0.03748430772211569,554,Do you know how many times I've heard that?
2957,6,14,125,145,1.1793103448275861,0.0399580305649855,554,Tryouts for the Trump's court jester is 2 doors down on the right.
2957,6,14,125,145,1.1793103448275861,0.0399580305649855,554,"Sorry, I just hired an elephant to wash dishes."
2957,4,18,123,145,1.1793103448275861,0.03748430772211569,554,"Just a seltzer water, please."
2957,3,20,122,145,1.1793103448275861,0.03618408330734987,554,"Sorry, all of our cream pies are gone"
2957,4,18,123,145,1.1793103448275861,0.03748430772211569,554,"Sorry, dad, I thought you knew - I wasn't just clowning around."
2957,6,14,125,145,1.1793103448275861,0.0399580305649855,554,You probably have time for a quick one before the SWAT team gets here.
2957,6,14,125,145,1.1793103448275861,0.0399580305649855,554,That balloon disaster sounds like a close shave.
2957,5,16,124,145,1.1793103448275861,0.03874091849736257,554,They laughed when you said you were leaving to join the circus......they're not laughing now!
2957,3,20,122,145,1.1793103448275861,0.03618408330734987,554,"I'm sorry, Ollie. You just weren't enhancing happy hour."
2957,4,18,123,145,1.1793103448275861,0.03748430772211569,554,"The sign clearly says no shirt, no big red shoes, no service."
2957,6,14,125,145,1.1793103448275861,0.0399580305649855,554,Seltzer as a metaphor for unexpected tragedy? I can see that.
2957,3,20,122,145,1.1793103448275861,0.03618408330734987,554,Another seltzer?
2957,6,14,125,145,1.1793103448275861,0.0399580305649855,554,No worries--today's lunch special won't make you smile.
2957,4,18,123,145,1.1793103448275861,0.03748430772211569,554,Where should we start?
2957,7,12,126,145,1.1793103448275861,0.041139149811892595,554,It's all because of the elephants in the room.
2957,5,16,124,145,1.1793103448275861,0.03874091849736257,554,"It's Inauguration day,we are out of laughs"
2957,3,20,122,145,1.1793103448275861,0.03618408330734987,554,Crazy hair is really hot right now.
2957,7,12,126,145,1.1793103448275861,0.041139149811892595,554,Plantar Fasciitis. Obamacare repeal. Seltzer. Face. Now.
2957,6,14,125,145,1.1793103448275861,0.0399580305649855,554,No. I don't think it's time for clowns to be exempt from showing their photo ID.
2957,4,18,123,145,1.1793103448275861,0.03748430772211569,554,Cheer up.
2957,3,20,122,145,1.1793103448275861,0.03618408330734987,554,My dad lost his job to a guy who looked just like you.
2957,4,18,123,145,1.1793103448275861,0.03748430772211569,554,"No, the beer doesn't taste funny."
2957,9,8,128,145,1.1793103448275861,0.04340507491609012,554,"Yeah, I hear ya, the employment office is two blocks north of here."
2957,6,14,125,145,1.1793103448275861,0.0399580305649855,554,"I'm sorry, we don't have a little clowns room."
2957,5,16,124,145,1.1793103448275861,0.03874091849736257,554,You going to go back to College?
2957,2,22,121,145,1.1793103448275861,0.034835361978601695,554,Turn your frown upside down. It's Happy Hour.
2957,4,18,123,145,1.1793103448275861,0.03748430772211569,554,"Maybe they weren't laughing at you, but rather laughing *with* you."
2957,4,18,123,145,1.1793103448275861,0.03748430772211569,554,I can tell you need something stronger than seltzer today.
2957,7,12,126,145,1.1793103448275861,0.041139149811892595,554,Happy Inauguration[
2957,6,14,125,145,1.1793103448275861,0.0399580305649855,554,That's too bad about your Ringling Bros gig. Maybe you should look up Stephen King.
2957,7,12,126,145,1.1793103448275861,0.041139149811892595,554,I guess we all have an upside smile now.
2957,6,14,125,145,1.1793103448275861,0.0399580305649855,554,"No, I cannot hire the elephants too."
2957,5,16,124,145,1.1793103448275861,0.03874091849736257,554,You tell one more woman that it's true what they say about men with big feet and you're barred!
2957,4,18,123,145,1.1793103448275861,0.03748430772211569,554,"When I was asked to take over the family business, I said I don't know those are awfully big shoes to fill."
2957,6,14,125,145,1.1793103448275861,0.0399580305649855,554,"It is you, Ghost of Happy Hour Future, that I fear the most."
2957,6,14,125,145,1.1793103448275861,0.0399580305649855,554,Another seltzer water in the face?
2957,4,18,123,145,1.1793103448275861,0.03748430772211569,554,Moving our political discussions off Twitter really has helped me to better understand your perspective.
2957,4,18,123,145,1.1793103448275861,0.03748430772211569,554,Sometimes I think you're only here for the free peanuts.
2957,3,20,122,145,1.1793103448275861,0.03618408330734987,554,You voted for Trump?
2957,4,18,123,145,1.1793103448275861,0.03748430772211569,554,"Yeah genius, I'm Sam...you must be Bozo."
2957,7,12,126,145,1.1793103448275861,0.041139149811892595,554,No - only American beers. Or vodka
2957,3,20,122,145,1.1793103448275861,0.03618408330734987,554,The Greatest Show on Earth couldn’t compete with Trump?
2957,4,18,123,145,1.1793103448275861,0.03748430772211569,554,"Sorry, but we're out of seltzer."
2957,7,12,126,145,1.1793103448275861,0.041139149811892595,554,alright Pagliacci lets hear your story.
2957,5,16,124,145,1.1793103448275861,0.03874091849736257,554,there's always politics to consider
2957,5,16,124,145,1.1793103448275861,0.03874091849736257,554,"Sorry, no funny business."
2957,5,16,124,145,1.1793103448275861,0.03874091849736257,554,"Tell ya what, buddy. Forget the tip and gimme a punch line instead."
2957,4,18,123,145,1.1793103448275861,0.03748430772211569,554,Happy hour does not include cotton candy.
2957,4,18,123,145,1.1793103448275861,0.03748430772211569,554,I'll have the usual: three onion rings and a shot of Bailey's.
2957,4,18,123,145,1.1793103448275861,0.03748430772211569,554,"Sorry pal, I only got an opening for a trick poodle."
2957,6,14,125,145,1.1793103448275861,0.0399580305649855,554,"You don't have to be a clown to be a barista, but it helps!"
2957,8,10,127,145,1.1793103448275861,0.042287292273901496,554,Well I guess this is it. I knew one of you clowns would eventually find me no matter how hard the Feds hid me.
2957,5,16,124,145,1.1793103448275861,0.03874091849736257,554,Hi pop! Don't you recognize me?
2957,6,14,125,145,1.1793103448275861,0.0399580305649855,554,"""Happy Hour"" does not start at 11 am on Tuesday , pal. Trust me."
2957,4,18,123,145,1.1793103448275861,0.03748430772211569,554,I feel like such a clown! Did anyone by chance turn in a pair of size 27 floppy red shoes last night?
2957,7,12,126,145,1.1793103448275861,0.041139149811892595,554,"Buddy, this is a neighborhood bar. No reason to get dressed up."
2957,2,22,121,145,1.1793103448275861,0.034835361978601695,554,This ain't a place for no funny business sir.
2957,4,18,123,145,1.1793103448275861,0.03748430772211569,554,One whole whipped cream pie to the face? I think we can accommodate you.
2957,5,16,124,145,1.1793103448275861,0.03874091849736257,554,Sorry to hear about your collision. I heard that it was quite an undertaking to locate to an ambulance small enough to hold all sixteen of you.
2957,3,20,122,145,1.1793103448275861,0.03618408330734987,554,"OK sir, no funny business. What will you have?"
2957,3,20,122,145,1.1793103448275861,0.03618408330734987,554,"I'm sorry, Washington, DC only allows me to serve one clown a day."
2957,5,16,124,145,1.1793103448275861,0.03874091849736257,554,How's politics?
2957,5,16,124,145,1.1793103448275861,0.03874091849736257,554,There's no more beer to cry in. We just served it to a trapeze guy and three elephants.
2957,7,12,126,145,1.1793103448275861,0.041139149811892595,554,Sorry about Ringling Bros.
2957,5,16,124,145,1.1793103448275861,0.03874091849736257,554,Stop clowning around and order something!
2957,4,18,123,145,1.1793103448275861,0.03748430772211569,554,"Now that America is great again, the elephants are running the circus, and I hear there are opportunities for clowns at the White House."
2957,5,16,124,145,1.1793103448275861,0.03874091849736257,554,"Go 6 blocks north on Sixth Ave, take a right on 56th. When you get to Fifth Ave, it's right across the street."
2957,6,14,125,145,1.1793103448275861,0.0399580305649855,554,It's because you come in here funny but you leave scary.
2957,6,14,125,145,1.1793103448275861,0.0399580305649855,554,"Hey Bob! Nice to see you again. The Ringling party's in back. By the way, what's with the elephant in the room?"
2957,1,24,120,145,1.1793103448275861,0.0334322748787333,554,Could you pretend to be happy ?
3056,4,18,124,146,1.178082191780822,0.03724693417601578,554,No more Happy Hours. You can thank your colleagues in the Mini Cooper.
3056,7,12,127,146,1.178082191780822,0.04087485827964587,554,Sometime's you just need to let it out.
3056,4,18,124,146,1.178082191780822,0.03724693417601578,554,"No, I'm not interested in having an UN-happy hour."
3056,6,14,126,146,1.178082191780822,0.03970240204435462,554,"Sorry, buddy. No photo ID, no beer."
3056,6,14,126,146,1.178082191780822,0.03970240204435462,554,"I don't know why you would need that much seltzer water, but if you insist."
3056,6,14,126,146,1.178082191780822,0.03970240204435462,554,I have been waiting to cash in on that Judy Collin's song.
3056,4,18,124,146,1.178082191780822,0.03724693417601578,554,"You know, we paid you for the full Happy Hour."
3056,5,16,125,146,1.178082191780822,0.0384942517371362,554,"Not only are we closed, but clown time is over."
3056,5,16,125,146,1.178082191780822,0.0384942517371362,554,"You look fine. Remember, it's just a cartoon."
3056,3,20,123,146,1.178082191780822,0.035956373485418296,554,Sorry. In 2 hours it's a circus in here.
3056,4,18,124,146,1.178082191780822,0.03724693417601578,554,I'll trade you a free pass to the 2018 Ringling Bros. Circus for a beer.
3056,7,12,127,146,1.178082191780822,0.04087485827964587,554,"Nice try Sam, but if your trying to spy on my work habits you should try a better secret shopper costume."
3068,7,12,128,147,1.1768707482993197,0.040613917407896466,554,"""Health and Human Services. Why do you ssk'l"
3069,5,15,123,143,1.1748251748251748,0.03883799894420519,554,"""No, we don't have elephants either""."
3069,3,19,121,143,1.1748251748251748,0.03621331315291399,554,"One gin and seltzer, hold the seltzer, coming right up."
3069,4,17,122,143,1.1748251748251748,0.037548596588295395,554,And thats the reason I wouldn't perform at the inauguration. What was your excuse?
3069,7,11,125,143,1.1748251748251748,0.04129620169542417,554,"Get lost, clown, this is a Hillary bar."
3069,4,17,122,143,1.1748251748251748,0.037548596588295395,554,"First the elephants got the boot, now you clowns. Wish I had a nickle for every time I heard that."
3069,4,17,122,143,1.1748251748251748,0.037548596588295395,554,As long as your money's green.
3069,4,17,122,143,1.1748251748251748,0.037548596588295395,554,I'll have to cut you off; you're becoming too maudlin.
3069,3,19,121,143,1.1748251748251748,0.03621331315291399,554,"Sorry, Happy Hour isn’t until 5:00."
3069,6,13,124,143,1.1748251748251748,0.04008594788987306,554,The sign on the door clearly states that we don't serve Trump impersonators.
3069,4,17,122,143,1.1748251748251748,0.037548596588295395,554,No... I can't trade a beer for a balloon animal.
3069,2,21,120,143,1.1748251748251748,0.03482687171239298,554,"Yes exactly, I mean you're funny like a clown."
3069,6,13,124,143,1.1748251748251748,0.04008594788987306,554,"Sorry to say, your running tab has been canceled by the two Ringling brothers."
3069,6,13,124,143,1.1748251748251748,0.04008594788987306,554,Now you just look sad and creepy...
3069,2,21,120,143,1.1748251748251748,0.03482687171239298,554,"""Sorry we don't accept play money""."
3069,4,17,122,143,1.1748251748251748,0.037548596588295395,554,We dont serve clowns. They taste funny.
3069,7,11,125,143,1.1748251748251748,0.04129620169542417,554,"Children's birthday party, fetish or horror?"
3069,5,15,123,143,1.1748251748251748,0.03883799894420519,554,"Sorry, the RNC already has a mascot."
3069,4,17,122,143,1.1748251748251748,0.037548596588295395,554,There's always the rodeo circuit.
3069,5,15,123,143,1.1748251748251748,0.03883799894420519,554,What can I do to make that sad clown a glad clown?
3069,5,15,123,143,1.1748251748251748,0.03883799894420519,554,"Opera, Schmopera, you're a clown and you're out."
3069,6,13,124,143,1.1748251748251748,0.04008594788987306,554,"'Sorry,Happy Hour was two hours ago."""
3069,2,21,120,143,1.1748251748251748,0.03482687171239298,554,"Listen clown, water the flower then beat it"
3069,4,17,122,143,1.1748251748251748,0.037548596588295395,554,"We're obliged to serve all customers, including Republicans. What's yours?"
3069,2,21,120,143,1.1748251748251748,0.03482687171239298,554,It's 'Bring in the clowns'--plural! Sorry.
3069,7,11,125,143,1.1748251748251748,0.04129620169542417,554,"I know the circus has closed, but were just not hiring."
3069,2,21,120,143,1.1748251748251748,0.03482687171239298,554,"I'm sorry, you have to be happy inside, too, to get discounts during Happy Hour."
3069,4,17,122,143,1.1748251748251748,0.037548596588295395,554,"Ok, that's two eggs funny side up with a side of giggles?"
3069,3,19,121,143,1.1748251748251748,0.03621331315291399,554,You're using a lot of selzer and I'm not buying that its for medicinal purposes anymore.
3069,5,15,123,143,1.1748251748251748,0.03883799894420519,554,I am definitely not interested in your punch recipe.
3069,3,19,121,143,1.1748251748251748,0.03621331315291399,554,"Sorry, pal--we're out of funny business."
3069,4,17,122,143,1.1748251748251748,0.037548596588295395,554,This is no joke...a clown walks into a bar...
3069,8,9,126,143,1.1748251748251748,0.04247198289118003,554,"I'm sorry, sir. Seltzer isn't sold in those types of bottles anymore."
3069,6,13,124,143,1.1748251748251748,0.04008594788987306,554,"I'm so sorry, I heard about Ringling Bros."
3069,5,15,123,143,1.1748251748251748,0.03883799894420519,554,"Sorry, that was the last of my Seltzer."
3069,3,19,121,143,1.1748251748251748,0.03621331315291399,554,Is this a joke?
3069,4,17,122,143,1.1748251748251748,0.037548596588295395,554,You look familiar. Have I seen you somewhere?
3069,5,15,123,143,1.1748251748251748,0.03883799894420519,554,"No, by golly, I DON'T know what the duck said when he walked into a bar and sat down next to a couple of incompetent chiropractors."
3069,4,17,122,143,1.1748251748251748,0.037548596588295395,554,The trucker called; he’s running late. And the rabbi’s wife won’t let him come.
3069,3,19,121,143,1.1748251748251748,0.03621331315291399,554,"I respect you asking, but I cannot consent to you marrying my daughter."
3069,7,11,125,143,1.1748251748251748,0.04129620169542417,554,"In the wake of the eminent inauguration of Donald Trump, Giggles the Clown takes to his beloved pub to dampen the blow of a lifelong passion swallowed by a corporate competitor."
3069,3,19,121,143,1.1748251748251748,0.03621331315291399,554,"Yeah, I know... a little song, a little dance..."
3069,3,19,121,143,1.1748251748251748,0.03621331315291399,554,I can give you something that'll put a smile on your face
3069,5,15,123,143,1.1748251748251748,0.03883799894420519,554,"Sam, have you been watching 'Undercover Boss' again?"
3069,4,17,122,143,1.1748251748251748,0.037548596588295395,554,And do you own your own car?
3069,3,19,121,143,1.1748251748251748,0.03621331315291399,554,The difference is when I bounce someone I don't use a trampoline.
3069,6,13,124,143,1.1748251748251748,0.04008594788987306,554,"Straight, dry, and no seltzer! Are you really a clown?"
3069,3,19,121,143,1.1748251748251748,0.03621331315291399,554,"Sorry, we don't take balloons here."
3069,5,15,123,143,1.1748251748251748,0.03883799894420519,554,"No, I don't think there's one called Ringling Sisters."
3069,3,19,121,143,1.1748251748251748,0.03621331315291399,554,There might be something in 2020.
3069,4,17,122,143,1.1748251748251748,0.037548596588295395,554,"Sorry, bub. I'm lookin for a bouncer, not a juggler"
3069,7,11,125,143,1.1748251748251748,0.04129620169542417,554,I blame the Russians
3069,4,17,122,143,1.1748251748251748,0.037548596588295395,554,I believe your elephant is double parked!
3069,6,13,124,143,1.1748251748251748,0.04008594788987306,554,"Yes, I heard the one about the man who walked into the white house looking like that."
3069,7,11,125,143,1.1748251748251748,0.04129620169542417,554,"Pour is again, Sam."
3069,5,15,123,143,1.1748251748251748,0.03883799894420519,554,"I hate to tell you this, but happy hour ended an hour ago."
3069,4,17,122,143,1.1748251748251748,0.037548596588295395,554,"Yeah, that's not a balloon dispenser."
3069,3,19,121,143,1.1748251748251748,0.03621331315291399,554,Sorry I can only squeeze 30 flavors in a cone.
3069,6,13,124,143,1.1748251748251748,0.04008594788987306,554,Uncle Sam's: Now Hiring Clowns
3069,7,11,125,143,1.1748251748251748,0.04129620169542417,554,"What can I get for you today, President Trump?"
3069,5,15,123,143,1.1748251748251748,0.03883799894420519,554,"You had a good run, Mr. Ringling. What'll it be?"
3069,6,13,124,143,1.1748251748251748,0.04008594788987306,554,"Just a hunch, Mr President."
3069,5,15,123,143,1.1748251748251748,0.03883799894420519,554,"I should leave the bottle of seltzer, right?"
3069,6,13,124,143,1.1748251748251748,0.04008594788987306,554,"No. Mr.Fellini hasn't been in here since maybe ""73."""
3132,3,18,117,138,1.173913043478261,0.03695978853147891,554,"I'm afraid at Sam's, Happy Hour is not all day every day."
3133,6,12,124,142,1.1690140845070423,0.03994281071295725,554,"Some say it's clownist, but I prefer to see the face of my customers."
3133,4,16,122,142,1.1690140845070423,0.037358371028687,554,"After 100 years, 'least I can do is buy you a drink."
3133,6,12,124,142,1.1690140845070423,0.03994281071295725,554,Is this a setup?
3133,3,18,121,142,1.1690140845070423,0.03599663546847113,554,Just honey roasted. No circus.
3133,5,14,123,142,1.1690140845070423,0.03867218647534797,554,"Well, maybe after the inauguration more clown jobs will become available."
3133,5,14,123,142,1.1690140845070423,0.03867218647534797,554,Palindromes are not funny.
3133,5,14,123,142,1.1690140845070423,0.03867218647534797,554,"You'll find something else, buddy. I think the Bigly Top Circus still has some open positions..."
3133,4,16,122,142,1.1690140845070423,0.037358371028687,554,"I do not like green eggs and ham, I do not like them Sam-I-am!"
3133,5,14,123,142,1.1690140845070423,0.03867218647534797,554,No Mr. Trump... Your not fooling anyone...
3133,4,16,122,142,1.1690140845070423,0.037358371028687,554,No kidding. It was Trump.
3133,2,20,120,142,1.1690140845070423,0.034581319295003014,554,"My wife keeps telling me I should retire, but I say, 'Honey, it's all about the stimulating people I meet every day!'"
3133,4,16,122,142,1.1690140845070423,0.037358371028687,554,"You're not foolin' anyone, Sam."
3133,3,18,121,142,1.1690140845070423,0.03599663546847113,554,Post Ringling Brothers Circus Stress Syndrome.
3133,2,20,120,142,1.1690140845070423,0.034581319295003014,554,"Stout, bitter or both?"
3133,3,18,121,142,1.1690140845070423,0.03599663546847113,554,"It's clowns like you, Sam, who give this bar a bad name."
3133,6,12,124,142,1.1690140845070423,0.03994281071295725,554,The biggest clown won?
3133,7,10,125,142,1.1690140845070423,0.04117424253727297,554,What can I get you Mr. Trump?
3133,2,20,120,142,1.1690140845070423,0.034581319295003014,554,"Yeah, they let the elephants go, but I'm confident your job is secure!"
3133,8,8,126,142,1.1690140845070423,0.04236989933178063,554,Joe's has four choices.
3133,4,16,122,142,1.1690140845070423,0.037358371028687,554,"""You heard me. A beer for me and water my daisy!:"
3133,2,20,120,142,1.1690140845070423,0.034581319295003014,554,How about politics?
3133,4,16,122,142,1.1690140845070423,0.037358371028687,554,Why would you think you were scaring the other customers away?
3133,4,16,122,142,1.1690140845070423,0.037358371028687,554,Don't worry. Trump would not recognize you as a CNN reporter.
3133,6,12,124,142,1.1690140845070423,0.03994281071295725,554,"That's right, you'll get a discount for providing your own soda water."
3133,6,12,124,142,1.1690140845070423,0.03994281071295725,554,"Why so sad Emmett, theirs plenty of opportunity with the new administration."
3133,4,16,122,142,1.1690140845070423,0.037358371028687,554,"Huh, some big guy with a trunk was in here yesterday and had the same sob story."
3133,6,12,124,142,1.1690140845070423,0.03994281071295725,554,By the order of the new administration we don't sell anything to colored people who love flowers.
3133,5,14,123,142,1.1690140845070423,0.03867218647534797,554,The Mime IPA is probably too bitter for you.
3133,3,18,121,142,1.1690140845070423,0.03599663546847113,554,"So, you switched from the Ringling Brothers insurance to Obamacare."
3133,3,18,121,142,1.1690140845070423,0.03599663546847113,554,"Sorry buddy, not any clown can do this job."
3133,4,16,122,142,1.1690140845070423,0.037358371028687,554,I'm more of a creepy clown kind of guy myself.
3133,6,12,124,142,1.1690140845070423,0.03994281071295725,554,I'm sorry we don't serve chief executives.
3133,5,14,123,142,1.1690140845070423,0.03867218647534797,554,Sorry that you were let go when the circus moved to Washington and hired a lot of other clowns.
3133,4,16,122,142,1.1690140845070423,0.037358371028687,554,Amazon is hiring
3133,4,16,122,142,1.1690140845070423,0.037358371028687,554,"Sorry about the laid offs at Barnum & Bailey, but kids find you guys to too scary to work here. Have you tried applying at the White House?"
3133,6,12,124,142,1.1690140845070423,0.03994281071295725,554,People never get a sense of the real me when I'm campaigning.
3133,2,20,120,142,1.1690140845070423,0.034581319295003014,554,I'm sorry you don't like the house jacket but it's a requirement here.
3133,6,12,124,142,1.1690140845070423,0.03994281071295725,554,Stop clowning around and give me your order!
3133,4,16,122,142,1.1690140845070423,0.037358371028687,554,"After ""The Greatest Show on Earth,"" what's next?"
3133,3,18,121,142,1.1690140845070423,0.03599663546847113,554,"Sorry, I don't know the way to the White House either."
3133,4,16,122,142,1.1690140845070423,0.037358371028687,554,"No, those pumps can't blow up balloons."
3133,5,14,123,142,1.1690140845070423,0.03867218647534797,554,I'm afraid that your bar tab is positively pachydermous.
3133,5,14,123,142,1.1690140845070423,0.03867218647534797,554,"Well, you look like a jerk."
3133,3,18,121,142,1.1690140845070423,0.03599663546847113,554,"Sorry buddy, everyone working here is already a clown"
3133,7,10,125,142,1.1690140845070423,0.04117424253727297,554,"Ok, I admit it! You were right about a Trump presidency. Happy now? (Sorry, late submission for contest #553 but I had to do it )"
3133,3,18,121,142,1.1690140845070423,0.03599663546847113,554,I think I'm a funny guy without wearing a costume.
3133,6,12,124,142,1.1690140845070423,0.03994281071295725,554,"Seltzer? Yes, you're right, I should have figured it out."
3133,5,14,123,142,1.1690140845070423,0.03867218647534797,554,Listen Ronald for the last time you can't have it your way!
3133,2,20,120,142,1.1690140845070423,0.034581319295003014,554,I'm not good at reading lips
3133,6,12,124,142,1.1690140845070423,0.03994281071295725,554,"I kid you not, Stephen Sondheim is dead."
3133,4,16,122,142,1.1690140845070423,0.037358371028687,554,"Sorry, we don't serve presidents here."
3133,5,14,123,142,1.1690140845070423,0.03867218647534797,554,"First it was the Killer Clown thing, then Ringling Brothers. I bet you are just waiting for the other clown shoe to drop."
3133,6,12,124,142,1.1690140845070423,0.03994281071295725,554,Sorry. We don't serve liberals.
3133,3,18,121,142,1.1690140845070423,0.03599663546847113,554,"For the last time, no clowning around in here."
3133,4,16,122,142,1.1690140845070423,0.037358371028687,554,Quit clowning around and order already!
3133,4,16,122,142,1.1690140845070423,0.037358371028687,554,"Hey Sam, there's some bozo outside looking for you."
3133,4,16,122,142,1.1690140845070423,0.037358371028687,554,I'm not clowning around...He took the oath.
3133,5,14,123,142,1.1690140845070423,0.03867218647534797,554,No - I'm afraid we don't serve jokes here.
3133,5,14,123,142,1.1690140845070423,0.03867218647534797,554,"Sorry, buddy, but we can't ignore the elephant in the tent"
3133,4,16,122,142,1.1690140845070423,0.037358371028687,554,"Pale ale, wheat or bubble gum?"
3133,4,16,122,142,1.1690140845070423,0.037358371028687,554,We don't serve your kind here.
3133,5,14,123,142,1.1690140845070423,0.03867218647534797,554,There might be a position on our board of directors. Do you know to how to tweet?
3133,2,20,120,142,1.1690140845070423,0.034581319295003014,554,"Hey, it's the inauguration, man. You gotta perform."
3133,5,14,123,142,1.1690140845070423,0.03867218647534797,554,There's always the Inauguration gig.
3133,6,12,124,142,1.1690140845070423,0.03994281071295725,554,My friends are parking the beetle.
3133,1,22,119,142,1.1690140845070423,0.03310555124621702,554,"So, do you still think it's the Greatest Show On Earth?"
3133,5,14,123,142,1.1690140845070423,0.03867218647534797,554,"I'm looking in the mirror, and I don't like what I see."
3133,4,16,122,142,1.1690140845070423,0.037358371028687,554,"Listen here, Bozo, I'm throwing you and your sized 16 shoes out of here."
3133,3,18,121,142,1.1690140845070423,0.03599663546847113,554,"Sorry, but we expect our employees to give service with a smile."
3133,5,14,123,142,1.1690140845070423,0.03867218647534797,554,Don't come right after work anymore. You're scaring away my customers.
3133,6,12,124,142,1.1690140845070423,0.03994281071295725,554,Where's your body guards?
3133,6,12,124,142,1.1690140845070423,0.03994281071295725,554,"No, face paint is not an acceptable ID!"
3133,5,14,123,142,1.1690140845070423,0.03867218647534797,554,Stop clowning around and order something!
3206,7,10,126,143,1.167832167832168,0.040902376835704864,554,"What can I get for you, Mr. Trump?"
3206,2,20,121,143,1.167832167832168,0.03435897480444273,554,Happy hour just doesn't work the same for everyone.
3206,3,18,122,143,1.167832167832168,0.03576355974804333,554,"I know people say it's a circus in here every evening, but it's not what you were thinking."
3206,4,16,123,143,1.167832167832168,0.03711502744295631,554,"I've heard that ""Down on my luck, need seltzer water"" story too many times, bozo."
3210,3,18,123,144,1.1666666666666667,0.035533452725935076,554,You're wrecking the 'Nighthawks' painting motif we have going here.
3211,3,17,120,140,1.1642857142857144,0.0360009053867454,554,"What do you mean, ""This beer tastes funny?"""
3211,3,17,120,140,1.1642857142857144,0.0360009053867454,554,No seltzer for you!
3211,3,17,120,140,1.1642857142857144,0.0360009053867454,554,I'm post-op too.
3211,3,17,120,140,1.1642857142857144,0.0360009053867454,554,"Water, huh? I didn't know clown cars had designated drivers."
3211,2,19,119,140,1.1642857142857144,0.034544033721419766,554,"Sorry, we frown on clowns."
3211,4,15,121,140,1.1642857142857144,0.03740107099514934,554,"Sorry, all out of circus peanuts."
3211,3,17,120,140,1.1642857142857144,0.0360009053867454,554,"Green eggs and ham, please."
3211,4,15,121,140,1.1642857142857144,0.03740107099514934,554,Did the circus run away and unjoin you?
3211,3,17,120,140,1.1642857142857144,0.0360009053867454,554,I'm afraid we only have club soda.
3211,4,15,121,140,1.1642857142857144,0.03740107099514934,554,You just missed the elephants.
3211,4,15,121,140,1.1642857142857144,0.03740107099514934,554,"Sorry, that's happening around the corner on the Capitol steps."
3211,4,15,121,140,1.1642857142857144,0.03740107099514934,554,Smas Backwards Deli... reverse in order your give please.
3211,5,13,122,140,1.1642857142857144,0.03875067785862603,554,You want a spritzer or a fuzzy navel?
3211,4,15,121,140,1.1642857142857144,0.03740107099514934,554,Boof knew it was time to retire when he ordered a Ringling instead of Yuengling.
3211,2,19,119,140,1.1642857142857144,0.034544033721419766,554,Let's see your happy hour look.
3211,3,17,120,140,1.1642857142857144,0.0360009053867454,554,"No, no one has ever said 'Pour it again, Sam' in here."
3211,5,13,122,140,1.1642857142857144,0.03875067785862603,554,I'll give you a double. You've been repealed and replaced.
3211,4,15,121,140,1.1642857142857144,0.03740107099514934,554,"I'm cutting you off of chocolate cream pies, you got a problem."
3211,5,13,122,140,1.1642857142857144,0.03875067785862603,554,"I said send in the clones, not clowns!"
3211,4,15,121,140,1.1642857142857144,0.03740107099514934,554,"Ah, no....we didn't name 'Happy Hour' after you."
3211,3,17,120,140,1.1642857142857144,0.0360009053867454,554,Nuts?
3211,2,19,119,140,1.1642857142857144,0.034544033721419766,554,Just one word: Rebranding!
3211,6,11,123,140,1.1642857142857144,0.040054836879231163,554,The dismal state of the nation became very clear when even bartenders or clowns could no longer brighten people's lives.
3211,2,19,119,140,1.1642857142857144,0.034544033721419766,554,"My advice to you is, now the Circus has closed for good, just open a Twitter account!"
3211,5,13,122,140,1.1642857142857144,0.03875067785862603,554,You'll have to park that car outside.
3211,2,19,119,140,1.1642857142857144,0.034544033721419766,554,You look like you could use a double.
3211,4,15,121,140,1.1642857142857144,0.03740107099514934,554,Believe me Sprinkles there is a life after Barnum & Bailey.
3211,4,15,121,140,1.1642857142857144,0.03740107099514934,554,"Yeah, that's why I'm working the day after the inauguration too."
3211,4,15,121,140,1.1642857142857144,0.03740107099514934,554,"I'm sorry, but I can't make a jellybean omelet."
3211,4,15,121,140,1.1642857142857144,0.03740107099514934,554,I'm the first child they don't talk about.
3211,2,19,119,140,1.1642857142857144,0.034544033721419766,554,Two fingers? And one in your eye?
3211,4,15,121,140,1.1642857142857144,0.03740107099514934,554,"Sorry pal, suddenly the market is flooded with clowns like you."
3211,4,15,121,140,1.1642857142857144,0.03740107099514934,554,We're all out of spritzer.
3211,4,15,121,140,1.1642857142857144,0.03740107099514934,554,"Yeah, but cheer up; perfect job for you down the street -- they're looking for a chief of protocol."
3211,6,11,123,140,1.1642857142857144,0.040054836879231163,554,Too late. My nephews put you in the White House.
3211,3,17,120,140,1.1642857142857144,0.0360009053867454,554,I'll still vote for him again.
3247,6,11,124,141,1.1631205673758864,0.039786809628100446,554,"Could I see your green card, please?"
3247,6,11,124,141,1.1631205673758864,0.039786809628100446,554,We don't serve clowns.
3247,3,17,121,141,1.1631205673758864,0.03576365267421032,554,Happy Hour's over!
3247,5,13,123,141,1.1631205673758864,0.03849250703434355,554,You come here often?
3247,4,15,122,141,1.1631205673758864,0.03715314219814079,554,Bummer about B&B. Have you checked out a cabinet position?
3247,7,9,125,141,1.1631205673758864,0.04104031363155531,554,"""Wanna hear something funny?""................."
3247,3,17,121,141,1.1631205673758864,0.03576365267421032,554,Will that be straight up or with an unexpected blast of bow tie seltzer?
3247,1,21,119,141,1.1631205673758864,0.03280860569140533,554,You have to promise me there will be no beer squirting from the bow tie or flower.
3255,3,17,122,142,1.1619718309859155,0.035529478129694106,554,"Sorry, no exceptions to the 'no clowns and hats' rule"
3256,4,14,120,138,1.1594202898550725,0.037433783438991376,554,"If you're asking me to play it again, you're a clown!"
3256,5,12,121,138,1.1594202898550725,0.03882105955991284,554,"Frozen with Fear, Sam Soils Himself for a second time"
3256,4,14,120,138,1.1594202898550725,0.037433783438991376,554,"I'm sorry, but you have to have at least a shoe size of 21 before I can serve you."
3256,2,18,118,138,1.1594202898550725,0.034492246910911926,554,I hope you know that drinking and clowning don't mix.
3256,4,14,120,138,1.1594202898550725,0.037433783438991376,554,So what's next for you?
3256,4,14,120,138,1.1594202898550725,0.037433783438991376,554,Can I borrow just one handkerchief?
3256,3,16,119,138,1.1594202898550725,0.03599307738663519,554,Fresh out of spare banana peels today
3256,6,10,122,138,1.1594202898550725,0.04016044307712872,554,I didn't know they clowned people.
3256,3,16,119,138,1.1594202898550725,0.03599307738663519,554,We just found in the past that letting customers use their own seltzer bottles led to misunderstandings.
3256,4,14,120,138,1.1594202898550725,0.037433783438991376,554,Cash only ; I know the circus closed.
3256,4,14,120,138,1.1594202898550725,0.037433783438991376,554,Sorry we had to let you go. You were scaring the customers.
3256,4,14,120,138,1.1594202898550725,0.037433783438991376,554,Trump needs a driver for the car carrying all his cabinet members.
3256,7,8,123,138,1.1594202898550725,0.041456576208706526,554,"So, the Ringling Brothers laid you off, eh?"
3256,3,16,119,138,1.1594202898550725,0.03599307738663519,554,"Okay, a double seltzer. But no more spraying patrons."
3256,4,14,120,138,1.1594202898550725,0.037433783438991376,554,"I saw how you were in the campaign, Mr. President; I think you'd benefit from a real drink for once."
3256,2,18,118,138,1.1594202898550725,0.034492246910911926,554,You don't look all that creepy to me.
3256,5,12,121,138,1.1594202898550725,0.03882105955991284,554,"If you're really Donald Trump, prove it."
3256,6,10,122,138,1.1594202898550725,0.04016044307712872,554,It was always packed in here before you had to go and buy your own car.
3256,5,12,121,138,1.1594202898550725,0.03882105955991284,554,Get lost pal - it's not a Barnum & Bailey world anymore!
3256,2,18,118,138,1.1594202898550725,0.034492246910911926,554,Let's turn that frown upside down.
3256,4,14,120,138,1.1594202898550725,0.037433783438991376,554,"I think it's time to cut you off, Sparky. And I'll need you to hand over your shoes."
3256,5,12,121,138,1.1594202898550725,0.03882105955991284,554,"Are you sure they said ""Clown-Based Workforce Management?"""
3256,5,12,121,138,1.1594202898550725,0.03882105955991284,554,A glass of bitter laughter?
3256,4,14,120,138,1.1594202898550725,0.037433783438991376,554,"Yes, I remember you from college. No, I'm not giving you a discount."
3256,4,14,120,138,1.1594202898550725,0.037433783438991376,554,We don't serve your kind here.
3256,4,14,120,138,1.1594202898550725,0.037433783438991376,554,I can't believe your boss thinks you're clowning around at work!
3256,3,16,119,138,1.1594202898550725,0.03599307738663519,554,"Ok, so stop me if you've heard this one..."
3256,4,14,120,138,1.1594202898550725,0.037433783438991376,554,"Sorry buster, we'll serve the deplorable, but the irredeemable are not welcome at Sam's."
3256,3,16,119,138,1.1594202898550725,0.03599307738663519,554,I assume you are one of the Congressmen boycotting the Presidential inauguration.
3256,3,16,119,138,1.1594202898550725,0.03599307738663519,554,A free beer if you can make me laugh.
3256,3,16,119,138,1.1594202898550725,0.03599307738663519,554,"Sorry, Happy Hour is at the bar down the street"
3256,3,16,119,138,1.1594202898550725,0.03599307738663519,554,"Hey Sam, I think your old stalker girlfriend has a new disguise"
3256,3,16,119,138,1.1594202898550725,0.03599307738663519,554,So a clown goes into a bar...Want me to say it again?
3256,6,10,122,138,1.1594202898550725,0.04016044307712872,554,Cash only - the Barnum and Bailey credit card is rejected.
3256,3,16,119,138,1.1594202898550725,0.03599307738663519,554,"The opportunities here are better for ""Bar""num & Bailey than for""Ring""ling Bros people."
3256,6,10,122,138,1.1594202898550725,0.04016044307712872,554,Been seeing a lot of you guys since Ringling Brothers announced they were closing.
3256,5,12,121,138,1.1594202898550725,0.03882105955991284,554,I don't care that you have big feet
3256,5,12,121,138,1.1594202898550725,0.03882105955991284,554,The only balloon animals I want are barflies.
3256,5,12,121,138,1.1594202898550725,0.03882105955991284,554,Maybe you can get a job with Trump?
3256,3,16,119,138,1.1594202898550725,0.03599307738663519,554,When Can You Start?
3256,3,16,119,138,1.1594202898550725,0.03599307738663519,554,Whoopsie daisy
3256,3,16,119,138,1.1594202898550725,0.03599307738663519,554,"No, we do not have seltzer bottle service."
3256,5,12,121,138,1.1594202898550725,0.03882105955991284,554,"Sorry, we don't have any beer that tastes funny."
3256,6,10,122,138,1.1594202898550725,0.04016044307712872,554,Don't look so glum - the tv's not showing the inauguration. That's the Nuremberg Rally.
3256,6,10,122,138,1.1594202898550725,0.04016044307712872,554,"17 sodas for the road, please."
3256,2,18,118,138,1.1594202898550725,0.034492246910911926,554,I'm just tired of figuring out what silent clowns want?
3302,7,8,124,139,1.158273381294964,0.04117322389795485,554,Quit trumping around
3302,4,14,121,139,1.158273381294964,0.03718119312885459,554,"No No, you're hired. I Want the funny business..."
3302,3,16,120,139,1.158273381294964,0.03575159727802202,554,We don't serve smiles.
3302,2,18,119,139,1.158273381294964,0.034262403496756605,554,You're early: happy hour doesn't start until 5.
3302,3,16,120,139,1.158273381294964,0.03575159727802202,554,Sorry about your Volkswagen.
3307,5,12,123,140,1.1571428571428573,0.03829810662904686,554,Nope..we dont sell seltzer.
3307,3,16,121,140,1.1571428571428573,0.03551330913238342,554,"Sorry buddy, Orange hair doesn't entitle you to a free drink."
3307,5,12,123,140,1.1571428571428573,0.03829810662904686,554,Beer? But aren't you the designated driver for the thirty-two clowns in the back room?
3307,4,14,122,140,1.1571428571428573,0.0369319651311846,554,We don't take kindly to your type! Go terrorize someone else!
3307,2,18,120,140,1.1571428571428573,0.03403557260592834,554,"Yeah, I heard about the circus folding. You ever wait tables?"
3307,1,20,119,140,1.1571428571428573,0.032490695278719596,554,"What'll it be, Pagliacci?"
3313,4,14,123,141,1.1560283687943262,0.03668603330757109,554,"Funny. I was just thinking 'where are the clowns'"" ""Funny, I was just thinking, where are the clowns?"
3313,5,12,124,141,1.1560283687943262,0.038041847516096454,554,Now you're just being a jerk.
3315,3,16,123,142,1.1549295774647887,0.035046061344057314,554,"we're actually out of the clownfish, but I've heard that our salmon is pretty wild."
3316,4,13,119,136,1.1544117647058822,0.03745538590930917,554,"No, I don't serve cream pies! What kind of an establishment do you think I'm running here? Next thing you'll be asking for banana peels. Sheesh."
3316,5,11,120,136,1.1544117647058822,0.03888236612513331,554,I hear you've been cancelled in favor of The Trump Show.
3316,3,15,118,136,1.1544117647058822,0.03597184276266143,554,It's not you.
3316,5,11,120,136,1.1544117647058822,0.03888236612513331,554,I bought this place from Ron years ago. He moved on to burgers or something.
3316,5,11,120,136,1.1544117647058822,0.03888236612513331,554,"No im not alone, my work buddies are getting out of the car."
3316,4,13,119,136,1.1544117647058822,0.03745538590930917,554,"So I said to him, go to hell."
3316,1,19,116,136,1.1544117647058822,0.03280409346399258,554,"If the elephant comes back in, I'll give you a call."
3316,3,15,118,136,1.1544117647058822,0.03597184276266143,554,"I know what you mean, Slappy. Cryin' on the inside."
3316,4,13,119,136,1.1544117647058822,0.03745538590930917,554,It's happy hour. You're too literal minded.
3316,4,13,119,136,1.1544117647058822,0.03745538590930917,554,"I really am sorry about the circus thing, but we aren't hiring at this time."
3316,4,13,119,136,1.1544117647058822,0.03745538590930917,554,"I am Sam, Sam I am!"
3316,1,19,116,136,1.1544117647058822,0.03280409346399258,554,There will be no Selzer served before it's time.
3316,2,17,117,136,1.1544117647058822,0.03442442461201057,554,I take it you're the designated driver this time?
3316,4,13,119,136,1.1544117647058822,0.03745538590930917,554,All clowning aside I've hired my last clown
3316,3,15,118,136,1.1544117647058822,0.03597184276266143,554,"Sorry, I don't understand ""Horn""."
3316,4,13,119,136,1.1544117647058822,0.03745538590930917,554,"Sorry.There is no ""till I get another job"" drink."
3316,5,11,120,136,1.1544117647058822,0.03888236612513331,554,As I told the gut before you. We don't do stand up comedy here any more. That's all done in Washington now.
3316,5,11,120,136,1.1544117647058822,0.03888236612513331,554,I'm sorry; we don't serve bozos here.
3316,4,13,119,136,1.1544117647058822,0.03745538590930917,554,"Sorry, we don't serve seltzer in spritz bottles!"
3316,3,15,118,136,1.1544117647058822,0.03597184276266143,554,We sell seltzer in a glass but not in your pants.
3316,3,15,118,136,1.1544117647058822,0.03597184276266143,554,I know how it feels. No one showed up for our circus themed party either.
3316,7,7,122,136,1.1544117647058822,0.041589702081599365,554,You look more like a cartoon that a comic.
3316,3,15,118,136,1.1544117647058822,0.03597184276266143,554,Let me get his straight. You want 17 seltzer bottles for take out?
3316,6,9,121,136,1.1544117647058822,0.040258798508680714,554,This town's not big enough for the two of you.
3316,5,11,120,136,1.1544117647058822,0.03888236612513331,554,I heard the circus is closing; how about one on the house?
3316,5,11,120,136,1.1544117647058822,0.03888236612513331,554,I think this would be funnier if we switched sides...
3316,1,19,116,136,1.1544117647058822,0.03280409346399258,554,The more you drink the less you're funny.
3316,4,13,119,136,1.1544117647058822,0.03745538590930917,554,"I'm sorry, but we're completely out of bananas."
3316,3,15,118,136,1.1544117647058822,0.03597184276266143,554,"Sorry, we're not hiring right now. Why don't you try Ringling, down the stree...oh."
3316,4,13,119,136,1.1544117647058822,0.03745538590930917,554,Quit clowning around and order already!
3316,3,15,118,136,1.1544117647058822,0.03597184276266143,554,"Disinvited to the inauguration, and unemployed?"
3316,3,15,118,136,1.1544117647058822,0.03597184276266143,554,You tend bar Friday nights. I want you to wear that same outfit.
3316,4,13,119,136,1.1544117647058822,0.03745538590930917,554,"Hey, Sam! This guy look's just like the one in the lost-and-clown poster!"
3316,2,17,117,136,1.1544117647058822,0.03442442461201057,554,Whadya mean 'do we got any selzter'? What are ya - some kinda clown?!?
3316,1,19,116,136,1.1544117647058822,0.03280409346399258,554,I'd better call a cab for you and the other twelve.
3316,4,13,119,136,1.1544117647058822,0.03745538590930917,554,Sam don't serve clowns like you.
3316,7,7,122,136,1.1544117647058822,0.041589702081599365,554,Don't worry about losing your job. All of life's a circus.
3316,5,11,120,136,1.1544117647058822,0.03888236612513331,554,Stop clowning around and give me your order!
3316,3,15,118,136,1.1544117647058822,0.03597184276266143,554,"You're supposed to be bringing customers in, not scaring them away!"
3316,5,11,120,136,1.1544117647058822,0.03888236612513331,554,I do have to get out of Washington. That's all there is to it.
3316,4,13,119,136,1.1544117647058822,0.03745538590930917,554,Our other customers think you are kinda scary.
3316,6,9,121,136,1.1544117647058822,0.040258798508680714,554,I'm letting you go because you can't top the guy in the White House.
3316,2,17,117,136,1.1544117647058822,0.03442442461201057,554,I'm sorry but no...the hat does not make you Clooney-esque.
3316,3,15,118,136,1.1544117647058822,0.03597184276266143,554,Love's not around.
3316,2,17,117,136,1.1544117647058822,0.03442442461201057,554,"Sorry pal, 'Funny Hour' doesn't start until 5:00."
3316,8,5,123,136,1.1544117647058822,0.04287931647204546,554,Where's my seltzer?
3316,6,9,121,136,1.1544117647058822,0.040258798508680714,554,"Certainly, if you can make me laugh you get a one drink."
3316,5,11,120,136,1.1544117647058822,0.03888236612513331,554,You just missed Krusty. He was on his way to perform at the inauguration
3316,3,15,118,136,1.1544117647058822,0.03597184276266143,554,"Well, another day, another Happy Hour!"
3316,2,17,117,136,1.1544117647058822,0.03442442461201057,554,It's happy hour. Would you like an amuse-bouche?
3316,2,17,117,136,1.1544117647058822,0.03442442461201057,554,Something tells me it's going to be one of those days.
3316,4,13,119,136,1.1544117647058822,0.03745538590930917,554,"No bottle, no seltzer."
3316,7,7,122,136,1.1544117647058822,0.041589702081599365,554,"Look, I'm just a soda-jerk, but in my opinion, it's an improvement from the comb-over. You know, you really have to stop clowning around. No one's laughing any more."
3316,5,11,120,136,1.1544117647058822,0.03888236612513331,554,"I've never even heard of ""Bathos Hour."""
3316,3,15,118,136,1.1544117647058822,0.03597184276266143,554,"Ringling Brothers closed? Well, I'd suggest you check with the rodeo. Is it your first?"
3316,4,13,119,136,1.1544117647058822,0.03745538590930917,554,No tears. Ok?
3316,2,17,117,136,1.1544117647058822,0.03442442461201057,554,And how would you like that seltzer?
3316,4,13,119,136,1.1544117647058822,0.03745538590930917,554,"As a matter of fact, we do have Jolson on tap."
3316,6,9,121,136,1.1544117647058822,0.040258798508680714,554,"Yeah, what does ""S'MAS"" mean?"
3316,2,17,117,136,1.1544117647058822,0.03442442461201057,554,How are things at City Hall?
3316,2,17,117,136,1.1544117647058822,0.03442442461201057,554,"Haven't seen the elephants, sorry."
3316,6,9,121,136,1.1544117647058822,0.040258798508680714,554,"Just a water, thanks"
3316,5,11,120,136,1.1544117647058822,0.03888236612513331,554,You could run for President?
3316,5,11,120,136,1.1544117647058822,0.03888236612513331,554,Drinks for everyone...the rest of the new Cabinet is on the way...
3316,5,11,120,136,1.1544117647058822,0.03888236612513331,554,Now that you people have the white house you think your shit doesn't stink?
3316,5,11,120,136,1.1544117647058822,0.03888236612513331,554,You say they all laughed at you when you fell-that's tough
3316,4,13,119,136,1.1544117647058822,0.03745538590930917,554,Sorry. No Don Equis until Washington gets the trade stuff figured out. How about a Bud?
3316,4,13,119,136,1.1544117647058822,0.03745538590930917,554,"So this clown comes into a bar and says, 'Bartender, make it a Short Trip to Hell,' whereupon the bartender reaches under the counter and ...."
3316,4,13,119,136,1.1544117647058822,0.03745538590930917,554,"Hey clown, who you callin' a jerk?"
3316,5,11,120,136,1.1544117647058822,0.03888236612513331,554,I guess I'm part of endangered species now.
3316,4,13,119,136,1.1544117647058822,0.03745538590930917,554,"Sorry, Chuckles, I can't keep giving away all my seltzer."
3316,3,15,118,136,1.1544117647058822,0.03597184276266143,554,Pour it again you say?
3316,2,17,117,136,1.1544117647058822,0.03442442461201057,554,Happy hour was cancelled in favour of something a little less pretentious.
3316,4,13,119,136,1.1544117647058822,0.03745538590930917,554,"Donald, we've told you before that we won't serve clowns here."
3316,5,11,120,136,1.1544117647058822,0.03888236612513331,554,"I am Sam. Sam-I-am."" ""I am sad. Sad-I-am."
3316,4,13,119,136,1.1544117647058822,0.03745538590930917,554,"Sorry, I don't have any seltzer bottles to go."
3316,2,17,117,136,1.1544117647058822,0.03442442461201057,554,So this clown walks into a soda bar...
3316,5,11,120,136,1.1544117647058822,0.03888236612513331,554,What'll you have President Trump?
3316,4,13,119,136,1.1544117647058822,0.03745538590930917,554,You just missed her. Big Bird was here a minute ago.
3316,0,21,115,136,1.1544117647058822,0.03109945475600372,554,Maybe you can find something with the rodeo.
3316,2,17,117,136,1.1544117647058822,0.03442442461201057,554,Stop clowning around. What'll you have?
3316,2,17,117,136,1.1544117647058822,0.03442442461201057,554,"Yes, I'd agree you're the Greatest Schmo on Earth."
3316,4,13,119,136,1.1544117647058822,0.03745538590930917,554,We don't serve seltzer in bottles anymore.
3316,6,9,121,136,1.1544117647058822,0.040258798508680714,554,Who's this clown?
3316,2,17,117,136,1.1544117647058822,0.03442442461201057,554,I just hope this means Ringling Bros. is in town.
3316,3,15,118,136,1.1544117647058822,0.03597184276266143,554,How about a rum-and-joke?
3316,3,15,118,136,1.1544117647058822,0.03597184276266143,554,"Sorry Bobo, but with the circus folding no-more-tab!"
3316,1,19,116,136,1.1544117647058822,0.03280409346399258,554,"Listen, if you want to be my cook, you can't be clownin' around on the job."
3316,6,9,121,136,1.1544117647058822,0.040258798508680714,554,"Sorry, Mac. The New Yorker gig was last Thursday. The priest and the rabbi cursed you to their respective hells."
3316,4,13,119,136,1.1544117647058822,0.03745538590930917,554,whats it going to take to wipe that smerk off your face
3316,6,9,121,136,1.1544117647058822,0.040258798508680714,554,You need to get serious now...
3316,6,9,121,136,1.1544117647058822,0.040258798508680714,554,"Sorry, you're the third clown to apply after Ringling Bros.' announcement."
3316,5,11,120,136,1.1544117647058822,0.03888236612513331,554,Sam decided that the two way mirror was just too depressing.
3316,5,11,120,136,1.1544117647058822,0.03888236612513331,554,They've been stalking the streets with selzer bottles ever since the Ringling Brothers layoffs.
3316,2,17,117,136,1.1544117647058822,0.03442442461201057,554,"P.S. 54, right?"
3316,4,13,119,136,1.1544117647058822,0.03745538590930917,554,I’m just juggling too many things. And I’m too busy.
3316,4,13,119,136,1.1544117647058822,0.03745538590930917,554,My hair never grew back once I got out of the clown business.
3316,4,13,119,136,1.1544117647058822,0.03745538590930917,554,"Mom, I'm sorry but this is my dream, not yours."
3316,5,11,120,136,1.1544117647058822,0.03888236612513331,554,"Mr. President, are you sure? I thought you were a teetotaler!"
3316,2,17,117,136,1.1544117647058822,0.03442442461201057,554,"The twelve guys you're looking for were here awhile ago, but they just ordered a microbrew and left in a minivan."
3316,5,11,120,136,1.1544117647058822,0.03888236612513331,554,Things just haven't been the same since the ringmaster moved to DC for a new job.
3316,4,13,119,136,1.1544117647058822,0.03745538590930917,554,you're kidding...
3316,4,13,119,136,1.1544117647058822,0.03745538590930917,554,How many drinks did you have before you took your driver's license picture?
3419,2,17,118,137,1.1532846715328466,0.03419080987826269,554,I'm sorry Seltzer is no longer free.
3419,4,13,120,137,1.1532846715328466,0.03719806304154902,554,No one in this town has had cream pie since NAFTA. Sad!
3419,3,15,119,137,1.1532846715328466,0.035726092524753957,554,"I don't know what to do Al, the kids made fun of me again."
3419,3,15,119,137,1.1532846715328466,0.035726092524753957,554,How did you get past the wall?
3419,4,13,120,137,1.1532846715328466,0.03719806304154902,554,I'm not sure I know how to make a confetti chaser...
3419,4,13,120,137,1.1532846715328466,0.03719806304154902,554,You scared away the rest of my customers
3419,7,7,123,137,1.1532846715328466,0.04130039364110687,554,"Well, I told you not to fuck those elephants."
3426,5,11,122,138,1.1521739130434783,0.0383492195172206,554,"Look, I told ya once already, she don't come in here no more."
3427,2,17,120,139,1.1510791366906474,0.03373288181709938,554,I am sorry but your circus experience does not qualify you for the position of soda jerk.
3428,3,14,117,134,1.1492537313432836,0.035935737801332704,554,I myself never really cared much for the elephants.
3428,3,14,117,134,1.1492537313432836,0.035935737801332704,554,It hasn't been the same since we went seltzer-only.
3428,0,20,114,134,1.1492537313432836,0.03089845788100094,554,"I'm selling seltzer in a glass, not in your pants."
3428,2,16,116,134,1.1492537313432836,0.034338846816573274,554,Well there's always bartending school now that the circus is closed for good.
3428,1,18,115,134,1.1492537313432836,0.03266397939715914,554,"Look, Senator Schumer, he also called Meryl Streep overrated, but that doesn't make it so."
3428,6,8,120,134,1.1492537313432836,0.04034897524384325,554,Bartender phobia. That's a new one.
3428,2,16,116,134,1.1492537313432836,0.034338846816573274,554,Where is your motorcade?
3428,1,18,115,134,1.1492537313432836,0.03266397939715914,554,"Okay, so your total is a juggling act and one balloon animal."
3428,6,8,120,134,1.1492537313432836,0.04034897524384325,554,"I said no to the Diners, Drive-Ins, and Dives clown, too."
3428,4,12,118,134,1.1492537313432836,0.037464624673953166,554,Not funny.
3428,5,10,119,134,1.1492537313432836,0.038933519653304244,554,"I'm sorry, but I haven't seen your pink elephants."
3428,2,16,116,134,1.1492537313432836,0.034338846816573274,554,"You parked your elephant in a ""handicapped only"" space!"
3428,3,14,117,134,1.1492537313432836,0.035935737801332704,554,Twenty percent gratuity added to parties of one.
3428,3,14,117,134,1.1492537313432836,0.035935737801332704,554,May I suggest a Yuengling Brother Barnum & Baileys? We serve it until your tent folds.
3428,2,16,116,134,1.1492537313432836,0.034338846816573274,554,"Yeah, you ought to up your game the next four years."
3428,6,8,120,134,1.1492537313432836,0.04034897524384325,554,Why the long face ?
3428,3,14,117,134,1.1492537313432836,0.035935737801332704,554,"First the elephants and now the circus. Let's see what Trump can pull out of his ""Let's Make America Great Again"" hat now."
3428,1,18,115,134,1.1492537313432836,0.03266397939715914,554,So you felt you just didn't fit in?
3428,3,14,117,134,1.1492537313432836,0.035935737801332704,554,"Don't tell me, let me guess: ""a guy walks into a bar and says..."""
3428,2,16,116,134,1.1492537313432836,0.034338846816573274,554,Is that your shoe kicking my shin?
3428,3,14,117,134,1.1492537313432836,0.035935737801332704,554,"Your banana cream pie is ready, but remember, no funny business this time."
3428,3,14,117,134,1.1492537313432836,0.035935737801332704,554,Come on man! Stop clowning around!
3428,3,14,117,134,1.1492537313432836,0.035935737801332704,554,I'll give you a beer if you promise not to spray it back.
3428,4,12,118,134,1.1492537313432836,0.037464624673953166,554,"You don't look creepy, but our policy is no laughing matter."
3428,1,18,115,134,1.1492537313432836,0.03266397939715914,554,"Let me guess,,, you use to be in the circus ?"
3428,4,12,118,134,1.1492537313432836,0.037464624673953166,554,I've seen a lot of you guys since Ringling Bros. closed.
3428,5,10,119,134,1.1492537313432836,0.038933519653304244,554,"No, you cannot put up your clown college recruitment poster, but you can drink to forget who and what you are."
3428,2,16,116,134,1.1492537313432836,0.034338846816573274,554,I'm sorry but you can't have a refill for your flower.
3428,3,14,117,134,1.1492537313432836,0.035935737801332704,554,"Hey, a lot of people are having second thoughts after voting for Trump."
3428,5,10,119,134,1.1492537313432836,0.038933519653304244,554,"Sorry to hear about Ringling Brothers, have one on me."
3428,4,12,118,134,1.1492537313432836,0.037464624673953166,554,"Don't look at me like that, Bozo. I don't pick these boring cartoons each week."
3428,3,14,117,134,1.1492537313432836,0.035935737801332704,554,"A seltzer bottle and a beer chaser, coming up."
3428,3,14,117,134,1.1492537313432836,0.035935737801332704,554,Spray me another one.
3428,4,12,118,134,1.1492537313432836,0.037464624673953166,554,If I had a dime for every clown that came in here and told me that I'd be dining with the Rockefellers. Now show me some ID or I'm gonna have to ask you to leave.
3428,3,14,117,134,1.1492537313432836,0.035935737801332704,554,I've been seeing a lot more of you guys since Ringling closed.
3428,2,16,116,134,1.1492537313432836,0.034338846816573274,554,We do not accept funny money as payment.
3428,4,12,118,134,1.1492537313432836,0.037464624673953166,554,"Here a clown, there a clown, everywhere a Clown."
3428,4,12,118,134,1.1492537313432836,0.037464624673953166,554,Let's turn that frown upside down with a cup of coffee!
3428,3,14,117,134,1.1492537313432836,0.035935737801332704,554,"Funny, but you don't strike me as the ""vodka type""."
3428,4,12,118,134,1.1492537313432836,0.037464624673953166,554,Nice try. But I won't trade a beer for a Ringling Bros. ticket.
3428,3,14,117,134,1.1492537313432836,0.035935737801332704,554,Quit clowning around. Chocolate or vanilla.
3428,2,16,116,134,1.1492537313432836,0.034338846816573274,554,I'll play it again if you stop clowning around!
3428,3,14,117,134,1.1492537313432836,0.035935737801332704,554,"Take your first right, then another right, go 6 blocks, then another right. Look for the concrete Jersey barriers at the entrance. Can't miss it."
3428,2,16,116,134,1.1492537313432836,0.034338846816573274,554,Sometimes they throw pies back in my face too.
3428,4,12,118,134,1.1492537313432836,0.037464624673953166,554,"We rarely give free lunches, but if it's just you and the people in that Volkswagen..."
3428,2,16,116,134,1.1492537313432836,0.034338846816573274,554,No seltzer. Just Beer.
3428,2,16,116,134,1.1492537313432836,0.034338846816573274,554,What could you possibly be doing with all this seltzer?
3428,5,10,119,134,1.1492537313432836,0.038933519653304244,554,I'm Kathy's clown. She said you were good for a handout.
3428,6,8,120,134,1.1492537313432836,0.04034897524384325,554,The new owner plans to call it the 'Trump Bros. and Trump & Trump Circus.'
3428,2,16,116,134,1.1492537313432836,0.034338846816573274,554,"Well, I suppose we could use a juggling bartender to liven up Ladies' Night."
3428,5,10,119,134,1.1492537313432836,0.038933519653304244,554,Let me see...what drink do I recommend to a guy who thought he was the 'Greatest Show on Earth' for the last 150 years and just found out he now longer is? ...It's actually the same thing I recommend to every middle aged guy...a large beer
3428,5,10,119,134,1.1492537313432836,0.038933519653304244,554,Your friends definitely weren't in here tonight. I think I would have noticed 23 clowns climbing out of a Volkswagen Beetle.
3428,1,18,115,134,1.1492537313432836,0.03266397939715914,554,Pick-me-up?
3428,4,12,118,134,1.1492537313432836,0.037464624673953166,554,Attention. ..Cabinet member at the door.
3428,5,10,119,134,1.1492537313432836,0.038933519653304244,554,Are you a jerk as well
3428,3,14,117,134,1.1492537313432836,0.035935737801332704,554,"Sorry, we only hire people with master's degree from clown college."
3428,4,12,118,134,1.1492537313432836,0.037464624673953166,554,"I can do the ""usual"" but we're outa balloons."
3428,4,12,118,134,1.1492537313432836,0.037464624673953166,554,"Sorry, the last clown in here sprayed out all the seltzer."
3428,4,12,118,134,1.1492537313432836,0.037464624673953166,554,"Look, Bub, I was Sam the petit bourgeois restaurateur before you were Sammy the clown."
3428,6,8,120,134,1.1492537313432836,0.04034897524384325,554,"Sorry, pal. Come back in 2020."
3428,3,14,117,134,1.1492537313432836,0.035935737801332704,554,Our seltzer sales have fizzed out.
3428,6,8,120,134,1.1492537313432836,0.04034897524384325,554,"No, Kevin, I am NOT ready to forgive you for getting me a vacuum for Christmas."
3428,5,10,119,134,1.1492537313432836,0.038933519653304244,554,ID please.
3428,1,18,115,134,1.1492537313432836,0.03266397939715914,554,"Geez, Binky, on behalf of a grateful nation thank you for your service. This one's on the house."
3428,3,14,117,134,1.1492537313432836,0.035935737801332704,554,"We used to get tons of your kind, but now they all go to the woods."
3428,4,12,118,134,1.1492537313432836,0.037464624673953166,554,We could change the M to a D if you like
3428,2,16,116,134,1.1492537313432836,0.034338846816573274,554,We have a strict balloon ban.
3428,4,12,118,134,1.1492537313432836,0.037464624673953166,554,"I need fourteen sodas, to go."
3428,4,12,118,134,1.1492537313432836,0.037464624673953166,554,Sorry about Ringling Brothers. Have you tried Motor Vehicle?
3428,5,10,119,134,1.1492537313432836,0.038933519653304244,554,"I'm sorry but we don't use seltzer bottles anymore, but I could use that little car that holds 20 people for my side job as a uber driver."
3428,4,12,118,134,1.1492537313432836,0.037464624673953166,554,"Sorry, we're out of bitters."
3428,2,16,116,134,1.1492537313432836,0.034338846816573274,554,"You don't have to go to the White House, but you can't stay here."
3428,1,18,115,134,1.1492537313432836,0.03266397939715914,554,Would you like our happy drink?
3428,5,10,119,134,1.1492537313432836,0.038933519653304244,554,"Yeah, since the circus shut down, we've had a lot of clowns in here looking for work."
3428,4,12,118,134,1.1492537313432836,0.037464624673953166,554,We don't like your kind here.
3428,3,14,117,134,1.1492537313432836,0.035935737801332704,554,"No, I will not put something funny in your drink !"
3428,3,14,117,134,1.1492537313432836,0.035935737801332704,554,Ain't that funny. Ain't that queer. The circus closing down this late in your career.
3428,5,10,119,134,1.1492537313432836,0.038933519653304244,554,"So, did you miss the clown car to the Presidential Inauguration?"
3428,3,14,117,134,1.1492537313432836,0.035935737801332704,554,"Happy hour is at my discretion sir,not you."
3428,5,10,119,134,1.1492537313432836,0.038933519653304244,554,"Sorry Bozo, we're all out of elephant burgers."
3428,0,20,114,134,1.1492537313432836,0.03089845788100094,554,Perhaps you would fit in after midnight when this bar turns into a 3-ring circus.
3428,4,12,118,134,1.1492537313432836,0.037464624673953166,554,"Sorry, we don't serve clowns like you."
3428,1,18,115,134,1.1492537313432836,0.03266397939715914,554,"Ok. Ok. I'll say it. You're a very funny guy. Really, you're a scream. A really, really fun guy. Seriously."
3428,7,6,121,134,1.1492537313432836,0.041716431461263845,554,"Sorry, I really don't know your name."
3428,4,12,118,134,1.1492537313432836,0.037464624673953166,554,Your usual?
3428,4,12,118,134,1.1492537313432836,0.037464624673953166,554,Cheer up.
3428,5,10,119,134,1.1492537313432836,0.038933519653304244,554,Don't tell me... green eggs and ham?
3428,1,18,115,134,1.1492537313432836,0.03266397939715914,554,"No, sorry. Sam died a couple years back. No joke."
3428,3,14,117,134,1.1492537313432836,0.035935737801332704,554,So how was the job interview at GQ?
3428,3,14,117,134,1.1492537313432836,0.035935737801332704,554,So the circus left town without you.....
3428,7,6,121,134,1.1492537313432836,0.041716431461263845,554,"Donald, stop clowning around! Are you going to order a malatov cocktail?"
3428,4,12,118,134,1.1492537313432836,0.037464624673953166,554,oh no not another bozo
3428,3,14,117,134,1.1492537313432836,0.035935737801332704,554,...Clown Shoe has some good accents...Red Nose Porter is a little too dark...I recommend the Polka-Dot lager.
3428,4,12,118,134,1.1492537313432836,0.037464624673953166,554,Do you really want a drink or are you just clowning around?
3428,3,14,117,134,1.1492537313432836,0.035935737801332704,554,Circus is closing? I'd better order some more seltzer water.
3428,4,12,118,134,1.1492537313432836,0.037464624673953166,554,"No, I will not hand you another soda water bottle. How many times do I have to say this?"
3428,3,14,117,134,1.1492537313432836,0.035935737801332704,554,"No, the seltzer water isn't free."
3428,3,14,117,134,1.1492537313432836,0.035935737801332704,554,How many designated drivers do you have in that tiny car outside?
3428,3,14,117,134,1.1492537313432836,0.035935737801332704,554,"Look, I'm sorry the Circus is closing down, but you're the third clown in here today trying to trade tickets for a drink!"
3428,4,12,118,134,1.1492537313432836,0.037464624673953166,554,I'm sorry but we have no gender-appropriate bathroom for clowns!
3428,2,16,116,134,1.1492537313432836,0.034338846816573274,554,So which political office are you running for this time?
3428,4,12,118,134,1.1492537313432836,0.037464624673953166,554,"Well...OK, Chuckles. I loved Ringling Bros---one double-dip Jack Daniel's banana split coming up."
3428,6,8,120,134,1.1492537313432836,0.04034897524384325,554,Oh gosh. Now it's ClownCon?
3428,0,20,114,134,1.1492537313432836,0.03089845788100094,554,"I think someone could use a ""Funky Monkey."""
3428,3,14,117,134,1.1492537313432836,0.035935737801332704,554,The Society for Addicted Madcap Simpletons meets downstairs.
3428,2,16,116,134,1.1492537313432836,0.034338846816573274,554,Café au lait and a Happy Meal coming up!
3428,2,16,116,134,1.1492537313432836,0.034338846816573274,554,Last night was a circus today not so much.
3428,2,16,116,134,1.1492537313432836,0.034338846816573274,554,Cheer up. Another circus will come along.
3428,3,14,117,134,1.1492537313432836,0.035935737801332704,554,"""Where's the priest and the politician""?"
3428,1,18,115,134,1.1492537313432836,0.03266397939715914,554,Stay calm - they can sense amusement.
3428,3,14,117,134,1.1492537313432836,0.035935737801332704,554,Mind if I squeak your nose?
3428,1,18,115,134,1.1492537313432836,0.03266397939715914,554,"Well Otto, with the circus closing, you'll have to settle your bar tab."
3428,2,16,116,134,1.1492537313432836,0.034338846816573274,554,"Hey, I liked it, you liked it, but we are under new management and we no longer serve Pale Affordable Care Ale."
3428,5,10,119,134,1.1492537313432836,0.038933519653304244,554,"In keeping with preventative medicine trends, we now call it, ""Despondency Deterrent Time""."
3428,3,14,117,134,1.1492537313432836,0.035935737801332704,554,Once the elephants left it was over.
3428,4,12,118,134,1.1492537313432836,0.037464624673953166,554,"You don't need a drink, you need a shrink!"
3428,3,14,117,134,1.1492537313432836,0.035935737801332704,554,Oh yeah? Alec Baldwin's already been in today.
3428,6,8,120,134,1.1492537313432836,0.04034897524384325,554,I believe your punchline will require one more clown and a bearded lady.
3428,6,8,120,134,1.1492537313432836,0.04034897524384325,554,Losing my timing this late in my career. We needed you last night.
3428,3,14,117,134,1.1492537313432836,0.035935737801332704,554,Are you the new Norm? And how come everyone knows your name?
3428,6,8,120,134,1.1492537313432836,0.04034897524384325,554,No I would remember you if you were here last night. Especially since you say you didn't change your clothes
3428,4,12,118,134,1.1492537313432836,0.037464624673953166,554,"Would you like a double, Mr. Ringling?"
3428,4,12,118,134,1.1492537313432836,0.037464624673953166,554,Who would have thunk Boffo the clown would be the biggest name at the inauguration?
3428,4,12,118,134,1.1492537313432836,0.037464624673953166,554,"Sam died a few years ago. As a tribute, we took one car to the funeral."
3428,4,12,118,134,1.1492537313432836,0.037464624673953166,554,The next one is on you.
3428,2,16,116,134,1.1492537313432836,0.034338846816573274,554,"To become Sam's new clown, you have some pretty big shoes to fill."
3428,3,14,117,134,1.1492537313432836,0.035935737801332704,554,"Running away and joining the circus, yeh , I kinda see it."
3428,3,14,117,134,1.1492537313432836,0.035935737801332704,554,"So, what'll it be, Chuckles? More seltzer down the pants?"
3428,5,10,119,134,1.1492537313432836,0.038933519653304244,554,"Sorry Sir, but no. I hear the Re?ublican Party is hiring."
3557,3,14,118,135,1.1481481481481481,0.03568568411412393,554,We here at Sam's provide you with a choice of 3 different seltzers that we spray directly in your face.
3557,6,8,121,135,1.1481481481481481,0.04006423603706512,554,"I know: First they laugh, then they scream. Clown called Donald told me."
3557,3,14,118,135,1.1481481481481481,0.03568568411412393,554,"Why so sad buddy? Oh, you're from Ringling Bros."
3560,4,12,120,136,1.1470588235294117,0.03694400721846426,554,So who sent you in? Well maybe next year.
3560,4,12,120,136,1.1470588235294117,0.03694400721846426,554,... which pretty much guaranteed that my trapeze career was over.
3560,3,14,119,136,1.1470588235294117,0.03543906329862996,554,Sorry your shoes won't fit on the foot rail. How about one on the house to cheer you up.
3563,3,14,120,137,1.145985401459854,0.03519580569705459,554,Clown School harder than Bartender School? No way.
3563,5,10,122,137,1.145985401459854,0.03812386591856039,554,All 20 of your friends are on the wagon.
3565,3,13,117,133,1.1428571428571428,0.03562874239213164,554,Your Uber-pool is only fourteen clowns away.
3565,2,15,116,133,1.1428571428571428,0.03399244207014454,554,Sorry pal. Happy Hour ended at 7.
3565,2,15,116,133,1.1428571428571428,0.03399244207014454,554,"I'm sorry sir, we only serve bottled soda."
3565,2,15,116,133,1.1428571428571428,0.03399244207014454,554,"No, this is not happy hour!"
3565,2,15,116,133,1.1428571428571428,0.03399244207014454,554,What? no more circus? This one's on me...we need to turn that clown frown upside down!
3565,5,9,119,133,1.1428571428571428,0.0386943098859557,554,"No free refills, seltzer or otherwise."
3565,3,13,117,133,1.1428571428571428,0.03562874239213164,554,"Plain seltzer, low-carbonation seltzer, and seltzer with a spritz. For you, I'm guessing the seltzer spritz."
3565,2,15,116,133,1.1428571428571428,0.03399244207014454,554,We canceled it.
3565,1,17,115,133,1.1428571428571428,0.03227328541285171,554,"Listen, Chuckles. The boss doesn't think your tab is that funny."
3565,1,17,115,133,1.1428571428571428,0.03227328541285171,554,No way! My little son had the same costume for Halloween.
3565,3,13,117,133,1.1428571428571428,0.03562874239213164,554,"No, I won't sell you 30 gallons of seltzer water"
3565,4,11,118,133,1.1428571428571428,0.03719312370583605,554,Chin up; Last year an elephant was sitting where you are and now he is working in Washington D.C.
3565,2,15,116,133,1.1428571428571428,0.03399244207014454,554,In all the gin joints in all the towns in all the world you have to skip into mine.
3565,4,11,118,133,1.1428571428571428,0.03719312370583605,554,"Surprisingly, not creepy."
3565,3,13,117,133,1.1428571428571428,0.03562874239213164,554,"Humor me, will ya, and just shtick with the menu."
3565,1,17,115,133,1.1428571428571428,0.03227328541285171,554,"No, Sam left yesterday to start his own circus."
3565,0,19,114,133,1.1428571428571428,0.030457245193658628,554,Don't you think you had too much already with a red nose like that?
3565,5,9,119,133,1.1428571428571428,0.0386943098859557,554,"It is pronounced ""Smas""."
3565,3,13,117,133,1.1428571428571428,0.03562874239213164,554,Let's see some ID.
3565,1,17,115,133,1.1428571428571428,0.03227328541285171,554,What would you like me to squirt into your mouth?
3565,2,15,116,133,1.1428571428571428,0.03399244207014454,554,Welcome to happy hour
3565,4,11,118,133,1.1428571428571428,0.03719312370583605,554,"Uh, I guess juggling is a skill related to the position."
3565,3,13,117,133,1.1428571428571428,0.03562874239213164,554,"One elephant's too many, a hundred's not enough."
3565,3,13,117,133,1.1428571428571428,0.03562874239213164,554,What do you mean your flower needs a refill?
3565,4,11,118,133,1.1428571428571428,0.03719312370583605,554,"I'm sorry the circus is shutting down, but there is a need for scary clowns."""
3565,4,11,118,133,1.1428571428571428,0.03719312370583605,554,"You said ""make it again Sam"", but I'm not sure what you ordered last time."
3565,3,13,117,133,1.1428571428571428,0.03562874239213164,554,Your buddies in Washington coming out for trivia night?
3565,1,17,115,133,1.1428571428571428,0.03227328541285171,554,"You better have a designated driver for that clown car, pal."
3565,1,17,115,133,1.1428571428571428,0.03227328541285171,554,"Look, Buddy, no clowning around here--What'll it be?"
3565,5,9,119,133,1.1428571428571428,0.0386943098859557,554,I guess you are on a balloon bender?
3565,3,13,117,133,1.1428571428571428,0.03562874239213164,554,"We don't serve your kind, here... but I found it funny, that you asked!"
3565,1,17,115,133,1.1428571428571428,0.03227328541285171,554,"Hey man read the sign, no balloon animals allowed"
3565,2,15,116,133,1.1428571428571428,0.03399244207014454,554,"Yes, I can see your a clown, but Happy Hour still doesn't start for half an hour."
3565,3,13,117,133,1.1428571428571428,0.03562874239213164,554,"For you, it's just ""No Shoes - No Service""."
3565,4,11,118,133,1.1428571428571428,0.03719312370583605,554,"I was an alcoholic clown, too, until I decided to focus on what I was best at."
3565,2,15,116,133,1.1428571428571428,0.03399244207014454,554,"I'm going to have to cut you off on the seltzer, bud."
3565,4,11,118,133,1.1428571428571428,0.03719312370583605,554,I wanna see some ID.
3565,3,13,117,133,1.1428571428571428,0.03562874239213164,554,So....more of that beer that tastes funny?
3565,2,15,116,133,1.1428571428571428,0.03399244207014454,554,You're going to have to get your sodas at the White House from now on.
3565,1,17,115,133,1.1428571428571428,0.03227328541285171,554,"Sorry, nothing on the menu to juggle today."
3565,4,11,118,133,1.1428571428571428,0.03719312370583605,554,Norm!!! Sorry...flashback.
3565,1,17,115,133,1.1428571428571428,0.03227328541285171,554,"Sorry Sir, we only have eleven cream pies left."
3565,4,11,118,133,1.1428571428571428,0.03719312370583605,554,"I'm sorry, but as a man of science slapstick goes against my beliefs"
3565,2,15,116,133,1.1428571428571428,0.03399244207014454,554,"Hey! No ""outside"" seltzers allowed!"
3565,2,15,116,133,1.1428571428571428,0.03399244207014454,554,"I can see why you think you're ""beside the point"" these days"
3565,3,13,117,133,1.1428571428571428,0.03562874239213164,554,"This time only if you drink it, not spritz it my face."
3565,2,15,116,133,1.1428571428571428,0.03399244207014454,554,"No more booze, Bozo."
3565,4,11,118,133,1.1428571428571428,0.03719312370583605,554,"Sorry, we no longer serve ‘XXX’ in the wooden bottle."
3565,3,13,117,133,1.1428571428571428,0.03562874239213164,554,"I'd appreciate it if you didn't take ""spritzer"" so literally."
3565,2,15,116,133,1.1428571428571428,0.03399244207014454,554,The clown's march was canceled.
3565,2,15,116,133,1.1428571428571428,0.03399244207014454,554,You have to order a beer to get the Cracker Jacks.
3565,4,11,118,133,1.1428571428571428,0.03719312370583605,554,"Sorry to rain on your parade JoJo, but ""I'm not looking for anything serious"" means something else, entirely."
3565,1,17,115,133,1.1428571428571428,0.03227328541285171,554,Shouldn't there be three of you?
3565,4,11,118,133,1.1428571428571428,0.03719312370583605,554,On inauguration day i just wanted to go where everybody knew my name.
3565,1,17,115,133,1.1428571428571428,0.03227328541285171,554,"Sorry, happy hour was over at six."
3565,1,17,115,133,1.1428571428571428,0.03227328541285171,554,What did the elephants get to keep?
3565,2,15,116,133,1.1428571428571428,0.03399244207014454,554,"Look, Bozo, quit clownin' around and order something!"
3565,4,11,118,133,1.1428571428571428,0.03719312370583605,554,"One more time with ""Sam I am"" and your out Bozo."
3565,1,17,115,133,1.1428571428571428,0.03227328541285171,554,"I'm in response to your request to ""Send in theClowns!"
3565,2,15,116,133,1.1428571428571428,0.03399244207014454,554,i've heard this one before
3565,4,11,118,133,1.1428571428571428,0.03719312370583605,554,"Sorry, you're closed."
3565,3,13,117,133,1.1428571428571428,0.03562874239213164,554,They only have 'Clown Shoes' on tap in DC.
3565,5,9,119,133,1.1428571428571428,0.0386943098859557,554,My entire business plan hinged on the song's title using the plural.
3565,1,17,115,133,1.1428571428571428,0.03227328541285171,554,``Let me guess. You're not waiting for anyone.''
3565,2,15,116,133,1.1428571428571428,0.03399244207014454,554,"I warned him that if he said ""Send the clowns gin"" one more time..."
3565,2,15,116,133,1.1428571428571428,0.03399244207014454,554,"Sorr buddy, the only clown cocktail we have is the ""White House Special.'"
3565,3,13,117,133,1.1428571428571428,0.03562874239213164,554,"OK already, stop clowning around and tell me what you want!"
3565,2,15,116,133,1.1428571428571428,0.03399244207014454,554,I've got no cash but I can make a mean balloon animal
3565,2,15,116,133,1.1428571428571428,0.03399244207014454,554,"Sorry, we don't hire clowns - too many seltzer accidents."
3565,3,13,117,133,1.1428571428571428,0.03562874239213164,554,"Yes, I could sell you a seltzer bottle and a cream pie, but then I'd have a moral obligation to kill you."
3565,4,11,118,133,1.1428571428571428,0.03719312370583605,554,You'll get my seltzer bottle over my cold dead hands.
3565,4,11,118,133,1.1428571428571428,0.03719312370583605,554,"For the last time, no Tooty Fruity on tap."
3565,3,13,117,133,1.1428571428571428,0.03562874239213164,554,And they said it was the Greatest Show on Earth!
3565,1,17,115,133,1.1428571428571428,0.03227328541285171,554,"I bake 'em, you throw 'em. Deal?"
3565,6,7,120,133,1.1428571428571428,0.04013939192492973,554,We reserve the right to refuse circus to anyone.
3565,4,11,118,133,1.1428571428571428,0.03719312370583605,554,"You know, you'd get cheerier service if you'd turn that frown into a smile."
3565,3,13,117,133,1.1428571428571428,0.03562874239213164,554,"I'm sorry, Happy Hour isn't until 5PM"
3565,5,9,119,133,1.1428571428571428,0.0386943098859557,554,So...is it a perm?
3565,4,11,118,133,1.1428571428571428,0.03719312370583605,554,I hear Russia is hiring.
3565,3,13,117,133,1.1428571428571428,0.03562874239213164,554,"Then the bartender says ""Why the long face?"". Get it? Horse? Long face?"
3565,3,13,117,133,1.1428571428571428,0.03562874239213164,554,Heading to vote today?
3565,1,17,115,133,1.1428571428571428,0.03227328541285171,554,Sorry. We're out of barbecue rubber chicken.
3565,4,11,118,133,1.1428571428571428,0.03719312370583605,554,Happy Hour is over clown!
3565,0,19,114,133,1.1428571428571428,0.030457245193658628,554,"Sorry, but you got the wrong Happy Hour."
3565,5,9,119,133,1.1428571428571428,0.0386943098859557,554,"Give me a virgin beer in a to go cup, I have to get back to the Oval Office."
3565,1,17,115,133,1.1428571428571428,0.03227328541285171,554,I hear ya. Sam ditched our elephants a couple weeks after we opened.
3565,3,13,117,133,1.1428571428571428,0.03562874239213164,554,"Clever costume, but I know it's you Jim."
3565,5,9,119,133,1.1428571428571428,0.0386943098859557,554,Happy Hour is 4-6.
3565,3,13,117,133,1.1428571428571428,0.03562874239213164,554,'You want a squirt of seltzer with that scotch?
3565,1,17,115,133,1.1428571428571428,0.03227328541285171,554,"Did you say, Shirley Temple?"
3565,5,9,119,133,1.1428571428571428,0.0386943098859557,554,Where's the Rabbi?
3565,1,17,115,133,1.1428571428571428,0.03227328541285171,554,"Stop me if you've heard this one: 'A minister, a priest, a rabbi and a clown walk into a bar......'"
3565,2,15,116,133,1.1428571428571428,0.03399244207014454,554,Only if you promise to stop dunking funnel cake in your beer.
3565,2,15,116,133,1.1428571428571428,0.03399244207014454,554,Quit clowning around and order.
3565,1,17,115,133,1.1428571428571428,0.03227328541285171,554,"Sorry Weepy, you know the rules. It's happy hour."
3565,2,15,116,133,1.1428571428571428,0.03399244207014454,554,That car of yours fit a designated driver?
3565,5,9,119,133,1.1428571428571428,0.0386943098859557,554,"How about a White Russian for that 'hacking' cough,clown face?"
3565,4,11,118,133,1.1428571428571428,0.03719312370583605,554,We don't have any seltzer bottles.
3565,2,15,116,133,1.1428571428571428,0.03399244207014454,554,"No, gray skies are NOT going to clear up. You can take that off."
3565,3,13,117,133,1.1428571428571428,0.03562874239213164,554,I'm not sure a bunch of clowns piling out of a bar would be as amusing.
3565,3,13,117,133,1.1428571428571428,0.03562874239213164,554,Tutti-Frutti?
3565,2,15,116,133,1.1428571428571428,0.03399244207014454,554,You tell Sam that he still owes us the 300 but this time we're not joking around.
3565,3,13,117,133,1.1428571428571428,0.03562874239213164,554,No bicycles - or tricycles. That's the rule.
3565,7,5,121,133,1.1428571428571428,0.041534226255654026,554,No tears of a clown around here.
3565,2,15,116,133,1.1428571428571428,0.03399244207014454,554,Just because it's not Happy Hour doesn't mean you have to ACT like it's not Happy Hour.
3565,1,17,115,133,1.1428571428571428,0.03227328541285171,554,"The clock reads 5:02, so I'm afraid you just missed it."
3565,2,15,116,133,1.1428571428571428,0.03399244207014454,554,"Sorry, we're all out of shaving cream pies."
3672,0,19,115,134,1.1417910447761195,0.030247891170812603,554,I'm guessing Rocky Road.
3672,3,13,118,134,1.1417910447761195,0.035377923514297256,554,Nobody comes here anymore since we got rid of the pink elephants.
3672,6,7,121,134,1.1417910447761195,0.03985298011548961,554,Are you the character the agency sent to give the joint atmoshere?
3672,2,15,117,134,1.1417910447761195,0.03375465333179144,554,Juggling highballs and lowballs just takes practice.
3672,4,11,119,134,1.1417910447761195,0.03692991095057656,554,"Sorry, check the Big Top Bar. We don't sell seltzer bottles to go."
3672,4,11,119,134,1.1417910447761195,0.03692991095057656,554,"Judging by your shoes, I'm surprised you didn't order a double!"
3672,3,13,118,134,1.1417910447761195,0.035377923514297256,554,Sorry to hear about that circus closing.
3672,3,13,118,134,1.1417910447761195,0.035377923514297256,554,"Your flower sags to the left, I guess you voted for Hillary."
3672,3,13,118,134,1.1417910447761195,0.035377923514297256,554,"You voted for him, so don't blame me for vodka only."
3672,4,11,119,134,1.1417910447761195,0.03692991095057656,554,"As Sam looked into the mirror, he saw only the sad face of the man he always wanted to be."
3672,2,15,117,134,1.1417910447761195,0.03375465333179144,554,Try the chocolate shrimp swirl. It definitely tastes funny.
3672,4,11,119,134,1.1417910447761195,0.03692991095057656,554,"No, no gray elephants around here."
3672,3,13,118,134,1.1417910447761195,0.035377923514297256,554,"I appreciate the disguise, your bar tab is twenty bucks."
3672,1,17,116,134,1.1417910447761195,0.03204927098882861,554,Actually I do know how to make a sad clown happy. How about a beer?
3672,4,11,119,134,1.1417910447761195,0.03692991095057656,554,"Look, Sam, maybe it was a midlife crisis...but you had to give it a shot, ain't that the truth?"
3672,2,15,117,134,1.1417910447761195,0.03375465333179144,554,"Well Sam, since you left to join the circus we've stopped serving clowns. Try Chuckles down the street."
3672,2,15,117,134,1.1417910447761195,0.03375465333179144,554,Will a lager suffice for your squirt flower?
3672,0,19,115,134,1.1417910447761195,0.030247891170812603,554,"Oh, I've heard this one."
3672,4,11,119,134,1.1417910447761195,0.03692991095057656,554,"I'm sorry, but the other 10 customers need a designated driver."
3672,4,11,119,134,1.1417910447761195,0.03692991095057656,554,"Good afternoon, Senator Schumer. You're early. Happy Hour doesn't start for another fifteen minutes."
3672,2,15,117,134,1.1417910447761195,0.03375465333179144,554,"Sorry, I'm not licensed to refill flowers."
3672,4,11,119,134,1.1417910447761195,0.03692991095057656,554,"Sorry, ""Mr Flappy,"" but you have to go to 'www.FlowerSquirtRefill.com' for that now."
3672,3,13,118,134,1.1417910447761195,0.035377923514297256,554,"None,none that""taste funny"""
3672,4,11,119,134,1.1417910447761195,0.03692991095057656,554,"No, Happy Hour is not covered by Obamacare, Trumpcare or Medicare."
3672,1,17,116,134,1.1417910447761195,0.03204927098882861,554,I don't think you should drink if your going to be driving home . The last time you drove into a tree you injured all 30 of your passengers.
3672,4,11,119,134,1.1417910447761195,0.03692991095057656,554,Spumoni. You buying or selling?
3698,4,11,120,135,1.1407407407407408,0.03667037967475458,554,"It may have been The Greatest Show on Earth, but can you turn a four top?"
3698,2,15,118,135,1.1407407407407408,0.03352014478583837,554,"Look Buddy, I can't sell you seltzer to go without a Photo-ID"
3700,5,9,122,136,1.1397058823529411,0.037880666480275604,554,BOOZE-O stop clowning around.
3701,1,16,114,131,1.1374045801526718,0.032080636033194526,554,Where do you want me to start? With the elephants?
3701,4,10,117,131,1.1374045801526718,0.03716835541940484,554,Would you mind taking your hat off in the house?
3701,3,12,116,131,1.1374045801526718,0.035553436296466484,554,What is your current job?
3701,4,10,117,131,1.1374045801526718,0.03716835541940484,554,"Hey, did we install that one way mirror yet?"
3701,5,8,118,131,1.1374045801526718,0.03871597159673901,554,At least you've got custard-y.
3701,3,12,116,131,1.1374045801526718,0.035553436296466484,554,I feel like Ringling my neck.
3701,2,14,115,131,1.1374045801526718,0.033861586206062465,554,". . . and without The Wall, illegal Mexicans will get all the clown jobs."
3701,4,10,117,131,1.1374045801526718,0.03716835541940484,554,Brighten up - circuses will be great again.
3701,3,12,116,131,1.1374045801526718,0.035553436296466484,554,"Sorry, no opening for a short order cook... consider a presidential run."
3701,1,16,114,131,1.1374045801526718,0.032080636033194526,554,Are you an 'American' clown?
3701,1,16,114,131,1.1374045801526718,0.032080636033194526,554,"Sorry, we are out of squirting flowers."
3701,3,12,116,131,1.1374045801526718,0.035553436296466484,554,Ringling Brothers? this one's on the house.
3701,4,10,117,131,1.1374045801526718,0.03716835541940484,554,"I'm sorry, sir, but I've never heard of Emmett Kelly, much less a drink by that name."
3701,3,12,116,131,1.1374045801526718,0.035553436296466484,554,"So, who did you vote for?"
3701,3,12,116,131,1.1374045801526718,0.035553436296466484,554,"Sorry but no, I can't let you see the soda gun today"
3701,5,8,118,131,1.1374045801526718,0.03871597159673901,554,Sephora's moved.
3701,2,14,115,131,1.1374045801526718,0.033861586206062465,554,"Uncle Sam needs more than a clown, pal."
3701,3,12,116,131,1.1374045801526718,0.035553436296466484,554,"Hey Bozo, I already told you we're not hiring!"
3701,1,16,114,131,1.1374045801526718,0.032080636033194526,554,"No, I haven't seen a priest, a rabbi or (in italics) a minister."
3701,3,12,116,131,1.1374045801526718,0.035553436296466484,554,Proof of age...?
3701,3,12,116,131,1.1374045801526718,0.035553436296466484,554,Your wife already called to tell me about your new costume.
3701,3,12,116,131,1.1374045801526718,0.035553436296466484,554,I don't want any trouble out of you.
3701,2,14,115,131,1.1374045801526718,0.033861586206062465,554,Take off the gloomy mask of tragedy. It's not your style.
3701,3,12,116,131,1.1374045801526718,0.035553436296466484,554,Nothing for me. I'm just gonna grin and bear it.
3701,4,10,117,131,1.1374045801526718,0.03716835541940484,554,"Yeah, I heard about Ringling Brothers, but we're not hiring."
3701,3,12,116,131,1.1374045801526718,0.035553436296466484,554,"Sad news about the circus, Peppy. Let me give you a free beer and have a close look at that flower."
3701,3,12,116,131,1.1374045801526718,0.035553436296466484,554,"Sorry, our free drinks for clowns promotion is over."
3701,2,14,115,131,1.1374045801526718,0.033861586206062465,554,"Just one drink, Seriously?"
3701,2,14,115,131,1.1374045801526718,0.033861586206062465,554,"Hey, buddy! Using the cover to get out of town or into town?"
3701,2,14,115,131,1.1374045801526718,0.033861586206062465,554,"Don't get funny with me, mister,,,"
3701,4,10,117,131,1.1374045801526718,0.03716835541940484,554,Just another Bozo.
3701,3,12,116,131,1.1374045801526718,0.035553436296466484,554,No squirting the customers bozo.
3701,3,12,116,131,1.1374045801526718,0.035553436296466484,554,"This is technically the drive-thru lane, but thanks for not coming all at once in the same car."
3701,2,14,115,131,1.1374045801526718,0.033861586206062465,554,"You say ""apocalypse,"" I say ""making room for greatness, again."""
3701,3,12,116,131,1.1374045801526718,0.035553436296466484,554,Trying to scare up a drink?
3701,4,10,117,131,1.1374045801526718,0.03716835541940484,554,"Sorry, Your Time Has Gone By….."
3701,2,14,115,131,1.1374045801526718,0.033861586206062465,554,Ringling Brothers closed? At least they let you keep the hat.
3701,4,10,117,131,1.1374045801526718,0.03716835541940484,554,"Hey bud, why the long face?"
3701,3,12,116,131,1.1374045801526718,0.035553436296466484,554,"I know Ringling Brothers is going out of business, but if you want a job you'll have to think about the outfit."
3701,5,8,118,131,1.1374045801526718,0.03871597159673901,554,Well I certainly didn't mean anything by it.... Mr. Pesci.
3701,4,10,117,131,1.1374045801526718,0.03716835541940484,554,"Tell me Barnum, how's business?"
3701,6,6,119,131,1.1374045801526718,0.04020405786454649,554,"Isn't it rich, my time to swear- Me here at last in DC, with my orange hair."
3701,2,14,115,131,1.1374045801526718,0.033861586206062465,554,Quit clowning around and get back to work.
3701,5,8,118,131,1.1374045801526718,0.03871597159673901,554,"It's a thin disguise, Mr. President. And Barnum isn't hiring. Drink?"
3701,3,12,116,131,1.1374045801526718,0.035553436296466484,554,"Sorry, we're all out of the Clown IPA....."
3701,3,12,116,131,1.1374045801526718,0.035553436296466484,554,Need a cup of coffee before terrorizing the neighborhood porches all night?
3701,6,6,119,131,1.1374045801526718,0.04020405786454649,554,"So that's how you get out of the ""Tower"" Mr. Trump. Will you do the same in DC?"
3701,5,8,118,131,1.1374045801526718,0.03871597159673901,554,I'm sorry about Barnum and Bailey but I can't give you a Shirley Temple to drown your sorrows
3701,4,10,117,131,1.1374045801526718,0.03716835541940484,554,"So, the kids didn't think you were scary enough. Sad. Seltzer Water?"
3701,3,12,116,131,1.1374045801526718,0.035553436296466484,554,"The new employee mistook ""hump-day"" for ""Trump-day"""
3701,1,16,114,131,1.1374045801526718,0.032080636033194526,554,Can you quit clowning around and order already!
3701,4,10,117,131,1.1374045801526718,0.03716835541940484,554,"Hey, I'm supposed to be the jerk!"
3701,4,10,117,131,1.1374045801526718,0.03716835541940484,554,"Nah, career choices don't come on tap."
3701,5,8,118,131,1.1374045801526718,0.03871597159673901,554,"Sorry, we don't serve clowns."
3701,5,8,118,131,1.1374045801526718,0.03871597159673901,554,He's mad because he is about to lose his job and the President doesn't care enough to tweet about it.
3701,3,12,116,131,1.1374045801526718,0.035553436296466484,554,"We do give free drinks to Presidential Cabinet members, but you don't look like one."
3701,3,12,116,131,1.1374045801526718,0.035553436296466484,554,You wouldn't believe who was just in here.
3701,3,12,116,131,1.1374045801526718,0.035553436296466484,554,Sorry. No refills.
3701,3,12,116,131,1.1374045801526718,0.035553436296466484,554,"Turn that frown upside down, and I might serve you."
3701,2,14,115,131,1.1374045801526718,0.033861586206062465,554,a tough day Senator Schumer?
3701,4,10,117,131,1.1374045801526718,0.03716835541940484,554,"I'm sorry, but clowns are really out right now."
3701,4,10,117,131,1.1374045801526718,0.03716835541940484,554,I heard your circus gigis is up. Shall I make it a double?
3701,5,8,118,131,1.1374045801526718,0.03871597159673901,554,I'm sorry but buffoonery has recently migrated to the Beltway.
3701,2,14,115,131,1.1374045801526718,0.033861586206062465,554,"I'm afraid I can't accept your ID, Mr Hugsybear"
3701,4,10,117,131,1.1374045801526718,0.03716835541940484,554,What do you mean they wouldn't let you stay with the rest of the circus at the White House.
3701,3,12,116,131,1.1374045801526718,0.035553436296466484,554,I was going for shabby chic. You?
3701,1,16,114,131,1.1374045801526718,0.032080636033194526,554,We don't get many show folk in this bar.
3701,4,10,117,131,1.1374045801526718,0.03716835541940484,554,"""Our clientele are a serious people and they don't like any funny business."
3701,6,6,119,131,1.1374045801526718,0.04020405786454649,554,"Sorry, Barack, but its not about you anymore."
3701,4,10,117,131,1.1374045801526718,0.03716835541940484,554,You know why no one is at the bar. It's because people are really afraid of clowns like you.
3701,5,8,118,131,1.1374045801526718,0.03871597159673901,554,Yeah I checked... the soda tax will apply to those seltzer water bottles you love so much.
3701,6,6,119,131,1.1374045801526718,0.04020405786454649,554,"Tough news about the circus, buddy."
3701,2,14,115,131,1.1374045801526718,0.033861586206062465,554,Trump replaced you as head clown? He's not even funny.
3701,1,16,114,131,1.1374045801526718,0.032080636033194526,554,"Yes, I heard about Ringling Brothers. Are you laughing on the inside?"
3701,4,10,117,131,1.1374045801526718,0.03716835541940484,554,Are you a clown or a hippie? We don't serve hippies here.
3701,5,8,118,131,1.1374045801526718,0.03871597159673901,554,"please, no clowning around."
3701,2,14,115,131,1.1374045801526718,0.033861586206062465,554,"Despite what you've heard, you do NOT need to be a clown to work here."
3701,3,12,116,131,1.1374045801526718,0.035553436296466484,554,"So, what are you going to do now that Trump has left town?"
3779,4,10,118,132,1.1363636363636365,0.03690038743330635,554,"Sorry, I've already got a balloon animal guy."
3779,2,14,116,132,1.1363636363636365,0.033620198552659505,554,Stop clowning around and show me your ID.
3779,2,14,116,132,1.1363636363636365,0.033620198552659505,554,"You will love this one "" So three clowns walk into a bar...."""
3779,3,12,117,132,1.1363636363636365,0.03529841599454826,554,Sorry - the rubber chicken special was last week.
3783,5,8,120,133,1.1353383458646618,0.038159339768612965,554,Is that really what I look like?
3784,1,16,117,134,1.1343283582089552,0.0314092107945762,554,Where are your horse and priest?
3785,4,10,121,135,1.1333333333333333,0.03611908318686691,554,"Yes, we bottle our own seltzer water, but I'm only going to sell one glass at a time to you."
3786,2,13,114,129,1.1317829457364341,0.03370644792815133,554,"Executive interview didn't go so well, huh?"
3786,4,9,116,129,1.1317829457364341,0.03712644197803879,554,"No, the presidential car did not come by here."
3786,5,7,117,129,1.1317829457364341,0.03872333566412419,554,You say you’re depressed because you don’t get why people are laughing at you?
3786,2,13,114,129,1.1317829457364341,0.03370644792815133,554,"Oh no, not another joke about a nine inch pianist."
3786,2,13,114,129,1.1317829457364341,0.03370644792815133,554,"I told you, no clowning around."
3786,3,11,115,129,1.1317829457364341,0.0354577024487054,554,"Yeah right, Bobo - the circus went out of business..."
3786,3,11,115,129,1.1317829457364341,0.0354577024487054,554,This is now the Greatest Show on Earth
3786,3,11,115,129,1.1317829457364341,0.0354577024487054,554,You are not mature enough to drink.
3786,2,13,114,129,1.1317829457364341,0.03370644792815133,554,Don't worry. You belong in the Cabinet and you will be.
3795,4,9,117,130,1.1307692307692307,0.036853691514288724,554,Sorry you didn't get enough votes to become our new Senator. You can try again in four years.
3795,4,9,117,130,1.1307692307692307,0.036853691514288724,554,Sad to hear the circus is closing down; why don't you get a job in government?
3797,6,5,120,131,1.1297709923664123,0.03966528566951628,554,"It is easy to recognize you, Mr. President."
3798,3,11,118,132,1.128787878787879,0.034691234183268006,554,I'm sorry. We don't offer clown discounts.
3799,2,12,113,127,1.125984251968504,0.03352424888977445,554,you're telling me IT is over between you and Stephen King?
3799,2,12,113,127,1.125984251968504,0.03352424888977445,554,Sorry--we're fresh out of clown 'n' tonic.
3799,2,12,113,127,1.125984251968504,0.03352424888977445,554,"Sorry Clyde, We don't do Happy Hour on weekends."
3799,2,12,113,127,1.125984251968504,0.03352424888977445,554,"Sorry, we're all out of cream pies, how about mincemeat?"
3799,4,8,115,127,1.125984251968504,0.0370654018935355,554,"Sorry, Donald. Uncle says we don't serve sad, angry clowns!"
3799,4,8,115,127,1.125984251968504,0.0370654018935355,554,I betcha women have their own definition of a party animal.
3799,2,12,113,127,1.125984251968504,0.03352424888977445,554,"Yes, it is your fault. As P.T said, ""Clowns are the pegs on which the circus is hung."""
3799,2,12,113,127,1.125984251968504,0.03352424888977445,554,Let me guess...extra dry martini.
3799,3,10,114,127,1.125984251968504,0.03533920826187854,554,Another humble pie?
3799,2,12,113,127,1.125984251968504,0.03352424888977445,554,All 12 of your buddies piled into a Mini-Cooper and skedaddled so you're going to have to pay up -- and no funny business!
3799,4,8,115,127,1.125984251968504,0.0370654018935355,554,"sorry, we don't do flower refills here."
3799,2,12,113,127,1.125984251968504,0.03352424888977445,554,"What is this, some kind of three-drink circus?"
3799,1,14,112,127,1.125984251968504,0.03160523511494041,554,No pie for you!
3799,4,8,115,127,1.125984251968504,0.0370654018935355,554,Sorry. We no longer serve the C.L.O.W.N. community.
3799,3,10,114,127,1.125984251968504,0.03533920826187854,554,Trump? No I didn't vote for him. Did you?
3799,2,12,113,127,1.125984251968504,0.03352424888977445,554,Sure-we'll serve anyone as long as they're not gay.
3799,4,8,115,127,1.125984251968504,0.0370654018935355,554,"Bozo, I'm really sad too that you're not the top-rated scary clown anymore."
3799,3,10,114,127,1.125984251968504,0.03533920826187854,554,Yout circus better not be moving to Mexico without the President knowing!
3799,1,14,112,127,1.125984251968504,0.03160523511494041,554,"A priest, a rabbi and a CLOWN? Sorry. This is a closed caption!"
3799,2,12,113,127,1.125984251968504,0.03352424888977445,554,"Yes, we hsve no bananas today..."
3799,2,12,113,127,1.125984251968504,0.03352424888977445,554,"If an old soda jerk and a clown can get along, you'd think everyone else could too."
3799,2,12,113,127,1.125984251968504,0.03352424888977445,554,"Nah, I don't have much problem with animal rights activists in my line of work."
3799,4,8,115,127,1.125984251968504,0.0370654018935355,554,How about one for the road ... in honor of the Ringling Brothers' Circus and its glorious past?
3799,3,10,114,127,1.125984251968504,0.03533920826187854,554,"No foolin'. No ID, no service."
3799,4,8,115,127,1.125984251968504,0.0370654018935355,554,"Nope, we don't have a Sam here. Just S'mas. Should be back in a second if you want to wait."
3799,4,8,115,127,1.125984251968504,0.0370654018935355,554,May I recommend the Down Clown Abbey?
3799,3,10,114,127,1.125984251968504,0.03533920826187854,554,"Hey Sma's, what happened to Sam's?"
3799,1,14,112,127,1.125984251968504,0.03160523511494041,554,"It's happy hour, so I'm afraid I can't take your order."
3799,3,10,114,127,1.125984251968504,0.03533920826187854,554,Why the long phaze?
3799,3,10,114,127,1.125984251968504,0.03533920826187854,554,"Yes, but do you have experience keeping things in buckets?"
3799,4,8,115,127,1.125984251968504,0.0370654018935355,554,"Tough luck, buddy, but we're not hiring."
3799,3,10,114,127,1.125984251968504,0.03533920826187854,554,I'm sorry. I'm not that person anymore.
3799,2,12,113,127,1.125984251968504,0.03352424888977445,554,"We have eggs, bacon and pancakes, but we don't serve slapstick."
3799,4,8,115,127,1.125984251968504,0.0370654018935355,554,… And I understand that the zoning ordinances are very flexible in this neighborhood ….
3799,2,12,113,127,1.125984251968504,0.03352424888977445,554,"Sorry, we only have CROWN Royal."
3799,2,12,113,127,1.125984251968504,0.03352424888977445,554,"Sometimes, when business was slow, the old bartender dreamed of becoming a circus clown."
3799,1,14,112,127,1.125984251968504,0.03160523511494041,554,What's that you say...the hamburger tasted funny to you?
3799,3,10,114,127,1.125984251968504,0.03533920826187854,554,"I know the Ringling Circus is folding its tent forever, but the clown bar is still down the street."
3799,2,12,113,127,1.125984251968504,0.03352424888977445,554,"Sorry, I don't serve your kind here."
3799,3,10,114,127,1.125984251968504,0.03533920826187854,554,I'm afraid we're out of whatever you need.
3799,2,12,113,127,1.125984251968504,0.03352424888977445,554,"We don't play ""Send in the clowns"" here."
3799,0,16,111,127,1.125984251968504,0.0295619097779183,554,What is it with you clowns coming in here wanting a drink on the house?
3799,2,12,113,127,1.125984251968504,0.03352424888977445,554,"I can understand why the tune, 'Tears of a Clown,' could be getting you down."
3799,3,10,114,127,1.125984251968504,0.03533920826187854,554,You must pay the price of a clown.
3799,3,10,114,127,1.125984251968504,0.03533920826187854,554,"I have all the seltzer water I need, thanks."
3799,2,12,113,127,1.125984251968504,0.03352424888977445,554,"Well with the circus gone, I guess the next step is hobo."
3799,4,8,115,127,1.125984251968504,0.0370654018935355,554,Ready to become a hobo clown?
3799,2,12,113,127,1.125984251968504,0.03352424888977445,554,"Yeah, the name is Sam. But I don't play."
3799,1,14,112,127,1.125984251968504,0.03160523511494041,554,Pagliacci finished it's run?
3799,4,8,115,127,1.125984251968504,0.0370654018935355,554,Clown walks in to a milk bar
3799,2,12,113,127,1.125984251968504,0.03352424888977445,554,"And he calls me a jerk, really!"
3799,3,10,114,127,1.125984251968504,0.03533920826187854,554,Have you talked about this with the elephants?
3799,3,10,114,127,1.125984251968504,0.03533920826187854,554,The next election is four years away.
3799,3,10,114,127,1.125984251968504,0.03533920826187854,554,I think you clowns need a significant public relations campaign.
3799,1,14,112,127,1.125984251968504,0.03160523511494041,554,"I'm sorry, our Dress-up-as-Clown special isn't until tomorrow."
3799,4,8,115,127,1.125984251968504,0.0370654018935355,554,I was Clownin' Sam until I discovered alcohol.
3799,2,12,113,127,1.125984251968504,0.03352424888977445,554,"So sorry, pal. What, with the nose and the flower and . . . never mind. Can I get you a beer?"
3799,1,14,112,127,1.125984251968504,0.03160523511494041,554,Quit clowning around and tell me what flavor you want!
3799,4,8,115,127,1.125984251968504,0.0370654018935355,554,"Of course, the new administration views Barnum & Bailey's employees with keen interest. Bye bye big top; hello, carrot top!"
3799,2,12,113,127,1.125984251968504,0.03352424888977445,554,Marcy says I'm not allowed to serve you dessert anymore.
3799,2,12,113,127,1.125984251968504,0.03352424888977445,554,"I have just the right drink to turn that frown upside down, Mr. Clown!"
3799,2,12,113,127,1.125984251968504,0.03352424888977445,554,"Sorry, we are no longer accepting applications from former circus employees."
3799,2,12,113,127,1.125984251968504,0.03352424888977445,554,"Big shoes, clown face, no service."
3799,3,10,114,127,1.125984251968504,0.03533920826187854,554,I'm finding it difficult to take you as a serious applicant.
3799,1,14,112,127,1.125984251968504,0.03160523511494041,554,The manager said I can't serve you. You don't meet our dress code.
3799,1,14,112,127,1.125984251968504,0.03160523511494041,554,Stop clowning and get in here! You're late again!!
3799,0,16,111,127,1.125984251968504,0.0295619097779183,554,"Yep, we have that flavor...but it tastes funny."
3799,1,14,112,127,1.125984251968504,0.03160523511494041,554,Another Red Nosed Amber Today?
3799,3,10,114,127,1.125984251968504,0.03533920826187854,554,"I apologize for my son. It was an honest mistake, senator. My son always wanted to be a republican."
3799,4,8,115,127,1.125984251968504,0.0370654018935355,554,Trump says we don't have to serve clowns.
3799,2,12,113,127,1.125984251968504,0.03352424888977445,554,We don't get many real clowns in here...mostly just the merely gay.
3799,3,10,114,127,1.125984251968504,0.03533920826187854,554,If we hire you would you be willing to relocate?
3799,1,14,112,127,1.125984251968504,0.03160523511494041,554,I'm tired of serving you clowns in here!
3799,2,12,113,127,1.125984251968504,0.03352424888977445,554,Stop clowning around and order already.
3799,1,14,112,127,1.125984251968504,0.03160523511494041,554,"Sorry to have to tell ya, pal, but Silly died years ago."
3799,2,12,113,127,1.125984251968504,0.03352424888977445,554,"Detective: Describe him to me."" Bartender: ""Hard to say. You bozos all look the same to me."""
3799,2,12,113,127,1.125984251968504,0.03352424888977445,554,"Looking in the window, the clown felt sad for the soda jerk."
3799,1,14,112,127,1.125984251968504,0.03160523511494041,554,Sorry Chuckles - not enough business to hire a seltzer pro.
3799,2,12,113,127,1.125984251968504,0.03352424888977445,554,"I'm sorry, but we're not hiring clowns at the moment. It's already a circus here."
3799,4,8,115,127,1.125984251968504,0.0370654018935355,554,Senator Schumer - would you like the usual?
3799,4,8,115,127,1.125984251968504,0.0370654018935355,554,You say you're out of work and do I know where they sent the elephants?
3799,3,10,114,127,1.125984251968504,0.03533920826187854,554,I heard. I still don't have an opening.
3799,4,8,115,127,1.125984251968504,0.0370654018935355,554,Don't worry there will be a lot of job openings for clowns now that Trump is Presudent!
3799,4,8,115,127,1.125984251968504,0.0370654018935355,554,I know the circus left town but your shoes are just too big to fill.
3799,0,16,111,127,1.125984251968504,0.0295619097779183,554,"OK, so the circus may be over but happy hour starts in 10 minutes!"
3799,3,10,114,127,1.125984251968504,0.03533920826187854,554,You say you have experience watering elephants? When can you start?
3799,3,10,114,127,1.125984251968504,0.03533920826187854,554,Sorry... no. We don't carry gluten free meringue.
3799,1,14,112,127,1.125984251968504,0.03160523511494041,554,Why the pear-shaped face?
3799,2,12,113,127,1.125984251968504,0.03352424888977445,554,"Interesting idea, but ""clown and gown"" might be a hard sell with the university folks."
3799,3,10,114,127,1.125984251968504,0.03533920826187854,554,"Sure Sam loved clowns, but he died"
3799,3,10,114,127,1.125984251968504,0.03533920826187854,554,Forget about the elephants!
3799,4,8,115,127,1.125984251968504,0.0370654018935355,554,Drowning your sorrows?
3799,2,12,113,127,1.125984251968504,0.03352424888977445,554,Runaway from the Circus?
3799,5,6,116,127,1.125984251968504,0.038714705145231135,554,"Until you drink responsibility, we're not serving you more seltzer water."
3799,4,8,115,127,1.125984251968504,0.0370654018935355,554,No way; not after what happened to your car the last time you drank here
3799,5,6,116,127,1.125984251968504,0.038714705145231135,554,We don't serve clowns here.
3799,4,8,115,127,1.125984251968504,0.0370654018935355,554,"Oh, bother. You're here."
3799,3,10,114,127,1.125984251968504,0.03533920826187854,554,The priest and the rabbit couldn't make it.
3799,3,10,114,127,1.125984251968504,0.03533920826187854,554,"No, pagliaccio non son. No Ringling Brothers. No job. Only clown left is now The President."
3799,3,10,114,127,1.125984251968504,0.03533920826187854,554,"Why shouldn't I worry? I've been struggling with brand dilution ever since the election season, when all sorts of folks started being referred to as clowns."
3799,2,12,113,127,1.125984251968504,0.03352424888977445,554,"I'm sorry, we don't serve Coco"
3799,5,6,116,127,1.125984251968504,0.038714705145231135,554,"You're no Billy Crystal, but the concert organizers are desperate by now"
3901,3,10,115,128,1.125,0.03507584582914461,554,Last call.
3901,2,12,114,128,1.125,0.03327586910310427,554,There's just no job security in this day and age!
3901,5,6,117,128,1.125,0.038423663968391995,554,How is the designated driver chosen among your many peers?
3901,3,10,115,128,1.125,0.03507584582914461,554,"So three guys walk into a bar; a priest, a rabbi, and a clown."
3901,1,14,113,128,1.125,0.03137279025690793,554,What is this some joke?
3901,3,10,115,128,1.125,0.03507584582914461,554,"When you called about the job I said ""clone."""
3901,2,12,114,128,1.125,0.03327586910310427,554,Sam's funeral was yesterday.
3901,3,10,115,128,1.125,0.03507584582914461,554,*Sigh* I thought we decided it wasn't a good idea for customers to see you like this Sam...
3901,5,6,117,128,1.125,0.038423663968391995,554,"Well, maybe, next year."
3901,1,14,113,128,1.125,0.03137279025690793,554,The spigots are just for show. This place is BYOB.
3901,2,12,114,128,1.125,0.03327586910310427,554,Something to help turn my frown upside down.
3901,1,14,113,128,1.125,0.03137279025690793,554,"Is ""scared"" the new ""creepy?"""
3901,2,12,114,128,1.125,0.03327586910310427,554,Finally...someone willing to make the risible visible.
3901,2,12,114,128,1.125,0.03327586910310427,554,"No, I’m sorry—we no longer allow clowns to run tabs on ice-cream birthday cakes."
3901,2,12,114,128,1.125,0.03327586910310427,554,No balloons. I can give you foam.
3901,5,6,117,128,1.125,0.038423663968391995,554,How about a seltzer while you wait on your taxi?
3901,5,6,117,128,1.125,0.038423663968391995,554,Sorry; PETA has the pink elephants as well.
3901,2,12,114,128,1.125,0.03327586910310427,554,"Listen, pal, if you want to get sprayed in the face with seltzer, do it in your own home."
3901,3,10,115,128,1.125,0.03507584582914461,554,"You can have anything you want Bub, but no funny money accepted."
3920,3,10,116,129,1.124031007751938,0.034816364773685424,554,"Yes, Uncle Sam's serves clowns..."
3920,2,12,115,129,1.124031007751938,0.033031125095076184,554,Out of a job? Let me turn that clown frown upside down.
3920,1,14,114,129,1.124031007751938,0.031143718372070146,554,"Well Sam, your resume looks good where it counts."
3920,1,14,114,129,1.124031007751938,0.031143718372070146,554,I've got the vodka if you've got the squirt.
3920,2,12,115,129,1.124031007751938,0.033031125095076184,554,"Well, since the circus closed, I've been looking to get into another industry."
3920,2,12,115,129,1.124031007751938,0.033031125095076184,554,Yes they did send for you. But they couldn't take it anymore and moved to Canada.
3920,4,8,117,129,1.124031007751938,0.03651442573917979,554,Stop clowning around.
3927,2,12,116,130,1.123076923076923,0.03278993805442386,554,"Would you like a celebratory, or desultory?"
3928,4,8,119,131,1.1221374045801527,0.03597954133122077,554,I don't care how you dress. I won't hire you. You're simply not a people person.
3929,3,10,119,132,1.121212121212121,0.034060373915767106,554,"No sir, the hipster bar is across the street"
3929,3,10,119,132,1.121212121212121,0.034060373915767106,554,It's like looking into a fucking mirror
3931,3,9,113,125,1.12,0.03519530760512478,554,"Sorry, we don't carry seltzer water."
3931,1,13,111,125,1.12,0.0313152544503525,554,A clown shooter? Are you serious?
3931,5,5,115,125,1.12,0.038688166065974056,554,after 146 years...sure I'm sad about leaving ringling bros. don't those peta folks know the kentucky derby celebrates its 143rd running for the roses this may? go figure!
3931,2,11,112,125,1.12,0.03331182101529182,554,Only a Bozo like you would ask for just the banana peel from the split.
3931,2,11,112,125,1.12,0.03331182101529182,554,"I don't think the Trump tweet meant literally, NO MORE CLOWNING!"
3931,4,7,114,125,1.12,0.036982995220558736,554,"No, you can't see me seltzer dispenser for a sec."
3931,3,9,113,125,1.12,0.03519530760512478,554,"You don't know the third Clown Commandment? What are you, some kind of bozo?"
3931,2,11,112,125,1.12,0.03331182101529182,554,I'm drowning my humour.
3931,1,13,111,125,1.12,0.0313152544503525,554,There was a mime in here hating on you
3931,1,13,111,125,1.12,0.0313152544503525,554,"I remember you now. Yeah, I'll make you a banana split, but after last time no whipped cream. Period."
3931,2,11,112,125,1.12,0.03331182101529182,554,"Sorry, the ""Trumpenstein"" is no longer available in the Fun Pack."
3931,2,11,112,125,1.12,0.03331182101529182,554,"I heard about Ringling Brothers, must be a sad time to be a clown."
3931,2,11,112,125,1.12,0.03331182101529182,554,It's not my fault if you ate something that tasted funny.
3931,3,9,113,125,1.12,0.03519530760512478,554,"Hey, buddy! Using the cover to get out of town or into town?"
3931,1,13,111,125,1.12,0.0313152544503525,554,I see you read the sign on the door - No clowning around.
3931,3,9,113,125,1.12,0.03519530760512478,554,Bojangles couldn't make it in today.
3931,3,9,113,125,1.12,0.03519530760512478,554,"No, Buttons, according to the most recent Quinnipiac Poll only 37% of the world loves you."
3931,4,7,114,125,1.12,0.036982995220558736,554,Yes we have beer on tap. No clowning around.
3931,1,13,111,125,1.12,0.0313152544503525,554,Ringling just closed here for my cabinet appointment hearing
3931,4,7,114,125,1.12,0.036982995220558736,554,"Never heard of the brew called ""beer barrel polka"". Sorry."
3931,6,3,116,125,1.12,0.04032129030193481,554,you fucking Son of a god damn Bitch
3931,3,9,113,125,1.12,0.03519530760512478,554,A flaming banana rum what?
3931,2,11,112,125,1.12,0.03331182101529182,554,"Strawberry limeade, neat."
3931,4,7,114,125,1.12,0.036982995220558736,554,"I'm sorry sir, I can only serve you 3 scoops in a bowl or a cone. No juggling allowed in here."
3931,4,7,114,125,1.12,0.036982995220558736,554,You said I needed a hobby
3931,2,11,112,125,1.12,0.03331182101529182,554,"Sorry, we don't do three-ring sundaes anymore."
3931,1,13,111,125,1.12,0.0313152544503525,554,You want a stream of soda where!?
3931,2,11,112,125,1.12,0.03331182101529182,554,You look like you could use a root beer
3931,4,7,114,125,1.12,0.036982995220558736,554,"Ya want a freebie 'cause you graduated Clown College? Well, har har har, Bozo! Clowns think you're entitled with yer goofy duds and flowers and shit. Well, lemme tell ya, Bud, I could wipe that frown off yer face with my bar rag in a NY second."
3931,3,9,113,125,1.12,0.03519530760512478,554,"Bill, we know it's you in the clown suit."
3931,3,9,113,125,1.12,0.03519530760512478,554,"Sorry, I can't serve you. Better a sober clown than a drunken fool."
3931,2,11,112,125,1.12,0.03331182101529182,554,Sorry. We are out of seltzer water refills.
3931,1,13,111,125,1.12,0.0313152544503525,554,"Sorry, this is a fragrance free establishment. You'll have to lose the flower."
3931,3,9,113,125,1.12,0.03519530760512478,554,Tuesdays can be a drag.
3931,2,11,112,125,1.12,0.03331182101529182,554,"Sorry, I'm not voting for you for mayor of New York City."
3931,1,13,111,125,1.12,0.0313152544503525,554,Look on the bright side - no more fighting for shotgun.
3931,4,7,114,125,1.12,0.036982995220558736,554,I'm sorry. The clowns we serve here only wear ties.
3931,2,11,112,125,1.12,0.03331182101529182,554,The circus left town.
3931,1,13,111,125,1.12,0.0313152544503525,554,They've been wandering the streets with seltzer bottles ever since the Ringling Brothers layoffs.
3931,1,13,111,125,1.12,0.0313152544503525,554,"As Ben Franklin said, “Beer is proof God loves us and wants us to be happy” --so what can I get ya?"
3931,3,9,113,125,1.12,0.03519530760512478,554,"Donald Trump,I won't let you in."
3931,2,11,112,125,1.12,0.03331182101529182,554,"Ronald: You are arrogant, self-absorbed, and the fashion consciousness to always dress for success. You should run for president!"
3931,3,9,113,125,1.12,0.03519530760512478,554,I've told him 100 times. stop clowning around
3931,3,9,113,125,1.12,0.03519530760512478,554,Do you have a designated driver? Or twenty?
3931,2,11,112,125,1.12,0.03331182101529182,554,"I'm sorry Sam. But YOU were the one that made the ""no clowning around"" rule."
3931,2,11,112,125,1.12,0.03331182101529182,554,We don't go for your type of shenanigans around here.
3931,4,7,114,125,1.12,0.036982995220558736,554,So the clown car flat left you?
3931,1,13,111,125,1.12,0.0313152544503525,554,"No, I didn't notice anything peculiar."
3931,2,11,112,125,1.12,0.03331182101529182,554,I'm sorry but I just don't want you to become an even sadder clown.
3931,1,13,111,125,1.12,0.0313152544503525,554,"Welcome back, Lucille. We've missed your wry sense of humor."
3931,3,9,113,125,1.12,0.03519530760512478,554,"It's pushing up daisies, Larry. That's how old that joke is."
3931,2,11,112,125,1.12,0.03331182101529182,554,"No, we're not hiring. Our clientele doesn't usually get the jokes."
3931,1,13,111,125,1.12,0.0313152544503525,554,Sundae Funday?
3931,4,7,114,125,1.12,0.036982995220558736,554,Here's looking at you kid
3931,0,15,110,125,1.12,0.029182407426835193,554,"""Giggles""? , No, she was waiting for ""Chuckles""."
3931,1,13,111,125,1.12,0.0313152544503525,554,What'cha looking at...? You think somethings funny buddy?
3931,4,7,114,125,1.12,0.036982995220558736,554,"So, whose clown are you?"
3931,1,13,111,125,1.12,0.0313152544503525,554,You know we don't serve seltzer. Just go ahead and order a beer.
3931,2,11,112,125,1.12,0.03331182101529182,554,I thought elephants were good luck...
3931,2,11,112,125,1.12,0.03331182101529182,554,I will not apologize. You are a clown show.
3931,2,11,112,125,1.12,0.03331182101529182,554,"Sure, I can make you a Four Year Bender. But I gotta warn you, the meat wagon already picked up another clown who ordered it."
3931,3,9,113,125,1.12,0.03519530760512478,554,"I'm real sorry to hear about Ringling Brothers, Chuck, but you can't pay for this in gags."
3931,2,11,112,125,1.12,0.03331182101529182,554,"Trump's in office now, so we don't serve to clowns."
3931,4,7,114,125,1.12,0.036982995220558736,554,"No more credit, you're not the greatest act anymore."
3931,3,9,113,125,1.12,0.03519530760512478,554,"Good news, Jack. This American carnage stops right here and right now."
3931,2,11,112,125,1.12,0.03331182101529182,554,"Hey clown, your funny money is no good here."
3931,2,11,112,125,1.12,0.03331182101529182,554,"Sure, I'll sell you the gin, but you can't squirt it inside the bar."
3931,2,11,112,125,1.12,0.03331182101529182,554,I think it's time you change your act.
3931,4,7,114,125,1.12,0.036982995220558736,554,Sam? I haven't heard that name in years!
3931,2,11,112,125,1.12,0.03331182101529182,554,Comin' from work?
3931,4,7,114,125,1.12,0.036982995220558736,554,"Retiring? You may be 146 years old but you still act like a child!"""
3931,3,9,113,125,1.12,0.03519530760512478,554,How 'bout a Sarasota Sling?
3931,2,11,112,125,1.12,0.03331182101529182,554,"Yesterday, you were the joker. Now, you're the clown. Frankly, I don't see the difference."
3931,1,13,111,125,1.12,0.0313152544503525,554,Are you going to San Francisco?
3931,4,7,114,125,1.12,0.036982995220558736,554,"No, I'm sorry. We're not hiring."
3931,3,9,113,125,1.12,0.03519530760512478,554,Maybe I would have had hair if I were a clown. But then again maybe I wouldn't smile if I were a clown.
3931,4,7,114,125,1.12,0.036982995220558736,554,The usual.....Coulrophobia on the rocks?
3931,4,7,114,125,1.12,0.036982995220558736,554,Wet foot or dry foot?
3931,2,11,112,125,1.12,0.03331182101529182,554,I haven't seen the elephants since the circus left town
3931,4,7,114,125,1.12,0.036982995220558736,554,Tell Mom that my experience with seltzer bottle slapstick helped me get the job.
3931,3,9,113,125,1.12,0.03519530760512478,554,"No, I am not afraid of you."
3931,2,11,112,125,1.12,0.03331182101529182,554,Good timing - there's no one around.
3931,3,9,113,125,1.12,0.03519530760512478,554,Need more beer for your flower?
3931,4,7,114,125,1.12,0.036982995220558736,554,You may want to think about a prescription anti-depressant if the booze isn't helping - just saying.
3931,2,11,112,125,1.12,0.03331182101529182,554,"I know this chick, she digs clown cars. Buy her a seltzer!"
3931,0,15,110,125,1.12,0.029182407426835193,554,You need to learn some self control. No more seltzer for you.
3931,4,7,114,125,1.12,0.036982995220558736,554,The circus starts at 1 a.m.
3931,3,9,113,125,1.12,0.03519530760512478,554,"Bozo Beer it is, Mr.... Sorry, didn't catch your name."
3931,1,13,111,125,1.12,0.0313152544503525,554,"No, I haven't seen your 9 friends. Where did you park your Yugo?"
3931,3,9,113,125,1.12,0.03519530760512478,554,"Your resume is impressive, but the position requires soda 'jerk' experience."
3931,4,7,114,125,1.12,0.036982995220558736,554,They rejected my nomination.
3931,4,7,114,125,1.12,0.036982995220558736,554,What'll it be
3931,4,7,114,125,1.12,0.036982995220558736,554,"Vanilla, Chocolate or Strawberry?"
3931,5,5,115,125,1.12,0.038688166065974056,554,clowning around.
3931,5,5,115,125,1.12,0.038688166065974056,554,"Hey, look mister, we serve hard drinks in here for men who want to get drunk fast. And we don't need any characters around to give the joint atmosphere."
3931,2,11,112,125,1.12,0.03331182101529182,554,We don't use seltzer in our drinks anymore.
3931,2,11,112,125,1.12,0.03331182101529182,554,"No, I don't know your name and your money better not be funny."
3931,2,11,112,125,1.12,0.03331182101529182,554,People say I'm the life of the party cause I post a tweet or two.
3931,3,9,113,125,1.12,0.03519530760512478,554,Milk on the rocks?
3931,2,11,112,125,1.12,0.03331182101529182,554,"Me?! I'd say you did it to yourself, Sam."
3931,3,9,113,125,1.12,0.03519530760512478,554,"Out with a whimper, huh?"
3931,3,9,113,125,1.12,0.03519530760512478,554,"You shouldn't complain. You had so many great years, Bozo."
3931,0,15,110,125,1.12,0.029182407426835193,554,Do you think I'm overdressed?
3931,3,9,113,125,1.12,0.03519530760512478,554,Smile. It's okay to be spotted here.
3931,1,13,111,125,1.12,0.0313152544503525,554,Can you stop clowning around and tell me your order already?
3931,4,7,114,125,1.12,0.036982995220558736,554,Are you havin' a laugh?
3931,2,11,112,125,1.12,0.03331182101529182,554,No clowning around in here.
3931,2,11,112,125,1.12,0.03331182101529182,554,Free drinks - happy Hour? I don't think so.
3931,2,11,112,125,1.12,0.03331182101529182,554,"No cash? Well, har de har..."
3931,3,9,113,125,1.12,0.03519530760512478,554,"If you left your wallet in your other pants, how did you plan to pay for the drink?"
3931,1,13,111,125,1.12,0.0313152544503525,554,Trump's inauguration can make even a merry clown very down.
3931,3,9,113,125,1.12,0.03519530760512478,554,"Other than working for Ringling Brothers, what experience do you have?"
3931,4,7,114,125,1.12,0.036982995220558736,554,We don't serve from flowers.
3931,3,9,113,125,1.12,0.03519530760512478,554,"When I need a straight man, I'll advertise."
3931,3,9,113,125,1.12,0.03519530760512478,554,"Sorry Mr. Ringling, we're not hiring."
3931,1,13,111,125,1.12,0.0313152544503525,554,"I'm not joking, this is serious."
3931,2,11,112,125,1.12,0.03331182101529182,554,"Nothing free, but funny you should ask"
3931,2,11,112,125,1.12,0.03331182101529182,554,How much seltzer do we have?
4049,4,8,122,134,1.1194029850746268,0.03520588262182927,554,It's pronounced Suhmaze.
4050,2,11,113,126,1.119047619047619,0.033060104681351975,554,Sorry! We only serve happy clowns.
4050,3,9,114,126,1.119047619047619,0.034927849182651904,554,Well this isn't a locker room either.
4050,3,9,114,126,1.119047619047619,0.034927849182651904,554,Nobody ever said life was fair.
4050,1,13,112,126,1.119047619047619,0.031080321661106143,554,"Look for a woman with a low IQ , and lots of courage."
4050,2,11,113,126,1.119047619047619,0.033060104681351975,554,Didn't running away to the circus work out?
4050,2,11,113,126,1.119047619047619,0.033060104681351975,554,Sorry to hear they're 'Ringling' your curtain down.
4050,3,9,114,126,1.119047619047619,0.034927849182651904,554,"Well, joining the circus was always a terrible career choice."
4050,4,7,115,126,1.119047619047619,0.036700664510471805,554,That 'fake it till you make it' strategy never worked for me.
4050,3,9,114,126,1.119047619047619,0.034927849182651904,554,"No Hilary, you're taking people's advice too literally."
4050,3,9,114,126,1.119047619047619,0.034927849182651904,554,I doubt the White House will valet the clown car.
4050,1,13,112,126,1.119047619047619,0.031080321661106143,554,"I don't know...you could work happy hour, and then lead the other clowns out at closing time."
4050,2,11,113,126,1.119047619047619,0.033060104681351975,554,"Sure, we sell seltzer, but only the drinking kind, friend."
4050,2,11,113,126,1.119047619047619,0.033060104681351975,554,"Yeah, we can fill those shoes for you."
4050,3,9,114,126,1.119047619047619,0.034927849182651904,554,"I'm not joking around, we really are closed."
4050,3,9,114,126,1.119047619047619,0.034927849182651904,554,So you're catering for Trumps inauguration are you
4050,2,11,113,126,1.119047619047619,0.033060104681351975,554,Please don't tell me I'm in the middle of an old joke!
4050,3,9,114,126,1.119047619047619,0.034927849182651904,554,"What kind of a clown drink request is that, bro?"
4050,2,11,113,126,1.119047619047619,0.033060104681351975,554,Unfortunately I'm all out of seltzer water.
4050,2,11,113,126,1.119047619047619,0.033060104681351975,554,The place was full before you came in.
4050,0,15,111,126,1.119047619047619,0.02896553585856296,554,"Who you calling a jerk, clown?"
4050,3,9,114,126,1.119047619047619,0.034927849182651904,554,"Sorry, we don't serve liberals in this establishment."
4071,3,9,115,127,1.1181102362204725,0.03466441187820658,554,Are you in town for the Star Wars convention?
4071,3,9,115,127,1.1181102362204725,0.03466441187820658,554,Wanna swap?
4071,2,11,114,127,1.1181102362204725,0.032812148267205375,554,Is there a chance you'd be hiring?
4071,3,9,115,127,1.1181102362204725,0.03466441187820658,554,"Sorry, we're all out of Clown Shoes Chocolate Sombrero Stout. How about their Hoppy Feet IPA?"
4071,3,9,115,127,1.1181102362204725,0.03466441187820658,554,We don't need no sad clowns
4071,2,11,114,127,1.1181102362204725,0.032812148267205375,554,"If I give you another shot, please don't start acting like a clown."
4071,3,9,115,127,1.1181102362204725,0.03466441187820658,554,"So, are you just colorblind or what?"
4071,3,9,115,127,1.1181102362204725,0.03466441187820658,554,Ringling Bros huh?
4071,1,13,113,127,1.1181102362204725,0.030848868649533775,554,yeah sure i can serve you til your nose turns white.
4071,3,9,115,127,1.1181102362204725,0.03466441187820658,554,But you know what's not a joke? Our happy hour prices!
4071,2,11,114,127,1.1181102362204725,0.032812148267205375,554,Do you want that daisy spritzer on the rocks?
4071,1,13,113,127,1.1181102362204725,0.030848868649533775,554,Sorry...Sam's is 'No Clown Zone.'
4083,3,9,116,128,1.1171875,0.03440490601389289,554,"Yeah, the other two or three dozen guys just left."
4083,3,9,116,128,1.1171875,0.03440490601389289,554,"No, I said you were a second GLASS citizen"
4083,3,9,116,128,1.1171875,0.03440490601389289,554,"So you say this place used to be called ""Uncle Sam's"" and when you were a United States Marine, we wanted you?"
4086,3,9,117,129,1.1162790697674418,0.03414924454788003,554,"I'm sorry, Sir, but our new manager, Mr. Trump, is serious about enforcing our ""No Bozos"" policy."
4087,1,12,110,123,1.113821138211382,0.030984666925791576,554,"Honestly, I would have never guessed that you worked as a guard at the White House."
4087,3,8,112,123,1.113821138211382,0.03502298712491339,554,"Hey, no ID... no service, no exceptions."
4087,3,8,112,123,1.113821138211382,0.03502298712491339,554,"Yes, I have beers for a clown on tap."
4087,1,12,110,123,1.113821138211382,0.030984666925791576,554,"So, what'll you have? something plain or something funny!"
4087,3,8,112,123,1.113821138211382,0.03502298712491339,554,"Sorry, we only have a ""Smas"" special."
4087,1,12,110,123,1.113821138211382,0.030984666925791576,554,"No, we don't have balloon animal swizzle sticks for our cocktails"
4087,2,10,111,123,1.113821138211382,0.03306553501498268,554,... and I'm unsure about hiring a bartender named Punchy.
4087,3,8,112,123,1.113821138211382,0.03502298712491339,554,No worry. Dumbo and friends will be fine now.
4087,2,10,111,123,1.113821138211382,0.03306553501498268,554,Know any elephant bar jokes?
4087,1,12,110,123,1.113821138211382,0.030984666925791576,554,You come here often?
4087,3,8,112,123,1.113821138211382,0.03502298712491339,554,Moscow Mule specials begin January 20th ya clown.
4087,3,8,112,123,1.113821138211382,0.03502298712491339,554,"Well, I thought your presence could help get some kids in here, but looks like it's not happening."
4087,2,10,111,123,1.113821138211382,0.03306553501498268,554,"Tomorrow is karaoke night, I don't care what Sam told you!"
4087,4,6,113,123,1.113821138211382,0.0368766816359153,554,What's wrong with having two moms?
4087,2,10,111,123,1.113821138211382,0.03306553501498268,554,"Quit clowning around Sam, I want my flower back"
4087,2,10,111,123,1.113821138211382,0.03306553501498268,554,We opened after Pagliacci's closed two years ago.
4087,1,12,110,123,1.113821138211382,0.030984666925791576,554,"Sorry Sir, we don't serve clowns here."
4087,3,8,112,123,1.113821138211382,0.03502298712491339,554,And you didn't win your re-election? You're the only one.
4087,3,8,112,123,1.113821138211382,0.03502298712491339,554,"Grab your gear, Sam...we've been sent in."
4087,3,8,112,123,1.113821138211382,0.03502298712491339,554,We're just looking for candidates with stationary seltzer experience.
4087,0,14,109,123,1.113821138211382,0.028753600873237407,554,I'm sorry but seltzer water is for paying customers only!
4087,1,12,110,123,1.113821138211382,0.030984666925791576,554,Can't say that I've ever mixed a 'Funny Man'.
4087,4,6,113,123,1.113821138211382,0.0368766816359153,554,I think you've had too many.
4087,2,10,111,123,1.113821138211382,0.03306553501498268,554,"Even if you make it, Sam, ""Undercover Boss"" is not going to get you to the presidency."
4087,2,10,111,123,1.113821138211382,0.03306553501498268,554,So what's the good word on the street?
4087,3,8,112,123,1.113821138211382,0.03502298712491339,554,"You get all 27 flavors with our ""All You Can Eat Clown-Car Cone."""
4087,1,12,110,123,1.113821138211382,0.030984666925791576,554,Looks like your flower could use a double black-eyed susan on the rocks.
4087,4,6,113,123,1.113821138211382,0.0368766816359153,554,"Yeah, I saw the news about the closing of the circus."
4087,3,8,112,123,1.113821138211382,0.03502298712491339,554,How much whipped cream do we have in the back?
4087,1,12,110,123,1.113821138211382,0.030984666925791576,554,"Sure, I guess, but we haven't had fun in here since the 90's"
4087,2,10,111,123,1.113821138211382,0.03306553501498268,554,"I'm sorry, we don't serve Coco"
4087,2,10,111,123,1.113821138211382,0.03306553501498268,554,This is the end of my career. I got an invitation to the Trump inauguration.
4087,5,4,114,123,1.113821138211382,0.03864155366702349,554,Now quit clowning around!
4087,3,8,112,123,1.113821138211382,0.03502298712491339,554,"I'm sorry Ringling Bros is closing, but we're still not hiring"
4087,3,8,112,123,1.113821138211382,0.03502298712491339,554,I'm sorry but I can't squirt you with seltzer water.
4087,4,6,113,123,1.113821138211382,0.0368766816359153,554,"How about a Clown Car? It's like a Sidecar, but with a never-ending amount of alcohol."
4087,3,8,112,123,1.113821138211382,0.03502298712491339,554,I think I saw you on You Tube.
4087,2,10,111,123,1.113821138211382,0.03306553501498268,554,"Nope, just the basics. Three-Ring Bing would be a Ben and Jerry flavor."
4087,3,8,112,123,1.113821138211382,0.03502298712491339,554,Your dress is more appropriate for Uncle Sam's
4087,2,10,111,123,1.113821138211382,0.03306553501498268,554,But this isn't Ringling Brothers. So knowing how to juggle and cramming into a car with ten of your buddies ain't gonna help with the breakfast shift.
4087,2,10,111,123,1.113821138211382,0.03306553501498268,554,I need my smile back.
4087,1,12,110,123,1.113821138211382,0.030984666925791576,554,At first glance ? You're not soda jerk material.
4087,0,14,109,123,1.113821138211382,0.028753600873237407,554,The first Sad Clowns Anonymous meeting gets off to a slow start
4087,4,6,113,123,1.113821138211382,0.0368766816359153,554,Now that's a new one. Resting Bozo face.
4087,2,10,111,123,1.113821138211382,0.03306553501498268,554,"It's just not the same, since you sold that car...."
4087,2,10,111,123,1.113821138211382,0.03306553501498268,554,"Sorry Bozo, but 'Happy Hour' is an hour from now."
4087,2,10,111,123,1.113821138211382,0.03306553501498268,554,Bozo just left.
4087,4,6,113,123,1.113821138211382,0.0368766816359153,554,"I can see the effort, but it does not change your story, Mr President."
4087,1,12,110,123,1.113821138211382,0.030984666925791576,554,"Pour is again, Sam."
4087,2,10,111,123,1.113821138211382,0.03306553501498268,554,Sorry but Bozo doesn't have a drink tab here.
4087,1,12,110,123,1.113821138211382,0.030984666925791576,554,Are you the character the agency sent to give the joint atmoshere?
4087,2,10,111,123,1.113821138211382,0.03306553501498268,554,They are sending me to a clown sanctuary.
4087,3,8,112,123,1.113821138211382,0.03502298712491339,554,I don't have body dysmorphia.
4087,1,12,110,123,1.113821138211382,0.030984666925791576,554,"What do you mean, honk it again Sam ?"
4087,3,8,112,123,1.113821138211382,0.03502298712491339,554,Uncle Sam wants you!
4087,2,10,111,123,1.113821138211382,0.03306553501498268,554,"Sorry Chuckles, Clown Association ID's aren't valid here."
4087,4,6,113,123,1.113821138211382,0.0368766816359153,554,"Sorry, I'm gonna have to cut you off, Ronald."
4087,3,8,112,123,1.113821138211382,0.03502298712491339,554,"Sorry, Sam discontinued the ""Sad Clown Saturday"" special."
4087,0,14,109,123,1.113821138211382,0.028753600873237407,554,"Look, pal, your shtick didn't get you elected to anything."
4087,0,14,109,123,1.113821138211382,0.028753600873237407,554,"Jeff, I told you you can't dress up like that after the clown-scare last year."
4087,2,10,111,123,1.113821138211382,0.03306553501498268,554,"No, what I actually said was, 'We don't serve transgender CLOWNS here.'"
4087,0,14,109,123,1.113821138211382,0.028753600873237407,554,"Yeah...you're going to have to lose the hat, sir."
4087,2,10,111,123,1.113821138211382,0.03306553501498268,554,"Yes, there is a 10% discount for Clown Happy Hour."
4087,2,10,111,123,1.113821138211382,0.03306553501498268,554,I knew the circus couldn't last without those elephants.
4087,2,10,111,123,1.113821138211382,0.03306553501498268,554,"I'll still need to see some ID, you're behavior has been very immature!"
4087,4,6,113,123,1.113821138211382,0.0368766816359153,554,"Sorry Bozo, I gotta cut you off and call you a clown cab."
4087,2,10,111,123,1.113821138211382,0.03306553501498268,554,Hire a clown to wash dishes? I'm thinking you're overqualified.
4087,2,10,111,123,1.113821138211382,0.03306553501498268,554,What kind of a clown thinks you serve chocolate milk in a peanut Bar ?
4087,2,10,111,123,1.113821138211382,0.03306553501498268,554,Several reviews said you clowned around too much.
4087,1,12,110,123,1.113821138211382,0.030984666925791576,554,So you're the Fuzzy Navel?
4087,4,6,113,123,1.113821138211382,0.0368766816359153,554,The beer is 10 bucks a pop - that's no joke.
4087,4,6,113,123,1.113821138211382,0.0368766816359153,554,"Like I said, no card, no seltzer!"
4087,2,10,111,123,1.113821138211382,0.03306553501498268,554,"Just heard Ringling's left town, closing down after 150 years. You wanna beer on the house?"
4087,0,14,109,123,1.113821138211382,0.028753600873237407,554,Creepy Clown Happy Hour doesn't start till 5.
4087,1,12,110,123,1.113821138211382,0.030984666925791576,554,"You're struggling, we're all struggling. No more seltzer on the cuff."
4087,1,12,110,123,1.113821138211382,0.030984666925791576,554,Of course that was with nuts.
4087,3,8,112,123,1.113821138211382,0.03502298712491339,554,"I don't care if your name is Donald, you're not getting the job and that's that."
4087,3,8,112,123,1.113821138211382,0.03502298712491339,554,"You look kind of funny. So give us a smile, anyway!"
4087,1,12,110,123,1.113821138211382,0.030984666925791576,554,"I hoped out to save the spot, the other 15 are coming."
4087,3,8,112,123,1.113821138211382,0.03502298712491339,554,Why the long face ?
4087,3,8,112,123,1.113821138211382,0.03502298712491339,554,"We don't really have any ""kooky kocktails"" - how about a beer?"
4087,3,8,112,123,1.113821138211382,0.03502298712491339,554,"I'm cutting you off, I'm drowning in your soda water tab."
4087,1,12,110,123,1.113821138211382,0.030984666925791576,554,You want that Pagliacci straight up?
4087,4,6,113,123,1.113821138211382,0.0368766816359153,554,I'm sorry. We don't serve cross dressing clowns!
4087,2,10,111,123,1.113821138211382,0.03306553501498268,554,Any interest in starting a band?
4087,1,12,110,123,1.113821138211382,0.030984666925791576,554,"Look Bozo, you’re gonna have to park that clown car somewhere else."
4087,2,10,111,123,1.113821138211382,0.03306553501498268,554,Why the frown? Ringling Brothers not offering any severance pay.
4087,4,6,113,123,1.113821138211382,0.0368766816359153,554,"""Oh, a Crown and Coke! my apologies Otto""."
4087,1,12,110,123,1.113821138211382,0.030984666925791576,554,The job is to help our customers feel happy that we are out of beer.
4087,3,8,112,123,1.113821138211382,0.03502298712491339,554,"Sorry, we don't serve psychopaths here,"
4087,3,8,112,123,1.113821138211382,0.03502298712491339,554,"Let me guess, a Sad Clown for the sad clown?"
4087,3,8,112,123,1.113821138211382,0.03502298712491339,554,"Confidentially, we get a lot of weirdos in here."
4087,2,10,111,123,1.113821138211382,0.03306553501498268,554,How bout a Trump? You drink it and you start clowning around.
4087,3,8,112,123,1.113821138211382,0.03502298712491339,554,Apply in two weeks when Obamacare is repealed and I can afford not to cover your risky clown ass.
4087,1,12,110,123,1.113821138211382,0.030984666925791576,554,"Sorry, election season is over, so we're all out of coconut pies....."
4087,1,12,110,123,1.113821138211382,0.030984666925791576,554,Did you hear the one about a clown walks into a bar?
4087,4,6,113,123,1.113821138211382,0.0368766816359153,554,"Sorry, We stopped selling bottles of seltzer twenty years ago."
4087,2,10,111,123,1.113821138211382,0.03306553501498268,554,I had no idea my reflection was a sad clown.
4087,2,10,111,123,1.113821138211382,0.03306553501498268,554,You can't park a car in here--even an ittybitty one!
4087,2,10,111,123,1.113821138211382,0.03306553501498268,554,"Gee...unfortunate timing, Ed. They've closed the circus for good."
4087,3,8,112,123,1.113821138211382,0.03502298712491339,554,"No seltzer, just club soda."
4087,3,8,112,123,1.113821138211382,0.03502298712491339,554,You say you are a singer of ballads - how's that working for you?
4087,2,10,111,123,1.113821138211382,0.03306553501498268,554,Is this the happy hour ?
4087,2,10,111,123,1.113821138211382,0.03306553501498268,554,"That's a new one on me, Mr. Ringling. What IS a ""cyanide sling""?"
4087,1,12,110,123,1.113821138211382,0.030984666925791576,554,Are you the DD for all those drunks in the Volkswagen?
4087,1,12,110,123,1.113821138211382,0.030984666925791576,554,See you on the flip side
4087,0,14,109,123,1.113821138211382,0.028753600873237407,554,"The lives of your twenty-seven passengers are in your hands, drive soberly."
4087,2,10,111,123,1.113821138211382,0.03306553501498268,554,That could've been me.
4087,1,12,110,123,1.113821138211382,0.030984666925791576,554,Well I can try...'So a clown walks into the bar and the bartender says....'
4087,4,6,113,123,1.113821138211382,0.0368766816359153,554,"We're supposed to hire American, so go get on your red, white, and blue costume, and lose the orange hair!"
4087,3,8,112,123,1.113821138211382,0.03502298712491339,554,Sorry. We already hired a clown..and The Flying Wallendas.
4087,1,12,110,123,1.113821138211382,0.030984666925791576,554,"It's ""happy"" hour...Not Howdy Doody time."
4087,2,10,111,123,1.113821138211382,0.03306553501498268,554,Headed back to the woods on Monday?
4087,3,8,112,123,1.113821138211382,0.03502298712491339,554,I'll have a shot and a bear
4087,2,10,111,123,1.113821138211382,0.03306553501498268,554,Eat lambs and rams at Sam's. Top that.
4087,3,8,112,123,1.113821138211382,0.03502298712491339,554,And a witte for you?
4203,2,10,112,124,1.1129032258064515,0.032810635783676746,554,"So, it's the same as I've told you every day you've asked; we sell sandwiches, not cream pies."
4203,2,10,112,124,1.1129032258064515,0.032810635783676746,554,Who're you calling a nwolc?
4203,3,8,113,124,1.1129032258064515,0.03475152031337031,554,Just how many friends have you got there?
4203,2,10,112,124,1.1129032258064515,0.032810635783676746,554,Quit clownin' around. Order something or go...
4203,1,12,111,124,1.1129032258064515,0.030747479196961643,554,make it a double today was no laughing matter
4203,2,10,112,124,1.1129032258064515,0.032810635783676746,554,"It's tough times for everyone, but I still can't accept clown shoes as a form of currency."
4209,3,8,114,125,1.112,0.03448421798914077,554,Why the hell would we serve seltzer water in spray top bottles?
4209,2,10,113,125,1.112,0.032559622729049914,554,Sam doesn't work here anymore.
4209,2,10,113,125,1.112,0.032559622729049914,554,"I'm sorry Bubbles, you know I can't serve dish soap."
4209,1,12,112,125,1.112,0.03051387838662184,554,"Funny, we don't serve your kind here."
4209,1,12,112,125,1.112,0.03051387838662184,554,"It will cost you extra to spray it onto my face, and it STILL won't make you happy on the inside"
4214,2,10,114,126,1.1111111111111112,0.032312407999998675,554,They say there's a lot of room in the elephant train now.
4214,4,6,116,126,1.1111111111111112,0.03602859926123457,554,".. And Sam's shtick is the amazing, draining sink."
4216,4,6,117,127,1.110236220472441,0.03575448935655453,554,'' You look like you just read 'My Father's Cellar'...''
4216,1,12,114,127,1.110236220472441,0.030057118595922142,554,"Listen pal, use that squirting flower routine again and yer outa here."
4218,2,10,118,130,1.1076923076923078,0.031359864900120785,554,"Drinks on me, first one of you to Crack the glass ceiling."
4219,1,11,109,121,1.1074380165289257,0.030608279755796296,554,I'm waiting for my clowncarpool to get here.
4219,2,9,110,121,1.1074380165289257,0.03278121163778187,554,"That's a clown question, bro."
4219,1,11,109,121,1.1074380165289257,0.030608279755796296,554,"Unlike a martini, clown acts are the same."
4219,3,7,111,121,1.1074380165289257,0.0348188007156048,554,I've got nothing to put a smile on your face.
4219,1,11,109,121,1.1074380165289257,0.030608279755796296,554,Thanks for cheering up my day.
4219,2,9,110,121,1.1074380165289257,0.03278121163778187,554,If you are the designated clown car driver--you had better stick to soda!
4219,1,11,109,121,1.1074380165289257,0.030608279755796296,554,There's nothing funny about it.
4219,3,7,111,121,1.1074380165289257,0.0348188007156048,554,Bozo considers career options.
4219,2,9,110,121,1.1074380165289257,0.03278121163778187,554,"Dad, is this your first date on matematch.com?"
4219,0,13,108,121,1.1074380165289257,0.028268812192540627,554,you could even say it glows
4219,2,9,110,121,1.1074380165289257,0.03278121163778187,554,Just let a smile be your umbrella.
4219,1,11,109,121,1.1074380165289257,0.030608279755796296,554,You look like you just saw a clown
4219,1,11,109,121,1.1074380165289257,0.030608279755796296,554,The water's for drinking only.
4219,2,9,110,121,1.1074380165289257,0.03278121163778187,554,"I told you, Sam's not here."
4219,0,13,108,121,1.1074380165289257,0.028268812192540627,554,"Sorry, we don't serve any funny food."
4219,4,5,112,121,1.1074380165289257,0.03674356991508796,554,Window shopping at the local watering hole.
4219,3,7,111,121,1.1074380165289257,0.0348188007156048,554,Am I too late? Must I wait for the next presidency?
4219,2,9,110,121,1.1074380165289257,0.03278121163778187,554,"Sorry, the 'Clowns Behind Bars' support group meets at the jail, not here."
4219,3,7,111,121,1.1074380165289257,0.0348188007156048,554,"We have Large malts, but not Yuge!"
4219,3,7,111,121,1.1074380165289257,0.0348188007156048,554,"Kids, you never know. You're always welcome here."
4219,3,7,111,121,1.1074380165289257,0.0348188007156048,554,"I know how you feel about it closing, I was an aerialist."
4219,3,7,111,121,1.1074380165289257,0.0348188007156048,554,"I'm not clowning, we've all been working for peanuts since the Ringling Brothers' elephants took over this franchise."
4219,1,11,109,121,1.1074380165289257,0.030608279755796296,554,Can't get the circus monkey off your back?
4219,4,5,112,121,1.1074380165289257,0.03674356991508796,554,I should think myself in your shoes?!!
4219,1,11,109,121,1.1074380165289257,0.030608279755796296,554,The clown discount is only on Mondays.
4219,1,11,109,121,1.1074380165289257,0.030608279755796296,554,I'm Sorry All Our Positions Are Filled
4219,3,7,111,121,1.1074380165289257,0.0348188007156048,554,Yeah. A kid-friendly unicycle bar was my big idea. Why do you ask?
4219,2,9,110,121,1.1074380165289257,0.03278121163778187,554,"Sorry about the elephants, pal. Always enjoyed them."
4219,2,9,110,121,1.1074380165289257,0.03278121163778187,554,The image of the sad clown staring back at him reminded Sam that he really shouldn't let patrons buy him drinks.
4219,1,11,109,121,1.1074380165289257,0.030608279755796296,554,I said not even if we were the last two people on Earth.
4219,3,7,111,121,1.1074380165289257,0.0348188007156048,554,"Play it again, Sam! And none of that funny business!"
4219,3,7,111,121,1.1074380165289257,0.0348188007156048,554,CIRCUS GOING -- DRINKING COMING!
4219,2,9,110,121,1.1074380165289257,0.03278121163778187,554,"Yes, I heard the one about cannibals eating you."
4219,3,7,111,121,1.1074380165289257,0.0348188007156048,554,"""Sorry Bozo. Don't serve your kind no more at 'Uncle Sam's'""."
4219,3,7,111,121,1.1074380165289257,0.0348188007156048,554,"You may not believe me, but I have never heard of a clown fish sandwich."
4219,2,9,110,121,1.1074380165289257,0.03278121163778187,554,"Our three most popular new flavours are 'Tears,' 'Bile,' and 'Armageddon Deluge.' No kidding."
4219,1,11,109,121,1.1074380165289257,0.030608279755796296,554,Looks like the BIG TOP left without you !
4219,2,9,110,121,1.1074380165289257,0.03278121163778187,554,"With Sam not around, you've got pretty big shoes to fill."
4219,4,5,112,121,1.1074380165289257,0.03674356991508796,554,You're not out of the woods yet.
4219,3,7,111,121,1.1074380165289257,0.0348188007156048,554,"That’s funny, usually the place is packed at this time of day."
4219,3,7,111,121,1.1074380165289257,0.0348188007156048,554,I'm Sam you clown.
4219,2,9,110,121,1.1074380165289257,0.03278121163778187,554,Whattya mean I made the pants too long?
4219,1,11,109,121,1.1074380165289257,0.030608279755796296,554,"Sorry, you're on the, ""No Fries List"". Which also includes Seltzer."
4219,3,7,111,121,1.1074380165289257,0.0348188007156048,554,Damn bike lanes.
4219,1,11,109,121,1.1074380165289257,0.030608279755796296,554,"So, why the contorted face?"
4219,1,11,109,121,1.1074380165289257,0.030608279755796296,554,"You got an axe to grind, or are you just happy to see me?"
4219,0,13,108,121,1.1074380165289257,0.028268812192540627,554,Would you believe this started out as a Twitter war?
4219,4,5,112,121,1.1074380165289257,0.03674356991508796,554,Who is this Bozo looking at me?
4219,1,11,109,121,1.1074380165289257,0.030608279755796296,554,can I have my hat back?
4219,2,9,110,121,1.1074380165289257,0.03278121163778187,554,"Yeah since the election, I say anything for a laugh."
4219,2,9,110,121,1.1074380165289257,0.03278121163778187,554,You want a pint with 17 glasses to go?
4219,2,9,110,121,1.1074380165289257,0.03278121163778187,554,"No judgment, Bozo."
4219,3,7,111,121,1.1074380165289257,0.0348188007156048,554,Did you remember to lock the door?
4219,1,11,109,121,1.1074380165289257,0.030608279755796296,554,Things lightening up?
4219,2,9,110,121,1.1074380165289257,0.03278121163778187,554,"Donnie, you can't keep coming around here playing make believe."
4219,2,9,110,121,1.1074380165289257,0.03278121163778187,554,What'l you not have?
4219,1,11,109,121,1.1074380165289257,0.030608279755796296,554,I'm sorry but we only serve happy clowns Spiffy
4219,1,11,109,121,1.1074380165289257,0.030608279755796296,554,I ain't fallin' for that aardvark in a clown suit gag again.
4219,4,5,112,121,1.1074380165289257,0.03674356991508796,554,An old pal of mine was c Clown... he died laughing
4219,1,11,109,121,1.1074380165289257,0.030608279755796296,554,"Funny, but Sam went to the circus."
4219,2,9,110,121,1.1074380165289257,0.03278121163778187,554,Never met a clown that was terrified of a red cherry.
4219,2,9,110,121,1.1074380165289257,0.03278121163778187,554,First clown sighting of 2017.
4219,3,7,111,121,1.1074380165289257,0.0348188007156048,554,Smiley The Clown needed a large pint of Happy Juice before his next birthday party.
4219,1,11,109,121,1.1074380165289257,0.030608279755796296,554,I hear they're hiring out East.
4219,3,7,111,121,1.1074380165289257,0.0348188007156048,554,I'm not Sam Malone and this isn't Cheers so you're on your own pal.
4219,4,5,112,121,1.1074380165289257,0.03674356991508796,554,"We have grin, jeer, and merry."
4219,3,7,111,121,1.1074380165289257,0.0348188007156048,554,"Quit clowning around buddy, what'd have."
4219,2,9,110,121,1.1074380165289257,0.03278121163778187,554,"Don't worry, I won't squirt the drink in your face."
4219,3,7,111,121,1.1074380165289257,0.0348188007156048,554,"No banana creme pie for you, pal. It took me forever to clean myself up after the last one!"
4219,2,9,110,121,1.1074380165289257,0.03278121163778187,554,Have you tried it without the make-up and costume? Might improve your social media profile.
4219,4,5,112,121,1.1074380165289257,0.03674356991508796,554,"Let me guess, the swirl tasted funny?"
4219,1,11,109,121,1.1074380165289257,0.030608279755796296,554,Now you’re really starting to spook the regulars. Lose the daisy.
4219,2,9,110,121,1.1074380165289257,0.03278121163778187,554,I just refuse to serve you because you scare me!
4219,2,9,110,121,1.1074380165289257,0.03278121163778187,554,"One dirty martini, coming up."
4219,1,11,109,121,1.1074380165289257,0.030608279755796296,554,"No, that was yesterday."
4219,3,7,111,121,1.1074380165289257,0.0348188007156048,554,We can't sell you a water dispenser. Or fill it with scotch.
4219,1,11,109,121,1.1074380165289257,0.030608279755796296,554,"Sorry, Barnum and Bailey isn't on tap anymore."
4219,2,9,110,121,1.1074380165289257,0.03278121163778187,554,I'll have a Shirley Temple. Better make it a double!
4219,1,11,109,121,1.1074380165289257,0.030608279755796296,554,"Hi Sam, you want the usual?"
4219,2,9,110,121,1.1074380165289257,0.03278121163778187,554,Why don't you come in and tell me about your problem?
4219,1,11,109,121,1.1074380165289257,0.030608279755796296,554,"McDonald, schmackdonald. I don't care. No money, no burger!"
4219,2,9,110,121,1.1074380165289257,0.03278121163778187,554,The 3 ring circus martini is today's special for happy hour
4219,1,11,109,121,1.1074380165289257,0.030608279755796296,554,"Sorry, pal. We don't serve anyone with a red nose."
4219,2,9,110,121,1.1074380165289257,0.03278121163778187,554,"Sorry, Sam's doesn't serve clowns like you."
4219,1,11,109,121,1.1074380165289257,0.030608279755796296,554,"Sure you don't want something a little more, hoppy?"
4219,1,11,109,121,1.1074380165289257,0.030608279755796296,554,You want my advice? Skip the sprinkles.
4219,4,5,112,121,1.1074380165289257,0.03674356991508796,554,"Sir, I am Sam and I only make hand-crafted artisanal microbrew beers from organic hops sourced from my family-owned independent farm that runs on an energy neutral mix of solar and bio. (Pause) I can't tell if you're clowning around right now."
4219,2,9,110,121,1.1074380165289257,0.03278121163778187,554,"Bob, you might get a job if you turn your frown upside down."
4219,0,13,108,121,1.1074380165289257,0.028268812192540627,554,Do they offer a 401k?
4219,2,9,110,121,1.1074380165289257,0.03278121163778187,554,"Sorry, I don't hire runaways, but I have the perfect suggestion for you to try next."
4219,2,9,110,121,1.1074380165289257,0.03278121163778187,554,The kids didn't laugh this time huh? I'll get you your favorite drink right away.
4219,2,9,110,121,1.1074380165289257,0.03278121163778187,554,"Mr. Pruitt, That was awfully nice of the Sierra Club to buy you a new suit for your swearing in ceremony."
4219,3,7,111,121,1.1074380165289257,0.0348188007156048,554,"Bozo, Turn your frown upside down, son the circus will be back in town."
4219,4,5,112,121,1.1074380165289257,0.03674356991508796,554,"Long time, no see."
4219,1,11,109,121,1.1074380165289257,0.030608279755796296,554,"No, the beer here doesn't taste funny."
4219,4,5,112,121,1.1074380165289257,0.03674356991508796,554,"Your mother will be delighted that you have come back home, Garth!"
4219,3,7,111,121,1.1074380165289257,0.0348188007156048,554,Give me 25 shots in a one-shot glass.
4219,0,13,108,121,1.1074380165289257,0.028268812192540627,554,You don't seem that insane to me. Where is your posse?
4219,4,5,112,121,1.1074380165289257,0.03674356991508796,554,Seltzer bottle service starts at $750.
4219,4,5,112,121,1.1074380165289257,0.03674356991508796,554,I have no idea whats going on here
4219,0,13,108,121,1.1074380165289257,0.028268812192540627,554,"Used to play a horn xylophone as part of my act. But every time they introduced the ""Magnifico Honky"", I was either laughed or booed off stage. Yeah, it's a funny business."
4219,2,9,110,121,1.1074380165289257,0.03278121163778187,554,Some clown broke in last night and made off with my whole stock of seltzer water.
4219,1,11,109,121,1.1074380165289257,0.030608279755796296,554,Anything to get this taste of hankercheif out of my mouth.
4219,1,11,109,121,1.1074380165289257,0.030608279755796296,554,There's somethin' funny goin' on here!
4219,0,13,108,121,1.1074380165289257,0.028268812192540627,554,You get the keys when they pay the tab.
4219,2,9,110,121,1.1074380165289257,0.03278121163778187,554,"So, when did you drop out of clown school?"
4325,1,11,110,122,1.1065573770491803,0.030369126486311234,554,"If you hate kids, you shoulda got my job."
4325,2,9,111,122,1.1065573770491803,0.03252332763456811,554,Can I interest you in our Purple Prozac Happy Ale? All the clowns are asking for it.
4325,1,11,110,122,1.1065573770491803,0.030369126486311234,554,"Yes, we bar clowns. No, it's not funny."
4325,2,9,111,122,1.1065573770491803,0.03252332763456811,554,Would you like the Shirley Temple on the rocks?
4325,2,9,111,122,1.1065573770491803,0.03252332763456811,554,Is Cheers still on TV ?
4325,1,11,110,122,1.1065573770491803,0.030369126486311234,554,"Like I told the others, the twelve of you need to pick a DD before I serve you."
4325,3,7,112,122,1.1065573770491803,0.03454344854396203,554,The scientific evidence is overwhelming! Vaccines also cause coulrophobia.
4332,4,5,114,123,1.1056910569105691,0.03616459501830077,554,"So they promised you The Greatest Show On Earth, and it was just a totally overrated three ring circus!! Sad!"
4332,3,7,113,123,1.1056910569105691,0.03427240743678363,554,High cholesterol isn't funny.
4332,2,9,112,123,1.1056910569105691,0.03226945754406321,554,Mom's so happy she lived long enough to see me get a serious job. You should think about that.
4332,1,11,111,123,1.1056910569105691,0.0301336667012711,554,This month's special is a Cyanide Shooter.
4336,4,5,115,124,1.1048387096774193,0.035881884332838655,554,…BOB IH
4337,2,9,115,126,1.1031746031746033,0.03153101789418134,554,"Sorry, we don't serve free tap seltzer."
4338,2,8,109,119,1.1008403361344539,0.03245401024042414,554,"Yeah, I heard about Barnum & Bailey quitting the circus biz, but that don't mean that I have to listen to some clown crying in his beer."
4338,2,8,109,119,1.1008403361344539,0.03245401024042414,554,"I suppose, Professor, that Calculus is funny when you look at it thru Clown Glasses. Another fizzie?"
4338,2,8,109,119,1.1008403361344539,0.03245401024042414,554,"I know, I know...it's hard to find a great dress for this inauguration, right? Don't worry, maybe they'll all be laughing on the inside."
4338,2,8,109,119,1.1008403361344539,0.03245401024042414,554,"With the circus closing down, let's not make this a habit."
4338,2,8,109,119,1.1008403361344539,0.03245401024042414,554,There will always be rough times in life so don't judge people straight away.
4338,2,8,109,119,1.1008403361344539,0.03245401024042414,554,"We don't allow talk like that in here Mr. President, take it outside please."
4338,1,10,108,119,1.1008403361344539,0.03018000873737951,554,"Yes, we have funnel cakes on tap."
4338,1,10,108,119,1.1008403361344539,0.03018000873737951,554,Every day i tell you! We don't serve green eggs and ham.
4338,3,6,110,119,1.1008403361344539,0.03457878878709903,554,What this country needs is a 5 cent latte
4338,2,8,109,119,1.1008403361344539,0.03245401024042414,554,"Well, does my form fitting apron amuse you?"
4338,1,10,108,119,1.1008403361344539,0.03018000873737951,554,"So Ringling Brothers is going out of business, huh?"
4338,1,10,108,119,1.1008403361344539,0.03018000873737951,554,We don't serve funny drinks.
4338,2,8,109,119,1.1008403361344539,0.03245401024042414,554,"Alice, I never promised you a rose garden!"
4338,3,6,110,119,1.1008403361344539,0.03457878878709903,554,"What's the matter, did you fart in the clown car?"
4338,1,10,108,119,1.1008403361344539,0.03018000873737951,554,So you’re depressed because the doors won’t fall off your car?
4338,3,6,110,119,1.1008403361344539,0.03457878878709903,554,Are you sure about that? The meat wagon already picked up three clowns who order a Four-Year Bender.
4338,1,10,108,119,1.1008403361344539,0.03018000873737951,554,"Sorry, you're closed."
4338,3,6,110,119,1.1008403361344539,0.03457878878709903,554,"Happy Hour? Caveat emptor, pal."
4338,1,10,108,119,1.1008403361344539,0.03018000873737951,554,What time is the kids' party?
4338,2,8,109,119,1.1008403361344539,0.03245401024042414,554,"No severance? Sorry, I'm not Ringling, Barnum or Bailey."
4338,1,10,108,119,1.1008403361344539,0.03018000873737951,554,Cheer up! You might find a new wave of inspiration coming up.
4338,3,6,110,119,1.1008403361344539,0.03457878878709903,554,That's the first time I've heard that listening to 2 years of 24 hours a day coverage of Donald Trump can bring back Smallpox.
4338,2,8,109,119,1.1008403361344539,0.03245401024042414,554,The Ringling Pedophobia Support Group is next door.
4338,2,8,109,119,1.1008403361344539,0.03245401024042414,554,"No, I'm afraid we no longer offer valet parking."
4338,2,8,109,119,1.1008403361344539,0.03245401024042414,554,You have a nice rye smile
4338,2,8,109,119,1.1008403361344539,0.03245401024042414,554,Told you cesium was no substitute for old fashioned seltzer.
4338,2,8,109,119,1.1008403361344539,0.03245401024042414,554,I did hear that there's a new Clown that's really killing it.
4338,1,10,108,119,1.1008403361344539,0.03018000873737951,554,"Sorry, President Trump has reinstated prohibition, except in his buildings."
4338,1,10,108,119,1.1008403361344539,0.03018000873737951,554,"Quit clowning around Sam, we need to get back to business."
4338,1,10,108,119,1.1008403361344539,0.03018000873737951,554,How 'bout a beer and a smile?
4338,2,8,109,119,1.1008403361344539,0.03245401024042414,554,"Yes, we do still have them here, but they are all pink and require at least 5 shots to perform."
4338,3,6,110,119,1.1008403361344539,0.03457878878709903,554,how was your day
4338,3,6,110,119,1.1008403361344539,0.03457878878709903,554,Sorry dude we don't serve bears even funny ones
4338,2,8,109,119,1.1008403361344539,0.03245401024042414,554,It's not a joke were closed
4338,4,4,111,119,1.1008403361344539,0.03658035657672102,554,"Play it again, Sam!"
4338,1,10,108,119,1.1008403361344539,0.03018000873737951,554,You said you'd never stop smiling
4338,3,6,110,119,1.1008403361344539,0.03457878878709903,554,Go get your owner to pay.
4338,2,8,109,119,1.1008403361344539,0.03245401024042414,554,"A little early for a gin and tonic, don't you think, Phil?"
4338,2,8,109,119,1.1008403361344539,0.03245401024042414,554,How's it scaring?
4338,1,10,108,119,1.1008403361344539,0.03018000873737951,554,"Hey Bozo, there's no beer before 9:00 a.m."
4338,2,8,109,119,1.1008403361344539,0.03245401024042414,554,The chicken didn't taste funny to me.
4338,3,6,110,119,1.1008403361344539,0.03457878878709903,554,There's always room for a clown.
4338,3,6,110,119,1.1008403361344539,0.03457878878709903,554,You need more blonde hair.
4338,3,6,110,119,1.1008403361344539,0.03457878878709903,554,We don't serve Sad Clowns here.
4338,3,6,110,119,1.1008403361344539,0.03457878878709903,554,"Sam, you look a mess. How long is it going to take you to get yourself together? I can't keep pretending to be you any longer. Plus this place doesn't make enough money."
4338,3,6,110,119,1.1008403361344539,0.03457878878709903,554,The circus doesn't close until May. I'll have a Sad Clown Special for you then.
4338,4,4,111,119,1.1008403361344539,0.03658035657672102,554,"Yes, WE are still open."
4338,3,6,110,119,1.1008403361344539,0.03457878878709903,554,"No, we ain't got pie in the face, and we ain't got seltzer on tap neither--whad'we look like, a clown bar?"
4338,3,6,110,119,1.1008403361344539,0.03457878878709903,554,"Sorry Ronald , Sam's doesn't want you either ."
4338,0,12,107,119,1.1008403361344539,0.027720084308873457,554,Are you as confused as I am?
4338,3,6,110,119,1.1008403361344539,0.03457878878709903,554,Send in the clowns!
4338,3,6,110,119,1.1008403361344539,0.03457878878709903,554,I beg to differ. Adult vomit is entirely more problematic than child vomit.
4338,1,10,108,119,1.1008403361344539,0.03018000873737951,554,For you we always give a straw.
4338,2,8,109,119,1.1008403361344539,0.03245401024042414,554,Ringling Brothers have closed their account.
4338,0,12,107,119,1.1008403361344539,0.027720084308873457,554,"Well, we have each other, at least."
4338,0,12,107,119,1.1008403361344539,0.027720084308873457,554,What'll it be? Sasparilla?
4338,1,10,108,119,1.1008403361344539,0.03018000873737951,554,Awf'lly diff'rent now...don't get many clowns much anymore.
4338,2,8,109,119,1.1008403361344539,0.03245401024042414,554,"Like I said last week, no clowns, no jugglers, and no mimes."
4338,2,8,109,119,1.1008403361344539,0.03245401024042414,554,"No, we don't got no animal crackers."
4338,0,12,107,119,1.1008403361344539,0.027720084308873457,554,My birthday's tomorrow.
4338,3,6,110,119,1.1008403361344539,0.03457878878709903,554,This is a magic mirror sir.
4338,2,8,109,119,1.1008403361344539,0.03245401024042414,554,"That's a clown question, bro."
4338,1,10,108,119,1.1008403361344539,0.03018000873737951,554,I play it twice a day. Doesn't matter. They get here when they get here.
4338,2,8,109,119,1.1008403361344539,0.03245401024042414,554,"Sorry, but for you we don't open till just past closing time."
4338,2,8,109,119,1.1008403361344539,0.03245401024042414,554,I told you Absinthe wouldn't make it grow fonder.
4338,2,8,109,119,1.1008403361344539,0.03245401024042414,554,Im sorry we dont serve your type here
4338,1,10,108,119,1.1008403361344539,0.03018000873737951,554,I guess they fired the clowns after downsizing the elephants.
4338,2,8,109,119,1.1008403361344539,0.03245401024042414,554,"Bozo, I am really sorry, that after a 146 years, you were pushed off the circus wagon."
4338,1,10,108,119,1.1008403361344539,0.03018000873737951,554,"Yes, the Mary Kay people said that you were napping there."
4338,2,8,109,119,1.1008403361344539,0.03245401024042414,554,"Me dyslexic? Don't make me laugh, you nwolc!"
4338,1,10,108,119,1.1008403361344539,0.03018000873737951,554,"You're restroom eligible after your first paid soda pop."""
4409,3,6,111,120,1.1,0.03429971702850178,554,"Sorry Ronald, for free eats look for the Arches."
4409,3,6,111,120,1.1,0.03429971702850178,554,"mom was right, I should go to therapy.."
4409,2,8,110,120,1.1,0.032193393201499144,554,There is not enough room under this big tent.
4409,3,6,111,120,1.1,0.03429971702850178,554,"Again, your uncle doesn't work here and I don't know about your benefits."
4409,2,8,110,120,1.1,0.032193393201499144,554,"You kind of look different from your ID. Sorry, but I can't confirm that you are 21"
4409,3,6,111,120,1.1,0.03429971702850178,554,"Sorry, but I'd prefer a tip to watching your latest performance guaranteed to win you everlasting fame and fortune."
4409,1,10,109,120,1.1,0.029939247542604804,554,"Sorry, I don't know how to make a hanky dance"
4409,0,12,108,120,1.1,0.027500954910846354,554,Your circus act sounds about the same as our Happy Hour.
4409,2,8,110,120,1.1,0.032193393201499144,554,You hiring?
4409,2,8,110,120,1.1,0.032193393201499144,554,"I'm sorry, Hopsy. We don't have Circus City IPA on tap."
4409,3,6,111,120,1.1,0.03429971702850178,554,The flower would be a better look in the lapel
4409,1,10,109,120,1.1,0.029939247542604804,554,I knew I should have taken sick leave.
4409,2,8,110,120,1.1,0.032193393201499144,554,I heard Cirque du Soleil is hiring.
4422,3,6,112,121,1.0991735537190082,0.03402510553758497,554,That would be a bad jester to the community.
4422,4,4,113,121,1.0991735537190082,0.03599234437593293,554,"Sorry, Mr. Trump. No monee, no drinkee."
4424,3,5,109,117,1.0940170940170941,0.0342983777805445,554,"No, sorry, I don't have a son…"
4424,3,5,109,117,1.0940170940170941,0.0342983777805445,554,Did you ever find your fish?
4424,1,9,107,117,1.0940170940170941,0.029692663836737212,554,What'll ya have? Fountain of Youth? Or Laugh Track?
4424,1,9,107,117,1.0940170940170941,0.029692663836737212,554,"Sorry Jack, but I think you've hit your limit"
4424,2,7,108,117,1.0940170940170941,0.03207828708097138,554,they stared eye to eye wondering who's job was worse in awe
4424,3,5,109,117,1.0940170940170941,0.0342983777805445,554,You STILL won't admit that he made America great again???
4424,0,11,106,117,1.0940170940170941,0.027097824071200777,554,"Yes, I heard about the circus closing, but jerks and clowns are completely different occupations"
4424,1,9,107,117,1.0940170940170941,0.029692663836737212,554,"I'm sorry, we are all out of barrels. I'll let you jump out from behind the counter if it makes you feel better."
4424,3,5,109,117,1.0940170940170941,0.0342983777805445,554,I told you the triple gin fizz would have deleterous results.
4424,3,5,109,117,1.0940170940170941,0.0342983777805445,554,"Editors: PLEASE de-enter my caption entry for last week: ""The Trumpet did sound."" THANK YOU!"
4424,3,5,109,117,1.0940170940170941,0.0342983777805445,554,Don't bother
4424,0,11,106,117,1.0940170940170941,0.027097824071200777,554,Our mocha milk stout is laughing on the inside too.
4424,1,9,107,117,1.0940170940170941,0.029692663836737212,554,The comedy is only beginning.
4424,2,7,108,117,1.0940170940170941,0.03207828708097138,554,I've been co-opted by the Commander-in-Chief.
4424,2,7,108,117,1.0940170940170941,0.03207828708097138,554,Let me guess. You've just been let out of a circus and your name is Sam.
4424,3,5,109,117,1.0940170940170941,0.0342983777805445,554,"Cheer up, drinks are on the house for circus clowns."
4424,2,7,108,117,1.0940170940170941,0.03207828708097138,554,Sorry.....Mr. Smiley picked up your order.
4424,4,3,110,117,1.0940170940170941,0.03638325074405368,554,"I'll have a large SMAS, please."
4424,2,7,108,117,1.0940170940170941,0.03207828708097138,554,"How have you been Bob? The elephants just passed through, and we are out of Bailey's too."
4424,1,9,107,117,1.0940170940170941,0.029692663836737212,554,Are you going to squirt me?
4424,2,7,108,117,1.0940170940170941,0.03207828708097138,554,…but didn’t you know you would be expected to actually do something as POUTS?
4424,1,9,107,117,1.0940170940170941,0.029692663836737212,554,"Give me the usual, but no seltzer this time."
4424,3,5,109,117,1.0940170940170941,0.0342983777805445,554,"Yes, I am sad. Ringling HR has arranged a job in Trump's inner circle for me."
4424,2,7,108,117,1.0940170940170941,0.03207828708097138,554,You sure you're not looking for Sam's Fun Zone?
4424,2,7,108,117,1.0940170940170941,0.03207828708097138,554,"Hmm let me think....Beer!...Yeah, beer usually turns a ""frown upside down""."
4424,1,9,107,117,1.0940170940170941,0.029692663836737212,554,Get the large draft-the small is 'PennyWise'-drunkard foolish.
4424,0,11,106,117,1.0940170940170941,0.027097824071200777,554,"My therapist keeps telling me I need to clown around more, but you guys have always scared the hell out of me."
4424,1,9,107,117,1.0940170940170941,0.029692663836737212,554,Are funny bones on the menu?
4424,2,7,108,117,1.0940170940170941,0.03207828708097138,554,"Sam, we need to discuss your appearance - it's dragging down business."
4424,2,7,108,117,1.0940170940170941,0.03207828708097138,554,What makes you think I have dry tap?
4424,2,7,108,117,1.0940170940170941,0.03207828708097138,554,Its spotted COW not CLOWN and not on tap today.
4455,2,7,109,118,1.0932203389830508,0.03181525362104848,554,"No, you're in New York, NOT Washington!"
4455,2,7,109,118,1.0932203389830508,0.03181525362104848,554,"Mr. President, your Uncle will be so happy to see you back at his restaurant after all these years!"
4455,1,9,108,118,1.0932203389830508,0.02945073532744854,554,Sorry pal it's closing time
4455,2,7,109,118,1.0932203389830508,0.03181525362104848,554,I see 2017 will be the year of the forlorn clown.
4455,1,9,108,118,1.0932203389830508,0.02945073532744854,554,"I'm trying to change the stigma, we aren't all jerks anymore..."
4455,1,9,108,118,1.0932203389830508,0.02945073532744854,554,You can order all three if you promise not to chuggle em'
4455,2,7,109,118,1.0932203389830508,0.03181525362104848,554,"No more Beer thru your Flower, Buddy"
4455,2,7,109,118,1.0932203389830508,0.03181525362104848,554,Different uncle
4455,2,7,109,118,1.0932203389830508,0.03181525362104848,554,We haven't had Blatzo on tap for 30 years.
4455,1,9,108,118,1.0932203389830508,0.02945073532744854,554,The first rule of Sam's Club (in a post-Amazon world): You do not talk about Sam's Club
4455,1,9,108,118,1.0932203389830508,0.02945073532744854,554,"What are you having, Boozo?"
4455,2,7,109,118,1.0932203389830508,0.03181525362104848,554,Wow! ...and your fallback career was a high wire act?
4455,2,7,109,118,1.0932203389830508,0.03181525362104848,554,Fired huh? I warned you not to tweet the Tramp.
4455,1,9,108,118,1.0932203389830508,0.02945073532744854,554,We are prohibited by Federal law from selling you a cream pie unless you have a prescription.
4455,1,9,108,118,1.0932203389830508,0.02945073532744854,554,"Sorry, we don't serve any funny food."
4455,2,7,109,118,1.0932203389830508,0.03181525362104848,554,"""I am not afraid (full inhale). I am NOT afraid (slowly exhale."" Robert L Ferrante Shelton CT"
4455,3,5,110,118,1.0932203389830508,0.03401580389489348,554,eventually everyone who believe I might be smart will realize their mistake and everything i have gained through luck and bullshit will unravel
4455,2,7,109,118,1.0932203389830508,0.03181525362104848,554,Sam the clown wants in again.
4455,1,9,108,118,1.0932203389830508,0.02945073532744854,554,I know what you are thinking...I should of been a CPA.
4455,2,7,109,118,1.0932203389830508,0.03181525362104848,554,"Sorry, you're not scary enough for a Long Island Tea."
4455,1,9,108,118,1.0932203389830508,0.02945073532744854,554,No. For the last time I will not trade you root beer float for a dog made out of a twisted up Dog balloon.
4476,2,7,110,119,1.0924369747899159,0.03155649035550772,554,How 'bout a bit of the bubbly?
4476,1,9,109,119,1.0924369747899159,0.02921270665754888,554,"No, I don't want to be your best friend- Yes, I'm lonely, but also terrified of you!"
4478,2,7,111,120,1.0916666666666666,0.031301894353260924,554,"I can legally sell beer to clowns, but that means I shouldn't be selling it at all."
4478,2,7,111,120,1.0916666666666666,0.031301894353260924,554,"Here's a good one...one day, a Rabbi, a Priest, and a Minister walk into a bar"
4480,3,5,113,121,1.0909090909090908,0.03319530651546461,554,Nothing. What's s'mas with you?
4481,1,8,106,115,1.0869565217391304,0.029137663185509245,554,"Listen, you've gotta stop putting color on your cheeks and get a real job."
4481,2,6,107,115,1.0869565217391304,0.03164741248836784,554,It's not like the marchers didn't see through the redundant disguise. They were just politely sparing you the acknowledgement of your act's dismal turnout.
4481,2,6,107,115,1.0869565217391304,0.03164741248836784,554,I see you didn't drive here today.
4481,1,8,106,115,1.0869565217391304,0.029137663185509245,554,Mom always told me to never try new experiences.
4481,2,6,107,115,1.0869565217391304,0.03164741248836784,554,"""Clowns are the pegs on which the circus is hung"", ever hear that one?"
4481,4,2,109,115,1.0869565217391304,0.03614788126297779,554,Need a dopamine fix?
4481,1,8,106,115,1.0869565217391304,0.029137663185509245,554,"Hey, you're that guy who always says our beer tastes funny."
4481,2,6,107,115,1.0869565217391304,0.03164741248836784,554,"Gotta cut you off, Chuckles, but I get your pain. Pennywise DID ruin it for the rest of you."
4481,3,4,108,115,1.0869565217391304,0.03397225365655951,554,"Oh, for Pete's sake!"
4481,2,6,107,115,1.0869565217391304,0.03164741248836784,554,Still no openings since Halloween?
4481,3,4,108,115,1.0869565217391304,0.03397225365655951,554,You guys sell burgers?
4481,2,6,107,115,1.0869565217391304,0.03164741248836784,554,You had to smile?
4481,1,8,106,115,1.0869565217391304,0.029137663185509245,554,"Look, I'm sorry. The clownfish is a big seller for us."
4481,1,8,106,115,1.0869565217391304,0.029137663185509245,554,"""Hmm. This one looks like he has potential""."
4481,1,8,106,115,1.0869565217391304,0.029137663185509245,554,"""Sorry,we discontinued the elephant ice cream""."
4481,2,6,107,115,1.0869565217391304,0.03164741248836784,554,"Blotto the clown, inflatable condom animals, beer and cookies...and we're still not booking kids' parties?"
4481,1,8,106,115,1.0869565217391304,0.029137663185509245,554,"Sorry, I don't serve seltzer in blue bottles."
4481,3,4,108,115,1.0869565217391304,0.03397225365655951,554,"Vodka and soda, with a twist of arsenic?"
4481,1,8,106,115,1.0869565217391304,0.029137663185509245,554,"Now I see that you were being literal when you said you felt like a ""sad clown paint-by-number."""
4481,3,4,108,115,1.0869565217391304,0.03397225365655951,554,Seltzer spritzing is banned since the circus left town.
4481,1,8,106,115,1.0869565217391304,0.029137663185509245,554,"Sorry, a contortionist, a geek, a giraffe and a lion that hopped up on the bar applied before you."
4481,1,8,106,115,1.0869565217391304,0.029137663185509245,554,"No, thanks. We're an image bar."
4481,3,4,108,115,1.0869565217391304,0.03397225365655951,554,You've had enough; go home to your circus!
4481,3,4,108,115,1.0869565217391304,0.03397225365655951,554,"I'm gonna tongue-punch your clown box if you don't hurry up and order."""
4481,2,6,107,115,1.0869565217391304,0.03164741248836784,554,I need a drink. I was the only clown that could not get into the car and they left without me!
4481,1,8,106,115,1.0869565217391304,0.029137663185509245,554,Soda jerk - soda clown - at least our initials are not ......
4481,2,6,107,115,1.0869565217391304,0.03164741248836784,554,Happy Hour starts at 4.
4481,2,6,107,115,1.0869565217391304,0.03164741248836784,554,"I know Ringling and Barnum& Bailey Circus is shutting down but after 146 years, you have to admit, you have had a good run."
4481,2,6,107,115,1.0869565217391304,0.03164741248836784,554,"I'm all out of spots, but you're welcome to try our stripes."
4481,2,6,107,115,1.0869565217391304,0.03164741248836784,554,Do you want diet or regular?
4481,1,8,106,115,1.0869565217391304,0.029137663185509245,554,"Mirror, mirror on the wall..."
4481,2,6,107,115,1.0869565217391304,0.03164741248836784,554,"If you wanna see a psychiatrist, and I think you should, mine is pretty good."
4481,0,10,105,115,1.0869565217391304,0.026390303420299292,554,"Listen, Bozo, you've been juggling so much lately - so I understand walking away. The next guy is going to have some big shoes to fill."
4481,1,8,106,115,1.0869565217391304,0.029137663185509245,554,"I don't think ordering ""clown water"" is going to fool anyone..."
4481,3,4,108,115,1.0869565217391304,0.03397225365655951,554,The bus seems to be running late today.
4481,0,10,105,115,1.0869565217391304,0.026390303420299292,554,"Okay, one more time... it's gin, lemon juice, raspberry juice, club soda, lemon slice."
4481,1,8,106,115,1.0869565217391304,0.029137663185509245,554,Did you walk in here with someone?
4481,1,8,106,115,1.0869565217391304,0.029137663185509245,554,hey bro
4481,1,8,106,115,1.0869565217391304,0.029137663185509245,554,"I'm sorry sir, we only have 3 flavors."
4481,2,6,107,115,1.0869565217391304,0.03164741248836784,554,"Surely, you jester? We don't accept jokes without 2 other counterparts."
4481,1,8,106,115,1.0869565217391304,0.029137663185509245,554,I'm sorry. We're out of trump.
4481,3,4,108,115,1.0869565217391304,0.03397225365655951,554,"Sammy, I told you it was too much make-up for a political campaign. And now the circus left town, so put on an apron and join Dad."
4481,0,10,105,115,1.0869565217391304,0.026390303420299292,554,Are you going to order something other than Funyuns?
4481,1,8,106,115,1.0869565217391304,0.029137663185509245,554,We are not amused.
4481,1,8,106,115,1.0869565217391304,0.029137663185509245,554,You look familiar. Have we met before?
4481,2,6,107,115,1.0869565217391304,0.03164741248836784,554,Clowns are out of favor right now...but I'll give you a job...selling happiness and joy.
4481,1,8,106,115,1.0869565217391304,0.029137663185509245,554,How am I supposed to know where this Sam kid lives?
4481,3,4,108,115,1.0869565217391304,0.03397225365655951,554,"Show me that ""Visit Aleppo"" brochure again."
4481,0,10,105,115,1.0869565217391304,0.026390303420299292,554,"Oh, yeah, the little car with all the people in it? They stiffed me for forty espressos about ten minutes ago so I hope YOU are good for it."
4481,0,10,105,115,1.0869565217391304,0.026390303420299292,554,"Confetti, sure. Up or on the rocks?"
4481,1,8,106,115,1.0869565217391304,0.029137663185509245,554,"No sir, we offer taste tests, not face tests."
4481,1,8,106,115,1.0869565217391304,0.029137663185509245,554,Welcome to Hell--no motion and all talk.
4481,2,6,107,115,1.0869565217391304,0.03164741248836784,554,They really just had termites that whole time?
4481,2,6,107,115,1.0869565217391304,0.03164741248836784,554,You're It
4481,3,4,108,115,1.0869565217391304,0.03397225365655951,554,Another Sobbing Pagliacci?
4481,3,4,108,115,1.0869565217391304,0.03397225365655951,554,What are you looking at?
4481,0,10,105,115,1.0869565217391304,0.026390303420299292,554,Would you like a comb over spritzer?
4481,4,2,109,115,1.0869565217391304,0.03614788126297779,554,You must show me your ID before buying a beer!
4481,1,8,106,115,1.0869565217391304,0.029137663185509245,554,How do I make the clown stop staring?
4481,3,4,108,115,1.0869565217391304,0.03397225365655951,554,"I think you got the wrong town, Mister"
4481,1,8,106,115,1.0869565217391304,0.029137663185509245,554,They sell squirt bottles next door.
4481,0,10,105,115,1.0869565217391304,0.026390303420299292,554,You're more than welcome to check the Lost and Found.
4481,1,8,106,115,1.0869565217391304,0.029137663185509245,554,"LET ME GUESS . A CLOWN FISH COCKTAIL , RIGHT ?"
4481,0,10,105,115,1.0869565217391304,0.026390303420299292,554,You feel like you're only going in circles?
4481,1,8,106,115,1.0869565217391304,0.029137663185509245,554,"Sorry sir, there are no outside liquid containers allowed in this establishment."
4481,1,8,106,115,1.0869565217391304,0.029137663185509245,554,Would you like a drink to go with your crustless whipped-cream pie?
4481,2,6,107,115,1.0869565217391304,0.03164741248836784,554,The job opening is not all it's cracked up to be.
4481,2,6,107,115,1.0869565217391304,0.03164741248836784,554,"Sorry Pal, we don't serve clown water."
4481,3,4,108,115,1.0869565217391304,0.03397225365655951,554,Well you're looking good
4481,1,8,106,115,1.0869565217391304,0.029137663185509245,554,sorry we are sold out of clown juice
4481,0,10,105,115,1.0869565217391304,0.026390303420299292,554,"Sorry, we're out of jokes today"
4481,3,4,108,115,1.0869565217391304,0.03397225365655951,554,"Got laid off from Barnum? No, we don't have a vacancy."
4481,1,8,106,115,1.0869565217391304,0.029137663185509245,554,Sorry Joe--you're flagged--no more sodas for you.
4481,1,8,106,115,1.0869565217391304,0.029137663185509245,554,The occasion calls for something more exotic than a beer. How about a slug of Dom Perignon?
4481,1,8,106,115,1.0869565217391304,0.029137663185509245,554,"One ""mane of the lion that bit you"" coming right up."
4481,4,2,109,115,1.0869565217391304,0.03614788126297779,554,Bartender: how 'bout I stop CLOWNING around and get you a drink? Clown: You think this is a joke Steve? Just hurry up and get my drink
4481,1,8,106,115,1.0869565217391304,0.029137663185509245,554,"Free advice is not my forte, but for you, go with a pitcher to start with."
4481,1,8,106,115,1.0869565217391304,0.029137663185509245,554,But is your dough the *greatest*?
4481,2,6,107,115,1.0869565217391304,0.03164741248836784,554,"No free beer, Bozo."
4481,3,4,108,115,1.0869565217391304,0.03397225365655951,554,Nah. There ain't no circuses around here.
4481,1,8,106,115,1.0869565217391304,0.029137663185509245,554,"Nice work today, but mind if we talk about the rubber chicken gags?"
4562,1,8,107,116,1.0862068965517242,0.028895109688392862,554,It's been a good day so far Beau. So how's yours been?
4562,1,8,107,116,1.0862068965517242,0.028895109688392862,554,"And you need 50 gallons of water to what?"" ""Throw?"
4562,3,4,109,116,1.0862068965517242,0.033686457796372325,554,Yeah - I'll have a funny Craft
4562,3,4,109,116,1.0862068965517242,0.033686457796372325,554,"Go on, clown, get the fuck outta my window."
4562,1,8,107,116,1.0862068965517242,0.028895109688392862,554,The local draft is 140 balloons plus tax.
4562,2,6,108,116,1.0862068965517242,0.03138235812340294,554,"Sorry about your elephants, but we sent for clowns, plural."
4562,2,6,108,116,1.0862068965517242,0.03138235812340294,554,"Sorry, but that's not what Clown Bar means anymore."
4562,2,6,108,116,1.0862068965517242,0.03138235812340294,554,My day was THE crappiest show on earth.
4562,0,10,106,116,1.0862068965517242,0.026172549100593842,554,I told you to wipe the confetti off your shoes before you enter.
4562,0,10,106,116,1.0862068965517242,0.026172549100593842,554,"Alice, your date's here. Are you in an happy mood?"
4572,2,6,109,117,1.0854700854700854,0.0311216999563194,554,"you look just like this guy I grew up with, Paddy O'Pickles. do you know hi— hahahaha you're so mad you people all look the same to me"
4572,2,6,109,117,1.0854700854700854,0.0311216999563194,554,How about a drink on the house for a fine lady?
4572,1,8,108,117,1.0854700854700854,0.02865655233700379,554,"Before you ask, we only serve serious drinks to serous people, nothing on the light-hearted side"
4572,2,6,109,117,1.0854700854700854,0.0311216999563194,554,Poor old Sam still can't get over losing this joint.
4572,0,10,107,117,1.0854700854700854,0.025958346933418235,554,I should really get rid of the 'Tap room' sign.
4577,1,7,105,113,1.079646017699115,0.028504643200719312,554,...some bozzo's prefer being splashed with seltzer.
4577,2,5,106,113,1.079646017699115,0.031153531050193705,554,"Keep Moving! It is bad for the town, having a clown that is down."
4577,2,5,106,113,1.079646017699115,0.031153531050193705,554,"So then I says, ""Get a look at this... a... guy."""
4577,0,9,104,113,1.079646017699115,0.025582941017507042,554,What the hell do you mean that there is no HAPPY Hour!
4577,1,7,105,113,1.079646017699115,0.028504643200719312,554,"This is ""Sam's Serious Saloon, Sir""..."
4577,3,3,107,113,1.079646017699115,0.03359420053804604,554,"What will it be, liquor or a joint."
4577,0,9,104,113,1.079646017699115,0.025582941017507042,554,Do you like green eggs and ham? You can get them here and chase them with a beer.
4577,3,3,107,113,1.079646017699115,0.03359420053804604,554,"Bud Weiser stops in at Sam Adam's, just to clown around."
4577,2,5,106,113,1.079646017699115,0.031153531050193705,554,Hello! I'm looking for SMAS.
4577,1,7,105,113,1.079646017699115,0.028504643200719312,554,The Flavor of the Week is 'I Don't Like Clowns'.
4577,2,5,106,113,1.079646017699115,0.031153531050193705,554,"Maybe you should have invested in a real mystery shopper, Sam."
4577,2,5,106,113,1.079646017699115,0.031153531050193705,554,You're saying I'm funny...like a clown?
4577,3,3,107,113,1.079646017699115,0.03359420053804604,554,"It's called Method acting. You call on your emotional memory. Now do you want cream or milk with your coffee? Oh careful, it's really hot."
4577,1,7,105,113,1.079646017699115,0.028504643200719312,554,Cash only. This isn't your first rodeo.
4577,2,5,106,113,1.079646017699115,0.031153531050193705,554,"What, did you get juggled?"
4577,2,5,106,113,1.079646017699115,0.031153531050193705,554,"I'm afraid you're a bit early; Pantone's color of the year for next year is ""clown""."
4577,1,7,105,113,1.079646017699115,0.028504643200719312,554,Can I have your new White House clown sundae please?
4577,2,5,106,113,1.079646017699115,0.031153531050193705,554,"No, I'm already seeing someone."
4577,2,5,106,113,1.079646017699115,0.031153531050193705,554,Where's Sam?
4577,0,9,104,113,1.079646017699115,0.025582941017507042,554,"sorry, we sold out our cream pies."
4577,3,3,107,113,1.079646017699115,0.03359420053804604,554,"One for the woods, coming up"
4577,2,5,106,113,1.079646017699115,0.031153531050193705,554,"With that last beer, I sense that I over-served you, but I can call a cab for you."
4577,1,7,105,113,1.079646017699115,0.028504643200719312,554,"I'll have a beer, but this time don't make it taste funny."
4577,1,7,105,113,1.079646017699115,0.028504643200719312,554,Another hemlock?
4577,2,5,106,113,1.079646017699115,0.031153531050193705,554,"Can you move away from the window I don't want people to think everyone in here is a ""clown""."
4577,0,9,104,113,1.079646017699115,0.025582941017507042,554,I think you've mimed enough.
4577,1,7,105,113,1.079646017699115,0.028504643200719312,554,"I'm sorry we had to let you goBozo, but the customers were just getting tired of the act."
4577,1,7,105,113,1.079646017699115,0.028504643200719312,554,I'll give you a free drink if you give me your hat and a nice smile.
4577,2,5,106,113,1.079646017699115,0.031153531050193705,554,2-for-1 Happy Hour ended 5 minutes ago...
4577,1,7,105,113,1.079646017699115,0.028504643200719312,554,Depends... Going to or coming from?
4577,0,9,104,113,1.079646017699115,0.025582941017507042,554,We don't have a Happy Hour gig.
4577,1,7,105,113,1.079646017699115,0.028504643200719312,554,Quit clowning around. Do you want fries with your order or not.
4577,3,3,107,113,1.079646017699115,0.03359420053804604,554,"Sam! We got another one, I don't know if our client's real or not, can you verify him? Excuse me, I've had issues before..."
4577,0,9,104,113,1.079646017699115,0.025582941017507042,554,"No, beer is not going to make you funnier!"
4577,2,5,106,113,1.079646017699115,0.031153531050193705,554,I heard...the circus is closing right?
4577,2,5,106,113,1.079646017699115,0.031153531050193705,554,"But Pagliacci, I *am* Sam the barman!"
4577,3,3,107,113,1.079646017699115,0.03359420053804604,554,"No, ludicrous gestures and ridiculous behavior are not allowed."
4577,2,5,106,113,1.079646017699115,0.031153531050193705,554,"No scoops for you, clown."
4577,1,7,105,113,1.079646017699115,0.028504643200719312,554,As Time Goes By...
4577,2,5,106,113,1.079646017699115,0.031153531050193705,554,Occupational hazard.
4577,1,7,105,113,1.079646017699115,0.028504643200719312,554,"No, you're literally clowning around."
4577,2,5,106,113,1.079646017699115,0.031153531050193705,554,"If you want a Blowjob, you can forget it."
4577,3,3,107,113,1.079646017699115,0.03359420053804604,554,"Looks like someone need a ""BUD""DY!!"
4577,2,5,106,113,1.079646017699115,0.031153531050193705,554,Sorry no BoZo Beer served here.
4577,2,5,106,113,1.079646017699115,0.031153531050193705,554,"Yeah, we'll fill up later, but I'm thinking Yelp meant the other kind of sad clown."
4577,0,9,104,113,1.079646017699115,0.025582941017507042,554,"Sorry, we don't serve funnel cakes."
4577,1,7,105,113,1.079646017699115,0.028504643200719312,554,"Sorry, you're in the wrong place. This is not a slapstick cartoon."
4577,2,5,106,113,1.079646017699115,0.031153531050193705,554,"No, Mac, there's no siphon policy for bringing your own seltzer."
4577,1,7,105,113,1.079646017699115,0.028504643200719312,554,We have the right to refuse business to anyone.
4577,0,9,104,113,1.079646017699115,0.025582941017507042,554,"Sorry, Bud, you've already had one too many."
4577,1,7,105,113,1.079646017699115,0.028504643200719312,554,I'm going to have to card you.
4577,1,7,105,113,1.079646017699115,0.028504643200719312,554,"Unlike your passengers, refills aren't endless."
4577,2,5,106,113,1.079646017699115,0.031153531050193705,554,"Well, maybe you need to brighten up the show.....a little magic, some juggling, a pop gun. But lose the flower, Bozo."
4577,1,7,105,113,1.079646017699115,0.028504643200719312,554,Don't be sad. You can always find a new vocation. Sam I am. I used to be a clown too but now I am a jerk!
4577,0,9,104,113,1.079646017699115,0.025582941017507042,554,You say you have experience serving pies and what?
4577,2,5,106,113,1.079646017699115,0.031153531050193705,554,Trick or Treat.
4577,3,3,107,113,1.079646017699115,0.03359420053804604,554,I don't know what you're thinking.
4577,2,5,106,113,1.079646017699115,0.031153531050193705,554,I didn't hire a clown this is a bar!
4577,1,7,105,113,1.079646017699115,0.028504643200719312,554,Is this sam kind of a joke?
4577,1,7,105,113,1.079646017699115,0.028504643200719312,554,"I didn't know jokers were still around, it's 2017 you are a little late."
4577,1,7,105,113,1.079646017699115,0.028504643200719312,554,"Obviously, ‘rubber chicken’ meant something entirely different to the others involved."
4577,0,9,104,113,1.079646017699115,0.025582941017507042,554,"Hey, Auguste why so blue.....Oh, yeah, the PEOTUS is giving clowns a bad name. Anything's on the house."
4577,1,7,105,113,1.079646017699115,0.028504643200719312,554,"I'm sorry, but the 100 person occupancy limit cannot be changed for your event."
4577,1,7,105,113,1.079646017699115,0.028504643200719312,554,"Th attire won't be noticed, but no squirting. Start at 6:00 am for breakfast shift."
4577,3,3,107,113,1.079646017699115,0.03359420053804604,554,Know your limits
4577,1,7,105,113,1.079646017699115,0.028504643200719312,554,That's something you don't see everyday
4577,2,5,106,113,1.079646017699115,0.031153531050193705,554,I believe you copied down the wrong addrtess for the birthday party!
4577,1,7,105,113,1.079646017699115,0.028504643200719312,554,How about rebranding as a Zombie Clown?
4577,3,3,107,113,1.079646017699115,0.03359420053804604,554,I feel like I just need to get away from it all.
4577,1,7,105,113,1.079646017699115,0.028504643200719312,554,"I know it's sad, PT, so bring in the clowns."
4577,1,7,105,113,1.079646017699115,0.028504643200719312,554,"I'm sorry sir, I haven't seen your pogo stick."
4577,2,5,106,113,1.079646017699115,0.031153531050193705,554,No free refills.
4577,1,7,105,113,1.079646017699115,0.028504643200719312,554,We don't soft serve your kind here.
4577,2,5,106,113,1.079646017699115,0.031153531050193705,554,It's one damn thing after the other at Sam's.
4577,3,3,107,113,1.079646017699115,0.03359420053804604,554,"Sorry pal, no credit for some clown from Ringling Bros."
4577,2,5,106,113,1.079646017699115,0.031153531050193705,554,You'll have to come back here for that.
4577,2,5,106,113,1.079646017699115,0.031153531050193705,554,Since the inauguration we've been all sold out.
4577,2,5,106,113,1.079646017699115,0.031153531050193705,554,"""Sorry, but we're fresh out of the seltzer that you like having sprayed all over your face""..."
4577,3,3,107,113,1.079646017699115,0.03359420053804604,554,"Yeah , yeah I know ...' Make it one for my baby and one more for the road '"
4577,0,9,104,113,1.079646017699115,0.025582941017507042,554,"Who likes CSI anyway, right?"
4577,1,7,105,113,1.079646017699115,0.028504643200719312,554,"How's your new life going, Bobo? Oh! I'm sorry, Bob."
4577,0,9,104,113,1.079646017699115,0.025582941017507042,554,"Before you order, we're out of maraschino cherries."
4577,0,9,104,113,1.079646017699115,0.025582941017507042,554,You do know - Clowns are only served Thursday to Saturday 1:00 to 5:00!!
4577,1,7,105,113,1.079646017699115,0.028504643200719312,554,Break your funny bone?
4577,0,9,104,113,1.079646017699115,0.025582941017507042,554,Theres something funny about that guy?
4577,3,3,107,113,1.079646017699115,0.03359420053804604,554,Are they just going down the alphabet now?
4577,2,5,106,113,1.079646017699115,0.031153531050193705,554,Tell me more about this clown fish sushi bar across the street.
4577,2,5,106,113,1.079646017699115,0.031153531050193705,554,Is this not Sam's birthday?
4577,3,3,107,113,1.079646017699115,0.03359420053804604,554,Exactly what does the Ringling Brothers Circus' closing and rocky road have to do with me?!
4577,0,9,104,113,1.079646017699115,0.025582941017507042,554,"Hey, brighten up. I'm sure you'll catch on with another circus."
4577,2,5,106,113,1.079646017699115,0.031153531050193705,554,"I don’t care if your Chihuahua has herpes, you’re scaring away my Happy Hour business."
4577,1,7,105,113,1.079646017699115,0.028504643200719312,554,This isn't what I meant when I said we needed to liven the place up!
4577,3,3,107,113,1.079646017699115,0.03359420053804604,554,Are you sure you were in Slipknot?
4577,1,7,105,113,1.079646017699115,0.028504643200719312,554,Sam don't serve clowns like you.
4577,1,7,105,113,1.079646017699115,0.028504643200719312,554,"We don't serve sundaes, clown."
4577,2,5,106,113,1.079646017699115,0.031153531050193705,554,uncle Sam says to serve all clowns Donny.
4577,0,9,104,113,1.079646017699115,0.025582941017507042,554,Ringling's last office happy hour was a subdued affair
4577,3,3,107,113,1.079646017699115,0.03359420053804604,554,No Spumoni until you remove all the lines you drew on the window and countertop!
4577,1,7,105,113,1.079646017699115,0.028504643200719312,554,"Yes, this place used to be the 'Barnum and Bialy' deli. But it's also closed."
4577,2,5,106,113,1.079646017699115,0.031153531050193705,554,Ringling's is closing--make that a Funky Monkey!
4577,3,3,107,113,1.079646017699115,0.03359420053804604,554,You've tapped me out. Try La Croix.
4577,3,3,107,113,1.079646017699115,0.03359420053804604,554,"Sorry, a seltzer bottle won't work. You still need ID to drink here."
4577,0,9,104,113,1.079646017699115,0.025582941017507042,554,Beer? Yes. Tears? No.
4577,1,7,105,113,1.079646017699115,0.028504643200719312,554,Welcome to ZAMZ
4577,3,3,107,113,1.079646017699115,0.03359420053804604,554,"And remember, this gun isn't pointed right at your heart."
4577,1,7,105,113,1.079646017699115,0.028504643200719312,554,I'm DAS.
4577,2,5,106,113,1.079646017699115,0.031153531050193705,554,"So you want to be our spokesperson if we change our name to McSam's, is that right?"
4577,2,5,106,113,1.079646017699115,0.031153531050193705,554,2020 isn't *that* far away Mr. Junebug.
4685,0,9,105,114,1.0789473684210527,0.025367159007467045,554,"There's no need to dress up. We serve anyone who is wearing shoes and a shirt."""
4685,2,5,107,114,1.0789473684210527,0.030886947831731085,554,Clever color combination...excuse my alliteration
4685,1,7,106,114,1.0789473684210527,0.02826213281468858,554,Would you be interested in increasing business by featuring clowns coming out of a pastry box?
4685,2,5,107,114,1.0789473684210527,0.030886947831731085,554,And NOW I have seen it all.
4685,1,7,106,114,1.0789473684210527,0.02826213281468858,554,Today's special is half-price Kool-Aid.
4685,3,3,108,114,1.0789473684210527,0.033305539201235856,554,I heard Ringley's shut down. What's next?
4685,1,7,106,114,1.0789473684210527,0.02826213281468858,554,"Hey Don, you gave it your best shot."
4685,1,7,106,114,1.0789473684210527,0.02826213281468858,554,"Dianne, we liked you more before you started appealing to our populism."
4685,3,3,108,114,1.0789473684210527,0.033305539201235856,554,So sad. I did not know that the circus was closing.
4685,2,5,107,114,1.0789473684210527,0.030886947831731085,554,"Laugh if you want, but my friends call me Smaz."
4685,1,7,106,114,1.0789473684210527,0.02826213281468858,554,Do you want me to play it again?
4685,1,7,106,114,1.0789473684210527,0.02826213281468858,554,(Double-sided window)
4685,2,5,107,114,1.0789473684210527,0.030886947831731085,554,I'm cutting you off.
4685,1,7,106,114,1.0789473684210527,0.02826213281468858,554,"No, you can't have a doggie bottle for your seltzer water."
4685,1,7,106,114,1.0789473684210527,0.02826213281468858,554,"Mine is now history, you have few more months left to cheer for yours."
4685,1,7,106,114,1.0789473684210527,0.02826213281468858,554,"Sorry, at this time we don't have a 'secretary of ice cream'."
4685,3,3,108,114,1.0789473684210527,0.033305539201235856,554,Didn't I warn you about toaster ovens?
4685,0,9,105,114,1.0789473684210527,0.025367159007467045,554,We don't serve emoticons in here.
4685,0,9,105,114,1.0789473684210527,0.025367159007467045,554,sam? is that you?
4685,3,3,108,114,1.0789473684210527,0.033305539201235856,554,"Sorry, we don't serve cocoa"
4685,1,7,106,114,1.0789473684210527,0.02826213281468858,554,Finally!
4685,2,5,107,114,1.0789473684210527,0.030886947831731085,554,"How bout you, pal? Was it the footnotes or the endnotes?"
4685,2,5,107,114,1.0789473684210527,0.030886947831731085,554,why is he staring at me like that?... I wonder if I look funny?
4685,1,7,106,114,1.0789473684210527,0.02826213281468858,554,Would you like that made light or heavy?
4685,1,7,106,114,1.0789473684210527,0.02826213281468858,554,Sam's will make your frown turn upside down
4685,1,7,106,114,1.0789473684210527,0.02826213281468858,554,I'm sorry; we don't serve esprit.
4685,2,5,107,114,1.0789473684210527,0.030886947831731085,554,"Hey, Trump. Stop clowning and give your Uncle Sam his hat back."
4685,2,5,107,114,1.0789473684210527,0.030886947831731085,554,"First the elephants...now the Big Show. I can serve tables on ""children pay their weight nights""?"
4685,0,9,105,114,1.0789473684210527,0.025367159007467045,554,did you steal one of my tomatoes or is that your nose?
4685,3,3,108,114,1.0789473684210527,0.033305539201235856,554,Ringling Brothers?
4685,3,3,108,114,1.0789473684210527,0.033305539201235856,554,"I'm sorry, Chuckles. But I'm sure Rover is in a better place."
4685,2,5,107,114,1.0789473684210527,0.030886947831731085,554,"I feel your pain, but you're too late. The highest office in the land is already taken. So what's your poison?"
4685,3,3,108,114,1.0789473684210527,0.033305539201235856,554,CLOWNS'MAS Blues?
4685,2,5,107,114,1.0789473684210527,0.030886947831731085,554,"Sorry Emmett, we don't have sugar-free pistachio."
4685,3,3,108,114,1.0789473684210527,0.033305539201235856,554,Smiling Against Make-up Support is one block east.
4685,2,5,107,114,1.0789473684210527,0.030886947831731085,554,Sorry we don't serve clowns here.
4721,1,7,107,115,1.0782608695652174,0.028023707101644646,554,A pot and a beer?
4721,1,7,107,115,1.0782608695652174,0.028023707101644646,554,You just them - they all just piled in a car and drove off.
4723,3,3,111,117,1.0769230769230769,0.03246854823515216,554,Your interpretation of our 'Clown Sundae' special is literally incorrect.
4724,1,6,104,111,1.072072072072072,0.027780913414744465,554,Pudding?
4724,0,8,103,111,1.072072072072072,0.02465722990032265,554,"Before you start, pal, I've already heard your joke."
4724,1,6,104,111,1.072072072072072,0.027780913414744465,554,"Breaking out in spots, I see."
4724,0,8,103,111,1.072072072072072,0.02465722990032265,554,"Sorry, Joy on tap has been discontinued until further notice."
4724,2,4,105,111,1.072072072072072,0.030587241032131236,554,"Sorry, we're all outta the Resistance Plate."
4724,1,6,104,111,1.072072072072072,0.027780913414744465,554,we should not have left the robot vacuum run unattended.
4724,1,6,104,111,1.072072072072072,0.027780913414744465,554,What do want on your Trump Float?
4724,2,4,105,111,1.072072072072072,0.030587241032131236,554,I'm the new aesthetician.
4724,1,6,104,111,1.072072072072072,0.027780913414744465,554,"Sorry, the job opening was filled by the circus juggler, besides, your skills and experiences would be more appreciates in a place like Washington, D.C."
4724,1,6,104,111,1.072072072072072,0.027780913414744465,554,"Come on, of course we don't serve Cappuccino after 10:00."
4724,2,4,105,111,1.072072072072072,0.030587241032131236,554,"Who's the better clown here, me or you?"
4724,0,8,103,111,1.072072072072072,0.02465722990032265,554,"Yes, this is ""Sam's Club"" and we have seltzer bottles, but they are not for sale, much less by the gross."
4724,1,6,104,111,1.072072072072072,0.027780913414744465,554,"You should really avoid the kiddy cocktail, buddy."
4724,1,6,104,111,1.072072072072072,0.027780913414744465,554,"No, you can't pay with balloon animals or Bitcoin."
4724,2,4,105,111,1.072072072072072,0.030587241032131236,554,"No ads, ever again, for a pot washer."
4724,1,6,104,111,1.072072072072072,0.027780913414744465,554,"You may well represent ""The Greatest Show on Earth"", but only I can pour for you ""The Greatest Joe on Earth""."
4724,1,6,104,111,1.072072072072072,0.027780913414744465,554,"No, sorry, we don't have an IPA here called ""Exploding Car."""
4724,2,4,105,111,1.072072072072072,0.030587241032131236,554,"So, which one of us has impostor syndrome?"
4724,0,8,103,111,1.072072072072072,0.02465722990032265,554,I am sorry but we are not accepting customers from the C.L.O.W.N. community.
4724,1,6,104,111,1.072072072072072,0.027780913414744465,554,No soup for you!
4724,0,8,103,111,1.072072072072072,0.02465722990032265,554,We don't give happy hours.
4724,2,4,105,111,1.072072072072072,0.030587241032131236,554,"Sure, you can take an application, but I'm gonna tell you now, it's between you, Sudsy and Salty and the circus still hasn't notified the acrobats."
4724,1,6,104,111,1.072072072072072,0.027780913414744465,554,"I'm telling you there aren't any birthday parties in here today, I suggest you try WEST Boulevard, this is EAST Boulevard."
4724,1,6,104,111,1.072072072072072,0.027780913414744465,554,My other suit is at the dry cleaners!
4724,1,6,104,111,1.072072072072072,0.027780913414744465,554,"I'm sorry, sir, but we can refuse customers alcohol if they are already intoxicated."
4724,1,6,104,111,1.072072072072072,0.027780913414744465,554,"Really, as an example of cosmetic surgery by a graduate of clown college its really not too bad!"
4724,1,6,104,111,1.072072072072072,0.027780913414744465,554,"Same here, if you really think about it..."
4724,0,8,103,111,1.072072072072072,0.02465722990032265,554,"I am sorry, but Seltzer just doesn't sell in this market."
4724,1,6,104,111,1.072072072072072,0.027780913414744465,554,Your dream to run WAS to run away with the circus....
4724,2,4,105,111,1.072072072072072,0.030587241032131236,554,"Sad clown, happy clown, it don't matter, we DO NOT give away free beer at ZMAZ'S!"
4724,1,6,104,111,1.072072072072072,0.027780913414744465,554,"Identical twins , well we used to be..."
4724,1,6,104,111,1.072072072072072,0.027780913414744465,554,"Oh No! Now that the circus is gone, this place will be clown headquarters."
4724,1,6,104,111,1.072072072072072,0.027780913414744465,554,Have you considered dentistry?
4724,1,6,104,111,1.072072072072072,0.027780913414744465,554,"Sammy you, too, could be out of work one day!"
4724,1,6,104,111,1.072072072072072,0.027780913414744465,554,I heard they're closing - just hired one of their ex-jugglers to handle the busy shifts
4724,2,4,105,111,1.072072072072072,0.030587241032131236,554,Sam mentioned you'd be stopping by.
4724,0,8,103,111,1.072072072072072,0.02465722990032265,554,There's no clowning around in the bar business!!
4724,2,4,105,111,1.072072072072072,0.030587241032131236,554,Give me a brewski and let me speak to s'mas
4724,3,2,106,111,1.072072072072072,0.033156891859127215,554,What's a Godzilla Burger?
4763,0,8,104,112,1.0714285714285714,0.02444455587287331,554,"Sorry, but we don't carry Clowns Shoes Brown ale!"
4763,1,6,105,112,1.0714285714285714,0.027539271462716404,554,Emmett Kelly would never believe it
4763,2,4,106,112,1.0714285714285714,0.03031973999842919,554,The missile parade is tomorrow.
4763,1,6,105,112,1.0714285714285714,0.027539271462716404,554,Pint of S'MAS please
4767,0,8,105,113,1.0707964601769913,0.02423551139403392,554,But I’m in the funny business!
4767,1,6,106,113,1.0707964601769913,0.027301791615669063,554,Casual Friday at the Google Cafe.
4769,2,4,108,114,1.0701754385964912,0.029798521925766992,554,We don't serve smiles.
4770,0,8,110,118,1.0677966101694916,0.02324162009060572,554,"I've sorry, Sir. Our seltzer supplier was killed by a pack of wolves early this morning."
4771,1,5,103,109,1.0642201834862386,0.02695067087951537,554,"Sorry, I can't afford to give away anymore Clown specialty beer on tap. Have you tried the Clown Shelter around the block?"
4771,1,5,103,109,1.0642201834862386,0.02695067087951537,554,where is the bathroom?
4771,0,7,102,109,1.0642201834862386,0.02358906516902373,554,"It's intense, I mean a real circus during happy hour."
4771,0,7,102,109,1.0642201834862386,0.02358906516902373,554,Sorry--there's no such thing as a sour cream sundae!
4771,2,3,104,109,1.0642201834862386,0.029937156280506454,554,Barbara? You just missed her!
4771,2,3,104,109,1.0642201834862386,0.029937156280506454,554,"Luckily for you, we've shaved down the price just a little."
4771,1,5,103,109,1.0642201834862386,0.02695067087951537,554,"""Keep the suit and hat, just change the face to Thrump's""."
4771,3,1,105,109,1.0642201834862386,0.032651615449637045,554,We only have flat
4771,0,7,102,109,1.0642201834862386,0.02358906516902373,554,"No, I've never made a tonic and tonic before"
4771,1,5,103,109,1.0642201834862386,0.02695067087951537,554,It's ladies' night. Once their Uber arrives this place'll be packed.
4771,1,5,103,109,1.0642201834862386,0.02695067087951537,554,Trade a seltzer for a beer? Which one you got?
4771,2,3,104,109,1.0642201834862386,0.029937156280506454,554,Stop it! I told you Ella's not here.
4771,1,5,103,109,1.0642201834862386,0.02695067087951537,554,Where did you park your car?
4771,2,3,104,109,1.0642201834862386,0.029937156280506454,554,"'Sorry Mac, Tutti-Frutti is special order ONLY .... five gallon minimum."""
4771,1,5,103,109,1.0642201834862386,0.02695067087951537,554,I'm sorry.Our bathrooms are reserved for Republicans.
4771,1,5,103,109,1.0642201834862386,0.02695067087951537,554,"Sorry Sam, succulent sandwiches are only on Saturdays."
4771,0,7,102,109,1.0642201834862386,0.02358906516902373,554,Are you sure you want the Four-Year Bender? I already got three clowns laying back here who ordered it.
4771,2,3,104,109,1.0642201834862386,0.029937156280506454,554,"Instead of your old ""make 'me laugh"", how about a little of my old ""what'll you have""?"
4771,1,5,103,109,1.0642201834862386,0.02695067087951537,554,"Since you ran away before my IRS audit, I hired a new tax man."
4771,0,7,102,109,1.0642201834862386,0.02358906516902373,554,You're accustomed to hamming -- how about that on rye with mustard?
4771,0,7,102,109,1.0642201834862386,0.02358906516902373,554,"You know, this place has become real circus."
4771,1,5,103,109,1.0642201834862386,0.02695067087951537,554,"Sorry buddy. After noon today, you're on the 'no serve' list."
4771,2,3,104,109,1.0642201834862386,0.029937156280506454,554,"Sorry, but I just got a bread delivery an hour ago."
4771,1,5,103,109,1.0642201834862386,0.02695067087951537,554,"Sorry to say, but we are out Bailey's® Irish cream"
4771,0,7,102,109,1.0642201834862386,0.02358906516902373,554,Can you reinvent yourself as a cream pie cook?
4771,1,5,103,109,1.0642201834862386,0.02695067087951537,554,What do you mean “funny”? Funny how? How am I funny?
4771,1,5,103,109,1.0642201834862386,0.02695067087951537,554,"Play it again, Sam!"
4771,1,5,103,109,1.0642201834862386,0.02695067087951537,554,We're INFINITELY out of beer. So sad!
4771,0,7,102,109,1.0642201834862386,0.02358906516902373,554,Looks like you had a hard day---why don't you go clown around.
4771,0,7,102,109,1.0642201834862386,0.02358906516902373,554,"Got to check your ID, with that make-up you must be a pre-teen."
4771,1,5,103,109,1.0642201834862386,0.02695067087951537,554,"Look Krusty, if you can't speak when you're ""in character"", I can't read your mind. At least point to what you want."
4771,2,3,104,109,1.0642201834862386,0.029937156280506454,554,"Sorry, mac, I'm out of balloon animal ale."
4771,1,5,103,109,1.0642201834862386,0.02695067087951537,554,"No, I wouldn't have guessed you're a coroner. I think it's the hat posey."
4771,0,7,102,109,1.0642201834862386,0.02358906516902373,554,"Sorry, no party sprinkles."
4771,1,5,103,109,1.0642201834862386,0.02695067087951537,554,I didn't vote for her!
4771,2,3,104,109,1.0642201834862386,0.029937156280506454,554,So are you applying for the soda jerk job or just clowning around?
4771,0,7,102,109,1.0642201834862386,0.02358906516902373,554,"Sure we have them, but they're pink."
4771,0,7,102,109,1.0642201834862386,0.02358906516902373,554,"If Barnum and Bailey couldn't make it, what makes you think Sam Sussman can?"
4771,1,5,103,109,1.0642201834862386,0.02695067087951537,554,You've lost your grandeur since the circus closed.
4771,1,5,103,109,1.0642201834862386,0.02695067087951537,554,"Yep, you're dying."
4771,0,7,102,109,1.0642201834862386,0.02358906516902373,554,I'm sorry pal but we don't have seltzer bottles 'to go.' Want some on tap?
4771,2,3,104,109,1.0642201834862386,0.029937156280506454,554,How's my grandson.
4771,1,5,103,109,1.0642201834862386,0.02695067087951537,554,"Sorry Sam, nobody wants to be served by a sad clown."
4771,0,7,102,109,1.0642201834862386,0.02358906516902373,554,Animal Rights means you' and the elephants are out of work and I get to flip veggie burgers now!
4771,2,3,104,109,1.0642201834862386,0.029937156280506454,554,The special today is eggs sunny side up.
4771,1,5,103,109,1.0642201834862386,0.02695067087951537,554,Kombucha? You must be clowning around.
4771,0,7,102,109,1.0642201834862386,0.02358906516902373,554,We cancelled happ hour. It drew too many nut jobs.
4771,2,3,104,109,1.0642201834862386,0.029937156280506454,554,It's still no Harry!
4771,0,7,102,109,1.0642201834862386,0.02358906516902373,554,"In that case, I most definitely am not Sam."
4771,1,5,103,109,1.0642201834862386,0.02695067087951537,554,"The problem with your insulting, tasteless, costume is that I'm not Sam."
4771,2,3,104,109,1.0642201834862386,0.029937156280506454,554,Ouch!
4771,2,3,104,109,1.0642201834862386,0.029937156280506454,554,What has Barron been tweeting about you?
4771,0,7,102,109,1.0642201834862386,0.02358906516902373,554,"No, actually the owner is the rapper 2'MA2."
4771,0,7,102,109,1.0642201834862386,0.02358906516902373,554,American Gothic
4771,1,5,103,109,1.0642201834862386,0.02695067087951537,554,Creepy clowns are outside my target market.
4771,1,5,103,109,1.0642201834862386,0.02695067087951537,554,"No, Mr. Kerwith, I will not say I'm low on seltzer just for fun."
4771,3,1,105,109,1.0642201834862386,0.032651615449637045,554,"It's okay, there's no one around."
4771,2,3,104,109,1.0642201834862386,0.029937156280506454,554,"It's not April yet, sir."
4771,1,5,103,109,1.0642201834862386,0.02695067087951537,554,Will it squirt yogurt?
4830,0,7,103,110,1.0636363636363637,0.023380925507988964,554,"Refill your flower, give you batteries for your bow tie, poke your eyes back in. Is that all our marriage means to you?"
4830,0,7,103,110,1.0636363636363637,0.023380925507988964,554,Not after Bozo got caught squirting a 3-year-old with our homebrew.
4830,1,5,104,110,1.0636363636363637,0.026710921904774393,554,"I'm sorry, but we don't allow pets in here. Not even emotional support rabbits."
4833,1,5,105,111,1.063063063063063,0.02647539701104769,554,"But have you seen ""Lost?"" Now *that's* a great show."
4833,1,5,105,111,1.063063063063063,0.02647539701104769,554,Did you lose your wallet again?
4835,2,3,107,112,1.0625,0.029148275135450867,554,Would you like the meatless meat or the sugar free fruit?
4836,1,5,107,113,1.0619469026548674,0.02601658107112096,554,"For bozos, the glass ceiling is real."
4836,2,3,108,113,1.0619469026548674,0.02889446838973299,554,"Hey clown, is there something I can serve you that will put a smile on you sad face?!!"
4838,1,5,112,118,1.0593220338983051,0.02493617197862182,554,"I've told you before, there's no sidewalk service....."
4839,1,4,102,107,1.0560747663551402,0.025993826501909106,554,SAM is an acronym for Stop All Mayhem.
4839,1,4,102,107,1.0560747663551402,0.025993826501909106,554,I need to see your ID: Republican or Democrat?
4839,0,6,101,107,1.0560747663551402,0.022345990086729082,554,"2016: Ringling Bros. Barnum & Bailey 2017: Yuengling, bar nuts and a shot of Baileys."
4839,0,6,101,107,1.0560747663551402,0.022345990086729082,554,"Hi Pal. The folk singer who just left ended her set with ""Send in the Clowns."" Where are your buddies?"
4839,1,4,102,107,1.0560747663551402,0.025993826501909106,554,You just missed him. He left to join the circus.
4839,0,6,101,107,1.0560747663551402,0.022345990086729082,554,Sorry Barnum about the circus closing.
4839,0,6,101,107,1.0560747663551402,0.022345990086729082,554,"No, sir, I'm afraid our boutonniere dispenser is out of order."
4839,0,6,101,107,1.0560747663551402,0.022345990086729082,554,Are you done clowning around Sam?
4839,2,2,103,107,1.0560747663551402,0.029189291863053305,554,Sorry but the gluten-free flies out of here.
4839,1,4,102,107,1.0560747663551402,0.025993826501909106,554,Well at least he lowered our taxes.
4839,1,4,102,107,1.0560747663551402,0.025993826501909106,554,"When I think of my favorite beers I say to myself, ""I'd tap that."""
4839,2,2,103,107,1.0560747663551402,0.029189291863053305,554,Jokes up?
4839,1,4,102,107,1.0560747663551402,0.025993826501909106,554,"Living in lions without Obamacare? .... oh man, you had some hair last week."
4839,0,6,101,107,1.0560747663551402,0.022345990086729082,554,"I'll just take a pint of the hammer, today, Sam."
4839,1,4,102,107,1.0560747663551402,0.025993826501909106,554,"Stop clowning around, what'll have?"
4839,0,6,101,107,1.0560747663551402,0.022345990086729082,554,are you real or a figment of the internet's imagination?
4839,1,4,102,107,1.0560747663551402,0.025993826501909106,554,So your name is Sam. I don't really know who Sam was.
4839,1,4,102,107,1.0560747663551402,0.025993826501909106,554,"The new guy never touches the hard stuff, so all we serve is root beer and cool aid."
4839,0,6,101,107,1.0560747663551402,0.022345990086729082,554,You say your jobs not too hard?
4839,1,4,102,107,1.0560747663551402,0.025993826501909106,554,I've never seen him sober like this.
4839,0,6,101,107,1.0560747663551402,0.022345990086729082,554,Or are you just auditing?
4839,2,2,103,107,1.0560747663551402,0.029189291863053305,554,Make laugh first.
4839,1,4,102,107,1.0560747663551402,0.025993826501909106,554,"I need job, Ringling Bros. just laid me off."
4839,0,6,101,107,1.0560747663551402,0.022345990086729082,554,Stop saying your pizza tasted funny.
4839,0,6,101,107,1.0560747663551402,0.022345990086729082,554,"I know it's you, Mr. Birnam."
4839,1,4,102,107,1.0560747663551402,0.025993826501909106,554,Well we don't have a calling for balloon animals here. We have more of a paper flower group.
4839,0,6,101,107,1.0560747663551402,0.022345990086729082,554,Nope. Sam's Clothiers is two doors down.
4839,1,4,102,107,1.0560747663551402,0.025993826501909106,554,"Your policies, my hands. Of course we can!"
4839,0,6,101,107,1.0560747663551402,0.022345990086729082,554,"I better lower the sound system's volume next time I'm playing Stephen Sonheim's ""Send in the Clowns."""
4839,1,4,102,107,1.0560747663551402,0.025993826501909106,554,Stop your clowning and show me your ID.
4839,0,6,101,107,1.0560747663551402,0.022345990086729082,554,"So, Sam - back from the circus already?"
4839,0,6,101,107,1.0560747663551402,0.022345990086729082,554,Our service is a bit spotty today
4839,1,4,102,107,1.0560747663551402,0.025993826501909106,554,"I'm sorry sir, but we don't sell bicycles."
4839,0,6,101,107,1.0560747663551402,0.022345990086729082,554,Yes .. we do have Circus Boy !
4839,0,6,101,107,1.0560747663551402,0.022345990086729082,554,The circus is dead; long live the circus.
4839,1,4,102,107,1.0560747663551402,0.025993826501909106,554,"Pardon me, but I'm running a contest for the greatest beer on earth"
4839,1,4,102,107,1.0560747663551402,0.025993826501909106,554,You were suppose to counter my vote for Trump.
4839,0,6,101,107,1.0560747663551402,0.022345990086729082,554,Sorry we're all out of spritzers
4839,0,6,101,107,1.0560747663551402,0.022345990086729082,554,"No, I don't need any ketchup. I have plenty in my tie."
4839,0,6,101,107,1.0560747663551402,0.022345990086729082,554,Work is a circus right now.
4839,1,4,102,107,1.0560747663551402,0.025993826501909106,554,One Daisy Ham on Wry
4839,2,2,103,107,1.0560747663551402,0.029189291863053305,554,We need bubbly.
4839,2,2,103,107,1.0560747663551402,0.029189291863053305,554,Sorry Mr. Trump but no you can not have your next wedding party here.
4839,1,4,102,107,1.0560747663551402,0.025993826501909106,554,"Mr Spade is out, and Gutman , Miss O'Shaughnessy and Cairo did not leave you a bird. What do you take me for a clown?"
4839,1,4,102,107,1.0560747663551402,0.025993826501909106,554,Wait until you see what they did with their Sharpies.
4839,1,4,102,107,1.0560747663551402,0.025993826501909106,554,"Sorry, no Trick-or-Treat Happy Hour Specials."
4839,0,6,101,107,1.0560747663551402,0.022345990086729082,554,Yes we are hiring!
4839,0,6,101,107,1.0560747663551402,0.022345990086729082,554,Non-GMO?
4839,2,2,103,107,1.0560747663551402,0.029189291863053305,554,-We don't sell craft beer Mr. hipster.
4839,0,6,101,107,1.0560747663551402,0.022345990086729082,554,We don't serve water for your flower.
4839,2,2,103,107,1.0560747663551402,0.029189291863053305,554,"Welcome to SAM'S Clown, what would you like to have, a beer, ice cream, or you can just stand there and be all creepy too. That works as well."
4839,1,4,102,107,1.0560747663551402,0.025993826501909106,554,"We're out of the butter pecan; check back in four years."""
4839,1,4,102,107,1.0560747663551402,0.025993826501909106,554,"Yeah yeah, Charlie - I got your seltzer right here."
4839,0,6,101,107,1.0560747663551402,0.022345990086729082,554,"Look, I've told you a thousand times -- your bar is to the left of me."
4839,0,6,101,107,1.0560747663551402,0.022345990086729082,554,You wouldn't be a sad clown if you took the make-up of every once in awhile and got some sun.
4839,1,4,102,107,1.0560747663551402,0.025993826501909106,554,"Sorry, we don't serve cocktales."
4839,0,6,101,107,1.0560747663551402,0.022345990086729082,554,"Sorry, we got rid of the cotton candy machine years ago."
4839,0,6,101,107,1.0560747663551402,0.022345990086729082,554,Not for nuttin' but we no longa serve ya clowns.
4839,0,6,101,107,1.0560747663551402,0.022345990086729082,554,I don't serve people who are already inebriated.
4839,1,4,102,107,1.0560747663551402,0.025993826501909106,554,"Cellophane, Mister Cellophane should have been my name..."
4839,0,6,101,107,1.0560747663551402,0.022345990086729082,554,"Sorry, we don't serve alcohol to red- nosed patrons."
4839,0,6,101,107,1.0560747663551402,0.022345990086729082,554,It's bring your own glass day
4839,1,4,102,107,1.0560747663551402,0.025993826501909106,554,"Funny world, your name's Sam like me. Pardon while I check with Mary Norris, TNY proofreader, to see if that's right."
4839,1,4,102,107,1.0560747663551402,0.025993826501909106,554,"""Yea, it's the best beer in the city... and tell him, NO! I'm not changing the name to 'Trump's'"
4839,1,4,102,107,1.0560747663551402,0.025993826501909106,554,"Sorry, we're fresh out of elephants, sir."
4839,0,6,101,107,1.0560747663551402,0.022345990086729082,554,"Sorry. Tuesdays, clowns drink for 1/2 off. Today is Wednesday."
4839,0,6,101,107,1.0560747663551402,0.022345990086729082,554,"Not hiring Mr.Biden, hit me up again in 2020."
4839,0,6,101,107,1.0560747663551402,0.022345990086729082,554,So what's your problem?
4839,0,6,101,107,1.0560747663551402,0.022345990086729082,554,You're the fifth clown in here looking for work since the circus left town forever.
4839,1,4,102,107,1.0560747663551402,0.025993826501909106,554,"Sorry, pal. You can't sit at the bar if you bring your own drink."
4839,2,2,103,107,1.0560747663551402,0.029189291863053305,554,"Sorry, we discontinued Tutti-frutti years ago."
4839,0,6,101,107,1.0560747663551402,0.022345990086729082,554,"I'm sorry, but we already have two Ringling Brothers."
4839,1,4,102,107,1.0560747663551402,0.025993826501909106,554,"Sorry, even I can't fix your problems."
4839,0,6,101,107,1.0560747663551402,0.022345990086729082,554,"You are correct, there is no grenadine in the clown water."
4839,0,6,101,107,1.0560747663551402,0.022345990086729082,554,"Sorry, no balloons on the beer taps."
4839,1,4,102,107,1.0560747663551402,0.025993826501909106,554,"It's SAM'S, not SIRCUS."
4839,1,4,102,107,1.0560747663551402,0.025993826501909106,554,"Should I call you Mister or Ma'am, huh Sam?"
4839,1,4,102,107,1.0560747663551402,0.025993826501909106,554,So much for Obamacare. Think there's anything left for them to replace it with?
4839,1,4,102,107,1.0560747663551402,0.025993826501909106,554,"Sorry, we don't serve before eleven-at-heart."
4839,0,6,101,107,1.0560747663551402,0.022345990086729082,554,No Mickey Mouse money !
4839,2,2,103,107,1.0560747663551402,0.029189291863053305,554,"I have a craving to gawk that, if left alone, stretches into a mystic trance."
4839,1,4,102,107,1.0560747663551402,0.025993826501909106,554,"Hey Sad-Face Schumer, tell your Uncle Sam all about it."
4839,1,4,102,107,1.0560747663551402,0.025993826501909106,554,"Jim, I said no more clowns-starting right here and right now."
4839,2,2,103,107,1.0560747663551402,0.029189291863053305,554,Ten rubles says it was that 400 pound guy again.
4839,1,4,102,107,1.0560747663551402,0.025993826501909106,554,"So how's clown school, Sam?"
4839,0,6,101,107,1.0560747663551402,0.022345990086729082,554,Which type of corpse reviver do you mean?
4839,0,6,101,107,1.0560747663551402,0.022345990086729082,554,"My uncle says the light entertainment position has recently been filled, I am afraid."
4839,0,6,101,107,1.0560747663551402,0.022345990086729082,554,...bad news: You lost your job; good news: Viagra's that flower's best friend.
4927,2,2,104,108,1.0555555555555556,0.028922418436563777,554,What feel like when the bartender asks you what you want before you're ready to order.
4928,0,6,103,109,1.055045871559633,0.021946024609185516,554,No you can't have the old-fashioned soda bottle again.
4929,1,4,105,110,1.0545454545454545,0.025296782642673453,554,"If he's going to run for another term, maybe the slogan can be Make America Break Again"
4930,1,4,106,111,1.054054054054054,0.025072663729175337,554,Not-So-Scary Clown Sighting
4930,1,4,106,111,1.054054054054054,0.025072663729175337,554,"Sorry--no confetti here, but I can pour you a glass of beer."
4930,2,2,107,111,1.054054054054054,0.028150286504340736,554,"Sorry Mr Sprinkles, I think there's been some kind of mix up with the order."
4930,1,4,106,111,1.054054054054054,0.025072663729175337,554,"Well, I can certainly sell you the seltzer water, but you would have to take it to your proctologist."
4934,1,4,107,112,1.0535714285714286,0.024852478889065,554,Pilsner or ale?
4934,0,6,106,112,1.0535714285714286,0.021372190951239895,554,I'm a regular since the circus closed!
4936,2,2,109,113,1.0530973451327434,0.02765802763231249,554,"A clown came at a bar, because he had a hard day, so he wants just to relax. The barman listened to the clown about his day, and tried to help him to feel better."
4937,0,5,100,105,1.0476190476190477,0.0208823337930245,554,"Its my sister's kid's birthday party this afternoon, so NO, not today you can't."
4937,1,3,101,105,1.0476190476190477,0.024884172636305917,554,"It's okay buddy, I'm a friendly bartender."
4937,2,1,102,105,1.0476190476190477,0.028326175720412017,554,Stop kicking me.
4937,0,5,100,105,1.0476190476190477,0.0208823337930245,554,"For the last time, we do not have a basement."
4937,1,3,101,105,1.0476190476190477,0.024884172636305917,554,"Give it up, Jimbo. Vietnam is long over and so is Flower Power."
4937,0,5,100,105,1.0476190476190477,0.0208823337930245,554,Clown to the right of me: Here I'm Sam.
4937,1,3,101,105,1.0476190476190477,0.024884172636305917,554,Give me a pint of your mayoketchup pal
4937,1,3,101,105,1.0476190476190477,0.024884172636305917,554,"Yes, I'm going to keep the business and it's going to work our really well. After the procedure I will be Samantha."
4937,0,5,100,105,1.0476190476190477,0.0208823337930245,554,Are you hiring jerks?
4937,0,5,100,105,1.0476190476190477,0.0208823337930245,554,Another one Mr. Mc'Donald?'
4937,1,3,101,105,1.0476190476190477,0.024884172636305917,554,"Sam's around, so stop your crying."
4937,1,3,101,105,1.0476190476190477,0.024884172636305917,554,Even if I was the last man on Earth?
4949,1,3,102,106,1.0471698113207548,0.024652391895740113,554,"For the last time, no, we don't sell missiles!"
4949,0,5,101,106,1.0471698113207548,0.0206892703318409,554,Quit Clowning around Sam!
4951,0,5,102,107,1.0467289719626167,0.020499741172303885,554,Maybe try a new routine.
4952,0,5,103,108,1.0462962962962963,0.020313650225214416,554,"Green Eggs and Ham, yes. Creepy Clown Chowder, no."
4953,0,5,104,109,1.0458715596330275,0.020130904850286947,554,"You say your name's Mick Stevens. What are you, some kind of a clown?"
4954,1,3,106,110,1.0454545454545454,0.02376688157802559,554,You'd like to borrow a full soda canister? I guess if I can't trust a clown....
4954,0,5,105,110,1.0454545454545454,0.01995141570292857,554,"Well, if you're looking for a ""safe space"", you've come to the right place"
4956,0,5,107,112,1.0446428571428572,0.019601864327811826,554,"If this is supposed to be some kinda joke, where's the cannibals?"
4957,1,2,100,103,1.0388349514563107,0.023586360658571205,554,"Sam has left the building, but stop clowing around and leave your business card."
4957,0,4,99,103,1.0388349514563107,0.019129793517354894,554,"That's a you question, Bro."
4957,0,4,99,103,1.0388349514563107,0.019129793517354894,554,Sam's not here now...
4957,1,2,100,103,1.0388349514563107,0.023586360658571205,554,"Kid, it's alright, I've just had a few too many...."
4957,0,4,99,103,1.0388349514563107,0.019129793517354894,554,I guess my PIN was hacked.
4957,0,4,99,103,1.0388349514563107,0.019129793517354894,554,You're too early for attitude adjustment hour!
4957,0,4,99,103,1.0388349514563107,0.019129793517354894,554,May I entertain YOU with some tapping beer?
4957,1,2,100,103,1.0388349514563107,0.023586360658571205,554,Hey Sam.Hey Smas.
4957,0,4,99,103,1.0388349514563107,0.019129793517354894,554,udjihudshuhvhsd
4957,0,4,99,103,1.0388349514563107,0.019129793517354894,554,"Well, at least hexpensive ain't Muslim."
4957,0,4,99,103,1.0388349514563107,0.019129793517354894,554,So what if people laugh at you. Let me get you a drink.
4957,0,4,99,103,1.0388349514563107,0.019129793517354894,554,"Sorry, sir, I can't serve you. I ran away from the circus when I was 12 and hid in the back of a beer truck."
4957,0,4,99,103,1.0388349514563107,0.019129793517354894,554,"I feel for ya, Buddy, we're both folding up shop. You guys at Ringling lost your elephants and Sam lost his lease."
4957,0,4,99,103,1.0388349514563107,0.019129793517354894,554,Haven't we met?
4957,0,4,99,103,1.0388349514563107,0.019129793517354894,554,You're supposed to be the one with the hiccup
4957,1,2,100,103,1.0388349514563107,0.023586360658571205,554,"I need a job, even the Zoo didn't want me I used to work at the Ringling Barnum @ Bailey Circus"
4957,0,4,99,103,1.0388349514563107,0.019129793517354894,554,I can't go any longer...the inauguration after party has too many others fighting for my spotlight!
4957,0,4,99,103,1.0388349514563107,0.019129793517354894,554,"Back to clown your sorrows, Popo....?"
4957,1,2,100,103,1.0388349514563107,0.023586360658571205,554,Wait is that my neighbor Jimmy?
4957,0,4,99,103,1.0388349514563107,0.019129793517354894,554,Sorry to hear about your circus but we don't hire buffoons!
4957,1,2,100,103,1.0388349514563107,0.023586360658571205,554,"Animal rights is not a joke anymore, is it? You can start by cleaning those tables."
4957,0,4,99,103,1.0388349514563107,0.019129793517354894,554,"Oh I admit, SCADD has saved lives."
4957,0,4,99,103,1.0388349514563107,0.019129793517354894,554,Too bad you didn't have Wisconsin residency when you voted.
4957,0,4,99,103,1.0388349514563107,0.019129793517354894,554,The restroom is to your right.
4957,1,2,100,103,1.0388349514563107,0.023586360658571205,554,Nope...haven't seen the Clown Car since about November 8. I suggest you file a report with the F.B.I. or the C.I.A.
4957,0,4,99,103,1.0388349514563107,0.019129793517354894,554,I'm afraid!! I can't help you.
4957,0,4,99,103,1.0388349514563107,0.019129793517354894,554,"So just because you lost your job from Ringling Brothers, there are still no handouts here!"
4957,0,4,99,103,1.0388349514563107,0.019129793517354894,554,you a sad clown or a happy one? Trying to figure out if I got the blue pill or the red one.
4957,1,2,100,103,1.0388349514563107,0.023586360658571205,554,"Hey Mauriece, here is another Crown. His brother was here with an elephant at 7 am this morning."
4957,0,4,99,103,1.0388349514563107,0.019129793517354894,554,MY CAPTION: Should we order out? PS - Where's the proper image? IT'S STILL JANUARY 15TH (ONLY 11:11PM PST!!!)
4957,0,4,99,103,1.0388349514563107,0.019129793517354894,554,It is Trump is isn't it
4957,1,2,100,103,1.0388349514563107,0.023586360658571205,554,Valentine's Day is a totally overrated.
4957,1,2,100,103,1.0388349514563107,0.023586360658571205,554,Two bread slices and a cut above .
4957,1,2,100,103,1.0388349514563107,0.023586360658571205,554,"If you don't mind d relocating to the DC. If you don't mind relocating to the DC area, I am certain you could find something down there."
4957,1,2,100,103,1.0388349514563107,0.023586360658571205,554,"Sorry pal, we don't have Clown Shoes on tap here."
4957,0,4,99,103,1.0388349514563107,0.019129793517354894,554,"Mind you, with the circus gone the basketball team won't have those crazy, long road trips anymore."
4957,1,2,100,103,1.0388349514563107,0.023586360658571205,554,"You were with Ringling Brothers, weren't you?"
4957,1,2,100,103,1.0388349514563107,0.023586360658571205,554,"Sorry, we don't serve here, but we do serve air."
4957,0,4,99,103,1.0388349514563107,0.019129793517354894,554,"Yeah...I understand that you want to take Ayden's birthday party to the next level, but I don't think it's actually legal to fill your balloons with the beers we have on tap."
4957,1,2,100,103,1.0388349514563107,0.023586360658571205,554,"Sorry Sam,your Unhappy Hour doesn't seem to be cutting it."
4957,1,2,100,103,1.0388349514563107,0.023586360658571205,554,Moving from clown to soda jerk is not an uptick; perhaps the circus (oops).
4957,0,4,99,103,1.0388349514563107,0.019129793517354894,554,Applied for a manufacturing job that will be created?
4957,1,2,100,103,1.0388349514563107,0.023586360658571205,554,"""You remind me of my Aunt Zelda""."
4957,0,4,99,103,1.0388349514563107,0.019129793517354894,554,"Sorry, I do not sell any colorful food to fill your need."
4957,0,4,99,103,1.0388349514563107,0.019129793517354894,554,"Looks like you could use Sam's special, ""Bozo Ale."""
4957,0,4,99,103,1.0388349514563107,0.019129793517354894,554,"I'm sorry, we have a strict policy of service to happy clowns only. Cathy's place is down the street."
4957,0,4,99,103,1.0388349514563107,0.019129793517354894,554,Yesterday was your Clowns’ Savings Day Sale.
4957,1,2,100,103,1.0388349514563107,0.023586360658571205,554,Bigfoot Family in Yellowstone?
4957,0,4,99,103,1.0388349514563107,0.019129793517354894,554,Cheer up. Greatest Show on Earth ramps up after last call.
4957,0,4,99,103,1.0388349514563107,0.019129793517354894,554,I thought that you'd want what I want.
4957,0,4,99,103,1.0388349514563107,0.019129793517354894,554,"We've been doing business a long time and you're the new owner? This is a joke, right?"
4957,0,4,99,103,1.0388349514563107,0.019129793517354894,554,I hope you didn't come in here for the beer.
4957,1,2,100,103,1.0388349514563107,0.023586360658571205,554,"Sorry, we have no openings for ex-circus workers."
4957,1,2,100,103,1.0388349514563107,0.023586360658571205,554,I cannot play any more!
4957,0,4,99,103,1.0388349514563107,0.019129793517354894,554,"Look Clarabell, I told you, we serve strong drinks for strong clowns here!"
4957,0,4,99,103,1.0388349514563107,0.019129793517354894,554,"""Scissors? Naw, I didn't see any scissors""..."
4957,0,4,99,103,1.0388349514563107,0.019129793517354894,554,YOUR BOOK IS SO SAD. HAVE A FREE BEER.
5014,1,2,101,104,1.0384615384615385,0.023361452307120306,554,"No, I don't get off work until eleven. Maybe Craig would go with you... but he doesn't really like Harvey Keitel."
5014,0,4,100,104,1.0384615384615385,0.01894863996469793,554,'Have you heard the one about the toolbar?'
5014,0,4,100,104,1.0384615384615385,0.01894863996469793,554,Sorry we are out of Clown IPA.
5014,1,2,101,104,1.0384615384615385,0.023361452307120306,554,I can't serve you because we here at Sam's attract a much higher clientele.
5014,0,4,100,104,1.0384615384615385,0.01894863996469793,554,The usual --- vanilla.
5014,0,4,100,104,1.0384615384615385,0.01894863996469793,554,"So, you need a pop or two before you can be a scary clown."
5014,0,4,100,104,1.0384615384615385,0.01894863996469793,554,"Sorry, just being sad while I am Sam, does not get you a free beer."
5014,0,4,100,104,1.0384615384615385,0.01894863996469793,554,"Quit clownin', yo! :)"
5014,0,4,100,104,1.0384615384615385,0.01894863996469793,554,"What'll you be, Mac?"
5014,0,4,100,104,1.0384615384615385,0.01894863996469793,554,"Hey, I'll only let you have one more shot of 'happy juice.'"
5014,0,4,100,104,1.0384615384615385,0.01894863996469793,554,"Very funny, but do you want one S'MAS--or two S'MASES?"
5014,0,4,100,104,1.0384615384615385,0.01894863996469793,554,"No, we don´t have Clown Shoes Beer on tap."
5014,1,2,101,104,1.0384615384615385,0.023361452307120306,554,I was long donkeys.
5027,0,4,101,105,1.0380952380952382,0.018770883480320816,554,I just can't get through to him.
5027,1,2,102,105,1.0380952380952382,0.0231407919004939,554,I'm DAS.
5027,0,4,101,105,1.0380952380952382,0.018770883480320816,554,"Sorry, we're not serving any clowns today."
5027,1,2,102,105,1.0380952380952382,0.0231407919004939,554,When I bought this place from my Dad he told me to just not serve any clowns here.
5027,1,2,102,105,1.0380952380952382,0.0231407919004939,554,"Momma, I want to be a corporation when I grow up."
5027,0,4,101,105,1.0380952380952382,0.018770883480320816,554,I think you need a triple dip Hagen Daz immediately.
5027,0,4,101,105,1.0380952380952382,0.018770883480320816,554,Sorry. No happy faces on tap today.
5027,0,4,101,105,1.0380952380952382,0.018770883480320816,554,Come on in and get a pale ale?
5027,0,4,101,105,1.0380952380952382,0.018770883480320816,554,"Nope,we are not hiring at this time"
5027,0,4,101,105,1.0380952380952382,0.018770883480320816,554,Thank you for your years of service jokomo.
5037,0,4,105,109,1.036697247706422,0.018091987104280182,554,I need a server. Can you start in May?
5037,0,4,105,109,1.036697247706422,0.018091987104280182,554,I see that you didn't remember me telling you last night that board meetings don't like to be livened up. One triple coming up.
5039,0,3,98,101,1.0297029702970297,0.016976661583645802,554,Not quite the natural disaster you promised.
5039,1,1,99,101,1.0297029702970297,0.022050551932000097,554,This is the worst Y2K Disaster I've ever eaten.
5039,1,1,99,101,1.0297029702970297,0.022050551932000097,554,Add 'hed' at the end if you've have enough.
5039,0,3,98,101,1.0297029702970297,0.016976661583645802,554,"You may be my brother, but self-identifying as a clown doesn't intimidate me into giving a Hillary strategist a job."
5039,1,1,99,101,1.0297029702970297,0.022050551932000097,554,"Bring me a big burger, broiled in butter, with bacon, blue cheese and barbecue sauce for Bozo's breakfast. He has a death wish."
5039,1,1,99,101,1.0297029702970297,0.022050551932000097,554,I believe putting Samuel's on your sandwich board was not really creative advertising.
5039,1,1,99,101,1.0297029702970297,0.022050551932000097,554,Somebody needs to tell these clowns to see if they have any openings at the Shrine Circus.
5039,0,3,98,101,1.0297029702970297,0.016976661583645802,554,What kind of a disaster got YOU here?
5039,0,3,98,101,1.0297029702970297,0.016976661583645802,554,I'm not clowning around. Give me a beer or I won't move from here.
5039,0,3,98,101,1.0297029702970297,0.016976661583645802,554,Where's your penguin? Or your pig? Or you pastor?
5039,0,3,98,101,1.0297029702970297,0.016976661583645802,554,"Sir, it is not a toilet for number one, number two, or tobacco."
5039,0,3,98,101,1.0297029702970297,0.016976661583645802,554,"I'd love to see a dance, I'm just not allowed to serve it down there."
5039,0,3,98,101,1.0297029702970297,0.016976661583645802,554,"If he wants a pint, he should of thought of that before he became an English major."
5039,0,3,98,101,1.0297029702970297,0.016976661583645802,554,"Come to think of it, you COULD fill it with beer."
5039,1,1,99,101,1.0297029702970297,0.022050551932000097,554,"Our motto is not to confuse you with our funny tasting drinks, but to let the bubbles tickle you!"
5039,0,3,98,101,1.0297029702970297,0.016976661583645802,554,"I'm not clowning around, I can't find the circus . . . I'm lost, and tired, and thirsty, too."
5039,1,1,99,101,1.0297029702970297,0.022050551932000097,554,Joe Pesci???
5039,0,3,98,101,1.0297029702970297,0.016976661583645802,554,"Quicksher clowning, what will you have?"
5039,0,3,98,101,1.0297029702970297,0.016976661583645802,554,I'm still not going to serve you Tom 4 banana splits is the limit. You need to get back on the wagon.
5039,0,3,98,101,1.0297029702970297,0.016976661583645802,554,"If he moves one step back, he'll be in the basement."
5039,0,3,98,101,1.0297029702970297,0.016976661583645802,554,"Sir, I'm not for sale."
5039,1,1,99,101,1.0297029702970297,0.022050551932000097,554,"Sam's Hofbrau, are you a squirter?"
5039,0,3,98,101,1.0297029702970297,0.016976661583645802,554,Kick it the butt on tap?
5039,0,3,98,101,1.0297029702970297,0.016976661583645802,554,The funniest clown I ever saw was named Gacy. I wonder whatever happened to him.
5039,0,3,98,101,1.0297029702970297,0.016976661583645802,554,You're tired? I've worked three shifts today!
5039,0,3,98,101,1.0297029702970297,0.016976661583645802,554,I reserve the right to not serve a clown in my bar.
5039,0,3,98,101,1.0297029702970297,0.016976661583645802,554,Clowns never laughed before
5039,0,3,98,101,1.0297029702970297,0.016976661583645802,554,We don't do bottomless birthday parties.
5039,0,3,98,101,1.0297029702970297,0.016976661583645802,554,Wouldn't you rather have a burger?
5039,1,1,99,101,1.0297029702970297,0.022050551932000097,554,Early morning sad clown mirage.
5039,0,3,98,101,1.0297029702970297,0.016976661583645802,554,You said you wanted to get away from it all.
5039,0,3,98,101,1.0297029702970297,0.016976661583645802,554,Let me see if my uncle is hiring.
5039,0,3,98,101,1.0297029702970297,0.016976661583645802,554,"You're in luck, Hobo's Wife is half off during happy hour."
5039,0,3,98,101,1.0297029702970297,0.016976661583645802,554,I'm training to be a vegetarian.
5039,0,3,98,101,1.0297029702970297,0.016976661583645802,554,I'm sorry Bozo. No clowns served at the counter
5039,1,1,99,101,1.0297029702970297,0.022050551932000097,554,I need photo ID showing proof that you are of legal age.
5039,0,3,98,101,1.0297029702970297,0.016976661583645802,554,I'm sorry - Sam's not here - he died last year of an overdose of laughing gas.
5039,0,3,98,101,1.0297029702970297,0.016976661583645802,554,"Hello, welcome to Sam's. We serve everyone here, including sad looking clowns. What brew would you like to make you happier?"
5039,1,1,99,101,1.0297029702970297,0.022050551932000097,554,We don't drown clowns.
5039,1,1,99,101,1.0297029702970297,0.022050551932000097,554,Sorry we are not hiring today.
5039,0,3,98,101,1.0297029702970297,0.016976661583645802,554,They're in the pink of health. But let's not spoil a good thing by talking about them.
5039,0,3,98,101,1.0297029702970297,0.016976661583645802,554,Who's your stylist?
5039,0,3,98,101,1.0297029702970297,0.016976661583645802,554,I don't care if you've only been sighted at the rodeo. You're not getting whiskey until I see the age of your barrel.
5039,0,3,98,101,1.0297029702970297,0.016976661583645802,554,"""Yeah, I'm your uncle and I say 'if you quack like a duck, your a duck', property tax $1.00 a glass no matter where you sit""."
5039,0,3,98,101,1.0297029702970297,0.016976661583645802,554,"Sorry, we don't have black ice cream"
5039,0,3,98,101,1.0297029702970297,0.016976661583645802,554,"What will it be, an antidepressant, anger management, or What will it be, an antidepressant, anger management or suicide pill?"
5039,1,1,99,101,1.0297029702970297,0.022050551932000097,554,"Sorry, we don't serve mountebanks."
5039,0,3,98,101,1.0297029702970297,0.016976661583645802,554,Clowns shouldn't have frowns. It's happy hour which will fix that problem.
5039,0,3,98,101,1.0297029702970297,0.016976661583645802,554,You clowns suffer but Feld felt no pain in closing down after 146 years. Have one on me.
5039,0,3,98,101,1.0297029702970297,0.016976661583645802,554,"'Say Boss, if you could just ditch this clown gig for a few hours and go buy some glasses, then maybe we could sell some drinks in this joint?"""
5039,1,1,99,101,1.0297029702970297,0.022050551932000097,554,Since when are you a carnivore?
5039,0,3,98,101,1.0297029702970297,0.016976661583645802,554,"Hey, so is the circus in town? No, the mother in law !"
5039,0,3,98,101,1.0297029702970297,0.016976661583645802,554,"Can I have 100 not so hot dogs for my not so funny circus, not that any one is going to watch"
5039,0,3,98,101,1.0297029702970297,0.016976661583645802,554,Cannibal party...Cannibal party of 8!...
5039,0,3,98,101,1.0297029702970297,0.016976661583645802,554,"For the hundredth time Auguste, the house doesn't accept payment in jokes."
5039,0,3,98,101,1.0297029702970297,0.016976661583645802,554,Let's have lunch said the spider to the fly
5039,0,3,98,101,1.0297029702970297,0.016976661583645802,554,"Now that I'm the last man in the would, have you changed your mind?"
5096,0,3,99,102,1.0294117647058822,0.016811921984695454,554,I knew this relationship would start off with a bang.
5096,0,3,99,102,1.0294117647058822,0.016811921984695454,554,Sorry the circus is closing - we're not hiring!
5096,0,3,99,102,1.0294117647058822,0.016811921984695454,554,Sorry about Ringling Brothers closing after all these years.
5099,0,3,100,103,1.029126213592233,0.01665034807208822,554,No creepypasta.
5100,1,1,103,105,1.0285714285714285,0.02121382012537766,554,Hey Happy Noise the usual coming up.
5101,0,2,97,99,1.02020202020202,0.014211916019907794,554,"No, we don't want you ex-circus guys in here. It gets pretty wild in here and you'd want to put 'em all behind bars."
5101,0,2,97,99,1.02020202020202,0.014211916019907794,554,Well Dang! Where is Breanne Foister?
5101,1,0,98,99,1.02020202020202,0.0202020202020202,554,"Look, I am sorry - the call out was in the singular."
5101,0,2,97,99,1.02020202020202,0.014211916019907794,554,"Honesrly no, I can't say a birthday boy should know when to keep his mouth shut"
5101,0,2,97,99,1.02020202020202,0.014211916019907794,554,"If I serve you anything, I might be arrested for contributing to the death of a clown."
5101,0,2,97,99,1.02020202020202,0.014211916019907794,554,"Sorry, we don't have quarters."
5101,0,2,97,99,1.02020202020202,0.014211916019907794,554,"Time to grab the bull by its horns or bite the bullet, friend."
5101,1,0,98,99,1.02020202020202,0.0202020202020202,554,"Didn't you hear nobody likes clowns,you. I thought you had clown face book or sometbing."
5101,0,2,97,99,1.02020202020202,0.014211916019907794,554,"Sorry, we no longer serve pepperoni on tap."
5101,0,2,97,99,1.02020202020202,0.014211916019907794,554,Trade you?
5101,0,2,97,99,1.02020202020202,0.014211916019907794,554,"Business is good. Was the coal miners out of work, but now the clowns can't compete."
5101,0,2,97,99,1.02020202020202,0.014211916019907794,554,This is the last time I let you airbnb the house to a WWII reenactment group.
5101,1,0,98,99,1.02020202020202,0.0202020202020202,554,"So you see, it's perfectly safe to live here now that they're only using drones…"
5101,1,0,98,99,1.02020202020202,0.0202020202020202,554,Sorry but we only sell Stella Artois' to star comedians.
5101,0,2,97,99,1.02020202020202,0.014211916019907794,554,Hey pal! What are you some sort of clown? If you want to get served in this place you have to look like the clowns that frequent this circus every day!
5101,0,2,97,99,1.02020202020202,0.014211916019907794,554,"Unfortunately, we don't have any openings at this time."
5101,0,2,97,99,1.02020202020202,0.014211916019907794,554,"Clown |klown| a fool or comedian. Listen here clown I told you that we do not sale any root beer float here, and tell me what is with that funny attire you are wearing."
5101,0,2,97,99,1.02020202020202,0.014211916019907794,554,Feste are you smart enough for Sam's?
5101,1,0,98,99,1.02020202020202,0.0202020202020202,554,Would you like the usual?
5101,0,2,97,99,1.02020202020202,0.014211916019907794,554,"Keep em coming Sam ... it all started when the elephants retired near Disney World and I'm laid off with a mortgage on the RV, a kid in college, and a wife whose been diagnosed with coulrophia. Where my Disney World, I ask ya?"
5101,0,2,97,99,1.02020202020202,0.014211916019907794,554,Okay if you really were a clown I would probably allow you to drop your pants
5101,0,2,97,99,1.02020202020202,0.014211916019907794,554,Your wife Annette was a wonderful lady. Sorry to hear you're working without her.
5101,0,2,97,99,1.02020202020202,0.014211916019907794,554,The important thing is you don't tell Lexie about the tiny burgers in the back
5101,0,2,97,99,1.02020202020202,0.014211916019907794,554,Mike Stevens may drawn a most indecipherable cartoon.
5101,0,2,97,99,1.02020202020202,0.014211916019907794,554,How was
5101,0,2,97,99,1.02020202020202,0.014211916019907794,554,"Give me the usual."" ""Menu of the day?"
5127,1,0,99,100,1.02,0.019999999999999983,554,"This is for last week ;) ... Marvin, when you booked these tickets, did you even know what ""Aleppo"" is?"
5128,0,1,96,97,1.0103092783505154,0.010362833403620979,554,"Um, I need a shot of courage before saying ‘I love you’ to Kate."
5128,0,1,96,97,1.0103092783505154,0.010362833403620979,554,"C'mon, Joe, you know I can't serve you at this counter until you've signed up with the clown registry."
5128,0,1,96,97,1.0103092783505154,0.010362833403620979,554,How about a gig with the circus? On second thought nevermind...
5128,0,1,96,97,1.0103092783505154,0.010362833403620979,554,Explain exactly what you want.
5128,0,1,96,97,1.0103092783505154,0.010362833403620979,554,"you look just like this guy I grew up with, Clooney. do you know hi— hahahaha you're so mad right now, you people all look the same to me"
5128,0,1,96,97,1.0103092783505154,0.010362833403620979,554,Come in and have a beer
5128,0,1,96,97,1.0103092783505154,0.010362833403620979,554,Do you think this is really organic?
5128,0,1,96,97,1.0103092783505154,0.010362833403620979,554,...and he never left.
5128,0,1,96,97,1.0103092783505154,0.010362833403620979,554,Would you like a flower on your head?
5128,0,1,96,97,1.0103092783505154,0.010362833403620979,554,While attending a bar you might face yourself with many fools.
5128,0,1,96,97,1.0103092783505154,0.010362833403620979,554,"Sorry, Sam isn't hiring today."
5128,0,1,96,97,1.0103092783505154,0.010362833403620979,554,If Dad would come in it would be so much nicer
5128,0,1,96,97,1.0103092783505154,0.010362833403620979,554,Last call in?
5128,0,1,96,97,1.0103092783505154,0.010362833403620979,554,udjihudshuhvhsd
5128,0,1,96,97,1.0103092783505154,0.010362833403620979,554,Apparently he's heard the one about the harlequin with a crockadile on a chain....
5143,0,1,97,98,1.010204081632653,0.010256545123110545,554,"No sir, we have never served laugh liquor here in any form!!"
5144,0,1,98,99,1.0101010101010102,0.010152415064552878,554,"Have a soda you weren""t accepted."
5144,0,1,98,99,1.0101010101010102,0.010152415064552878,554,It's all city here....
5146,0,1,99,100,1.01,0.01005037815259212,554,"Cheezborger, cheezeborger, chips, chainsaw..."
5147,0,1,100,101,1.00990099009901,0.00995037190209989,554,"Quit clowning around! This is not a joke you weird clown, this is a restaurant!"
5148,0,1,103,104,1.0096153846153846,0.009661948493603892,554,"Let me guess, the clowntail on the rocks?"
5149,0,0,95,95,1.0,0.010582158705422128,554,You say you were POTUS from 2008 to 2016?
5149,0,0,95,95,1.0,0.010582158705422128,554,How much for a drink?
5149,0,0,95,95,1.0,0.010582158705422128,554,I feel your pain...we have no bread.
5149,0,0,95,95,1.0,0.010582158705422128,554,You have to put on running shoes right away if you want to jjoin Ringling Bros
5149,0,0,95,95,1.0,0.010582158705422128,554,Halloween's over; No clowns allowed in the 2' holiday -- ChristMAS
5149,0,0,96,96,1.0,0.010471347707292388,554,"No, this is Sam's Dentisty."
