rank,funny,somewhat_funny,unfunny,count,score,precision,contest,caption
1,1175,49,244,1468,2.6341961852861036,0.019614840242008835,555,I'll never let go.
2,479,254,461,1194,2.0150753768844223,0.025684957237520196,555,I had the tailor over for lunch.
3,260,119,316,695,1.9194244604316546,0.03442162213457425,555,You're the one who said I wasn't eating enough fiber.
4,76,60,161,297,1.7138047138047139,0.04918498095783188,555,"So I stick the head up a few times, the lifeguard runs in, bingo!"
5,74,62,159,295,1.7118644067796611,0.049031726102656395,555,You're both dummies!
6,61,74,146,281,1.697508896797153,0.04800126251143174,555,... one giant leap for a mannequin.
6,61,74,146,281,1.697508896797153,0.04800126251143174,555,I miss the screaming.
8,62,52,146,260,1.676923076923077,0.051824671074213076,555,I call it 'A Farewell to Arms'.
9,47,76,131,254,1.669291338582677,0.048348994080643914,555,I miss all the screaming and thrashing.
10,33,63,115,211,1.6113744075829384,0.051194863482410445,555,"The dressmaker, however, was delicious."
11,39,46,121,206,1.6019417475728155,0.05491672883872007,555,"Fake news, fake people....what's going on up there?"
12,38,33,119,190,1.5736842105263158,0.05839885830582548,555,"Nooo. I said I wanted a ""man again""."
12,24,61,105,190,1.5736842105263158,0.051290345640357234,555,"Yeah, but half an hour later, you want another one."
14,42,24,123,189,1.5714285714285714,0.0605534054609278,555,"It's not bad, but all things being equal I'd rather have gotten Steve Bannon."
15,34,37,114,185,1.5675675675675675,0.057719439089508176,555,I'm in the placebo group.
16,29,45,109,183,1.5628415300546448,0.05561794875968567,555,It was this or kale.
17,27,48,107,182,1.5604395604395604,0.05477479540130734,555,It needs a little dressing.
17,25,52,105,182,1.5604395604395604,0.05365494082994504,555,You do realize that’s just empty calories.
17,28,46,108,182,1.5604395604395604,0.055326223250373494,555,I see two dummies.
20,29,43,109,181,1.558011049723757,0.0561286571221384,555,It needs some dressing
20,26,49,106,181,1.558011049723757,0.05446341972112545,555,Just admit it. You need glasses.
22,25,49,105,179,1.553072625698324,0.054386925546951306,555,The hardest part for me was getting into the department store.
23,28,42,108,178,1.550561797752809,0.056350910548693706,555,It was this or kale.
24,32,33,112,177,1.5480225988700564,0.058837012493959284,555,Needs dressing.
25,28,39,107,174,1.5459770114942528,0.05738648986411225,555,They make great lifeguard bait.
26,23,47,102,172,1.5406976744186047,0.054920759491924244,555,"Jeez Charlie, I think they got you in the placebo group!"
27,27,38,106,171,1.5380116959064327,0.05761661242561127,555,I'll thrash it around just beyond the breakers and when the lifeguard comes out you nab him.
27,26,40,105,171,1.5380116959064327,0.05701644129370668,555,"I tell you, Steve, it was a frenzy. Everything was at least half off."
29,25,40,104,169,1.532544378698225,0.05694602977406531,555,It's not the same without the flailing.
30,20,49,99,168,1.5297619047619047,0.054013164680506195,555,"It doesn't quite have the same texture, but it's the ethical choice."
30,25,39,104,168,1.5297619047619047,0.057217584324681534,555,"It's like a person, but without the bitter aftertaste."
32,25,40,105,170,1.5294117647058822,0.056696670073039225,555,I try not to eat anything with a face.
33,27,32,105,164,1.524390243902439,0.059583081588369495,555,I poke it through the surface. Shake it a bit. And bingo! Lifeguard for supper.
33,21,44,99,164,1.524390243902439,0.05568880872350277,555,It's true. People have no taste.
35,30,27,109,166,1.5240963855421688,0.06084581344808857,555,It's Farewell to Arms and Legs.
35,19,49,98,166,1.5240963855421688,0.05384236401528051,555,It looked better in the window.
37,21,43,99,163,1.521472392638037,0.055954547692518425,555,I think I got the placebo.
38,18,50,97,165,1.5212121212121212,0.053404340287638886,555,"You got it all wrong. I didn't mean ""go eat dummy."" I meant, ""Go eat... Dummy!"""
39,23,31,95,149,1.516778523489933,0.06142691291966098,555,"They're less fattening, but I do miss the screaming."
40,26,30,104,160,1.5125,0.0601279427292781,555,"I'll thrash around with it near the beach, you yell out ""Won't some meaty lifeguard save me?"""
40,18,46,96,160,1.5125,0.05464831817398669,555,I liked it better when I saw it in the window.
42,17,47,95,159,1.509433962264151,0.05417666123365955,555,I have no taste for fashion.
42,25,31,103,159,1.509433962264151,0.05976623285457076,555,"No, I said I wanted to eat 'a man again.'"
42,25,31,103,159,1.509433962264151,0.05976623285457076,555,Is there someone stuck in my teeth?
45,22,38,101,161,1.5093167701863355,0.0571841937983704,555,Don't worry. It's armless.
46,24,31,101,156,1.5064102564102564,0.05998124525727442,555,"""It needs dressing….""."
47,17,44,94,155,1.5032258064516129,0.055205897534711626,555,I miss the struggle.
47,22,34,99,155,1.5032258064516129,0.058878069138007146,555,It just needs dressing.
47,23,32,100,155,1.5032258064516129,0.05958535227705987,555,"I said bring home take out, dummy, not dummy takeout!"
50,17,45,95,157,1.5031847133757963,0.05468736126164696,555,I don't know how long I can do this Meatless Monday thing.
51,18,41,95,154,1.5,0.056230514926769365,555,Macy's went under.
51,21,35,98,154,1.5,0.0584509890626367,555,"This new diet is working, but I miss the thrashing and screaming at mealtime."
51,23,31,100,154,1.5,0.05988558255580139,555,I hate Meatless Monday.
51,23,31,100,154,1.5,0.05988558255580139,555,It's a lifeguard lure.
51,22,33,99,154,1.5,0.05917263354139386,555,Do I have someone stuck in my teeth?
56,21,35,99,155,1.4967741935483871,0.05816218569533452,555,This completes your training. Tomorrow we'll head for the beach.
57,20,36,97,153,1.4967320261437909,0.058005627497162045,555,"No, thanks ... I'm a leg man."
57,23,30,100,153,1.4967320261437909,0.06018846033382175,555,I think we should eat other people
57,22,32,99,153,1.4967320261437909,0.05946975235655963,555,I saw it in the window and I just had to have it.
57,21,34,98,153,1.4967320261437909,0.05874225168773347,555,I saw it in the window and I couldn't resist
57,21,34,98,153,1.4967320261437909,0.05874225168773347,555,"It keeps up our reputation, but no one gets hurt."
62,19,37,96,152,1.493421052631579,0.05754104308015115,555,I faint at the sight of blood.
62,19,37,96,152,1.493421052631579,0.05754104308015115,555,You're right. I need glasses.
64,17,41,95,153,1.4901960784313726,0.05573233171433291,555,"First, fake news. Now this."
65,21,32,98,151,1.490066225165563,0.05933222932391114,555,"What can I say, I have a taste for fashion."
65,20,34,97,151,1.490066225165563,0.05858338685834602,555,Can you believe someone was throwing this out?
67,17,38,93,148,1.4864864864864864,0.057115893321800344,555,I saw it in the window and had to have it.
67,21,30,97,148,1.4864864864864864,0.06024898275802021,555,I'm doing Meatless Mondays.
69,15,41,91,147,1.4829931972789117,0.055750938398286196,555,It was a bait and switch scam.
69,21,29,97,147,1.4829931972789117,0.06055819426785132,555,I don't eat anything with a face.
69,19,33,95,147,1.4829931972789117,0.058999313324408394,555,With this one you get to choose the dressing
69,19,33,95,147,1.4829931972789117,0.058999313324408394,555,I Can't Believe It's Not People!
69,20,31,96,147,1.4829931972789117,0.05978383504650121,555,Don't worry. It's armless.
69,21,29,97,147,1.4829931972789117,0.06055819426785132,555,"There you go again, choosing form over substance."
69,24,23,100,147,1.4829931972789117,0.0628240302219579,555,"You never listen! I said,I wanted a man again, not a Mannequin!"
76,17,36,93,146,1.4794520547945205,0.057682513592261016,555,I'd look much less stupid if the swim suit were still on.
77,16,37,92,145,1.4758620689655173,0.05713695872016812,555,I've developed a taste for fashion.
77,18,33,94,145,1.4758620689655173,0.058789479781813425,555,Let's just say the tailor won't be coming.
79,17,35,94,146,1.4726027397260273,0.05766287890107748,555,I'm pro-life.
80,19,30,95,144,1.4722222222222223,0.059901859360953255,555,I just got tired of all the yelling and screaming
80,17,34,93,144,1.4722222222222223,0.0582578969810036,555,Now keep in mind the real thing squirms a lot.
80,18,32,94,144,1.4722222222222223,0.059085596026225595,555,Do I haf fomefing in my teef?
83,19,29,95,143,1.4685314685314685,0.06020762183638813,555,It's nice to have a break from all the struggle and screaming.
83,16,35,92,143,1.4685314685314685,0.0577016339324539,555,Have you ever heard of bait and switch?
83,17,33,93,143,1.4685314685314685,0.058548882266995075,555,"Fake news, Fake people. Where will it end?"
83,17,33,93,143,1.4685314685314685,0.058548882266995075,555,You said you wanted it without dressing.
83,21,25,97,143,1.4685314685314685,0.06182187185513385,555,I ate the tailor. This is a souvenir.
88,17,32,92,141,1.4680851063829787,0.05916781167266442,555,My doctor says that this will help me quit.
89,11,44,87,142,1.4647887323943662,0.053507455840144914,555,"This one has a slight woody, yet full bodied taste."
89,13,40,89,142,1.4647887323943662,0.055342823131993825,555,I think this one's stale.
91,14,37,89,140,1.4642857142857142,0.05681754781349667,555,Somehow 'mannequin-eater' just doesn't have the same panache.
91,16,33,91,140,1.4642857142857142,0.058598494736440083,555,It cost me an arm and a leg.
91,18,29,93,140,1.4642857142857142,0.060326888128049594,555,Just practicing for spring break.
91,15,35,90,140,1.4642857142857142,0.05771489116733902,555,It looked a lot better in the window than it tastes....
91,18,29,93,140,1.4642857142857142,0.060326888128049594,555,"To be honest, it could use some dressing."
96,18,28,93,139,1.460431654676259,0.0606383405643978,555,Spielberg reduced the budget.
96,16,32,91,139,1.460431654676259,0.058893798631887095,555,Do I have something stuck in my teeth?
96,21,22,96,139,1.460431654676259,0.06316487623727152,555,"It's bait. I'll thrash this around on the surface, and you yell ""Help! Help! I can't swim!"", OK?"
99,17,30,93,140,1.457142857142857,0.05943501427641689,555,"It's OK, I guess. but I miss the screaming."
100,19,25,94,138,1.4565217391304348,0.06181394025045756,555,"No, you misunderstood. I said ""I bet you can't eat a man again."""
100,15,33,90,138,1.4565217391304348,0.05829079788525077,555,Never thought I'd fall for the old bait and switch.
100,15,33,90,138,1.4565217391304348,0.05829079788525077,555,I think I'm mannequin depressive.
103,17,28,92,137,1.4525547445255473,0.06038626464239319,555,I got it at the Great White Sale.
103,16,30,91,137,1.4525547445255473,0.059490829129415994,555,You've got something between your teeth.
103,19,24,94,137,1.4525547445255473,0.06213843714942222,555,"It has lots of insoluble fiber, without all the screaming."
103,12,38,87,137,1.4525547445255473,0.05576549042806197,555,It just needs a little dressing
103,20,22,95,137,1.4525547445255473,0.06299625051007775,555,"Of course, I miss the taste, blood curdling screams and thrashing around, but my cholesterol is way down."""
103,14,34,89,137,1.4525547445255473,0.05765825471338706,555,Do I have something in my teeth?
103,15,32,90,137,1.4525547445255473,0.058581708267594894,555,"First the fake crab, now this?"
103,16,30,91,137,1.4525547445255473,0.059490829129415994,555,It never tastes as good as it looks.
103,17,28,92,137,1.4525547445255473,0.06038626464239319,555,They say it helps you kick the habit.
103,15,32,90,137,1.4525547445255473,0.058581708267594894,555,I can't stand the sight of blood.
113,15,31,90,136,1.4485294117647058,0.05887456936011918,555,Usually they put up more of a struggle
114,16,28,90,134,1.4477611940298507,0.060454237791223504,555,I can't tell you. I've never had chicken.
114,16,28,90,134,1.4477611940298507,0.060454237791223504,555,"Just can't swim past a garage sale, can you?"
114,16,28,90,134,1.4477611940298507,0.060454237791223504,555,I saw it in the window and I just had to have it.
117,15,29,89,133,1.443609022556391,0.05982195600262693,555,It takes the edge off but it doesn't stop the cravings.
117,14,31,88,133,1.443609022556391,0.05886208672335263,555,I saw it in the window and I couldn't resist
117,21,17,95,133,1.443609022556391,0.06528547632740918,555,I attacked because she wasn't armed.
117,15,29,89,133,1.443609022556391,0.05982195600262693,555,It just needs dressing.
117,16,27,90,133,1.443609022556391,0.06076666509306708,555,This is the last meal I will order online.
117,17,25,91,133,1.443609022556391,0.06169691040145951,555,I just saw it in the window and HAD to have it.
123,17,24,91,132,1.4393939393939394,0.062020844993368074,555,Only dummies swim in shark infested waters.
123,13,32,87,132,1.4393939393939394,0.05817167291453512,555,I went window shopping
123,15,28,89,132,1.4393939393939394,0.060127068543905614,555,The department store went under.
123,16,26,90,132,1.4393939393939394,0.06108129658649574,555,It's supposed to help me quit.
127,10,38,85,133,1.4360902255639099,0.05479240993258874,555,I went window shopping
128,9,39,83,131,1.4351145038167938,0.054292261280090584,555,I know it's just empty calories
129,15,26,89,130,1.4307692307692308,0.06074322186711893,555,Definitely not like chicken.
129,13,30,87,130,1.4307692307692308,0.05874706659948485,555,I wondered why there wasn't much of a frenzy.
129,15,26,89,130,1.4307692307692308,0.06074322186711893,555,I can't wait until Lent is over.
129,15,26,89,130,1.4307692307692308,0.06074322186711893,555,Turns out the billowing red stream was just taffeta.
129,15,26,89,130,1.4307692307692308,0.06074322186711893,555,How do you think this would look in me?
129,16,24,90,130,1.4307692307692308,0.06171709315234231,555,"Its a dummy, dummy."
129,13,30,87,130,1.4307692307692308,0.05874706659948485,555,They pulled the old bait-and-switch on me.
129,12,32,86,130,1.4307692307692308,0.057723108454651374,555,It cost me an arm and a leg.
137,15,25,88,128,1.4296875,0.06144142286480331,555,"First, I'd like to thank the Academy."
137,21,13,94,128,1.4296875,0.06718063277485206,555,I found thousands of these leftover from Trump's inauguration.
137,14,27,87,128,1.4296875,0.060431919939619515,555,"As a matter of fact I did just read ""Shark Attack for Dummies."" Why?"
137,14,27,87,128,1.4296875,0.060431919939619515,555,Mannequin-eater doesn't have the same ring.
137,15,25,88,128,1.4296875,0.06144142286480331,555,Needs dressing.
137,17,21,90,128,1.4296875,0.06341223411753885,555,One of you is a dummy.
137,12,31,85,128,1.4296875,0.05836055136359319,555,I'd like to thank the Academy . . .
137,16,23,89,128,1.4296875,0.062434605305988496,555,One of you is a dummy...the other's a mannequin.
137,12,31,85,128,1.4296875,0.05836055136359319,555,I've learned I have no taste for fashion.
137,11,33,84,128,1.4296875,0.05729679274967846,555,I always had a taste for fashion.
137,12,31,85,128,1.4296875,0.05836055136359319,555,It's the old bait and switch.
137,11,33,84,128,1.4296875,0.05729679274967846,555,Just practicing. I'm spending the summer at Cape Cod.
137,13,29,86,128,1.4296875,0.059405264510189584,555,"You know, these healthy choices are tasteless."
137,13,29,86,128,1.4296875,0.059405264510189584,555,"I don't care what the ads say, you can taste the difference"
137,12,31,85,128,1.4296875,0.05836055136359319,555,It's a lot like imitation crab.
137,16,23,89,128,1.4296875,0.062434605305988496,555,"You know I’m automatically attracted to the human form — I just start biting them. It’s like a magnet. I just bite. I don’t even wait. And when you're a shark, they let you do it."
153,16,22,89,127,1.4251968503937007,0.06276518299500695,555,The doctor said it might help me quit.
153,12,30,85,127,1.4251968503937007,0.0586475122113904,555,It's supposed to help stop the cravings.
153,12,30,85,127,1.4251968503937007,0.0586475122113904,555,You're the dummy.
153,14,26,87,127,1.4251968503937007,0.060741249925326264,555,Macy's just went under.
153,14,26,87,127,1.4251968503937007,0.060741249925326264,555,It could use a little dressing.
153,16,22,89,127,1.4251968503937007,0.06276518299500695,555,I fell for the ol' bait and switch.
153,9,36,82,127,1.4251968503937007,0.05535862676879317,555,It was this or rice cakes.
153,18,18,91,127,1.4251968503937007,0.06472585998117346,555,"What I said was, 'Go get a MAN AGAIN!'"
153,18,18,91,127,1.4251968503937007,0.06472585998117346,555,"NO, STUPID, THE BOOK IS CALLED ""SHARK ATTACKS FOR DUMMIES""."
162,14,26,88,128,1.421875,0.060356322814930974,555,It looked good in the window
163,11,31,84,126,1.4206349206349207,0.05784837828534517,555,The real ones give me gas.
163,12,29,85,126,1.4206349206349207,0.05893571919666818,555,If we make the drinks strong enough maybe none of our guests will notice.
163,13,27,86,126,1.4206349206349207,0.06000335927439937,555,"Not sure about 'tastes great', but definitely 'less filling'."
163,8,37,81,126,1.4206349206349207,0.054456243804471255,555,You fell for the old bait and switch I see.
163,15,23,88,126,1.4206349206349207,0.06208358380587337,555,This appears to be the placebo.
163,15,23,88,126,1.4206349206349207,0.06208358380587337,555,I'd go ahead and make that ophthalmologist appointment.
163,13,27,86,126,1.4206349206349207,0.06000335927439937,555,It's great fun for scaring the crap out of tourists.
163,13,27,86,126,1.4206349206349207,0.06000335927439937,555,I'm a leg man myself.
171,10,33,84,127,1.4173228346456692,0.056389011741256614,555,Fine. I'll see the optometrist.
171,13,27,87,127,1.4173228346456692,0.05962108499527846,555,These are helping me quit.
173,14,24,87,125,1.416,0.06136511565502699,555,"Remember, if this were real, there would be more splashing but you get the idea."
173,7,38,80,125,1.416,0.05350188419956091,555,It's a bit more al dente than I like.
173,16,20,89,125,1.416,0.063432971989998,555,You're the dummy.
173,13,26,86,125,1.416,0.060304603151752206,555,The hard part was getting it out of the store.
173,13,26,86,125,1.416,0.060304603151752206,555,"First fake news, now fake people, this is getting ridiculous"
173,11,30,84,125,1.416,0.0581255593105244,555,Tastes like surfboard.
173,13,26,86,125,1.416,0.060304603151752206,555,"It helps with the cravings, but I'd give anything for a swimmer right now."
180,13,27,88,128,1.4140625,0.059243242486090746,555,Won't you just gain all the weight back once you start eating real people again?
181,10,32,84,126,1.4126984126984128,0.05664687751922656,555,I don't eat anything with a face.
182,11,29,84,124,1.4112903225806452,0.058403554572945215,555,"Mainly for ethical reasons, but there are health benefits."
182,13,25,86,124,1.4112903225806452,0.060607226251314206,555,I like mine without dressing.
182,14,23,87,124,1.4112903225806452,0.06167954456251675,555,It's good practice and you don't have to put up with a lot of screaming.
185,12,26,84,122,1.4098360655737705,0.06020569262808988,555,"It doesn't feel the same, but they said it would help with quitting."
185,16,18,88,122,1.4098360655737705,0.06454965075322716,555,"Pay attention! I said, ""let's eat a man again""."
185,18,14,90,122,1.4098360655737705,0.06661548923584801,555,Man again? I thought you said 'mannequin'!
185,13,24,85,122,1.4098360655737705,0.0613205383351445,555,I think I got the placebo.
185,8,34,80,122,1.4098360655737705,0.055522909121303,555,I thought the kids could use it for practice.
185,10,30,82,122,1.4098360655737705,0.057911651945530385,555,It needs some dressing
185,12,26,84,122,1.4098360655737705,0.06020569262808988,555,I can't believe you fell for that dummy
185,11,28,83,122,1.4098360655737705,0.05906980978422179,555,I'm trying to quit
193,15,20,88,123,1.4065040650406504,0.06306131216174628,555,It was either this or the patch
193,11,28,84,123,1.4065040650406504,0.058682271652194876,555,I saw it in the window and had to have it.
193,14,22,87,123,1.4065040650406504,0.06199555685882985,555,"Well, that was a bust."
196,9,31,81,121,1.4049586776859504,0.056988849613419205,555,It's definitely an acquired taste.
196,12,25,84,121,1.4049586776859504,0.06050580237263843,555,"So, I went window shopping today."
196,9,31,81,121,1.4049586776859504,0.056988849613419205,555,"A bit on the al dente side, I'd say."
196,8,33,80,121,1.4049586776859504,0.055767265787637056,555,It sucks. But I've lost twelve pounds.
196,10,29,82,121,1.4049586776859504,0.05818479206023569,555,You might want some dressing on that!
196,13,23,85,121,1.4049586776859504,0.06163353930765889,555,It's alternative prey.
196,11,27,83,121,1.4049586776859504,0.05935664304797587,555,Do I need glasses? Why do you ask?
196,15,19,87,121,1.4049586776859504,0.0638292664947095,555,If this doesn't work I'm going to try the patch.
196,10,29,82,121,1.4049586776859504,0.05818479206023569,555,You can absolutely taste the difference.
196,12,25,84,121,1.4049586776859504,0.06050580237263843,555,"You know that's not good for you, George. It's artificial everything."
196,11,27,83,121,1.4049586776859504,0.05935664304797587,555,I think it needs dressing
196,14,21,86,121,1.4049586776859504,0.0627410090325354,555,"Somehow, ""mannequin-eater"" doesn't have quite the same cachet."
196,16,17,88,121,1.4049586776859504,0.0648992781784559,555,Is it me? People don't seem to have any taste anymore.
196,10,29,82,121,1.4049586776859504,0.05818479206023569,555,I've been trying to quit and this is supposed to help with the cravings.
196,14,21,86,121,1.4049586776859504,0.0627410090325354,555,When does your optometrist get back from vacation?
196,12,25,84,121,1.4049586776859504,0.06050580237263843,555,"You know, I kinda thought it was too easy."
196,14,21,86,121,1.4049586776859504,0.0627410090325354,555,It's helping me quit.
213,15,19,88,122,1.401639344262295,0.06339087850194892,555,"My mistake, I thought it was dressed to kill."
214,12,24,84,120,1.4,0.060806899210506034,555,I finally got her bathing suit off. Then what a disappointment.
214,10,28,82,120,1.4,0.05845824960412954,555,I'm going to dress it for dinner.
214,13,22,85,120,1.4,0.061947841076228014,555,I asked for no dressing.
214,9,30,81,120,1.4,0.05724780279076,555,Just some dummy I picked up on the beach.
214,12,24,84,120,1.4,0.060806899210506034,555,It's true. Macy's is underwater.
214,12,24,84,120,1.4,0.060806899210506034,555,"I'm trying to quit, they say chewing on these helps."
214,12,24,84,120,1.4,0.060806899210506034,555,"I don't care what you say, I love her."
214,10,28,82,120,1.4,0.05845824960412954,555,Teething
214,13,22,85,120,1.4,0.061947841076228014,555,It's helped with the craving and I've lost ten pounds!
214,14,20,86,120,1.4,0.06306814597254756,555,Retail is dead.
224,10,27,82,119,1.3949579831932772,0.058731895991404805,555,I think this one's stale.
224,9,29,81,119,1.3949579831932772,0.057506571393606314,555,I heard last year's model was a bust.
224,9,29,81,119,1.3949579831932772,0.057506571393606314,555,I thought he was defenseless since he was unarmed.
224,12,23,84,119,1.3949579831932772,0.06110888080581818,555,"Thanks, but no thanks. I'm a leg man."
228,9,28,80,117,1.393162393162393,0.05816384998369327,555,I really hate meatless Mondays
228,6,34,77,117,1.393162393162393,0.054230496917715726,555,It started with imitation crab meat.
228,13,20,84,117,1.393162393162393,0.06302763132338474,555,"I saw it in a shop window, and I had to have it."
228,15,16,86,117,1.393162393162393,0.0653238604408219,555,"I told you, you needed glasses."
228,10,26,81,117,1.393162393162393,0.05941713272494146,555,"Fake news, fake people...what is this world coming to?"
228,9,28,80,117,1.393162393162393,0.05816384998369327,555,"It's more form, than sustenance."
234,11,24,83,118,1.3898305084745763,0.060220631463584945,555,"Well, at least he didn't put up much of a struggle."
234,10,26,82,118,1.3898305084745763,0.059005592126752736,555,Do I have anything stuck in my teeth?
234,13,20,85,118,1.3898305084745763,0.06257997728636007,555,I'm a manikin-eating shark.
237,8,29,79,116,1.3879310344827587,0.057132308795169104,555,Is this flotsam or jetsam? I never remember which is which.
237,12,21,83,116,1.3879310344827587,0.062159479230376395,555,It tastes better with dressing.
237,7,31,78,116,1.3879310344827587,0.05580479971100423,555,They're sending decoys.
237,11,23,82,116,1.3879310344827587,0.06094157711046159,555,It was bad enough when my vision went. Now I can't taste a damn thing.
237,8,29,79,116,1.3879310344827587,0.057132308795169104,555,Ready? I'm going to release the decoy.
237,11,23,82,116,1.3879310344827587,0.06094157711046159,555,"Not much flavor ..... but on the upside no hormones, antibiotics or sunscreen."
237,11,23,82,116,1.3879310344827587,0.06094157711046159,555,I've seeing the optometrist next week.
237,12,21,83,116,1.3879310344827587,0.062159479230376395,555,You say it's not real prey; I say it's alternative prey.
237,11,23,82,116,1.3879310344827587,0.06094157711046159,555,But it looked so good in the window
237,10,25,81,116,1.3879310344827587,0.05969883401900808,555,They say it curbs the cravings
237,10,25,81,116,1.3879310344827587,0.05969883401900808,555,"It is for my new book, ""Dummies for Sharks."""
237,9,27,80,116,1.3879310344827587,0.058429664946393595,555,I think this one's gone stale.
237,10,25,81,116,1.3879310344827587,0.05969883401900808,555,"It's some kind of ka-bob, but I don't like it."
237,13,19,84,116,1.3879310344827587,0.06335397300622,555,Must have cost you an arm and a leg.
237,12,21,83,116,1.3879310344827587,0.062159479230376395,555,"It’s half the fat, but I miss that real human taste."
237,9,27,80,116,1.3879310344827587,0.058429664946393595,555,I'll set the decoy. You sneak up from behind.
237,10,25,81,116,1.3879310344827587,0.05969883401900808,555,"I make dresses Helen, it's what I do."
237,12,21,83,116,1.3879310344827587,0.062159479230376395,555,Excuse me do you have any Grey Poupon?
237,8,29,79,116,1.3879310344827587,0.057132308795169104,555,I find it reduces cravings.
237,10,25,81,116,1.3879310344827587,0.05969883401900808,555,"I have one of these for breakfast, one for lunch, and then a sensible dinner."
237,8,29,79,116,1.3879310344827587,0.057132308795169104,555,I thought it might help me quit.
237,11,23,82,116,1.3879310344827587,0.06094157711046159,555,It keeps me from snacking between meals.
237,14,17,85,116,1.3879310344827587,0.0645263584371078,555,The good news is I found Lady Gaga's meat dress.
237,11,23,82,116,1.3879310344827587,0.06094157711046159,555,I prefer it without dressing.
237,6,33,77,116,1.3879310344827587,0.05444493211772826,555,Target practice.
237,12,21,83,116,1.3879310344827587,0.062159479230376395,555,"""I've been trying to increase my fiber""."
237,11,23,82,116,1.3879310344827587,0.06094157711046159,555,Please tell me you swallowed a seamstress.
264,9,27,81,117,1.3846153846153846,0.05802292534277813,555,I hate designer food.
264,9,27,81,117,1.3846153846153846,0.05802292534277813,555,I'm on a low garb diet.
266,12,20,83,115,1.382608695652174,0.062472094390386076,555,"Well, that was a bust."
266,9,26,80,115,1.382608695652174,0.058694945895120705,555,"Ok, maybe I do need glasses."
266,15,14,86,115,1.382608695652174,0.06603354057909865,555,. . . and I didn't pay an arm or a leg for it!
266,8,28,79,115,1.382608695652174,0.057380670720499835,555,I'm on a low-fat diet. But everything just tastes like cardboard.
266,10,24,81,115,1.382608695652174,0.05998042993283615,555,It looked better with clothes on.
266,8,28,79,115,1.382608695652174,0.057380670720499835,555,This one didn't even put up a fight!
266,9,26,80,115,1.382608695652174,0.058694945895120705,555,It gets me in the carpool lane.
266,9,26,80,115,1.382608695652174,0.058694945895120705,555,"Go ahead and laugh, but I've lost 500 pounds in two weeks and my cholesterol is waaay down."
266,8,28,79,115,1.382608695652174,0.057380670720499835,555,"I finish my internship next week, then its on to the real thing."
266,8,28,79,115,1.382608695652174,0.057380670720499835,555,I'm detecting a complex wood body with a concentrated plastic aftertaste followed by a smooth fiberglass finish.
266,9,26,80,115,1.382608695652174,0.058694945895120705,555,It works like a Nicorette.
266,13,18,84,115,1.382608695652174,0.0636813778024473,555,The guy dressing it was definitely better.
266,12,20,83,115,1.382608695652174,0.062472094390386076,555,This one's being really cool about the whole thing.
266,13,18,84,115,1.382608695652174,0.0636813778024473,555,They let you grab them anywhere.
280,12,20,84,116,1.3793103448275863,0.062018970369767536,555,The guy at the market said you can't taste the difference.
280,15,14,87,116,1.3793103448275863,0.06554485333090526,555,The alternative facts are that she bit me first.
282,9,25,80,114,1.3771929824561404,0.058959501120901224,555,"I know it has no nutritional value, but I can't stop eating them."
282,13,17,84,114,1.3771929824561404,0.06400972076900098,555,"I did NOT say, bring me a mannequin, you idiot, I said, bring me a man again!"
282,7,29,78,114,1.3771929824561404,0.05626466015338217,555,Not sure how much longer I can handle Meatless Mondays.
282,12,19,83,114,1.3771929824561404,0.06278526067319061,555,It's like nothing I've ever tasted.
282,9,25,80,114,1.3771929824561404,0.058959501120901224,555,I thought you were bringing the dressing.
282,10,23,81,114,1.3771929824561404,0.060261747133239785,555,It's the last week of my cleanse.
282,11,21,82,114,1.3771929824561404,0.06153644093279619,555,This tastes nothing like chicken.
282,11,21,82,114,1.3771929824561404,0.06153644093279619,555,"No, it's not the same, but it's better than the patch."
282,8,27,79,114,1.3771929824561404,0.05762783509121762,555,Why didn't you tell me I had something stuck in my teeth?
282,7,29,78,114,1.3771929824561404,0.05626466015338217,555,"It's a dummy, you dummy."
282,10,23,81,114,1.3771929824561404,0.060261747133239785,555,"First fake news, now fake humans...?"
282,9,25,80,114,1.3771929824561404,0.058959501120901224,555,I still have cravings though.
282,3,37,74,114,1.3771929824561404,0.050444924439190804,555,I can't stop eating junk food.
282,11,21,82,114,1.3771929824561404,0.06153644093279619,555,Didn't even try to get away . . . such a dummy . . .
282,12,19,83,114,1.3771929824561404,0.06278526067319061,555,They're calling them 'alternative humans'
282,11,21,82,114,1.3771929824561404,0.06153644093279619,555,"She was ""dressed to kill."""
282,9,25,80,114,1.3771929824561404,0.058959501120901224,555,I'm trying to eat cruelty-free.
282,10,23,81,114,1.3771929824561404,0.060261747133239785,555,Nothing is real any more.
282,8,27,79,114,1.3771929824561404,0.05762783509121762,555,It was on sale.
282,9,25,80,114,1.3771929824561404,0.058959501120901224,555,My medical plan only covers generic brands.
282,14,15,85,114,1.3771929824561404,0.06521119342605575,555,I decided to take a stand.
282,13,17,84,114,1.3771929824561404,0.06400972076900098,555,Weren't you a leg man?
282,9,25,80,114,1.3771929824561404,0.058959501120901224,555,It's my chew toy.
282,13,17,84,114,1.3771929824561404,0.06400972076900098,555,I think I'll bring this to the next frezny just to see what happens
282,10,23,81,114,1.3771929824561404,0.060261747133239785,555,"I forget, is it flotsam or jetsam?"
282,7,29,78,114,1.3771929824561404,0.05626466015338217,555,I hate being last to the feeding frenzy.
282,12,19,83,114,1.3771929824561404,0.06278526067319061,555,I never know what to do with the pit.
282,11,21,82,114,1.3771929824561404,0.06153644093279619,555,It needs a little dressing.
282,10,23,81,114,1.3771929824561404,0.060261747133239785,555,"Then in two weeks , I qualify for my first live human attack"
282,9,25,80,114,1.3771929824561404,0.058959501120901224,555,Lately I've been craving junk.
282,10,23,81,114,1.3771929824561404,0.060261747133239785,555,The last one struggled a lot more.
313,10,23,82,115,1.373913043478261,0.05982541287116027,555,that report of swimmers was just fake news...
314,9,24,80,113,1.3716814159292035,0.059223123529060485,555,Did you forget the dressing?
314,15,12,86,113,1.3716814159292035,0.06674987069582064,555,Fake People .
314,9,24,80,113,1.3716814159292035,0.059223123529060485,555,It may look silly to you but I've already lost at least 10 pounds.
314,7,28,78,113,1.3716814159292035,0.056491793516830556,555,I prefer them without any dressing.
314,9,24,80,113,1.3716814159292035,0.059223123529060485,555,I think this one has had work done.
314,5,32,76,113,1.3716814159292035,0.05362151721984449,555,"Doesn't taste as good, but it's got more fiber."
314,9,24,80,113,1.3716814159292035,0.059223123529060485,555,"Whoa! First, it's fake news. Now, it's fake people!"
314,11,20,82,113,1.3716814159292035,0.06183392261799745,555,I feel like a dummy !
314,10,22,81,113,1.3716814159292035,0.06054259800696884,555,I see you've taken a trophy wife.
314,7,28,78,113,1.3716814159292035,0.056491793516830556,555,Did you forget to put in your contacts again?
314,12,18,83,113,1.3716814159292035,0.06309882565645392,555,Fake. Real ones taste like chicken.
314,10,22,81,113,1.3716814159292035,0.06054259800696884,555,It's meatless Monday.
314,10,22,81,113,1.3716814159292035,0.06054259800696884,555,It's a placebo
314,6,30,77,113,1.3716814159292035,0.05507535675647639,555,It was this or the patch.
314,10,22,81,113,1.3716814159292035,0.06054259800696884,555,It could do with a little dressing!
314,7,28,78,113,1.3716814159292035,0.056491793516830556,555,It came without any dressing.
314,8,26,79,113,1.3716814159292035,0.05787357382815829,555,All the calories are in the dressing.
331,9,23,79,111,1.3693693693693694,0.05993161257961261,555,It looked better than it tastes.
331,12,17,82,111,1.3693693693693694,0.0638999114067717,555,I like mine without dressing.
331,13,15,83,111,1.3693693693693694,0.0651690021528137,555,survival of the fitted
331,9,23,79,111,1.3693693693693694,0.05993161257961261,555,"I, uh, got it for my brother's bachelor party."
331,11,19,81,111,1.3693693693693694,0.06260509974429486,555,"It tastes just like the real thing, except there's no flavor or screaming."
331,9,23,79,111,1.3693693693693694,0.05993161257961261,555,"Your technique is good! I think you're ready for the real thing,"
331,7,27,77,111,1.3693693693693694,0.05713315901289244,555,Who are you calling a dummy?
331,9,23,79,111,1.3693693693693694,0.05993161257961261,555,It would taste a little better with some dressing.
331,10,21,80,111,1.3693693693693694,0.06128293686005057,555,It's an acquired taste.
340,10,20,80,110,1.3636363636363635,0.06157140558896331,555,I'd like to thank the academy of ocean pictures
340,6,28,76,110,1.3636363636363635,0.05589110215972944,555,"Yes, it's empty calories, but still filling."
342,6,27,76,109,1.3577981651376148,0.056097664611144155,555,I'm going to dress it first.
342,8,23,78,109,1.3577981651376148,0.059048601214926624,555,"That's not an ""alternative"" human, that's a dummy."
342,10,19,80,109,1.3577981651376148,0.0618589252740011,555,My therapist thinks I'm mannequin depressive.
342,10,19,80,109,1.3577981651376148,0.0618589252740011,555,I'm tired of eating off the rack.
342,11,17,81,109,1.3577981651376148,0.06321725477559083,555,"I thought the sign said, ""Seal""."
342,8,23,78,109,1.3577981651376148,0.059048601214926624,555,Cruelty-free just doesn't taste the same.
342,9,21,79,109,1.3577981651376148,0.06047009153909842,555,The dentist said I had to sleep with a mouth guard
342,11,17,81,109,1.3577981651376148,0.06321725477559083,555,I don't like confrontation.
342,13,13,83,109,1.3577981651376148,0.06584990988586834,555,Dummy.
342,11,17,81,109,1.3577981651376148,0.06321725477559083,555,"Try it, it's armless"
342,11,17,81,109,1.3577981651376148,0.06321725477559083,555,They taste better with dressing.
342,11,17,81,109,1.3577981651376148,0.06321725477559083,555,We met on the internet
342,8,23,78,109,1.3577981651376148,0.059048601214926624,555,I'd like it better with dressing.
342,8,23,78,109,1.3577981651376148,0.059048601214926624,555,I was window shopping for dinner.
342,11,17,81,109,1.3577981651376148,0.06321725477559083,555,"I asked you to bring me the dressmaker, dummy!"
342,10,19,80,109,1.3577981651376148,0.0618589252740011,555,Can you recommend a good optometrist?
342,10,19,80,109,1.3577981651376148,0.0618589252740011,555,It's only my third week but already I've lost over eighty pounds!
342,10,19,80,109,1.3577981651376148,0.0618589252740011,555,I'm trying to quit
342,3,33,73,109,1.3577981651376148,0.051354298543567774,555,But it's from Saks.
361,9,20,78,107,1.355140186915888,0.06121720790408717,555,This is how fake news gets started.
361,10,18,79,107,1.355140186915888,0.06264089947332645,555,It's supposed to help with the cravings.
361,10,18,79,107,1.355140186915888,0.06264089947332645,555,Do you have any Grey Poupon?
361,9,20,78,107,1.355140186915888,0.06121720790408717,555,I think it's an acquired taste.
361,9,20,78,107,1.355140186915888,0.06121720790408717,555,Shark Week meets Project Runway
361,9,20,78,107,1.355140186915888,0.06121720790408717,555,It helps with my performance anxiety.
361,9,20,78,107,1.355140186915888,0.06121720790408717,555,"You know, it's a pity. I quite like it when they struggle."
361,5,28,74,107,1.355140186915888,0.05515617436472186,555,"I definitely thought I heard someone yell ""man overboard""."
361,7,24,76,107,1.355140186915888,0.05826555635246193,555,Tastes like surfboard.
361,9,20,78,107,1.355140186915888,0.06121720790408717,555,I can't believe it's not human
361,13,12,82,107,1.355140186915888,0.06672997464852556,555,Fake food???
361,8,22,77,107,1.355140186915888,0.05975960843510501,555,Call it my 'Nicorette.'
361,7,24,76,107,1.355140186915888,0.05826555635246193,555,"Just try a bite; if you put a pair of shorts on it, you can't tell the difference."
361,8,22,77,107,1.355140186915888,0.05975960843510501,555,"It's fine, trust me, she's armless."
361,8,22,77,107,1.355140186915888,0.05975960843510501,555,But real people have such bad taste.
361,8,22,77,107,1.355140186915888,0.05975960843510501,555,This is my last week of training.
361,10,18,79,107,1.355140186915888,0.06264089947332645,555,It's artisanal.
361,9,20,78,107,1.355140186915888,0.06121720790408717,555,"I know she's trash, but I love her just the same."
379,12,15,83,110,1.3545454545454545,0.06404018186632385,555,One word: Plastics
379,6,27,77,110,1.3545454545454545,0.05568043520945997,555,The ones with the soft centers are better.
379,9,21,80,110,1.3545454545454545,0.06000606535420692,555,"We're man-eaters, not manikin-eaters!"
379,7,25,78,110,1.3545454545454545,0.0571586960707441,555,I got you something from the diet menu.
383,6,26,76,108,1.3518518518518519,0.05630053180401422,555,I was window shopping and couldn't resist.
383,8,22,78,108,1.3518518518518519,0.05929494425725719,555,I'm practicing for spring break.
383,11,16,81,108,1.3518518518518519,0.06352244653707749,555,How long have I been swimming around with this in my teeth?
386,6,25,75,106,1.349056603773585,0.056939703973794095,555,Just my luck; a fashion designers cruise.
386,8,21,77,106,1.349056603773585,0.060012656392277985,555,It's a state fair. Everything is served on a stick.
386,9,19,78,106,1.349056603773585,0.06149157215891284,555,Abercrombie and Fish
386,7,23,76,106,1.349056603773585,0.05849636234793121,555,It gives me all the pleasure of the meal without any of the calories.
386,11,15,80,106,1.349056603773585,0.06434751343454623,555,"No, I didn't see the movie . . ."
386,9,19,78,106,1.349056603773585,0.06149157215891284,555,"It's like Nicorette, but for people."
386,8,21,77,106,1.349056603773585,0.060012656392277985,555,It's a jawbreaker.
386,6,25,75,106,1.349056603773585,0.056939703973794095,555,I liked it better in the store.
386,6,25,75,106,1.349056603773585,0.056939703973794095,555,It just looked so good in the store window.
386,12,13,81,106,1.349056603773585,0.0657289662517696,555,He was an easy catch...a real dummy!
386,7,23,76,106,1.349056603773585,0.05849636234793121,555,It's not fake. It's an alternative dinner.
386,9,19,78,106,1.349056603773585,0.06149157215891284,555,"Amazon, of course."
386,11,15,80,106,1.349056603773585,0.06434751343454623,555,It's meatless Monday.
386,6,25,75,106,1.349056603773585,0.056939703973794095,555,"""It curbs the cravings."
386,4,29,73,106,1.349056603773585,0.05369116174929521,555,"No, these don't taste as good, but they do have a long shelf life."
386,11,15,80,106,1.349056603773585,0.06434751343454623,555,"I hate going out for mannequin. An hour later, you're hungry."
386,7,23,76,106,1.349056603773585,0.05849636234793121,555,It tastes a lot like chicken wire.
386,9,19,78,106,1.349056603773585,0.06149157215891284,555,Shark Week auditions.
386,7,23,76,106,1.349056603773585,0.05849636234793121,555,"I still have the urge, just not as often."
386,7,23,76,106,1.349056603773585,0.05849636234793121,555,The vegans were wrong. You do miss it.
386,11,15,80,106,1.349056603773585,0.06434751343454623,555,Project Runway meets Shark Tank.
386,6,25,75,106,1.349056603773585,0.056939703973794095,555,What? It's just some armless fun.
386,9,19,78,106,1.349056603773585,0.06149157215891284,555,I tried the patch but it didn't work for me.
409,13,11,83,107,1.3457943925233644,0.066532109202885,555,"Billy said they all came from something called ""the Inauguration."""
410,8,20,77,105,1.3428571428571427,0.060262811822460995,555,I don't think anyone at the potluck will know the difference.
410,7,22,76,105,1.3428571428571427,0.05872355835266764,555,Tastes like Hilfiger.
410,11,14,80,105,1.3428571428571427,0.06466109369783266,555,She looked good with the dress on.
410,7,22,76,105,1.3428571428571427,0.05872355835266764,555,"Don't look at me that way, I've always had a taste for fashion."
410,8,20,77,105,1.3428571428571427,0.060262811822460995,555,I dunno - I just felt like a dummy today.
410,9,18,78,105,1.3428571428571427,0.061763716467676456,555,"My doctor prescribed it. I tried the patch, but I still had cravings."
410,8,20,77,105,1.3428571428571427,0.060262811822460995,555,Dry run.
410,11,14,80,105,1.3428571428571427,0.06466109369783266,555,Next on Bravo: Project Runway vs. Shark Tank
410,6,24,75,105,1.3428571428571427,0.057142857142857134,555,Throw it back.
410,7,22,76,105,1.3428571428571427,0.05872355835266764,555,Its the only thing that eases the craving.
410,8,20,77,105,1.3428571428571427,0.060262811822460995,555,I'm on the Macy's diet.
410,9,18,78,105,1.3428571428571427,0.061763716467676456,555,It's to correct an overbite.
410,8,20,77,105,1.3428571428571427,0.060262811822460995,555,I hate Meatless Monday.
410,5,26,74,105,1.3428571428571427,0.05551716796900572,555,This one didn't even put up a fight!
410,10,16,79,105,1.3428571428571427,0.06322900327420725,555,Is it shark week or fashion week?
410,9,18,78,105,1.3428571428571427,0.061763716467676456,555,"I'm more of a leg man, myself..."
410,7,22,76,105,1.3428571428571427,0.05872355835266764,555,This one didn't scream either. I think I'm losing my touch.
410,8,20,77,105,1.3428571428571427,0.060262811822460995,555,Who's your new chum?
410,9,18,78,105,1.3428571428571427,0.061763716467676456,555,"And, it doesn't have that fishy taste."
410,10,16,79,105,1.3428571428571427,0.06322900327420725,555,I was getting mercury poisoning from all the seafood.
410,7,22,76,105,1.3428571428571427,0.05872355835266764,555,"Sorry I'm late, there was a feeding frenzy at the mall."
410,8,20,77,105,1.3428571428571427,0.060262811822460995,555,A bit too high on woody overtones and not enough umami.
432,10,16,80,106,1.3396226415094339,0.06271312979915597,555,You can hardly taste the difference.
432,8,20,78,106,1.3396226415094339,0.05977915699114084,555,"The doctor said to eat manaTEES, not manneQUINS!"
432,9,18,79,106,1.3396226415094339,0.061263709730056536,555,People used to have better taste.
435,8,19,77,104,1.3365384615384615,0.06050968624136594,555,It's an alternative human. I don't recommend them.
435,10,15,79,104,1.3365384615384615,0.06352035204405569,555,Project Runway meets Shark Tank.
435,7,21,76,104,1.3365384615384615,0.05894671858248296,555,The selection was pretty picked over.
435,11,13,80,104,1.3365384615384615,0.06497339163986192,555,"Have you read ""Shark Attacks for Dummies""?"
435,8,19,77,104,1.3365384615384615,0.06050968624136594,555,It was half-off.
435,7,21,76,104,1.3365384615384615,0.05894671858248296,555,It's not only their news that's fake!
435,9,17,78,104,1.3365384615384615,0.062033286438932606,555,I already tried the patch.
435,8,19,77,104,1.3365384615384615,0.06050968624136594,555,"I don't really care for a ""Human on a Stick""."
435,7,21,76,104,1.3365384615384615,0.05894671858248296,555,I'm not sure if I miss the extremities or the shrieks more.
435,5,25,74,104,1.3365384615384615,0.05568934042409035,555,Does it taste any better with dressing?
435,8,19,77,104,1.3365384615384615,0.06050968624136594,555,I'm working on my technique before we hit the beaches.
435,4,27,73,104,1.3365384615384615,0.05398699972663896,555,It looked tastier on Amazon.
435,9,17,78,104,1.3365384615384615,0.062033286438932606,555,Trophy wife
435,7,21,76,104,1.3365384615384615,0.05894671858248296,555,It's guilt free if you don't include the dressing.
435,9,17,78,104,1.3365384615384615,0.062033286438932606,555,"There's never much meat on a model, is there?"
435,9,17,78,104,1.3365384615384615,0.062033286438932606,555,"I prefer the term ""alternative food""."
435,7,21,76,104,1.3365384615384615,0.05894671858248296,555,"As you know in fashion, one day you're in... and the next day, you're lunch."
435,10,15,79,104,1.3365384615384615,0.06352035204405569,555,"And that son, is how you unsnap a bra"
435,9,17,78,104,1.3365384615384615,0.062033286438932606,555,It's supposed to get rid of the cravings...
435,6,23,75,104,1.3365384615384615,0.0573411643957143,555,My doctor said I have to cut down on red meat.
435,7,21,76,104,1.3365384615384615,0.05894671858248296,555,"Fashion Week was great, but I don't think I'll be invited back."
435,7,21,76,104,1.3365384615384615,0.05894671858248296,555,I asked for no dressing.
435,6,23,75,104,1.3365384615384615,0.0573411643957143,555,The kids can practice with it.
435,6,23,75,104,1.3365384615384615,0.0573411643957143,555,"And then he said, ""Who you calling dummy?"""
435,6,23,75,104,1.3365384615384615,0.0573411643957143,555,you don't have a lot of options when you're vegan.
435,8,19,77,104,1.3365384615384615,0.06050968624136594,555,But the dressing was pretty good.
435,7,21,76,104,1.3365384615384615,0.05894671858248296,555,I saw this in the store window and I couldn't resist it.
435,8,19,77,104,1.3365384615384615,0.06050968624136594,555,Tryin' to quit
435,9,17,78,104,1.3365384615384615,0.062033286438932606,555,I can't stand the sight of blood.
435,6,23,75,104,1.3365384615384615,0.0573411643957143,555,"Best part is, zero carbs."
435,6,23,75,104,1.3365384615384615,0.0573411643957143,555,It's boneless.
435,6,23,75,104,1.3365384615384615,0.0573411643957143,555,"Not as tasty, but a lot less messy."
435,7,21,76,104,1.3365384615384615,0.05894671858248296,555,I thought they were supposed to taste like chicken.
435,7,21,76,104,1.3365384615384615,0.05894671858248296,555,"If it doesn't bleed,you should not feed."
435,6,23,75,104,1.3365384615384615,0.0573411643957143,555,I saw it in the window and I just couldn't resist it.
435,10,15,79,104,1.3365384615384615,0.06352035204405569,555,Fashion victim.
435,8,19,77,104,1.3365384615384615,0.06050968624136594,555,"Oh, I see your dating a model"
435,9,17,78,104,1.3365384615384615,0.062033286438932606,555,I don't think of it as a mannequin. I think of it as an alternative human being.
435,8,19,77,104,1.3365384615384615,0.06050968624136594,555,I have quit; I just crave the sensation
435,8,19,77,104,1.3365384615384615,0.06050968624136594,555,Does this taste stale to you?
435,7,21,76,104,1.3365384615384615,0.05894671858248296,555,"Thank you, I saw it in the window and I just couldn't resist it!"
435,6,23,75,104,1.3365384615384615,0.0573411643957143,555,"I should have guessed ""cruise ship sinks"" was fake news."
435,8,19,77,104,1.3365384615384615,0.06050968624136594,555,Who's the dummy now?
435,8,19,77,104,1.3365384615384615,0.06050968624136594,555,"It's certified range free, cruelty free, and all organic fed, so I just feel better about eating it."
435,10,15,79,104,1.3365384615384615,0.06352035204405569,555,I bet that cost an arm and a leg.
435,6,23,75,104,1.3365384615384615,0.0573411643957143,555,"The patch helps, but I still crave the oral satisfaction."
435,9,17,78,104,1.3365384615384615,0.062033286438932606,555,What? Humans eat fake crab.
435,6,23,75,104,1.3365384615384615,0.0573411643957143,555,It's for my son. He's teething.
483,6,22,74,102,1.3333333333333333,0.058008985395295434,555,It's a buoy!
483,6,22,74,102,1.3333333333333333,0.058008985395295434,555,Don't worry. It only cost an arm and a leg.
483,7,20,75,102,1.3333333333333333,0.05965885891765362,555,Something for the kids to practice on.
483,5,24,73,102,1.3333333333333333,0.05631079226779445,555,"Actually, it doesn't taste like anything."
483,9,16,77,102,1.3333333333333333,0.0628287638656555,555,The humans have elected a narcissistic megalomaniac to be their leader and I just can't stomach them anymore.
483,4,26,72,102,1.3333333333333333,0.05455976782448583,555,"The more fiber the better. I saw that article, too."
483,6,22,74,102,1.3333333333333333,0.058008985395295434,555,It was a gag gift.
483,6,22,74,102,1.3333333333333333,0.058008985395295434,555,"Thing is, I was so certain I smelled blood in the water."
483,9,16,77,102,1.3333333333333333,0.0628287638656555,555,Tastes better with a little dressing.
483,5,24,73,102,1.3333333333333333,0.05631079226779445,555,You should see the one that got away.
483,8,18,76,102,1.3333333333333333,0.06126431676042262,555,I'm guaranteed to lose 10 lbs in the first month.
483,6,22,74,102,1.3333333333333333,0.058008985395295434,555,"Here, you can practice on this."
483,4,26,72,102,1.3333333333333333,0.05455976782448583,555,It's part of my rehab program.
483,5,24,73,102,1.3333333333333333,0.05631079226779445,555,One less dummy in the world.
483,8,18,76,102,1.3333333333333333,0.06126431676042262,555,"Its a dummy, dummy."
483,7,20,75,102,1.3333333333333333,0.05965885891765362,555,I'm on a cleanse.
483,5,24,73,102,1.3333333333333333,0.05631079226779445,555,"No, not very tasty, but it doesn't struggle much."
483,6,22,74,102,1.3333333333333333,0.058008985395295434,555,It looked real when I ordered it on-line
483,10,14,78,102,1.3333333333333333,0.06435519116319366,555,What? Do I have something in my teeth?
483,6,22,74,102,1.3333333333333333,0.058008985395295434,555,Is something stuck in my teeth?
483,11,12,79,102,1.3333333333333333,0.06584624279650358,555,Fake People .
483,7,20,75,102,1.3333333333333333,0.05965885891765362,555,"It's not bad, but I really enjoy the legs and thighs."
483,9,16,77,102,1.3333333333333333,0.0628287638656555,555,"Oh dear, I said manatee, not mannequin."
483,6,22,74,102,1.3333333333333333,0.058008985395295434,555,This one's really stale.
483,8,18,76,102,1.3333333333333333,0.06126431676042262,555,I just need to wear it at night.
483,5,24,73,102,1.3333333333333333,0.05631079226779445,555,"Funny, she doesn't taste like a size 6."
483,7,20,75,102,1.3333333333333333,0.05965885891765362,555,There's a whole pile of them in Washington!
483,9,16,77,102,1.3333333333333333,0.0628287638656555,555,No. I said bite that MAN again. Not bite that mannequin.
483,10,14,78,102,1.3333333333333333,0.06435519116319366,555,Last week you fell for that Nigeria internet scam.
483,9,16,77,102,1.3333333333333333,0.0628287638656555,555,Next week we get to practice with the real thing!
483,6,22,74,102,1.3333333333333333,0.058008985395295434,555,Imitation meat. It's the future.
483,6,22,74,102,1.3333333333333333,0.058008985395295434,555,"Why that look, I need my fiber."
483,8,18,76,102,1.3333333333333333,0.06126431676042262,555,"Great taste, less filling."
483,7,20,75,102,1.3333333333333333,0.05965885891765362,555,"Mannequin eater, doesn't have the same stigma."
483,9,16,77,102,1.3333333333333333,0.0628287638656555,555,Chill. It was half-off.
483,10,14,78,102,1.3333333333333333,0.06435519116319366,555,Do you think humans will ever be safe to eat again?
483,8,18,76,102,1.3333333333333333,0.06126431676042262,555,I think I need glasses!
483,9,16,77,102,1.3333333333333333,0.0628287638656555,555,"I found your pacifier right where you left it. Now, go to bed."
483,8,18,76,102,1.3333333333333333,0.06126431676042262,555,"Sure, it's low fat and high fiber, but I miss the flailing."
483,8,18,76,102,1.3333333333333333,0.06126431676042262,555,"...Undeniably,another bait and switch."""
483,6,22,74,102,1.3333333333333333,0.058008985395295434,555,Fashion is so tasteless these days.
483,6,22,74,102,1.3333333333333333,0.058008985395295434,555,They're tougher than I remember.
483,5,24,73,102,1.3333333333333333,0.05631079226779445,555,My dentist told me to wear it. Keeps me from grinding my teeth.
483,10,14,78,102,1.3333333333333333,0.06435519116319366,555,It pairs beautifully with a 1968 California licence plate.
527,8,18,77,103,1.3300970873786409,0.06075285889408112,555,it's like Shark Week meets Fashion Week.
528,4,25,72,101,1.3267326732673268,0.05469792996805201,555,My doctor told me I need more fiber.
528,6,21,74,101,1.3267326732673268,0.05820569685821413,555,They just don't bleed like they used to.
528,3,27,71,101,1.3267326732673268,0.052856823029857974,555,My therapist thought I should have a transitional object
528,10,13,78,101,1.3267326732673268,0.06465278303886934,555,It's even worse than tofurkey.
528,4,25,72,101,1.3267326732673268,0.05469792996805201,555,"I am on the South Beach Diet, I only eat what I find floating off South Beach."
528,11,11,79,101,1.3267326732673268,0.06616647305585593,555,Do I ha sunting in ny teese?
528,5,23,73,101,1.3267326732673268,0.056479052265155094,555,Needs lots of dressing
528,6,21,74,101,1.3267326732673268,0.05820569685821413,555,Sure they don't taste as good but they're a helluva lot easier to catch.
528,8,17,76,101,1.3267326732673268,0.06151376066142205,555,My doctor says they can help you quit the habit
528,10,13,78,101,1.3267326732673268,0.06465278303886934,555,I see you're still a vegan.
528,6,21,74,101,1.3267326732673268,0.05820569685821413,555,So far I've lost 42 pounds.
528,7,19,75,101,1.3267326732673268,0.05988257633678194,555,Who's the dummy?
528,6,21,74,101,1.3267326732673268,0.05820569685821413,555,It helps with the between-meal cravings...
528,10,13,78,101,1.3267326732673268,0.06465278303886934,555,Don't laugh--I understand his brain matter equals that of the new U.S. president.
528,5,23,73,101,1.3267326732673268,0.056479052265155094,555,I'm only eating cruelty-free.
528,7,19,75,101,1.3267326732673268,0.05988257633678194,555,Tastes a little artificial...
528,11,11,79,101,1.3267326732673268,0.06616647305585593,555,The crossover between Project Runway and Shark Week did not go well.
528,7,19,75,101,1.3267326732673268,0.05988257633678194,555,I'm impressed with the long shelf life. Less so with the taste.
528,8,17,76,101,1.3267326732673268,0.06151376066142205,555,I am blood intolerant.
528,7,19,75,101,1.3267326732673268,0.05988257633678194,555,I'm trying out Meatless Mondays.
528,7,19,75,101,1.3267326732673268,0.05988257633678194,555,"I told you, boneless, skinless has no flavor!"
528,4,25,72,101,1.3267326732673268,0.05469792996805201,555,I'm teething . . . it helps.
528,7,19,75,101,1.3267326732673268,0.05988257633678194,555,This one is a bit al dente.
528,8,17,76,101,1.3267326732673268,0.06151376066142205,555,Sometimes they look better than they taste.
528,7,19,75,101,1.3267326732673268,0.05988257633678194,555,High fiber. Zero calories.
528,8,17,76,101,1.3267326732673268,0.06151376066142205,555,What did I tell you about JUNK FOOD?!
528,6,21,74,101,1.3267326732673268,0.05820569685821413,555,It was the only vegetarian option.
528,6,21,74,101,1.3267326732673268,0.05820569685821413,555,She's my trophy wife.
528,9,15,77,101,1.3267326732673268,0.06310279354110175,555,These gluten-free ones taste like shit.
528,8,17,76,101,1.3267326732673268,0.06151376066142205,555,I'm on the anthropomorphic diet.
528,6,21,74,101,1.3267326732673268,0.05820569685821413,555,It would taste better with some dressing.
528,8,17,76,101,1.3267326732673268,0.06151376066142205,555,Don't fill up on junk--there's a bunch of tourists over there.
528,5,23,73,101,1.3267326732673268,0.056479052265155094,555,"I prefer ""alternate human."""
528,11,11,79,101,1.3267326732673268,0.06616647305585593,555,"It's for my book: ""Fishing for Dummies."""
528,7,19,75,101,1.3267326732673268,0.05988257633678194,555,Macy’s is having an all you can eat sale.
528,4,25,72,101,1.3267326732673268,0.05469792996805201,555,I think I need some fiber in my diet.
528,4,25,72,101,1.3267326732673268,0.05469792996805201,555,How about over the fireplace?
528,7,19,75,101,1.3267326732673268,0.05988257633678194,555,The real ones are overfed and kept in confined spaces.
528,10,13,78,101,1.3267326732673268,0.06465278303886934,555,"Look at me, I'm a hammerhead!"
567,6,21,75,102,1.3235294117647058,0.05772117945380879,555,It's to help control the cravings.
567,8,17,77,102,1.3235294117647058,0.06099187387733384,555,"When ""Shark Week"" meets ""Fashion Week"""
569,9,14,77,100,1.32,0.06337319319839908,555,I think you misunderstood the mannequin challenge.
569,7,18,75,100,1.32,0.060100925218512326,555,This one tastes stale.
569,8,16,76,100,1.32,0.061758735529003614,555,I saved you the torso dear.
569,8,16,76,100,1.32,0.061758735529003614,555,You were just fine with imitation crab
569,6,20,74,100,1.32,0.05839607015973771,555,I needed a stiff one today.
569,4,24,72,100,1.32,0.05482755334738734,555,"They don't taste as good, but they don't punch you in the nose."
569,6,20,74,100,1.32,0.05839607015973771,555,It looked better on the shore.
569,7,18,75,100,1.32,0.060100925218512326,555,"It's ""Swimming with Sharks for Dummies""."
569,6,20,74,100,1.32,0.05839607015973771,555,Not much challenge; it was unarmed
569,7,18,75,100,1.32,0.060100925218512326,555,"No, thanks, I'm trying to cut down on processed food."
569,10,12,78,100,1.32,0.06494753127087909,555,Retail is dead.
569,6,20,74,100,1.32,0.05839607015973771,555,Have you seen the ingredients list for the real ones?
569,8,16,76,100,1.32,0.061758735529003614,555,I don't want it now. You already ate off all of the chewy appendages.
569,5,22,73,100,1.32,0.05663992238766581,555,"You wanted gluten-free, I got you gluten-free."
569,6,20,74,100,1.32,0.05839607015973771,555,You need to stop eating junk food.
569,9,14,77,100,1.32,0.06337319319839908,555,"I don't care what anyone says, it doesn't taste ""just like people""."
569,7,18,75,100,1.32,0.060100925218512326,555,It's tough being a vegetarian.
569,6,20,74,100,1.32,0.05839607015973771,555,It was a red herring.
569,5,22,73,100,1.32,0.05663992238766581,555,Turns out they DO have a vegan option.
569,8,16,76,100,1.32,0.061758735529003614,555,I've recently become flesh-intolerant.
569,9,14,77,100,1.32,0.06337319319839908,555,"I prefer them softer, thrashing around...and with legs."
569,5,22,73,100,1.32,0.05663992238766581,555,One more practice run and you’ll be ready.
569,7,18,75,100,1.32,0.060100925218512326,555,They were out of the fresh.
569,6,20,74,100,1.32,0.05839607015973771,555,"...so the hardest part, was getting a cab from Macy's back to the Bay."
569,8,16,76,100,1.32,0.061758735529003614,555,It's nothing to get into a frenzy about.
569,6,20,74,100,1.32,0.05839607015973771,555,Who's the dummy now?
595,8,15,74,97,1.3195876288659794,0.0631136400628237,555,"It's got all of the flavor, with none of the guilt!"
596,5,22,74,101,1.316831683168317,0.05616576080666468,555,It's just some chum of mine.
596,6,20,75,101,1.316831683168317,0.05790174858302354,555,It's supposed to help fix my overbite.
596,7,18,76,101,1.316831683168317,0.05958718227061812,555,"It's your typical fast food. Easy to grab, tastes like plastic."
596,6,20,75,101,1.316831683168317,0.05790174858302354,555,I just chew this between cravings.
596,6,20,75,101,1.316831683168317,0.05790174858302354,555,There's more just like this one in the new Cabinet.
601,6,19,73,98,1.316326530612245,0.059092190444202,555,Cutting back on red meat again?
601,8,15,75,98,1.316326530612245,0.06255136963283417,555,Chew toys aren't just for dogs anymore.
601,7,17,74,98,1.316326530612245,0.060846367247508235,555,Arms and legs are sold separately.
601,3,25,70,98,1.316326530612245,0.05348557435719861,555,It's how I get through meatless Mondays.
601,7,17,74,98,1.316326530612245,0.060846367247508235,555,"Trust me dearie - one day all this practice will pay off ; when they've had one-too-many beers up there, and one of them falls off the boat..."
601,6,19,73,98,1.316326530612245,0.059092190444202,555,I hate it when they're stale.
601,7,17,74,98,1.316326530612245,0.060846367247508235,555,Turns out it was an Old Navy ship.
601,6,19,73,98,1.316326530612245,0.059092190444202,555,I'm taking it home for the baby to play with.
601,8,15,75,98,1.316326530612245,0.06255136963283417,555,I like the soft ones with the filling much better.
601,7,17,74,98,1.316326530612245,0.060846367247508235,555,Taste like chicken to me.
601,4,23,71,98,1.316326530612245,0.05541750716194502,555,Macy's really did go under
601,6,19,73,98,1.316326530612245,0.059092190444202,555,It's for Junior. He's teething.
601,7,17,74,98,1.316326530612245,0.060846367247508235,555,You can't even tell it's not real meat.
601,6,19,73,98,1.316326530612245,0.059092190444202,555,Meatless Mondays.
601,4,23,71,98,1.316326530612245,0.05541750716194502,555,Here. You can use this for practice.
601,8,15,75,98,1.316326530612245,0.06255136963283417,555,I think this would taste better with some dressing.
601,8,15,75,98,1.316326530612245,0.06255136963283417,555,Do you even know how many calories are in a real human?
601,6,19,73,98,1.316326530612245,0.059092190444202,555,It lacks that je ne sais qua.
601,8,15,75,98,1.316326530612245,0.06255136963283417,555,"Sure, there's really no substitute for the real thing, but these are gluten-free!"
601,4,23,71,98,1.316326530612245,0.05541750716194502,555,It needs a little something.
601,3,25,70,98,1.316326530612245,0.05348557435719861,555,I couldn't just go cold turkey.
601,8,15,75,98,1.316326530612245,0.06255136963283417,555,You had one job!
601,6,19,73,98,1.316326530612245,0.059092190444202,555,"For me, it's really just about the oral fixation."
601,4,23,71,98,1.316326530612245,0.05541750716194502,555,I feel like such a dummy
601,8,15,75,98,1.316326530612245,0.06255136963283417,555,"Check it out. Sharks ""R"" Us is selling these chew toys for 50% off."
601,8,15,75,98,1.316326530612245,0.06255136963283417,555,"I thought your profile said you were a man eater, not a mannequin eater."
601,3,25,70,98,1.316326530612245,0.05348557435719861,555,Doc said I needed more fiber.
601,7,17,74,98,1.316326530612245,0.060846367247508235,555,It's for my terrarium.
601,9,13,76,98,1.316326530612245,0.06421111491531863,555,It's more fun when they put up a fight.
601,6,19,73,98,1.316326530612245,0.059092190444202,555,"That's enough practice, Bruce. I think you're ready for the real thing."
601,4,23,71,98,1.316326530612245,0.05541750716194502,555,"Just one more run through before the real thing, okay?"
601,8,15,75,98,1.316326530612245,0.06255136963283417,555,"Next time, I get to eat the tailor."
601,5,21,72,98,1.316326530612245,0.05728432190197447,555,"These are less messy and, unlike the real ones, they help fight tooth decay."
601,9,13,76,98,1.316326530612245,0.06421111491531863,555,"It was funny the first time, now it's just creepy."
601,6,19,73,98,1.316326530612245,0.059092190444202,555,Just practicing.
601,8,15,75,98,1.316326530612245,0.06255136963283417,555,I've decided to avoid eating anything with a face.
601,8,15,75,98,1.316326530612245,0.06255136963283417,555,I thought you said they taste like chicken.
601,8,15,75,98,1.316326530612245,0.06255136963283417,555,How can you eat that?... Its full of artificial ingredients.
601,6,19,73,98,1.316326530612245,0.059092190444202,555,All that artificial stuff's gonna kill you one day.
601,5,21,72,98,1.316326530612245,0.05728432190197447,555,I'm doing Meatless Mondays.
601,7,17,74,98,1.316326530612245,0.060846367247508235,555,Don't knock it. I've lost thirty pounds already on the Dummy Diet
601,4,23,71,98,1.316326530612245,0.05541750716194502,555,Doctor has me on a high fiber diet.
601,8,15,75,98,1.316326530612245,0.06255136963283417,555,You're way too deep into this vegan thing.
601,6,19,73,98,1.316326530612245,0.059092190444202,555,I already lost 5 pounds.
601,8,15,75,98,1.316326530612245,0.06255136963283417,555,It's a goddamn placebo.
601,7,17,74,98,1.316326530612245,0.060846367247508235,555,I'm an impulse chopper.
601,6,19,73,98,1.316326530612245,0.059092190444202,555,"You say trash, I call it alternative prey."
601,4,23,71,98,1.316326530612245,0.05541750716194502,555,Has Macy's gone under?
601,6,19,73,98,1.316326530612245,0.059092190444202,555,"It's a lifetime achievement award. I should've gotten it for Jaws, but whatever."
601,6,19,73,98,1.316326530612245,0.059092190444202,555,"She's all yours, Sam. I'm much more of a leg man."
601,8,15,75,98,1.316326530612245,0.06255136963283417,555,Are you crazy? They WORSHIP dummies up there!
601,6,19,73,98,1.316326530612245,0.059092190444202,555,You really have to stop eating that garbage!
653,10,11,78,99,1.3131313131313131,0.06523898733308696,555,I thought you said they were soft and wiggly.
653,7,17,75,99,1.3131313131313131,0.06031331758731997,555,"I said Manatee, not Mannequin."
653,6,19,74,99,1.3131313131313131,0.05857946069317299,555,"It tastes OK, but I think it could be dressed up a little."
656,7,16,74,97,1.309278350515464,0.06106307781414728,555,I thought they were supposed to taste like chicken.
656,5,20,72,97,1.309278350515464,0.057438194675074834,555,It's faux.
656,8,14,75,97,1.309278350515464,0.06279710267551371,555,I thought you gave up store-bought food.
656,5,20,72,97,1.309278350515464,0.057438194675074834,555,Have you no scruples? He's unarmed!
656,6,18,73,97,1.309278350515464,0.05927835051546391,555,Organic is harder to catch.
656,8,14,75,97,1.309278350515464,0.06279710267551371,555,Like chicken my ass.
656,5,20,72,97,1.309278350515464,0.057438194675074834,555,It was half-off.
656,8,14,75,97,1.309278350515464,0.06279710267551371,555,"Are you kidding me, I said I had a craving for a-man-again."
656,4,22,71,97,1.309278350515464,0.055537100889670045,555,I'm trying to cut out red meat.
656,8,14,75,97,1.309278350515464,0.06279710267551371,555,"Okay, honey. Get the kids. I've got the practice dummy."
656,7,16,74,97,1.309278350515464,0.06106307781414728,555,This was the only vegan option.
656,9,12,76,97,1.309278350515464,0.06448451548039588,555,"I said I wanted to try MAN AGAIN, not mannequin. You seriously need to get your hearing checked."
656,9,12,76,97,1.309278350515464,0.06448451548039588,555,I said 'Manatee' you dummy.
656,7,16,74,97,1.309278350515464,0.06106307781414728,555,We're being fed FAKE FOOD!
656,7,16,74,97,1.309278350515464,0.06106307781414728,555,"""oh, you're still doing meatless mondays?"
656,8,14,75,97,1.309278350515464,0.06279710267551371,555,What's become of the human race?
656,6,18,73,97,1.309278350515464,0.05927835051546391,555,I think she's petrified.
656,7,16,74,97,1.309278350515464,0.06106307781414728,555,They're starting to taste just like the junk they throw in the water.
656,7,16,74,97,1.309278350515464,0.06106307781414728,555,"It's better than I thought, but I can still tell the difference."
656,3,24,70,97,1.309278350515464,0.05356858167738795,555,It's my chew toy.
656,5,20,72,97,1.309278350515464,0.057438194675074834,555,"No thanks, I'm trying to avoid processed foods."
656,10,10,77,97,1.309278350515464,0.06612888452895468,555,I read about it in Shark Hunting for Dummies
656,6,18,73,97,1.309278350515464,0.05927835051546391,555,"Not great, but it's gluten-free."
656,7,16,74,97,1.309278350515464,0.06106307781414728,555,"Oh, that's just window dressing."
656,8,14,75,97,1.309278350515464,0.06279710267551371,555,Fashion Week? ... So when is Shark Week?
656,8,14,75,97,1.309278350515464,0.06279710267551371,555,I was ripped off. The auctioneer said it would be a man and kin.
656,8,14,75,97,1.309278350515464,0.06279710267551371,555,I figure it'll be easier to catch them if I use some bait.
656,8,14,75,97,1.309278350515464,0.06279710267551371,555,"When Macy's went under water, this popped out"
656,7,16,74,97,1.309278350515464,0.06106307781414728,555,I can't resist Versace.
656,6,18,73,97,1.309278350515464,0.05927835051546391,555,It's supposed to stop me from grinding my teeth.
656,7,16,74,97,1.309278350515464,0.06106307781414728,555,I don't think this is free-range.
656,5,20,72,97,1.309278350515464,0.057438194675074834,555,"Good technique, son. I think you're ready for the real thing."
656,7,16,74,97,1.309278350515464,0.06106307781414728,555,You can find all sorts of fun stuff on the Amazon.
656,7,16,74,97,1.309278350515464,0.06106307781414728,555,"Here, you can practice on this."
656,8,14,75,97,1.309278350515464,0.06279710267551371,555,I really thought you learned your lesson with tofurkey.
656,5,20,72,97,1.309278350515464,0.057438194675074834,555,This one's quite the stoic.
656,6,18,73,97,1.309278350515464,0.05927835051546391,555,I'm so embarrassed. Imagine me going for the decoy.
656,7,16,74,97,1.309278350515464,0.06106307781414728,555,"No I said, ""a man named KEN"""
656,5,20,72,97,1.309278350515464,0.057438194675074834,555,You wouldn't believe how many calories are in a real human.
656,6,18,73,97,1.309278350515464,0.05927835051546391,555,I think of it like vaping.
656,7,16,74,97,1.309278350515464,0.06106307781414728,555,People just don't taste like they used to.
656,7,16,74,97,1.309278350515464,0.06106307781414728,555,They're not all the same.
656,6,18,73,97,1.309278350515464,0.05927835051546391,555,"Tell me, do I have something stuck between my teeth?"
656,7,16,74,97,1.309278350515464,0.06106307781414728,555,My doctor said to get more fiber.
656,5,20,72,97,1.309278350515464,0.057438194675074834,555,Not much meat on this one.
656,8,14,75,97,1.309278350515464,0.06279710267551371,555,I guess the dummy is me.
656,7,16,74,97,1.309278350515464,0.06106307781414728,555,"Yeah, it tastes like sawdust, but I've lost two pounds since Jan 1."
656,8,14,75,97,1.309278350515464,0.06279710267551371,555,People are so fake these days.
656,5,20,72,97,1.309278350515464,0.057438194675074834,555,"I know, I know, but I got a good deal."
656,3,24,70,97,1.309278350515464,0.05356858167738795,555,"Frankly, it doesn't taste as good as it looked in the Fifth Avenue window."
656,8,14,75,97,1.309278350515464,0.06279710267551371,555,I feel like a dummy !
656,8,14,75,97,1.309278350515464,0.06279710267551371,555,Humans disgust me.
656,8,14,75,97,1.309278350515464,0.06279710267551371,555,Don't talk with your mouth full.
656,7,16,74,97,1.309278350515464,0.06106307781414728,555,"All I heard was ""mannequin overboard""."
656,9,12,76,97,1.309278350515464,0.06448451548039588,555,"Okay,where's Spielberg?"
656,5,20,72,97,1.309278350515464,0.057438194675074834,555,I'm trying to eat more fiber
656,8,14,75,97,1.309278350515464,0.06279710267551371,555,It's an alternative human.
656,5,20,72,97,1.309278350515464,0.057438194675074834,555,I suspect it's just a placebo.
656,6,18,73,97,1.309278350515464,0.05927835051546391,555,It's a moral decision: I won't eat anything with a face.
656,8,14,75,97,1.309278350515464,0.06279710267551371,555,"Bad form, Bob"
656,5,20,72,97,1.309278350515464,0.057438194675074834,555,It's just to gauge portion size.
656,5,20,72,97,1.309278350515464,0.057438194675074834,555,"Please, don't start about empty calories."
656,7,16,74,97,1.309278350515464,0.06106307781414728,555,"It's a mannequin, dummy!"
656,5,20,72,97,1.309278350515464,0.057438194675074834,555,You really need to get your eyes checked.
656,5,20,72,97,1.309278350515464,0.057438194675074834,555,Somewhat like a rice cake...
656,8,14,75,97,1.309278350515464,0.06279710267551371,555,You got it without the dressing?
656,7,16,74,97,1.309278350515464,0.06106307781414728,555,Sea level reached women's lingerie.
656,7,16,74,97,1.309278350515464,0.06106307781414728,555,You're right. The organic ones taste better.
656,8,14,75,97,1.309278350515464,0.06279710267551371,555,"Sometimes, ya just feel like a dummy."
656,4,22,71,97,1.309278350515464,0.055537100889670045,555,I'm giving bifocals some serious thought
656,4,22,71,97,1.309278350515464,0.055537100889670045,555,I hear that the human body contains toxins.
656,5,20,72,97,1.309278350515464,0.057438194675074834,555,The shipwreck was fake news too.
656,8,14,75,97,1.309278350515464,0.06279710267551371,555,3D printing has a ways to go.
656,4,22,71,97,1.309278350515464,0.055537100889670045,555,It helps with the cravings
656,5,20,72,97,1.309278350515464,0.057438194675074834,555,Who's the dummy?
656,7,16,74,97,1.309278350515464,0.06106307781414728,555,I said get me a manatee for dinner ... manatee.
656,9,12,76,97,1.309278350515464,0.06448451548039588,555,I just don't agree with the conditions the real ones are raised in.
656,9,12,76,97,1.309278350515464,0.06448451548039588,555,My nutritionist recommends I skip the dressing.
656,6,18,73,97,1.309278350515464,0.05927835051546391,555,Tastes kind of like chicken!
656,5,20,72,97,1.309278350515464,0.057438194675074834,555,I've always preferred form over content.
656,9,12,76,97,1.309278350515464,0.06448451548039588,555,It helps with the cravings
656,6,18,73,97,1.309278350515464,0.05927835051546391,555,I'm cutting back on real meat.
656,5,20,72,97,1.309278350515464,0.057438194675074834,555,It really does work! I'm down to two humans a week.
656,7,16,74,97,1.309278350515464,0.06106307781414728,555,This one's stale.
656,4,22,71,97,1.309278350515464,0.055537100889670045,555,I hate April 1st.
656,5,20,72,97,1.309278350515464,0.057438194675074834,555,"It may just be the placebo effect, but I think it has helped cut back on my cravings."
656,7,16,74,97,1.309278350515464,0.06106307781414728,555,Tastes like Burberry.
656,7,16,74,97,1.309278350515464,0.06106307781414728,555,What? It's meatless Monday
656,5,20,72,97,1.309278350515464,0.057438194675074834,555,Just practicing for the summer.
656,5,20,72,97,1.309278350515464,0.057438194675074834,555,I'm on a cleanse.
656,7,16,74,97,1.309278350515464,0.06106307781414728,555,Meatless Mondays.
656,8,14,75,97,1.309278350515464,0.06279710267551371,555,"I don’t understand. During the campaign, he promised us scuba divers."
656,8,14,75,97,1.309278350515464,0.06279710267551371,555,I tell the little sharks that this is a real person for supper. It's what I call an alternative fact.
656,5,20,72,97,1.309278350515464,0.057438194675074834,555,It came on the first wave of layoffs at Macy's
656,9,12,76,97,1.309278350515464,0.06448451548039588,555,"So if you want to hear the screaming, do it like this. Otherwise, go straight for the head."
656,8,14,75,97,1.309278350515464,0.06279710267551371,555,"Less fat, more fiber."
656,4,22,71,97,1.309278350515464,0.055537100889670045,555,I always get Fashion Week confused with Shark Week.
656,7,16,74,97,1.309278350515464,0.06106307781414728,555,"Not much of a challenge, really."
656,6,18,73,97,1.309278350515464,0.05927835051546391,555,I long for the days when food still had flavor.
656,7,16,74,97,1.309278350515464,0.06106307781414728,555,"I'm pitching it to ABC: ""Shark Tank"" meets ""Project Runway,"" with actual sharks."
656,5,20,72,97,1.309278350515464,0.057438194675074834,555,It's cruelty-free.
656,8,14,75,97,1.309278350515464,0.06279710267551371,555,"Sean Spicer said it's a real human, but it tastes 'alternative.'"
656,9,12,76,97,1.309278350515464,0.06448451548039588,555,Remember to squeeze it tight -- the real ones are squirmy
656,5,20,72,97,1.309278350515464,0.057438194675074834,555,I'm trying to get more fiber in my diet.
656,8,14,75,97,1.309278350515464,0.06279710267551371,555,Ha! I told you they're all dummies.
656,7,16,74,97,1.309278350515464,0.06106307781414728,555,I can sense fashion at one part per million.
762,7,16,75,98,1.3061224489795917,0.0605191149889529,555,Show me on the doll where you bit him.
762,6,18,74,98,1.3061224489795917,0.05875516865196881,555,Tastes great without dressing.
762,11,8,79,98,1.3061224489795917,0.06711286778215728,555,Do you remember where I left my contacts?
765,7,15,74,96,1.3020833333333333,0.0612726715410531,555,This? I'm trying to cut back on carbs
765,4,21,71,96,1.3020833333333333,0.055645714488500135,555,My doctor put me on a high fiber diet.
765,9,11,76,96,1.3020833333333333,0.06475289004365635,555,"You said to hold the dressing, right?"
765,6,17,73,96,1.3020833333333333,0.05945621945737674,555,I thought you were giving up processed food.
765,7,15,74,96,1.3020833333333333,0.0612726715410531,555,Tofu for sharks.
765,5,19,72,96,1.3020833333333333,0.05758249548734154,555,Alternative humans are so in right now.
765,5,19,72,96,1.3020833333333333,0.05758249548734154,555,It was dressed to kill -- so I did.
765,6,17,73,96,1.3020833333333333,0.05945621945737674,555,Organic is just too expensive.
765,6,17,73,96,1.3020833333333333,0.05945621945737674,555,This time you've bitten off more than you can chew.
765,2,25,69,96,1.3020833333333333,0.05155433104703817,555,. . . and it was half off.
765,5,19,72,96,1.3020833333333333,0.05758249548734154,555,Maybe you can make some soup with it.
765,7,15,74,96,1.3020833333333333,0.0612726715410531,555,"Hmm...Looks like a phishing scam,"
765,6,17,73,96,1.3020833333333333,0.05945621945737674,555,It's a little dry.
765,8,13,75,96,1.3020833333333333,0.06303680292806588,555,You said you wanted to eat a man again.
765,6,17,73,96,1.3020833333333333,0.05945621945737674,555,"I wanted a manatee, not a mannequin"
765,7,15,74,96,1.3020833333333333,0.0612726715410531,555,"It may look silly, but it gets me in the 'shark pool' lane."
765,9,11,76,96,1.3020833333333333,0.06475289004365635,555,"Naw, not the President ... just an ordinary dummy."
765,4,21,71,96,1.3020833333333333,0.055645714488500135,555,This one must have been factory-farmed. They used to taste better.
765,5,19,72,96,1.3020833333333333,0.05758249548734154,555,The doctor said I should eat more fiberglass.
765,7,15,74,96,1.3020833333333333,0.0612726715410531,555,"I tried to eat a man today, but it was a bust."
765,5,19,72,96,1.3020833333333333,0.05758249548734154,555,I'm practicing giving up humans for Lent.
765,8,13,75,96,1.3020833333333333,0.06303680292806588,555,It was Fashion Week
765,5,19,72,96,1.3020833333333333,0.05758249548734154,555,You silly dummy
765,9,11,76,96,1.3020833333333333,0.06475289004365635,555,And you thought the election was hard to swallow.
765,3,23,70,96,1.3020833333333333,0.05363904636849576,555,I found it in the Processed Foods section.
765,4,21,71,96,1.3020833333333333,0.055645714488500135,555,I know it's processed but I like junk food.
765,7,15,74,96,1.3020833333333333,0.0612726715410531,555,It tastes better than the gluten free swimmers.
765,8,13,75,96,1.3020833333333333,0.06303680292806588,555,"I hear ""fake"" is the new ""real"""
765,5,19,72,96,1.3020833333333333,0.05758249548734154,555,Seriously? The mannequin challenge? That is so 2016
765,5,19,72,96,1.3020833333333333,0.05758249548734154,555,I don't mind processed foods.
765,5,19,72,96,1.3020833333333333,0.05758249548734154,555,What a dummy!
765,6,17,73,96,1.3020833333333333,0.05945621945737674,555,"Damn, this one had no fight."
765,5,19,72,96,1.3020833333333333,0.05758249548734154,555,They're not as chewey as they used to be.
765,6,17,73,96,1.3020833333333333,0.05945621945737674,555,I do worry about preservatives.
765,8,13,75,96,1.3020833333333333,0.06303680292806588,555,You have to stop window shopping!
765,4,21,71,96,1.3020833333333333,0.055645714488500135,555,These winter varietals just don't taste as good as the summer crop.
765,7,15,74,96,1.3020833333333333,0.0612726715410531,555,"Gary, I think you misunderstood the mannequin challenge."
765,4,21,71,96,1.3020833333333333,0.055645714488500135,555,Just keeping in shape until surf's up.
765,6,17,73,96,1.3020833333333333,0.05945621945737674,555,Tastes about as bad as a real one with none of the ecological or moral downsides.
765,7,15,74,96,1.3020833333333333,0.0612726715410531,555,I was thinking over the fireplace
765,5,19,72,96,1.3020833333333333,0.05758249548734154,555,Fresh is better.
765,7,15,74,96,1.3020833333333333,0.0612726715410531,555,Funny....this one doesn't taste like chicken .
765,8,13,75,96,1.3020833333333333,0.06303680292806588,555,Organic costs a fortune.
765,8,13,75,96,1.3020833333333333,0.06303680292806588,555,Fashion week sucks.
765,6,17,73,96,1.3020833333333333,0.05945621945737674,555,"Not bad, now try for a surfer."
765,5,19,72,96,1.3020833333333333,0.05758249548734154,555,"What, it was half-off."
765,6,17,73,96,1.3020833333333333,0.05945621945737674,555,Doc says I gotta cut down on human consumption.
765,7,15,74,96,1.3020833333333333,0.0612726715410531,555,Where's the beef?
765,5,19,72,96,1.3020833333333333,0.05758249548734154,555,Gave up meat for Lent.
765,7,15,74,96,1.3020833333333333,0.0612726715410531,555,"Hey don't laugh, it came with the artist"
765,7,15,74,96,1.3020833333333333,0.0612726715410531,555,I asked for the dressing on the side.
765,4,21,71,96,1.3020833333333333,0.055645714488500135,555,Perhaps a bit too 'al dente'?
765,6,17,73,96,1.3020833333333333,0.05945621945737674,555,"Low fat, high fiber."
765,5,19,72,96,1.3020833333333333,0.05758249548734154,555,We disagreed about the right to bear arms.
765,6,17,73,96,1.3020833333333333,0.05945621945737674,555,"""Delicious, tastes a little like chicken""!"
820,9,10,74,93,1.3010752688172043,0.06626505886446611,555,My cholesterol level is out of control.
820,8,12,73,93,1.3010752688172043,0.06447715824704568,555,"Since it's off-season, this is all I could find."
820,6,16,71,93,1.3010752688172043,0.06074368900734789,555,"Oh Harry, you're so gullible!"
823,6,17,74,97,1.2989690721649485,0.05892243367519672,555,"Not only are humans a bunch of dummies, they're hard to chew."
823,7,15,75,97,1.2989690721649485,0.06071762365664818,555,"That's right, MACY'S is going under."
823,9,11,77,97,1.2989690721649485,0.06415748660222884,555,"No, no, we're man-eaters, not mannequin-eaters."
823,7,15,75,97,1.2989690721649485,0.06071762365664818,555,I think you bit off a little more than you can chew this time.
823,8,13,76,97,1.2989690721649485,0.06246123961956541,555,Manatee! I said bring me a manatee!
823,4,21,72,97,1.2989690721649485,0.055157047832558495,555,Next week I'm eliminating gluten.
823,7,15,75,97,1.2989690721649485,0.06071762365664818,555,You watch one documentary and suddenly you're a vegetarian?
830,5,18,71,94,1.297872340425532,0.05824746872144231,555,"Give me your honest opinion. On a scale of 1 to 10, how scary does this make me look?"
830,5,18,71,94,1.297872340425532,0.05824746872144231,555,"It's light and chewy, but lacks the anxiety and full-bodied flavor of humans I've learned to savor."
832,3,22,70,95,1.2947368421052632,0.053695846618959604,555,"Honestly, with the right marinade, you can hardly tell the difference."
832,6,16,73,95,1.2947368421052632,0.059624964916780314,555,I just came from my attack response class.
832,5,18,72,95,1.2947368421052632,0.057716308575599326,555,You should have seen the one that got away!
832,5,18,72,95,1.2947368421052632,0.057716308575599326,555,"It was this, or the lap-band surgery."
832,4,20,71,95,1.2947368421052632,0.05574233678148341,555,Another life was saved today since I went vegan.
832,5,18,72,95,1.2947368421052632,0.057716308575599326,555,"I'm telling you, going vegetarian makes everything taste like cardboard."
832,7,14,74,95,1.2947368421052632,0.061474389846998614,555,"What the heck, it's gluten-free"
832,4,20,71,95,1.2947368421052632,0.05574233678148341,555,But you said having the right form is everything.
832,5,18,72,95,1.2947368421052632,0.057716308575599326,555,It looked a lot better in the shop
832,5,18,72,95,1.2947368421052632,0.057716308575599326,555,"'Good job,we'll keep practicing until your ready."""
832,4,20,71,95,1.2947368421052632,0.05574233678148341,555,When do we get to try a real one?
832,6,16,73,95,1.2947368421052632,0.059624964916780314,555,"No, I asked for a man and kin."
832,9,10,76,95,1.2947368421052632,0.06501560534616078,555,"Seriously, calling yourself a ""man-eater"" is just a lie, not an alternative fact."
832,6,16,73,95,1.2947368421052632,0.059624964916780314,555,So far I've lost 42 pounds.
832,5,18,72,95,1.2947368421052632,0.057716308575599326,555,Let's combine Shark Week with Fashion Week.
832,5,18,72,95,1.2947368421052632,0.057716308575599326,555,"These have just the crunchy parts, none of the saturated fat."
832,5,18,72,95,1.2947368421052632,0.057716308575599326,555,It's kind of like vaping.
832,5,18,72,95,1.2947368421052632,0.057716308575599326,555,"It's a dummy, you dummy."
832,10,8,77,95,1.2947368421052632,0.06671576353652271,555,Shark attack for dummies
832,7,14,74,95,1.2947368421052632,0.061474389846998614,555,I'm trying to add more fiber to my diet.
832,6,16,73,95,1.2947368421052632,0.059624964916780314,555,I kept swimming forward and suddenly found myself in the Garment District.
832,5,18,72,95,1.2947368421052632,0.057716308575599326,555,It it already Meatless Monday again?
832,6,16,73,95,1.2947368421052632,0.059624964916780314,555,"More fiber, no bones. What's not to like?"
832,4,20,71,95,1.2947368421052632,0.05574233678148341,555,"Better hurry, another mall just went under."
832,5,18,72,95,1.2947368421052632,0.057716308575599326,555,That's not what I meant when I said let's do the mannequin challenge
832,5,18,72,95,1.2947368421052632,0.057716308575599326,555,This guy has no taste at all.
832,4,20,71,95,1.2947368421052632,0.05574233678148341,555,I thought it looked good in the store...
832,5,18,72,95,1.2947368421052632,0.057716308575599326,555,It's a little dry.
832,10,8,77,95,1.2947368421052632,0.06671576353652271,555,"Yes, I'm a manikin eater."
832,4,20,71,95,1.2947368421052632,0.05574233678148341,555,They don't put up much of a fight.
832,9,10,76,95,1.2947368421052632,0.06501560534616078,555,I miss red meat.
832,7,14,74,95,1.2947368421052632,0.061474389846998614,555,It's like vaping - for man-eaters.
832,6,16,73,95,1.2947368421052632,0.059624964916780314,555,"I thrash near the beach, you video the humans, and I post to social media. Got it?"
832,8,12,75,95,1.2947368421052632,0.06326977772044287,555,Try this on for size.
832,6,16,73,95,1.2947368421052632,0.059624964916780314,555,"I know what you're thinking...,' that's not organic'."
832,3,22,70,95,1.2947368421052632,0.053695846618959604,555,"Bland, but better than tofu."
832,6,16,73,95,1.2947368421052632,0.059624964916780314,555,It's to help get over my fear of people.
832,10,8,77,95,1.2947368421052632,0.06671576353652271,555,I don't think they believed in the right to bare arms.
832,6,16,73,95,1.2947368421052632,0.059624964916780314,555,My doctor said to eat less meat and eat more fiber.
832,8,12,75,95,1.2947368421052632,0.06326977772044287,555,"No, no, no! I told you to bring me a man again!"
832,7,14,74,95,1.2947368421052632,0.061474389846998614,555,I stopped eating meat.
832,5,18,72,95,1.2947368421052632,0.057716308575599326,555,They keep making these with fewer and fewer natural ingredients.
832,5,18,72,95,1.2947368421052632,0.057716308575599326,555,I told you not to miss your eye doctor's appointment
832,6,16,73,95,1.2947368421052632,0.059624964916780314,555,Processed food has no taste.
832,6,16,73,95,1.2947368421052632,0.059624964916780314,555,"I said bring me his 'next-of-kin' not 'a mannequin', you idiot."
832,6,16,73,95,1.2947368421052632,0.059624964916780314,555,"You know that's full of artificial ingredients, right?"
832,3,22,70,95,1.2947368421052632,0.053695846618959604,555,Doc said I needed more fiber.
832,6,16,73,95,1.2947368421052632,0.059624964916780314,555,"It tastes like cardboard, but it's only 100 calories."
832,6,16,73,95,1.2947368421052632,0.059624964916780314,555,"Yep, it's the old bait-and-stitch."
832,6,16,73,95,1.2947368421052632,0.059624964916780314,555,Shark Week rehearsals. And you?
832,5,18,72,95,1.2947368421052632,0.057716308575599326,555,This one put up no resistance whatsoever!
832,7,14,74,95,1.2947368421052632,0.061474389846998614,555,"Well, if humans can eat fake ""Crab Sticks""..."
832,8,12,75,95,1.2947368421052632,0.06326977772044287,555,"Mm, it needs dressing."
832,5,18,72,95,1.2947368421052632,0.057716308575599326,555,I'm on a tailor-made diet.
832,5,18,72,95,1.2947368421052632,0.057716308575599326,555,News isn't the only fake thing out there these days.
832,8,12,75,95,1.2947368421052632,0.06326977772044287,555,"To save money, networks combine Shark and Fashion Weeks."
832,7,14,74,95,1.2947368421052632,0.061474389846998614,555,I feel a bit of a dummy
832,7,14,74,95,1.2947368421052632,0.061474389846998614,555,"I said Manatee, not Mannequin."
832,7,14,74,95,1.2947368421052632,0.061474389846998614,555,It's my Binky.
832,8,12,75,95,1.2947368421052632,0.06326977772044287,555,Empty calories
832,5,18,72,95,1.2947368421052632,0.057716308575599326,555,They're high in fiber.
832,5,18,72,95,1.2947368421052632,0.057716308575599326,555,I told you to stop eating that processed food
832,6,16,73,95,1.2947368421052632,0.059624964916780314,555,i'm trying to go vegan. i keep telling myself it tastes like the real thing.
832,5,18,72,95,1.2947368421052632,0.057716308575599326,555,It is not what you think.
832,5,18,72,95,1.2947368421052632,0.057716308575599326,555,Want some? I don't think I can finish it.
832,6,16,73,95,1.2947368421052632,0.059624964916780314,555,They were liquidating.
832,3,22,70,95,1.2947368421052632,0.053695846618959604,555,Have you noticed it's not as fun when they don't resist?
832,6,16,73,95,1.2947368421052632,0.059624964916780314,555,I'm going vegan so now I'm a mannequin-eating shark.
832,7,14,74,95,1.2947368421052632,0.061474389846998614,555,It was Armani.
832,5,18,72,95,1.2947368421052632,0.057716308575599326,555,#fakechews
832,5,18,72,95,1.2947368421052632,0.057716308575599326,555,"I'm sorry, the vegan option was all they had left."
832,6,16,73,95,1.2947368421052632,0.059624964916780314,555,I thought it was just one of the faceless masses.
832,5,18,72,95,1.2947368421052632,0.057716308575599326,555,I'm getting silky Parisian couture with hints of Savile Row.
832,1,26,68,95,1.2947368421052632,0.04934891703634306,555,I don't remember them being this chewy.
832,4,20,71,95,1.2947368421052632,0.05574233678148341,555,Junk food again!
832,7,14,74,95,1.2947368421052632,0.061474389846998614,555,This tastes artificial.
832,7,14,74,95,1.2947368421052632,0.061474389846998614,555,Macy's is now underwater
832,5,18,72,95,1.2947368421052632,0.057716308575599326,555,Alternative human!
832,4,20,71,95,1.2947368421052632,0.05574233678148341,555,"''...however, the dressing was excellent.''"
832,7,14,74,95,1.2947368421052632,0.061474389846998614,555,Humans... What a bunch of dummies.
832,6,16,73,95,1.2947368421052632,0.059624964916780314,555,"""Yet why do I still feel so guilty?"
832,9,10,76,95,1.2947368421052632,0.06501560534616078,555,I got this at the trunk sale for half off! And saved an arm and a leg!
832,5,18,72,95,1.2947368421052632,0.057716308575599326,555,"I'll talk to the guys, but I don't think we can count this one."
832,4,20,71,95,1.2947368421052632,0.05574233678148341,555,I'm trying to eat more fiber
832,6,16,73,95,1.2947368421052632,0.059624964916780314,555,The texture's all wrong.
832,5,18,72,95,1.2947368421052632,0.057716308575599326,555,It was the only vegetarian option available.
832,4,20,71,95,1.2947368421052632,0.05574233678148341,555,This one has no meat on her bones
832,8,12,75,95,1.2947368421052632,0.06326977772044287,555,It's the Oscar ... for my role in Finding Nemo.
832,6,16,73,95,1.2947368421052632,0.059624964916780314,555,"It's politically correct, but I miss the feeding frenzies."
832,4,20,71,95,1.2947368421052632,0.05574233678148341,555,"It looks delicious, but I bet you'll be hungry an hour later."
832,3,22,70,95,1.2947368421052632,0.053695846618959604,555,I'm not going eat it. It's catch and release.
832,4,20,71,95,1.2947368421052632,0.05574233678148341,555,But it's high in Fiber
832,5,18,72,95,1.2947368421052632,0.057716308575599326,555,Practicing?
832,8,12,75,95,1.2947368421052632,0.06326977772044287,555,You said it would taste just like people.
832,7,14,74,95,1.2947368421052632,0.061474389846998614,555,"Al dente, yes - but lacking that umami taste we all enjoy."
832,7,14,74,95,1.2947368421052632,0.061474389846998614,555,Sean Spicer says this is an accurate representation of a person and that's all there is to say about it.
832,5,18,72,95,1.2947368421052632,0.057716308575599326,555,I said man o war not man o kin
832,6,16,73,95,1.2947368421052632,0.059624964916780314,555,"It's supposed to be fewer calories, but tastes like cardboard."
832,6,16,73,95,1.2947368421052632,0.059624964916780314,555,I had the mannequin last night...overrated.
832,7,14,74,95,1.2947368421052632,0.061474389846998614,555,"It tastes terrible, but there's a lot more fiber."
832,6,16,73,95,1.2947368421052632,0.059624964916780314,555,This needs more dressing.
832,5,18,72,95,1.2947368421052632,0.057716308575599326,555,My doctor told me to eat more fiber.
832,8,12,75,95,1.2947368421052632,0.06326977772044287,555,"Say, do you have any grey poupon?"
832,6,16,73,95,1.2947368421052632,0.059624964916780314,555,"Yeh, it's a decent size, but it's just not as much fun when they don't put up a good fight."
832,5,18,72,95,1.2947368421052632,0.057716308575599326,555,I use the arms to make soup.
832,4,20,71,95,1.2947368421052632,0.05574233678148341,555,Fifth Avenue is flooded.
832,6,16,73,95,1.2947368421052632,0.059624964916780314,555,My doctor says it should stop the cravings.
832,7,14,74,95,1.2947368421052632,0.061474389846998614,555,If you don't practice how are you going to be ready at game time?
832,6,16,73,95,1.2947368421052632,0.059624964916780314,555,It's helping me quit.
832,8,12,75,95,1.2947368421052632,0.06326977772044287,555,They taste better when they're alive.
832,4,20,71,95,1.2947368421052632,0.05574233678148341,555,I could swear they shouted man overboard.
832,4,20,71,95,1.2947368421052632,0.05574233678148341,555,"You're such a dummy, the arms and legs are the best part."
832,6,16,73,95,1.2947368421052632,0.059624964916780314,555,Needs sauce.
832,3,22,70,95,1.2947368421052632,0.053695846618959604,555,The wife said I need more fiber.
946,6,15,72,93,1.2903225806451613,0.060349312689902276,555,This vegan stuff tastes like cardboard
946,5,17,71,93,1.2903225806451613,0.058380522877471835,555,The fighting ones are more flavorful.
946,6,15,72,93,1.2903225806451613,0.060349312689902276,555,So my third wish was to meet a model.
946,7,13,73,93,1.2903225806451613,0.062255872275956324,555,It's my Thrash test dummy.
946,4,19,70,93,1.2903225806451613,0.05634297969357341,555,Look at the teething ring I got the baby!
946,5,17,71,93,1.2903225806451613,0.058380522877471835,555,"You say mannequin, I say alternative person!"
946,5,17,71,93,1.2903225806451613,0.058380522877471835,555,It's too al dente
946,6,15,72,93,1.2903225806451613,0.060349312689902276,555,"I gotta say, it's not much of a challenge."
946,8,11,74,93,1.2903225806451613,0.0641057542154897,555,Using a decoy makes all the difference.
946,9,9,75,93,1.2903225806451613,0.06590373141358052,555,I couldn't find a lawyer or a politician.
946,7,13,73,93,1.2903225806451613,0.062255872275956324,555,I thought you said it tasted like chicken?
946,7,13,73,93,1.2903225806451613,0.062255872275956324,555,It's a teething ring. Think she'll like it?
946,6,15,72,93,1.2903225806451613,0.060349312689902276,555,It's part of my addiction recovery program.
946,5,17,71,93,1.2903225806451613,0.058380522877471835,555,"It checks all the boxes—low-cal, high-fiber, gluten-free!"
946,2,23,68,93,1.2903225806451613,0.05202906091173712,555,Definitely not as tender as the last one.
946,6,15,72,93,1.2903225806451613,0.060349312689902276,555,"I swear, I typed ""man"" on Prime...! Freakin' autocorrect..."
946,6,15,72,93,1.2903225806451613,0.060349312689902276,555,"You call it a mannequin; I call it an ""alternate human."""
946,6,15,72,93,1.2903225806451613,0.060349312689902276,555,"I hear ya, but it looked so much tastier in the display window."
946,4,19,70,93,1.2903225806451613,0.05634297969357341,555,I already tried the patch.
946,5,17,71,93,1.2903225806451613,0.058380522877471835,555,It's for Junior. He's teething.
946,5,17,71,93,1.2903225806451613,0.058380522877471835,555,"Once you taste mannequin, there's no going back."
946,6,15,72,93,1.2903225806451613,0.060349312689902276,555,Tastes like tuna.
946,5,17,71,93,1.2903225806451613,0.058380522877471835,555,OK I think you are ready for a real human
946,7,13,73,93,1.2903225806451613,0.062255872275956324,555,I prefer the legs.
946,5,17,71,93,1.2903225806451613,0.058380522877471835,555,"We get it, Bill. You're vegan."
946,7,13,73,93,1.2903225806451613,0.062255872275956324,555,Didn't I tell you? I'm vegan.
946,5,17,71,93,1.2903225806451613,0.058380522877471835,555,Don't give me that look. He's my chum.
946,7,13,73,93,1.2903225806451613,0.062255872275956324,555,"I bought it from Amazon . ""Fishing for Dummies"""
946,6,15,72,93,1.2903225806451613,0.060349312689902276,555,She didn't even try to get away.
946,8,11,74,93,1.2903225806451613,0.0641057542154897,555,Coach has had me doing drills ever since I missed that gimme at the tide pools.
946,4,19,70,93,1.2903225806451613,0.05634297969357341,555,Because my doctor told me I need more fiber in my diet.
946,3,21,69,93,1.2903225806451613,0.05422893388269622,555,It came pre-limbed.
946,6,15,72,93,1.2903225806451613,0.060349312689902276,555,"It's not fake, it's alternative."
946,6,15,72,93,1.2903225806451613,0.060349312689902276,555,"No, the real ones have arms and legs."
946,5,17,71,93,1.2903225806451613,0.058380522877471835,555,But my total cholesterol is down 50 points.
946,7,13,73,93,1.2903225806451613,0.062255872275956324,555,Please don't tell me you just jumped the mannequin.
946,4,19,70,93,1.2903225806451613,0.05634297969357341,555,Try this and tell me if you think it tastes funny.
946,6,15,72,93,1.2903225806451613,0.060349312689902276,555,You have to be a dummy to swim in shark-infested waters!
946,5,17,71,93,1.2903225806451613,0.058380522877471835,555,Tastes like chicken. Of the sea.
946,4,19,70,93,1.2903225806451613,0.05634297969357341,555,I’ve become a vegan.
946,6,15,72,93,1.2903225806451613,0.060349312689902276,555,"On this new plan, I can eat anything I want and still lose weigh!"
946,6,15,72,93,1.2903225806451613,0.060349312689902276,555,"It's not Robert Shaw, but it's not bad."
946,4,19,70,93,1.2903225806451613,0.05634297969357341,555,"You know what they're feeding you is fake, right?"
946,6,15,72,93,1.2903225806451613,0.060349312689902276,555,The one that struggled was a lot tastier.
946,4,19,70,93,1.2903225806451613,0.05634297969357341,555,Junk food again!
946,2,23,68,93,1.2903225806451613,0.05202906091173712,555,The vegan substitutes are never as good as the real thing.
946,9,9,75,93,1.2903225806451613,0.06590373141358052,555,Fifteen more of these babies and I'll have my own presidential cabinet.
946,5,17,71,93,1.2903225806451613,0.058380522877471835,555,"When ""Shark Week"" meets ""Fashion Week"""
946,6,15,72,93,1.2903225806451613,0.060349312689902276,555,"New variety or not, you promised to catch and release."
946,6,15,72,93,1.2903225806451613,0.060349312689902276,555,"Lots of fiber, fewer calories, but not much for taste."
946,8,11,74,93,1.2903225806451613,0.0641057542154897,555,Two weeks of this and I'll have kicked the cravings.
946,7,13,73,93,1.2903225806451613,0.062255872275956324,555,I'm just teething ... got a new row in last week.
946,5,17,71,93,1.2903225806451613,0.058380522877471835,555,These vegan alternatives just don't taste the same.
946,4,19,70,93,1.2903225806451613,0.05634297969357341,555,"I didn't insult you...I said, 'I brought you this dummy."
946,7,13,73,93,1.2903225806451613,0.062255872275956324,555,"Is it about healthier eating, or is it a morality thing?"
1001,6,15,73,94,1.2872340425531914,0.05978368010305837,555,Dummy.
1001,6,15,73,94,1.2872340425531914,0.05978368010305837,555,"""Yeah, I'm a mannequin-eating shark. Gotta problem with that?"
1001,5,17,72,94,1.2872340425531914,0.057838635938787894,555,How's the vegan diet going Carl?
1001,4,19,71,94,1.2872340425531914,0.05582586504349464,555,Do I have something in my teeth?
1001,5,17,72,94,1.2872340425531914,0.057838635938787894,555,"I know, I'm just chewing on this until I break the habit."
1001,3,21,70,94,1.2872340425531914,0.05373775775420209,555,It's my new high-fiber diet.
1001,4,19,71,94,1.2872340425531914,0.05582586504349464,555,Working on your form?
1001,8,11,75,94,1.2872340425531914,0.06349527230806368,555,"I'm on a cleanse, Sharon."
1009,1,24,67,92,1.2826086956521738,0.04966703986213996,555,You dumped me to be with that dummy
1009,7,12,73,92,1.2826086956521738,0.06245129388654502,555,I don't think that's how the mannequin challenge works...
1009,6,14,72,92,1.2826086956521738,0.06050845035913782,555,I said man eating not mannequin eating.
1009,7,12,73,92,1.2826086956521738,0.06245129388654502,555,"Think of it as ""alternative human."""
1009,7,12,73,92,1.2826086956521738,0.06245129388654502,555,I'm really glad you're having your eyes checked next week.
1009,9,8,75,92,1.2826086956521738,0.0661660577228412,555,Fake food???
1009,2,22,68,92,1.2826086956521738,0.052016405026748716,555,"Not as tasty, but higher fiber."
1009,6,14,72,92,1.2826086956521738,0.06050845035913782,555,"Son, let's review one more time - two arms, two legs, no pedestal."
1009,4,18,70,92,1.2826086956521738,0.05642241999759943,555,"True, not free range, but no guilt..."
1009,9,8,75,92,1.2826086956521738,0.0661660577228412,555,"I like the strong, silent type."
1009,6,14,72,92,1.2826086956521738,0.06050845035913782,555,It's fashion week again?
1009,6,14,72,92,1.2826086956521738,0.06050845035913782,555,He never saw me coming.
1009,6,14,72,92,1.2826086956521738,0.06050845035913782,555,I'm tired of being a mindless killing machine. I just want to make pinafores.
1009,7,12,73,92,1.2826086956521738,0.06245129388654502,555,I'm doing the mannequin challenge.
1009,5,16,71,92,1.2826086956521738,0.05850111983222951,555,The humans are now using decoys.
1009,5,16,71,92,1.2826086956521738,0.05850111983222951,555,"not as tasty, but it's low fat"
1009,5,16,71,92,1.2826086956521738,0.05850111983222951,555,"Why yes, I do prefer form over fashion."
1009,4,18,70,92,1.2826086956521738,0.05642241999759943,555,It's fewer calories than the real thing.
1009,4,18,70,92,1.2826086956521738,0.05642241999759943,555,It helps reduce plaque
1009,5,16,71,92,1.2826086956521738,0.05850111983222951,555,I think I bit off more than I can chew.
1009,5,16,71,92,1.2826086956521738,0.05850111983222951,555,It's tiding me over until beach season.
1009,7,12,73,92,1.2826086956521738,0.06245129388654502,555,"Once you've been vegan for a while, you don't even miss the real thing."
1009,6,14,72,92,1.2826086956521738,0.06050845035913782,555,"It taste like man, except it has half the calories."
1009,8,10,74,92,1.2826086956521738,0.06433549293619335,555,"They gave me this for ""Best Supporting Actor"" in Jaws"
1009,5,16,71,92,1.2826086956521738,0.05850111983222951,555,I quit smoking.
1009,4,18,70,92,1.2826086956521738,0.05642241999759943,555,I'll chase anything in a skirt.
1009,5,16,71,92,1.2826086956521738,0.05850111983222951,555,I've gone vegan.
1009,5,16,71,92,1.2826086956521738,0.05850111983222951,555,I get sick at the sight of blood.
1009,7,12,73,92,1.2826086956521738,0.06245129388654502,555,Another victim of fashion.
1009,2,22,68,92,1.2826086956521738,0.052016405026748716,555,My doctor said I need to cut back on red meat.
1009,6,14,72,92,1.2826086956521738,0.06050845035913782,555,this is an alternative human
1009,6,14,72,92,1.2826086956521738,0.06050845035913782,555,Oh. You're a MAN-nequin eating shark!
1009,5,16,71,92,1.2826086956521738,0.05850111983222951,555,More empty calories
1009,5,16,71,92,1.2826086956521738,0.05850111983222951,555,"So, look who's got himself a new trophy wife."
1009,5,16,71,92,1.2826086956521738,0.05850111983222951,555,I blame Spielberg.
1009,5,16,71,92,1.2826086956521738,0.05850111983222951,555,I've been going for more fiber lately.
1009,6,14,72,92,1.2826086956521738,0.06050845035913782,555,I developed a taste for them after that little boutique went under.
1009,6,14,72,92,1.2826086956521738,0.06050845035913782,555,I thought over the mantel would be nice.
1009,6,14,72,92,1.2826086956521738,0.06050845035913782,555,A stone is not the only thing you can't get blood from.
1009,2,22,68,92,1.2826086956521738,0.052016405026748716,555,Somedays it's just not worth the effort.
1009,3,20,69,92,1.2826086956521738,0.054264149630728925,555,"Never gave a thought to roses and a card, did you?"
1009,3,20,69,92,1.2826086956521738,0.054264149630728925,555,Still beats imitation crab...
1009,4,18,70,92,1.2826086956521738,0.05642241999759943,555,Don't laugh. I've lost a lot of weight with this.
1009,4,18,70,92,1.2826086956521738,0.05642241999759943,555,Rehearsing for the JAWS remake.
1009,7,12,73,92,1.2826086956521738,0.06245129388654502,555,"You see baby, there is nothing to be scared about. The people in movies are just fake."
1009,7,12,73,92,1.2826086956521738,0.06245129388654502,555,I told you to bring home something akin to a man - not a mannequin.
1009,4,18,70,92,1.2826086956521738,0.05642241999759943,555,My doctor says I need more fiber.
1009,2,22,68,92,1.2826086956521738,0.052016405026748716,555,Alternative human!
1009,5,16,71,92,1.2826086956521738,0.05850111983222951,555,"No, I said go bite that man again."
1009,4,18,70,92,1.2826086956521738,0.05642241999759943,555,I thought it would look great in the foyer
1009,4,18,70,92,1.2826086956521738,0.05642241999759943,555,It's the other white meat.
1009,4,18,70,92,1.2826086956521738,0.05642241999759943,555,I'm not one of those fish who can just quit cold turkey...
1009,5,16,71,92,1.2826086956521738,0.05850111983222951,555,"""Dummy?"" Don't ""dummy"" me!"
1009,7,12,73,92,1.2826086956521738,0.06245129388654502,555,"This has fewer calories, but the taste just isn't the same."
1009,5,16,71,92,1.2826086956521738,0.05850111983222951,555,A fitting meal.
1009,3,20,69,92,1.2826086956521738,0.054264149630728925,555,Maybe a little dressing would help.
1009,5,16,71,92,1.2826086956521738,0.05850111983222951,555,"I have to say, the cravings are still there."
1009,4,18,70,92,1.2826086956521738,0.05642241999759943,555,You really need to get your eyes checked.
1009,3,20,69,92,1.2826086956521738,0.054264149630728925,555,Appetite suppressant.
1009,5,16,71,92,1.2826086956521738,0.05850111983222951,555,"It's empty calories, I know, but I can't resist."
1009,3,20,69,92,1.2826086956521738,0.054264149630728925,555,"Yeah, I am trying to quit, but this doesn't really satisfy the cravings."
1009,6,14,72,92,1.2826086956521738,0.06050845035913782,555,This isn't helping with my cravings anymore - I think I need to try the patch.
1009,2,22,68,92,1.2826086956521738,0.052016405026748716,555,What? Is there something in my teeth?
1009,6,14,72,92,1.2826086956521738,0.06050845035913782,555,I'm a mannequin eating shark.
1009,6,14,72,92,1.2826086956521738,0.06050845035913782,555,"Eat prey, love!"
1009,4,18,70,92,1.2826086956521738,0.05642241999759943,555,It's called the model diet.
1009,5,16,71,92,1.2826086956521738,0.05850111983222951,555,"Well, at least it doesn't taste like chicken."
1009,7,12,73,92,1.2826086956521738,0.06245129388654502,555,I know I should give up processed food.
1009,6,14,72,92,1.2826086956521738,0.06050845035913782,555,I'm a leg man. Want a breast?
1009,6,14,72,92,1.2826086956521738,0.06050845035913782,555,"This, and a patch behind the gills, reduces the cravings."
1009,7,12,73,92,1.2826086956521738,0.06245129388654502,555,"It's research for my next book: ""Surviving Shark Attacks for Dummies."""
1009,3,20,69,92,1.2826086956521738,0.054264149630728925,555,The label says it's high in fiber.
1009,4,18,70,92,1.2826086956521738,0.05642241999759943,555,It's a meatless substitute.
1009,6,14,72,92,1.2826086956521738,0.06050845035913782,555,More fake news !
1009,5,16,71,92,1.2826086956521738,0.05850111983222951,555,"You know what? They DON""T taste like chicken."
1009,6,14,72,92,1.2826086956521738,0.06050845035913782,555,dress rehearsal
1009,4,18,70,92,1.2826086956521738,0.05642241999759943,555,"You said you didn't like blood, so I found a vegan option."
1009,10,6,76,92,1.2826086956521738,0.06794732325722422,555,"Whadda ya mean, ""Fake chews""?"
1009,7,12,73,92,1.2826086956521738,0.06245129388654502,555,It's gluten-free and vegan.
1009,5,16,71,92,1.2826086956521738,0.05850111983222951,555,You know that will chip your teeth.
1009,5,16,71,92,1.2826086956521738,0.05850111983222951,555,It will taste great once we dress it up.
1009,9,8,75,92,1.2826086956521738,0.0661660577228412,555,Shark week on Project Runway.
1009,5,16,71,92,1.2826086956521738,0.05850111983222951,555,I think it's a knock-off.
1009,6,14,72,92,1.2826086956521738,0.06050845035913782,555,I knew it looked too good to be true.
1009,7,12,73,92,1.2826086956521738,0.06245129388654502,555,Not bad ... Needs dressing.
1009,5,16,71,92,1.2826086956521738,0.05850111983222951,555,"I'm trying to stay away from meat."""
1009,6,14,72,92,1.2826086956521738,0.06050845035913782,555,I prefer mine with dressing on the side.
1009,6,14,72,92,1.2826086956521738,0.06050845035913782,555,I thought that said I was a MANNEQUIN-eating shark!
1009,4,18,70,92,1.2826086956521738,0.05642241999759943,555,I can't believe it's not human
1009,5,16,71,92,1.2826086956521738,0.05850111983222951,555,Looked tastier in the store window.
1009,7,12,73,92,1.2826086956521738,0.06245129388654502,555,Meat substitutes are never as good as the real thing.
1009,5,16,71,92,1.2826086956521738,0.05850111983222951,555,Enough BBQ sauce and you'll never know it's vegan.
1009,3,20,69,92,1.2826086956521738,0.054264149630728925,555,The ones from Neiman Marcus are tastier.
1009,4,18,70,92,1.2826086956521738,0.05642241999759943,555,The nicotine patch just wasn't working.
1009,7,12,73,92,1.2826086956521738,0.06245129388654502,555,I'm a big fan of Project Runway.
1009,7,12,73,92,1.2826086956521738,0.06245129388654502,555,You never listen. We're not mannequin-eating sharks.
1009,5,16,71,92,1.2826086956521738,0.05850111983222951,555,Humans have become tasteless.
1009,5,16,71,92,1.2826086956521738,0.05850111983222951,555,I'm just getting ready for Fashion Week.
1009,5,16,71,92,1.2826086956521738,0.05850111983222951,555,I'm tired of being an eating machine. I just want to make pinafores.
1009,10,6,76,92,1.2826086956521738,0.06794732325722422,555,A bit dry.
1009,6,14,72,92,1.2826086956521738,0.06050845035913782,555,You mean you haven't heard of the Mannequin Challenge?
1009,4,18,70,92,1.2826086956521738,0.05642241999759943,555,I hate the generic brand.
1009,4,18,70,92,1.2826086956521738,0.05642241999759943,555,"OK, I do need glasses."
1009,4,18,70,92,1.2826086956521738,0.05642241999759943,555,And it has a third less calories than a runway model.
1009,4,18,70,92,1.2826086956521738,0.05642241999759943,555,I thought you said it would taste like Chicken?!
1009,6,14,72,92,1.2826086956521738,0.06050845035913782,555,I thought you said it tasted like chicken?
1009,2,22,68,92,1.2826086956521738,0.052016405026748716,555,I'm trying to ween myself off humans.
1009,6,14,72,92,1.2826086956521738,0.06050845035913782,555,She looked too good to be true.
1009,6,14,72,92,1.2826086956521738,0.06050845035913782,555,It's a teething ring for the kids.
1009,5,16,71,92,1.2826086956521738,0.05850111983222951,555,The doctor recommended I eat more fiber.
1009,5,16,71,92,1.2826086956521738,0.05850111983222951,555,I don't get all this fuss about the mannequin challenge.
1009,6,14,72,92,1.2826086956521738,0.06050845035913782,555,"It's a bit dry, but at least it didn't struggle very much."
1009,6,14,72,92,1.2826086956521738,0.06050845035913782,555,"The ones with arms and legs taste better, but I'm on a diet."
1009,5,16,71,92,1.2826086956521738,0.05850111983222951,555,"You have your facts, I have mine."
1009,2,22,68,92,1.2826086956521738,0.052016405026748716,555,Mom says I'm teething
1009,5,16,71,92,1.2826086956521738,0.05850111983222951,555,"Eating more junk, I see."
1009,7,12,73,92,1.2826086956521738,0.06245129388654502,555,I'm hoping mannequin-eater strikes a less predatory chord.
1009,8,10,74,92,1.2826086956521738,0.06433549293619335,555,I asked Siri for a Manitee!
1009,4,18,70,92,1.2826086956521738,0.05642241999759943,555,Have you noticed? People just don't taste like they used to anymore.
1009,5,16,71,92,1.2826086956521738,0.05850111983222951,555,'Tastes like the real thing' my ass...
1009,6,14,72,92,1.2826086956521738,0.06050845035913782,555,Your taste in women is simply disarming!
1009,3,20,69,92,1.2826086956521738,0.054264149630728925,555,My doctor said I need more fiber in my diet.
1009,7,12,73,92,1.2826086956521738,0.06245129388654502,555,This chew toy relieves a lot of my stress.
1009,6,14,72,92,1.2826086956521738,0.06050845035913782,555,Get that out of your mouth this instant! You're far too old for a pacifier.
1009,5,16,71,92,1.2826086956521738,0.05850111983222951,555,"What? Just because ""Fake News"" is bad, doesn't mean ""Fake People"" are."
1009,5,16,71,92,1.2826086956521738,0.05850111983222951,555,It's cruelty-free.
1135,8,10,75,93,1.2795698924731183,0.06371246366773754,555,It's like Nicorette for sharks.
1135,4,18,71,93,1.2795698924731183,0.05589509516788058,555,Haute cuisine.
1135,8,10,75,93,1.2795698924731183,0.06371246366773754,555,I'm tired of all that hate mail from PETA
1135,8,10,75,93,1.2795698924731183,0.06371246366773754,555,It's for my man cave.
1139,3,19,68,90,1.2777777777777777,0.05480137275994074,555,It is for training purposes only.
1139,7,11,72,90,1.2777777777777777,0.06326090433216465,555,Mnuchin??? I thought you said mannequin!
1139,4,17,69,90,1.2777777777777777,0.057034010436855166,555,I thought I’d try a high fiber diet.
1139,5,15,70,90,1.2777777777777777,0.05918248251508745,555,Arms an' legs--you dummy! How many times have I told ya? Throw em' back if they don't have arms and legs!
1139,4,17,69,90,1.2777777777777777,0.057034010436855166,555,"Better than scuba diver, but not quite as good as surfer."
1139,3,19,68,90,1.2777777777777777,0.05480137275994074,555,"Son, I said penguin not mannequin."
1139,5,15,70,90,1.2777777777777777,0.05918248251508745,555,Think of it like a nicotine patch
1139,6,13,71,90,1.2777777777777777,0.06125564567275379,555,"""We met window shopping""."
1139,3,19,68,90,1.2777777777777777,0.05480137275994074,555,You have something stuck in your teeth.
1139,5,15,70,90,1.2777777777777777,0.05918248251508745,555,These vegetarian meals never taste as good.
1139,5,15,70,90,1.2777777777777777,0.05918248251508745,555,Why don't these dummies just stay out of the water when they know we're around?
1139,4,17,69,90,1.2777777777777777,0.057034010436855166,555,Now it's your turn to practice being fierce.
1139,6,13,71,90,1.2777777777777777,0.06125564567275379,555,"You know, those diets never work."
1139,8,9,73,90,1.2777777777777777,0.06520452367022259,555,Sometimes humans can be real dummies.
1139,2,21,67,90,1.2777777777777777,0.05247382744032159,555,"Less blood, more filling"
1139,3,19,68,90,1.2777777777777777,0.05480137275994074,555,"They taste worse, but they're high in fiber."
1139,7,11,72,90,1.2777777777777777,0.06326090433216465,555,"Personally, I find these alternative facts are really hard to digest..."
1139,4,17,69,90,1.2777777777777777,0.057034010436855166,555,I think the Coast Guard is on to us.
1139,5,15,70,90,1.2777777777777777,0.05918248251508745,555,Your taste buds are the first thing to go.
1139,3,19,68,90,1.2777777777777777,0.05480137275994074,555,"Junior, I found something you can practice on."
1139,9,7,74,90,1.2777777777777777,0.06709186088638432,555,It's supposed to reduce cravings.
1139,2,21,67,90,1.2777777777777777,0.05247382744032159,555,I gave up humans for Lent.
1139,5,15,70,90,1.2777777777777777,0.05918248251508745,555,My doctor tells me this is great for stress relief.
1162,3,19,69,91,1.2747252747252746,0.054281710044960324,555,It helps me with my cravings...
1162,5,15,71,91,1.2747252747252746,0.05860805860805862,555,I know; I'm a dummy.
1162,5,15,71,91,1.2747252747252746,0.05860805860805862,555,I've got to get new glasses
1162,6,13,72,91,1.2747252747252746,0.06065562445483418,555,It's my new diet -- my doctor says I'm human intolerant.
1162,2,21,68,91,1.2747252747252746,0.051983687837675596,555,I'm on one of those fashionable diets.
1162,7,11,73,91,1.2747252747252746,0.06263629157450273,555,I'm trying to avoid GMOs.
1162,6,13,72,91,1.2747252747252746,0.06065562445483418,555,This clearly cost an arm and a leg.
1162,7,11,73,91,1.2747252747252746,0.06263629157450273,555,What a dummy!
1162,4,17,70,91,1.2747252747252746,0.056486319490699606,555,Going vegan has been really tough.
1162,5,15,71,91,1.2747252747252746,0.05860805860805862,555,The patch didn't work for me.
1162,7,11,73,91,1.2747252747252746,0.06263629157450273,555,I bit off more than I can chew.
1162,4,17,70,91,1.2747252747252746,0.056486319490699606,555,"So now you're a mannequin-eating shark, terror of what, Old Navy?"
1162,4,17,70,91,1.2747252747252746,0.056486319490699606,555,"I have to say, their ""vegetarian alternative"" is pretty disappointing."
1162,2,21,68,91,1.2747252747252746,0.051983687837675596,555,It's lower in saturated fats.
1162,6,13,72,91,1.2747252747252746,0.06065562445483418,555,Organic was too expensive.
1162,4,17,70,91,1.2747252747252746,0.056486319490699606,555,"Low in fat, high in fiber"
1162,3,19,69,91,1.2747252747252746,0.054281710044960324,555,It's a fashion victim. Apparently everyone's eating them now.
1162,3,19,69,91,1.2747252747252746,0.054281710044960324,555,"Times are tough, tourism is down."
1162,5,15,71,91,1.2747252747252746,0.05860805860805862,555,People just aren't what they used to be.
1162,4,17,70,91,1.2747252747252746,0.056486319490699606,555,It's a compromise Chuck. There's a funny aftertaste but the real ones are just too full of antibiotics and hormones.
1162,5,15,71,91,1.2747252747252746,0.05860805860805862,555,I found a pacifier for Baby Jaws.
1162,5,15,71,91,1.2747252747252746,0.05860805860805862,555,I should never have opened my big mouth.
1184,5,14,70,89,1.2696629213483146,0.059285938540571494,555,"I know, I eat too much junk food."
1184,8,8,73,89,1.2696629213483146,0.06542866614394605,555,Uh han't awk ight now. Uh hab uh 'annequin in my mou.
1184,3,18,68,89,1.2696629213483146,0.05480964585554323,555,"Honestly dear, I just picked her up; she means nothing to me !!"
1184,9,6,74,89,1.2696629213483146,0.06735185942710957,555,You're gonna need a bigger throat.
1184,4,16,69,89,1.2696629213483146,0.05709167972413532,555,This guy has the worst case of rigor mortis I've ever encountered.
1184,5,14,70,89,1.2696629213483146,0.059285938540571494,555,"As you know, I prefer al dente."
1184,7,10,72,89,1.2696629213483146,0.0634472043392203,555,What? It's gluten free.
1184,3,18,68,89,1.2696629213483146,0.05480964585554323,555,"It doesn't have the soft center,"
1184,5,14,70,89,1.2696629213483146,0.059285938540571494,555,They keep feeding us alternative snacks.
1184,5,14,70,89,1.2696629213483146,0.059285938540571494,555,I read about this in Predatorily Behavior For Dummies
1184,7,10,72,89,1.2696629213483146,0.0634472043392203,555,"Lower sodium, no saturated fat."
1184,6,12,71,89,1.2696629213483146,0.0614018332262938,555,I got him in the vegan section.
1184,6,12,71,89,1.2696629213483146,0.0614018332262938,555,I'm watching my cholesterol
1184,3,18,68,89,1.2696629213483146,0.05480964585554323,555,Give me some time to chew on it.
1184,2,20,67,89,1.2696629213483146,0.052428376514029984,555,Someone beat me to the good parts.
1184,2,20,67,89,1.2696629213483146,0.052428376514029984,555,Robust with a hint of oak
1184,6,12,71,89,1.2696629213483146,0.0614018332262938,555,"Way to go ""dummy""!"
1184,5,14,70,89,1.2696629213483146,0.059285938540571494,555,They taste better with the right dressing.
1184,3,18,68,89,1.2696629213483146,0.05480964585554323,555,It's only 5 points on Weight Watchers.
1184,3,18,68,89,1.2696629213483146,0.05480964585554323,555,What can I say? Everything was half-off!
1184,4,16,69,89,1.2696629213483146,0.05709167972413532,555,I really need to cut back on overly processed food.
1184,6,12,71,89,1.2696629213483146,0.0614018332262938,555,"Great, now we're man-ikin eaters...deeply humiliating."
1184,4,16,69,89,1.2696629213483146,0.05709167972413532,555,Sometimes you gotta settle for the next best thing.
1184,7,10,72,89,1.2696629213483146,0.0634472043392203,555,It's what's left of the Statue of Liberty
1184,7,10,72,89,1.2696629213483146,0.0634472043392203,555,My order was for a manatee to go.
1184,4,16,69,89,1.2696629213483146,0.05709167972413532,555,Alternative humans aren't very good.
1184,6,12,71,89,1.2696629213483146,0.0614018332262938,555,My doctor wants me to eat more fiber.
1184,5,14,70,89,1.2696629213483146,0.059285938540571494,555,I was cruising the mall and decided to grab something.
1184,3,18,68,89,1.2696629213483146,0.05480964585554323,555,"Actually, I asked for a manatee."
1184,5,14,70,89,1.2696629213483146,0.059285938540571494,555,He's a real person! They say his name is Manny Quinn.
1184,5,14,70,89,1.2696629213483146,0.059285938540571494,555,It's tasteless without the dressing.
1184,3,18,68,89,1.2696629213483146,0.05480964585554323,555,"You were right -- no blood, no frenzy."
1184,1,22,66,89,1.2696629213483146,0.04993367650177297,555,The doctor says I need more fiber in my diet.
1184,6,12,71,89,1.2696629213483146,0.0614018332262938,555,"What I said was ""I'm hungry for Mandarin."""
1184,3,18,68,89,1.2696629213483146,0.05480964585554323,555,"It comes with the book, ""Fishing for Dummies."""
1184,6,12,71,89,1.2696629213483146,0.0614018332262938,555,"Although already 26 years old, Wilfred still found enjoyment with his teething toy."
1184,3,18,68,89,1.2696629213483146,0.05480964585554323,555,Dry run.
1184,4,16,69,89,1.2696629213483146,0.05709167972413532,555,"Our fifth anniversary, you remembered!"
1184,4,16,69,89,1.2696629213483146,0.05709167972413532,555,My doctor ordered me to lower my fat content.
1184,4,16,69,89,1.2696629213483146,0.05709167972413532,555,"On this diet, I'm allowed to eat whatever I want."
1184,5,14,70,89,1.2696629213483146,0.059285938540571494,555,"This whole ""Mannequin Challenge"" thing is stupid."
1184,7,10,72,89,1.2696629213483146,0.0634472043392203,555,Trump sent a new marine biologist.
1184,4,16,69,89,1.2696629213483146,0.05709167972413532,555,It's only 2 weight watchers points!
1184,6,12,71,89,1.2696629213483146,0.0614018332262938,555,The ad claimed it's not available in stores.
1184,3,18,68,89,1.2696629213483146,0.05480964585554323,555,I'm trying to eat less fat.
1184,4,16,69,89,1.2696629213483146,0.05709167972413532,555,"You're right, not much nutritional value. But nice crunch."
1184,7,10,72,89,1.2696629213483146,0.0634472043392203,555,"You believe it’s a dummy, but I believe an alternative fact."
1184,5,14,70,89,1.2696629213483146,0.059285938540571494,555,This alternative prey is hard to swallow.
1184,3,18,68,89,1.2696629213483146,0.05480964585554323,555,"Jeffrey, you really need glasses..."
1184,4,16,69,89,1.2696629213483146,0.05709167972413532,555,Can't seem to get my teeth into this one
1184,5,14,70,89,1.2696629213483146,0.059285938540571494,555,Looks like someone forgot to put their contacts in this morning.
1184,5,14,70,89,1.2696629213483146,0.059285938540571494,555,I'm bringing him to the frenzy tonight.
1184,5,14,70,89,1.2696629213483146,0.059285938540571494,555,"Not bad, could do with some dressing"
1184,5,14,70,89,1.2696629213483146,0.059285938540571494,555,You told me I needed to find some body.
1184,6,12,71,89,1.2696629213483146,0.0614018332262938,555,I thought you were lack toes intolerant?
1184,5,14,70,89,1.2696629213483146,0.059285938540571494,555,The imitation human just isn't as good.
1184,5,14,70,89,1.2696629213483146,0.059285938540571494,555,I know. I have an optometry appointment Tuesday.
1184,3,18,68,89,1.2696629213483146,0.05480964585554323,555,I need to eat more fiber.
1184,3,18,68,89,1.2696629213483146,0.05480964585554323,555,So which department store's going under now?
1184,5,14,70,89,1.2696629213483146,0.059285938540571494,555,I'm only a mannequin-eating shark.
1184,6,12,71,89,1.2696629213483146,0.0614018332262938,555,That'll look good in you.
1184,9,6,74,89,1.2696629213483146,0.06735185942710957,555,"This is ""Shark Tank"" not ""Project Runway""."
1184,4,16,69,89,1.2696629213483146,0.05709167972413532,555,What do you mean I'm a tasteless consumer?
1184,6,12,71,89,1.2696629213483146,0.0614018332262938,555,"You didn't understand the Mannequin Challenge, Gary."
1184,8,8,73,89,1.2696629213483146,0.06542866614394605,555,"I love this time of year, don't you...spring training's almost over, the new tourist season's around the corner.."
1184,2,20,67,89,1.2696629213483146,0.052428376514029984,555,I'm giving up meat this month.
1184,4,16,69,89,1.2696629213483146,0.05709167972413532,555,I'm trying to cut down.
1184,7,10,72,89,1.2696629213483146,0.0634472043392203,555,Actually they taste a lot like plastic chicken.
1184,6,12,71,89,1.2696629213483146,0.0614018332262938,555,"No, Jaws. I don't want to hear about your Academy Award again."
1184,5,14,70,89,1.2696629213483146,0.059285938540571494,555,It's something to munch on between frenzies.
1184,6,12,71,89,1.2696629213483146,0.0614018332262938,555,It doesn't taste like chicken.
1184,5,14,70,89,1.2696629213483146,0.059285938540571494,555,"Practice, practice, practice."
1184,4,16,69,89,1.2696629213483146,0.05709167972413532,555,"No thanks, processed foods give me indigestion."
1184,4,16,69,89,1.2696629213483146,0.05709167972413532,555,"Yeah, high fiber, but lacking in taste."
1184,4,16,69,89,1.2696629213483146,0.05709167972413532,555,Somebody already got the wings and legs!
1184,8,8,73,89,1.2696629213483146,0.06542866614394605,555,It's bland without dressing.
1184,5,14,70,89,1.2696629213483146,0.059285938540571494,555,"Nope, it does not taste like chicken in any way."
1184,7,10,72,89,1.2696629213483146,0.0634472043392203,555,"You schmuck ,300 survivors and this is what you come home with!"
1184,6,12,71,89,1.2696629213483146,0.0614018332262938,555,Are you sure that Charley the Tuna started this way?
1184,5,14,70,89,1.2696629213483146,0.059285938540571494,555,They were out of limbs.
1184,3,18,68,89,1.2696629213483146,0.05480964585554323,555,"I thought they said ""man"" overboard."
1184,3,18,68,89,1.2696629213483146,0.05480964585554323,555,"They don't taste like much, but they never struggle."
1184,6,12,71,89,1.2696629213483146,0.0614018332262938,555,Are those Gluten Free?
1184,6,12,71,89,1.2696629213483146,0.0614018332262938,555,It's my Dad's Lifetime Achievement Award.
1184,5,14,70,89,1.2696629213483146,0.059285938540571494,555,I told you they were all dummies.
1184,5,14,70,89,1.2696629213483146,0.059285938540571494,555,This one is a little dry.
1184,7,10,72,89,1.2696629213483146,0.0634472043392203,555,That’s a mannequin you dummy.
1184,5,14,70,89,1.2696629213483146,0.059285938540571494,555,It looks good but tastes like tofu.
1184,4,16,69,89,1.2696629213483146,0.05709167972413532,555,I need more fiber...
1184,5,14,70,89,1.2696629213483146,0.059285938540571494,555,It didn't struggle like the last one I ate.
1184,2,20,67,89,1.2696629213483146,0.052428376514029984,555,My doctor says I need more fiber.
1184,4,16,69,89,1.2696629213483146,0.05709167972413532,555,"Well, you've got the idea."
1184,3,18,68,89,1.2696629213483146,0.05480964585554323,555,I prefer tapering off gradually to going cold turkey.
1184,6,12,71,89,1.2696629213483146,0.0614018332262938,555,no it doesn't taste the same but I'm trying to get more fibre
1184,7,10,72,89,1.2696629213483146,0.0634472043392203,555,"That's only for display purposes silly, you have to order the actual meal from a menu!!!"
1184,4,16,69,89,1.2696629213483146,0.05709167972413532,555,"Honey, it's not what it looks like."
1184,4,16,69,89,1.2696629213483146,0.05709167972413532,555,It's for my seminar on biting humans humanely.
1184,4,16,69,89,1.2696629213483146,0.05709167972413532,555,"Look, I found a human kabob."
1184,5,14,70,89,1.2696629213483146,0.059285938540571494,555,I'm on a low protein diet.
1184,4,16,69,89,1.2696629213483146,0.05709167972413532,555,"It's ""no-meat Monday""."
1184,5,14,70,89,1.2696629213483146,0.059285938540571494,555,"It's okay, I'm a vegetarian."
1184,7,10,72,89,1.2696629213483146,0.0634472043392203,555,"So I said, 'who's the dummy now?'"
1286,5,14,71,90,1.2666666666666666,0.058700024564689327,555,"She called it an ""alternative meal."""
1286,1,22,67,90,1.2666666666666666,0.049466567733630125,555,It's how I get my fiber.
1286,6,12,72,90,1.2666666666666666,0.060789643641268855,555,Try the head first.
1286,5,14,71,90,1.2666666666666666,0.058700024564689327,555,I only eat at Macy's.
1286,3,18,69,90,1.2666666666666666,0.054279988058403936,555,Worst part is I've gained weight since I quit.
1286,4,16,70,90,1.2666666666666666,0.05653322026700586,555,Going vegan on me?
1286,6,12,72,90,1.2666666666666666,0.060789643641268855,555,"Fake food, fake news. Maybe this is a fake ocean!"
1286,5,14,71,90,1.2666666666666666,0.058700024564689327,555,I've decided to go Vegan.
1294,5,14,72,91,1.2637362637362637,0.05812530112866413,555,Not exactly farm fresh.
1295,5,13,70,88,1.2613636363636365,0.05937307040656718,555,You haven't heard about the Mannequin Challenge?
1295,7,9,72,88,1.2613636363636365,0.0636209676852734,555,I swear I didn't eat the arms and legs on the way home.
1295,7,9,72,88,1.2613636363636365,0.0636209676852734,555,Attack strategies for dummies
1295,3,17,68,88,1.2613636363636365,0.05479685620357946,555,it's got more fiber than the regular kind
1295,5,13,70,88,1.2613636363636365,0.05937307040656718,555,Better with some dressing.
1295,4,15,69,88,1.2613636363636365,0.057130801409130204,555,Gary Larson pulled this same stunt on us years ago
1295,9,5,74,88,1.2613636363636365,0.06760246718070297,555,"Moby, is a great picture for our new book, Dummies for Sharks!"
1295,5,13,70,88,1.2613636363636365,0.05937307040656718,555,"Dude, you so don't get the mannequin challenge."
1295,5,13,70,88,1.2613636363636365,0.05937307040656718,555,I used my points
1295,5,13,70,88,1.2613636363636365,0.05937307040656718,555,"No, I don't think a size 4 makes you look fat."
1295,1,21,66,88,1.2613636363636365,0.04980190167140554,555,I brought you a practice dummy.
1295,4,15,69,88,1.2613636363636365,0.057130801409130204,555,Going meat-free is tougher than it seems.
1295,4,15,69,88,1.2613636363636365,0.057130801409130204,555,My Dentist said that this was better than flossing.
1295,5,13,70,88,1.2613636363636365,0.05937307040656718,555,"No thanks, I only eat organic"
1295,4,15,69,88,1.2613636363636365,0.057130801409130204,555,"Dear, I thought we agreed; nothing artificial, only organic and free range."
1295,5,13,70,88,1.2613636363636365,0.05937307040656718,555,Tastes just like chicken.
1295,3,17,68,88,1.2613636363636365,0.05479685620357946,555,These meat substitutes are not the same as the real thing.
1295,8,7,73,88,1.2613636363636365,0.0656419115281107,555,It's an alternative human.
1295,6,11,71,88,1.2613636363636365,0.06153368597245653,555,I've had my fill of the mannequin challenge.
1295,5,13,70,88,1.2613636363636365,0.05937307040656718,555,"Well, I guess I can scratch the no-junk-food resolution."
1295,5,13,70,88,1.2613636363636365,0.05937307040656718,555,It's low fat but high in fiber
1295,7,9,72,88,1.2613636363636365,0.0636209676852734,555,Looks like climate change did a real number on the humans
1295,6,11,71,88,1.2613636363636365,0.06153368597245653,555,"I think your grasp of the concept still needs work, Phil."""
1295,2,19,67,88,1.2613636363636365,0.05235897659372321,555,Sorry they were all out of organic.
1295,4,15,69,88,1.2613636363636365,0.057130801409130204,555,That's not what I meant by the mannequin challenge.
1295,5,13,70,88,1.2613636363636365,0.05937307040656718,555,She looked delicious when she was wearing the fish-tail gown.
1295,4,15,69,88,1.2613636363636365,0.057130801409130204,555,Put me in coach....I'm ready to play!
1295,4,15,69,88,1.2613636363636365,0.057130801409130204,555,Just trying it out for size.
1295,1,21,66,88,1.2613636363636365,0.04980190167140554,555,"The taste isn't great, but there are almost no calories."
1295,3,17,68,88,1.2613636363636365,0.05479685620357946,555,I'm keeping Kosher.
1295,3,17,68,88,1.2613636363636365,0.05479685620357946,555,Do I have something stuck in my teeth?
1295,5,13,70,88,1.2613636363636365,0.05937307040656718,555,Is this some kind of cruel joke?
1295,3,17,68,88,1.2613636363636365,0.05479685620357946,555,Impulse bite.
1295,3,17,68,88,1.2613636363636365,0.05479685620357946,555,But the arms are my favorite part.
1295,4,15,69,88,1.2613636363636365,0.057130801409130204,555,I think I need glasses!
1295,5,13,70,88,1.2613636363636365,0.05937307040656718,555,Do we have any window dressing left?
1295,3,17,68,88,1.2613636363636365,0.05479685620357946,555,How about joining me for meatless Monday?
1295,4,15,69,88,1.2613636363636365,0.057130801409130204,555,The diet version of these things have so much less flavor.
1295,5,13,70,88,1.2613636363636365,0.05937307040656718,555,"Yes, I am a mannequin-eating shark."
1295,6,11,71,88,1.2613636363636365,0.06153368597245653,555,I found the one responsible for that annoying challenge.
1295,5,13,70,88,1.2613636363636365,0.05937307040656718,555,I use it as a decoy.
1295,3,17,68,88,1.2613636363636365,0.05479685620357946,555,I'll get you a real one someday.
1295,6,11,71,88,1.2613636363636365,0.06153368597245653,555,It seemed like a good idea at the time.
1295,4,15,69,88,1.2613636363636365,0.057130801409130204,555,New training device for the kids!
1295,4,15,69,88,1.2613636363636365,0.057130801409130204,555,I'm a big fan of fake crab. But this tastes too much like surfboard.
1295,3,17,68,88,1.2613636363636365,0.05479685620357946,555,Maybe you should reconsider getting glasses
1295,6,11,71,88,1.2613636363636365,0.06153368597245653,555,"Artificial ingredients are like alternative facts. The more you learn about them, the harder they are to swallow."
1295,4,15,69,88,1.2613636363636365,0.057130801409130204,555,Do you want to try the mannequin challenge?
1295,4,15,69,88,1.2613636363636365,0.057130801409130204,555,"High fiber, low protein"
1295,5,13,70,88,1.2613636363636365,0.05937307040656718,555,Placebo. I'm trying to quit.
1295,5,13,70,88,1.2613636363636365,0.05937307040656718,555,YOU NEED GLASSES!
1295,2,19,67,88,1.2613636363636365,0.05235897659372321,555,"Goodbye, Fashion Week. Hello, Shark Week."
1347,8,7,74,89,1.2584269662921348,0.06496657797073736,555,Alternative facts? Alternative snacks!
1347,2,19,68,89,1.2584269662921348,0.05185055991740916,555,"Not a lot of flavor, but it's packed with fiber."
1347,4,15,70,89,1.2584269662921348,0.056561522199947825,555,"I said, let's grab Heinekens, not mannequins."
1350,5,12,69,86,1.255813953488372,0.060063911495953054,555,I get it. You’re vegan.
1350,5,12,69,86,1.255813953488372,0.060063911495953054,555,You want real street cred? Bring me the tailor.
1350,2,18,66,86,1.255813953488372,0.052790908597419986,555,"You're right, it's imitation."
1350,2,18,66,86,1.255813953488372,0.052790908597419986,555,That's a manikin...not a manatee!
1350,3,16,67,86,1.255813953488372,0.05532158567646684,555,It's a little tough.
1350,5,12,69,86,1.255813953488372,0.060063911495953054,555,Your old chum?
1350,4,14,68,86,1.255813953488372,0.05774145523777671,555,Doc's orders. No-flesh diet for 90 days.
1350,3,16,67,86,1.255813953488372,0.05532158567646684,555,"It's a little tough, but it's gluten free!"
1350,5,12,69,86,1.255813953488372,0.060063911495953054,555,"No thanks, looks like you ate all the best parts"
1350,5,12,69,86,1.255813953488372,0.060063911495953054,555,"The presentation was incredible, but the ingredients are awful."
1350,3,16,67,86,1.255813953488372,0.05532158567646684,555,"Well, that would explain the plastic taste."
1350,2,18,66,86,1.255813953488372,0.052790908597419986,555,It's a teething toy for the little one.
1350,6,10,70,86,1.255813953488372,0.062299849722219976,555,Catch of the day
1350,5,12,69,86,1.255813953488372,0.060063911495953054,555,I am not sure I can stomach another New York fashion week.
1350,4,14,68,86,1.255813953488372,0.05774145523777671,555,Fake is in.
1350,3,16,67,86,1.255813953488372,0.05532158567646684,555,This is the worst appetizer I've ever eaten!
1350,2,18,66,86,1.255813953488372,0.052790908597419986,555,"Melvin ,I told you it wasn't worth the trip,the east river hasn't been productive since the 80's."
1350,6,10,70,86,1.255813953488372,0.062299849722219976,555,The artificial flavor doesn't last long.
1350,5,12,69,86,1.255813953488372,0.060063911495953054,555,"Late to the wreck, everything rare was gone!"
1350,5,12,69,86,1.255813953488372,0.060063911495953054,555,The alternative facts tell me this's the genuine article.
1350,4,14,68,86,1.255813953488372,0.05774145523777671,555,It didn't put up any fight... and it tastes like it.
1350,5,12,69,86,1.255813953488372,0.060063911495953054,555,What? You couldn't find one with meat on her bones?
1350,7,8,71,86,1.255813953488372,0.06445827399666161,555,Three more and my tableau of the Last Supper will be complete!
1350,3,16,67,86,1.255813953488372,0.05532158567646684,555,They were out of the real ones.
1350,6,10,70,86,1.255813953488372,0.062299849722219976,555,It'sh shtuck in ny teeth...
1350,4,14,68,86,1.255813953488372,0.05774145523777671,555,They don't taste as good as they used to.
1350,3,16,67,86,1.255813953488372,0.05532158567646684,555,I told you…No Junk Food!
1350,4,14,68,86,1.255813953488372,0.05774145523777671,555,Less fat.
1350,3,16,67,86,1.255813953488372,0.05532158567646684,555,Must be one of those vegan substitutes.
1350,6,10,70,86,1.255813953488372,0.062299849722219976,555,I'm a mannequin eating shark.
1350,4,14,68,86,1.255813953488372,0.05774145523777671,555,This one didn't put up a fight at all.
1350,5,12,69,86,1.255813953488372,0.060063911495953054,555,I think it's finally time you got yourself some glasses.
1350,5,12,69,86,1.255813953488372,0.060063911495953054,555,"Ya can't take the ""die"" outta ""diet."""
1350,3,16,67,86,1.255813953488372,0.05532158567646684,555,It doesn't taste as bad as it looks.
1350,4,14,68,86,1.255813953488372,0.05774145523777671,555,Who you calling dummy?
1350,6,10,70,86,1.255813953488372,0.062299849722219976,555,"You know, Marge, I think this comes under '..... fool me twice, shame on me.'"
1350,5,12,69,86,1.255813953488372,0.060063911495953054,555,Again . . . No dressing.
1350,5,12,69,86,1.255813953488372,0.060063911495953054,555,What? I need more fiber
1350,4,14,68,86,1.255813953488372,0.05774145523777671,555,"Sometimes, ya just feel like a dummy."
1350,5,12,69,86,1.255813953488372,0.060063911495953054,555,These dummies will never know what hit them.
1350,4,14,68,86,1.255813953488372,0.05774145523777671,555,"Something about this screams ""Too easy, too easy!"""
1350,5,12,69,86,1.255813953488372,0.060063911495953054,555,These are desperate times!
1350,2,18,66,86,1.255813953488372,0.052790908597419986,555,"I know there's no blood, but the roughage, the roughage!"
1350,2,18,66,86,1.255813953488372,0.052790908597419986,555,"The doctor says it's called ""methadone"". It's helping, but I still have urges."
1350,6,10,70,86,1.255813953488372,0.062299849722219976,555,She's a dummy. She means nothing!
1350,3,16,67,86,1.255813953488372,0.05532158567646684,555,They're not bad if you marinate them in gin overnight.
1350,5,12,69,86,1.255813953488372,0.060063911495953054,555,You'd hardly even know that it's vegan.
1350,4,14,68,86,1.255813953488372,0.05774145523777671,555,You're right. Tofhuman tastes nothing like the real thing.
1350,2,18,66,86,1.255813953488372,0.052790908597419986,555,My pitch is Project Runway meets Shark Tank.
1350,3,16,67,86,1.255813953488372,0.05532158567646684,555,"Yes, but I still love junk food."
1350,5,12,69,86,1.255813953488372,0.060063911495953054,555,It's my new stress companion.
1350,4,14,68,86,1.255813953488372,0.05774145523777671,555,"To be honest, I'm a little disappointed. I expected it to taste like chicken."
1350,5,12,69,86,1.255813953488372,0.060063911495953054,555,"Men's Warehouse, half off sale."
1350,2,18,66,86,1.255813953488372,0.052790908597419986,555,It's step one of my Human Withdrawal Program.
1350,3,16,67,86,1.255813953488372,0.05532158567646684,555,"Yes, I am a manikin-eating shark."
1350,1,20,65,86,1.255813953488372,0.05013264624297865,555,You said we should eat more fiber...
1350,5,12,69,86,1.255813953488372,0.060063911495953054,555,I'm a humanitarian.
1350,4,14,68,86,1.255813953488372,0.05774145523777671,555,"Practice, smractice. I'm ready for the real thing."
1350,2,18,66,86,1.255813953488372,0.052790908597419986,555,"I know, I feel pretty stupid...it's stuck in my teeth."
1350,4,14,68,86,1.255813953488372,0.05774145523777671,555,Who knew that eBay was an actual bay?
1350,5,12,69,86,1.255813953488372,0.060063911495953054,555,I was window shopping and simply couldn't resist.
1350,2,18,66,86,1.255813953488372,0.052790908597419986,555,Its Shark week you tool - that was left over from Fashion week.
1350,2,18,66,86,1.255813953488372,0.052790908597419986,555,My doctor says that it will reduce my cravings.
1350,2,18,66,86,1.255813953488372,0.052790908597419986,555,I am flesh intolerant.
1350,7,8,71,86,1.255813953488372,0.06445827399666161,555,They're throwing all the illegal voters to us.
1350,3,16,67,86,1.255813953488372,0.05532158567646684,555,I always enjoy a dress rehearsal!
1350,8,6,72,86,1.255813953488372,0.0665467271760694,555,It's a meat substitute. I started to be able to taste their sadness.
1350,1,20,65,86,1.255813953488372,0.05013264624297865,555,"A bit chewy, but totally guilt free."
1350,6,10,70,86,1.255813953488372,0.062299849722219976,555,They said I should be more disarming.
1350,3,16,67,86,1.255813953488372,0.05532158567646684,555,That doesn't actually qualify as vegan....
1350,7,8,71,86,1.255813953488372,0.06445827399666161,555,They may be good roughage ... but for comfort food ... give me a lightly salted surfer any day.
1350,5,12,69,86,1.255813953488372,0.060063911495953054,555,"Trust me, there's just no substitute."
1350,4,14,68,86,1.255813953488372,0.05774145523777671,555,"I thought they said ""man"" overboard."
1350,6,10,70,86,1.255813953488372,0.062299849722219976,555,They've outsmarted us....
1350,4,14,68,86,1.255813953488372,0.05774145523777671,555,Why did you call me a dummy?
1350,5,12,69,86,1.255813953488372,0.060063911495953054,555,Do I have anything on my teeth?
1350,5,12,69,86,1.255813953488372,0.060063911495953054,555,Less fat.
1350,7,8,71,86,1.255813953488372,0.06445827399666161,555,'I guess that puts Pence in charge.'
1350,3,16,67,86,1.255813953488372,0.05532158567646684,555,I’ve become a vegan.
1350,4,14,68,86,1.255813953488372,0.05774145523777671,555,This one doesn't seem worth a feeding frenzy.
1350,6,10,70,86,1.255813953488372,0.062299849722219976,555,I've had it with this 'gluten-free' crap.
1350,4,14,68,86,1.255813953488372,0.05774145523777671,555,Not very nourishing but a whole less guilt.
1350,4,14,68,86,1.255813953488372,0.05774145523777671,555,Is it Meatless Monday again?
1350,4,14,68,86,1.255813953488372,0.05774145523777671,555,I'm dieting.
1350,2,18,66,86,1.255813953488372,0.052790908597419986,555,Maybe that's the way they get after they've been down here awhile. Did you check the expiration date?
1350,6,10,70,86,1.255813953488372,0.062299849722219976,555,Another one bites the bust.
1350,3,16,67,86,1.255813953488372,0.05532158567646684,555,I've switched to a humanitarian diet.
1350,7,8,71,86,1.255813953488372,0.06445827399666161,555,"I keep telling you, Harry. Get your eyes examined!!"
1350,5,12,69,86,1.255813953488372,0.060063911495953054,555,Everything else is extinct.
1350,5,12,69,86,1.255813953488372,0.060063911495953054,555,"Honey, more empty calories?"
1350,3,16,67,86,1.255813953488372,0.05532158567646684,555,Interesting texture but not a lot of flavor.
1350,4,14,68,86,1.255813953488372,0.05774145523777671,555,A longer lasting chew toy.
1350,3,16,67,86,1.255813953488372,0.05532158567646684,555,I don't care what they say - these artificial ingredients never taste like the real thing!
1350,4,14,68,86,1.255813953488372,0.05774145523777671,555,Sometimes you just want a nice quiet dinner.
1350,5,12,69,86,1.255813953488372,0.060063911495953054,555,I'm trying to eat less fat.
1350,6,10,70,86,1.255813953488372,0.062299849722219976,555,Going vegan sucks.
1350,7,8,71,86,1.255813953488372,0.06445827399666161,555,"Practice your acceptance speech all you want, the shark never gets the Oscar."
1350,5,12,69,86,1.255813953488372,0.060063911495953054,555,They have me on this low fat high fiber diet.
1350,5,12,69,86,1.255813953488372,0.060063911495953054,555,My eyes again. I thought I had the Venus de Milo.
1350,5,12,69,86,1.255813953488372,0.060063911495953054,555,"Great job, son. Eating the arms first disables them!"
1350,6,10,70,86,1.255813953488372,0.062299849722219976,555,Where did you find the pacifier?
1350,3,16,67,86,1.255813953488372,0.05532158567646684,555,Wouldn't you like a little dressing on that?
1350,7,8,71,86,1.255813953488372,0.06445827399666161,555,It just doesn't have the right mouthfeel.
1350,5,12,69,86,1.255813953488372,0.060063911495953054,555,I thought you had sworn off GMO food?
1350,5,12,69,86,1.255813953488372,0.060063911495953054,555,I think it's called an alt-human.
1350,3,16,67,86,1.255813953488372,0.05532158567646684,555,"Yeah, well, some of us can't afford to go organic."
1350,5,12,69,86,1.255813953488372,0.060063911495953054,555,Practicing?
1350,2,18,66,86,1.255813953488372,0.052790908597419986,555,I am trying to watch my cholesterol.
1350,4,14,68,86,1.255813953488372,0.05774145523777671,555,"I'm doing the low-protein, high-fiber diet."
1350,5,12,69,86,1.255813953488372,0.060063911495953054,555,You're a dummy - it's a dummy.
1350,4,14,68,86,1.255813953488372,0.05774145523777671,555,I told you to get your eyes checked!
1350,3,16,67,86,1.255813953488372,0.05532158567646684,555,Crisp and full-bodied with a finish of vinyl.
1350,1,20,65,86,1.255813953488372,0.05013264624297865,555,How's the diet going?
1350,4,14,68,86,1.255813953488372,0.05774145523777671,555,She looked way bigger with the dress on.
1350,4,14,68,86,1.255813953488372,0.05774145523777671,555,Too much fiber.
1350,4,14,68,86,1.255813953488372,0.05774145523777671,555,Don't throw it out. We can make stock.
1350,4,14,68,86,1.255813953488372,0.05774145523777671,555,They're sizing my implants.
1350,7,8,71,86,1.255813953488372,0.06445827399666161,555,"Stephen Bannon told me to keep my mouth shut and take what I'm given."""
1350,4,14,68,86,1.255813953488372,0.05774145523777671,555,They're putting out fake nudes.
1350,6,10,70,86,1.255813953488372,0.062299849722219976,555,"Too bad, I prefer the legs."
1350,2,18,66,86,1.255813953488372,0.052790908597419986,555,What? All food is artificial these days!
1350,4,14,68,86,1.255813953488372,0.05774145523777671,555,Too many preservatives.
1350,5,12,69,86,1.255813953488372,0.060063911495953054,555,Really Carl? Now you're vegetarian?
1350,6,10,70,86,1.255813953488372,0.062299849722219976,555,I'm hemoblobin intolerant.
1350,3,16,67,86,1.255813953488372,0.05532158567646684,555,"""Man overboard"" and ""manikin overboard"" make a difference."
1350,4,14,68,86,1.255813953488372,0.05774145523777671,555,This one doesn't have a squeaker.
1350,6,10,70,86,1.255813953488372,0.062299849722219976,555,I only eat things that don't have a face.
1350,3,16,67,86,1.255813953488372,0.05532158567646684,555,I'd wondered why it wasn't flopping around.
1350,4,14,68,86,1.255813953488372,0.05774145523777671,555,It's a little light on the dressing.
1350,7,8,71,86,1.255813953488372,0.06445827399666161,555,Guess you bit off more than you can chew.
1350,3,16,67,86,1.255813953488372,0.05532158567646684,555,"High fiber, low cal. Need I say more?"
1350,4,14,68,86,1.255813953488372,0.05774145523777671,555,Got to lose 100 pounds before the reunion.
1350,4,14,68,86,1.255813953488372,0.05774145523777671,555,It's the vegetarian entrée.
1350,2,18,66,86,1.255813953488372,0.052790908597419986,555,Vegan? Hardly. I'm just a mannequin-eating shark.
1350,7,8,71,86,1.255813953488372,0.06445827399666161,555,"Once you get the hang of this, we can try it with a real person."
1350,4,14,68,86,1.255813953488372,0.05774145523777671,555,Somebody already got the drumsticks.
1350,6,10,70,86,1.255813953488372,0.062299849722219976,555,"With this new administration in power, I want to be ready for more refugees."
1350,3,16,67,86,1.255813953488372,0.05532158567646684,555,Think of it as a pacifier.
1350,3,16,67,86,1.255813953488372,0.05532158567646684,555,They never taste like they do in the store.
1350,6,10,70,86,1.255813953488372,0.062299849722219976,555,You killed someone unarmed?!
1350,4,14,68,86,1.255813953488372,0.05774145523777671,555,I think the dressing gives them more flavor.
1350,6,10,70,86,1.255813953488372,0.062299849722219976,555,Wadaya mean it's not real meat?
1350,3,16,67,86,1.255813953488372,0.05532158567646684,555,It's supposed to help with cravings.
1350,3,16,67,86,1.255813953488372,0.05532158567646684,555,Tastes artificial.
1350,7,8,71,86,1.255813953488372,0.06445827399666161,555,I thought your profile said you were a man-eater.
1350,0,22,64,86,1.255813953488372,0.04732530409945752,555,My doctor has put me on a low-fat diet.
1350,6,10,70,86,1.255813953488372,0.062299849722219976,555,"Fashion Week, meet Shark Week!"
1350,2,18,66,86,1.255813953488372,0.052790908597419986,555,I like window shopping but it's never as satisfying.
1350,6,10,70,86,1.255813953488372,0.062299849722219976,555,You know mannequins are a gateway food.
1350,3,16,67,86,1.255813953488372,0.05532158567646684,555,No flavor but they're a good source of fiber.
1350,4,14,68,86,1.255813953488372,0.05774145523777671,555,It's gluten-free
1350,1,20,65,86,1.255813953488372,0.05013264624297865,555,It's incredible--they're just GIVING this stuff away!
1350,2,18,66,86,1.255813953488372,0.052790908597419986,555,That's is not my idea of an anniversary gift.
1350,5,12,69,86,1.255813953488372,0.060063911495953054,555,I thought you said they taste like chicken.
1350,2,18,66,86,1.255813953488372,0.052790908597419986,555,My doctor wants me to eat more fiber.
1350,5,12,69,86,1.255813953488372,0.060063911495953054,555,Value meal from the Great Pacific Garbage Patch.
1350,3,16,67,86,1.255813953488372,0.05532158567646684,555,I'll stick with organic.
1350,1,20,65,86,1.255813953488372,0.05013264624297865,555,I just don't remember them being this crunchy.
1350,4,14,68,86,1.255813953488372,0.05774145523777671,555,It's only three points.
1350,6,10,70,86,1.255813953488372,0.062299849722219976,555,Alternative fish
1350,4,14,68,86,1.255813953488372,0.05774145523777671,555,"Hormone-free, pesticide-free, antibiotic-free, non-GMO... but there's something about the texture."
1350,4,14,68,86,1.255813953488372,0.05774145523777671,555,This one's a little al dente.
1350,5,12,69,86,1.255813953488372,0.060063911495953054,555,I'm starting a high fiber diet.
1350,7,8,71,86,1.255813953488372,0.06445827399666161,555,Where's the beef?
1350,5,12,69,86,1.255813953488372,0.060063911495953054,555,Gluten-free just isn't the same.
1350,7,8,71,86,1.255813953488372,0.06445827399666161,555,"Now, Bobby, in a real feeding frenzy there'll be a whole lot of flailing."
1350,7,8,71,86,1.255813953488372,0.06445827399666161,555,You do realize that you've been played?
1350,3,16,67,86,1.255813953488372,0.05532158567646684,555,Do I have anything on my teeth?
1350,4,14,68,86,1.255813953488372,0.05774145523777671,555,I don't think veganism is for us.
1350,6,10,70,86,1.255813953488372,0.062299849722219976,555,Everybody else was marching!
1520,3,16,68,87,1.2528735632183907,0.05476100733408983,555,Here's a fact: some dummies are harder to swallow.
1520,4,14,69,87,1.2528735632183907,0.05714959431707434,555,I should've realized it was too good to be true.
1520,2,18,67,87,1.2528735632183907,0.052263368795766554,555,She looked a lot better dressed to the teeth.
1520,5,12,70,87,1.2528735632183907,0.05944227735348059,555,Dietician's Recommendation.
1520,3,16,68,87,1.2528735632183907,0.05476100733408983,555,I started dating a vegan.
1520,3,16,68,87,1.2528735632183907,0.05476100733408983,555,"Actually, I think a Riesling would go best with this."
1520,3,16,68,87,1.2528735632183907,0.05476100733408983,555,It's part of the low calorie South Beach Diet.
1520,6,10,71,87,1.2528735632183907,0.06164975704193851,555,I've never outgrown my childhood pacifier.
1520,6,10,71,87,1.2528735632183907,0.06164975704193851,555,You got ripped off. The best parts are the wings and drumsticks/
1520,6,10,71,87,1.2528735632183907,0.06164975704193851,555,It's a plant-based surfer substitute.
1520,4,14,69,87,1.2528735632183907,0.05714959431707434,555,"Not the ""Mannequin overboard!"" trick again!"
1520,6,10,71,87,1.2528735632183907,0.06164975704193851,555,It's an aggressifier.
1520,3,16,68,87,1.2528735632183907,0.05476100733408983,555,It's got a lot less calories.
1520,5,12,70,87,1.2528735632183907,0.05944227735348059,555,That was better. I think you're ready for the real thing.
1520,3,16,68,87,1.2528735632183907,0.05476100733408983,555,And I thought the artificial crab was bad.
1520,2,18,67,87,1.2528735632183907,0.052263368795766554,555,Cream-filled are better.
1520,6,10,71,87,1.2528735632183907,0.06164975704193851,555,I prefer the soft kind.
1520,6,10,71,87,1.2528735632183907,0.06164975704193851,555,No bloody good.
1538,4,13,68,85,1.2470588235294118,0.05774929481166006,555,How many times have I told you this? Never go for the first one.
1538,4,13,68,85,1.2470588235294118,0.05774929481166006,555,"Me, I prefer organic."
1538,5,11,69,85,1.2470588235294118,0.060125644246543875,555,I didn't know you were into genetically modified food.
1538,5,11,69,85,1.2470588235294118,0.060125644246543875,555,This tastes much better in person.
1538,4,13,68,85,1.2470588235294118,0.05774929481166006,555,Gluten free!
1538,3,15,67,85,1.2470588235294118,0.05527086941984991,555,"All fiber, no flavor."
1538,3,15,67,85,1.2470588235294118,0.05527086941984991,555,"While not quite as tasty as people, these are gluten-free."
1538,4,13,68,85,1.2470588235294118,0.05774929481166006,555,"From below, I thought I was getting Kellyanne Conway."
1538,4,13,68,85,1.2470588235294118,0.05774929481166006,555,They were having a sale.
1538,5,11,69,85,1.2470588235294118,0.060125644246543875,555,I use it to floss between meals.
1538,5,11,69,85,1.2470588235294118,0.060125644246543875,555,"Way too easy Bob. No chase, no terrified look, no thrashing, no screaming, not even any blood. Hardly worth the effort."
1538,6,9,70,85,1.2470588235294118,0.0624115785802593,555,They're never as good as the organic one's.
1538,4,13,68,85,1.2470588235294118,0.05774929481166006,555,Being a mannequin-eating shark just seems less controversial.
1538,4,13,68,85,1.2470588235294118,0.05774929481166006,555,"She may not be perfect, but she's mine."
1538,2,17,66,85,1.2470588235294118,0.05267596189542411,555,"I'm sorry, but ""vicious mannequin eater"" just doesn't have the same ring to it"
1538,3,15,67,85,1.2470588235294118,0.05527086941984991,555,I can eat the things I want and still lose weight!
1538,4,13,68,85,1.2470588235294118,0.05774929481166006,555,"I read it in ""Shark attacks for Dummies""."
1538,4,13,68,85,1.2470588235294118,0.05774929481166006,555,The fashion industry has always been a shark tank.
1538,4,13,68,85,1.2470588235294118,0.05774929481166006,555,"I'm telling you, GMO's are going to kill you!"
1538,5,11,69,85,1.2470588235294118,0.060125644246543875,555,Did you order from Amazon ?
1538,3,15,67,85,1.2470588235294118,0.05527086941984991,555,"I know, but at least it's vegan and gluten free."
1538,5,11,69,85,1.2470588235294118,0.060125644246543875,555,You just need a little sriracha for this one.
1538,5,11,69,85,1.2470588235294118,0.060125644246543875,555,It's just not as good as organic.
1538,7,7,71,85,1.2470588235294118,0.06461669432660423,555,"I said bring back man or kin, not mannequin."
1538,3,15,67,85,1.2470588235294118,0.05527086941984991,555,Why can’t you find yourself a nice girl?
1538,7,7,71,85,1.2470588235294118,0.06461669432660423,555,Filene's Basement or Bloomingdale's ?
1538,4,13,68,85,1.2470588235294118,0.05774929481166006,555,It doesn't taste like chicken.
1538,3,15,67,85,1.2470588235294118,0.05527086941984991,555,I can't quite get my teeth into this one
1538,5,11,69,85,1.2470588235294118,0.060125644246543875,555,"I dunno, I just assumed it was a chew toy."
1538,4,13,68,85,1.2470588235294118,0.05774929481166006,555,I keep telling you. Go after the ones who are moving.
1538,3,15,67,85,1.2470588235294118,0.05527086941984991,555,Super models are starting to lose flavor to me.
1538,6,9,70,85,1.2470588235294118,0.0624115785802593,555,"It tastes like chicken, but the sequins are wrecking my stomach."
1538,4,13,68,85,1.2470588235294118,0.05774929481166006,555,"It says it's low in calories, but it leaves a funny aftertaste!"
1538,5,11,69,85,1.2470588235294118,0.060125644246543875,555,That doesn't make you a vegetarian.
1538,5,11,69,85,1.2470588235294118,0.060125644246543875,555,I'm still looking for red meat alternatives.
1538,3,15,67,85,1.2470588235294118,0.05527086941984991,555,Doc says I need less human and more fiber.
1538,3,15,67,85,1.2470588235294118,0.05527086941984991,555,It's part of the new Swim Fast diet.
1538,2,17,66,85,1.2470588235294118,0.05267596189542411,555,I told you no fake food!
1538,4,13,68,85,1.2470588235294118,0.05774929481166006,555,Going vegan has its downsides.
1538,3,15,67,85,1.2470588235294118,0.05527086941984991,555,The one leg should have given it away.
1538,5,11,69,85,1.2470588235294118,0.060125644246543875,555,This one must be an American woman. It's REALLY tough.
1538,3,15,67,85,1.2470588235294118,0.05527086941984991,555,This one tastes a little off.
1538,5,11,69,85,1.2470588235294118,0.060125644246543875,555,I don't know what you like about them. They are just so bland.
1538,5,11,69,85,1.2470588235294118,0.060125644246543875,555,"Don't laugh, but yeah, I AM trying to quit."
1538,2,17,66,85,1.2470588235294118,0.05267596189542411,555,"I know, I know, more empty calories."
1538,2,17,66,85,1.2470588235294118,0.05267596189542411,555,I'm starting to get tired of this high fiber diet
1538,4,13,68,85,1.2470588235294118,0.05774929481166006,555,It's mostly just for selfies.
1538,5,11,69,85,1.2470588235294118,0.060125644246543875,555,What do you mean I have bad taste?
1538,3,15,67,85,1.2470588235294118,0.05527086941984991,555,This must be that genetically modified stuff.
1538,3,15,67,85,1.2470588235294118,0.05527086941984991,555,Junior left his teething toy in the sandbox again.
1538,3,15,67,85,1.2470588235294118,0.05527086941984991,555,I'm trying to incorporate more fiber into my diet.
1538,5,11,69,85,1.2470588235294118,0.060125644246543875,555,"It's gluten-free, non-GMO, and vegan."
1538,2,17,66,85,1.2470588235294118,0.05267596189542411,555,I'm dieting until Fashion Week.
1538,4,13,68,85,1.2470588235294118,0.05774929481166006,555,Slim pickens
1538,2,17,66,85,1.2470588235294118,0.05267596189542411,555,Do you feel cheated?
1538,5,11,69,85,1.2470588235294118,0.060125644246543875,555,"Fine, I'll go vegan."
1538,4,13,68,85,1.2470588235294118,0.05774929481166006,555,Enough of this Fake Food!
1538,1,19,65,85,1.2470588235294118,0.049946420460231636,555,This high fiber diet is killing me
1538,2,17,66,85,1.2470588235294118,0.05267596189542411,555,I've got to cut down on processed foods.
1538,1,19,65,85,1.2470588235294118,0.049946420460231636,555,I can't give up my pacifier.
1538,3,15,67,85,1.2470588235294118,0.05527086941984991,555,"They said they were having a ""Great White"" sale. I felt misled."
1538,6,9,70,85,1.2470588235294118,0.0624115785802593,555,What have I told you about empty calories??
1538,4,13,68,85,1.2470588235294118,0.05774929481166006,555,"It's definitely a mannequin, but it wasn't much of a challenge."
1538,3,15,67,85,1.2470588235294118,0.05527086941984991,555,I thought it was just another nudist beach.
1538,4,13,68,85,1.2470588235294118,0.05774929481166006,555,The stunning outfit fooled me
1538,4,13,68,85,1.2470588235294118,0.05774929481166006,555,I think it's some kind of gluten-free human.
1538,3,15,67,85,1.2470588235294118,0.05527086941984991,555,I chew on this when I have a craving for a swimmer.
1538,4,13,68,85,1.2470588235294118,0.05774929481166006,555,There's no accounting for taste.
1538,1,19,65,85,1.2470588235294118,0.049946420460231636,555,"I'm nearly down to my targeted weight, plus my teeth are much whiter."
1538,5,11,69,85,1.2470588235294118,0.060125644246543875,555,Do you have any floss?
1538,7,7,71,85,1.2470588235294118,0.06461669432660423,555,"Son, it's time to put away your binky and chow down on some real meat."
1538,3,15,67,85,1.2470588235294118,0.05527086941984991,555,I saw it in the stores window and couldn't resist!
1538,3,15,67,85,1.2470588235294118,0.05527086941984991,555,Do you always bring your Oscar with you on first dates?
1538,6,9,70,85,1.2470588235294118,0.0624115785802593,555,I've got to see someone about these cataracts.
1538,4,13,68,85,1.2470588235294118,0.05774929481166006,555,What can I say? I need the roughage.
1538,5,11,69,85,1.2470588235294118,0.060125644246543875,555,She was attractive until her clothes washed off.
1538,4,13,68,85,1.2470588235294118,0.05774929481166006,555,It's not what it looks like!
1538,3,15,67,85,1.2470588235294118,0.05527086941984991,555,It's gluten-free
1538,2,17,66,85,1.2470588235294118,0.05267596189542411,555,Placebo effect. Gets me every time.
1538,3,15,67,85,1.2470588235294118,0.05527086941984991,555,Gluten free!
1538,6,9,70,85,1.2470588235294118,0.0624115785802593,555,"You know that's not a real person, right?"
1538,5,11,69,85,1.2470588235294118,0.060125644246543875,555,"I tried the organic versions, but found them too fatty."
1538,5,11,69,85,1.2470588235294118,0.060125644246543875,555,"I said, ""Find a nice SAILOR."""
1538,5,11,69,85,1.2470588235294118,0.060125644246543875,555,"Don't look at me like that. It's an ""alternative"" human."
1538,5,11,69,85,1.2470588235294118,0.060125644246543875,555,I see this as a call to arms.
1538,4,13,68,85,1.2470588235294118,0.05774929481166006,555,I like the way it doesn't taste too human-y.
1538,7,7,71,85,1.2470588235294118,0.06461669432660423,555,Do you have any salt?
1538,4,13,68,85,1.2470588235294118,0.05774929481166006,555,Tastes bad but I can't resist a bargain.
1538,2,17,66,85,1.2470588235294118,0.05267596189542411,555,"More fiber, fewer calories."
1538,5,11,69,85,1.2470588235294118,0.060125644246543875,555,I am going meatless.
1538,3,15,67,85,1.2470588235294118,0.05527086941984991,555,She's a chum of mine.
1538,3,15,67,85,1.2470588235294118,0.05527086941984991,555,"No struggle and the taste is lousy, but it's good practice."
1538,3,15,67,85,1.2470588235294118,0.05527086941984991,555,Mannequin: the new kale.
1538,4,13,68,85,1.2470588235294118,0.05774929481166006,555,Not much meat on this one.
1538,3,15,67,85,1.2470588235294118,0.05527086941984991,555,Looks like someone's been to the maul!
1538,2,17,66,85,1.2470588235294118,0.05267596189542411,555,"No thanks, I'm strictly organic."
1538,3,15,67,85,1.2470588235294118,0.05527086941984991,555,How do you like going protein free?
1538,4,13,68,85,1.2470588235294118,0.05774929481166006,555,"Tastes great, and less filling"
1538,6,9,70,85,1.2470588235294118,0.0624115785802593,555,"It's ""alternative"" food."
1538,6,9,70,85,1.2470588235294118,0.0624115785802593,555,Was there dressing when you found it?
1538,7,7,71,85,1.2470588235294118,0.06461669432660423,555,I'm switching to the patch next week.
1538,5,11,69,85,1.2470588235294118,0.060125644246543875,555,It's getting harder to find a real meal down here.
1538,2,17,66,85,1.2470588235294118,0.05267596189542411,555,"Empty calories, but so satisfying."
1538,4,13,68,85,1.2470588235294118,0.05774929481166006,555,I'm told it's alternative fare.
1538,3,15,67,85,1.2470588235294118,0.05527086941984991,555,Atkins.
1538,6,9,70,85,1.2470588235294118,0.0624115785802593,555,you gonna wash that down with a non-alcoholic beer?
1538,4,13,68,85,1.2470588235294118,0.05774929481166006,555,They are just not as tasty as they used to be.
1538,4,13,68,85,1.2470588235294118,0.05774929481166006,555,It's a placebo
1538,2,17,66,85,1.2470588235294118,0.05267596189542411,555,The patch didn't work for me.
1538,3,15,67,85,1.2470588235294118,0.05527086941984991,555,...and it has fewer calories.
1538,3,15,67,85,1.2470588235294118,0.05527086941984991,555,This one doesn't taste like chicken!
1538,3,15,67,85,1.2470588235294118,0.05527086941984991,555,It wasn't a challenge at all
1538,1,19,65,85,1.2470588235294118,0.049946420460231636,555,Doctor said I should eat more fibre
1538,3,15,67,85,1.2470588235294118,0.05527086941984991,555,I wish everything didn't look like seals to us.
1538,4,13,68,85,1.2470588235294118,0.05774929481166006,555,When did you go vegan?
1538,5,11,69,85,1.2470588235294118,0.060125644246543875,555,Fashionable diets never work.
1538,4,13,68,85,1.2470588235294118,0.05774929481166006,555,"It's vegan, and gluten free."
1538,4,13,68,85,1.2470588235294118,0.05774929481166006,555,Someone already ate the arms.
1538,7,7,71,85,1.2470588235294118,0.06461669432660423,555,"No, I said, ""I'm craving man, again!"""
1538,4,13,68,85,1.2470588235294118,0.05774929481166006,555,Are you kidding me? There's gluten in this too?
1538,4,13,68,85,1.2470588235294118,0.05774929481166006,555,Low fat and clothing-free!
1538,6,9,70,85,1.2470588235294118,0.0624115785802593,555,You know how you just have to eat the fries out of the bag on the way home?
1538,5,11,69,85,1.2470588235294118,0.060125644246543875,555,No flavor. I'm returning this one.
1538,2,17,66,85,1.2470588235294118,0.05267596189542411,555,Empty calories
1538,3,15,67,85,1.2470588235294118,0.05527086941984991,555,It's hard being a vegan.
1538,2,17,66,85,1.2470588235294118,0.05267596189542411,555,It's a practice dummy.
1538,2,17,66,85,1.2470588235294118,0.05267596189542411,555,I enjoy my dinner more now without all that feeding frenzy stuff
1538,4,13,68,85,1.2470588235294118,0.05774929481166006,555,You have 30 minutes to pick out your material and to get back to the workshop to make it work.
1538,7,7,71,85,1.2470588235294118,0.06461669432660423,555,Going vegan is just not working for me.
1538,5,11,69,85,1.2470588235294118,0.060125644246543875,555,Save me some stuffing.
1538,4,13,68,85,1.2470588235294118,0.05774929481166006,555,"It's the new high fiber, low carb diet."
1538,5,11,69,85,1.2470588235294118,0.060125644246543875,555,"The mannequin challenge, it's all the rage up there!"
1538,7,7,71,85,1.2470588235294118,0.06461669432660423,555,"Don't worry, son. the real ones taste like chicken."
1538,3,15,67,85,1.2470588235294118,0.05527086941984991,555,I've gone high-fiber.
1538,3,15,67,85,1.2470588235294118,0.05527086941984991,555,"Great job! Ok, two more practice bites and your ready for the real thing,"
1538,4,13,68,85,1.2470588235294118,0.05774929481166006,555,Dummy! It is a dummy.
1538,6,9,70,85,1.2470588235294118,0.0624115785802593,555,It's restaurant week at Macy's
1538,6,9,70,85,1.2470588235294118,0.0624115785802593,555,Tasteless. Must be a late light comedian.
1538,5,11,69,85,1.2470588235294118,0.060125644246543875,555,"I usually like arms, but these tasted like cardboard."
1538,8,5,72,85,1.2470588235294118,0.06674900171924474,555,I see those prankster dolphins got the best of you again.
1538,7,7,71,85,1.2470588235294118,0.06461669432660423,555,Aren't you a little old for a pacifier?0
1538,5,11,69,85,1.2470588235294118,0.060125644246543875,555,Its a teething ring for the baby.
1538,5,11,69,85,1.2470588235294118,0.060125644246543875,555,"Yeah, not a lot of meat on her, but without arms and legs she was a cinch to catch."
1538,4,13,68,85,1.2470588235294118,0.05774929481166006,555,"No, darling, we're MAN-eating sharks, not manikin . . ."
1538,4,13,68,85,1.2470588235294118,0.05774929481166006,555,This one is crunchy on the outside ....somethings up.
1538,4,13,68,85,1.2470588235294118,0.05774929481166006,555,"And when you graduate, it's REALLY fun because they're all squirmy and they taste great!"
1538,3,15,67,85,1.2470588235294118,0.05527086941984991,555,"It looks stupid, but I haven't had a desire for a cigarette in weeks."
1538,3,15,67,85,1.2470588235294118,0.05527086941984991,555,How did you know I like my dressing on the side?
1538,5,11,69,85,1.2470588235294118,0.060125644246543875,555,All I could find was leftovers.
1538,5,11,69,85,1.2470588235294118,0.060125644246543875,555,Don't judge me!
1538,4,13,68,85,1.2470588235294118,0.05774929481166006,555,"No it's not a fake person, it's called an alternative human. Just as good but bit harder to swallow"
1538,4,13,68,85,1.2470588235294118,0.05774929481166006,555,It helps reduce the cravings.
1538,3,15,67,85,1.2470588235294118,0.05527086941984991,555,It's just a practice run.
1538,5,11,69,85,1.2470588235294118,0.060125644246543875,555,"Don't swallow, Henry. It's obviously clickbait."
1538,4,13,68,85,1.2470588235294118,0.05774929481166006,555,I'm going gluten-free.
1538,5,11,69,85,1.2470588235294118,0.060125644246543875,555,Just when you think you've seen every fishing hook...
1538,4,13,68,85,1.2470588235294118,0.05774929481166006,555,"They don't taste as good as real human, but they contain far fewer artificial preservatives."
1538,5,11,69,85,1.2470588235294118,0.060125644246543875,555,"Use this for the rehearsal and your cue is, ""We're gonna need a bigger boat."""
1538,3,15,67,85,1.2470588235294118,0.05527086941984991,555,They'll label anything organic these days!
1538,3,15,67,85,1.2470588235294118,0.05527086941984991,555,I've got to get off this junk food diet.
1538,5,11,69,85,1.2470588235294118,0.060125644246543875,555,"Not as much flavor, but zero calories."
1538,5,11,69,85,1.2470588235294118,0.060125644246543875,555,I prefer to call it 'alternative' food.
1538,5,11,69,85,1.2470588235294118,0.060125644246543875,555,They're baiting you.
1538,4,13,68,85,1.2470588235294118,0.05774929481166006,555,It's lower in calories
1538,4,13,68,85,1.2470588235294118,0.05774929481166006,555,Trump just removed all regulations concerning human consumption.
1538,5,11,69,85,1.2470588235294118,0.060125644246543875,555,"It's a rare relic from back when there was a thing called ""land""."
1538,2,17,66,85,1.2470588235294118,0.05267596189542411,555,These low calorie versions are never as filling.
1538,4,13,68,85,1.2470588235294118,0.05774929481166006,555,It's imitation human
1538,6,9,70,85,1.2470588235294118,0.0624115785802593,555,I don't like 'seconds'..... do you want it?
1538,3,15,67,85,1.2470588235294118,0.05527086941984991,555,I'm supposed to cut back on red meat.
1538,2,17,66,85,1.2470588235294118,0.05267596189542411,555,I'm trying to add more fiber to my diet.
1538,4,13,68,85,1.2470588235294118,0.05774929481166006,555,"They're calling it an alternative fact. The truth is, it's still hard to swallow."
1538,3,15,67,85,1.2470588235294118,0.05527086941984991,555,It tastes the same but it's half the saturated fat
1538,5,11,69,85,1.2470588235294118,0.060125644246543875,555,It's called the mannequin challenge.
1538,2,17,66,85,1.2470588235294118,0.05267596189542411,555,"Ok, so we're not as smart as chimpanzees."
1538,4,13,68,85,1.2470588235294118,0.05774929481166006,555,"It's a dummy, genius."
1538,2,17,66,85,1.2470588235294118,0.05267596189542411,555,It was on sale.
1538,4,13,68,85,1.2470588235294118,0.05774929481166006,555,This lo-cal stuff tastes like plastic.
1538,2,17,66,85,1.2470588235294118,0.05267596189542411,555,I'm on the South Beach diet.
1538,4,13,68,85,1.2470588235294118,0.05774929481166006,555,"Just chew ‘til it tingles, one a day for the first week, then taper-off until the cravings go away."
1538,6,9,70,85,1.2470588235294118,0.0624115785802593,555,"I said man-eating shark, not manne-quin shark...."
1538,0,21,64,85,1.2470588235294118,0.047058823529411764,555,I guess you can say it's an acqured taste.
1538,4,13,68,85,1.2470588235294118,0.05774929481166006,555,Shark Week trumps Fashion Week.
1538,4,13,68,85,1.2470588235294118,0.05774929481166006,555,Now I'm feeling like the real dummy here.
1538,4,13,68,85,1.2470588235294118,0.05774929481166006,555,How were the arms and legs?
1538,4,13,68,85,1.2470588235294118,0.05774929481166006,555,"More fiber,less fat."
1538,6,9,70,85,1.2470588235294118,0.0624115785802593,555,"It's ample, but devoid of character."
1538,3,15,67,85,1.2470588235294118,0.05527086941984991,555,I'm a vegetarian.
1538,5,11,69,85,1.2470588235294118,0.060125644246543875,555,Let it soak awhile!
1538,6,9,70,85,1.2470588235294118,0.0624115785802593,555,We overlap with fashion week this year.
1538,4,13,68,85,1.2470588235294118,0.05774929481166006,555,"I know, but she called me a lawyer!"
1538,6,9,70,85,1.2470588235294118,0.0624115785802593,555,Organic is way over-rated
1538,3,15,67,85,1.2470588235294118,0.05527086941984991,555,ToFuman
1538,5,11,69,85,1.2470588235294118,0.060125644246543875,555,I just couldn't stay on paleo.
1538,3,15,67,85,1.2470588235294118,0.05527086941984991,555,"You can sense a drop of blood in the water from a mile away, however your eyesight leaves something to be desired."
1538,6,9,70,85,1.2470588235294118,0.0624115785802593,555,White House applicant. Tossed for being too bright.
1538,2,17,66,85,1.2470588235294118,0.05267596189542411,555,The worst part of dieting is the substitute meals.
1538,5,11,69,85,1.2470588235294118,0.060125644246543875,555,I see you're still stuck on that fashion week meets shark week idea.
1538,3,15,67,85,1.2470588235294118,0.05527086941984991,555,I hate this GMO food.
1538,4,13,68,85,1.2470588235294118,0.05774929481166006,555,The entire contents of an Ivanka Trump sweat shop were dumped into the Indian Ocean!
1538,6,9,70,85,1.2470588235294118,0.0624115785802593,555,I think this one had way too much fiber in her diet.
1538,6,9,70,85,1.2470588235294118,0.0624115785802593,555,that's what happens when you lose your glasses
1538,4,13,68,85,1.2470588235294118,0.05774929481166006,555,I'm on a diet.
1538,5,11,69,85,1.2470588235294118,0.060125644246543875,555,Teething
1538,3,15,67,85,1.2470588235294118,0.05527086941984991,555,"They look better than they taste, but they are crunchy!"
1538,4,13,68,85,1.2470588235294118,0.05774929481166006,555,I thought it was an Oscar.
1538,2,17,66,85,1.2470588235294118,0.05267596189542411,555,"They're easy to catch, but not as much fun -- no fight or thrashing around."
1538,6,9,70,85,1.2470588235294118,0.0624115785802593,555,"When you're a shark, they let you do everything."
1538,5,11,69,85,1.2470588235294118,0.060125644246543875,555,"It's for my new paleo diet, I'm cutting out human."
1538,3,15,67,85,1.2470588235294118,0.05527086941984991,555,I don't know. The doctor seems to think it cuts down on cravings.
1538,5,11,69,85,1.2470588235294118,0.060125644246543875,555,You can't even taste the difference!
1538,5,11,69,85,1.2470588235294118,0.060125644246543875,555,"I don't know what's worse, the false teeth or my new contacts."
1538,5,11,69,85,1.2470588235294118,0.060125644246543875,555,I'm on that model diet.
1538,6,9,70,85,1.2470588235294118,0.0624115785802593,555,Genetically modified!
1538,3,15,67,85,1.2470588235294118,0.05527086941984991,555,"The sign at the sale said ""As is"". Sounded good to me."
1538,6,9,70,85,1.2470588235294118,0.0624115785802593,555,"If I say she's real, she's real. Period."
1538,5,11,69,85,1.2470588235294118,0.060125644246543875,555,"God, I hate dieting!"
1538,6,9,70,85,1.2470588235294118,0.0624115785802593,555,I couldn't stand what he was wearing.
1538,3,15,67,85,1.2470588235294118,0.05527086941984991,555,"Actually, I prefer organic."
1538,5,11,69,85,1.2470588235294118,0.060125644246543875,555,It's faux-human.
1538,2,17,66,85,1.2470588235294118,0.05267596189542411,555,I'm trying to cut down on red meat.
1538,3,15,67,85,1.2470588235294118,0.05527086941984991,555,"Yes I'm on top of the food chain, that means I can eat anything I want."
1538,3,15,67,85,1.2470588235294118,0.05527086941984991,555,Weight watchers.
1538,5,11,69,85,1.2470588235294118,0.060125644246543875,555,"It has a lot of artificial additives, but it is way lower in calories than the original version."
1538,3,15,67,85,1.2470588235294118,0.05527086941984991,555,I'm having second thoughts about meatless Mondays.
1538,6,9,70,85,1.2470588235294118,0.0624115785802593,555,If they're unarmed I pounce.
1538,3,15,67,85,1.2470588235294118,0.05527086941984991,555,"""It cost an arm and a leg, but I had to have it""!"
1538,6,9,70,85,1.2470588235294118,0.0624115785802593,555,"Nice to see you, Bob. This is my chum."
1538,4,13,68,85,1.2470588235294118,0.05774929481166006,555,I hate these no fat diets.
1538,4,13,68,85,1.2470588235294118,0.05774929481166006,555,All they had was vegan.
1538,5,11,69,85,1.2470588235294118,0.060125644246543875,555,Did you order take-out from Jo-Ann's again?
1538,5,11,69,85,1.2470588235294118,0.060125644246543875,555,I gave up cigarettes.
1538,3,15,67,85,1.2470588235294118,0.05527086941984991,555,What does Marked Down mean?
1538,4,13,68,85,1.2470588235294118,0.05774929481166006,555,"See, this way you get the sensation of eating without all the fat and calories."
1538,3,15,67,85,1.2470588235294118,0.05527086941984991,555,"Yes, it's vegan and cruelty free, but I still miss the blood flavor."
1538,6,9,70,85,1.2470588235294118,0.0624115785802593,555,"But I can eat as many mannequins as I want, whenever I want."
1538,2,17,66,85,1.2470588235294118,0.05267596189542411,555,"I opted for ""less filling."""
1538,4,13,68,85,1.2470588235294118,0.05774929481166006,555,I'm trying to avoid gluten.
1538,6,9,70,85,1.2470588235294118,0.0624115785802593,555,I'm rethinking this vegan diet thing
1538,5,11,69,85,1.2470588235294118,0.060125644246543875,555,F I S H I N G F O R D U M M I E S
1538,3,15,67,85,1.2470588235294118,0.05527086941984991,555,"Can you believe, someone just threw this chew toy away"
1538,3,15,67,85,1.2470588235294118,0.05527086941984991,555,I got something for the kids to play with....
1538,4,13,68,85,1.2470588235294118,0.05774929481166006,555,Looks like another case of alternative facts.
1538,4,13,68,85,1.2470588235294118,0.05774929481166006,555,What!? You said I needed more fiber.
1538,3,15,67,85,1.2470588235294118,0.05527086941984991,555,"Are you eating processed foods, again?"
1538,5,11,69,85,1.2470588235294118,0.060125644246543875,555,I'm getting in shape for beach season
1538,2,17,66,85,1.2470588235294118,0.05267596189542411,555,"It's the imitation kind. Not as good as the real thing, but low fat."
1538,3,15,67,85,1.2470588235294118,0.05527086941984991,555,"Hook, Fall line and sinker."
1538,5,11,69,85,1.2470588235294118,0.060125644246543875,555,Now even people are being made of plastic.
1538,3,15,67,85,1.2470588235294118,0.05527086941984991,555,Doc says I need more fiber in my diet.
1538,4,13,68,85,1.2470588235294118,0.05774929481166006,555,But I like empty calories.
1538,5,11,69,85,1.2470588235294118,0.060125644246543875,555,Will Amazon exchange this for a real one?
1538,3,15,67,85,1.2470588235294118,0.05527086941984991,555,Not a big fan of Meatless Mondays.
1538,5,11,69,85,1.2470588235294118,0.060125644246543875,555,Start with this and gradually work your way up to real people.
1538,5,11,69,85,1.2470588235294118,0.060125644246543875,555,How awful! I hope you can return it.
1538,2,17,66,85,1.2470588235294118,0.05267596189542411,555,It was the only gluten-free option.
1538,6,9,70,85,1.2470588235294118,0.0624115785802593,555,I can't. I have homework.
1538,4,13,68,85,1.2470588235294118,0.05774929481166006,555,"No, this is the lite version"
1538,2,17,66,85,1.2470588235294118,0.05267596189542411,555,These artificial lures fool me every time.
1538,2,17,66,85,1.2470588235294118,0.05267596189542411,555,They were all out of the fresh stuff.
1538,3,15,67,85,1.2470588235294118,0.05527086941984991,555,I'm told it still has a full body flavor- but less calories
1538,5,11,69,85,1.2470588235294118,0.060125644246543875,555,I thought she seemed kind of slow...
1538,5,11,69,85,1.2470588235294118,0.060125644246543875,555,'I guess you fell for the alternative bait.'
1538,6,9,70,85,1.2470588235294118,0.0624115785802593,555,I should have had that Lasik done.
1538,6,9,70,85,1.2470588235294118,0.0624115785802593,555,"Shark Week, Fashion Week, I can't keep track"
1538,3,15,67,85,1.2470588235294118,0.05527086941984991,555,"This has no nutritional value, but it reduces my cravings!"
1538,5,11,69,85,1.2470588235294118,0.060125644246543875,555,He looked tasty but some parts are missing.
1538,6,9,70,85,1.2470588235294118,0.0624115785802593,555,What do you mean by empty calories?
1538,4,13,68,85,1.2470588235294118,0.05774929481166006,555,I hate this high-fiber diet.
1538,3,15,67,85,1.2470588235294118,0.05527086941984991,555,"The flooded cities are interesting, but most of the good stuff is already gone."
1538,2,17,66,85,1.2470588235294118,0.05267596189542411,555,Are you sure that you're getting enough fiber on this diet?
1538,7,7,71,85,1.2470588235294118,0.06461669432660423,555,When is this fucking acid going to wear off?
1538,5,11,69,85,1.2470588235294118,0.060125644246543875,555,"Whole Foods, why do you ask?"
1538,4,13,68,85,1.2470588235294118,0.05774929481166006,555,"Pardon me, but do you have any Grey Poupon?"
1538,4,13,68,85,1.2470588235294118,0.05774929481166006,555,"I've lost weight, but it's hard to stick to."
1538,4,13,68,85,1.2470588235294118,0.05774929481166006,555,I think I'll consider that Lasik surgery.
1538,4,13,68,85,1.2470588235294118,0.05774929481166006,555,I just hate going gluten free.
1538,2,17,66,85,1.2470588235294118,0.05267596189542411,555,These low calorie snacks are never as tasty.
1538,5,11,69,85,1.2470588235294118,0.060125644246543875,555,I call it an alternative human
1538,2,17,66,85,1.2470588235294118,0.05267596189542411,555,The popsicle stick seems sort of unnecessary.
1538,6,9,70,85,1.2470588235294118,0.0624115785802593,555,Have you always been a vegan?
1538,4,13,68,85,1.2470588235294118,0.05774929481166006,555,"Ugh, I hate imitation human."
1538,3,15,67,85,1.2470588235294118,0.05527086941984991,555,I was lucky. Some are armed and dangerous.
1538,2,17,66,85,1.2470588235294118,0.05267596189542411,555,"No really, it's only half the calories."
1538,6,9,70,85,1.2470588235294118,0.0624115785802593,555,"You haven't learned much in that charter school, have you?"
1538,5,11,69,85,1.2470588235294118,0.060125644246543875,555,I can't believe it's not boater!
1538,5,11,69,85,1.2470588235294118,0.060125644246543875,555,I told you from the get-go that I don't cook and I certainly don't sew.
1538,2,17,66,85,1.2470588235294118,0.05267596189542411,555,These mail-order diets are just filled with empty calories.
1538,4,13,68,85,1.2470588235294118,0.05774929481166006,555,All that junk food will kill you.
1538,5,11,69,85,1.2470588235294118,0.060125644246543875,555,"It's works, but I still get the urge."
1538,2,17,66,85,1.2470588235294118,0.05267596189542411,555,These things always show up around Fashion Week.
1829,5,11,70,86,1.244186046511628,0.05949179784969777,555,Macys is just giving 'em away.
1829,3,15,68,86,1.244186046511628,0.05469989386602394,555,We're man-eaters not mannequin eaters silly.
1829,5,11,70,86,1.244186046511628,0.05949179784969777,555,Take it . . . I left the best parts for you!
1829,4,13,69,86,1.244186046511628,0.05714609523118613,555,But how do you get your protein?
1829,4,13,69,86,1.244186046511628,0.05714609523118613,555,It's alternative prey.
1829,3,15,68,86,1.244186046511628,0.05469989386602394,555,Working on my technique.
1829,4,13,69,86,1.244186046511628,0.05714609523118613,555,"No, it's just an ALTERNATIVE human."
1829,6,9,71,86,1.244186046511628,0.0617484560341942,555,Still teething?
1829,5,11,70,86,1.244186046511628,0.05949179784969777,555,But you said no more junk food.
1829,5,11,70,86,1.244186046511628,0.05949179784969777,555,its an alt-man
1829,3,15,68,86,1.244186046511628,0.05469989386602394,555,"It's a cleanse, not a diet."
1829,3,15,68,86,1.244186046511628,0.05469989386602394,555,The alternative fact is that this is a human.
1829,4,13,69,86,1.244186046511628,0.05714609523118613,555,Mannequin-eater
1829,5,11,70,86,1.244186046511628,0.05949179784969777,555,"I'm reading ""Carnivores For Dummies."""
1829,4,13,69,86,1.244186046511628,0.05714609523118613,555,I'm a vegan now.
1829,5,11,70,86,1.244186046511628,0.05949179784969777,555,You can believe its not human.
1829,1,19,66,86,1.244186046511628,0.049445755798847524,555,Leftovers again?
1829,5,11,70,86,1.244186046511628,0.05949179784969777,555,"I think they said, ""Mannequin overboard!"""
1847,3,15,69,87,1.2413793103448276,0.054140306109441066,555,No wonder they didn't use you for Jaws.
1848,1,18,65,84,1.2380952380952381,0.049723987508531534,555,It's low-fat.
1848,6,8,70,84,1.2380952380952381,0.06250426863001379,555,"I'm teething, mommy."
1848,4,12,68,84,1.2380952380952381,0.057732660874787296,555,This has more fiber and is healthier than eating high fat humans.
1848,3,14,67,84,1.2380952380952381,0.055192376276423635,555,It was a stand-in at a remake of Jaws 3
1848,4,12,68,84,1.2380952380952381,0.057732660874787296,555,The organic ones have a lot more flavor.
1848,6,8,70,84,1.2380952380952381,0.06250426863001379,555,Did you win that for Jaws or the sequel?
1848,5,10,69,84,1.2380952380952381,0.060165786493056504,555,Dummies for Sharks
1848,5,10,69,84,1.2380952380952381,0.060165786493056504,555,I was auditioning for Jaws 4
1848,7,6,71,84,1.2380952380952381,0.06475836107884288,555,Do you think this would look fat in me?
1848,3,14,67,84,1.2380952380952381,0.055192376276423635,555,"Well, it looked like a person when it was dressed."
1848,4,12,68,84,1.2380952380952381,0.057732660874787296,555,It's called a training tool son
1848,4,12,68,84,1.2380952380952381,0.057732660874787296,555,Those 100 calorie snack packs are a Godsend.
1848,4,12,68,84,1.2380952380952381,0.057732660874787296,555,Gluten-free human just doesn't taste the same.
1848,4,12,68,84,1.2380952380952381,0.057732660874787296,555,That your last one before you go live?
1848,5,10,69,84,1.2380952380952381,0.060165786493056504,555,"With all the debris in the ocean, I think I'm developing a taste for plastic."
1848,3,14,67,84,1.2380952380952381,0.055192376276423635,555,Uh oh...Fake chews!
1848,6,8,70,84,1.2380952380952381,0.06250426863001379,555,"The mannequin-eater shark, feared by dummies everywhere."
1848,2,16,66,84,1.2380952380952381,0.05252938859717925,555,That new vegetarian restaurant just opened up.
1848,4,12,68,84,1.2380952380952381,0.057732660874787296,555,Appetizer.
1848,2,16,66,84,1.2380952380952381,0.05252938859717925,555,I need to up my fiber intake.
1848,4,12,68,84,1.2380952380952381,0.057732660874787296,555,I got it for the kids.
1848,3,14,67,84,1.2380952380952381,0.055192376276423635,555,"I'm so hungry, I could eat a clothes horse."
1848,6,8,70,84,1.2380952380952381,0.06250426863001379,555,"It's a real live person, as a matter of alternative fact."
1848,3,14,67,84,1.2380952380952381,0.055192376276423635,555,Enough with the fiber. Eat some protein!
1848,6,8,70,84,1.2380952380952381,0.06250426863001379,555,Eating it without the buns really cuts the calories.
1848,7,6,71,84,1.2380952380952381,0.06475836107884288,555,"You got the dummy, Dummy. You know I prefer the wings and legs"
1848,5,10,69,84,1.2380952380952381,0.060165786493056504,555,I think you need to have your eyes examined!
1848,2,16,66,84,1.2380952380952381,0.05252938859717925,555,At least it's easier than going cold human.
1848,4,12,68,84,1.2380952380952381,0.057732660874787296,555,"When you said he issued you a gag order, you weren't kidding."
1848,5,10,69,84,1.2380952380952381,0.060165786493056504,555,This must be some kind of cruel hoax.
1848,5,10,69,84,1.2380952380952381,0.060165786493056504,555,"Sorry I'm late, it was a frenzy in there."
1848,7,6,71,84,1.2380952380952381,0.06475836107884288,555,You promised that you were going to save the arms for me!
1848,4,12,68,84,1.2380952380952381,0.057732660874787296,555,"No, it's not as tasty as the real thing, - but it really does save calories."
1848,3,14,67,84,1.2380952380952381,0.055192376276423635,555,This isn't what it looks like.
1848,5,10,69,84,1.2380952380952381,0.060165786493056504,555,Taste like rubber chicken.
1848,3,14,67,84,1.2380952380952381,0.055192376276423635,555,I'm a man-eater. Does this look like a placebo to you?
1848,4,12,68,84,1.2380952380952381,0.057732660874787296,555,"It's called the mannequin challenge, I think."
1848,4,12,68,84,1.2380952380952381,0.057732660874787296,555,I've had it with the Mediterranean Diet.
1848,3,14,67,84,1.2380952380952381,0.055192376276423635,555,Here- practice on this.
1848,5,10,69,84,1.2380952380952381,0.060165786493056504,555,Mannequin? It's a human...get your alternative facts straight!
1848,5,10,69,84,1.2380952380952381,0.060165786493056504,555,It's cruelty-free and tastes almost like the real thing.
1848,5,10,69,84,1.2380952380952381,0.060165786493056504,555,"Whatever this is, it's not worth a feeding frenzy."
1848,4,12,68,84,1.2380952380952381,0.057732660874787296,555,"It's a people pop, and it's half the carbs."
1848,2,16,66,84,1.2380952380952381,0.05252938859717925,555,Get your own chew toy.
1848,3,14,67,84,1.2380952380952381,0.055192376276423635,555,"Look Mom, I'm a Great White Retriever."
1848,2,16,66,84,1.2380952380952381,0.05252938859717925,555,They taste better when served on a surfboard.
1848,3,14,67,84,1.2380952380952381,0.055192376276423635,555,I just want to say one word to you: plastic.
1848,4,12,68,84,1.2380952380952381,0.057732660874787296,555,I got it at the Sears liquidation sale.
1848,6,8,70,84,1.2380952380952381,0.06250426863001379,555,You wouldn't like it. Tastes like cardboard.
1848,4,12,68,84,1.2380952380952381,0.057732660874787296,555,I didn't hear the soundtrack. That should have tipped me off.
1848,4,12,68,84,1.2380952380952381,0.057732660874787296,555,It's called the dummy diet.
1848,4,12,68,84,1.2380952380952381,0.057732660874787296,555,Who are you calling a dummy?
1848,4,12,68,84,1.2380952380952381,0.057732660874787296,555,No blood. Not a good sign.
1848,6,8,70,84,1.2380952380952381,0.06250426863001379,555,MY BAD...I THOUGHT IT WAS LEFTOVERS...
1848,4,12,68,84,1.2380952380952381,0.057732660874787296,555,"Is it me, or is this human a bit harder to chew than the last one?"
1848,4,12,68,84,1.2380952380952381,0.057732660874787296,555,"Your getting closer, but the real ones wiggle and bleed a lot."
1848,5,10,69,84,1.2380952380952381,0.060165786493056504,555,I said manaTEE
1848,4,12,68,84,1.2380952380952381,0.057732660874787296,555,I always end up with the stale ones.
1848,6,8,70,84,1.2380952380952381,0.06250426863001379,555,Can't wait till we graduate from training.
1848,2,16,66,84,1.2380952380952381,0.05252938859717925,555,You were supposed to bring the wine.
1848,2,16,66,84,1.2380952380952381,0.05252938859717925,555,It prevents tartar build up.
1848,4,12,68,84,1.2380952380952381,0.057732660874787296,555,This is the last time I go feeding in the Chanel.
1848,3,14,67,84,1.2380952380952381,0.055192376276423635,555,"I'm staying away from South Beach for a while - this one is a high fibre, but low protein."
1848,4,12,68,84,1.2380952380952381,0.057732660874787296,555,Beggars can't be chewsey.
1848,6,8,70,84,1.2380952380952381,0.06250426863001379,555,"I told you, I'm a mannequin-eating shark."
1848,5,10,69,84,1.2380952380952381,0.060165786493056504,555,"Mannequin, manatee - whatever. This one's more al dente."
1848,4,12,68,84,1.2380952380952381,0.057732660874787296,555,"""This generic chew toy ,isn't as good as the real ones that squeak""."
1848,5,10,69,84,1.2380952380952381,0.060165786493056504,555,"Boneless, gluten-free, and low-cal without the dressing."
1848,4,12,68,84,1.2380952380952381,0.057732660874787296,555,At least it was 90% off.
1848,4,12,68,84,1.2380952380952381,0.057732660874787296,555,It's Lent already?
1848,3,14,67,84,1.2380952380952381,0.055192376276423635,555,He's my new chum.
1848,4,12,68,84,1.2380952380952381,0.057732660874787296,555,Haven't you ever heard of a mannequin eating shark?
1848,4,12,68,84,1.2380952380952381,0.057732660874787296,555,You wouldn't like it. It's not organic.
1848,3,14,67,84,1.2380952380952381,0.055192376276423635,555,It's the loaner model.
1848,3,14,67,84,1.2380952380952381,0.055192376276423635,555,"I know it's a dummy, dummy!"
1848,5,10,69,84,1.2380952380952381,0.060165786493056504,555,"This must be the farmed, GMO version."
1848,2,16,66,84,1.2380952380952381,0.05252938859717925,555,Don't you just hate the artificial taste of the processed foods you get these days!
1848,6,8,70,84,1.2380952380952381,0.06250426863001379,555,"Not as much flavor, but zero calories."
1848,4,12,68,84,1.2380952380952381,0.057732660874787296,555,"It's a lot like kale; low on taste, high in fiber."
1848,2,16,66,84,1.2380952380952381,0.05252938859717925,555,"Good try, but you grabbed a decoy."
1848,2,16,66,84,1.2380952380952381,0.05252938859717925,555,"I'm trying something new-- it's got less protein, but more fibers."
1848,5,10,69,84,1.2380952380952381,0.060165786493056504,555,Good luck with that thing. I never could stomach dummies.
1848,2,16,66,84,1.2380952380952381,0.05252938859717925,555,I can't wait to get rid of this training dummy!
1848,4,12,68,84,1.2380952380952381,0.057732660874787296,555,"It's gluten free, no GMO's and low on calories!"
1848,3,14,67,84,1.2380952380952381,0.055192376276423635,555,"We've been over this, remember? These plastic women aren't worth your time."
1848,7,6,71,84,1.2380952380952381,0.06475836107884288,555,Project Runway really jumped the shark this season.
1848,3,14,67,84,1.2380952380952381,0.055192376276423635,555,It's kind of dry
1848,5,10,69,84,1.2380952380952381,0.060165786493056504,555,These pre-packed meals are so flavorless.
1848,2,16,66,84,1.2380952380952381,0.05252938859717925,555,"Honey, you'll be much healthier if you stop eating artificial food."
1937,4,11,67,82,1.2317073170731707,0.058328572493308625,555,"I don't care what Kelly Anne says, alternative meat is not meat !!"
1937,3,13,66,82,1.2317073170731707,0.05568759508952443,555,Needs ketchup.
1937,2,15,65,82,1.2317073170731707,0.05291497070397462,555,It's a bit dry.
1937,3,13,66,82,1.2317073170731707,0.05568759508952443,555,They say it will whiten my teeth.
1937,5,9,68,82,1.2317073170731707,0.060855044912969156,555,That mannequin challenge ain't so tough.
1937,5,9,68,82,1.2317073170731707,0.060855044912969156,555,A transgender mannequin? Try the other Shark Tank.
1937,2,15,65,82,1.2317073170731707,0.05291497070397462,555,"I know it's low on nutrients, but my doctor told me to eat more fiber."
1937,3,13,66,82,1.2317073170731707,0.05568759508952443,555,"I don't know, this one's a little dry."
1937,5,9,68,82,1.2317073170731707,0.060855044912969156,555,This vegan diet is killing me.
1937,5,9,68,82,1.2317073170731707,0.060855044912969156,555,It doesn't measure up to the real thing.
1937,5,9,68,82,1.2317073170731707,0.060855044912969156,555,I caught a dummy but his orange comb over got away.
1937,3,13,66,82,1.2317073170731707,0.05568759508952443,555,THATS WHAT YOU BOUGHT WITH YOUR SAND DOLLARS ?
1937,3,13,66,82,1.2317073170731707,0.05568759508952443,555,Not as tasty as it looks
1937,1,17,64,82,1.2317073170731707,0.04998879876882579,555,Not like I remember them tasting.
1937,2,15,65,82,1.2317073170731707,0.05291497070397462,555,It's from the winter collection
1937,3,13,66,82,1.2317073170731707,0.05568759508952443,555,They were serving alt-hors d'oeuvres.
1937,4,11,67,82,1.2317073170731707,0.058328572493308625,555,My cholesterol was up so I decided to go vegan.
1937,3,13,66,82,1.2317073170731707,0.05568759508952443,555,I'm giving veganism a try.
1937,3,13,66,82,1.2317073170731707,0.05568759508952443,555,This diet sucks.
1937,4,11,67,82,1.2317073170731707,0.058328572493308625,555,I'm telling you it's a seal! Check the alternative fact!
1937,2,15,65,82,1.2317073170731707,0.05291497070397462,555,...and it's gluten free.
1937,3,13,66,82,1.2317073170731707,0.05568759508952443,555,"What? It's just ""alternative food."""
1937,5,9,68,82,1.2317073170731707,0.060855044912969156,555,Bhe best part is that you can have as much as you want for no points!
1937,6,7,69,82,1.2317073170731707,0.06328072861157516,555,I'm trying the nicotine patch to quit smoking too
1937,4,11,67,82,1.2317073170731707,0.058328572493308625,555,Nobody respects mannequins more than I do.
1937,3,13,66,82,1.2317073170731707,0.05568759508952443,555,"Tastes great, less filling."
1937,5,9,68,82,1.2317073170731707,0.060855044912969156,555,Don't judge. It's fashion week.
1937,4,11,67,82,1.2317073170731707,0.058328572493308625,555,"Mmmm, this one is a little al dente!"
1937,5,9,68,82,1.2317073170731707,0.060855044912969156,555,"He just kept staring at me with a blank expression, so I freaked out."
1937,4,11,67,82,1.2317073170731707,0.058328572493308625,555,I bite first and ask questions later......
1937,6,7,69,82,1.2317073170731707,0.06328072861157516,555,"That whole ""Mannequin Challenge"" thing was really starting to bug me."
1937,5,9,68,82,1.2317073170731707,0.060855044912969156,555,It takes one to know one.
1937,5,9,68,82,1.2317073170731707,0.060855044912969156,555,"No not that dummy, I ment the new President!"
1937,3,13,66,82,1.2317073170731707,0.05568759508952443,555,It's Torso Tuesday. And I'm vegan.
1937,2,15,65,82,1.2317073170731707,0.05291497070397462,555,I don't think it's fresh.
1937,4,11,67,82,1.2317073170731707,0.058328572493308625,555,Macy's close out.
1937,5,9,68,82,1.2317073170731707,0.060855044912969156,555,The alternative truth is I grabbed it kicking and screaming off the beach.
1937,2,15,65,82,1.2317073170731707,0.05291497070397462,555,Ugh...I think I know why these were on sale.
1937,2,15,65,82,1.2317073170731707,0.05291497070397462,555,This is part of my New Year's resolution - less fat.
1937,5,9,68,82,1.2317073170731707,0.060855044912969156,555,Nope. I can't be with a vegan
1937,4,11,67,82,1.2317073170731707,0.058328572493308625,555,"Well, don't you two look chummy"
1937,4,11,67,82,1.2317073170731707,0.058328572493308625,555,"I'm trying out for the next ""Jaws""sequel."
1937,6,7,69,82,1.2317073170731707,0.06328072861157516,555,That's not what I meant when I said mannequin challenge...
1937,5,9,68,82,1.2317073170731707,0.060855044912969156,555,But they said it's gluten free!
1937,2,15,65,82,1.2317073170731707,0.05291497070397462,555,Not as good as it looked.
1937,6,7,69,82,1.2317073170731707,0.06328072861157516,555,Paleo
1937,5,9,68,82,1.2317073170731707,0.060855044912969156,555,Tastes like cardboard. But it's nonfat and gluten free.
1937,5,9,68,82,1.2317073170731707,0.060855044912969156,555,That's not how you do the mannequin challenge.
1937,2,15,65,82,1.2317073170731707,0.05291497070397462,555,Good news...no rubber suit. Bad news....
1937,4,11,67,82,1.2317073170731707,0.058328572493308625,555,What did I tell you about JUNK FOOD?!
1937,4,11,67,82,1.2317073170731707,0.058328572493308625,555,Tastes kinda like tofu.
1937,6,7,69,82,1.2317073170731707,0.06328072861157516,555,My doctor has put me on a high-fibre diet.
1937,5,9,68,82,1.2317073170731707,0.060855044912969156,555,It's not easy to be a vegetarian.
1937,4,11,67,82,1.2317073170731707,0.058328572493308625,555,Darn! Did you take the legs? The legs are the best part!
1937,2,15,65,82,1.2317073170731707,0.05291497070397462,555,"It's as filling, less gory, and fewer calories."
1937,4,11,67,82,1.2317073170731707,0.058328572493308625,555,"'""Look. A manikin-eating shark."""
1937,0,19,63,82,1.2317073170731707,0.04688033575069429,555,It's a free-range mannequin.
1937,5,9,68,82,1.2317073170731707,0.060855044912969156,555,What? At least it's cage free.
1937,4,11,67,82,1.2317073170731707,0.058328572493308625,555,Nice try. I made an appointment for you with the opthalmologist.
1937,3,13,66,82,1.2317073170731707,0.05568759508952443,555,That's good. I think you're ready for a live trial.
1937,2,15,65,82,1.2317073170731707,0.05291497070397462,555,This thing tastes like cardboard but at least it is gluten free.
1937,3,13,66,82,1.2317073170731707,0.05568759508952443,555,I'm an alternative man-eater.
1937,7,5,70,82,1.2317073170731707,0.06561680223741599,555,I caught him trying to vote.
1937,3,13,66,82,1.2317073170731707,0.05568759508952443,555,How long does this teething go on?
1937,2,15,65,82,1.2317073170731707,0.05291497070397462,555,It's better than nothing...
1937,1,17,64,82,1.2317073170731707,0.04998879876882579,555,I hate Designer Week.
1937,4,11,67,82,1.2317073170731707,0.058328572493308625,555,It tastes like human.
1937,3,13,66,82,1.2317073170731707,0.05568759508952443,555,My doctor said I need more fiber in my diet.
1937,2,15,65,82,1.2317073170731707,0.05291497070397462,555,"Fact, most shark attacks occur less than 100 feet from the store."
1937,6,7,69,82,1.2317073170731707,0.06328072861157516,555,"Sweetie, how many times do I have to tell you? We keep kosher."
1937,3,13,66,82,1.2317073170731707,0.05568759508952443,555,I'm an alternative man-eater.
1937,2,15,65,82,1.2317073170731707,0.05291497070397462,555,Tastes kind of fishy
1937,6,7,69,82,1.2317073170731707,0.06328072861157516,555,"Tasty? Not exactly, but it's FDA approved and contains fewer carcinogens."
1937,3,13,66,82,1.2317073170731707,0.05568759508952443,555,"""Shark Week"", ""Fashion Week"": Who can tell the difference these days?"
1937,4,11,67,82,1.2317073170731707,0.058328572493308625,555,I wish you would stop eating junk food
1937,5,9,68,82,1.2317073170731707,0.060855044912969156,555,"""Remind me again, did you want a manatee or a mannequin?"
1937,2,15,65,82,1.2317073170731707,0.05291497070397462,555,I like them when they're crunchy.
1937,3,13,66,82,1.2317073170731707,0.05568759508952443,555,My New Year's resolution was to try going meatless.
1937,4,11,67,82,1.2317073170731707,0.058328572493308625,555,It was just standing there.
1937,7,5,70,82,1.2317073170731707,0.06561680223741599,555,This must be an alternative fact.
1937,5,9,68,82,1.2317073170731707,0.060855044912969156,555,It tastes better than rice cakes.
1937,3,13,66,82,1.2317073170731707,0.05568759508952443,555,"Hey, it works for duck hunters."
1937,5,9,68,82,1.2317073170731707,0.060855044912969156,555,"Actually, it is a bit dryer than I like."
1937,2,15,65,82,1.2317073170731707,0.05291497070397462,555,Everything is fake these days.
1937,5,9,68,82,1.2317073170731707,0.060855044912969156,555,"As he worked his way through the NYT Best Sellers list, Bob became obsessed with #9, ""Shark Diving for Dummies""."
1937,3,13,66,82,1.2317073170731707,0.05568759508952443,555,This is my first alternative human of the day.
1937,4,11,67,82,1.2317073170731707,0.058328572493308625,555,It's an alt-person.
1937,5,9,68,82,1.2317073170731707,0.060855044912969156,555,"Man, I can hardly taste this."
1937,5,9,68,82,1.2317073170731707,0.060855044912969156,555,They're feeding us fake nudes
1937,3,13,66,82,1.2317073170731707,0.05568759508952443,555,I hate Fashion Week.
1937,4,11,67,82,1.2317073170731707,0.058328572493308625,555,These low carb diets are tough.
2028,0,19,64,83,1.2289156626506024,0.046396131309998354,555,They are saying those are worse for you than the real thing
2028,3,13,67,83,1.2289156626506024,0.05508335575603268,555,It's terrible. I think it's been previously frozen.
2028,5,9,69,83,1.2289156626506024,0.060182163486255276,555,Alternative Kellyanne.
2031,6,6,69,81,1.2222222222222223,0.06334307917217434,555,It's getting harder to find genuine organic food these days.
2031,4,10,67,81,1.2222222222222223,0.05826715823167509,555,Here's what I think of the Mannequin Challenge!
2031,6,6,69,81,1.2222222222222223,0.06334307917217434,555,It refused to normalize Kellyanne Conway's inaugural outfit.
2031,5,8,68,81,1.2222222222222223,0.06085806194501846,555,Nothing tastes the same anymore.
2031,4,10,67,81,1.2222222222222223,0.05826715823167509,555,"Since they're half the calories than the real thing, my doctor says I should be down 500 lbs. in a month."
2031,4,10,67,81,1.2222222222222223,0.05826715823167509,555,I'm allergic to screaming.
2031,4,10,67,81,1.2222222222222223,0.05826715823167509,555,Want some? It's gluten and sugar free.
2031,6,6,69,81,1.2222222222222223,0.06334307917217434,555,"Don't give me that look. Did you or did you not say ""go find some dummy that drifted too far off shore so we can have dinner""?"
2031,2,14,65,81,1.2222222222222223,0.05270462766947299,555,It's a floor model but I got it cheap
2031,4,10,67,81,1.2222222222222223,0.05826715823167509,555,I've gone vegetarian.
2031,1,16,64,81,1.2222222222222223,0.049690399499995326,555,At least these ones don't scream
2031,4,10,67,81,1.2222222222222223,0.05826715823167509,555,It lacks umami.
2031,3,12,66,81,1.2222222222222223,0.05555555555555555,555,Do you prefer your landfood wild-caught or farm raised?
2031,4,10,67,81,1.2222222222222223,0.05826715823167509,555,I know it's just empty carbs but the other one's always get bones stuck in my teeth.
2031,3,12,66,81,1.2222222222222223,0.05555555555555555,555,Fashion week is back.
2031,5,8,68,81,1.2222222222222223,0.06085806194501846,555,"I REALLY thought you said you were in the mood for ""mannequin"", not ""man again""."
2031,6,6,69,81,1.2222222222222223,0.06334307917217434,555,I hink ere's omehing uck in eye ooth.
2031,4,10,67,81,1.2222222222222223,0.05826715823167509,555,What kind of dressing would you like?
2031,7,4,70,81,1.2222222222222223,0.06573421981221796,555,"You're on the new show ""Shark Week meets Project Runway""?"
2031,5,8,68,81,1.2222222222222223,0.06085806194501846,555,Aren't you a little to old for a pacifier?
2031,3,12,66,81,1.2222222222222223,0.05555555555555555,555,You and your fad diets...
2031,2,14,65,81,1.2222222222222223,0.05270462766947299,555,It helps to curb my cravings.
2031,4,10,67,81,1.2222222222222223,0.05826715823167509,555,Fashion week! Could not resist!
2031,4,10,67,81,1.2222222222222223,0.05826715823167509,555,Can you film me for my mannequin challenge?
2031,3,12,66,81,1.2222222222222223,0.05555555555555555,555,It's the smartest thing I could still find up there.
2031,5,8,68,81,1.2222222222222223,0.06085806194501846,555,No you can't have a bite
2031,3,12,66,81,1.2222222222222223,0.05555555555555555,555,Have you seen the arms?
2031,4,10,67,81,1.2222222222222223,0.05826715823167509,555,"Yeah, but it's got no carbs and is gluten free."
2031,5,8,68,81,1.2222222222222223,0.06085806194501846,555,I'm going vegan
2031,4,10,67,81,1.2222222222222223,0.05826715823167509,555,Well maybe brushing just isn't enough. Have you tried flossing?
2031,3,12,66,81,1.2222222222222223,0.05555555555555555,555,It's only 600 calories without the dressing.
2031,5,8,68,81,1.2222222222222223,0.06085806194501846,555,What? I'm vegan.
2031,4,10,67,81,1.2222222222222223,0.05826715823167509,555,"Kinda bland, but it beats krill."
2031,4,10,67,81,1.2222222222222223,0.05826715823167509,555,I can't believe it's not boater!
2031,3,12,66,81,1.2222222222222223,0.05555555555555555,555,"I think the ""eat by"" date expired."
2031,4,10,67,81,1.2222222222222223,0.05826715823167509,555,"It's Veggie human, apparently all the rage on the east coast."
2031,4,10,67,81,1.2222222222222223,0.05826715823167509,555,"Practice, practice! When do I get the real thing?"
2031,4,10,67,81,1.2222222222222223,0.05826715823167509,555,I thought we were doing a mannequin challenge?
2031,2,14,65,81,1.2222222222222223,0.05270462766947299,555,They said it was a good way to gradually quit Surfers
2031,6,6,69,81,1.2222222222222223,0.06334307917217434,555,"You have the ""fetch"" part down well, but now I need you to drop it."
2031,0,18,63,81,1.2222222222222223,0.046481112585226414,555,"It's crunchy, but somehow not satisfying."
2031,3,12,66,81,1.2222222222222223,0.05555555555555555,555,But it was an amazing deal.
2031,5,8,68,81,1.2222222222222223,0.06085806194501846,555,Real ones are bloody.
2031,2,14,65,81,1.2222222222222223,0.05270462766947299,555,Nice work - I believe you're ready for flesh and bones.
2031,4,10,67,81,1.2222222222222223,0.05826715823167509,555,"""I'm auditioning for the new sequel to ""Jaws""."
2031,3,12,66,81,1.2222222222222223,0.05555555555555555,555,It's from the Ivanka Trump collection.
2031,3,12,66,81,1.2222222222222223,0.05555555555555555,555,"Next week, we move on to Step Two."
2031,3,12,66,81,1.2222222222222223,0.05555555555555555,555,The arms too often get stuck in my throat.
2031,3,12,66,81,1.2222222222222223,0.05555555555555555,555,I'm allergic to blood.
2031,5,8,68,81,1.2222222222222223,0.06085806194501846,555,Even this is better than paleo.
2031,4,10,67,81,1.2222222222222223,0.05826715823167509,555,Aren't they supposed to taste like chicken?
2031,4,10,67,81,1.2222222222222223,0.05826715823167509,555,Do you have floss?
2031,3,12,66,81,1.2222222222222223,0.05555555555555555,555,Thanks. I'm already down 80 pounds on it.
2031,5,8,68,81,1.2222222222222223,0.06085806194501846,555,Ca oo hel ee ith is?
2031,6,6,69,81,1.2222222222222223,0.06334307917217434,555,It was used for making shark skin suits.
2031,4,10,67,81,1.2222222222222223,0.05826715823167509,555,GMO?
2031,4,10,67,81,1.2222222222222223,0.05826715823167509,555,"I've always been attracted to poor, light trash."
2031,3,12,66,81,1.2222222222222223,0.05555555555555555,555,It's kind of a cross between comfort food and junk food.
2031,6,6,69,81,1.2222222222222223,0.06334307917217434,555,I always put it back before Cousteau shows up.
2031,4,10,67,81,1.2222222222222223,0.05826715823167509,555,I'm cutting my teeth in the fashion industry.
2031,2,14,65,81,1.2222222222222223,0.05270462766947299,555,The arms are in the soup.
2031,1,16,64,81,1.2222222222222223,0.049690399499995326,555,"It's a bit chewy and tasteless, but it satisfies my cravings until the real thing comes along."
2031,4,10,67,81,1.2222222222222223,0.05826715823167509,555,This one tastes like it was previously frozen.
2031,3,12,66,81,1.2222222222222223,0.05555555555555555,555,Farm-Raised really tastes more bland than Wild-Caught
2031,3,12,66,81,1.2222222222222223,0.05555555555555555,555,I'm a mannequin eater!
2031,2,14,65,81,1.2222222222222223,0.05270462766947299,555,It has an exquisite mouth feel.
2031,5,8,68,81,1.2222222222222223,0.06085806194501846,555,I thought you said these things were tender and juicy.
2031,3,12,66,81,1.2222222222222223,0.05555555555555555,555,The breast meat is kind of tough.
2031,4,10,67,81,1.2222222222222223,0.05826715823167509,555,I thought it would taste like chicken.
2031,6,6,69,81,1.2222222222222223,0.06334307917217434,555,It's for an audition.
2031,4,10,67,81,1.2222222222222223,0.05826715823167509,555,I thought you gave up processed foods.
2031,3,12,66,81,1.2222222222222223,0.05555555555555555,555,"No fat, no gluten. Now who's the dummy?"
2031,3,12,66,81,1.2222222222222223,0.05555555555555555,555,Actually these GMO humans taste pretty good.
2031,6,6,69,81,1.2222222222222223,0.06334307917217434,555,Every year it's the same thing: I'm still eating junk food a week after the Super Bowl.
2031,4,10,67,81,1.2222222222222223,0.05826715823167509,555,"Want some ""I can't believe it's not Bobby""?"
2031,3,12,66,81,1.2222222222222223,0.05555555555555555,555,"Please, Mom, can I keep him?"
2031,5,8,68,81,1.2222222222222223,0.06085806194501846,555,"Sorry, Charlie. Looks like you bit into a bait and switch."
2031,4,10,67,81,1.2222222222222223,0.05826715823167509,555,Meat substitute. I 'm on a diet.
2031,3,12,66,81,1.2222222222222223,0.05555555555555555,555,Cruise ship clearance...
2031,3,12,66,81,1.2222222222222223,0.05555555555555555,555,"I know you asked for manatee, but let's make it work."
2031,3,12,66,81,1.2222222222222223,0.05555555555555555,555,What? I need more fiber
2031,4,10,67,81,1.2222222222222223,0.05826715823167509,555,"Nice try junior, but the tasty ones thrash around first."
2031,4,10,67,81,1.2222222222222223,0.05826715823167509,555,What? I'm trying to go gluten-free!
2031,6,6,69,81,1.2222222222222223,0.06334307917217434,555,"You idiot, you need to get your hearing checked. I told you to go out and get us a MANATEE!"
2031,4,10,67,81,1.2222222222222223,0.05826715823167509,555,Who you calling dummy?
2031,3,12,66,81,1.2222222222222223,0.05555555555555555,555,Seriously?
2031,5,8,68,81,1.2222222222222223,0.06085806194501846,555,I snagged it at the North Pacific Trash Vortex
2031,5,8,68,81,1.2222222222222223,0.06085806194501846,555,I'm on a gluten free diet.
2031,2,14,65,81,1.2222222222222223,0.05270462766947299,555,"Nice presentation, but a little tough."
2031,2,14,65,81,1.2222222222222223,0.05270462766947299,555,You're very hard to shop for.
2031,4,10,67,81,1.2222222222222223,0.05826715823167509,555,I'm doing the mannequin challenge.
2031,5,8,68,81,1.2222222222222223,0.06085806194501846,555,It tastes like Chico's.
2031,4,10,67,81,1.2222222222222223,0.05826715823167509,555,You really never heard of the Venus de Milo?
2031,2,14,65,81,1.2222222222222223,0.05270462766947299,555,Define fake.
2031,4,10,67,81,1.2222222222222223,0.05826715823167509,555,It's for junior. He's learning to play catch.
2031,4,10,67,81,1.2222222222222223,0.05826715823167509,555,I got a woody.
2031,2,14,65,81,1.2222222222222223,0.05270462766947299,555,Just rehearsing for Shark Week.
2031,6,6,69,81,1.2222222222222223,0.06334307917217434,555,These MREs leave a lot to be desired!
2031,3,12,66,81,1.2222222222222223,0.05555555555555555,555,"It's called ""Dieting for Dummies"
2031,3,12,66,81,1.2222222222222223,0.05555555555555555,555,It's my way of avoiding between-meal snacks.
2031,2,14,65,81,1.2222222222222223,0.05270462766947299,555,It's supposed to prevent gingivitis.
2031,2,14,65,81,1.2222222222222223,0.05270462766947299,555,It's the new extra crispy recipe!
2031,5,8,68,81,1.2222222222222223,0.06085806194501846,555,I keep getting snubbed by the academy for my efforts in the Sharknado films but they can't take away this award for my performance in Jaws.
2031,2,14,65,81,1.2222222222222223,0.05270462766947299,555,Dress forms are the new kale.
2031,3,12,66,81,1.2222222222222223,0.05555555555555555,555,"It's called ""PRACTICE""!"
2031,5,8,68,81,1.2222222222222223,0.06085806194501846,555,It's dystopian minimalism
2031,5,8,68,81,1.2222222222222223,0.06085806194501846,555,I'm gathering a crowd for my inauguration.
2031,2,14,65,81,1.2222222222222223,0.05270462766947299,555,I'm still in training.
2031,3,12,66,81,1.2222222222222223,0.05555555555555555,555,i think flossing would be a lot easier
2031,5,8,68,81,1.2222222222222223,0.06085806194501846,555,"I ordered manatee, not mannequin."
2031,1,16,64,81,1.2222222222222223,0.049690399499995326,555,I can hardly believe I lost 50 lbs in just three days.
2031,3,12,66,81,1.2222222222222223,0.05555555555555555,555,"Leaner, and significantly less bitter."
2031,6,6,69,81,1.2222222222222223,0.06334307917217434,555,You ate the wrong dummy.
2031,4,10,67,81,1.2222222222222223,0.05826715823167509,555,I've gone off organic food
2031,4,10,67,81,1.2222222222222223,0.05826715823167509,555,I should've waited for the dressing.
2031,2,14,65,81,1.2222222222222223,0.05270462766947299,555,He's a bit crunchy.
2031,2,14,65,81,1.2222222222222223,0.05270462766947299,555,"I don't think that's what they meant by ""Mannequin Challenge""."
2031,1,16,64,81,1.2222222222222223,0.049690399499995326,555,"They last longer, but they won't get you on the news."
2031,3,12,66,81,1.2222222222222223,0.05555555555555555,555,Did they teach CPR on the beach again?
2031,5,8,68,81,1.2222222222222223,0.06085806194501846,555,Shark-attack survival for dummies.
2031,3,12,66,81,1.2222222222222223,0.05555555555555555,555,It looked much fatter in the store.
2031,5,8,68,81,1.2222222222222223,0.06085806194501846,555,Mom gave me this teething toy.
2031,6,6,69,81,1.2222222222222223,0.06334307917217434,555,"Farm raised, but all the crunch of wild caught."
2031,3,12,66,81,1.2222222222222223,0.05555555555555555,555,"It's a little dry, but still...."""
2031,3,12,66,81,1.2222222222222223,0.05555555555555555,555,It's all that was left.
2031,3,12,66,81,1.2222222222222223,0.05555555555555555,555,It's yours for a fin.
2031,4,10,67,81,1.2222222222222223,0.05826715823167509,555,This is an alternative fact human
2031,2,14,65,81,1.2222222222222223,0.05270462766947299,555,I know it isn't real. I just like the feel of it in my mouth.
2031,4,10,67,81,1.2222222222222223,0.05826715823167509,555,I'm pretty sure that's not how the mannequin challenge works.
2031,4,10,67,81,1.2222222222222223,0.05826715823167509,555,"it's a great alternative. High fiber, low cholesterol and none of that nasty aftertaste."
2031,5,8,68,81,1.2222222222222223,0.06085806194501846,555,That's not what they mean by 'mannequin challenge.'
2031,3,12,66,81,1.2222222222222223,0.05555555555555555,555,It could use a splash of ketchup.
2031,5,8,68,81,1.2222222222222223,0.06085806194501846,555,So that's why he didn't struggle to get away from me.
2031,4,10,67,81,1.2222222222222223,0.05826715823167509,555,"Sure, it's not as satisfying, but I've already lost 10 pounds!"
2031,2,14,65,81,1.2222222222222223,0.05270462766947299,555,I bit off more than I can chew.
2031,4,10,67,81,1.2222222222222223,0.05826715823167509,555,You had one job!
2031,4,10,67,81,1.2222222222222223,0.05826715823167509,555,"I'm off meat, I'm mannequin."
2031,2,14,65,81,1.2222222222222223,0.05270462766947299,555,It's only a starter kit but I've got my eye on a Classic California Surfer.
2031,4,10,67,81,1.2222222222222223,0.05826715823167509,555,"""Given Macy's issues, I doubt that they want it returned""."
2031,2,14,65,81,1.2222222222222223,0.05270462766947299,555,I think you are now ready to try the real thing.
2031,2,14,65,81,1.2222222222222223,0.05270462766947299,555,I don't see this vegan New Year's resolution lasting too much longer.
2031,4,10,67,81,1.2222222222222223,0.05826715823167509,555,Doc says I need to eat more fiber.
2031,3,12,66,81,1.2222222222222223,0.05555555555555555,555,"What? Read ""Shark Attack for Dummies"" just like you said."
2031,4,10,67,81,1.2222222222222223,0.05826715823167509,555,The  new high fiber diet?
2031,2,14,65,81,1.2222222222222223,0.05270462766947299,555,I've always preferred Lord & Taylor for take-out
2031,3,12,66,81,1.2222222222222223,0.05555555555555555,555,I told you they're a little rubbery
2031,5,8,68,81,1.2222222222222223,0.06085806194501846,555,"I had ""Barbie""; this is for you."
2031,5,8,68,81,1.2222222222222223,0.06085806194501846,555,That's not what they mean by the Mannequin Challenge.
2031,1,16,64,81,1.2222222222222223,0.049690399499995326,555,I'm practicing to be a man-eater.
2031,5,8,68,81,1.2222222222222223,0.06085806194501846,555,Does this dressing dummy make my mouth look big?
2031,5,8,68,81,1.2222222222222223,0.06085806194501846,555,"Yeah, well I bet it tastes more like a human being than if I ate Donald Trump."
2031,3,12,66,81,1.2222222222222223,0.05555555555555555,555,The last one was much more tender.
2031,4,10,67,81,1.2222222222222223,0.05826715823167509,555,The patch wasn't working.
2031,5,8,68,81,1.2222222222222223,0.06085806194501846,555,I don't think it's organic.
2031,5,8,68,81,1.2222222222222223,0.06085806194501846,555,It's sold as alternative human.
2031,3,12,66,81,1.2222222222222223,0.05555555555555555,555,Sort of like chicken...
2031,4,10,67,81,1.2222222222222223,0.05826715823167509,555,Don't be so judgmental; I was in a hurry and hungry.
2031,3,12,66,81,1.2222222222222223,0.05555555555555555,555,I just wasn't feeling it today.
2031,2,14,65,81,1.2222222222222223,0.05270462766947299,555,It's my new chew toy.
2031,2,14,65,81,1.2222222222222223,0.05270462766947299,555,It's low cal...no dressing.
2031,2,14,65,81,1.2222222222222223,0.05270462766947299,555,It's sort of like getting used to diet soda.
2031,3,12,66,81,1.2222222222222223,0.05555555555555555,555,"Taste? Well, it's no Venus de Milo"
2031,3,12,66,81,1.2222222222222223,0.05555555555555555,555,It's for my trophy room
2031,4,10,67,81,1.2222222222222223,0.05826715823167509,555,"Hey, it was a sample size ... half off!"
2031,5,8,68,81,1.2222222222222223,0.06085806194501846,555,"Don't worry, it's wild-caught."
2031,1,16,64,81,1.2222222222222223,0.049690399499995326,555,Somebody beat me to the arms.
2031,3,12,66,81,1.2222222222222223,0.05555555555555555,555,It's complicated.
2031,5,8,68,81,1.2222222222222223,0.06085806194501846,555,Sorry. Had to bring work home tonight.
2031,7,4,70,81,1.2222222222222223,0.06573421981221796,555,Just when he thought it was safe to sew back in the water.
2031,4,10,67,81,1.2222222222222223,0.05826715823167509,555,They fill me up but I miss that bloody aftertaste.
2201,2,14,66,82,1.2195121951219512,0.052128412091250256,555,To teach the kids to go for the torso.
2201,3,12,67,82,1.2195121951219512,0.05494074507510377,555,Organic is over-rated.
2201,3,12,67,82,1.2195121951219512,0.05494074507510377,555,If this doesn't work I'm trying hypnosis.
2201,1,16,65,82,1.2195121951219512,0.04915543942335245,555,Becoming a vegan has changed my life!
2201,4,10,68,82,1.2195121951219512,0.05761596646468645,555,It's an 'alternative snack.'
2201,6,6,70,82,1.2195121951219512,0.06262449868992598,555,Just look at me. A week after the Super Bowl and I'm still eating junk food.
2201,5,8,69,82,1.2195121951219512,0.060172366696949905,555,I just couldn't hack Paleo anymore.
2201,4,10,68,82,1.2195121951219512,0.05761596646468645,555,How's that new supermodel diet working out for you?
2201,3,12,67,82,1.2195121951219512,0.05494074507510377,555,Be careful. She could be jail bait.
2201,3,12,67,82,1.2195121951219512,0.05494074507510377,555,Low carb humans just don't taste the same.
2201,3,12,67,82,1.2195121951219512,0.05494074507510377,555,No. It's crunchy on the inside too.
2201,3,12,67,82,1.2195121951219512,0.05494074507510377,555,"What do you mean ""alternative dinner""??"
2201,4,10,68,82,1.2195121951219512,0.05761596646468645,555,Is this the new Mannequin Challenge?
2201,2,14,66,82,1.2195121951219512,0.052128412091250256,555,I needed more fiber in my diet.
2215,2,13,64,79,1.2151898734177216,0.05305006140654649,555,I think I'm going to stop eating here; all the food tastes like plastic.
2215,4,9,66,79,1.2151898734177216,0.05885107394843846,555,I need to work on my torso.
2215,4,9,66,79,1.2151898734177216,0.05885107394843846,555,Man-eating? I thought you said manikin-eating.
2215,3,11,65,79,1.2151898734177216,0.056025699103727955,555,"Half the calories, no trans-fat and a ton of fiber."
2215,3,11,65,79,1.2151898734177216,0.056025699103727955,555,"If it doesn't move, don't eat it."
2215,6,5,68,79,1.2151898734177216,0.06412946900240786,555,I got this one at the inauguration.
2215,4,9,66,79,1.2151898734177216,0.05885107394843846,555,"Sure you won an Oscar for Jaws, but somewhere you stopped moving forward."
2215,3,11,65,79,1.2151898734177216,0.056025699103727955,555,"Low calorie, high fiber, and gluten-free!"
2215,2,13,64,79,1.2151898734177216,0.05305006140654649,555,The low-fat version isn't nearly as good.
2215,3,11,65,79,1.2151898734177216,0.056025699103727955,555,"Sure it's a little blander, but it's vegan and gluten free!"
2215,2,13,64,79,1.2151898734177216,0.05305006140654649,555,Unbelievable! I get 4 a day just to participate in a dietary supplement study.
2215,1,15,63,79,1.2151898734177216,0.049897285200852806,555,This dummy wasn't wearing a life jacket.
2215,4,9,66,79,1.2151898734177216,0.05885107394843846,555,Yuck! This one should never have been put on a pedestal.
2215,2,13,64,79,1.2151898734177216,0.05305006140654649,555,I gave up eating meat. What was your New Year's resolution?
2215,3,11,65,79,1.2151898734177216,0.056025699103727955,555,ok this is really the last time i throw it!
2215,4,9,66,79,1.2151898734177216,0.05885107394843846,555,"""I said go get take-out food, Dummy, meaning you, not the food."
2215,4,9,66,79,1.2151898734177216,0.05885107394843846,555,Sorry. I picked a dummy.
2215,4,9,66,79,1.2151898734177216,0.05885107394843846,555,If I eat it will I look ferocious or ludicrous?
2215,4,9,66,79,1.2151898734177216,0.05885107394843846,555,When did you go vegan?
2215,4,9,66,79,1.2151898734177216,0.05885107394843846,555,Aren't you a little old to be playing with those?
2215,3,11,65,79,1.2151898734177216,0.056025699103727955,555,Humans are getting tougher to swallow.
2215,3,11,65,79,1.2151898734177216,0.056025699103727955,555,Got you this egg mcmannequin
2215,5,7,67,79,1.2151898734177216,0.06154688334682498,555,This low cholesterol diet is awful.
2215,4,9,66,79,1.2151898734177216,0.05885107394843846,555,It just doesn't have the same mouth feel.
2215,2,13,64,79,1.2151898734177216,0.05305006140654649,555,Shark attack school
2215,3,11,65,79,1.2151898734177216,0.056025699103727955,555,Damn you self-righteous vegetarians.
2215,3,11,65,79,1.2151898734177216,0.056025699103727955,555,You fell for one of those Bait & Switch fishermen.
2215,2,13,64,79,1.2151898734177216,0.05305006140654649,555,I won the mannequin challenge.
2215,2,13,64,79,1.2151898734177216,0.05305006140654649,555,Switch to these and you can say bye bye stubborn belly fat.
2215,1,15,63,79,1.2151898734177216,0.049897285200852806,555,I guess you've never seen an alternative human before.
2215,4,9,66,79,1.2151898734177216,0.05885107394843846,555,"So, you're vegan now?"
2215,3,11,65,79,1.2151898734177216,0.056025699103727955,555,"They yelled 'Mannequin overboard', you dummy!"
2215,3,11,65,79,1.2151898734177216,0.056025699103727955,555,Next week we'll try the surfer challenge.
2215,2,13,64,79,1.2151898734177216,0.05305006140654649,555,It's a gnash test dummy.
2215,2,13,64,79,1.2151898734177216,0.05305006140654649,555,A real person would be wiggling much more.
2215,2,13,64,79,1.2151898734177216,0.05305006140654649,555,"Oprah said, this is what we can expect after six months on Weight Watchers."
2215,2,13,64,79,1.2151898734177216,0.05305006140654649,555,It's my alternative human being.
2215,4,9,66,79,1.2151898734177216,0.05885107394843846,555,It was all they had left.
2215,3,11,65,79,1.2151898734177216,0.056025699103727955,555,What was she wearing?
2215,3,11,65,79,1.2151898734177216,0.056025699103727955,555,Can you call my waiter? This isn't what I ordered.
2215,3,11,65,79,1.2151898734177216,0.056025699103727955,555,Doc says I need more roughage in my diet.
2215,4,9,66,79,1.2151898734177216,0.05885107394843846,555,"If you think that's the Venus de Milo, I have some waterfront property in Florida I want to sell you."
2215,2,13,64,79,1.2151898734177216,0.05305006140654649,555,"Honestly, I prefer to eat organic."
2215,1,15,63,79,1.2151898734177216,0.049897285200852806,555,"The taste is off, but I needed more fiber."
2215,4,9,66,79,1.2151898734177216,0.05885107394843846,555,We're man-eatin' not mann-equin.
2215,3,11,65,79,1.2151898734177216,0.056025699103727955,555,What do you mean it's not in the Paleolithic food group?
2215,3,11,65,79,1.2151898734177216,0.056025699103727955,555,The Pacific Trash Vortex had a sale last weekend.
2215,1,15,63,79,1.2151898734177216,0.049897285200852806,555,Jaws 4 is strictly no-budget.
2215,3,11,65,79,1.2151898734177216,0.056025699103727955,555,"It's kind of you to offer, but I actually prefer the ones with the filling."
2215,5,7,67,79,1.2151898734177216,0.06154688334682498,555,"I think you may have misunderstood ""Mannequin Challenge""."
2215,3,11,65,79,1.2151898734177216,0.056025699103727955,555,Is that thing BPA free?
2215,5,7,67,79,1.2151898734177216,0.06154688334682498,555,"Real humans are full of toxins, so I made this out of tofu."
2215,4,9,66,79,1.2151898734177216,0.05885107394843846,555,"I'm carving out a new niche, ""mannequin eating shark."""
2215,3,11,65,79,1.2151898734177216,0.056025699103727955,555,"""It's the gluten free version""."
2215,3,11,65,79,1.2151898734177216,0.056025699103727955,555,"She said I wouldn't be able to tell it's vegan, but I can tell."
2215,3,11,65,79,1.2151898734177216,0.056025699103727955,555,"I think I mis-understood the mannequin, challenge"
2215,1,15,63,79,1.2151898734177216,0.049897285200852806,555,"I""m going to miss Macy's."
2215,3,11,65,79,1.2151898734177216,0.056025699103727955,555,"you're right, tofu sucks."
2215,3,11,65,79,1.2151898734177216,0.056025699103727955,555,I'm trying to decide what kind of dressing to put on it.
2215,1,15,63,79,1.2151898734177216,0.049897285200852806,555,These humans don't taste like they used to.
2215,4,9,66,79,1.2151898734177216,0.05885107394843846,555,"Lately, these humans taste like plastic!"
2215,4,9,66,79,1.2151898734177216,0.05885107394843846,555,I don't think that's how you do the mannequin challenge.
2215,4,9,66,79,1.2151898734177216,0.05885107394843846,555,It's not what it looks like!
2215,3,11,65,79,1.2151898734177216,0.056025699103727955,555,You really should be eating Paleo
2215,4,9,66,79,1.2151898734177216,0.05885107394843846,555,The orange dummy was already taken.
2215,4,9,66,79,1.2151898734177216,0.05885107394843846,555,Are you surprised? You know I can smell bodice from miles away.
2215,1,15,63,79,1.2151898734177216,0.049897285200852806,555,I can't believe how tough the shell is.
2215,1,15,63,79,1.2151898734177216,0.049897285200852806,555,Just a dress rehearsal...
2215,4,9,66,79,1.2151898734177216,0.05885107394843846,555,"""This new era of 'alternative man' is disgusting""."
2215,2,13,64,79,1.2151898734177216,0.05305006140654649,555,My doctor said it would help with the cravings.
2215,1,15,63,79,1.2151898734177216,0.049897285200852806,555,They say it's the newest fad - the mannequin challenge.
2215,4,9,66,79,1.2151898734177216,0.05885107394843846,555,I just have one more week of training.
2215,4,9,66,79,1.2151898734177216,0.05885107394843846,555,It's the new high fiber diet.
2215,1,15,63,79,1.2151898734177216,0.049897285200852806,555,I wasn't always this gullible.
2215,3,11,65,79,1.2151898734177216,0.056025699103727955,555,'' This is all I could grab from the sinking ship..All the other fresh stuff was gone.''
2215,2,13,64,79,1.2151898734177216,0.05305006140654649,555,Gnash-test dummy
2215,3,11,65,79,1.2151898734177216,0.056025699103727955,555,I come from a long line of vicious mannequin eaters.
2215,3,11,65,79,1.2151898734177216,0.056025699103727955,555,Is there something in my teeth?
2215,3,11,65,79,1.2151898734177216,0.056025699103727955,555,I prefer the chewy ones.
2215,5,7,67,79,1.2151898734177216,0.06154688334682498,555,It's fat and gluten free.
2215,3,11,65,79,1.2151898734177216,0.056025699103727955,555,Don't judge me!
2215,3,11,65,79,1.2151898734177216,0.056025699103727955,555,This pacifier thing is really working. I am down to just two humans a week!
2215,3,11,65,79,1.2151898734177216,0.056025699103727955,555,someone already got the wings
2215,3,11,65,79,1.2151898734177216,0.056025699103727955,555,They call it bait and switch. I call it tasteless humor.
2215,3,11,65,79,1.2151898734177216,0.056025699103727955,555,It came with a side of haute couture.
2215,6,5,68,79,1.2151898734177216,0.06412946900240786,555,Four words ... is it Shark Fishing for Dummies?
2215,3,11,65,79,1.2151898734177216,0.056025699103727955,555,You're gonna need a bigger dress.
2215,1,15,63,79,1.2151898734177216,0.049897285200852806,555,"This is part of my new high fiber, low fat diet"
2215,5,7,67,79,1.2151898734177216,0.06154688334682498,555,"Frank remained hopeful, as he and his mentor worked hard to get thru the practice session"
2215,3,11,65,79,1.2151898734177216,0.056025699103727955,555,I've brought you the low-fat version.
2215,3,11,65,79,1.2151898734177216,0.056025699103727955,555,Wilbur tries to bribe Alice with fake people bait.
2215,5,7,67,79,1.2151898734177216,0.06154688334682498,555,Jaws 6 Mannequin 3
2215,2,13,64,79,1.2151898734177216,0.05305006140654649,555,It's vegetarian AND gluten free!
2215,5,7,67,79,1.2151898734177216,0.06154688334682498,555,I thought Mom said we were mannequin-eating sharks.
2215,4,9,66,79,1.2151898734177216,0.05885107394843846,555,You know I would have to say it taste a lot like chicken.
2215,3,11,65,79,1.2151898734177216,0.056025699103727955,555,"Somehow, I thought going vegan would taste better."
2215,4,9,66,79,1.2151898734177216,0.05885107394843846,555,"No, not organic but it IS gluten-free."
2215,4,9,66,79,1.2151898734177216,0.05885107394843846,555,I couldn't find organic.
2215,3,11,65,79,1.2151898734177216,0.056025699103727955,555,Tastes like chicken oddly enough
2215,1,15,63,79,1.2151898734177216,0.049897285200852806,555,It's an 'alternative snack.'
2215,3,11,65,79,1.2151898734177216,0.056025699103727955,555,Fashion Week leftovers.
2215,4,9,66,79,1.2151898734177216,0.05885107394843846,555,You can't have a leg.
2215,2,13,64,79,1.2151898734177216,0.05305006140654649,555,The doctor said my cholesterol was too high.
2215,4,9,66,79,1.2151898734177216,0.05885107394843846,555,"Ok, it's nine letters and rhymes with fin"
2215,1,15,63,79,1.2151898734177216,0.049897285200852806,555,I'm on a low-fat diet.
2215,3,11,65,79,1.2151898734177216,0.056025699103727955,555,"As vegan humans go, it's the best I've had, but it still lacks that taste of fear."
2215,4,9,66,79,1.2151898734177216,0.05885107394843846,555,"What you lack in style, you make up in form."
2215,3,11,65,79,1.2151898734177216,0.056025699103727955,555,It's GMO free.
2215,3,11,65,79,1.2151898734177216,0.056025699103727955,555,"Alright, alright...I'll bite."
2215,4,9,66,79,1.2151898734177216,0.05885107394843846,555,It's amazing what they are doing with soy lately.
2215,1,15,63,79,1.2151898734177216,0.049897285200852806,555,It tastes like Melba toast but I've lost 50 pounds.
2215,5,7,67,79,1.2151898734177216,0.06154688334682498,555,"YEP,ACADEMY AWARDS IN A COUPLE OF WEEKS"
2215,2,13,64,79,1.2151898734177216,0.05305006140654649,555,For heaven's sake! Would you please put your glasses on!
2215,6,5,68,79,1.2151898734177216,0.06412946900240786,555,Form follows luncheon.
2215,5,7,67,79,1.2151898734177216,0.06154688334682498,555,It's the fifth step.
2215,2,13,64,79,1.2151898734177216,0.05305006140654649,555,"Pardon me, do you have any Grey Poupon?"
2215,4,9,66,79,1.2151898734177216,0.05885107394843846,555,Then finish up with 30 minutes of cardio.
2215,2,13,64,79,1.2151898734177216,0.05305006140654649,555,They really don't make'em like they used to.
2215,4,9,66,79,1.2151898734177216,0.05885107394843846,555,It's not so bad once you get the skin off.
2215,4,9,66,79,1.2151898734177216,0.05885107394843846,555,It tastes just like surfer!
2215,2,13,64,79,1.2151898734177216,0.05305006140654649,555,"I was pretty doubtful, but it really has helped curb my cravings."
2215,6,5,68,79,1.2151898734177216,0.06412946900240786,555,"I said ""Man in fin!"" Not ""manikin""."
2215,4,9,66,79,1.2151898734177216,0.05885107394843846,555,They used to have more flavor.
2215,2,13,64,79,1.2151898734177216,0.05305006140654649,555,The design team at Sharks Fifth Avenue
2215,4,9,66,79,1.2151898734177216,0.05885107394843846,555,Remember to keep your head down and follow through when we get to the beach.
2215,4,9,66,79,1.2151898734177216,0.05885107394843846,555,"They say you can't tell the difference, but I can always tell it's tofuman"
2215,4,9,66,79,1.2151898734177216,0.05885107394843846,555,Taste like rubber chicken.
2215,5,7,67,79,1.2151898734177216,0.06154688334682498,555,So now you're vegan?
2215,5,7,67,79,1.2151898734177216,0.06154688334682498,555,I'm practicing for the upcoming swimming season.
2215,3,11,65,79,1.2151898734177216,0.056025699103727955,555,Every year it's the same thing: I'm eating junk food for weeks after the Super Bowl.
2215,4,9,66,79,1.2151898734177216,0.05885107394843846,555,"It is lower in carbs, but it just doesn't taste the same."
2215,6,5,68,79,1.2151898734177216,0.06412946900240786,555,alternative snacks
2215,2,13,64,79,1.2151898734177216,0.05305006140654649,555,I'm eating the non-fat variety.
2215,4,9,66,79,1.2151898734177216,0.05885107394843846,555,So is that new meat substitute you've been raving about?
2215,3,11,65,79,1.2151898734177216,0.056025699103727955,555,What kind of sick joke is this?
2215,4,9,66,79,1.2151898734177216,0.05885107394843846,555,"Low fat, High carb...what's not to like?"
2215,3,11,65,79,1.2151898734177216,0.056025699103727955,555,"Honey, I've decided to go vegan"
2215,3,11,65,79,1.2151898734177216,0.056025699103727955,555,It prevents plaque build-up.
2215,3,11,65,79,1.2151898734177216,0.056025699103727955,555,I'm mostly a bargain hunter.
2215,3,11,65,79,1.2151898734177216,0.056025699103727955,555,"Well, it's high in fiber, anyway."
2215,1,15,63,79,1.2151898734177216,0.049897285200852806,555,It helps with my diet and it's gluten free.
2215,3,11,65,79,1.2151898734177216,0.056025699103727955,555,They're totally overrated. Sad.
2215,5,7,67,79,1.2151898734177216,0.06154688334682498,555,"Dummy, you took the bait."
2215,3,11,65,79,1.2151898734177216,0.056025699103727955,555,It's all that was left.
2215,5,7,67,79,1.2151898734177216,0.06154688334682498,555,"Ed, for God sake, brick and mortar retail is over."
2215,5,7,67,79,1.2151898734177216,0.06154688334682498,555,I came. I saw. I chomped. That's who I am.
2215,3,11,65,79,1.2151898734177216,0.056025699103727955,555,Meet George Jetsam.
2215,3,11,65,79,1.2151898734177216,0.056025699103727955,555,Are you calling me a dummy
2215,2,13,64,79,1.2151898734177216,0.05305006140654649,555,I thought we agreed to avoid artificial ingredients.
2215,1,15,63,79,1.2151898734177216,0.049897285200852806,555,I'm pretty sure I need glasses.
2215,6,5,68,79,1.2151898734177216,0.06412946900240786,555,This seems fishy...
2215,2,13,64,79,1.2151898734177216,0.05305006140654649,555,"I know it's not the same, but honey, it's Shark Week and there are no swimmers."
2215,4,9,66,79,1.2151898734177216,0.05885107394843846,555,It's Shark Week on the fashion channel.
2215,2,13,64,79,1.2151898734177216,0.05305006140654649,555,It fit right off the rack!
2215,6,5,68,79,1.2151898734177216,0.06412946900240786,555,#mannequinchallenge #missthesurfers
2215,4,9,66,79,1.2151898734177216,0.05885107394843846,555,Don't talk with your mouth full.
2215,4,9,66,79,1.2151898734177216,0.05885107394843846,555,I think you misunderstood the mannequin challenge.
2215,2,13,64,79,1.2151898734177216,0.05305006140654649,555,All the protein was gone. I had to settle for fiber.
2215,3,11,65,79,1.2151898734177216,0.056025699103727955,555,"""Shark Bites Man"" isn't news, they said. So I'll settle for fake news."
2215,4,9,66,79,1.2151898734177216,0.05885107394843846,555,"For the last time, George, we are not mannequin eating sharks!"
2215,5,7,67,79,1.2151898734177216,0.06154688334682498,555,I told you not to get it from the eBay.
2215,4,9,66,79,1.2151898734177216,0.05885107394843846,555,Not as tasty as those with arms and legs
2215,4,9,66,79,1.2151898734177216,0.05885107394843846,555,I'm vegetarian now.
2215,5,7,67,79,1.2151898734177216,0.06154688334682498,555,That dress looks great in you.
2215,1,15,63,79,1.2151898734177216,0.049897285200852806,555,Don't let those sharks see you're still teething.
2215,3,11,65,79,1.2151898734177216,0.056025699103727955,555,"Yes dear, in retrospect, it did seems a bit too easy of a kill."
2215,3,11,65,79,1.2151898734177216,0.056025699103727955,555,Not that kind of arms reduction!
2215,5,7,67,79,1.2151898734177216,0.06154688334682498,555,"I'm a Vegan, but I like hearing the people scream."
2215,1,15,63,79,1.2151898734177216,0.049897285200852806,555,....the challenge isn't to get the mannequin.
2215,2,13,64,79,1.2151898734177216,0.05305006140654649,555,My doctor said I needed more fiber.
2215,2,13,64,79,1.2151898734177216,0.05305006140654649,555,"Hey, Dummy!"
2215,1,15,63,79,1.2151898734177216,0.049897285200852806,555,"Finally, one that doesn't taste like chicken."
2215,4,9,66,79,1.2151898734177216,0.05885107394843846,555,Sea levels rise; haute couture plummets.
2215,5,7,67,79,1.2151898734177216,0.06154688334682498,555,Since when did you become a vegetarian?
2215,4,9,66,79,1.2151898734177216,0.05885107394843846,555,I'm not sure if this is what they meant by the Mannequin challenge
2215,4,9,66,79,1.2151898734177216,0.05885107394843846,555,I've been cutting down on saturated fats.
2215,2,13,64,79,1.2151898734177216,0.05305006140654649,555,I've decided to go vegetarian.
2215,5,7,67,79,1.2151898734177216,0.06154688334682498,555,"""Sharkasm"" is lost on you, Bob."
2215,2,13,64,79,1.2151898734177216,0.05305006140654649,555,I'm going to take it back to Nordstrom's.
2215,5,7,67,79,1.2151898734177216,0.06154688334682498,555,I'm becoming a vegetarian.
2215,3,11,65,79,1.2151898734177216,0.056025699103727955,555,I'm trying to kick the habit.
2215,4,9,66,79,1.2151898734177216,0.05885107394843846,555,There was a half-off sale.
2215,1,15,63,79,1.2151898734177216,0.049897285200852806,555,Its an alternate meal
2215,6,5,68,79,1.2151898734177216,0.06412946900240786,555,When you're famous they'll let you do anything!
2215,7,3,69,79,1.2151898734177216,0.06661200146635665,555,Look what I learned in school today!
2400,3,11,66,80,1.2125,0.05538630160123793,555,He was a horrible surfer anyway.
2400,5,7,68,80,1.2125,0.060832177319806294,555,"Look, I won the mannequin challenge."
2400,7,3,70,80,1.2125,0.06582906037513689,555,Are you sure this is gluten free?
2400,3,11,66,80,1.2125,0.05538630160123793,555,"It doesn't taste like much, but it's certified humane."
2400,3,11,66,80,1.2125,0.05538630160123793,555,I'm a mannequin eater!
2400,3,11,66,80,1.2125,0.05538630160123793,555,"'On the plus side, it's gluten-free.'"
2400,3,11,66,80,1.2125,0.05538630160123793,555,Have you ever considered glasses.
2400,7,3,70,80,1.2125,0.06582906037513689,555,I found her first
2400,2,13,65,80,1.2125,0.05245175601312849,555,"Please stop with the vegan thing, Carl."
2400,2,13,65,80,1.2125,0.05245175601312849,555,"Usually, they're crunchy on the inside."
2400,3,11,66,80,1.2125,0.05538630160123793,555,What? It's gluten free.
2400,3,11,66,80,1.2125,0.05538630160123793,555,"Man-Eater, you idiot!"
2400,1,15,64,80,1.2125,0.04934299355185322,555,I'm in training.
2400,3,11,66,80,1.2125,0.05538630160123793,555,A bit dry and could use some seasoning
2400,5,7,68,80,1.2125,0.060832177319806294,555,"Nah, I don't miss gluten at all"
2400,3,11,66,80,1.2125,0.05538630160123793,555,I thought you said swimmers were soft and squishy.
2400,3,11,66,80,1.2125,0.05538630160123793,555,It's genetically modified.
2400,2,13,65,80,1.2125,0.05245175601312849,555,At least it has more calories than that swimsuit model you ate last week.
2400,5,7,68,80,1.2125,0.060832177319806294,555,I told you Project Runway jumped the shark.
2419,4,9,68,81,1.2098765432098766,0.05751019604371416,555,"I know everyone says they taste great, but I'm unimpressed."
2420,2,12,64,78,1.205128205128205,0.05275927638889398,555,That still counts on your diet.
2420,2,12,64,78,1.205128205128205,0.05275927638889398,555,I'm watching my sodium.
2420,3,10,65,78,1.205128205128205,0.05582599374914914,555,I prefer imitation crab
2420,2,12,64,78,1.205128205128205,0.05275927638889398,555,Tibby says I need more fiber.
2420,3,10,65,78,1.205128205128205,0.05582599374914914,555,Ever since shark week my wife has decided we should become vegetarian.
2420,5,6,67,78,1.205128205128205,0.061502375922241455,555,"Finally, a relationship I can sink my teeth into."
2420,4,8,66,78,1.205128205128205,0.058732800981056335,555,May I interest madam in the latest in chew toys?
2420,2,12,64,78,1.205128205128205,0.05275927638889398,555,My nutritionist recommended I cut back on dressing.
2420,2,12,64,78,1.205128205128205,0.05275927638889398,555,Fashion week's over.
2420,4,8,66,78,1.205128205128205,0.058732800981056335,555,I caught him talking to the little mermaid.
2420,3,10,65,78,1.205128205128205,0.05582599374914914,555,Diet food! Tasteless.
2420,3,10,65,78,1.205128205128205,0.05582599374914914,555,This high fiber diet is the worst!
2420,5,6,67,78,1.205128205128205,0.061502375922241455,555,But it looked so good on 'Shark Tank!'
2420,5,6,67,78,1.205128205128205,0.061502375922241455,555,If this doesn't work I'll go back to therapy
2420,3,10,65,78,1.205128205128205,0.05582599374914914,555,Shark Diving For Dummies
2420,5,6,67,78,1.205128205128205,0.061502375922241455,555,"No, I meant ""address form"""
2420,2,12,64,78,1.205128205128205,0.05275927638889398,555,Tastes like chicken!
2420,3,10,65,78,1.205128205128205,0.05582599374914914,555,You should have seen the one that got away!
2420,5,6,67,78,1.205128205128205,0.061502375922241455,555,Phglkjnttblllth zltttbhrrhn plthsks mrbdtthth.
2420,1,14,63,78,1.205128205128205,0.04950293841863706,555,I'm not so sure about this gluten-free stuff . . .
2420,2,12,64,78,1.205128205128205,0.05275927638889398,555,Something you saw in a window?
2420,3,10,65,78,1.205128205128205,0.05582599374914914,555,Try this when your baby starts teething.
2420,3,10,65,78,1.205128205128205,0.05582599374914914,555,"Honestly, does he look like he struggled?"
2420,1,14,63,78,1.205128205128205,0.04950293841863706,555,"Seriously, I think the kale had more flavor."
2420,2,12,64,78,1.205128205128205,0.05275927638889398,555,Now who's the dummy?
2420,2,12,64,78,1.205128205128205,0.05275927638889398,555,The doctor says I need more fiber in my diet.
2420,4,8,66,78,1.205128205128205,0.058732800981056335,555,I guess we're having another takeout for dinner.
2420,4,8,66,78,1.205128205128205,0.058732800981056335,555,"I heard humans were tough to eat, and that's no exaggeration."
2420,2,12,64,78,1.205128205128205,0.05275927638889398,555,It tastes just like the real thing and it's gluten free.
2420,4,8,66,78,1.205128205128205,0.058732800981056335,555,After global warming: sharks hunt for food on Fifth Avenue.
2420,5,6,67,78,1.205128205128205,0.061502375922241455,555,"Honestly Sarah, how long is this vegan phase going to last?"
2420,2,12,64,78,1.205128205128205,0.05275927638889398,555,After dinner mannequin?
2420,2,12,64,78,1.205128205128205,0.05275927638889398,555,What do you mean I have something stuck in my teeth
2420,3,10,65,78,1.205128205128205,0.05582599374914914,555,You can get 'em at the pet store -- the chew toy section.
2420,2,12,64,78,1.205128205128205,0.05275927638889398,555,This genetic modification is going too far.
2420,1,14,63,78,1.205128205128205,0.04950293841863706,555,Two years in business school and what comes out of your mouth? Window dressing!
2420,2,12,64,78,1.205128205128205,0.05275927638889398,555,"They dress well, but they taste awful."
2420,4,8,66,78,1.205128205128205,0.058732800981056335,555,"Sorry, you're no man eater."
2420,3,10,65,78,1.205128205128205,0.05582599374914914,555,I don't eat meat.
2420,2,12,64,78,1.205128205128205,0.05275927638889398,555,It's my dress rehearsal.
2420,4,8,66,78,1.205128205128205,0.058732800981056335,555,I returned that hideous sharkskin suit.
2420,1,14,63,78,1.205128205128205,0.04950293841863706,555,"They're damned tasteless, but they help me lose weight."
2420,2,12,64,78,1.205128205128205,0.05275927638889398,555,I gotta get off this gluten-free stuff.
2420,3,10,65,78,1.205128205128205,0.05582599374914914,555,"Oh please, not another fake human interest story."
2420,4,8,66,78,1.205128205128205,0.058732800981056335,555,"Not a lot left on the South Beach diet after school starts, is there?"
2420,3,10,65,78,1.205128205128205,0.05582599374914914,555,"Crunchy? Yes, but I prefer the organically grown variety."
2420,1,14,63,78,1.205128205128205,0.04950293841863706,555,Looks like someone is getting their fifth row of teeth.
2420,3,10,65,78,1.205128205128205,0.05582599374914914,555,This GMO stuff tastes just like the real thing.
2420,5,6,67,78,1.205128205128205,0.061502375922241455,555,The alternative fact told me it was human.
2420,3,10,65,78,1.205128205128205,0.05582599374914914,555,Sitting through another full day of training seminars is going to be the death of me.
2420,3,10,65,78,1.205128205128205,0.05582599374914914,555,This one tastes a little stale.
2420,3,10,65,78,1.205128205128205,0.05582599374914914,555,"You see a mannequin, I see a surfer."
2420,2,12,64,78,1.205128205128205,0.05275927638889398,555,It tastes much better with dressing.
2420,1,14,63,78,1.205128205128205,0.04950293841863706,555,You calling me a dummy?
2420,5,6,67,78,1.205128205128205,0.061502375922241455,555,It's my transitional object.
2420,1,14,63,78,1.205128205128205,0.04950293841863706,555,"Pardon me, do you have any Grey Poupon?"
2420,3,10,65,78,1.205128205128205,0.05582599374914914,555,It's just not like it was in the movies.
2420,3,10,65,78,1.205128205128205,0.05582599374914914,555,These low calorie snacks always taste like cardboard.
2420,3,10,65,78,1.205128205128205,0.05582599374914914,555,Organic is just too hard to find.
2420,2,12,64,78,1.205128205128205,0.05275927638889398,555,It needs to be dressed first.
2420,2,12,64,78,1.205128205128205,0.05275927638889398,555,The vegetarian version never tastes as good.
2420,3,10,65,78,1.205128205128205,0.05582599374914914,555,You took the mannequin challenge a bit literally.
2420,3,10,65,78,1.205128205128205,0.05582599374914914,555,My wife has me on a diet.
2420,3,10,65,78,1.205128205128205,0.05582599374914914,555,This one may be past its expiration date.
2420,3,10,65,78,1.205128205128205,0.05582599374914914,555,I guess I'm the dummy now!
2420,4,8,66,78,1.205128205128205,0.058732800981056335,555,"No, it's not organic."
2420,3,10,65,78,1.205128205128205,0.05582599374914914,555,Thought you were off processed foods.
2420,4,8,66,78,1.205128205128205,0.058732800981056335,555,needs a little salt
2420,2,12,64,78,1.205128205128205,0.05275927638889398,555,Where'd you get the stiff?
2420,4,8,66,78,1.205128205128205,0.058732800981056335,555,Auditions for Project Finway are next week.
2420,4,8,66,78,1.205128205128205,0.058732800981056335,555,I'm so hungry I could eat a mannequin.
2420,3,10,65,78,1.205128205128205,0.05582599374914914,555,I though you said it looked like it's YUMMY.
2420,2,12,64,78,1.205128205128205,0.05275927638889398,555,It's higher in fiber.
2420,4,8,66,78,1.205128205128205,0.058732800981056335,555,"I,m taking it to school, it,s a teaching aid."
2420,1,14,63,78,1.205128205128205,0.04950293841863706,555,This high fiber diet is just no fun.
2420,4,8,66,78,1.205128205128205,0.058732800981056335,555,Habeas Porpoise?
2420,4,8,66,78,1.205128205128205,0.058732800981056335,555,"Ain't nothing like the real thing, baby."
2420,4,8,66,78,1.205128205128205,0.058732800981056335,555,Tim Gunn rejected my Project Runway submission. So I ate him....
2420,4,8,66,78,1.205128205128205,0.058732800981056335,555,The deep sea fishermen are getting more clever with their bate
2420,5,6,67,78,1.205128205128205,0.061502375922241455,555,"We're doing The Manequin, so just don't move."
2420,3,10,65,78,1.205128205128205,0.05582599374914914,555,"If a delicacy seems too easily caught to be true, it probably is."
2420,3,10,65,78,1.205128205128205,0.05582599374914914,555,"""I'd like you to meet my new friend Venus""."
2420,3,10,65,78,1.205128205128205,0.05582599374914914,555,"Oh yeah, and she came deliciously dressed for the occasion, too."
2420,5,6,67,78,1.205128205128205,0.061502375922241455,555,"Thought I'd attach a string, throw it out on the beach and see what I can catch."
2420,3,10,65,78,1.205128205128205,0.05582599374914914,555,"I don't think that's what they meant by ""Mannequin Challenge""."
2420,3,10,65,78,1.205128205128205,0.05582599374914914,555,That's not what they mean by the Mannequin Challenge.
2420,3,10,65,78,1.205128205128205,0.05582599374914914,555,It's my alternative fact dinner
2420,5,6,67,78,1.205128205128205,0.061502375922241455,555,"There's no such thing as a great ""off-white"" shark."
2420,3,10,65,78,1.205128205128205,0.05582599374914914,555,"You're right, global warming is making this species more tasteless and pacific."
2420,4,8,66,78,1.205128205128205,0.058732800981056335,555,"Doctor's orders. Less red meat, more fiberglass and plastic."
2420,3,10,65,78,1.205128205128205,0.05582599374914914,555,Alternative fact: I have all the protein I need right here.
2420,4,8,66,78,1.205128205128205,0.058732800981056335,555,It's is just not as juicy
2420,1,14,63,78,1.205128205128205,0.04950293841863706,555,"I know, I need to wear my glasses."
2420,2,12,64,78,1.205128205128205,0.05275927638889398,555,Two choices. Lasik surgery or starve.
2420,3,10,65,78,1.205128205128205,0.05582599374914914,555,"It's ""alternative"" food."
2420,4,8,66,78,1.205128205128205,0.058732800981056335,555,What does she have that I don't?
2420,2,12,64,78,1.205128205128205,0.05275927638889398,555,Looks like you fell for a lure.
2420,4,8,66,78,1.205128205128205,0.058732800981056335,555,Please pass the dressing.
2420,4,8,66,78,1.205128205128205,0.058732800981056335,555,It's for my after school project.
2420,4,8,66,78,1.205128205128205,0.058732800981056335,555,This mannequin challenge is easy.
2420,4,8,66,78,1.205128205128205,0.058732800981056335,555,Just how is that healthier?
2420,3,10,65,78,1.205128205128205,0.05582599374914914,555,I'm pretty sure this one is gluten-free
2420,3,10,65,78,1.205128205128205,0.05582599374914914,555,"It's a ""fake"" human."
2420,2,12,64,78,1.205128205128205,0.05275927638889398,555,Alternative human. I find the real thing too.........hostile.
2420,1,14,63,78,1.205128205128205,0.04950293841863706,555,Want to warm-up a bit before 'Shark Week'?
2420,3,10,65,78,1.205128205128205,0.05582599374914914,555,Practice makes perfect. Now bite the dummy again.
2420,1,14,63,78,1.205128205128205,0.04950293841863706,555,"Don't judge me, Paul. It's Fashion Week...!"
2420,4,8,66,78,1.205128205128205,0.058732800981056335,555,"I voted for him because he said I'd eat so many people I'd get tired of eating people. And now, this."
2420,1,14,63,78,1.205128205128205,0.04950293841863706,555,That last attack was a total bust.
2420,1,14,63,78,1.205128205128205,0.04950293841863706,555,Roughage is good for you.
2420,2,12,64,78,1.205128205128205,0.05275927638889398,555,No you dummy!
2420,1,14,63,78,1.205128205128205,0.04950293841863706,555,"Not as tasty as the real thing, but it's twice as filling."
2420,4,8,66,78,1.205128205128205,0.058732800981056335,555,A little boney
2420,3,10,65,78,1.205128205128205,0.05582599374914914,555,Fake nude .
2420,5,6,67,78,1.205128205128205,0.061502375922241455,555,This mannequin duplicates the first lady's figure. Please swim to China and find a designer for her. And keep this a secret.
2420,4,8,66,78,1.205128205128205,0.058732800981056335,555,"It's easy, now i just wait for the tailor."
2420,4,8,66,78,1.205128205128205,0.058732800981056335,555,"No, it's not as tasty, but it is gluten free."
2420,4,8,66,78,1.205128205128205,0.058732800981056335,555,Do you have to bring her everywhere we go?
2420,4,8,66,78,1.205128205128205,0.058732800981056335,555,"It may taste like cardboard, but it helps me keep my girlish figure."
2420,3,10,65,78,1.205128205128205,0.05582599374914914,555,"OK, today we'll learn how to perform the Heimlich Maneuver."
2420,1,14,63,78,1.205128205128205,0.04950293841863706,555,I binge on processed food only occasionally.
2420,2,12,64,78,1.205128205128205,0.05275927638889398,555,"Taste like chicken, but then everything does!"
2420,3,10,65,78,1.205128205128205,0.05582599374914914,555,Tastes just like meat but it's totally vegan.
2420,3,10,65,78,1.205128205128205,0.05582599374914914,555,Calling it alt-human makes it easier to swallow.
2420,4,8,66,78,1.205128205128205,0.058732800981056335,555,...and the Award for Best Mako-Up Artist goes to...
2420,5,6,67,78,1.205128205128205,0.061502375922241455,555,"Nah, giving up meat was easy. It's the 6 AM yoga class that's kicking my butt."
2420,3,10,65,78,1.205128205128205,0.05582599374914914,555,"Okay, so I'm a metrosharkual...bite me."
2420,5,6,67,78,1.205128205128205,0.061502375922241455,555,I gave up on Paleo.
2420,5,6,67,78,1.205128205128205,0.061502375922241455,555,Mannequin Eating Shark
2420,0,16,62,78,1.205128205128205,0.04601674237795457,555,Are you going to finish that?
2420,3,10,65,78,1.205128205128205,0.05582599374914914,555,"It's a ""piece"" offering. Get it?"
2420,2,12,64,78,1.205128205128205,0.05275927638889398,555,"No, of course it doesn't taste as good. But it's GMO-free."
2420,3,10,65,78,1.205128205128205,0.05582599374914914,555,Looks like the mannequin challenge was at the nude beach.
2420,3,10,65,78,1.205128205128205,0.05582599374914914,555,Tastes like chicken!
2420,2,12,64,78,1.205128205128205,0.05275927638889398,555,"Honey, I told you not to eat processed foods."
2420,5,6,67,78,1.205128205128205,0.061502375922241455,555,"No thanks, I'm cutting out the processed stuff."
2420,2,12,64,78,1.205128205128205,0.05275927638889398,555,At least its clothes were tasteful...
2420,4,8,66,78,1.205128205128205,0.058732800981056335,555,It is an alternative fish.
2420,1,14,63,78,1.205128205128205,0.04950293841863706,555,"No resistance. No blood. So, more of a snacking frenzy."
2420,2,12,64,78,1.205128205128205,0.05275927638889398,555,The waiter said it's not on the endangered species list.
2420,4,8,66,78,1.205128205128205,0.058732800981056335,555,So is this the carnivore's dilemma?
2420,2,12,64,78,1.205128205128205,0.05275927638889398,555,Mine? I'll keep it on the continental shelf.
2420,3,10,65,78,1.205128205128205,0.05582599374914914,555,This cartoonist has really jumped the shark with this one.
2420,4,8,66,78,1.205128205128205,0.058732800981056335,555,This one has been out in the sun too long.
2420,2,12,64,78,1.205128205128205,0.05275927638889398,555,Those diets never seem to work
2420,1,14,63,78,1.205128205128205,0.04950293841863706,555,That's how I got busted in the carpool lane
2420,2,12,64,78,1.205128205128205,0.05275927638889398,555,Your failing eyesight worries me...
2420,1,14,63,78,1.205128205128205,0.04950293841863706,555,"It's got 40% fewer calories, but I admit I miss the mouth-feel of the real thing."
2420,4,8,66,78,1.205128205128205,0.058732800981056335,555,I'll admit it's going better than the Ice Bucket Challenge.
2420,2,12,64,78,1.205128205128205,0.05275927638889398,555,It's not a mannequin. It's an alternative diver.
2420,1,14,63,78,1.205128205128205,0.04950293841863706,555,"I know, these low cal meals taste terrible."
2420,3,10,65,78,1.205128205128205,0.05582599374914914,555,Taste's like surfer.
2420,4,8,66,78,1.205128205128205,0.058732800981056335,555,Is this your Vegan meal?
2420,2,12,64,78,1.205128205128205,0.05275927638889398,555,It's less satisfying but fewer calories.
2420,2,12,64,78,1.205128205128205,0.05275927638889398,555,"You ordered fat free, right?"
2420,3,10,65,78,1.205128205128205,0.05582599374914914,555,I'm dieting.
2420,3,10,65,78,1.205128205128205,0.05582599374914914,555,"It's what I get for attacking a boat named ""April Fool""."
2420,3,10,65,78,1.205128205128205,0.05582599374914914,555,You can hardly tell the the difference.
2420,2,12,64,78,1.205128205128205,0.05275927638889398,555,What... you never heard of the mannequin challenge
2420,1,14,63,78,1.205128205128205,0.04950293841863706,555,It needs a bit of seasoning.
2420,4,8,66,78,1.205128205128205,0.058732800981056335,555,You're telling me now that I've had model stuck in my teeth all day?!
2420,3,10,65,78,1.205128205128205,0.05582599374914914,555,Close! Next time... really sink your teeth in! I want to see the fear in his eyes!
2420,2,12,64,78,1.205128205128205,0.05275927638889398,555,"Don't point fins, it's PETA approved"
2420,4,8,66,78,1.205128205128205,0.058732800981056335,555,"Fake News, Fake Flesh."
2420,3,10,65,78,1.205128205128205,0.05582599374914914,555,My Gastroenterologist said to stick with bland food.
2420,1,14,63,78,1.205128205128205,0.04950293841863706,555,"It's part of my new high fiber, low carb diet."
2420,1,14,63,78,1.205128205128205,0.04950293841863706,555,I'm practicing until I come across a live one.
2420,1,14,63,78,1.205128205128205,0.04950293841863706,555,"The taste is bad, but it's zero calories."
2420,4,8,66,78,1.205128205128205,0.058732800981056335,555,I got the last one.
2420,1,14,63,78,1.205128205128205,0.04950293841863706,555,Not sure I like this trend towards artificial food.
2420,4,8,66,78,1.205128205128205,0.058732800981056335,555,Let's practice. More innocent refugees are coming.
2420,2,12,64,78,1.205128205128205,0.05275927638889398,555,I'm dubious; are you sure this high fiber diet is gonna work?
2420,0,16,62,78,1.205128205128205,0.04601674237795457,555,Because I'm trying to get more fiber in my diet.
2420,5,6,67,78,1.205128205128205,0.061502375922241455,555,I took the Manikin Challenge
2420,4,8,66,78,1.205128205128205,0.058732800981056335,555,I'll distract them with this fake body... then you swim in for the kill.
2420,2,12,64,78,1.205128205128205,0.05275927638889398,555,"Hey, Harry, you forgot your glasses again."
2420,2,12,64,78,1.205128205128205,0.05275927638889398,555,"Well, you lose some of the flavor, but it's half the calories."
2420,2,12,64,78,1.205128205128205,0.05275927638889398,555,This definitely does NOT taste like chicken.
2420,4,8,66,78,1.205128205128205,0.058732800981056335,555,It's a major award!
2420,4,8,66,78,1.205128205128205,0.058732800981056335,555,I'm on a low-fat diet.
2420,3,10,65,78,1.205128205128205,0.05582599374914914,555,I'm on a no hemoglobin diet.
2420,4,8,66,78,1.205128205128205,0.058732800981056335,555,It has zero calories but still tastes like people.
2420,2,12,64,78,1.205128205128205,0.05275927638889398,555,You haven't heard of the mannequin challenge?
2420,4,8,66,78,1.205128205128205,0.058732800981056335,555,I said enough with the mannequin challenges!
2420,2,12,64,78,1.205128205128205,0.05275927638889398,555,"He did not cost an arm and a leg , and his cholesterol was low..."
2420,1,14,63,78,1.205128205128205,0.04950293841863706,555,it's a risk you run with a dating service.
2420,1,14,63,78,1.205128205128205,0.04950293841863706,555,Why can't you ever just support my accomplishments
2420,4,8,66,78,1.205128205128205,0.058732800981056335,555,I went vegan.
2420,1,14,63,78,1.205128205128205,0.04950293841863706,555,"Lo-fat... good crunch, but pretty tasteless."
2420,3,10,65,78,1.205128205128205,0.05582599374914914,555,I'm going vegetarian.
2420,2,12,64,78,1.205128205128205,0.05275927638889398,555,I told you this fake news was going to have a domino effect..
2420,5,6,67,78,1.205128205128205,0.061502375922241455,555,I caught him playing dead.
2420,1,14,63,78,1.205128205128205,0.04950293841863706,555,"She was ""dressed to kill."""
2420,2,12,64,78,1.205128205128205,0.05275927638889398,555,"Honey, that is not what I meant when I said we ought to do the mannequin challenge."
2420,2,12,64,78,1.205128205128205,0.05275927638889398,555,"Darn, completely overcooked."
2420,4,8,66,78,1.205128205128205,0.058732800981056335,555,I'm on a high fiber diet.
2420,3,10,65,78,1.205128205128205,0.05582599374914914,555,"Same great flavor, half the calories."
2420,3,10,65,78,1.205128205128205,0.05582599374914914,555,I'm not so sure it's a shish kebab.
2420,2,12,64,78,1.205128205128205,0.05275927638889398,555,A chew toy?
2420,4,8,66,78,1.205128205128205,0.058732800981056335,555,I'm on the alternate fact diet.
2420,3,10,65,78,1.205128205128205,0.05582599374914914,555,I wish they'd stop with their fad diets... hardly any meat on 'em anymore.
2420,3,10,65,78,1.205128205128205,0.05582599374914914,555,I'm cutting down on protein.
2420,4,8,66,78,1.205128205128205,0.058732800981056335,555,I'm weaning off.
2420,4,8,66,78,1.205128205128205,0.058732800981056335,555,This is the best lure ever. I set it up near the beach and in no time lunch shows up
2420,2,12,64,78,1.205128205128205,0.05275927638889398,555,Is there an optometrist you would recommend ?
2420,2,12,64,78,1.205128205128205,0.05275927638889398,555,I prefer dating models
2420,0,16,62,78,1.205128205128205,0.04601674237795457,555,It comforts me in the off-season
2420,1,14,63,78,1.205128205128205,0.04950293841863706,555,I'm trying to go vegan.
2420,2,12,64,78,1.205128205128205,0.05275927638889398,555,I'm practicing!
2420,1,14,63,78,1.205128205128205,0.04950293841863706,555,"A little tough, but at least its not wiggling."
2420,2,12,64,78,1.205128205128205,0.05275927638889398,555,"No, no, it's MANeater, MANeater."
2420,3,10,65,78,1.205128205128205,0.05582599374914914,555,This is a tough one; already broke four of my teeth on her!
2420,4,8,66,78,1.205128205128205,0.058732800981056335,555,They tried to bring back sharkskin.
2420,0,16,62,78,1.205128205128205,0.04601674237795457,555,"Unfortunately, I couldn't attend the awards ceremony."
2420,4,8,66,78,1.205128205128205,0.058732800981056335,555,They're Mannequin chips. Gluten and human free.
2420,2,12,64,78,1.205128205128205,0.05275927638889398,555,I can't resist the mannequin challenge.
2420,4,8,66,78,1.205128205128205,0.058732800981056335,555,"It's not bad, but the non-vegan version is delicious."
2420,4,8,66,78,1.205128205128205,0.058732800981056335,555,"This brand is crunchier, but has no flavor."
2420,3,10,65,78,1.205128205128205,0.05582599374914914,555,Imitation human just doesn't cut it for me.
2420,5,6,67,78,1.205128205128205,0.061502375922241455,555,What is it with all the blank stares today ?
2420,3,10,65,78,1.205128205128205,0.05582599374914914,555,I'm allergic to blood.
2420,2,12,64,78,1.205128205128205,0.05275927638889398,555,Kind of tastes like chicken.
2420,3,10,65,78,1.205128205128205,0.05582599374914914,555,I've decided to entirely eliminate meat from my diet.
2420,5,6,67,78,1.205128205128205,0.061502375922241455,555,"Well, somebody has to dress the First Lady."
2420,5,6,67,78,1.205128205128205,0.061502375922241455,555,It's not as tasty but it's 0% fat.
2420,4,8,66,78,1.205128205128205,0.058732800981056335,555,That's not how the Mannequin Challenge works.
2420,2,12,64,78,1.205128205128205,0.05275927638889398,555,So I'm vegan now.
2420,1,14,63,78,1.205128205128205,0.04950293841863706,555,"For heaven sake, can't you ever bring home something appetizing?"
2420,3,10,65,78,1.205128205128205,0.05582599374914914,555,"Mind you, when done for real there will be more struggling."
2420,3,10,65,78,1.205128205128205,0.05582599374914914,555,I've decided to give up meat.
2420,4,8,66,78,1.205128205128205,0.058732800981056335,555,We've got to start labeling our food!
2420,2,12,64,78,1.205128205128205,0.05275927638889398,555,I really want to move out of the city.
2420,2,12,64,78,1.205128205128205,0.05275927638889398,555,I've turned vegan.
2653,3,10,66,79,1.2025316455696202,0.055175935994185736,555,I told you not to order the prix fixe menu.
2653,3,10,66,79,1.2025316455696202,0.055175935994185736,555,How'd I do on that one coach?
2653,0,16,63,79,1.2025316455696202,0.04550465996318567,555,"Not great, but it's Gluten free and fat free"
2653,4,8,67,79,1.2025316455696202,0.05804268995883625,555,I'm auditioning for Jaws 4.
2653,4,8,67,79,1.2025316455696202,0.05804268995883625,555,he wants a shark skin suit.
2653,1,14,64,79,1.2025316455696202,0.04894123029908691,555,Tastes like Venus De Milo.
2659,2,11,64,77,1.1948051948051948,0.052415870290318925,555,It's sort of like a vapor cigarette.
2659,3,9,65,77,1.1948051948051948,0.05558045481956562,555,Just doing a couple dummy runs before we feast.
2659,4,7,66,77,1.1948051948051948,0.05857431568194384,555,Let's not shop at IKEA anymore
2659,3,9,65,77,1.1948051948051948,0.05558045481956562,555,That's it. No more vegetarian restaurants for me.
2659,3,9,65,77,1.1948051948051948,0.05558045481956562,555,"""Art-i-fish-al?"
2659,6,3,68,77,1.1948051948051948,0.06414419269836112,555,"You may accuse me of stating an alternative fact, but she is the most delicious woman I have ever eaten."
2659,5,5,67,77,1.1948051948051948,0.06142242226798165,555,Come back with a real man.
2659,4,7,66,77,1.1948051948051948,0.05857431568194384,555,"Zero calories, though."
2659,2,11,64,77,1.1948051948051948,0.052415870290318925,555,My doctor said I should cut out blood.
2659,4,7,66,77,1.1948051948051948,0.05857431568194384,555,That's not a manatee.
2659,3,9,65,77,1.1948051948051948,0.05558045481956562,555,I wish it were an Oscar Mayer Wiener
2659,2,11,64,77,1.1948051948051948,0.052415870290318925,555,It's really helped me to cut down.
2659,3,9,65,77,1.1948051948051948,0.05558045481956562,555,Sometimes the vegan option doesn't quite cut it.
2659,2,11,64,77,1.1948051948051948,0.052415870290318925,555,I hate these artificial flavors
2659,3,9,65,77,1.1948051948051948,0.05558045481956562,555,It sure beats patches.
2659,3,9,65,77,1.1948051948051948,0.05558045481956562,555,"Still rehearsing for that ""Jaws"" audition?"
2659,3,9,65,77,1.1948051948051948,0.05558045481956562,555,"#MannequinChallenge, bro."
2659,2,11,64,77,1.1948051948051948,0.052415870290318925,555,"She seemed like a good catch at the time, but she didn't taste as good as she looked."
2659,2,11,64,77,1.1948051948051948,0.052415870290318925,555,"I have no idea what it is, but I saw it on 'Shark Tank' so I just had to have it."
2659,3,9,65,77,1.1948051948051948,0.05558045481956562,555,Tastes just like chicken.
2659,5,5,67,77,1.1948051948051948,0.06142242226798165,555,I thought you were dating a manatee.
2659,2,11,64,77,1.1948051948051948,0.052415870290318925,555,I guess we have to settle for farm raised again.
2659,3,9,65,77,1.1948051948051948,0.05558045481956562,555,Our friends are right. You are a dumb shark
2659,1,13,63,77,1.1948051948051948,0.04904752754862677,555,Just catching one more mannequin and I get my license to go after the live ones!
2659,3,9,65,77,1.1948051948051948,0.05558045481956562,555,"The truck drivers were all gone, but these are kinda fun to chew on."
2659,1,13,63,77,1.1948051948051948,0.04904752754862677,555,But it is gluten free
2659,1,13,63,77,1.1948051948051948,0.04904752754862677,555,Are you the shark attorney who handles 'bait & switch' cases?
2659,4,7,66,77,1.1948051948051948,0.05857431568194384,555,"Sorry honey, real human meat triples our carbon footprint."
2659,4,7,66,77,1.1948051948051948,0.05857431568194384,555,It's kind of dry
2659,3,9,65,77,1.1948051948051948,0.05558045481956562,555,Did I win the mannequin challenge?
2659,3,9,65,77,1.1948051948051948,0.05558045481956562,555,They have such great taste in fashion
2659,4,7,66,77,1.1948051948051948,0.05857431568194384,555,The taste is bland without dressing.
2659,2,11,64,77,1.1948051948051948,0.052415870290318925,555,My doctor says that it will decrease my cravings.
2659,1,13,63,77,1.1948051948051948,0.04904752754862677,555,"You're right, I know. It's not the same."
2659,2,11,64,77,1.1948051948051948,0.052415870290318925,555,Fiber diet.
2659,6,3,68,77,1.1948051948051948,0.06414419269836112,555,It's not bad if you brine it.
2659,3,9,65,77,1.1948051948051948,0.05558045481956562,555,Dummy. That's fake food.
2659,3,9,65,77,1.1948051948051948,0.05558045481956562,555,The limbs tasted very processed; I'm hoping the torso is better.
2659,0,15,62,77,1.1948051948051948,0.04543012721724501,555,"You're right, not much nutritional value. But nice crunch."
2659,3,9,65,77,1.1948051948051948,0.05558045481956562,555,These come without preservatives!
2659,2,11,64,77,1.1948051948051948,0.052415870290318925,555,It doesn't taste that good but it's low cal and high in roughage.
2659,2,11,64,77,1.1948051948051948,0.052415870290318925,555,Fashionable - but strangely tasteless.
2659,3,9,65,77,1.1948051948051948,0.05558045481956562,555,This one needs seasoning
2659,1,13,63,77,1.1948051948051948,0.04904752754862677,555,Going vegan hasn't been easy.
2659,2,11,64,77,1.1948051948051948,0.052415870290318925,555,It's low calorie.
2659,0,15,62,77,1.1948051948051948,0.04543012721724501,555,It's got a longer shelf life.
2659,3,9,65,77,1.1948051948051948,0.05558045481956562,555,It's an E-victim--I've been trying to quit.
2659,2,11,64,77,1.1948051948051948,0.052415870290318925,555,Got it from Gimbel's in '86.
2659,3,9,65,77,1.1948051948051948,0.05558045481956562,555,It was the only vegetarian thing on the menu.
2659,3,9,65,77,1.1948051948051948,0.05558045481956562,555,This one is unusually tough.
2659,4,7,66,77,1.1948051948051948,0.05857431568194384,555,"The shelf life may have improved, but everything else is worse."
2659,2,11,64,77,1.1948051948051948,0.052415870290318925,555,Alternative fish
2659,3,9,65,77,1.1948051948051948,0.05558045481956562,555,"Apparently ""edible"" was an alternative fact."
2659,3,9,65,77,1.1948051948051948,0.05558045481956562,555,I've decided to sink my teeth into a fashion career.
2659,3,9,65,77,1.1948051948051948,0.05558045481956562,555,This junk food will rot your current set of teeth out.
2659,1,13,63,77,1.1948051948051948,0.04904752754862677,555,The Mannequin Challenge is harder than it looks.
2659,3,9,65,77,1.1948051948051948,0.05558045481956562,555,Are there different flavors?
2659,3,9,65,77,1.1948051948051948,0.05558045481956562,555,The Mediterranean diet.
2659,3,9,65,77,1.1948051948051948,0.05558045481956562,555,"Mannequin challenge, schmannequin challenge."
2659,3,9,65,77,1.1948051948051948,0.05558045481956562,555,I'm here for the mannequin challenge
2659,3,9,65,77,1.1948051948051948,0.05558045481956562,555,I gave up smoking.
2659,2,11,64,77,1.1948051948051948,0.052415870290318925,555,They didn't have your size.
2659,2,11,64,77,1.1948051948051948,0.052415870290318925,555,You're doing it wrong.
2659,1,13,63,77,1.1948051948051948,0.04904752754862677,555,My doctor recommended that I go gluten free....
2659,2,11,64,77,1.1948051948051948,0.052415870290318925,555,People don't go the mall anymore.
2659,2,11,64,77,1.1948051948051948,0.052415870290318925,555,"""Alternative people"" are leaving me unsatisfied"
2659,2,11,64,77,1.1948051948051948,0.052415870290318925,555,You know what color would look great? White.
2659,0,15,62,77,1.1948051948051948,0.04543012721724501,555,I'm gonna dress it up and use it as a decoy.
2659,6,3,68,77,1.1948051948051948,0.06414419269836112,555,I got the hugest person ever. What a fighter. Look at the blood. Incredible!
2659,0,15,62,77,1.1948051948051948,0.04543012721724501,555,I think I've outgrown teething toys. Give me the real thing.
2659,2,11,64,77,1.1948051948051948,0.052415870290318925,555,Are you making another dummy run?
2659,1,13,63,77,1.1948051948051948,0.04904752754862677,555,They were out of organic.
2659,4,7,66,77,1.1948051948051948,0.05857431568194384,555,"Hey, Dummy!"
2659,4,7,66,77,1.1948051948051948,0.05857431568194384,555,"No, he said bring a 'panic in' to shore, not a mannequin, silly!"
2659,1,13,63,77,1.1948051948051948,0.04904752754862677,555,"Maybe you should look up ""mannequin challenge"" again"
2659,1,13,63,77,1.1948051948051948,0.04904752754862677,555,I'm trying to be more conscious of what I eat.
2659,1,13,63,77,1.1948051948051948,0.04904752754862677,555,They were having a sale.
2659,3,9,65,77,1.1948051948051948,0.05558045481956562,555,Dress rehearsal time.
2659,2,11,64,77,1.1948051948051948,0.052415870290318925,555,It's my new retainer.
2659,3,9,65,77,1.1948051948051948,0.05558045481956562,555,I'm transitioning to a vegan diet.
2659,3,9,65,77,1.1948051948051948,0.05558045481956562,555,Too much artificial flavoring.
2659,2,11,64,77,1.1948051948051948,0.052415870290318925,555,Meatless Human is even dryer than a turkey burger
2659,0,15,62,77,1.1948051948051948,0.04543012721724501,555,"Yes, but theses are high in fibre."
2659,2,11,64,77,1.1948051948051948,0.052415870290318925,555,I'm trying to increase the amount of fiber in my diet.
2659,2,11,64,77,1.1948051948051948,0.052415870290318925,555,Apparently it's a new fad diet called the mannequin challenge.
2659,5,5,67,77,1.1948051948051948,0.06142242226798165,555,"What do you mean, you don't believe she's real? Check the alternative facts!"
2659,1,13,63,77,1.1948051948051948,0.04904752754862677,555,It tastes a little worse but it's gluten free.
2659,2,11,64,77,1.1948051948051948,0.052415870290318925,555,I admire your resolution but I don't think that qualifies as vegan.
2659,2,11,64,77,1.1948051948051948,0.052415870290318925,555,This vegetarian diet is not working at all for me
2659,2,11,64,77,1.1948051948051948,0.052415870290318925,555,That's not how you do the mannequin challenge.
2659,3,9,65,77,1.1948051948051948,0.05558045481956562,555,Does this make me a mannequin-eating shark?
2659,2,11,64,77,1.1948051948051948,0.052415870290318925,555,It's only fake food but I love it.
2659,3,9,65,77,1.1948051948051948,0.05558045481956562,555,Better than snacking because it fools your hunger pangs without the calories.
2659,4,7,66,77,1.1948051948051948,0.05857431568194384,555,I think I've got the hang of it.
2659,3,9,65,77,1.1948051948051948,0.05558045481956562,555,"Alt-human, tastes like surfboard."
2659,4,7,66,77,1.1948051948051948,0.05857431568194384,555,"Surfer decoy, nicely played."
2659,5,5,67,77,1.1948051948051948,0.06142242226798165,555,I'm a Makover shark.
2659,3,9,65,77,1.1948051948051948,0.05558045481956562,555,No more 'form over substance.'
2659,3,9,65,77,1.1948051948051948,0.05558045481956562,555,When will I learn? Fast food always tastes like plastic.
2659,3,9,65,77,1.1948051948051948,0.05558045481956562,555,"That's good Junior. Just try to leave a nice, clean, circular bite mark. It's more dramatic."
2659,1,13,63,77,1.1948051948051948,0.04904752754862677,555,"I thought they were soft on the outside, chewy on the inside."
2659,4,7,66,77,1.1948051948051948,0.05857431568194384,555,I'm going to need a bigger throat
2659,1,13,63,77,1.1948051948051948,0.04904752754862677,555,Can we keep him?
2659,1,13,63,77,1.1948051948051948,0.04904752754862677,555,This New Year's diet is killing me.
2659,1,13,63,77,1.1948051948051948,0.04904752754862677,555,you have to crawl before you can walk
2659,3,9,65,77,1.1948051948051948,0.05558045481956562,555,I've gone on a no-fat diet.
2659,2,11,64,77,1.1948051948051948,0.052415870290318925,555,Will Amazon exchange it for the real thing?
2659,3,9,65,77,1.1948051948051948,0.05558045481956562,555,"Practice, practice, practice."
2659,3,9,65,77,1.1948051948051948,0.05558045481956562,555,"As it turns out, seeing is not believing."
2659,4,7,66,77,1.1948051948051948,0.05857431568194384,555,It's a comfort animal.
2659,5,5,67,77,1.1948051948051948,0.06142242226798165,555,"I couldn't find a dumb human, but I found a human dummy!"
2659,1,13,63,77,1.1948051948051948,0.04904752754862677,555,"They're always a little bony, but I think this one has gone bad."
2659,2,11,64,77,1.1948051948051948,0.052415870290318925,555,Do we have ketchup?
2659,4,7,66,77,1.1948051948051948,0.05857431568194384,555,"I can't quite put my fin on it, but something's changed up there."
2659,5,5,67,77,1.1948051948051948,0.06142242226798165,555,Let it go!! Haven't you heard that dummies are an endangered species??!!
2659,3,9,65,77,1.1948051948051948,0.05558045481956562,555,You know i'm a vegan now and this helps with the cravings.
2659,1,13,63,77,1.1948051948051948,0.04904752754862677,555,I'm on a low cholesterol diet
2659,2,11,64,77,1.1948051948051948,0.052415870290318925,555,Not as satisfying as I expected.
2659,1,13,63,77,1.1948051948051948,0.04904752754862677,555,Maybe I need glasses.
2659,2,11,64,77,1.1948051948051948,0.052415870290318925,555,It's for the baby!
2659,2,11,64,77,1.1948051948051948,0.052415870290318925,555,I hate this new diet.
2659,3,9,65,77,1.1948051948051948,0.05558045481956562,555,Take out again!?
2659,4,7,66,77,1.1948051948051948,0.05857431568194384,555,"Not that I mind removing the limbs myself, but I can live without the mess."
2659,5,5,67,77,1.1948051948051948,0.06142242226798165,555,I had to get it retail.
2659,0,15,62,77,1.1948051948051948,0.04543012721724501,555,It's not bad for gluten-free.
2659,4,7,66,77,1.1948051948051948,0.05857431568194384,555,"I told you, you need to see an eye doctor."
2659,2,11,64,77,1.1948051948051948,0.052415870290318925,555,I take it the dress didn't fit?
2659,3,9,65,77,1.1948051948051948,0.05558045481956562,555,It's a human-eating cessation aid.
2659,3,9,65,77,1.1948051948051948,0.05558045481956562,555,I'm on this new vegan diet.
2659,3,9,65,77,1.1948051948051948,0.05558045481956562,555,She was wearing sharkskin.
2659,1,13,63,77,1.1948051948051948,0.04904752754862677,555,"After the beach ""incident,"" my councelor made me start people replacement therapy."
2659,3,9,65,77,1.1948051948051948,0.05558045481956562,555,"Mock human, tastes like the real thing and fewer calories"
2659,4,7,66,77,1.1948051948051948,0.05857431568194384,555,"Eat mannequins, not too many, mostly torsos."
2659,3,9,65,77,1.1948051948051948,0.05558045481956562,555,It's a clinical trial. It's just a placebo.
2659,3,9,65,77,1.1948051948051948,0.05558045481956562,555,l'm so not a fan of artificial flavoring.
2659,3,9,65,77,1.1948051948051948,0.05558045481956562,555,I'm trying to kick the habit.
2659,1,13,63,77,1.1948051948051948,0.04904752754862677,555,"Yes its no-fat, but it just doesn't have the same mouth feel."
2659,4,7,66,77,1.1948051948051948,0.05857431568194384,555,It's recommended by four out of five marine biologists.
2659,2,11,64,77,1.1948051948051948,0.052415870290318925,555,It needs salt.
2659,3,9,65,77,1.1948051948051948,0.05558045481956562,555,I was shoplifting.
2659,2,11,64,77,1.1948051948051948,0.052415870290318925,555,"Look, you can dress it up all you want, but the fat-free alternative just isn't the same."
2800,2,11,65,78,1.1923076923076923,0.05179975117387882,555,It's imitation flab.
2800,3,9,66,78,1.1923076923076923,0.054920074241356344,555,I think the diet's working. I'm down to a size two.
2802,1,12,62,75,1.1866666666666668,0.049112238922818546,555,"I know it's fake, but it drives the women crazy"
2802,2,10,63,75,1.1866666666666668,0.05265332251978381,555,Alternative human? You expect me to swallow that?
2802,2,10,63,75,1.1866666666666668,0.05265332251978381,555,We think it's a wonderful baby teether.
2802,3,8,64,75,1.1866666666666668,0.055970820368587894,555,They're wrong. It doesn't taste like chicken.
2802,2,10,63,75,1.1866666666666668,0.05265332251978381,555,"I like the cream-filled ones better, but I'm on a diet"
2802,2,10,63,75,1.1866666666666668,0.05265332251978381,555,This thing is full of pin bones.
2802,3,8,64,75,1.1866666666666668,0.055970820368587894,555,"I forgot to tell you it's FASHION WEEK, here in Miami."
2802,0,14,61,75,1.1866666666666668,0.045295161459604626,555,Tell me again you're not worried about Ocean Plastic?
2802,5,4,66,75,1.1866666666666668,0.06207619071313457,555,You say mannequin. I say dummy.
2802,2,10,63,75,1.1866666666666668,0.05265332251978381,555,It's good practice.
2802,2,10,63,75,1.1866666666666668,0.05265332251978381,555,Damn thing is stuck on my teeth.
2802,4,6,65,75,1.1866666666666668,0.059102394986100974,555,"You're on that new Dressmaker's Diet, aren't you. It's really working."
2802,3,8,64,75,1.1866666666666668,0.055970820368587894,555,"I know, Helen, I know...delicious AND vegan"
2802,2,10,63,75,1.1866666666666668,0.05265332251978381,555,"oddly enough tastes like ""Chicken"""
2802,2,10,63,75,1.1866666666666668,0.05265332251978381,555,I should have known they'er never as tasty as the real thing.
2802,2,10,63,75,1.1866666666666668,0.05265332251978381,555,It was the peg leg fooled me
2802,4,6,65,75,1.1866666666666668,0.059102394986100974,555,I worry about the ones from Flint. All that lead is bad for you.
2802,2,10,63,75,1.1866666666666668,0.05265332251978381,555,You do realize that's alternative flesh.
2802,3,8,64,75,1.1866666666666668,0.055970820368587894,555,"Frank, you have taken this vegan thing too far."
2802,4,6,65,75,1.1866666666666668,0.059102394986100974,555,Form over function.
2802,2,10,63,75,1.1866666666666668,0.05265332251978381,555,It's better than the reel thing.
2802,2,10,63,75,1.1866666666666668,0.05265332251978381,555,It's only target practice.
2802,3,8,64,75,1.1866666666666668,0.055970820368587894,555,I need to add more fiber to my diet.
2802,2,10,63,75,1.1866666666666668,0.05265332251978381,555,Are you SURE it's organic?
2802,2,10,63,75,1.1866666666666668,0.05265332251978381,555,It's part of my new meatless diet.
2802,2,10,63,75,1.1866666666666668,0.05265332251978381,555,"I know you're on a diet, but it just doesn't look appetizing without the dressing."
2802,4,6,65,75,1.1866666666666668,0.059102394986100974,555,Does this make me look fat?
2802,3,8,64,75,1.1866666666666668,0.055970820368587894,555,I'm trying to quit eating swimmers.
2802,4,6,65,75,1.1866666666666668,0.059102394986100974,555,"'That's not a real man!"" ""I know but it's an alternative man."""
2802,3,8,64,75,1.1866666666666668,0.055970820368587894,555,"It was this or Trump, and I believe in professional courtesy."
2802,3,8,64,75,1.1866666666666668,0.055970820368587894,555,This shark attack rehab program is stupid.
2802,4,6,65,75,1.1866666666666668,0.059102394986100974,555,"Look, I appreciate your concern, but I doubt that Project Runway was ever going to out-rate Shark Week."
2802,2,10,63,75,1.1866666666666668,0.05265332251978381,555,What? I'm still teething
2802,3,8,64,75,1.1866666666666668,0.055970820368587894,555,"I found this zero calorie treat on aisle 6. It's called ""I can't believe it's not human®"""
2802,2,10,63,75,1.1866666666666668,0.05265332251978381,555,Careful. It may be GMO.
2802,4,6,65,75,1.1866666666666668,0.059102394986100974,555,Restaurant week is a rip off.
2802,3,8,64,75,1.1866666666666668,0.055970820368587894,555,Fooled again!
2802,4,6,65,75,1.1866666666666668,0.059102394986100974,555,it's been hard since karen left
2802,2,10,63,75,1.1866666666666668,0.05265332251978381,555,Usually they swim away
2802,2,10,63,75,1.1866666666666668,0.05265332251978381,555,"Awe man, my squeaky toy don't work!"
2802,4,6,65,75,1.1866666666666668,0.059102394986100974,555,You're going to need a bigger coat.
2802,2,10,63,75,1.1866666666666668,0.05265332251978381,555,Not to worry. Everything's virtual nowadays.
2802,2,10,63,75,1.1866666666666668,0.05265332251978381,555,This alternative diet leaves me feeling empty.
2802,3,8,64,75,1.1866666666666668,0.055970820368587894,555,"It takes some getting used to, but it looks and tastes almost like the real thing."
2802,5,4,66,75,1.1866666666666668,0.06207619071313457,555,I said manaTEE
2802,5,4,66,75,1.1866666666666668,0.06207619071313457,555,"Hey dummy, get real."
2802,3,8,64,75,1.1866666666666668,0.055970820368587894,555,The organic variety definitely beats this processed stuff.
2802,3,8,64,75,1.1866666666666668,0.055970820368587894,555,"Stop, Flossie. You're making us look desperate."
2802,4,6,65,75,1.1866666666666668,0.059102394986100974,555,I ate the owner first. He was a matrimonial attorney.
2802,2,10,63,75,1.1866666666666668,0.05265332251978381,555,It's difficult to find a real human being these days
2802,1,12,62,75,1.1866666666666668,0.049112238922818546,555,I'm going in for lasik surgery next week.
2802,4,6,65,75,1.1866666666666668,0.059102394986100974,555,Ahab got the leg.
2802,3,8,64,75,1.1866666666666668,0.055970820368587894,555,"It came with my ""Feeding Frenzies for Dummies."""
2802,3,8,64,75,1.1866666666666668,0.055970820368587894,555,I'm hoping it will thaw out
2802,2,10,63,75,1.1866666666666668,0.05265332251978381,555,I got it at The Gap.
2802,3,8,64,75,1.1866666666666668,0.055970820368587894,555,How was practice?
2802,3,8,64,75,1.1866666666666668,0.055970820368587894,555,I got this teething toy for junior from the Great Pacific garbage patch.
2802,3,8,64,75,1.1866666666666668,0.055970820368587894,555,I don't think that's what vegetarian means.
2802,2,10,63,75,1.1866666666666668,0.05265332251978381,555,I've decided to go Vegan.
2802,3,8,64,75,1.1866666666666668,0.055970820368587894,555,Better return that. It's Fashion Week.
2802,3,8,64,75,1.1866666666666668,0.055970820368587894,555,Well-done is an understatement.
2802,2,10,63,75,1.1866666666666668,0.05265332251978381,555,You lack the proper killer instinct!
2802,1,12,62,75,1.1866666666666668,0.049112238922818546,555,This 'mannequin challenge' is pretty easy.
2802,1,12,62,75,1.1866666666666668,0.049112238922818546,555,I'm afraid your new feeding strategy has no legs.
2802,2,10,63,75,1.1866666666666668,0.05265332251978381,555,"The lure said,""Free Melania."""
2802,2,10,63,75,1.1866666666666668,0.05265332251978381,555,"Just practicing. The America's Cup is in a couple of months, and I want to be ready."
2802,2,10,63,75,1.1866666666666668,0.05265332251978381,555,It tastes just like a rubber chicken!
2802,2,10,63,75,1.1866666666666668,0.05265332251978381,555,Cruel hoax or not. It meets my daily fiber intake.
2802,3,8,64,75,1.1866666666666668,0.055970820368587894,555,How do you like my new bite guard?
2802,4,6,65,75,1.1866666666666668,0.059102394986100974,555,At least these things don't try to poke me in the eye.
2802,2,10,63,75,1.1866666666666668,0.05265332251978381,555,Setting a trap to catch Mr. Wonderful
2802,4,6,65,75,1.1866666666666668,0.059102394986100974,555,"Don't be so overly dramatic. It's human, and that's an alternative fact."
2802,4,6,65,75,1.1866666666666668,0.059102394986100974,555,"Yeah, you were right—just window-dressing shark bait."
2802,2,10,63,75,1.1866666666666668,0.05265332251978381,555,I thought this was the mannequin challenge.
2802,3,8,64,75,1.1866666666666668,0.055970820368587894,555,Where'd I get it? Does Macy's tell Gimbel's?
2802,3,8,64,75,1.1866666666666668,0.055970820368587894,555,But I can't taste the difference.
2802,2,10,63,75,1.1866666666666668,0.05265332251978381,555,It's an acquired taste.
2802,1,12,62,75,1.1866666666666668,0.049112238922818546,555,I'm going gluten-free.
2802,1,12,62,75,1.1866666666666668,0.049112238922818546,555,"Nice try Fred, but no one's going to fall for that at a pot luck."
2802,3,8,64,75,1.1866666666666668,0.055970820368587894,555,Amazing how lifelike these dummies are...
2802,4,6,65,75,1.1866666666666668,0.059102394986100974,555,"Wait, you said ""man named Quint?"""
2802,0,14,61,75,1.1866666666666668,0.045295161459604626,555,"Howard, I told you to wear your glasses."
2802,4,6,65,75,1.1866666666666668,0.059102394986100974,555,You're gonna need a bigger mouth.
2802,2,10,63,75,1.1866666666666668,0.05265332251978381,555,The vegan option just isn't like the real thing.
2802,4,6,65,75,1.1866666666666668,0.059102394986100974,555,"I know, it's tough to distinguish the dummies from the real people during ""Fashion Week."
2802,2,10,63,75,1.1866666666666668,0.05265332251978381,555,I find it soothing....not really sure why.
2802,3,8,64,75,1.1866666666666668,0.055970820368587894,555,You've got the wrong dummy!
2802,2,10,63,75,1.1866666666666668,0.05265332251978381,555,It looked better on the shore.
2802,4,6,65,75,1.1866666666666668,0.059102394986100974,555,you know that's not a real human right?
2802,2,10,63,75,1.1866666666666668,0.05265332251978381,555,A little dry but the presentation was nice.
2802,3,8,64,75,1.1866666666666668,0.055970820368587894,555,This is the year I commit to my mannequin cleanse.
2802,3,8,64,75,1.1866666666666668,0.055970820368587894,555,I'm on the South Beach diet.
2802,2,10,63,75,1.1866666666666668,0.05265332251978381,555,I'm cutting back on fats.
2802,2,10,63,75,1.1866666666666668,0.05265332251978381,555,This imitation human meat ain't half bad.
2802,2,10,63,75,1.1866666666666668,0.05265332251978381,555,"She's perfect for you, dummy."
2802,2,10,63,75,1.1866666666666668,0.05265332251978381,555,"I know it sounds like a cliche, but this one does taste like cardboard!"
2802,0,14,61,75,1.1866666666666668,0.045295161459604626,555,Tastes great and it's less filling.
2802,1,12,62,75,1.1866666666666668,0.049112238922818546,555,I'm practicing my acceptance speech.
2802,3,8,64,75,1.1866666666666668,0.055970820368587894,555,I decided to try weight watchers...
2802,4,6,65,75,1.1866666666666668,0.059102394986100974,555,"Ok, this isn't as tasty as it looks!"
2802,2,10,63,75,1.1866666666666668,0.05265332251978381,555,I'm on a meatless diet.
2802,1,12,62,75,1.1866666666666668,0.049112238922818546,555,Have you not heard of the mannequin challenge?
2802,1,12,62,75,1.1866666666666668,0.049112238922818546,555,Doctor's order need to cut down on red meat.
2802,3,8,64,75,1.1866666666666668,0.055970820368587894,555,It's supposed to help me get over my addiction to humans.
2802,2,10,63,75,1.1866666666666668,0.05265332251978381,555,What? I'm worried about overfishing.
2802,2,10,63,75,1.1866666666666668,0.05265332251978381,555,This is what I get for forgetting to wear my contacts.
2802,3,8,64,75,1.1866666666666668,0.055970820368587894,555,So you're on the manniterranean diet?
2802,3,8,64,75,1.1866666666666668,0.055970820368587894,555,Your claim that this is a real body is an alternative fact.
2802,1,12,62,75,1.1866666666666668,0.049112238922818546,555,I need the roughage.
2802,4,6,65,75,1.1866666666666668,0.059102394986100974,555,"I know it's good for me, but it has no taste."
2802,4,6,65,75,1.1866666666666668,0.059102394986100974,555,"Me, I prefer organic."
2802,2,10,63,75,1.1866666666666668,0.05265332251978381,555,Doctor's orders. Bland diet.
2802,4,6,65,75,1.1866666666666668,0.059102394986100974,555,"Their first date went well, though Bruce had something stuck in his teeth."
2802,2,10,63,75,1.1866666666666668,0.05265332251978381,555,And you wonder why they kicked you out of school?
2802,1,12,62,75,1.1866666666666668,0.049112238922818546,555,"It's good. No calories, no mercury - it's just for practice."
2802,2,10,63,75,1.1866666666666668,0.05265332251978381,555,"Pins and needles, cloth, and now this - I'm beginning to see a pattern"
2802,4,6,65,75,1.1866666666666668,0.059102394986100974,555,I prefer the torso; arms and legs are so stringy.
2802,2,10,63,75,1.1866666666666668,0.05265332251978381,555,"She was reading ""Shark-Fishing for Dummies."""
2802,4,6,65,75,1.1866666666666668,0.059102394986100974,555,"Thanks, Bob. But I said Mavericks, not Macy's."
2802,2,10,63,75,1.1866666666666668,0.05265332251978381,555,"Not a great white sale, but not bad either."
2802,4,6,65,75,1.1866666666666668,0.059102394986100974,555,You look like a 42 long.
2802,3,8,64,75,1.1866666666666668,0.055970820368587894,555,I can't picture you sewing.
2802,1,12,62,75,1.1866666666666668,0.049112238922818546,555,"It's a little corky on the palette, but otherwise a fine vintage."
2802,3,8,64,75,1.1866666666666668,0.055970820368587894,555,Body and Sole
2802,1,12,62,75,1.1866666666666668,0.049112238922818546,555,"Shark Week AND Fashion Week with a single breach, woot!!"
2802,3,8,64,75,1.1866666666666668,0.055970820368587894,555,I'm hoping its a bait and switch scheme.
2802,4,6,65,75,1.1866666666666668,0.059102394986100974,555,I've had them more tender
2802,3,8,64,75,1.1866666666666668,0.055970820368587894,555,So...you finally decided to go vegan.
2802,3,8,64,75,1.1866666666666668,0.055970820368587894,555,Show some respect! She's not just a plaything.
2802,4,6,65,75,1.1866666666666668,0.059102394986100974,555,"Let me repeat, it's ""man-eater"" not ""mannequin."""
2802,4,6,65,75,1.1866666666666668,0.059102394986100974,555,Don't bother. They're stale.
2802,4,6,65,75,1.1866666666666668,0.059102394986100974,555,Didn't you say bait and stitch?
2802,6,2,67,75,1.1866666666666668,0.06491389538314439,555,I DID NOT HAVE SEX WITH THAT WOMAN
2802,6,2,67,75,1.1866666666666668,0.06491389538314439,555,The arms were not as tasty as usual
2802,3,8,64,75,1.1866666666666668,0.055970820368587894,555,"Meet Judy, my + one."
2802,2,10,63,75,1.1866666666666668,0.05265332251978381,555,Darn it! You brought the wrong size and shape!!!
2802,3,8,64,75,1.1866666666666668,0.055970820368587894,555,If I tie this to my head I can win every surfing competition.
2802,4,6,65,75,1.1866666666666668,0.059102394986100974,555,They picked me to be a shark on Project Runway.
2802,1,12,62,75,1.1866666666666668,0.049112238922818546,555,"...Paleo Diet. Crunchy, but not very filling."
2802,4,6,65,75,1.1866666666666668,0.059102394986100974,555,"honey, I thought we were going organic?"
2802,4,6,65,75,1.1866666666666668,0.059102394986100974,555,You can take the whale out of SeaWorld....
2802,2,10,63,75,1.1866666666666668,0.05265332251978381,555,"We get it, you're a vegan"
2802,2,10,63,75,1.1866666666666668,0.05265332251978381,555,It's got kind of a tofu texture.
2802,3,8,64,75,1.1866666666666668,0.055970820368587894,555,"What kind of dressing would you like, Dear?"
2802,1,12,62,75,1.1866666666666668,0.049112238922818546,555,You've gone vegan?
2802,3,8,64,75,1.1866666666666668,0.055970820368587894,555,Go long!
2802,2,10,63,75,1.1866666666666668,0.05265332251978381,555,"You heard about Macy's, right?"
2802,2,10,63,75,1.1866666666666668,0.05265332251978381,555,I hate my nonfat diet!
2802,4,6,65,75,1.1866666666666668,0.059102394986100974,555,You better get another one.....this one's a bit tough....
2802,3,8,64,75,1.1866666666666668,0.055970820368587894,555,Alternative humans are just as delicious
2802,2,10,63,75,1.1866666666666668,0.05265332251978381,555,"You know in England they call pacifiers ""dummies"", so that's that joke missed."
2802,2,10,63,75,1.1866666666666668,0.05265332251978381,555,I disagree - it's not at all like chicken - more like eating beef jerky.
2802,2,10,63,75,1.1866666666666668,0.05265332251978381,555,"Don't forget to go da na, da na, da na, and then bite..."
2802,2,10,63,75,1.1866666666666668,0.05265332251978381,555,this is an alternative human
2802,2,10,63,75,1.1866666666666668,0.05265332251978381,555,I love free shipping.
2802,2,10,63,75,1.1866666666666668,0.05265332251978381,555,I'm cutting back on the gluten.
2802,4,6,65,75,1.1866666666666668,0.059102394986100974,555,i found a new piece for our terrarium!
2802,4,6,65,75,1.1866666666666668,0.059102394986100974,555,"Stupid, didn't you notice that there were no crimmson billows?"
2802,2,10,63,75,1.1866666666666668,0.05265332251978381,555,"""I'm reconsidering this vegan diet.'"
2802,3,8,64,75,1.1866666666666668,0.055970820368587894,555,Can I count this as part of my monthly quota?
2802,3,8,64,75,1.1866666666666668,0.055970820368587894,555,"Mr. ""Blood in the Water. Now, who is the dummy?"
2802,1,12,62,75,1.1866666666666668,0.049112238922818546,555,Does this qualify for our trophy room?
2802,1,12,62,75,1.1866666666666668,0.049112238922818546,555,I think I'm going to start shopping online.
2802,1,12,62,75,1.1866666666666668,0.049112238922818546,555,I'm trying to go vegetarian.
2802,2,10,63,75,1.1866666666666668,0.05265332251978381,555,"Sure, but I've already lost 5 pounds!"
2802,2,10,63,75,1.1866666666666668,0.05265332251978381,555,"Sorry honey, tonight it's farm-raised,not wild caught."
2802,2,10,63,75,1.1866666666666668,0.05265332251978381,555,"Trying to quit humans, and they give me gas anyway."
2802,2,10,63,75,1.1866666666666668,0.05265332251978381,555,The meatless stuff is so flavorless.
2802,3,8,64,75,1.1866666666666668,0.055970820368587894,555,How many times Harold? We eat Man not Mannequin.
2802,2,10,63,75,1.1866666666666668,0.05265332251978381,555,So you've decided to become a vegetarian
2802,2,10,63,75,1.1866666666666668,0.05265332251978381,555,"It's pretty bland, but it's fat-free."
2802,2,10,63,75,1.1866666666666668,0.05265332251978381,555,"I KNOW it's a mannequin, and I am getting sick of this recurring nightmare."
2802,1,12,62,75,1.1866666666666668,0.049112238922818546,555,Kibble for sharks. Keeps my dentist happy.
2802,4,6,65,75,1.1866666666666668,0.059102394986100974,555,"Yes, it's a dress form. I knew that."
2802,0,14,61,75,1.1866666666666668,0.045295161459604626,555,You wanted to go vegan
2802,2,10,63,75,1.1866666666666668,0.05265332251978381,555,Mannequin overboard!
2802,2,10,63,75,1.1866666666666668,0.05265332251978381,555,Easy catch but not very tasty.
2802,5,4,66,75,1.1866666666666668,0.06207619071313457,555,You've been Trumped!
2802,3,8,64,75,1.1866666666666668,0.055970820368587894,555,This was the only vegan option I could find for the potluck.
2802,3,8,64,75,1.1866666666666668,0.055970820368587894,555,Look Ma! Ichthyology for dummies.
2802,3,8,64,75,1.1866666666666668,0.055970820368587894,555,I'll give it to you for half off.
2802,2,10,63,75,1.1866666666666668,0.05265332251978381,555,Have any floss?
2802,2,10,63,75,1.1866666666666668,0.05265332251978381,555,"It's something like this, only with more jumping around."
2802,3,8,64,75,1.1866666666666668,0.055970820368587894,555,"Dammit, Bill. Wrong mannequin challenge!"
2802,2,10,63,75,1.1866666666666668,0.05265332251978381,555,I thought the Fall collection wasn't to your taste.
2802,1,12,62,75,1.1866666666666668,0.049112238922818546,555,I got her on the rebound
2802,1,12,62,75,1.1866666666666668,0.049112238922818546,555,Awesome lure -- but thankfully the line broke.
2802,5,4,66,75,1.1866666666666668,0.06207619071313457,555,"Dude, red meat is like...so bad for the environment. You gotta try this substitute, it's just like the real thing."
2802,6,2,67,75,1.1866666666666668,0.06491389538314439,555,Bad form.
2802,6,2,67,75,1.1866666666666668,0.06491389538314439,555,"Steve, I really don't think this is what your son was talking about with the ""mannequin challenge"""
2802,2,10,63,75,1.1866666666666668,0.05265332251978381,555,You need to stop eating food with so many artificial ingredients.
2802,2,10,63,75,1.1866666666666668,0.05265332251978381,555,It was a challenge but I got it.
2802,3,8,64,75,1.1866666666666668,0.055970820368587894,555,"Of course it was cheap, you idiot: Someone else has eaten the arms and legs."
2802,5,4,66,75,1.1866666666666668,0.06207619071313457,555,It's low fat and no-cal
2802,3,8,64,75,1.1866666666666668,0.055970820368587894,555,Now this is something you can sink your teeth into!
2802,3,8,64,75,1.1866666666666668,0.055970820368587894,555,We'll tell the others it's 'alternative human' and that it's completely delicious..
2802,3,8,64,75,1.1866666666666668,0.055970820368587894,555,I thought I told you to boycott Macy's?
2802,1,12,62,75,1.1866666666666668,0.049112238922818546,555,I've decided to take up taxidermy.
2802,2,10,63,75,1.1866666666666668,0.05265332251978381,555,That's poor form!
2802,3,8,64,75,1.1866666666666668,0.055970820368587894,555,"I told you to bring back a manatee for dinner, not a mannequin."
2802,2,10,63,75,1.1866666666666668,0.05265332251978381,555,"So, did you get the part?"
2802,2,10,63,75,1.1866666666666668,0.05265332251978381,555,I'm getting in shape for beach season
2802,2,10,63,75,1.1866666666666668,0.05265332251978381,555,I’m having second thoughts about this gluten-free diet.
2802,5,4,66,75,1.1866666666666668,0.06207619071313457,555,Not squid. Drone.
2802,2,10,63,75,1.1866666666666668,0.05265332251978381,555,"Disappointing, it put up no fight at all"
2802,2,10,63,75,1.1866666666666668,0.05265332251978381,555,How about letting me place the Blue Apron order for next week?
2802,2,10,63,75,1.1866666666666668,0.05265332251978381,555,I'm on the mannequin diet
2802,4,6,65,75,1.1866666666666668,0.059102394986100974,555,Make it work.
2802,3,8,64,75,1.1866666666666668,0.055970820368587894,555,It has eye appeal but I still prefer real meat.
2802,1,12,62,75,1.1866666666666668,0.049112238922818546,555,"It's not a diet. It's a happy, healthy lifestyle."
2802,2,10,63,75,1.1866666666666668,0.05265332251978381,555,#fakechews
2802,3,8,64,75,1.1866666666666668,0.055970820368587894,555,"It's a safer, less addicting, alternative when you're trying too quit."
2802,4,6,65,75,1.1866666666666668,0.059102394986100974,555,What? I'm a vegetarian.
2802,2,10,63,75,1.1866666666666668,0.05265332251978381,555,"This time, I guess I bit off more than I can chew."
2802,2,10,63,75,1.1866666666666668,0.05265332251978381,555,Keeps me preoccupied between meals.
2802,4,6,65,75,1.1866666666666668,0.059102394986100974,555,He was asking for it.
2802,4,6,65,75,1.1866666666666668,0.059102394986100974,555,Would you like to have a bite of lunch?
2802,4,6,65,75,1.1866666666666668,0.059102394986100974,555,Does this make me look fat?
2802,4,6,65,75,1.1866666666666668,0.059102394986100974,555,These National Mall crowd stand-ins look substantial but they leave me feeling hungry.
2802,5,4,66,75,1.1866666666666668,0.06207619071313457,555,"No, Ralph. I think you have that mannequin challenge thing all wrong."
2802,4,6,65,75,1.1866666666666668,0.059102394986100974,555,Vegans don't have a lot of options around here.
2802,2,10,63,75,1.1866666666666668,0.05265332251978381,555,Enough with the practice already
2802,1,12,62,75,1.1866666666666668,0.049112238922818546,555,"That's the problem, you think with your stomach."
2802,3,8,64,75,1.1866666666666668,0.055970820368587894,555,It fell off Kellyanne's boat.
2802,2,10,63,75,1.1866666666666668,0.05265332251978381,555,Now who's the dummy?
2802,3,8,64,75,1.1866666666666668,0.055970820368587894,555,"No, you said don't take any wooden nickles."
2802,3,8,64,75,1.1866666666666668,0.055970820368587894,555,Who do you think you are calling me a dummy
2802,3,8,64,75,1.1866666666666668,0.055970820368587894,555,"Yes, I'm the rare mannequin-eating variety...."
2802,3,8,64,75,1.1866666666666668,0.055970820368587894,555,I'm auditioning for Project Runway.
3031,1,12,63,76,1.1842105263157894,0.048523918196278354,555,"""It's called bait."
3031,3,8,65,76,1.1842105263157894,0.05528403949680256,555,"No thanks, just looking."
3031,1,12,63,76,1.1842105263157894,0.048523918196278354,555,I gotta tell you...These fad diets are going to kill me.
3031,3,8,65,76,1.1842105263157894,0.05528403949680256,555,I got the last Hillary pantsuit manikin.
3031,0,14,62,76,1.1842105263157894,0.04476263446376517,555,"Its fast food, but a little tough."
3031,4,6,66,76,1.1842105263157894,0.05837124477057588,555,PETA says going vegan adds 10 years to your life.
3031,1,12,63,76,1.1842105263157894,0.048523918196278354,555,Does that look like something that looks like a seal to you?
3031,1,12,63,76,1.1842105263157894,0.048523918196278354,555,"You've taken the lure, again, sweetie."
3031,4,6,66,76,1.1842105263157894,0.05837124477057588,555,Narwhals were having a yard sale.
3031,2,10,64,76,1.1842105263157894,0.052013919580258215,555,Artificial sweetener.
3031,3,8,65,76,1.1842105263157894,0.05528403949680256,555,I said a size 6.
3031,2,10,64,76,1.1842105263157894,0.052013919580258215,555,I guess I swallowed the bait!
3031,1,12,63,76,1.1842105263157894,0.048523918196278354,555,"No, I said ""Manatee"" challenge."
3031,1,12,63,76,1.1842105263157894,0.048523918196278354,555,It tastes like tofu!
3031,3,8,65,76,1.1842105263157894,0.05528403949680256,555,We have to stop putting homo sapiens on a pedestal.
3031,2,10,64,76,1.1842105263157894,0.052013919580258215,555,I'm on a sapien-free diet.
3031,3,8,65,76,1.1842105263157894,0.05528403949680256,555,See you've been to the Clotheshorse Latitudes
3031,1,12,63,76,1.1842105263157894,0.048523918196278354,555,"I'm really into soy-free, meat alternatives these days."
3031,2,10,64,76,1.1842105263157894,0.052013919580258215,555,I used to be a picky eater
3031,2,10,64,76,1.1842105263157894,0.052013919580258215,555,This gluten free diet is killin' me.
3051,3,8,66,77,1.1818181818181819,0.054613764471464606,555,That's not how it works.
3051,1,12,64,77,1.1818181818181819,0.0479493093842668,555,"No arms, no legs, no taste."
3053,2,9,63,74,1.1756756756756757,0.052194025100977134,555,"Dry, but with a hint of......I don't know, cotton?"
3053,4,5,65,74,1.1756756756756757,0.05886155579096243,555,I've completely fallen for the fake food craze.
3053,3,7,64,74,1.1756756756756757,0.05562777636385448,555,I thought it was a mannequin challenge!
3053,1,11,62,74,1.1756756756756757,0.0485178627857396,555,But it looked so real in the department store.
3053,2,9,63,74,1.1756756756756757,0.052194025100977134,555,Apparently there was a mannequinado
3053,2,9,63,74,1.1756756756756757,0.052194025100977134,555,I can't have gluten.
3053,1,11,62,74,1.1756756756756757,0.0485178627857396,555,"""My nutritionist says it is O.K. having a cheat day once in a while""."
3053,3,7,64,74,1.1756756756756757,0.05562777636385448,555,It makes you feel like a dummy
3053,3,7,64,74,1.1756756756756757,0.05562777636385448,555,Here's some real news--he's fake.
3053,2,9,63,74,1.1756756756756757,0.052194025100977134,555,It tastes a little humany.
3053,1,11,62,74,1.1756756756756757,0.0485178627857396,555,I can't think of a good pairing...Sangria ?
3053,3,7,64,74,1.1756756756756757,0.05562777636385448,555,"Honestly, I thought it would taste like manatee."
3053,3,7,64,74,1.1756756756756757,0.05562777636385448,555,"Yes, I admit I took the arms and legs but I left the sweet innards for you my dear."
3053,2,9,63,74,1.1756756756756757,0.052194025100977134,555,Practice dummies from The Limited.
3053,3,7,64,74,1.1756756756756757,0.05562777636385448,555,I had a feeling humans were regressing
3053,2,9,63,74,1.1756756756756757,0.052194025100977134,555,I'm a dress-mako.
3053,1,11,62,74,1.1756756756756757,0.0485178627857396,555,Alternative meal.
3053,2,9,63,74,1.1756756756756757,0.052194025100977134,555,I'm trying to lose weight.
3053,2,9,63,74,1.1756756756756757,0.052194025100977134,555,I'm moving you idiot. I wanted a change of address form.
3053,5,3,66,74,1.1756756756756757,0.061926698580484316,555,They should end up looking like this.
3053,1,11,62,74,1.1756756756756757,0.0485178627857396,555,"""I thought a store-bought one would be cheaper'"
3053,2,9,63,74,1.1756756756756757,0.052194025100977134,555,Chum?
3053,2,9,63,74,1.1756756756756757,0.052194025100977134,555,not too much taste but it good for cleaning the teeth.
3053,2,9,63,74,1.1756756756756757,0.052194025100977134,555,It's just not the same as the real thing. Is it?
3053,3,7,64,74,1.1756756756756757,0.05562777636385448,555,I'm disappointed. I thought it would taste like chicken.
3053,1,11,62,74,1.1756756756756757,0.0485178627857396,555,I'm trying to go gluten free.
3053,3,7,64,74,1.1756756756756757,0.05562777636385448,555,"It's a nice sentiment, but I just feel like a dummy."
3053,1,11,62,74,1.1756756756756757,0.0485178627857396,555,Got a can opener?
3053,1,11,62,74,1.1756756756756757,0.0485178627857396,555,It's my new teething device.
3053,2,9,63,74,1.1756756756756757,0.052194025100977134,555,My therapist suggested it.
3053,2,9,63,74,1.1756756756756757,0.052194025100977134,555,You said you wanted fiber.
3053,0,13,61,74,1.1756756756756757,0.04453930581352026,555,"No, no! You’re a ‘MAN’-eater!"
3053,3,7,64,74,1.1756756756756757,0.05562777636385448,555,It's all that was left after the global warming.
3053,2,9,63,74,1.1756756756756757,0.052194025100977134,555,I love you but I want the real thing.
3053,2,9,63,74,1.1756756756756757,0.052194025100977134,555,Jenny Craig guarantees I'll loose 20 pounds in my first month or my money back!
3053,2,9,63,74,1.1756756756756757,0.052194025100977134,555,"Don't worry, it was an alternate attack."
3053,5,3,66,74,1.1756756756756757,0.061926698580484316,555,I'm a Mannequinerian
3053,3,7,64,74,1.1756756756756757,0.05562777636385448,555,They just taste like cardboard to me.
3053,3,7,64,74,1.1756756756756757,0.05562777636385448,555,Where did you think all the suits came from?
3053,1,11,62,74,1.1756756756756757,0.0485178627857396,555,"If I'm such a mindless eating machine, why am I starving?"
3053,2,9,63,74,1.1756756756756757,0.052194025100977134,555,Mannequin-eater! Is that what you just called me?
3053,3,7,64,74,1.1756756756756757,0.05562777636385448,555,This is more proof that Atlantis had an advanced civilization.
3053,2,9,63,74,1.1756756756756757,0.052194025100977134,555,These convenience meals are kind of flavorless.
3053,2,9,63,74,1.1756756756756757,0.052194025100977134,555,Doc told me to watch my cholesterol...
3053,1,11,62,74,1.1756756756756757,0.0485178627857396,555,"I've tried practicing on an inflatable woman, but, for some reason, it just doesn't work."
3053,1,11,62,74,1.1756756756756757,0.0485178627857396,555,This low fat version just doesn't taste the same.
3053,4,5,65,74,1.1756756756756757,0.05886155579096243,555,i want you to make me a jacket
3053,2,9,63,74,1.1756756756756757,0.052194025100977134,555,"It doesn't taste as good, but it's strangely satisfying."
3053,3,7,64,74,1.1756756756756757,0.05562777636385448,555,They've really improved their gluten-free options.
3053,1,11,62,74,1.1756756756756757,0.0485178627857396,555,How can you enjoy all those artificial ingredients?
3053,3,7,64,74,1.1756756756756757,0.05562777636385448,555,"Personally, I trace it all back to Goldwater."
3053,2,9,63,74,1.1756756756756757,0.052194025100977134,555,Practice makes perfect.
3053,2,9,63,74,1.1756756756756757,0.052194025100977134,555,I got it at Saks 5th Ave.
3053,3,7,64,74,1.1756756756756757,0.05562777636385448,555,"What, like sharks don't appreciate Fashion Week?"
3053,2,9,63,74,1.1756756756756757,0.052194025100977134,555,"Not 'melt in your mouth' exactly, but better than nothing."
3053,2,9,63,74,1.1756756756756757,0.052194025100977134,555,"For me, it's always been more of an oral fixation thing, you know, so this actually helps a lot."
3053,3,7,64,74,1.1756756756756757,0.05562777636385448,555,More bland than I expected.
3053,4,5,65,74,1.1756756756756757,0.05886155579096243,555,Oh..I thought you said mannequin-eating!
3053,3,7,64,74,1.1756756756756757,0.05562777636385448,555,I'm in training.
3053,4,5,65,74,1.1756756756756757,0.05886155579096243,555,At first I thought it was a manatee.
3053,1,11,62,74,1.1756756756756757,0.0485178627857396,555,Of course it's gluten free.
3053,1,11,62,74,1.1756756756756757,0.0485178627857396,555,All plastics are zero points.
3053,4,5,65,74,1.1756756756756757,0.05886155579096243,555,"Ironically, I found this one on Amazon."
3053,2,9,63,74,1.1756756756756757,0.052194025100977134,555,Tofuman. Just not the same.
3053,3,7,64,74,1.1756756756756757,0.05562777636385448,555,This must be the generic brand. No flavor.
3053,1,11,62,74,1.1756756756756757,0.0485178627857396,555,It needs some salt.
3053,2,9,63,74,1.1756756756756757,0.052194025100977134,555,"It's okay, but I said, 'I'd like a man again."
3053,2,9,63,74,1.1756756756756757,0.052194025100977134,555,I'm a mannequin-eating shark.... Don't you get it?
3053,2,9,63,74,1.1756756756756757,0.052194025100977134,555,It looked like a seal without flippers
3053,0,13,61,74,1.1756756756756757,0.04453930581352026,555,I was too late to the frenzy. All I got was the leftovers.
3053,3,7,64,74,1.1756756756756757,0.05562777636385448,555,It's either this or Jenny Craig.
3053,2,9,63,74,1.1756756756756757,0.052194025100977134,555,"That processed food will kill ya, you know..."
3053,0,13,61,74,1.1756756756756757,0.04453930581352026,555,"""Vegan""."
3053,3,7,64,74,1.1756756756756757,0.05562777636385448,555,You know I only eat free range mannequins!
3053,4,5,65,74,1.1756756756756757,0.05886155579096243,555,"No, only we have culture."
3053,0,13,61,74,1.1756756756756757,0.04453930581352026,555,I'm starting spring training early this year.
3053,2,9,63,74,1.1756756756756757,0.052194025100977134,555,It's a practice dummy.
3053,0,13,61,74,1.1756756756756757,0.04453930581352026,555,My orthodontist says it's for my malocclusion.
3053,3,7,64,74,1.1756756756756757,0.05562777636385448,555,"This isn't quite what I meant by ""vegan option."""
3053,4,5,65,74,1.1756756756756757,0.05886155579096243,555,Being a card shark got old.
3053,3,7,64,74,1.1756756756756757,0.05562777636385448,555,I'm telling you it's fake food.
3053,3,7,64,74,1.1756756756756757,0.05562777636385448,555,We're going to need a bigger trophy case
3053,1,11,62,74,1.1756756756756757,0.0485178627857396,555,So much for fashion week.
3053,3,7,64,74,1.1756756756756757,0.05562777636385448,555,"Yeah, but is it gluten-free?"
3053,4,5,65,74,1.1756756756756757,0.05886155579096243,555,Since going vegan I only eat ethically sourced organic soy-protein human.
3053,4,5,65,74,1.1756756756756757,0.05886155579096243,555,"You know, Marvin, This guy tastes pretty chalky-"
3053,4,5,65,74,1.1756756756756757,0.05886155579096243,555,"Hey Mack, got a knife?"
3053,3,7,64,74,1.1756756756756757,0.05562777636385448,555,"The label said vegan, but he tastes like empty calories."
3053,1,11,62,74,1.1756756756756757,0.0485178627857396,555,The texture's all wrong.
3053,2,9,63,74,1.1756756756756757,0.052194025100977134,555,"""Good crunch. But no meat on the bone."
3053,2,9,63,74,1.1756756756756757,0.052194025100977134,555,What? It was wearing Valentino!
3053,3,7,64,74,1.1756756756756757,0.05562777636385448,555,How many times do I have to tell you? There's no moving during the mannequin challenge.
3053,3,7,64,74,1.1756756756756757,0.05562777636385448,555,Who's that dummy in your mouth.
3053,1,11,62,74,1.1756756756756757,0.0485178627857396,555,I am so going to win this mannequin challenge thing... I've eaten four of these already!
3053,2,9,63,74,1.1756756756756757,0.052194025100977134,555,It's hormone-free and non-GMO.
3053,2,9,63,74,1.1756756756756757,0.052194025100977134,555,It's the fiber cleanse.
3053,2,9,63,74,1.1756756756756757,0.052194025100977134,555,Are you going to eat all that?
3053,4,5,65,74,1.1756756756756757,0.05886155579096243,555,"Believe me, it was challenging."
3053,2,9,63,74,1.1756756756756757,0.052194025100977134,555,"Holiday sales are the best, no matter what they have left."
3053,2,9,63,74,1.1756756756756757,0.052194025100977134,555,I am not sure I am doing the mannequin challenge correctly.
3053,3,7,64,74,1.1756756756756757,0.05562777636385448,555,It's something you can sink your teeth into.
3053,2,9,63,74,1.1756756756756757,0.052194025100977134,555,I say she's real - my alternate fact.
3053,2,9,63,74,1.1756756756756757,0.052194025100977134,555,Haven't you heard of the mannequin challenge?
3053,2,9,63,74,1.1756756756756757,0.052194025100977134,555,Turns out a mannequin on a surfboard looks just like a human pretending to be a seal.
3053,3,7,64,74,1.1756756756756757,0.05562777636385448,555,Finally! We have a no gluten version too!
3053,0,13,61,74,1.1756756756756757,0.04453930581352026,555,I just got my Learner's Permit.
3053,1,11,62,74,1.1756756756756757,0.0485178627857396,555,Not much flavor but I am losing weight.
3053,2,9,63,74,1.1756756756756757,0.052194025100977134,555,"It's a great internship! I adjust the customers to fit the dresses. They don't pay me, but I get to eat all the leftovers I want."
3053,1,11,62,74,1.1756756756756757,0.0485178627857396,555,This is the non-wiggily variety.
3053,1,11,62,74,1.1756756756756757,0.0485178627857396,555,Is this gluten free?
3053,3,7,64,74,1.1756756756756757,0.05562777636385448,555,What? This old thing?
3053,1,11,62,74,1.1756756756756757,0.0485178627857396,555,Doesn't taste as good as that car crash dummy we had last week.
3053,3,7,64,74,1.1756756756756757,0.05562777636385448,555,Does this taste Dummy to you?
3053,2,9,63,74,1.1756756756756757,0.052194025100977134,555,I bet I can catch a human with this.
3053,3,7,64,74,1.1756756756756757,0.05562777636385448,555,4 out of 5 dentists recommend this
3053,3,7,64,74,1.1756756756756757,0.05562777636385448,555,They don't taste the same anymore.
3053,2,9,63,74,1.1756756756756757,0.052194025100977134,555,It tastes better in the window too.
3053,2,9,63,74,1.1756756756756757,0.052194025100977134,555,These tofu substitutes actually aren't so bad
3053,4,5,65,74,1.1756756756756757,0.05886155579096243,555,Good vegan food is hard to find.
3053,1,11,62,74,1.1756756756756757,0.0485178627857396,555,Fake humans is a big problem.
3053,0,13,61,74,1.1756756756756757,0.04453930581352026,555,Doesn't even taste like chicken.
3053,3,7,64,74,1.1756756756756757,0.05562777636385448,555,I'm watching my carbs.
3053,2,9,63,74,1.1756756756756757,0.052194025100977134,555,Mock isn't bad if you can't get the real thing.
3053,2,9,63,74,1.1756756756756757,0.052194025100977134,555,"I love you Charlie, but nobody likes prop comics."
3053,4,5,65,74,1.1756756756756757,0.05886155579096243,555,I've developed a taste for news anchors.
3053,1,11,62,74,1.1756756756756757,0.0485178627857396,555,"Oh no. Now you're vegan, too?"
3053,1,11,62,74,1.1756756756756757,0.0485178627857396,555,Just keeping in practice.
3053,3,7,64,74,1.1756756756756757,0.05562777636385448,555,"Y'know, take-out ain't anything like it was back in the day, on the Vineyard!"
3053,2,9,63,74,1.1756756756756757,0.052194025100977134,555,What you see is what you get!
3053,2,9,63,74,1.1756756756756757,0.052194025100977134,555,I know I shouldn't talk with my mouth full.
3053,1,11,62,74,1.1756756756756757,0.0485178627857396,555,It's called a feeding frenzy for a reason.
3053,3,7,64,74,1.1756756756756757,0.05562777636385448,555,It's not about the facts.
3053,3,7,64,74,1.1756756756756757,0.05562777636385448,555,"Yeah, the mouth feel sucks. But I'm trying to cut back."
3053,3,7,64,74,1.1756756756756757,0.05562777636385448,555,"Yeah, the arms and legs are still up there."
3053,2,9,63,74,1.1756756756756757,0.052194025100977134,555,It’s not the effort so much as the attention to detail that concerns me.
3053,1,11,62,74,1.1756756756756757,0.0485178627857396,555,"Oh, sure, I've been eating vegan for a couple of years now."
3053,1,11,62,74,1.1756756756756757,0.0485178627857396,555,I needed to add some fiber to my diet.
3053,4,5,65,74,1.1756756756756757,0.05886155579096243,555,"Well, if you want the alternate truth..."
3053,2,9,63,74,1.1756756756756757,0.052194025100977134,555,Pre-peeled!
3053,2,9,63,74,1.1756756756756757,0.052194025100977134,555,"It's a good gig. Help set up the store, then ""all-you-can-eat"" at the Grand Opening."
3053,4,5,65,74,1.1756756756756757,0.05886155579096243,555,She is no longer running.
3053,0,13,61,74,1.1756756756756757,0.04453930581352026,555,"Yeah, it's a little dry. Some ginger and soy sauce would help."
3053,0,13,61,74,1.1756756756756757,0.04453930581352026,555,I'm cutting way back on fat.
3053,1,11,62,74,1.1756756756756757,0.0485178627857396,555,After five weeks in spring training I'm ready for the real thing.
3053,4,5,65,74,1.1756756756756757,0.05886155579096243,555,It will make an excellent Scarecrow for the reef.
3053,1,11,62,74,1.1756756756756757,0.0485178627857396,555,Can't resist a bargain.
3053,3,7,64,74,1.1756756756756757,0.05562777636385448,555,Look ma no hands!
3053,3,7,64,74,1.1756756756756757,0.05562777636385448,555,"It's vegan, sure, but is it gluten-free?"
3053,1,11,62,74,1.1756756756756757,0.0485178627857396,555,You do realize that's shark bait.
3053,2,9,63,74,1.1756756756756757,0.052194025100977134,555,It's an alternative body.
3053,0,13,61,74,1.1756756756756757,0.04453930581352026,555,It helps with between-meal cravings.
3053,2,9,63,74,1.1756756756756757,0.052194025100977134,555,It's to stop me from overeating.
3053,2,9,63,74,1.1756756756756757,0.052194025100977134,555,I specifically asked you not to eat the arms on the way home.
3053,3,7,64,74,1.1756756756756757,0.05562777636385448,555,"Hey look, I'm doing the mannequin challenge."
3053,3,7,64,74,1.1756756756756757,0.05562777636385448,555,From afar it looked like Gloria Allred.
3053,2,9,63,74,1.1756756756756757,0.052194025100977134,555,Doc said I had to lower my cholesterol.
3053,0,13,61,74,1.1756756756756757,0.04453930581352026,555,"Dude, you need glasses."
3053,1,11,62,74,1.1756756756756757,0.0485178627857396,555,Global warming is catching up to them.
3053,2,9,63,74,1.1756756756756757,0.052194025100977134,555,Needs some seasoning.
3053,2,9,63,74,1.1756756756756757,0.052194025100977134,555,"Oh yuk, no blood?,"
3053,2,9,63,74,1.1756756756756757,0.052194025100977134,555,this one is a little tough
3053,2,9,63,74,1.1756756756756757,0.052194025100977134,555,Now there's fake humans. Told ya' you shoulda' voted for Hillary.
3053,2,9,63,74,1.1756756756756757,0.052194025100977134,555,Now we just have to wait for a ship carrying designer jackets to capsize.
3053,3,7,64,74,1.1756756756756757,0.05562777636385448,555,ToFuman
3053,4,5,65,74,1.1756756756756757,0.05886155579096243,555,"High Fiber, Low Calories."
3053,2,9,63,74,1.1756756756756757,0.052194025100977134,555,They're using really bad chum these days
3053,1,11,62,74,1.1756756756756757,0.0485178627857396,555,"Bill, you're banished to the guest room again tonight. You know vegan food makes you gassy!"
3053,2,9,63,74,1.1756756756756757,0.052194025100977134,555,It's from that new mock meat restaurant.
3053,2,9,63,74,1.1756756756756757,0.052194025100977134,555,"I know, but my doctor told me to cut down on sugar and fat."
3053,3,7,64,74,1.1756756756756757,0.05562777636385448,555,They don't all taste the same.
3053,0,13,61,74,1.1756756756756757,0.04453930581352026,555,This guy is a bit bland.
3053,2,9,63,74,1.1756756756756757,0.052194025100977134,555,"Dinner was fine, but he was awfully stiff."
3053,2,9,63,74,1.1756756756756757,0.052194025100977134,555,You call it - heads or tails?
3053,2,9,63,74,1.1756756756756757,0.052194025100977134,555,I'm on a human free diet.
3053,5,3,66,74,1.1756756756756757,0.061926698580484316,555,I told you to get a Man O' War not a Manakin!
3053,1,11,62,74,1.1756756756756757,0.0485178627857396,555,It's part of my treatment program.
3053,1,11,62,74,1.1756756756756757,0.0485178627857396,555,I heard you were going vegan.
3053,0,13,61,74,1.1756756756756757,0.04453930581352026,555,My idea of comfort food
3053,1,11,62,74,1.1756756756756757,0.0485178627857396,555,"Not great, but better than a TV dinner."
3053,1,11,62,74,1.1756756756756757,0.0485178627857396,555,"It's not as good as last week's veggie burger, but Macy's is just giving them away!"
3053,3,7,64,74,1.1756756756756757,0.05562777636385448,555,"""I got the crunchy one this time for tartar control""."
3053,4,5,65,74,1.1756756756756757,0.05886155579096243,555,Can you have that with Whole 30?
3053,0,13,61,74,1.1756756756756757,0.04453930581352026,555,"Please...don't lecture me again about my ""empty calories""."
3053,4,5,65,74,1.1756756756756757,0.05886155579096243,555,Practice with this; realize the real thing will be tasty and nutritious.
3053,1,11,62,74,1.1756756756756757,0.0485178627857396,555,"Put me in, Coach: I'm ready to prey."
3053,2,9,63,74,1.1756756756756757,0.052194025100977134,555,"I said I wanted Man ""Again"" for dinner...."
3053,2,9,63,74,1.1756756756756757,0.052194025100977134,555,This one's been to the gym.
3053,2,9,63,74,1.1756756756756757,0.052194025100977134,555,At least I've learned how to spot an email scam.
3053,3,7,64,74,1.1756756756756757,0.05562777636385448,555,I find this more satisfying than an actual super model.
3053,1,11,62,74,1.1756756756756757,0.0485178627857396,555,My weight watchers group recommends a diet of avatars.
3053,2,9,63,74,1.1756756756756757,0.052194025100977134,555,I joined a new meal delivery plan.
3053,0,13,61,74,1.1756756756756757,0.04453930581352026,555,"Don't judge me, I'm vegan."
3053,3,7,64,74,1.1756756756756757,0.05562777636385448,555,My doctor tells me to eat more fiberglass.
3053,2,9,63,74,1.1756756756756757,0.052194025100977134,555,CPR training wasn't going well.
3053,3,7,64,74,1.1756756756756757,0.05562777636385448,555,I COULD ONLY FIND AN ALTERNATIVE HUMAN.
3053,3,7,64,74,1.1756756756756757,0.05562777636385448,555,I prefer the filet.
3053,1,11,62,74,1.1756756756756757,0.0485178627857396,555,These chew toys get more realistic every day.
3053,2,9,63,74,1.1756756756756757,0.052194025100977134,555,"Your right, this does not taste as good as the last one."
3053,4,5,65,74,1.1756756756756757,0.05886155579096243,555,Haven't you heard of meat free Monday?
3053,3,7,64,74,1.1756756756756757,0.05562777636385448,555,Is that your idea of an alternative fact?
3053,4,5,65,74,1.1756756756756757,0.05886155579096243,555,"Mannequin overboard, REAL FUNNY!"
3053,4,5,65,74,1.1756756756756757,0.05886155579096243,555,"The line snapped, but I gather it's a redneck fishing lure for sharks."
3053,1,11,62,74,1.1756756756756757,0.0485178627857396,555,"I know, but it's fat free and low fiber."
3053,2,9,63,74,1.1756756756756757,0.052194025100977134,555,I'm decoytarian.
3053,3,7,64,74,1.1756756756756757,0.05562777636385448,555,The restaurant calls it a palate cleanser.
3053,1,11,62,74,1.1756756756756757,0.0485178627857396,555,I'm a vegan.
3053,2,9,63,74,1.1756756756756757,0.052194025100977134,555,"A mannequin eating shark, eh?"
3053,2,9,63,74,1.1756756756756757,0.052194025100977134,555,This is the end of aquarium kitsch as we know it.
3053,3,7,64,74,1.1756756756756757,0.05562777636385448,555,'I just can't swallow your alternative snacks'
3053,3,7,64,74,1.1756756756756757,0.05562777636385448,555,Really? That's supposed to impress me.
3053,3,7,64,74,1.1756756756756757,0.05562777636385448,555,Who's Tim Gunn?
3053,1,11,62,74,1.1756756756756757,0.0485178627857396,555,"the mannequin diet, it's all the rave"
3053,3,7,64,74,1.1756756756756757,0.05562777636385448,555,Alternative fact: Best meal of my life.
3053,3,7,64,74,1.1756756756756757,0.05562777636385448,555,"What, it's my new retainer."
3053,1,11,62,74,1.1756756756756757,0.0485178627857396,555,Helps me to relieve stress
3053,4,5,65,74,1.1756756756756757,0.05886155579096243,555,"No sugar, no salt, no gluten...I think they're just tasteless nowadays."
3053,3,7,64,74,1.1756756756756757,0.05562777636385448,555,It's just a temporary until I get my appetite back.
3053,4,5,65,74,1.1756756756756757,0.05886155579096243,555,"No, I'm not in fashion design. I thought it was a seal."
3053,3,7,64,74,1.1756756756756757,0.05562777636385448,555,"Are you kidding? With all those Macy's and Sears closings, I had to get something."
3053,0,13,61,74,1.1756756756756757,0.04453930581352026,555,It was in the appetizer section.
3053,3,7,64,74,1.1756756756756757,0.05562777636385448,555,"No, this is not a ""fake"" human. This is an ""alternate"" human."
3053,3,7,64,74,1.1756756756756757,0.05562777636385448,555,You should have seen the hot little off-the-shoulder number on it!
3053,3,7,64,74,1.1756756756756757,0.05562777636385448,555,Oh...you said destroy the Manicheans!
3053,2,9,63,74,1.1756756756756757,0.052194025100977134,555,"The sweater it had on was awful, but other than being chewy, it's not bad."
3053,4,5,65,74,1.1756756756756757,0.05886155579096243,555,It is not what you think.
3053,3,7,64,74,1.1756756756756757,0.05562777636385448,555,"It got stuck in my braces,"
3053,3,7,64,74,1.1756756756756757,0.05562777636385448,555,"Yeah, but it still tastes like chicken."
3053,3,7,64,74,1.1756756756756757,0.05562777636385448,555,It's the mannequin challenge. Everyone's doing it.
3053,3,7,64,74,1.1756756756756757,0.05562777636385448,555,This GMO stuff just doesn't taste the same.
3053,2,9,63,74,1.1756756756756757,0.052194025100977134,555,"Boy, Nobody's swimming anymore. This is the best I could find"
3053,1,11,62,74,1.1756756756756757,0.0485178627857396,555,"Okay, maybe I can't be a vegan."
3053,3,7,64,74,1.1756756756756757,0.05562777636385448,555,I'm partial to al dente.
3053,2,9,63,74,1.1756756756756757,0.052194025100977134,555,It's an intake inhibitor....
3053,1,11,62,74,1.1756756756756757,0.0485178627857396,555,She's not the tastiest Venus de Milo I've had.
3053,4,5,65,74,1.1756756756756757,0.05886155579096243,555,The decoy isn't working; let's try a live bait.
3053,3,7,64,74,1.1756756756756757,0.05562777636385448,555,The mannequin diet is definitely not as good as the surfer diet
3053,3,7,64,74,1.1756756756756757,0.05562777636385448,555,It tastes like tofu!
3053,2,9,63,74,1.1756756756756757,0.052194025100977134,555,Think of it as the nicotine patch of man-eating.
3053,2,9,63,74,1.1756756756756757,0.052194025100977134,555,It tastes fishy
3053,3,7,64,74,1.1756756756756757,0.05562777636385448,555,It just doesn't taste the same.
3053,4,5,65,74,1.1756756756756757,0.05886155579096243,555,It's so hard to find one in my size.
3053,0,13,61,74,1.1756756756756757,0.04453930581352026,555,I'm trying to get more fiber in my diet.
3053,3,7,64,74,1.1756756756756757,0.05562777636385448,555,I really don't think a lure is going to work Jeff
3053,1,11,62,74,1.1756756756756757,0.0485178627857396,555,"Well, that wasn't very challenging at all!"
3053,3,7,64,74,1.1756756756756757,0.05562777636385448,555,"Look, you don't know what it's like up there. We live in an era of diminished expectations."
3053,3,7,64,74,1.1756756756756757,0.05562777636385448,555,How's my grip looking?
3053,3,7,64,74,1.1756756756756757,0.05562777636385448,555,What? Haven't heard of the mannequin challenge?
3053,2,9,63,74,1.1756756756756757,0.052194025100977134,555,New year's diet?
3053,2,9,63,74,1.1756756756756757,0.052194025100977134,555,"You need a refresher course, Humans 101."
3053,2,9,63,74,1.1756756756756757,0.052194025100977134,555,It'd be easier to swallow my own pride than this piece of junk!
3053,2,9,63,74,1.1756756756756757,0.052194025100977134,555,You got a little something in your teeth.
3053,1,11,62,74,1.1756756756756757,0.0485178627857396,555,It's for my man-eater cave.
3053,4,5,65,74,1.1756756756756757,0.05886155579096243,555,I don't discriminate against any manne-kind.
3053,3,7,64,74,1.1756756756756757,0.05562777636385448,555,"Even though I got the ""Oscar"", I think we're all winners..."
3053,2,9,63,74,1.1756756756756757,0.052194025100977134,555,Underwater retail is the future.
3053,4,5,65,74,1.1756756756756757,0.05886155579096243,555,It's my cheat day.
3053,2,9,63,74,1.1756756756756757,0.052194025100977134,555,I get it. You’re vegan.
3053,2,9,63,74,1.1756756756756757,0.052194025100977134,555,People really are different now in Trump's America.
3053,2,9,63,74,1.1756756756756757,0.052194025100977134,555,Take that out RIGHT now before the kids see you...I don't want that image in their head.
3053,0,13,61,74,1.1756756756756757,0.04453930581352026,555,I highly recommend NOT going the Vegan route!
3053,3,7,64,74,1.1756756756756757,0.05562777636385448,555,It's not mine. I'm working for Amazon.
3053,1,11,62,74,1.1756756756756757,0.0485178627857396,555,Cuisine always takes a dive during Fashion Week.
3053,2,9,63,74,1.1756756756756757,0.052194025100977134,555,I don't care what they say-going vegan is not easy!
3053,2,9,63,74,1.1756756756756757,0.052194025100977134,555,Just practicing.
3053,2,9,63,74,1.1756756756756757,0.052194025100977134,555,"I read this great book, ""Marauding for Dummies."""
3053,1,11,62,74,1.1756756756756757,0.0485178627857396,555,It satisfies my hunger without hurting my diet.
3053,3,7,64,74,1.1756756756756757,0.05562777636385448,555,"No thanks, I'm eating organic these days....."
3053,4,5,65,74,1.1756756756756757,0.05886155579096243,555,"I prefer a full-bodied meal, myself."
3321,2,9,64,75,1.1733333333333333,0.05154664932909856,555,Fooled again!
3321,4,5,66,75,1.1733333333333333,0.058118652580542315,555,You said 'let's do a mannequin challenge'
3321,3,7,65,75,1.1733333333333333,0.05493102417957832,555,I found it at the store in between Blockbuster and Borders
3321,2,9,64,75,1.1733333333333333,0.05154664932909856,555,I thought I'd bring something home for the children.
3325,2,8,62,72,1.1666666666666667,0.05233215213522994,555,It's not easy finding a job around here after Sharknado.
3325,1,10,61,72,1.1666666666666667,0.048450158311150925,555,I'm thinking of giving up my low carb high fiber diet
3325,2,8,62,72,1.1666666666666667,0.05233215213522994,555,They say it's supposed to taste just like real human...but I feel like you can always tell.
3325,2,8,62,72,1.1666666666666667,0.05233215213522994,555,I'm trying to lose weight.
3325,2,8,62,72,1.1666666666666667,0.05233215213522994,555,"A bit stale, but not bad for a human on clearance."
3325,2,8,62,72,1.1666666666666667,0.05233215213522994,555,"You'll appreciate that ""feared MANNEQUIN-eater"" doesn't have quite the same kudos, right?"
3325,2,8,62,72,1.1666666666666667,0.05233215213522994,555,Turns out is was fake news.
3325,2,8,62,72,1.1666666666666667,0.05233215213522994,555,Idid the mannequin challenge.
3325,1,10,61,72,1.1666666666666667,0.048450158311150925,555,They call it an alternative person.
3325,4,4,64,72,1.1666666666666667,0.05933908290969267,555,I groped her first.
3325,2,8,62,72,1.1666666666666667,0.05233215213522994,555,"Oh, great, now you're also vegan."
3325,1,10,61,72,1.1666666666666667,0.048450158311150925,555,'It's just a trial run.'
3325,3,6,63,72,1.1666666666666667,0.05594542388644594,555,"If this is the first course, we should really warn the others."
3325,1,10,61,72,1.1666666666666667,0.048450158311150925,555,Give me a fin and it's yours.
3325,1,10,61,72,1.1666666666666667,0.048450158311150925,555,"I said menhaden, not mannequin...."
3325,1,10,61,72,1.1666666666666667,0.048450158311150925,555,Ariel wants me to design her a proper top.
3325,3,6,63,72,1.1666666666666667,0.05594542388644594,555,Fashion Week? They've got a week for everything these days!
3325,3,6,63,72,1.1666666666666667,0.05594542388644594,555,I told you to avoid petrifying the tourists
3325,2,8,62,72,1.1666666666666667,0.05233215213522994,555,Ok Dad; I think I have the hang of it! Can I try it for real now?
3325,1,10,61,72,1.1666666666666667,0.048450158311150925,555,I'm disappointed. I thought they were tastier.
3325,2,8,62,72,1.1666666666666667,0.05233215213522994,555,Please! Can I stop practicing?
3325,3,6,63,72,1.1666666666666667,0.05594542388644594,555,I'm trying the man-Atkins diet
3325,2,8,62,72,1.1666666666666667,0.05233215213522994,555,"I don't see what the big deal is, they taste kind of bland"
3325,1,10,61,72,1.1666666666666667,0.048450158311150925,555,"I know, I know! Now fat is good, but I have developed a taste for the low fat food."
3325,2,8,62,72,1.1666666666666667,0.05233215213522994,555,She was not dressed for success. What a dummy!
3325,1,10,61,72,1.1666666666666667,0.048450158311150925,555,I'm in training for Shark Week
3325,3,6,63,72,1.1666666666666667,0.05594542388644594,555,Gobbling up fake nudes again?
3325,2,8,62,72,1.1666666666666667,0.05233215213522994,555,I think you've made a great practice run.
3325,3,6,63,72,1.1666666666666667,0.05594542388644594,555,Looks can be deceiving.
3325,3,6,63,72,1.1666666666666667,0.05594542388644594,555,How's the diet going?
3325,2,8,62,72,1.1666666666666667,0.05233215213522994,555,"Totally allergen free, but tastes like cardboard."
3325,3,6,63,72,1.1666666666666667,0.05594542388644594,555,I guess it's just not my week.
3325,2,8,62,72,1.1666666666666667,0.05233215213522994,555,"Good presentation, but low marks for texture and freshness."
3325,0,12,60,72,1.1666666666666667,0.04422874103618961,555,I decided to go GMO free
3325,3,6,63,72,1.1666666666666667,0.05594542388644594,555,"Look what we have here, shark bait!"
3325,0,12,60,72,1.1666666666666667,0.04422874103618961,555,Watching your cholesterol?
3325,1,10,61,72,1.1666666666666667,0.048450158311150925,555,"It tastes the same, I swear"
3325,3,6,63,72,1.1666666666666667,0.05594542388644594,555,Do you know that us not eating humans is the main cause of greenhouse gas emissions?
3325,0,12,60,72,1.1666666666666667,0.04422874103618961,555,"There they go again, underestimating our intelligence!"
3325,4,4,64,72,1.1666666666666667,0.05933908290969267,555,'Repeal and replace' they said...
3325,2,8,62,72,1.1666666666666667,0.05233215213522994,555,The ones from Latham & Watkins are tastier.
3325,2,8,62,72,1.1666666666666667,0.05233215213522994,555,"I finally found a girlfriend who's never seen ""Jaws""."
3325,1,10,61,72,1.1666666666666667,0.048450158311150925,555,"Marilyn, I know I don't need it, but it was only ten dollars at that garage sale on Coral Reef Boulevard!"
3325,2,8,62,72,1.1666666666666667,0.05233215213522994,555,"It's extreme vetting, nobody gets in."
3325,1,10,61,72,1.1666666666666667,0.048450158311150925,555,What? Diving for Dummies is an actual thing.
3325,4,4,64,72,1.1666666666666667,0.05933908290969267,555,Next step in shark evolution: manikin-eaters.
3325,1,10,61,72,1.1666666666666667,0.048450158311150925,555,Great White Training School
3325,1,10,61,72,1.1666666666666667,0.048450158311150925,555,My resolution is to eat more fiberglass.
3325,1,10,61,72,1.1666666666666667,0.048450158311150925,555,I'm practicing for the next Jaws film.
3325,1,10,61,72,1.1666666666666667,0.048450158311150925,555,Sometimes diet food is worse than the real thing.
3325,4,4,64,72,1.1666666666666667,0.05933908290969267,555,Wrong one Steve.
3325,3,6,63,72,1.1666666666666667,0.05594542388644594,555,He is a dummy for swimming with the sharks
3325,2,8,62,72,1.1666666666666667,0.05233215213522994,555,"You've been acting different ever since you went vegan, Carl"
3325,2,8,62,72,1.1666666666666667,0.05233215213522994,555,It tastes sorta' fishy
3325,2,8,62,72,1.1666666666666667,0.05233215213522994,555,"Someday 'Shark Week' will be more popular than 'Fashion Week,' and I will have done my part..."
3325,3,6,63,72,1.1666666666666667,0.05594542388644594,555,Processed foods kill.
3325,0,12,60,72,1.1666666666666667,0.04422874103618961,555,But you said you wanted to do the mannequin challenge!
3325,1,10,61,72,1.1666666666666667,0.048450158311150925,555,I prefer the Paleo diet--you get more protein.
3325,2,8,62,72,1.1666666666666667,0.05233215213522994,555,I'm just back from shopping at Macy's.
3325,3,6,63,72,1.1666666666666667,0.05594542388644594,555,Petsmart is really expanding these days.
3325,1,10,61,72,1.1666666666666667,0.048450158311150925,555,It's a fitting addition to my armless wet suit collection.
3325,0,12,60,72,1.1666666666666667,0.04422874103618961,555,"Not as tasty as the real thing, but it lasts longer."
3325,3,6,63,72,1.1666666666666667,0.05594542388644594,555,It's gluten-free and high in fiber.
3325,1,10,61,72,1.1666666666666667,0.048450158311150925,555,Its fresh from Macy's
3325,1,10,61,72,1.1666666666666667,0.048450158311150925,555,"I'm on a low-cal, high fiber diet."
3325,2,8,62,72,1.1666666666666667,0.05233215213522994,555,Spielberg was not interested in a remake. So they called Tom Ford.
3325,1,10,61,72,1.1666666666666667,0.048450158311150925,555,Ugh! I can taste the artificial flavors.
3325,2,8,62,72,1.1666666666666667,0.05233215213522994,555,Shark Training 101.
3325,2,8,62,72,1.1666666666666667,0.05233215213522994,555,Is this the mannequin challenge?
3325,0,12,60,72,1.1666666666666667,0.04422874103618961,555,But it is gluten free
3325,3,6,63,72,1.1666666666666667,0.05594542388644594,555,"This year I decided to check out Fashion Week, instead."
3325,2,8,62,72,1.1666666666666667,0.05233215213522994,555,Neiman's mannequins have a more subtle flavor than Nordstrom's or Macy's. Could be a special sauce...?
3325,3,6,63,72,1.1666666666666667,0.05594542388644594,555,"When you really love it for a long, long time, not to just to play with, but REALLY love it, then it becomes Real."
3325,1,10,61,72,1.1666666666666667,0.048450158311150925,555,"Don't worry, it's vegan."
3325,2,8,62,72,1.1666666666666667,0.05233215213522994,555,It's supposed to be low- carb.
3325,2,8,62,72,1.1666666666666667,0.05233215213522994,555,"I hope you appreciate this. I had to swim through a narrow pipe, squeeze through a tiny drain, rifle through a very messy cabinet, and endure an ungodly shriek that won't leave my ancient brain."
3325,1,10,61,72,1.1666666666666667,0.048450158311150925,555,Think tofu!
3325,2,8,62,72,1.1666666666666667,0.05233215213522994,555,These GMOs just don't have any taste.
3325,2,8,62,72,1.1666666666666667,0.05233215213522994,555,"I swear, you can't even tell it's vegan."
3325,1,10,61,72,1.1666666666666667,0.048450158311150925,555,"Thanks for the warning, but I prefer my alternative fact that this is a tasty human!"
3325,2,8,62,72,1.1666666666666667,0.05233215213522994,555,Atkins.
3325,1,10,61,72,1.1666666666666667,0.048450158311150925,555,My alternative Oscar.
3325,3,6,63,72,1.1666666666666667,0.05594542388644594,555,You are getting the hang of it by try to use your back teeth to put more pressure on the thorax.
3325,4,4,64,72,1.1666666666666667,0.05933908290969267,555,I am on a Lo-cal diet.
3325,2,8,62,72,1.1666666666666667,0.05233215213522994,555,"I ordered a Heineken, but they brought me a mannequin."
3325,3,6,63,72,1.1666666666666667,0.05594542388644594,555,Phonies are in season.
3325,1,10,61,72,1.1666666666666667,0.048450158311150925,555,I told you we're living in mannequin-infested waters.
3325,1,10,61,72,1.1666666666666667,0.048450158311150925,555,"I'm vegan, but it looks just like the real thing."
3325,0,12,60,72,1.1666666666666667,0.04422874103618961,555,"Don't be afraid. This new species doesn't scratch, hit or kick."
3325,3,6,63,72,1.1666666666666667,0.05594542388644594,555,"I told you to stay away from the faceless, armless, legless types."
3325,3,6,63,72,1.1666666666666667,0.05594542388644594,555,I decided to become a vegan.
3325,3,6,63,72,1.1666666666666667,0.05594542388644594,555,"It was ""Off the Rack Day."""
3325,2,8,62,72,1.1666666666666667,0.05233215213522994,555,I just don't get the same buzz from these vape humans
3325,2,8,62,72,1.1666666666666667,0.05233215213522994,555,"I tried the arms first, not much flavor, but soft on the inside, and really crunchy on the outside."
3325,4,4,64,72,1.1666666666666667,0.05933908290969267,555,You ever get one of these without the jelly-filling?
3325,2,8,62,72,1.1666666666666667,0.05233215213522994,555,I'm trying to eliminate meat.
3325,0,12,60,72,1.1666666666666667,0.04422874103618961,555,Their kind of bland and they don't put up much of a fight.
3325,2,8,62,72,1.1666666666666667,0.05233215213522994,555,Going vegan was my New Year’s resolution.
3325,2,8,62,72,1.1666666666666667,0.05233215213522994,555,Its an alternate meal
3325,3,6,63,72,1.1666666666666667,0.05594542388644594,555,It's for Show and Tell...
3325,4,4,64,72,1.1666666666666667,0.05933908290969267,555,A guy on the pier just told me to Eat Shit and Die.
3325,2,8,62,72,1.1666666666666667,0.05233215213522994,555,I know they're empty calories but they taste so gosh-darn good.
3325,2,8,62,72,1.1666666666666667,0.05233215213522994,555,mannequin challenge?
3325,2,8,62,72,1.1666666666666667,0.05233215213522994,555,"I'm practicing ""Catch (and nibble a little) and release."""
3325,2,8,62,72,1.1666666666666667,0.05233215213522994,555,It was the best I could do on short notice.
3325,2,8,62,72,1.1666666666666667,0.05233215213522994,555,I prefer the organic variety
3325,3,6,63,72,1.1666666666666667,0.05594542388644594,555,What a find! And they say the oceans are dying!
3325,4,4,64,72,1.1666666666666667,0.05933908290969267,555,"I said go get a man, Quinn, not a mannequin!"
3325,2,8,62,72,1.1666666666666667,0.05233215213522994,555,I'm taking the alien to our leader.
3325,1,10,61,72,1.1666666666666667,0.048450158311150925,555,I'm having second thoughts about the whole GMO thing.
3325,1,10,61,72,1.1666666666666667,0.048450158311150925,555,I found it while swimming in the Key West Nordstrom.
3325,2,8,62,72,1.1666666666666667,0.05233215213522994,555,"Eventually, Phil would learn to hide the fact that he preferred fashion week to shark week."
3325,1,10,61,72,1.1666666666666667,0.048450158311150925,555,What? I'm doing the mannequin challenge.
3325,1,10,61,72,1.1666666666666667,0.048450158311150925,555,Earthy with a touch of metal and overlaid with apple tree aroma.
3325,2,8,62,72,1.1666666666666667,0.05233215213522994,555,Once you remove the Angora Sweater it almost tastes like the real thing.
3325,1,10,61,72,1.1666666666666667,0.048450158311150925,555,Don't give me the evil eye. I'm just having some armless fun.
3325,2,8,62,72,1.1666666666666667,0.05233215213522994,555,"When you’re a star, they let you do it."
3325,2,8,62,72,1.1666666666666667,0.05233215213522994,555,It's gluten free and has no trans fat!
3325,2,8,62,72,1.1666666666666667,0.05233215213522994,555,"I'm trying to stop eating meat, and this is supposed to ""fool"" my brain."
3325,3,6,63,72,1.1666666666666667,0.05594542388644594,555,How'd you get that out of the store?!?
3325,3,6,63,72,1.1666666666666667,0.05594542388644594,555,"I swear, tastes just like the real thing but half the calories."
3325,1,10,61,72,1.1666666666666667,0.048450158311150925,555,Going vegetarian?
3325,3,6,63,72,1.1666666666666667,0.05594542388644594,555,almost as good as the real thing.
3325,2,8,62,72,1.1666666666666667,0.05233215213522994,555,...and then a sensible dinner...
3325,1,10,61,72,1.1666666666666667,0.048450158311150925,555,Seems a little tough
3325,1,10,61,72,1.1666666666666667,0.048450158311150925,555,I'm doing the vegan thing this year
3325,3,6,63,72,1.1666666666666667,0.05594542388644594,555,"Jim, That's not what Vegan means."
3325,2,8,62,72,1.1666666666666667,0.05233215213522994,555,If anyone asks just say it's delicious and so much better than what the dolphins are having...
3325,2,8,62,72,1.1666666666666667,0.05233215213522994,555,New Year's diet going well?
3325,2,8,62,72,1.1666666666666667,0.05233215213522994,555,The organic ones were so much better.
3325,1,10,61,72,1.1666666666666667,0.048450158311150925,555,They say clothes make the man.
3325,2,8,62,72,1.1666666666666667,0.05233215213522994,555,It was an alternative attack.
3325,3,6,63,72,1.1666666666666667,0.05594542388644594,555,You should have told me you were bringing home someone for dinner!
3325,4,4,64,72,1.1666666666666667,0.05933908290969267,555,"Would love to share, but Jake already got the arms"
3325,3,6,63,72,1.1666666666666667,0.05594542388644594,555,The new models don't have fins
3325,2,8,62,72,1.1666666666666667,0.05233215213522994,555,The twins are teething.
3325,3,6,63,72,1.1666666666666667,0.05594542388644594,555,Is this an alternative fat?
3325,2,8,62,72,1.1666666666666667,0.05233215213522994,555,Oh no...I just wanted it for a Pinterest project...
3325,1,10,61,72,1.1666666666666667,0.048450158311150925,555,I'm watching my cholesterol intake.
3325,2,8,62,72,1.1666666666666667,0.05233215213522994,555,They say practice makes perfect.
3325,2,8,62,72,1.1666666666666667,0.05233215213522994,555,It's not a dummy. It's a person. And that's the alternative truth!!!
3325,0,12,60,72,1.1666666666666667,0.04422874103618961,555,How's the simulation going?
3325,1,10,61,72,1.1666666666666667,0.048450158311150925,555,"Sure, it looks the same, but I'm definitely reconsidering my resolution to go meat-free."
3325,1,10,61,72,1.1666666666666667,0.048450158311150925,555,"I always get the munchies around this time, and I'm supposed to be on a low-cholesterol diet."
3325,1,10,61,72,1.1666666666666667,0.048450158311150925,555,"Man, this gluten-free diet is killing me."
3325,2,8,62,72,1.1666666666666667,0.05233215213522994,555,Great choice and it's gluten free!
3325,2,8,62,72,1.1666666666666667,0.05233215213522994,555,He wants another sharkskin suit!
3325,0,12,60,72,1.1666666666666667,0.04422874103618961,555,"Sorry, babe. They were out of organic meat."
3325,2,8,62,72,1.1666666666666667,0.05233215213522994,555,Junior is practicing for Spring Break.
3325,1,10,61,72,1.1666666666666667,0.048450158311150925,555,It just doesn't taste authentic.
3325,2,8,62,72,1.1666666666666667,0.05233215213522994,555,You caught alternative human again
3325,2,8,62,72,1.1666666666666667,0.05233215213522994,555,"I'm not sure what it is, but I think it may be the low-calorie version."
3325,2,8,62,72,1.1666666666666667,0.05233215213522994,555,Funny...I thought it would taste like chicken.
3325,2,8,62,72,1.1666666666666667,0.05233215213522994,555,I hate it when they use imitation meat...
3325,3,6,63,72,1.1666666666666667,0.05594542388644594,555,I keep my Golden Globe in the other river.
3325,1,10,61,72,1.1666666666666667,0.048450158311150925,555,I took a Mannequin Challenge.
3325,1,10,61,72,1.1666666666666667,0.048450158311150925,555,They're easy to catch but taste rather bland.
3325,3,6,63,72,1.1666666666666667,0.05594542388644594,555,Not another one of those fad diets.
3325,1,10,61,72,1.1666666666666667,0.048450158311150925,555,Would you happen to have a zesty cocktail sauce?
3325,3,6,63,72,1.1666666666666667,0.05594542388644594,555,Tastes like chickenquin.
3325,1,10,61,72,1.1666666666666667,0.048450158311150925,555,"Uh, his lack of limbs is not the worst part."
3325,2,8,62,72,1.1666666666666667,0.05233215213522994,555,The next level of the challenge will be more difficult.
3325,1,10,61,72,1.1666666666666667,0.048450158311150925,555,That's the best you could do?
3325,4,4,64,72,1.1666666666666667,0.05933908290969267,555,Taste like American TV shows.
3325,2,8,62,72,1.1666666666666667,0.05233215213522994,555,Your 'mannequin eating shark' joke is getting old.
3325,2,8,62,72,1.1666666666666667,0.05233215213522994,555,It's part of a twelve step program
3325,0,12,60,72,1.1666666666666667,0.04422874103618961,555,More and more people seem to have bad taste lately.
3325,1,10,61,72,1.1666666666666667,0.048450158311150925,555,And the sharks learned that not all people were people. The end.
3325,2,8,62,72,1.1666666666666667,0.05233215213522994,555,I notice you have a taste for alternative humans.
3325,1,10,61,72,1.1666666666666667,0.048450158311150925,555,"Nice party, but the appetizers are a little chewy."
3325,1,10,61,72,1.1666666666666667,0.048450158311150925,555,"You have all the luck, another man again!"
3325,2,8,62,72,1.1666666666666667,0.05233215213522994,555,I really thought it was Ralph Lauren.
3325,0,12,60,72,1.1666666666666667,0.04422874103618961,555,Cutbacks suck.
3325,1,10,61,72,1.1666666666666667,0.048450158311150925,555,The big box stores are underwater.
3325,3,6,63,72,1.1666666666666667,0.05594542388644594,555,I'm really killing this mannequin challenge.
3325,1,10,61,72,1.1666666666666667,0.048450158311150925,555,I thought your New Year's resolution was no more eating processed foods.
3325,1,10,61,72,1.1666666666666667,0.048450158311150925,555,People always say I have good fashion taste.
3325,1,10,61,72,1.1666666666666667,0.048450158311150925,555,The lifeguard said this one's gluten-free.
3325,2,8,62,72,1.1666666666666667,0.05233215213522994,555,"No, not costly. It was on sail."
3325,3,6,63,72,1.1666666666666667,0.05594542388644594,555,I thought we were cutting back on preservatives?
3325,3,6,63,72,1.1666666666666667,0.05594542388644594,555,The inauguration wasn't as well attended as he suggested.
3325,2,8,62,72,1.1666666666666667,0.05233215213522994,555,I think they're screwing with us.
3325,2,8,62,72,1.1666666666666667,0.05233215213522994,555,It's my new visual aid for slow learners.
3325,0,12,60,72,1.1666666666666667,0.04422874103618961,555,Have you noticed lately that your dinners are tasteless?
3325,2,8,62,72,1.1666666666666667,0.05233215213522994,555,"""This is as close as I can get to being a vegan""."
3325,2,8,62,72,1.1666666666666667,0.05233215213522994,555,"For them it's vegan, for us it's mannequin."
3325,4,4,64,72,1.1666666666666667,0.05933908290969267,555,Are you kidding me?! It's got a thousand and one uses!
3325,2,8,62,72,1.1666666666666667,0.05233215213522994,555,You go back up and get the dress.
3325,3,6,63,72,1.1666666666666667,0.05594542388644594,555,I can't believe it's not Bubba.
3325,2,8,62,72,1.1666666666666667,0.05233215213522994,555,"Sorry, it's this crazy diet I'm on. The food tastes like cardboard."
3325,1,10,61,72,1.1666666666666667,0.048450158311150925,555,Wait 'till dad hears your a vegan
3325,3,6,63,72,1.1666666666666667,0.05594542388644594,555,"You know me, kill them all and sort out the bodies later."
3325,3,6,63,72,1.1666666666666667,0.05594542388644594,555,"Is it me, or are men getting harder to eat?"
3325,1,10,61,72,1.1666666666666667,0.048450158311150925,555,She's had a lot of work done.
3325,1,10,61,72,1.1666666666666667,0.048450158311150925,555,Someone hollered “mannequin overboard”. I had it before the rescue boat hit the water.
3325,1,10,61,72,1.1666666666666667,0.048450158311150925,555,I'm trying to cut back.
3325,1,10,61,72,1.1666666666666667,0.048450158311150925,555,Want to practice with me?
3325,5,2,65,72,1.1666666666666667,0.0625488854200668,555,Wrong mannequin challenge.
3325,2,8,62,72,1.1666666666666667,0.05233215213522994,555,"By now I'm used to it, but I could NEVER give up dairy!"
3325,3,6,63,72,1.1666666666666667,0.05594542388644594,555,I'm practicing for the White House Moat
3325,3,6,63,72,1.1666666666666667,0.05594542388644594,555,"Dad, that's not how you do the mannequin challenge."
3325,1,10,61,72,1.1666666666666667,0.048450158311150925,555,I don't think it's organic.
3325,0,12,60,72,1.1666666666666667,0.04422874103618961,555,This one already had no arms and legs.
3325,1,10,61,72,1.1666666666666667,0.048450158311150925,555,It's a new low-fat high-fiber diet.
3325,1,10,61,72,1.1666666666666667,0.048450158311150925,555,"Actually, I'm vegan."
3325,0,12,60,72,1.1666666666666667,0.04422874103618961,555,That must have been some window of opportunity.
3325,3,6,63,72,1.1666666666666667,0.05594542388644594,555,I’m calling it the after-tailor mint.
3325,3,6,63,72,1.1666666666666667,0.05594542388644594,555,""" The food court at the aquarium gave me this as an amuse-bouche""."
3325,1,10,61,72,1.1666666666666667,0.048450158311150925,555,It's a Training Bod.
3325,2,8,62,72,1.1666666666666667,0.05233215213522994,555,I'm going globulin free.
3325,0,12,60,72,1.1666666666666667,0.04422874103618961,555,Service shark training.
3325,1,10,61,72,1.1666666666666667,0.048450158311150925,555,Artificial bait just isn't as good as the real thing!
3325,1,10,61,72,1.1666666666666667,0.048450158311150925,555,It's for my vanity wall.
3325,3,6,63,72,1.1666666666666667,0.05594542388644594,555,"It's low calorie and high fiber, but it lacks mouthfeel and after bite."
3325,0,12,60,72,1.1666666666666667,0.04422874103618961,555,These kabobs are a bit dry.
3325,3,6,63,72,1.1666666666666667,0.05594542388644594,555,Hrrrkh grruhh kahgarr gaaahrnikarhn gahw?
3325,1,10,61,72,1.1666666666666667,0.048450158311150925,555,"It's less filling, but it doesn't really taste that great."
3325,3,6,63,72,1.1666666666666667,0.05594542388644594,555,"As an environmentalist, we really need to save the humans"
3325,3,6,63,72,1.1666666666666667,0.05594542388644594,555,I know it's processed but I'm hungry and got to get back to the office.
3325,3,6,63,72,1.1666666666666667,0.05594542388644594,555,Macy's. They have lots they no longer need
3325,3,6,63,72,1.1666666666666667,0.05594542388644594,555,"If it's such a fad diet, then why did Jaws endorse it?"
3325,3,6,63,72,1.1666666666666667,0.05594542388644594,555,Is this what you call alternative dinner?
3325,4,4,64,72,1.1666666666666667,0.05933908290969267,555,I only eat seasonally.
3325,2,8,62,72,1.1666666666666667,0.05233215213522994,555,Got this around the corner from Saks.
3325,3,6,63,72,1.1666666666666667,0.05594542388644594,555,I'm auditioning for Project Runway.
3325,3,6,63,72,1.1666666666666667,0.05594542388644594,555,Jaws Wannabe
3325,2,8,62,72,1.1666666666666667,0.05233215213522994,555,My wife has me on a vegan diet.
3325,2,8,62,72,1.1666666666666667,0.05233215213522994,555,"But really, under the skin, aren't we all mannequin-eaters?"
3325,0,12,60,72,1.1666666666666667,0.04422874103618961,555,Isn't it fun to practice in the off season.
3325,2,8,62,72,1.1666666666666667,0.05233215213522994,555,It's my first week.
3325,1,10,61,72,1.1666666666666667,0.048450158311150925,555,Tastes better than tofu and doesn't deplete the stock!
3325,2,8,62,72,1.1666666666666667,0.05233215213522994,555,I don't get it -- that Mannequin Challenge wasn't very challenging at all.
3325,1,10,61,72,1.1666666666666667,0.048450158311150925,555,Personally I believe it would benefit from a little seasoning.
3325,2,8,62,72,1.1666666666666667,0.05233215213522994,555,"No, I got her from the petit section."
3325,1,10,61,72,1.1666666666666667,0.048450158311150925,555,"It's my bite toy, mom!"
3325,2,8,62,72,1.1666666666666667,0.05233215213522994,555,The new mannequin diet !
3325,1,10,61,72,1.1666666666666667,0.048450158311150925,555,my doctor said I really need to lower my ldl
3325,3,6,63,72,1.1666666666666667,0.05594542388644594,555,"Fleeting bouquet, but excellent body!"
3325,3,6,63,72,1.1666666666666667,0.05594542388644594,555,"The smell is bland, but the mouthfeel is excellent"
3325,2,8,62,72,1.1666666666666667,0.05233215213522994,555,I starting a mannequin company and going to pitch it on Shark Tank
3325,2,8,62,72,1.1666666666666667,0.05233215213522994,555,"You heard him – when you're a shark, they let you do it. You can do anything!"
3325,2,8,62,72,1.1666666666666667,0.05233215213522994,555,You don't actually need a mannequin to do the challenge.
3325,2,8,62,72,1.1666666666666667,0.05233215213522994,555,I'm trying to quit smoking.
3325,4,4,64,72,1.1666666666666667,0.05933908290969267,555,"I don't have shoulders or hips, so I'll have to adjust the measurements for that."
3325,3,6,63,72,1.1666666666666667,0.05594542388644594,555,I had my mouth all set for the real thing.
3325,1,10,61,72,1.1666666666666667,0.048450158311150925,555,"Hey, at this point, I'll take whatever I can get."
3325,2,8,62,72,1.1666666666666667,0.05233215213522994,555,The one-legged ones are a lot less juicy
3325,1,10,61,72,1.1666666666666667,0.048450158311150925,555,Don't bother. They have no flavor.
3325,3,6,63,72,1.1666666666666667,0.05594542388644594,555,You really missed the point of this mannequin challenge buddy
3325,2,8,62,72,1.1666666666666667,0.05233215213522994,555,Geoffrey always hated seeing his friend with such dummies.
3325,1,10,61,72,1.1666666666666667,0.048450158311150925,555,"No, thanks. I don't eat GMOs."
3325,3,6,63,72,1.1666666666666667,0.05594542388644594,555,Farm-raised never tastes as good as wild.
3325,2,8,62,72,1.1666666666666667,0.05233215213522994,555,"Well, yes, but I have my alternative facts"
3325,0,12,60,72,1.1666666666666667,0.04422874103618961,555,Tohuman is much more healthy and humane to eat.
3325,3,6,63,72,1.1666666666666667,0.05594542388644594,555,"You're wrong, Ed–—form FOLLOWS function."
3325,3,6,63,72,1.1666666666666667,0.05594542388644594,555,"Hurry, the sale ends Friday."
3325,2,8,62,72,1.1666666666666667,0.05233215213522994,555,What did you EVER see in her?
3325,1,10,61,72,1.1666666666666667,0.048450158311150925,555,Don't eat the 'alternative humans'.
3325,1,10,61,72,1.1666666666666667,0.048450158311150925,555,Practice makes perfect.
3325,3,6,63,72,1.1666666666666667,0.05594542388644594,555,More Clickbait.
3325,1,10,61,72,1.1666666666666667,0.048450158311150925,555,I'm thinking of going paleo.
3325,0,12,60,72,1.1666666666666667,0.04422874103618961,555,I would kill someone to get off this imitation meat diet.
3325,1,10,61,72,1.1666666666666667,0.048450158311150925,555,Which one of you is the dummy
3325,2,8,62,72,1.1666666666666667,0.05233215213522994,555,"What? It's low-carb, sugar-free and high in fiber."
3325,2,8,62,72,1.1666666666666667,0.05233215213522994,555,I'll hold still. You start filming.
3325,3,6,63,72,1.1666666666666667,0.05594542388644594,555,She said That I swept her off her feet
3325,1,10,61,72,1.1666666666666667,0.048450158311150925,555,"Hey, you wanna eat low fat, you gotta swallow some artificial ingredients."
3325,2,8,62,72,1.1666666666666667,0.05233215213522994,555,"Well, it's sugar-free and fat-free."
3325,2,8,62,72,1.1666666666666667,0.05233215213522994,555,It's a manikin--an alternative fact real human being.
3325,1,10,61,72,1.1666666666666667,0.048450158311150925,555,"Frank, you know those things have zero nutritional value, right?"
3325,3,6,63,72,1.1666666666666667,0.05594542388644594,555,Shark suit ? We'll show them shark suit !
3325,2,8,62,72,1.1666666666666667,0.05233215213522994,555,It's way better than the ones we got during Fashion Week
3325,4,4,64,72,1.1666666666666667,0.05933908290969267,555,I hate dieting.
3325,1,10,61,72,1.1666666666666667,0.048450158311150925,555,I don't miss real meat at all.
3325,2,8,62,72,1.1666666666666667,0.05233215213522994,555,"Aww, you could have left me one arm."
3325,2,8,62,72,1.1666666666666667,0.05233215213522994,555,I am not a man eater.
3325,1,10,61,72,1.1666666666666667,0.048450158311150925,555,Who's the third wheel?
3325,1,10,61,72,1.1666666666666667,0.048450158311150925,555,Auditioning for 'Jaws 6'.
3325,3,6,63,72,1.1666666666666667,0.05594542388644594,555,"Considering that it's meat-free and gluten-free it tastes OK, but it really could use some dressing."
3325,2,8,62,72,1.1666666666666667,0.05233215213522994,555,They fooled me with the Mannequin Challenge again.
3325,1,10,61,72,1.1666666666666667,0.048450158311150925,555,This vegan diet sucks.
3325,3,6,63,72,1.1666666666666667,0.05594542388644594,555,It's called Tofuman.
3325,0,12,60,72,1.1666666666666667,0.04422874103618961,555,Hasn't Gary Larson already pulled this on us?
3325,1,10,61,72,1.1666666666666667,0.048450158311150925,555,It has challenging texture but the distinct taste profile is totally worth it.
3325,2,8,62,72,1.1666666666666667,0.05233215213522994,555,What's your return policy?
3325,1,10,61,72,1.1666666666666667,0.048450158311150925,555,"Oh, this one is just for practice."
3325,2,8,62,72,1.1666666666666667,0.05233215213522994,555,It doesn't even have dressing!
3325,2,8,62,72,1.1666666666666667,0.05233215213522994,555,Please spare me your processed food shpiel.
3325,2,8,62,72,1.1666666666666667,0.05233215213522994,555,Yeah? Well YOU trying going vegan
3325,2,8,62,72,1.1666666666666667,0.05233215213522994,555,I know...it needs a little dressing. Ranch?
3325,1,10,61,72,1.1666666666666667,0.048450158311150925,555,I really should try organic next time.
3325,2,8,62,72,1.1666666666666667,0.05233215213522994,555,"that's it, you are on a diet"
3325,2,8,62,72,1.1666666666666667,0.05233215213522994,555,"It's my vegetarian alternative - ""tofuman."""
3325,1,10,61,72,1.1666666666666667,0.048450158311150925,555,This diet food tastes so artificial.
3325,2,8,62,72,1.1666666666666667,0.05233215213522994,555,Do you think sale items have fewer calories?
3325,4,4,64,72,1.1666666666666667,0.05933908290969267,555,yechhh....Vegan!
3325,3,6,63,72,1.1666666666666667,0.05594542388644594,555,"Porbeagle, you misinterpreted the mannequin challenge."
3325,3,6,63,72,1.1666666666666667,0.05594542388644594,555,Sharks For Dummies.
3325,1,10,61,72,1.1666666666666667,0.048450158311150925,555,I thought you might like a little 'alternative' something to chew on.
3325,1,10,61,72,1.1666666666666667,0.048450158311150925,555,"They aren't very nutritious , but they're filling."
3325,2,8,62,72,1.1666666666666667,0.05233215213522994,555,The arms were a little brittle!
3325,4,4,64,72,1.1666666666666667,0.05933908290969267,555,Here's an alternate fact for you.
3325,3,6,63,72,1.1666666666666667,0.05594542388644594,555,It came pre-limbed.
3325,4,4,64,72,1.1666666666666667,0.05933908290969267,555,Half off at the DNC.
3325,2,8,62,72,1.1666666666666667,0.05233215213522994,555,Be careful; it might have bones.
3325,2,8,62,72,1.1666666666666667,0.05233215213522994,555,"Blood! Time and again, you fool, we seek blood!"
3325,1,10,61,72,1.1666666666666667,0.048450158311150925,555,"Honest, I didn't eat the arms and legs."
3325,4,4,64,72,1.1666666666666667,0.05933908290969267,555,Guess my favourite 80's comedy movie.
3325,1,10,61,72,1.1666666666666667,0.048450158311150925,555,"Let me tell you, this is the best, most unbelievable meal any shark has ever had. And the beauty is only I know how to get it."
3325,3,6,63,72,1.1666666666666667,0.05594542388644594,555,"So you’ve turned vegetarian, then?"
3325,3,6,63,72,1.1666666666666667,0.05594542388644594,555,It's utterly tasteless
3325,2,8,62,72,1.1666666666666667,0.05233215213522994,555,I'm on a high fiber diet.
3325,1,10,61,72,1.1666666666666667,0.048450158311150925,555,They last longer!
3325,3,6,63,72,1.1666666666666667,0.05594542388644594,555,Don't bite on fake reporters.
3325,2,8,62,72,1.1666666666666667,0.05233215213522994,555,It tastes like krab.
3640,2,8,63,73,1.1643835616438356,0.051660769401756894,555,It was Fashion Week
3640,1,10,62,73,1.1643835616438356,0.04783636264784695,555,Now we just have to find a dressmaker for you.
3640,2,8,63,73,1.1643835616438356,0.051660769401756894,555,"Let's call this, the 'Mannequin Challenge.'"""
3640,2,8,63,73,1.1643835616438356,0.051660769401756894,555,"Yeah, I see what you mean. These GMOs just don't have the flavor."
3640,2,8,63,73,1.1643835616438356,0.051660769401756894,555,I know you're just trying to break out of the mold but face it - a mannequin eating shark just doesn't strike the same amount of fear.
3640,2,8,63,73,1.1643835616438356,0.051660769401756894,555,It's not inedible - it's an alternative meal.
3640,3,6,64,73,1.1643835616438356,0.05522094348149691,555,"Well, they don't call it a manne-can't."
3640,2,8,63,73,1.1643835616438356,0.051660769401756894,555,It's part of my reduced-fat diet.
3640,4,4,65,73,1.1643835616438356,0.05856509286931808,555,I just can't swallow these alternative snacks.
3640,0,12,61,73,1.1643835616438356,0.043678370935408654,555,"I'm trying to watch my weight. It tastes just like a human, but half the fat!"
3640,4,4,65,73,1.1643835616438356,0.05856509286931808,555,"I found it near the oil rig, its a chew-toy."
3640,1,10,62,73,1.1643835616438356,0.04783636264784695,555,Dad doesn't know I'm a vegetarian.
3640,1,10,62,73,1.1643835616438356,0.04783636264784695,555,My eyes just aren't what they used to be
3640,2,8,63,73,1.1643835616438356,0.051660769401756894,555,you just chew on this and it's guaranteed to burn pure belly fat.
3640,1,10,62,73,1.1643835616438356,0.04783636264784695,555,I think they're remaking that movie again
3640,1,10,62,73,1.1643835616438356,0.04783636264784695,555,What matters is that it tastes real.
3640,3,6,64,73,1.1643835616438356,0.05522094348149691,555,"She tastes like chicken, and that's the alternative fact!"
3657,1,9,61,71,1.1549295774647887,0.0476738049630549,555,I'm having a bit of a fashion frenzy.
3657,2,7,62,71,1.1549295774647887,0.05172239521306923,555,I should really quit snacking on junk food.
3657,1,9,61,71,1.1549295774647887,0.0476738049630549,555,"No, it's not a mannequin, it's an alternative facsimile."
3657,1,9,61,71,1.1549295774647887,0.0476738049630549,555,Don't you know there is no nutritional value in plastic?
3657,0,11,60,71,1.1549295774647887,0.04324785766640781,555,My doctor said this should curb my overeating.
3657,2,7,62,71,1.1549295774647887,0.05172239521306923,555,They really have gone overboard with this GMO thing.
3657,1,9,61,71,1.1549295774647887,0.0476738049630549,555,My new diet calls for all-artificial ingredients.
3657,1,9,61,71,1.1549295774647887,0.0476738049630549,555,I should've chosen door #3.
3657,1,9,61,71,1.1549295774647887,0.0476738049630549,555,Tastes a bit stale
3657,4,3,64,71,1.1549295774647887,0.05899182265721229,555,Look! Look! I finally got the squeaker out of the shark toy.
3657,1,9,61,71,1.1549295774647887,0.0476738049630549,555,That's not how the challenge works.
3657,2,7,62,71,1.1549295774647887,0.05172239521306923,555,Its called the 'Mannequin Challenge'--do you have a 'YouTube account'?
3657,3,5,63,71,1.1549295774647887,0.055476307136456515,555,Before everything goes organic I am storing up my favorite snacks.
3657,2,7,62,71,1.1549295774647887,0.05172239521306923,555,Not so much free-range but absolutely gluten-free.
3657,2,7,62,71,1.1549295774647887,0.05172239521306923,555,I'm trying out for Jaws 2017.
3657,1,9,61,71,1.1549295774647887,0.0476738049630549,555,This one is tougher than shoe leather!
3657,3,5,63,71,1.1549295774647887,0.055476307136456515,555,The Chanel was tastier.
3657,0,11,60,71,1.1549295774647887,0.04324785766640781,555,Does this dress form make me look fat?
3657,2,7,62,71,1.1549295774647887,0.05172239521306923,555,"Sorry, they were fresh out of surfer special."
3657,2,7,62,71,1.1549295774647887,0.05172239521306923,555,I'd like to meet his tailor.
3657,4,3,64,71,1.1549295774647887,0.05899182265721229,555,I'm rehearsing for the next Sharknado movie.
3657,2,7,62,71,1.1549295774647887,0.05172239521306923,555,No one respects mannequins more than me.
3657,2,7,62,71,1.1549295774647887,0.05172239521306923,555,"Dammit, George, you just had to eat the tailor!"
3657,0,11,60,71,1.1549295774647887,0.04324785766640781,555,It's my pacifier. I just can't bear to part with it.
3657,2,7,62,71,1.1549295774647887,0.05172239521306923,555,I decided to turn vegan.
3657,1,9,61,71,1.1549295774647887,0.0476738049630549,555,I may be a shark but I aspire to be humane.
3657,1,9,61,71,1.1549295774647887,0.0476738049630549,555,When Jeff Bezos did the math we were just as fast and a lot cheaper.
3657,2,7,62,71,1.1549295774647887,0.05172239521306923,555,So I can sneak into the HOV lane.
3657,2,7,62,71,1.1549295774647887,0.05172239521306923,555,I needed more fiber in my diet.
3657,2,7,62,71,1.1549295774647887,0.05172239521306923,555,I dunno...do you think it's genetically modified?
3657,2,7,62,71,1.1549295774647887,0.05172239521306923,555,"Not a soul, this is all that's left of them."
3657,1,9,61,71,1.1549295774647887,0.0476738049630549,555,You and your vegan diet.
3657,1,9,61,71,1.1549295774647887,0.0476738049630549,555,There was no going backwards.
3657,1,9,61,71,1.1549295774647887,0.0476738049630549,555,There's no meat on this!
3657,3,5,63,71,1.1549295774647887,0.055476307136456515,555,Man a kin?
3657,1,9,61,71,1.1549295774647887,0.0476738049630549,555,This one needs salt.
3657,1,9,61,71,1.1549295774647887,0.0476738049630549,555,You gotta try this one - it tastes terrible!
3657,2,7,62,71,1.1549295774647887,0.05172239521306923,555,Been grocery shopping in The Bay have you?
3657,2,7,62,71,1.1549295774647887,0.05172239521306923,555,I thought I'd try Paleo
3657,1,9,61,71,1.1549295774647887,0.0476738049630549,555,"Hey dude, want to try the mannequin challenge I have been hearing so much about?"
3657,2,7,62,71,1.1549295774647887,0.05172239521306923,555,What can I say? It's proxy season.
3657,3,5,63,71,1.1549295774647887,0.055476307136456515,555,Great job! You got his small hands and all tiny things below the waist!
3657,1,9,61,71,1.1549295774647887,0.0476738049630549,555,This one really tastes dry.
3657,1,9,61,71,1.1549295774647887,0.0476738049630549,555,South Beach.
3657,2,7,62,71,1.1549295774647887,0.05172239521306923,555,Is that Vegan?
3657,2,7,62,71,1.1549295774647887,0.05172239521306923,555,Must be a GMO.
3657,2,7,62,71,1.1549295774647887,0.05172239521306923,555,Tastes like plastic chicken
3657,0,11,60,71,1.1549295774647887,0.04324785766640781,555,I'm a vegan.
3657,2,7,62,71,1.1549295774647887,0.05172239521306923,555,It's really time to get those readers.
3657,2,7,62,71,1.1549295774647887,0.05172239521306923,555,It looked better than it tastes.
3657,2,7,62,71,1.1549295774647887,0.05172239521306923,555,It's today's amuse-bouche. Try one.
3657,2,7,62,71,1.1549295774647887,0.05172239521306923,555,Lifeboat Couture
3657,2,7,62,71,1.1549295774647887,0.05172239521306923,555,"I'm on this new ""alternate"" diet."
3657,1,9,61,71,1.1549295774647887,0.0476738049630549,555,Is this the mannequin challenge?
3657,2,7,62,71,1.1549295774647887,0.05172239521306923,555,My shrink says I have an oral fixation.
3657,1,9,61,71,1.1549295774647887,0.0476738049630549,555,They only had 'human substitute.'
3657,2,7,62,71,1.1549295774647887,0.05172239521306923,555,"They say this once held Hillary's inaugural dress. If I'm honest, it tastes like pantsuit."
3657,4,3,64,71,1.1549295774647887,0.05899182265721229,555,Now try it without the trainer wheels.
3657,2,7,62,71,1.1549295774647887,0.05172239521306923,555,"Trying to eat healthier, just can't get used to this fake stuff."
3657,2,7,62,71,1.1549295774647887,0.05172239521306923,555,"Wait a minute, this isn't organic."
3657,4,3,64,71,1.1549295774647887,0.05899182265721229,555,There's a smorgasbord up on the Capitol Steps. As far as the eye can see!
3657,0,11,60,71,1.1549295774647887,0.04324785766640781,555,"Hey Buddy, you've got something stuck in your teeth."
3657,1,9,61,71,1.1549295774647887,0.0476738049630549,555,And of course I take a daily iron supplement.
3657,2,7,62,71,1.1549295774647887,0.05172239521306923,555,Tofu again?
3657,2,7,62,71,1.1549295774647887,0.05172239521306923,555,"Darling, wait until you see your new wardrobe !"
3657,1,9,61,71,1.1549295774647887,0.0476738049630549,555,It tastes just like a rubber chicken!
3657,2,7,62,71,1.1549295774647887,0.05172239521306923,555,Did you remember to bring the dental floss?
3657,2,7,62,71,1.1549295774647887,0.05172239521306923,555,What are you talking about? Of course it's real. It's an alternative human.
3657,1,9,61,71,1.1549295774647887,0.0476738049630549,555,I got it on sale!
3657,2,7,62,71,1.1549295774647887,0.05172239521306923,555,everyone is going vegan.
3657,3,5,63,71,1.1549295774647887,0.055476307136456515,555,I heard I'd live longer if I went Manikin.
3657,1,9,61,71,1.1549295774647887,0.0476738049630549,555,I reserved the right to bare arms.
3657,2,7,62,71,1.1549295774647887,0.05172239521306923,555,I am so going to win the Mannequin Challenge.
3657,2,7,62,71,1.1549295774647887,0.05172239521306923,555,Alternative reality tells me this is delicious!
3657,2,7,62,71,1.1549295774647887,0.05172239521306923,555,I'm trying to cut back on humans. They've lost their flavor.
3657,3,5,63,71,1.1549295774647887,0.055476307136456515,555,...and it's gluten free.
3657,0,11,60,71,1.1549295774647887,0.04324785766640781,555,They went a little too far with the Mannequin Challenge.
3657,1,9,61,71,1.1549295774647887,0.0476738049630549,555,Mannequin overboard!
3657,1,9,61,71,1.1549295774647887,0.0476738049630549,555,You are what you eat.
3657,0,11,60,71,1.1549295774647887,0.04324785766640781,555,I see you're still a vegetarian.
3657,1,9,61,71,1.1549295774647887,0.0476738049630549,555,I'm never going to get used to this gluten-free diet.
3657,1,9,61,71,1.1549295774647887,0.0476738049630549,555,Again with the leftovers?
3657,2,7,62,71,1.1549295774647887,0.05172239521306923,555,My shrink thinks it'll help me get past the time I swallowed a surf board.
3657,1,9,61,71,1.1549295774647887,0.0476738049630549,555,"Manny Quinn, a figure in the fashion industry, vintage 1968"
3657,0,11,60,71,1.1549295774647887,0.04324785766640781,555,"It's for your morning breath, honey."
3657,1,9,61,71,1.1549295774647887,0.0476738049630549,555,Leftovers
3657,2,7,62,71,1.1549295774647887,0.05172239521306923,555,"Nope, it doesn't taste like chicken"
3657,2,7,62,71,1.1549295774647887,0.05172239521306923,555,"Look, they used fake humans in Sharknado!"
3657,1,9,61,71,1.1549295774647887,0.0476738049630549,555,"I got a deal on a sharkskin suit, too."
3657,1,9,61,71,1.1549295774647887,0.0476738049630549,555,The scent of blood and the destruction of unrealistic beauty standards are my driving forces.
3657,1,9,61,71,1.1549295774647887,0.0476738049630549,555,May I offer you a bite of imitation human?
3657,2,7,62,71,1.1549295774647887,0.05172239521306923,555,I'm totally winning the mannequin challenge this time
3657,1,9,61,71,1.1549295774647887,0.0476738049630549,555,Less calories.
3657,0,11,60,71,1.1549295774647887,0.04324785766640781,555,You should have read the nutrition label on the back.
3657,2,7,62,71,1.1549295774647887,0.05172239521306923,555,"They're usually a lot more fatty, but they are always full of artificial stuff."
3657,1,9,61,71,1.1549295774647887,0.0476738049630549,555,These vegan humans just don't taste like the real thing.
3657,3,5,63,71,1.1549295774647887,0.055476307136456515,555,"Hey, all I heard was “Man-something overboard”; what is a mannequin?."
3657,3,5,63,71,1.1549295774647887,0.055476307136456515,555,Something seems fishy here.
3657,1,9,61,71,1.1549295774647887,0.0476738049630549,555,It didn't really feel like much of a challenge.
3657,2,7,62,71,1.1549295774647887,0.05172239521306923,555,Sometimes it's hard to tell them from the real ones
3657,4,3,64,71,1.1549295774647887,0.05899182265721229,555,"In a valiant effort to impress Ms. Great White, he realized he was just a dummy."
3657,2,7,62,71,1.1549295774647887,0.05172239521306923,555,That's not Ahab!
3657,0,11,60,71,1.1549295774647887,0.04324785766640781,555,How much longer are you on this meal replacement plan?
3657,0,11,60,71,1.1549295774647887,0.04324785766640781,555,Apparently it's the latest fashion in bait.
3657,2,7,62,71,1.1549295774647887,0.05172239521306923,555,You should see the one that got away.
3657,2,7,62,71,1.1549295774647887,0.05172239521306923,555,This fashion statement is tasteless.
3657,2,7,62,71,1.1549295774647887,0.05172239521306923,555,You just have to avoid the pins.
3657,1,9,61,71,1.1549295774647887,0.0476738049630549,555,"It don't taste the same, but it beats goin' cold turkey."
3657,3,5,63,71,1.1549295774647887,0.055476307136456515,555,So that's what happened to her. But where's the white pantsuit?
3657,1,9,61,71,1.1549295774647887,0.0476738049630549,555,Mom says it’s good for teething AND practice.
3657,0,11,60,71,1.1549295774647887,0.04324785766640781,555,I already ate dinner. This is just for show-and-tell.
3657,0,11,60,71,1.1549295774647887,0.04324785766640781,555,Shopping again?
3657,1,9,61,71,1.1549295774647887,0.0476738049630549,555,Pickins are slim in the off-season
3657,2,7,62,71,1.1549295774647887,0.05172239521306923,555,"'Dentist says to use this twice a day in addition to flossing"""
3657,4,3,64,71,1.1549295774647887,0.05899182265721229,555,"We've taken over fashion week, an exchange is imminent."
3657,0,11,60,71,1.1549295774647887,0.04324785766640781,555,These organic humans are more crunchy.
3657,2,7,62,71,1.1549295774647887,0.05172239521306923,555,See what happens when you spend so much time on-line?
3657,3,5,63,71,1.1549295774647887,0.055476307136456515,555,Just an evening snack.
3657,2,7,62,71,1.1549295774647887,0.05172239521306923,555,It works as a temporary soothing pacifier.
3657,1,9,61,71,1.1549295774647887,0.0476738049630549,555,Presentation is everything.
3657,2,7,62,71,1.1549295774647887,0.05172239521306923,555,Does this dress maker's dummy make me look fat
3657,1,9,61,71,1.1549295774647887,0.0476738049630549,555,"Low-cal, but no blood, no scream, and chewy as a rice cake."
3657,2,7,62,71,1.1549295774647887,0.05172239521306923,555,Say NO to the dress.
3657,4,3,64,71,1.1549295774647887,0.05899182265721229,555,"Honey, It is from the Titanic the salesman told me!"
3657,3,5,63,71,1.1549295774647887,0.055476307136456515,555,Ugh- this guy must be gluten-free
3657,3,5,63,71,1.1549295774647887,0.055476307136456515,555,Great white gillt.
3657,3,5,63,71,1.1549295774647887,0.055476307136456515,555,The store had to get rid of it. Turns out it was made in Mexico!
3657,1,9,61,71,1.1549295774647887,0.0476738049630549,555,Slim pickings this week.
3657,1,9,61,71,1.1549295774647887,0.0476738049630549,555,Vegan schmegan...this tastes nothing like the real thing.
3657,1,9,61,71,1.1549295774647887,0.0476738049630549,555,I'm training for next week's surfing competition.
3657,2,7,62,71,1.1549295774647887,0.05172239521306923,555,I'm on a fully inorganic diet.
3657,1,9,61,71,1.1549295774647887,0.0476738049630549,555,I am still not sure that you are going to be accepted to the Search and Rescue Squad.
3657,2,7,62,71,1.1549295774647887,0.05172239521306923,555,I just don't like this processed food.
3657,3,5,63,71,1.1549295774647887,0.055476307136456515,555,It tastes a bit like chicken.
3657,2,7,62,71,1.1549295774647887,0.05172239521306923,555,What? I'm doing the mannequin challenge.
3657,1,9,61,71,1.1549295774647887,0.0476738049630549,555,Huh. Tastes like chicken.
3657,2,7,62,71,1.1549295774647887,0.05172239521306923,555,I guess it's half off because it's a store model.
3657,1,9,61,71,1.1549295774647887,0.0476738049630549,555,I'm a strict vegan!
3657,2,7,62,71,1.1549295774647887,0.05172239521306923,555,Practice dummies aren't cheap.
3657,2,7,62,71,1.1549295774647887,0.05172239521306923,555,The Patch?
3657,2,7,62,71,1.1549295774647887,0.05172239521306923,555,Time to stop playing with toys and grow up!
3657,2,7,62,71,1.1549295774647887,0.05172239521306923,555,"Don't laugh, it's gluten free."
3657,1,9,61,71,1.1549295774647887,0.0476738049630549,555,"As you like it . . . ""al dente""!"
3657,1,9,61,71,1.1549295774647887,0.0476738049630549,555,I always wanted a model's figure
3657,1,9,61,71,1.1549295774647887,0.0476738049630549,555,"Crush, Blood, Release, and Crush! You missed out on the second step."
3657,2,7,62,71,1.1549295774647887,0.05172239521306923,555,I told you I wanted legs.
3657,2,7,62,71,1.1549295774647887,0.05172239521306923,555,Veganism sucks.
3657,2,7,62,71,1.1549295774647887,0.05172239521306923,555,Let me taste it first before you start begging for a bite.
3657,2,7,62,71,1.1549295774647887,0.05172239521306923,555,Is this your version of the mannequin challenge?
3657,1,9,61,71,1.1549295774647887,0.0476738049630549,555,Chew toy overboard!
3657,1,9,61,71,1.1549295774647887,0.0476738049630549,555,How do you know its not organic?
3657,2,7,62,71,1.1549295774647887,0.05172239521306923,555,I need more fiber...
3657,2,7,62,71,1.1549295774647887,0.05172239521306923,555,It's made out of soy.
3657,3,5,63,71,1.1549295774647887,0.055476307136456515,555,"Admittedly, it's not as satisfying as the Atkins diet."
3657,3,5,63,71,1.1549295774647887,0.055476307136456515,555,"No. I said it was shark week, dummy."
3657,1,9,61,71,1.1549295774647887,0.0476738049630549,555,"Nuggets again,that's the third time this week. Do you want to know what they put in those things."
3657,1,9,61,71,1.1549295774647887,0.0476738049630549,555,It's low-fat.
3657,4,3,64,71,1.1549295774647887,0.05899182265721229,555,It certainly tastes glute free.
3657,3,5,63,71,1.1549295774647887,0.055476307136456515,555,This is a tough old Geezer.
3657,1,9,61,71,1.1549295774647887,0.0476738049630549,555,Let's do a mannequin challenge.
3657,3,5,63,71,1.1549295774647887,0.055476307136456515,555,I prefer things less messy.
3657,2,7,62,71,1.1549295774647887,0.05172239521306923,555,I guess the mannequin challenge finally jumped the shark.
3657,3,5,63,71,1.1549295774647887,0.055476307136456515,555,So Im going vegan. Its healthier for the environment.
3657,2,7,62,71,1.1549295774647887,0.05172239521306923,555,Is the mannequin challenge already passé?
3657,0,11,60,71,1.1549295774647887,0.04324785766640781,555,Another department store closure I suppose.
3657,1,9,61,71,1.1549295774647887,0.0476738049630549,555,Gluten free is not for me
3657,1,9,61,71,1.1549295774647887,0.0476738049630549,555,It's vegan but I swear you can't taste the difference!
3657,0,11,60,71,1.1549295774647887,0.04324785766640781,555,Check the mannequin challenge off the list.
3657,2,7,62,71,1.1549295774647887,0.05172239521306923,555,This low fat variety is nowhere as tasty as original.
3657,3,5,63,71,1.1549295774647887,0.055476307136456515,555,I have lost faith in humanity
3657,2,7,62,71,1.1549295774647887,0.05172239521306923,555,Cleanses can really suck.
3657,2,7,62,71,1.1549295774647887,0.05172239521306923,555,You're gonna need a bigger mannequin.
3657,1,9,61,71,1.1549295774647887,0.0476738049630549,555,Just filtering fake people
3657,3,5,63,71,1.1549295774647887,0.055476307136456515,555,The awkward moment when a killer shark meets a low self-esteem wanna-be killer shark.
3657,3,5,63,71,1.1549295774647887,0.055476307136456515,555,"""You can have a bite, but she tastes like Styrofoam ""."
3657,2,7,62,71,1.1549295774647887,0.05172239521306923,555,One more week of Spring Training then its The Show!
3657,1,9,61,71,1.1549295774647887,0.0476738049630549,555,I liked the shark skin suit the mannequin was wearing
3657,1,9,61,71,1.1549295774647887,0.0476738049630549,555,I'm not sure this whole vegan thing is gonna work out.
3657,2,7,62,71,1.1549295774647887,0.05172239521306923,555,"Low carb, lotsa fiber."
3657,2,7,62,71,1.1549295774647887,0.05172239521306923,555,"Hey, it's less expensive than organic."
3657,2,7,62,71,1.1549295774647887,0.05172239521306923,555,Think of it as a teething thing .
3657,2,7,62,71,1.1549295774647887,0.05172239521306923,555,Tastes like tuna.
3657,3,5,63,71,1.1549295774647887,0.055476307136456515,555,This is all I found in the Amazon container ship
3657,2,7,62,71,1.1549295774647887,0.05172239521306923,555,It's GMO free.
3657,3,5,63,71,1.1549295774647887,0.055476307136456515,555,"Ed,you already have eaten the thighs ! That was my favorite part."
3657,2,7,62,71,1.1549295774647887,0.05172239521306923,555,"It's not organic, but it is non-GMO."
3657,2,7,62,71,1.1549295774647887,0.05172239521306923,555,"Mmmm, taste just like humans, but with no fat and zero calories!"
3657,2,7,62,71,1.1549295774647887,0.05172239521306923,555,"Alternative fact my friend, it's yummy food!"
3657,3,5,63,71,1.1549295774647887,0.055476307136456515,555,Watch out for bones.
3657,2,7,62,71,1.1549295774647887,0.05172239521306923,555,It was the vegan entree.
3657,1,9,61,71,1.1549295774647887,0.0476738049630549,555,These GMO's have a woody flavor.
3657,2,7,62,71,1.1549295774647887,0.05172239521306923,555,"I need to have my hearing checked. I thought they yelled ""Man overboard."""
3657,4,3,64,71,1.1549295774647887,0.05899182265721229,555,"I told you, Sidney. No more fake nudes."
3657,1,9,61,71,1.1549295774647887,0.0476738049630549,555,This alternate food is really hard to swallow.
3657,2,7,62,71,1.1549295774647887,0.05172239521306923,555,Sign of the times: even the dummies are jumping ship.
3657,0,11,60,71,1.1549295774647887,0.04324785766640781,555,Do you have any dental floss?
3657,2,7,62,71,1.1549295774647887,0.05172239521306923,555,different Taste... less filling
3657,3,5,63,71,1.1549295774647887,0.055476307136456515,555,"Man, I can."
3657,3,5,63,71,1.1549295774647887,0.055476307136456515,555,It's supposed to help with teething pain.
3657,1,9,61,71,1.1549295774647887,0.0476738049630549,555,It's rude to talk with your mouth full!
3657,2,7,62,71,1.1549295774647887,0.05172239521306923,555,You do realize that's not organic.
3657,1,9,61,71,1.1549295774647887,0.0476738049630549,555,It's part of my detox diet.
3657,2,7,62,71,1.1549295774647887,0.05172239521306923,555,"If life gives you a dummy, at least polish it off with a great white!"
3657,2,7,62,71,1.1549295774647887,0.05172239521306923,555,Get your own Bob
3657,2,7,62,71,1.1549295774647887,0.05172239521306923,555,We'll use this as a decoy.
3657,1,9,61,71,1.1549295774647887,0.0476738049630549,555,"""I can see you have been bargain hunting again""."
3657,1,9,61,71,1.1549295774647887,0.0476738049630549,555,"Bruce, this is a human. You eat them. Let's practice."
3657,2,7,62,71,1.1549295774647887,0.05172239521306923,555,I heard Macy's is closing.
3657,1,9,61,71,1.1549295774647887,0.0476738049630549,555,"I know, it's weird...its part of my cleanse..."
3657,2,7,62,71,1.1549295774647887,0.05172239521306923,555,I grab them by the torso. They don't complain.
3657,1,9,61,71,1.1549295774647887,0.0476738049630549,555,I've decided to become a vegetarian
3657,3,5,63,71,1.1549295774647887,0.055476307136456515,555,"Honestly, these soya protein veggie humans taste just like the real thing."
3657,0,11,60,71,1.1549295774647887,0.04324785766640781,555,I can't wait to get out of this school.
3657,1,9,61,71,1.1549295774647887,0.0476738049630549,555,Can you see the 'Sale Date' on this thing?
3657,2,7,62,71,1.1549295774647887,0.05172239521306923,555,I'm on a gluten free diet.
3657,1,9,61,71,1.1549295774647887,0.0476738049630549,555,There's no substitute for taste
3657,1,9,61,71,1.1549295774647887,0.0476738049630549,555,Weening my human craving
3657,2,7,62,71,1.1549295774647887,0.05172239521306923,555,Does this look like my dress size?
3657,1,9,61,71,1.1549295774647887,0.0476738049630549,555,"$ 1.50 at ""ALT-LUNCH""..."
3657,2,7,62,71,1.1549295774647887,0.05172239521306923,555,"OK, that's the dummy run. Next up, it's for real."
3657,1,9,61,71,1.1549295774647887,0.0476738049630549,555,Once I was a humanist.
3657,1,9,61,71,1.1549295774647887,0.0476738049630549,555,That's no mermaid!
3657,1,9,61,71,1.1549295774647887,0.0476738049630549,555,I'm tapering off.
3657,0,11,60,71,1.1549295774647887,0.04324785766640781,555,It's lactose and gluten free.
3657,1,9,61,71,1.1549295774647887,0.0476738049630549,555,See what happens when you listen to fake news?
3657,4,3,64,71,1.1549295774647887,0.05899182265721229,555,"God, I feel barbaric!"
3657,2,7,62,71,1.1549295774647887,0.05172239521306923,555,Did I mention I'm vegan?
3657,2,7,62,71,1.1549295774647887,0.05172239521306923,555,You know the breast meat isn't very tender. Stick with the legs.
3657,0,11,60,71,1.1549295774647887,0.04324785766640781,555,It's an acquired taste Judith.
3657,2,7,62,71,1.1549295774647887,0.05172239521306923,555,"No, it isn't real. And the sharkskin suit it was wearing wasn't real sharkskin, either."
3657,3,5,63,71,1.1549295774647887,0.055476307136456515,555,apparently a vampire hit it first
3657,3,5,63,71,1.1549295774647887,0.055476307136456515,555,I thought it was real but it turns out to be a trump l'oeil
3657,0,11,60,71,1.1549295774647887,0.04324785766640781,555,Being vegan really isn't that different.
3657,4,3,64,71,1.1549295774647887,0.05899182265721229,555,"It's just practice. In the actual relay, you've got to leave enough to pass along."
3657,1,9,61,71,1.1549295774647887,0.0476738049630549,555,Is this your idea of a joke?
3657,2,7,62,71,1.1549295774647887,0.05172239521306923,555,What?...I'm on a diet! ...tastes like cardboard though.
3657,1,9,61,71,1.1549295774647887,0.0476738049630549,555,I had the legs last time.
3657,2,7,62,71,1.1549295774647887,0.05172239521306923,555,"A suitable catch, I see..."
3657,3,5,63,71,1.1549295774647887,0.055476307136456515,555,That was a dummy move....
3657,0,11,60,71,1.1549295774647887,0.04324785766640781,555,I don't judge your hobbies!
3657,0,11,60,71,1.1549295774647887,0.04324785766640781,555,"I'm not a hoarder, I'm a scavenger."
3657,4,3,64,71,1.1549295774647887,0.05899182265721229,555,You call it lunch - I call it an alternative fact!
3657,3,5,63,71,1.1549295774647887,0.055476307136456515,555,It's flesh and bone if I say it's flesh and bone.
3657,0,11,60,71,1.1549295774647887,0.04324785766640781,555,What? I'm on a strict no protean diet.
3657,0,11,60,71,1.1549295774647887,0.04324785766640781,555,Is this gluten free?
3657,1,9,61,71,1.1549295774647887,0.0476738049630549,555,Not much taste but a lot less mess.
3657,1,9,61,71,1.1549295774647887,0.0476738049630549,555,Didn't I tell you? I've gone BPA-free.
3657,2,7,62,71,1.1549295774647887,0.05172239521306923,555,"Full bodied, but a little dense."
3657,0,11,60,71,1.1549295774647887,0.04324785766640781,555,Just try it ! Get some fiber in your diet.
3657,0,11,60,71,1.1549295774647887,0.04324785766640781,555,Somebody beat me to the tasty bits.
3657,1,9,61,71,1.1549295774647887,0.0476738049630549,555,What's chicken?
3657,2,7,62,71,1.1549295774647887,0.05172239521306923,555,You're gonna need a bigger belt.
3657,3,5,63,71,1.1549295774647887,0.055476307136456515,555,"It's my trainer sapien, too many legs last year."
3657,2,7,62,71,1.1549295774647887,0.05172239521306923,555,I'm just in it for the rush.
3657,3,5,63,71,1.1549295774647887,0.055476307136456515,555,"Now son, you always go for a leg or arm first, but until we get a better practice dummy, just assume your Dad got their first, and just hit the middle part."
3657,1,9,61,71,1.1549295774647887,0.0476738049630549,555,She gave me a come-hither look - and I wasn't paying attention.
3657,4,3,64,71,1.1549295774647887,0.05899182265721229,555,I'm starting to think you're consuming too much fake chews
3657,2,7,62,71,1.1549295774647887,0.05172239521306923,555,Art is dead.
3657,0,11,60,71,1.1549295774647887,0.04324785766640781,555,Wanna try? It's fat free and 50% fewer calories!
3657,3,5,63,71,1.1549295774647887,0.055476307136456515,555,It's a virtual reality for me
3657,1,9,61,71,1.1549295774647887,0.0476738049630549,555,... heluva flood in the garment district!
3657,2,7,62,71,1.1549295774647887,0.05172239521306923,555,It's tofu.
3657,2,7,62,71,1.1549295774647887,0.05172239521306923,555,This can't be an Armani. Too chewy.
3657,1,9,61,71,1.1549295774647887,0.0476738049630549,555,I've gone vegan.
3657,3,5,63,71,1.1549295774647887,0.055476307136456515,555,"I understand that thing about to much red meat, but I'm not sure if eating plastic is the answer"
3657,0,11,60,71,1.1549295774647887,0.04324785766640781,555,Good grief - not another souvenir?
3657,1,9,61,71,1.1549295774647887,0.0476738049630549,555,Alternative foods.
3657,1,9,61,71,1.1549295774647887,0.0476738049630549,555,"""Mannequin-eater"" - I'm impressed!"
3657,2,7,62,71,1.1549295774647887,0.05172239521306923,555,Another tasteless fake; when will I ever learn?
3657,2,7,62,71,1.1549295774647887,0.05172239521306923,555,I'm going to turn it into a decoy.
3657,2,7,62,71,1.1549295774647887,0.05172239521306923,555,"Just keeping the ocean clean, hon."
3657,4,3,64,71,1.1549295774647887,0.05899182265721229,555,I'll have my disguise ready by spring break.
3657,3,5,63,71,1.1549295774647887,0.055476307136456515,555,I got a great deal on it.
3657,3,5,63,71,1.1549295774647887,0.055476307136456515,555,She was at the inauguration.
3657,3,5,63,71,1.1549295774647887,0.055476307136456515,555,This must be the soy version.
3657,2,7,62,71,1.1549295774647887,0.05172239521306923,555,"He told me I was going to love it! Said it was going to be really, really tasty!"
3657,1,9,61,71,1.1549295774647887,0.0476738049630549,555,Iget it--its your own personal pacifier !
3657,1,9,61,71,1.1549295774647887,0.0476738049630549,555,"Nice grab, but your approach was too jellyfish, shy of the full circle advance, and you revealed way too much fin."
3657,1,9,61,71,1.1549295774647887,0.0476738049630549,555,Its sustainable.
3657,1,9,61,71,1.1549295774647887,0.0476738049630549,555,"Dude, it's not mine. I'm holding it for a friend."
3657,4,3,64,71,1.1549295774647887,0.05899182265721229,555,"I can pretend, can't I?"" or ""It's all that was available."
3657,1,9,61,71,1.1549295774647887,0.0476738049630549,555,Seals are too messy.
3657,2,7,62,71,1.1549295774647887,0.05172239521306923,555,So the vegan-ism thing is working out for you?
3657,2,7,62,71,1.1549295774647887,0.05172239521306923,555,Alternative foods.
3657,2,7,62,71,1.1549295774647887,0.05172239521306923,555,I ordered the meat but I guess I got the tofu.
3657,2,7,62,71,1.1549295774647887,0.05172239521306923,555,Low calorie diet!
3657,2,7,62,71,1.1549295774647887,0.05172239521306923,555,It's a Cabinet Candy: crunchy on the outside with a hollow center.
3657,0,11,60,71,1.1549295774647887,0.04324785766640781,555,"Something something mannequin challenge, let's just post it."
3657,0,11,60,71,1.1549295774647887,0.04324785766640781,555,You're right... they do taste like chicken!
3657,3,5,63,71,1.1549295774647887,0.055476307136456515,555,Everybody likes a good bodice ripper.
3657,1,9,61,71,1.1549295774647887,0.0476738049630549,555,You know they only lead to unrealistic body expectations.
3657,2,7,62,71,1.1549295774647887,0.05172239521306923,555,Fake chews. Sad!
3657,0,11,60,71,1.1549295774647887,0.04324785766640781,555,Here you try
3657,3,5,63,71,1.1549295774647887,0.055476307136456515,555,You would be surprised how much better this tastes with artificial flavoring!
3657,0,11,60,71,1.1549295774647887,0.04324785766640781,555,So now you are a vegan?
3657,0,11,60,71,1.1549295774647887,0.04324785766640781,555,One a day and the pounds just float away.
3657,2,7,62,71,1.1549295774647887,0.05172239521306923,555,It's a chew toy for the young'un
3657,1,9,61,71,1.1549295774647887,0.0476738049630549,555,This new Jenny Craig Program is a bit disappointing so far.
3657,1,9,61,71,1.1549295774647887,0.0476738049630549,555,My wife has me on a vegan diet.
3657,3,5,63,71,1.1549295774647887,0.055476307136456515,555,"Marge, I'm going vegan."
3657,3,5,63,71,1.1549295774647887,0.055476307136456515,555,It just didn't fit my taste .....
3657,3,5,63,71,1.1549295774647887,0.055476307136456515,555,This is awkward.
3657,3,5,63,71,1.1549295774647887,0.055476307136456515,555,I know it's not organic but it is gluten free.
3657,3,5,63,71,1.1549295774647887,0.055476307136456515,555,These mannequins are a real challenge.
3657,1,9,61,71,1.1549295774647887,0.0476738049630549,555,They say it's all about replicating the texture.
3657,2,7,62,71,1.1549295774647887,0.05172239521306923,555,You can't have your award and eat it
3657,1,9,61,71,1.1549295774647887,0.0476738049630549,555,"Just a snack, I'm on a diet."
3657,4,3,64,71,1.1549295774647887,0.05899182265721229,555,I use this to floss.
3657,1,9,61,71,1.1549295774647887,0.0476738049630549,555,I thought I'd try vegan for a change.
3657,0,11,60,71,1.1549295774647887,0.04324785766640781,555,How's that diet coming along?
3657,2,7,62,71,1.1549295774647887,0.05172239521306923,555,Grabbed it when he drained the swamp.
3657,2,7,62,71,1.1549295774647887,0.05172239521306923,555,"I'll bite, alternative food?"
3657,2,7,62,71,1.1549295774647887,0.05172239521306923,555,"I think this is what they call ""being stiffed."""
3657,1,9,61,71,1.1549295774647887,0.0476738049630549,555,I just wanted to check. Is this about the right size?
3657,2,7,62,71,1.1549295774647887,0.05172239521306923,555,Sorry they only had low fat.
3657,2,7,62,71,1.1549295774647887,0.05172239521306923,555,His suit looked like my brother
3657,1,9,61,71,1.1549295774647887,0.0476738049630549,555,You're so stupid...I asked for the live dummy standing next to your catch
3657,1,9,61,71,1.1549295774647887,0.0476738049630549,555,The ones with two legs and two arms taste better.
3657,1,9,61,71,1.1549295774647887,0.0476738049630549,555,"Throw it back, Willy! Its not a keeper!"
3657,1,9,61,71,1.1549295774647887,0.0476738049630549,555,Sorry. 'Jaws for dummies' was already shot.
3657,3,5,63,71,1.1549295774647887,0.055476307136456515,555,"Sorry, they were all out of fresh ones."
3657,0,11,60,71,1.1549295774647887,0.04324785766640781,555,. . . and you thought I was living in La La Land.
3657,1,9,61,71,1.1549295774647887,0.0476738049630549,555,So I swam by the garment district today...
3657,1,9,61,71,1.1549295774647887,0.0476738049630549,555,"Ever since seeing JAWS, I've had to lower my expectations."
3657,3,5,63,71,1.1549295774647887,0.055476307136456515,555,"But dear, it was on sale."
3657,0,11,60,71,1.1549295774647887,0.04324785766640781,555,Since GMOs things just don't taste the same as they used to.
3657,2,7,62,71,1.1549295774647887,0.05172239521306923,555,Quit trying to talk with your mouth full.
3657,1,9,61,71,1.1549295774647887,0.0476738049630549,555,Venus de Milo was tastier
3657,4,3,64,71,1.1549295774647887,0.05899182265721229,555,It's called a decoy. Works wonders.
3657,1,9,61,71,1.1549295774647887,0.0476738049630549,555,"Like my peanut butter, I prefer my humans to be extra crunchy."
3657,1,9,61,71,1.1549295774647887,0.0476738049630549,555,A thingamabob for Ariel
3657,1,9,61,71,1.1549295774647887,0.0476738049630549,555,These GMO humans taste like chicken.
3657,2,7,62,71,1.1549295774647887,0.05172239521306923,555,It was in Davy Jones' locker.
3657,2,7,62,71,1.1549295774647887,0.05172239521306923,555,So you're a comedian now.
3657,4,3,64,71,1.1549295774647887,0.05899182265721229,555,I'm vegan now. No more meat.
3657,1,9,61,71,1.1549295774647887,0.0476738049630549,555,You are SO disarming.
3657,3,5,63,71,1.1549295774647887,0.055476307136456515,555,"Hey, don't give me that look. It's a meat substitute. My cholesterol is through the roof."
3657,3,5,63,71,1.1549295774647887,0.055476307136456515,555,The not-so-great white shark.
3657,3,5,63,71,1.1549295774647887,0.055476307136456515,555,Paul and Sharks
3657,2,7,62,71,1.1549295774647887,0.05172239521306923,555,Takes one to find one.
3657,1,9,61,71,1.1549295774647887,0.0476738049630549,555,Alice suggested we try going vegan for Lent.
3657,2,7,62,71,1.1549295774647887,0.05172239521306923,555,this whole vegan diet thing just isnt working for me
3657,2,7,62,71,1.1549295774647887,0.05172239521306923,555,"It's fine that we're going vegan, but I still have needs."
3657,1,9,61,71,1.1549295774647887,0.0476738049630549,555,This is just a place holder until I find the real thing!
3657,3,5,63,71,1.1549295774647887,0.055476307136456515,555,"Well, if I'm going to be on Project Runway........"
3657,2,7,62,71,1.1549295774647887,0.05172239521306923,555,"To bad it doesn't have dressing, it might taste better"
3657,2,7,62,71,1.1549295774647887,0.05172239521306923,555,Wouldn't shout if a shark bit him.
3657,2,7,62,71,1.1549295774647887,0.05172239521306923,555,I'm gluten sensitive.
4005,2,7,63,72,1.1527777777777777,0.051044344702082634,555,Still on the designer drugs I see...
4005,1,9,62,72,1.1527777777777777,0.04705623039870244,555,"But it's not human, just an alternative to the facts."
4005,0,11,61,72,1.1527777777777777,0.0426972190266123,555,Here....this will help with you flossing.
4005,3,5,64,72,1.1527777777777777,0.05474268382893093,555,A manikin? There's not a man-in-can?
4005,1,9,62,72,1.1527777777777777,0.04705623039870244,555,You can have this one. I'll take the next one.
4005,2,7,63,72,1.1527777777777777,0.051044344702082634,555,Fake crews again?
4005,3,5,64,72,1.1527777777777777,0.05474268382893093,555,Live ones taste better.
4005,1,9,62,72,1.1527777777777777,0.04705623039870244,555,It didn't have any arms or legs so I thought it was free to eat.
4005,0,11,61,72,1.1527777777777777,0.0426972190266123,555,Would you take a picture of me eating this. I've gone vegan and want to post it on Facebook.
4005,1,9,62,72,1.1527777777777777,0.04705623039870244,555,Man-eater class was disgusting.
4005,1,9,62,72,1.1527777777777777,0.04705623039870244,555,"Here Honey, I thought you might find some use for this."
4005,2,7,63,72,1.1527777777777777,0.051044344702082634,555,Oops! I bit a mannequin instead of a man again!
4005,2,7,63,72,1.1527777777777777,0.051044344702082634,555,"Don't laugh, but I've decided to go vegan."
4018,1,8,60,69,1.144927536231884,0.04742006474057418,555,You do realize that that's not food right? You've been starving yourself for three days already.
4018,2,6,61,69,1.144927536231884,0.05171962876419153,555,"Ok, mildly funny....Now, let's find a beach!"
4018,1,8,60,69,1.144927536231884,0.04742006474057418,555,"No,I said-Don't be a dummy!"
4018,3,4,62,69,1.144927536231884,0.055688216518499936,555,Look ma no hands!
4018,1,8,60,69,1.144927536231884,0.04742006474057418,555,The alternative facts show that a mannequin is a person!
4018,0,10,59,69,1.144927536231884,0.04268963668731212,555,It's a new toy for the baby.
4018,1,8,60,69,1.144927536231884,0.04742006474057418,555,You should try it. It's a great way to stay in shape during the off-season.
4018,0,10,59,69,1.144927536231884,0.04268963668731212,555,I found someone else
4018,2,6,61,69,1.144927536231884,0.05171962876419153,555,"I know, I know, I shouldn't talk with my mouth full."
4018,2,6,61,69,1.144927536231884,0.05171962876419153,555,I hate to burst your bubble but that's not Captain Ahab.
4018,3,4,62,69,1.144927536231884,0.055688216518499936,555,Did I pass?
4018,3,4,62,69,1.144927536231884,0.055688216518499936,555,"High fiber vegan, blahhh!"
4018,2,6,61,69,1.144927536231884,0.05171962876419153,555,"I swear they call it ""Man-in-Can"""
4018,1,8,60,69,1.144927536231884,0.04742006474057418,555,"Barbara, your sewing makes me feel unimportant."
4018,1,8,60,69,1.144927536231884,0.04742006474057418,555,It was some kind of underwater fashion show. The rest of them tasted really good.
4018,2,6,61,69,1.144927536231884,0.05171962876419153,555,How can you stand it? That diet food tastes like cardboard.
4018,3,4,62,69,1.144927536231884,0.055688216518499936,555,Now let's see what Meryl Streep does!
4018,2,6,61,69,1.144927536231884,0.05171962876419153,555,I'm not sure. Maybe tofu?
4018,3,4,62,69,1.144927536231884,0.055688216518499936,555,"The score is a hundred million to zero, Larry. I say we count it."
4018,0,10,59,69,1.144927536231884,0.04268963668731212,555,This low-fat diet is brutal
4018,2,6,61,69,1.144927536231884,0.05171962876419153,555,You should switch to organic
4018,2,6,61,69,1.144927536231884,0.05171962876419153,555,"Well, at least it's gluten free."
4018,1,8,60,69,1.144927536231884,0.04742006474057418,555,The doctor told me to keep it here for a week.
4018,3,4,62,69,1.144927536231884,0.055688216518499936,555,"Watch me do the ""Mannequin."""
4018,2,6,61,69,1.144927536231884,0.05171962876419153,555,I didn't realize that retail sunk to this level.
4018,4,2,63,69,1.144927536231884,0.05939221260836197,555,Is that even gluten free?
4018,1,8,60,69,1.144927536231884,0.04742006474057418,555,Part of my low protein diet.
4018,1,8,60,69,1.144927536231884,0.04742006474057418,555,Of course I know its a dummy!
4018,2,6,61,69,1.144927536231884,0.05171962876419153,555,It's my best man.
4018,2,6,61,69,1.144927536231884,0.05171962876419153,555,"Mark, I appreciate the sentiment, but 'gluten-free' doesn't mean I can't eat meat anymore."
4018,0,10,59,69,1.144927536231884,0.04268963668731212,555,He told Ivanka that sea level rise would only affect low-energy ateliers.
4018,2,6,61,69,1.144927536231884,0.05171962876419153,555,I'm really not liking this diet.
4018,2,6,61,69,1.144927536231884,0.05171962876419153,555,"I swear, it tastes just like the real thing."
4018,0,10,59,69,1.144927536231884,0.04268963668731212,555,"It's a tofu substitute. It tastes awful, but I look fantastic!"
4018,2,6,61,69,1.144927536231884,0.05171962876419153,555,"No, we're just MAN-eating sharks."
4018,0,10,59,69,1.144927536231884,0.04268963668731212,555,All white meat and taste's like chicken.
4018,3,4,62,69,1.144927536231884,0.055688216518499936,555,"Humans are being outsources by robots, robots will be outsourced by printers. So there's just one word - PLASTICS."
4018,2,6,61,69,1.144927536231884,0.05171962876419153,555,You said they taste like chicken.
4018,1,8,60,69,1.144927536231884,0.04742006474057418,555,"Good job, son. You'll be ready when the time comes."
4018,0,10,59,69,1.144927536231884,0.04268963668731212,555,"So many refugees in the water, and all I get is garbage."
4018,2,6,61,69,1.144927536231884,0.05171962876419153,555,"I said the Manchurian candidate, not the mannequin candidate!"
4018,2,6,61,69,1.144927536231884,0.05171962876419153,555,Real sharks don't hunt. Go vegan.
4018,3,4,62,69,1.144927536231884,0.055688216518499936,555,Everything tastes like plastic to me.
4018,1,8,60,69,1.144927536231884,0.04742006474057418,555,I always wish they had better veg-friendly options here.
4018,1,8,60,69,1.144927536231884,0.04742006474057418,555,This dessert is bland.
4018,1,8,60,69,1.144927536231884,0.04742006474057418,555,This is just a little of what they look like!
4018,1,8,60,69,1.144927536231884,0.04742006474057418,555,Swamp drainage?
4018,4,2,63,69,1.144927536231884,0.05939221260836197,555,It's kinda my lovey now.
4018,2,6,61,69,1.144927536231884,0.05171962876419153,555,What is this - some kind of cruel hoax?
4018,2,6,61,69,1.144927536231884,0.05171962876419153,555,It looks like one but it tastes like chalk.
4018,1,8,60,69,1.144927536231884,0.04742006474057418,555,"Actually, I've heard that ""I Can't Believe It's Not Human!"" can be bad for your digestion."
4018,0,10,59,69,1.144927536231884,0.04268963668731212,555,What are our chances of finding a good tailor on a surfboard?
4018,1,8,60,69,1.144927536231884,0.04742006474057418,555,This counts as a vegan.
4018,0,10,59,69,1.144927536231884,0.04268963668731212,555,"I know, but I'm on a gluten-free diet."
4018,0,10,59,69,1.144927536231884,0.04268963668731212,555,"You know, I thought it would be more of a challenge."
4018,1,8,60,69,1.144927536231884,0.04742006474057418,555,Being vegan is easier than you'd think.
4018,1,8,60,69,1.144927536231884,0.04742006474057418,555,How's the vegan diet going?
4018,3,4,62,69,1.144927536231884,0.055688216518499936,555,Please respect my body.
4018,1,8,60,69,1.144927536231884,0.04742006474057418,555,"That's the best you can do ""man-eater""?"
4018,4,2,63,69,1.144927536231884,0.05939221260836197,555,"Next time, let's skip the yakitori and stick to the sushi."
4018,1,8,60,69,1.144927536231884,0.04742006474057418,555,"Yes it's nice, but I said caption contest not mannequin challenge."
4018,1,8,60,69,1.144927536231884,0.04742006474057418,555,What? I'm vegan now.
4018,1,8,60,69,1.144927536231884,0.04742006474057418,555,I prefer the ones with jelly
4018,3,4,62,69,1.144927536231884,0.055688216518499936,555,I don't feel a pulse! What's next? Do I check the airways?
4018,1,8,60,69,1.144927536231884,0.04742006474057418,555,It tastes like a rubber chicken.
4018,1,8,60,69,1.144927536231884,0.04742006474057418,555,"What it lacks in blood, it makes up for in moral supremacy."
4018,1,8,60,69,1.144927536231884,0.04742006474057418,555,"Talk about dummies, don't ya think this guy would've checked first before jumping into shark infested waters??"
4018,2,6,61,69,1.144927536231884,0.05171962876419153,555,Mannequin Eating Shark
4018,1,8,60,69,1.144927536231884,0.04742006474057418,555,Tim Gunn said hi.
4018,2,6,61,69,1.144927536231884,0.05171962876419153,555,These come without preservatives!
4018,1,8,60,69,1.144927536231884,0.04742006474057418,555,I really miss 'Project Runway.'
4018,4,2,63,69,1.144927536231884,0.05939221260836197,555,"Honey, for Valentine's I caught you an alternative swimmer."
4018,2,6,61,69,1.144927536231884,0.05171962876419153,555,Not everyone is good
4018,1,8,60,69,1.144927536231884,0.04742006474057418,555,It tastes like krab.
4018,0,10,59,69,1.144927536231884,0.04268963668731212,555,It's not actually that challenging.
4018,2,6,61,69,1.144927536231884,0.05171962876419153,555,They say it's actually a probiotic
4018,1,8,60,69,1.144927536231884,0.04742006474057418,555,Tastes like the real thing!
4018,1,8,60,69,1.144927536231884,0.04742006474057418,555,Mannequin challenge accepted.
4018,2,6,61,69,1.144927536231884,0.05171962876419153,555,Just practicing for the day when trump falls off his yacht!
4018,1,8,60,69,1.144927536231884,0.04742006474057418,555,I guess you know that you are what you eat!
4018,2,6,61,69,1.144927536231884,0.05171962876419153,555,You seem to be a sucker for fake chews.
4018,3,4,62,69,1.144927536231884,0.055688216518499936,555,From underneath it looked like an engine block.
4018,1,8,60,69,1.144927536231884,0.04742006474057418,555,Polyester just lacks that umami subtlety I was after.
4018,2,6,61,69,1.144927536231884,0.05171962876419153,555,Want some alternative chow?
4018,1,8,60,69,1.144927536231884,0.04742006474057418,555,We're off whole grain and onto wood grain.
4018,2,6,61,69,1.144927536231884,0.05171962876419153,555,"How does it taste?"" ""Uhm, apparently he had way too much plastic surgery."
4018,4,2,63,69,1.144927536231884,0.05939221260836197,555,Have you tried the gulten-free mannequins?
4018,2,6,61,69,1.144927536231884,0.05171962876419153,555,I thought amputees were off limits ?
4018,2,6,61,69,1.144927536231884,0.05171962876419153,555,This is what now is called an alternative fact!
4018,2,6,61,69,1.144927536231884,0.05171962876419153,555,I prefer this to live bait.
4018,3,4,62,69,1.144927536231884,0.055688216518499936,555,I found it on sail!
4018,2,6,61,69,1.144927536231884,0.05171962876419153,555,Doesn't this food usually bleed?
4018,1,8,60,69,1.144927536231884,0.04742006474057418,555,You want it? I'm stuffed.
4018,1,8,60,69,1.144927536231884,0.04742006474057418,555,It's the thought that counts.
4018,2,6,61,69,1.144927536231884,0.05171962876419153,555,They are really taking us for dummies. Sad!
4018,1,8,60,69,1.144927536231884,0.04742006474057418,555,Really -- It's Shark Week on that home shopping channel!
4018,4,2,63,69,1.144927536231884,0.05939221260836197,555,"Like this. Any other way, you're going to lose maximum media exposure..."
4018,2,6,61,69,1.144927536231884,0.05171962876419153,555,"I was hoping for the real one, but they locked her up instead."
4018,0,10,59,69,1.144927536231884,0.04268963668731212,555,When sharks go vegan.
4018,3,4,62,69,1.144927536231884,0.055688216518499936,555,I'm fed up with the mannequin challenge!
4018,1,8,60,69,1.144927536231884,0.04742006474057418,555,One more weeks practice and my dad says l can go and hunt real people !
4018,0,10,59,69,1.144927536231884,0.04268963668731212,555,They told me it was organic human
4018,2,6,61,69,1.144927536231884,0.05171962876419153,555,I thought you got the legs?
4018,2,6,61,69,1.144927536231884,0.05171962876419153,555,I'm trying to get more fibre.
4018,1,8,60,69,1.144927536231884,0.04742006474057418,555,Not loving the mannequin diet. You?
4018,3,4,62,69,1.144927536231884,0.055688216518499936,555,"Because under *this* administration, every day is 'Trick or Treat!'"
4018,3,4,62,69,1.144927536231884,0.055688216518499936,555,I got it in the pet shop for fish. In the toy department.
4018,1,8,60,69,1.144927536231884,0.04742006474057418,555,All that was left were these alternative humans.
4018,2,6,61,69,1.144927536231884,0.05171962876419153,555,When does my probation end?
4018,1,8,60,69,1.144927536231884,0.04742006474057418,555,I'm trying to cut down.
4018,1,8,60,69,1.144927536231884,0.04742006474057418,555,"must be a democrat, just playing dead"
4018,2,6,61,69,1.144927536231884,0.05171962876419153,555,You can have it...it's nothing more than a cruel hoax.
4018,2,6,61,69,1.144927536231884,0.05171962876419153,555,"No, I said prawns, not pawns!"
4018,2,6,61,69,1.144927536231884,0.05171962876419153,555,"Sorry, Thomas, the producers said you can only try out for one, Shark Tank or Project Runway"
4018,0,10,59,69,1.144927536231884,0.04268963668731212,555,The taste though is remarkably authentic.
4018,1,8,60,69,1.144927536231884,0.04742006474057418,555,Hey Dummy don't you know that's a dummy ?
4018,1,8,60,69,1.144927536231884,0.04742006474057418,555,"What can I say, it's a body !"
4018,1,8,60,69,1.144927536231884,0.04742006474057418,555,this is a good way to clean your teeth after you ate a human
4018,0,10,59,69,1.144927536231884,0.04268963668731212,555,You're going to have to get your eyes checked real soon. We can't live on alternative humans alone.
4018,0,10,59,69,1.144927536231884,0.04268963668731212,555,I've turned vegan.
4018,0,10,59,69,1.144927536231884,0.04268963668731212,555,I've converted to being alt-man-eating shark.
4018,1,8,60,69,1.144927536231884,0.04742006474057418,555,I see you're still cutting your teeth.
4018,2,6,61,69,1.144927536231884,0.05171962876419153,555,I've switched to artificial humans because they're healthier than the organic ones.
4018,0,10,59,69,1.144927536231884,0.04268963668731212,555,I just feel like I'm not quite getting the hang of this...
4018,0,10,59,69,1.144927536231884,0.04268963668731212,555,You're just jealous I got this dummy out of Washington.
4018,2,6,61,69,1.144927536231884,0.05171962876419153,555,These leftovers taste stale.
4018,1,8,60,69,1.144927536231884,0.04742006474057418,555,I've gotten hooked on these.
4018,0,10,59,69,1.144927536231884,0.04268963668731212,555,My vegetarian friend told me this tastes exactly like the real thing.
4018,1,8,60,69,1.144927536231884,0.04742006474057418,555,Honest...I swear I am not a vegetarian!
4018,2,6,61,69,1.144927536231884,0.05171962876419153,555,I think it's a high-fiber supplement!
4018,1,8,60,69,1.144927536231884,0.04742006474057418,555,Switching to an alternative human diet was a mistake.
4018,1,8,60,69,1.144927536231884,0.04742006474057418,555,Do you have any tenderizer? And maybe some soy sauce.
4018,1,8,60,69,1.144927536231884,0.04742006474057418,555,It's low fat but high in fiber
4018,0,10,59,69,1.144927536231884,0.04268963668731212,555,"You're really stuck on her, aren't you."
4018,1,8,60,69,1.144927536231884,0.04742006474057418,555,& they said Jaws didn't look real.
4018,1,8,60,69,1.144927536231884,0.04742006474057418,555,"We're man-eaters, not manikin-eaters!"
4018,2,6,61,69,1.144927536231884,0.05171962876419153,555,Is it akin to the real thing?
4018,2,6,61,69,1.144927536231884,0.05171962876419153,555,"You should go vegan too, Stuart."
4018,1,8,60,69,1.144927536231884,0.04742006474057418,555,"No, I don't believe the hype on GMOs."
4018,3,4,62,69,1.144927536231884,0.055688216518499936,555,"If you'd been listening, I said plain tuna."
4018,1,8,60,69,1.144927536231884,0.04742006474057418,555,"You're right honey, the fashion industry's depiction of the female form is very unrealistic."
4018,0,10,59,69,1.144927536231884,0.04268963668731212,555,If the President says 'it all tastes the same' I believe him.
4018,1,8,60,69,1.144927536231884,0.04742006474057418,555,"It may look easy now, but the real thing is much scarier."
4018,4,2,63,69,1.144927536231884,0.05939221260836197,555,I hide them offshore
4018,1,8,60,69,1.144927536231884,0.04742006474057418,555,There aren't many options for us vegans.
4018,1,8,60,69,1.144927536231884,0.04742006474057418,555,Flotsam?! I prefer to think of it as a transitional object.
4018,2,6,61,69,1.144927536231884,0.05171962876419153,555,Be careful Macy's is trying to lure you in.
4018,2,6,61,69,1.144927536231884,0.05171962876419153,555,Sore Gums
4018,2,6,61,69,1.144927536231884,0.05171962876419153,555,It's my new low fat diet.
4018,3,4,62,69,1.144927536231884,0.055688216518499936,555,You're going to need a bigger coat.
4018,3,4,62,69,1.144927536231884,0.055688216518499936,555,I'd had my eyes on it for a long time.
4018,3,4,62,69,1.144927536231884,0.055688216518499936,555,I'm protesting because we are all Muslin. We are all cut from the same cloth.
4018,3,4,62,69,1.144927536231884,0.055688216518499936,555,Not much of a drumstick on this one.
4018,2,6,61,69,1.144927536231884,0.05171962876419153,555,These lo-cal diets are really Hell!
4018,2,6,61,69,1.144927536231884,0.05171962876419153,555,"""Vegan""."
4018,1,8,60,69,1.144927536231884,0.04742006474057418,555,"It's a lure. If you see land food, bob this up and down and the food comes to you."
4018,2,6,61,69,1.144927536231884,0.05171962876419153,555,"It's tough, but it was on the sale rack."
4018,3,4,62,69,1.144927536231884,0.055688216518499936,555,Is it better to flotsam before or after brushing?
4018,1,8,60,69,1.144927536231884,0.04742006474057418,555,"It tastes a bit wood and has less body, but overall not too bad"
4018,2,6,61,69,1.144927536231884,0.05171962876419153,555,the tag said soylent green
4018,2,6,61,69,1.144927536231884,0.05171962876419153,555,These bio-engineered humans just don't taste the same.
4018,2,6,61,69,1.144927536231884,0.05171962876419153,555,"No protein, no omega-3 fatty acids. Why did I waste my time?"
4018,4,2,63,69,1.144927536231884,0.05939221260836197,555,who's your taxidermist?
4018,0,10,59,69,1.144927536231884,0.04268963668731212,555,I picked it up cheap at a shipwreck sale.
4018,2,6,61,69,1.144927536231884,0.05171962876419153,555,It's fat free and completely organic.
4018,2,6,61,69,1.144927536231884,0.05171962876419153,555,alternative snacks
4018,2,6,61,69,1.144927536231884,0.05171962876419153,555,Not as many calories as the real thing.
4018,2,6,61,69,1.144927536231884,0.05171962876419153,555,They're better when they're not filleted.
4018,2,6,61,69,1.144927536231884,0.05171962876419153,555,Its this or x-lax
4018,2,6,61,69,1.144927536231884,0.05171962876419153,555,The last dummy I was lured in by was just full of hot air.
4018,2,6,61,69,1.144927536231884,0.05171962876419153,555,How does it taste to you?
4018,2,6,61,69,1.144927536231884,0.05171962876419153,555,I'm trying to quit the habit and go vegan.
4018,3,4,62,69,1.144927536231884,0.055688216518499936,555,This low fat diet is way overrated.
4018,1,8,60,69,1.144927536231884,0.04742006474057418,555,That wasn't very challenging if you ask me.
4018,1,8,60,69,1.144927536231884,0.04742006474057418,555,It's a low cal option.
4018,1,8,60,69,1.144927536231884,0.04742006474057418,555,I thought it might help train junior
4018,0,10,59,69,1.144927536231884,0.04268963668731212,555,Didn't I tell you not to touch my leftovers?
4018,4,2,63,69,1.144927536231884,0.05939221260836197,555,"Not sure what this is?"" ""Me neither. Sometimes, cartoonist like to add ambiguity into the mix."
4018,2,6,61,69,1.144927536231884,0.05171962876419153,555,"Actually, it tastes dummy."
4018,1,8,60,69,1.144927536231884,0.04742006474057418,555,"My doc said, ‘Watch that cholesterol.’"
4018,2,6,61,69,1.144927536231884,0.05171962876419153,555,I think sometimes we can disagree with the facts.
4018,2,6,61,69,1.144927536231884,0.05171962876419153,555,Mannequin Monday
4018,2,6,61,69,1.144927536231884,0.05171962876419153,555,This crunchy one was swimming alone. Needs some onion dip.
4018,2,6,61,69,1.144927536231884,0.05171962876419153,555,It's a Trump voodoo doll. You stick a pin in it every day and it tweets something stupid.
4018,2,6,61,69,1.144927536231884,0.05171962876419153,555,"Man, this e-human is just not making it."
4018,1,8,60,69,1.144927536231884,0.04742006474057418,555,I saved her from Donald.
4018,1,8,60,69,1.144927536231884,0.04742006474057418,555,my doctor suggested i go off meat for Lent !
4018,1,8,60,69,1.144927536231884,0.04742006474057418,555,"No Gene, that's not what 'mannequin challenge' means."
4018,0,10,59,69,1.144927536231884,0.04268963668731212,555,"I'm on a low-fat, gluten-free diet"
4018,2,6,61,69,1.144927536231884,0.05171962876419153,555,It was love at first bite.
4018,1,8,60,69,1.144927536231884,0.04742006474057418,555,"I had to have it, it was on sale!"
4018,3,4,62,69,1.144927536231884,0.055688216518499936,555,I'm not sure why we want a 30 percent stake in a company that sells mannequins but I guess I'm not the one they call Mr. Wonderful.
4018,0,10,59,69,1.144927536231884,0.04268963668731212,555,New year's resolution?
4018,2,6,61,69,1.144927536231884,0.05171962876419153,555,It was challenging alright..
4018,1,8,60,69,1.144927536231884,0.04742006474057418,555,I'm not the dummy.
4018,2,6,61,69,1.144927536231884,0.05171962876419153,555,"So anyway, after the shark attack I decided to go vegan. I just felt so guilty."
4018,3,4,62,69,1.144927536231884,0.055688216518499936,555,This tastes post-Darwinian!
4018,2,6,61,69,1.144927536231884,0.05171962876419153,555,"Well, it's an alternative fact that these models, while full of empty calories, taste great."
4018,4,2,63,69,1.144927536231884,0.05939221260836197,555,"It's that trendy land shark diet, Sylvia."
4018,1,8,60,69,1.144927536231884,0.04742006474057418,555,"No, thanks. Far too many additives."
4018,1,8,60,69,1.144927536231884,0.04742006474057418,555,"I know artificial flavorings aren't good for me, but I just can't help myself."
4018,1,8,60,69,1.144927536231884,0.04742006474057418,555,"It's soy, but it tastes EXACTLY like a real person!"
4018,1,8,60,69,1.144927536231884,0.04742006474057418,555,Not on a pedestal anymore!
4018,2,6,61,69,1.144927536231884,0.05171962876419153,555,Doc said more fiber. I didn't say anything.
4018,1,8,60,69,1.144927536231884,0.04742006474057418,555,"MANNEQUIN, YOU BROUGHT HOME A MANNEQUIN ?"
4018,2,6,61,69,1.144927536231884,0.05171962876419153,555,All the good parts were taken by Alpha.
4018,2,6,61,69,1.144927536231884,0.05171962876419153,555,I'm moving to Canadian waters and taking this with me for no apparent reason.
4018,1,8,60,69,1.144927536231884,0.04742006474057418,555,I'm no dummy.
4018,0,10,59,69,1.144927536231884,0.04268963668731212,555,When they ask to see something in sharkskin boy are they going to be surprised.
4018,1,8,60,69,1.144927536231884,0.04742006474057418,555,You said you were tired of the same old dinner!
4018,1,8,60,69,1.144927536231884,0.04742006474057418,555,For target practice
4018,2,6,61,69,1.144927536231884,0.05171962876419153,555,Although you know if we hold the pose we'll drown...
4018,3,4,62,69,1.144927536231884,0.055688216518499936,555,Maybe it's just gristle.
4018,2,6,61,69,1.144927536231884,0.05171962876419153,555,Really?
4018,1,8,60,69,1.144927536231884,0.04742006474057418,555,Hmmm.... Could use a touch more heme.
4018,3,4,62,69,1.144927536231884,0.055688216518499936,555,One important difference. It's a lot easier to bite into a real human but you must be careful not to choke on the bones.
4018,1,8,60,69,1.144927536231884,0.04742006474057418,555,Is this what the humans consider art?
4018,1,8,60,69,1.144927536231884,0.04742006474057418,555,"It's not filling, but it has a nice dry finish and a soupçon of Heidi Klum."
4018,2,6,61,69,1.144927536231884,0.05171962876419153,555,"If they are using artificial lures now, why no hooks?"
4018,2,6,61,69,1.144927536231884,0.05171962876419153,555,Nobody told me Shark Attack School would be like this.
4018,1,8,60,69,1.144927536231884,0.04742006474057418,555,Not as juicy as you would think.
4018,2,6,61,69,1.144927536231884,0.05171962876419153,555,I'm on a diet.
4018,4,2,63,69,1.144927536231884,0.05939221260836197,555,"Again, Harry, truth vs. a false statement. He's just not real, even if you say it is."
4018,3,4,62,69,1.144927536231884,0.055688216518499936,555,You're never gonna believe what happened at work today.
4018,2,6,61,69,1.144927536231884,0.05171962876419153,555,It lacks a certain je ne sais quois....such as flavor .
4018,4,2,63,69,1.144927536231884,0.05939221260836197,555,It's a tuna fish. Period.
4018,2,6,61,69,1.144927536231884,0.05171962876419153,555,You have one day to design beachwear in good taste. Make it work!
4018,1,8,60,69,1.144927536231884,0.04742006474057418,555,No! I said Heineken!
4018,2,6,61,69,1.144927536231884,0.05171962876419153,555,"With the Trump thing, I just have to get rid of the bad taste in my mouth."
4018,2,6,61,69,1.144927536231884,0.05171962876419153,555,One more time. Is it good taste or tastes good?
4018,1,8,60,69,1.144927536231884,0.04742006474057418,555,I knew they weren't real.
4018,1,8,60,69,1.144927536231884,0.04742006474057418,555,"The food supply just isn't as wholesome as it used to be. You should be taking supplements, too."
4018,1,8,60,69,1.144927536231884,0.04742006474057418,555,"What, a mouth guard?"
4018,2,6,61,69,1.144927536231884,0.05171962876419153,555,How To Lose Weight for dummies
4018,0,10,59,69,1.144927536231884,0.04268963668731212,555,Trolling for Tim Gunn again?
4018,2,6,61,69,1.144927536231884,0.05171962876419153,555,The next best thing.
4018,2,6,61,69,1.144927536231884,0.05171962876419153,555,I swear it was Kim Cattrall a minute ago.
4018,0,10,59,69,1.144927536231884,0.04268963668731212,555,I hope this diet works - I'm trying to fit in a size 6.
4018,3,4,62,69,1.144927536231884,0.055688216518499936,555,"Whaddaya mean, Jaws wasn't the only dummy?"
4018,2,6,61,69,1.144927536231884,0.05171962876419153,555,Needs more salt.
4018,4,2,63,69,1.144927536231884,0.05939221260836197,555,I'm pretty sure it's Ben Affleck
4018,1,8,60,69,1.144927536231884,0.04742006474057418,555,"Fake news is one thing,but this goes too far."
4018,1,8,60,69,1.144927536231884,0.04742006474057418,555,I see you're going light on protein.
4018,1,8,60,69,1.144927536231884,0.04742006474057418,555,No thanks. I'm vegan.
4018,1,8,60,69,1.144927536231884,0.04742006474057418,555,Why? What does chicken taste like?
4018,2,6,61,69,1.144927536231884,0.05171962876419153,555,"And then I said, ""Good day ol' chum, fancy a bite?"""
4018,3,4,62,69,1.144927536231884,0.055688216518499936,555,I won it in the office pool.
4018,4,2,63,69,1.144927536231884,0.05939221260836197,555,Tuna. I said I wanted some form of TUNA not some form of Tina!
4018,1,8,60,69,1.144927536231884,0.04742006474057418,555,That's not the Mannequin Challenge.
4018,1,8,60,69,1.144927536231884,0.04742006474057418,555,I think I'm ready to move beyond a teething ring.
4018,1,8,60,69,1.144927536231884,0.04742006474057418,555,"Yeah, yeah, it's great that I've lost 5 pounds, but everything tastes like plastic."
4018,4,2,63,69,1.144927536231884,0.05939221260836197,555,I'm trying to correct a severe overbite.
4018,2,6,61,69,1.144927536231884,0.05171962876419153,555,I've decided to become a vegetarian
4271,1,8,61,70,1.1428571428571428,0.04678356086900135,555,"Perhaps he should have read ""Avoiding Shark Atracks for Dummies."""
4271,1,8,61,70,1.1428571428571428,0.04678356086900135,555,I got you Marc Jacobs.
4271,1,8,61,70,1.1428571428571428,0.04678356086900135,555,I'm on a Carb-free diet.
4271,1,8,61,70,1.1428571428571428,0.04678356086900135,555,I thought you were full on Paleo?
4271,1,8,61,70,1.1428571428571428,0.04678356086900135,555,Just warming up.
4271,0,10,60,70,1.1428571428571428,0.04212627318711346,555,It called to me.
4271,2,6,62,70,1.1428571428571428,0.051017450372708696,555,You do realize those are high in trans fat?
4271,2,6,62,70,1.1428571428571428,0.051017450372708696,555,"Like your idea – I’m willing to invest, BUT what’s your scalability plan for growing the chain?"
4271,1,8,61,70,1.1428571428571428,0.04678356086900135,555,"With public assistance cuts, I figured we better stock up"
4271,2,6,62,70,1.1428571428571428,0.051017450372708696,555,"I guess ""akin"" doesn't mean the same as"
4271,1,8,61,70,1.1428571428571428,0.04678356086900135,555,They were out of the organic one.
4271,0,10,60,70,1.1428571428571428,0.04212627318711346,555,"I know you hate when I speak it cliches, but it really does taste like chicken."
4271,3,4,63,70,1.1428571428571428,0.054925940296730785,555,Tastes almost like the real thing.
4271,2,6,62,70,1.1428571428571428,0.051017450372708696,555,"Bob, be careful, you could break a tooth on her plastic surgery."
4271,1,8,61,70,1.1428571428571428,0.04678356086900135,555,Is the mannequin challenge still a thing?
4271,0,10,60,70,1.1428571428571428,0.04212627318711346,555,No meat but the clothes were tasty.
4271,2,6,62,70,1.1428571428571428,0.051017450372708696,555,"Looks like you got one of those look-alike vegan foods, again."
4271,3,4,63,70,1.1428571428571428,0.054925940296730785,555,Look what I got it for Christmas!
4271,1,8,61,70,1.1428571428571428,0.04678356086900135,555,A spiritual awakening has led me from eating humans to clothing them.
4271,1,8,61,70,1.1428571428571428,0.04678356086900135,555,"Window shopping? No, that's window shop-lifting..."
4271,3,4,63,70,1.1428571428571428,0.054925940296730785,555,Pass me the dressing.
4271,1,8,61,70,1.1428571428571428,0.04678356086900135,555,Turns out the emperor had no clothes.
4271,1,8,61,70,1.1428571428571428,0.04678356086900135,555,"Yes, I find white meat to be dry as well, sir."
4271,2,6,62,70,1.1428571428571428,0.051017450372708696,555,HEY....they were Selling Sharkskin Suits!
4295,1,7,60,68,1.1323529411764706,0.0463998528118308,555,I'm taking her back--there's just no meat on this bone!
4295,2,5,61,68,1.1323529411764706,0.05091098018830443,555,We really are mannequin eaters.
4295,2,5,61,68,1.1323529411764706,0.05091098018830443,555,It's okay with a good sauce.
4295,1,7,60,68,1.1323529411764706,0.0463998528118308,555,"Dear, I distinctly requested that all appendages remain intact."
4295,2,5,61,68,1.1323529411764706,0.05091098018830443,555,I did my best.
4295,0,9,59,68,1.1323529411764706,0.0414000577075105,555,The street food is overrated.
4295,1,7,60,68,1.1323529411764706,0.0463998528118308,555,The new Spring fashions are to die for!
4295,1,7,60,68,1.1323529411764706,0.0463998528118308,555,Oh Darn! You already ate the arms!
4295,1,7,60,68,1.1323529411764706,0.0463998528118308,555,"Damn, it does taste like chicken..."
4295,2,5,61,68,1.1323529411764706,0.05091098018830443,555,It's vegan and I don't recommend it.
4295,1,7,60,68,1.1323529411764706,0.0463998528118308,555,At least it is gluten-free.
4295,2,5,61,68,1.1323529411764706,0.05091098018830443,555,Didn't leave me the legs!
4295,2,5,61,68,1.1323529411764706,0.05091098018830443,555,I'm losing weight but this vegan diet has no taste.
4295,1,7,60,68,1.1323529411764706,0.0463998528118308,555,These new tourists have terrible tastes.
4295,1,7,60,68,1.1323529411764706,0.0463998528118308,555,It's Lo-Cal. Don't judge me.
4295,2,5,61,68,1.1323529411764706,0.05091098018830443,555,I'm vaping.
4295,1,7,60,68,1.1323529411764706,0.0463998528118308,555,That people-stick is full of artificial ingredients and can be harmful to your health.
4295,1,7,60,68,1.1323529411764706,0.0463998528118308,555,How about some shish-kebab?
4295,2,5,61,68,1.1323529411764706,0.05091098018830443,555,I'm sure that if had been found to contain toxins the manufacturers would have pulled it.
4295,2,5,61,68,1.1323529411764706,0.05091098018830443,555,My Doctor put me on a low calorie diet
4295,2,5,61,68,1.1323529411764706,0.05091098018830443,555,"I can't stand fake human, screw the environment."
4295,1,7,60,68,1.1323529411764706,0.0463998528118308,555,I thought it was one of those with the soft stuffing.
4295,1,7,60,68,1.1323529411764706,0.0463998528118308,555,That processed food isn't very substantial.
4295,1,7,60,68,1.1323529411764706,0.0463998528118308,555,I'm working on my figure
4295,2,5,61,68,1.1323529411764706,0.05091098018830443,555,Why is the New Yorker ripping off the Far Side? Is this some sort of sick joke?
4295,0,9,59,68,1.1323529411764706,0.0414000577075105,555,I'll bite. What is it?
4295,1,7,60,68,1.1323529411764706,0.0463998528118308,555,It was this or one of the models.
4295,1,7,60,68,1.1323529411764706,0.0463998528118308,555,I'm just checking for the fit.
4295,3,3,62,68,1.1323529411764706,0.055053696211138176,555,"Wait, this isn't what the Mannequin Challenge was about?"
4295,0,9,59,68,1.1323529411764706,0.0414000577075105,555,"It's from a Victoria Secrets Fashion Cruise, you'd better get up there before the best parts are taken."
4295,1,7,60,68,1.1323529411764706,0.0463998528118308,555,I prefer them with their legs still on.
4295,0,9,59,68,1.1323529411764706,0.0414000577075105,555,Please don't tell anyone about this.
4295,1,7,60,68,1.1323529411764706,0.0463998528118308,555,Have I ever considered contact lenses?!
4295,2,5,61,68,1.1323529411764706,0.05091098018830443,555,You should try these imitation people. They're much lower in calories than the real ones.
4295,2,5,61,68,1.1323529411764706,0.05091098018830443,555,Manikins are a lot like imitation crab only better for your teeth.
4295,1,7,60,68,1.1323529411764706,0.0463998528118308,555,I asked for peeled and deveined but this is all they had.
4295,2,5,61,68,1.1323529411764706,0.05091098018830443,555,I'm on a pollution diet.
4295,2,5,61,68,1.1323529411764706,0.05091098018830443,555,"So, who cares if it's an alternative body??"
4295,1,7,60,68,1.1323529411764706,0.0463998528118308,555,Is that tofu?
4295,2,5,61,68,1.1323529411764706,0.05091098018830443,555,"Clearly, you will be of great service in Washington."
4295,1,7,60,68,1.1323529411764706,0.0463998528118308,555,"Well, you know what they say about processed foods."
4295,1,7,60,68,1.1323529411764706,0.0463998528118308,555,"Okay, I know it's not organic, but at least it isn't genetically modified."
4295,0,9,59,68,1.1323529411764706,0.0414000577075105,555,"It's not just the packaging, they downsized the product."
4295,1,7,60,68,1.1323529411764706,0.0463998528118308,555,Face it. Low-cal feeding frenzies are a non-starter.
4295,2,5,61,68,1.1323529411764706,0.05091098018830443,555,"Your mail-in bride is a Mannequin, not a Fashion Model"
4295,1,7,60,68,1.1323529411764706,0.0463998528118308,555,The sign said 50% off so I grabbed it.
4295,1,7,60,68,1.1323529411764706,0.0463998528118308,555,I told you I was going vegan!
4295,1,7,60,68,1.1323529411764706,0.0463998528118308,555,This glutton free diet stinks.
4295,2,5,61,68,1.1323529411764706,0.05091098018830443,555,Tastes like torso
4295,1,7,60,68,1.1323529411764706,0.0463998528118308,555,"I've gone vegan, it tastes like chicken."
4295,1,7,60,68,1.1323529411764706,0.0463998528118308,555,This mannequin challenge has made me feeling hungry.
4295,0,9,59,68,1.1323529411764706,0.0414000577075105,555,Oh. I'm vegan.
4295,2,5,61,68,1.1323529411764706,0.05091098018830443,555,yeah I heard that talk about fake nudes
4295,0,9,59,68,1.1323529411764706,0.0414000577075105,555,My alternative facts show it's actually a human.
4295,1,7,60,68,1.1323529411764706,0.0463998528118308,555,You could learn a lot from a dummy!
4295,2,5,61,68,1.1323529411764706,0.05091098018830443,555,I hope this Nutrisystem diet works!
4295,2,5,61,68,1.1323529411764706,0.05091098018830443,555,but it's hard to savor the flavor when you can't sniff the aroma
4295,3,3,62,68,1.1323529411764706,0.055053696211138176,555,A pro-gun-control protest? Both of you without arms?
4295,0,9,59,68,1.1323529411764706,0.0414000577075105,555,Oh right! It's the manatee that are tasty.
4295,1,7,60,68,1.1323529411764706,0.0463998528118308,555,She was wearing Trump revolutionary wear.
4295,2,5,61,68,1.1323529411764706,0.05091098018830443,555,What? The boneless ones are less messy.
4295,2,5,61,68,1.1323529411764706,0.05091098018830443,555,This must be what Pam Anderson's breasts taste like?
4295,2,5,61,68,1.1323529411764706,0.05091098018830443,555,"I don't think that was live bait, dude."
4295,0,9,59,68,1.1323529411764706,0.0414000577075105,555,The Prêt–à–Manger is fabulous this season.
4295,2,5,61,68,1.1323529411764706,0.05091098018830443,555,Not an alternative fact to our reputation.
4295,2,5,61,68,1.1323529411764706,0.05091098018830443,555,Try taking in the midsection a little.
4295,4,1,63,68,1.1323529411764706,0.05890578094960335,555,"Macy's, first floor!"
4295,2,5,61,68,1.1323529411764706,0.05091098018830443,555,It's an alternative food source.
4295,2,5,61,68,1.1323529411764706,0.05091098018830443,555,Ya gotta be teething me.
4295,3,3,62,68,1.1323529411764706,0.055053696211138176,555,You can set that next to the other Greco-Roman ruins.
4295,0,9,59,68,1.1323529411764706,0.0414000577075105,555,"Yuck, this one has no taste at all."
4295,1,7,60,68,1.1323529411764706,0.0463998528118308,555,"Don't worry, he's low in sodium!"
4295,1,7,60,68,1.1323529411764706,0.0463998528118308,555,You've just been acting like you're so much better than everyone else since you went vegan.
4295,0,9,59,68,1.1323529411764706,0.0414000577075105,555,I see one of us stuck to our New Year's resolution.
4295,3,3,62,68,1.1323529411764706,0.055053696211138176,555,I saw her first.
4295,1,7,60,68,1.1323529411764706,0.0463998528118308,555,Did anyone yell man overboard?
4295,3,3,62,68,1.1323529411764706,0.055053696211138176,555,I'm watching my girlish figure.
4295,2,5,61,68,1.1323529411764706,0.05091098018830443,555,"She doesn't swim well, and she doesn't talk much, but other than that I think Mom and Dad will really like Suzanne."
4295,0,9,59,68,1.1323529411764706,0.0414000577075105,555,These alternative humans do not taste as good as the real thing.
4295,2,5,61,68,1.1323529411764706,0.05091098018830443,555,"Now do you believe in Global Warming, you blowhole!"
4295,1,7,60,68,1.1323529411764706,0.0463998528118308,555,Big surprise - there's sharks in the schmatte business.
4295,1,7,60,68,1.1323529411764706,0.0463998528118308,555,"Well, it's super low in fat!"
4295,1,7,60,68,1.1323529411764706,0.0463998528118308,555,Left shark goes vegan.
4295,3,3,62,68,1.1323529411764706,0.055053696211138176,555,"…and then I thiught, a manikin-eating shark…"
4295,0,9,59,68,1.1323529411764706,0.0414000577075105,555,Just practicing for climate change.
4295,2,5,61,68,1.1323529411764706,0.05091098018830443,555,"Dude, They are not going to buy that at the market!"
4295,2,5,61,68,1.1323529411764706,0.05091098018830443,555,"More fiber, fewer calories."
4295,3,3,62,68,1.1323529411764706,0.055053696211138176,555,This quinoa doesn't taste like real human Steve.
4295,3,3,62,68,1.1323529411764706,0.055053696211138176,555,Dave and Roy suddenly realized they were in deep water.
4295,1,7,60,68,1.1323529411764706,0.0463998528118308,555,"Hunny, I promise I am cutting back on humans."
4295,1,7,60,68,1.1323529411764706,0.0463998528118308,555,Tofu sucks. I'm going back to Paleo.
4295,1,7,60,68,1.1323529411764706,0.0463998528118308,555,It's a souvenir from the cruise ship. You know I prefer breast meat.
4295,3,3,62,68,1.1323529411764706,0.055053696211138176,555,I don't want to be a locavore anymore
4295,2,5,61,68,1.1323529411764706,0.05091098018830443,555,You gotta taste this man
4295,0,9,59,68,1.1323529411764706,0.0414000577075105,555,You can find many plastics in our ocean!
4295,1,7,60,68,1.1323529411764706,0.0463998528118308,555,I picked this up in front of a shop on Fifth Avenue. Happy Earth Day!
4295,0,9,59,68,1.1323529411764706,0.0414000577075105,555,They say these zero calorie humans won't raise your blood sugar and they're good for your teeth.
4295,1,7,60,68,1.1323529411764706,0.0463998528118308,555,This diet makes me want to stop swimming.
4295,2,5,61,68,1.1323529411764706,0.05091098018830443,555,I can't wait to eat man again.
4295,1,7,60,68,1.1323529411764706,0.0463998528118308,555,Still upset with the network for doing Fashion Week instead of Shark Week?
4295,0,9,59,68,1.1323529411764706,0.0414000577075105,555,"I said get a man, not a mannequin."
4295,2,5,61,68,1.1323529411764706,0.05091098018830443,555,"Tasteless and tough, if you must know."
4295,0,9,59,68,1.1323529411764706,0.0414000577075105,555,Weight watchers.
4295,2,5,61,68,1.1323529411764706,0.05091098018830443,555,Am I being detained?
4295,2,5,61,68,1.1323529411764706,0.05091098018830443,555,How many times have I told you that looks are deceiving!
4295,0,9,59,68,1.1323529411764706,0.0414000577075105,555,The vegetarian option is always such a pale imitation.
4295,2,5,61,68,1.1323529411764706,0.05091098018830443,555,"I hate to say it but you lack a refined palate, Marty."
4295,1,7,60,68,1.1323529411764706,0.0463998528118308,555,I was hoping for a really decent snack and I got this dummy.
4295,1,7,60,68,1.1323529411764706,0.0463998528118308,555,"""Oh really?...on our first date, I thought you said you were a 'mannequin-eater'..."
4295,1,7,60,68,1.1323529411764706,0.0463998528118308,555,Happy birthday!
4295,3,3,62,68,1.1323529411764706,0.055053696211138176,555,"'Predator,' my dorsal fin..."
4295,2,5,61,68,1.1323529411764706,0.05091098018830443,555,It's called the mannequin diet...the holiday weight comes right off
4295,1,7,60,68,1.1323529411764706,0.0463998528118308,555,"Thanks, hon. But I'm vegan."
4295,1,7,60,68,1.1323529411764706,0.0463998528118308,555,They're in fashion.
4295,2,5,61,68,1.1323529411764706,0.05091098018830443,555,"Her clothes were great, but she go stuck in my teeth."
4295,1,7,60,68,1.1323529411764706,0.0463998528118308,555,so what if we're in international waters.
4295,1,7,60,68,1.1323529411764706,0.0463998528118308,555,"3 more days, and I'm done with the diet"
4295,2,5,61,68,1.1323529411764706,0.05091098018830443,555,"Darling, you simply must try the amuse-bouche."
4295,2,5,61,68,1.1323529411764706,0.05091098018830443,555,"I said plankton, not mannequin."
4295,1,7,60,68,1.1323529411764706,0.0463998528118308,555,"Tell our zoologist we have a new species, cold blooded, with poor locomotion and good flotation."
4295,2,5,61,68,1.1323529411764706,0.05091098018830443,555,"This ""alternative"" diet is deadly."
4295,1,7,60,68,1.1323529411764706,0.0463998528118308,555,Is this what you wanted?
4295,0,9,59,68,1.1323529411764706,0.0414000577075105,555,"It's better for the environment, but the vegan ""meat"" just isn't the same."
4295,3,3,62,68,1.1323529411764706,0.055053696211138176,555,Vegan - is that a thing?
4295,2,5,61,68,1.1323529411764706,0.05091098018830443,555,"The suit on it was made in China, but this was American made!"
4295,1,7,60,68,1.1323529411764706,0.0463998528118308,555,Going high-fiber has definitely made me more selective.
4295,3,3,62,68,1.1323529411764706,0.055053696211138176,555,"One ""Barnum & Bailey"" on the rocks, comin up."
4295,1,7,60,68,1.1323529411764706,0.0463998528118308,555,They said it was a replica of Steven Speilberg
4295,2,5,61,68,1.1323529411764706,0.05091098018830443,555,This one tastes better than the one with the legs and arms.
4295,3,3,62,68,1.1323529411764706,0.055053696211138176,555,"Irony? Yeah, you need a new schtick."
4295,1,7,60,68,1.1323529411764706,0.0463998528118308,555,It helps if you pretend it's a nazi.
4295,2,5,61,68,1.1323529411764706,0.05091098018830443,555,Proportion control.
4295,0,9,59,68,1.1323529411764706,0.0414000577075105,555,I'm a strict vegan!
4295,1,7,60,68,1.1323529411764706,0.0463998528118308,555,I'm going vegan
4295,0,9,59,68,1.1323529411764706,0.0414000577075105,555,You do know that it's not gluten-free?
4295,0,9,59,68,1.1323529411764706,0.0414000577075105,555,Low-carb diet
4295,1,7,60,68,1.1323529411764706,0.0463998528118308,555,We met at Macy's... She's the strong silent type...
4295,1,7,60,68,1.1323529411764706,0.0463998528118308,555,"For the afternoon, when I have cravings"
4295,2,5,61,68,1.1323529411764706,0.05091098018830443,555,I'm trying to eat vegan now.
4295,1,7,60,68,1.1323529411764706,0.0463998528118308,555,"No, you're right, it's not as good as the real thing."
4295,2,5,61,68,1.1323529411764706,0.05091098018830443,555,I tried to be vegetarian once... couldn't do it.
4295,3,3,62,68,1.1323529411764706,0.055053696211138176,555,It doesn't matter. They're all tasteless.
4295,2,5,61,68,1.1323529411764706,0.05091098018830443,555,Studies are showing how animals adjust to fake news.
4295,1,7,60,68,1.1323529411764706,0.0463998528118308,555,My ophthalmologist died.
4295,0,9,59,68,1.1323529411764706,0.0414000577075105,555,Getting fitted for my Shark Skin suit
4295,2,5,61,68,1.1323529411764706,0.05091098018830443,555,Do you think this is how Steven Spielberg chummed the ocean before filming?
4295,2,5,61,68,1.1323529411764706,0.05091098018830443,555,You can keep that one.
4295,4,1,63,68,1.1323529411764706,0.05890578094960335,555,"Dude, I told you. Mannequins are useless, not food."
4295,1,7,60,68,1.1323529411764706,0.0463998528118308,555,Didn't you see that White House briefing about alternative humans?
4295,2,5,61,68,1.1323529411764706,0.05091098018830443,555,I found it in Isle 6.
4295,0,9,59,68,1.1323529411764706,0.0414000577075105,555,It's slim pickings at the beach after my doctor told me to cut the fat.
4295,1,7,60,68,1.1323529411764706,0.0463998528118308,555,That'll be the last time he says 'It's huge'.
4295,1,7,60,68,1.1323529411764706,0.0463998528118308,555,"Really, hon, the taste grows on you—cleans your teeth too!"
4295,2,5,61,68,1.1323529411764706,0.05091098018830443,555,My nutritionist says it'll help conquer 3pm cravings.
4295,3,3,62,68,1.1323529411764706,0.055053696211138176,555,"""You caught it in May Seas?"
4295,2,5,61,68,1.1323529411764706,0.05091098018830443,555,I'm practicing in case Pres.T decides to jump in for a swim.
4295,1,7,60,68,1.1323529411764706,0.0463998528118308,555,Man-I-kin hardly wait to swallow this but another fish already ate the wings
4295,1,7,60,68,1.1323529411764706,0.0463998528118308,555,Someone stole our original idea of biting the arms off first.
4295,2,5,61,68,1.1323529411764706,0.05091098018830443,555,I'm on a low calorie diet!
4295,0,9,59,68,1.1323529411764706,0.0414000577075105,555,My cardiologist suggested a low-carb diet.
4295,1,7,60,68,1.1323529411764706,0.0463998528118308,555,I always fill up on the canapes. I can't help myself.
4295,1,7,60,68,1.1323529411764706,0.0463998528118308,555,"Man o' war, nope ... Man e' quin."
4295,0,9,59,68,1.1323529411764706,0.0414000577075105,555,"First bite - always center torso, you'll never regret it."
4295,1,7,60,68,1.1323529411764706,0.0463998528118308,555,My doctor recommended that I increase fiber in my diet.
4295,2,5,61,68,1.1323529411764706,0.05091098018830443,555,I prefer mine well done.
4295,1,7,60,68,1.1323529411764706,0.0463998528118308,555,But that's fake meat!
4295,2,5,61,68,1.1323529411764706,0.05091098018830443,555,"Well, I was hoping it would sort of taste like chicken."
4295,1,7,60,68,1.1323529411764706,0.0463998528118308,555,Can you help me out? This one's pretty stiff.
4295,2,5,61,68,1.1323529411764706,0.05091098018830443,555,I thought you two broke up!
4295,2,5,61,68,1.1323529411764706,0.05091098018830443,555,They're getting really good at this game.
4295,3,3,62,68,1.1323529411764706,0.055053696211138176,555,"'Damn, I just broke a tooth."""
4295,1,7,60,68,1.1323529411764706,0.0463998528118308,555,It's a coping mechanism. I'm try to give up human and go 100% pescetarian.
4295,0,9,59,68,1.1323529411764706,0.0414000577075105,555,This can't be the same mannequin challenge everyone else is talking about.
4295,2,5,61,68,1.1323529411764706,0.05091098018830443,555,?You missed wild feeding frenzy where we striped off all the meat and limbs.?
4295,1,7,60,68,1.1323529411764706,0.0463998528118308,555,How's that New Year's diet plan working out for you?
4295,0,9,59,68,1.1323529411764706,0.0414000577075105,555,Have you tried it with packing peanuts?
4295,3,3,62,68,1.1323529411764706,0.055053696211138176,555,You have eaten his arms! How selfish you are!
4295,0,9,59,68,1.1323529411764706,0.0414000577075105,555,Doc says I need more processed food in my diet.
4295,2,5,61,68,1.1323529411764706,0.05091098018830443,555,You are supposed to be a man eater not a manikin eater.
4295,1,7,60,68,1.1323529411764706,0.0463998528118308,555,Happy Birthday darling - It's returnable !
4295,2,5,61,68,1.1323529411764706,0.05091098018830443,555,Don't ask. My usual mannequin shenanigan.
4295,1,7,60,68,1.1323529411764706,0.0463998528118308,555,To say that is human is an alternative fact.
4295,0,9,59,68,1.1323529411764706,0.0414000577075105,555,Mannequin Depression?
4295,1,7,60,68,1.1323529411764706,0.0463998528118308,555,I just like to suck off the coating.
4295,2,5,61,68,1.1323529411764706,0.05091098018830443,555,"No more red meat, I need to lower my cholesterol"
4295,1,7,60,68,1.1323529411764706,0.0463998528118308,555,It tastes fishy
4295,1,7,60,68,1.1323529411764706,0.0463998528118308,555,Love these new lollipops!
4295,0,9,59,68,1.1323529411764706,0.0414000577075105,555,I hate Fashion Week.
4295,3,3,62,68,1.1323529411764706,0.055053696211138176,555,That's why you're the left shark.
4295,1,7,60,68,1.1323529411764706,0.0463998528118308,555,"She doesn't pop, struggle or bleed."
4295,2,5,61,68,1.1323529411764706,0.05091098018830443,555,"I know, tastes terrible but no gluten"
4295,1,7,60,68,1.1323529411764706,0.0463998528118308,555,I thought it would look good in your sewing room.
4295,2,5,61,68,1.1323529411764706,0.05091098018830443,555,I'm desensitizing my agalmatophia before the beach season
4295,2,5,61,68,1.1323529411764706,0.05091098018830443,555,They say it's Orwellian.
4295,1,7,60,68,1.1323529411764706,0.0463998528118308,555,I hate leftovers.
4295,2,5,61,68,1.1323529411764706,0.05091098018830443,555,"How many times do we have to over through this: pelican, not mannequin!"
4295,3,3,62,68,1.1323529411764706,0.055053696211138176,555,"Dad, that's not how you do the mannequin challenge."
4295,2,5,61,68,1.1323529411764706,0.05091098018830443,555,Terrain raised human has half the fat and is low fructose.
4295,0,9,59,68,1.1323529411764706,0.0414000577075105,555,I got us the stripped-down model.
4295,0,9,59,68,1.1323529411764706,0.0414000577075105,555,"You know, you should really go vegan."
4295,3,3,62,68,1.1323529411764706,0.055053696211138176,555,"For some reason, this human just isn't tasty."
4295,3,3,62,68,1.1323529411764706,0.055053696211138176,555,Dummy...that's still not on your diet.
4295,0,9,59,68,1.1323529411764706,0.0414000577075105,555,"It's vegan, and gluten free."
4295,1,7,60,68,1.1323529411764706,0.0463998528118308,555,I'm getting sick of the Mannequin Challenge.
4295,2,5,61,68,1.1323529411764706,0.05091098018830443,555,It's good practice.
4295,1,7,60,68,1.1323529411764706,0.0463998528118308,555,Extreme vetting drill.
4295,1,7,60,68,1.1323529411764706,0.0463998528118308,555,Must be from Macy's.
4295,1,7,60,68,1.1323529411764706,0.0463998528118308,555,It's my cheat day.
4295,1,7,60,68,1.1323529411764706,0.0463998528118308,555,"You know that's full of carbs, right?"
4295,2,5,61,68,1.1323529411764706,0.05091098018830443,555,Overhumaning is real.
4295,0,9,59,68,1.1323529411764706,0.0414000577075105,555,See if you can chew on this.
4295,1,7,60,68,1.1323529411764706,0.0463998528118308,555,"..... and ZERO calories, I heard!"
4295,3,3,62,68,1.1323529411764706,0.055053696211138176,555,Tastes a little gamy.
4295,0,9,59,68,1.1323529411764706,0.0414000577075105,555,I'm cautiously optimistic about the new Man-Eater Withdrawal Program.
4295,1,7,60,68,1.1323529411764706,0.0463998528118308,555,Do it this way and they can't poke you in the eye.
4295,1,7,60,68,1.1323529411764706,0.0463998528118308,555,Thith ith the zorta crap we can continue to egzpect now that Trump iz rejecting TPP
4295,1,7,60,68,1.1323529411764706,0.0463998528118308,555,Tastes awful
4295,3,3,62,68,1.1323529411764706,0.055053696211138176,555,"Hey don't judge it was this or a ""bunch""of Victoria swimsuit models,you do the math."
4295,0,9,59,68,1.1323529411764706,0.0414000577075105,555,Not only are they tasteless but they never smile!
4295,0,9,59,68,1.1323529411764706,0.0414000577075105,555,One of the best things about going vegan is that you can cut back on all that swimming.
4295,2,5,61,68,1.1323529411764706,0.05091098018830443,555,"I said man overboard, not mannequin!"
4295,1,7,60,68,1.1323529411764706,0.0463998528118308,555,I come here for the free samples.
4295,0,9,59,68,1.1323529411764706,0.0414000577075105,555,"Come on Phil, you think Jaws made it to the top without practice."
4295,2,5,61,68,1.1323529411764706,0.05091098018830443,555,It's a vegan substitute.
4295,1,7,60,68,1.1323529411764706,0.0463998528118308,555,I've become a vegetarian.
4295,2,5,61,68,1.1323529411764706,0.05091098018830443,555,Just because it's Shark Week doesn't mean we can't look good.
4295,1,7,60,68,1.1323529411764706,0.0463998528118308,555,What? It's a fun-shaped fiber tablet!
4295,3,3,62,68,1.1323529411764706,0.055053696211138176,555,"I thought I'd go to the Costume Ball as a Surrealist, this year,"
4295,1,7,60,68,1.1323529411764706,0.0463998528118308,555,"Bad enough I fell tor it, but off Karl Lagerfeld's yacht?"
4295,3,3,62,68,1.1323529411764706,0.055053696211138176,555,Breaking News - First pictures from an actual Shark Man Eater school.
4295,0,9,59,68,1.1323529411764706,0.0414000577075105,555,"He keeps saying something like ""crump, crump""."
4295,2,5,61,68,1.1323529411764706,0.05091098018830443,555,The food choices in this new man-in-a-can diet are flavorless…
4295,0,9,59,68,1.1323529411764706,0.0414000577075105,555,I am not eating someone else's leftovers.
4295,1,7,60,68,1.1323529411764706,0.0463998528118308,555,I'm trying to cut back.
4295,2,5,61,68,1.1323529411764706,0.05091098018830443,555,"Sorry honey, this non-meat diet lacks flavor."
4295,1,7,60,68,1.1323529411764706,0.0463998528118308,555,"You're saying it's a mannequin, but I say it's an alternative human."
4295,1,7,60,68,1.1323529411764706,0.0463998528118308,555,I'm fighting unrealistic beauty standards.
4295,2,5,61,68,1.1323529411764706,0.05091098018830443,555,I hate it when I get the old maids.
4295,2,5,61,68,1.1323529411764706,0.05091098018830443,555,Man . . . mannequin . . . no big difference.
4295,0,9,59,68,1.1323529411764706,0.0414000577075105,555,That was the bait? I don't wanna see the hook.
4295,1,7,60,68,1.1323529411764706,0.0463998528118308,555,I thought you said Manatee.
4295,3,3,62,68,1.1323529411764706,0.055053696211138176,555,Busted.
4295,1,7,60,68,1.1323529411764706,0.0463998528118308,555,"I swear, you can't taste the difference between a tofu mannequin and a real man."
4295,2,5,61,68,1.1323529411764706,0.05091098018830443,555,"It won't be the same, but I'll let you bite the head off........."
4295,1,7,60,68,1.1323529411764706,0.0463998528118308,555,This is my metaphor of ironic cognitive dissonance.
4295,2,5,61,68,1.1323529411764706,0.05091098018830443,555,I'm on the Atkins Diet.
4295,0,9,59,68,1.1323529411764706,0.0414000577075105,555,"Had to change, my cholesterol was off the charts"
4295,3,3,62,68,1.1323529411764706,0.055053696211138176,555,The flavor and texture are off for me. For these reasons I'm out.
4295,2,5,61,68,1.1323529411764706,0.05091098018830443,555,I'm sure I said Flanagan.
4295,1,7,60,68,1.1323529411764706,0.0463998528118308,555,"Definitely not human...chicken, maybe?"
4295,1,7,60,68,1.1323529411764706,0.0463998528118308,555,So much for Paris Fashion Week.
4295,1,7,60,68,1.1323529411764706,0.0463998528118308,555,"Personally, I prefer the real thing."
4547,2,5,62,69,1.1304347826086956,0.050204371233880496,555,Mannequin challenge accepted.
4547,1,7,61,69,1.1304347826086956,0.04576266416505649,555,Sometimes they're a little chewy.
4549,1,6,59,66,1.121212121212121,0.04587990563775582,555,Sure it's an artificial lure but it's good to stay in practice.
4549,1,6,59,66,1.121212121212121,0.04587990563775582,555,It's an image thing........
4549,0,8,58,66,1.121212121212121,0.040481665913459045,555,It's supposed to promote superior dental hygiene.
4549,0,8,58,66,1.121212121212121,0.040481665913459045,555,At least it doesn't flayl around.
4549,2,4,60,66,1.121212121212121,0.05070666827479246,555,Oh no...I just broke another tooth!
4549,1,6,59,66,1.121212121212121,0.04587990563775582,555,"I'd like to say this is an acquired taste, but the old ""bait and switch"" game got me again!"
4549,1,6,59,66,1.121212121212121,0.04587990563775582,555,I'm practicing for the real one
4549,2,4,60,66,1.121212121212121,0.05070666827479246,555,The real women were too skinny.
4549,1,6,59,66,1.121212121212121,0.04587990563775582,555,Needs more saltwater?
4549,3,2,61,66,1.121212121212121,0.05511230963886662,555,He was wearing a shark logo sport shirt.
4549,0,8,58,66,1.121212121212121,0.040481665913459045,555,"That's some bad mannequin, Bruce."
4549,3,2,61,66,1.121212121212121,0.05511230963886662,555,Mannequins aren't very challenging.
4549,2,4,60,66,1.121212121212121,0.05070666827479246,555,"Man, I can eat a mannequin I'm so hungry!"
4549,1,6,59,66,1.121212121212121,0.04587990563775582,555,Better than that styrofoam cake.
4549,1,6,59,66,1.121212121212121,0.04587990563775582,555,"Killer couture, dummy run."
4549,2,4,60,66,1.121212121212121,0.05070666827479246,555,"Here honey, try this on for size!"
4549,2,4,60,66,1.121212121212121,0.05070666827479246,555,I came across it after Target went under.
4549,1,6,59,66,1.121212121212121,0.04587990563775582,555,Just practicing until the big one comes.
4549,3,2,61,66,1.121212121212121,0.05511230963886662,555,"Ha! Told you I wouldn't fall for it again, Larry."
4549,2,4,60,66,1.121212121212121,0.05070666827479246,555,Would you like a bite?
4549,1,6,59,66,1.121212121212121,0.04587990563775582,555,It's helping with my intimacy issues.
4549,1,6,59,66,1.121212121212121,0.04587990563775582,555,It was recommended on a self-help blog.
4549,1,6,59,66,1.121212121212121,0.04587990563775582,555,Man-I-can just taste it now...
4549,2,4,60,66,1.121212121212121,0.05070666827479246,555,I know it's vegan. But is it gluten-free?
4549,1,6,59,66,1.121212121212121,0.04587990563775582,555,"Well, who do you think designed her dress for the inauguration?"
4549,1,6,59,66,1.121212121212121,0.04587990563775582,555,This Atkins diet is just a little too dry for me.
4549,0,8,58,66,1.121212121212121,0.040481665913459045,555,"The shape is right, but the taste is dreadful."
4549,1,6,59,66,1.121212121212121,0.04587990563775582,555,It's better than calorie counting.
4549,0,8,58,66,1.121212121212121,0.040481665913459045,555,Didn't I warn you about fake food?
4549,2,4,60,66,1.121212121212121,0.05070666827479246,555,Vif iv va best one yep!
4549,2,4,60,66,1.121212121212121,0.05070666827479246,555,Nothing in your size?
4549,3,2,61,66,1.121212121212121,0.05511230963886662,555,This doesn't taste like I thought it would!
4549,2,4,60,66,1.121212121212121,0.05070666827479246,555,"Don't get excited, this is just a drill."
4549,1,6,59,66,1.121212121212121,0.04587990563775582,555,"Yeah, you're ready for Spring Break."
4549,1,6,59,66,1.121212121212121,0.04587990563775582,555,What? Veganism reduces waste.
4549,2,4,60,66,1.121212121212121,0.05070666827479246,555,"It tastes okay, but there at least was a vegan option for once."
4549,1,6,59,66,1.121212121212121,0.04587990563775582,555,"Meanwhile, somewhere... secrecretly off the coast of New York Harbor, Bloomingdale's and Macy's are cutting ties with the Ivanka Trump brand."
4549,0,8,58,66,1.121212121212121,0.040481665913459045,555,"Man, I can see your point. Things aren't the same since shipping automation."
4549,0,8,58,66,1.121212121212121,0.040481665913459045,555,this is not my cheat day
4549,2,4,60,66,1.121212121212121,0.05070666827479246,555,It tastes a little flat but I'd let it stand a while.
4549,2,4,60,66,1.121212121212121,0.05070666827479246,555,Even lunch is a rip off when I go shopping with you
4549,0,8,58,66,1.121212121212121,0.040481665913459045,555,You know I'm on a fat free diet.
4549,2,4,60,66,1.121212121212121,0.05070666827479246,555,Can you hear me up there? It's getting hot down here. Don't give that orange man all that he's asking for!
4549,0,8,58,66,1.121212121212121,0.040481665913459045,555,"I'll be the first to admit, something tastes fishy."
4549,1,6,59,66,1.121212121212121,0.04587990563775582,555,No calories but it tastes so artificial.
4549,0,8,58,66,1.121212121212121,0.040481665913459045,555,Gluten-free ... and no dressing.
4549,1,6,59,66,1.121212121212121,0.04587990563775582,555,I prefer the low fat mannequin.
4549,2,4,60,66,1.121212121212121,0.05070666827479246,555,Who's kidding who? These soy-based diet versions taste like garbage!
4549,3,2,61,66,1.121212121212121,0.05511230963886662,555,"When sharks are no longer forced to feed on manikins, can summer be far away?"
4549,1,6,59,66,1.121212121212121,0.04587990563775582,555,If I only had Bearnaise sauce and mushrooms to put on this.
4549,1,6,59,66,1.121212121212121,0.04587990563775582,555,"Hey, Fineas! MorningStar Farms has a BOGO on Meatless Human!"
4549,3,2,61,66,1.121212121212121,0.05511230963886662,555,They thought my anti-finning argument rang hollow.
4549,2,4,60,66,1.121212121212121,0.05070666827479246,555,It's guaranteed by Dr. Oz!
4549,1,6,59,66,1.121212121212121,0.04587990563775582,555,I think you are taking vegan a little too far
4549,0,8,58,66,1.121212121212121,0.040481665913459045,555,"My therapist says to think of it as the mannequin, vs. the man I can't, eat."
4549,1,6,59,66,1.121212121212121,0.04587990563775582,555,Another refugee from 5th Avenue.
4549,1,6,59,66,1.121212121212121,0.04587990563775582,555,I've passed the Mannequin Challenge now for a live one.
4549,2,4,60,66,1.121212121212121,0.05070666827479246,555,"One way or another, I'm gonna' put an end to that mannequin challenge."
4549,1,6,59,66,1.121212121212121,0.04587990563775582,555,"I'm telling you, man, commercialism has no place in the ocean."
4549,0,8,58,66,1.121212121212121,0.040481665913459045,555,"""I know she's a mannequin, but she's delicious."" (with apologies to Charles Barsotti)"
4549,1,6,59,66,1.121212121212121,0.04587990563775582,555,I am on a no fat diet.
4549,0,8,58,66,1.121212121212121,0.040481665913459045,555,"I’ve lost weight since I switched from the man-eater diet, but the food just doesn’t taste as good."
4549,2,4,60,66,1.121212121212121,0.05070666827479246,555,They dumped Trump.
4549,2,4,60,66,1.121212121212121,0.05070666827479246,555,Tuna Oscar.
4549,1,6,59,66,1.121212121212121,0.04587990563775582,555,"Must be tofu human....., no flavor."
4549,0,8,58,66,1.121212121212121,0.040481665913459045,555,Damn no carb diet.
4549,1,6,59,66,1.121212121212121,0.04587990563775582,555,Your idea of a tofu burger?
4549,1,6,59,66,1.121212121212121,0.04587990563775582,555,It's a special relationship
4549,0,8,58,66,1.121212121212121,0.040481665913459045,555,I call it The Mannequin Challenge.
4549,1,6,59,66,1.121212121212121,0.04587990563775582,555,It's from Aberchumbie & Fitch
4549,2,4,60,66,1.121212121212121,0.05070666827479246,555,This synthetically engineered food just doesn't taste as good as the natural organic!
4549,0,8,58,66,1.121212121212121,0.040481665913459045,555,It really keeps the cravings down.
4549,0,8,58,66,1.121212121212121,0.040481665913459045,555,"WELL "" Well YOU ""You are always harping on me to get my teeth into something, anything."
4549,0,8,58,66,1.121212121212121,0.040481665913459045,555,I'm a millenial. It was the best I could do.
4549,1,6,59,66,1.121212121212121,0.04587990563775582,555,I thought you couldn't eat anything with artificial flavors.
4549,1,6,59,66,1.121212121212121,0.04587990563775582,555,What? Trump banned them all.
4549,1,6,59,66,1.121212121212121,0.04587990563775582,555,It was on sale during Shark Week.
4549,0,8,58,66,1.121212121212121,0.040481665913459045,555,I guess I completely misunderstood the mannequin challenge.
4549,1,6,59,66,1.121212121212121,0.04587990563775582,555,This tastes different than the others.
4549,1,6,59,66,1.121212121212121,0.04587990563775582,555,"Strange stuffing . At best,one star."
4549,1,6,59,66,1.121212121212121,0.04587990563775582,555,"It's almost February, time to give up on your New Year's resolution"
4549,2,4,60,66,1.121212121212121,0.05070666827479246,555,Awards are really overrated.
4549,1,6,59,66,1.121212121212121,0.04587990563775582,555,I'm just trying to keep in shape for the summer Olympics.
4549,1,6,59,66,1.121212121212121,0.04587990563775582,555,Fake humans have no flavor.
4549,0,8,58,66,1.121212121212121,0.040481665913459045,555,Just getting ready for dinner.
4549,2,4,60,66,1.121212121212121,0.05070666827479246,555,Gluten makes me bloated.
4549,1,6,59,66,1.121212121212121,0.04587990563775582,555,"It's lo-cal, but tastes terrible"
4549,2,4,60,66,1.121212121212121,0.05070666827479246,555,I ain't got no bodddy! Nobody!
4549,0,8,58,66,1.121212121212121,0.040481665913459045,555,It's a little stiff and hard to chew!
4549,2,4,60,66,1.121212121212121,0.05070666827479246,555,Don't ya think without arms and legs they just have no taste?
4549,2,4,60,66,1.121212121212121,0.05070666827479246,555,"No, I said, ""Man In A Can."""
4549,0,8,58,66,1.121212121212121,0.040481665913459045,555,fewer calories...less filling
4549,2,4,60,66,1.121212121212121,0.05070666827479246,555,This manatee substitute diet doesn't do it for me
4549,0,8,58,66,1.121212121212121,0.040481665913459045,555,I think that you've got something in your teeth
4549,0,8,58,66,1.121212121212121,0.040481665913459045,555,I saw it in the porthole and I couldn't resist it.
4549,0,8,58,66,1.121212121212121,0.040481665913459045,555,That's so not convincing; we all know you're a vegetarian.
4549,2,4,60,66,1.121212121212121,0.05070666827479246,555,It's not even good Frankenfood.
4549,0,8,58,66,1.121212121212121,0.040481665913459045,555,It's not my first choice but I'm watching calories.
4549,1,6,59,66,1.121212121212121,0.04587990563775582,555,Just call it bait.
4549,1,6,59,66,1.121212121212121,0.04587990563775582,555,It's that new no protein diet.
4549,0,8,58,66,1.121212121212121,0.040481665913459045,555,It's Atkins-adjacent.
4549,2,4,60,66,1.121212121212121,0.05070666827479246,555,Shark Diet Alternative Fact #6
4549,2,4,60,66,1.121212121212121,0.05070666827479246,555,My new teething ring is working great.
4549,1,6,59,66,1.121212121212121,0.04587990563775582,555,Can we use this to build the wall?
4549,1,6,59,66,1.121212121212121,0.04587990563775582,555,"""The guys like to nosh on these at tbe poker game - just need to pick up some dip""."
4549,2,4,60,66,1.121212121212121,0.05070666827479246,555,Let's do the mannequine challenge!
4549,2,4,60,66,1.121212121212121,0.05070666827479246,555,Ummm desert!
4549,3,2,61,66,1.121212121212121,0.05511230963886662,555,"I've been putting on too much weight lately, so I decided to try the ""Fashion Manneqin Diet."
4549,2,4,60,66,1.121212121212121,0.05070666827479246,555,"Bad publicity led to the shortage -- I know, it just doesn't taste like the real thing!"
4549,3,2,61,66,1.121212121212121,0.05511230963886662,555,This is all I could find at Sears.
4549,1,6,59,66,1.121212121212121,0.04587990563775582,555,I know you stole the mannequin from the display window at the department store. I just can’t prove it.
4549,1,6,59,66,1.121212121212121,0.04587990563775582,555,They say it beats flossing.
4549,2,4,60,66,1.121212121212121,0.05070666827479246,555,Now it's our turn.
4549,0,8,58,66,1.121212121212121,0.040481665913459045,555,Looks like alternative food
4549,1,6,59,66,1.121212121212121,0.04587990563775582,555,Nice catch!
4549,0,8,58,66,1.121212121212121,0.040481665913459045,555,"No, this is alternative food!"
4549,0,8,58,66,1.121212121212121,0.040481665913459045,555,Mannequin clinic. You?
4549,2,4,60,66,1.121212121212121,0.05070666827479246,555,I snagged some bait for that voluptuous lifeguard.
4549,1,6,59,66,1.121212121212121,0.04587990563775582,555,I'm off saturated fats.
4549,2,4,60,66,1.121212121212121,0.05070666827479246,555,Where's mine?
4549,1,6,59,66,1.121212121212121,0.04587990563775582,555,Hmmph! You thanked every fish in the ocean but me.
4549,1,6,59,66,1.121212121212121,0.04587990563775582,555,"Tastes great, less filling."
4549,3,2,61,66,1.121212121212121,0.05511230963886662,555,"The sign in the window said MAN. Well, EXCUSE ME if I don't know what an abbreviation is."
4549,1,6,59,66,1.121212121212121,0.04587990563775582,555,"What do mean, I forgot my contacts?"
4549,0,8,58,66,1.121212121212121,0.040481665913459045,555,"Mom, am I too old for teething rusks?"
4549,1,6,59,66,1.121212121212121,0.04587990563775582,555,I felt I was losing my touch and decided to practice.
4549,0,8,58,66,1.121212121212121,0.040481665913459045,555,I'm an expert on luxury and I can always spot a fake.
4549,2,4,60,66,1.121212121212121,0.05070666827479246,555,"This is my last vice, Joe, stop looking at me like that!"
4549,2,4,60,66,1.121212121212121,0.05070666827479246,555,It fell off a fake Ship of State.
4549,2,4,60,66,1.121212121212121,0.05070666827479246,555,Is that your idea of a #mannequinchallenge?
4549,1,6,59,66,1.121212121212121,0.04587990563775582,555,"Oh, I guess I really misunderstood the Mannequin Challenge."
4549,1,6,59,66,1.121212121212121,0.04587990563775582,555,Look - diet food!
4549,2,4,60,66,1.121212121212121,0.05070666827479246,555,"You just missed it -- they already cast the lead for ""Jaws 6."""
4549,1,6,59,66,1.121212121212121,0.04587990563775582,555,It's part of my process of becoming vegan.
4549,1,6,59,66,1.121212121212121,0.04587990563775582,555,Must you vegans always brag?
4549,1,6,59,66,1.121212121212121,0.04587990563775582,555,These diet humans just don't compare to the real thing!
4549,3,2,61,66,1.121212121212121,0.05511230963886662,555,"I was hoping Melania would do a big ""bite me"" gesture at the inauguration by taking off her coat."
4549,3,2,61,66,1.121212121212121,0.05511230963886662,555,This new designer food seems fishy to me
4549,1,6,59,66,1.121212121212121,0.04587990563775582,555,Practice may make perfect but I'm sick of it.
4549,1,6,59,66,1.121212121212121,0.04587990563775582,555,"In your case, practice does not make perfect."
4549,2,4,60,66,1.121212121212121,0.05070666827479246,555,It will be a real shark skin suit.
4549,1,6,59,66,1.121212121212121,0.04587990563775582,555,"Sure, it's probably not the real thing, but these days even with labelled food products it's hard to know exactly what you're getting..?"
4549,0,8,58,66,1.121212121212121,0.040481665913459045,555,It might work in a fusion cuisine.
4549,0,8,58,66,1.121212121212121,0.040481665913459045,555,"I told you to stay away from that fast food, you don't know what it's made from."
4549,2,4,60,66,1.121212121212121,0.05070666827479246,555,I was told they don't taste good.What do I know?
4549,0,8,58,66,1.121212121212121,0.040481665913459045,555,It's the newest diet craze----low protein!
4549,1,6,59,66,1.121212121212121,0.04587990563775582,555,You still want to be a vegetarian?
4549,2,4,60,66,1.121212121212121,0.05070666827479246,555,My therapist is English and suggested a dummy.
4549,2,4,60,66,1.121212121212121,0.05070666827479246,555,Tastes a little gamy.
4549,2,4,60,66,1.121212121212121,0.05070666827479246,555,Tastes a little wooden...
4549,2,4,60,66,1.121212121212121,0.05070666827479246,555,The real models just didn't fill me up.
4549,1,6,59,66,1.121212121212121,0.04587990563775582,555,Can you give me a hand?
4549,1,6,59,66,1.121212121212121,0.04587990563775582,555,"So, this is who you left me for?"
4549,0,8,58,66,1.121212121212121,0.040481665913459045,555,I'm eating low cal substitutes.
4549,2,4,60,66,1.121212121212121,0.05070666827479246,555,It's the closest thing I could find at this time of night. Your cravings will just have to wait till morning.
4549,1,6,59,66,1.121212121212121,0.04587990563775582,555,"Oh boy, not another Mannequin Romance."
4549,2,4,60,66,1.121212121212121,0.05070666827479246,555,They called it the consolation prize.
4549,1,6,59,66,1.121212121212121,0.04587990563775582,555,"I like a full-figured gal--and a little al dente, too."
4549,0,8,58,66,1.121212121212121,0.040481665913459045,555,The water was murky. I fell for a decoy.
4549,3,2,61,66,1.121212121212121,0.05511230963886662,555,"So when I ask the Head Shark what WE can eat, he think what HE can eat and says, ""Man I can!""? Bite me."
4549,0,8,58,66,1.121212121212121,0.040481665913459045,555,"Well, Victoria's Seacret was having a sale."
4549,1,6,59,66,1.121212121212121,0.04587990563775582,555,"Okay, so whats for dinner? Um, everything except the ribs."
4549,1,6,59,66,1.121212121212121,0.04587990563775582,555,"I said I wanted Mako for takeout, not mannequin, you dummy."
4549,2,4,60,66,1.121212121212121,0.05070666827479246,555,I'm just giving it a little love bite.
4549,1,6,59,66,1.121212121212121,0.04587990563775582,555,It's a training dummy.
4549,2,4,60,66,1.121212121212121,0.05070666827479246,555,It's Gap to Table.
4549,2,4,60,66,1.121212121212121,0.05070666827479246,555,I hate show-offs.
4549,3,2,61,66,1.121212121212121,0.05511230963886662,555,"Man eater, not manikin?"
4549,1,6,59,66,1.121212121212121,0.04587990563775582,555,"""No fair! Let's do 'Rock, paper, scissors'""."
4549,2,4,60,66,1.121212121212121,0.05070666827479246,555,Anthropomorphically speaking....
4549,2,4,60,66,1.121212121212121,0.05070666827479246,555,"You DO know ""killer"" whale is not a reference to haute couture, right?"
4549,1,6,59,66,1.121212121212121,0.04587990563775582,555,"Dude, it wath an Alternative Thact-Theeding Threnzy!"
4549,1,6,59,66,1.121212121212121,0.04587990563775582,555,What are we doing about recycling?
4549,2,4,60,66,1.121212121212121,0.05070666827479246,555,"I hate the taste of blood, so I became a manikin-eater."
4549,2,4,60,66,1.121212121212121,0.05070666827479246,555,I thought I'd try soy
4549,1,6,59,66,1.121212121212121,0.04587990563775582,555,It's not too bad once you get past the plastic.
4549,1,6,59,66,1.121212121212121,0.04587990563775582,555,How deep will the Wall be?
4549,1,6,59,66,1.121212121212121,0.04587990563775582,555,That's barely an appetizer.
4549,2,4,60,66,1.121212121212121,0.05070666827479246,555,This isn't what I meant when I said we should see other people.
4549,1,6,59,66,1.121212121212121,0.04587990563775582,555,This fiber diet sucks.
4549,2,4,60,66,1.121212121212121,0.05070666827479246,555,Perfect. Now get me a skin.
4549,2,4,60,66,1.121212121212121,0.05070666827479246,555,"No, Stan, I recommended the subtle light and dark notes of the Manichean."
4549,1,6,59,66,1.121212121212121,0.04587990563775582,555,This imitation human isn't quite a good as the real thing....
4549,1,6,59,66,1.121212121212121,0.04587990563775582,555,'I'm on a strict vegan diet'
4549,3,2,61,66,1.121212121212121,0.05511230963886662,555,"Well, I don't want to needle you about this, but I think 'Sewin' with Sharks' is a great name for my blog."
4549,1,6,59,66,1.121212121212121,0.04587990563775582,555,The mannequin challenge isn't very tasty.
4549,2,4,60,66,1.121212121212121,0.05070666827479246,555,It is never polite to take such a big bite!
4549,1,6,59,66,1.121212121212121,0.04587990563775582,555,GMO?
4549,2,4,60,66,1.121212121212121,0.05070666827479246,555,"No, it isn't as tasty as the real thing, but it is far lower in cholesterol and saturated fat. So if we market it as ""HumanLite"", stressing the health benefits and how much it would lower health care costs, our target demographic will be hooked!"
4549,1,6,59,66,1.121212121212121,0.04587990563775582,555,She's had some body work done but i like her for the personality.
4549,3,2,61,66,1.121212121212121,0.05511230963886662,555,Macy's unloading makes great training.
4549,3,2,61,66,1.121212121212121,0.05511230963886662,555,I found it in the Andrea Dorea's promenade deck shop. Rather tasteless.
4549,1,6,59,66,1.121212121212121,0.04587990563775582,555,Myrtle Beach Diet.
4549,1,6,59,66,1.121212121212121,0.04587990563775582,555,I'm going for the scaled down look.
4549,0,8,58,66,1.121212121212121,0.040481665913459045,555,Hmm. This artificial flavoring isn't half bad.
4549,1,6,59,66,1.121212121212121,0.04587990563775582,555,"What, it's a mannequin? No wonder it tasted yucky,"
4549,1,6,59,66,1.121212121212121,0.04587990563775582,555,I generally spit out the bones.
4549,1,6,59,66,1.121212121212121,0.04587990563775582,555,Those humans are running out of tricks.
4549,0,8,58,66,1.121212121212121,0.040481665913459045,555,I'm taking steps to change our image from Man-eaters to MANNequin eaters!
4549,2,4,60,66,1.121212121212121,0.05070666827479246,555,Can you hel get the slinter out of eye tongue?
4549,1,6,59,66,1.121212121212121,0.04587990563775582,555,"Yeah . . . something about ""evolution."""
4549,1,6,59,66,1.121212121212121,0.04587990563775582,555,These unisex ones do taste better.
4549,1,6,59,66,1.121212121212121,0.04587990563775582,555,"It's supposed to taste like the real thing, but they haven't gotten the texture quite right yet."
4549,2,4,60,66,1.121212121212121,0.05070666827479246,555,This catch has no taste.
4549,1,6,59,66,1.121212121212121,0.04587990563775582,555,"Doctor said my cholesterol's high, but going cold-turkey is not an option."
4549,1,6,59,66,1.121212121212121,0.04587990563775582,555,Real people are more satisfying than fake people.
4549,1,6,59,66,1.121212121212121,0.04587990563775582,555,"It doesn't taste as good,but it's a lot cheaper"
4549,0,8,58,66,1.121212121212121,0.040481665913459045,555,So that's why it tastes so bland.
4549,1,6,59,66,1.121212121212121,0.04587990563775582,555,I'm cutting back on fats.
4549,1,6,59,66,1.121212121212121,0.04587990563775582,555,It doesn't taste akin to man
4549,1,6,59,66,1.121212121212121,0.04587990563775582,555,I got Trump.
4549,2,4,60,66,1.121212121212121,0.05070666827479246,555,Fashion Fleet Week is working out better than I expected ...
4549,1,6,59,66,1.121212121212121,0.04587990563775582,555,It's low cal and but full of preservatives.
4549,1,6,59,66,1.121212121212121,0.04587990563775582,555,The organic varieties taste better.
4549,0,8,58,66,1.121212121212121,0.040481665913459045,555,He is giving me the mannequin challenge
4549,0,8,58,66,1.121212121212121,0.040481665913459045,555,You're not modeling good behavior.
4549,1,6,59,66,1.121212121212121,0.04587990563775582,555,What did I tell you about eating GMO's?
4549,1,6,59,66,1.121212121212121,0.04587990563775582,555,No thanks. I eat organic.
4549,2,4,60,66,1.121212121212121,0.05070666827479246,555,Since when did fashionistas start supplying chum?
4549,2,4,60,66,1.121212121212121,0.05070666827479246,555,That's OK. We don't need to share everything.
4549,1,6,59,66,1.121212121212121,0.04587990563775582,555,I'm on a bland diet
4549,3,2,61,66,1.121212121212121,0.05511230963886662,555,"If I told you once I told you a thousand times, no artificial ingredients."
4549,0,8,58,66,1.121212121212121,0.040481665913459045,555,You do realize it's traditional to give a dozen roses and a box of chocolates to you sweetheart on Valentine's Day.
4549,1,6,59,66,1.121212121212121,0.04587990563775582,555,Good. I think you're ready for the full manikin.
4549,1,6,59,66,1.121212121212121,0.04587990563775582,555,I don't know what they're talking about. That wasn't a challenge.
4549,2,4,60,66,1.121212121212121,0.05070666827479246,555,I see you're on that new diet.
4549,0,8,58,66,1.121212121212121,0.040481665913459045,555,I'm on a low blood diet.
4549,2,4,60,66,1.121212121212121,0.05070666827479246,555,Non-GMO humans taste much better.
4549,1,6,59,66,1.121212121212121,0.04587990563775582,555,"I don't know, pal, ""Man-nequin"" just ain't the same."
4549,1,6,59,66,1.121212121212121,0.04587990563775582,555,It's called 'surfer-lite.'
4549,2,4,60,66,1.121212121212121,0.05070666827479246,555,"It's still vegan, right?"
4549,0,8,58,66,1.121212121212121,0.040481665913459045,555,"A little chewy, wanna give it a try?"
4549,2,4,60,66,1.121212121212121,0.05070666827479246,555,I know how to spell. The ad clearly said man-eating shark.
4549,2,4,60,66,1.121212121212121,0.05070666827479246,555,It's my sign for the women's march. I'm swimming in solidarity.
4549,1,6,59,66,1.121212121212121,0.04587990563775582,555,What??? It's an alternative snack.
4549,2,4,60,66,1.121212121212121,0.05070666827479246,555,"Roger, I said the enemy was mankind, not mankin."
4549,1,6,59,66,1.121212121212121,0.04587990563775582,555,"Dummy business plan, stank."
4549,2,4,60,66,1.121212121212121,0.05070666827479246,555,On my way to Little League practice.
4549,2,4,60,66,1.121212121212121,0.05070666827479246,555,I read about it on Goop.
4549,0,8,58,66,1.121212121212121,0.040481665913459045,555,They call it 'artificial ingredients'.
4549,1,6,59,66,1.121212121212121,0.04587990563775582,555,We're opening a wet suit boutique in the lagoon.
4549,3,2,61,66,1.121212121212121,0.05511230963886662,555,Help! A mannequin-eating shark!
4549,3,2,61,66,1.121212121212121,0.05511230963886662,555,These crunchy ones taste so GMO artificial. Grab only 2-legged bobbers.
4549,1,6,59,66,1.121212121212121,0.04587990563775582,555,"I tried it too, I didn't care for it."
4549,2,4,60,66,1.121212121212121,0.05070666827479246,555,"I don't see what you see in Venus de Dummy, anyway."
4549,1,6,59,66,1.121212121212121,0.04587990563775582,555,What? I told you I'm going vegan!
4549,3,2,61,66,1.121212121212121,0.05511230963886662,555,"Mannequin? The guy that sold it to me said it was ""mankind."""
4549,1,6,59,66,1.121212121212121,0.04587990563775582,555,I'm never trying this diet again.
4549,0,8,58,66,1.121212121212121,0.040481665913459045,555,"Yeah, this is a total bust."
4549,0,8,58,66,1.121212121212121,0.040481665913459045,555,"I've got a sudden urge to learn CPR."""
4549,2,4,60,66,1.121212121212121,0.05070666827479246,555,"Oh, THAT ""Mannequin Challenge""..."
4549,1,6,59,66,1.121212121212121,0.04587990563775582,555,"I only eat all natural, free-range humans."
4549,2,4,60,66,1.121212121212121,0.05070666827479246,555,This one is not my favorite Ideal Protein snack.
4549,1,6,59,66,1.121212121212121,0.04587990563775582,555,I'm trying to teach you to always go for the arms so they can't swim away.
4549,1,6,59,66,1.121212121212121,0.04587990563775582,555,Did your mother never tell you not to talk with your mouth full?
4549,0,8,58,66,1.121212121212121,0.040481665913459045,555,I've started a new vegetarian diet.
4549,0,8,58,66,1.121212121212121,0.040481665913459045,555,Going vegan?
4549,2,4,60,66,1.121212121212121,0.05070666827479246,555,That was just dry run.The next one will be much tastier.
4549,1,6,59,66,1.121212121212121,0.04587990563775582,555,I detect that you are suffering from Mannequin Depressive Disorder
4549,2,4,60,66,1.121212121212121,0.05070666827479246,555,He does taste funny.
4549,1,6,59,66,1.121212121212121,0.04587990563775582,555,The new diet's just not working out.
4549,1,6,59,66,1.121212121212121,0.04587990563775582,555,You don't know how excited I get when I see a silhouette on the water!
4549,0,8,58,66,1.121212121212121,0.040481665913459045,555,...but uncommonly stringy.
4549,2,4,60,66,1.121212121212121,0.05070666827479246,555,I don't think that she's dressing for success.
4549,1,6,59,66,1.121212121212121,0.04587990563775582,555,"Diver tried to take this once. I told him ""Never get between a great white and his binky!"""
4549,1,6,59,66,1.121212121212121,0.04587990563775582,555,He's a little tough but it's supposed to be good for my gums.
4549,3,2,61,66,1.121212121212121,0.05511230963886662,555,"No, it doesn't taste like the real thing. It tastes like chicken!"
4549,1,6,59,66,1.121212121212121,0.04587990563775582,555,This is my Oscar for Actor in a Supporting Role in 2014. I won it at the Super Bowl.
4549,1,6,59,66,1.121212121212121,0.04587990563775582,555,"Normally I would share, but someone beat me to the limbs."
4549,2,4,60,66,1.121212121212121,0.05070666827479246,555,"No, no, no... I said ""can o' man""."
4549,0,8,58,66,1.121212121212121,0.040481665913459045,555,"It keeps the weight off, but I can't wait to get back on a normal diet."
4549,1,6,59,66,1.121212121212121,0.04587990563775582,555,"Well, if you aren't just the cutest little binky baby!"
4549,1,6,59,66,1.121212121212121,0.04587990563775582,555,So much fake food these days
4549,2,4,60,66,1.121212121212121,0.05070666827479246,555,Live every week like it's fashion week.
4549,1,6,59,66,1.121212121212121,0.04587990563775582,555,We're bottom feeders. We get the leftovers.
4549,1,6,59,66,1.121212121212121,0.04587990563775582,555,I was told the movie was a fiction but this is ridiculous!
4549,3,2,61,66,1.121212121212121,0.05511230963886662,555,"I thought you said you'd caught a nice, big juicy one."" "" I did . . . using alternative facts."
4549,1,6,59,66,1.121212121212121,0.04587990563775582,555,"Uhm... If those are the bots, I prefer the old-fashioned humans."
4549,1,6,59,66,1.121212121212121,0.04587990563775582,555,Taste is on the tooth of the beholder.
4549,2,4,60,66,1.121212121212121,0.05070666827479246,555,The rising ocean has brought fresh opportunities in feeding.
4549,1,6,59,66,1.121212121212121,0.04587990563775582,555,Don't laugh: it's my Fashion Week diet.
4549,2,4,60,66,1.121212121212121,0.05070666827479246,555,Haven't you learned that you'll never digest anything without arms?
4549,3,2,61,66,1.121212121212121,0.05511230963886662,555,At least we know the Nutrition Facts!
4549,1,6,59,66,1.121212121212121,0.04587990563775582,555,It's a little dry but it comes with that neat free toothpick...
4549,2,4,60,66,1.121212121212121,0.05070666827479246,555,I heard Invisilign would straighten your bite.
4549,1,6,59,66,1.121212121212121,0.04587990563775582,555,I'm on an elimination diet.
4549,0,8,58,66,1.121212121212121,0.040481665913459045,555,UGH! It's really well done.
4549,0,8,58,66,1.121212121212121,0.040481665913459045,555,"No limbs, but crunchier!"
4549,1,6,59,66,1.121212121212121,0.04587990563775582,555,"So, I like to play dress up with the dummy."
4549,2,4,60,66,1.121212121212121,0.05070666827479246,555,"I still don't understand what the big fuss is over ""organic."""
4549,2,4,60,66,1.121212121212121,0.05070666827479246,555,Do you need toothpick?
4549,1,6,59,66,1.121212121212121,0.04587990563775582,555,I'm on a diet. You can't even taste the difference.
4549,1,6,59,66,1.121212121212121,0.04587990563775582,555,"You know, I like the weight loss from this diet, but sometimes I still miss real food."
4549,0,8,58,66,1.121212121212121,0.040481665913459045,555,"The sign said ""fresh"", but I think I was scammed."
4549,1,6,59,66,1.121212121212121,0.04587990563775582,555,I finally got Mr. Wonderful.
4549,2,4,60,66,1.121212121212121,0.05070666827479246,555,Need salt?
4549,0,8,58,66,1.121212121212121,0.040481665913459045,555,"I said ""man"" , not ""mannequin"""
4549,0,8,58,66,1.121212121212121,0.040481665913459045,555,Designer sharks.
4549,2,4,60,66,1.121212121212121,0.05070666827479246,555,They let you do it
4549,1,6,59,66,1.121212121212121,0.04587990563775582,555,Going vegan is easier than it looks
4549,0,8,58,66,1.121212121212121,0.040481665913459045,555,Bloomingdales had a sail.
4549,1,6,59,66,1.121212121212121,0.04587990563775582,555,I'm auditioning for Fashion Week.
4549,2,4,60,66,1.121212121212121,0.05070666827479246,555,"""...a decoy ?? -- I THOUGHT he was a little stale! ""  submitted bt Neil L. Sachs. Monmouth Junction, NJ"
4549,0,8,58,66,1.121212121212121,0.040481665913459045,555,And I take it you didn't find a shirt for the interview?
4549,1,6,59,66,1.121212121212121,0.04587990563775582,555,"I have to keep swimming, so I went with a different mannequin challenge."
4549,2,4,60,66,1.121212121212121,0.05070666827479246,555,But isn't today Meatless Monday?
4549,1,6,59,66,1.121212121212121,0.04587990563775582,555,I thought I smelled dye in the water.
4549,1,6,59,66,1.121212121212121,0.04587990563775582,555,You said we’re MAN-eaters?
4549,2,4,60,66,1.121212121212121,0.05070666827479246,555,I'm trying the new low carb diet.
4549,2,4,60,66,1.121212121212121,0.05070666827479246,555,I've heard of the early bird catching the worm but this is ridiculous.
4549,0,8,58,66,1.121212121212121,0.040481665913459045,555,It's low carb
4549,1,6,59,66,1.121212121212121,0.04587990563775582,555,An important first step in the evolution of needle-nosed sharks.
4549,2,4,60,66,1.121212121212121,0.05070666827479246,555,I came home along the beach front tonight.
4549,2,4,60,66,1.121212121212121,0.05070666827479246,555,Why can't I find MY body type?
4549,2,4,60,66,1.121212121212121,0.05070666827479246,555,This really is a challenge.
4864,1,6,60,67,1.1194029850746268,0.045226141960648454,555,"Yeah it's a little tasteless, but it fills me up, and it's non-fattening."
4864,0,8,59,67,1.1194029850746268,0.039913905875911725,555,I think I found Dory
4864,2,4,61,67,1.1194029850746268,0.04997687416213937,555,Want some?
4864,1,6,60,67,1.1194029850746268,0.045226141960648454,555,They just aren't as good as they used to be
4864,2,4,61,67,1.1194029850746268,0.04997687416213937,555,I'll show them a mannequin challenge.
4864,2,4,61,67,1.1194029850746268,0.04997687416213937,555,"Like sharks, fashion must keep moving forward."
4864,1,6,60,67,1.1194029850746268,0.045226141960648454,555,"I know, I know--but I'm on a low carb diet."
4864,2,4,61,67,1.1194029850746268,0.04997687416213937,555,I got it on sale!
4864,1,6,60,67,1.1194029850746268,0.045226141960648454,555,"Actually, I prefer ersatz to simulacra"
4864,0,8,59,67,1.1194029850746268,0.039913905875911725,555,No! I said bring me a MAN!
4864,1,6,60,67,1.1194029850746268,0.045226141960648454,555,I'm flossing.
4864,1,6,60,67,1.1194029850746268,0.045226141960648454,555,It needs salt.
4864,1,6,60,67,1.1194029850746268,0.045226141960648454,555,The naked co-ed swimmer patch wasn't working.
4864,2,4,61,67,1.1194029850746268,0.04997687416213937,555,These auditions never get any easier.
4864,3,2,62,67,1.1194029850746268,0.05431364456001733,555,"When I asked you to head over to the beach and bring me back something to eat, that's not exactly what I had been in mind."
4864,1,6,60,67,1.1194029850746268,0.045226141960648454,555,"Yeah, she's unusually tough, but my teeth will grow back."
4864,1,6,60,67,1.1194029850746268,0.045226141960648454,555,Do you think this will work for our Spring Collection?
4864,1,6,60,67,1.1194029850746268,0.045226141960648454,555,They tasted better while they were still using paper mache.
4864,2,4,61,67,1.1194029850746268,0.04997687416213937,555,"Yes, low fat, but you have to eat them before they get soggy."
4864,1,6,60,67,1.1194029850746268,0.045226141960648454,555,"I got duped, Mabel, by an alternative fact."
4864,1,6,60,67,1.1194029850746268,0.045226141960648454,555,I'm trying a new bait
4864,1,6,60,67,1.1194029850746268,0.045226141960648454,555,Mannequin Challenge or what
4864,1,6,60,67,1.1194029850746268,0.045226141960648454,555,It's great if you don't mind a little chewy.
4864,2,4,61,67,1.1194029850746268,0.04997687416213937,555,look mom! I'm practicing in case a belligerent old man with orange hair falls in!
4864,2,4,61,67,1.1194029850746268,0.04997687416213937,555,It tastes a little fishy
4864,2,4,61,67,1.1194029850746268,0.04997687416213937,555,"Sylvia, it tastes a little bland without dressing."
4864,1,6,60,67,1.1194029850746268,0.045226141960648454,555,you ALMOST bit a surfboard dumb ass....
4864,1,6,60,67,1.1194029850746268,0.045226141960648454,555,mannequin challenge?
4864,0,8,59,67,1.1194029850746268,0.039913905875911725,555,Jaws didn't have to use a teething toy.
4864,1,6,60,67,1.1194029850746268,0.045226141960648454,555,Things got a little frenzied.
4894,0,7,58,65,1.1076923076923078,0.038748926306942086,555,I think I caught some alternative facts.
4894,1,5,59,65,1.1076923076923078,0.04452244962611625,555,This new packaging material is difficult to open.)
4894,1,5,59,65,1.1076923076923078,0.04452244962611625,555,I'm fishing for lunch in the garment district.
4894,1,5,59,65,1.1076923076923078,0.04452244962611625,555,This krill shortage is killing me.
4894,0,7,58,65,1.1076923076923078,0.038748926306942086,555,I don't care about the taste . . . it's whatever is in style!
4894,1,5,59,65,1.1076923076923078,0.04452244962611625,555,It had a dress from the Lady Gaga Collection on it. You know I can't resist high end chum!
4894,1,5,59,65,1.1076923076923078,0.04452244962611625,555,did you ever try to clean one of those things?
4894,1,5,59,65,1.1076923076923078,0.04452244962611625,555,"Good, now one inch to the left..."
4894,0,7,58,65,1.1076923076923078,0.038748926306942086,555,It was love at first bite.
4894,1,5,59,65,1.1076923076923078,0.04452244962611625,555,"I don't know what you've been eating lately, but your dorsal fin looks much better."
4894,1,5,59,65,1.1076923076923078,0.04452244962611625,555,I'm trying out the South Beach diet.
4894,0,7,58,65,1.1076923076923078,0.038748926306942086,555,'' Yeah definitely cousin Georges's handiwork he always takes the arms first''
4894,1,5,59,65,1.1076923076923078,0.04452244962611625,555,The mannequin challenge is not a competitive eating competition.
4894,1,5,59,65,1.1076923076923078,0.04452244962611625,555,"Easy,doesn't feed us"
4894,2,3,60,65,1.1076923076923078,0.049628799617553614,555,I'm still hungry after eating all those Victoria's Secret models. They actually GAVE me more hunger!
4894,1,5,59,65,1.1076923076923078,0.04452244962611625,555,Now explain the reason for the Tic-Tacs.
4894,0,7,58,65,1.1076923076923078,0.038748926306942086,555,So is this what you meant by going vegetarian?
4894,1,5,59,65,1.1076923076923078,0.04452244962611625,555,He lost the mannequin challenge
4894,1,5,59,65,1.1076923076923078,0.04452244962611625,555,"It's about all I can get my teeth into, these days."
4894,1,5,59,65,1.1076923076923078,0.04452244962611625,555,This one needs tenderizing!
4894,1,5,59,65,1.1076923076923078,0.04452244962611625,555,Hah! This time I got the Oscar
4894,1,5,59,65,1.1076923076923078,0.04452244962611625,555,It doesn't taste the same
4894,1,5,59,65,1.1076923076923078,0.04452244962611625,555,"Sharon, do you have any idea how many artificial ingredients are in that thing?"
4894,1,5,59,65,1.1076923076923078,0.04452244962611625,555,I don't think that's what they meant by 'the mannequin challenge.'
4894,1,5,59,65,1.1076923076923078,0.04452244962611625,555,Is this what you meant by grab 'em by the #&$$%?
4894,0,7,58,65,1.1076923076923078,0.038748926306942086,555,I got us something a little different to try for dinner.
4894,1,5,59,65,1.1076923076923078,0.04452244962611625,555,It's a gift from my lawyer.
4894,1,5,59,65,1.1076923076923078,0.04452244962611625,555,I couldn't stop myself from biting on to this sale.
4894,0,7,58,65,1.1076923076923078,0.038748926306942086,555,Squirt out the ketchup and I'll take your picture.
4894,1,5,59,65,1.1076923076923078,0.04452244962611625,555,"OMG, is that organic?"
4894,1,5,59,65,1.1076923076923078,0.04452244962611625,555,Does this mannequin make me look fat?
4894,1,5,59,65,1.1076923076923078,0.04452244962611625,555,It takes awful ... But it's very fashionable cuisine.
4894,0,7,58,65,1.1076923076923078,0.038748926306942086,555,Found him floating over there. Must have been a real dummy.
4894,1,5,59,65,1.1076923076923078,0.04452244962611625,555,"Yes, another screen test for Jaws!"
4894,1,5,59,65,1.1076923076923078,0.04452244962611625,555,I thought manikin was an appetizer.
4894,1,5,59,65,1.1076923076923078,0.04452244962611625,555,Perfect for training the kids. I'm calling it Man-U-Can.
4894,2,3,60,65,1.1076923076923078,0.049628799617553614,555,"I was told it was a model of rectitude."""
4894,1,5,59,65,1.1076923076923078,0.04452244962611625,555,I captured a human platform. Now we can beta test our programming language.
4894,0,7,58,65,1.1076923076923078,0.038748926306942086,555,These artificial lures are really getting to be realistic
4894,2,3,60,65,1.1076923076923078,0.049628799617553614,555,What? You said you didn't like that dress.
4894,1,5,59,65,1.1076923076923078,0.04452244962611625,555,It looked like an adult but I got Trumped!
4894,2,3,60,65,1.1076923076923078,0.049628799617553614,555,"Roger, I thought I told you to get fresh human. The kind that wiggles."
4894,3,1,61,65,1.1076923076923078,0.05425667684486878,555,It's Oprah's new diet plan.
4894,1,5,59,65,1.1076923076923078,0.04452244962611625,555,This non-fat food is tasteless!
4894,2,3,60,65,1.1076923076923078,0.049628799617553614,555,This is a much better designed human.
4894,2,3,60,65,1.1076923076923078,0.049628799617553614,555,Man I can eat this all day.
4894,3,1,61,65,1.1076923076923078,0.05425667684486878,555,ANOTHER VICTIM OF BAIT AND SWITCH!
4894,0,7,58,65,1.1076923076923078,0.038748926306942086,555,"Try it! Satisfying extra crunch mouth-feel, and 0 calories."
4894,2,3,60,65,1.1076923076923078,0.049628799617553614,555,It looks real.....do you think it contains any G.M.O.'s??
4894,1,5,59,65,1.1076923076923078,0.04452244962611625,555,This fella must have been in the sun too long.
4894,0,7,58,65,1.1076923076923078,0.038748926306942086,555,Oprah recommended it on Weight Watchers -- 15% better than my last diet.
4894,2,3,60,65,1.1076923076923078,0.049628799617553614,555,Somebody is messing with Mother Nature.
4894,0,7,58,65,1.1076923076923078,0.038748926306942086,555,I see you're on that low-fat diet again.
4894,0,7,58,65,1.1076923076923078,0.038748926306942086,555,Congrats! I knew someday you'd win an Oscar for your New Wave eviscerations.
4894,0,7,58,65,1.1076923076923078,0.038748926306942086,555,"I know it's not organic, but it was wearing haute couture."
4894,1,5,59,65,1.1076923076923078,0.04452244962611625,555,"Now, remember - Your approach is everything. Don't ""wishbone"" it. Eventually, you're going to want to swallow."
4894,0,7,58,65,1.1076923076923078,0.038748926306942086,555,"Since going vegan, I eat only meat substitutes."
4894,0,7,58,65,1.1076923076923078,0.038748926306942086,555,Clothes don't always make the man
4894,2,3,60,65,1.1076923076923078,0.049628799617553614,555,Get your own Bob
4894,0,7,58,65,1.1076923076923078,0.038748926306942086,555,"Of course I'm still a vegan, but these things remind me so much of meat....and I really miss meat!"
4894,1,5,59,65,1.1076923076923078,0.04452244962611625,555,"Yeah, I know, but now it's stuck in there."
4894,2,3,60,65,1.1076923076923078,0.049628799617553614,555,"Hey I know, but it tastes better than some dead white man writer who drank too much and fell out of his boat."
4894,1,5,59,65,1.1076923076923078,0.04452244962611625,555,I still don't understand the mannequin challenge.
4894,0,7,58,65,1.1076923076923078,0.038748926306942086,555,"It may not be the real thing, but it's a workout for the jaws."
4894,0,7,58,65,1.1076923076923078,0.038748926306942086,555,It's an alternative factsimile.
4894,1,5,59,65,1.1076923076923078,0.04452244962611625,555,We donated the arms and legs to maritime research.
4894,0,7,58,65,1.1076923076923078,0.038748926306942086,555,I just got my Temps !
4894,2,3,60,65,1.1076923076923078,0.049628799617553614,555,It's my alternative fact.
4894,0,7,58,65,1.1076923076923078,0.038748926306942086,555,The CIA said this is just a practice run.
4894,1,5,59,65,1.1076923076923078,0.04452244962611625,555,"""Looks like you got one them ""Alternate Facts"" there."
4894,0,7,58,65,1.1076923076923078,0.038748926306942086,555,What a dummy...thought I had her.
4894,0,7,58,65,1.1076923076923078,0.038748926306942086,555,You're telling me mixed marriages can't succeed?
4894,0,7,58,65,1.1076923076923078,0.038748926306942086,555,Not much flavor...
4894,1,5,59,65,1.1076923076923078,0.04452244962611625,555,Don't worry: it's gluten free.
4894,1,5,59,65,1.1076923076923078,0.04452244962611625,555,Only 10% of us make it to the last week of training.
4894,1,5,59,65,1.1076923076923078,0.04452244962611625,555,I really hate that Mediterranean diet.
4894,0,7,58,65,1.1076923076923078,0.038748926306942086,555,The mannequin challenge is so 2016
4894,3,1,61,65,1.1076923076923078,0.05425667684486878,555,YOUR ATTORNEY'S LOGO HERE
4894,1,5,59,65,1.1076923076923078,0.04452244962611625,555,Stop complaining! Our kid's gonna rock the class at Show and Tell.
4894,0,7,58,65,1.1076923076923078,0.038748926306942086,555,I got it at a sale in Manhattan Beach.
4894,0,7,58,65,1.1076923076923078,0.038748926306942086,555,It tasts kind of rubbery.
4894,0,7,58,65,1.1076923076923078,0.038748926306942086,555,So how is the new diet going
4894,0,7,58,65,1.1076923076923078,0.038748926306942086,555,It's for my Chelsea installation.
4894,0,7,58,65,1.1076923076923078,0.038748926306942086,555,I'll go get the mustard and mayo.
4894,1,5,59,65,1.1076923076923078,0.04452244962611625,555,I'm trying to cut down on gluten
4894,2,3,60,65,1.1076923076923078,0.049628799617553614,555,"Do you think that's what they meant by ""Throw that Fifth Avenue dummy at the bottom of the ocean!""?"
4894,1,5,59,65,1.1076923076923078,0.04452244962611625,555,Doc suggested it to curb my habit.
4894,1,5,59,65,1.1076923076923078,0.04452244962611625,555,Artificial surfers - not nearly as tasty as natural ones.
4894,0,7,58,65,1.1076923076923078,0.038748926306942086,555,Wrong mannequin challenge.
4894,2,3,60,65,1.1076923076923078,0.049628799617553614,555,"I know they say spit it out if it's not food, but I kind of like the mouth feel."
4894,0,7,58,65,1.1076923076923078,0.038748926306942086,555,I told you GMOs were going to destroy the food supply.
4894,1,5,59,65,1.1076923076923078,0.04452244962611625,555,"Get off your soap box, Frank! This may qualify as ""empty"" calories but it's not GMO!"
4894,1,5,59,65,1.1076923076923078,0.04452244962611625,555,"No humans today, so I opted for this ""alternative fact."""
4894,1,5,59,65,1.1076923076923078,0.04452244962611625,555,They're strictly online now
4894,3,1,61,65,1.1076923076923078,0.05425667684486878,555,Card-Sharks Against Humannequins
4894,1,5,59,65,1.1076923076923078,0.04452244962611625,555,Meh. I'd rather eat half a real one.
4894,2,3,60,65,1.1076923076923078,0.049628799617553614,555,What kind of cruel hoax is this?
4894,0,7,58,65,1.1076923076923078,0.038748926306942086,555,This is a dry run.
4894,1,5,59,65,1.1076923076923078,0.04452244962611625,555,"Come on Mom, can I keep him?"
4894,0,7,58,65,1.1076923076923078,0.038748926306942086,555,"Ah, are you teething again?"
4894,1,5,59,65,1.1076923076923078,0.04452244962611625,555,I'm on the latest low-fat diet.
4894,1,5,59,65,1.1076923076923078,0.04452244962611625,555,It's awful ! No blood and tastes like buoy !
4894,3,1,61,65,1.1076923076923078,0.05425667684486878,555,His suit was not empty.
4894,1,5,59,65,1.1076923076923078,0.04452244962611625,555,This kind taste way better.
4894,0,7,58,65,1.1076923076923078,0.038748926306942086,555,I got the idea from those plastic cigarettes. Now I won't have to eat another diver for a week!
4894,2,3,60,65,1.1076923076923078,0.049628799617553614,555,"Well, I'll be. . . a mannequin-eating shark!"
4894,1,5,59,65,1.1076923076923078,0.04452244962611625,555,It's the best I could find now that global trade has stopped.
4894,1,5,59,65,1.1076923076923078,0.04452244962611625,555,We need to prowl at a different pier and get further away from Macy's!
4894,0,7,58,65,1.1076923076923078,0.038748926306942086,555,"So yea, I finally went vegan"
4894,2,3,60,65,1.1076923076923078,0.049628799617553614,555,I've gone vegan. It tastes almost the same as the real thing.
4894,1,5,59,65,1.1076923076923078,0.04452244962611625,555,It's a real challenge to eat this instead of humans.
4894,2,3,60,65,1.1076923076923078,0.049628799617553614,555,There is a shortage of mermaids this year.
4894,1,5,59,65,1.1076923076923078,0.04452244962611625,555,So ... I took him in a little bit!
4894,0,7,58,65,1.1076923076923078,0.038748926306942086,555,Substituting.
4894,3,1,61,65,1.1076923076923078,0.05425667684486878,555,I thought it was a seal.
4894,0,7,58,65,1.1076923076923078,0.038748926306942086,555,"Now son, watch me once again; maybe you'll get it right THIS time!"
4894,1,5,59,65,1.1076923076923078,0.04452244962611625,555,"Well, I just learned one thing. Never go for the drumstick."
4894,1,5,59,65,1.1076923076923078,0.04452244962611625,555,Don't you know junk food is not in fashion?
4894,2,3,60,65,1.1076923076923078,0.049628799617553614,555,How do you like my waterproof GPS system?
4894,1,5,59,65,1.1076923076923078,0.04452244962611625,555,"You fell for that window display hook, line and sinker."
4894,2,3,60,65,1.1076923076923078,0.049628799617553614,555,It doesn't taste as good if it's not authentic from the boardwalk.
4894,0,7,58,65,1.1076923076923078,0.038748926306942086,555,I'm going vegan or bust.
4894,2,3,60,65,1.1076923076923078,0.049628799617553614,555,I beat Meryl
4894,2,3,60,65,1.1076923076923078,0.049628799617553614,555,That's it! I'm switching to organic.
4894,2,3,60,65,1.1076923076923078,0.049628799617553614,555,"Got this for the mannequin challenge."" ""Dude, if you stop swimming, you'll drown."
4894,0,7,58,65,1.1076923076923078,0.038748926306942086,555,The mannequin challenge really jumped the shark
4894,0,7,58,65,1.1076923076923078,0.038748926306942086,555,They said I have an overbite.
4894,1,5,59,65,1.1076923076923078,0.04452244962611625,555,"I told you to get me fish, and you brought me this? Are you even a shark?"
4894,2,3,60,65,1.1076923076923078,0.049628799617553614,555,I was so embarrassed at the last frenzy that I enrolled in NutraShark. Tastes like vegan.
4894,1,5,59,65,1.1076923076923078,0.04452244962611625,555,It's okay. It's gluten-free.
4894,1,5,59,65,1.1076923076923078,0.04452244962611625,555,"Good job Darling, now let's get crunchy and soft ones."
4894,0,7,58,65,1.1076923076923078,0.038748926306942086,555,Check out my new toothbrush.
4894,1,5,59,65,1.1076923076923078,0.04452244962611625,555,Why the long face?
4894,0,7,58,65,1.1076923076923078,0.038748926306942086,555,Pass it off carefully. We're five seconds behind the hammerheads.
4894,1,5,59,65,1.1076923076923078,0.04452244962611625,555,This one hurts my teeth.
4894,2,3,60,65,1.1076923076923078,0.049628799617553614,555,Dummy is as dummy does... (left shark thought balloon)
4894,0,7,58,65,1.1076923076923078,0.038748926306942086,555,I think you're taking your New Year's diet resolution too seriously.
4894,1,5,59,65,1.1076923076923078,0.04452244962611625,555,You've got to be kidding!
4894,2,3,60,65,1.1076923076923078,0.049628799617553614,555,My eye-sight is going
4894,2,3,60,65,1.1076923076923078,0.049628799617553614,555,how are we suppose to conform to these human ideals when everyone looks the same from down here
4894,2,3,60,65,1.1076923076923078,0.049628799617553614,555,"so seeing how there are no legs and arms, its the thought that counts?"
4894,2,3,60,65,1.1076923076923078,0.049628799617553614,555,Think I should bring my invention on Shark Tank?
4894,2,3,60,65,1.1076923076923078,0.049628799617553614,555,"¡¡Jesus, Maria y Jose, que pendejo!!"
4894,0,7,58,65,1.1076923076923078,0.038748926306942086,555,I did already have lunch. This is a protest against crass consumerism.
4894,0,7,58,65,1.1076923076923078,0.038748926306942086,555,Think I'll need to see my dentist.
4894,1,5,59,65,1.1076923076923078,0.04452244962611625,555,This is what's in store for us.
4894,0,7,58,65,1.1076923076923078,0.038748926306942086,555,This is going viral.
4894,1,5,59,65,1.1076923076923078,0.04452244962611625,555,We're gonna need a bigger boutique.
4894,2,3,60,65,1.1076923076923078,0.049628799617553614,555,"Oh yeah, you're on top of your game."
4894,1,5,59,65,1.1076923076923078,0.04452244962611625,555,Only fifty bucks! The guy said they're all the rage in Europe.
4894,0,7,58,65,1.1076923076923078,0.038748926306942086,555,"You wouldn't happen to have a toothpick on you, would you?"
4894,2,3,60,65,1.1076923076923078,0.049628799617553614,555,Do you honestly think that Ralph Lauren started this way?
4894,1,5,59,65,1.1076923076923078,0.04452244962611625,555,"Dude, where are the fins?"
4894,0,7,58,65,1.1076923076923078,0.038748926306942086,555,eBay... again!
4894,2,3,60,65,1.1076923076923078,0.049628799617553614,555,It's tofu.
4894,0,7,58,65,1.1076923076923078,0.038748926306942086,555,Frank was serious about his Human-free diet this year.
4894,1,5,59,65,1.1076923076923078,0.04452244962611625,555,This is proving to be more of a challenge than I expected.
4894,0,7,58,65,1.1076923076923078,0.038748926306942086,555,"I'm practicing for halftime - ""Revenge of the Left Shark""!"
4894,1,5,59,65,1.1076923076923078,0.04452244962611625,555,This never would have happened if we built that net.
4894,0,7,58,65,1.1076923076923078,0.038748926306942086,555,"No, look-alikes don't count ."
4894,2,3,60,65,1.1076923076923078,0.049628799617553614,555,Wanna bite? It's new from McMannequin's!
4894,1,5,59,65,1.1076923076923078,0.04452244962611625,555,He said to stop the carnage.
4894,0,7,58,65,1.1076923076923078,0.038748926306942086,555,On the surface it looked like a tasty treat
4894,0,7,58,65,1.1076923076923078,0.038748926306942086,555,I'm glucose intolerant
4894,2,3,60,65,1.1076923076923078,0.049628799617553614,555,How's the low-carb diet going?
4894,2,3,60,65,1.1076923076923078,0.049628799617553614,555,"I'm a victim of ""Alternate facts"""
4894,1,5,59,65,1.1076923076923078,0.04452244962611625,555,Chicks dig the man-eaters.
4894,1,5,59,65,1.1076923076923078,0.04452244962611625,555,Who would have thought someone would use real mannequins in the challenge?
4894,0,7,58,65,1.1076923076923078,0.038748926306942086,555,I'm on maneuvers.
4894,1,5,59,65,1.1076923076923078,0.04452244962611625,555,I need some Grey Poupon.
4894,0,7,58,65,1.1076923076923078,0.038748926306942086,555,Nice try buddy
4894,1,5,59,65,1.1076923076923078,0.04452244962611625,555,"Talk about a hard head, This Dummy went swimming without arms or legs!"
4894,1,5,59,65,1.1076923076923078,0.04452244962611625,555,I'm practicing!
4894,2,3,60,65,1.1076923076923078,0.049628799617553614,555,I always wanted to be a size 2
4894,2,3,60,65,1.1076923076923078,0.049628799617553614,555,"It looks like real human, but the vegan option just doesn't taste the same."
4894,1,5,59,65,1.1076923076923078,0.04452244962611625,555,"Hey, I got you one, too!"
4894,3,1,61,65,1.1076923076923078,0.05425667684486878,555,I won 1st place in the who can eat the mannequin challenge!
4894,2,3,60,65,1.1076923076923078,0.049628799617553614,555,What? I couldn't find a human dummy.
4894,1,5,59,65,1.1076923076923078,0.04452244962611625,555,"This one is too bland for me, do you want it?"
4894,1,5,59,65,1.1076923076923078,0.04452244962611625,555,It's a bite by number game for the kids.
4894,0,7,58,65,1.1076923076923078,0.038748926306942086,555,"This is legal in California, right?"
4894,1,5,59,65,1.1076923076923078,0.04452244962611625,555,That dressmaker was really agile.
4894,0,7,58,65,1.1076923076923078,0.038748926306942086,555,"My doctor recommended this. She said it would help me overcome my addiction."""
4894,1,5,59,65,1.1076923076923078,0.04452244962611625,555,You're the only one that takes me seriously.
4894,1,5,59,65,1.1076923076923078,0.04452244962611625,555,Sometimes this is the closest you get to the real thing.
4894,2,3,60,65,1.1076923076923078,0.049628799617553614,555,"The guy from American Apparel threw it at me and said 'Go ahead, take the rest of it.'"
4894,1,5,59,65,1.1076923076923078,0.04452244962611625,555,I'm going vegetarian.
4894,2,3,60,65,1.1076923076923078,0.049628799617553614,555,Dr. Oz is recommending a high-fiber diet
4894,1,5,59,65,1.1076923076923078,0.04452244962611625,555,'Haven't you heard?  Alternative food chain has just been decreed by new executive order.'
4894,2,3,60,65,1.1076923076923078,0.049628799617553614,555,I thought it was better to take advantage of a creature that had already lost its arms and legs
4894,1,5,59,65,1.1076923076923078,0.04452244962611625,555,"The tailor said a hounds tooth print, not sharks tooth."
4894,1,5,59,65,1.1076923076923078,0.04452244962611625,555,"It's kind of tough, must be leftovers."
4894,0,7,58,65,1.1076923076923078,0.038748926306942086,555,Just my size
4894,1,5,59,65,1.1076923076923078,0.04452244962611625,555,they think they will lure us using a dummy
4894,1,5,59,65,1.1076923076923078,0.04452244962611625,555,I brought extra crunchy
4894,2,3,60,65,1.1076923076923078,0.049628799617553614,555,I got it on impulse at the North Pacific Gyre.
4894,2,3,60,65,1.1076923076923078,0.049628799617553614,555,We've got to hide this quick. I heard Trump ordered a sharkskin suit.
4894,1,5,59,65,1.1076923076923078,0.04452244962611625,555,No arms. No legs. I'm out.
4894,2,3,60,65,1.1076923076923078,0.049628799617553614,555,You said to find low-cal
4894,1,5,59,65,1.1076923076923078,0.04452244962611625,555,"You'll have to do better than that if you want to go out with me, killer!"
4894,1,5,59,65,1.1076923076923078,0.04452244962611625,555,I don't think that's how the mannequin challenge works...
4894,1,5,59,65,1.1076923076923078,0.04452244962611625,555,I agreed to dress Melania if I could be Secretary of Fish.
4894,1,5,59,65,1.1076923076923078,0.04452244962611625,555,"It's a great workout, and it comes with a DVD."
4894,1,5,59,65,1.1076923076923078,0.04452244962611625,555,Lori thinks it will be huge on QVC!
4894,1,5,59,65,1.1076923076923078,0.04452244962611625,555,I'm strictly vegetarian.
4894,2,3,60,65,1.1076923076923078,0.049628799617553614,555,Too much salt?
4894,1,5,59,65,1.1076923076923078,0.04452244962611625,555,I do not want to talk about it... My girlfriend wants me to be vegetarian with her.
4894,0,7,58,65,1.1076923076923078,0.038748926306942086,555,They're less tasty this year.
4894,0,7,58,65,1.1076923076923078,0.038748926306942086,555,You don't have to be a bear to prove that Macy's is underwater now.
4894,2,3,60,65,1.1076923076923078,0.049628799617553614,555,"I'll stay still, you film."
4894,1,5,59,65,1.1076923076923078,0.04452244962611625,555,Now you take a video while I stay very still.
4894,1,5,59,65,1.1076923076923078,0.04452244962611625,555,It looked real good on the seanet.
4894,1,5,59,65,1.1076923076923078,0.04452244962611625,555,I though mannequin meant small guy.
4894,1,5,59,65,1.1076923076923078,0.04452244962611625,555,What? You need to replace your hearing aid batteries again. I asked you to bring me a man.
4894,1,5,59,65,1.1076923076923078,0.04452244962611625,555,I'm a new humanitarian.
4894,1,5,59,65,1.1076923076923078,0.04452244962611625,555,I'm going organic next week.
4894,1,5,59,65,1.1076923076923078,0.04452244962611625,555,All my interns have to practice first.
4894,1,5,59,65,1.1076923076923078,0.04452244962611625,555,Hah. I wish it tasted like chicken.
4894,0,7,58,65,1.1076923076923078,0.038748926306942086,555,"With all the conveniences they've invented, this is what humans have evolved to."
4894,1,5,59,65,1.1076923076923078,0.04452244962611625,555,Our mannequin challenge is to neither sink nor swim.
4894,0,7,58,65,1.1076923076923078,0.038748926306942086,555,It's a fat-free cracker - doc's orders.
4894,1,5,59,65,1.1076923076923078,0.04452244962611625,555,Wanna play ?
4894,0,7,58,65,1.1076923076923078,0.038748926306942086,555,Stop complaining......just send it back if its that bad
4894,1,5,59,65,1.1076923076923078,0.04452244962611625,555,I see you've passed Diver's Ed.
4894,2,3,60,65,1.1076923076923078,0.049628799617553614,555,you know those artificial sweeteners can be just as bad for you...
4894,1,5,59,65,1.1076923076923078,0.04452244962611625,555,You're fired!
4894,2,3,60,65,1.1076923076923078,0.049628799617553614,555,We're not supposed to eat the hosts.
4894,0,7,58,65,1.1076923076923078,0.038748926306942086,555,"Our chef's take on ""the swimmer"" is made from seitan and kelp butter."
4894,1,5,59,65,1.1076923076923078,0.04452244962611625,555,They like me. They really like me.
4894,0,7,58,65,1.1076923076923078,0.038748926306942086,555,It feels like an alternative fact
4894,1,5,59,65,1.1076923076923078,0.04452244962611625,555,It's mine! We were playing Go Fish.
4894,1,5,59,65,1.1076923076923078,0.04452244962611625,555,It kind of tastes like surimi
4894,2,3,60,65,1.1076923076923078,0.049628799617553614,555,You've You've caught an alternative human
4894,1,5,59,65,1.1076923076923078,0.04452244962611625,555,This week's challenge uses unconventional materials.
4894,1,5,59,65,1.1076923076923078,0.04452244962611625,555,Damn nictating membrane.
4894,1,5,59,65,1.1076923076923078,0.04452244962611625,555,Keep on practicing!
4894,2,3,60,65,1.1076923076923078,0.049628799617553614,555,"It's man-eater, not mannequin eater !"
4894,1,5,59,65,1.1076923076923078,0.04452244962611625,555,"Unfortunately, it was a bloodless crew."
4894,0,7,58,65,1.1076923076923078,0.038748926306942086,555,I'm on a low protein diet.
4894,0,7,58,65,1.1076923076923078,0.038748926306942086,555,I just found out I'm allergic to neoprene.
4894,1,5,59,65,1.1076923076923078,0.04452244962611625,555,"From a distance, it looked like a human."
4894,1,5,59,65,1.1076923076923078,0.04452244962611625,555,I got him on sale near GW bridge!
4894,1,5,59,65,1.1076923076923078,0.04452244962611625,555,It is alternate food
4894,1,5,59,65,1.1076923076923078,0.04452244962611625,555,"I don't think I understood the lady right when she said that this one had ""great taste."""
4894,0,7,58,65,1.1076923076923078,0.038748926306942086,555,"Well, he looked like Steven Spielberg."
4894,2,3,60,65,1.1076923076923078,0.049628799617553614,555,The heteronormativity of the fashion industry leaves such a bad taste in my mouth.
4894,2,3,60,65,1.1076923076923078,0.049628799617553614,555,Nothing smells fishy around here.
4894,1,5,59,65,1.1076923076923078,0.04452244962611625,555,What do you mean we 'man-eaters?'
4894,1,5,59,65,1.1076923076923078,0.04452244962611625,555,Less calories.
4894,1,5,59,65,1.1076923076923078,0.04452244962611625,555,"No, I said lets go eat some people in Manasquan!"
4894,2,3,60,65,1.1076923076923078,0.049628799617553614,555,It's sad. He must have been tossed back after being sliced up for human arm soup.
4894,2,3,60,65,1.1076923076923078,0.049628799617553614,555,On an diet?
4894,0,7,58,65,1.1076923076923078,0.038748926306942086,555,I thought we could do the mannequin challenge.
4894,2,3,60,65,1.1076923076923078,0.049628799617553614,555,May I cut in?!
4894,1,5,59,65,1.1076923076923078,0.04452244962611625,555,Kicking the habit?
4894,2,3,60,65,1.1076923076923078,0.049628799617553614,555,The mannequin challenge is so 2016
4894,1,5,59,65,1.1076923076923078,0.04452244962611625,555,"""But I can dream, can't I""."
4894,1,5,59,65,1.1076923076923078,0.04452244962611625,555,New Year's Resolution #4: Eat less bushmeat
4894,1,5,59,65,1.1076923076923078,0.04452244962611625,555,My cardiologist put me on a low meat diet.
4894,2,3,60,65,1.1076923076923078,0.049628799617553614,555,I'm trying to lose a little weight.
4894,1,5,59,65,1.1076923076923078,0.04452244962611625,555,i want a divorce
4894,1,5,59,65,1.1076923076923078,0.04452244962611625,555,They have evolved.
4894,0,7,58,65,1.1076923076923078,0.038748926306942086,555,This diet is killing me!
4894,2,3,60,65,1.1076923076923078,0.049628799617553614,555,Junior's still teething.
4894,0,7,58,65,1.1076923076923078,0.038748926306942086,555,So when did you fall off the Paleo wagon?
4894,1,5,59,65,1.1076923076923078,0.04452244962611625,555,I got a good deal on it at the Macy's store closing sale!
4894,1,5,59,65,1.1076923076923078,0.04452244962611625,555,Not even fish eggs. I am totally vegan now!
4894,1,5,59,65,1.1076923076923078,0.04452244962611625,555,I grabbed an alternative dinner.
4894,1,5,59,65,1.1076923076923078,0.04452244962611625,555,I'm a vegan now.
4894,1,5,59,65,1.1076923076923078,0.04452244962611625,555,I was really hoping that this was real.
4894,0,7,58,65,1.1076923076923078,0.038748926306942086,555,"You said that you were on a low-fat diet, so..."
4894,0,7,58,65,1.1076923076923078,0.038748926306942086,555,Tastes like chicken. Of the sea.
4894,2,3,60,65,1.1076923076923078,0.049628799617553614,555,"Sorry honey, they were all out of license plates."
4894,0,7,58,65,1.1076923076923078,0.038748926306942086,555,Why can't I keep my binkey?
4894,2,3,60,65,1.1076923076923078,0.049628799617553614,555,Taste like mannequin.
4894,2,3,60,65,1.1076923076923078,0.049628799617553614,555,I do not do the m'enage 'a trois. I'm out!
4894,2,3,60,65,1.1076923076923078,0.049628799617553614,555,Vlad swears by this new diet.
4894,2,3,60,65,1.1076923076923078,0.049628799617553614,555,"Bad luck, nabbing this alternate."
4894,1,5,59,65,1.1076923076923078,0.04452244962611625,555,OK? Now you try it.
4894,2,3,60,65,1.1076923076923078,0.049628799617553614,555,"That's used for making pantsuits, we need pink yarn and knitting needles for Pussyhats."
4894,0,7,58,65,1.1076923076923078,0.038748926306942086,555,I think you're taking the vegetarianism a bit too far.
4894,3,1,61,65,1.1076923076923078,0.05425667684486878,555,"Are you on a diet? You're eating that pre-packaged, fake food."
4894,0,7,58,65,1.1076923076923078,0.038748926306942086,555,My Mommy says that it is better than a teething ring.
4894,1,5,59,65,1.1076923076923078,0.04452244962611625,555,Face it. You've hit rock bottom.
4894,2,3,60,65,1.1076923076923078,0.049628799617553614,555,You are always teething.
4894,1,5,59,65,1.1076923076923078,0.04452244962611625,555,Sad fact: This is dinner! Alt facts: Marine life over rated! It tastes just like chicken!
4894,1,5,59,65,1.1076923076923078,0.04452244962611625,555,My dentist was wrong; flossing is easier.
4894,1,5,59,65,1.1076923076923078,0.04452244962611625,555,Fake boobs? Sad!
4894,2,3,60,65,1.1076923076923078,0.049628799617553614,555,"Don't want to burst your bubble, but you're eating plastic, my friend."
4894,1,5,59,65,1.1076923076923078,0.04452244962611625,555,Wanna double-date? I got a real live one for you.
4894,1,5,59,65,1.1076923076923078,0.04452244962611625,555,"I thought they were calling me a dummy so, to prove them wrong, I grabbed this thing."
4894,2,3,60,65,1.1076923076923078,0.049628799617553614,555,Mannequins are for losers. Sad!
4894,1,5,59,65,1.1076923076923078,0.04452244962611625,555,"Yes, I also miss Project Runway on TV."
4894,0,7,58,65,1.1076923076923078,0.038748926306942086,555,I see you're messing around with that man again.
4894,1,5,59,65,1.1076923076923078,0.04452244962611625,555,"Take my cell phone, call your mother, and tell her you’ll never have what it takes to be a man-eater."
4894,2,3,60,65,1.1076923076923078,0.049628799617553614,555,"You're going to have to take it back, Joe. I'm not that easy."
4894,1,5,59,65,1.1076923076923078,0.04452244962611625,555,Where's the blood?
4894,1,5,59,65,1.1076923076923078,0.04452244962611625,555,Mom says so
4894,3,1,61,65,1.1076923076923078,0.05425667684486878,555,"Maybe it's the G.M.O.'s, but they've lost flavor lately."
4894,1,5,59,65,1.1076923076923078,0.04452244962611625,555,How did you score front row for Fashion Week?
4894,1,5,59,65,1.1076923076923078,0.04452244962611625,555,Tom Ford's yacht party must have been wild.
4894,3,1,61,65,1.1076923076923078,0.05425667684486878,555,I keep it with me just in case I want to run for president some day.
4894,2,3,60,65,1.1076923076923078,0.049628799617553614,555,He says to hold the pose.
4894,1,5,59,65,1.1076923076923078,0.04452244962611625,555,"Like Tim Gunn says, ""Make it work."""
4894,0,7,58,65,1.1076923076923078,0.038748926306942086,555,I need to practice until the real thing comes along!
4894,1,5,59,65,1.1076923076923078,0.04452244962611625,555,I am changing my diet to all fiber
4894,1,5,59,65,1.1076923076923078,0.04452244962611625,555,I prefer them al dente.
4894,1,5,59,65,1.1076923076923078,0.04452244962611625,555,It's a vegan substitute.
4894,3,1,61,65,1.1076923076923078,0.05425667684486878,555,Mathy's Great White Sale...
4894,2,3,60,65,1.1076923076923078,0.049628799617553614,555,I have Sillyass Disease.
4894,1,5,59,65,1.1076923076923078,0.04452244962611625,555,They don't come in full body?
4894,0,7,58,65,1.1076923076923078,0.038748926306942086,555,Doesn't taste as good. But I am losing weight.
4894,2,3,60,65,1.1076923076923078,0.049628799617553614,555,"Oh yeah, I had heard that she was desperate for a designer."
4894,2,3,60,65,1.1076923076923078,0.049628799617553614,555,"Tasstes like chicken, but too dry."
4894,2,3,60,65,1.1076923076923078,0.049628799617553614,555,Not mannequin eater?
4894,2,3,60,65,1.1076923076923078,0.049628799617553614,555,It's just too hard to eat organic sometimes.
4894,0,7,58,65,1.1076923076923078,0.038748926306942086,555,I am well aware it's a dummy. But I just happen to be teething.
4894,1,5,59,65,1.1076923076923078,0.04452244962611625,555,I see you took the bate.
4894,0,7,58,65,1.1076923076923078,0.038748926306942086,555,"Personally, I avoid artificial ingredients."
4894,0,7,58,65,1.1076923076923078,0.038748926306942086,555,"Frankly, I don't know what the big deal is with the Mannequin Challenge."
4894,1,5,59,65,1.1076923076923078,0.04452244962611625,555,It's called the mannequin eater challenge.
4894,1,5,59,65,1.1076923076923078,0.04452244962611625,555,I just need to learn to thread a needle...
4894,1,5,59,65,1.1076923076923078,0.04452244962611625,555,I'm a vegetarian.
4894,1,5,59,65,1.1076923076923078,0.04452244962611625,555,Something's fishy here.
4894,0,7,58,65,1.1076923076923078,0.038748926306942086,555,Can't talk. Have to get to Mood.
4894,1,5,59,65,1.1076923076923078,0.04452244962611625,555,"For a species that seems to swim well, this one sure is tough."
4894,1,5,59,65,1.1076923076923078,0.04452244962611625,555,The dress was not as chewy.
4894,2,3,60,65,1.1076923076923078,0.049628799617553614,555,"No you can't hang it on the wall, even if it DOESN'T sing!!!!"
4894,2,3,60,65,1.1076923076923078,0.049628799617553614,555,THE MERMAID GAVE ME MORE TROUBLE
4894,0,7,58,65,1.1076923076923078,0.038748926306942086,555,"I don’t approve of their living conditions, so I went vegan."
4894,0,7,58,65,1.1076923076923078,0.038748926306942086,555,She won the challenge.
4894,1,5,59,65,1.1076923076923078,0.04452244962611625,555,"Dang it, I thought I was finishing what you started."
4894,1,5,59,65,1.1076923076923078,0.04452244962611625,555,"The invitation said Dress Formally, not Dress Form"
4894,0,7,58,65,1.1076923076923078,0.038748926306942086,555,Let's chow down! 'e looks 'armless!
4894,0,7,58,65,1.1076923076923078,0.038748926306942086,555,"Waiter, look what I found in my plastic soup"
4894,1,5,59,65,1.1076923076923078,0.04452244962611625,555,"Well, the ""shark lives matter"" prostest went really badly, I think the ""Tofu-Man"" was totally taken the wrong way!"
4894,1,5,59,65,1.1076923076923078,0.04452244962611625,555,It's like training wheels for Junior.
4894,1,5,59,65,1.1076923076923078,0.04452244962611625,555,Damn! Mannequin-eating shark!
4894,1,5,59,65,1.1076923076923078,0.04452244962611625,555,"Not very tasty, but a pretty good chew toy."
4894,1,5,59,65,1.1076923076923078,0.04452244962611625,555,You want this? I'm trying to cut back on the amount of plastic I ingest.
4894,0,7,58,65,1.1076923076923078,0.038748926306942086,555,Are you sure this is free range with no fillers?
4894,2,3,60,65,1.1076923076923078,0.049628799617553614,555,Nouvelle Shmoovelle
4894,0,7,58,65,1.1076923076923078,0.038748926306942086,555,"Yes, dentures. How could you tell?"
4894,3,1,61,65,1.1076923076923078,0.05425667684486878,555,It looked like live bait to me.
4894,2,3,60,65,1.1076923076923078,0.049628799617553614,555,HUMANS HAVE LOST THEIR TASTE.
4894,2,3,60,65,1.1076923076923078,0.049628799617553614,555,"Better than nothing, I guess."
4894,0,7,58,65,1.1076923076923078,0.038748926306942086,555,I'm up for the lead in Sharknado IV.
4894,1,5,59,65,1.1076923076923078,0.04452244962611625,555,"I'm telling you, that's not how the mannequin challenge works."
4894,1,5,59,65,1.1076923076923078,0.04452244962611625,555,Did you say you caught him modeling sharkskin boots?
4894,2,3,60,65,1.1076923076923078,0.049628799617553614,555,"Before you eat it, see if it's gluten free."
4894,1,5,59,65,1.1076923076923078,0.04452244962611625,555,"I kept taking the wrong current, so now I take my GPS wherever I go."
4894,1,5,59,65,1.1076923076923078,0.04452244962611625,555,It's a perfectly viable meat alternative. You you try it.
4894,2,3,60,65,1.1076923076923078,0.049628799617553614,555,"If pizza is a vegetable, then this counts as protein."
4894,1,5,59,65,1.1076923076923078,0.04452244962611625,555,If anyone asks just say it's delicious and so much better than what the dolphins are having...
4894,1,5,59,65,1.1076923076923078,0.04452244962611625,555,I'm having a hard time making this about Trump!
4894,1,5,59,65,1.1076923076923078,0.04452244962611625,555,Wait! That's not how you do the mannequin callaenge!
4894,2,3,60,65,1.1076923076923078,0.049628799617553614,555,"""Jaws"" (1975)"
4894,2,3,60,65,1.1076923076923078,0.049628799617553614,555,We're redoing the kids' room in old training film props. Bob thinks it'll give them a leg up with Admissions.
4894,0,7,58,65,1.1076923076923078,0.038748926306942086,555,"Ah, an Alt-Surfer!"
4894,1,5,59,65,1.1076923076923078,0.04452244962611625,555,I said attack Trump's Tower - not tailor.
4894,1,5,59,65,1.1076923076923078,0.04452244962611625,555,Shaken or stirred?
5255,2,3,61,66,1.106060606060606,0.04889829547268706,555,It's fake because I'm on a die it.
5255,0,7,59,66,1.106060606060606,0.038192176787049927,555,I thought it was a seal.
5255,1,5,60,66,1.106060606060606,0.04387303082685012,555,In this economy?
5255,2,3,61,66,1.106060606060606,0.04889829547268706,555,You never actually own a Rodin.You merely take care of it for the next generation.
5255,1,5,60,66,1.106060606060606,0.04387303082685012,555,Tastes like turducken.
5255,3,1,62,66,1.106060606060606,0.053453192293208024,555,"Oh, Keith! If you'd just waited 15 minutes you'd have received 2 real surfers."
5255,3,1,62,66,1.106060606060606,0.053453192293208024,555,It looks like you've got a raw deal.
5255,0,7,59,66,1.106060606060606,0.038192176787049927,555,too much paper mache spice for my taste
5255,2,3,61,66,1.106060606060606,0.04889829547268706,555,"if you had called me, i would have lent you a hand"
5255,0,7,59,66,1.106060606060606,0.038192176787049927,555,Watch out for splinters....!
5255,2,3,61,66,1.106060606060606,0.04889829547268706,555,I know -- too old for a dummy.
5255,2,3,61,66,1.106060606060606,0.04889829547268706,555,It's the keeping completely motionless bit of the challenge that's gonna kill me.
5255,1,5,60,66,1.106060606060606,0.04387303082685012,555,"You read Dummies for Sharks, and now you're a mannequin eater!"
5255,1,5,60,66,1.106060606060606,0.04387303082685012,555,"I thought I'd try the south beach diet. It's organic, low-carb, and gluten free."
5255,1,5,60,66,1.106060606060606,0.04387303082685012,555,"Strange...the ship was filled with large Jellyfish and Penguins, and this looked most human"
5255,0,7,59,66,1.106060606060606,0.038192176787049927,555,I'm sick of these health-food fads.
5255,0,7,59,66,1.106060606060606,0.038192176787049927,555,"Don't worry, the bloods inside somewhere"
5255,0,7,59,66,1.106060606060606,0.038192176787049927,555,In the Potomac. There musta been a hundred thousand of 'em. Countless!
5255,1,5,60,66,1.106060606060606,0.04387303082685012,555,"Her inauguration gown business tanked, so she said I could keep it."
5255,1,5,60,66,1.106060606060606,0.04387303082685012,555,I'm eating Alternative now
5255,1,5,60,66,1.106060606060606,0.04387303082685012,555,This one already has the limbs removed.
5255,1,5,60,66,1.106060606060606,0.04387303082685012,555,"It's called ""floss""."
5255,1,5,60,66,1.106060606060606,0.04387303082685012,555,I gave up arms and legs for sustainability.
5255,1,5,60,66,1.106060606060606,0.04387303082685012,555,Hobbyist.
5255,0,7,59,66,1.106060606060606,0.038192176787049927,555,This high-fiber diet is just not as satisfying.
5255,0,7,59,66,1.106060606060606,0.038192176787049927,555,100 calories.
5255,0,7,59,66,1.106060606060606,0.038192176787049927,555,It's called 'alternative food.'
5255,2,3,61,66,1.106060606060606,0.04889829547268706,555,But Trump said it was real -- so it must be real
5255,2,3,61,66,1.106060606060606,0.04889829547268706,555,"Tastes great, gender undetermined."
5255,1,5,60,66,1.106060606060606,0.04387303082685012,555,What? I am on a termites' diet.
5255,1,5,60,66,1.106060606060606,0.04387303082685012,555,I'm a lesser known subspecies.
5255,0,7,59,66,1.106060606060606,0.038192176787049927,555,This is not junk food.
5255,0,7,59,66,1.106060606060606,0.038192176787049927,555,You're doing the mannequin challenge wrong.
5255,1,5,60,66,1.106060606060606,0.04387303082685012,555,This fashion victim needs a tad more salt.
5255,1,5,60,66,1.106060606060606,0.04387303082685012,555,"Seriously man, veganism is the way forward."
5255,0,7,59,66,1.106060606060606,0.038192176787049927,555,At least it's good practice.
5255,2,3,61,66,1.106060606060606,0.04889829547268706,555,"In fashion, one day you're in and the next day you're out. Heidi Klum said 'auf wiedersehen,' and then Tim Gunn told me to pack up my things."
5255,1,5,60,66,1.106060606060606,0.04387303082685012,555,"Its fast food, but a little tough."
5255,1,5,60,66,1.106060606060606,0.04387303082685012,555,Man eating not mannequin!
5255,1,5,60,66,1.106060606060606,0.04387303082685012,555,I was seeking a different mouthfeel for this delicacy.
5255,1,5,60,66,1.106060606060606,0.04387303082685012,555,More White House surplus.
5255,1,5,60,66,1.106060606060606,0.04387303082685012,555,As Seen On TV.
5255,2,3,61,66,1.106060606060606,0.04889829547268706,555,Open wide for Chunky.
5255,1,5,60,66,1.106060606060606,0.04387303082685012,555,It will show her I'm a good provider.
5255,2,3,61,66,1.106060606060606,0.04889829547268706,555,"Did I miss the deadline? Bartender tells Clown, "" Listen, remember, no funny business or you'll be barred"""
5255,2,3,61,66,1.106060606060606,0.04889829547268706,555,It's what I say it is whether you like it or not.
5255,1,5,60,66,1.106060606060606,0.04387303082685012,555,She's all yours. I asked her what she thought of Trump and she was speechless!
5255,0,7,59,66,1.106060606060606,0.038192176787049927,555,Have you seen the ketchup?
5255,1,5,60,66,1.106060606060606,0.04387303082685012,555,Tom Ford won't design for me.
5255,2,3,61,66,1.106060606060606,0.04889829547268706,555,That's not how the challenge works.
5255,0,7,59,66,1.106060606060606,0.038192176787049927,555,"It's an acquired taste, but I don't have to be concerned with petroleum-based synthetic clothing."
5255,1,5,60,66,1.106060606060606,0.04387303082685012,555,"Sorry, all the DC dress shops were sold out"
5255,2,3,61,66,1.106060606060606,0.04889829547268706,555,"Watch carefully, and remember, humans are kind of like Ramen noodles - slurping is encouraged."
5255,1,5,60,66,1.106060606060606,0.04387303082685012,555,"Hmmm, I see you're trying out that new Alternative Foods diet..."
5255,2,3,61,66,1.106060606060606,0.04889829547268706,555,What's it like. I've always wanted to experience the placebo effect.
5255,2,3,61,66,1.106060606060606,0.04889829547268706,555,I've heard that there's 'way too much plastic in the ocean.
5255,0,7,59,66,1.106060606060606,0.038192176787049927,555,Bet you can't eat just one.
5255,0,7,59,66,1.106060606060606,0.038192176787049927,555,More global pollution.
5255,1,5,60,66,1.106060606060606,0.04387303082685012,555,It's not as chewy as the last one.
5255,1,5,60,66,1.106060606060606,0.04387303082685012,555,My wife is making me a sharkskin suit
5255,3,1,62,66,1.106060606060606,0.053453192293208024,555,Mannequin? More like man-a-can't!
5255,1,5,60,66,1.106060606060606,0.04387303082685012,555,I practice my craft.
5255,2,3,61,66,1.106060606060606,0.04889829547268706,555,Fake crews again?
5255,0,7,59,66,1.106060606060606,0.038192176787049927,555,Just think of it as a nicotine patch
5255,1,5,60,66,1.106060606060606,0.04387303082685012,555,When and where's the Mannequin Challenge?
5255,0,7,59,66,1.106060606060606,0.038192176787049927,555,"Tastes like chicken, the white meat."
5255,0,7,59,66,1.106060606060606,0.038192176787049927,555,"They go fishin', I go mannequin'"
5255,2,3,61,66,1.106060606060606,0.04889829547268706,555,Will you EVER learn to figure out real from fake?!
5255,1,5,60,66,1.106060606060606,0.04387303082685012,555,It's white and made of toxic foam so I'm pretending it's Richard Spencer.
5255,1,5,60,66,1.106060606060606,0.04387303082685012,555,I don't understand what the problem is Personally I've never found any problem with GMO products.
5255,1,5,60,66,1.106060606060606,0.04387303082685012,555,"It seemed really real, I bit, and now I'm stuck with it."
5255,1,5,60,66,1.106060606060606,0.04387303082685012,555,I sank the drone!
5327,1,4,58,63,1.0952380952380953,0.04361004475139291,555,"No, I said ""Man o' war"""
5327,1,4,58,63,1.0952380952380953,0.04361004475139291,555,Sharknadoll.
5327,0,6,57,63,1.0952380952380953,0.03728006482184823,555,"Well, my 'vegan thing' isn't really working out if you must know."
5327,1,4,58,63,1.0952380952380953,0.04361004475139291,555,Your skin or mine?
5327,1,4,58,63,1.0952380952380953,0.04361004475139291,555,Good job. Next session we'll discuss the difference between death and plastic.
5327,1,4,58,63,1.0952380952380953,0.04361004475139291,555,I am big... It's the pictures that got small.
5327,0,6,57,63,1.0952380952380953,0.03728006482184823,555,I can't seem to sink my teeth into figure drawing.
5327,1,4,58,63,1.0952380952380953,0.04361004475139291,555,Do you call this alternative food ?
5327,2,2,59,63,1.0952380952380953,0.0491311385306282,555,"You were right, only dummies go shark cage diving."
5327,1,4,58,63,1.0952380952380953,0.04361004475139291,555,"I got you the mannequin, now make me that human-skin suit."
5327,0,6,57,63,1.0952380952380953,0.03728006482184823,555,I applaud you for sticking with your no-red-meat diet.
5327,0,6,57,63,1.0952380952380953,0.03728006482184823,555,"Ok... it is my new diet, trying to cut down. Does my bod look buff yet? or My therapist recommended this, next week chewing gum."
5327,0,6,57,63,1.0952380952380953,0.03728006482184823,555,Mannequin challenge does not mean challenging you to find a mannequin.
5327,1,4,58,63,1.0952380952380953,0.04361004475139291,555,Well which dummy did you want me to assassinate?
5327,1,4,58,63,1.0952380952380953,0.04361004475139291,555,forget about it!
5327,1,4,58,63,1.0952380952380953,0.04361004475139291,555,"Where do you think you are, Brooklyn?"
5327,1,4,58,63,1.0952380952380953,0.04361004475139291,555,These are better for you...no artificial stuff like those wiggly ones.
5327,1,4,58,63,1.0952380952380953,0.04361004475139291,555,I just don't see the point of the Mannequin Challenge.
5327,1,4,58,63,1.0952380952380953,0.04361004475139291,555,They promote impossible standards in food.
5327,1,4,58,63,1.0952380952380953,0.04361004475139291,555,Was it labelled GMO?
5327,1,4,58,63,1.0952380952380953,0.04361004475139291,555,"Black Beatles or not, pretty sure I nailed this challenge."
5327,1,4,58,63,1.0952380952380953,0.04361004475139291,555,"Dude, you really missed the boat on this Mannequin Challenge."
5327,0,6,57,63,1.0952380952380953,0.03728006482184823,555,It's the latest diet craze. I've lost over 200 pounds.
5327,1,4,58,63,1.0952380952380953,0.04361004475139291,555,I needed a date for the prom.
5327,1,4,58,63,1.0952380952380953,0.04361004475139291,555,First I gave up fast food. Now you want me to eat organic?
5327,1,4,58,63,1.0952380952380953,0.04361004475139291,555,"They try, I suppose. But chewing on one of these just isn't the same. I hate Sea World."
5327,0,6,57,63,1.0952380952380953,0.03728006482184823,555,New girlfriend?
5327,1,4,58,63,1.0952380952380953,0.04361004475139291,555,I'm practicing for my Florida beach trip.
5327,1,4,58,63,1.0952380952380953,0.04361004475139291,555,I told you that pitch wouldn't have legs.
5327,1,4,58,63,1.0952380952380953,0.04361004475139291,555,"I asked Tommy about it. He said ""Just go for it - what do you have to lose""."
5327,1,4,58,63,1.0952380952380953,0.04361004475139291,555,The fiberglass helps me floss daily.
5327,0,6,57,63,1.0952380952380953,0.03728006482184823,555,Maybe we'll get refugees next time...
5327,1,4,58,63,1.0952380952380953,0.04361004475139291,555,Wife put me on her vegan diet again.
5327,1,4,58,63,1.0952380952380953,0.04361004475139291,555,"Hmmm, a bit bland."
5327,0,6,57,63,1.0952380952380953,0.03728006482184823,555,These models keep getting skinnier
5327,0,6,57,63,1.0952380952380953,0.03728006482184823,555,"They said I should give it a try on the ""Manequin Challenge"" so I went deep into it."
5327,0,6,57,63,1.0952380952380953,0.03728006482184823,555,"Good news, you won't have to swim still holding your breath while I pin hemlines anymore."
5327,0,6,57,63,1.0952380952380953,0.03728006482184823,555,That's not how the Mannequin Challenge works.
5327,1,4,58,63,1.0952380952380953,0.04361004475139291,555,Another alternative fact
5327,1,4,58,63,1.0952380952380953,0.04361004475139291,555,"After Sea World, not a damn thing fits."
5327,1,4,58,63,1.0952380952380953,0.04361004475139291,555,But it’s not organic!
5327,1,4,58,63,1.0952380952380953,0.04361004475139291,555,Take human bites.
5327,0,6,57,63,1.0952380952380953,0.03728006482184823,555,Is that why they offered free shipping?
5327,0,6,57,63,1.0952380952380953,0.03728006482184823,555,Looks like we have to clean up the mess humans made of our oceans.
5327,0,6,57,63,1.0952380952380953,0.03728006482184823,555,I just don't want you to get hooked by the lure of Fashion Week darling...
5327,1,4,58,63,1.0952380952380953,0.04361004475139291,555,"In my opine, they taste better when they're fresher - just saying!"
5327,2,2,59,63,1.0952380952380953,0.0491311385306282,555,This is some high class munching.
5327,0,6,57,63,1.0952380952380953,0.03728006482184823,555,"I'm trying to go vegan, but this fake meat is just inedible."
5327,0,6,57,63,1.0952380952380953,0.03728006482184823,555,The naked ones are a bit chewy.
5327,0,6,57,63,1.0952380952380953,0.03728006482184823,555,"He said when you're a shark, they let you do it. Too bad, looks like this one's already been grabbed."
5327,0,6,57,63,1.0952380952380953,0.03728006482184823,555,The great thing about these e-humans... no second hand blood.
5327,0,6,57,63,1.0952380952380953,0.03728006482184823,555,"It's my ""alternative"" dinner."
5327,0,6,57,63,1.0952380952380953,0.03728006482184823,555,It's a new bloodless sport--easier on the joints.
5327,1,4,58,63,1.0952380952380953,0.04361004475139291,555,It's Whole 30 compliant.
5327,2,2,59,63,1.0952380952380953,0.0491311385306282,555,"It's of the healthy variety with no fat, no sodium, no sugar"
5327,1,4,58,63,1.0952380952380953,0.04361004475139291,555,I said I wanted a corn dog.
5327,0,6,57,63,1.0952380952380953,0.03728006482184823,555,It's apparently made entirely out of cuttlebone!
5327,0,6,57,63,1.0952380952380953,0.03728006482184823,555,They were right. Katy Perry is spicy but a little bland.
5327,1,4,58,63,1.0952380952380953,0.04361004475139291,555,Artificials
5327,1,4,58,63,1.0952380952380953,0.04361004475139291,555,These artificial lures will ruin our man eater image.
5327,1,4,58,63,1.0952380952380953,0.04361004475139291,555,"Christ, what are patterns for?"
5327,0,6,57,63,1.0952380952380953,0.03728006482184823,555,I'm vegan. It's really not that hard.
5327,2,2,59,63,1.0952380952380953,0.0491311385306282,555,"Listen Bruce, everyone knows you're a big fish when it comes to Shark Week, I just worry with Fashion Week, you'll be out of your depths."
5327,0,6,57,63,1.0952380952380953,0.03728006482184823,555,I requested a man eater.
5327,0,6,57,63,1.0952380952380953,0.03728006482184823,555,Virtual reality only works for humans
5327,0,6,57,63,1.0952380952380953,0.03728006482184823,555,I have a lady friend coming over tonight. Here's ten bucks to go the movies.
5327,1,4,58,63,1.0952380952380953,0.04361004475139291,555,Let's just say nobody will ignore the wrap-up-your-speech music anymore.
5327,0,6,57,63,1.0952380952380953,0.03728006482184823,555,It's this new diet I'm trying.
5327,0,6,57,63,1.0952380952380953,0.03728006482184823,555,None of the other sharks had explained to Irving that the retail clothing industry was a shameless hoax.
5327,1,4,58,63,1.0952380952380953,0.04361004475139291,555,"Thr coverage about me gas been false and angry. I'm talking like his hecause I have a real person in my mouth. It's not real, you say? Fake news! DISHONEST"
5327,1,4,58,63,1.0952380952380953,0.04361004475139291,555,But he isn't wearing anything at all!
5327,1,4,58,63,1.0952380952380953,0.04361004475139291,555,"The Oscar win was great, but no Great Blacks were nominated."
5327,1,4,58,63,1.0952380952380953,0.04361004475139291,555,This is a fake human?
5327,1,4,58,63,1.0952380952380953,0.04361004475139291,555,There is just no flavor to this low calorie diet.
5327,1,4,58,63,1.0952380952380953,0.04361004475139291,555,Was my design really that bad?
5327,1,4,58,63,1.0952380952380953,0.04361004475139291,555,I told you it was just a display.
5327,1,4,58,63,1.0952380952380953,0.04361004475139291,555,I think I won the mannequin challenge
5327,2,2,59,63,1.0952380952380953,0.0491311385306282,555,I think I broke a tooth.
5327,1,4,58,63,1.0952380952380953,0.04361004475139291,555,"The intake inspector at Ellis couldn't spell ""mannequin."""
5327,1,4,58,63,1.0952380952380953,0.04361004475139291,555,I ate the warp - this is all what's weft.
5327,0,6,57,63,1.0952380952380953,0.03728006482184823,555,"Yes, you did already mention you're going vegetarian."
5327,1,4,58,63,1.0952380952380953,0.04361004475139291,555,I'm auditioning for 'America's Next Top Predator.'
5327,1,4,58,63,1.0952380952380953,0.04361004475139291,555,It's last year's -- they gave it to a great white.
5327,1,4,58,63,1.0952380952380953,0.04361004475139291,555,We'll see how smart the dolphins are when they play their next game of chess.
5327,1,4,58,63,1.0952380952380953,0.04361004475139291,555,So what I'm practicing.
5327,1,4,58,63,1.0952380952380953,0.04361004475139291,555,Why doesn't this one have juice?
5327,1,4,58,63,1.0952380952380953,0.04361004475139291,555,Now dress him up in that net of yours and toss it back up.
5327,0,6,57,63,1.0952380952380953,0.03728006482184823,555,Doc told me to get off gluten.
5327,1,4,58,63,1.0952380952380953,0.04361004475139291,555,Where else am I supposed to keep my wigs?
5327,1,4,58,63,1.0952380952380953,0.04361004475139291,555,Is this some kind of a joke?
5327,1,4,58,63,1.0952380952380953,0.04361004475139291,555,It's the latest low carb diet.
5327,1,4,58,63,1.0952380952380953,0.04361004475139291,555,No... I didn't eat his arms so stop whining.
5327,1,4,58,63,1.0952380952380953,0.04361004475139291,555,"It's as healthy as Pritikin, but tastier."
5327,0,6,57,63,1.0952380952380953,0.03728006482184823,555,"You're right, that mannequin is quite fetching."
5327,0,6,57,63,1.0952380952380953,0.03728006482184823,555,Life's never been harder for scientologist juggalos like us.
5327,2,2,59,63,1.0952380952380953,0.0491311385306282,555,Certified organic.
5327,1,4,58,63,1.0952380952380953,0.04361004475139291,555,I'm lonely what can I tell you.
5327,0,6,57,63,1.0952380952380953,0.03728006482184823,555,Where did you say you saw that bottle of wine?
5327,0,6,57,63,1.0952380952380953,0.03728006482184823,555,"I hate eating ""G M O's."
5327,0,6,57,63,1.0952380952380953,0.03728006482184823,555,It's not quite going vegan.
5327,1,4,58,63,1.0952380952380953,0.04361004475139291,555,Mating dance of Manikin Sharks.
5327,0,6,57,63,1.0952380952380953,0.03728006482184823,555,I know its not organic but it's just as filling.
5327,1,4,58,63,1.0952380952380953,0.04361004475139291,555,Quit crying she won't feel a thing.
5327,0,6,57,63,1.0952380952380953,0.03728006482184823,555,"I know, I know that it's an ersatz example."""
5327,0,6,57,63,1.0952380952380953,0.03728006482184823,555,Boomer. This is a terrible example for my pups! The arms are bitten off!
5327,2,2,59,63,1.0952380952380953,0.0491311385306282,555,Finding Needle.
5327,0,6,57,63,1.0952380952380953,0.03728006482184823,555,He said it would help my stutter.
5327,1,4,58,63,1.0952380952380953,0.04361004475139291,555,I was told this would help me lose a few pounds.
5327,1,4,58,63,1.0952380952380953,0.04361004475139291,555,Maybe Ariel can add it to her collection.
5327,1,4,58,63,1.0952380952380953,0.04361004475139291,555,I'm not sure that's what they meant by the challenge.
5327,0,6,57,63,1.0952380952380953,0.03728006482184823,555,I think I'm falling in love!
5327,0,6,57,63,1.0952380952380953,0.03728006482184823,555,Marcel tells me you use these as a dentifrice.
5327,0,6,57,63,1.0952380952380953,0.03728006482184823,555,I got her at a store selling swimwear.
5327,1,4,58,63,1.0952380952380953,0.04361004475139291,555,Congratulations Hector. Macy's will pay $100 for its return.
5327,0,6,57,63,1.0952380952380953,0.03728006482184823,555,"""I've recently adopted a vegetarian diet - but I'm not sure how I feel about this fake human."
5327,2,2,59,63,1.0952380952380953,0.0491311385306282,555,"I'm putting an end to this 'mannequin' craze, once and for all!"
5327,1,4,58,63,1.0952380952380953,0.04361004475139291,555,another externality of global warming
5327,1,4,58,63,1.0952380952380953,0.04361004475139291,555,They say a vegetarian diet is better for you.
5327,2,2,59,63,1.0952380952380953,0.0491311385306282,555,"They were all frozen with music playing in the background, I couldn't tell."
5327,0,6,57,63,1.0952380952380953,0.03728006482184823,555,"I bring you the good parts, my love!"
5327,0,6,57,63,1.0952380952380953,0.03728006482184823,555,Low fat diets are screwing up the catch.
5327,1,4,58,63,1.0952380952380953,0.04361004475139291,555,I'm on Oprah's new diet.
5327,1,4,58,63,1.0952380952380953,0.04361004475139291,555,Rather flamboyant ... yet fleshy and refined.
5327,1,4,58,63,1.0952380952380953,0.04361004475139291,555,This completes your dental checkup. Come back and see me in six months.
5327,1,4,58,63,1.0952380952380953,0.04361004475139291,555,We're leading into fashion week this year.
5327,0,6,57,63,1.0952380952380953,0.03728006482184823,555,Marine Biologists have successfully recorded this rarely observed shark mating ritual.
5327,1,4,58,63,1.0952380952380953,0.04361004475139291,555,Just pretending to be a mannequin is so 2016
5327,2,2,59,63,1.0952380952380953,0.0491311385306282,555,There's more to you than I thought!
5327,1,4,58,63,1.0952380952380953,0.04361004475139291,555,Remaining frozen in place is the challenge?
5456,1,4,59,64,1.09375,0.0429490169335173,555,When Shark Week tries the Mannequin Challenge
5456,0,6,58,64,1.09375,0.036723103212062694,555,"Not as tasty, but much less calories"
5456,0,6,58,64,1.09375,0.036723103212062694,555,[incomprehensible]
5456,1,4,59,64,1.09375,0.0429490169335173,555,"""I said, 'dressmaker's dummy', not 'incredibly yummy', you dimwit."
5456,1,4,59,64,1.09375,0.0429490169335173,555,I Like it better than a toothbrush.
5456,1,4,59,64,1.09375,0.0429490169335173,555,Is the business scalable?
5456,3,0,61,64,1.09375,0.053260506452896664,555,Thought you'd like to pracice.
5456,2,2,60,64,1.09375,0.048380262520859696,555,"Hey, Doug. I've got myself a manne-fin."" ""Ugh, Karl, you're such a dummy."
5456,1,4,59,64,1.09375,0.0429490169335173,555,"I'm about to be reeled in, aren't I?"
5456,2,2,60,64,1.09375,0.048380262520859696,555,"You're always doing something weird, left shark"
5456,0,6,58,64,1.09375,0.036723103212062694,555,They said it would taste authentic.
5456,0,6,58,64,1.09375,0.036723103212062694,555,"Like I always say, fool me once, shame on you. Fool me twice, shame on me."
5456,0,6,58,64,1.09375,0.036723103212062694,555,I'm trying out a vegan lifestyle.
5456,0,6,58,64,1.09375,0.036723103212062694,555,This new lozenge seems to work.
5456,1,4,59,64,1.09375,0.0429490169335173,555,…and their wooden escalators are easy on the fins.
5456,1,4,59,64,1.09375,0.0429490169335173,555,I think this gluten-free diet has gotten out of hand.
5456,1,4,59,64,1.09375,0.0429490169335173,555,The President told me this was better than the real thing.
5456,2,2,60,64,1.09375,0.048380262520859696,555,Don't....it's GMO.
5474,1,3,57,61,1.0819672131147542,0.04243337411654028,555,I am in training for the Democratic Party
5474,0,5,56,61,1.0819672131147542,0.03541388359785716,555,I can still smell the perfume samples.
5474,0,5,56,61,1.0819672131147542,0.03541388359785716,555,I'm designing swimwear. This is my fashion dummy.
5474,0,5,56,61,1.0819672131147542,0.03541388359785716,555,"Sorry, no appetizers, just the main course."
5474,1,3,57,61,1.0819672131147542,0.04243337411654028,555,"The mannequin diet challenge, right?"
5474,1,3,57,61,1.0819672131147542,0.04243337411654028,555,"I've tried, but for me vaping is a poor substitute for huffing a real human."
5474,1,3,57,61,1.0819672131147542,0.04243337411654028,555,It satisfies my craving for them. Those things'll kill you.
5474,1,3,57,61,1.0819672131147542,0.04243337411654028,555,This high fiber diet isn't very tasty.
5474,0,5,56,61,1.0819672131147542,0.03541388359785716,555,The doctor said we need more sea garbage in our diet.
5474,1,3,57,61,1.0819672131147542,0.04243337411654028,555,"Yes, it is on my weight watcher's diet."
5474,0,5,56,61,1.0819672131147542,0.03541388359785716,555,He keeps me on retainer.
5474,1,3,57,61,1.0819672131147542,0.04243337411654028,555,"I think it's time to go organic, this GMO food doesn't taste as good."
5474,1,3,57,61,1.0819672131147542,0.04243337411654028,555,We don't sell the steak - we sell the crunch.
5474,1,3,57,61,1.0819672131147542,0.04243337411654028,555,That's not what they mean by 'mannequin challenge.'
5474,1,3,57,61,1.0819672131147542,0.04243337411654028,555,It helps with dental pain.
5474,0,5,56,61,1.0819672131147542,0.03541388359785716,555,"Hey Ma, this one is kind of crunchy and it won't stop talking!"
5474,0,5,56,61,1.0819672131147542,0.03541388359785716,555,Aren't we doing a mannequin challenge?
5474,1,3,57,61,1.0819672131147542,0.04243337411654028,555,Yukko....worst prey ever.
5474,1,3,57,61,1.0819672131147542,0.04243337411654028,555,Organic free-range humans are overrated.
5474,0,5,56,61,1.0819672131147542,0.03541388359785716,555,"I was told it's a gourmet human, but I dunno..."
5474,0,5,56,61,1.0819672131147542,0.03541388359785716,555,"Only tofuman and mannequinoa, and I feel great."
5474,1,3,57,61,1.0819672131147542,0.04243337411654028,555,"""have you heard about those G.M.O.s""?"
5474,0,5,56,61,1.0819672131147542,0.03541388359785716,555,THIS is the mannequin challenge!
5474,1,3,57,61,1.0819672131147542,0.04243337411654028,555,Sharkskin suits are so over.
5474,1,3,57,61,1.0819672131147542,0.04243337411654028,555,I dunno. These packaged meals... Maybe it's been in the freezer too long.
5474,0,5,56,61,1.0819672131147542,0.03541388359785716,555,My agent told me to lose weight before the next Planet Earth audition.
5474,0,5,56,61,1.0819672131147542,0.03541388359785716,555,It was Isaac Mizrahi. I chewed him down.
5474,1,3,57,61,1.0819672131147542,0.04243337411654028,555,The avant-garde didn't even move.
5474,1,3,57,61,1.0819672131147542,0.04243337411654028,555,"As an apex predator, I'm always working out."
5474,1,3,57,61,1.0819672131147542,0.04243337411654028,555,It's a crash test gummy...Takata's giving 'em away
5474,0,5,56,61,1.0819672131147542,0.03541388359785716,555,It was this or seitan porpoise.
5474,1,3,57,61,1.0819672131147542,0.04243337411654028,555,"If you keep practicing son, someday you'll be a great catcher!"
5474,2,1,58,61,1.0819672131147542,0.048446251932899455,555,"Listen, I am already frozen in time, no need to do the mannequin challenge."
5474,0,5,56,61,1.0819672131147542,0.03541388359785716,555,Apex and Ethics aren’t mutually exclusive.
5474,0,5,56,61,1.0819672131147542,0.03541388359785716,555,"Don't swallow it, it's akin to fake news."
5474,0,5,56,61,1.0819672131147542,0.03541388359785716,555,These vegan meat substitutes are terrible!
5474,0,5,56,61,1.0819672131147542,0.03541388359785716,555,Beats a cuttle bone.
5474,1,3,57,61,1.0819672131147542,0.04243337411654028,555,I'm calling an alternative entree.
5474,0,5,56,61,1.0819672131147542,0.03541388359785716,555,"I know it's not Jonah, but, hey, I at least tried."
5474,1,3,57,61,1.0819672131147542,0.04243337411654028,555,Show more teeth next time. Imagine you're at the dentist.
5474,0,5,56,61,1.0819672131147542,0.03541388359785716,555,You should see how many lentils I have to eat.
5474,0,5,56,61,1.0819672131147542,0.03541388359785716,555,Man-I-Can eat this.
5474,0,5,56,61,1.0819672131147542,0.03541388359785716,555,Enough with the alternative food! Another inter-island ferry just capsized!
5474,1,3,57,61,1.0819672131147542,0.04243337411654028,555,"I put on so much weight when we went to Myrtle Beach last summer, that I thought I would give it a try. It's supposed to suppress your appetite."
5474,0,5,56,61,1.0819672131147542,0.03541388359785716,555,Ever since they closed the farmers' market...
5474,0,5,56,61,1.0819672131147542,0.03541388359785716,555,This is a 'make it work' moment.
5474,1,3,57,61,1.0819672131147542,0.04243337411654028,555,Wait? This isn't vaping?
5474,1,3,57,61,1.0819672131147542,0.04243337411654028,555,"Seems a bit oaky to me,Earle."
5474,0,5,56,61,1.0819672131147542,0.03541388359785716,555,"If you thought the cinnamon challenge was something, wait'll you see this..."
5474,0,5,56,61,1.0819672131147542,0.03541388359785716,555,I said I wanted the jelly-filled one.
5474,1,3,57,61,1.0819672131147542,0.04243337411654028,555,It's a scavenger hunt. What do you want from me?
5474,0,5,56,61,1.0819672131147542,0.03541388359785716,555,Costs more to have it filleted but worth it.
5474,1,3,57,61,1.0819672131147542,0.04243337411654028,555,"You dolt. I said, ""Fetch me a naprosyn."""
5474,1,3,57,61,1.0819672131147542,0.04243337411654028,555,Seems these are the only ones left.
5474,1,3,57,61,1.0819672131147542,0.04243337411654028,555,"Are you sure it's ""man"" eater?"
5474,1,3,57,61,1.0819672131147542,0.04243337411654028,555,Some designers still do it old school.
5474,0,5,56,61,1.0819672131147542,0.03541388359785716,555,"""They say it's bad for me, but what can I do? I live in the projects and don't have access to good schools— I'm doing the cheapest way to survive."
5474,0,5,56,61,1.0819672131147542,0.03541388359785716,555,I've been looking for a new form of address
5474,0,5,56,61,1.0819672131147542,0.03541388359785716,555,You're not listening to the alternative facts. This mannequin challenge was his idea.
5474,0,5,56,61,1.0819672131147542,0.03541388359785716,555,This high carb diet isn't so bad.
5474,1,3,57,61,1.0819672131147542,0.04243337411654028,555,"Okay, you got me. There is someone else."
5474,0,5,56,61,1.0819672131147542,0.03541388359785716,555,Old chums...
5474,1,3,57,61,1.0819672131147542,0.04243337411654028,555,I thought you said bring me a mannequin eat.
5474,0,5,56,61,1.0819672131147542,0.03541388359785716,555,I thought I'd try it on for size.
5474,0,5,56,61,1.0819672131147542,0.03541388359785716,555,Do you think it's free range
5474,2,1,58,61,1.0819672131147542,0.048446251932899455,555,"""Mannequin overboard?"" No, that's just an alternate fact."
5474,0,5,56,61,1.0819672131147542,0.03541388359785716,555,"Actually, it doesn't taste like chicken."
5474,0,5,56,61,1.0819672131147542,0.03541388359785716,555,They're no well suited for everyone.
5474,0,5,56,61,1.0819672131147542,0.03541388359785716,555,It's Tapas.
5474,1,3,57,61,1.0819672131147542,0.04243337411654028,555,I got this one crossing near Galveston.
5474,1,3,57,61,1.0819672131147542,0.04243337411654028,555,You're fired!
5474,1,3,57,61,1.0819672131147542,0.04243337411654028,555,"Dammit Frank, they did it again! I can't wait for shark week to be over."
5474,0,5,56,61,1.0819672131147542,0.03541388359785716,555,"I know. It's not organic, but an occasional synthetic mineral and fiber in your diet is good for your game eye."
5474,0,5,56,61,1.0819672131147542,0.03541388359785716,555,I developed the taste after being an extra in Sharknado.
5474,0,5,56,61,1.0819672131147542,0.03541388359785716,555,That's the last time I send you to fetch a ramekin.
5474,1,3,57,61,1.0819672131147542,0.04243337411654028,555,Okay it doesn't look much like a fish but iwas starving!
5474,0,5,56,61,1.0819672131147542,0.03541388359785716,555,I heard about it on Shark Tank.
5474,1,3,57,61,1.0819672131147542,0.04243337411654028,555,I raided the Transformers set in pursuit of Spielberg. This was all I could get my jaws on.
5474,0,5,56,61,1.0819672131147542,0.03541388359785716,555,Mannekind is so dummpy.
5474,1,3,57,61,1.0819672131147542,0.04243337411654028,555,I'll take the high cholesterol--this faux meat tastes like sawdust!
5474,1,3,57,61,1.0819672131147542,0.04243337411654028,555,"I mean, yeah, catch and release is fine, but the artificial bait--yuck."
5474,0,5,56,61,1.0819672131147542,0.03541388359785716,555,So much for professional courtesy
5474,1,3,57,61,1.0819672131147542,0.04243337411654028,555,"I know you feel sorry for them, but I think you've misunderstood ""humanitarian""."
5474,0,5,56,61,1.0819672131147542,0.03541388359785716,555,Did someone threw one of Trump's top-notch performers at the inauguration overboard?
5474,0,5,56,61,1.0819672131147542,0.03541388359785716,555,"This mannequin challenge is nothing like I expected, you?"
5474,1,3,57,61,1.0819672131147542,0.04243337411654028,555,"Owing to CTE, Coach no longer allows live scrimmages."
5474,0,5,56,61,1.0819672131147542,0.03541388359785716,555,I prefer them a bit more rare.
5474,1,3,57,61,1.0819672131147542,0.04243337411654028,555,If this is a Fonzi Scheme we're tunafish!
5474,0,5,56,61,1.0819672131147542,0.03541388359785716,555,The alternative fact of the matter is that it tastes like chicken.
5474,1,3,57,61,1.0819672131147542,0.04243337411654028,555,#oscarssogreatwhite
5474,0,5,56,61,1.0819672131147542,0.03541388359785716,555,My version of the Mannequin Challenge.
5474,1,3,57,61,1.0819672131147542,0.04243337411654028,555,"It's not what I really wanted, it doesn't taste very good, but at least I have one!"
5474,0,5,56,61,1.0819672131147542,0.03541388359785716,555,I can get used to this rising ocean levels thing!
5474,1,3,57,61,1.0819672131147542,0.04243337411654028,555,I lure the Bi-pods in with it.
5474,0,5,56,61,1.0819672131147542,0.03541388359785716,555,It doesn't taste like human
5474,0,5,56,61,1.0819672131147542,0.03541388359785716,555,I'm thinking about becoming a re-tailer.
5474,0,5,56,61,1.0819672131147542,0.03541388359785716,555,They say that flossing is not necessary but I don't believe it.
5474,0,5,56,61,1.0819672131147542,0.03541388359785716,555,I'd say life is exactly like a box of chocolates.
5474,1,3,57,61,1.0819672131147542,0.04243337411654028,555,He had his tailor making him a sharkskin suit on his on his yacht
5474,0,5,56,61,1.0819672131147542,0.03541388359785716,555,"Some ""mannequin challenge""--it didn't even put up a fight!"
5474,0,5,56,61,1.0819672131147542,0.03541388359785716,555,I wanted King Oscar as in sardines.
5474,2,1,58,61,1.0819672131147542,0.048446251932899455,555,"""It's one of those alternative humans.'"
5474,0,5,56,61,1.0819672131147542,0.03541388359785716,555,They told me at Bloomingdales these tasted as good as the real ones.
5474,0,5,56,61,1.0819672131147542,0.03541388359785716,555,What? You lost your binky?
5474,2,1,58,61,1.0819672131147542,0.048446251932899455,555,"Son, I’m afraid it’s not a good time for you to move out."
5474,1,3,57,61,1.0819672131147542,0.04243337411654028,555,It's delicious with the house dressing!
5474,1,3,57,61,1.0819672131147542,0.04243337411654028,555,"Well, maybe you're making a good point, Sean. It's been a few hours, and between this maddening squeaky feeling in my teeth and that tedious chromatic ostinato of a double bass, it would actually be a bit of a relief."
5474,1,3,57,61,1.0819672131147542,0.04243337411654028,555,It's for my new line: Shark Jacobs
5474,0,5,56,61,1.0819672131147542,0.03541388359785716,555,My therapist said I have an oral fixation.
5474,0,5,56,61,1.0819672131147542,0.03541388359785716,555,If I do the actual mannequin challenge I'll suffocate and die. This is close enough.
5474,0,5,56,61,1.0819672131147542,0.03541388359785716,555,New toy challenging hurtful belief in human superiority--as seen on Shark Tank TV.
5474,0,5,56,61,1.0819672131147542,0.03541388359785716,555,Vegan alternative?
5474,1,3,57,61,1.0819672131147542,0.04243337411654028,555,You should really try it--I feel loads better since I went vegan.
5474,0,5,56,61,1.0819672131147542,0.03541388359785716,555,I'm just much less angry since I became a manequin-eating shark.
5474,1,3,57,61,1.0819672131147542,0.04243337411654028,555,I couldn't resist trying it.
5474,1,3,57,61,1.0819672131147542,0.04243337411654028,555,"You mean, like this?"
5474,1,3,57,61,1.0819672131147542,0.04243337411654028,555,"The label said 'No fat, no sugar, no GMO's'."
5474,2,1,58,61,1.0819672131147542,0.048446251932899455,555,This freezing in place for the Mannequin Challenge is killing me.
5474,0,5,56,61,1.0819672131147542,0.03541388359785716,555,Leftover from breakfast at Tiffany.
5474,0,5,56,61,1.0819672131147542,0.03541388359785716,555,I told you not to go GMO.
5474,0,5,56,61,1.0819672131147542,0.03541388359785716,555,It's part of my detox diet.
5474,2,1,58,61,1.0819672131147542,0.048446251932899455,555,Now we have to put up with false torsos.
5474,0,5,56,61,1.0819672131147542,0.03541388359785716,555,It's a new diet I found in Dummies for Sharks.
5474,1,3,57,61,1.0819672131147542,0.04243337411654028,555,I'm practicing for the real one
5474,0,5,56,61,1.0819672131147542,0.03541388359785716,555,Fashionistas are way more predatory than I am.
5474,0,5,56,61,1.0819672131147542,0.03541388359785716,555,"Mannequins are friends, not food."
5474,1,3,57,61,1.0819672131147542,0.04243337411654028,555,Keep it real.
5474,0,5,56,61,1.0819672131147542,0.03541388359785716,555,Popsicles!
5474,0,5,56,61,1.0819672131147542,0.03541388359785716,555,And why would I need matching shoes again?
5474,0,5,56,61,1.0819672131147542,0.03541388359785716,555,"They're giving them away at Macy's, so ""scavenger"" is a tad misleading."
5474,0,5,56,61,1.0819672131147542,0.03541388359785716,555,"Those Jets might think they're ""the sweetest dressin' gang in pants"" til they get a load of us"
5474,1,3,57,61,1.0819672131147542,0.04243337411654028,555,"Yeah, couldn’t find any live ones. I’m feeling a bit of a dummy."
5474,0,5,56,61,1.0819672131147542,0.03541388359785716,555,"Yes, they are filling but they don't taste like the real thing."
5474,0,5,56,61,1.0819672131147542,0.03541388359785716,555,It's seitan.
5474,0,5,56,61,1.0819672131147542,0.03541388359785716,555,This vegan diet is killing me.
5474,1,3,57,61,1.0819672131147542,0.04243337411654028,555,"It's called a dress-maker's dummy -- not to be confused with a press-shaker's mannequin, although of late both have shown how serviceable they are."
5474,1,3,57,61,1.0819672131147542,0.04243337411654028,555,It came in the mail but the seal was broken
5474,1,3,57,61,1.0819672131147542,0.04243337411654028,555,I'm on the mannequin diet
5474,1,3,57,61,1.0819672131147542,0.04243337411654028,555,You fool that not our leader.
5474,0,5,56,61,1.0819672131147542,0.03541388359785716,555,"Ladies casuals, second floor. This global warming is playing hell with our diet."
5474,1,3,57,61,1.0819672131147542,0.04243337411654028,555,I would like to get the real deal meal.
5474,2,1,58,61,1.0819672131147542,0.048446251932899455,555,Tim Gunn took issue with Heidi and Nina.
5474,0,5,56,61,1.0819672131147542,0.03541388359785716,555,I think we're gonna need a bigger bowtie.
5474,0,5,56,61,1.0819672131147542,0.03541388359785716,555,Nothing like being the top of the food chain in the garment business.
5474,1,3,57,61,1.0819672131147542,0.04243337411654028,555,I bet I can do something better for Kellyanne.
5474,0,5,56,61,1.0819672131147542,0.03541388359785716,555,Would you prefer coctail or mignette sauce?
5474,0,5,56,61,1.0819672131147542,0.03541388359785716,555,It's part of my high-carb diet.
5474,1,3,57,61,1.0819672131147542,0.04243337411654028,555,"I said ""I said 'mankind,' stupid, not 'mannequin.'"""
5474,1,3,57,61,1.0819672131147542,0.04243337411654028,555,You'll be a floater before you know it if you keep eating fake food.
5474,0,5,56,61,1.0819672131147542,0.03541388359785716,555,I work for the human rescue center
5474,1,3,57,61,1.0819672131147542,0.04243337411654028,555,I'm bringing it to Dr. Kelly's to show him exactly how I want my fin job.
5474,0,5,56,61,1.0819672131147542,0.03541388359785716,555,"Yeah, this vegan patty does taste like sawdust."
5474,1,3,57,61,1.0819672131147542,0.04243337411654028,555,Will your dad approve?
5474,0,5,56,61,1.0819672131147542,0.03541388359785716,555,Here we see the man eating shark realizing he hasn't broken his new years resolution to not be the man eating shark quite yet.
5474,0,5,56,61,1.0819672131147542,0.03541388359785716,555,You're such a dumby!
5474,0,5,56,61,1.0819672131147542,0.03541388359785716,555,I'm practicing in case they ever make a sequel to Jaws.
5474,0,5,56,61,1.0819672131147542,0.03541388359785716,555,Happiness is a chew called Manakin.
5474,0,5,56,61,1.0819672131147542,0.03541388359785716,555,This one is going in the trophy case!
5474,0,5,56,61,1.0819672131147542,0.03541388359785716,555,"I've been testing the whole ""negative calories"" concept."
5474,1,3,57,61,1.0819672131147542,0.04243337411654028,555,"After I saw this movie, I thought they might be more tasty."
5474,0,5,56,61,1.0819672131147542,0.03541388359785716,555,mmf ... mmfmff ... mmmm
5474,1,3,57,61,1.0819672131147542,0.04243337411654028,555,"Be a manakin eater, but you'll never be a great Great White."
5474,0,5,56,61,1.0819672131147542,0.03541388359785716,555,"Can't you read? It clearly says ""man"" nequin"""
5474,0,5,56,61,1.0819672131147542,0.03541388359785716,555,#FreeatMelania
5474,1,3,57,61,1.0819672131147542,0.04243337411654028,555,"Nice, but I bought a fishequin on Amazon."
5474,1,3,57,61,1.0819672131147542,0.04243337411654028,555,Sorry. Manikin American steak again.
5474,0,5,56,61,1.0819672131147542,0.03541388359785716,555,The Wi-Fi reception here is poor.
5474,1,3,57,61,1.0819672131147542,0.04243337411654028,555,Did you say ruffage or refugee?
5474,1,3,57,61,1.0819672131147542,0.04243337411654028,555,"You are going out on a limb, at least while you still have one, swimming in these waters."
5474,2,1,58,61,1.0819672131147542,0.048446251932899455,555,That's from one of the coke-yachts at Cannes right? Nice. Or maybe Art Basel? Doesn't matter just eat it.
5474,1,3,57,61,1.0819672131147542,0.04243337411654028,555,I believe an alternative fact.
5474,0,5,56,61,1.0819672131147542,0.03541388359785716,555,I'm calling it Melania.
5474,0,5,56,61,1.0819672131147542,0.03541388359785716,555,Mannequin? I'd rather eat a pelican.
5474,0,5,56,61,1.0819672131147542,0.03541388359785716,555,"Look, it's about time that 'Shark Week' surpasses 'Fashion Week' in the ratings."
5474,1,3,57,61,1.0819672131147542,0.04243337411654028,555,Mannequin challenge winner.
5474,0,5,56,61,1.0819672131147542,0.03541388359785716,555,Only dead sea salt art.
5474,0,5,56,61,1.0819672131147542,0.03541388359785716,555,"I'm on this new diet, it's called faux human!"
5474,0,5,56,61,1.0819672131147542,0.03541388359785716,555,You're pretending to be a vegan just to be difficult.
5474,2,1,58,61,1.0819672131147542,0.048446251932899455,555,"""We're gonna need a bigger Haberdashery""!"
5474,0,5,56,61,1.0819672131147542,0.03541388359785716,555,Does that make me short-sighted or far-sighted?
5474,0,5,56,61,1.0819672131147542,0.03541388359785716,555,I'm in training until the sales are over.
5474,1,3,57,61,1.0819672131147542,0.04243337411654028,555,Don't you want to play with any of your learning games?
5474,1,3,57,61,1.0819672131147542,0.04243337411654028,555,I think it is akin to a human.
5474,1,3,57,61,1.0819672131147542,0.04243337411654028,555,This doesnt't taste as good as I thought it would.
5474,0,5,56,61,1.0819672131147542,0.03541388359785716,555,I am on a new diet
5474,0,5,56,61,1.0819672131147542,0.03541388359785716,555,Leftovers again?
5474,1,3,57,61,1.0819672131147542,0.04243337411654028,555,GMO's just ruin the flavor.
5474,0,5,56,61,1.0819672131147542,0.03541388359785716,555,"The Mannequin Challenge doesn't work when you need to keep moving to breathe, so this will have to do."
5474,0,5,56,61,1.0819672131147542,0.03541388359785716,555,Great—another unrealistic body standard for female sharks.
5474,0,5,56,61,1.0819672131147542,0.03541388359785716,555,"Apparently the term ""natural food"" lacks sufficient standards."
5474,2,1,58,61,1.0819672131147542,0.048446251932899455,555,We're gonna need a bigger appetite.
5474,0,5,56,61,1.0819672131147542,0.03541388359785716,555,Just practicing my turnovers.
5474,1,3,57,61,1.0819672131147542,0.04243337411654028,555,Is that one of those gnash test dummies?
5474,1,3,57,61,1.0819672131147542,0.04243337411654028,555,Now you're just sharklifting for the sake of it Gerry.
5474,1,3,57,61,1.0819672131147542,0.04243337411654028,555,This is a challenge.
5474,0,5,56,61,1.0819672131147542,0.03541388359785716,555,I was thinking about making a white sharkskin dinner jacket--but these manniquins never quite match my body type!
5474,2,1,58,61,1.0819672131147542,0.048446251932899455,555,"""Bloody hell! I thought you were onto something here."" Katie Armstrong, Wheaton, Ill."
5474,0,5,56,61,1.0819672131147542,0.03541388359785716,555,It's the latest low carb diet.
5474,0,5,56,61,1.0819672131147542,0.03541388359785716,555,Only good tasting humans get to be shark bait.
5474,1,3,57,61,1.0819672131147542,0.04243337411654028,555,""" Now listen closely. In today's lesson, we will study the alternative facts of life""."
5474,1,3,57,61,1.0819672131147542,0.04243337411654028,555,Krill of my dreams.
5474,1,3,57,61,1.0819672131147542,0.04243337411654028,555,I'm working on my beach body
5474,0,5,56,61,1.0819672131147542,0.03541388359785716,555,I thought I was saving a fellow Lawyer!
5474,1,3,57,61,1.0819672131147542,0.04243337411654028,555,Manokin..not Manashevitz!
5678,2,1,59,62,1.0806451612903225,0.04767678891621463,555,Yuck! It's test like dried homosepian!
5678,1,3,58,62,1.0806451612903225,0.04176428464117013,555,It's an e.human to help me curb my addictive habit.
5678,1,3,58,62,1.0806451612903225,0.04176428464117013,555,You may have won the mannequin challenge but you'll never beat me at carpool karaoke.
5678,0,5,57,62,1.0806451612903225,0.03486308566114124,555,Did I do it? Did I do the Mannequin Challenge?
5682,0,4,56,60,1.0666666666666667,0.03247482002983032,555,Because the flavor is much better than the alternative.
5682,1,2,57,60,1.0666666666666667,0.04024407642600707,555,"Look, we're sharks. We don't eat quiche."
5682,0,4,56,60,1.0666666666666667,0.03247482002983032,555,We can use this dummy for our 'Jump the Trump' competition
5682,1,2,57,60,1.0666666666666667,0.04024407642600707,555,All you can eat litter for the next 4 years!
5682,1,2,57,60,1.0666666666666667,0.04024407642600707,555,I'm working for ICE now.
5682,1,2,57,60,1.0666666666666667,0.04024407642600707,555,"See, it's safe for every fad diet."
5682,0,4,56,60,1.0666666666666667,0.03247482002983032,555,"What you said ""the manikin challenge"""
5682,1,2,57,60,1.0666666666666667,0.04024407642600707,555,Its nutritionist-prescribed for cravings.
5682,0,4,56,60,1.0666666666666667,0.03247482002983032,555,It's the new pseudobiotic diet.
5682,0,4,56,60,1.0666666666666667,0.03247482002983032,555,It has less sugar than the average swimmer
5682,1,2,57,60,1.0666666666666667,0.04024407642600707,555,"This is the 5th one I am eating today- you can't stop me from winning the mannequin challenge, Linda!"
5682,0,4,56,60,1.0666666666666667,0.03247482002983032,555,These humans today taste much different now that they're all dead.
5682,0,4,56,60,1.0666666666666667,0.03247482002983032,555,"No, it's my bad. I should have been more clear."
5682,0,4,56,60,1.0666666666666667,0.03247482002983032,555,Thought you'd want to be a clothes horse.
5682,0,4,56,60,1.0666666666666667,0.03247482002983032,555,"They got the best swag at ""Shark Tank"" parties."
5682,0,4,56,60,1.0666666666666667,0.03247482002983032,555,My doctor has me on the cave-manikin diet.
5682,1,2,57,60,1.0666666666666667,0.04024407642600707,555,"It's a ""2"" day."
5682,0,4,56,60,1.0666666666666667,0.03247482002983032,555,You lied. You told me they were just crunchy on the inside.
5682,1,2,57,60,1.0666666666666667,0.04024407642600707,555,How much do I owe ya?
5682,0,4,56,60,1.0666666666666667,0.03247482002983032,555,"Yeah, it's a challenge."
5682,1,2,57,60,1.0666666666666667,0.04024407642600707,555,I preferred the Harlem Shake!
5682,0,4,56,60,1.0666666666666667,0.03247482002983032,555,"Hi, honey -- I picked up some salmon for lunch!"
5682,1,2,57,60,1.0666666666666667,0.04024407642600707,555,Did he die hard?
5682,0,4,56,60,1.0666666666666667,0.03247482002983032,555,"He's a fisherman, right?"
5682,1,2,57,60,1.0666666666666667,0.04024407642600707,555,This one won't leave a blood trail!
5682,1,2,57,60,1.0666666666666667,0.04024407642600707,555,"""This hors d'oeuvre is no substitute"
5682,2,0,58,60,1.0666666666666667,0.04673924944620664,555,"NOW JOHN, I KNOW THAT THE DUMMY REMINDS YOU OF YOUR MOTHER, SO I'M GOING TO TAKE IT BACK TO MY HOUSE AND JUST...PUT IT IN THE CORNER."
5682,0,4,56,60,1.0666666666666667,0.03247482002983032,555,This mannequin really bites
5682,1,2,57,60,1.0666666666666667,0.04024407642600707,555,"Oh, I thought it was a bit tough. Or let it be: it tastes like chicken"
5682,1,2,57,60,1.0666666666666667,0.04024407642600707,555,It almost came to fisticuffs.
5682,1,2,57,60,1.0666666666666667,0.04024407642600707,555,Climate apocalypse is down here too!
5682,0,4,56,60,1.0666666666666667,0.03247482002983032,555,They said it was dietetic!
5682,0,4,56,60,1.0666666666666667,0.03247482002983032,555,Every makover shark should have one.
5682,1,2,57,60,1.0666666666666667,0.04024407642600707,555,Next season on Project Runway: Left Shark.
5682,0,4,56,60,1.0666666666666667,0.03247482002983032,555,Here's the last import to the United States.
5682,2,0,58,60,1.0666666666666667,0.04673924944620664,555,It's wasabi-flavored?
5682,0,4,56,60,1.0666666666666667,0.03247482002983032,555,This human had cockroach's blood
5682,0,4,56,60,1.0666666666666667,0.03247482002983032,555,I like the zero calories but frankly this new diet is a bust.
5682,1,2,57,60,1.0666666666666667,0.04024407642600707,555,"Jealous dubbed, ""[Ocean] Garbage Can"", during [Trump] [week]."
5682,0,4,56,60,1.0666666666666667,0.03247482002983032,555,I'm watering down the design.
5682,0,4,56,60,1.0666666666666667,0.03247482002983032,555,On the Waterfront.
5682,0,4,56,60,1.0666666666666667,0.03247482002983032,555,...but I thought we agreed to go organic!
5682,1,2,57,60,1.0666666666666667,0.04024407642600707,555,"Don't start up with me, you collect snuffboxes."
5682,1,2,57,60,1.0666666666666667,0.04024407642600707,555,It's a kind-a- man !
5682,1,2,57,60,1.0666666666666667,0.04024407642600707,555,It looks like online retail is here to stay .
5682,0,4,56,60,1.0666666666666667,0.03247482002983032,555,"No, no -- I said we need a paladin."
5682,1,2,57,60,1.0666666666666667,0.04024407642600707,555,We've had a lot of issues weaning her off the binky.
5682,0,4,56,60,1.0666666666666667,0.03247482002983032,555,Jealous yet?
5682,1,2,57,60,1.0666666666666667,0.04024407642600707,555,"Look, ""Mares eat oats, and does eat oats and little lambs eat ivy...."" So why can't sharks eat mannequins?"
5682,0,4,56,60,1.0666666666666667,0.03247482002983032,555,Do you even know what the challenge is about?
5682,0,4,56,60,1.0666666666666667,0.03247482002983032,555,"It's tender, but it could use a little more seasoning!"
5682,1,2,57,60,1.0666666666666667,0.04024407642600707,555,"Seltzer with mime, coming up."
5682,0,4,56,60,1.0666666666666667,0.03247482002983032,555,"Nice catch, but where's the human factor?"
5682,0,4,56,60,1.0666666666666667,0.03247482002983032,555,I asked for medium rare.
5682,1,2,57,60,1.0666666666666667,0.04024407642600707,555,You are way above the legal limit to be swimming in the pacific!
5682,0,4,56,60,1.0666666666666667,0.03247482002983032,555,I'm glad you're amused!
5682,0,4,56,60,1.0666666666666667,0.03247482002983032,555,It's part of my New Year's man-lite diet.
5682,0,4,56,60,1.0666666666666667,0.03247482002983032,555,Whaa? The mannequin challenged me!
5682,0,4,56,60,1.0666666666666667,0.03247482002983032,555,"Dumbass thought he was on Twitter, got him for a great deal on eBay!"
5682,2,0,58,60,1.0666666666666667,0.04673924944620664,555,Oh my.... Not again!
5682,0,4,56,60,1.0666666666666667,0.03247482002983032,555,You got any dental floss? These splinters are stuck between my teeth and won't wash out.
5682,1,2,57,60,1.0666666666666667,0.04024407642600707,555,You did say you were looking for a change.
5682,1,2,57,60,1.0666666666666667,0.04024407642600707,555,Oh No!!!It's a Trump Tide-
5682,1,2,57,60,1.0666666666666667,0.04024407642600707,555,I see you slid out on me again!
5682,0,4,56,60,1.0666666666666667,0.03247482002983032,555,No thanks. I only eat non-GMO certified humans.
5682,1,2,57,60,1.0666666666666667,0.04024407642600707,555,I heard you had a haddock.
5682,1,2,57,60,1.0666666666666667,0.04024407642600707,555,"To be candid, I could care less about getting to Carnegie Hall."
5682,1,2,57,60,1.0666666666666667,0.04024407642600707,555,It will give you indigestion!
5682,0,4,56,60,1.0666666666666667,0.03247482002983032,555,You really like suchi? I much prefer them sautéed.
5682,1,2,57,60,1.0666666666666667,0.04024407642600707,555,"So I just learned the 'Mannequin Challenge' is like so last year, and it doesn't even involve mannequins...."
5682,0,4,56,60,1.0666666666666667,0.03247482002983032,555,This one was not eating organic.
5682,0,4,56,60,1.0666666666666667,0.03247482002983032,555,I thought they were supposed to taste like seal?
5682,1,2,57,60,1.0666666666666667,0.04024407642600707,555,We're gonna need a bigger Dish.
5682,0,4,56,60,1.0666666666666667,0.03247482002983032,555,You're gonna need a bigger belt.
5682,0,4,56,60,1.0666666666666667,0.03247482002983032,555,I just got the underwater rights to the mannequin challenge
5682,0,4,56,60,1.0666666666666667,0.03247482002983032,555,"What? I'm a Scavenger shark, I could probably get a fin for it."
5682,0,4,56,60,1.0666666666666667,0.03247482002983032,555,Because I heard that rich folks brought a trunk when they traveled.
5682,0,4,56,60,1.0666666666666667,0.03247482002983032,555,I'm not impressed. The styles last year were so delicious!
5682,0,4,56,60,1.0666666666666667,0.03247482002983032,555,It's orthodontically correct.
5682,0,4,56,60,1.0666666666666667,0.03247482002983032,555,"Honestly, I have no moral reservations about fast fashion."
5682,0,4,56,60,1.0666666666666667,0.03247482002983032,555,Are real humans also full of pins?
5682,0,4,56,60,1.0666666666666667,0.03247482002983032,555,I thought it was a girlikon.
5682,0,4,56,60,1.0666666666666667,0.03247482002983032,555,They tossed this old Trump model because the head is too small. It couldn't hold the ego.
5682,0,4,56,60,1.0666666666666667,0.03247482002983032,555,Wait. . . are you mad?
5682,1,2,57,60,1.0666666666666667,0.04024407642600707,555,"Bruce, I don't care if it tastes like the real thing, you and I both know I cheat easily on diets."
5682,0,4,56,60,1.0666666666666667,0.03247482002983032,555,Amazon's impact on traditional retail has made going vegan so much easier.
5682,0,4,56,60,1.0666666666666667,0.03247482002983032,555,It's part of the outpatient program.
5682,0,4,56,60,1.0666666666666667,0.03247482002983032,555,One step at a time.
5682,0,4,56,60,1.0666666666666667,0.03247482002983032,555,"Mann, E quin really taste the difference."
5682,0,4,56,60,1.0666666666666667,0.03247482002983032,555,I'm afraid alternative facts don't meet my dietary needs.
5682,0,4,56,60,1.0666666666666667,0.03247482002983032,555,"Was dinner 100% cotton, organic and local?"
5682,2,0,58,60,1.0666666666666667,0.04673924944620664,555,Don't drool we're not a school.
5682,0,4,56,60,1.0666666666666667,0.03247482002983032,555,"Come on, if they were really trying to catch us they would at least find us one with beautiful hair and sexy legs."
5682,0,4,56,60,1.0666666666666667,0.03247482002983032,555,"I know you told me, Jim,...but alternative facts are so damn addicting, it's crazy!"
5682,0,4,56,60,1.0666666666666667,0.03247482002983032,555,We are on a row food diet this week
5682,0,4,56,60,1.0666666666666667,0.03247482002983032,555,"Ok, alright, I'm really going to start start my diet tomorrow"
5682,1,2,57,60,1.0666666666666667,0.04024407642600707,555,Watch their faces when they realise we can walk
5682,0,4,56,60,1.0666666666666667,0.03247482002983032,555,It's really not bad with secret sauce.
5682,0,4,56,60,1.0666666666666667,0.03247482002983032,555,It's for your upcoming Killer Whale Certification!
5682,1,2,57,60,1.0666666666666667,0.04024407642600707,555,That's not what I meant by the mannequin challenge.
5682,0,4,56,60,1.0666666666666667,0.03247482002983032,555,I thought it was time to put some teeth into the Mannequin Challenge.
5682,1,2,57,60,1.0666666666666667,0.04024407642600707,555,I wannted to challenge the mannequin.
5682,1,2,57,60,1.0666666666666667,0.04024407642600707,555,Say hello to my little friend.
5682,1,2,57,60,1.0666666666666667,0.04024407642600707,555,They were out of Baby Alive.
5682,0,4,56,60,1.0666666666666667,0.03247482002983032,555,I thought you were bringing a human.
5682,0,4,56,60,1.0666666666666667,0.03247482002983032,555,I am sink or swim neutral
5682,1,2,57,60,1.0666666666666667,0.04024407642600707,555,I feel inspired by our new President
5682,1,2,57,60,1.0666666666666667,0.04024407642600707,555,"I'm telling you, it was all dressed up like Quint."
5682,0,4,56,60,1.0666666666666667,0.03247482002983032,555,that's not how you do the mannequin challenge larry!
5682,1,2,57,60,1.0666666666666667,0.04024407642600707,555,"Yum that looks good, can I have a bite?"
5682,0,4,56,60,1.0666666666666667,0.03247482002983032,555,"This one tastes stale. Here, you take a bite. What do you think?"
5682,0,4,56,60,1.0666666666666667,0.03247482002983032,555,I promised Michelle Obama I would cut down on fat.
5682,0,4,56,60,1.0666666666666667,0.03247482002983032,555,What? It's not GMO.
5682,0,4,56,60,1.0666666666666667,0.03247482002983032,555,Check it out. Personalized toothpicks!
5682,0,4,56,60,1.0666666666666667,0.03247482002983032,555,You think you're going to the Women's March with that?
5682,0,4,56,60,1.0666666666666667,0.03247482002983032,555,How's that new implant doing?
5682,1,2,57,60,1.0666666666666667,0.04024407642600707,555,I've decided to become a mannequinarian.
5682,2,0,58,60,1.0666666666666667,0.04673924944620664,555,That was ba-dumb.
5682,1,2,57,60,1.0666666666666667,0.04024407642600707,555,This vegan diet just isn't the same.
5682,1,2,57,60,1.0666666666666667,0.04024407642600707,555,Have you thought of running for political office?
5682,0,4,56,60,1.0666666666666667,0.03247482002983032,555,They're gonna need a bigger coat.
5682,1,2,57,60,1.0666666666666667,0.04024407642600707,555,"Bob, why the sad face? The election's over."
5682,0,4,56,60,1.0666666666666667,0.03247482002983032,555,I said I like eating man with my kin...
5682,0,4,56,60,1.0666666666666667,0.03247482002983032,555,Sharp bite.
5682,0,4,56,60,1.0666666666666667,0.03247482002983032,555,They didn't have it in my size.
5682,2,0,58,60,1.0666666666666667,0.04673924944620664,555,It was a can of people
5682,0,4,56,60,1.0666666666666667,0.03247482002983032,555,I've tasted better. It's a little overcooked and chewy.
5682,0,4,56,60,1.0666666666666667,0.03247482002983032,555,"These decoys are not good for your teeth, even though the flavor is spot on."
5682,0,4,56,60,1.0666666666666667,0.03247482002983032,555,It's for the youngsters' lunch. They make such a fuss if they're given legs.
5682,1,2,57,60,1.0666666666666667,0.04024407642600707,555,"I'm setting this decoy here. I've heard they like to congregate at the ""water cooler""."
5682,1,2,57,60,1.0666666666666667,0.04024407642600707,555,"Well, it trickled down..."
5682,1,2,57,60,1.0666666666666667,0.04024407642600707,555,"Tastes like a pillow, you idiot!"
5682,0,4,56,60,1.0666666666666667,0.03247482002983032,555,"Hey, clean up the home waters and grab some plastic pussy; it's a mission."
5682,2,0,58,60,1.0666666666666667,0.04673924944620664,555,"This Trump dummy was anatomically correct, so I saved you his other head Hillary."
5682,1,2,57,60,1.0666666666666667,0.04024407642600707,555,"I'm working towards my permanent Predator's License... or, My school is totally progressive; it's a personekin..."
5682,0,4,56,60,1.0666666666666667,0.03247482002983032,555,"I know it's not a man, but it's akin to one."
5682,1,2,57,60,1.0666666666666667,0.04024407642600707,555,What do you mean just the display?
5682,1,2,57,60,1.0666666666666667,0.04024407642600707,555,"Couture, or Prêt–à–Porter?"
5682,1,2,57,60,1.0666666666666667,0.04024407642600707,555,"Nothing to see here, move along..."
5682,0,4,56,60,1.0666666666666667,0.03247482002983032,555,"I told you bite your tongue, didn't I?"
5682,1,2,57,60,1.0666666666666667,0.04024407642600707,555,I'm hoping this will enhance my teeth's sharkness.
5682,0,4,56,60,1.0666666666666667,0.03247482002983032,555,Honey pass the cranberry sauce.
5682,0,4,56,60,1.0666666666666667,0.03247482002983032,555,When they said the owner likes to clown around -- I had no idea this is what they meant.
5682,0,4,56,60,1.0666666666666667,0.03247482002983032,555,"Waitress, could I please have a side order of blood?"
5682,1,2,57,60,1.0666666666666667,0.04024407642600707,555,"Starting today, it's the only alternative."
5682,0,4,56,60,1.0666666666666667,0.03247482002983032,555,2016 was a memorable year for everyone on the left.
5682,1,2,57,60,1.0666666666666667,0.04024407642600707,555,This season put some teeth into your designs.
5682,0,4,56,60,1.0666666666666667,0.03247482002983032,555,"Heide said ""You're out"" so I grabbed this on the way."
5682,0,4,56,60,1.0666666666666667,0.03247482002983032,555,"Lori Greiner said she is in for 15% and $200,000."
5682,1,2,57,60,1.0666666666666667,0.04024407642600707,555,It was the Unconventional Materials challenge.
5682,1,2,57,60,1.0666666666666667,0.04024407642600707,555,Make it work.
5682,0,4,56,60,1.0666666666666667,0.03247482002983032,555,Being a man-eater isn't all sunshine and rainbows.
5682,1,2,57,60,1.0666666666666667,0.04024407642600707,555,I am pitching my invention to Mark Cuban this afternoon.
5682,0,4,56,60,1.0666666666666667,0.03247482002983032,555,The Donald said that this makes me a man eating shark.
5682,0,4,56,60,1.0666666666666667,0.03247482002983032,555,"Going to hit the gym, too?"
5682,1,2,57,60,1.0666666666666667,0.04024407642600707,555,"... ""What"""
5682,0,4,56,60,1.0666666666666667,0.03247482002983032,555,Who knew crabs liked worsted wool?
5682,1,2,57,60,1.0666666666666667,0.04024407642600707,555,Now THIS is a mannequin challenge.
5682,0,4,56,60,1.0666666666666667,0.03247482002983032,555,Tastier than Trump's Inaugural cake.
5682,1,2,57,60,1.0666666666666667,0.04024407642600707,555,It is certainly tough but you know sharks can not be picky
5682,0,4,56,60,1.0666666666666667,0.03247482002983032,555,"Have you tried one of these lately? Kinda of tough to chew, what are they eating up there?"
5682,0,4,56,60,1.0666666666666667,0.03247482002983032,555,I found a man down unduh
5682,0,4,56,60,1.0666666666666667,0.03247482002983032,555,It's the Atkins diet. It's literally a dummy of Dr. Atkins.
5682,0,4,56,60,1.0666666666666667,0.03247482002983032,555,Just tell everyone it's delicious and hope the mermaids don't ask any questions...
5682,0,4,56,60,1.0666666666666667,0.03247482002983032,555,It's called bespoke gastronomy. And it's high in fiber too!
5682,0,4,56,60,1.0666666666666667,0.03247482002983032,555,Man-I-Can't wait to see what that surfboard tastes like.
5682,0,4,56,60,1.0666666666666667,0.03247482002983032,555,"Usually, they are more pliable"
5682,1,2,57,60,1.0666666666666667,0.04024407642600707,555,No mannequin... No mannequin! You're the mannequin!
5682,1,2,57,60,1.0666666666666667,0.04024407642600707,555,No. I didn't win the challenge so they threw this mannequin to me so I'd leave.
5682,1,2,57,60,1.0666666666666667,0.04024407642600707,555,Feefl kah mee FO fake.
5682,1,2,57,60,1.0666666666666667,0.04024407642600707,555,Isn't it blatant discrimination that the Oscars are given only to human actors?
5682,1,2,57,60,1.0666666666666667,0.04024407642600707,555,The kids a!ways gra. The led antigen The kids always grab the legs and wings.
5682,0,4,56,60,1.0666666666666667,0.03247482002983032,555,"Brenda, for the last time, stop putting our lunch in the freezer."
5682,2,0,58,60,1.0666666666666667,0.04673924944620664,555,Handling the world's prickliest blowfish!
5682,1,2,57,60,1.0666666666666667,0.04024407642600707,555,She's the Bond girl for Shark Week.
5682,1,2,57,60,1.0666666666666667,0.04024407642600707,555,Meet my fake muse.
5682,1,2,57,60,1.0666666666666667,0.04024407642600707,555,"Sorry, I can't guarantee an hour of happiness."
5682,0,4,56,60,1.0666666666666667,0.03247482002983032,555,"It's a bit bland, but it fits our diet."
5682,1,2,57,60,1.0666666666666667,0.04024407642600707,555,I'm going to get rid of artificial ingredients after this.
5682,1,2,57,60,1.0666666666666667,0.04024407642600707,555,I am auditioning for mannequin week.
5682,0,4,56,60,1.0666666666666667,0.03247482002983032,555,"So I said, ""Mannequin? More like mannecan't!"" Amirite?"
5682,0,4,56,60,1.0666666666666667,0.03247482002983032,555,But it's an authentic Venus de Moro!
5682,0,4,56,60,1.0666666666666667,0.03247482002983032,555,What do you mean the challenge was trickier this week as everyone was marching ?
5682,1,2,57,60,1.0666666666666667,0.04024407642600707,555,"Man, my teeth are achin'."
5682,1,2,57,60,1.0666666666666667,0.04024407642600707,555,Would you like a bite?
5682,0,4,56,60,1.0666666666666667,0.03247482002983032,555,"It's synthetic, but at least it doesn't have any GMOs."
5682,1,2,57,60,1.0666666666666667,0.04024407642600707,555,Do you like plastic?
5682,0,4,56,60,1.0666666666666667,0.03247482002983032,555,"Tastes like nothing, but contains less chemicals."
5682,1,2,57,60,1.0666666666666667,0.04024407642600707,555,Really? Only the small plate?
5682,0,4,56,60,1.0666666666666667,0.03247482002983032,555,"Stu, shark week auditions aren't until April."
5682,0,4,56,60,1.0666666666666667,0.03247482002983032,555,They don't make them crunchy more.
5682,0,4,56,60,1.0666666666666667,0.03247482002983032,555,Where is the route for the March?
5682,0,4,56,60,1.0666666666666667,0.03247482002983032,555,"Don't give me that look, if Ariel could have her own treasure then I can have my own clothing shop!"
5682,1,2,57,60,1.0666666666666667,0.04024407642600707,555,Ever had tuna dressing?
5682,1,2,57,60,1.0666666666666667,0.04024407642600707,555,"This mannequin, like my love for you, will last forever, Valentine."
5682,0,4,56,60,1.0666666666666667,0.03247482002983032,555,We leave next week for the coast.
5682,0,4,56,60,1.0666666666666667,0.03247482002983032,555,"I've had many before, but now I'm stuck on this one..."
5682,1,2,57,60,1.0666666666666667,0.04024407642600707,555,All we need now is Andrew McCarthy.
5682,0,4,56,60,1.0666666666666667,0.03247482002983032,555,All you need are Tic Tacs.
5682,0,4,56,60,1.0666666666666667,0.03247482002983032,555,This not the right way to do the mannequin challenge?
5682,0,4,56,60,1.0666666666666667,0.03247482002983032,555,Now you're just being a jerk.
5682,1,2,57,60,1.0666666666666667,0.04024407642600707,555,I told Mark Cuban I'd give him both arms if he'd back my fashion idea.
5682,0,4,56,60,1.0666666666666667,0.03247482002983032,555,These deep-sea drones have become such a menace.
5682,0,4,56,60,1.0666666666666667,0.03247482002983032,555,I went shopping and this was the most appealing thing I found
5682,1,2,57,60,1.0666666666666667,0.04024407642600707,555,"Oh, for Pete's sake!"
5682,1,2,57,60,1.0666666666666667,0.04024407642600707,555,Whaddya mean plastic?
5682,1,2,57,60,1.0666666666666667,0.04024407642600707,555,"""Look at my awesome new chew toy! It feels just like the real thing."" said one shark to the other."
5682,1,2,57,60,1.0666666666666667,0.04024407642600707,555,"That's not Skywalker, you idiot!"
5682,0,4,56,60,1.0666666666666667,0.03247482002983032,555,I think we should raise Hazel mannequarian
5682,1,2,57,60,1.0666666666666667,0.04024407642600707,555,It was the smell of blood.
5682,0,4,56,60,1.0666666666666667,0.03247482002983032,555,I think this meal needs a little salt.
5682,1,2,57,60,1.0666666666666667,0.04024407642600707,555,Like my new pet?
5682,1,2,57,60,1.0666666666666667,0.04024407642600707,555,I've told you before it's not current
5682,1,2,57,60,1.0666666666666667,0.04024407642600707,555,check the size - i don't trust those online retailers
5682,0,4,56,60,1.0666666666666667,0.03247482002983032,555,Are you gonna clown around all day or are you gonna order already?
5682,1,2,57,60,1.0666666666666667,0.04024407642600707,555,I can't resist a good photo op!
5682,0,4,56,60,1.0666666666666667,0.03247482002983032,555,"A great white shark and a fake model, are you kidding me?"
5682,0,4,56,60,1.0666666666666667,0.03247482002983032,555,"Since the National Monument designation, this is all I've been able to get."
5682,0,4,56,60,1.0666666666666667,0.03247482002983032,555,"Or alternatively - a little man with no brains, real guts, or heart."
5682,0,4,56,60,1.0666666666666667,0.03247482002983032,555,"They say it,s a man she It sort of has a rubbery taste."
5682,1,2,57,60,1.0666666666666667,0.04024407642600707,555,This prescribed low-fat diet is gonna kill me...
5682,0,4,56,60,1.0666666666666667,0.03247482002983032,555,From a distance it looked real. There are thousands left on the mall if you want one.
5682,0,4,56,60,1.0666666666666667,0.03247482002983032,555,my moonlight binges are gone
5682,1,2,57,60,1.0666666666666667,0.04024407642600707,555,mannequin challenge bitch lol
5682,1,2,57,60,1.0666666666666667,0.04024407642600707,555,This is the only way I can partake in the mannequin challenge.
5682,1,2,57,60,1.0666666666666667,0.04024407642600707,555,Two other guys besides you have to walk in before there’s a joke.
5682,0,4,56,60,1.0666666666666667,0.03247482002983032,555,Is that your display of affection?
5682,0,4,56,60,1.0666666666666667,0.03247482002983032,555,"It's part of ""extreme vetting."
5682,1,2,57,60,1.0666666666666667,0.04024407642600707,555,"Like squid, but with more flavor."
5682,1,2,57,60,1.0666666666666667,0.04024407642600707,555,New job at the White House got you down?
5682,0,4,56,60,1.0666666666666667,0.03247482002983032,555,"bad for the teeth, good for the ego."
5682,0,4,56,60,1.0666666666666667,0.03247482002983032,555,These new veggie surfers aren't half bad.
5682,0,4,56,60,1.0666666666666667,0.03247482002983032,555,Hey.. is it made in USA?
5682,0,4,56,60,1.0666666666666667,0.03247482002983032,555,Found lots in the Potomac after his speech.
5682,0,4,56,60,1.0666666666666667,0.03247482002983032,555,nothing like organics
5682,0,4,56,60,1.0666666666666667,0.03247482002983032,555,"It tastes horrible, but if I ever want to return to fashion merchandising I'm all set."
5682,0,4,56,60,1.0666666666666667,0.03247482002983032,555,It’s a facsimile for our tutorials.
5682,1,2,57,60,1.0666666666666667,0.04024407642600707,555,You're gonna need a figure fitting coat.
5682,0,4,56,60,1.0666666666666667,0.03247482002983032,555,You can display your baby teeth necklace on it.
5682,0,4,56,60,1.0666666666666667,0.03247482002983032,555,"See Pete, global warming is the chance to make our dreams come true. Remember when Dad told us no shark could ever make it to Madison..."
5682,0,4,56,60,1.0666666666666667,0.03247482002983032,555,Just you wait. I'm going to stir things up.
5682,0,4,56,60,1.0666666666666667,0.03247482002983032,555,You bring me shark bait??
5682,0,4,56,60,1.0666666666666667,0.03247482002983032,555,"I'm a tailor, not a biter."
5682,0,4,56,60,1.0666666666666667,0.03247482002983032,555,I don't think this human is fatty enough.
5682,1,2,57,60,1.0666666666666667,0.04024407642600707,555,The plot for the Mannequin Week Crossover Episode was admittedly thin.
5682,0,4,56,60,1.0666666666666667,0.03247482002983032,555,"I know we’re under the sea, but the Mannequin Challenge was so 2016."
5682,0,4,56,60,1.0666666666666667,0.03247482002983032,555,"Guess, no retracting our commentary on that last contestant."
5682,0,4,56,60,1.0666666666666667,0.03247482002983032,555,You're killing the Mannequin Challenge!
5682,0,4,56,60,1.0666666666666667,0.03247482002983032,555,It's the closest you'll ever get to being a window dresser!!
5682,0,4,56,60,1.0666666666666667,0.03247482002983032,555,Apparently there's no genetic modification.
5682,1,2,57,60,1.0666666666666667,0.04024407642600707,555,Fitting preyer into my day.
5682,1,2,57,60,1.0666666666666667,0.04024407642600707,555,"That mannequin wasn't really a challenge."" Or ""I'm trying the vegan, gluten-free lifestyle, but really, it's tasteless."
5682,0,4,56,60,1.0666666666666667,0.03247482002983032,555,I heard the POTUS job will be opening soon.
5682,0,4,56,60,1.0666666666666667,0.03247482002983032,555,They said my idea wasn't scaleable.
5682,0,4,56,60,1.0666666666666667,0.03247482002983032,555,One lousy Jawsbreaker is all I could find in this fragile food delta.
5682,0,4,56,60,1.0666666666666667,0.03247482002983032,555,I'm on the Parsons' diet
5682,0,4,56,60,1.0666666666666667,0.03247482002983032,555,Why are you eating Kim Cattrall?
5682,0,4,56,60,1.0666666666666667,0.03247482002983032,555,Tastes almost like the real thing.
5682,0,4,56,60,1.0666666666666667,0.03247482002983032,555,"""I see you've been dumpster diving at a Macy's going out of business sale""."
5682,1,2,57,60,1.0666666666666667,0.04024407642600707,555,I'm disappointed it doesn't have arms or legs.
5682,0,4,56,60,1.0666666666666667,0.03247482002983032,555,"Good taste, they say. Taste good? No way!"
5682,0,4,56,60,1.0666666666666667,0.03247482002983032,555,This is what happens when you mess with Mr. Wonderful
5682,1,2,57,60,1.0666666666666667,0.04024407642600707,555,"It's tofu. i'm still vegetarian, but sometimes I crave 'em."
5682,0,4,56,60,1.0666666666666667,0.03247482002983032,555,I'm making a sharkskin suit.
5682,0,4,56,60,1.0666666666666667,0.03247482002983032,555,Do you come here often?
5682,0,4,56,60,1.0666666666666667,0.03247482002983032,555,I can't believe it's not Harry.
5682,1,2,57,60,1.0666666666666667,0.04024407642600707,555,Its called the dress form diet.
5682,1,2,57,60,1.0666666666666667,0.04024407642600707,555,I blame Trump.
5682,0,4,56,60,1.0666666666666667,0.03247482002983032,555,"Tableau vivant? non, non ~ c'est Mannequin Challenge !!"
5682,0,4,56,60,1.0666666666666667,0.03247482002983032,555,"""I'm trying to quit. The habit is deveouring!"
5682,0,4,56,60,1.0666666666666667,0.03247482002983032,555,"Sorry, I'll still need to see some ID for the Seltzer water."
5682,0,4,56,60,1.0666666666666667,0.03247482002983032,555,A little too chewy for my taste!
5682,0,4,56,60,1.0666666666666667,0.03247482002983032,555,The real thing has too much blood sugar.
5682,1,2,57,60,1.0666666666666667,0.04024407642600707,555,And booby makes three.
5682,0,4,56,60,1.0666666666666667,0.03247482002983032,555,"Well, wise guy...and a ""La, Tea, Doe"" to you!"
5682,1,2,57,60,1.0666666666666667,0.04024407642600707,555,Why?... mecause miff's famossed hoo come hoo rife ah minnigh.
5682,0,4,56,60,1.0666666666666667,0.03247482002983032,555,Shark skin is all the rage this year.
5682,0,4,56,60,1.0666666666666667,0.03247482002983032,555,They didn't like my take on the shark suit....
5682,1,2,57,60,1.0666666666666667,0.04024407642600707,555,"This new diet has its skeptics, but I swear I've lost ten pounds!"
5682,1,2,57,60,1.0666666666666667,0.04024407642600707,555,cash me ousside how bow dah
5682,1,2,57,60,1.0666666666666667,0.04024407642600707,555,They must have been on a gluten-free diet.
5682,1,2,57,60,1.0666666666666667,0.04024407642600707,555,It taste like a Trump appointee.
5682,0,4,56,60,1.0666666666666667,0.03247482002983032,555,MqFood
5682,1,2,57,60,1.0666666666666667,0.04024407642600707,555,"Cool, isn't it? It's toy belonging to a 4 year old refugee child who drowned thanks to Trump's immigration policy."
5682,1,2,57,60,1.0666666666666667,0.04024407642600707,555,I'm a vegan now so I'm going to judge you.
5682,0,4,56,60,1.0666666666666667,0.03247482002983032,555,I ordered fat free meat.
5682,1,2,57,60,1.0666666666666667,0.04024407642600707,555,We'll upgrade to batons before the Olympic trials.
5682,1,2,57,60,1.0666666666666667,0.04024407642600707,555,"Well here's a mannequin, and getting it was a challenge."
5682,1,2,57,60,1.0666666666666667,0.04024407642600707,555,"I bought it at a ""whale of a sale""."
5682,1,2,57,60,1.0666666666666667,0.04024407642600707,555,"manikins are friends, not food."
5682,1,2,57,60,1.0666666666666667,0.04024407642600707,555,"It's called ""Man-in-a-Can."""
5682,0,4,56,60,1.0666666666666667,0.03247482002983032,555,can't think of anything funny to garble at this time
5682,1,2,57,60,1.0666666666666667,0.04024407642600707,555,LOSE YOUR GLASS AGAIN?
5682,0,4,56,60,1.0666666666666667,0.03247482002983032,555,You can't always get every Man-a-Kin you want!
5682,1,2,57,60,1.0666666666666667,0.04024407642600707,555,This is what you get for calling me a Fashionista!
5682,0,4,56,60,1.0666666666666667,0.03247482002983032,555,I can't resist fake chews.
5682,0,4,56,60,1.0666666666666667,0.03247482002983032,555,Can you believe I am going to be on Shark Tank next week?
5682,1,2,57,60,1.0666666666666667,0.04024407642600707,555,Just pick a more sustainable resolution next year.
5682,1,2,57,60,1.0666666666666667,0.04024407642600707,555,Macy's is currently looking for a mannequin eating shark.
5682,0,4,56,60,1.0666666666666667,0.03247482002983032,555,Did I win the mannequin challenge?
5682,1,2,57,60,1.0666666666666667,0.04024407642600707,555,"Fine, I get dieting, but that's not dinner."
5682,0,4,56,60,1.0666666666666667,0.03247482002983032,555,I've developed a taste for plastic.
5682,1,2,57,60,1.0666666666666667,0.04024407642600707,555,"Too crisp, we need to turn it into a man again"
5682,1,2,57,60,1.0666666666666667,0.04024407642600707,555,"I said attack the man in a cage, not can."
5682,0,4,56,60,1.0666666666666667,0.03247482002983032,555,I thought they said it was a closthes off sale.
5682,1,2,57,60,1.0666666666666667,0.04024407642600707,555,I am under her skin.
5682,1,2,57,60,1.0666666666666667,0.04024407642600707,555,Am I late to the Mannequin Challenge?
5682,1,2,57,60,1.0666666666666667,0.04024407642600707,555,That's not the Mannequin Challenge.
5682,1,2,57,60,1.0666666666666667,0.04024407642600707,555,"I wish we needed clothes, I have such a taste for fashion."
5682,0,4,56,60,1.0666666666666667,0.03247482002983032,555,I’m wondering if phony news and phony swimmers are part and parcel of the same zietgiest
5682,0,4,56,60,1.0666666666666667,0.03247482002983032,555,Got any toothpicks? These splinters are murder.
5682,0,4,56,60,1.0666666666666667,0.03247482002983032,555,"I told you, I wanted a womannequin!"
5682,1,2,57,60,1.0666666666666667,0.04024407642600707,555,"Sorry, that's not the dummy that makes you a world-wide hero."
5682,1,2,57,60,1.0666666666666667,0.04024407642600707,555,"You wanted a toothpick, will this used Oscar do?"
5682,0,4,56,60,1.0666666666666667,0.03247482002983032,555,"You can call me ""Rex Killerson."""
5682,1,2,57,60,1.0666666666666667,0.04024407642600707,555,But why so skinny?
5682,0,4,56,60,1.0666666666666667,0.03247482002983032,555,Good job! You passed.
5682,0,4,56,60,1.0666666666666667,0.03247482002983032,555,"what is that"""" it's going to help us look fin- tastic"
5682,0,4,56,60,1.0666666666666667,0.03247482002983032,555,But I thought it was better then jewelry.
5682,2,0,58,60,1.0666666666666667,0.04673924944620664,555,I'm thinking her name is Sewnomore.
5682,1,2,57,60,1.0666666666666667,0.04024407642600707,555,My first Barbie doll.
5682,0,4,56,60,1.0666666666666667,0.03247482002983032,555,Wanna Plat catch?
5682,0,4,56,60,1.0666666666666667,0.03247482002983032,555,Don't tell me you haven't heard of the deconstructed food trend...
5682,1,2,57,60,1.0666666666666667,0.04024407642600707,555,Global warming has it's rewards.
5682,1,2,57,60,1.0666666666666667,0.04024407642600707,555,I thought she was about to try to jump over me.
5682,1,2,57,60,1.0666666666666667,0.04024407642600707,555,There's always kids birthday parties
5682,0,4,56,60,1.0666666666666667,0.03247482002983032,555,I kneaded this for a seamless meal!
5682,1,2,57,60,1.0666666666666667,0.04024407642600707,555,"I bought this for oral satisfaction, but it doesn't taste good."
5682,1,2,57,60,1.0666666666666667,0.04024407642600707,555,Parkay!
5682,0,4,56,60,1.0666666666666667,0.03247482002983032,555,Gender really is a spectrum
5682,1,2,57,60,1.0666666666666667,0.04024407642600707,555,They say it's a manniquin but I'm not taking any chances.
5682,1,2,57,60,1.0666666666666667,0.04024407642600707,555,We live in dangerous times.
5682,2,0,58,60,1.0666666666666667,0.04673924944620664,555,Just seeing how it fits.
5682,1,2,57,60,1.0666666666666667,0.04024407642600707,555,How many times have i told you not to play sith your food?
5682,1,2,57,60,1.0666666666666667,0.04024407642600707,555,"Um Uh Um Uh Um....I can't talk when I have....um, uh, um.....when I have this thing in my mouth! ??"
5682,0,4,56,60,1.0666666666666667,0.03247482002983032,555,'The GMO'S just aren't as tasty.'
5682,1,2,57,60,1.0666666666666667,0.04024407642600707,555,I give this as my alternative ending to Super Bowl XLIX.
5682,1,2,57,60,1.0666666666666667,0.04024407642600707,555,Wanna taste Man Kin? Next time I'll try Female Kin.
5682,1,2,57,60,1.0666666666666667,0.04024407642600707,555,Think it'll catch on?
5682,1,2,57,60,1.0666666666666667,0.04024407642600707,555,I voted for him because he said I'd eat so many people I'd get tired of eating people.
5682,0,4,56,60,1.0666666666666667,0.03247482002983032,555,Tasted like pineapple upside down cake
5682,1,2,57,60,1.0666666666666667,0.04024407642600707,555,You can't go around grabbing young ladies.
5682,1,2,57,60,1.0666666666666667,0.04024407642600707,555,Then bite down for a tasty treat. Now you try.
5682,1,2,57,60,1.0666666666666667,0.04024407642600707,555,Oh. So you're going to act like a dog now. Well... show me your paw?
5682,1,2,57,60,1.0666666666666667,0.04024407642600707,555,I think I'll call it Homo Stultus.
5682,1,2,57,60,1.0666666666666667,0.04024407642600707,555,"Hmm, must be a new special serving today, and it didn't try to escape!"
5682,0,4,56,60,1.0666666666666667,0.03247482002983032,555,They seem to lack the protein of the others.
5682,0,4,56,60,1.0666666666666667,0.03247482002983032,555,I'm on another dum diet!
5682,0,4,56,60,1.0666666666666667,0.03247482002983032,555,Can't seem to break the skin on this one; it's really putting up a struggle.
5682,0,4,56,60,1.0666666666666667,0.03247482002983032,555,I thought that it was food..
5682,1,2,57,60,1.0666666666666667,0.04024407642600707,555,The first one I'm deleting today.
5682,0,4,56,60,1.0666666666666667,0.03247482002983032,555,I had no idea they'd run out so fast.
5682,0,4,56,60,1.0666666666666667,0.03247482002983032,555,Mannequins: the peanut brittle of torsos.
5682,0,4,56,60,1.0666666666666667,0.03247482002983032,555,Aww dang!!!!
5682,0,4,56,60,1.0666666666666667,0.03247482002983032,555,Not everything that falls out of their boats is necessarily tasty at all.
5682,0,4,56,60,1.0666666666666667,0.03247482002983032,555,Mannequin eating challenge.
5682,1,2,57,60,1.0666666666666667,0.04024407642600707,555,Sorry dear...thought you said to pick up something glute free.
5682,1,2,57,60,1.0666666666666667,0.04024407642600707,555,I went back for seconds and the man said he'd feed me a man akin of the woman I ate. I guess he a had a bone to pick.
5682,0,4,56,60,1.0666666666666667,0.03247482002983032,555,I thought it would help keep fashion jobs in the U.S.
5682,0,4,56,60,1.0666666666666667,0.03247482002983032,555,I don't get it.
5682,0,4,56,60,1.0666666666666667,0.03247482002983032,555,Of course he's human - he voted!
5682,1,2,57,60,1.0666666666666667,0.04024407642600707,555,It's a new yoga move.
5682,0,4,56,60,1.0666666666666667,0.03247482002983032,555,Don't judge me for practicing for the real thing.
5682,1,2,57,60,1.0666666666666667,0.04024407642600707,555,This one don't taste so good...can I send him back?
5682,1,2,57,60,1.0666666666666667,0.04024407642600707,555,Hey..you know I am on a diet
6047,1,2,58,61,1.0655737704918034,0.03959392553603673,555,Check out my entry for the Mannequin Challenge
6047,0,4,57,61,1.0655737704918034,0.03195670276986547,555,It was accused by the new guy of participation in voter fraud.
6047,0,4,57,61,1.0655737704918034,0.03195670276986547,555,This doesn't taste as good as the last one!
6047,1,2,58,61,1.0655737704918034,0.03959392553603673,555,"It’s ocean-marinated, grainy, and dry. Man, let’s call it jerky."
6047,0,4,57,61,1.0655737704918034,0.03195670276986547,555,"It's not dinner, it's the mannequin challenge!"
6047,0,4,57,61,1.0655737704918034,0.03195670276986547,555,Trying the mannequin-ranean diet
6047,0,4,57,61,1.0655737704918034,0.03195670276986547,555,"I see you read the 'Man I Can"" selfhelp book."
6047,2,0,59,61,1.0655737704918034,0.045979637088442916,555,"Oh, here she comes, she's a man eater!"
6047,0,4,57,61,1.0655737704918034,0.03195670276986547,555,It was billed as a Barrcuda Sale!
6047,1,2,58,61,1.0655737704918034,0.03959392553603673,555,"And Trevor's date, the ugly mermaid, is a snob."
6047,1,2,58,61,1.0655737704918034,0.03959392553603673,555,"Sure, but every diet has its drawbacks."
6047,1,2,58,61,1.0655737704918034,0.03959392553603673,555,Mom says I can take my training-human out soon.
6047,0,4,57,61,1.0655737704918034,0.03195670276986547,555,Is it soya-based?
6047,0,4,57,61,1.0655737704918034,0.03195670276986547,555,This is from my Toys for Kids shop.
6047,1,2,58,61,1.0655737704918034,0.03959392553603673,555,Pudding?
6047,0,4,57,61,1.0655737704918034,0.03195670276986547,555,I knew by that blank stare that you weren't listening when I said I was taking up haberdashery!
6047,1,2,58,61,1.0655737704918034,0.03959392553603673,555,So you say now!
6047,0,4,57,61,1.0655737704918034,0.03195670276986547,555,We had an EMT over for lunch.
6047,1,2,58,61,1.0655737704918034,0.03959392553603673,555,"Trust me, it's inedible. You're thinking of Mandy Patinkin."
6047,0,4,57,61,1.0655737704918034,0.03195670276986547,555,Do you have an hour to listen to me list the virtues of going vegan?
6047,1,2,58,61,1.0655737704918034,0.03959392553603673,555,Fake humans don't taste as good.
6047,0,4,57,61,1.0655737704918034,0.03195670276986547,555,Next year I will be up earlier on Black Friday
6047,0,4,57,61,1.0655737704918034,0.03195670276986547,555,I have always fantasizes about being Jaws.
6047,0,4,57,61,1.0655737704918034,0.03195670276986547,555,I brought you this cyber stem bouquet.
6047,0,4,57,61,1.0655737704918034,0.03195670276986547,555,It was pitched to me as a taylor-made diet.
6047,1,2,58,61,1.0655737704918034,0.03959392553603673,555,It doesn't taste like the real deal
6047,0,4,57,61,1.0655737704918034,0.03195670276986547,555,"No, I said we should dress FOR dinner."
6047,0,4,57,61,1.0655737704918034,0.03195670276986547,555,It's called the mannequin challenge.
6075,0,4,58,62,1.064516129032258,0.031454833121021764,555,"Did you really say ""Bring a yummy""?"
6075,0,4,58,62,1.064516129032258,0.031454833121021764,555,Seems you've found the Venus of dummies.
6077,0,3,55,58,1.0517241379310345,0.029334355490462056,555,That's a fisherman's message. It means old Slashfin sleeps with the canned tuna.
6077,0,3,55,58,1.0517241379310345,0.029334355490462056,555,"Damn, this mock Matt Lauer is giving me gas."
6077,0,3,55,58,1.0517241379310345,0.029334355490462056,555,Global warming?
6077,0,3,55,58,1.0517241379310345,0.029334355490462056,555,I won the mannequin challenge.
6077,1,1,56,58,1.0517241379310345,0.038281393516913155,555,"A new species, we'll swim fast again, promise, it will happen. And I mean fast."
6077,0,3,55,58,1.0517241379310345,0.029334355490462056,555,"Someone already got the tasty legs and wings."" ""You sure that's not a surfboard?"
6077,0,3,55,58,1.0517241379310345,0.029334355490462056,555,"Organic clothing my friend, organic clothing ..."
6077,0,3,55,58,1.0517241379310345,0.029334355490462056,555,"I'm doing well, Beau. So, how about you?"
6077,1,1,56,58,1.0517241379310345,0.038281393516913155,555,"Wang, Gucci, Lauren...off to prove I too can tweak top ten trends of this season's silhouette."
6077,1,1,56,58,1.0517241379310345,0.038281393516913155,555,If you see one of theses you grab it. It's the only kinda woman that won't grab back nowadays.
6077,0,3,55,58,1.0517241379310345,0.029334355490462056,555,Challenge this.
6077,0,3,55,58,1.0517241379310345,0.029334355490462056,555,It was the only item left at the going out of business sale.
6077,0,3,55,58,1.0517241379310345,0.029334355490462056,555,"O, It's raining Man-icans!!! Hallelujah!"
6077,0,3,55,58,1.0517241379310345,0.029334355490462056,555,Changing my name from Mr. Wonderful to Mr. Fabulous.
6077,0,3,55,58,1.0517241379310345,0.029334355490462056,555,This new meat substitute is terrible.
6077,0,3,55,58,1.0517241379310345,0.029334355490462056,555,she taastes funny
6077,0,3,55,58,1.0517241379310345,0.029334355490462056,555,Well either you didn't like your new suit or your on a fad diet
6077,0,3,55,58,1.0517241379310345,0.029334355490462056,555,Now we can start our fishline clothes
6077,0,3,55,58,1.0517241379310345,0.029334355490462056,555,We won't be able to get the shot if this mechanical human keeps acting up.
6077,0,3,55,58,1.0517241379310345,0.029334355490462056,555,Check out the new little spot just north of here. The gull said it's called Macy's.
6077,1,1,56,58,1.0517241379310345,0.038281393516913155,555,"Still out of your league, man."
6077,0,3,55,58,1.0517241379310345,0.029334355490462056,555,"Dre ""Dress rehearsal"""
6077,0,3,55,58,1.0517241379310345,0.029334355490462056,555,The simulation ends today.
6077,0,3,55,58,1.0517241379310345,0.029334355490462056,555,"My turn. Remember, let go when I yell 'Pull'."
6077,0,3,55,58,1.0517241379310345,0.029334355490462056,555,"You got one, Did you?"
6077,0,3,55,58,1.0517241379310345,0.029334355490462056,555,It reminded me of my grandmother.
6077,0,3,55,58,1.0517241379310345,0.029334355490462056,555,Are you on an alternative diet?
6077,0,3,55,58,1.0517241379310345,0.029334355490462056,555,The Mannequin Challenge plagues the Ocean too.
6077,0,3,55,58,1.0517241379310345,0.029334355490462056,555,"Donkey!"" ""Jackass"
6077,0,3,55,58,1.0517241379310345,0.029334355490462056,555,It's the Emporer's new painting.
6077,0,3,55,58,1.0517241379310345,0.029334355490462056,555,Thi wasn't in your profile.
6077,0,3,55,58,1.0517241379310345,0.029334355490462056,555,Sorry to chat and chew--gotta run to hot yoga and then my master class in algae fermentation!
6077,0,3,55,58,1.0517241379310345,0.029334355490462056,555,. . . but there was no GMO label.
6077,1,1,56,58,1.0517241379310345,0.038281393516913155,555,What’s this?! Everybody’s left the blue states?
6077,0,3,55,58,1.0517241379310345,0.029334355490462056,555,Better than the license plate but you need more schooling.
6077,0,3,55,58,1.0517241379310345,0.029334355490462056,555,The kid needs teething relief. He has a row of teeth coming in.
6077,0,3,55,58,1.0517241379310345,0.029334355490462056,555,"My teeth are stick, and no it's not calming."
6077,0,3,55,58,1.0517241379310345,0.029334355490462056,555,It's the new fashion in pacifiers.
6077,1,1,56,58,1.0517241379310345,0.038281393516913155,555,Man eating not mannequin!
6077,0,3,55,58,1.0517241379310345,0.029334355490462056,555,"Sorry pal, I'm cutting you off the seltzer."
6077,0,3,55,58,1.0517241379310345,0.029334355490462056,555,"Final exam at Shark U., devouring the mannequin."
6077,0,3,55,58,1.0517241379310345,0.029334355490462056,555,How do you swallow your convenience food?
6077,0,3,55,58,1.0517241379310345,0.029334355490462056,555,Alternative meal for you ?
6077,0,3,55,58,1.0517241379310345,0.029334355490462056,555,I think sharkskin's coming back!
6077,0,3,55,58,1.0517241379310345,0.029334355490462056,555,Im now a mannequin-tarian
6077,0,3,55,58,1.0517241379310345,0.029334355490462056,555,"Organic tastes better, too."
6077,0,3,55,58,1.0517241379310345,0.029334355490462056,555,It's this new diet
6077,0,3,55,58,1.0517241379310345,0.029334355490462056,555,"Russian dummy, Russian mannequin--Potato-Potato!"
6077,1,1,56,58,1.0517241379310345,0.038281393516913155,555,They're gonna need a bigger coat.
6077,1,1,56,58,1.0517241379310345,0.038281393516913155,555,"It's the latest thing, a pacifier for grownups. It helps when i get the urge...."
6077,0,3,55,58,1.0517241379310345,0.029334355490462056,555,"Does this mean, I win the mannequin challenge?"
6077,0,3,55,58,1.0517241379310345,0.029334355490462056,555,"Um, Dory wanted me to have it."
6077,0,3,55,58,1.0517241379310345,0.029334355490462056,555,Haven't you heard of veganuary?
6077,0,3,55,58,1.0517241379310345,0.029334355490462056,555,No! That's not Chum -That's Charm!
6077,0,3,55,58,1.0517241379310345,0.029334355490462056,555,Do you want to dance?
6077,0,3,55,58,1.0517241379310345,0.029334355490462056,555,The Evolution of the Shadow.
6077,1,1,56,58,1.0517241379310345,0.038281393516913155,555,What?????
6077,0,3,55,58,1.0517241379310345,0.029334355490462056,555,Grandad told me not to take any wooden nickels but I could never have imagined this!
6077,0,3,55,58,1.0517241379310345,0.029334355490462056,555,It's the low-fat alternative
6077,1,1,56,58,1.0517241379310345,0.038281393516913155,555,(This image does not need a caption. It is intrinsically funny in the best way.)
6077,0,3,55,58,1.0517241379310345,0.029334355490462056,555,Are you thinking of dressing her in sharkskin?
6077,0,3,55,58,1.0517241379310345,0.029334355490462056,555,"Captain Trump said it would be delicious, just like seal."
6139,1,1,57,59,1.0508474576271187,0.03763717411355216,555,Just because a mannequin doesn't mean a woman can't.
6139,0,3,56,59,1.0508474576271187,0.028846201471076714,555,We're not staying with your mother.
6139,0,3,56,59,1.0508474576271187,0.028846201471076714,555,"My new friend, Tessie the Trainer for Tots."
6142,0,2,55,57,1.0350877192982457,0.02458824169216613,555,"You know, Michael Pollan has a point."
6142,0,2,55,57,1.0350877192982457,0.02458824169216613,555,Jason Wu didn’t need it anymore.
6142,0,2,55,57,1.0350877192982457,0.02458824169216613,555,Where's the priest and the rabbi?
6142,0,2,55,57,1.0350877192982457,0.02458824169216613,555,"In my day, there used to be ""No Dumping"" signs."
6142,0,2,55,57,1.0350877192982457,0.02458824169216613,555,The mere mention of a principal idea would wilt a flow of quizzes without waste.
6142,0,2,55,57,1.0350877192982457,0.02458824169216613,555,"My apologies everyone, I didn't realize there would be a wall here."
6142,0,2,55,57,1.0350877192982457,0.02458824169216613,555,Good thing we're prehistoric.
6142,0,2,55,57,1.0350877192982457,0.02458824169216613,555,Now the other mannequins will fear you
6142,0,2,55,57,1.0350877192982457,0.02458824169216613,555,"Just knowing ""Heimlich"" will improve our P.R.."
6142,0,2,55,57,1.0350877192982457,0.02458824169216613,555,"GIVE ME A MINUTE, I CAN NEVER REACH MY BACK TEETH WITH THE FLOSS STRING."
6142,0,2,55,57,1.0350877192982457,0.02458824169216613,555,Now that Trump's president all we get are fake humans down here.
6142,0,2,55,57,1.0350877192982457,0.02458824169216613,555,"No, I think *you're* disappointed."
6142,0,2,55,57,1.0350877192982457,0.02458824169216613,555,"Hey Bruce, where do you find all these gadgets?"
6142,0,2,55,57,1.0350877192982457,0.02458824169216613,555,Times are tough. A good meal is hard to find.
6142,0,2,55,57,1.0350877192982457,0.02458824169216613,555,Long day Mr. Press secretary?
6142,0,2,55,57,1.0350877192982457,0.02458824169216613,555,Let's see how long this sewing phase lasts.
6142,0,2,55,57,1.0350877192982457,0.02458824169216613,555,Respect man! How did you get to pull her?
6142,1,0,56,57,1.0350877192982457,0.035087719298245605,555,Let me guess. You want a clown royal
6142,1,0,56,57,1.0350877192982457,0.035087719298245605,555,It was quite a challenge to secure this item.
6142,0,2,55,57,1.0350877192982457,0.02458824169216613,555,"'I was looking for a man with little hands, but will this piece of garbage work instead?'"
6142,0,2,55,57,1.0350877192982457,0.02458824169216613,555,"Hey, what do you think of the new sharkskin dress?...get it, sharkskin dress!?"
6142,0,2,55,57,1.0350877192982457,0.02458824169216613,555,Didn't I tell you to start eating organic?
6142,0,2,55,57,1.0350877192982457,0.02458824169216613,555,I'm trying to cut down on my carbs but the shell on this one is tough.
6142,0,2,55,57,1.0350877192982457,0.02458824169216613,555,"You and Schumpeter can have your creative destruction. As a Keynesian, abstract models are just fine with me."
6142,0,2,55,57,1.0350877192982457,0.02458824169216613,555,Be authentic
6142,0,2,55,57,1.0350877192982457,0.02458824169216613,555,MINE MINE MINE
6142,0,2,55,57,1.0350877192982457,0.02458824169216613,555,A + for your test
6142,1,0,56,57,1.0350877192982457,0.035087719298245605,555,It's the extremely low FODMAP diet.
6142,0,2,55,57,1.0350877192982457,0.02458824169216613,555,Haven't we met before?
6142,0,2,55,57,1.0350877192982457,0.02458824169216613,555,"Mine, mine!!"
6142,0,2,55,57,1.0350877192982457,0.02458824169216613,555,"But Mom, all the cool pups are going! Can I go, pleeease?"
6142,0,2,55,57,1.0350877192982457,0.02458824169216613,555,I'm Wilfred's re-enactor.
6142,1,0,56,57,1.0350877192982457,0.035087719298245605,555,"It's used, but it's adjustable."
6142,0,2,55,57,1.0350877192982457,0.02458824169216613,555,I'm holding on to my old fashion appetite.
6142,0,2,55,57,1.0350877192982457,0.02458824169216613,555,"Not a man again, we agreed to stick to soylent"
6142,0,2,55,57,1.0350877192982457,0.02458824169216613,555,If only the executive action was as clear as blood.
6142,0,2,55,57,1.0350877192982457,0.02458824169216613,555,"I'm sorry Bubbles, you know I can't serve dish soap."
6142,0,2,55,57,1.0350877192982457,0.02458824169216613,555,Have I ever told you the joke about the clown that walked into a bar?
6142,0,2,55,57,1.0350877192982457,0.02458824169216613,555,"What say you, Water-Elephant?"
6142,0,2,55,57,1.0350877192982457,0.02458824169216613,555,"It's a bit of extra work, but dressing made from scratch is way more appetizing."
6142,0,2,55,57,1.0350877192982457,0.02458824169216613,555,Make a Mannequin Great Again.
6142,0,2,55,57,1.0350877192982457,0.02458824169216613,555,I'm sorry but the last clown we hired ran off with the circus.
6142,0,2,55,57,1.0350877192982457,0.02458824169216613,555,"Sorry, Charlie. StarKist wants tuna who are dressed in sharkskin suits. Not tasteless, naked mannequins."
6142,0,2,55,57,1.0350877192982457,0.02458824169216613,555,"Dummy, you just bit into a tailor's ship.."
6142,0,2,55,57,1.0350877192982457,0.02458824169216613,555,You've taken up kickboxing?
6142,0,2,55,57,1.0350877192982457,0.02458824169216613,555,That is the worst dressed human I have ever seen.
6142,0,2,55,57,1.0350877192982457,0.02458824169216613,555,I think this one will pair nicely with Pinot Noir.
6142,0,2,55,57,1.0350877192982457,0.02458824169216613,555,What's mine is yours.
6142,0,2,55,57,1.0350877192982457,0.02458824169216613,555,Shark Week-rexia
6142,0,2,55,57,1.0350877192982457,0.02458824169216613,555,Mannequin use a bite.
6142,0,2,55,57,1.0350877192982457,0.02458824169216613,555,we are sharks and this is a mannequin in my mouth how hilarious ha ha ha this is strange for there are sharks on earth but usually not with mannequins really makes you think about the state of the world #KONY2012
6142,0,2,55,57,1.0350877192982457,0.02458824169216613,555,It's that doll from 1987
6142,0,2,55,57,1.0350877192982457,0.02458824169216613,555,"Man I can, use a drink with this."
6142,0,2,55,57,1.0350877192982457,0.02458824169216613,555,Good form but your fins were in the wrong place.
6142,0,2,55,57,1.0350877192982457,0.02458824169216613,555,My grandfather Bruce used to dine out with actresses.
6142,0,2,55,57,1.0350877192982457,0.02458824169216613,555,"Pierre Franey does it better, but this is good."
6142,0,2,55,57,1.0350877192982457,0.02458824169216613,555,I think you're going to need a bigger wardrobe.
6142,1,0,56,57,1.0350877192982457,0.035087719298245605,555,"Wanna share?"" ""Nope. That's a mannequin, Mack, not a man! Bloodless. Tasteless. A bit tough around the edges."
6142,0,2,55,57,1.0350877192982457,0.02458824169216613,555,"I must have a stuffy nose, because there's absolutely no flavor."
6142,0,2,55,57,1.0350877192982457,0.02458824169216613,555,Any floss?
6142,0,2,55,57,1.0350877192982457,0.02458824169216613,555,Play against existance.
6142,1,0,56,57,1.0350877192982457,0.035087719298245605,555,"No, it's a real person - huge."
6142,0,2,55,57,1.0350877192982457,0.02458824169216613,555,"It's like a duck decoy. I'm have a yen for designer."" ""It's a designer decoy."
6142,0,2,55,57,1.0350877192982457,0.02458824169216613,555,Isn't that interesting!
6142,0,2,55,57,1.0350877192982457,0.02458824169216613,555,"OK, so it's not organic....I'm hungry."
6142,0,2,55,57,1.0350877192982457,0.02458824169216613,555,'Let's dress her in sharkskin.'
6142,0,2,55,57,1.0350877192982457,0.02458824169216613,555,The lesser known Paper Tiger Shark.
6142,0,2,55,57,1.0350877192982457,0.02458824169216613,555,That designer dress sure was good.
6142,0,2,55,57,1.0350877192982457,0.02458824169216613,555,What? They ran out of caviar.
6142,0,2,55,57,1.0350877192982457,0.02458824169216613,555,Apparently sharks in southern waters have stronger teeth because of it
6142,0,2,55,57,1.0350877192982457,0.02458824169216613,555,"""Yeah, I'm your uncle and I say 'if you quack like a duck, your a duck', property tax $1.00 a glass no matter where you sit""."
6142,0,2,55,57,1.0350877192982457,0.02458824169216613,555,"I thought you said, ""this mannequin carnage stops right here. Right now."""
6142,0,2,55,57,1.0350877192982457,0.02458824169216613,555,Drones don't swim!
6142,0,2,55,57,1.0350877192982457,0.02458824169216613,555,"Have you read the report ""bin Laden Determined To Strike In Atlantic""?"
6142,0,2,55,57,1.0350877192982457,0.02458824169216613,555,Got it at a a fire sale.
6142,0,2,55,57,1.0350877192982457,0.02458824169216613,555,Shall we shred it to pieces together?
6142,0,2,55,57,1.0350877192982457,0.02458824169216613,555,Wanna Plat catch?
6142,0,2,55,57,1.0350877192982457,0.02458824169216613,555,"I thought they said rising sea levels would bring us closer to human flesh, not these plastic people! The last thing we need is more trash around here."
6142,0,2,55,57,1.0350877192982457,0.02458824169216613,555,I've told you before! I wouldn't marry you if you were the last man on earth!
6142,0,2,55,57,1.0350877192982457,0.02458824169216613,555,Do you think we can resell this at the sea-bottom sale?
6142,0,2,55,57,1.0350877192982457,0.02458824169216613,555,"Oh, you meant Oscar as in the fish"
6142,0,2,55,57,1.0350877192982457,0.02458824169216613,555,Water you doing.
6142,0,2,55,57,1.0350877192982457,0.02458824169216613,555,"Do you think this style is going to be ""in?"""
6142,0,2,55,57,1.0350877192982457,0.02458824169216613,555,I told you it wasn't our leftovers.
6142,0,2,55,57,1.0350877192982457,0.02458824169216613,555,#FreeatMelania
6142,0,2,55,57,1.0350877192982457,0.02458824169216613,555,"So, he wasn't doing the ""Challenge"" then?"
6142,0,2,55,57,1.0350877192982457,0.02458824169216613,555,"I promised you a model, darling. This is all Sak's had left. It's for the emperor's new clothes. Even jumping the shark is beyond Trump's press secretary."
6142,0,2,55,57,1.0350877192982457,0.02458824169216613,555,Want to try some fish sticks?
6142,0,2,55,57,1.0350877192982457,0.02458824169216613,555,I overbite when he overreaches
6142,0,2,55,57,1.0350877192982457,0.02458824169216613,555,"Mannequins are friends, not food."
6142,0,2,55,57,1.0350877192982457,0.02458824169216613,555,"My dad always said ""If you want something done right, you have to do it yourself"" and he was so right!"
6142,0,2,55,57,1.0350877192982457,0.02458824169216613,555,Oh or hark hin hoots hor ish guy.
6142,0,2,55,57,1.0350877192982457,0.02458824169216613,555,"No sugar. The dental plan, I'm working on."
6142,0,2,55,57,1.0350877192982457,0.02458824169216613,555,Look's like you got yourself a ringer!
6142,0,2,55,57,1.0350877192982457,0.02458824169216613,555,You didn't leave some for me!?
6142,0,2,55,57,1.0350877192982457,0.02458824169216613,555,"John – he said when you're a shark, you can do anything! You know where to grab her."
6142,0,2,55,57,1.0350877192982457,0.02458824169216613,555,"So then I was like, ""You work on commission? BIG mistake."""
6142,0,2,55,57,1.0350877192982457,0.02458824169216613,555,How did I know it wasn't real! I followed it in from Mexico and a border patrol shot it in the head.
6142,0,2,55,57,1.0350877192982457,0.02458824169216613,555,My personal trainer says to go for the widest area.
6142,0,2,55,57,1.0350877192982457,0.02458824169216613,555,I'm the perfect sewing machine.
6142,0,2,55,57,1.0350877192982457,0.02458824169216613,555,All it had was fur..
6142,0,2,55,57,1.0350877192982457,0.02458824169216613,555,And what about the 17 still in the car?
6142,0,2,55,57,1.0350877192982457,0.02458824169216613,555,Amazon must be rising again.
6142,0,2,55,57,1.0350877192982457,0.02458824169216613,555,What?...It was a McQueen.
6142,0,2,55,57,1.0350877192982457,0.02458824169216613,555,Now your taking this DNA free diet thing too far.
6142,0,2,55,57,1.0350877192982457,0.02458824169216613,555,Time to see a dentist.... can't chew the metallaquin again!
6142,0,2,55,57,1.0350877192982457,0.02458824169216613,555,That girl is a real crowd pleaser...
6142,0,2,55,57,1.0350877192982457,0.02458824169216613,555,We need a better play for nabbing Mr. Wonderful.
6142,0,2,55,57,1.0350877192982457,0.02458824169216613,555,Its how I am dealing with my my heroine addiction.
6142,0,2,55,57,1.0350877192982457,0.02458824169216613,555,The artificial Soylent Green today is particularly tasty.
6142,0,2,55,57,1.0350877192982457,0.02458824169216613,555,"You knuckle head, that's a MANnequin of WAR!"
6142,0,2,55,57,1.0350877192982457,0.02458824169216613,555,They asked me to make it fit into a size 0.
6142,0,2,55,57,1.0350877192982457,0.02458824169216613,555,Look at it as yet another American worker replaced by automation
6142,0,2,55,57,1.0350877192982457,0.02458824169216613,555,"Nick, I think I'm ready to see the eye doctor. I don't this one is real either and I'm SO hungry!!!!"
6142,0,2,55,57,1.0350877192982457,0.02458824169216613,555,Tywofo!
6142,0,2,55,57,1.0350877192982457,0.02458824169216613,555,"This mannequin immediately regretted attempting the new social fad, ""The Human Challenge""."
6142,0,2,55,57,1.0350877192982457,0.02458824169216613,555,"Mr. Cuban your offer is too low. Lori, Daymond are you still in!"
6142,0,2,55,57,1.0350877192982457,0.02458824169216613,555,"I see you are following through with Immigration Vetting...but I guess you decided not to discriminate. So, what happened to the ones that got away?"
6142,0,2,55,57,1.0350877192982457,0.02458824169216613,555,You're boring me
6142,0,2,55,57,1.0350877192982457,0.02458824169216613,555,I got it for almost nothing at a going out of business sale.
6142,0,2,55,57,1.0350877192982457,0.02458824169216613,555,It's a new diet....
6142,0,2,55,57,1.0350877192982457,0.02458824169216613,555,Don't move a muscle.
6264,0,1,54,55,1.018181818181818,0.018349396085439344,555,I don't see what all the fuss is about.
6264,0,1,54,55,1.018181818181818,0.018349396085439344,555,"Recommended by GOOP, to help improve bite strength."
6264,0,1,54,55,1.018181818181818,0.018349396085439344,555,Want some Fashion Week swag?
6264,0,1,54,55,1.018181818181818,0.018349396085439344,555,This is love Mom!!!
6264,0,1,54,55,1.018181818181818,0.018349396085439344,555,"I know, I know; but when they said a manikin was near the surface I thought it might be Obama."
6264,0,1,54,55,1.018181818181818,0.018349396085439344,555,"Be aggressive, it will give you more chances in life."
6264,0,1,54,55,1.018181818181818,0.018349396085439344,555,They're not as tasty as you would think
6264,0,1,54,55,1.018181818181818,0.018349396085439344,555,"Hurry, it's Black Friday sales day at SeaWorld!"
6264,0,1,54,55,1.018181818181818,0.018349396085439344,555,Work Vehicle: Do Not Follow
6264,0,1,54,55,1.018181818181818,0.018349396085439344,555,"I'm serious, it tastes just like real meat."
6264,0,1,54,55,1.018181818181818,0.018349396085439344,555,I thought it was on the menu.
6264,0,1,54,55,1.018181818181818,0.018349396085439344,555,Looks like you're going to have to settle for seconds.
6264,0,1,54,55,1.018181818181818,0.018349396085439344,555,"I'm sorry Fred but HR isn't budging on your requested amendments to the definition of ""business casual."""
6264,0,1,54,55,1.018181818181818,0.018349396085439344,555,"Jamey, this thing tastes like dolphin semen."
6264,0,1,54,55,1.018181818181818,0.018349396085439344,555,My tailor told me it was a perfect fit.
6264,0,1,54,55,1.018181818181818,0.018349396085439344,555,"Better reviews, higher gross, and more sequels. But, IT HAS A CHALLENGE and we don't."
6264,0,1,54,55,1.018181818181818,0.018349396085439344,555,I never put myself in that fishbowl of you're an Oscar winner
6264,0,1,54,55,1.018181818181818,0.018349396085439344,555,Needs must!
6264,0,1,54,55,1.018181818181818,0.018349396085439344,555,-You are out of practice D. That's not a real mannequin!
6264,0,1,54,55,1.018181818181818,0.018349396085439344,555,I told you not to eat junk food. That has too many artificial ingredients!
6264,0,1,54,55,1.018181818181818,0.018349396085439344,555,What do you mean I sound like Gary Johnson?
6264,0,1,54,55,1.018181818181818,0.018349396085439344,555,Everybody needs a goal.
6264,0,1,54,55,1.018181818181818,0.018349396085439344,555,I'm not sure Light-a-Match.com is the right dating site for me.
6264,0,1,54,55,1.018181818181818,0.018349396085439344,555,"Out of my way while I return this stroller for a baby refill. Don't you know plastic is not good for the sea? Recycle, recycle."
6264,0,1,54,55,1.018181818181818,0.018349396085439344,555,The fifth dentist couldn't comment.
6264,0,1,54,55,1.018181818181818,0.018349396085439344,555,Don't move. Just trust me. We'll be famous!
6264,0,1,54,55,1.018181818181818,0.018349396085439344,555,Great news. FIVE more swim trunk orders. Demand is high! I won't sleep again tonight.
6264,0,1,54,55,1.018181818181818,0.018349396085439344,555,"jerry: it's a man cub, i'm taking him under my fin, and melody: poor thing is too stiff hell just sink let go honey"
6264,0,1,54,55,1.018181818181818,0.018349396085439344,555,They forgot to lock the doors.
6264,0,1,54,55,1.018181818181818,0.018349396085439344,555,This should only take 5 minutes...
6264,0,1,54,55,1.018181818181818,0.018349396085439344,555,This isn't
6264,0,1,54,55,1.018181818181818,0.018349396085439344,555,Nice try but it's not Hillary you've got there!
6264,0,1,54,55,1.018181818181818,0.018349396085439344,555,There's something wrong with this picture.
6264,0,1,54,55,1.018181818181818,0.018349396085439344,555,Another kid punch you?
6264,0,1,54,55,1.018181818181818,0.018349396085439344,555,Your children aren't afraid of you because you're a clown. They're afraid of you because you're an alcoholic.
6264,0,1,54,55,1.018181818181818,0.018349396085439344,555,"I thought supermodel mannequins gave us pathetically little to eat, but this mannequin is even worse."
6264,0,1,54,55,1.018181818181818,0.018349396085439344,555,"The sharkskin was OK, but there wasn´t much meat on this bone."
6264,0,1,54,55,1.018181818181818,0.018349396085439344,555,"No, just the waterboarding. Haliburton got everything else."
6264,0,1,54,55,1.018181818181818,0.018349396085439344,555,Diet & Exercise
6264,0,1,54,55,1.018181818181818,0.018349396085439344,555,I just received a fax.
6264,0,1,54,55,1.018181818181818,0.018349396085439344,555,I swear it's gluten free
6264,0,1,54,55,1.018181818181818,0.018349396085439344,555,What do you think the odds are on this one?
6264,0,1,54,55,1.018181818181818,0.018349396085439344,555,"Only three things to remember: practice, practice, practice."
6264,0,1,54,55,1.018181818181818,0.018349396085439344,555,The Shark Tank sent a message to Mr Wonderful ..... don't even think about it.
6264,0,1,54,55,1.018181818181818,0.018349396085439344,555,Are you REALLY going to swallow Jonah?
6264,0,1,54,55,1.018181818181818,0.018349396085439344,555,Your interpretation of our 'Clown Sundae' special is literally incorrect.
6264,0,1,54,55,1.018181818181818,0.018349396085439344,555,New on the menu - manis and pedis to go!
6264,0,1,54,55,1.018181818181818,0.018349396085439344,555,Not much with what's left. I understand the appendages make a good soup.
6312,0,1,55,56,1.0178571428571428,0.01801874925391118,555,"Another mannequin challenge ruined, I see."
6312,0,1,55,56,1.0178571428571428,0.01801874925391118,555,It was man to man
6312,0,1,55,56,1.0178571428571428,0.01801874925391118,555,"It puts the lotion on its skin, or else it gets the hose again."
6312,0,1,55,56,1.0178571428571428,0.01801874925391118,555,"what you see as a dummy, is free eats for me"
6312,0,1,55,56,1.0178571428571428,0.01801874925391118,555,Some lady was telling everyone at the beach about being a vegan.. I thought I'd give it a try!
6317,0,0,53,53,1.0,0.019048482943986485,555,They trade in stocks while we trade in nutrition.
6317,0,0,53,53,1.0,0.019048482943986485,555,i'll have some a little later.
6317,0,0,53,53,1.0,0.019048482943986485,555,golly gee
6317,0,0,53,53,1.0,0.019048482943986485,555,It's not like I'm asking to cross the road
6317,0,0,53,53,1.0,0.019048482943986485,555,"Ok, the mannequins are yours. I prefer the girlequins anyway."
6317,0,0,53,53,1.0,0.019048482943986485,555,It's a shoo-in with Mark Cuban!
6317,0,0,53,53,1.0,0.019048482943986485,555,Really....you've never heard of an encore career?
6317,0,0,54,54,1.0,0.018692405136401476,555,"I can't believe what their dumping in our ocean, however, I've been looking for a creative outlet and it's time to ready ourselves for the inevitable transition to the bipedal lifestyle, don't you think?"
6317,0,0,53,53,1.0,0.019048482943986485,555,Im not on a diet...
6317,0,0,53,53,1.0,0.019048482943986485,555,You can't come in here anymore...you won.
6317,0,0,53,53,1.0,0.019048482943986485,555,Think we'll get invited back to the Super Bowl?
6317,0,0,54,54,1.0,0.018692405136401476,555,Would you like your drink circus-sized?
6317,0,0,53,53,1.0,0.019048482943986485,555,Sean Sphincter.
6317,0,0,53,53,1.0,0.019048482943986485,555,"What'll it be, Mr. Secretary?"
6317,0,0,53,53,1.0,0.019048482943986485,555,"If you sell this man so cheaply, they'll wonder if it's fake."
6317,0,0,53,53,1.0,0.019048482943986485,555,My comeback has been greenlighted.
6317,0,0,53,53,1.0,0.019048482943986485,555,I thought you cared?
6317,0,0,54,54,1.0,0.018692405136401476,555,"I told you: I'm out. I got a life in this town; a wife, two kids. I can't go back. And not you, not Pollywolly, and not even Mr. Sniggles can make me."
6317,0,0,53,53,1.0,0.019048482943986485,555,I got Madonna and when you get Ashley Judd we can have some peace and quiet!
6317,0,0,53,53,1.0,0.019048482943986485,555,Don't turn me in. Kelly Ann Conway's inauguration outfit was the last straw.
6317,0,0,53,53,1.0,0.019048482943986485,555,- You're making her a dress now? - A blouse. I like the bottom.
6317,0,0,53,53,1.0,0.019048482943986485,555,"""New Year's Resolution?"" Jay Paramsothy, Wheaton, Ill."
6317,0,0,53,53,1.0,0.019048482943986485,555,You can;t imagine how the jet engine improves my speed!
6317,0,0,53,53,1.0,0.019048482943986485,555,"Humans only appreciate us one week out of the year. So, I decided to send out a message and eat one. Bruce... that's a mannequin. Humans are friends not food!"
6317,0,0,53,53,1.0,0.019048482943986485,555,"hmm, good! not sure what part I like best"
6317,0,0,53,53,1.0,0.019048482943986485,555,It's on the side.
6317,0,0,53,53,1.0,0.019048482943986485,555,You should really try this year's fashion
6317,0,0,53,53,1.0,0.019048482943986485,555,They would only give me 5% of the business for my $200k.
6317,0,0,53,53,1.0,0.019048482943986485,555,"I know that sewing is your thing, but I think you're taking it too far this time."" ""You should've seen what happened to the seamstress."
6317,0,0,53,53,1.0,0.019048482943986485,555,This mannequin tastes terrible. I wonder if a kid-equin would be any yummier?
6317,0,0,53,53,1.0,0.019048482943986485,555,A little snug at the waist.
6317,0,0,53,53,1.0,0.019048482943986485,555,I thought we were just supposed to sit still?
6317,0,0,53,53,1.0,0.019048482943986485,555,Him: what do you mean this isn't Mannequin Challenge material? Her: Don't share this with the kids.
6317,0,0,54,54,1.0,0.018692405136401476,555,"[Colin, a banker who’d overdosed at Coachella and come back as a shark, stared forlornly at his new friend, wishing he could speak. he thought that if he could speak, he’d say hahahaha check this shit out, tight]"
6317,0,0,53,53,1.0,0.019048482943986485,555,All my customers are nothing but clowns and none of them get free drinks either.
6317,0,0,53,53,1.0,0.019048482943986485,555,"Sport, sushi and they send this with no arms or legs."
6317,0,0,53,53,1.0,0.019048482943986485,555,I found it on a line. It was sold in January of 2017 at the Last Call from Neiman Marcus. It seems there was no more need for a women's department. Guess someone was out fishing for the bottom part. Good Luck dude.
