rank,funny,somewhat_funny,unfunny,count,score,precision,contest,caption
1,840,1198,1171,3209,1.8968526020567156,0.01385752663908385,556,I think I like the French maid outfit better.
2,859,615,1145,2619,1.8907980145093548,0.016962328221803852,556,Making fission chips?
3,236,418,509,1163,1.765262252794497,0.022446779374687465,556,So...how did your first husband die?
4,211,343,473,1027,1.744888023369036,0.024201384744355244,556,"So, not tonight?"
5,252,238,512,1002,1.7405189620758483,0.02635242286142466,556,"Making fission chips again, I see."
6,212,270,467,949,1.7312961011591148,0.02604945402641206,556,Your first husband died how?
7,219,157,463,839,1.7091775923718713,0.02948027928766272,556,Next time I'll bring the protection.
8,170,252,413,835,1.7089820359281438,0.027122427325572962,556,Remember when you used to meet me at the door in Saran Wrap?
9,131,170,309,610,1.7081967213114755,0.03232029569613833,556,"For heaven's sake, it's just gluten."
10,203,186,447,836,1.708133971291866,0.028794672307629225,556,Like you've never farted.
11,156,238,394,788,1.6979695431472082,0.027766203673352908,556,"No, in fact it makes you look weightless."
12,189,95,405,689,1.6865021770682147,0.033320111604326415,556,"Honey, I've told you a thousand times: the mother ship is not coming back to get you."
13,145,216,377,738,1.6856368563685638,0.028733862489951502,556,Looks like a recipe for disaster.
14,145,176,362,683,1.6822840409956077,0.030666350663236364,556,Will you come out if I turn off the news?
15,152,186,382,720,1.6805555555555556,0.029826151670595973,556,Whipping up something special for my mother?
16,128,233,358,719,1.6801112656467316,0.028264814232130148,556,"Houston, we have an omelette."
17,152,169,380,701,1.6747503566333808,0.030545715248085782,556,"I misunderstood the ""well-suited as homemaker"", profile."
18,116,204,338,658,1.662613981762918,0.02961293372972697,556,"In fairness, I only suck some of the air out of the room."
19,142,137,362,641,1.656786271450858,0.032318623389653134,556,"Honey, I'm having an affair."
20,108,184,324,616,1.6493506493506493,0.030665881949695606,556,Fear of frying?
21,104,190,320,614,1.6482084690553747,0.030407683000437547,556,"Okay, I get it. You need some space."
22,117,156,332,605,1.6446280991735538,0.03193172487821438,556,Are you sure it calls for mustard gas?
23,92,205,307,604,1.6440397350993377,0.029755452036119786,556,What happened to the French maid outfit?
24,103,171,316,590,1.6389830508474577,0.03137581644038181,556,"Houston, we have an omelette."
25,134,103,346,583,1.6363636363636365,0.034459404145429175,556,I’m just whipping up a little something for your mother.
26,92,177,302,571,1.6322241681260945,0.031197122298246813,556,"Dinner will be ready in 10, 9, 8, 7, 6............"
27,77,199,285,561,1.6292335115864527,0.030113134990179802,556,I still think you should have just gotten a flu shot.
28,101,146,308,555,1.627027027027027,0.0328498415661038,556,One of your Mothers recipes?
29,106,123,311,540,1.6203703703703705,0.0341366773337244,556,I specialized in eggs at the NASA Culinary Institute.
30,99,129,302,530,1.6169811320754717,0.03395483268077505,556,Are you sure the recipe said mustard gas?
31,76,150,275,501,1.6027944111776447,0.03294924953935963,556,I liked it better when you said you have a headache.
32,84,132,282,498,1.6024096385542168,0.03406886337630936,556,Gastronaut?
33,78,138,275,491,1.5987780040733197,0.03374459433196505,556,Looks like a recipe for disaster.
33,85,124,282,491,1.5987780040733197,0.034596068112601415,556,What's for launch?
35,81,129,277,487,1.5975359342915811,0.03434081220708115,556,"None for me, thanks."
36,70,150,266,486,1.5967078189300412,0.03301712899340901,556,"A simple ""not tonight, dear"" would have sufficed..."
37,83,123,279,485,1.595876288659794,0.034708817636369384,556,Are you sure it calls for mustard gas?
38,79,128,274,481,1.5945945945945945,0.03444603845013159,556,"Martha, Congress isnt repealing the Clean Air Act until next week."
39,81,122,276,479,1.592901878914405,0.03482093566007076,556,Eggs quarantine? My favorite.
40,87,111,283,481,1.5925155925155925,0.03544911925586242,556,Shall I set the periodic table?
41,76,130,270,476,1.5924369747899159,0.03435980322179195,556,"When I said let's leave after the inauguration, I was thinking more like Canada."
42,64,143,256,463,1.5853131749460043,0.03352260804454428,556,Fine. I take it back. Cooking dinner is rocket science.
43,80,105,271,456,1.581140350877193,0.036140550919315124,556,I assume this is my last supper?
44,40,178,229,447,1.5771812080536913,0.030797107573016562,556,"Dammit, Karen—just get the flu shot!"
45,71,109,259,439,1.571753986332574,0.036021105559336075,556,"When you said you didn't want to breathe the same air as me, I thought you were moving out."
46,62,127,251,440,1.5704545454545455,0.034642802696744864,556,"You'd tell me if you weren't happy, right?"
47,68,111,254,433,1.5704387990762125,0.03597601230784121,556,"So, this is your plan for the next four years?"
48,69,109,256,434,1.5691244239631337,0.03606493259588754,556,Running out to the store was a lot easier when we still had an EPA.
49,65,114,252,431,1.5661252900232019,0.03567461399376384,556,It's like we're not even on the same planet.
50,65,111,250,426,1.5657276995305165,0.03600144404826831,556,"So, exactly what goes into a Three Mile Island omelet?"
51,60,118,246,424,1.5613207547169812,0.035372340069590294,556,Exactly what did you mean when you said 'bring protection'?
52,54,126,238,418,1.5598086124401913,0.03479284828314191,556,We had meth on Tuesday.
52,64,106,248,418,1.5598086124401913,0.03640443702276229,556,Is that a recipe for disaster?
54,43,51,151,245,1.5591836734693878,0.049485786208898874,556,Has there been a case where someone caught the bird flu cooking eggs?
55,64,103,247,414,1.5579710144927537,0.03668523614074551,556,Preparing a satellite dish?
56,57,114,239,410,1.5560975609756098,0.03582427378231553,556,I suppose you want your space?
57,58,113,241,412,1.5558252427184467,0.035857142217608724,556,"You know that ""Nuke for five minutes"" means to microwave, right?"
58,55,115,237,407,1.5528255528255528,0.035701269148520974,556,Is it true I suck all the oxygen out of the room?
59,53,117,234,404,1.551980198019802,0.03556262768601968,556,I might skip dinner.
60,42,137,224,403,1.5483870967741935,0.033683314935640404,556,I was thinking more along the lines of French maid.
61,52,113,232,397,1.5465994962216625,0.03587975226216865,556,Another of your mother's recipes tonight?
62,60,95,239,394,1.5456852791878173,0.037494066814237635,556,You seem distant.
63,65,77,243,385,1.5376623376623377,0.03907271153141341,556,So the cat can stay?
64,50,97,224,371,1.5309973045822103,0.03743754966009895,556,You look hot in that outfit.
65,54,90,229,373,1.5308310991957104,0.03805039383626586,556,I am just saying that cooking together was more romantic before you started reading the labels.
66,44,108,218,370,1.5297297297297296,0.03632710400123613,556,"So, hey, I've been meaning to ask you a little more about your late husband. . ."
67,64,67,238,369,1.5284552845528456,0.04024631247001371,556,Did you remember to wash your hands?
68,50,93,223,366,1.5273224043715847,0.03783444578018431,556,You made your point. You can leave out the garlic.
69,42,105,214,361,1.5235457063711912,0.03659586271094119,556,"You were serious when you said ""I don't even want to breathe the same air as you"""
70,47,92,218,357,1.5210084033613445,0.037955620489372996,556,Sometimes it just feels like we're living on different planets.
71,28,128,199,355,1.5183098591549296,0.03392461016645927,556,You should have just gotten a flu shot
72,46,89,216,351,1.5156695156695157,0.03824218793751757,556,"What are you making, eggs quarantine?"
72,43,95,213,351,1.5156695156695157,0.03759820327367207,556,You seem a little distant.
74,47,78,215,340,1.5058823529411764,0.039406960219533084,556,Sometimes it's like we're from different planets.
75,46,76,212,334,1.5029940119760479,0.03972276817364899,556,I see you are using your mother's recipe.
76,41,87,208,336,1.5029761904761905,0.03840237715503842,556,Something looks different. Did you get a haircut?
77,43,79,208,330,1.5,0.03939535639114837,556,I miss the EPA too
78,38,88,203,329,1.4984802431610942,0.038294459648821375,556,You seem distant lately.
78,42,80,207,329,1.4984802431610942,0.039250479229454405,556,You seem a little distant.
80,19,121,183,323,1.4922600619195046,0.03378720181927649,556,"Martha, you cannot catch the bird flu from frying eggs."
81,42,74,205,321,1.4922118380062306,0.039985215530376546,556,I see you've found a recipe for disaster.
82,34,88,198,320,1.4875,0.038070374942675074,556,I feel like you're not telling me something.
83,34,87,197,318,1.4874213836477987,0.03824535832532421,556,Cooking is not rocket science.
83,43,69,206,318,1.4874213836477987,0.040512568832213415,556,I can't help but notice that the atmosphere between us has changed.
85,39,76,201,316,1.4873417721518987,0.039708269991683656,556,"So, what's the half-life on dinner?"
85,39,76,201,316,1.4873417721518987,0.039708269991683656,556,I know you're under a lot of pressure.
85,40,74,202,316,1.4873417721518987,0.03996046960294838,556,Will you at least let me try to explain why I voted for him.
88,49,54,211,314,1.484076433121019,0.04236794371290243,556,What would you say to some tang before dinner?
88,25,102,187,314,1.484076433121019,0.036147643143319926,556,You could've just gotten a flu shot.
88,36,80,198,314,1.484076433121019,0.03912157682664538,556,I guess you're not in the mood.
91,41,69,202,312,1.483974358974359,0.040596979741708006,556,"Okay, you've made your point. I changed the cat litter."
91,30,91,191,312,1.483974358974359,0.037701265731283705,556,Do you mind telling me where you found this recipe?
93,39,72,201,312,1.4807692307692308,0.040081515714563816,556,I love what you've done with your air.
94,40,68,200,308,1.4805194805194806,0.04073273376140641,556,You need space. I get it.
94,43,62,203,308,1.4805194805194806,0.041504337851918746,556,Then quit serving beans.
96,32,83,192,307,1.478827361563518,0.038688498517053124,556,"I'm sorry, Barbara. I like it! It just took me by surprise. I was thinking cheerleader, or a French maid."
97,34,76,194,304,1.4736842105263157,0.03950985546727791,556,I get it. You need space.
98,38,67,197,302,1.4735099337748345,0.040795817058492216,556,How's that media deprivation suit working out?
98,21,101,180,302,1.4735099337748345,0.035920321757946023,556,A simple 'I have a headache' would suffice.
100,32,78,190,300,1.4733333333333334,0.03933486382903725,556,"Really, Dear...just because I caught it in the East River..."
100,31,80,189,300,1.4733333333333334,0.03905041572650961,556,"It's a cold sore, Karen!"
100,33,76,191,300,1.4733333333333334,0.039617269674784225,556,So you say I suck all the oxygen out of the room?
100,35,72,193,300,1.4733333333333334,0.04017612654992921,556,'I have a headache’ would've sufficed.
104,30,79,187,296,1.4695945945945945,0.03913376512636555,556,Launch time?
104,34,71,191,296,1.4695945945945945,0.040287325720816065,556,My mother used to wear an apron.
106,35,68,192,295,1.4677966101694915,0.04066835660353298,556,Should I be worried?
106,28,82,185,295,1.4677966101694915,0.03863281931762906,556,Were they out of the Sexy French Maid costumes?
106,39,60,196,295,1.4677966101694915,0.041787025675166345,556,I love what you've done with your air.
109,33,71,190,294,1.465986394557823,0.040192916639592596,556,I call it HazMac n' Cheese.
110,37,62,193,292,1.4657534246575343,0.04154457009654904,556,Is it just me or has our relationship turned toxic?
111,33,68,189,290,1.4620689655172414,0.04059025755915337,556,"Well actually, one CAN be too careful."
111,29,76,185,290,1.4620689655172414,0.039396890811536786,556,I thought toxic relationship was a metaphor
111,35,64,191,290,1.4620689655172414,0.041173972485898595,556,It's not rocket science.
114,36,61,191,288,1.4618055555555556,0.041678259291965315,556,Is it launch time?
115,37,58,192,287,1.4599303135888502,0.042071955573192495,556,"Honey, you put the ""astronomy"" in ""gastronomy."""
116,30,70,184,284,1.4577464788732395,0.04029407121669676,556,Suit yourself
116,35,60,189,284,1.4577464788732395,0.04180949193088602,556,Your mother's recipe?
116,25,80,179,284,1.4577464788732395,0.038719384485211505,556,How long was it in the fridge?
119,22,85,176,283,1.4558303886925794,0.03782781432106227,556,"Be honest, do we need to clear the air about something?"
119,35,59,189,283,1.4558303886925794,0.04191340569743555,556,Let me guess... you need more space?
121,28,71,181,280,1.4535714285714285,0.04006466045086838,556,"We're both eating this meal, right?"
122,25,76,178,279,1.4516129032258065,0.039185509654792165,556,I'll cook. You change out of your work clothes.
122,33,60,186,279,1.4516129032258065,0.041734766688483194,556,Practicing for life without the EPA?
122,32,62,185,279,1.4516129032258065,0.0414246898309159,556,My mother never complained when she made it.
122,49,28,202,279,1.4516129032258065,0.04641512595926849,556,I'm leaving you.
126,41,42,193,276,1.4492753623188406,0.044498353816639406,556,That’s not how my mom makes it.
127,39,46,192,277,1.447653429602888,0.04377347338075359,556,"You misunderstood. I said ""a bowl of soup,"" not ""Ebola soup."""
128,27,69,179,275,1.4472727272727273,0.040235777333658206,556,"""You look hot""."
128,23,77,175,275,1.4472727272727273,0.03889404294467228,556,"I can't help but feel you're shutting me out, Susan."
128,25,73,177,275,1.4472727272727273,0.039570597381299,556,Is that a new outfit?
128,32,59,184,275,1.4472727272727273,0.04185250027143974,556,That's one small crepe for a man.
128,21,81,173,275,1.4472727272727273,0.03820550976038869,556,I feel like you need space.
128,29,65,181,275,1.4472727272727273,0.04089013790848081,556,What do you know that I don't know?
128,29,65,181,275,1.4472727272727273,0.04089013790848081,556,Something tells me you're not ready to clear the air.
135,29,64,181,274,1.4452554744525548,0.04098967390019821,556,It didn't occur to you to buy two?
135,28,66,180,274,1.4452554744525548,0.040662219730727506,556,What if the Mars Colony doesn't want a Martha Stewart-type?
135,34,54,186,274,1.4452554744525548,0.04258919618304291,556,Maybe you could just divorce me?
135,30,62,182,274,1.4452554744525548,0.041314532787618645,556,You've been distant lately.
135,27,68,179,274,1.4452554744525548,0.040332107066397366,556,"Lately it seems like we're not even on the same planet, Marge."
135,35,52,187,274,1.4452554744525548,0.042901944997078424,556,How is my mom's birthday dinner coming along?
141,29,63,180,272,1.4448529411764706,0.04120841170985076,556,How about slipping into something more comfortable?
141,29,63,180,272,1.4448529411764706,0.04120841170985076,556,How's week one of your media blackout going?
141,27,67,178,272,1.4448529411764706,0.040544641410594905,556,Is my mom coming over?
141,39,43,190,272,1.4448529411764706,0.04437859211740225,556,Ricin beans again?
145,35,50,186,271,1.4428044280442804,0.043249116864222115,556,"I love ""hazmat surprise"" night."
145,25,70,176,271,1.4428044280442804,0.03996435965758918,556,"I may have overstated my fondness for spicy food, Doris."
147,30,59,181,270,1.4407407407407407,0.04174228608541556,556,"'Recipe for disaster' again tonight, dear?"
147,27,65,178,270,1.4407407407407407,0.04074074074074075,556,I'm guessing it's too soon for make-up sex.
147,26,67,177,270,1.4407407407407407,0.04040137529334174,556,I think you're taking this toxic relationship thing a bit too far.
147,32,55,183,270,1.4407407407407407,0.042396840786293195,556,Hazmati Rice?
147,27,65,178,270,1.4407407407407407,0.04074074074074075,556,I'm sensing that you need some space.
147,30,59,181,270,1.4407407407407407,0.04174228608541556,556,"You know, you could have just said you had a headache."
147,28,63,179,270,1.4407407407407407,0.04107730257228511,556,You used to say you worshipped the air I breathed.
154,29,60,179,268,1.4402985074626866,0.041635732737474854,556,What do you mean you need space?
154,23,72,173,268,1.4402985074626866,0.03957061307147526,556,"I don't know what you're cooking, but it smells out of this world!"
156,20,77,171,268,1.4365671641791045,0.038474175719755414,556,"I need space too, you know."
157,21,74,171,266,1.4360902255639099,0.0390360393508664,556,Message received...I'll fix the exhaust fan.
157,30,56,180,266,1.4360902255639099,0.042180181812770265,556,"Ok honey, I'll fix the damn kitchen fan!"
159,18,79,167,264,1.4356060606060606,0.03812212998275311,556,Guess I better fix the exhaust fan.
160,17,82,168,267,1.4344569288389513,0.037448959239120255,556,"Darling, wouldn't it be simpler to just get the flu shot?"
160,9,98,160,267,1.4344569288389513,0.03430950657183032,556,A flu shot is more sensible
160,28,60,179,267,1.4344569288389513,0.041378590116969566,556,"When I said our relationship was becoming toxic, I was speaking figuratively."
163,26,62,175,263,1.4334600760456273,0.04113332770036419,556,Shall I slip into something more . . . industrial?
164,26,61,174,261,1.4329501915708813,0.04135856527718729,556,Thanks for making breakfast before taking off.
164,32,49,180,261,1.4329501915708813,0.043443820980441424,556,"No, it doesn't make you look fat."
164,28,57,176,261,1.4329501915708813,0.04206513768334124,556,Why did you set the table for one?
164,25,63,173,261,1.4329501915708813,0.041000713146502894,556,Wouldn't a range hood be more convenient?
168,27,58,175,260,1.4307692307692308,0.04181681915247713,556,Can't you just say you have a headache like most other women?
168,23,66,171,260,1.4307692307692308,0.040371354265504394,556,Will dinner be ready before liftoff?
168,26,60,174,260,1.4307692307692308,0.04146017769294952,556,Are you planning to wear that thing all four years?
168,31,50,179,260,1.4307692307692308,0.04321396166554389,556,Does it block all sarcasm or just mine?
168,17,78,165,260,1.4307692307692308,0.0381004733176726,556,I still think a flu shot would have sufficed.
168,29,54,177,260,1.4307692307692308,0.04252112914106395,556,That's nice. Is it new?
168,25,62,173,260,1.4307692307692308,0.041100441659803595,556,New recipe?
168,28,56,176,260,1.4307692307692308,0.04217044455220988,556,"If you need to take off, I can clean the pan."
168,19,74,167,260,1.4307692307692308,0.038872176764759916,556,You could leave out the onions.
168,27,58,175,260,1.4307692307692308,0.04181681915247713,556,"None for me, thank you."
168,35,42,183,260,1.4307692307692308,0.04456732661525949,556,And what are you preparing for our last anniversary?
179,21,69,169,259,1.4285714285714286,0.03972093161441701,556,Do you need some space?
179,25,61,173,259,1.4285714285714286,0.04120040604497486,556,So I guess you don’t want to hear how my day was.
181,24,62,171,257,1.4280155642023347,0.04105963027540974,556,"For God's sake, it's gluten, not napalm..."
181,25,60,172,257,1.4280155642023347,0.04142815553507263,556,You seem kind of distant lately.
181,30,50,177,257,1.4280155642023347,0.043223676780929844,556,Are we expecting my mother for dinner?
181,25,60,172,257,1.4280155642023347,0.04142815553507263,556,"Honey, is there something you're not telling me about the home radon test results?"
185,25,59,172,256,1.42578125,0.041529770901972754,556,When did things get so toxic between us?
185,24,61,171,256,1.42578125,0.04115925918026687,556,Would you like me to pour you a glass of Tang?
185,28,53,175,256,1.42578125,0.04262198535821889,556,"So, when did you decide our relationship was toxic?"
185,24,61,171,256,1.42578125,0.04115925918026687,556,Another recipe from your mother?
185,16,77,163,256,1.42578125,0.038065556308199355,556,I'm starting to get the 'Women Are from Venus' part.
190,22,64,169,255,1.423529411764706,0.04050377977612363,556,Are you sure it's not too much trouble?
190,24,60,171,255,1.423529411764706,0.04125909793502267,556,"Welcome home, by the way."
190,22,64,169,255,1.423529411764706,0.04050377977612363,556,You want space.
193,14,79,160,253,1.4229249011857708,0.03751885060077737,556,"It's a welcome change from ""I have a headache."""
193,22,63,168,253,1.4229249011857708,0.040726170002829326,556,So no sex tonight?
193,27,53,173,253,1.4229249011857708,0.0426083196809531,556,Can I interest you in a glass of '65 Tang while you cook?
196,35,34,178,247,1.4210526315789473,0.046292114323287115,556,You honestly think you can go four years in that thing?
197,28,50,174,252,1.4206349206349207,0.04308443514069572,556,"Alright, we can go back to buying organic."
197,24,58,170,252,1.4206349206349207,0.04159074821718407,556,"Honey....I think that when the recipe said ""nuke it"" it meant use the microwave."
197,24,58,170,252,1.4206349206349207,0.04159074821718407,556,Is my mother coming for dinner?
200,22,61,168,251,1.4183266932270917,0.04092081503301981,556,Would you like to slip into something more comfortable?
200,26,53,172,251,1.4183266932270917,0.04245000757134511,556,Are you planning to wear that thing for the next four years?
200,20,65,166,251,1.4183266932270917,0.04013437532896583,556,Aren't you taking this Women Are From Venus thing a bit literally.
200,26,53,172,251,1.4183266932270917,0.04245000757134511,556,"Dare I ask, what's for dinner?"
200,23,59,169,251,1.4183266932270917,0.041308420605571196,556,Would it be fair to say you're not in the mood tonight?
200,25,55,171,251,1.4183266932270917,0.042072920422132544,556,Can I borrow that to change the baby?
200,20,65,166,251,1.4183266932270917,0.04013437532896583,556,I think I'll let you try it first...
200,21,63,167,251,1.4183266932270917,0.04052950274807798,556,My mom just wore an apron.
200,26,53,172,251,1.4183266932270917,0.04245000757134511,556,"Houston, we have pilaf."
209,27,50,172,249,1.4176706827309238,0.043072021146391366,556,Smells great! Is it launch time?
209,22,60,167,249,1.4176706827309238,0.04114925188572715,556,"Really, I think we can afford a hood fan."
211,29,47,176,252,1.4166666666666667,0.0434202243124075,556,You've made your point and I'm sorry. I shouldn't have called your cooking hazardous waste.
211,22,61,169,252,1.4166666666666667,0.040791898762088226,556,Why don't we just fix the exhaust fan?
213,23,56,167,246,1.4146341463414633,0.04187954256557039,556,That's what I love about you. You never over react.
213,27,48,171,246,1.4146341463414633,0.043435378514975385,556,"No, I don't think you're living in a vacuum"
213,23,56,167,246,1.4146341463414633,0.04187954256557039,556,East River Scrod again?
216,30,41,174,245,1.4122448979591837,0.04468455014335782,556,Lighten up. You're taking the 'sell-by' date much too seriously.
216,26,49,170,245,1.4122448979591837,0.04316115151501888,556,Don't you want to slip into something more comfortable?
216,19,63,163,245,1.4122448979591837,0.040357068310665115,556,I'm sensing there won't be after-dinner sex tonight.
216,19,63,163,245,1.4122448979591837,0.040357068310665115,556,You win. We'll get a new exhaust fan.
216,24,53,168,245,1.4122448979591837,0.04237892152233814,556,How many light years before dinner?
221,13,75,158,246,1.410569105691057,0.03767168438364153,556,I'll get the flu shot.
221,30,41,175,246,1.410569105691057,0.04453407565630162,556,Then don't make beans
221,29,43,174,246,1.410569105691057,0.04415993534021257,556,Are you using some ingredients I should know about?
221,26,49,171,246,1.410569105691057,0.04301799476176723,556,If you're trying to turn me on it's working.
225,27,46,171,244,1.4098360655737705,0.04365888821204693,556,"I didn't literally mean you were ""sucking the oxygen out of the room."""
226,23,53,166,242,1.4090909090909092,0.04232938327027986,556,My mother does not suck all the air out of the room.
226,27,45,170,242,1.4090909090909092,0.04391976998187483,556,"To the moon, Alice?"
226,14,71,157,242,1.4090909090909092,0.03851162547595883,556,Maybe we both need some space.
226,23,53,166,242,1.4090909090909092,0.04232938327027986,556,This isn’t the role play I had in mind.
230,22,54,165,241,1.4066390041493777,0.042024612756577144,556,I see you still want space.
230,25,48,168,241,1.4066390041493777,0.043241213178798435,556,Now I can literally push your buttons.
232,24,49,166,239,1.405857740585774,0.04309331554727974,556,Is this what you meant when you said to bring protection?
232,21,55,163,239,1.405857740585774,0.04185155100715179,556,Thanks for making that. I know it's not your favorite.
232,25,47,167,239,1.405857740585774,0.043499360369724446,556,You seem distant.
232,19,59,161,239,1.405857740585774,0.041002820711126264,556,"ok i wlll fix the exhaust fan, good lord!"
236,27,44,171,242,1.4049586776859504,0.043883457640005764,556,Why don't you have a glass of wine and slip into something more comfortable...
237,27,43,170,240,1.4041666666666666,0.044147715731134726,556,Ricin beans again?
238,21,54,163,238,1.403361344537815,0.041952935178202706,556,"Once a year I ask you to make corned beef and cabbage, and you have to get all sarcastic about it."
238,9,78,151,238,1.403361344537815,0.03653165914258663,556,Maybe next year you'll get a flu shot.
238,25,46,167,238,1.403361344537815,0.04361052227981905,556,I'll just have the salad.
238,23,50,165,238,1.403361344537815,0.042789755921161035,556,I don't ask you very often to fix one of Mom's recipes.
238,21,54,163,238,1.403361344537815,0.041952935178202706,556,Did you do something different to your hair?
238,18,60,160,238,1.403361344537815,0.04066542889823482,556,I sense a certain hostility.
244,23,49,165,237,1.40084388185654,0.04289625300884562,556,Trying another of your mom's recipes?
244,20,55,162,237,1.40084388185654,0.0416270994046199,556,"I guess you're still upset I didn't buy organic, huh?"
244,29,37,171,237,1.40084388185654,0.04532807912224472,556,"First, a new life insurance policy and now a special birthday dinner--you shouldn't make such a big fuss over me."
244,27,41,169,237,1.40084388185654,0.04453222816501869,556,Chicken quarantine?
244,25,45,167,237,1.40084388185654,0.043721893071664804,556,I guess you still need your space?
249,22,50,163,235,1.4,0.042729223098923415,556,"So let me get this straight, you've already eaten, but you're whipping up something special for me?"
249,22,50,163,235,1.4,0.042729223098923415,556,"So I guess you still need space, huh?"
251,23,39,151,213,1.3990610328638498,0.046366758090173266,556,"So, I guess this means I'm no longer the air you breathe?"
252,23,38,150,211,1.3981042654028435,0.046681633889464065,556,"The recipe said, ""Cook, fully wrapped, for five minutes..."""
253,25,43,166,234,1.3974358974358974,0.04410073420799552,556,Where'd you find fresh Uranium?
253,24,45,165,234,1.3974358974358974,0.04368286068435021,556,It's okay now. I've turned the news off.
253,25,43,166,234,1.3974358974358974,0.04410073420799552,556,"I think you're overstating the risks of genetically modified food."""
256,25,42,165,232,1.396551724137931,0.04437227867885054,556,Pretending you are on Mars does not stop him from being your president.
256,28,36,168,232,1.396551724137931,0.045616401914906735,556,Can I have your wine?
256,25,42,165,232,1.396551724137931,0.04437227867885054,556,So your profile says you're not from around here.
256,16,60,156,232,1.396551724137931,0.0404107422553382,556,"No, actually I didn't happen to catch the evening news tonight. Why?"
256,24,44,164,232,1.396551724137931,0.043949745304351084,556,"I miss the EPA, too, honey."
256,25,42,165,232,1.396551724137931,0.04437227867885054,556,"It's herpes, not Ebola."
256,20,52,160,232,1.396551724137931,0.04221734360393076,556,I feel like I need to give you some space.
256,20,52,160,232,1.396551724137931,0.04221734360393076,556,"When you asked for some space in our relationship, I had no idea."
256,20,52,160,232,1.396551724137931,0.04221734360393076,556,Maybe you'd like to slip into something more comfortable?
256,23,46,163,232,1.396551724137931,0.043523110062139235,556,I feel like there's something you're not telling me.
266,21,51,163,235,1.3957446808510638,0.042257565583915774,556,It's not that kind of fusion.
266,23,47,165,235,1.3957446808510638,0.04310965492034651,556,Fry me to the moon.
268,22,47,162,231,1.393939393939394,0.04319960438215827,556,Is it meth yet?
268,19,53,159,231,1.393939393939394,0.04187213000388005,556,"You miss the EPA, huh?"
268,21,49,161,231,1.393939393939394,0.042761692001961324,556,"Just me, or all men?"
268,23,45,163,231,1.393939393939394,0.04363312199097578,556,Its very becoming. You look almost weightless.
272,24,42,164,230,1.391304347826087,0.044175162822108864,556,It's possible to demonstrate your disdain AND breathe the same air as the president.
272,17,56,157,230,1.391304347826087,0.04105653478694752,556,You could've just told me you had a headache.
272,21,48,161,230,1.391304347826087,0.04286639907495782,556,I take it you are still mad at me
272,18,54,158,230,1.391304347826087,0.04151639831376585,556,Are you telling me you need space?
272,21,48,161,230,1.391304347826087,0.04286639907495782,556,"C'mon, give me a hint. Chemical or biological?"
272,25,40,165,230,1.391304347826087,0.04460288433044725,556,I thought you were taking off today!
272,21,48,161,230,1.391304347826087,0.04286639907495782,556,I see you're using one of your mother's recipes again.
279,19,51,158,228,1.3903508771929824,0.04222051073332604,556,I think you're confusing Asian Fusion with Cold Fusion
279,14,61,153,228,1.3903508771929824,0.039866743198643265,556,"Is it me, or the new EPA?"
279,25,39,164,228,1.3903508771929824,0.0448823874427653,556,Are you doing something different with your hair?
279,19,51,158,228,1.3903508771929824,0.04222051073332604,556,After dinner you should slip into something a little less airtight.
283,21,47,161,229,1.388646288209607,0.042971148236173255,556,"I'm sorry I forgot to buy organic but, really?"
284,15,58,154,227,1.3876651982378854,0.04043674633396154,556,I suppose we should get the hood vent repaired.
284,24,40,163,227,1.3876651982378854,0.044564492235076233,556,"Why no, I don't think it makes your butt look big."
286,23,41,161,225,1.3866666666666667,0.0444007721940573,556,Why can't you just wear an apron like everybody else?
286,18,51,156,225,1.3866666666666667,0.042107195026691975,556,I got it. You want some space.
286,20,47,158,225,1.3866666666666667,0.043039295444755515,556,Is my mother coming for dinner?
286,20,47,158,225,1.3866666666666667,0.043039295444755515,556,The fact that my mother will be joining us for dinner has me a little bit concerned
286,25,37,163,225,1.3866666666666667,0.04528568924940473,556,"So we're officially over ""farm to table""?"
286,24,39,162,225,1.3866666666666667,0.044845413490245706,556,"One small crepe for man, one giant leek for mankind."
286,20,47,158,225,1.3866666666666667,0.043039295444755515,556,"Okay, I get it, you need space."
286,22,43,160,225,1.3866666666666667,0.04395163286780176,556,Have you ever considered an apron?
286,15,57,153,225,1.3866666666666667,0.04066900851961176,556,You could just turn on the fan over the stove.
295,22,44,162,228,1.3859649122807018,0.0435221577527935,556,"Yes, I made out my will. Why do you ask?"
296,23,42,164,229,1.3842794759825328,0.0438038952629114,556,"Before you change, can you hit the twins' diapers?"
297,20,46,158,224,1.3839285714285714,0.0431442908132634,556,Lemme guess... Gastronaut?
297,25,36,163,224,1.3839285714285714,0.0454050879778529,556,"Dear, cooking isn't rocket science."
297,23,40,161,224,1.3839285714285714,0.04451454976159722,556,I love Hazmat Night
297,11,64,149,224,1.3839285714285714,0.038743823994084964,556,"If you don't want to have sex, just tell me."
297,8,70,146,224,1.3839285714285714,0.03716138569787682,556,Now don't you regret not getting the flu shot this year?
302,22,40,159,221,1.3800904977375565,0.04445205455378594,556,"Honey, it's kale not uranium."
302,24,36,161,221,1.3800904977375565,0.04536800441455107,556,You said you were only going to wear that in bed.
304,25,35,164,224,1.3794642857142858,0.04535289763837525,556,"That's your mother's recipe, that's the same meal your dad had the night before he died."
304,23,39,162,224,1.3794642857142858,0.04446131408762112,556,"Look, I'm sorry they didn't sell organic."
306,19,47,159,225,1.3777777777777778,0.0424658800687992,556,Seems as though you need some space
306,19,47,159,225,1.3777777777777778,0.0424658800687992,556,Do you just need more space?
308,19,45,156,220,1.3772727272727272,0.043144934106675824,556,Did you do something with your hair?
308,19,45,156,220,1.3772727272727272,0.043144934106675824,556,Is the divorce suit really necessary?
308,18,47,155,220,1.3772727272727272,0.04266115725873231,556,I think we need some space
308,15,53,152,220,1.3772727272727272,0.0411757372418389,556,"Honey, its been twelve years since NASA rejected your application. Perhaps it's time to move on."
308,20,43,157,220,1.3772727272727272,0.043623346266471914,556,Why don't you just make it without peanuts?
308,17,49,154,220,1.3772727272727272,0.04217183109895963,556,You realize alternative air is not air
308,12,59,149,220,1.3772727272727272,0.03963468602327548,556,Dinner minus 10...9...8...7...
308,15,53,152,220,1.3772727272727272,0.0411757372418389,556,"I appreciate your making me liver and onions, but we could do without the sarcasm."
308,18,47,155,220,1.3772727272727272,0.04266115725873231,556,So you really are from Venus.
308,22,39,159,220,1.3772727272727272,0.044564765682259894,556,"I think you're taking our ""toxic relationship"" too literally."
318,14,54,150,218,1.3761467889908257,0.04090568837524321,556,Does this mean no sex tonight?
318,21,40,157,218,1.3761467889908257,0.044375904356666794,556,"Okay, I get it. You have a headache."
318,18,46,154,218,1.3761467889908257,0.04292303672895357,556,I think I'll just have a salad.
318,18,46,154,218,1.3761467889908257,0.04292303672895357,556,Why do I feel like there's something you're not telling me?
318,17,48,153,218,1.3761467889908257,0.04242769316012184,556,"None for me, thanks."
318,18,46,154,218,1.3761467889908257,0.04292303672895357,556,I don't see the input port for your wine.
318,26,30,162,218,1.3761467889908257,0.0466970080754675,556,I thought we were taking the nuclear option off the table
318,21,40,157,218,1.3761467889908257,0.044375904356666794,556,There's the doorbell. Might be my pizza.
318,19,44,155,218,1.3761467889908257,0.04341272874608027,556,"You put the ""astronomy"" in ""gastronomy""."
318,22,38,158,218,1.3761467889908257,0.044849736037324534,556,You haven't touched your wine.
318,17,48,153,218,1.3761467889908257,0.04242769316012184,556,Would you rather go out?
318,25,32,161,218,1.3761467889908257,0.046242108819285366,556,Maybe you should stop using the smoke alarm as the oven timer.
330,20,38,150,208,1.375,0.0454012009198512,556,When I said I wanted more space in our relationship...
331,18,45,154,217,1.3732718894009217,0.043024465665624935,556,"So, we're not talking?"
331,24,33,160,217,1.3732718894009217,0.04590338801070333,556,Chicken and ricin again?
331,24,33,160,217,1.3732718894009217,0.04590338801070333,556,"All I said was, ""Would it kill you to cook dinner once in a while?"""
331,20,41,156,217,1.3732718894009217,0.044005038811808284,556,This earthling votes for take-out.
331,18,45,154,217,1.3732718894009217,0.043024465665624935,556,There's no such thing as too much garlic.
331,20,41,156,217,1.3732718894009217,0.044005038811808284,556,"The word is 'poisson', not 'poison'."
331,16,49,152,217,1.3732718894009217,0.04202101677489878,556,Thanks for adding nuts.
331,20,41,156,217,1.3732718894009217,0.044005038811808284,556,I'll just be having the wine...
331,17,47,153,217,1.3732718894009217,0.042525701032486596,556,"This is not what I thought you meant by ""wanting more Space."""
340,19,42,154,215,1.372093023255814,0.04379134848979363,556,I was kidding when I called your cooking toxic.
340,24,32,159,215,1.372093023255814,0.046206344350041686,556,Could you also do the laundry before your launch?
340,18,44,153,215,1.372093023255814,0.04329218626295668,556,Can I pour you some more Tang?
340,18,44,153,215,1.372093023255814,0.04329218626295668,556,Still mad?
340,17,46,152,215,1.372093023255814,0.04278720112718895,556,I get it. We need a new vent.
340,14,52,149,215,1.372093023255814,0.04123515668594546,556,How long have you been experimenting with fusion cooking?
340,25,30,160,215,1.372093023255814,0.0466743513005017,556,I'm going to go ahead and guess that whatever you read was fake news.
340,17,46,152,215,1.372093023255814,0.04278720112718895,556,Julia Child only needed an apron.
340,20,40,155,215,1.372093023255814,0.0442848847089226,556,I'm sensing you need some space.
340,17,46,152,215,1.372093023255814,0.04278720112718895,556,"Yes, I smoked a cigarette in the house. Why?"
340,22,36,157,215,1.372093023255814,0.04525581328336281,556,I never should have told you how I voted.
340,11,58,146,215,1.372093023255814,0.03962236380543727,556,Fine. I'll give you some space.
352,18,43,153,214,1.3691588785046729,0.043394948971085624,556,I'm sensing you need some space.
352,13,53,148,214,1.3691588785046729,0.040788929273863156,556,Should I be afraid to ask what's for dinner?
352,14,51,149,214,1.3691588785046729,0.04132328302890749,556,Tuna meltdown tonight?
352,16,47,151,214,1.3691588785046729,0.04237177903092056,556,Exactly how spicy?
352,13,53,148,214,1.3691588785046729,0.040788929273863156,556,"On a scale of one to ten, how spicy?"
352,10,59,145,214,1.3691588785046729,0.039142123656889925,556,OK> OK> We'll get an exhaust fan.
352,20,39,155,214,1.3691588785046729,0.044394543968387504,556,What women's movement is this?
359,15,49,151,215,1.3674418604651162,0.041691077025785776,556,You look hot tonight.
360,14,50,149,213,1.3661971830985915,0.041410975510002244,556,"Or, we could order in."
360,20,38,155,213,1.3661971830985915,0.044504093166601894,556,You look hot in that outfit.
360,17,44,152,213,1.3661971830985915,0.042985364958736755,556,"It was one sneeze, Karen."
363,19,39,153,211,1.3649289099526067,0.04428536183840449,556,You could try cooking without onions.
363,18,41,152,211,1.3649289099526067,0.04377278532525523,556,"Well, I think you're sucking all the air out of our relationship too."
363,18,41,152,211,1.3649289099526067,0.04377278532525523,556,"Good grief, Laura... It doesn't mean you are literally 'from Venus', you know."
363,17,43,151,211,1.3649289099526067,0.04325413502895817,556,Is there something I should know?
363,20,37,154,211,1.3649289099526067,0.04479207308426287,556,"Well, sometimes I need space too."
363,17,43,151,211,1.3649289099526067,0.04325413502895817,556,"Sure, it's a toxic relationship--but don't you think you've gone a bit too far?"
363,22,33,156,211,1.3649289099526067,0.04578867640848567,556,"How about if I just become a vegetarian, too?"
370,18,42,154,214,1.3644859813084111,0.04332756822268517,556,I heard you the first time when you said I suck all the oxygen out of the room.
370,17,44,153,214,1.3644859813084111,0.04281823442311062,556,I just need some space right now.
370,16,46,152,214,1.3644859813084111,0.042302768587096896,556,I'll suit up and join you in the dining module.
370,19,40,155,214,1.3644859813084111,0.043830983756589594,556,I feel underdressed.
374,19,40,156,215,1.3627906976744186,0.04365956840250148,556,Tuna meltdown tonight?
374,18,42,155,215,1.3627906976744186,0.04315888207501081,556,You could have just said you need space.
376,21,34,155,210,1.361904761904762,0.045407759449851696,556,"No, but it sure does make your back look big."
376,17,42,151,210,1.361904761904762,0.043354247217212795,556,"OK, OK, I'll clean the litter box, drama queen."
376,23,30,157,210,1.361904761904762,0.04640044775104861,556,You mean I literally suck all the air out of the room?
376,16,44,150,210,1.361904761904762,0.042825486397122275,556,How were things at Monsanto today?
376,4,68,138,210,1.361904761904762,0.0358775791504517,556,Worried about the Flu bug?
376,20,36,154,210,1.361904761904762,0.04490318643074785,556,"Ok, you win. We'll go organic."
376,14,48,148,210,1.361904761904762,0.04174787841205716,556,So your profile said you're from Venus?
383,15,45,148,208,1.3605769230769231,0.04255101938253767,556,You really weren't kidding about the chili!
383,14,47,147,208,1.3605769230769231,0.042001644218833165,556,I hope it tastes better than it smells
383,17,41,150,208,1.3605769230769231,0.043629021502990493,556,You look radiant this evening.
383,18,39,151,208,1.3605769230769231,0.04415815497409354,556,How's the news filter working this evening?
383,17,41,150,208,1.3605769230769231,0.043629021502990493,556,"If you're fixing that for me, I'm not hungry."
383,15,45,148,208,1.3605769230769231,0.04255101938253767,556,I usually just use an apron.
383,7,61,140,208,1.3605769230769231,0.03793389227632534,556,"Hon, did you get your hair done or something?"
383,19,37,152,208,1.3605769230769231,0.04468102263963659,556,Can I play with your knobs?
383,20,35,153,208,1.3605769230769231,0.04519784195657324,556,How's my mail-order bride from Chernobyl doing?
383,12,51,145,208,1.3605769230769231,0.04088075158641449,556,I feel like we're in a toxic relationship.
383,16,43,149,208,1.3605769230769231,0.04309339141795122,556,Weren't you wearing that same outfit yesterday?
394,14,47,148,209,1.3588516746411483,0.04183578485914741,556,I get it. You want your own space.
394,12,51,146,209,1.3588516746411483,0.04072124316462945,556,Wouldn't a divorce be easier?
396,17,40,150,207,1.357487922705314,0.0437302807462821,556,"On second thought, maybe we don’t have to invite my mother over for dinner."
396,23,28,156,207,1.357487922705314,0.04683748654508531,556,That's not the way Mother made it.
396,20,34,153,207,1.357487922705314,0.04531052637086496,556,Not everything has to be rocket science.
396,23,28,156,207,1.357487922705314,0.04683748654508531,556,Promise you'll take it off as soon as Trump is impeached?
396,14,46,147,207,1.357487922705314,0.04209074848814705,556,"So, are we trying something new tonight?"
396,20,34,153,207,1.357487922705314,0.04531052637086496,556,"Wow, dinner! One small step for mankind."
396,15,44,148,207,1.357487922705314,0.0426442636655606,556,This dinner better be out of this world.
396,17,40,150,207,1.357487922705314,0.0437302807462821,556,"You know I said, ""Mild"", right?"
396,16,42,149,207,1.357487922705314,0.043190685788295276,556,Chernobyl chicken again?
396,13,48,146,207,1.357487922705314,0.04152985664563572,556,Another recipe from the hazmat cookbook?
396,13,48,146,207,1.357487922705314,0.04152985664563572,556,Mother loves it when you use her recipe.
396,18,38,151,207,1.357487922705314,0.04426329822137128,556,Wouldn’t it just be easier to get rid of that Teflon frying pan?
408,17,39,149,205,1.3560975609756099,0.0440112366767928,556,Do you need some space?
408,18,37,150,205,1.3560975609756099,0.04455123972991675,556,Sometimes you’re in your own little world.
408,22,29,154,205,1.3560975609756099,0.04664878339335205,556,So you're going to keep that on for the next four years?
408,14,45,146,205,1.3560975609756099,0.042349934248652,556,"Over medium, it's not rocket science"
408,19,35,151,205,1.3560975609756099,0.045084775358477214,556,I'm getting the feeling that you want more space.
408,14,45,146,205,1.3560975609756099,0.042349934248652,556,My therapist suggests that we should talk about our intimacy issues
408,14,45,146,205,1.3560975609756099,0.042349934248652,556,I think you should stop watching the news.
408,13,47,145,205,1.3560975609756099,0.04178149019857127,556,Maybe not THAT spicy.
408,16,41,148,205,1.3560975609756099,0.04346452514601799,556,Another recipe from the Chernobyl Cookbook?
417,20,34,154,208,1.3557692307692308,0.04512490328196536,556,Did you wash your hands?
417,19,36,153,208,1.3557692307692308,0.044607238905799505,556,"What are you cooking up for the press tonight, Kellyanne?"
419,16,40,148,204,1.3529411764705883,0.043562787907194526,556,That's one giant crepe for mankind.
419,14,44,146,204,1.3529411764705883,0.042439676364990936,556,I see you're using your mother's recipe again.
419,20,32,152,204,1.3529411764705883,0.04572632951387309,556,I'm sorry... I didn't bring protection.
419,22,28,154,204,1.3529411764705883,0.04677058446388441,556,Meth again???
419,14,44,146,204,1.3529411764705883,0.042439676364990936,556,I'm sensing you need space.
419,17,38,149,204,1.3529411764705883,0.04411362227689125,556,I'm getting the feeling that you need some space.
419,14,44,146,204,1.3529411764705883,0.042439676364990936,556,Wouldn't a vent hood and fan be better?
419,17,38,149,204,1.3529411764705883,0.04411362227689125,556,"You know, maybe I'm not so hungry after all."
419,20,32,152,204,1.3529411764705883,0.04572632951387309,556,I promise to stop talking about politics.
428,23,25,154,202,1.3514851485148516,0.04761297699092307,556,You're seriously wearing that for the next four years?
428,22,27,153,202,1.3514851485148516,0.04709285424275285,556,"Do I need red, white, or flame retardant with this tonight?"
428,20,31,151,202,1.3514851485148516,0.04603498241892959,556,"I liked ""The Martian"" too but I prefer a nice pinot and your French maid outfit."
428,23,25,154,202,1.3514851485148516,0.04761297699092307,556,Ok so I voted for Trump. Does that make me a disease?
428,18,35,149,202,1.3514851485148516,0.04495222232429835,556,Aren't you going to drink your Tang?
428,15,41,146,202,1.3514851485148516,0.04327731877399677,556,Why don't I prep the onions next time?
428,6,59,137,202,1.3514851485148516,0.03781003048643433,556,Couldn't we just install an exhaust fan?
428,16,39,147,202,1.3514851485148516,0.04384273004130945,556,"Oh, but I can't have a sports car."
428,17,37,148,202,1.3514851485148516,0.044400941822039575,556,Are you going to drink your wine?
428,18,35,149,202,1.3514851485148516,0.04495222232429835,556,I see you're going with the nuclear option.
428,24,23,155,202,1.3514851485148516,0.04812747900261528,556,So you've heard about the new head of the EPA.
428,16,39,147,202,1.3514851485148516,0.04384273004130945,556,Have you done something new with your hair?
428,15,41,146,202,1.3514851485148516,0.04327731877399677,556,"If you don't want to make liver and onions for me, just say so."
428,16,39,147,202,1.3514851485148516,0.04384273004130945,556,'ya takin' off after dinner?
428,14,43,145,202,1.3514851485148516,0.04270442205506508,556,"No, it doesn't make your butt look fat."
428,9,53,140,202,1.3514851485148516,0.03971617273872329,556,You used to think I was a breath of fresh air.
428,17,37,148,202,1.3514851485148516,0.044400941822039575,556,You look nice tonight.
428,20,31,151,202,1.3514851485148516,0.04603498241892959,556,"Fine, next time I'll buy organic"
428,14,43,145,202,1.3514851485148516,0.04270442205506508,556,I need some space.
447,20,32,154,206,1.3495145631067962,0.045345765960661616,556,The doctor said the flatulence should stop in about a week
448,14,42,145,201,1.3482587064676617,0.04279474631448336,556,I should have been more specific when I suggested role-playing.
448,12,46,143,201,1.3482587064676617,0.04161595636962819,556,It's not THAT spicy.
448,16,38,147,201,1.3482587064676617,0.043941925306968235,556,"So, basically, that's the difference between jalapeños and habañeros."
448,16,38,147,201,1.3482587064676617,0.043941925306968235,556,So you're saying it's like we're from different planets?
448,14,42,145,201,1.3482587064676617,0.04279474631448336,556,New suit?
448,17,36,148,201,1.3482587064676617,0.04450442723442546,556,I prefer the George Foreman grill to this new Buzz Aldrin one.
448,16,38,147,201,1.3482587064676617,0.043941925306968235,556,What do you mean you need some space?
448,7,56,138,201,1.3482587064676617,0.03851144772211667,556,A French maid's costume is easier.
448,17,36,148,201,1.3482587064676617,0.04450442723442546,556,I'll try anything once. Why do you ask?
448,16,38,147,201,1.3482587064676617,0.043941925306968235,556,Your 3-bean chili again?
448,14,42,145,201,1.3482587064676617,0.04279474631448336,556,"I know, I know. I suck the oxygen out of the room."
448,11,48,142,201,1.3482587064676617,0.041013858399054616,556,I didn't know NASA put out a cook book.
448,18,34,149,201,1.3482587064676617,0.04505990775895313,556,So you think our relationship is toxic?!
448,19,32,150,201,1.3482587064676617,0.04560862342832175,556,You don't like the new aftershave then?
462,19,31,149,199,1.3467336683417086,0.045917372290093614,556,Shall I slip into something more uncomfortable?
462,13,43,143,199,1.3467336683417086,0.042471778979163245,556,Is there something about this meal that your not telling me?
462,21,27,151,199,1.3467336683417086,0.047009815650398426,556,Did you get a haircut?
462,17,35,147,199,1.3467336683417086,0.044798296715050104,556,Why don't you just say you want a Divorce?!!!
462,13,43,143,199,1.3467336683417086,0.042471778979163245,556,I liked your barefoot Contessa look better.
462,11,47,141,199,1.3467336683417086,0.04125935433568375,556,"Lighten up, Margaret. It's only herpes."
462,14,41,144,199,1.3467336683417086,0.04306519307263799,556,You haven't said anything about my new cologne...
462,13,43,143,199,1.3467336683417086,0.042471778979163245,556,You could just tell me you have a headache you know.
462,12,45,142,199,1.3467336683417086,0.04186995539675435,556,"Honey, please, I meant 'spacey' in a good way."
462,16,37,146,199,1.3467336683417086,0.04422814198947289,556,"No, no, no...I said 'poisson,' it's French for fish."
462,20,29,150,199,1.3467336683417086,0.04646680452490521,556,Are you sure gluten is airborne?
462,16,37,146,199,1.3467336683417086,0.04422814198947289,556,You must be making something out of this world.
462,17,35,147,199,1.3467336683417086,0.044798296715050104,556,What I hear you saying is that you need some space.
475,17,34,147,198,1.3434343434343434,0.0449028487051122,556,"So, we agree your cooking stinks?"
475,18,32,148,198,1.3434343434343434,0.04547020986078123,556,That's one small omelet for man.
475,10,48,140,198,1.3434343434343434,0.04071052297857604,556,"Honey, they're just onions"
475,13,42,143,198,1.3434343434343434,0.04255783323945237,556,Are we expecting my mother for dinner?
475,15,38,145,198,1.3434343434343434,0.04374605691871688,556,Was it the beans?
475,18,32,148,198,1.3434343434343434,0.04547020986078123,556,I thought preparing to go to Mars after the election was just talk.
475,12,44,142,198,1.3434343434343434,0.041951102572968774,556,'It's the name of a book ...you're not really from Venus.'
475,16,36,146,198,1.3434343434343434,0.04432822643513844,556,Can't you just wear one of those pink hats like the other women?
475,12,44,142,198,1.3434343434343434,0.041951102572968774,556,Is there something you're not telling me?
475,17,34,147,198,1.3434343434343434,0.0449028487051122,556,It won't work. News about Trump is bound to get in.
475,19,30,149,198,1.3434343434343434,0.04603057839885109,556,So does this Mars lifestyle experiment extend to the bedroom?
475,14,40,144,198,1.3434343434343434,0.0431560347226935,556,Wouldn't it be easier to install a smoke alarm?
475,17,34,147,198,1.3434343434343434,0.0449028487051122,556,See you heard they confirmed the new EPA chief today.
475,14,40,144,198,1.3434343434343434,0.0431560347226935,556,"Seriously, how fast do you think climate change happens?"
475,22,24,152,198,1.3434343434343434,0.0476721788528765,556,Do you plan on wearing that for the next four years?
475,19,30,149,198,1.3434343434343434,0.04603057839885109,556,I'm sorry I called your cooking toxic. Let it go.
475,8,52,138,198,1.3434343434343434,0.03943093145349965,556,Somehow I feel strangely aroused
475,14,40,144,198,1.3434343434343434,0.0431560347226935,556,How much Sriracha did you put in there?
493,13,40,142,195,1.3384615384615384,0.04291196086697825,556,"I'm just saying, there might be such a thing as too spicy."
493,15,36,144,195,1.3384615384615384,0.044126778419226215,556,Don't make liver and onions just for me.
493,12,42,141,195,1.3384615384615384,0.04229146830442124,556,So you decided to go with my mom's recipe after all?
493,12,42,141,195,1.3384615384615384,0.04229146830442124,556,I'm just saying I don't bring my work home with me.
493,15,36,144,195,1.3384615384615384,0.044126778419226215,556,That's one small step for manicotti...
493,11,44,140,195,1.3384615384615384,0.041661735408389536,556,Can I have your wine?
493,9,48,138,195,1.3384615384615384,0.04037281274605775,556,You could just ask that I use a different cologne.
493,15,36,144,195,1.3384615384615384,0.044126778419226215,556,"So, anything new going on at the EPA?"
493,16,34,145,195,1.3384615384615384,0.044721814227116234,556,I don't think you have to take the little drawing on the salsa bottle literally.
493,16,34,145,195,1.3384615384615384,0.044721814227116234,556,"Honey, don't you think you've taken the gluten sensitivity thing far enough?"
493,14,38,143,195,1.3384615384615384,0.04352360830117697,556,And you don't see this as a manifestation of your emotional unavailability?
493,15,36,144,195,1.3384615384615384,0.044126778419226215,556,"If you don't like cilantro, just say so."
493,15,36,144,195,1.3384615384615384,0.044126778419226215,556,"Whatever you're cooking, looks radiant."
493,21,24,150,195,1.3384615384615384,0.04758551395425643,556,How many drinks have you had? You're wearing the vacuum cleaner and burning the eggs!
493,15,36,144,195,1.3384615384615384,0.044126778419226215,556,This gives a whole new meaning to nuclear family.
493,16,34,145,195,1.3384615384615384,0.044721814227116234,556,Earth to Brenda.
493,15,36,144,195,1.3384615384615384,0.044126778419226215,556,What new life insurance policy?
510,11,45,142,198,1.3383838383838385,0.04123667773890108,556,Should I be worried?
510,15,37,146,198,1.3383838383838385,0.04365272319957987,556,I hope you noticed that I don't bring MY work home.
510,19,29,150,198,1.3383838383838385,0.04594188605767397,556,If I say I'm sorry I voted for him will you end this charade?
510,14,39,145,198,1.3383838383838385,0.04306142217565334,556,"If you need more space, just tell me."
514,17,31,146,194,1.3350515463917525,0.04541402739236936,556,I thought that after we got married you would stop wearing that.
514,14,37,143,194,1.3350515463917525,0.04361405775649478,556,Honey why don't we just throw out the old Teflon pan
514,17,31,146,194,1.3350515463917525,0.04541402739236936,556,"So, you've decided to try my mother's recipe?"
514,6,53,135,194,1.3350515463917525,0.03840388566233235,556,You could've just told me you had a headache.
514,15,35,144,194,1.3350515463917525,0.04422218881952286,556,"Good grief, honey. They're only carbs."
514,15,35,144,194,1.3350515463917525,0.04422218881952286,556,How come you've just made enough for one?
514,16,33,145,194,1.3350515463917525,0.04482206972008548,556,Something tells me that dinner is going to be out of this world.
514,15,35,144,194,1.3350515463917525,0.04422218881952286,556,I thought it was only my laugh that was infectious.
514,9,47,138,194,1.3350515463917525,0.040436447469745763,556,I need some space.
514,16,33,145,194,1.3350515463917525,0.04482206972008548,556,Is MY mother coming to dinner tonight?
514,20,25,149,194,1.3350515463917525,0.047145325685616885,556,It's just an onion.
525,13,38,141,192,1.3333333333333333,0.04327187210704701,556,Should I ask?
525,17,30,145,192,1.3333333333333333,0.04572313422009332,556,what exactly is this 'secret ingredient' you've been bragging about??
525,10,44,138,192,1.3333333333333333,0.04133814642921967,556,O.K. This is the last time I'll ask for liver and onions.
525,11,42,139,192,1.3333333333333333,0.04199261687509622,556,Is this your way of avoiding sex after dinner?
525,16,32,144,192,1.3333333333333333,0.04512280444624048,556,I think we need to talk about you taking your work home.
525,15,34,143,192,1.3333333333333333,0.04451437924175346,556,You've got to stop bringing your work home with you
525,16,32,144,192,1.3333333333333333,0.04512280444624048,556,"This is just a wild guess, but is that an ""I need some space"" suit?"
525,19,26,147,192,1.3333333333333333,0.04690074675885967,556,"Trying another one of your mother's recipes, I see."
525,14,36,142,192,1.3333333333333333,0.043897521996846725,556,We could get an air purifier instead of a divorce.
525,10,44,138,192,1.3333333333333333,0.04133814642921967,556,"You didnt mind cooking burgers for me when we were dating, Miss Vegan"
535,16,32,145,193,1.3316062176165804,0.044921612447806396,556,"Mmmm, that smells out of this world!"
536,13,37,141,191,1.3298429319371727,0.04335728110033291,556,Eggs and meth?
536,17,29,145,191,1.3298429319371727,0.04582903259268431,556,"Okay, okay, we'll go out."
536,18,27,146,191,1.3298429319371727,0.046426413057367784,556,Mom wants to know if we've thought about having kids
536,12,39,140,191,1.3298429319371727,0.0427170015733932,556,I want out of this toxic relationship.
536,8,47,136,191,1.3298429319371727,0.04005366174837503,556,I feel like you're taking this Mars and Venus thing a little too far.
536,13,37,141,191,1.3298429319371727,0.04335728110033291,556,So that's a no on my new cologne?
536,14,35,142,191,1.3298429319371727,0.043988241899458706,556,How 'bout we make this the last time we have lutefisk?
536,15,33,143,191,1.3298429319371727,0.044610279380399576,556,This is exactly what I meant when I said you were being too defensive.
536,16,31,144,191,1.3298429319371727,0.04522376175628596,556,"Thanks, hon. Oh, and could you also iron a few shirts before your mission?"
536,12,39,140,191,1.3298429319371727,0.0427170015733932,556,Fukushima fish fry?
536,16,31,144,191,1.3298429319371727,0.04522376175628596,556,So... what kind of underwear do you have on?
536,10,43,138,191,1.3298429319371727,0.04140675091621243,556,You could have just left the peanuts out of the recipe.
536,12,39,140,191,1.3298429319371727,0.0427170015733932,556,Not quite what I meant by role-playing...
536,8,47,136,191,1.3298429319371727,0.04005366174837503,556,So what? It's just a day past the expiration date.
536,15,33,143,191,1.3298429319371727,0.044610279380399576,556,Point made; I promise to buy some BEANO today.
536,19,25,147,191,1.3298429319371727,0.047016203912750534,556,Have you been reading the package ingredients again?
536,15,33,143,191,1.3298429319371727,0.044610279380399576,556,I guess pretending you're on the moon is cheaper than actually moving to Canada.
553,13,36,140,189,1.3280423280423281,0.04363757266375193,556,"Thanks, but I would like for you to taste it first"
553,12,38,139,189,1.3280423280423281,0.042987794286918075,556,"Are you okay, honey? You seem a little spacey."
553,16,30,143,189,1.3280423280423281,0.04553130372582977,556,Spicier!
553,18,26,145,189,1.3280423280423281,0.04675119463322244,556,"Throw away that old teflon pan, already!"
553,17,28,144,189,1.3280423280423281,0.0461452804661929,556,Rhonda once again tries shame Bert into repairing the exhaust fan.
553,13,36,140,189,1.3280423280423281,0.04363757266375193,556,"You know I'd help, but I just needed to decompress first."
553,15,32,142,189,1.3280423280423281,0.04490893372864598,556,Nice boots.
553,15,32,142,189,1.3280423280423281,0.04490893372864598,556,The atmosphere around here is toxic.
553,14,34,141,189,1.3280423280423281,0.04427781654862933,556,I wish you would stop bringing your work home.
553,12,38,139,189,1.3280423280423281,0.042987794286918075,556,"Mm, Is that Polonium I smell?"
553,12,38,139,189,1.3280423280423281,0.042987794286918075,556,"Honey, sometimes I feel like we are leading separate lives.."
553,17,28,144,189,1.3280423280423281,0.0461452804661929,556,What do you expect if you keep feeding me cabbage and beans?
553,15,32,142,189,1.3280423280423281,0.04490893372864598,556,You promised you wouldn't go nuclear.
553,13,36,140,189,1.3280423280423281,0.04363757266375193,556,"You say toxic, I say savory"
553,11,40,138,189,1.3280423280423281,0.04232804232804232,556,"Just the wine for me, thanks."
553,16,30,143,189,1.3280423280423281,0.04553130372582977,556,Easy on the plutonium .
553,11,40,138,189,1.3280423280423281,0.04232804232804232,556,That outfit still gets me going.
570,17,27,144,188,1.324468085106383,0.046252018928824475,556,That makes you look fat.
570,12,37,139,188,1.324468085106383,0.043067421420575666,556,Did you spend all day on the CDC's website again?
572,14,32,140,186,1.3225806451612903,0.04466451562949491,556,Then don't make fish.
572,16,28,142,186,1.3225806451612903,0.04594740726039931,556,"There's something different about you, honey. New haircut?"
572,2,56,128,186,1.3225806451612903,0.03602009565789345,556,You're really taking this bird flu thing too far.
572,11,38,137,186,1.3225806451612903,0.042667915816383566,556,I see last night's argument is still on the table too.
572,13,34,139,186,1.3225806451612903,0.044009048133873505,556,"Doesn't ""Hot"" food normally refer to either temperature or spices?"
572,7,46,133,186,1.3225806451612903,0.039850476597436006,556,"If you don’t want to have sex, you could just say so."
572,13,34,139,186,1.3225806451612903,0.044009048133873505,556,What do you mean you need space?
572,16,28,142,186,1.3225806451612903,0.04594740726039931,556,"Hey, I got an idea. How about we eat out tonight?"
572,10,40,136,186,1.3225806451612903,0.04198128632314873,556,Why don't you just make it without the onions?
572,15,30,141,186,1.3225806451612903,0.04531050204075425,556,Let me guess... Limburger Helper!
572,11,38,137,186,1.3225806451612903,0.042667915816383566,556,Ok! I get the message. I'll call the guy to fix the vent.
572,18,24,144,186,1.3225806451612903,0.04719543952002773,556,I can only imagine the protection we're going to use for after dinner.
572,17,26,143,186,1.3225806451612903,0.04657560383635187,556,"I'm pretty sure the recipe calls for plantains, not plutonium."
572,14,32,140,186,1.3225806451612903,0.04466451562949491,556,Can you change the twins' diapers while you're at it?
572,14,32,140,186,1.3225806451612903,0.04466451562949491,556,Are you sure the recipe called for pepper spray?
572,13,34,139,186,1.3225806451612903,0.044009048133873505,556,Think I will pass on dinner tonight.
572,15,30,141,186,1.3225806451612903,0.04531050204075425,556,"You wouldn't be trying to poison me again, would you?"
572,8,44,134,186,1.3225806451612903,0.040573182322940785,556,Can I offer you some TANG?
572,21,18,147,186,1.3225806451612903,0.04900793229459895,556,Where should I pour your drink?
591,19,22,146,187,1.320855614973262,0.04758217823182977,556,"Honey, we had meth for breakfast yesterday."
592,14,31,140,185,1.318918918918919,0.044755434053469385,556,Everyone has their own approach to the next four years. Mine is alcohol.
592,13,33,139,185,1.318918918918919,0.04409415460958463,556,"And don't let the peas touch the carrots, okay?"
592,12,35,138,185,1.318918918918919,0.04342280580701183,556,"Another glass of Tang, dear?"
592,14,31,140,185,1.318918918918919,0.044755434053469385,556,I only shook hands with Trump! I'm sure I'm not infected.
592,17,25,143,185,1.318918918918919,0.04668310290732534,556,Is this a family recipe?
592,15,29,141,185,1.318918918918919,0.0454070840717056,556,Thank God the virus didn't stop you from cooking.
592,18,23,144,185,1.318918918918919,0.04730820757158763,556,I guess it's really over when we can't even breathe the same air anymore.
592,6,47,132,185,1.318918918918919,0.03915371789077633,556,"Since you've landed my dear, it's no longer necessary to follow the NASA rules for keeping kosher."
592,12,35,138,185,1.318918918918919,0.04342280580701183,556,"Okay, you're from Venus. Heading back tonight?"
592,13,33,139,185,1.318918918918919,0.04409415460958463,556,I just need a little space.
592,16,27,142,185,1.318918918918919,0.046049513466218446,556,"Susan, you've made your point, I'll stop eating chili."
603,13,33,140,186,1.3172043010752688,0.04388995321170083,556,"You remember wanting me to remind you when you're being passive aggressive, right?"
604,13,32,138,183,1.3169398907103824,0.04438626031836963,556,"'Whatever you're cooking smells out of this world."""
604,11,36,136,183,1.3169398907103824,0.04301211020510219,556,Chernobyl chicken again?
604,11,36,136,183,1.3169398907103824,0.04301211020510219,556,Our relationship is suffocating you? Is that it?
604,11,36,136,183,1.3169398907103824,0.04301211020510219,556,Wouldn't a splatter screen have been easier?
604,11,36,136,183,1.3169398907103824,0.04301211020510219,556,"Okay, okay. I got it. I'll shower tonight."
604,11,36,136,183,1.3169398907103824,0.04301211020510219,556,I guess I'm too late to peel the onions.
604,10,38,135,183,1.3169398907103824,0.042308301595771335,556,I'm getting a little nervous about this chili.
604,8,42,133,183,1.3169398907103824,0.04086433534470527,556,Making those Mars bars again?
604,12,34,137,183,1.3169398907103824,0.04370458631165573,556,What's nukin'?
604,11,36,136,183,1.3169398907103824,0.04301211020510219,556,I sense space between us.
604,15,28,140,183,1.3169398907103824,0.04571912713300958,556,"So, where you off to today?"
604,14,30,139,183,1.3169398907103824,0.04505762250082869,556,Are you going to wear that for the next four years?
604,13,32,138,183,1.3169398907103824,0.04438626031836963,556,You act like we don't even breathe the same air.
604,18,22,143,183,1.3169398907103824,0.047648570880306794,556,"If you can't stand the heat,..."
604,13,32,138,183,1.3169398907103824,0.04438626031836963,556,"Yes, I’m wearing that new cologne by Trump. Why?"
604,11,36,136,183,1.3169398907103824,0.04301211020510219,556,Should I be suspicious?
604,15,28,140,183,1.3169398907103824,0.04571912713300958,556,"I believe the recipe said 'exotic', not 'toxic' dear........."
604,13,32,138,183,1.3169398907103824,0.04438626031836963,556,I'd settle for a toxic relationship.
604,11,36,136,183,1.3169398907103824,0.04301211020510219,556,Making your killer chili again?
604,14,30,139,183,1.3169398907103824,0.04505762250082869,556,You don't have to follow my mom's recipe exactly.
604,11,36,136,183,1.3169398907103824,0.04301211020510219,556,I'm guessing you need some space this evening?
604,16,26,141,183,1.3169398907103824,0.04637119608314414,556,"So, should I be mixing up the Tang?"
626,12,34,138,184,1.315217391304348,0.04350052886634885,556,"Honey, I think you're taking this ""nuclear family"" thing a bit too far."
627,16,25,141,182,1.3131868131868132,0.046473720314520225,556,"Just double the recipe, it's not rocket science."
627,16,25,141,182,1.3131868131868132,0.046473720314520225,556,"Between changing diapers and fish night, I think the investment in that suit has really paid off."
627,13,31,138,182,1.3131868131868132,0.044470983530690934,556,I vote we keep the nuclear threat off the table.
627,13,31,138,182,1.3131868131868132,0.044470983530690934,556,If you didn't want to make liver and onions why didn't you just say so.
627,12,33,137,182,1.3131868131868132,0.04378305161009105,556,Fish again?
627,12,33,137,182,1.3131868131868132,0.04378305161009105,556,I see you caught that Monsanto documentary.
627,12,33,137,182,1.3131868131868132,0.04378305161009105,556,Someone feeling astro-naughty tonight?
634,9,39,135,183,1.3114754098360655,0.04145824952976991,556,"""Is this in response to my saying, 'Surprise me'""?"
635,9,38,133,180,1.3111111111111111,0.04190445288096708,556,Really Alice? I ask for liver and onions once a year on my birthday.
635,12,32,136,180,1.3111111111111111,0.044070431249825036,556,"If you'd rather not make me liver and onions, just say so."
635,11,34,135,180,1.3111111111111111,0.043360461991482135,556,"If you don't want to use my mother's recipe, why don't you just say so?"
635,12,32,136,180,1.3111111111111111,0.044070431249825036,556,"If you didn't want to make me liver and onions, you could have just said so."
635,13,30,137,180,1.3111111111111111,0.04476914291089727,556,I don't think you understand the gravity of the situation.
635,14,28,138,180,1.3111111111111111,0.045457116092061225,556,Admitting your cooking is a health hazard is the first step.
635,11,34,135,180,1.3111111111111111,0.043360461991482135,556,It's only liver and onions.
635,16,24,140,180,1.3111111111111111,0.046802733854644736,556,Why do you always get to wear the suit?
635,16,24,140,180,1.3111111111111111,0.046802733854644736,556,"To be honest, that suit does make you look fat."
635,15,26,139,180,1.3111111111111111,0.046134831199842054,556,"No, I don’t think it makes you look fat."
635,15,26,139,180,1.3111111111111111,0.046134831199842054,556,Reading the EPA website again?
635,4,48,128,180,1.3111111111111111,0.03802126956190769,556,"Did you just finish reading, ""Men are from Mars, women are from Venus""?"
635,11,34,135,180,1.3111111111111111,0.043360461991482135,556,So how was your day?
635,15,26,139,180,1.3111111111111111,0.046134831199842054,556,"You know, if you didn't fry everything I might not have as much gas."
635,12,32,136,180,1.3111111111111111,0.044070431249825036,556,Aren't you going to be late for liftoff?
635,10,36,134,180,1.3111111111111111,0.04263867279458846,556,OK. Give me that phone number for the exhaust hood repairman one more time.
635,14,28,138,180,1.3111111111111111,0.045457116092061225,556,You'd make a great chef in a restaurant with no atmosphere
635,10,36,134,180,1.3111111111111111,0.04263867279458846,556,Trying one of my Mother's recipes was just a suggestion.
635,13,30,137,180,1.3111111111111111,0.04476914291089727,556,And what thing has Facebook told you to be afraid of today?
635,9,38,133,180,1.3111111111111111,0.04190445288096708,556,You knew I liked fried cabbage when you married me.
635,17,22,141,180,1.3111111111111111,0.04746123831822655,556,"Theil has a bunker, you have a hazmat suit, but I'm sticking with red wine and denial."
635,10,36,134,180,1.3111111111111111,0.04263867279458846,556,Exactly how much more space do you need?
635,13,30,137,180,1.3111111111111111,0.04476914291089727,556,"On second thought, I don't think I'm hungry."
658,12,32,137,181,1.3093922651933703,0.04385996507286688,556,I guess you really are from Venus.
658,15,26,140,181,1.3093922651933703,0.04591142122400704,556,Then why make it so easy to push your buttons?
658,13,30,138,181,1.3093922651933703,0.044554280270229216,556,"Esther, darling, we're Reform Jews. You don't need to wear that outfit every time you cook bacon for me."
658,8,40,133,181,1.3093922651933703,0.04096519399896659,556,This is not what I meant when I asked for more space
658,13,30,138,181,1.3093922651933703,0.044554280270229216,556,Ever since your mission you've been a bit... distant.
658,16,24,141,181,1.3093922651933703,0.0465751645516496,556,You make the best yellowcake.
664,14,27,138,179,1.3072625698324023,0.04554765771910231,556,"I know it's my mom's recipe Helen, but do you have to be so dramatic?"
664,13,29,137,179,1.3072625698324023,0.04485329893172434,556,At least your willing to try my mother's recipe.
664,13,29,137,179,1.3072625698324023,0.04485329893172434,556,"You wouldn't know it, but your cooking stinks."
664,12,31,136,179,1.3072625698324023,0.044148020639896736,556,I feel as if we're drifting apart.
664,16,23,140,179,1.3072625698324023,0.04690554893583756,556,I don't think you can absorb carbs through your skin.
664,11,33,135,179,1.3072625698324023,0.04343129088322004,556,Going out?
664,11,33,135,179,1.3072625698324023,0.04343129088322004,556,Can't stand the heat?
664,11,33,135,179,1.3072625698324023,0.04343129088322004,556,"""Haz-mat-touille"" again?"
664,15,25,139,179,1.3072625698324023,0.04623158900940325,556,Wouldn't it be easier to just buy organic?
664,13,29,137,179,1.3072625698324023,0.04485329893172434,556,Are you OK? You seem a little spacey.
664,14,27,138,179,1.3072625698324023,0.04554765771910231,556,Sometimes I feel like you're from another planet.
675,9,36,132,177,1.305084745762712,0.042218516976333616,556,Why are you asking about my life insurance?
675,16,22,139,177,1.305084745762712,0.047242063073022145,556,I guess you heard who he chose to head the FDA.
675,12,30,135,177,1.305084745762712,0.044441052888565744,556,It's these intimate moments that I cherish.
675,12,30,135,177,1.305084745762712,0.044441052888565744,556,I believe it's OK if vegetarians smell pork chops.
675,15,24,138,177,1.305084745762712,0.04655761149380008,556,You always take this 'silent treatment' to the extreme.
675,12,30,135,177,1.305084745762712,0.044441052888565744,556,Shall I pour you some more Tang?
675,10,34,133,177,1.305084745762712,0.042972136449899084,556,Maybe we should lighten up on the habanero.
675,13,28,136,177,1.305084745762712,0.045157596451007816,556,"Once again, I'm sorry I didn't buy organic onions."
675,9,36,132,177,1.305084745762712,0.042218516976333616,556,"You know the flu vaccine is shown to be effective too, right?"
675,6,42,129,177,1.305084745762712,0.03987228573229332,556,"So, I guess I can drink your wine too."
675,13,28,136,177,1.305084745762712,0.045157596451007816,556,"Okay, fine, but I'm NOT drinking Tang with dinner!"
675,13,28,136,177,1.305084745762712,0.045157596451007816,556,"Honey, why don't you slip into that white hazmat suit number after dinner."
675,14,26,137,177,1.305084745762712,0.045862946401423556,556,You have to come out for the wine at some point.
675,10,34,133,177,1.305084745762712,0.042972136449899084,556,I'm sensing that you need more personal space.
675,12,30,135,177,1.305084745762712,0.044441052888565744,556,Come on. You said I could vote for anyone I wanted.
675,11,32,134,177,1.305084745762712,0.043712765257491105,556,"C'mon Houston, let's talk about our problem."
675,7,40,130,177,1.305084745762712,0.04066940502276149,556,"yeah - well, let me tell you about MY day."
675,11,32,134,177,1.305084745762712,0.043712765257491105,556,Thank you so much for moving to Beijing with me.
675,11,32,134,177,1.305084745762712,0.043712765257491105,556,We never talk anymore.
694,11,32,135,178,1.303370786516854,0.043500273265131485,556,I thought you were using the microwave when you said you were Nuking it.
694,10,34,134,178,1.303370786516854,0.04276439876897956,556,"That's one small step for man, one giant leap for meatloaf."
694,11,32,135,178,1.303370786516854,0.043500273265131485,556,"Honey, if you can't stand the heat..."
694,5,44,129,178,1.303370786516854,0.03887665034089536,556,Something you'd like to tell me?
698,10,33,133,176,1.3011363636363635,0.043034180286876625,556,"You need to stop alienating me, Alice."
698,14,25,137,176,1.3011363636363635,0.045953029635745025,556,"Frankly, I preferred your Barefoot Contessa phase."
698,15,23,138,176,1.3011363636363635,0.04665421736176405,556,Wouldn't it be easier to clean the stove.
698,8,37,131,176,1.3011363636363635,0.04149783781226765,556,Dressing for the job you want?
698,13,27,136,176,1.3011363636363635,0.0452409755395327,556,Dress for the job you have not the job you want
698,12,29,135,176,1.3011363636363635,0.04451753365622955,556,And you think it'll be safe to eat?
698,11,31,134,176,1.3011363636363635,0.043782139485165246,556,"Okay, so I shouldn't have bought us a Trump steak for dinner."
698,13,27,136,176,1.3011363636363635,0.0452409755395327,556,Lemme guess - a bad air day.
698,11,31,134,176,1.3011363636363635,0.043782139485165246,556,Don't we have a spatter screen?
698,10,33,133,176,1.3011363636363635,0.043034180286876625,556,Maybe a little breathing room wasn’t all we needed.
698,11,31,134,176,1.3011363636363635,0.043782139485165246,556,So you found a little mold under the sink.
698,7,39,130,176,1.3011363636363635,0.04070792893476904,556,How about slipping into something more comfortable after dinner?
698,8,37,131,176,1.3011363636363635,0.04149783781226765,556,"OK, I'll never ask for the liver and onions again..."
698,11,31,134,176,1.3011363636363635,0.043782139485165246,556,I think I prefer the ten-foot pole.
698,8,37,131,176,1.3011363636363635,0.04149783781226765,556,Not true. The last time I requested liver and onions was TWO YEARS ago!
698,10,33,133,176,1.3011363636363635,0.043034180286876625,556,"OK, can we vent about this after dinner?"
698,11,31,134,176,1.3011363636363635,0.043782139485165246,556,"If you can't stand the heat, you could just get out of the kitchen."
698,12,29,135,176,1.3011363636363635,0.04451753365622955,556,That's one small meal for a man.
698,7,39,130,176,1.3011363636363635,0.04070792893476904,556,Do you have to pull out the hazmat suit every time my mother visits?
698,17,19,140,176,1.3011363636363635,0.048025890179244524,556,And your plan for his next 100 days?
698,7,39,130,176,1.3011363636363635,0.04070792893476904,556,"Don't you think you're taking this ""own space"" thing a little too far?"
698,9,35,132,176,1.3011363636363635,0.042272989106855646,556,A lot of people cook liver and onions without all the drama.
698,13,27,136,176,1.3011363636363635,0.0452409755395327,556,You could've just poisoned the wine.
698,14,25,137,176,1.3011363636363635,0.045953029635745025,556,I'm telling you: somehow today's news from the White House is going to get in there.
698,11,31,134,176,1.3011363636363635,0.043782139485165246,556,I'm guessing you either need your own space or we need to clear the air.
698,11,31,134,176,1.3011363636363635,0.043782139485165246,556,Dinner smells out of this world.
724,10,32,132,174,1.2988505747126438,0.043308373847682456,556,So are men the only thing you are allergic to?
724,9,34,131,174,1.2988505747126438,0.04253439169983917,556,I wish you wouldn't bring work home with you.
724,12,28,134,174,1.2988505747126438,0.04481625577222157,556,Why do I feel like part of a large experiment?
724,10,32,132,174,1.2988505747126438,0.043308373847682456,556,It's like you're a million miles away.
724,11,30,133,174,1.2988505747126438,0.044068764600178036,556,This is supposed to be healthier?
724,11,30,133,174,1.2988505747126438,0.044068764600178036,556,I don't think this is what the marriage counselor had in mind when she said to spice things up with role play.
724,10,32,132,174,1.2988505747126438,0.043308373847682456,556,Ok! I voted for him. But how will a quarantine help?
724,13,26,135,174,1.2988505747126438,0.04555148240723305,556,So the recipe said it would take your breath away.
724,9,34,131,174,1.2988505747126438,0.04253439169983917,556,"You know, hon, you don't have to start dinner the moment you get home from work."
724,10,32,132,174,1.2988505747126438,0.043308373847682456,556,"Well, you shouldn't have asked me what I wanted."
724,12,28,134,174,1.2988505747126438,0.04481625577222157,556,I feel we've lost a certain closeness
724,13,26,135,174,1.2988505747126438,0.04555148240723305,556,NOW can you stand the heat?
724,8,36,130,174,1.2988505747126438,0.04174606220016528,556,"Sure, now you can stand the heat."
724,8,36,130,174,1.2988505747126438,0.04174606220016528,556,"If you don't like my mom's recipe for fried cabbage, just say so."
724,12,28,134,174,1.2988505747126438,0.04481625577222157,556,Let's clear the air.
724,11,30,133,174,1.2988505747126438,0.044068764600178036,556,Does this Chardonnay go with polonium?
724,13,26,135,174,1.2988505747126438,0.04555148240723305,556,"Fine, I'll buy organic next time."
724,10,32,132,174,1.2988505747126438,0.043308373847682456,556,"Let me guess, Chernobyl Chicken?"
724,10,32,132,174,1.2988505747126438,0.043308373847682456,556,"Three alarm chili, again?"
724,14,24,136,174,1.2988505747126438,0.04627502909293241,556,"Marilyn, it's time we talked about your OCD."
724,11,30,133,174,1.2988505747126438,0.044068764600178036,556,I think I'll skip dinner and just have a few more drinks.
724,9,34,131,174,1.2988505747126438,0.04253439169983917,556,Is there something you're not telling me?
724,10,32,132,174,1.2988505747126438,0.043308373847682456,556,"OK, I voted for him. But isn't this a little extreme?"
724,4,44,126,174,1.2988505747126438,0.03843137568444504,556,"The flu shot really doesn't hurt, you know."
724,9,34,131,174,1.2988505747126438,0.04253439169983917,556,You could have just told me you're not in the mood.
724,10,32,132,174,1.2988505747126438,0.043308373847682456,556,"On second thought, I'd rather eat out."
724,12,28,134,174,1.2988505747126438,0.04481625577222157,556,I assume I've annoyed you once again.
724,14,24,136,174,1.2988505747126438,0.04627502909293241,556,Green eggs and ham again?
724,11,30,133,174,1.2988505747126438,0.044068764600178036,556,Bad day at the lab?
724,13,26,135,174,1.2988505747126438,0.04555148240723305,556,This is the last time I ask a vegan to cook eggs.
724,7,38,129,174,1.2988505747126438,0.04094255660269385,556,"Well, how much space do you need?"
724,7,38,129,174,1.2988505747126438,0.04094255660269385,556,I thought I smelled liver and onions.
724,11,30,133,174,1.2988505747126438,0.044068764600178036,556,I'm starting to miss the pink pussy hat.
724,13,26,135,174,1.2988505747126438,0.04555148240723305,556,OK honey you finish the eggs and I'll pour you another Tang
724,10,32,132,174,1.2988505747126438,0.043308373847682456,556,This fume blanc should pair nicely with the toxic notes
724,8,36,130,174,1.2988505747126438,0.04174606220016528,556,So what's tonight's nuclear option?
724,14,24,136,174,1.2988505747126438,0.04627502909293241,556,"Honey, you're taking the Star Wars Cookbook a little too seriously..."
724,10,32,132,174,1.2988505747126438,0.043308373847682456,556,Your therapist thinks our marriage is toxic?
724,10,32,132,174,1.2988505747126438,0.043308373847682456,556,Are you mad at me?
763,12,27,134,173,1.2947976878612717,0.04489136336319758,556,When will the nuclear option be on the table?
763,9,33,131,173,1.2947976878612717,0.04258631821641278,556,"OK, OK, No more beans for me."
763,13,25,135,173,1.2947976878612717,0.04563384533142399,556,I ate at the office.
763,10,31,132,173,1.2947976878612717,0.04336828143188591,556,You're sucking all the air out of this conversation.
763,12,27,134,173,1.2947976878612717,0.04489136336319758,556,Still with the subtle hints that I should quit smoking.
763,11,29,133,173,1.2947976878612717,0.04413639280096357,556,I coughed one time.
763,8,35,130,173,1.2947976878612717,0.041789725580624264,556,"Yes, honey, next time I'll buy organic."
763,9,33,131,173,1.2947976878612717,0.04258631821641278,556,Maybe we should just go back to real butter.
763,8,35,130,173,1.2947976878612717,0.041789725580624264,556,"When I said I needed ""space"".... I didn't think you'd take it this far!"
763,11,29,133,173,1.2947976878612717,0.04413639280096357,556,"...OK, that was me!"
763,12,27,134,173,1.2947976878612717,0.04489136336319758,556,Is that a new recipe from the Breaking Bad cookbook?
763,15,21,137,173,1.2947976878612717,0.047083696859780505,556,Are the germophobe anonymous meetings working?
763,14,23,136,173,1.2947976878612717,0.046364438688050735,556,Honey is the meth ready? Th guys are gonna be here any minute.
763,14,23,136,173,1.2947976878612717,0.046364438688050735,556,I can't help but think our evenings were a little more romantic before Trump gutted the F.D.A.
763,11,29,133,173,1.2947976878612717,0.04413639280096357,556,I said your cooking was bad; I didn't say it was hazardous.
763,10,31,132,173,1.2947976878612717,0.04336828143188591,556,"Lydia, if you need your space, you can just tell me."
763,14,23,136,173,1.2947976878612717,0.046364438688050735,556,"No, I will not pretend to be George Jetson tonight."
763,8,35,130,173,1.2947976878612717,0.041789725580624264,556,I don't think the duck calls for agent orange
763,8,35,130,173,1.2947976878612717,0.041789725580624264,556,Be honest - is the commute starting to wear on you?
763,12,27,134,173,1.2947976878612717,0.04489136336319758,556,"Oh, so there is gluten in the air now too?"
763,8,35,130,173,1.2947976878612717,0.041789725580624264,556,Have you ever thought about a splatter screen.
763,9,33,131,173,1.2947976878612717,0.04258631821641278,556,So you're saying you just need a little breathing room.
763,12,27,134,173,1.2947976878612717,0.04489136336319758,556,Sometimes it feels like I'm living with someone from a completely different planet.
763,13,25,135,173,1.2947976878612717,0.04563384533142399,556,Are you planning on wearing that for the next four years?
763,13,25,135,173,1.2947976878612717,0.04563384533142399,556,Are you making that to go?
763,10,31,132,173,1.2947976878612717,0.04336828143188591,556,Should I be concerned?
789,10,30,131,171,1.2923976608187135,0.04364700199218211,556,Is it the cologne?
789,9,32,130,171,1.2923976608187135,0.042851619961223705,556,No. I'm not flattering you. You really look out of this world.
789,12,26,133,171,1.2923976608187135,0.045195792747935684,556,All I said was that it doesn't inspire confidence.
789,11,28,132,171,1.2923976608187135,0.04442814684982879,556,"Honey, it's only an expression your mother used. I don't really 'suck all the air out of the room.'"
789,11,28,132,171,1.2923976608187135,0.04442814684982879,556,"You know, there is such a thing as being TOO careful..."
789,12,26,133,171,1.2923976608187135,0.045195792747935684,556,I just feel we've lost our intimacy.
789,10,30,131,171,1.2923976608187135,0.04364700199218211,556,“Toxic relationship” doesn’t mean what you think it means.
789,17,16,138,171,1.2923976608187135,0.048853422911157116,556,Not sure I agree that if you smell bacon you're no longer a vegan.
789,13,24,134,171,1.2923976608187135,0.04595061622784572,556,It's only the first month of Trump's presidency. Try to pace yourself.
789,13,24,134,171,1.2923976608187135,0.04595061622784572,556,I miss the EPA.
789,1,48,122,171,1.2923976608187135,0.035858970097674595,556,Flu season has arrived!
789,13,24,134,171,1.2923976608187135,0.04595061622784572,556,How would you feel if I wore one of your dresses to mow the lawn?
789,13,24,134,171,1.2923976608187135,0.04595061622784572,556,"So, how long have you been living in Flint?"
789,11,28,132,171,1.2923976608187135,0.04442814684982879,556,"I know you said you needed space, but this is going to far."
789,10,30,131,171,1.2923976608187135,0.04364700199218211,556,Is this about my farts?
789,12,26,133,171,1.2923976608187135,0.045195792747935684,556,Do you smell gas?
805,9,31,129,169,1.2899408284023668,0.04312109334736757,556,You really think you can get sick from second hand bacon smoke?
805,11,27,131,169,1.2899408284023668,0.04472486386498856,556,"'So, hey babe, you still mad at me?"""
805,13,23,133,169,1.2899408284023668,0.046273082931777204,556,We can't not talk about the election forever.
805,13,23,133,169,1.2899408284023668,0.046273082931777204,556,I do not like green eggs and ham.
805,7,35,127,169,1.2899408284023668,0.04145532456998758,556,... understand you promised mom to taste it.
805,8,33,128,169,1.2899408284023668,0.04229641017081357,556,"Technically, you are still in the United States."
805,5,39,125,169,1.2899408284023668,0.0397197580422344,556,"I think a divorce would be simpler, Jane."
805,7,35,127,169,1.2899408284023668,0.04145532456998758,556,I just need some space.
805,7,35,127,169,1.2899408284023668,0.04145532456998758,556,Maybe you should go a bit easier on the garlic.
805,10,29,130,169,1.2899408284023668,0.043930297854750236,556,Thanks for agreeing to another date despite the flatulence incident.
805,11,27,131,169,1.2899408284023668,0.04472486386498856,556,Wouldn't it be easier to just replace the teflon pan?
805,11,27,131,169,1.2899408284023668,0.04472486386498856,556,I promise never to ask for liver and onions again.
805,11,27,131,169,1.2899408284023668,0.04472486386498856,556,"You could have just said, ""No."""
805,12,25,132,169,1.2899408284023668,0.045505558186626445,556,"After dinner, let's get some fresh air."
805,14,21,134,169,1.2899408284023668,0.04702808290953201,556,But you made Ebola last night.
805,8,33,128,169,1.2899408284023668,0.04229641017081357,556,I get it...you don't like liver and onions.
805,12,25,132,169,1.2899408284023668,0.045505558186626445,556,"On the plus side, we're the only family in Chernobyl with locally grown produce."
805,7,35,127,169,1.2899408284023668,0.04145532456998758,556,Got it---I'll never request liver again.
805,13,23,133,169,1.2899408284023668,0.046273082931777204,556,I take it they were out of organic eggs?
805,10,29,130,169,1.2899408284023668,0.043930297854750236,556,I can't wait to see how you're planning to eat it.....
805,8,33,128,169,1.2899408284023668,0.04229641017081357,556,"If you wanted more space, you should have just told me."
805,10,29,130,169,1.2899408284023668,0.043930297854750236,556,In what way am I creating a hostile atmosphere?
805,12,25,132,169,1.2899408284023668,0.045505558186626445,556,"Come on, I don't ask you to cook fish that often!"
828,12,25,133,170,1.2882352941176471,0.0452692261898433,556,Can't you just live in a bubble like everyone else?
829,8,32,128,168,1.2857142857142858,0.04233596225370394,556,"What, exactly, IS for dinner?"
829,12,24,132,168,1.2857142857142858,0.045579356047073465,556,Mother is only staying the week. No reason to invoke the nuclear option.
829,9,30,129,168,1.2857142857142858,0.043169661793634156,556,How spicy?
829,12,24,132,168,1.2857142857142858,0.045579356047073465,556,I don't think I've ever had shrimp with both EPA and FDA warnings.
829,9,30,129,168,1.2857142857142858,0.043169661793634156,556,"Okay, you win. Where's the Listerine?"
829,8,32,128,168,1.2857142857142858,0.04233596225370394,556,"Honey, it's just a cold."
829,12,24,132,168,1.2857142857142858,0.045579356047073465,556,"Geez, how many alarms does that chili have?"
829,11,26,131,168,1.2857142857142858,0.04479053134576749,556,"It smells delicious, but will it pair well with Tang?"
829,12,24,132,168,1.2857142857142858,0.045579356047073465,556,New hairdo?
829,13,22,133,168,1.2857142857142858,0.04635475916338693,556,Is there something I should know about?
829,10,28,130,168,1.2857142857142858,0.043987563001449265,556,The range hood is easier.
829,10,28,130,168,1.2857142857142858,0.043987563001449265,556,Is the non-stick coating really worth it?
829,8,32,128,168,1.2857142857142858,0.04233596225370394,556,"Honestly, that GMO bacon can't hurt you."
829,10,28,130,168,1.2857142857142858,0.043987563001449265,556,"Okay, so you're feeling weightless and adrift. I get it now."
829,13,22,133,168,1.2857142857142858,0.04635475916338693,556,"It looks like it's to die for, honey."
829,10,28,130,168,1.2857142857142858,0.043987563001449265,556,Why can't you just wash your hands like everyone else?
829,9,30,129,168,1.2857142857142858,0.043169661793634156,556,I'd like to propose a toast before we're toast.
829,10,28,130,168,1.2857142857142858,0.043987563001449265,556,Onions?
829,11,26,131,168,1.2857142857142858,0.04479053134576749,556,So I guess you heard my mom is coming for dinner.
829,16,16,136,168,1.2857142857142858,0.04860680708897407,556,Which allergy is it this week?
829,12,24,132,168,1.2857142857142858,0.045579356047073465,556,That's one small meal for a man.
829,10,28,130,168,1.2857142857142858,0.043987563001449265,556,Perhaps we should eat out.
829,10,28,130,168,1.2857142857142858,0.043987563001449265,556,Nuclear waste? Again?
829,8,32,128,168,1.2857142857142858,0.04233596225370394,556,What do you mean- 'no atmosphere'?
829,7,34,127,168,1.2857142857142858,0.0414855119351001,556,I have to be honest. It does make your butt look fat.
829,8,32,128,168,1.2857142857142858,0.04233596225370394,556,Don't go to any trouble just for me.
829,9,30,129,168,1.2857142857142858,0.043169661793634156,556,What if I wasn't the last man on Earth.
829,13,22,133,168,1.2857142857142858,0.04635475916338693,556,"When Walter White wore that suit for ""cooking,"" you know he didn't mean omelets, right?"
829,12,24,132,168,1.2857142857142858,0.045579356047073465,556,"Doris, you ARE a good mother. You don't need to MAKE the polio vaccine."
829,11,26,131,168,1.2857142857142858,0.04479053134576749,556,You made your point. I'll go see a gastroenterologist.
829,11,26,131,168,1.2857142857142858,0.04479053134576749,556,You said you needed some space.
829,11,26,131,168,1.2857142857142858,0.04479053134576749,556,"When you called me ""toxic,"" I thought you meant it figuratively."
829,13,22,133,168,1.2857142857142858,0.04635475916338693,556,"In space, no one cares if you're gluten-free."
829,11,26,131,168,1.2857142857142858,0.04479053134576749,556,When I suggested role playing I was thinking of more exposed skin!
863,13,21,132,166,1.283132530120482,0.04668365534051976,556,Did you catch any ghosts today?
863,9,29,128,166,1.283132530120482,0.04344290822955232,556,Suit yourself
863,11,25,130,166,1.283132530120482,0.04509240485599401,556,I see you're still bringing work home.
863,6,35,125,166,1.283132530120482,0.040843949675049215,556,"What kind of recipe calls for using water from Flint, Michigan?"
863,11,25,130,166,1.283132530120482,0.04509240485599401,556,Too many jalapenos?
863,6,35,125,166,1.283132530120482,0.040843949675049215,556,Are you going to change for dinner or is that it?
863,10,27,129,166,1.283132530120482,0.04427533879677363,556,"Fusion, not fission."
863,8,31,127,166,1.283132530120482,0.04259421234526494,556,Why don't you just leave out the habaneros?
863,10,27,129,166,1.283132530120482,0.04427533879677363,556,"I know you are vegan, so I appreciate you cooking my steak."
863,10,27,129,166,1.283132530120482,0.04427533879677363,556,Is that for me?
863,9,29,128,166,1.283132530120482,0.04344290822955232,556,"Perhaps, I need to be more sensitive to your cooking allergy."
863,11,25,130,166,1.283132530120482,0.04509240485599401,556,Wouldn't it be easier to just buy organic?
863,11,25,130,166,1.283132530120482,0.04509240485599401,556,I love that you'll cook liver for me.
863,7,33,126,166,1.283132530120482,0.041728258712600705,556,Perhaps we could pair it with Tang.
863,11,25,130,166,1.283132530120482,0.04509240485599401,556,You could just get the vaccination.
863,11,25,130,166,1.283132530120482,0.04509240485599401,556,Haggis again?
863,11,25,130,166,1.283132530120482,0.04509240485599401,556,How am I going to get her bra off?
863,9,29,128,166,1.283132530120482,0.04344290822955232,556,Just to be clear. You think I that I suck all the oxygen out of a room?
863,15,17,134,166,1.283132530120482,0.04822242607136235,556,"I know it was silent, but deadly?"
863,11,25,130,166,1.283132530120482,0.04509240485599401,556,And so another romantic dinner for two begins.
863,12,23,131,166,1.283132530120482,0.0458949270162254,556,"Fine, I'll stop saying ""he's still our president."""
863,7,33,126,166,1.283132530120482,0.041728258712600705,556,"If you didn't like my mother's recipe, you could have just said ""No."""
863,13,21,132,166,1.283132530120482,0.04668365534051976,556,"When you said you wanted to use protection if things heated up, this wasn't what I had in mind."
863,7,33,126,166,1.283132530120482,0.041728258712600705,556,"Note to self... change my dating profile from ""looking for an out of this world cook"" to ""looking for a good cook""!!"
863,13,21,132,166,1.283132530120482,0.04668365534051976,556,Let me guess... gluten.
863,11,25,130,166,1.283132530120482,0.04509240485599401,556,Why Don't You Slip Into Something A Little More Comfortable
863,6,35,125,166,1.283132530120482,0.040843949675049215,556,It's just liver and onions. I like liver and onions. I don't see why you need to make such a deal about it.
863,13,21,132,166,1.283132530120482,0.04668365534051976,556,"Thanks for fixing me dinner, but how come you aren't having any ?"
863,10,27,129,166,1.283132530120482,0.04427533879677363,556,"Honey, I was only kidding when I said your cooking tasted like hazardous waste."
863,8,31,127,166,1.283132530120482,0.04259421234526494,556,Is this another snide comment on my personal hygiene?
863,9,29,128,166,1.283132530120482,0.04344290822955232,556,I'm glad you're taking proper precautions after the flambe incident.
863,9,29,128,166,1.283132530120482,0.04344290822955232,556,You could just leave out the garlic.
863,5,37,124,166,1.283132530120482,0.03994006603562604,556,If you didn't want to make liver & onions you should have just said so
863,11,25,130,166,1.283132530120482,0.04509240485599401,556,Take that thing off and have a drink. The EPA isn't shutting down until next week
897,11,25,131,167,1.281437125748503,0.044853630559495,556,I'm pretty sure that 'she sucks the oxygen out of the room' is just an expression.
898,4,38,123,165,1.2787878787878788,0.039008289137373,556,"Babe, thanks again for preparing liver and onions."
898,5,36,124,165,1.2787878787878788,0.03994441702456406,556,Am I wearing too much cologne?
898,10,26,129,165,1.2787878787878788,0.044329511631296344,556,Special sauce?
898,11,24,130,165,1.2787878787878788,0.04515545849038219,556,I absolutely adore this wine with your homemade meth.
898,9,28,128,165,1.2787878787878788,0.0434878807423614,556,Why don't you just buy non-GMO eggs?
898,7,32,126,165,1.2787878787878788,0.04175375565679171,556,Aren't you overdoing the silent treatment?
898,7,32,126,165,1.2787878787878788,0.04175375565679171,556,Remind me again: Is this diet for weight loss or weightlessness?
898,12,22,131,165,1.2787878787878788,0.04596656677938891,556,You take the comfort out of comfort food.
898,12,22,131,165,1.2787878787878788,0.04596656677938891,556,It suits you.
898,7,32,126,165,1.2787878787878788,0.04175375565679171,556,Let me guess liver and onions tonight.
898,6,34,125,165,1.2787878787878788,0.04085910279778148,556,We're out of Tang.
898,8,30,127,165,1.2787878787878788,0.04262963689095248,556,"I'm not upset, I just feel you're avoiding me."
898,12,22,131,165,1.2787878787878788,0.04596656677938891,556,Polonium again?
898,10,26,129,165,1.2787878787878788,0.044329511631296344,556,Have you considered that moving to Canada might be more practical than moving to Mars?
898,13,20,132,165,1.2787878787878788,0.04676360862349495,556,"Eggs Bannondict, again?"
898,12,22,131,165,1.2787878787878788,0.04596656677938891,556,"Let me guess- ""Best By"" date was yesterday..."
898,9,28,128,165,1.2787878787878788,0.0434878807423614,556,Ground Control to Major Mom...
898,10,26,129,165,1.2787878787878788,0.044329511631296344,556,We're running late. Just nuke it.
898,9,28,128,165,1.2787878787878788,0.0434878807423614,556,I just think that maybe you're taking your four-alarm chili a little too far.
898,10,26,129,165,1.2787878787878788,0.044329511631296344,556,"You win, I'll buy you the non-Teflon cookware."
898,9,28,128,165,1.2787878787878788,0.0434878807423614,556,You're saying it's to die for?
898,11,24,130,165,1.2787878787878788,0.04515545849038219,556,God you're hot.
898,10,26,129,165,1.2787878787878788,0.044329511631296344,556,You've lived on Earth for a year now. Do you really still need the suit?
921,9,28,129,166,1.2771084337349397,0.04325772550568576,556,I'm missing the point of your elaborate sarcasm.
921,8,30,128,166,1.2771084337349397,0.04240532355492023,556,"Look, I know it's my mother's recipe, but really...."
921,17,12,137,166,1.2771084337349397,0.04955184776521989,556,"Honey, here's to my last day on the ""7-Day Bean Diet."""
924,7,31,125,163,1.2760736196319018,0.04199842345125934,556,I can't help it if you're allergic to everything I like
924,8,29,126,163,1.2760736196319018,0.04289065089772153,556,OK...OK...I'll see about a new vent fan!
924,6,33,124,163,1.2760736196319018,0.041086825264947884,556,How about a glass of wine to decompress?
924,11,23,129,163,1.2760736196319018,0.04546239127616378,556,I thought you were going to take that off after the election.
924,8,29,126,163,1.2760736196319018,0.04289065089772153,556,The doctor said it was just a rash.
924,7,31,125,163,1.2760736196319018,0.04199842345125934,556,"OK, you need a little space."
924,8,29,126,163,1.2760736196319018,0.04289065089772153,556,I sense you're not cooking organic tonight.
924,9,27,127,163,1.2760736196319018,0.04376469234976011,556,Marie Curie didn't bring her work home with her.
924,11,23,129,163,1.2760736196319018,0.04546239127616378,556,I still think a little pollution is a small price to pay for being great again.
924,6,33,124,163,1.2760736196319018,0.041086825264947884,556,"Honey, I didn't mean that ""You look Radiant"" literally."
924,6,33,124,163,1.2760736196319018,0.041086825264947884,556,"I think I need more space, too"
924,10,25,128,163,1.2760736196319018,0.044621616493669095,556,"I said I wanted it well done, not welded."
924,11,23,129,163,1.2760736196319018,0.04546239127616378,556,I'll still eat it. Wine is the duct tape of the kitchen.
924,10,25,128,163,1.2760736196319018,0.044621616493669095,556,Are you mad at me?
924,9,27,127,163,1.2760736196319018,0.04376469234976011,556,Mars bars?
924,4,37,122,163,1.2760736196319018,0.03920008273300579,556,Does this mean no SEX after dinner?
924,4,37,122,163,1.2760736196319018,0.03920008273300579,556,Again with the brussels sprouts?
924,13,19,131,163,1.2760736196319018,0.04709893570586148,556,Your cooking is out of this world.
924,8,29,126,163,1.2760736196319018,0.04289065089772153,556,"So, how's the neurosis?"
924,6,33,124,163,1.2760736196319018,0.041086825264947884,556,"So, um, how old are those leftovers?"
924,9,27,127,163,1.2760736196319018,0.04376469234976011,556,I've heard your cooking is out of this world
924,9,27,127,163,1.2760736196319018,0.04376469234976011,556,Did you make it spicy like I asked?
924,8,29,126,163,1.2760736196319018,0.04289065089772153,556,"Ah, your mother's haggis recipe again, eh?"
924,7,31,125,163,1.2760736196319018,0.04199842345125934,556,"Well, at least I can stand the heat."
924,8,29,126,163,1.2760736196319018,0.04289065089772153,556,Deep-seafood ?
924,11,23,129,163,1.2760736196319018,0.04546239127616378,556,"My commute was no fun either, but you don't see me complaining."
924,10,25,128,163,1.2760736196319018,0.044621616493669095,556,I love it when you make a moon pie from scratch.
924,13,19,131,163,1.2760736196319018,0.04709893570586148,556,Cooking meth on the stove top again honey?
924,10,25,128,163,1.2760736196319018,0.044621616493669095,556,"It's probably just me, but I sense a distance between us."
924,9,27,127,163,1.2760736196319018,0.04376469234976011,556,Come on! It's just cilantro.
924,9,27,127,163,1.2760736196319018,0.04376469234976011,556,You knew I was from Mars when you married me.
924,8,29,126,163,1.2760736196319018,0.04289065089772153,556,"So, who are these guests again?"
924,10,25,128,163,1.2760736196319018,0.044621616493669095,556,I see my 'toxic personality' crack is still on the table.
924,7,31,125,163,1.2760736196319018,0.04199842345125934,556,I feel like you don't hear me anymore.
924,9,27,127,163,1.2760736196319018,0.04376469234976011,556,"Okay then, I'll take a bath. Geez!"
924,10,25,128,163,1.2760736196319018,0.044621616493669095,556,Do you smell gas?
960,7,31,126,164,1.274390243902439,0.041775480201748975,556,Your preparation for a post-inauguration apocalypse is to be commended.
960,9,27,128,164,1.274390243902439,0.043529577809360766,556,Our therapist didn't mean it literally when he said 'toxic relationship'
960,11,23,130,164,1.274390243902439,0.04521567806011169,556,"Honey, they're not planning to abolish the Clean Air Act until next month."
960,9,27,128,164,1.274390243902439,0.043529577809360766,556,You seem a little spacey lately.
960,9,27,128,164,1.274390243902439,0.043529577809360766,556,"If they're so toxic, why'd you invite them for dinner?"
960,5,35,124,164,1.274390243902439,0.03994442824615528,556,Do I have time to change before dinner?
960,8,29,127,164,1.274390243902439,0.04266154527409851,556,You really don't like my mother's recipe
960,9,27,128,164,1.274390243902439,0.043529577809360766,556,"Look, I'll open the refrigerator door when you stop calling me HAL."
960,6,33,125,164,1.274390243902439,0.040870209774351345,556,So you're saying you don't like liver and onions
969,12,20,130,162,1.271604938271605,0.04635696252664841,556,I saw the doctor today for my gas problems
969,8,28,126,162,1.271604938271605,0.042921358672471925,556,"You know honey, I think you are misinterpreting my request for more space in our relationship"
969,9,26,127,162,1.271604938271605,0.04380552780634548,556,There are other ways to say you don't like it.
969,10,24,128,162,1.271604938271605,0.04467220055575988,556,I don't know... It's just that I'm feeling really vulnerable right now.
969,2,40,120,162,1.271604938271605,0.037177353505619855,556,Your meter here says back off on the garlic.
969,13,18,131,162,1.271604938271605,0.04717678677907824,556,"Word of Trump's ""nuclear option"" seems to have affected you and me differently."
969,10,24,128,162,1.271604938271605,0.04467220055575988,556,You must be cooking a recipe for disaster
969,13,18,131,162,1.271604938271605,0.04717678677907824,556,"Of course I respect you as a vegan, but I do like my tenderloin once in a while."
969,6,32,124,162,1.271604938271605,0.0410959919954237,556,You've hardly touched your wine.
969,9,26,127,162,1.271604938271605,0.04380552780634548,556,Please tell me this is the last of the Trump Steaks.
969,12,20,130,162,1.271604938271605,0.04635696252664841,556,"Claiming there's no atmosphere isn't going to get you that new kitchen, Lucille."
969,6,32,124,162,1.271604938271605,0.0410959919954237,556,It still won’t stop the smoke alarm from going off.
969,11,22,129,162,1.271604938271605,0.04552237624065289,556,Were you on Ebay again?
969,6,32,124,162,1.271604938271605,0.0410959919954237,556,"That's one small egg for man, one giant soufflé for mankind."
969,10,24,128,162,1.271604938271605,0.04467220055575988,556,Is there something I should know about my mother's recipe?
969,10,24,128,162,1.271604938271605,0.04467220055575988,556,Habanero curry again?
985,10,24,129,163,1.2699386503067485,0.04442855006625856,556,I suppose I don’t take his tweets as seriously as you.
985,11,22,130,163,1.2699386503067485,0.045272910476674394,556,"I said ""lunch,"" not ""launch.'"
987,6,31,123,160,1.26875,0.041324261342118376,556,I just feel like we're drifting apart.
987,8,27,125,160,1.26875,0.04318480380729099,556,This isn't the type of fusion I had in mind.
987,6,31,123,160,1.26875,0.041324261342118376,556,"For heaven's sake, Helen, they're just Brussels sprouts."
987,7,29,124,160,1.26875,0.042264771709698806,556,I think i'm okay with just wine
987,10,23,127,160,1.26875,0.04496843319793042,556,How many habanero peppers did you use?!!
987,11,21,128,160,1.26875,0.045834226692265556,556,Tell me that's the last of our frozen Trump steaks.
987,9,25,126,160,1.26875,0.04408563974896443,556,You may not die from your cooking but what about me?
987,8,27,125,160,1.26875,0.04318480380729099,556,So I should've got the grass-fed?
987,5,33,122,160,1.26875,0.040361841177905165,556,So...... Am I too late to chop the onions ?
987,8,27,125,160,1.26875,0.04318480380729099,556,"Fukushima Tuna, again?"
987,6,31,123,160,1.26875,0.041324261342118376,556,"With you, being from Venus is no metaphor."
987,9,25,126,160,1.26875,0.04408563974896443,556,I'm afraid to ask.
987,6,31,123,160,1.26875,0.041324261342118376,556,"Honey, did I notice an increase in our life insurance?"
987,4,35,121,160,1.26875,0.039375904701596166,556,I didn't realize that dinner involved the nuclear option.
987,7,29,124,160,1.26875,0.042264771709698806,556,"I know, I miss our liberal bubble too."
987,8,27,125,160,1.26875,0.04318480380729099,556,"No, that was the expiration date, not the half-life."
987,13,17,130,160,1.26875,0.04751851261224938,556,North Korea/Persian fusion?
987,4,35,121,160,1.26875,0.039375904701596166,556,"Honey, I think it's time we cleared the air."
987,8,27,125,160,1.26875,0.04318480380729099,556,You honestly prefer sarcasm to changing your perfume?
987,15,13,132,160,1.26875,0.04914510906777011,556,Methane from kale?
987,6,31,123,160,1.26875,0.041324261342118376,556,"When I said you looked good in a suit, this wasn't really what I had in mind"
987,8,27,125,160,1.26875,0.04318480380729099,556,Don't go beyond 'medium spicy' on mine.
987,13,17,130,160,1.26875,0.04751851261224938,556,I don't think that's what our therapist meant when he said our relationship is toxic
987,11,21,128,160,1.26875,0.045834226692265556,556,"I don't think that's what they meant by ""heat, covered""."
987,9,25,126,160,1.26875,0.04408563974896443,556,"No pepper's as hot as you in your Hazmat Suit, dear."
987,8,27,125,160,1.26875,0.04318480380729099,556,Couldn't you just get a smoke detector like everyone else?
987,11,21,128,160,1.26875,0.045834226692265556,556,"I said I need space, Jeff! What is so difficult to understand about that?"
1014,11,21,129,161,1.2670807453416149,0.04557922933902443,556,Excellent - we haven't had 'The Right Stuffing' in quite some time.
1014,8,27,126,161,1.2670807453416149,0.0429481884656501,556,You said you needed some space.
1016,8,26,125,159,1.2641509433962264,0.04321012490620249,556,I see your trying your mother's recipe.
1016,8,26,125,159,1.2641509433962264,0.04321012490620249,556,"You and Trump are going to have to breathe the same air at some point, honey."
1016,9,24,126,159,1.2641509433962264,0.04412172243135606,556,To think we used to cook without the Gluten-suit.
1016,4,34,121,159,1.2641509433962264,0.039353130889544084,556,Is there something you want to tell me?
1016,7,28,124,159,1.2641509433962264,0.04227887650481754,556,Have you thought about cooking without peanuts?
1016,7,28,124,159,1.2641509433962264,0.04227887650481754,556,"I know you don't like to cook liver and onions for me, but that suit is overkill."
1016,11,20,128,159,1.2641509433962264,0.04589062411985311,556,So how was your day?
1016,7,28,124,159,1.2641509433962264,0.04227887650481754,556,"I get it, Barb, you're a vegan. Just make sure my burger is medium rare."
1016,5,32,122,159,1.2641509433962264,0.04035195666519279,556,Yellowcake again?
1016,10,22,127,159,1.2641509433962264,0.04501486294780466,556,"Earth to Betty Crocker, do you read me?"
1016,8,26,125,159,1.2641509433962264,0.04321012490620249,556,It's okay to go light on the garlic.
1016,5,32,122,159,1.2641509433962264,0.04035195666519279,556,Are you even listening to me? Earth to Karen!
1016,6,30,123,159,1.2641509433962264,0.04132664881900787,556,Is our relationship that toxic ?
1016,6,30,123,159,1.2641509433962264,0.04132664881900787,556,"Nice try, but you still turn me on when you cook."
1016,10,22,127,159,1.2641509433962264,0.04501486294780466,556,Especially for me? Should I worry?
1016,8,26,125,159,1.2641509433962264,0.04321012490620249,556,It's been a long time since we played the Astronaut and the Sex Monster...
1016,9,24,126,159,1.2641509433962264,0.04412172243135606,556,You realize his term is for four years.
1016,10,22,127,159,1.2641509433962264,0.04501486294780466,556,"Let's just say, I hope you are wearing that to bed tonight."
1016,10,22,127,159,1.2641509433962264,0.04501486294780466,556,So I see you've decided to go for the nuclear option.
1016,8,26,125,159,1.2641509433962264,0.04321012490620249,556,I think it's time to get rid of the no-stick cookware.
1016,6,30,123,159,1.2641509433962264,0.04132664881900787,556,"I can do that, if you have more important things to do."
1016,4,34,121,159,1.2641509433962264,0.039353130889544084,556,"You know the oven has a vent, right..?"
1016,7,28,124,159,1.2641509433962264,0.04227887650481754,556,"You know you can turn it to low, right?"
1016,7,28,124,159,1.2641509433962264,0.04227887650481754,556,I'm thinking maybe we go out to eat tonight.
1016,9,24,126,159,1.2641509433962264,0.04412172243135606,556,I just need some space.
1016,10,22,127,159,1.2641509433962264,0.04501486294780466,556,But your mother got me this aftershave.
1016,4,34,121,159,1.2641509433962264,0.039353130889544084,556,"I'm just assuming...no breakfast, and no sex."
1016,4,34,121,159,1.2641509433962264,0.039353130889544084,556,Do you know something I don't know?
1016,13,16,130,159,1.2641509433962264,0.04759382705676925,556,Trump l'Orange?
1016,9,24,126,159,1.2641509433962264,0.04412172243135606,556,"When you said our marriage had become toxic, I didn't realize you meant literally."
1016,8,26,125,159,1.2641509433962264,0.04321012490620249,556,"Not so many plutonium sprinkles on mine, please."
1016,8,26,125,159,1.2641509433962264,0.04321012490620249,556,"Now, I wish I had opened a more fire-retardant chardonnay."
1016,9,24,126,159,1.2641509433962264,0.04412172243135606,556,I promise I will never buy non-organic again.
1016,9,24,126,159,1.2641509433962264,0.04412172243135606,556,Did I mention I had a huge lunch today
1016,7,28,124,159,1.2641509433962264,0.04227887650481754,556,Why can't we emit carbon like normal folk?
1016,7,28,124,159,1.2641509433962264,0.04227887650481754,556,"Honey, if you'd like, I can cook the onions next time."
1016,6,30,123,159,1.2641509433962264,0.04132664881900787,556,How much space do you need?
1053,5,31,121,157,1.2611464968152866,0.04056043856381721,556,Are you trying to tell me that you need your space?
1053,9,23,125,157,1.2611464968152866,0.044404802057903814,556,I appreciate you cooking with gluten just for me.
1053,12,17,128,157,1.2611464968152866,0.04708252752121471,556,"No-one makes gravy like you do, Alice."
1053,7,27,123,157,1.2611464968152866,0.042526083891482463,556,Stop googling harmful effects
1053,11,19,127,157,1.2611464968152866,0.04620719727983762,556,They say your cooking is out of this world.
1053,11,19,127,157,1.2611464968152866,0.04620719727983762,556,"Honey, I just got the oxygen bill today."
1053,5,31,121,157,1.2611464968152866,0.04056043856381721,556,"You know, you could just leave the onions out."
1053,9,23,125,157,1.2611464968152866,0.044404802057903814,556,"Sure, the kitchen needs some updating, but it has atmosphere."
1053,9,23,125,157,1.2611464968152866,0.044404802057903814,556,Going somewhere special?
1053,11,19,127,157,1.2611464968152866,0.04620719727983762,556,Cooking with municipal water again?
1053,6,29,122,157,1.2611464968152866,0.0415548853183028,556,That's not really what I meant when I said I needed more space.
1053,8,25,124,157,1.2611464968152866,0.04347559233033532,556,Nothing happens in a vacuum.
1053,9,23,125,157,1.2611464968152866,0.044404802057903814,556,I withdraw my objections to the pink hat.
1053,9,23,125,157,1.2611464968152866,0.044404802057903814,556,Going 'off recipe'?
1053,9,23,125,157,1.2611464968152866,0.044404802057903814,556,"Seriously, a hazmat dinner theme for my mother?"
1053,10,21,126,157,1.2611464968152866,0.04531496180214352,556,Shouldn't you wash your hands first?
1053,10,21,126,157,1.2611464968152866,0.04531496180214352,556,"Okay, but how do you eat it?"
1053,6,29,122,157,1.2611464968152866,0.0415548853183028,556,Are you trying to tell me you need some space?
1053,8,25,124,157,1.2611464968152866,0.04347559233033532,556,"Houston, Do we have a problem?"
1053,10,21,126,157,1.2611464968152866,0.04531496180214352,556,"I'm no expert, but I believe the gluten only affects you when ingested..."
1053,10,21,126,157,1.2611464968152866,0.04531496180214352,556,Your profile mentioned you were a killer cook.
1053,10,21,126,157,1.2611464968152866,0.04531496180214352,556,"Honey, I'd like us to start seeing other astronauts."
1053,8,25,124,157,1.2611464968152866,0.04347559233033532,556,I see you're anticipating the changes at the EPA
1053,7,27,123,157,1.2611464968152866,0.042526083891482463,556,Perhaps you should lighten up on the garlic.
1053,12,17,128,157,1.2611464968152866,0.04708252752121471,556,"Don't hover, Harold. I told you I could no longer breathe the same air as you if you voted for that jackass..."
1053,7,27,123,157,1.2611464968152866,0.042526083891482463,556,I thought you were kidding when you said you did not want to even breathe the same air....
1053,10,21,126,157,1.2611464968152866,0.04531496180214352,556,"Are you preparing for dinner, or the end of the EPA?"
1053,10,21,126,157,1.2611464968152866,0.04531496180214352,556,And you expect me to eat that?
1053,8,25,124,157,1.2611464968152866,0.04347559233033532,556,So you're probably not drinking your wine then....
1053,8,25,124,157,1.2611464968152866,0.04347559233033532,556,So have you given any more thought to kissing?
1053,6,29,122,157,1.2611464968152866,0.0415548853183028,556,"Next time, I'll chop the onions."
1053,7,27,123,157,1.2611464968152866,0.042526083891482463,556,Smelling bacon will not raise your cholesterol.
1053,7,27,123,157,1.2611464968152866,0.042526083891482463,556,I get it. You're not a fan of liver.
1053,9,23,125,157,1.2611464968152866,0.044404802057903814,556,They say 80% of communication is non-verbal.
1053,10,21,126,157,1.2611464968152866,0.04531496180214352,556,I really think you should just sit down and decompress.
1053,8,25,124,157,1.2611464968152866,0.04347559233033532,556,What's happening at the EPA these days?
1089,8,24,123,155,1.2580645161290323,0.043744612142876955,556,"Honey, open up a little."
1089,6,28,121,155,1.2580645161290323,0.04178536502662134,556,I think we both need our space.
1089,5,30,120,155,1.2580645161290323,0.04077044946829279,556,Maybe you could cut back on the curry a little.
1089,10,20,125,155,1.2580645161290323,0.04561979233461597,556,I couldn't find a good pairing for the chicken and ricin.
1089,12,16,127,155,1.2580645161290323,0.04742087951289215,556,"I'm just saying, ""artisinal uranium"" sounds made-up."
1089,7,26,122,155,1.2580645161290323,0.04277620729996249,556,Ground Control to Major Mom...
1089,9,22,124,155,1.2580645161290323,0.04469203812864336,556,"Most of my girlfriends just throw on one of my old shirts, but this works too!"
1089,6,28,121,155,1.2580645161290323,0.04178536502662134,556,I thought you said Venetian cuisine.
1089,7,26,122,155,1.2580645161290323,0.04277620729996249,556,Honey...when I said I needed some space...I didn't mean it literally.
1089,8,24,123,155,1.2580645161290323,0.043744612142876955,556,I thought you threw away that Teflon pan.
1089,10,20,125,155,1.2580645161290323,0.04561979233461597,556,"It's a recipe from that show ""Breaking Bad"""
1089,8,24,123,155,1.2580645161290323,0.043744612142876955,556,So your cooking instructor says you're well-suited?
1089,9,22,124,155,1.2580645161290323,0.04469203812864336,556,I wish you had more confidence in your cooking skills
1089,6,28,121,155,1.2580645161290323,0.04178536502662134,556,"When I said ""If you think your mother is moving in with us, you can save your breath"", this isn't what I had in mind..."
1089,8,24,123,155,1.2580645161290323,0.043744612142876955,556,I feel space between us
1089,7,26,122,155,1.2580645161290323,0.04277620729996249,556,"OK, you've made your point; you don't care for brussel sprouts."
1089,8,24,123,155,1.2580645161290323,0.043744612142876955,556,Another late night TV purchase I assume?
1089,6,28,121,155,1.2580645161290323,0.04178536502662134,556,Next time I'll buy organic.
1089,11,18,126,155,1.2580645161290323,0.04652905149704709,556,It's not my fault they confirmed him to head the EPA.
1089,10,20,125,155,1.2580645161290323,0.04561979233461597,556,"""You said you wanted some space""?"
1089,7,26,122,155,1.2580645161290323,0.04277620729996249,556,You know I'm not going to eat that?
1089,12,16,127,155,1.2580645161290323,0.04742087951289215,556,You've taken your obsession with 'Breaking Bad' a little too far.
1089,7,26,122,155,1.2580645161290323,0.04277620729996249,556,"I get it, you're not a fan of cooking fish."
1089,6,28,121,155,1.2580645161290323,0.04178536502662134,556,You've done something with your hair?
1089,11,18,126,155,1.2580645161290323,0.04652905149704709,556,Is this your first time in the CDC dating pool?
1089,6,28,121,155,1.2580645161290323,0.04178536502662134,556,"Well, at least you and the wine can breathe."
1089,9,22,124,155,1.2580645161290323,0.04469203812864336,556,"OK, I get it! I screwed up. Organic, non-GMO veggies next time..."
1089,9,22,124,155,1.2580645161290323,0.04469203812864336,556,All right. No need to get drastic. I'll sign the divorce papers.
1089,4,32,119,155,1.2580645161290323,0.039729615770672154,556,Just how much space do you want?
1089,6,28,121,155,1.2580645161290323,0.04178536502662134,556,I'm sure you don't really have to be s rocket scientist to make scrambled eggs!
1089,7,26,122,155,1.2580645161290323,0.04277620729996249,556,"Wow, I've never actually read the USDA safety guidelines for cooking meat."
1089,8,24,123,155,1.2580645161290323,0.043744612142876955,556,"Barb, I don't think smelling the gluten will actually kill you"
1089,7,26,122,155,1.2580645161290323,0.04277620729996249,556,"So, what if it was George Clooney who requested liver and onions?"
1089,8,24,123,155,1.2580645161290323,0.043744612142876955,556,I think that you're taking your science of cooking class way too seriously.
1089,7,26,122,155,1.2580645161290323,0.04277620729996249,556,"You've made your point, from now on I'll only buy organic."
1089,9,22,124,155,1.2580645161290323,0.04469203812864336,556,You know... You shouldn't feel obliged to use every Williams-Sonoma gift card Lisa and Eric give us.
1089,11,18,126,155,1.2580645161290323,0.04652905149704709,556,"Frankly, yes, that HAZMAT suit does make your butt look fat."
1089,9,22,124,155,1.2580645161290323,0.04469203812864336,556,So... You're from Venus?
1089,8,24,123,155,1.2580645161290323,0.043744612142876955,556,"Free-range chicken from Chernobyl, again?"
1089,8,24,123,155,1.2580645161290323,0.043744612142876955,556,"Honey, you're being paranoid. They meant using the ""nuclear option"" as a metaphor."
1089,5,30,120,155,1.2580645161290323,0.04077044946829279,556,O.K. you don't like liver and onions. I get it.
1089,9,22,124,155,1.2580645161290323,0.04469203812864336,556,"Well if you're going to be that way about it, next time just make me a veggie burger."
1089,9,22,124,155,1.2580645161290323,0.04469203812864336,556,Why don't you finish your drink and relax. You don't have to blast off for 3 hours.
1089,6,28,121,155,1.2580645161290323,0.04178536502662134,556,It's just Kale.
1089,9,22,124,155,1.2580645161290323,0.04469203812864336,556,Do we need to talk?
1089,9,22,124,155,1.2580645161290323,0.04469203812864336,556,"So, how much gluten are we talking about?"
1135,8,24,124,156,1.2564102564102564,0.043494763450623725,556,Cabbage again?
1135,6,28,122,156,1.2564102564102564,0.04154959056053535,556,So you think I'm the one who takes all the oxygen out of the room?
1135,7,26,123,156,1.2564102564102564,0.04253329826955489,556,It's just a little gluten.
1135,7,26,123,156,1.2564102564102564,0.04253329826955489,556,"Honey, I don't think the Sous Chef job at NASA includes the Space Station."
1135,7,26,123,156,1.2564102564102564,0.04253329826955489,556,Want me to taste it first?
1135,9,22,125,156,1.2564102564102564,0.04443542993563251,556,You touched the monolith and what then?
1135,7,26,123,156,1.2564102564102564,0.04253329826955489,556,"If you don't like liver and onions, just say so."
1135,9,22,125,156,1.2564102564102564,0.04443542993563251,556,"If you can't stand the smell, get out of the kitchen."
1143,8,23,123,154,1.2532467532467533,0.043761753910379876,556,I see you've moved on from molecular to sub-atomic gastronomy.
1143,10,19,125,154,1.2532467532467533,0.04566022318123157,556,"I know you said you were allergic to cooking, but I had no idea."
1143,6,27,121,154,1.2532467532467533,0.041777101738457396,556,You really shouldn't have your oxygen tank that close to an open flame.
1143,9,21,124,154,1.2532467532467533,0.04472106375228862,556,On this planet the women also do the dishes.
1143,9,21,124,154,1.2532467532467533,0.04472106375228862,556,"Look, if you feel that strongly, we can replace the Teflon with stainless steel."
1143,6,27,121,154,1.2532467532467533,0.041777101738457396,556,I think you're taking this detox diet a bit too far.
1143,8,23,123,154,1.2532467532467533,0.043761753910379876,556,It's a North Korean recipe.
1143,6,27,121,154,1.2532467532467533,0.041777101738457396,556,"Honey, I'm getting dinner ready asbestos I can."
1143,9,21,124,154,1.2532467532467533,0.04472106375228862,556,I wasn't aware that gluten could become airborne.
1143,10,19,125,154,1.2532467532467533,0.04566022318123157,556,"I know you think we have a toxic relationship, but that's just mean."
1143,9,21,124,154,1.2532467532467533,0.04472106375228862,556,So you've gone back to stove top meth?
1143,9,21,124,154,1.2532467532467533,0.04472106375228862,556,This is not quite what I had in mind when I suggested role play.
1143,13,13,128,154,1.2532467532467533,0.04836841215535941,556,Still in your pjs!
1143,4,31,119,154,1.2532467532467533,0.03969334143175895,556,You remembered my liver and onions!
1143,12,15,127,154,1.2532467532467533,0.04748284802544078,556,"Honey, do you think this Monsanto vegetarian diet is a good idea?"
1143,5,29,120,154,1.2532467532467533,0.04074854343214989,556,Maybe I shouldn't have told you to suit yourself about dinner.
1143,9,21,124,154,1.2532467532467533,0.04472106375228862,556,Adding Kimchi?
1143,8,23,123,154,1.2532467532467533,0.043761753910379876,556,It's JUST liver.
1143,11,17,126,154,1.2532467532467533,0.04658045103671165,556,"Be honest, does wine aggravate my flatulence?"
1143,2,35,117,154,1.2532467532467533,0.037493952557325336,556,You needn't be so dramatic. I like liver and onions
1143,8,23,123,154,1.2532467532467533,0.043761753910379876,556,"Or, we could just pay more for birth control."
1143,9,21,124,154,1.2532467532467533,0.04472106375228862,556,But is it kosher?
1143,5,29,120,154,1.2532467532467533,0.04074854343214989,556,"Men are from mars , women are from Venus ."
1143,5,29,120,154,1.2532467532467533,0.04074854343214989,556,"Look, I'm sorry I couldn't find organic."
1143,10,19,125,154,1.2532467532467533,0.04566022318123157,556,Are you sure that you saw this on one of the food network shows?
1143,12,15,127,154,1.2532467532467533,0.04748284802544078,556,Kellyanne and I were just good friends.
1143,5,29,120,154,1.2532467532467533,0.04074854343214989,556,The NASA diet?
1143,8,23,123,154,1.2532467532467533,0.043761753910379876,556,This relationship has become way too toxic.
1143,4,31,119,154,1.2532467532467533,0.03969334143175895,556,It's easier to cut down on the garlic.
1143,6,27,121,154,1.2532467532467533,0.041777101738457396,556,Don't you think this is carrying the 'toxic relationship' thing a bit too far?
1143,7,25,122,154,1.2532467532467533,0.042780938132409324,556,"You don't have to be a rocket scientist to make kale taste good, but it helps."
1143,9,21,124,154,1.2532467532467533,0.04472106375228862,556,I knew there would be an adjustment period when you arrived home from the International Space Station.
1143,9,21,124,154,1.2532467532467533,0.04472106375228862,556,I said AND THAT WAS THE SMALLEST HEARING AID THEY COULD FIT YOU WITH?
1143,9,21,124,154,1.2532467532467533,0.04472106375228862,556,Does Gwyneth explain exactly how this improves scrambled eggs?
1143,6,27,121,154,1.2532467532467533,0.041777101738457396,556,Of course I think your job is important.
1143,7,25,122,154,1.2532467532467533,0.042780938132409324,556,Okay. You win. I'll buy you a new stove.
1143,6,27,121,154,1.2532467532467533,0.041777101738457396,556,So how's that molecular gastronomy class going?
1143,8,23,123,154,1.2532467532467533,0.043761753910379876,556,I don't think you're supposed to fry lutefisk.
1143,7,25,122,154,1.2532467532467533,0.042780938132409324,556,"Hey Honey, I see that you are trying one of mom's recipes again."
1143,8,23,123,154,1.2532467532467533,0.043761753910379876,556,Three-alarm chili or GMO salmon?
1143,9,21,124,154,1.2532467532467533,0.04472106375228862,556,Should I be worried that you're bringing work home with you again?
1184,7,24,121,152,1.25,0.043031273331024834,556,"Sweetheart, it's just gluten."
1184,7,24,121,152,1.25,0.043031273331024834,556,Is that a new tank?
1184,8,22,122,152,1.25,0.04403213440466003,556,You can't be too careful with non-organic products these days.
1184,8,22,122,152,1.25,0.04403213440466003,556,Do you even know what gluten is?
1184,8,22,122,152,1.25,0.04403213440466003,556,This relationship feels toxic.
1184,7,24,121,152,1.25,0.043031273331024834,556,"Uh, hon. Can we talk about these new chili pepper recipes?"""
1184,11,16,125,152,1.25,0.04690675844110392,556,Enough already! I'll go vegan too.
1184,9,20,123,152,1.25,0.04501074578332069,556,What happens when you sneeze?
1184,10,18,124,152,1.25,0.04596852849190844,556,And to think--the French still smoke.
1184,10,18,124,152,1.25,0.04596852849190844,556,Sorry I mentioned that hair in my soup.
1184,7,24,121,152,1.25,0.043031273331024834,556,"Ok, I'll give you more space."
1184,6,26,120,152,1.25,0.04200657220898526,556,"Ok, I get it...my turn to clean the bathroom."
1184,7,24,121,152,1.25,0.043031273331024834,556,You're sweet to cook non-vegan for me.
1184,11,16,125,152,1.25,0.04690675844110392,556,"If you can't stand the smell, get out of the kitchen."
1184,10,18,124,152,1.25,0.04596852849190844,556,Something new from Hazel's Hazmat Cookbook?
1184,6,26,120,152,1.25,0.04200657220898526,556,Liver and onions?
1184,10,18,124,152,1.25,0.04596852849190844,556,Your cooking is out of this world.
1184,7,24,121,152,1.25,0.043031273331024834,556,Ok. I promise it's the last time I ask for liver and onions.
1184,8,22,122,152,1.25,0.04403213440466003,556,Who are you wearing?
1184,7,24,121,152,1.25,0.043031273331024834,556,You give a whole new meaning to the phrase turn me on.
1184,8,22,122,152,1.25,0.04403213440466003,556,Remember when we agree that you needed to leave your work at the office.
1184,5,28,119,152,1.25,0.040956241685584586,556,"Flint, we have a problem."
1184,10,18,124,152,1.25,0.04596852849190844,556,Feel like going out for dinner tonight?
1184,5,28,119,152,1.25,0.040956241685584586,556,"You're not wearing that on Valentine's Day, are you?"
1184,7,24,121,152,1.25,0.043031273331024834,556,Exactly what did you mean by 'you need your space?'
1184,7,24,121,152,1.25,0.043031273331024834,556,Szechuan again tonight?
1184,6,26,120,152,1.25,0.04200657220898526,556,Ok I get it I'll never ask for liver again.
1184,11,16,125,152,1.25,0.04690675844110392,556,All right. Next time remind me to buy organic.
1184,7,24,121,152,1.25,0.043031273331024834,556,"C'mon, you found a hair one time!"
1184,10,18,124,152,1.25,0.04596852849190844,556,I really do appreciate you fixing me liver and onions.
1184,6,26,120,152,1.25,0.04200657220898526,556,I feel like you've been really closed off lately.
1184,8,22,122,152,1.25,0.04403213440466003,556,I guess we could do without some regulations.
1184,9,20,123,152,1.25,0.04501074578332069,556,Why didn't you just get rid of the Teflon pan?
1184,5,28,119,152,1.25,0.040956241685584586,556,"Let me guess: The lutefisk, onion and limburger stew?"
1184,8,22,122,152,1.25,0.04403213440466003,556,I'm not hungry
1184,4,30,118,152,1.25,0.03987825669794682,556,I didn't know mother was joining us for dinner.
1184,8,22,122,152,1.25,0.04403213440466003,556,Yeah? Well if we're in space then why do you need a non-stick pan?
1184,8,22,122,152,1.25,0.04403213440466003,556,O.K. I'll start using mouthwash again!
1184,10,18,124,152,1.25,0.04596852849190844,556,I've always loved your Hazmat Helper.
1184,11,16,125,152,1.25,0.04690675844110392,556,"If you really are that sensitive to gluten, I can cook my own breakfast."
1184,11,16,125,152,1.25,0.04690675844110392,556,Would you prefer wine or lower oxygen levels?
1184,6,26,120,152,1.25,0.04200657220898526,556,How much alcohol will I need to drink to enjoy this?
1184,4,30,118,152,1.25,0.03987825669794682,556,I said I was sorry
1184,8,22,122,152,1.25,0.04403213440466003,556,..then he drops the smallpox vial and it bounces off the table straight into my lab coat pocket.
1184,7,24,121,152,1.25,0.043031273331024834,556,"Besides the toxic explosion down the street, how was your day?"
1184,7,24,121,152,1.25,0.043031273331024834,556,If you can't take the heat stay out of the kitchen
1184,8,22,122,152,1.25,0.04403213440466003,556,Just say it ... you're suffocating in this relationship!
1184,9,20,123,152,1.25,0.04501074578332069,556,Since you can not hear me I announce that you are one crazy idiotic wacko.
1184,9,20,123,152,1.25,0.04501074578332069,556,I think I'll pass on dinner tonight.
1184,8,22,122,152,1.25,0.04403213440466003,556,How long have you felt our relationship was toxic?
1184,8,22,122,152,1.25,0.04403213440466003,556,"Hazmat hash again, huh?"
1184,7,24,121,152,1.25,0.043031273331024834,556,Got time for a quickie?
1184,10,18,124,152,1.25,0.04596852849190844,556,How bad can a little gluten really be?
1237,6,26,121,153,1.2483660130718954,0.04176309353236026,556,"Yes, Marge. I DO understand that you need your own space."
1238,10,17,124,151,1.2450331125827814,0.04600305913354047,556,BRUSSELS SPROUTS TONIGHT ?
1238,7,23,121,151,1.2450331125827814,0.043027674668663723,556,Prepping for the world after EPA?
1238,7,23,121,151,1.2450331125827814,0.043027674668663723,556,I promise I won't talk about politics anymore.
1238,9,19,123,151,1.2450331125827814,0.045033112582781455,556,You are looking simply radiant tonight my dear.
1238,10,17,124,151,1.2450331125827814,0.04600305913354047,556,a trip to the moon Alice...well played
1238,6,25,120,151,1.2450331125827814,0.0419890529381387,556,"Um, I'll be eating at the club tonight."
1238,7,23,121,151,1.2450331125827814,0.043027674668663723,556,"Wow, nice pack!!"
1238,10,17,124,151,1.2450331125827814,0.04600305913354047,556,We're having that again?
1238,6,25,120,151,1.2450331125827814,0.0419890529381387,556,Have you been living in a vacuum or something?
1238,6,25,120,151,1.2450331125827814,0.0419890529381387,556,"If you won't smell it, I won't eat it."
1238,8,21,122,151,1.2450331125827814,0.0440418097737016,556,Are you still giving me the silent treatment?
1238,5,27,119,151,1.2450331125827814,0.04092408026933852,556,Earth to Julie...Earth to Julie...
1238,5,27,119,151,1.2450331125827814,0.04092408026933852,556,"Look. If the wine can breathe, so can you."
1238,6,25,120,151,1.2450331125827814,0.0419890529381387,556,Okay. I admit that saying I needed more space was insensitive.
1238,7,23,121,151,1.2450331125827814,0.043027674668663723,556,I am not sure I am in the mood for fusion cooking tonight.
1238,6,25,120,151,1.2450331125827814,0.0419890529381387,556,"Well I, for one, breathe easier without stifling regulations like the Clean Air Act."
1238,9,19,123,151,1.2450331125827814,0.045033112582781455,556,How's your molecular gastronomy class going?
1238,6,25,120,151,1.2450331125827814,0.0419890529381387,556,You're cute when you're irradiated.
1238,10,17,124,151,1.2450331125827814,0.04600305913354047,556,"I give up, what's the message?"
1238,9,19,123,151,1.2450331125827814,0.045033112582781455,556,"Honey,it's just bacon."
1238,5,27,119,151,1.2450331125827814,0.04092408026933852,556,"Earth to Jane, would you like some more wine?"
1238,4,29,118,151,1.2450331125827814,0.03983064304201867,556,"Well maybe I need more space, too."
1238,8,21,122,151,1.2450331125827814,0.0440418097737016,556,What kind of chili peppers are those?
1238,4,29,118,151,1.2450331125827814,0.03983064304201867,556,Do you know something I don't know?
1238,10,17,124,151,1.2450331125827814,0.04600305913354047,556,"How did your confirmation hearing go, Betsy?"
1238,6,25,120,151,1.2450331125827814,0.0419890529381387,556,And you'll be detoxing for how long?
1238,6,25,120,151,1.2450331125827814,0.0419890529381387,556,"Petal, I think the recipe said oxident free, not oxygen free."
1238,5,27,119,151,1.2450331125827814,0.04092408026933852,556,``So let me get this straight. The march on Washington wasn't enough. You're going to wear this outfit for the next four years?''
1238,9,19,123,151,1.2450331125827814,0.045033112582781455,556,What do you mean I've developed a toxic personality?
1238,8,21,122,151,1.2450331125827814,0.0440418097737016,556,"It said our sex life should be active, not radioactive"
1238,9,19,123,151,1.2450331125827814,0.045033112582781455,556,They just nominated him for head of the EPA. He hasn't been approved yet.
1238,7,23,121,151,1.2450331125827814,0.043027674668663723,556,Whatcha makin'?
1238,7,23,121,151,1.2450331125827814,0.043027674668663723,556,You seem a little spaced out this evening...
1238,8,21,122,151,1.2450331125827814,0.0440418097737016,556,What wine pairs with contaminated fish?
1238,8,21,122,151,1.2450331125827814,0.0440418097737016,556,Are we expecting your mother?
1238,8,21,122,151,1.2450331125827814,0.0440418097737016,556,"Honey, it's time to cut back on the Amazon Prime."
1238,7,23,121,151,1.2450331125827814,0.043027674668663723,556,"We all have filters, some more obvious than others."
1275,9,19,124,152,1.243421052631579,0.04476489699129966,556,I hope you're not burning our last supper.
1276,11,14,124,149,1.2416107382550337,0.047283360604366644,556,"""No onions"" would've been easier..."
1276,10,16,123,149,1.2416107382550337,0.04631437647723833,556,Lutefisk
1276,8,20,121,149,1.2416107382550337,0.04431288780186817,556,If I suck all the oxygen out of the room how did this wine manage to breath?
1276,7,22,120,149,1.2416107382550337,0.04327744567062331,556,"So, I take it you've been watching Dr. Oz again?"
1276,7,22,120,149,1.2416107382550337,0.04327744567062331,556,I think I'll go out for dinner tonight Sweetie.
1276,9,18,122,149,1.2416107382550337,0.04532468143195451,556,"Yep, that's just the way mom used to make it."
1276,5,26,118,149,1.2416107382550337,0.04112843129319842,556,I take it my cologne is a little strong this evening?
1276,5,26,118,149,1.2416107382550337,0.04112843129319842,556,Is there something I should know?
1284,8,19,120,147,1.2380952380952381,0.04458710369376402,556,Maybe next time just buy the non-GMO beef.
1284,9,17,121,147,1.2380952380952381,0.04562014660118946,556,I'm clearly not suited for this kind of food.
1284,6,23,118,147,1.2380952380952381,0.042445658147416666,556,You could've just said no to liver and onions.
1284,6,23,118,147,1.2380952380952381,0.042445658147416666,556,Are you really sure you don't mind making me fried beef liver with onions?
1284,7,21,119,147,1.2380952380952381,0.043529551521729604,556,Your gluten intolerance can't be THAT bad.
1284,9,17,121,147,1.2380952380952381,0.04562014660118946,556,Seems like going gluten free shouldn't be quite that difficult.
1284,5,25,117,147,1.2380952380952381,0.04133335136970877,556,"It was just a tiny, little fart and it’s come to this."
1284,6,23,118,147,1.2380952380952381,0.042445658147416666,556,It smells like it's to die for!
1284,10,15,122,147,1.2380952380952381,0.046630309199377724,556,"When you said UFO, I didn't think you meant unidentified frying object."
1284,6,23,118,147,1.2380952380952381,0.042445658147416666,556,Well...I thought you wanted more space.
1284,7,21,119,147,1.2380952380952381,0.043529551521729604,556,"...or without onions would be fine, too."
1284,6,23,118,147,1.2380952380952381,0.042445658147416666,556,That hazmat suit would look great on my bedroom floor.
1284,6,23,118,147,1.2380952380952381,0.042445658147416666,556,Was it something I said?
1284,7,21,119,147,1.2380952380952381,0.043529551521729604,556,"Honey, what a strange question! Of course my life insurance premiums are fully paid."
1284,8,19,120,147,1.2380952380952381,0.04458710369376402,556,My atomic chili recipe is way simpler.
1284,5,25,117,147,1.2380952380952381,0.04133335136970877,556,"Okay, I'll stop asking for onions in everything."
1284,8,19,120,147,1.2380952380952381,0.04458710369376402,556,'Toxic environment?' I said I was sorry.
1284,9,17,121,147,1.2380952380952381,0.04562014660118946,556,"We'll, I think you're avoiding intimacy not depressurization."
1284,3,29,115,147,1.2380952380952381,0.039013715732043514,556,So you're telling me you need space.
1284,7,21,119,147,1.2380952380952381,0.043529551521729604,556,"Beth, honey, you can't wear that for four years."
1284,7,21,119,147,1.2380952380952381,0.043529551521729604,556,Is this because of the microwave?
1284,8,19,120,147,1.2380952380952381,0.04458710369376402,556,Plutonium Paella tonight?
1284,7,21,119,147,1.2380952380952381,0.043529551521729604,556,I'm preparing for launch.
1284,6,23,118,147,1.2380952380952381,0.042445658147416666,556,I thought you said you wanted more space-- not to go to space.
1284,9,17,121,147,1.2380952380952381,0.04562014660118946,556,Why do you put that thing on everytime I start talking about Trump?
1284,7,21,119,147,1.2380952380952381,0.043529551521729604,556,Applying for the kitchen staff at the Trump White House?
1284,5,25,117,147,1.2380952380952381,0.04133335136970877,556,"So, as I was saying on my drive over here, the Ebola thing was just a false alarm, no one on the flight was at risk,"
1284,10,15,122,147,1.2380952380952381,0.046630309199377724,556,Well if you keep serving beans what do you expect?
1284,8,19,120,147,1.2380952380952381,0.04458710369376402,556,Not sure what’s going into that; just remember I’m gluten-free.
1284,6,23,118,147,1.2380952380952381,0.042445658147416666,556,You feel our marriage is that toxic?
1284,8,19,120,147,1.2380952380952381,0.04458710369376402,556,Put in a little more Polonium 210...my mom is bringing a date.
1284,7,21,119,147,1.2380952380952381,0.043529551521729604,556,Earth to Joan...
1284,8,19,120,147,1.2380952380952381,0.04458710369376402,556,It might be simpler to switch from Teflon to ceramic.
1284,9,17,121,147,1.2380952380952381,0.04562014660118946,556,"So if we get the microwave fixed, you only need the lead vest, right?"
1284,5,25,117,147,1.2380952380952381,0.04133335136970877,556,Y'know what would really be out of this world? Bacon.
1284,7,21,119,147,1.2380952380952381,0.043529551521729604,556,I don't think this is what your therapist meant by being more self-contained.
1284,9,17,121,147,1.2380952380952381,0.04562014660118946,556,Haven't you heard? Air pollution is a hoax.
1284,7,21,119,147,1.2380952380952381,0.043529551521729604,556,"I appreciate that you still cook meat for me even after becoming vegan, but do you have to wear the suit every time?"
1284,7,21,119,147,1.2380952380952381,0.043529551521729604,556,"One of these days I'll get the stove vent fixed, I promise."
1284,7,21,119,147,1.2380952380952381,0.043529551521729604,556,"This so-called therapist of yours, how long does he think I'm going to be toxic?"
1284,6,23,118,147,1.2380952380952381,0.042445658147416666,556,"I'm just saying, let's wait and see if the EPA is abolished."
1284,7,21,119,147,1.2380952380952381,0.043529551521729604,556,Maybe you want to slip into something more comfortable?
1284,6,23,118,147,1.2380952380952381,0.042445658147416666,556,"Oh, come on! It's only liver and onions. Could be worse!"
1284,7,21,119,147,1.2380952380952381,0.043529551521729604,556,"New outfit, hon?"
1284,5,25,117,147,1.2380952380952381,0.04133335136970877,556,"Okay, you win. Next time, we'll buy organic."
1284,11,13,123,147,1.2380952380952381,0.047619047619047616,556,So how was your trip to Fukushima?
1284,6,23,118,147,1.2380952380952381,0.042445658147416666,556,"Yes, my life insurance is paid up. Why do you ask?"
1284,11,13,123,147,1.2380952380952381,0.047619047619047616,556,Finally putting those stovetop meth classes to use.
1284,8,19,120,147,1.2380952380952381,0.04458710369376402,556,"Open the oven door, Hal!"
1284,9,17,121,147,1.2380952380952381,0.04562014660118946,556,Are you cooking again for your nuclear family?
1284,7,21,119,147,1.2380952380952381,0.043529551521729604,556,You'll be a chef to the stars one way or the other.
1284,6,23,118,147,1.2380952380952381,0.042445658147416666,556,"Seriously, we can get Chinese."
1284,10,15,122,147,1.2380952380952381,0.046630309199377724,556,How did the EPA confirmation hearing go?
1284,7,21,119,147,1.2380952380952381,0.043529551521729604,556,Why do I think we're having beans again?
1284,8,19,120,147,1.2380952380952381,0.04458710369376402,556,Your text message said you wanted to talk about an incident at work today. So how was your first day at the CDC infectious diseases lab?
1284,8,19,120,147,1.2380952380952381,0.04458710369376402,556,So you think our relationship is becoming toxic ?
1284,7,21,119,147,1.2380952380952381,0.043529551521729604,556,Pufferfish again?
1284,6,23,118,147,1.2380952380952381,0.042445658147416666,556,So...is this chili going to be spicy...?
1284,8,19,120,147,1.2380952380952381,0.04458710369376402,556,"""Kicking things up a notch"" was just a suggestion."
1284,6,23,118,147,1.2380952380952381,0.042445658147416666,556,Have a drink. We still have at least a few weeks before the changes in the EPA kick in.
1284,9,17,121,147,1.2380952380952381,0.04562014660118946,556,Your soufflé seems to be dissolving the bottom of the frying pan.
1284,11,13,123,147,1.2380952380952381,0.047619047619047616,556,I poured you some wine.
1284,5,25,117,147,1.2380952380952381,0.04133335136970877,556,I told you we'd make it to 2017.
1284,7,21,119,147,1.2380952380952381,0.043529551521729604,556,I like slipping into something more comfortable after work.
1284,8,19,120,147,1.2380952380952381,0.04458710369376402,556,"So, this mean we're out of Beano again?"
1284,8,19,120,147,1.2380952380952381,0.04458710369376402,556,Are you sure we want to eat that?
1284,8,19,120,147,1.2380952380952381,0.04458710369376402,556,I'm sorry I called you a space cadet.
1351,5,24,117,146,1.2328767123287672,0.04128440465913986,556,I'll go set the lead plates out.
1351,8,18,120,146,1.2328767123287672,0.04458499749835465,556,Role-play tonight? I'll get the probes.
1351,6,22,118,146,1.2328767123287672,0.04241315101886642,556,He hasn't dismantled the EPA yet.
1351,6,22,118,146,1.2328767123287672,0.04241315101886642,556,"Gosh, I miss the EPA."
1351,5,24,117,146,1.2328767123287672,0.04128440465913986,556,"You may be taking the ""tuna may contain traces of argon"" warning a bit too seriously."
1351,6,22,118,146,1.2328767123287672,0.04241315101886642,556,You can’t keep living off the griddle like this.
1351,7,20,119,146,1.2328767123287672,0.043512626795434106,556,Your cooking it's already out of this world.
1351,4,26,116,146,1.2328767123287672,0.0401239175152433,556,You seem preoccupied.
1351,6,22,118,146,1.2328767123287672,0.04241315101886642,556,"Okay, I'm sorry. Next time I will buy organic produce."
1351,7,20,119,146,1.2328767123287672,0.043512626795434106,556,"Your farts don't smell that good, either"
1351,5,24,117,146,1.2328767123287672,0.04128440465913986,556,And you want me to eat it?
1351,6,22,118,146,1.2328767123287672,0.04241315101886642,556,All right...I admit it...your cooking is out if this world!
1351,2,30,114,146,1.2328767123287672,0.0376959166779497,556,Am I invading your personal space?
1351,7,20,119,146,1.2328767123287672,0.043512626795434106,556,I'm guessing this has something to do with my joke at the party about your cooking.
1351,8,18,120,146,1.2328767123287672,0.04458499749835465,556,I only suggested we have onions
1351,6,22,118,146,1.2328767123287672,0.04241315101886642,556,First anti-bacterial soap now this - I think you have a problem
1351,5,24,117,146,1.2328767123287672,0.04128440465913986,556,"Next time, I'd be happy to slice the onions."
1351,8,18,120,146,1.2328767123287672,0.04458499749835465,556,Will you be joining me for dinner?
1351,5,24,117,146,1.2328767123287672,0.04128440465913986,556,I'm getting a vibe here you'd rather eat out tonight.
1351,9,16,121,146,1.2328767123287672,0.04563217410137119,556,"If you can't stand the heat, just get out of the kitchen."
1351,9,16,121,146,1.2328767123287672,0.04563217410137119,556,Trump roast?
1351,9,16,121,146,1.2328767123287672,0.04563217410137119,556,Our relationship does not exist in a vacuum.
1351,9,16,121,146,1.2328767123287672,0.04563217410137119,556,Remember when one glass was enough to decompress?
1351,7,20,119,146,1.2328767123287672,0.043512626795434106,556,Something tells me this is going to be out of this world.
1351,6,22,118,146,1.2328767123287672,0.04241315101886642,556,"Honey, I told you I need space right now."
1351,4,26,116,146,1.2328767123287672,0.0401239175152433,556,Not too spicy.
1351,7,20,119,146,1.2328767123287672,0.043512626795434106,556,"What do you mean ""alternate eating experience?"""
1351,5,24,117,146,1.2328767123287672,0.04128440465913986,556,I think you are taking fusion cooking too literally.
1351,6,22,118,146,1.2328767123287672,0.04241315101886642,556,Extreme vetting a new recipe?
1351,8,18,120,146,1.2328767123287672,0.04458499749835465,556,I know he's picking a fight with China and inciting anger in the Muslim world... but why didn't you buy me a suit too?
1351,6,22,118,146,1.2328767123287672,0.04241315101886642,556,Is this your way of saying you think this relationship has become toxic?
1351,10,14,122,146,1.2328767123287672,0.04665585305733261,556,I think we should cancel our Amazon Prime membership.
1351,6,22,118,146,1.2328767123287672,0.04241315101886642,556,"I know, but nobody's THAT sensitive to garlic."
1351,6,22,118,146,1.2328767123287672,0.04241315101886642,556,"Going somewhere, later?"
1351,8,18,120,146,1.2328767123287672,0.04458499749835465,556,What do you mean you got the recipe from The Alternative Facts Cookbook?
1351,6,22,118,146,1.2328767123287672,0.04241315101886642,556,Not a fan of cilantro?
1351,8,18,120,146,1.2328767123287672,0.04458499749835465,556,I think you'll find that once you get past the smell it tastes really good.
1351,6,22,118,146,1.2328767123287672,0.04241315101886642,556,I don't think the Doomsday Clock is literal. We still have time for a nice dinner.
1351,10,14,122,146,1.2328767123287672,0.04665585305733261,556,"Actually, I would prefer it if you would change out of your work clothes before preparing dinner."
1351,2,30,114,146,1.2328767123287672,0.0376959166779497,556,OK Honey. We can take Liver and onions off the menu.
1351,7,20,119,146,1.2328767123287672,0.043512626795434106,556,Clearance sale at the EPA?
1351,8,18,120,146,1.2328767123287672,0.04458499749835465,556,Shall I assume it's my turn to take out the garbage?
1351,5,24,117,146,1.2328767123287672,0.04128440465913986,556,"Hey, you're the one who asked for some space."
1351,4,26,116,146,1.2328767123287672,0.0401239175152433,556,Is our marriage really that toxic?
1351,7,20,119,146,1.2328767123287672,0.043512626795434106,556,Your beauty regimen gets more and more complex every day
1351,9,16,121,146,1.2328767123287672,0.04563217410137119,556,"""I think I'll pass on whatever it is you're cooking."
1351,9,16,121,146,1.2328767123287672,0.04563217410137119,556,Fine. Your gluten intolerance is a real thing. Now will you take that off before dinner?
1351,8,18,120,146,1.2328767123287672,0.04458499749835465,556,That in no way proves you're allergic to cooking.
1351,8,18,120,146,1.2328767123287672,0.04458499749835465,556,There's nothing like cooking with gas.
1351,6,22,118,146,1.2328767123287672,0.04241315101886642,556,You sure it was a soupçon of plutonium?
1401,8,18,121,147,1.2312925170068028,0.044308988698020156,556,Aren’t you going a little overboard on this gluten-free thing?
1401,8,18,121,147,1.2312925170068028,0.044308988698020156,556,It wasn't just her body language. There was something else.
1401,5,24,118,147,1.2312925170068028,0.04103318899494187,556,Okay...next time we'll spring for the organic.
1401,7,20,120,147,1.2312925170068028,0.04324463572890544,556,"So, how's that ""living in a vacuum"" working out for you?"
1401,9,16,122,147,1.2312925170068028,0.045348367551179075,556,Oh…I thought you said hazmat soup.
1401,5,24,118,147,1.2312925170068028,0.04103318899494187,556,"Honey, I don't think I'm hungry anymore."
1401,8,18,121,147,1.2312925170068028,0.044308988698020156,556,"Gotta hand it to ya babe. You're the only person I know that can spend all day training for a manned flight into deep space, come home and cook me a burger."
1401,6,22,119,147,1.2312925170068028,0.042153416933982606,556,Does cooking help you decompress?
1401,10,14,123,147,1.2312925170068028,0.04636445189660268,556,Oh for Pete sake the onions are not that strong Brenda!
1401,11,12,124,147,1.2312925170068028,0.047358741112786526,556,"OK, I WON'T FART NEAR YOU EVER AGAIN!"
1401,9,16,122,147,1.2312925170068028,0.045348367551179075,556,Honestly Dolores when you said you were choosing space over a tiny house I had no idea what you really meant.
1401,3,28,116,147,1.2312925170068028,0.03869556407217128,556,I only sneezed once. I think you're overreacting.
1401,8,18,121,147,1.2312925170068028,0.044308988698020156,556,Not the hazmat hash again.
1401,4,26,117,147,1.2312925170068028,0.0398815074812759,556,"Rosalind, you've been acting so distant lately."
1401,4,26,117,147,1.2312925170068028,0.0398815074812759,556,That pinch of uranium really gives it some flavor.
1416,2,29,113,144,1.2291666666666667,0.03780952291830754,556,"I understand that the FluMist has been deemed ineffective, but don't you think you're being a bit irrational?"
1416,5,23,116,144,1.2291666666666667,0.04148415739394154,556,I feel like you're blocking me out.
1416,7,19,118,144,1.2291666666666667,0.04376283250585489,556,Sautéing genetically modified beans again?
1416,6,21,117,144,1.2291666666666667,0.04263871963146187,556,Just curious. What the hell did you put in those eggs?
1416,6,21,117,144,1.2291666666666667,0.04263871963146187,556,I'm doubting your confidence in this new recipe.
1416,7,19,118,144,1.2291666666666667,0.04376283250585489,556,Really? Airborne gluten?
1416,7,19,118,144,1.2291666666666667,0.04376283250585489,556,What happened to that little blue dress?
1416,3,27,114,144,1.2291666666666667,0.03907281817881992,556,"Ok Amy, I understand. You need your space."
1416,9,15,120,144,1.2291666666666667,0.045928593525011226,556,I see you've dressed for bed as well.
1416,10,13,121,144,1.2291666666666667,0.04697404389991137,556,We're cancelling The New Yorker.
1416,11,11,122,144,1.2291666666666667,0.04799672798676903,556,First it was peanut butter. Then it was gluten. Now air?
1416,8,17,119,144,1.2291666666666667,0.04485878516032959,556,"Whatever you're cooking smells great, but there's no atmosphere"
1416,7,19,118,144,1.2291666666666667,0.04376283250585489,556,Don't you think you are taking this silent treatment thing a little bit far?
1416,9,15,120,144,1.2291666666666667,0.045928593525011226,556,"Honey, I think you're taking this job with NASA just a little too seriously."
1416,5,23,116,144,1.2291666666666667,0.04148415739394154,556,Some women find flatulence sexy.
1416,7,19,118,144,1.2291666666666667,0.04376283250585489,556,Maybe it's too spicy.
1416,4,25,115,144,1.2291666666666667,0.040296528604337835,556,What did the EPA say this time?
1416,6,21,117,144,1.2291666666666667,0.04263871963146187,556,I don't think you appreciate the gravity of the situation.
1416,8,17,119,144,1.2291666666666667,0.04485878516032959,556,"I thought it was pasta puttanesca, not pasta plutonesca."
1416,3,27,114,144,1.2291666666666667,0.03907281817881992,556,And I suppose I should tell our guests to wipe their shoes on the hazmat?
1416,8,17,119,144,1.2291666666666667,0.04485878516032959,556,Is this menopause?
1416,5,23,116,144,1.2291666666666667,0.04148415739394154,556,"Look, if you REALLY don't like them, we don't have to have them."
1416,7,19,118,144,1.2291666666666667,0.04376283250585489,556,I thought Canada was our only option.
1416,5,23,116,144,1.2291666666666667,0.04148415739394154,556,Durian again?
1416,7,19,118,144,1.2291666666666667,0.04376283250585489,556,I didn't think this what you meant when you said you needed some space
1416,7,19,118,144,1.2291666666666667,0.04376283250585489,556,Is this what you meant by needing more space?
1416,6,21,117,144,1.2291666666666667,0.04263871963146187,556,Tomorrow let's make it without the kale.
1416,7,19,118,144,1.2291666666666667,0.04376283250585489,556,Why does this wine smell like almonds?
1416,8,17,119,144,1.2291666666666667,0.04485878516032959,556,"You know, you could just leave out the onion."
1416,9,15,120,144,1.2291666666666667,0.045928593525011226,556,I hope it tastes better than it smells
1416,7,19,118,144,1.2291666666666667,0.04376283250585489,556,You could just say you don't like broccoli.
1416,6,21,117,144,1.2291666666666667,0.04263871963146187,556,I thought the recipe said seal the food in a vacuum.
1416,9,15,120,144,1.2291666666666667,0.045928593525011226,556,Are you making MoonPie again?
1416,4,25,115,144,1.2291666666666667,0.040296528604337835,556,"So, tell me about this 'surprise treat' you're whipping up for the President."
1416,3,27,114,144,1.2291666666666667,0.03907281817881992,556,Why don't I tell Mom no perfume at dinner?
1416,7,19,118,144,1.2291666666666667,0.04376283250585489,556,"You know, I'd be happy to cook the non-vegan food myself."
1416,7,19,118,144,1.2291666666666667,0.04376283250585489,556,I think you'll find alcohol is a better filter against fake news.
1416,7,19,118,144,1.2291666666666667,0.04376283250585489,556,"I know I'm toxic, but what are you?"
1416,4,25,115,144,1.2291666666666667,0.040296528604337835,556,A little space always helps.
1416,6,21,117,144,1.2291666666666667,0.04263871963146187,556,"So Alice, it's finally to the moon."
1416,5,23,116,144,1.2291666666666667,0.04148415739394154,556,It's safe to assume another USDA regulation has been torpedoed?
1416,7,19,118,144,1.2291666666666667,0.04376283250585489,556,The EPA cuts haven't even taken effect yet.
1416,5,23,116,144,1.2291666666666667,0.04148415739394154,556,Ok ok. You can skip the garlic!
1416,7,19,118,144,1.2291666666666667,0.04376283250585489,556,"Hey Hon, I'm sorry ..... when do you think you'll be able to breathe the same air as me again?"
1416,7,19,118,144,1.2291666666666667,0.04376283250585489,556,"So you really think the vacuum cleaner/range hood will get you on Shark Tank, dear?"
1416,8,17,119,144,1.2291666666666667,0.04485878516032959,556,"You can't escape politics, Karen."
1416,8,17,119,144,1.2291666666666667,0.04485878516032959,556,Honey for the last time...Frederick Douglass is dead. There is no zombie outbreak.
1416,6,21,117,144,1.2291666666666667,0.04263871963146187,556,OK. I'll replace the CO detector battery tomorrow.
1464,5,22,116,143,1.2237762237762237,0.04142110227812435,556,I guess you feel we have a toxic relationship.
1464,7,18,118,143,1.2237762237762237,0.04373435521891124,556,"Try not to overcook the meth, dear. I like my crystal crisp, not burnt."
1464,8,16,119,143,1.2237762237762237,0.04484625829044653,556,"Honey, mine was just one vote."
1464,7,18,118,143,1.2237762237762237,0.04373435521891124,556,"Honey, I think someone's trying to kill me."
1464,3,26,114,143,1.2237762237762237,0.03897077881510412,556,You've piqued my interest.
1464,6,20,117,143,1.2237762237762237,0.04259343576391054,556,"Personally, I've always loved your mother's recipes."
1464,10,12,121,143,1.2237762237762237,0.04699120125228247,556,I'm drinking your wine...
1464,6,20,117,143,1.2237762237762237,0.04259343576391054,556,"So, my English Leather is not a turn-on?"
1464,7,18,118,143,1.2237762237762237,0.04373435521891124,556,"Honey, it's just gluten."
1464,4,24,115,143,1.2237762237762237,0.04021460751636528,556,You shouldn't take my calling you a space cadet so seriously.
1464,7,18,118,143,1.2237762237762237,0.04373435521891124,556,Wouldn't it be easier to get rid of the Teflon pans.
1464,7,18,118,143,1.2237762237762237,0.04373435521891124,556,"Next time, just leave out the nuts."
1464,4,24,115,143,1.2237762237762237,0.04021460751636528,556,The NASA package recommends Valpolicella with the Bolognese.
1464,8,16,119,143,1.2237762237762237,0.04484625829044653,556,This recipe is to die for
1464,6,20,117,143,1.2237762237762237,0.04259343576391054,556,"Sometimes I really don't understand what's going on in your head, Janice. It's like we're not even breathing the same air."
1464,5,22,116,143,1.2237762237762237,0.04142110227812435,556,Should chili have a half-life?
1464,5,22,116,143,1.2237762237762237,0.04142110227812435,556,I take it tonight's dinner is out of this world.
1464,6,20,117,143,1.2237762237762237,0.04259343576391054,556,Are you sure about this new diet?
1464,5,22,116,143,1.2237762237762237,0.04142110227812435,556,Aren't you taking this I hate cooking you liver issue a little too far?
1464,8,16,119,143,1.2237762237762237,0.04484625829044653,556,"Okay, I'm sorry. You're right, I never should have invited Kellyanne over for dinner."
1464,10,12,121,143,1.2237762237762237,0.04699120125228247,556,So you heard about this on Fox News?
1464,6,20,117,143,1.2237762237762237,0.04259343576391054,556,It makes you look thin.
1464,7,18,118,143,1.2237762237762237,0.04373435521891124,556,Do we serve red or white wine with lutefisk?
1464,9,14,120,143,1.2237762237762237,0.04593125231139446,556,I'll put on some music for atmosphere.
1464,7,18,118,143,1.2237762237762237,0.04373435521891124,556,Ron quickly realized that discussing politics with his wife had become more toxic.
1464,5,22,116,143,1.2237762237762237,0.04142110227812435,556,Meth and eggs - my favorite!
1464,6,20,117,143,1.2237762237762237,0.04259343576391054,556,You're swallowing some before I'll touch it
1464,10,12,121,143,1.2237762237762237,0.04699120125228247,556,"Look, Donald Trump is our president whether you like it or not. Please take that off."
1464,7,18,118,143,1.2237762237762237,0.04373435521891124,556,Oh ... when you said 'yellow cake' I ...
1464,6,20,117,143,1.2237762237762237,0.04259343576391054,556,Is this anything like safe sex?
1464,10,12,121,143,1.2237762237762237,0.04699120125228247,556,Sorry. Wine just makes me fart.
1464,6,20,117,143,1.2237762237762237,0.04259343576391054,556,Are you sure that's what he meant by detox diet?
1464,7,18,118,143,1.2237762237762237,0.04373435521891124,556,You win. I'll take the dog back in the morning.
1464,4,24,115,143,1.2237762237762237,0.04021460751636528,556,You haven't even touched your wine.
1464,8,16,119,143,1.2237762237762237,0.04484625829044653,556,"You're taking this vegan thing too far, but I'll cook the damn bacon."
1464,7,18,118,143,1.2237762237762237,0.04373435521891124,556,Did you get a new haircut or something?
1464,9,14,120,143,1.2237762237762237,0.04593125231139446,556,You might be taking gluten-free a bit too far.
1464,7,18,118,143,1.2237762237762237,0.04373435521891124,556,When are you going to forgive me for voting for President Trump?
1464,6,20,117,143,1.2237762237762237,0.04259343576391054,556,Who's president on your planet? I may want to join you.
1464,8,16,119,143,1.2237762237762237,0.04484625829044653,556,So now you're cooking with alternative facts?
1464,5,22,116,143,1.2237762237762237,0.04142110227812435,556,"This seems more like a ""not tonight or ever"" romantic dinner to me."
1505,6,20,118,144,1.2222222222222223,0.0423251516014429,556,Well I am not gassy now!
1505,7,18,119,144,1.2222222222222223,0.043457376303801656,556,I'll take you to my leader AFTER dinner.
1507,4,24,117,145,1.2206896551724138,0.039717592053266644,556,Most people with peanut allergies would simply avoid them.
1507,3,26,116,145,1.2206896551724138,0.03849287827503528,556,Mother always made liver without all this.
1509,7,17,117,141,1.2198581560283688,0.04398143499559284,556,I guess you really do need more space.
1509,4,23,114,141,1.2198581560283688,0.04037840086593826,556,Come on. Liver and onions doesn't smell that bad.
1509,11,9,121,141,1.2198581560283688,0.048369774804586714,556,I'm not going to eat that.
1509,7,17,117,141,1.2198581560283688,0.04398143499559284,556,You don't have to add habanero.
1509,6,19,116,141,1.2198581560283688,0.04281412736092889,556,"You know, I'm starting to like that aftershave the kids got me for Christmas."
1509,7,17,117,141,1.2198581560283688,0.04398143499559284,556,"I see you're wearing your ""I need a break from current events"" outfit again."
1509,7,17,117,141,1.2198581560283688,0.04398143499559284,556,"After her defeat, you're still living in a bubble?"
1509,9,13,119,141,1.2198581560283688,0.04622770672939547,556,I think we better start eating organic.
1509,4,23,114,141,1.2198581560283688,0.04037840086593826,556,"All right, I get it. I like my wings spicier than you do."
1509,4,23,114,141,1.2198581560283688,0.04037840086593826,556,I saw it on America's Nuclear Test Kitchen.
1509,4,23,114,141,1.2198581560283688,0.04037840086593826,556,"Honey, I get the sense you have something simmering."
1509,5,21,115,141,1.2198581560283688,0.04161408870904326,556,I appreciate it when you cook liver and onions for me.
1509,7,17,117,141,1.2198581560283688,0.04398143499559284,556,So when can I taste your 'one small stew for your man?'
1509,4,23,114,141,1.2198581560283688,0.04037840086593826,556,Wouldn't it be easier to just stop using Teflon?
1509,7,17,117,141,1.2198581560283688,0.04398143499559284,556,What false news story pushed your buttons today?
1509,6,19,116,141,1.2198581560283688,0.04281412736092889,556,So you won't be having the wine?
1509,8,15,118,141,1.2198581560283688,0.045118552136180934,556,Monsanto veggies again?
1509,9,13,119,141,1.2198581560283688,0.04622770672939547,556,I hear Mars is the new Canada.
1509,4,23,114,141,1.2198581560283688,0.04037840086593826,556,Don't you think you're taking that vegan thing a little too seriously? It's just bacon!
1509,8,15,118,141,1.2198581560283688,0.045118552136180934,556,"Chilli's hot, huh?"
1509,5,21,115,141,1.2198581560283688,0.04161408870904326,556,"Poison, again?"
1509,7,17,117,141,1.2198581560283688,0.04398143499559284,556,Can I help with anything?
1509,1,29,111,141,1.2198581560283688,0.03642065195338008,556,Mars? Venus? I forget which one
1509,4,23,114,141,1.2198581560283688,0.04037840086593826,556,You can drop the theatrics. GMO ingredients can't be THAT dangerous.
1509,6,19,116,141,1.2198581560283688,0.04281412736092889,556,Another one of your mother's recipes?
1509,8,15,118,141,1.2198581560283688,0.045118552136180934,556,"So, I guess this isn't going to be heart healthy?"
1509,9,13,119,141,1.2198581560283688,0.04622770672939547,556,How about some extra mustard gas and pepper spray on mine?
1509,7,17,117,141,1.2198581560283688,0.04398143499559284,556,"Yep, just like Mama used to make."
1509,9,13,119,141,1.2198581560283688,0.04622770672939547,556,Somethings different. Did you change your hair style ?
1509,9,13,119,141,1.2198581560283688,0.04622770672939547,556,Maybe it's time we upgrade to nonradioactive pans.
1509,5,21,115,141,1.2198581560283688,0.04161408870904326,556,Dating sites should really have a question asking whether you're okay with Monsanto or not.
1509,6,19,116,141,1.2198581560283688,0.04281412736092889,556,Still not talking to me?
1509,7,17,117,141,1.2198581560283688,0.04398143499559284,556,I can also go gluten-free if that would be easier for you.
1509,6,19,116,141,1.2198581560283688,0.04281412736092889,556,Trouble with the onions?
1509,6,19,116,141,1.2198581560283688,0.04281412736092889,556,I think I'll eat out tonight.
1509,5,21,115,141,1.2198581560283688,0.04161408870904326,556,"Let me guess, nasty woman goes nuclear?"
1509,6,19,116,141,1.2198581560283688,0.04281412736092889,556,Are we expecting your boss for dinner?
1509,7,17,117,141,1.2198581560283688,0.04398143499559284,556,"You never practiced kosher before, have you?"
1509,4,23,114,141,1.2198581560283688,0.04037840086593826,556,That's one small stir for women...
1509,5,21,115,141,1.2198581560283688,0.04161408870904326,556,There are other ways to get away from kale.
1509,7,17,117,141,1.2198581560283688,0.04398143499559284,556,Stop being passive aggressive. I'm sorry I said your cooking stinks.
1509,5,21,115,141,1.2198581560283688,0.04161408870904326,556,Glad to see your taking a large step towards making me eggs.
1509,5,21,115,141,1.2198581560283688,0.04161408870904326,556,Looks spicy.
1509,8,15,118,141,1.2198581560283688,0.045118552136180934,556,You've never looked more beautiful.
1509,4,23,114,141,1.2198581560283688,0.04037840086593826,556,We could ask them not to talk politics
1509,4,23,114,141,1.2198581560283688,0.04037840086593826,556,I see my 'toxic personality' crack is still on the table.
1509,3,25,113,141,1.2198581560283688,0.03910368440309283,556,OK ABSOLUTELY the last time I ask for liver and onions on my birthday.
1509,4,23,114,141,1.2198581560283688,0.04037840086593826,556,OK! I promise never to eat baked beans in the house again.
1509,4,23,114,141,1.2198581560283688,0.04037840086593826,556,"You know, you could just leave the onions out."
1509,8,15,118,141,1.2198581560283688,0.045118552136180934,556,I thought we only had to move to Canada.
1509,3,25,113,141,1.2198581560283688,0.03910368440309283,556,Worst Cooks in America called...you're in.
1509,7,17,117,141,1.2198581560283688,0.04398143499559284,556,"I'm good, thanks--had a late lunch."
1509,6,19,116,141,1.2198581560283688,0.04281412736092889,556,"You really don't have to go to all this trouble for my parents, you know."
1509,8,15,118,141,1.2198581560283688,0.045118552136180934,556,"Come back to earth, Alice."
1509,7,17,117,141,1.2198581560283688,0.04398143499559284,556,Might I suggest a vintage 1963 Tang pairing?
1509,7,17,117,141,1.2198581560283688,0.04398143499559284,556,"It's not me, it's you"
1509,6,19,116,141,1.2198581560283688,0.04281412736092889,556,Heavy on the garlic tonight?
1509,8,15,118,141,1.2198581560283688,0.045118552136180934,556,"No, I don't think gluten is airborne."
1509,7,17,117,141,1.2198581560283688,0.04398143499559284,556,I am dreading the dishes.
1509,7,17,117,141,1.2198581560283688,0.04398143499559284,556,Honey-you seem to be a little on edge lately with his EPA pick
1509,8,15,118,141,1.2198581560283688,0.045118552136180934,556,"Honey, I'm seriously rethinking my decision not to join you in therapy."
1509,6,19,116,141,1.2198581560283688,0.04281412736092889,556,"He's bad, yes, but wouldn't Canada be closer?"
1509,7,17,117,141,1.2198581560283688,0.04398143499559284,556,Ok fine I'll get the mild onions next time.
1509,8,15,118,141,1.2198581560283688,0.045118552136180934,556,"Honey, I don't feel much like dinner tonight."
1509,6,19,116,141,1.2198581560283688,0.04281412736092889,556,I had beans for lunch.
1509,4,23,114,141,1.2198581560283688,0.04037840086593826,556,Is the range hood not working?
1509,5,21,115,141,1.2198581560283688,0.04161408870904326,556,I bet this is going to be out of this world
1509,3,25,113,141,1.2198581560283688,0.03910368440309283,556,Honey.....who did you say that you invited for dinner?
1509,7,17,117,141,1.2198581560283688,0.04398143499559284,556,"I take it my ""Kiss the Cook"" apron was a bad idea."
1509,6,19,116,141,1.2198581560283688,0.04281412736092889,556,I've lost my appetite.
1509,6,19,116,141,1.2198581560283688,0.04281412736092889,556,"The radiation levels are doing wonders for this Cabernet, Linda!"
1509,10,11,120,141,1.2198581560283688,0.0473108654756253,556,Where did you even find a recipe for skunk stir fry?
1509,9,13,119,141,1.2198581560283688,0.04622770672939547,556,"So, how was your day at the Superfund site?"
1509,7,17,117,141,1.2198581560283688,0.04398143499559284,556,The knitted pink hats are more specific.
1509,7,17,117,141,1.2198581560283688,0.04398143499559284,556,We could just move to Canada; we don't have to leave the planet.
1509,7,17,117,141,1.2198581560283688,0.04398143499559284,556,It's been two weeks . . . I don't think I'm still contagious.
1509,7,17,117,141,1.2198581560283688,0.04398143499559284,556,"Honey, I have a confession to make: I don't like Brussels sprouts either."
1509,6,19,116,141,1.2198581560283688,0.04281412736092889,556,Thanks for making my breakfast right before you leave for Mars.
1509,5,21,115,141,1.2198581560283688,0.04161408870904326,556,"OK, I'll buy organic next time."
1509,9,13,119,141,1.2198581560283688,0.04622770672939547,556,It's called HAZ=MAT surprise.
1509,6,19,116,141,1.2198581560283688,0.04281412736092889,556,"Honey, maybe it's time to break down and ask my mother to show you."
1509,4,23,114,141,1.2198581560283688,0.04037840086593826,556,"When I said our relationship was becoming toxic, I wasn't being literal."
1509,3,25,113,141,1.2198581560283688,0.03910368440309283,556,There's nothing like liver and onions to set the mood.
1509,6,19,116,141,1.2198581560283688,0.04281412736092889,556,Oh boy! Habanera chili.
1593,5,20,114,139,1.2158273381294964,0.041805999871785085,556,I see the new hair dryer lets you multi task
1593,2,26,111,139,1.2158273381294964,0.03788071252779913,556,"Ok, Ok, I won't ask you to add cilantro the next time."
1593,7,16,116,139,1.2158273381294964,0.04422974626188035,556,Do you get out often?
1593,5,20,114,139,1.2158273381294964,0.041805999871785085,556,Sometimes I feel there's a barrier between us.
1593,8,14,117,139,1.2158273381294964,0.04539311477466193,556,We don't all live in a Yellow Submarine. Some of us have to make personal adjustments.
1593,5,20,114,139,1.2158273381294964,0.041805999871785085,556,You really hate onions.
1593,10,10,119,139,1.2158273381294964,0.047634690069908676,556,Yes darling; just like your mother makes it
1593,6,18,115,139,1.2158273381294964,0.04303493975637711,556,"Oh, Hon, I'm so glad you like your birthday present!"
1593,5,20,114,139,1.2158273381294964,0.041805999871785085,556,I thought we weren't having sex til later.
1593,6,18,115,139,1.2158273381294964,0.04303493975637711,556,"Honey, I think the recipe said saute until the flavors are melded... not welded."
1593,6,18,115,139,1.2158273381294964,0.04303493975637711,556,Plutonium doesn't work in everything honey.
1593,6,18,115,139,1.2158273381294964,0.04303493975637711,556,I get it. Your cooking is out of this world.
1593,8,14,117,139,1.2158273381294964,0.04539311477466193,556,"So, fusion?"
1593,5,20,114,139,1.2158273381294964,0.041805999871785085,556,HAS OUR RELATIONSHIP BECOME THAT TOXIC?
1593,4,22,113,139,1.2158273381294964,0.04053982252951266,556,When did they stop being eggs over easy?
1593,2,26,111,139,1.2158273381294964,0.03788071252779913,556,Um... Should I have my suit on?
1593,4,22,113,139,1.2158273381294964,0.04053982252951266,556,"OK, you've proven your point. You don't like onions."
1593,8,14,117,139,1.2158273381294964,0.04539311477466193,556,"I promise to be less handsy next time you wear your ""Kiss the cook"" apron."
1593,9,12,118,139,1.2158273381294964,0.04652740357575247,556,gluten is not airborne
1593,10,10,119,139,1.2158273381294964,0.047634690069908676,556,"Sweetheart, it's very touching you would cook for me your late husbands favorite meal!"
1593,6,18,115,139,1.2158273381294964,0.04303493975637711,556,"If you didn't want to cook onions, you could have just said so."
1593,4,22,113,139,1.2158273381294964,0.04053982252951266,556,You don't really like Cilantro do you?
1593,5,20,114,139,1.2158273381294964,0.041805999871785085,556,Maybe not so well done this time.
1593,8,14,117,139,1.2158273381294964,0.04539311477466193,556,Brad Pitt wears Obsession.
1593,6,18,115,139,1.2158273381294964,0.04303493975637711,556,You say it's to die for?
1593,4,22,113,139,1.2158273381294964,0.04053982252951266,556,"Okay, I promise that the next time I go shopping I will only buy organic."
1593,8,14,117,139,1.2158273381294964,0.04539311477466193,556,"I know we haven't been getting along, but it's nice of you to make dinner."
1593,8,14,117,139,1.2158273381294964,0.04539311477466193,556,How’s the lutefisk coming along?
1593,8,14,117,139,1.2158273381294964,0.04539311477466193,556,"I'm pretty sure the ad said I was looking for someone with a solid background in gastronomy with a ""G""."
1593,6,18,115,139,1.2158273381294964,0.04303493975637711,556,"I miss Breaking Bad too, but you have to let go."
1593,7,16,116,139,1.2158273381294964,0.04422974626188035,556,"Jackie Gleason was using a metaphor Alice, I'm making a sincere suggestion."
1593,6,18,115,139,1.2158273381294964,0.04303493975637711,556,Broccoli again?
1593,8,14,117,139,1.2158273381294964,0.04539311477466193,556,"And I love when you cry out, ""Affirmative!! Affirmative!!"""
1593,5,20,114,139,1.2158273381294964,0.041805999871785085,556,"You do know, gluten isn't airborne."
1593,4,22,113,139,1.2158273381294964,0.04053982252951266,556,Let me guess - not cage free?
1593,6,18,115,139,1.2158273381294964,0.04303493975637711,556,So you don't like my new cologne?
1593,1,28,110,139,1.2158273381294964,0.036478541185996534,556,"i get it, am from Venus and you are from Mars !"
1593,4,22,113,139,1.2158273381294964,0.04053982252951266,556,"So, my turn to do the cat box?"
1593,6,18,115,139,1.2158273381294964,0.04303493975637711,556,But I kind of like it when you smell like bacon...
1593,3,24,112,139,1.2158273381294964,0.0392328025530814,556,"It's the body wash, right?"
1593,5,20,114,139,1.2158273381294964,0.041805999871785085,556,One of us is in trouble.
1593,3,24,112,139,1.2158273381294964,0.0392328025530814,556,"Honey, I don't think gluten is volatile."
1593,6,18,115,139,1.2158273381294964,0.04303493975637711,556,"Honey! When I mentioned I needed ""some space from you"" I never imagined this."
1593,5,20,114,139,1.2158273381294964,0.041805999871785085,556,Was it something I said?
1593,7,16,116,139,1.2158273381294964,0.04422974626188035,556,So I couldn't find organic eggs. So what?
1593,5,20,114,139,1.2158273381294964,0.041805999871785085,556,"I take it, it's not organic."
1593,7,16,116,139,1.2158273381294964,0.04422974626188035,556,I'll turn down the lights and set the atmosphere.
1593,7,16,116,139,1.2158273381294964,0.04422974626188035,556,Supermarket brand doesn't mean toxic.
1593,6,18,115,139,1.2158273381294964,0.04303493975637711,556,I've been having a hard time getting through to you recently. Can we just talk about it?
1593,3,24,112,139,1.2158273381294964,0.0392328025530814,556,Habaneros?
1593,2,26,111,139,1.2158273381294964,0.03788071252779913,556,"When you said you needed some space, you really meant it."
1593,5,20,114,139,1.2158273381294964,0.041805999871785085,556,I take it you're from Venus.
1593,6,18,115,139,1.2158273381294964,0.04303493975637711,556,"Would you be terribly offended, Dear, if the kids and I ordered take-out tonight?"
1593,1,28,110,139,1.2158273381294964,0.036478541185996534,556,Kidneys or liver and onions?
1593,5,20,114,139,1.2158273381294964,0.041805999871785085,556,I did not mean 'out of this world' cooking literally.
1593,3,24,112,139,1.2158273381294964,0.0392328025530814,556,Allow me to point out that liver-and-Brussels sprouts night was your idea.
1593,8,14,117,139,1.2158273381294964,0.04539311477466193,556,"Dear, cooking ""sous vide,"" is for the food."
1593,5,20,114,139,1.2158273381294964,0.041805999871785085,556,"Eggs make me gassy, not toxic...but point taken."
1593,8,14,117,139,1.2158273381294964,0.04539311477466193,556,"Well, if cooking odors shorten ones life, how come you bought only one suit?"
1593,5,20,114,139,1.2158273381294964,0.041805999871785085,556,Still skittish from that last Flambeau attempt? C'mon. Your eyebrows grew back.
1593,4,22,113,139,1.2158273381294964,0.04053982252951266,556,So will I be needing a suit to eat this ?
1593,4,22,113,139,1.2158273381294964,0.04053982252951266,556,They were out of organic chicken?
1593,4,22,113,139,1.2158273381294964,0.04053982252951266,556,I see that Billy's coach finally got him to bring home his gym clothes.
1593,5,20,114,139,1.2158273381294964,0.041805999871785085,556,You were joking when you said you'd kill me if I voted for him and he won the election. Right?
1593,2,26,111,139,1.2158273381294964,0.03788071252779913,556,"As a recovering germaphobe, I must say that I am impressed with your hygiene."
1593,7,16,116,139,1.2158273381294964,0.04422974626188035,556,Last time I order a mail order bride from another planet.
1593,2,26,111,139,1.2158273381294964,0.03788071252779913,556,How much more space do you need?
1593,4,22,113,139,1.2158273381294964,0.04053982252951266,556,I think it might be too spicy.
1593,1,28,110,139,1.2158273381294964,0.036478541185996534,556,Are you still mad about the HPV?
1593,11,8,120,139,1.2158273381294964,0.04871681550154493,556,I'm making this just for you.
1593,4,22,113,139,1.2158273381294964,0.04053982252951266,556,"When you said I love you to the moon and back, I didn't think you meant it literally."
1593,8,14,117,139,1.2158273381294964,0.04539311477466193,556,I didn't know this is what you meant when you said you need your space.
1593,9,12,118,139,1.2158273381294964,0.04652740357575247,556,I actually think we have some Tang in the cupboard left over from the 60's.
1593,4,22,113,139,1.2158273381294964,0.04053982252951266,556,"I still think the recipe meant to read stir in 'spice,' not in space."
1593,7,16,116,139,1.2158273381294964,0.04422974626188035,556,I trust you'll be joining me for dinner...
1593,7,16,116,139,1.2158273381294964,0.04422974626188035,556,This could give Iron Chef a run for its money
1593,9,12,118,139,1.2158273381294964,0.04652740357575247,556,Can I lick the spoon?
1593,4,22,113,139,1.2158273381294964,0.04053982252951266,556,All right! All right! We'll go organic!
1593,3,24,112,139,1.2158273381294964,0.0392328025530814,556,I didn't think the air between us had become that toxic.
1593,5,20,114,139,1.2158273381294964,0.041805999871785085,556,So you're an orthodox vegan.
1593,7,16,116,139,1.2158273381294964,0.04422974626188035,556,Was the store out of organic?
1593,7,16,116,139,1.2158273381294964,0.04422974626188035,556,"Sorry to pull you back from the Space Station on such short notice, but you know how I love your omelets."
1593,5,20,114,139,1.2158273381294964,0.041805999871785085,556,I don't think a teflon scratch is THAT dangerous.
1593,5,20,114,139,1.2158273381294964,0.041805999871785085,556,Sorry they were out of organic eggs
1593,2,26,111,139,1.2158273381294964,0.03788071252779913,556,so you don't want me to kiss the cook?
1593,9,12,118,139,1.2158273381294964,0.04652740357575247,556,I think you're over reacting to his EPA choice
1593,5,20,114,139,1.2158273381294964,0.041805999871785085,556,"Little heavy on the garlic, don't ya think?"
1593,4,22,113,139,1.2158273381294964,0.04053982252951266,556,I'm pretty sure the label said it was gluten free.
1593,6,18,115,139,1.2158273381294964,0.04303493975637711,556,"So,...what's for dinner?"
1593,6,18,115,139,1.2158273381294964,0.04303493975637711,556,It's only bacon.
1683,4,21,113,138,1.210144927536232,0.04043152736189783,556,"Marge, I could be way off base, but I get the feeling there's something you're not telling me."
1683,8,13,117,138,1.210144927536232,0.045363581163791244,556,Is Walter White coming to dinner?
1683,6,17,115,138,1.210144927536232,0.04296837733042621,556,I'll take mine dark side up.
1683,4,21,113,138,1.210144927536232,0.04043152736189783,556,Do I detect some reluctance to discuss the divorce?
1683,5,19,114,138,1.210144927536232,0.04171923929810908,556,What do you think of my new cologne?
1683,8,13,117,138,1.210144927536232,0.045363581163791244,556,Just like mom used to make it.
1683,6,17,115,138,1.210144927536232,0.04296837733042621,556,I think you're overreacting because I didn't get ORGANIC bell peppers.
1683,6,17,115,138,1.210144927536232,0.04296837733042621,556,"If you have to wear a hazmat suit to prepare it, do you really think we should eat it?"
1683,5,19,114,138,1.210144927536232,0.04171923929810908,556,Would this be the correct time to ask about the make-up sex?
1683,5,19,114,138,1.210144927536232,0.04171923929810908,556,Is this your idea of asking for space ?
1683,6,17,115,138,1.210144927536232,0.04296837733042621,556,I take it you're counting on this recipe going viral?
1683,3,23,112,138,1.210144927536232,0.03910143069017933,556,"I know you said you needed a little space, but this is ridiculous."
1683,5,19,114,138,1.210144927536232,0.04171923929810908,556,So what exactly is molecular gastronomy?
1683,8,13,117,138,1.210144927536232,0.045363581163791244,556,"I think they meant a different kind of yellow cake, hun..."
1683,6,17,115,138,1.210144927536232,0.04296837733042621,556,Run out of aprons?
1683,7,15,116,138,1.210144927536232,0.04418221331267686,556,It looks like your allergy medicine isn't working.
1683,4,21,113,138,1.210144927536232,0.04043152736189783,556,I see we're having liver and onions.
1683,5,19,114,138,1.210144927536232,0.04171923929810908,556,"So, you finally decided to Break Bad."
1683,9,11,118,138,1.210144927536232,0.04651495478661537,556,Smelling the food won't make you fat!
1683,5,19,114,138,1.210144927536232,0.04171923929810908,556,So they were out of organic kale at the co-op?
1683,6,17,115,138,1.210144927536232,0.04296837733042621,556,I appreciate the fact that you're a vegan and making me dinner tonight.
1683,4,21,113,138,1.210144927536232,0.04043152736189783,556,Is my goose cooked yet?
1683,6,17,115,138,1.210144927536232,0.04296837733042621,556,"My favorite, haggis with limburger."
1683,5,19,114,138,1.210144927536232,0.04171923929810908,556,Is the non-stick worth it?
1683,5,19,114,138,1.210144927536232,0.04171923929810908,556,I've no doubt you're going to win the chili contest this year.
1683,6,17,115,138,1.210144927536232,0.04296837733042621,556,"Well anyway,I guess we don't have to worry how this date will end"
1683,8,13,117,138,1.210144927536232,0.045363581163791244,556,"OK, fine, being a housekeeper IS real work."
1683,5,19,114,138,1.210144927536232,0.04171923929810908,556,But does it keep you from crying when dicing onions?
1683,6,17,115,138,1.210144927536232,0.04296837733042621,556,won't a smoke detector be easier ?
1683,8,13,117,138,1.210144927536232,0.045363581163791244,556,"I don't care what you heard at the women's march. Being white, male and middle class is not a communicable disease."
1683,4,21,113,138,1.210144927536232,0.04043152736189783,556,"Figuratively speaking, your cooking is out of this world."
1683,3,23,112,138,1.210144927536232,0.03910143069017933,556,Where did you say you're from?
1683,7,15,116,138,1.210144927536232,0.04418221331267686,556,Discount fish again dear?
1683,8,13,117,138,1.210144927536232,0.045363581163791244,556,That looks like VERY deep sea bass.
1683,4,21,113,138,1.210144927536232,0.04043152736189783,556,I don't think that frying up a couple of not organic eggs for me really requires all that protection.
1683,7,15,116,138,1.210144927536232,0.04418221331267686,556,"OK, I get it. Next time I'll buy organic."
1683,4,21,113,138,1.210144927536232,0.04043152736189783,556,"Hello, future wife."
1683,5,19,114,138,1.210144927536232,0.04171923929810908,556,"Yeah, well, how do I know YOU'RE not the one with cooties?"
1683,6,17,115,138,1.210144927536232,0.04296837733042621,556,"""I'm glad you're enjoying your ""Joy of Limburger"" cookbook."
1683,7,15,116,138,1.210144927536232,0.04418221331267686,556,Does this have anything to do with you insisting I increase my life insurance?
1683,4,21,113,138,1.210144927536232,0.04043152736189783,556,So how is the new posting at the White House press room going?
1683,4,21,113,138,1.210144927536232,0.04043152736189783,556,But I don't like green eggs and ham
1683,4,21,113,138,1.210144927536232,0.04043152736189783,556,What time did mother say she'd get here?
1683,5,19,114,138,1.210144927536232,0.04171923929810908,556,I really am okay without the onions.
1683,4,21,113,138,1.210144927536232,0.04043152736189783,556,I gather you noticed I haven't fixed the range hood yet.
1683,6,17,115,138,1.210144927536232,0.04296837733042621,556,"Hon, Everyone else has got past this whole ""Zika Virus thing"""
1683,1,27,110,138,1.210144927536232,0.036295300472993834,556,I'm glad to see you understand the gravity of the situation.
1683,7,15,116,138,1.210144927536232,0.04418221331267686,556,"So you heard the news, huh?"
1683,5,19,114,138,1.210144927536232,0.04171923929810908,556,"A pinch of dark matter, maybe?"
1683,9,11,118,138,1.210144927536232,0.04651495478661537,556,"Unless you want my mother here every weekend, just keep adding garlic."
1683,5,19,114,138,1.210144927536232,0.04171923929810908,556,You could've told me you didn't like to cook before we got married.
1683,4,21,113,138,1.210144927536232,0.04043152736189783,556,"I swear, they were out of the organics."
1683,6,17,115,138,1.210144927536232,0.04296837733042621,556,It wasn't me.
1683,6,17,115,138,1.210144927536232,0.04296837733042621,556,Another haz-mat special tonight dear?
1683,2,25,111,138,1.210144927536232,0.03772446632123379,556,I think you're taking the toxic effects of non-stick pans too seriously.
1683,6,17,115,138,1.210144927536232,0.04296837733042621,556,Should we just get take-out?
1683,9,11,118,138,1.210144927536232,0.04651495478661537,556,Not Chernobyl cheese sandwiches again!
1683,6,17,115,138,1.210144927536232,0.04296837733042621,556,"Honey, you are out of this world tonight."
1683,7,15,116,138,1.210144927536232,0.04418221331267686,556,I can't believe Monsanto's just giving those things away.
1683,7,15,116,138,1.210144927536232,0.04418221331267686,556,I love it when you make mother's tuna noodle supreme.
1683,3,23,112,138,1.210144927536232,0.03910143069017933,556,There's too much space between us.
1683,6,17,115,138,1.210144927536232,0.04296837733042621,556,"You realize there are still two and a half minutes left on the doomsday clock, right?"
1683,6,17,115,138,1.210144927536232,0.04296837733042621,556,I just have a couple food allergies.
1683,4,21,113,138,1.210144927536232,0.04043152736189783,556,How about one small step for a nice Chablis?
1683,5,19,114,138,1.210144927536232,0.04171923929810908,556,"If you don't want to have sex with me anymore, why don't you just say so?"
1683,4,21,113,138,1.210144927536232,0.04043152736189783,556,"I take it they're enforcing ""dress like a woman"" at NASA?"
1683,6,17,115,138,1.210144927536232,0.04296837733042621,556,"OK, this is the last time I will ask you to use one of my mother's recipes."
1683,8,13,117,138,1.210144927536232,0.045363581163791244,556,PTA night?
1683,4,21,113,138,1.210144927536232,0.04043152736189783,556,You seem to be a bit aloof tonight.
1683,5,19,114,138,1.210144927536232,0.04171923929810908,556,"""I just don't think that's what the cookbook author meant by 'gear up for a great taste adventure' ""."
1683,6,17,115,138,1.210144927536232,0.04296837733042621,556,Will this call for red or white?
1683,6,17,115,138,1.210144927536232,0.04296837733042621,556,Would you like me to take charge of cooking the liver next time?
1683,3,23,112,138,1.210144927536232,0.03910143069017933,556,Maybe we should just take all peanut dishes off the menu rotation.
1683,5,19,114,138,1.210144927536232,0.04171923929810908,556,Liver and onions again?
1683,5,19,114,138,1.210144927536232,0.04171923929810908,556,Had the news on?
1683,3,23,112,138,1.210144927536232,0.03910143069017933,556,"Reading ""Silent Spring"" again?"
1683,4,21,113,138,1.210144927536232,0.04043152736189783,556,I'm eating out tonight.
1683,6,17,115,138,1.210144927536232,0.04296837733042621,556,"""Mmm, my favorite - stuffed mushroom clouds""."
1683,7,15,116,138,1.210144927536232,0.04418221331267686,556,And now you want me to eat it
1683,4,21,113,138,1.210144927536232,0.04043152736189783,556,"OK, I’ll try some breath mints."
1683,9,11,118,138,1.210144927536232,0.04651495478661537,556,I'll bet you're glad that my birthday comes only once a year.
1683,4,21,113,138,1.210144927536232,0.04043152736189783,556,The brussel sprouts aren't going to kill you.
1683,8,13,117,138,1.210144927536232,0.045363581163791244,556,"""On second thought, I think I'll just order out tonight""."
1683,6,17,115,138,1.210144927536232,0.04296837733042621,556,Mushroom cloud for dessert?
1683,5,19,114,138,1.210144927536232,0.04171923929810908,556,Can you hear me now?
1683,6,17,115,138,1.210144927536232,0.04296837733042621,556,Cooking GMO tonight?
1683,3,23,112,138,1.210144927536232,0.03910143069017933,556,Another flambé?
1683,2,25,111,138,1.210144927536232,0.03772446632123379,556,Of course I'm supportive of your applying to NASA.
1771,7,14,115,136,1.2058823529411764,0.04442521690971616,556,Your commitment to sobriety is admirable.
1771,6,16,114,136,1.2058823529411764,0.043181795187343615,556,It would be easier to not use eggs after their expiration date.
1771,5,18,113,136,1.2058823529411764,0.04190149130673101,556,Your interview for the cook's position at Three Mile Island middle school is when?
1771,8,12,116,136,1.2058823529411764,0.04563477138486583,556,Silent Spring vegetables again?
1771,8,12,116,136,1.2058823529411764,0.04563477138486583,556,I'm sorry I forgot about role playing night.
1771,7,14,115,136,1.2058823529411764,0.04442521690971616,556,How do you do it? Your pancakes are out of this world.!
1771,7,14,115,136,1.2058823529411764,0.04442521690971616,556,I just wanted a hamburger; you're taking this vegan stand to the extreme.
1771,7,14,115,136,1.2058823529411764,0.04442521690971616,556,"And I say, it doesn't make you look fat"
1771,4,20,112,136,1.2058823529411764,0.040580814578497756,556,"Most vegans aren't this extreme, dear."
1771,5,18,113,136,1.2058823529411764,0.04190149130673101,556,I am sorry you feel that I am suffocating you.
1771,4,20,112,136,1.2058823529411764,0.040580814578497756,556,I still think a little coriander won't kill you.
1771,5,18,113,136,1.2058823529411764,0.04190149130673101,556,"Trust me, it's going to go great with this Pinot."
1771,5,18,113,136,1.2058823529411764,0.04190149130673101,556,"Okay, so maybe a Limburger omelette wasn't such a good idea."
1771,8,12,116,136,1.2058823529411764,0.04563477138486583,556,"Well, let the launch be a little late. You know I can't cook."
1771,6,16,114,136,1.2058823529411764,0.043181795187343615,556,"Okay Marilyn, I get it. You want more space."
1771,4,20,112,136,1.2058823529411764,0.040580814578497756,556,Maybe you should start watching a different cooking show.
1771,2,24,110,136,1.2058823529411764,0.03780129082593793,556,Next time buy organic
1771,6,16,114,136,1.2058823529411764,0.043181795187343615,556,Don't you think moving to Canada would be much simpler?
1771,6,16,114,136,1.2058823529411764,0.043181795187343615,556,"So, I guess your ride to Mars never showed."
1771,5,18,113,136,1.2058823529411764,0.04190149130673101,556,"Look, if you don't want to cook with onions, you don't have to cook with onions."
1771,6,16,114,136,1.2058823529411764,0.043181795187343615,556,So this says you want a wife support system?
1771,6,16,114,136,1.2058823529411764,0.043181795187343615,556,"So you're saying ""Maybe later tonight"" then?"
1771,6,16,114,136,1.2058823529411764,0.043181795187343615,556,I wish you would tell me when we are going Level 5!
1771,3,22,111,136,1.2058823529411764,0.03921568627450981,556,Can I assume you don't want any more cooking advice from me?
1771,6,16,114,136,1.2058823529411764,0.043181795187343615,556,OK! I will take out the garbage.
1771,5,18,113,136,1.2058823529411764,0.04190149130673101,556,I feel like you would ignore me if you knew I was here.
1771,3,22,111,136,1.2058823529411764,0.03921568627450981,556,"Personally, I would never have thought of frying Kimshi"
1771,5,18,113,136,1.2058823529411764,0.04190149130673101,556,This recipe is gonna be a real blast.
1771,6,16,114,136,1.2058823529411764,0.043181795187343615,556,Maybe we could just skip the onions next time.
1771,4,20,112,136,1.2058823529411764,0.040580814578497756,556,Just a guess... you come from overprotective parents.
1771,6,16,114,136,1.2058823529411764,0.043181795187343615,556,"... and you're sure it's fine for me, right?"
1771,5,18,113,136,1.2058823529411764,0.04190149130673101,556,Maybe next time get the organic?
1771,3,22,111,136,1.2058823529411764,0.03921568627450981,556,Do you really think you can stay in that for four years?
1771,4,20,112,136,1.2058823529411764,0.040580814578497756,556,Aren't you taking your dislike for cooking liver a little far.
1771,4,20,112,136,1.2058823529411764,0.040580814578497756,556,"OK, I get it. The teflon cookware for your birthday was a bad idea."
1771,2,24,110,136,1.2058823529411764,0.03780129082593793,556,"Okay, I get it--no more Trump steaks."
1771,5,18,113,136,1.2058823529411764,0.04190149130673101,556,"According to the new administration's EPA, those fumes aren't really that harmful."
1771,5,18,113,136,1.2058823529411764,0.04190149130673101,556,So. Exactly what is the defining feature of this Tox-Mex?
1771,3,22,111,136,1.2058823529411764,0.03921568627450981,556,"No, they're not Porcini, they're Chernobyl."
1771,6,16,114,136,1.2058823529411764,0.043181795187343615,556,You look ready for a big flash in the pan.
1771,4,20,112,136,1.2058823529411764,0.040580814578497756,556,And I thought the vegan phase was bad
1771,4,20,112,136,1.2058823529411764,0.040580814578497756,556,"Is there something I don't know about, but should?"
1771,3,22,111,136,1.2058823529411764,0.03921568627450981,556,"If you didn't want to cook, you could have just told me."
1771,6,16,114,136,1.2058823529411764,0.043181795187343615,556,Did my ex-wife call again?
1771,7,14,115,136,1.2058823529411764,0.04442521690971616,556,"Jackie Gleason was using a metaphor Alice, I'm being literal."
1771,5,18,113,136,1.2058823529411764,0.04190149130673101,556,Maybe my parents were right. She is a bit weird...
1771,7,14,115,136,1.2058823529411764,0.04442521690971616,556,This new cologne I bought is the best. Nobody buys cologne better than me.
1771,5,18,113,136,1.2058823529411764,0.04190149130673101,556,"I almost forgot, Wednesday is Toxican food night."
1771,5,18,113,136,1.2058823529411764,0.04190149130673101,556,"I'm sorry, the new unit does make you look a little heavier."
1771,6,16,114,136,1.2058823529411764,0.043181795187343615,556,"Look, if you'd rather not cook me chili, just say so."
1771,2,24,110,136,1.2058823529411764,0.03780129082593793,556,"Gee, I like the smell of liver and onions."
1771,6,16,114,136,1.2058823529411764,0.043181795187343615,556,You're not drinking your wine. Is there something the matter?
1771,5,18,113,136,1.2058823529411764,0.04190149130673101,556,Seasoning a cast iron skillet is intense these days!
1771,4,20,112,136,1.2058823529411764,0.040580814578497756,556,So...you didn't get local organic?
1771,2,24,110,136,1.2058823529411764,0.03780129082593793,556,"Blackened, huh?"
1771,5,18,113,136,1.2058823529411764,0.04190149130673101,556,You've gotten away from cooking the way your mother used to.
1771,8,12,116,136,1.2058823529411764,0.04563477138486583,556,You know they have an app for cooking onions
1828,5,18,114,137,1.2043795620437956,0.04162165526152972,556,Cooking up something special?
1828,3,22,112,137,1.2043795620437956,0.03895738405999657,556,How was your first day at NASA?
1828,7,14,116,137,1.2043795620437956,0.0441253509971442,556,This date has no atmosphere.
1828,3,22,112,137,1.2043795620437956,0.03895738405999657,556,Sometimes I feel like you and I come from other planets.
1828,6,16,115,137,1.2043795620437956,0.042891775361546876,556,"Does this mean we're done with the vegan thing, Marge?"
1828,6,16,115,137,1.2043795620437956,0.042891775361546876,556,Are you sure that's how you make Moon Pies?
1828,6,16,115,137,1.2043795620437956,0.042891775361546876,556,"If I admit climate change is real, will you stop with this Rogue NASA nonsense?"
1835,4,19,111,134,1.2014925373134329,0.04072600426006134,556,This wine's pretty good once it's had a chance to breathe.
1835,4,19,111,134,1.2014925373134329,0.04072600426006134,556,How can you hate the smell of bacon that much?
1835,7,13,114,134,1.2014925373134329,0.04466844495718065,556,I thought we were moving to Canada?
1835,4,19,111,134,1.2014925373134329,0.04072600426006134,556,How do you plan to eat that?
1835,5,17,112,134,1.2014925373134329,0.042081210458167456,556,Are you sure the recipe said twenty cloves of garlic?
1835,0,27,107,134,1.2014925373134329,0.03478108710857587,556,Shall I put the Limburger away?
1835,4,19,111,134,1.2014925373134329,0.04072600426006134,556,"If you want to be noticed by NASA, you have to get out more."
1835,7,13,114,134,1.2014925373134329,0.04466844495718065,556,I've always sensed our relationship was toxic.
1835,6,15,113,134,1.2014925373134329,0.043394113935632216,556,"I know you're a vegetarian, but that's a bit much for bacon."
1835,4,19,111,134,1.2014925373134329,0.04072600426006134,556,All this because the onions aren't organic?
1835,6,15,113,134,1.2014925373134329,0.043394113935632216,556,Are you taking this GMO thing too seriously?
1835,6,15,113,134,1.2014925373134329,0.043394113935632216,556,"Oh, for God's sake Martha! It's herring not hazmat!"
1835,5,17,112,134,1.2014925373134329,0.042081210458167456,556,Your mom's stroganoff?
1835,9,9,116,134,1.2014925373134329,0.047113816191864284,556,Another executive order?
1835,6,15,113,134,1.2014925373134329,0.043394113935632216,556,"Honestly, good food, no atmosphere."
1835,5,17,112,134,1.2014925373134329,0.042081210458167456,556,"Well... I don't know, what does the recipe say?"
1835,2,23,109,134,1.2014925373134329,0.03787038053310844,556,There's a space between us.
1835,7,13,114,134,1.2014925373134329,0.04466844495718065,556,Careful.
1835,4,19,111,134,1.2014925373134329,0.04072600426006134,556,Honey. Why don't you just put new batteries in the smoke detector?
1835,4,19,111,134,1.2014925373134329,0.04072600426006134,556,It's 5-alarm chili night.
1835,7,13,114,134,1.2014925373134329,0.04466844495718065,556,Are you really not taking this off for the next 4-8 years?
1835,4,19,111,134,1.2014925373134329,0.04072600426006134,556,"Mmmmm. Liver and onions, my favorite."
1835,5,17,112,134,1.2014925373134329,0.042081210458167456,556,How do you season to taste?
1835,6,15,113,134,1.2014925373134329,0.043394113935632216,556,"Wow, you really meant it when you said dinner would be out of this world..."
1835,4,19,111,134,1.2014925373134329,0.04072600426006134,556,"Ok, I apologize, I shouldn't of said I needed a hazmat suit to eat last nights dinner."
1835,6,15,113,134,1.2014925373134329,0.043394113935632216,556,I see that you're taking eating clean pretty seriously.
1835,5,17,112,134,1.2014925373134329,0.042081210458167456,556,You could try putting your mascara on AFTER you cook the onions.
1835,4,19,111,134,1.2014925373134329,0.04072600426006134,556,It was YOUR idea to serve baked beans.
1835,2,23,109,134,1.2014925373134329,0.03787038053310844,556,Vent still broken?
1835,4,19,111,134,1.2014925373134329,0.04072600426006134,556,New suit?
1835,8,11,115,134,1.2014925373134329,0.04590741580100895,556,"Okay, okay, I get it. Now that I'm the head of the EPA, I have to start taking air pollution more seriously."
1835,8,11,115,134,1.2014925373134329,0.04590741580100895,556,I'm almost sure my 'toxic personality' isn't airborne.
1835,5,17,112,134,1.2014925373134329,0.042081210458167456,556,So-I see you are preparing to go ballistic again.
1835,4,19,111,134,1.2014925373134329,0.04072600426006134,556,"So uh, your not eating with me?"
1835,6,15,113,134,1.2014925373134329,0.043394113935632216,556,I see you've embraced the Lab-to-Table craze.
1835,4,19,111,134,1.2014925373134329,0.04072600426006134,556,Earth to Maybel: I like mine over easy
1835,6,15,113,134,1.2014925373134329,0.043394113935632216,556,"Honey, it's been (number of days Trump in office) days, you can't sustain this."
1835,5,17,112,134,1.2014925373134329,0.042081210458167456,556,I know you're gluten free but I think it's OK to be in the same room as it.
1835,5,17,112,134,1.2014925373134329,0.042081210458167456,556,I didn't really mean to say your cooking was toxic.
1835,4,19,111,134,1.2014925373134329,0.04072600426006134,556,I'm guessing that those beans are genetically modified.
1835,8,11,115,134,1.2014925373134329,0.04590741580100895,556,Should i be concerned now that you are wearing that to bed?
1835,6,15,113,134,1.2014925373134329,0.043394113935632216,556,"Perhaps I should call Judy, Elroy and Astro for dinner?"
1835,7,13,114,134,1.2014925373134329,0.04466844495718065,556,"Sweetie, I promised you my republicanism is not contagious!"
1835,8,11,115,134,1.2014925373134329,0.04590741580100895,556,We gotta get rid of these Trump Steaks.
1835,7,13,114,134,1.2014925373134329,0.04466844495718065,556,"I know the news is toxic, but it's not contagious."
1835,6,15,113,134,1.2014925373134329,0.043394113935632216,556,Onions?
1835,6,15,113,134,1.2014925373134329,0.043394113935632216,556,I promise I won't watch Fox News anymore.
1835,7,13,114,134,1.2014925373134329,0.04466844495718065,556,"Honey, your cooking is to die for."
1835,4,19,111,134,1.2014925373134329,0.04072600426006134,556,"They make onion goggles, you know."
1835,4,19,111,134,1.2014925373134329,0.04072600426006134,556,Are you sure CDC lets you take work home with you?
1835,7,13,114,134,1.2014925373134329,0.04466844495718065,556,"If I could change my vote, I would."
1835,5,17,112,134,1.2014925373134329,0.042081210458167456,556,I TOLD you not to get Trump steaks.
1835,4,19,111,134,1.2014925373134329,0.04072600426006134,556,I'm not eating that...
1835,5,17,112,134,1.2014925373134329,0.042081210458167456,556,"If my breath was that bad, you could have just told me."
1835,4,19,111,134,1.2014925373134329,0.04072600426006134,556,You really have to stop bringing work home with you.
1835,4,19,111,134,1.2014925373134329,0.04072600426006134,556,And I suppose you're cooking your eggs moony side up?
1835,5,17,112,134,1.2014925373134329,0.042081210458167456,556,Let me guess....fresh catch from the Flint River?
1835,6,15,113,134,1.2014925373134329,0.043394113935632216,556,"Look, just lie to you mother about her Easter casserole recipe."
1835,2,23,109,134,1.2014925373134329,0.03787038053310844,556,What if I said I'd floss at least once a week?
1835,2,23,109,134,1.2014925373134329,0.03787038053310844,556,I can turn on the hood
1835,3,21,110,134,1.2014925373134329,0.03932412201634623,556,I know food allergies are difficult.
1835,10,7,117,134,1.2014925373134329,0.048290087251886604,556,There is still two and half minutes on the Doomsday Clock.
1835,6,15,113,134,1.2014925373134329,0.043394113935632216,556,your suit expired 6 months ago
1835,1,25,108,134,1.2014925373134329,0.03635855980492614,556,You're saying tonight isn't date night?
1835,8,11,115,134,1.2014925373134329,0.04590741580100895,556,"Geez, thanks tons for cooking one of mom's recipes for me."
1835,6,15,113,134,1.2014925373134329,0.043394113935632216,556,Just because the cook book called it 'out of this world'...?
1835,6,15,113,134,1.2014925373134329,0.043394113935632216,556,"Muffy, I know you said you needed your own space, but..."
1835,2,23,109,134,1.2014925373134329,0.03787038053310844,556,I wasn't saying we have to have liver and onions.
1835,3,21,110,134,1.2014925373134329,0.03932412201634623,556,So how'd the interview at NASA go?
1835,6,15,113,134,1.2014925373134329,0.043394113935632216,556,"I'm all for farm-to-table, but is mars-to-table really necessary?"
1835,4,19,111,134,1.2014925373134329,0.04072600426006134,556,Forget the flambe and drama.
1835,5,17,112,134,1.2014925373134329,0.042081210458167456,556,"It's not a literal ""nuclear option."""
1835,4,19,111,134,1.2014925373134329,0.04072600426006134,556,"One small step for a woman, one giant leap for dinner."
1835,5,17,112,134,1.2014925373134329,0.042081210458167456,556,"Look, I just need you to give me some space"
1835,4,19,111,134,1.2014925373134329,0.04072600426006134,556,Is kale really worth all that?
1835,5,17,112,134,1.2014925373134329,0.042081210458167456,556,Good God! Kale and sardines again...
1835,3,21,110,134,1.2014925373134329,0.03932412201634623,556,"Let me guess, your recipe is out of this world."
1835,5,17,112,134,1.2014925373134329,0.042081210458167456,556,My sommelier app says this Merlot pairs well with most hazmat recipes.
1835,6,15,113,134,1.2014925373134329,0.043394113935632216,556,"Yes, I have been a bit flatulent lately."
1835,5,17,112,134,1.2014925373134329,0.042081210458167456,556,I asked for it rare not radioactive
1835,6,15,113,134,1.2014925373134329,0.043394113935632216,556,"I wasn't clear what you meant by ""bring your own atmosphere""."
1835,4,19,111,134,1.2014925373134329,0.04072600426006134,556,"Hazmat Hash again, Hazel?"
1835,3,21,110,134,1.2014925373134329,0.03932412201634623,556,Space-to-table tonight?
1835,5,17,112,134,1.2014925373134329,0.042081210458167456,556,It's only bacon.
1835,7,13,114,134,1.2014925373134329,0.04466844495718065,556,"Honey, you should really stop listening to health advice on the internet."
1835,9,9,116,134,1.2014925373134329,0.047113816191864284,556,"For the next four years, I'm living in a vacuum."
1835,5,17,112,134,1.2014925373134329,0.042081210458167456,556,Jalapeno?
1835,5,17,112,134,1.2014925373134329,0.042081210458167456,556,And you wonder why I don't like brussel sprouts!
1835,7,13,114,134,1.2014925373134329,0.04466844495718065,556,I think your cooking is out of this world dear.
1835,8,11,115,134,1.2014925373134329,0.04590741580100895,556,"After the way you acted when I told you I am a Republican, I am quite surprised you invited me over for dinner."
1835,8,11,115,134,1.2014925373134329,0.04590741580100895,556,"Promise me you won't spoil supper by bringing up my affair, will you?"
1835,7,13,114,134,1.2014925373134329,0.04466844495718065,556,Aren't you taking this anti-gluten thing a bit too far?
1835,7,13,114,134,1.2014925373134329,0.04466844495718065,556,"Trump's toxic for men too, you know."
1835,5,17,112,134,1.2014925373134329,0.042081210458167456,556,Natural gas? We don't have natural gas ... oh.
1835,4,19,111,134,1.2014925373134329,0.04072600426006134,556,Very well. I promise to take a shower.
1835,7,13,114,134,1.2014925373134329,0.04466844495718065,556,That's one small step for mayonnaise...
1835,5,17,112,134,1.2014925373134329,0.042081210458167456,556,I think we need some space
1835,4,19,111,134,1.2014925373134329,0.04072600426006134,556,organic would be cheaper...
1835,7,13,114,134,1.2014925373134329,0.04466844495718065,556,Practicing for the apocalypse again?
1835,6,15,113,134,1.2014925373134329,0.043394113935632216,556,I didn't know your cooking could be so hazardous...
1835,6,15,113,134,1.2014925373134329,0.043394113935632216,556,"If you go to Mars then we'll be taking separate vacations this year, Margaret."
1835,6,15,113,134,1.2014925373134329,0.043394113935632216,556,Again with the killer stir-fry?
1835,8,11,115,134,1.2014925373134329,0.04590741580100895,556,"You know, gluten isn't toxic."
1835,5,17,112,134,1.2014925373134329,0.042081210458167456,556,I think you need another drink.
1835,5,17,112,134,1.2014925373134329,0.042081210458167456,556,"Honey, what are you doing back so soon?"
1835,3,21,110,134,1.2014925373134329,0.03932412201634623,556,"You could just turn on the stove vent, you know."
1835,6,15,113,134,1.2014925373134329,0.043394113935632216,556,"Common Gwen, they said weeks ago I was no longer contagious"
1835,4,19,111,134,1.2014925373134329,0.04072600426006134,556,Charles never suspected that the dinner his wife was preparing could be poisonous
1835,5,17,112,134,1.2014925373134329,0.042081210458167456,556,"For your information, meat is not considered a hazmat."
1835,3,21,110,134,1.2014925373134329,0.03932412201634623,556,Trying the Neil Armstrong diet again?
1835,5,17,112,134,1.2014925373134329,0.042081210458167456,556,I Assume you want me to take some Beano
1835,4,19,111,134,1.2014925373134329,0.04072600426006134,556,Brussels sprouts again?
1835,5,17,112,134,1.2014925373134329,0.042081210458167456,556,So.....how else did a year in space affect you?
1835,5,17,112,134,1.2014925373134329,0.042081210458167456,556,When were you planning on telling me about the poison gas leak?
1835,7,13,114,134,1.2014925373134329,0.04466844495718065,556,"Honey, it looks like dinner will be out of this world."
1835,3,21,110,134,1.2014925373134329,0.03932412201634623,556,What time do you have to head back to Venus?
1835,6,15,113,134,1.2014925373134329,0.043394113935632216,556,"Hey Siri, can you cook my steak medium rare?"
1835,1,25,108,134,1.2014925373134329,0.03635855980492614,556,"Geez, a little cilantro isn't going to kill you!"
1835,4,19,111,134,1.2014925373134329,0.04072600426006134,556,I always wanted to see how a vampire cooks with garlic.
1954,5,17,113,135,1.2,0.04179499310101612,556,Need more breathing room?
1954,3,21,111,135,1.2,0.03906027149530451,556,"Is this another entrée from the ""Chernobyl Cookbook?"""
1954,5,17,113,135,1.2,0.04179499310101612,556,"Oh, The Martians called to say they might be a little late."
1957,4,18,111,133,1.1954887218045114,0.04058504514387409,556,What do you say we forget the toxic stew and go out?
1957,6,14,113,133,1.1954887218045114,0.04330113419341102,556,Why the cold shoulder?
1957,4,18,111,133,1.1954887218045114,0.04058504514387409,556,"If you didn't want to cook Mexican, all you had to do was say so."
1957,7,12,114,133,1.1954887218045114,0.04459719037101479,556,A little gluten isn't going to kill you.
1957,3,20,110,133,1.1954887218045114,0.03915641355866945,556,"Ok ok, you can skip the onions next time."
1957,5,16,112,133,1.1954887218045114,0.04196506947311113,556,I might be drunk ... but I'm not radioactive pork chops two nights in a row drunk.
1957,4,18,111,133,1.1954887218045114,0.04058504514387409,556,You shouldn't believe everything you read about Teflon coating.
1957,3,20,110,133,1.1954887218045114,0.03915641355866945,556,How's the chili?
1957,3,20,110,133,1.1954887218045114,0.03915641355866945,556,The division of labor in this household has become toxic
1957,5,16,112,133,1.1954887218045114,0.04196506947311113,556,Five-alarm chili again?
1957,6,14,113,133,1.1954887218045114,0.04330113419341102,556,"A hazmat omelet? Ah, the new EPA cookbook."
1957,5,16,112,133,1.1954887218045114,0.04196506947311113,556,Aren't you overreacting to environmental deregulation?
1957,3,20,110,133,1.1954887218045114,0.03915641355866945,556,Is this because I said we have a toxic relationship?
1957,4,18,111,133,1.1954887218045114,0.04058504514387409,556,"Don't you dare turn your pack on me!"""
1957,8,10,115,133,1.1954887218045114,0.04585663044251377,556,Can I have the Tang before breakfast?
1957,6,14,113,133,1.1954887218045114,0.04330113419341102,556,You do know that you can always find another study with a different conclusion.
1957,7,12,114,133,1.1954887218045114,0.04459719037101479,556,"it's JUST liver & onions, ya'know"
1957,4,18,111,133,1.1954887218045114,0.04058504514387409,556,You really need to stop watching those Chernobyl Cooking Shows.
1957,4,18,111,133,1.1954887218045114,0.04058504514387409,556,I don't think you'd be having such a problem if it was your mother's recipe.
1957,6,14,113,133,1.1954887218045114,0.04330113419341102,556,You're dressing like a woman? I don't get it.
1957,5,16,112,133,1.1954887218045114,0.04196506947311113,556,"Honey, you are not still mad at me, are you??? What exactly is this special surprise dinner you are cooking for me???"
1957,4,18,111,133,1.1954887218045114,0.04058504514387409,556,Making the Chernobyl recipe ?
1957,5,16,112,133,1.1954887218045114,0.04196506947311113,556,"Helen, the fresh tuna was twice as much."
1957,3,20,110,133,1.1954887218045114,0.03915641355866945,556,I think this Barolo will do nicely with the liver and onions.
1957,6,14,113,133,1.1954887218045114,0.04330113419341102,556,Life was better before your appointment as under secretary of the EPA!
1957,6,14,113,133,1.1954887218045114,0.04330113419341102,556,Maybe I should have mentioned this earlier but I don't even like onions.
1957,5,16,112,133,1.1954887218045114,0.04196506947311113,556,"Oh, my What toxic mess are you serving up tonight?"
1957,5,16,112,133,1.1954887218045114,0.04196506947311113,556,Your taking this 'Men are from Mars' thing a little serious aren't you?
1957,5,16,112,133,1.1954887218045114,0.04196506947311113,556,"One of these days, Alice!"
1957,2,22,109,133,1.1954887218045114,0.03767364538009041,556,"Honey, if you can hear me, I poured you a glass of wine the old fashioned way."
1957,4,18,111,133,1.1954887218045114,0.04058504514387409,556,"Honey, I know you don't like liver and onions like I do, but this is over the top."
1957,4,18,111,133,1.1954887218045114,0.04058504514387409,556,"Okay, I get it, I wanted fresh fish."
1957,1,24,108,133,1.1954887218045114,0.03613007597102533,556,Not liver and onions again!
1957,5,16,112,133,1.1954887218045114,0.04196506947311113,556,Is it hot in here or is it just me?
1957,5,16,112,133,1.1954887218045114,0.04196506947311113,556,"I think we should have tossed the ""leftovers."""
1957,4,18,111,133,1.1954887218045114,0.04058504514387409,556,"Yet, another try at Habanera Pepper hash?"
1957,5,16,112,133,1.1954887218045114,0.04196506947311113,556,What have you learned from your Breaking Bad binge?
1957,5,16,112,133,1.1954887218045114,0.04196506947311113,556,Alright! I'll never ask you to make my mother's recipe if you take that damn thing off.
1957,5,16,112,133,1.1954887218045114,0.04196506947311113,556,OK OK - No more liver.
1957,6,14,113,133,1.1954887218045114,0.04330113419341102,556,"A bottle of Stoli, Chernobyl Stroganoff, and thou."
1957,5,16,112,133,1.1954887218045114,0.04196506947311113,556,"Well, add a little Bean-o then."
1957,5,16,112,133,1.1954887218045114,0.04196506947311113,556,"Same roles, new packaging."
1957,7,12,114,133,1.1954887218045114,0.04459719037101479,556,Bob...I swear to God this is the last I'm cooking you haggis.
1957,8,10,115,133,1.1954887218045114,0.04585663044251377,556,"Don't worry, honey. He almost certainly won't be reelected."
1957,4,18,111,133,1.1954887218045114,0.04058504514387409,556,Maybe you should cut back on the garlic some.
1957,6,14,113,133,1.1954887218045114,0.04330113419341102,556,There's being cautious and then there's being a crackpot.
1957,7,12,114,133,1.1954887218045114,0.04459719037101479,556,"I don't want to know, just give me the alternate facts."
1957,6,14,113,133,1.1954887218045114,0.04330113419341102,556,"Ectoplasm, again?"
1957,5,16,112,133,1.1954887218045114,0.04196506947311113,556,"I take it you didn't like my use of the phrase ""barefoot and pregnant."""
1957,3,20,110,133,1.1954887218045114,0.03915641355866945,556,"Zelda, you say you're allergic to dairy, nuts, sulfites, and gluten, but I'm beginning to think you're allergic to me."
1957,3,20,110,133,1.1954887218045114,0.03915641355866945,556,Back to non-organic GMO food?
1957,7,12,114,133,1.1954887218045114,0.04459719037101479,556,"OK, OK, I promise not to fart in the kitchen anymore!"
1957,4,18,111,133,1.1954887218045114,0.04058504514387409,556,Will you be joining me for dinner?
1957,5,16,112,133,1.1954887218045114,0.04196506947311113,556,"I know you said you weren't going to cook bacon in the nude anymore, but..."
1957,5,16,112,133,1.1954887218045114,0.04196506947311113,556,This'll be a nice break from all those freeze-dried meals.
1957,6,14,113,133,1.1954887218045114,0.04330113419341102,556,"Honey, all I said was to wash your hands."
2013,8,10,116,134,1.1940298507462686,0.04553650546129046,556,Is this the new blow dryer you ordered online?
2013,5,16,113,134,1.1940298507462686,0.04167626156127722,556,I didn't realize that making your own Sriracha was so involved.
2013,8,10,116,134,1.1940298507462686,0.04553650546129046,556,So...you're not going to drink a glass of wine.
2013,4,18,112,134,1.1940298507462686,0.040307442576898195,556,Did you remember to remove the poison gland?
2017,4,17,110,131,1.1908396946564885,0.04071369150638141,556,So uh...takeout?
2017,3,19,109,131,1.1908396946564885,0.03924493424609721,556,"Don't you think you're taking 'Don't ever touch me again, you cad' a little too far?"
2017,4,17,110,131,1.1908396946564885,0.04071369150638141,556,"Next time, let's stick with organics."
2017,8,9,114,131,1.1908396946564885,0.04612335552040849,556,It's only gluten.
2017,3,19,109,131,1.1908396946564885,0.03924493424609721,556,Mind if I have your wine too!
2017,5,15,111,131,1.1908396946564885,0.04213127684005191,556,Does your therapist know about this?
2017,7,11,113,131,1.1908396946564885,0.04483217719858914,556,"Open the oven door, Hal!"
2017,7,11,113,131,1.1908396946564885,0.04483217719858914,556,Just stay off Facebook!
2017,5,15,111,131,1.1908396946564885,0.04213127684005191,556,"Okay, I'll scale back on the beans and broccoli."
2017,1,23,107,131,1.1908396946564885,0.03612873149984499,556,You made your point. Only grass fed from now on.
2017,4,17,110,131,1.1908396946564885,0.04071369150638141,556,Cute outfit. Ivanka label?
2017,5,15,111,131,1.1908396946564885,0.04213127684005191,556,out of this world scrambled eggs? I'm intrigued
2017,6,13,112,131,1.1908396946564885,0.04350269302318415,556,Are those the discount veggies from Chernobyl?
2017,5,15,111,131,1.1908396946564885,0.04213127684005191,556,The maybe you just shouldn't make me three-bean chili.
2017,5,15,111,131,1.1908396946564885,0.04213127684005191,556,"Well I might not be worth taking it off for, but this chardonnay certainly is."
2017,3,19,109,131,1.1908396946564885,0.03924493424609721,556,I only meant that dinner could sometimes be a little spicier
2017,3,19,109,131,1.1908396946564885,0.03924493424609721,556,I hate that cutbacks to the CDC force you to work from home.
2017,7,11,113,131,1.1908396946564885,0.04483217719858914,556,Toxic waste again?
2017,6,13,112,131,1.1908396946564885,0.04350269302318415,556,"Just give me a little space, Allen."
2017,5,15,111,131,1.1908396946564885,0.04213127684005191,556,More Tang?
2017,4,17,110,131,1.1908396946564885,0.04071369150638141,556,OK. You win. We'll get rid of the teflon.
2017,5,15,111,131,1.1908396946564885,0.04213127684005191,556,"What exactly are you cooking, and should I be worried?"
2017,4,17,110,131,1.1908396946564885,0.04071369150638141,556,OK! OK! I'll stop the 'Old Spice.'
2017,4,17,110,131,1.1908396946564885,0.04071369150638141,556,"I know it's a wedding present, but there are other nonstick pans out there."
2017,6,13,112,131,1.1908396946564885,0.04350269302318415,556,"If you would hurry up making my lunch, maybe you could still make your launch!"
2017,5,15,111,131,1.1908396946564885,0.04213127684005191,556,So maybe you'd prefer NOT having fish for dinner.
2017,1,23,107,131,1.1908396946564885,0.03612873149984499,556,"Actually, you won't believe the day I'VE had."
2017,7,11,113,131,1.1908396946564885,0.04483217719858914,556,"You good have just said, ""not tonight """
2017,2,21,108,131,1.1908396946564885,0.037719027716580825,556,"When it's my turn to cook, I change out of my work clothes."
2017,3,19,109,131,1.1908396946564885,0.03924493424609721,556,The moment when Fred realized his wife had watched too much Breaking Bad.
2017,4,17,110,131,1.1908396946564885,0.04071369150638141,556,I still don't smell anything
2017,7,11,113,131,1.1908396946564885,0.04483217719858914,556,WANT TO EAT AT HOME TONIGHT OR GO OUT??
2017,4,17,110,131,1.1908396946564885,0.04071369150638141,556,We really should be eating healthier.
2017,5,15,111,131,1.1908396946564885,0.04213127684005191,556,Trying the Fukushima omelette again?
2017,7,11,113,131,1.1908396946564885,0.04483217719858914,556,The gauge still shows one part per million of glutin. I think you ought to change the filter.
2017,4,17,110,131,1.1908396946564885,0.04071369150638141,556,This precaution against having another child is a bit extreme.
2017,5,15,111,131,1.1908396946564885,0.04213127684005191,556,Are these fusion recipes worth it?
2017,6,13,112,131,1.1908396946564885,0.04350269302318415,556,"Honey, that's not how you make moon cakes"
2017,4,17,110,131,1.1908396946564885,0.04071369150638141,556,"Gosh, it's only my family coming to visit!"
2017,5,15,111,131,1.1908396946564885,0.04213127684005191,556,"Mmm, I see we're having fried liver tonight"
2017,4,17,110,131,1.1908396946564885,0.04071369150638141,556,"So, I take it you went with the nuclear option, tonight."
2017,5,15,111,131,1.1908396946564885,0.04213127684005191,556,"So then Bob says, ""You're going to have to get HR to sign off on that."" You should have seen the look Jessica shot him."
2017,3,19,109,131,1.1908396946564885,0.03924493424609721,556,"You deal with the apocalypse your way, I'll do it my way."
2017,6,13,112,131,1.1908396946564885,0.04350269302318415,556,Does white or red go with toxins?
2017,3,19,109,131,1.1908396946564885,0.03924493424609721,556,"You know, sooner or later you have to confront our relationship."
2017,7,11,113,131,1.1908396946564885,0.04483217719858914,556,Next time you could try soaking the onions first.
2017,2,21,108,131,1.1908396946564885,0.037719027716580825,556,Should I give you some space when you're cooking?
2017,5,15,111,131,1.1908396946564885,0.04213127684005191,556,"I'll just ask what's cooking, dear, and let it go at that."
2017,7,11,113,131,1.1908396946564885,0.04483217719858914,556,Are you sure about this new recipe?
2017,6,13,112,131,1.1908396946564885,0.04350269302318415,556,I'm sorry. I take it back. You don't breathe too loudly.
2017,3,19,109,131,1.1908396946564885,0.03924493424609721,556,"Kale again, Hon?"
2017,3,19,109,131,1.1908396946564885,0.03924493424609721,556,Let's make love.
2017,5,15,111,131,1.1908396946564885,0.04213127684005191,556,I love when you cook it the way Mother did!
2017,7,11,113,131,1.1908396946564885,0.04483217719858914,556,Could I have my plutonium sunny side up?
2017,3,19,109,131,1.1908396946564885,0.03924493424609721,556,Following the high altitude cooking instructions?
2017,3,19,109,131,1.1908396946564885,0.03924493424609721,556,OK. You've made your point. We can start buying organic and non-GMO.
2017,4,17,110,131,1.1908396946564885,0.04071369150638141,556,Is it me or the onions?
2017,4,17,110,131,1.1908396946564885,0.04071369150638141,556,"Remember, reduce heat after three half-lifes."
2017,6,13,112,131,1.1908396946564885,0.04350269302318415,556,"Honey, they're just carbs."
2017,5,15,111,131,1.1908396946564885,0.04213127684005191,556,Germanium? I thought the recipe called for a garnish of geranium.
2017,6,13,112,131,1.1908396946564885,0.04350269302318415,556,Carolina Reaper peppers again?
2017,4,17,110,131,1.1908396946564885,0.04071369150638141,556,Don't you think its time to give up the Teflon pans?
2017,7,11,113,131,1.1908396946564885,0.04483217719858914,556,Cooking dinner was her final frontier.
2017,3,19,109,131,1.1908396946564885,0.03924493424609721,556,Is there someone else?
2017,3,19,109,131,1.1908396946564885,0.03924493424609721,556,Think calling it haz-mat hash might make it more palatable?
2017,4,17,110,131,1.1908396946564885,0.04071369150638141,556,"I get the message, dear. I'll change the hood filter."
2017,3,19,109,131,1.1908396946564885,0.03924493424609721,556,We could do take-out.
2017,5,15,111,131,1.1908396946564885,0.04213127684005191,556,That's not how you make yellowcake.
2017,4,17,110,131,1.1908396946564885,0.04071369150638141,556,It's a natural bodily function.
2017,2,21,108,131,1.1908396946564885,0.037719027716580825,556,"Honey, I didn't literally mean you should live in your own bubble."
2017,6,13,112,131,1.1908396946564885,0.04350269302318415,556,Shall I pour your wine into your backpack?
2017,6,13,112,131,1.1908396946564885,0.04350269302318415,556,Wow. Dinner's gonna be outta this world.
2017,6,13,112,131,1.1908396946564885,0.04350269302318415,556,"You know that doesn't make it gluten free, right?"
2017,5,15,111,131,1.1908396946564885,0.04213127684005191,556,"No matter how many alternative facts you offer, it's not an apron and it still stinks."
2017,6,13,112,131,1.1908396946564885,0.04350269302318415,556,It's inspiring to be at the birth of the Lunar Farm to Table Movement
2017,4,17,110,131,1.1908396946564885,0.04071369150638141,556,And I say that it's your fault for serving me baked beans and asparagus.
2017,5,15,111,131,1.1908396946564885,0.04213127684005191,556,"With no FDA, I am not taking any chances."
2017,5,15,111,131,1.1908396946564885,0.04213127684005191,556,I love it when you innovate.
2017,9,7,115,131,1.1908396946564885,0.047379359815834333,556,Guess you won't hear OR smell my bullshit!
2017,6,13,112,131,1.1908396946564885,0.04350269302318415,556,Ovulating again?
2017,6,13,112,131,1.1908396946564885,0.04350269302318415,556,This won't protect you from the news.
2017,5,15,111,131,1.1908396946564885,0.04213127684005191,556,"But honey, you knew I liked lutefisk when you married me."
2017,4,17,110,131,1.1908396946564885,0.04071369150638141,556,I felt closer to you when you were a climate change denier.
2017,3,19,109,131,1.1908396946564885,0.03924493424609721,556,You know I was just kidding about your toxic cooking.
2017,5,15,111,131,1.1908396946564885,0.04213127684005191,556,Are you sure that's health food?
2017,4,17,110,131,1.1908396946564885,0.04071369150638141,556,"Honey, do I take the oxygen out of this room?"
2017,5,15,111,131,1.1908396946564885,0.04213127684005191,556,So… it could kill you to cook a little?
2017,4,17,110,131,1.1908396946564885,0.04071369150638141,556,"Honey, not every ""bio"" thing is a hazard."
2017,5,15,111,131,1.1908396946564885,0.04213127684005191,556,So that's what you were talking about needing some space?
2017,8,9,114,131,1.1908396946564885,0.04612335552040849,556,Hey honey do you smell something burning?
2017,5,15,111,131,1.1908396946564885,0.04213127684005191,556,"You know, they've recently engineered a smokeless bacon."
2017,6,13,112,131,1.1908396946564885,0.04350269302318415,556,Is this another of your mother's cooking tips?
2017,4,17,110,131,1.1908396946564885,0.04071369150638141,556,Now I see why our first date had to be at your house.
2017,2,21,108,131,1.1908396946564885,0.037719027716580825,556,Did you change your hair?
2017,6,13,112,131,1.1908396946564885,0.04350269302318415,556,Onions make me cry too...
2017,4,17,110,131,1.1908396946564885,0.04071369150638141,556,"All I said, dear, was, ""Would it kill you to cook some liver with tofu?"""
2017,3,19,109,131,1.1908396946564885,0.03924493424609721,556,Have things really become that toxic?
2017,6,13,112,131,1.1908396946564885,0.04350269302318415,556,A sprinkle of small pox really brightens the dish.
2017,6,13,112,131,1.1908396946564885,0.04350269302318415,556,You have to open up to me at some point.
2017,5,15,111,131,1.1908396946564885,0.04213127684005191,556,Fish again?
2017,5,15,111,131,1.1908396946564885,0.04213127684005191,556,How about I order takeout?
2017,8,9,114,131,1.1908396946564885,0.04612335552040849,556,Did you become left-handed while in Space?
2017,4,17,110,131,1.1908396946564885,0.04071369150638141,556,"You know, lots of doctors are still skeptical of 'second-hand fat.'"
2017,5,15,111,131,1.1908396946564885,0.04213127684005191,556,"Subtle. Next time I'm in the mood for fish, we can just go out."
2017,2,21,108,131,1.1908396946564885,0.037719027716580825,556,"Honey, wives usually poison their husband's drinks; not their stir fry."
2017,3,19,109,131,1.1908396946564885,0.03924493424609721,556,Perhaps we could eat out tonight.
2017,2,21,108,131,1.1908396946564885,0.037719027716580825,556,I thought you liked cilantro.
2124,6,13,113,132,1.1893939393939394,0.04319607046941939,556,"Is my non-vegan, gluten-rich, immigrant-harvested, GMO-containing dinner ready?"
2125,6,12,111,129,1.186046511627907,0.043701442960386354,556,It's probably just fake news.
2125,7,10,112,129,1.186046511627907,0.045065953310982496,556,The relaxation in EPA regulations hasn't kicked in yet.
2125,5,14,110,129,1.186046511627907,0.042292931865882157,556,Making your mother's cabbage rolls again?
2125,5,14,110,129,1.186046511627907,0.042292931865882157,556,We could get pizza delivered.
2125,7,10,112,129,1.186046511627907,0.045065953310982496,556,Be careful not to burn yourself.
2125,5,14,110,129,1.186046511627907,0.042292931865882157,556,"Honey, it's bacon fat not Ebola."
2125,0,24,105,129,1.186046511627907,0.034395812692439624,556,I'm starting to think our marriage has become a toxic environment.
2125,6,12,111,129,1.186046511627907,0.043701442960386354,556,Wouldn't want that to go to nuclear waste.
2125,6,12,111,129,1.186046511627907,0.043701442960386354,556,It's not like I ask you to fry fish all the time!
2125,6,12,111,129,1.186046511627907,0.043701442960386354,556,Are you sure the recipe calls for THAT much sriracha?
2125,5,14,110,129,1.186046511627907,0.042292931865882157,556,It's OK now -- I took my gas pill.
2125,5,14,110,129,1.186046511627907,0.042292931865882157,556,"Ok, ok. I turned the thermostat up. But you could've just put on a sweater."
2125,3,18,108,129,1.186046511627907,0.03932485249554849,556,Liver and onions again?
2125,7,10,112,129,1.186046511627907,0.045065953310982496,556,"He's not contagious, just an asshole!"
2125,4,16,109,129,1.186046511627907,0.04083586725911914,556,We don't breathe together anymore
2125,4,16,109,129,1.186046511627907,0.04083586725911914,556,Cheers to President Trump for telling us about all the nutrition in toxic waste!
2125,5,14,110,129,1.186046511627907,0.042292931865882157,556,"If you're going to act like that, then stop cooking beans as a side every night"
2125,6,12,111,129,1.186046511627907,0.043701442960386354,556,"Honey, don't you think you might be carrying the potential consequences of the election just a bit far?"
2125,5,14,110,129,1.186046511627907,0.042292931865882157,556,So you read those studies about Teflon?
2125,3,18,108,129,1.186046511627907,0.03932485249554849,556,That's not what I meant when I said the recipe is from a viral video!
2125,6,12,111,129,1.186046511627907,0.043701442960386354,556,"So cod with Brussel sprouts, onions, and kimchi?"
2125,5,14,110,129,1.186046511627907,0.042292931865882157,556,Do you think you might be taking your new OSHA safety inspector job a bit too seriously?
2125,5,14,110,129,1.186046511627907,0.042292931865882157,556,"Honey, let me remind you that you didn't make the cut for the next group of astronauts. I think it's time to move on..."
2125,5,14,110,129,1.186046511627907,0.042292931865882157,556,"...but if you read THIS month's study, they actually say eggs and red wine won't kill you."
2125,3,18,108,129,1.186046511627907,0.03932485249554849,556,"You know, some people take haggis tasting tours!"
2125,5,14,110,129,1.186046511627907,0.042292931865882157,556,Liver again?
2125,2,20,107,129,1.186046511627907,0.03775341034646929,556,I think you're taking this clean food thing too far.
2125,3,18,108,129,1.186046511627907,0.03932485249554849,556,Cooking up some GMOs?
2125,5,14,110,129,1.186046511627907,0.042292931865882157,556,"You're reading those food magazines again, aren't you?"
2125,7,10,112,129,1.186046511627907,0.045065953310982496,556,"I realize you think aprons are tools of the patriarchy that symbolize contemporary male oppression, but so is a fire-proof safety apparatus with self-contained oxygen generator."
2125,3,18,108,129,1.186046511627907,0.03932485249554849,556,I'm taking all precautions without the Affordable Care Act.
2125,4,16,109,129,1.186046511627907,0.04083586725911914,556,"Honey, relax, the President can't grab you here."
2125,3,18,108,129,1.186046511627907,0.03932485249554849,556,Makin' dinner safe again?
2125,2,20,107,129,1.186046511627907,0.03775341034646929,556,I am pretty sure 'nuclear chicken' is just a metaphor.
2125,2,20,107,129,1.186046511627907,0.03775341034646929,556,"Mmmm, that smells out of this world!"
2125,7,10,112,129,1.186046511627907,0.045065953310982496,556,Are you nuking those burgers?
2125,4,16,109,129,1.186046511627907,0.04083586725911914,556,So just leave the onions OUT...
2125,6,12,111,129,1.186046511627907,0.043701442960386354,556,Must be a Trump steak...
2125,5,14,110,129,1.186046511627907,0.042292931865882157,556,You could just say you're tired of cooking.
2125,4,16,109,129,1.186046511627907,0.04083586725911914,556,"Honey, please get a second opinion from a different allergist."
2125,4,16,109,129,1.186046511627907,0.04083586725911914,556,Remind to get the fan fixed.
2125,5,14,110,129,1.186046511627907,0.042292931865882157,556,I'll take this to mean I'm eating alone tonight.
2125,2,20,107,129,1.186046511627907,0.03775341034646929,556,You're wasting the romantic atmosphere.
2125,5,14,110,129,1.186046511627907,0.042292931865882157,556,Don't you think this is taking 'gluten free' a little too far?
2125,3,18,108,129,1.186046511627907,0.03932485249554849,556,Well I hope it tastes better than it smells.
2125,6,12,111,129,1.186046511627907,0.043701442960386354,556,"I heard that you prepare food that is out of this world, but I didn't expect this!"
2125,5,14,110,129,1.186046511627907,0.042292931865882157,556,"OK, I get it. Bacon is evil."
2125,7,10,112,129,1.186046511627907,0.045065953310982496,556,But have you lost weight?
2125,4,16,109,129,1.186046511627907,0.04083586725911914,556,A glass of wine before dinner is the least of my health concerns.
2125,5,14,110,129,1.186046511627907,0.042292931865882157,556,Kinky!
2125,6,12,111,129,1.186046511627907,0.043701442960386354,556,"I swear Margaret, it wasn't me, it was the dog!"
2125,3,18,108,129,1.186046511627907,0.03932485249554849,556,"I fear you've taken the ""Tang"" recipe a tad too seriously, dear..."
2125,4,16,109,129,1.186046511627907,0.04083586725911914,556,Sichuan?
2125,3,18,108,129,1.186046511627907,0.03932485249554849,556,Fewer onions on mine.
2125,5,14,110,129,1.186046511627907,0.042292931865882157,556,"Fine, I'll go gluten-free, too."
2125,5,14,110,129,1.186046511627907,0.042292931865882157,556,"No, it doesn't make you look fat."
2125,5,14,110,129,1.186046511627907,0.042292931865882157,556,"I'm sorry I burnt the toast, but aren't you over-reacting?"
2125,4,16,109,129,1.186046511627907,0.04083586725911914,556,"OK Amy, you win- I'll only fart outside."
2125,5,14,110,129,1.186046511627907,0.042292931865882157,556,Are you being just a bit over dramatic about your GMO concerns?
2125,2,20,107,129,1.186046511627907,0.03775341034646929,556,"Honey, I've been thinking about sex ever since I got home from work."
2125,6,12,111,129,1.186046511627907,0.043701442960386354,556,Perhaps I should have a Beano with dinner tonight?
2125,3,18,108,129,1.186046511627907,0.03932485249554849,556,"This distance between us—it feels like 20,000 leagues."
2125,3,18,108,129,1.186046511627907,0.03932485249554849,556,But all the experts say that GMO foods are completely safe.
2125,5,14,110,129,1.186046511627907,0.042292931865882157,556,I know onions make you cry but isn’t a hazmat suit a bit much?
2125,5,14,110,129,1.186046511627907,0.042292931865882157,556,Don't you believe the label that says it's gluten free?
2125,4,16,109,129,1.186046511627907,0.04083586725911914,556,"Let me guess, are we having Lutefisk or Stinky Tofu?"
2125,4,16,109,129,1.186046511627907,0.04083586725911914,556,Remember when we were oblivious to gluten?
2125,5,14,110,129,1.186046511627907,0.042292931865882157,556,"Of course, you could try using fewer onions..."
2125,7,10,112,129,1.186046511627907,0.045065953310982496,556,Trump steaks for dinner?
2125,3,18,108,129,1.186046511627907,0.03932485249554849,556,I've decided my one night a week to have meat just isn't worth it.
2125,5,14,110,129,1.186046511627907,0.042292931865882157,556,Alternative facts aren't communicable
2125,5,14,110,129,1.186046511627907,0.042292931865882157,556,"Honey, I think ""Trump Steaks"" is just a brand name"
2125,4,16,109,129,1.186046511627907,0.04083586725911914,556,I do love the way you fix those Brussels sprouts!
2125,6,12,111,129,1.186046511627907,0.043701442960386354,556,"So, will we be getting astro-naughty after dinner?"
2125,3,18,108,129,1.186046511627907,0.03932485249554849,556,All I said last night was it needed a little salt.
2125,6,12,111,129,1.186046511627907,0.043701442960386354,556,"I don't know about you, but, I'm ready to take our relationship to the next level."
2125,4,16,109,129,1.186046511627907,0.04083586725911914,556,It's just one small step for Spam.
2125,5,14,110,129,1.186046511627907,0.042292931865882157,556,"I was not being sarcastic, your omelets are out of this world."
2125,2,20,107,129,1.186046511627907,0.03775341034646929,556,You'd think NASA could finally pop for your rations.
2125,4,16,109,129,1.186046511627907,0.04083586725911914,556,Whatever you are cooking sure smells great!
2125,2,20,107,129,1.186046511627907,0.03775341034646929,556,"You know, my mother used to keep a piece of bread in her mouth and it seemed to work just fine."
2125,4,16,109,129,1.186046511627907,0.04083586725911914,556,"Yes, I'm wearing it to bed."
2125,5,14,110,129,1.186046511627907,0.042292931865882157,556,"Ok, I get it! I like garlic and you don't....a little melodramatic don't you think??!!"
2125,2,20,107,129,1.186046511627907,0.03775341034646929,556,What planet are we eating from today honey?
2125,6,12,111,129,1.186046511627907,0.043701442960386354,556,I miss Julia Childs more each day.
2125,6,12,111,129,1.186046511627907,0.043701442960386354,556,"Ok, you've made your point, we'll go organic...."
2125,4,16,109,129,1.186046511627907,0.04083586725911914,556,Your mother's tuna casserole again?
2125,4,16,109,129,1.186046511627907,0.04083586725911914,556,"No, really, it was the dog."
2125,4,16,109,129,1.186046511627907,0.04083586725911914,556,"I asked if you would like to join me in a Tanqueray, not a tank array."
2125,4,16,109,129,1.186046511627907,0.04083586725911914,556,I know you need your space but this is ridiculous.
2125,4,16,109,129,1.186046511627907,0.04083586725911914,556,"Not at all. In fact, it's very slimming."
2125,5,14,110,129,1.186046511627907,0.042292931865882157,556,"Enough with the clean eating, Barb."
2125,3,18,108,129,1.186046511627907,0.03932485249554849,556,"Thanks for doing the garlic, dear"
2125,4,16,109,129,1.186046511627907,0.04083586725911914,556,Maybe just leave out the garlic next time?
2125,6,12,111,129,1.186046511627907,0.043701442960386354,556,"The therapist said ""our relationship is toxic,"" and I think you're taking it too literal."
2125,6,12,111,129,1.186046511627907,0.043701442960386354,556,"I see youve been binge watching ""Iron Chef"" and ""Breaking Bad"" again."
2125,3,18,108,129,1.186046511627907,0.03932485249554849,556,"I really think that you vegans go a little overboard on the ""toxicity of eating meat"" thing."
2125,6,12,111,129,1.186046511627907,0.043701442960386354,556,Using the Alternative Ingredients Cookbook ?
2125,4,16,109,129,1.186046511627907,0.04083586725911914,556,Easy on the strontium 90...it's been giving me heartburn lately.
2125,6,12,111,129,1.186046511627907,0.043701442960386354,556,"First the deodorant under my pillow, now this... I just sense you want to tell me something."
2125,6,12,111,129,1.186046511627907,0.043701442960386354,556,YOU'RE THE ONE WHO MADE ME EAT MORE OF THAT BEAN CASSEROLE.
2125,2,20,107,129,1.186046511627907,0.03775341034646929,556,Really... my liver and onions are that bad?
2125,6,12,111,129,1.186046511627907,0.043701442960386354,556,I'm surprised you're cooking me dinner even after I forgot about Valentine's Day.
2125,2,20,107,129,1.186046511627907,0.03775341034646929,556,"If I had known you were vegan, I wouldn't have asked you to cook steaks."
2229,6,11,111,128,1.1796875,0.04357543033282569,556,"It's very toxic, but the taste is to die for."
2229,6,11,111,128,1.1796875,0.04357543033282569,556,"For the last time, there's no such thing as 'alternative gas.'"
2229,7,9,112,128,1.1796875,0.04496498220564461,556,Is cooking really that much like sex for you?
2229,4,15,109,128,1.1796875,0.04065409126477876,556,Looks more Martian than vegan.
2229,5,13,110,128,1.1796875,0.042140083443533344,556,Trump Steaks again?
2229,5,13,110,128,1.1796875,0.042140083443533344,556,"Honey, your Mars mission isn't until tomorrow--relax."
2229,6,11,111,128,1.1796875,0.04357543033282569,556,"I promise, honey, I showered after leaving the White House. Besides, he was in Russia."
2229,5,13,110,128,1.1796875,0.042140083443533344,556,At least the wine is organic.
2229,6,11,111,128,1.1796875,0.04357543033282569,556,Trust me. After two glasses of wine your cooking smells wonderful.
2229,2,19,107,128,1.1796875,0.03750589479587144,556,And you're sure this goes with white wine?
2229,5,13,110,128,1.1796875,0.042140083443533344,556,Are we having that again?
2229,3,17,108,128,1.1796875,0.039111681637356996,556,"Just because I support the Trumps, you think I'm literally 'toxic'?"
2229,2,19,107,128,1.1796875,0.03750589479587144,556,How about I handle the cooking you do the cleaning.
2229,2,19,107,128,1.1796875,0.03750589479587144,556,"You win, Mary. I'll be happy with tofu."
2229,4,15,109,128,1.1796875,0.04065409126477876,556,Make sure to you remember to tell HAL that Dave sends his regards.
2229,4,15,109,128,1.1796875,0.04065409126477876,556,The chili you made last night was amazing.
2229,5,13,110,128,1.1796875,0.042140083443533344,556,"Aren't you taking this Vegan thing a little too far, Doris?"
2229,4,15,109,128,1.1796875,0.04065409126477876,556,So they say Chernobyl mushrooms are the next truffles?
2229,5,13,110,128,1.1796875,0.042140083443533344,556,"Next time, let's skip the onions."
2229,3,17,108,128,1.1796875,0.039111681637356996,556,"Binge watching Breaking Bad, again honey?"
2229,0,23,105,128,1.1796875,0.03406800775380022,556,"OK, we don't have to have liver and onions."
2229,6,11,111,128,1.1796875,0.04357543033282569,556,It's THAT genetically modified?
2229,4,15,109,128,1.1796875,0.04065409126477876,556,"It's your mother's recipe, isn't it?"
2229,2,19,107,128,1.1796875,0.03750589479587144,556,"I know I said your cooking was dangerous, but in an exciting way."
2229,5,13,110,128,1.1796875,0.042140083443533344,556,I'm so glad you're not letting your peanut allergy become a problem.
2229,7,9,112,128,1.1796875,0.04496498220564461,556,"Honey, I've told you before: I'll be happy to take care of the onions."
2229,4,15,109,128,1.1796875,0.04065409126477876,556,It said cover and simmer for five minutes.
2229,5,13,110,128,1.1796875,0.042140083443533344,556,Just because your dad eats your mother's Chernobyl casserole doesn't mean I have to.
2229,4,15,109,128,1.1796875,0.04065409126477876,556,You know that your not supposed to cook kimchi don't you?
2229,5,13,110,128,1.1796875,0.042140083443533344,556,flambé again?
2229,3,17,108,128,1.1796875,0.039111681637356996,556,"When I said ""Your cooking is out of this world."" I meant it as a compliment!"
2229,5,13,110,128,1.1796875,0.042140083443533344,556,"What's for dinner, Ripley?"
2229,6,11,111,128,1.1796875,0.04357543033282569,556,What's cooking?
2229,3,17,108,128,1.1796875,0.039111681637356996,556,"One small step for Jane, one giant leap for the Smith family."
2229,3,17,108,128,1.1796875,0.039111681637356996,556,"Hey, you're the one who said I need to eat more cruciferous vegetables."
2229,6,11,111,128,1.1796875,0.04357543033282569,556,I see you switched to boxed wine.
2229,3,17,108,128,1.1796875,0.039111681637356996,556,Remember when bacon and eggs were bacon and eggs?
2229,4,15,109,128,1.1796875,0.04065409126477876,556,''I literally didn't mean for you to nuke dinner tonight.'
2229,3,17,108,128,1.1796875,0.039111681637356996,556,"If the President hadn't gutted federal environmental regulation, how would we have learned that toxic waste is so delicious?"
2229,3,17,108,128,1.1796875,0.039111681637356996,556,I find your new attitude towards global warming to be incredibly sexy.
2229,3,17,108,128,1.1796875,0.039111681637356996,556,Really? Blowfish again?
2229,5,13,110,128,1.1796875,0.042140083443533344,556,Is that the emergency cyanide?
2229,5,13,110,128,1.1796875,0.042140083443533344,556,I take it you're serious about leaving the planet.
2229,7,9,112,128,1.1796875,0.04496498220564461,556,"You know, the recipe says you could've substituted pineapple chunks for the dioxin."
2229,6,11,111,128,1.1796875,0.04357543033282569,556,I'll take mine with extra gamma rays and electrons.
2229,5,13,110,128,1.1796875,0.042140083443533344,556,"If you bought organic, you wouldn't need the hazmat suit!"
2229,2,19,107,128,1.1796875,0.03750589479587144,556,"Cooking liver again, I see."
2229,4,15,109,128,1.1796875,0.04065409126477876,556,"First it was Jacques Cousteau, then it was John Glenn, can't just be us now?"
2229,6,11,111,128,1.1796875,0.04357543033282569,556,"Do you think it's going to be a long, long time before dinner's ready?"
2229,6,11,111,128,1.1796875,0.04357543033282569,556,So why did your pour two glasses of wine?
2229,1,21,106,128,1.1796875,0.035828210231268656,556,"It's hard to tell if you are mad at me or just can't hear me, and something tells me you designed it that way."
2229,5,13,110,128,1.1796875,0.042140083443533344,556,Moonlightning?
2229,7,9,112,128,1.1796875,0.04496498220564461,556,"Oh, no. We talk. You just don't listen."
2229,4,15,109,128,1.1796875,0.04065409126477876,556,So we're having your hot chili for dinner?
2229,2,19,107,128,1.1796875,0.03750589479587144,556,New recipe?
2229,6,11,111,128,1.1796875,0.04357543033282569,556,Well if you wouldn't make me eat broccoli twice a day...
2229,4,15,109,128,1.1796875,0.04065409126477876,556,Fry me to the moon ... I'll be here all week.
2229,6,11,111,128,1.1796875,0.04357543033282569,556,Just because you're from Venus doesn't mean you have to move there.
2229,4,15,109,128,1.1796875,0.04065409126477876,556,Now we're Mars to table?
2288,4,15,110,129,1.178294573643411,0.04036175503809792,556,"You're not actually allergic to gluten, honey. Relax."
2289,5,12,109,126,1.1746031746031746,0.042283044865453784,556,"So how was Venus, Dear?"
2289,4,14,108,126,1.1746031746031746,0.04075379437684117,556,"I know you're upset that Trump has halted climate change research, but..."
2289,5,12,109,126,1.1746031746031746,0.042283044865453784,556,What's your next wish?
2289,2,18,106,126,1.1746031746031746,0.03750871234982077,556,The wine needs to breathe a bit.
2289,6,10,110,126,1.1746031746031746,0.04375888492727054,556,When is this fucking acid going to wear off?
2289,3,16,107,126,1.1746031746031746,0.03916487749407272,556,I see you are already dressed for your meeting with the President.
2289,5,12,109,126,1.1746031746031746,0.042283044865453784,556,When I said explore the kitchen for a change this isn't what I meant
2289,4,14,108,126,1.1746031746031746,0.04075379437684117,556,"After 30 years of marriage, she finally indulged his ""nuclear winter"" fantasy"
2289,4,14,108,126,1.1746031746031746,0.04075379437684117,556,I poured you a glass of pinot.
2289,5,12,109,126,1.1746031746031746,0.042283044865453784,556,Can I help it if I like my food spicy?
2289,4,14,108,126,1.1746031746031746,0.04075379437684117,556,She's so vegan she can't even smell the bacon.
2289,5,12,109,126,1.1746031746031746,0.042283044865453784,556,More garlic.
2289,3,16,107,126,1.1746031746031746,0.03916487749407272,556,"When I said salmon, it was just a suggestion."
2289,3,16,107,126,1.1746031746031746,0.03916487749407272,556,"So, what do you think of my new after shave?"
2289,3,16,107,126,1.1746031746031746,0.03916487749407272,556,Not what I meant when I said we really needed to spice things up.
2289,3,16,107,126,1.1746031746031746,0.03916487749407272,556,Subtle. But I'm still going to eat those sausages.
2289,4,14,108,126,1.1746031746031746,0.04075379437684117,556,Well then maybe you should stop cooking beans.
2289,2,18,106,126,1.1746031746031746,0.03750871234982077,556,I think you should stop reading those survivalist blogs.
2289,3,16,107,126,1.1746031746031746,0.03916487749407272,556,"Look, nobody hates it that he breathes the same air as you more than me."
2289,6,10,110,126,1.1746031746031746,0.04375888492727054,556,"Angie loved to cook, but she needed Phil to understand--she was a modern woman."
2289,3,16,107,126,1.1746031746031746,0.03916487749407272,556,Can you hear the smoke detector with that thing on your head?
2289,4,14,108,126,1.1746031746031746,0.04075379437684117,556,"Our marriage has become a cartoon-like parody of itself with the caption having you say something like ""I need more space."""
2289,5,12,109,126,1.1746031746031746,0.042283044865453784,556,I'd like mine solar-flare side up.
2289,3,16,107,126,1.1746031746031746,0.03916487749407272,556,"Doesn't smell that good to me, either."
2289,3,16,107,126,1.1746031746031746,0.03916487749407272,556,I take it they were out of the non-GMO onions.
2289,7,8,111,126,1.1746031746031746,0.045186548187068146,556,"Haggis, eat your heart out."
2289,3,16,107,126,1.1746031746031746,0.03916487749407272,556,We all wanted to support your decision to go vegan.
2289,2,18,106,126,1.1746031746031746,0.03750871234982077,556,"Oh please. We will not defund NASA, too."
2289,2,18,106,126,1.1746031746031746,0.03750871234982077,556,Maybe just a salad?
2289,4,14,108,126,1.1746031746031746,0.04075379437684117,556,Is this our last meal?
2289,5,12,109,126,1.1746031746031746,0.042283044865453784,556,"You know, most accidents happen at home and they're called dinner."
2289,3,16,107,126,1.1746031746031746,0.03916487749407272,556,"""I take it you're from Planet of the Crepes, Suzette."
2289,3,16,107,126,1.1746031746031746,0.03916487749407272,556,"Honey, dear: he's only been in office two weeks."
2289,6,10,110,126,1.1746031746031746,0.04375888492727054,556,"Honey, have you seen the rat poison that I keep in the garage?"
2289,6,10,110,126,1.1746031746031746,0.04375888492727054,556,I think I have figured out why you are not drinking your wine.
2289,4,14,108,126,1.1746031746031746,0.04075379437684117,556,I love a good homemade organic meal.
2289,2,18,106,126,1.1746031746031746,0.03750871234982077,556,I just want a nuclear family.
2289,2,18,106,126,1.1746031746031746,0.03750871234982077,556,"Honey, should I just cook if the bacon is that scary?"
2289,5,12,109,126,1.1746031746031746,0.042283044865453784,556,Enjoying your new freedom from food regulations?
2289,4,14,108,126,1.1746031746031746,0.04075379437684117,556,"You know, out of the frying pan and into the fire is just an expression."
2289,4,14,108,126,1.1746031746031746,0.04075379437684117,556,"Frankly, I don't think cooked cabbage smells that bad."
2289,4,14,108,126,1.1746031746031746,0.04075379437684117,556,"No, I don't think lamb chops smell like feet, but thank you for making them all the same."
2289,3,16,107,126,1.1746031746031746,0.03916487749407272,556,I did not know that Williams-Sonoma sold habanero cooking suits.
2289,4,14,108,126,1.1746031746031746,0.04075379437684117,556,Aren't you taking this gluten obsession a bit far?
2289,4,14,108,126,1.1746031746031746,0.04075379437684117,556,"Despite how you feel, you are still the very air I breathe."
2289,4,14,108,126,1.1746031746031746,0.04075379437684117,556,If you would just learn to cook you wouldn't need the suit...and I wouldn't need the wine.
2289,4,14,108,126,1.1746031746031746,0.04075379437684117,556,Is this from your Jacques Cousteau Cookbook again?
2289,5,12,109,126,1.1746031746031746,0.042283044865453784,556,"So how's that ""let's try GMOs"" working out?"
2289,3,16,107,126,1.1746031746031746,0.03916487749407272,556,Shall I bring you the Geiger counter?
2289,5,12,109,126,1.1746031746031746,0.042283044865453784,556,Blue Apron?
2289,5,12,109,126,1.1746031746031746,0.042283044865453784,556,This new diet really suits you.
2289,5,12,109,126,1.1746031746031746,0.042283044865453784,556,You know I get gassy when I drink...
2289,4,14,108,126,1.1746031746031746,0.04075379437684117,556,Well I know one company that hopes climate change is real.
2289,3,16,107,126,1.1746031746031746,0.03916487749407272,556,"All right, I won't buy GMO foods anymore."
2289,5,12,109,126,1.1746031746031746,0.042283044865453784,556,"So, I spent all morning getting estimates on new A/C unit and I think I finally figured out why toilet won't flush...how was your day?"
2289,3,16,107,126,1.1746031746031746,0.03916487749407272,556,"After Flint, you just can't be too safe."
2289,4,14,108,126,1.1746031746031746,0.04075379437684117,556,I hate the smell of cabbage.
2289,5,12,109,126,1.1746031746031746,0.042283044865453784,556,Seriously... who has been giving you cooking lessons?
2289,3,16,107,126,1.1746031746031746,0.03916487749407272,556,"I am not aloof. I just need my own space."""
2289,3,16,107,126,1.1746031746031746,0.03916487749407272,556,"You didn't have to take my ""toxic waste"" comment so personally."
2289,1,20,105,126,1.1746031746031746,0.03577596085582426,556,I was being sarcastic.
2289,5,12,109,126,1.1746031746031746,0.042283044865453784,556,"No, I have always supported your dream of becoming an astronaut."
2289,3,16,107,126,1.1746031746031746,0.03916487749407272,556,I’m guessing that our relationship is on the back burner?
2289,3,16,107,126,1.1746031746031746,0.03916487749407272,556,Kale again?!?!
2289,4,14,108,126,1.1746031746031746,0.04075379437684117,556,What's the ETA?
2289,3,16,107,126,1.1746031746031746,0.03916487749407272,556,"The sarcasm notwithstanding, I’m looking forward to the fish and scrapple."
2289,1,20,105,126,1.1746031746031746,0.03577596085582426,556,I'll get the Rolaids.
2289,7,8,111,126,1.1746031746031746,0.045186548187068146,556,"Look, just start over again and this time leave out the PCBs."
2289,6,10,110,126,1.1746031746031746,0.04375888492727054,556,You really are allergic to cooking.
2289,7,8,111,126,1.1746031746031746,0.045186548187068146,556,'Let me do that Kellyanne while you get out of those work clothes'.
2289,4,14,108,126,1.1746031746031746,0.04075379437684117,556,I really don't understand the gravity of the situation.
2289,6,10,110,126,1.1746031746031746,0.04375888492727054,556,"What's for dinner, Darth Mater?"
2289,6,10,110,126,1.1746031746031746,0.04375888492727054,556,I love your omelets seasoned with fresh uranium.
2289,5,12,109,126,1.1746031746031746,0.042283044865453784,556,You made your point--I'll settle for the tofurkey....!
2289,4,14,108,126,1.1746031746031746,0.04075379437684117,556,No wiggle room on cilantro?
2289,2,18,106,126,1.1746031746031746,0.03750871234982077,556,The GMO steaks putting up a fight again?
2289,2,18,106,126,1.1746031746031746,0.03750871234982077,556,You knew what you were in for when you married a cardiologist.
2289,2,18,106,126,1.1746031746031746,0.03750871234982077,556,Since when does a flambe require a hazmat suit?
2289,5,12,109,126,1.1746031746031746,0.042283044865453784,556,Not sure how to turn you on . . . ?!
2289,2,18,106,126,1.1746031746031746,0.03750871234982077,556,Maybe you should try using less onions and spice next time.
2289,4,14,108,126,1.1746031746031746,0.04075379437684117,556,"It may by gluten free, but are you sure Plutonium is wholesome?"
2289,3,16,107,126,1.1746031746031746,0.03916487749407272,556,"Are we having '20,000 Legumes Under the Peas'?"
2289,4,14,108,126,1.1746031746031746,0.04075379437684117,556,I'm guessing I don't have to lie that dinner smells good.
2289,3,16,107,126,1.1746031746031746,0.03916487749407272,556,"Wow, Doris, do they really eat 'Hamburger Helper' on the International Space Station?"
2373,2,18,107,127,1.1732283464566928,0.03723758442636028,556,It appears to me you think our relationship has become too caustic.
2373,4,14,109,127,1.1732283464566928,0.040454992866345574,556,Do you ever feel like we live in a vacuum?
2373,5,12,110,127,1.1732283464566928,0.041971309543174275,556,"OK, I get it. I’ll shop organic for now on."
2373,7,8,112,127,1.1732283464566928,0.04485041336124689,556,"After a day with the estate planning lawyer, Bob ventured in the kitchen to see what was for dinner."
2373,6,10,111,127,1.1732283464566928,0.04343472345626058,556,Now you're allergic to your own cooking?
2373,4,14,109,127,1.1732283464566928,0.040454992866345574,556,Not in the mood for a quickie?
2373,4,14,109,127,1.1732283464566928,0.040454992866345574,556,Am I allowed conjugal visits ?
2373,4,14,109,127,1.1732283464566928,0.040454992866345574,556,Whoever heard of an entire chastity suit?
2373,2,18,107,127,1.1732283464566928,0.03723758442636028,556,Curry Night?
2373,6,10,111,127,1.1732283464566928,0.04343472345626058,556,Guess you are not taking Any chances with the no abortion law.
2373,6,10,111,127,1.1732283464566928,0.04343472345626058,556,I wish you wouldn't take the Senate's nuclear option so literally.
2373,4,14,109,127,1.1732283464566928,0.040454992866345574,556,Did you get your hair done?
2373,5,12,110,127,1.1732283464566928,0.041971309543174275,556,Calories do not fly through the air!
2373,1,20,106,127,1.1732283464566928,0.035519759528429076,556,"Aren't you overdoing the ""I am not a housewife routine?"""
2373,5,12,110,127,1.1732283464566928,0.041971309543174275,556,You might want to use a bit less Ghost Pepper.
2373,4,14,109,127,1.1732283464566928,0.040454992866345574,556,Still allergic to cooking?
2373,5,12,110,127,1.1732283464566928,0.041971309543174275,556,Is procreation still allowed?
2390,4,13,107,124,1.1693548387096775,0.04084373416708891,556,I told my dad not to make you pull his finger this time.
2390,5,11,108,124,1.1693548387096775,0.04241863934962231,556,I really appreciate you came back for dinner.
2390,3,15,106,124,1.1693548387096775,0.0392056153777788,556,I'm pretty sure the label said irradiated meat.
2390,3,15,106,124,1.1693548387096775,0.0392056153777788,556,I'm just concerned over your decision to fashion the helmet out of a working food processor.
2390,5,11,108,124,1.1693548387096775,0.04241863934962231,556,You signed up to help Elon Musk colonize Mars? I guess asking for a divorce like a normal person was out of the question.
2390,6,9,109,124,1.1693548387096775,0.04393712903496115,556,"I know you can’t help bringing the job home with you, I’m just suggesting that if you quit referring to us all as ‘Earthlings’ you might feel a little less isolated."
2390,5,11,108,124,1.1693548387096775,0.04241863934962231,556,Is it spicy?
2390,6,9,109,124,1.1693548387096775,0.04393712903496115,556,(a) I can make my own quinoa and (b) your doctor has told you on numerous occasions that you aren't allergic to gluten.
2390,3,15,106,124,1.1693548387096775,0.0392056153777788,556,I really appreciate you making my brussel sprouts.
2390,3,15,106,124,1.1693548387096775,0.0392056153777788,556,Aren't you overreacting just a bit? Kale and quinoa are not that far out of culinary fashion.
2390,1,19,104,124,1.1693548387096775,0.03570461580842631,556,"Okay, you win. No more gluten."
2390,4,13,107,124,1.1693548387096775,0.04084373416708891,556,"Wait, you said you got this recipe off an episode of Dateline?"
2390,2,17,105,124,1.1693548387096775,0.037495998901067105,556,But I thought you loved liver and onions.
2390,5,11,108,124,1.1693548387096775,0.04241863934962231,556,"Sure, he'll let you back in from Mars now, but who knows in two years?"
2390,3,15,106,124,1.1693548387096775,0.0392056153777788,556,"Leftovers tonight, I see."
2390,3,15,106,124,1.1693548387096775,0.0392056153777788,556,Space diet tonight?
2390,7,7,110,124,1.1693548387096775,0.045404863741633744,556,Between the glasses of wine and this protective device I was hoping I wouldn't be able to hear his inane ramblings anymore.
2390,4,13,107,124,1.1693548387096775,0.04084373416708891,556,How long until liftoff?
2390,6,9,109,124,1.1693548387096775,0.04393712903496115,556,"Your words say you don't mind cooking the bacon, but your CDC suit says that you do."
2390,6,9,109,124,1.1693548387096775,0.04393712903496115,556,I hate when our dinner guest are gluten free.
2390,4,13,107,124,1.1693548387096775,0.04084373416708891,556,What now? Gluten free wasn't enough for you.
2390,3,15,106,124,1.1693548387096775,0.0392056153777788,556,If you didn't want to make saganaki you just should have said so.
2390,3,15,106,124,1.1693548387096775,0.0392056153777788,556,Hazmat and eggs this morning?
2390,3,15,106,124,1.1693548387096775,0.0392056153777788,556,My mother would just put a spoon on her nose
2390,6,9,109,124,1.1693548387096775,0.04393712903496115,556,I think we need a little less space.
2390,3,15,106,124,1.1693548387096775,0.0392056153777788,556,Why not get rid of the Teflon pans?
2390,6,9,109,124,1.1693548387096775,0.04393712903496115,556,Isn't that a bit much for a product labeled GMO?
2390,5,11,108,124,1.1693548387096775,0.04241863934962231,556,It's a surprise.
2390,4,13,107,124,1.1693548387096775,0.04084373416708891,556,"One small egg in the pan, one giant leap for my cholesterol."
2390,6,9,109,124,1.1693548387096775,0.04393712903496115,556,I still can't believe you're the head of The Department of Education.
2390,6,9,109,124,1.1693548387096775,0.04393712903496115,556,"But, the FDA assured us it's safe."
2390,3,15,106,124,1.1693548387096775,0.0392056153777788,556,My stir fry is out of this world.
2390,5,11,108,124,1.1693548387096775,0.04241863934962231,556,We’re out of Purell.
2390,2,17,105,124,1.1693548387096775,0.037495998901067105,556,"You know, I'm no longer HIV positive."
2390,2,17,105,124,1.1693548387096775,0.037495998901067105,556,All right. I get it. You really don't like broccoli.
2390,3,15,106,124,1.1693548387096775,0.0392056153777788,556,Are you hiding an inconvenient truth?
2390,3,15,106,124,1.1693548387096775,0.0392056153777788,556,Is this one of those recipes from the CDC cookbook.
2390,1,19,104,124,1.1693548387096775,0.03570461580842631,556,"So, cod isn't your favorite?"
2390,3,15,106,124,1.1693548387096775,0.0392056153777788,556,It's a 1997 cab Margaret..don't you dare ask for the straw!
2390,3,15,106,124,1.1693548387096775,0.0392056153777788,556,Don't feel like you have to do gluten just for me.
2390,3,15,106,124,1.1693548387096775,0.0392056153777788,556,Hail the era of a weakened FDA
2390,4,13,107,124,1.1693548387096775,0.04084373416708891,556,You should know it just doesn't smell right.
2390,3,15,106,124,1.1693548387096775,0.0392056153777788,556,Does NYFD know you're attempting creme brulee again?
2390,2,17,105,124,1.1693548387096775,0.037495998901067105,556,"Aren’t you being a bit premature, Honey? Environmental deregulation won’t make it to our kitchen for another eleven months or so!"
2390,0,21,103,124,1.1693548387096775,0.033818474928148747,556,"You knew before we married l liked liver and bacon curry,why the bid deal now all of a sudden ?"
2390,4,13,107,124,1.1693548387096775,0.04084373416708891,556,"I'm just saying, Julia Child would be appalled."
2390,4,13,107,124,1.1693548387096775,0.04084373416708891,556,I prefer Tuesday night S&M cuisine.
2390,6,9,109,124,1.1693548387096775,0.04393712903496115,556,When I said you're a space cadet I did not mean that I thought you were an astronaut
2390,4,13,107,124,1.1693548387096775,0.04084373416708891,556,Thank you for cooking the bacon.
2390,1,19,104,124,1.1693548387096775,0.03570461580842631,556,"That was E.T. who just called. He said ""Phone Home."""
2390,3,15,106,124,1.1693548387096775,0.0392056153777788,556,Just eliminate the habaneros.
2390,5,11,108,124,1.1693548387096775,0.04241863934962231,556,There's no more romance in our marriage.
2390,2,17,105,124,1.1693548387096775,0.037495998901067105,556,"Honey, if you really don't want to make that limburger cheese omelet for me, just say so!"
2390,2,17,105,124,1.1693548387096775,0.037495998901067105,556,You make me feel so vulnerable.
2390,5,11,108,124,1.1693548387096775,0.04241863934962231,556,I don't think that's how sous vide works.
2390,3,15,106,124,1.1693548387096775,0.0392056153777788,556,"Don't worry honey, I'm sure I followed the Meth Lab Tutorial to the T"
2390,5,11,108,124,1.1693548387096775,0.04241863934962231,556,"Mary's passive aggressive plea for ""some space"" was not getting through to Frederick."
2390,3,15,106,124,1.1693548387096775,0.0392056153777788,556,Your cooking technique is out of this world.
2390,5,11,108,124,1.1693548387096775,0.04241863934962231,556,"Dear, I am ready for the fusion cuisine"
2390,3,15,106,124,1.1693548387096775,0.0392056153777788,556,There must be faster ways to kill me than to expose me to Teflon fumes.
2390,6,9,109,124,1.1693548387096775,0.04393712903496115,556,"It will taste fine, dear."
2390,3,15,106,124,1.1693548387096775,0.0392056153777788,556,I think you're really taking this gluten allergy too far.
2390,4,13,107,124,1.1693548387096775,0.04084373416708891,556,Is this your way of saying you detest liver and onions?
2390,2,17,105,124,1.1693548387096775,0.037495998901067105,556,Not liver and onions again!
2390,2,17,105,124,1.1693548387096775,0.037495998901067105,556,Maybe it's time to stop cooking with a no-stick pan.
2390,2,17,105,124,1.1693548387096775,0.037495998901067105,556,How much beer does that hold?
2390,4,13,107,124,1.1693548387096775,0.04084373416708891,556,Have you tried putting the onions in the fridge before you slice them?
2390,5,11,108,124,1.1693548387096775,0.04241863934962231,556,I can't hear you through that helmet...I suck all the *what* out of the room?
2390,5,11,108,124,1.1693548387096775,0.04241863934962231,556,Would you like some alcohol? It will calm your nerves and kill the germs. It works for me.
2390,3,15,106,124,1.1693548387096775,0.0392056153777788,556,Let me guess - haz mat stir fry?
2390,3,15,106,124,1.1693548387096775,0.0392056153777788,556,This long-distance thing isn’t working for me anymore.
2390,3,15,106,124,1.1693548387096775,0.0392056153777788,556,"You know how people say, Nothing can come between us? They're wrong."
2390,4,13,107,124,1.1693548387096775,0.04084373416708891,556,Mother-in-law chili again?
2390,2,17,105,124,1.1693548387096775,0.037495998901067105,556,"Clearly, you aren't as much of a garlic lover as I am."
2390,5,11,108,124,1.1693548387096775,0.04241863934962231,556,And you expect me to eat that?
2390,3,15,106,124,1.1693548387096775,0.0392056153777788,556,Really? I ask for extra garlic and you put on the hazmat suit?
2390,3,15,106,124,1.1693548387096775,0.0392056153777788,556,"Dear, I really appreciate you cooking liver and onions for me, but do you have to be so dramatic?"
2390,5,11,108,124,1.1693548387096775,0.04241863934962231,556,I just love our gluten nights together
2390,4,13,107,124,1.1693548387096775,0.04084373416708891,556,But the cilantro adds a special zing.
2390,5,11,108,124,1.1693548387096775,0.04241863934962231,556,That's serious gluten intolerance
2390,3,15,106,124,1.1693548387096775,0.0392056153777788,556,Allergies bothering you again?
2390,1,19,104,124,1.1693548387096775,0.03570461580842631,556,Don't be ridiculous. I adore your five-alarm chili.
2390,4,13,107,124,1.1693548387096775,0.04084373416708891,556,GMO for dinner again?
2390,4,13,107,124,1.1693548387096775,0.04084373416708891,556,"Alright, I'm sorry. Next time I'll get gluten-free."
2390,6,9,109,124,1.1693548387096775,0.04393712903496115,556,Most people just drink wine from a glass.
2390,4,13,107,124,1.1693548387096775,0.04084373416708891,556,Decent of you to scramble my eggs one last time before you run off with Elon Musk...
2390,2,17,105,124,1.1693548387096775,0.037495998901067105,556,So what's this new dish you're making me?
2390,5,11,108,124,1.1693548387096775,0.04241863934962231,556,"... but I got it on sale from the Trump Catalogue. It was in the ""Ivanka's favorites"" section..."
2390,2,17,105,124,1.1693548387096775,0.037495998901067105,556,"Let me guess, ""Blue Apron Skunk Burgers?"""
2390,4,13,107,124,1.1693548387096775,0.04084373416708891,556,OK you made your point.
2390,5,11,108,124,1.1693548387096775,0.04241863934962231,556,Rough day at the power plant?
2390,2,17,105,124,1.1693548387096775,0.037495998901067105,556,Can you hear me now?
2390,7,7,110,124,1.1693548387096775,0.045404863741633744,556,Still trying to one-up my mother with her own recipe I see !
2390,2,17,105,124,1.1693548387096775,0.037495998901067105,556,You can just tell me if you don't like my new recipe
2390,3,15,106,124,1.1693548387096775,0.0392056153777788,556,On our planet we tend to value the cooking skills of the female species.
2390,3,15,106,124,1.1693548387096775,0.0392056153777788,556,So when do you plan to return to Venus?
2390,5,11,108,124,1.1693548387096775,0.04241863934962231,556,"So what I farted, get over yourself"
2390,2,17,105,124,1.1693548387096775,0.037495998901067105,556,You go too far. I had only a sniffle.
2390,4,13,107,124,1.1693548387096775,0.04084373416708891,556,"OK, so you're a vegan and I'm not. You don't have to rub it in."
2390,3,15,106,124,1.1693548387096775,0.0392056153777788,556,Wouldn't it just be simpler to use cast iron?
2390,2,17,105,124,1.1693548387096775,0.037495998901067105,556,Another recipe from the NASA cookbook?
2390,4,13,107,124,1.1693548387096775,0.04084373416708891,556,Are you sure they said it was safe for me not to have one?
2390,3,15,106,124,1.1693548387096775,0.0392056153777788,556,I had nearly forgotten that you're vegan.
2390,5,11,108,124,1.1693548387096775,0.04241863934962231,556,"A little heavy on the bromine chloride, I think."
2390,2,17,105,124,1.1693548387096775,0.037495998901067105,556,"So, I suck the oxygen out of the room, and you add sriracha sauce?"
2390,5,11,108,124,1.1693548387096775,0.04241863934962231,556,So you really have entered the World's Hottest Chili Cook-off.
2390,4,13,107,124,1.1693548387096775,0.04084373416708891,556,You get so dramatic when you cook cauliflower.
2390,5,11,108,124,1.1693548387096775,0.04241863934962231,556,"I know you're worried about the water in Flint, but this is a little much."
2390,5,11,108,124,1.1693548387096775,0.04241863934962231,556,"Next time I want fish for dinner, maybe we should just go out."
2390,4,13,107,124,1.1693548387096775,0.04084373416708891,556,Maybe you're taking this gluten alergy thing a little too far?
2390,3,15,106,124,1.1693548387096775,0.0392056153777788,556,Just don't use onions.
2390,4,13,107,124,1.1693548387096775,0.04084373416708891,556,You makin' somethin' out of this world?
2390,3,15,106,124,1.1693548387096775,0.0392056153777788,556,"Your cooking is out of this world, Honey"
2390,4,13,107,124,1.1693548387096775,0.04084373416708891,556,Onions again?
2390,4,13,107,124,1.1693548387096775,0.04084373416708891,556,I get it. You're allergic to cooking.
2390,3,15,106,124,1.1693548387096775,0.0392056153777788,556,"ooooo Honey, did you do something different to your hair?"
2390,4,13,107,124,1.1693548387096775,0.04084373416708891,556,Well...it sure is nice to have you back!
2390,5,11,108,124,1.1693548387096775,0.04241863934962231,556,I think your cooking is out of this world.
2390,6,9,109,124,1.1693548387096775,0.04393712903496115,556,"Tanked up before dinner, again?"
2390,3,15,106,124,1.1693548387096775,0.0392056153777788,556,I see you read Melanie's top ten ways to a successful marriage article.
2390,2,17,105,124,1.1693548387096775,0.037495998901067105,556,All I ask for was a little space
2390,7,7,110,124,1.1693548387096775,0.045404863741633744,556,"The wine label says nothing about notes of tree nuts, wheat, peanuts, soybeans or shellfish."
2390,4,13,107,124,1.1693548387096775,0.04084373416708891,556,Remember to tell my mother how much you enjoyed preparing her garlic-haggis casserole.
2390,4,13,107,124,1.1693548387096775,0.04084373416708891,556,"What, you couldn't find your lead apron?"
2390,3,15,106,124,1.1693548387096775,0.0392056153777788,556,So just because I don't like kale.....
2390,2,17,105,124,1.1693548387096775,0.037495998901067105,556,"I appreciate that you added jalapenos for me, but aren't you being a bit dramatic?"
2390,1,19,104,124,1.1693548387096775,0.03570461580842631,556,I don't think this qualifies as a legal separation.
2390,4,13,107,124,1.1693548387096775,0.04084373416708891,556,When you invited me for dinner I was hoping for more.
2390,2,17,105,124,1.1693548387096775,0.037495998901067105,556,This GMO Merlot will go perfect with it.
2390,3,15,106,124,1.1693548387096775,0.0392056153777788,556,Don't you think you're taking this whole gluten free thing a little too far?
2390,4,13,107,124,1.1693548387096775,0.04084373416708891,556,Everything has become so toxic.
2390,5,11,108,124,1.1693548387096775,0.04241863934962231,556,This gluten free thing has gotten out of hand
2390,7,7,110,124,1.1693548387096775,0.045404863741633744,556,Martha Stewart always comes up with the strangest ideas I must say.
2390,4,13,107,124,1.1693548387096775,0.04084373416708891,556,"Yeah, I'd never touch the food I serve my kids either."
2390,0,21,103,124,1.1693548387096775,0.033818474928148747,556,Recipes for chemical warfare may be on YouTube but that doesn’t make them right.
2390,4,13,107,124,1.1693548387096775,0.04084373416708891,556,How long until Lent ends?
2390,4,13,107,124,1.1693548387096775,0.04084373416708891,556,"Oh, threat levels must be a thing again."
2390,5,11,108,124,1.1693548387096775,0.04241863934962231,556,Will you have time to join us before you leave for the launch pad?
2528,4,13,108,125,1.168,0.04053831321983782,556,"Honey, is that another kitchen gadget from Amazon?"
2528,3,15,107,125,1.168,0.03891429789479905,556,"Honey, I think we need to talk about our toxic relationship."
2528,5,11,109,125,1.168,0.04209972798931359,556,Cooking onions again?
2528,3,15,107,125,1.168,0.03891429789479905,556,The flu season requires extraordinary protection.
2528,3,15,107,125,1.168,0.03891429789479905,556,"Look, I'm sorry I didn't get the cage-free, antibiotic free, organic eggs!!"
2528,4,13,108,125,1.168,0.04053831321983782,556,How's the habanero omelette coming along?
2528,3,15,107,125,1.168,0.03891429789479905,556,I get the point. You hate to cook fish.
2528,3,15,107,125,1.168,0.03891429789479905,556,"Something smells good, but you wouldn't know it."
2528,3,15,107,125,1.168,0.03891429789479905,556,Just because it's my mother's recipe doesn't mean it requires a haz-mat suit.
2528,3,15,107,125,1.168,0.03891429789479905,556,I'm telling you the package said 'Gluten Free.'
2528,2,17,106,125,1.168,0.037219488478223955,556,I'm willing to eat out on fish night.
2528,2,17,106,125,1.168,0.037219488478223955,556,I hope that you're not planning on wearing that in bed.
2528,4,13,108,125,1.168,0.04053831321983782,556,Did I mention that I appreciate you making my Mom's sauerkraut recipe?
2528,2,17,106,125,1.168,0.037219488478223955,556,I felt like I needed my own space.
2528,1,19,105,125,1.168,0.03544373096213391,556,The onions again?
2528,3,15,107,125,1.168,0.03891429789479905,556,All I'm saying is give toxic masculinity a chance.
2528,5,11,109,125,1.168,0.04209972798931359,556,So after John eats that we can finally be together?
2528,2,17,106,125,1.168,0.037219488478223955,556,I don't think that's how you make authentic mooncakes
2528,3,15,107,125,1.168,0.03891429789479905,556,"If you're that allergic to eggs, why cook them at all?"
2528,7,7,111,125,1.168,0.045060532763197846,556,Trying out a new yellow cake recipe
2528,2,17,106,125,1.168,0.037219488478223955,556,"Look, I know you don't like it when I ask you to add anchovies."
2528,2,17,106,125,1.168,0.037219488478223955,556,Whipping up a little something to go?
2528,4,13,108,125,1.168,0.04053831321983782,556,Have you seceded from our union?
2551,4,11,100,115,1.1652173913043478,0.04266205659437598,556,"Hon, the exhaust fan repairman promised that he would be here tomorrow."
2552,2,16,104,122,1.1639344262295082,0.037465887004401,556,Liver
2552,3,14,105,122,1.1639344262295082,0.03923232960085896,556,I'm almost sure you didn't used to put plutonium in the eggs.
2552,4,12,106,122,1.1639344262295082,0.040922593793579674,556,I guess you remember my remark last time about the meat being a tad under-cooked.
2552,4,12,106,122,1.1639344262295082,0.040922593793579674,556,Should we order in tonight ?
2552,3,14,105,122,1.1639344262295082,0.03923232960085896,556,Haz mat we go out to dinner instead?
2552,3,14,105,122,1.1639344262295082,0.03923232960085896,556,"Sorry, but it's only two more months till my radiation level is back to normal."
2552,5,10,107,122,1.1639344262295082,0.0425457598319529,556,Are you sure it wouldn't go better with red?
2552,1,18,103,122,1.1639344262295082,0.035611931878833145,556,"Honey, he's not invading our food"
2552,2,16,104,122,1.1639344262295082,0.037465887004401,556,How's that new sriracha recipe coming along?
2552,2,16,104,122,1.1639344262295082,0.037465887004401,556,You really have to get over your aversion to garlic.
2552,3,14,105,122,1.1639344262295082,0.03923232960085896,556,"Honey, I need some space."
2552,3,14,105,122,1.1639344262295082,0.03923232960085896,556,"So, tell me about your work day..."
2552,3,14,105,122,1.1639344262295082,0.03923232960085896,556,Wouldn't you be more comfortable in an apron?
2552,4,12,106,122,1.1639344262295082,0.040922593793579674,556,"I know you're gluten free, but this seems excessive."
2552,5,10,107,122,1.1639344262295082,0.0425457598319529,556,"Good grief, I asked for a little Wasabi, not dioxin."
2552,3,14,105,122,1.1639344262295082,0.03923232960085896,556,"I'm trying to think of a song that would be the polar opposite of ""Embraceable You""."
2552,3,14,105,122,1.1639344262295082,0.03923232960085896,556,"Honey, your cooking is out of this world!"
2552,3,14,105,122,1.1639344262295082,0.03923232960085896,556,"You know, we can have it without shell fish."
2552,3,14,105,122,1.1639344262295082,0.03923232960085896,556,This recipe is to die for
2552,4,12,106,122,1.1639344262295082,0.040922593793579674,556,"This is no way to deal with a constitutional crisis, Ellen."
2552,4,12,106,122,1.1639344262295082,0.040922593793579674,556,And they say women can’t have it all.
2552,2,16,104,122,1.1639344262295082,0.037465887004401,556,"It's not you, it's me."
2552,1,18,103,122,1.1639344262295082,0.035611931878833145,556,Jalapenos? Again?
2552,6,8,108,122,1.1639344262295082,0.04410923572861026,556,Would you like your Chardonnay delivered intravenously?
2552,3,14,105,122,1.1639344262295082,0.03923232960085896,556,This is the second wackiest diet you've tried.
2552,3,14,105,122,1.1639344262295082,0.03923232960085896,556,So we don't have any Gas-Ex pills left?
2552,2,16,104,122,1.1639344262295082,0.037465887004401,556,You landed right on time
2552,5,10,107,122,1.1639344262295082,0.0425457598319529,556,Run out of Fitbits did they?
2552,4,12,106,122,1.1639344262295082,0.040922593793579674,556,"I get that you need your 'space', but this is ridiculous."
2552,4,12,106,122,1.1639344262295082,0.040922593793579674,556,Planning to leave the counrty?
2552,4,12,106,122,1.1639344262295082,0.040922593793579674,556,The wine needs to breathe for a few minutes.
2552,3,14,105,122,1.1639344262295082,0.03923232960085896,556,"Honey, let's get a new skillet."
2552,4,12,106,122,1.1639344262295082,0.040922593793579674,556,All I said was Trumps name.
2552,5,10,107,122,1.1639344262295082,0.0425457598319529,556,They are called space mushrooms for a reason!
2552,2,16,104,122,1.1639344262295082,0.037465887004401,556,"So,...what's for dinner?"
2552,4,12,106,122,1.1639344262295082,0.040922593793579674,556,I wouldn't worry about nuclear fallout until next week.
2552,3,14,105,122,1.1639344262295082,0.03923232960085896,556,"Honey, I said I wanted salmon for dinner, not salmonella."
2552,2,16,104,122,1.1639344262295082,0.037465887004401,556,"I know you said you needed some space, but this is getting ridiculous."
2552,2,16,104,122,1.1639344262295082,0.037465887004401,556,"""Martha, find anything new at the neighborhood garage sale?'"
2552,1,18,103,122,1.1639344262295082,0.035611931878833145,556,It's not a giant leap to say we're growing apart.
2552,4,12,106,122,1.1639344262295082,0.040922593793579674,556,I think Canada would be easier.
2552,3,14,105,122,1.1639344262295082,0.03923232960085896,556,You used to find me suitable.
2552,4,12,106,122,1.1639344262295082,0.040922593793579674,556,Last time: I'm not eating kale.
2552,2,16,104,122,1.1639344262295082,0.037465887004401,556,"I know you've gone vegan, but it's just a turkey burger."
2552,6,8,108,122,1.1639344262295082,0.04410923572861026,556,"In the mood tonight, huh babes?"
2552,3,14,105,122,1.1639344262295082,0.03923232960085896,556,So you don't like my new cologne?
2552,4,12,106,122,1.1639344262295082,0.040922593793579674,556,"Honey, maybe if we did not eat beans every night I could eliminate my flatulence issues!"
2552,2,16,104,122,1.1639344262295082,0.037465887004401,556,Maybe Gowanus Canal chicken is too local?
2552,3,14,105,122,1.1639344262295082,0.03923232960085896,556,"Look, you wanted flambe', and I've been burned before..."
2552,4,12,106,122,1.1639344262295082,0.040922593793579674,556,Did you hear we have a new head of the EPA?
2552,3,14,105,122,1.1639344262295082,0.03923232960085896,556,Isn't Purell easier?
2552,4,12,106,122,1.1639344262295082,0.040922593793579674,556,What the pho is that ?
2552,4,12,106,122,1.1639344262295082,0.040922593793579674,556,The grocery store was out of organic vegetables again?
2552,3,14,105,122,1.1639344262295082,0.03923232960085896,556,"Really don't like the smell of that liver, do you?"
2552,1,18,103,122,1.1639344262295082,0.035611931878833145,556,Did you try a stronger exhaust hood?
2552,2,16,104,122,1.1639344262295082,0.037465887004401,556,guess you found a workaround to not being able to stand the heat
2552,2,16,104,122,1.1639344262295082,0.037465887004401,556,I think your wearable technology is wearing you.
2552,5,10,107,122,1.1639344262295082,0.0425457598319529,556,Sorry about the fart joke.
2552,3,14,105,122,1.1639344262295082,0.03923232960085896,556,"I'm just saying, we should give him a chance."
2552,3,14,105,122,1.1639344262295082,0.03923232960085896,556,That dinner is going to be out of this world.
2552,3,14,105,122,1.1639344262295082,0.03923232960085896,556,"And to drink, how about a nice ""Chateau Tang, '65?"""
2552,5,10,107,122,1.1639344262295082,0.0425457598319529,556,You know I was kidding when I told them you were allergic to cooking.
2552,4,12,106,122,1.1639344262295082,0.040922593793579674,556,Who you gonna call? Roast busters!
2552,5,10,107,122,1.1639344262295082,0.0425457598319529,556,"So, how is this more advanced than the Paleo Diet?"
2552,5,10,107,122,1.1639344262295082,0.0425457598319529,556,"Yes, but they're fake nuclear codes."
2552,2,16,104,122,1.1639344262295082,0.037465887004401,556,I guess you're not cooking organic anymore?
2552,3,14,105,122,1.1639344262295082,0.03923232960085896,556,"You know, that does make your butt look big."
2552,5,10,107,122,1.1639344262295082,0.0425457598319529,556,What kind of peppers did you use?
2552,7,6,109,122,1.1639344262295082,0.04561915906114446,556,You're taking this vegan thing a little far.
2552,5,10,107,122,1.1639344262295082,0.0425457598319529,556,I see we're having beans with dinner.
2552,4,12,106,122,1.1639344262295082,0.040922593793579674,556,"Whippin' up your 'Space Odyssey Omelets' again, hon?"""
2552,2,16,104,122,1.1639344262295082,0.037465887004401,556,"Honey, I said I'd like ""le poisson"" for din-din, darlin'. I didn't mean poison."
2552,3,14,105,122,1.1639344262295082,0.03923232960085896,556,"You're taking ""germophobe"" to a whole new level"
2552,3,14,105,122,1.1639344262295082,0.03923232960085896,556,"Food sticks and Tang, I presume?"
2552,0,20,102,122,1.1639344262295082,0.033656005337216736,556,Nut allergy acting up?
2552,5,10,107,122,1.1639344262295082,0.0425457598319529,556,"You're going a little heavy on the sriracha sauce, aren't you, dear?"
2552,2,16,104,122,1.1639344262295082,0.037465887004401,556,I'll pass on the first bite.
2552,2,16,104,122,1.1639344262295082,0.037465887004401,556,"'Haz-mat hash again? Maybe we should talk."""
2552,6,8,108,122,1.1639344262295082,0.04410923572861026,556,I blame Trump.
2552,4,12,106,122,1.1639344262295082,0.040922593793579674,556,You've been binge watching on the Syfy channel again haven't you?
2552,5,10,107,122,1.1639344262295082,0.0425457598319529,556,"I'm glad we've moved past my affair with that lifeguard. Wow, that smells a lot like chlorine."
2552,2,16,104,122,1.1639344262295082,0.037465887004401,556,"All I need is the air that I breathe, and to love you."
2552,3,14,105,122,1.1639344262295082,0.03923232960085896,556,"Ok, no more beans."
2552,5,10,107,122,1.1639344262295082,0.0425457598319529,556,I don't think you and I were at the same sous-vide cooking lesson!
2552,2,16,104,122,1.1639344262295082,0.037465887004401,556,"No, I wasn't aware that grease splatter can be fatal."
2552,3,14,105,122,1.1639344262295082,0.03923232960085896,556,Hellooooo . . . Mrs. Jetson.
2552,2,16,104,122,1.1639344262295082,0.037465887004401,556,"Hey, hazmat girl, why am I subjected the toxic liver-and-onion fumes?"
2552,4,12,106,122,1.1639344262295082,0.040922593793579674,556,So that's it? You're just going to shut me out?
2552,3,14,105,122,1.1639344262295082,0.03923232960085896,556,You were nominated to head the EPA?
2641,2,15,99,116,1.1637931034482758,0.038611519043994694,556,What time is dinner's Arrival?
2641,3,13,100,116,1.1637931034482758,0.04050647405497082,556,I didn't know this kitchen was a superfund.
2641,2,15,99,116,1.1637931034482758,0.038611519043994694,556,"Thanks for reheating my fish, honey."
2644,6,8,109,123,1.1626016260162602,0.043769451211637396,556,Will you stop it. My hangover farts aren't THAT bad
2644,4,12,107,123,1.1626016260162602,0.040610402814036446,556,I think we can trace your paranoia back to the Bowling Green Massacre.
2644,3,14,106,123,1.1626016260162602,0.038934878905596916,556,"Taking this Gluten allergy thing a little far, aren't you?"
2644,5,10,108,123,1.1626016260162602,0.042219484104416796,556,You really do think this debate about the new President is creating a toxic political environment.
2644,4,12,107,123,1.1626016260162602,0.040610402814036446,556,I use a deodorant.
2644,3,14,106,123,1.1626016260162602,0.038934878905596916,556,"Hey Alexa, when are my scrambled eggs going to be ready?"
2644,4,12,107,123,1.1626016260162602,0.040610402814036446,556,"Come on honey, relax.. let's get you out of that suit"
2644,4,12,107,123,1.1626016260162602,0.040610402814036446,556,"You know, if you didn't incinerate dinner every night, you wouldn't need the suit."
2644,3,14,106,123,1.1626016260162602,0.038934878905596916,556,You're wasting your time -- I think the Martian explorers will only be able to eat MREs.
2644,3,14,106,123,1.1626016260162602,0.038934878905596916,556,"Did you enjoy the ""Breaking Bad"" marathon?"
2644,1,18,104,123,1.1626016260162602,0.03534635416480587,556,She was having trouble leaving the toxic relationship.
2644,3,14,106,123,1.1626016260162602,0.038934878905596916,556,"The new pantsuit in post-inauguration America is so versatile, women can now get dinner on the table while bracing for nuclear war."
2644,4,12,107,123,1.1626016260162602,0.040610402814036446,556,"Honey, the Jetsons was forty years ago!"
2644,6,8,109,123,1.1626016260162602,0.043769451211637396,556,What does your therapist say these dreams are supposed to mean?.
2644,3,14,106,123,1.1626016260162602,0.038934878905596916,556,I know the smell of cooking onions makes you cry. But you're overreacting.
2644,4,12,107,123,1.1626016260162602,0.040610402814036446,556,Beans?
2644,2,16,105,123,1.1626016260162602,0.03718393166501752,556,"You've taken this alien thing quite personally, haven't you?"
2661,2,16,106,124,1.1612903225806452,0.036906145404343574,556,So how scary was it when you realized that there's .01% of germs that you can't kill?
2661,3,14,107,124,1.1612903225806452,0.03864186734835741,556,This wine isn't the right pairing with fried liver.
2661,3,14,107,124,1.1612903225806452,0.03864186734835741,556,Is this the result of an Executive Order?
2661,5,10,109,124,1.1612903225806452,0.04189814553522686,556,Just eat your dinner and don't ask questions.
2665,1,17,103,121,1.1570247933884297,0.03522510152216095,556,Where's the wine tube.
2665,3,13,105,121,1.1570247933884297,0.03893956690707354,556,"So, this is what NASA does now that it's got its funding cut, huh?"
2665,3,13,105,121,1.1570247933884297,0.03893956690707354,556,Can I assume the cilantro rice is just for me?
2665,3,13,105,121,1.1570247933884297,0.03893956690707354,556,"Let me guess, it's an alternative apron?"
2665,4,11,106,121,1.1570247933884297,0.04066977892418906,556,"OK, so you spoke up to the President, and he fired you, but his friendship with Putin doesn't mean, necessarily, that he has access to polonium-210."
2665,0,19,102,121,1.1570247933884297,0.033212448425471275,556,"Okay, I get it, you don't appreciate my helpful hints."
2665,4,11,106,121,1.1570247933884297,0.04066977892418906,556,Dinner smells good tonight honey.
2665,3,13,105,121,1.1570247933884297,0.03893956690707354,556,Why did you cancel our appointment with the marriage counselor?
2665,3,13,105,121,1.1570247933884297,0.03893956690707354,556,"So, you're taking the EPA Cheif appointment very seriously."
2665,4,11,106,121,1.1570247933884297,0.04066977892418906,556,I agree these are the last days. I just don't think the suit will save you.
2665,4,11,106,121,1.1570247933884297,0.04066977892418906,556,Run your definition of a self-contained marriage by me again.
2665,2,15,104,121,1.1570247933884297,0.037128813933096506,556,I hope you have the right gear to eat it...
2665,1,17,103,121,1.1570247933884297,0.03522510152216095,556,Are we having Martian themed sex after our Martian themed dinner ?
2665,4,11,106,121,1.1570247933884297,0.04066977892418906,556,How are the ebolatkes coming along?
2665,4,11,106,121,1.1570247933884297,0.04066977892418906,556,I guess you figured out whether you're going to retain your health care coverage?
2665,3,13,105,121,1.1570247933884297,0.03893956690707354,556,"Gosh, I didn't realize the recipe I suggested wasn't vegan."
2665,3,13,105,121,1.1570247933884297,0.03893956690707354,556,... and you're sure you don't have an eating disorder
2665,4,11,106,121,1.1570247933884297,0.04066977892418906,556,I am sure it will taste RAD!
2665,3,13,105,121,1.1570247933884297,0.03893956690707354,556,"I didn't mean just because Mom made it for my birthday you should, too."
2665,5,9,107,121,1.1570247933884297,0.042329327476046306,556,I don't think I can make my masculinity any less toxic.
2665,3,13,105,121,1.1570247933884297,0.03893956690707354,556,I'll set the table
2665,4,11,106,121,1.1570247933884297,0.04066977892418906,556,Your whiny brother still says I suck all the air out of a room.
2665,4,11,106,121,1.1570247933884297,0.04066977892418906,556,I noticed your dating profile said that your soufflé was to die for.
2665,3,13,105,121,1.1570247933884297,0.03893956690707354,556,"So you can have your yellowcake and it eat it, too?"
2665,3,13,105,121,1.1570247933884297,0.03893956690707354,556,"Honey, it was just the wine talking when I said that about your cooking..."
2665,2,15,104,121,1.1570247933884297,0.037128813933096506,556,"No, you never mentioned dating the bubble boy."
2665,4,11,106,121,1.1570247933884297,0.04066977892418906,556,A spacewoman's work is never done.
2665,1,17,103,121,1.1570247933884297,0.03522510152216095,556,"Wasn't that song ""FLY me to the Moon""?"
2665,3,13,105,121,1.1570247933884297,0.03893956690707354,556,"So, how long before they have the locally sourced back in stock?"
2665,3,13,105,121,1.1570247933884297,0.03893956690707354,556,"You can't smell crony capitalism, Maxine."
2665,6,7,108,121,1.1570247933884297,0.04392622236667211,556,"Open the pea pods please, Hal."
2665,5,9,107,121,1.1570247933884297,0.042329327476046306,556,You sure it's called molecular astronomy?
2665,6,7,108,121,1.1570247933884297,0.04392622236667211,556,You really think our relationship fosters a poisonous atmosphere?
2665,3,13,105,121,1.1570247933884297,0.03893956690707354,556,Any chance the USDA gag order will be lifted in time for dinner?
2665,2,15,104,121,1.1570247933884297,0.037128813933096506,556,Wouldn't it just be easier to buy organic non-GMO?
2665,5,9,107,121,1.1570247933884297,0.042329327476046306,556,"You know, not all soy is genetically modified."
2665,2,15,104,121,1.1570247933884297,0.037128813933096506,556,"Experimenting again culinarily, are we?"
2665,6,7,108,121,1.1570247933884297,0.04392622236667211,556,Asbestos omelettes again?
2665,3,13,105,121,1.1570247933884297,0.03893956690707354,556,"Honey, this is not what I had in mind when you said our date night was going to be out of this world."
2665,2,15,104,121,1.1570247933884297,0.037128813933096506,556,"Fine, I'll buy organic eggs next time."
2665,2,15,104,121,1.1570247933884297,0.037128813933096506,556,I didn't ask to eat more beans.
2665,4,11,106,121,1.1570247933884297,0.04066977892418906,556,"Toxic waste should always be broiled, not fried..."
2665,7,5,109,121,1.1570247933884297,0.045467065643587344,556,"toxic but edible, interesting mix..."
2665,4,11,106,121,1.1570247933884297,0.04066977892418906,556,"Well, it will all make sense in a minute."
2665,2,15,104,121,1.1570247933884297,0.037128813933096506,556,"I can be an astronaut, I can be a Ghostbuster, but somehow I am still the one cooking YOU dinner when I get home from work..."
2665,2,15,104,121,1.1570247933884297,0.037128813933096506,556,"You should probably stop watching ""What's Really in Your Kitchen?"" before going to bed."
2665,4,11,106,121,1.1570247933884297,0.04066977892418906,556,"Wearing this to your interview to work in the White House kitchen might be seen as hostile, don't you think?"
2665,6,7,108,121,1.1570247933884297,0.04392622236667211,556,Expecting another boiling green massacre?
2665,5,9,107,121,1.1570247933884297,0.042329327476046306,556,"Honey, Lord Trump said the radiation would be harmless"
2665,2,15,104,121,1.1570247933884297,0.037128813933096506,556,Perhaps I wasn't clear when suggesting we add more spice to our marriage.
2665,4,11,106,121,1.1570247933884297,0.04066977892418906,556,Wow... You're really out of this world!
2665,2,15,104,121,1.1570247933884297,0.037128813933096506,556,"Honestly, it said 'gluten-free' on the carton…"
2665,3,13,105,121,1.1570247933884297,0.03893956690707354,556,"What exactly do you mean by ""off-gassing""?"
2665,2,15,104,121,1.1570247933884297,0.037128813933096506,556,I feel like fancy range hood technology may have crossed a line.
2665,3,13,105,121,1.1570247933884297,0.03893956690707354,556,I suppose the Spaceman diet is a natural evolution from the Paleo one we tried.
2665,3,13,105,121,1.1570247933884297,0.03893956690707354,556,"Honey, if we really were in space, your fried eggs would be floating in the air."
2665,4,11,106,121,1.1570247933884297,0.04066977892418906,556,You didn't have to descend from orbit. I told you I'd start dinner.
2665,3,13,105,121,1.1570247933884297,0.03893956690707354,556,Don't be so dramatic. I'm sure he'll be impeached.
2665,2,15,104,121,1.1570247933884297,0.037128813933096506,556,Just because I asked for liver and onions doesn't mean you have to be so dramatic! Just because I asked for liver and onions doesn't mean you have to be so dramatic! dramatic
2665,5,9,107,121,1.1570247933884297,0.042329327476046306,556,Should we pair it with Milk of Magnesia?
2665,2,15,104,121,1.1570247933884297,0.037128813933096506,556,"""Aliens 5"": In Space, no one can hear you cook."
2665,3,13,105,121,1.1570247933884297,0.03893956690707354,556,Talk to me.
2665,4,11,106,121,1.1570247933884297,0.04066977892418906,556,"Well it looks delicious, but maybe we SHOULD think about going organic..."
2665,2,15,104,121,1.1570247933884297,0.037128813933096506,556,The hazmat omelet again?
2665,3,13,105,121,1.1570247933884297,0.03893956690707354,556,Cooking with durian fruit again I see...
2665,3,13,105,121,1.1570247933884297,0.03893956690707354,556,"So next time, maybe no Gorgonzola."
2665,3,13,105,121,1.1570247933884297,0.03893956690707354,556,Fire extinguisher on the fritz again?
2665,3,13,105,121,1.1570247933884297,0.03893956690707354,556,"Honey, I think GMO's are only dangerous if eaten."
2665,2,15,104,121,1.1570247933884297,0.037128813933096506,556,Is it just the vodka or is there no oxygen in here?
2665,0,19,102,121,1.1570247933884297,0.033212448425471275,556,"I said they were gastronomes, not astronomes"
2665,3,13,105,121,1.1570247933884297,0.03893956690707354,556,Could we practice survival techniques another time?
2665,2,15,104,121,1.1570247933884297,0.037128813933096506,556,Is there no gadget you won't buy?
2665,3,13,105,121,1.1570247933884297,0.03893956690707354,556,"Sorry, I spaced out – could you repeat that?"
2665,4,11,106,121,1.1570247933884297,0.04066977892418906,556,Durian again?
2665,2,15,104,121,1.1570247933884297,0.037128813933096506,556,"So nice of you to cook for me, dear. Are you sure you're not having any?"
2665,1,17,103,121,1.1570247933884297,0.03522510152216095,556,"A wall might keep the germs out, but who would pay for it ?"
2665,3,13,105,121,1.1570247933884297,0.03893956690707354,556,I take it the onion allergy cure was less than hoped for.
2665,2,15,104,121,1.1570247933884297,0.037128813933096506,556,Do you cook for all your Match.com dates?
2665,3,13,105,121,1.1570247933884297,0.03893956690707354,556,I can take a hint; you need your own space!
2665,2,15,104,121,1.1570247933884297,0.037128813933096506,556,"Honey, food is supposed to be clean, not sterile!"
2665,4,11,106,121,1.1570247933884297,0.04066977892418906,556,"My God Ellen, I thought it was free range."
2665,3,13,105,121,1.1570247933884297,0.03893956690707354,556,Concocting something life-altering Honey?
2665,3,13,105,121,1.1570247933884297,0.03893956690707354,556,I appreciate your willingness to cook with cream of mushroom soup.
2665,4,11,106,121,1.1570247933884297,0.04066977892418906,556,So how was the weather on Venus this morning?
2665,5,9,107,121,1.1570247933884297,0.042329327476046306,556,So you aren't joining me for dinner?
2665,3,13,105,121,1.1570247933884297,0.03893956690707354,556,Now you're just stirring the pot.
2665,4,11,106,121,1.1570247933884297,0.04066977892418906,556,Complying with the Executive Order on extreme cooking?
2665,2,15,104,121,1.1570247933884297,0.037128813933096506,556,I really wish you wouldn't take your work home with you.
2665,3,13,105,121,1.1570247933884297,0.03893956690707354,556,You sure you don't want that glass of wine for launch?
2665,3,13,105,121,1.1570247933884297,0.03893956690707354,556,Sorry about my G.I. problem honey.
2665,5,9,107,121,1.1570247933884297,0.042329327476046306,556,Is that one small step for mankind or a wok?
2756,5,8,103,116,1.1551724137931034,0.04346921272753549,556,"If you must know, it's an alt-apron."
2757,3,12,104,119,1.1512605042016806,0.03892636814241717,556,"I see you're making the pate de skunk gras again, my love."
2757,1,16,102,119,1.1512605042016806,0.0350770926697822,556,I'm sensing a bit of oven vent frustration on your part.
2757,2,14,103,119,1.1512605042016806,0.03705175142232468,556,I thought you meant the other trial separation.
2757,2,14,103,119,1.1512605042016806,0.03705175142232468,556,I think I need something stronger than wine to protect me from this one.
2757,4,10,105,119,1.1512605042016806,0.04071476378485133,556,What was in that Blue Apron knick knacks bag?
2757,2,14,103,119,1.1512605042016806,0.03705175142232468,556,How about we go out for dinner tonight?
2757,2,14,103,119,1.1512605042016806,0.03705175142232468,556,Cooking kippers?
2757,5,8,106,119,1.1512605042016806,0.04242784278458537,556,It isn't cooking asparagus that smells bad.
2757,4,10,105,119,1.1512605042016806,0.04071476378485133,556,"No, I don't think it's a good way to greet my new boss at the EPA."
2757,3,12,104,119,1.1512605042016806,0.03892636814241717,556,Nice to see the onion-proof suit get some use.
2757,4,10,105,119,1.1512605042016806,0.04071476378485133,556,Janice liked to spend her spare time in the last alternative-fact-free square foot in America.
2757,2,14,103,119,1.1512605042016806,0.03705175142232468,556,My position on crispy bacon is a little more open-ended.
2757,3,12,104,119,1.1512605042016806,0.03892636814241717,556,Why no beans?
2757,2,14,103,119,1.1512605042016806,0.03705175142232468,556,Guilty as charged. I did say I was a little bored with eating healthy.
2757,1,16,102,119,1.1512605042016806,0.0350770926697822,556,"I'm sorry honey, they were out of organic eggs at the store."
2757,2,14,103,119,1.1512605042016806,0.03705175142232468,556,Isn't this taking molecular gastronomy too far?
2757,5,8,106,119,1.1512605042016806,0.04242784278458537,556,Are we still fighting from this morning?
2757,2,14,103,119,1.1512605042016806,0.03705175142232468,556,"Honey, Dr. Cox didn't mean THAT when he said toxic relationship."
2757,3,12,104,119,1.1512605042016806,0.03892636814241717,556,OK I get it! You don't like brussel sprouts.
2757,4,10,105,119,1.1512605042016806,0.04071476378485133,556,"Perhaps, after dinner you could slip into something really sexy?"
2757,4,10,105,119,1.1512605042016806,0.04071476378485133,556,I guess I shouldn't expect an astronaut to understand how draining creative work can be.
2757,1,16,102,119,1.1512605042016806,0.0350770926697822,556,Momma Mia ! That's a spicy meatball !
2757,4,10,105,119,1.1512605042016806,0.04071476378485133,556,"I know he smells pretty bad. My eyes are watering too, but having Steve Bannon over for dinner is really big deal for my career. We just gotta get through this."
2757,3,12,104,119,1.1512605042016806,0.03892636814241717,556,"Okay, you win--no more GMOs."
2757,4,10,105,119,1.1512605042016806,0.04071476378485133,556,Is this the new Homeland Security?
2757,3,12,104,119,1.1512605042016806,0.03892636814241717,556,I love that you dress like a woman.
2757,4,10,105,119,1.1512605042016806,0.04071476378485133,556,So...why the silent treatment.
2757,3,12,104,119,1.1512605042016806,0.03892636814241717,556,"So, I think you may be taking this whole vegan thing a little too seriously."
2757,1,16,102,119,1.1512605042016806,0.0350770926697822,556,Toxic waste again?
2757,3,12,104,119,1.1512605042016806,0.03892636814241717,556,"Awesome, it's fish Friday!"
2757,3,12,104,119,1.1512605042016806,0.03892636814241717,556,Can't wait to try it!
2757,4,10,105,119,1.1512605042016806,0.04071476378485133,556,I think I've lost my appetite.
2757,3,12,104,119,1.1512605042016806,0.03892636814241717,556,You're taking the first bite!
2757,4,10,105,119,1.1512605042016806,0.04071476378485133,556,"All right, all right, that was my hair in the lasagna yesterday."
2757,5,8,106,119,1.1512605042016806,0.04242784278458537,556,Is that a gravy or a sauce?
2757,5,8,106,119,1.1512605042016806,0.04242784278458537,556,When I said I eat anything I meant...
2757,2,14,103,119,1.1512605042016806,0.03705175142232468,556,"Honey, I hate to tell you this, but it's the FOOD that goes sous-vide!"
2757,3,12,104,119,1.1512605042016806,0.03892636814241717,556,I dunno. I was just wondering. That's all.
2757,4,10,105,119,1.1512605042016806,0.04071476378485133,556,I guess we're having potatoes for the next 489 days.
2757,3,12,104,119,1.1512605042016806,0.03892636814241717,556,"OK, I've never uttered ""...out of this world."""
2757,2,14,103,119,1.1512605042016806,0.03705175142232468,556,I think you're overdoing that carbon free cooking.
2757,2,14,103,119,1.1512605042016806,0.03705175142232468,556,You might not like my chili recipe but there's no need to get sarcastic!
2757,3,12,104,119,1.1512605042016806,0.03892636814241717,556,You're still on that molecular gastronomy kick?
2757,4,10,105,119,1.1512605042016806,0.04071476378485133,556,"Where's that ""Down-to-Earth Recipes"" cookbook I got you?"
2757,2,14,103,119,1.1512605042016806,0.03705175142232468,556,OK so maybe the recipe called for a little less garlic
2757,2,14,103,119,1.1512605042016806,0.03705175142232468,556,Should I chop a little more uranium for you?
2757,4,10,105,119,1.1512605042016806,0.04071476378485133,556,"You know hon, you ought to dress this way more often. I am really turned on."
2757,2,14,103,119,1.1512605042016806,0.03705175142232468,556,Are you going to talk to me or are you going to just close yourself off?
2757,4,10,105,119,1.1512605042016806,0.04071476378485133,556,"OK, you win. The phone is off."
2757,1,16,102,119,1.1512605042016806,0.0350770926697822,556,Are you sure this is supposed to be heart healthy?
2757,3,12,104,119,1.1512605042016806,0.03892636814241717,556,"Is it me, or the Teflon residue?"
2757,1,16,102,119,1.1512605042016806,0.0350770926697822,556,"Look, I just need a little less space from you."
2757,4,10,105,119,1.1512605042016806,0.04071476378485133,556,Come on! I don't fart THAT much!
2757,2,14,103,119,1.1512605042016806,0.03705175142232468,556,"So, how was Mars?"
2757,2,14,103,119,1.1512605042016806,0.03705175142232468,556,"I know things have gotten scary, but wouldn't it be simpler to squelch your fears with a relaxing glass of wine?"
2757,2,14,103,119,1.1512605042016806,0.03705175142232468,556,"It's just that there's hardly any science behind cooties, dear."
2757,5,8,106,119,1.1512605042016806,0.04242784278458537,556,Don't forget the salt.
2757,3,12,104,119,1.1512605042016806,0.03892636814241717,556,I hope your cooking isn't as infectious as your paranoia.
2757,3,12,104,119,1.1512605042016806,0.03892636814241717,556,But how does the Merlot get in?
2757,4,10,105,119,1.1512605042016806,0.04071476378485133,556,"Well, as long as it's gluten free."
2757,2,14,103,119,1.1512605042016806,0.03705175142232468,556,I hope you washed the pan first.
2757,4,10,105,119,1.1512605042016806,0.04071476378485133,556,"Maybe if you didn't burn everything, that wouldn't be necessary."
2757,5,8,106,119,1.1512605042016806,0.04242784278458537,556,I don't think the President's views are that radioactive
2757,2,14,103,119,1.1512605042016806,0.03705175142232468,556,Chili recipe a little too strong?
2757,3,12,104,119,1.1512605042016806,0.03892636814241717,556,This HazMat training has really taken your passive-aggressiveness to the next level
2757,4,10,105,119,1.1512605042016806,0.04071476378485133,556,"Just my luck, Vey can't draw a catsuit"
2757,2,14,103,119,1.1512605042016806,0.03705175142232468,556,Maybe we just drink our dinner tonight.
2757,3,12,104,119,1.1512605042016806,0.03892636814241717,556,"Look , what I said about Donald Trump being OK ,I didn't mean it."
2757,4,10,105,119,1.1512605042016806,0.04071476378485133,556,OK ... OK. I'll call the black mold inspector tomorrow.
2757,1,16,102,119,1.1512605042016806,0.0350770926697822,556,"I know you're upset that the government shut down the EPA, but you're carrying it a bit too far."
2757,4,10,105,119,1.1512605042016806,0.04071476378485133,556,Can you still drink?
2757,3,12,104,119,1.1512605042016806,0.03892636814241717,556,It's the new fragrance for men.
2757,3,12,104,119,1.1512605042016806,0.03892636814241717,556,Your Tinder profile really reads like you've got more of a sense of humor.
2757,3,12,104,119,1.1512605042016806,0.03892636814241717,556,My mother just used a hanky.
2757,2,14,103,119,1.1512605042016806,0.03705175142232468,556,"Oh Penelope, I'm only sorry you can't breathe as well as this wine."
2757,2,14,103,119,1.1512605042016806,0.03705175142232468,556,"I shouldn't say this, but fried food has carcinogens."
2757,5,8,106,119,1.1512605042016806,0.04242784278458537,556,It's still a carcinogen.
2757,3,12,104,119,1.1512605042016806,0.03892636814241717,556,"It's your favorite -- the cabbage, fermented shrimp, and Limburger cheese dish."
2757,3,12,104,119,1.1512605042016806,0.03892636814241717,556,How's that new diet working out for you?
2757,3,12,104,119,1.1512605042016806,0.03892636814241717,556,"There's gonna be food at the costume party, you know."
2757,2,14,103,119,1.1512605042016806,0.03705175142232468,556,Maybe it is time to go Organic.
2757,3,12,104,119,1.1512605042016806,0.03892636814241717,556,A little too much 'Eye of Newt?'
2757,3,12,104,119,1.1512605042016806,0.03892636814241717,556,Pull my finger.
2757,2,14,103,119,1.1512605042016806,0.03705175142232468,556,Trying out for the doomsday cooking channel?
2757,4,10,105,119,1.1512605042016806,0.04071476378485133,556,Point taken. No more gluten.
2757,3,12,104,119,1.1512605042016806,0.03892636814241717,556,"Stop complaining, NASA warned us before I went to the moon I'd return with some eccentric eating and drinking habits."
2757,5,8,106,119,1.1512605042016806,0.04242784278458537,556,Have you ever gotten the bends while stirring?
2757,1,16,102,119,1.1512605042016806,0.0350770926697822,556,"Well, you don't HAVE to use peanut oil."
2757,2,14,103,119,1.1512605042016806,0.03705175142232468,556,"Hon, the EPA says Ivanka's brand of cologne is perfectly safe."
2757,4,10,105,119,1.1512605042016806,0.04071476378485133,556,Should we switch to organic?
2757,4,10,105,119,1.1512605042016806,0.04071476378485133,556,Pretending you’re living on Mars isn’t going to make the Trump presidency go by any quicker.
2757,4,10,105,119,1.1512605042016806,0.04071476378485133,556,Do you still care if I pass gas?
2757,2,14,103,119,1.1512605042016806,0.03705175142232468,556,The news paper said it was a spare the air day.
2757,3,12,104,119,1.1512605042016806,0.03892636814241717,556,Your liver and onions make me think about kinky sex.
2757,4,10,105,119,1.1512605042016806,0.04071476378485133,556,This is exactly my fetish.
2757,5,8,106,119,1.1512605042016806,0.04242784278458537,556,It's the first thing I've tried to make from the Heisenberg cookbook. I hope you like it!
2757,2,14,103,119,1.1512605042016806,0.03705175142232468,556,And what are you having for supper?
2757,1,16,102,119,1.1512605042016806,0.0350770926697822,556,Let me guess—outer space to table?
2757,3,12,104,119,1.1512605042016806,0.03892636814241717,556,You can never be too careful with mercury in fish these days..
2757,1,16,102,119,1.1512605042016806,0.0350770926697822,556,Must you be so dramatic Must you be so dramatic? It's only a small case of herpes.
2757,3,12,104,119,1.1512605042016806,0.03892636814241717,556,I didn't know that crystal meth could be organic.
2757,3,12,104,119,1.1512605042016806,0.03892636814241717,556,"I know we're white, but it was just a quarter teaspoon of paprika."
2757,4,10,105,119,1.1512605042016806,0.04071476378485133,556,"Honey, they say butter is completely safe now."
2757,5,8,106,119,1.1512605042016806,0.04242784278458537,556,You're so tender when you cook for me sous-vide.
2861,1,16,103,120,1.15,0.03480638725632892,556,Does this mean we'll be dining at El Charro again tonight?
2861,3,12,105,120,1.15,0.038621194164026866,556,Experimenting with molecular gastroradiology again?
2861,2,14,104,120,1.15,0.03676330529545051,556,I thought we agreed to stop taking work home.
2861,4,10,106,120,1.15,0.04039372056476633,556,Let me guess...you want to get out of the city and get some fresh country air this weekend.
2861,3,12,105,120,1.15,0.038621194164026866,556,"Sure we can expect major problems, but are going to wear that in bed too?"
2861,1,16,103,120,1.15,0.03480638725632892,556,You’re the one who insisted on spicy nine-bean casserole.
2861,5,8,107,120,1.15,0.042091670001003646,556,new recipe from Pinterest?
2861,3,12,105,120,1.15,0.038621194164026866,556,"With no more FDA or EPA, Martha Stewart has come out with a new line of safe yet fashionable kitchen wear. What do you think, Harold?"
2861,3,12,105,120,1.15,0.038621194164026866,556,"Honey, I said I decided to start wearing deodorant!"
2861,5,8,107,120,1.15,0.042091670001003646,556,"""Indian Point oysters AGAIN??"
2861,4,10,106,120,1.15,0.04039372056476633,556,Are you sure they were wearing biohazard suits on 'America's Test Kitchen'?
2861,5,8,107,120,1.15,0.042091670001003646,556,"""My comment on your mother was not toxic""!"
2861,5,8,107,120,1.15,0.042091670001003646,556,"Gourmet cooking is only one of the seven tests. The next one, sexual creativity, is a little harder in this outfit."
2861,3,12,105,120,1.15,0.038621194164026866,556,Fried fish from the Flint River for dinner?
2861,4,10,106,120,1.15,0.04039372056476633,556,Blue Apron featuring Anthrax and snap peas again?
2861,2,14,104,120,1.15,0.03676330529545051,556,"Margaret, I've always felt that your eggs are out of this world."
2861,4,10,106,120,1.15,0.04039372056476633,556,"No. If anything, it looks smaller."
2861,2,14,104,120,1.15,0.03676330529545051,556,Don't you think that's taking the risk of nonstick pans too far?
2861,2,14,104,120,1.15,0.03676330529545051,556,Whatever happened to barefoot and pregnant in the kitchen?
2861,0,18,102,120,1.15,0.03273268353539887,556,When are you supposed to add the garlic?
2861,3,12,105,120,1.15,0.038621194164026866,556,Is there something you want to say to me?
2861,2,14,104,120,1.15,0.03676330529545051,556,I should get the pre-cut onions next time.
2861,4,10,106,120,1.15,0.04039372056476633,556,"You're not supposed to use metal on non-stick, you know"
2861,3,12,105,120,1.15,0.038621194164026866,556,Is it a food allergy or just a sensitivity?
2861,4,10,106,120,1.15,0.04039372056476633,556,Is it the onions or were you thinking about John Glenn again?
2861,3,12,105,120,1.15,0.038621194164026866,556,Why didn't you just tell me you were gluten free?
2861,4,10,106,120,1.15,0.04039372056476633,556,The recipe includes gluten?
2861,2,14,104,120,1.15,0.03676330529545051,556,"Well, the smell of frying liver never bothered me."
2861,3,12,105,120,1.15,0.038621194164026866,556,"Look, I know you don't like my mother, but is this really necessary?"
2861,2,14,104,120,1.15,0.03676330529545051,556,"Honey, I'm sure survivalist don't wear the gear all day long."
2861,3,12,105,120,1.15,0.038621194164026866,556,A lid on the skillet would've prevented oil splash just as well.
2861,3,12,105,120,1.15,0.038621194164026866,556,I keep telling you that my mother's recipe was better.
2861,4,10,106,120,1.15,0.04039372056476633,556,You've been reading too much Rachel Carson.
2861,4,10,106,120,1.15,0.04039372056476633,556,"What's for dinner?"" ""What's left of Trumps heart over some Monsanto grown veggies."
2861,3,12,105,120,1.15,0.038621194164026866,556,I'm guessing you missed the deadline to sign up for Obamacare
2861,3,12,105,120,1.15,0.038621194164026866,556,That's NOT how Rachel Ray does it.
2861,3,12,105,120,1.15,0.038621194164026866,556,"I know it's your body, but isn't this overdoing it a bit?"
2861,4,10,106,120,1.15,0.04039372056476633,556,I've got your hazardous material right here.
2899,3,11,101,115,1.1478260869565218,0.03953096144053871,556,"My suit's at the cleaners, along with the EPA."
2899,2,13,100,115,1.1478260869565218,0.037551852299409126,556,"One of these days, Alice!"
2899,2,13,100,115,1.1478260869565218,0.037551852299409126,556,I'm not saying your mother's recipes are all bad...
2899,1,15,99,115,1.1478260869565218,0.0354624633918728,556,Is it the onions or my Hai Karate?
2899,2,13,100,115,1.1478260869565218,0.037551852299409126,556,"If you have something to say about your new EPA boss, please tell me now."
2904,5,7,104,116,1.146551724137931,0.04286289698276658,556,Gravity is really bringing you down.
2905,3,11,103,117,1.1452991452991452,0.038893018050462115,556,"No more Star Trek conventions, O.K.?"
2905,0,17,100,117,1.1452991452991452,0.032719721943964795,556,I see we're having fish tonight.
2905,3,11,103,117,1.1452991452991452,0.038893018050462115,556,"All I said was, 'let's give him a chance.'"
2905,2,13,102,117,1.1452991452991452,0.036950028914005444,556,You could have just said you don't like cooking sauerkraut.
2905,4,9,104,117,1.1452991452991452,0.0407434543135619,556,It’s called Success Cologne by Donald Trump.
2905,4,9,104,117,1.1452991452991452,0.0407434543135619,556,"I thought you liked having the Smiths for dinner. Boy, was I wrong!"
2905,3,11,103,117,1.1452991452991452,0.038893018050462115,556,"once a year I ask you to make limburger cheese for me,and you still make a big production of it."
2905,2,13,102,117,1.1452991452991452,0.036950028914005444,556,Have a drink. There's still half a minute 'til Doomsday.
2905,2,13,102,117,1.1452991452991452,0.036950028914005444,556,Why cook me a chili if you think it will give me gas?
2905,4,9,104,117,1.1452991452991452,0.0407434543135619,556,"So it was listed as ""cook suit"" on craigslist?"
2905,2,13,102,117,1.1452991452991452,0.036950028914005444,556,"Honey, I think you are over reacting to my choice of wine for your recipe."
2905,3,11,103,117,1.1452991452991452,0.038893018050462115,556,What can I do to help?
2905,0,17,100,117,1.1452991452991452,0.032719721943964795,556,You're making a big deal about the broccoli again!
2905,3,11,103,117,1.1452991452991452,0.038893018050462115,556,"See, now we're both OK that wine makes me gassy."
2905,3,11,103,117,1.1452991452991452,0.038893018050462115,556,"OK, I get it -- you really don't like liver and Brussel sprouts."
2905,2,13,102,117,1.1452991452991452,0.036950028914005444,556,I've got an idea... let's order in tonight
2905,5,7,105,117,1.1452991452991452,0.04251342477064203,556,"Don't worry, honey, KellyAnne Conway said it would all be fine."
2905,2,13,102,117,1.1452991452991452,0.036950028914005444,556,Molecular gastronomy gone wild.
2905,3,11,103,117,1.1452991452991452,0.038893018050462115,556,This may be the booze talking but you look sexy when you're fixing me poison for dinner.
2905,2,13,102,117,1.1452991452991452,0.036950028914005444,556,Ralph wonders... is this a new weight loss plan? Or is Ruthie trying to send a message?
2905,1,15,101,117,1.1452991452991452,0.03489903179771761,556,Liver for dinner?
2905,4,9,104,117,1.1452991452991452,0.0407434543135619,556,"""No 'date night'?"
2905,4,9,104,117,1.1452991452991452,0.0407434543135619,556,And what's the difference between free-range and cage free again?
2905,4,9,104,117,1.1452991452991452,0.0407434543135619,556,"You're making your ""dirty scrambled eggs"" again, I see."
2905,3,11,103,117,1.1452991452991452,0.038893018050462115,556,Let's go out sometime.
2905,2,13,102,117,1.1452991452991452,0.036950028914005444,556,I hope your germaphobia does not extend to the bedroom.
2905,4,9,104,117,1.1452991452991452,0.0407434543135619,556,I don't think that's how Sous-vide is supposed to work.
2905,3,11,103,117,1.1452991452991452,0.038893018050462115,556,Maybe you’d better take it a little easy on the sriracha.
2905,4,9,104,117,1.1452991452991452,0.0407434543135619,556,Clearing your mind?
2905,3,11,103,117,1.1452991452991452,0.038893018050462115,556,Tang omelets again?
2905,2,13,102,117,1.1452991452991452,0.036950028914005444,556,I think we are gonna need more wine.
2905,3,11,103,117,1.1452991452991452,0.038893018050462115,556,"Honestly, honey...Is 'Man-Cave' Febreze all that bad?"
2905,3,11,103,117,1.1452991452991452,0.038893018050462115,556,"Okay, I agree. There is more space without the island."
2905,4,9,104,117,1.1452991452991452,0.0407434543135619,556,I know you are Vegan but this is ridiculous!
2905,2,13,102,117,1.1452991452991452,0.036950028914005444,556,OK we can buy a new ventilator.
2905,1,15,101,117,1.1452991452991452,0.03489903179771761,556,It's your fault! You insisted on cooking baked beans for last night's dinner.
2905,5,7,105,117,1.1452991452991452,0.04251342477064203,556,And yet you cook beans for me.
2905,4,9,104,117,1.1452991452991452,0.0407434543135619,556,Look honey I just do not believe in conspiracy theories.
2905,2,13,102,117,1.1452991452991452,0.036950028914005444,556,That's your solution to cooking a skunk?
2905,3,11,103,117,1.1452991452991452,0.038893018050462115,556,"I don't care if you saw it on Shark Tank, it still seems extreme to me for a few onion tears."
2905,4,9,104,117,1.1452991452991452,0.0407434543135619,556,I say we stay and give Trump's America a chance. You?
2905,3,11,103,117,1.1452991452991452,0.038893018050462115,556,I didn't think our marriage was that toxic
2905,2,13,102,117,1.1452991452991452,0.036950028914005444,556,"Is it that bad, I need to tell Houston we have a problem?"
2905,2,13,102,117,1.1452991452991452,0.036950028914005444,556,I don't think it smells THAT bad.
2905,5,7,105,117,1.1452991452991452,0.04251342477064203,556,Has it occurred to you that maybe you should stop making the beans?
2905,4,9,104,117,1.1452991452991452,0.0407434543135619,556,Drunk already?
2905,2,13,102,117,1.1452991452991452,0.036950028914005444,556,"It may be gross, but Bourdain says it's delicious."
2905,3,11,103,117,1.1452991452991452,0.038893018050462115,556,Honey? How does it convert annoyance into renewable energy? Honey?
2905,1,15,101,117,1.1452991452991452,0.03489903179771761,556,"So, yellow cake for dessert?"
2905,3,11,103,117,1.1452991452991452,0.038893018050462115,556,"I agree that Trump is going to make someone attack us, but that doesn't mean it's today!"
2905,1,15,101,117,1.1452991452991452,0.03489903179771761,556,Limburger pancakes again.
2905,5,7,105,117,1.1452991452991452,0.04251342477064203,556,Flash Gordon or flash in the pan?
2905,1,15,101,117,1.1452991452991452,0.03489903179771761,556,Do I perceive disapproval of my liverwurst hash?
2905,3,11,103,117,1.1452991452991452,0.038893018050462115,556,The smoke detector just went off.
2905,1,15,101,117,1.1452991452991452,0.03489903179771761,556,I think you're taking the grease splatter thing a little too seriously
2905,3,11,103,117,1.1452991452991452,0.038893018050462115,556,"Are you sure the doctor didn't say ""CPAP?"""
2905,3,11,103,117,1.1452991452991452,0.038893018050462115,556,"With you working on zika, I would have thought you'd stop bringing your work home."
2905,3,11,103,117,1.1452991452991452,0.038893018050462115,556,You must admit we got some great bargains from the FDA and NASA cutbacks.
2905,0,17,100,117,1.1452991452991452,0.032719721943964795,556,Moon to table tonight?
2905,4,9,104,117,1.1452991452991452,0.0407434543135619,556,So he told you dress like a woman at work again?
2905,4,9,104,117,1.1452991452991452,0.0407434543135619,556,I thought you liked my cologne.
2905,4,9,104,117,1.1452991452991452,0.0407434543135619,556,I said I was sorry that I brought Merlot.
2905,3,11,103,117,1.1452991452991452,0.038893018050462115,556,Maybe you should try organic food.
2905,4,9,104,117,1.1452991452991452,0.0407434543135619,556,I guess we're having cabbage and beans for dinner again.
2905,3,11,103,117,1.1452991452991452,0.038893018050462115,556,It's a little inconvenient when we go to bed.
2905,3,11,103,117,1.1452991452991452,0.038893018050462115,556,Using the GMO Onions?
2905,2,13,102,117,1.1452991452991452,0.036950028914005444,556,Lighten up; my mother used to make me tripe.
2905,1,15,101,117,1.1452991452991452,0.03489903179771761,556,"Honey, I said you have the personality of a robot, not that you are one."
2905,2,13,102,117,1.1452991452991452,0.036950028914005444,556,You're not exactly giving me the confidence I need right now to trust your cooking.
2905,5,7,105,117,1.1452991452991452,0.04251342477064203,556,Thanks for making the Limburger cheese omelet to go with my nouveau beaujolais.
2905,3,11,103,117,1.1452991452991452,0.038893018050462115,556,I'm guessing Stinking Bishop isn't a favorite?
2905,3,11,103,117,1.1452991452991452,0.038893018050462115,556,"Hon, did you ever think this gluten-free diet may have gone a little far?"
2905,3,11,103,117,1.1452991452991452,0.038893018050462115,556,Tang again?
2905,3,11,103,117,1.1452991452991452,0.038893018050462115,556,You can't just choose your alternative air.
2905,2,13,102,117,1.1452991452991452,0.036950028914005444,556,Have some vodka first and you won't mind the cilantro.
2905,4,9,104,117,1.1452991452991452,0.0407434543135619,556,You really know how to dress for dinner!
2905,5,7,105,117,1.1452991452991452,0.04251342477064203,556,"Susan, can you hear me, I guess not, well yes it is too big."
2905,2,13,102,117,1.1452991452991452,0.036950028914005444,556,"So , I see you're getting your wardrobe from the Bissell Collection."
2905,3,11,103,117,1.1452991452991452,0.038893018050462115,556,I get it: ‘Has-Matt made dinner?’ You're so passive aggressive.
2905,3,11,103,117,1.1452991452991452,0.038893018050462115,556,"$300 on QVC, Mabel, honey you can avoid splatter by simply turning down the flame!"
2905,3,11,103,117,1.1452991452991452,0.038893018050462115,556,"I assume that's my crow dinner, not yours."
2905,1,15,101,117,1.1452991452991452,0.03489903179771761,556,Homemade GMOs again?
2905,4,9,104,117,1.1452991452991452,0.0407434543135619,556,I was once in space.
2905,3,11,103,117,1.1452991452991452,0.038893018050462115,556,Is this because of my horrible poopy farts?
2905,2,13,102,117,1.1452991452991452,0.036950028914005444,556,"Marge, I never asked for a grilled liverwurst and limburger cheese sandwich."
2905,2,13,102,117,1.1452991452991452,0.036950028914005444,556,Have I thanked you for tolerating my continuing embrace of glutens?
2905,3,11,103,117,1.1452991452991452,0.038893018050462115,556,"You know, I’m really sorry I forgot your birthday."
2905,2,13,102,117,1.1452991452991452,0.036950028914005444,556,I swear I wasn't going to spoil the season finale of 'This Is Us!'
2905,1,15,101,117,1.1452991452991452,0.03489903179771761,556,I guess I'm just a bit more down to earth about these things.
2905,0,17,100,117,1.1452991452991452,0.032719721943964795,556,Maybe it is time to stop using Teflon.
2905,4,9,104,117,1.1452991452991452,0.0407434543135619,556,I guess you've decided to take some space.
2905,5,7,105,117,1.1452991452991452,0.04251342477064203,556,"Let's go over this again, I'm republican, your democrat, and the meal's Mexican."
2905,3,11,103,117,1.1452991452991452,0.038893018050462115,556,"I told you, I'm willing to try vegan..."
2905,3,11,103,117,1.1452991452991452,0.038893018050462115,556,Is there room for me in there?
2905,3,11,103,117,1.1452991452991452,0.038893018050462115,556,"Sandra, girl, if you really want to survive the trump presidency, you should build a bunker too."
2905,3,11,103,117,1.1452991452991452,0.038893018050462115,556,So what's with the eggs??
2905,3,11,103,117,1.1452991452991452,0.038893018050462115,556,"Enough drama, Helen. From now on I spend the extra money on pre-chopped onions."
2905,3,11,103,117,1.1452991452991452,0.038893018050462115,556,You're saying I have to put up with this for at least four years?
2905,3,11,103,117,1.1452991452991452,0.038893018050462115,556,Were they out of organic mushrooms?
2905,5,7,105,117,1.1452991452991452,0.04251342477064203,556,You're really letting loose since the armored car you wore for our first date.
2905,1,15,101,117,1.1452991452991452,0.03489903179771761,556,"I heard what you said about the EPA, but I prefer alternative facts."
2905,3,11,103,117,1.1452991452991452,0.038893018050462115,556,Gluten protection?
2905,3,11,103,117,1.1452991452991452,0.038893018050462115,556,Is that the new pan with the space age finish?
2905,1,15,101,117,1.1452991452991452,0.03489903179771761,556,"Come on Gwen, it's only a Biosafety Level 3 contamination risk."
2905,1,15,101,117,1.1452991452991452,0.03489903179771761,556,Thanks for including the cilantro
2905,2,13,102,117,1.1452991452991452,0.036950028914005444,556,Ghost peppers again tonight?
2905,4,9,104,117,1.1452991452991452,0.0407434543135619,556,"""I told you, I'll take it off in four years.|"
2905,1,15,101,117,1.1452991452991452,0.03489903179771761,556,Too much toxic media again?
2905,1,15,101,117,1.1452991452991452,0.03489903179771761,556,Are you preparing alternative food tonight?
2905,1,15,101,117,1.1452991452991452,0.03489903179771761,556,I thought we had agreed no GMOs.
2905,1,15,101,117,1.1452991452991452,0.03489903179771761,556,"""Honey, you can take off the outfit now, as I have been on anti-flatulence pills for more than a month!"
2905,4,9,104,117,1.1452991452991452,0.0407434543135619,556,"When you said I stank, I thought you were joking."
2905,2,13,102,117,1.1452991452991452,0.036950028914005444,556,Why don't you have a glass of wine? I know it was bottled before inauguration day.
2905,3,11,103,117,1.1452991452991452,0.038893018050462115,556,"Online dating profile: ""I'm a t-shirt and jeans kind of girl, but I also like to dress up for a night on the town or a romantic dinner at home."""
2905,3,11,103,117,1.1452991452991452,0.038893018050462115,556,I abhor life in a vacuum
2905,4,9,104,117,1.1452991452991452,0.0407434543135619,556,Gas of wine?
2905,2,13,102,117,1.1452991452991452,0.036950028914005444,556,"So you're taking this gluten-free thing pretty seriously, eh?"
2905,3,11,103,117,1.1452991452991452,0.038893018050462115,556,The doctor said the medication will help with the smell.
2905,3,11,103,117,1.1452991452991452,0.038893018050462115,556,"You were right, rosé does make me gassy."
2905,3,11,103,117,1.1452991452991452,0.038893018050462115,556,"Burn me once, shame on you..."
2905,4,9,104,117,1.1452991452991452,0.0407434543135619,556,Then don't use cumin!
2905,4,9,104,117,1.1452991452991452,0.0407434543135619,556,"Did you say ""ziti"" or ""zika?"""
2905,3,11,103,117,1.1452991452991452,0.038893018050462115,556,I get it. You still wish we lived on different planets.
2905,2,13,102,117,1.1452991452991452,0.036950028914005444,556,"Is it me, or the new EPA?"
2905,3,11,103,117,1.1452991452991452,0.038893018050462115,556,"Alright, I admit that toxic was a bit insulting."
2905,2,13,102,117,1.1452991452991452,0.036950028914005444,556,You don't reduce your carbon footprint that way.
2905,3,11,103,117,1.1452991452991452,0.038893018050462115,556,Maybe it's time I become a vegetarian?!?
2905,1,15,101,117,1.1452991452991452,0.03489903179771761,556,Can I pour your wine in somewhere in your backpack?
2905,5,7,105,117,1.1452991452991452,0.04251342477064203,556,And you wonder why I went to the Women's March.
2905,3,11,103,117,1.1452991452991452,0.038893018050462115,556,Stop being so dramatic. You know I'm lactose intolerant.
2905,1,15,101,117,1.1452991452991452,0.03489903179771761,556,When do you leave for Mars?
2905,2,13,102,117,1.1452991452991452,0.036950028914005444,556,"That sure smells ""out of this world""."
2905,1,15,101,117,1.1452991452991452,0.03489903179771761,556,We don't even have to use garlic.
2905,5,7,105,117,1.1452991452991452,0.04251342477064203,556,Okay even without tasting I think these are the non organic eggs.
2905,4,9,104,117,1.1452991452991452,0.0407434543135619,556,"Come on Honey, I don't fart that bad...."
2905,2,13,102,117,1.1452991452991452,0.036950028914005444,556,Wine can only breathe for so long…
2905,4,9,104,117,1.1452991452991452,0.0407434543135619,556,You're cooking is really out of this world!
2905,5,7,105,117,1.1452991452991452,0.04251342477064203,556,You want me to eat that?
2905,4,9,104,117,1.1452991452991452,0.0407434543135619,556,I think it would be cheaper to buy organic.
2905,2,13,102,117,1.1452991452991452,0.036950028914005444,556,"Look, I didn't actually think he'd keep his campaign promises. I just wanted to shake things up."
2905,1,15,101,117,1.1452991452991452,0.03489903179771761,556,Relax - eggs are gluten free!
2905,3,11,103,117,1.1452991452991452,0.038893018050462115,556,So now you're protesting the New Administration's doing away with the environment.
2905,4,9,104,117,1.1452991452991452,0.0407434543135619,556,"Ok, I'm sorry I said you've been putting on 'airs' lately. You made your point."
2905,2,13,102,117,1.1452991452991452,0.036950028914005444,556,"Since you became vegan aren't you carrying this ""have to cook meat for me"" thing a little too far?"
2905,2,13,102,117,1.1452991452991452,0.036950028914005444,556,"I know you've gone vegan, but beef stroganoff is not toxic."
2905,3,11,103,117,1.1452991452991452,0.038893018050462115,556,Personally I enjoy the smell of Brussel Sprouts.
2905,4,9,104,117,1.1452991452991452,0.0407434543135619,556,For whom are you cooking up this poisonous stew?
2905,3,11,103,117,1.1452991452991452,0.038893018050462115,556,Just because Trump is President doesn't mean we're on an alien planet.
2905,3,11,103,117,1.1452991452991452,0.038893018050462115,556,Fried beans again?
2905,1,15,101,117,1.1452991452991452,0.03489903179771761,556,I said I'd be willing to try going gluten-free.
2905,2,13,102,117,1.1452991452991452,0.036950028914005444,556,"It might be the wine talking, but since you started wearing that espresso machine on your back, I can't keep my mind off custard tarts."
2905,2,13,102,117,1.1452991452991452,0.036950028914005444,556,Can't we just go to Dairy Queen?
2905,1,15,101,117,1.1452991452991452,0.03489903179771761,556,All I'm saying is that it seems like you could just eat some lentils or kale if you need more oxygen in your blood.
2905,4,9,104,117,1.1452991452991452,0.0407434543135619,556,Practice. Practice. Practice.
2905,4,9,104,117,1.1452991452991452,0.0407434543135619,556,"Mitzi, what ever happened to that loving young couple we used to be?"
2905,4,9,104,117,1.1452991452991452,0.0407434543135619,556,"I asked for vanilla wafers, not silicon wafers."
2905,2,13,102,117,1.1452991452991452,0.036950028914005444,556,"Okay! I won't try that position again, all right?"
2905,2,13,102,117,1.1452991452991452,0.036950028914005444,556,"Honey, Do you really think the EPA is doing that bad since the election?"
2905,1,15,101,117,1.1452991452991452,0.03489903179771761,556,You can't keep me out forever.
2905,3,11,103,117,1.1452991452991452,0.038893018050462115,556,I didn't realize I had become that toxic to you.
2905,1,15,101,117,1.1452991452991452,0.03489903179771761,556,I'll pass on the chili next time.
2905,3,11,103,117,1.1452991452991452,0.038893018050462115,556,The recipe says to braise not blaze.
2905,2,13,102,117,1.1452991452991452,0.036950028914005444,556,On the second date Bob came to regret his lie about liking spicy food on the first date.
2905,5,7,105,117,1.1452991452991452,0.04251342477064203,556,Trying a new oven cleaner recipe?
2905,3,11,103,117,1.1452991452991452,0.038893018050462115,556,You know that is an electric burner?
2905,5,7,105,117,1.1452991452991452,0.04251342477064203,556,"Oh, I see were having non-organic tonight"
2905,3,11,103,117,1.1452991452991452,0.038893018050462115,556,"Have you lost all your senses, woman?"
2905,3,11,103,117,1.1452991452991452,0.038893018050462115,556,How was the march?
2905,5,7,105,117,1.1452991452991452,0.04251342477064203,556,"smells delicious, hon"
2905,4,9,104,117,1.1452991452991452,0.0407434543135619,556,Breaking bad eggs?
3075,6,5,107,118,1.1440677966101696,0.04385360083689273,556,"So, why don't you try cooking with olive oil instead of peanut oil?"
3075,3,11,104,118,1.1440677966101696,0.038581662113352254,556,"you seem a little stressed, where is the wine port on the suit"
3075,4,9,105,118,1.1440677966101696,0.040415457476974,556,"And it's supposed to go in my mouth next, right?"
3075,1,15,102,118,1.1440677966101696,0.0346239158406506,556,Brussels sprouts again?
3079,1,14,99,114,1.1403508771929824,0.03497108389751384,556,"According to our pre-nup contract, you agreed to cook liver and onions once a week!"
3079,4,8,102,114,1.1403508771929824,0.04109431705652125,556,At that moment Jim knew his wife may be trying to potion him.
3079,1,14,99,114,1.1403508771929824,0.03497108389751384,556,Ground control to Major Chardonnay.....easy on the garlic please!
3079,2,12,100,114,1.1403508771929824,0.037124548537213656,556,"Sunny Side Up, please"
3079,0,16,98,114,1.1403508771929824,0.03267600516957315,556,Sounds very healthy. How does the glass of wine fit in?
3079,2,12,100,114,1.1403508771929824,0.037124548537213656,556,Does this mean you don't trust your own cooking??
3079,2,12,100,114,1.1403508771929824,0.037124548537213656,556,It must be the wine... this looks hotter than Victoria's Secret.
3086,2,12,101,115,1.1391304347826088,0.036820542225567035,556,"If you don't want to cook with cilantro, just say so."
3086,1,14,100,115,1.1391304347826088,0.03468713058885162,556,"Well, maybe one person's toxic environment is another person's breath of fresh air."
3086,2,12,101,115,1.1391304347826088,0.036820542225567035,556,"Dear, aren't you taking this EPA gag rule a bit too far?"
3086,2,12,101,115,1.1391304347826088,0.036820542225567035,556,"""Kidneys and cabbage again, huh?"
3086,3,10,102,115,1.1391304347826088,0.038836936427600534,556,"Your cooking is not that bad, Sylvia !"
3086,4,8,103,115,1.1391304347826088,0.04075368612013158,556,Now that broccoli smell won't make you pinch your nose.
3086,3,10,102,115,1.1391304347826088,0.038836936427600534,556,That still doesn't make it organic.
3086,3,10,102,115,1.1391304347826088,0.038836936427600534,556,At least wait till after I forget Valentine's day to go out of your way to ignore me.
3086,2,12,101,115,1.1391304347826088,0.036820542225567035,556,I'm sorry you don't like the atmosphere of the new place.
3086,2,12,101,115,1.1391304347826088,0.036820542225567035,556,"If my dinner is that toxic, how about we go out to your favorite restaurant instead?"
3086,2,12,101,115,1.1391304347826088,0.036820542225567035,556,I see you've opted for the nuclear entree.
3086,3,10,102,115,1.1391304347826088,0.038836936427600534,556,""" suits you ""."
3086,3,10,102,115,1.1391304347826088,0.038836936427600534,556,I read that gluten contamination isn't really a thing...but I totally support you.
3086,2,12,101,115,1.1391304347826088,0.036820542225567035,556,"Honey, our new Waring Oven wasn't intended for wearing."
3086,4,8,103,115,1.1391304347826088,0.04075368612013158,556,"Marge, you do know that’s just a Hoover."
3086,3,10,102,115,1.1391304347826088,0.038836936427600534,556,Moving on from molecular to atomic cooking?
3086,4,8,103,115,1.1391304347826088,0.04075368612013158,556,"Um, that's not quite what I meant when I advised you to protect your assets."
3086,3,10,102,115,1.1391304347826088,0.038836936427600534,556,Did you march in those boots?
3086,2,12,101,115,1.1391304347826088,0.036820542225567035,556,I thought you'd come to terms with genetic engineering.
3086,2,12,101,115,1.1391304347826088,0.036820542225567035,556,"You know, we could have just ordered take-out."
3086,2,12,101,115,1.1391304347826088,0.036820542225567035,556,"You know some people will think this was a hoax, right?"
3086,1,14,100,115,1.1391304347826088,0.03468713058885162,556,"Laura, dearest, are you quite sure you have entirely understood the concept of cooking 'sous vide'?"
3086,4,8,103,115,1.1391304347826088,0.04075368612013158,556,Careful - that's got gluten.
3086,2,12,101,115,1.1391304347826088,0.036820542225567035,556,"OK, I'll turn the heat up!"
3086,0,16,99,115,1.1391304347826088,0.03241360404508152,556,"Honey, shouldn't we just buy organic?"
3086,5,6,104,115,1.1391304347826088,0.042584248656926255,556,"So...you gonna ""science"" the $#!t out of those latkes?"
3086,3,10,102,115,1.1391304347826088,0.038836936427600534,556,"I don't know why, but I still struggle with abandonment issues."
3086,4,8,103,115,1.1391304347826088,0.04075368612013158,556,"""Frankly my dear,I agree frying is safer but liquor is quicker""."
3086,3,10,102,115,1.1391304347826088,0.038836936427600534,556,I'm sure lactose isn't airborne
3086,2,12,101,115,1.1391304347826088,0.036820542225567035,556,"So, uh, whatcha cookin'?"
3086,3,10,102,115,1.1391304347826088,0.038836936427600534,556,"I said kinky, not clinky."
3086,1,14,100,115,1.1391304347826088,0.03468713058885162,556,I guess you figured out that our guests are antivaxxers.
3086,3,10,102,115,1.1391304347826088,0.038836936427600534,556,Post-molecular gastronomy? Don't you think it is a bit over the top?
3086,1,14,100,115,1.1391304347826088,0.03468713058885162,556,So I am guessing hanky pinky is off the table.
3086,2,12,101,115,1.1391304347826088,0.036820542225567035,556,"Honey, the aliens aren't coming until after dinner."
3086,2,12,101,115,1.1391304347826088,0.036820542225567035,556,"Hon, I don't think there are any peanuts in an omelet."
3086,2,12,101,115,1.1391304347826088,0.036820542225567035,556,"One small step for pan, one giant leap for pan fried."
3086,2,12,101,115,1.1391304347826088,0.036820542225567035,556,It's nice they let you disembark early.
3086,4,8,103,115,1.1391304347826088,0.04075368612013158,556,WTF?
3086,3,10,102,115,1.1391304347826088,0.038836936427600534,556,I think Dr. Goldberg will see this as progress. Your aggression is finally becoming less passive.
3086,2,12,101,115,1.1391304347826088,0.036820542225567035,556,"Really, Lois? Just because you're not Vegan...."
3086,3,10,102,115,1.1391304347826088,0.038836936427600534,556,Not a fan of bacon?
3086,2,12,101,115,1.1391304347826088,0.036820542225567035,556,"Darling, don't you think you're taking your role in Arrival a little too seriously?"
3086,2,12,101,115,1.1391304347826088,0.036820542225567035,556,Something tells me you wanted me to cut the onions.
3086,3,10,102,115,1.1391304347826088,0.038836936427600534,556,Did I thank you for cooking me fish this evening?
3086,3,10,102,115,1.1391304347826088,0.038836936427600534,556,Shouldn't this tang be slightly chilled?
3086,0,16,99,115,1.1391304347826088,0.03241360404508152,556,"I'm pretty sure you can't just tell Venus immigration that you're from there, but what do I know, I'm from Mars."
3086,3,10,102,115,1.1391304347826088,0.038836936427600534,556,Your position on fried foods is duly noted. Now when's supper?
3086,4,8,103,115,1.1391304347826088,0.04075368612013158,556,"I have a feeling this is going to be a ""one small step for mankind"" kinda night."
3086,3,10,102,115,1.1391304347826088,0.038836936427600534,556,So this is your solution to our marriage being a toxic environment?
3086,3,10,102,115,1.1391304347826088,0.038836936427600534,556,Why don't you just start by quitting Facebook?
3086,3,10,102,115,1.1391304347826088,0.038836936427600534,556,"I know your cooking is bad, but do you really need a gas mask?"
3086,1,14,100,115,1.1391304347826088,0.03468713058885162,556,"Hun, let me decide if it's out of this world"
3086,4,8,103,115,1.1391304347826088,0.04075368612013158,556,Now I know why your moonshine is so good.
3086,2,12,101,115,1.1391304347826088,0.036820542225567035,556,Very funny! So I made you cook one night instead of ordering in.!
3086,4,8,103,115,1.1391304347826088,0.04075368612013158,556,"Okay, is it my after shave or you want to see Rogue One again?"
3086,1,14,100,115,1.1391304347826088,0.03468713058885162,556,"Carl thought to himself, ""So this is what she meant when she said she was a gastronomist."""
3086,4,8,103,115,1.1391304347826088,0.04075368612013158,556,I'm surprised writing for The Onion hasn't inured you to this by now.
3086,4,8,103,115,1.1391304347826088,0.04075368612013158,556,You SAID you'd come home if it was an emergency.
3086,1,14,100,115,1.1391304347826088,0.03468713058885162,556,Go easy on the cyanide.
3086,3,10,102,115,1.1391304347826088,0.038836936427600534,556,Don't you think removing the smoke alarm battery would be an easier solution?
3086,1,14,100,115,1.1391304347826088,0.03468713058885162,556,I presume Virgin Galactic hasn't called.
3086,3,10,102,115,1.1391304347826088,0.038836936427600534,556,I told you I was allergic to housework. That includes cooking.
3086,4,8,103,115,1.1391304347826088,0.04075368612013158,556,You say this recipe came out of the presidential cookbook?
3086,3,10,102,115,1.1391304347826088,0.038836936427600534,556,I told you earthlings and aliens are one and the same.
3086,1,14,100,115,1.1391304347826088,0.03468713058885162,556,And I always thought all you needed was an apron.
3086,4,8,103,115,1.1391304347826088,0.04075368612013158,556,"I know the current political climate is toxic, but isn't this a little extreme?"
3086,2,12,101,115,1.1391304347826088,0.036820542225567035,556,Cologne too much?
3086,2,12,101,115,1.1391304347826088,0.036820542225567035,556,Please save the drama for your mama... Liver isn't that bad...
3086,4,8,103,115,1.1391304347826088,0.04075368612013158,556,"Come on, Joan. I was just joking about you giving me girl cooties."
3086,3,10,102,115,1.1391304347826088,0.038836936427600534,556,I don't want to inhale any calories.
3086,2,12,101,115,1.1391304347826088,0.036820542225567035,556,I see that sous vide has become somewhat pedestrian.
3086,1,14,100,115,1.1391304347826088,0.03468713058885162,556,Five-alarm chili again?
3086,3,10,102,115,1.1391304347826088,0.038836936427600534,556,I just love the smell of foreplay.
3086,1,14,100,115,1.1391304347826088,0.03468713058885162,556,Cooking up a solar storm?
3086,2,12,101,115,1.1391304347826088,0.036820542225567035,556,"I really like you, but I have a feeling that your germaphobia will make our sex life a bit complicated"
3086,3,10,102,115,1.1391304347826088,0.038836936427600534,556,I stand corrected. Proper usage. You are literally allergic to cooking.
3086,3,10,102,115,1.1391304347826088,0.038836936427600534,556,"Oh, there's more than one kind of simmering going on here."
3086,2,12,101,115,1.1391304347826088,0.036820542225567035,556,I didn't have time to change.
3086,3,10,102,115,1.1391304347826088,0.038836936427600534,556,I think this kitchen needs more space.
3086,3,10,102,115,1.1391304347826088,0.038836936427600534,556,Couldn't you just make the gluten-free version?
3086,1,14,100,115,1.1391304347826088,0.03468713058885162,556,"Honest, I don't think your cooking smells that bad."
3086,1,14,100,115,1.1391304347826088,0.03468713058885162,556,Gluten isn't THAT bad.
3086,2,12,101,115,1.1391304347826088,0.036820542225567035,556,I am pretty sure veganism doesn't require this.
3086,2,12,101,115,1.1391304347826088,0.036820542225567035,556,"I knew we were going to eat in, but in what, exactly?"
3086,3,10,102,115,1.1391304347826088,0.038836936427600534,556,"You know, I may have to rethink this wine pairing."
3086,4,8,103,115,1.1391304347826088,0.04075368612013158,556,"So, you don't mind putting in more garlic?"
3086,3,10,102,115,1.1391304347826088,0.038836936427600534,556,"""Spock calling Lt. Uhuru, come in please""!"
3086,2,12,101,115,1.1391304347826088,0.036820542225567035,556,Another extraterrestrial recipe?
3086,5,6,104,115,1.1391304347826088,0.042584248656926255,556,"With your cooking, you're going to need a cast iron stomach too."
3086,2,12,101,115,1.1391304347826088,0.036820542225567035,556,"Since I got the Hazmat outfit for you, you seem more confident."
3086,3,10,102,115,1.1391304347826088,0.038836936427600534,556,"Sure I love spicy, but what the hell, Betty."
3086,1,14,100,115,1.1391304347826088,0.03468713058885162,556,Have you ever considered that some of the benefits of the space program may be a little over-hyped?
3086,2,12,101,115,1.1391304347826088,0.036820542225567035,556,And you wonder why I don't eat your food.
3086,3,10,102,115,1.1391304347826088,0.038836936427600534,556,I'm not so crazy about the smell of kidneys cooking either.
3086,3,10,102,115,1.1391304347826088,0.038836936427600534,556,#dresslikeawoman
3086,1,14,100,115,1.1391304347826088,0.03468713058885162,556,Brussel sprouts aren't that bad.
3086,3,10,102,115,1.1391304347826088,0.038836936427600534,556,Does Trump still stink?
3086,1,14,100,115,1.1391304347826088,0.03468713058885162,556,"You could have just skipped the onions, you know."
3086,1,14,100,115,1.1391304347826088,0.03468713058885162,556,"You are over reacting to my parents, they promised to be fumigated before coming over to see us."
3086,3,10,102,115,1.1391304347826088,0.038836936427600534,556,Did you watch another Global Warming documentary?
3086,2,12,101,115,1.1391304347826088,0.036820542225567035,556,Your dating profile didn't mention that it was an airborne gluten allergy.
3086,1,14,100,115,1.1391304347826088,0.03468713058885162,556,"I think I'm finally over that mysterious virus you gave me.........and remember, the faster you cook the omelet, the lighter it will be."
3086,3,10,102,115,1.1391304347826088,0.038836936427600534,556,"So, how are the cooking classes going with Walter White?"
3086,1,14,100,115,1.1391304347826088,0.03468713058885162,556,"No offense, but your Limburger, onion, and Spam scramble has never been a favorite of mine."
3086,2,12,101,115,1.1391304347826088,0.036820542225567035,556,So you call this place Planet Earth?
3086,1,14,100,115,1.1391304347826088,0.03468713058885162,556,It doesn't have to be Mexican again
3086,3,10,102,115,1.1391304347826088,0.038836936427600534,556,Radiation ravioli my favorite.
3086,3,10,102,115,1.1391304347826088,0.038836936427600534,556,"Honey, are you sure this is paleo?"
3086,4,8,103,115,1.1391304347826088,0.04075368612013158,556,"Your cooking isn't THAT bad, Carol."
3086,2,12,101,115,1.1391304347826088,0.036820542225567035,556,"Hunny, I thought we went over this. My elitism is hereditary, not contagious."
3086,3,10,102,115,1.1391304347826088,0.038836936427600534,556,Shall we toast to our new life insurance policies?
3086,4,8,103,115,1.1391304347826088,0.04075368612013158,556,"I guess you would know a thing or two about sunny side up, eh?"
3086,4,8,103,115,1.1391304347826088,0.04075368612013158,556,Darling... Maybe you should lay off Facebook for a while.
3086,3,10,102,115,1.1391304347826088,0.038836936427600534,556,Maybe if you didn't use the Trump wine......
3086,1,14,100,115,1.1391304347826088,0.03468713058885162,556,How toxic is that dish?
3086,2,12,101,115,1.1391304347826088,0.036820542225567035,556,I'm just not ready to go full vegan.
3086,1,14,100,115,1.1391304347826088,0.03468713058885162,556,"Wine makes me gassy, and I said 'Excuse me'. You don't have to go overboard."
3086,4,8,103,115,1.1391304347826088,0.04075368612013158,556,So we're having Beef Smellington?
3086,3,10,102,115,1.1391304347826088,0.038836936427600534,556,Who says apocalyptic role-play can't be sexy?
3086,3,10,102,115,1.1391304347826088,0.038836936427600534,556,"Honey, these Trump Steaks can't be that bad."
3086,3,10,102,115,1.1391304347826088,0.038836936427600534,556,I think you're taking the whole vegan thing a little too far.
3086,3,10,102,115,1.1391304347826088,0.038836936427600534,556,Aren't you taking the better safe than sorry thing too far?
3209,2,12,102,116,1.1379310344827587,0.03652144371044692,556,But I thought you liked cooking with habaneros.
3209,4,8,104,116,1.1379310344827587,0.04041863339671273,556,Is this your way of mooning me?
3209,3,10,103,116,1.1379310344827587,0.03851935731780324,556,Mmmmmmm
3209,2,12,102,116,1.1379310344827587,0.03652144371044692,556,Have you ever considered just buying cat food?
3209,1,14,101,116,1.1379310344827587,0.03440771444333499,556,"I'm sorry honey, it was just a joke"
3209,1,14,101,116,1.1379310344827587,0.03440771444333499,556,I guess the whole 'Stepford' thing is out.
3209,0,16,100,116,1.1379310344827587,0.032155338215183245,556,"I scheduled the range-hood repair for next week, but I'm now wondering if I should cancel?"
3209,3,10,103,116,1.1379310344827587,0.03851935731780324,556,"We're all going to die, that suit will just prolong the agony"
3209,2,12,102,116,1.1379310344827587,0.03652144371044692,556,How nice to have my mother's fish dish for dinner again.
3209,1,14,101,116,1.1379310344827587,0.03440771444333499,556,Is the apron becoming extinct?
3209,3,10,103,116,1.1379310344827587,0.03851935731780324,556,It might be easier to just go in and touch up your makeup after cooking.
3209,3,10,103,116,1.1379310344827587,0.03851935731780324,556,"Well, I've always thought of eggs sauerkraut as a turn on."
3209,2,12,102,116,1.1379310344827587,0.03652144371044692,556,I guess you really meant it when you said you didn't like to cook.
3209,4,8,104,116,1.1379310344827587,0.04041863339671273,556,That's really hot curry!
3209,3,10,103,116,1.1379310344827587,0.03851935731780324,556,Smelling foods can get you fat
3209,3,10,103,116,1.1379310344827587,0.03851935731780324,556,Are you cooking with peanut oil?
3209,2,12,102,116,1.1379310344827587,0.03652144371044692,556,I think you're taking this 'superfood' thing a little too far.
3209,3,10,103,116,1.1379310344827587,0.03851935731780324,556,Fission again?
3209,3,10,103,116,1.1379310344827587,0.03851935731780324,556,I knew you were busy but I was hungry.
3209,2,12,102,116,1.1379310344827587,0.03652144371044692,556,Can we talk?
3209,3,10,103,116,1.1379310344827587,0.03851935731780324,556,"Ancho, Cayenne, Scotch Bonnet frittata night?"
3209,2,12,102,116,1.1379310344827587,0.03652144371044692,556,"Honey, it's just nuclear fallout. The president says it's a tremendous opportunity to evolve faster than everyone else."
3209,2,12,102,116,1.1379310344827587,0.03652144371044692,556,"So it's, 'In space; no one can hear your excuses?'"
3209,3,10,103,116,1.1379310344827587,0.03851935731780324,556,"If it's that much trouble, Martha, I'll make the damn thing myself."
3209,2,12,102,116,1.1379310344827587,0.03652144371044692,556,"I'm cooking your favorite cheese souffle and am dressed ever so sexily due to your lactose intolerance. Hopefully, I have enough oxygen."
3209,3,10,103,116,1.1379310344827587,0.03851935731780324,556,Carcinogens in bacon are more than a rumor
3209,4,8,104,116,1.1379310344827587,0.04041863339671273,556,Harold could only imagine how his wife would dress once the new pressure cooker arrived.
3209,2,12,102,116,1.1379310344827587,0.03652144371044692,556,Thanks for not sharing your germs.
3237,2,11,100,113,1.1327433628318584,0.03665972787294317,556,So you read the executive order?
3237,4,7,102,113,1.1327433628318584,0.04074299048312956,556,"Apparently, you have no intention of leaving the kitchen."
3237,1,13,99,113,1.1327433628318584,0.034437012571115644,556,Secret recipes are secret for a reason.
3237,3,9,101,113,1.1327433628318584,0.03875517333999831,556,Would you prefer boxed wine?
3237,3,9,101,113,1.1327433628318584,0.03875517333999831,556,Wanna knock boots?
3237,3,9,101,113,1.1327433628318584,0.03875517333999831,556,Have you thought about Yoga?
3237,3,9,101,113,1.1327433628318584,0.03875517333999831,556,"Thanks for catering to Mother's new diet, honey. I think she's finally warming up to you a bit."
3237,2,11,100,113,1.1327433628318584,0.03665972787294317,556,Should we think about going onion free?
3237,2,11,100,113,1.1327433628318584,0.03665972787294317,556,It could use a little dressing.
3237,2,11,100,113,1.1327433628318584,0.03665972787294317,556,You look Marsvellous tonight.
3237,3,9,101,113,1.1327433628318584,0.03875517333999831,556,Maybe you need to cut down on the chili peppers.
3237,3,9,101,113,1.1327433628318584,0.03875517333999831,556,"You know, cheese has mold in it."
3237,2,11,100,113,1.1327433628318584,0.03665972787294317,556,"Is my masculinity truly that toxic, Laura?"
3237,1,13,99,113,1.1327433628318584,0.034437012571115644,556,"Honey, I smelled that burning a long time ago."
3237,2,11,100,113,1.1327433628318584,0.03665972787294317,556,Huh! The things you do to escape my inane chit chat.
3237,4,7,102,113,1.1327433628318584,0.04074299048312956,556,You need the suit because the eggs are not range-free?
3237,4,7,102,113,1.1327433628318584,0.04074299048312956,556,Don't you think you're taking that Molecular Gastronomy a bit too far?
3237,2,11,100,113,1.1327433628318584,0.03665972787294317,556,"So, you really do think they are going to get rid of the EPA..."
3237,4,7,102,113,1.1327433628318584,0.04074299048312956,556,"""Are you sure this is what they meant by sous-vide?"
3237,2,11,100,113,1.1327433628318584,0.03665972787294317,556,Should I warn the Jeffersons?
3237,2,11,100,113,1.1327433628318584,0.03665972787294317,556,This space really suits you
3237,0,15,98,113,1.1327433628318584,0.03206056802254301,556,I don't want to know how that sausage was made.
3237,1,13,99,113,1.1327433628318584,0.034437012571115644,556,Farmed fish again?
3237,1,13,99,113,1.1327433628318584,0.034437012571115644,556,"I'm just saying, I could buy you a new skillet."
3237,1,13,99,113,1.1327433628318584,0.034437012571115644,556,"Yes dear, you are the Neil Armstrong of the kale omelette."
3237,3,9,101,113,1.1327433628318584,0.03875517333999831,556,My limburger cheese omlete doesn't smell that bad.
3237,1,13,99,113,1.1327433628318584,0.034437012571115644,556,Are we having Heisenburgers again?
3237,3,9,101,113,1.1327433628318584,0.03875517333999831,556,So you aren't taking any chances with that irradiated oregano.
3237,4,7,102,113,1.1327433628318584,0.04074299048312956,556,Purell sent you a Thank You Card and a Gift Basket.
3237,1,13,99,113,1.1327433628318584,0.034437012571115644,556,You could have asked HAL to cook that for you.
3237,2,11,100,113,1.1327433628318584,0.03665972787294317,556,"Mmmm, Eggs Heisenberg!"
3237,2,11,100,113,1.1327433628318584,0.03665972787294317,556,"Look honey, I know that Remnick didn't publish your caption. Do you at least want to talk about it?"
3237,3,9,101,113,1.1327433628318584,0.03875517333999831,556,"Yes, you're literally a space cadet."
3237,4,7,102,113,1.1327433628318584,0.04074299048312956,556,I just don't know why you'd cook it when you know what it does to me.
3237,1,13,99,113,1.1327433628318584,0.034437012571115644,556,I'll wait in the living room until it's ready.
3237,1,13,99,113,1.1327433628318584,0.034437012571115644,556,Just add salt.
3237,2,11,100,113,1.1327433628318584,0.03665972787294317,556,"Now you're taking ""living in a bubble"" too far!"
3237,2,11,100,113,1.1327433628318584,0.03665972787294317,556,So is this your response to my CPAP machine?
3237,0,15,98,113,1.1327433628318584,0.03206056802254301,556,"Yes, yes, you don't like cilantro. But you're being silly."
3237,3,9,101,113,1.1327433628318584,0.03875517333999831,556,"Going heavy on the jalapeños, are you?"
3237,3,9,101,113,1.1327433628318584,0.03875517333999831,556,"I didn't realize you were trying to cook, otherwise I would have put my suit on too."
3237,4,7,102,113,1.1327433628318584,0.04074299048312956,556,I said add radishes.
3237,3,9,101,113,1.1327433628318584,0.03875517333999831,556,Trump is an idiot.
3237,2,11,100,113,1.1327433628318584,0.03665972787294317,556,"Air today, gone tomorrow."
3237,2,11,100,113,1.1327433628318584,0.03665972787294317,556,I thought 'Molecular Cooking' is passé?
3237,2,11,100,113,1.1327433628318584,0.03665972787294317,556,And which cookbook was this in again?
3237,2,11,100,113,1.1327433628318584,0.03665972787294317,556,"Okay, okay. Next time I won't ask for onions."
3237,4,7,102,113,1.1327433628318584,0.04074299048312956,556,"Ever since the Women's March, she refuses to touch my meat."
3237,1,13,99,113,1.1327433628318584,0.034437012571115644,556,"""I think the fish sauce was optional""."
3237,2,11,100,113,1.1327433628318584,0.03665972787294317,556,It's nice to see things on Mars won't be different.
3237,3,9,101,113,1.1327433628318584,0.03875517333999831,556,Want a refill on the Chateau Tang?
3237,4,7,102,113,1.1327433628318584,0.04074299048312956,556,"You know, these toxic bachelor precautions hurt my feelings a bit."
3237,2,11,100,113,1.1327433628318584,0.03665972787294317,556,Does that go with red or white wine?
3237,2,11,100,113,1.1327433628318584,0.03665972787294317,556,Don't stand so close--the pesticides are burning off.
3237,5,5,103,113,1.1327433628318584,0.042638235029178385,556,I thought Trump had eliminated that regulation.
3237,2,11,100,113,1.1327433628318584,0.03665972787294317,556,"Seriously, Honey. Nobody's grabbing."
3237,3,9,101,113,1.1327433628318584,0.03875517333999831,556,"Honey, I don't think Trumpitis is contagious."
3294,3,9,102,114,1.131578947368421,0.03843135552948524,556,"Oh honey... Even if they've seen your comment, I'm sure they've ran out of Polonium at this point."
3294,1,13,100,114,1.131578947368421,0.03415345220594449,556,So this is what super-vegan looks like?
3294,2,11,101,114,1.131578947368421,0.036355380519377256,556,Your're making ballasitic missile burgers again.
3294,3,9,102,114,1.131578947368421,0.03843135552948524,556,I once saw Martha Stewart cook salmon in a spacesuit!
3294,4,7,103,114,1.131578947368421,0.040400798048537065,556,"So, is this your new look?"" ""It's only for the next four years."
3294,3,9,102,114,1.131578947368421,0.03843135552948524,556,I hope they're done before I run out of oxigen!
3294,4,7,103,114,1.131578947368421,0.040400798048537065,556,Habañeros three ways. Again?
3294,1,13,100,114,1.131578947368421,0.03415345220594449,556,Do you do everything well done on Mars?
3294,1,13,100,114,1.131578947368421,0.03415345220594449,556,Oxygen is the fifth basket ingredient on Chopped.
3294,1,13,100,114,1.131578947368421,0.03415345220594449,556,"""Astro-melette""?"
3294,2,11,101,114,1.131578947368421,0.036355380519377256,556,Joy of Coooking? Or Julia?
3294,2,11,101,114,1.131578947368421,0.036355380519377256,556,You know I fully support your human-to-robot transition. I just really think you're using too much oil in the cooking these days.
3294,2,11,101,114,1.131578947368421,0.036355380519377256,556,"Alice, you know I'm only joking when I say bang! zoom! straight to the moon!"
3294,1,13,100,114,1.131578947368421,0.03415345220594449,556,Have some confidence! The last batch turned out okay.
3294,4,7,103,114,1.131578947368421,0.040400798048537065,556,I like the way you've re-purposed the lead blower to dry your hair
3294,2,11,101,114,1.131578947368421,0.036355380519377256,556,"It's not rocket science, it's easy as pie."
3294,3,9,102,114,1.131578947368421,0.03843135552948524,556,"Honey, I said I opened a window."
3294,3,9,102,114,1.131578947368421,0.03843135552948524,556,I'm telling you - use Vidalias
3294,2,11,101,114,1.131578947368421,0.036355380519377256,556,Sure smells good ....
3294,2,11,101,114,1.131578947368421,0.036355380519377256,556,"Honey, let me just say again how relieved and happy I am that we've been able to get past my little, ah, marital indiscretion with with Tiffany."
3294,4,7,103,114,1.131578947368421,0.040400798048537065,556,Is this a commentary on my personality?
3294,4,7,103,114,1.131578947368421,0.040400798048537065,556,Can I borrow that later for the cabbage?
3294,1,13,100,114,1.131578947368421,0.03415345220594449,556,Are you sure your signed copy of Julia Child is authentic?
3294,3,9,102,114,1.131578947368421,0.03843135552948524,556,Another manager's special?
3294,3,9,102,114,1.131578947368421,0.03843135552948524,556,I promise that next time I'll look harder for organic salt.
3294,3,9,102,114,1.131578947368421,0.03843135552948524,556,I'm pretty sure it's gluten free
3294,2,11,101,114,1.131578947368421,0.036355380519377256,556,Am I really that unhealthy?
3294,2,11,101,114,1.131578947368421,0.036355380519377256,556,Kellyanne swears it's not contagious.
3294,2,11,101,114,1.131578947368421,0.036355380519377256,556,"Miss the EPA, ha?!"
3294,2,11,101,114,1.131578947368421,0.036355380519377256,556,You never got your cooties shot?
3294,3,9,102,114,1.131578947368421,0.03843135552948524,556,"Another gin atomic, dear?"
3294,1,13,100,114,1.131578947368421,0.03415345220594449,556,"If you prefer, I think we might have some Tang left over from the 60's."
3294,5,5,104,114,1.131578947368421,0.04227859834577841,556,Lotta work for just one portion.
3294,3,9,102,114,1.131578947368421,0.03843135552948524,556,Is it gravity that's bringing you down?
3294,3,9,102,114,1.131578947368421,0.03843135552948524,556,"''Does this mean that you don't like to cook my favorite dinner?"""
3294,3,9,102,114,1.131578947368421,0.03843135552948524,556,We just had Ebola scramble last week.
3294,3,9,102,114,1.131578947368421,0.03843135552948524,556,You come here often?
3294,2,11,101,114,1.131578947368421,0.036355380519377256,556,I'm sorry I warned you; dairy gives me gas.
3294,2,11,101,114,1.131578947368421,0.036355380519377256,556,Poison instead of potatoes for dinner tonight?
3294,4,7,103,114,1.131578947368421,0.040400798048537065,556,I always said your cooking was out of this world.
3294,3,9,102,114,1.131578947368421,0.03843135552948524,556,Beans again ?
3294,0,15,99,114,1.131578947368421,0.03179941669997666,556,Your food allergies must be hell.
3294,1,13,100,114,1.131578947368421,0.03415345220594449,556,Teflon pan I take it?
3294,3,9,102,114,1.131578947368421,0.03843135552948524,556,How does it compare with the old immersion hand blender?
3294,2,11,101,114,1.131578947368421,0.036355380519377256,556,There really is nothing like a home cooked meal.
3294,4,7,103,114,1.131578947368421,0.040400798048537065,556,I see. Dressing like a woman again?
3294,4,7,103,114,1.131578947368421,0.040400798048537065,556,Looks like Putin is not the only one who needs a nuclear icebreaker.
3294,2,11,101,114,1.131578947368421,0.036355380519377256,556,This free range beef is killing me.
3294,4,7,103,114,1.131578947368421,0.040400798048537065,556,Can I interest you in a cigarette break?
3294,3,9,102,114,1.131578947368421,0.03843135552948524,556,I see you've upped your 5 alarm chili to new levels that can only be measured by Geiger counter. Shall I get the lead aprons so we can eat?
3294,3,9,102,114,1.131578947368421,0.03843135552948524,556,You do realize you're back on Earth?
3294,4,7,103,114,1.131578947368421,0.040400798048537065,556,I'll have mine without peanuts if you don't mind.
3346,3,9,103,115,1.1304347826086956,0.03811288209926202,556,New spanks?
3346,4,7,104,115,1.1304347826086956,0.04006428688007522,556,Are those space pants?
3346,3,9,103,115,1.1304347826086956,0.03811288209926202,556,I could have had the cheddar instead.
3346,1,13,101,115,1.1304347826086956,0.03387449157284589,556,I'm cooking sous vide tonight.
3346,2,11,102,115,1.1304347826086956,0.03605601864620562,556,I'm assuming the salmon was not wild caught.
3346,0,15,100,115,1.1304347826086956,0.031542445656957026,556,What I meant when I said I like chillies...
3346,5,5,105,115,1.1304347826086956,0.04192496135365765,556,Fixing Moons Over My Hammy again?
3346,2,11,102,115,1.1304347826086956,0.03605601864620562,556,I bet that's easier with gravity.
3354,2,10,100,112,1.125,0.03615398570158873,556,"I DO like your cooking, but it's not out of this world."
3354,4,6,102,112,1.125,0.040359150187547356,556,"He asked for his regular of toxic stew, with a side of bigotry again?"
3354,1,12,99,112,1.125,0.03385610020713433,556,"When I told you that your cooking was 'out of this world,', I meant it seriously, not literally."
3354,2,10,100,112,1.125,0.03615398570158873,556,"I believe the program is called Iron Chef, not Iron Lung Chef, dearest."
3354,3,8,101,112,1.125,0.038314303373359705,556,Making ebola-gnese?
3354,2,10,100,112,1.125,0.03615398570158873,556,Sous vide?
3354,2,10,100,112,1.125,0.03615398570158873,556,Mmmmm. Smells toxically delicious!
3354,1,12,99,112,1.125,0.03385610020713433,556,"You're really taking this gluten allergy seriously, huh?"
3354,1,12,99,112,1.125,0.03385610020713433,556,The recipe said to use radicchio.
3354,5,4,103,112,1.125,0.04230527348612895,556,Best I can do is a glass with a silly straw.
3354,1,12,99,112,1.125,0.03385610020713433,556,"Hey there, Miss Eggs-Over-Easy-And-Hard-To-Get."
3354,1,12,99,112,1.125,0.03385610020713433,556,"How was your ""Sleep Walkers with Sleep Apnea"" support group meeting?"
3354,1,12,99,112,1.125,0.03385610020713433,556,"You know, this is my favorite kind of evening: me with my California Cabernet, you frying up a delicious cheese and c diff omelet in your hazmat suit!"
3354,3,8,101,112,1.125,0.038314303373359705,556,I refuse to feel guilty over my stinky tofu craving.
3354,3,8,101,112,1.125,0.038314303373359705,556,"So on a continuum between not communicating enough and sucking all the air out the room, you'd say that I'm now...?"
3354,1,12,99,112,1.125,0.03385610020713433,556,"That's the thing about these toxic relationships, you can tell when they grow cold !"
3354,2,10,100,112,1.125,0.03615398570158873,556,I guess that's one way of dealing with the stench of today's American politics.
3354,1,12,99,112,1.125,0.03385610020713433,556,"Hey, I just eat what I'm served. Whatever happens next is on you."
3354,2,10,100,112,1.125,0.03615398570158873,556,"Sweetheart, I like Matt Damon too, but this is frickin' ridiculous!"
3354,0,14,98,112,1.125,0.03139045014587016,556,"Honey, don't you think you're overdoing the chemical sensitivity thing?"
3354,2,10,100,112,1.125,0.03615398570158873,556,Onions always did make you cry...
3354,3,8,101,112,1.125,0.038314303373359705,556,Sorry. I won't fart in the kitchen again.
3354,1,12,99,112,1.125,0.03385610020713433,556,"Honey, I see you put your engineering degree to good use"
3354,4,6,102,112,1.125,0.040359150187547356,556,I thought the future was more steamed than fried?
3354,2,10,100,112,1.125,0.03615398570158873,556,Damn government regulations!
3354,1,12,99,112,1.125,0.03385610020713433,556,"Alright, I'll go vegan if you're going to be so dramatic about frying bacon for me."
3354,2,10,100,112,1.125,0.03615398570158873,556,"I’m trying out this new, organic, vegan, non-GMO, and polymer fume-free recipe.”"
3354,3,8,101,112,1.125,0.038314303373359705,556,"You just HAD to have yours with gluten, didn't you?"
3354,2,10,100,112,1.125,0.03615398570158873,556,Ours has always been a low pressure marriage.
3354,1,12,99,112,1.125,0.03385610020713433,556,"I get it already, this space is ill-equipped for cooking!"
3354,3,8,101,112,1.125,0.038314303373359705,556,Still trying to go gluten-free?
3354,2,10,100,112,1.125,0.03615398570158873,556,"""Needing space"" doesn't mean simply wearing a space suit, Theresa."
3354,1,12,99,112,1.125,0.03385610020713433,556,"You know, you could just tell me you don't care for this Merlot."
3354,3,8,101,112,1.125,0.038314303373359705,556,"So, normal hair dryer wasn't quite good enough?"
3354,1,12,99,112,1.125,0.03385610020713433,556,So this is the new you?
3354,3,8,101,112,1.125,0.038314303373359705,556,You tryin to take me out with ghost peppers again.
3354,2,10,100,112,1.125,0.03615398570158873,556,Another Occupy Mars online training course?
3354,2,10,100,112,1.125,0.03615398570158873,556,"How was I supposed to know what ""GMO"" means?"
3354,3,8,101,112,1.125,0.038314303373359705,556,Did someome microwave fish again?
3354,2,10,100,112,1.125,0.03615398570158873,556,I just use the smoke detector as a timer
3354,1,12,99,112,1.125,0.03385610020713433,556,I think it's time to try meditation.
3354,3,8,101,112,1.125,0.038314303373359705,556,"Sorry, the prune-wine farts are the worst."
3354,2,10,100,112,1.125,0.03615398570158873,556,"Honey, please remember to turn on the range hood."
3354,1,12,99,112,1.125,0.03385610020713433,556,"Until you're extremely vetted, you gotta wear that outfit."
3354,3,8,101,112,1.125,0.038314303373359705,556,Attempting to cook again?
3354,2,10,100,112,1.125,0.03615398570158873,556,"So I have to ask, is this one way to Mars about me?"
3354,2,10,100,112,1.125,0.03615398570158873,556,"Does that protect you from all his tweets, or just the fictional ones?"
3354,0,14,98,112,1.125,0.03139045014587016,556,Anthrax shmanthrax
3354,4,6,102,112,1.125,0.040359150187547356,556,Gluten sensitivity? Whew! I thought it was emotional distance.
3354,2,10,100,112,1.125,0.03615398570158873,556,And I'm floating in a most peculiar way And the stars look different today
3354,2,10,100,112,1.125,0.03615398570158873,556,"I think you've gone a little overboard in sending the message when you aren't ""in the mood""..."
3354,0,14,98,112,1.125,0.03139045014587016,556,"OK, you're a Vegan! I get it. I'll cook the bacon."
3354,2,10,100,112,1.125,0.03615398570158873,556,"More wine for me, less whining from you."
3354,3,8,101,112,1.125,0.038314303373359705,556,"So Honey, since the election you've been really worried about what happens after it's out of the frying pan."
3354,2,10,100,112,1.125,0.03615398570158873,556,Offering protection for everything but bad ideas.
3354,1,12,99,112,1.125,0.03385610020713433,556,"Well, the non-organic stuff was cheaper!"
3354,3,8,101,112,1.125,0.038314303373359705,556,"I know that you want this night to be special, but that peanut sauce REALLY isn't that important."
3354,2,10,100,112,1.125,0.03615398570158873,556,I swear to God my mother doesn't know about your lethal peanut allergy!
3354,2,10,100,112,1.125,0.03615398570158873,556,Domo Arigato Mrs. Roboto!
3354,1,12,99,112,1.125,0.03385610020713433,556,Ok. I get that it still feels toxic to you.
3354,2,10,100,112,1.125,0.03615398570158873,556,Exploding eggs again?
3354,1,12,99,112,1.125,0.03385610020713433,556,Not too hot.
3354,3,8,101,112,1.125,0.038314303373359705,556,"You know, I heard Nordstrom changed its return policy."
3354,3,8,101,112,1.125,0.038314303373359705,556,"In the kitchen, no one can hear you scream ""over easy."""
3354,1,12,99,112,1.125,0.03385610020713433,556,so you'll get an allergic reaction if you breath in what exactly?
3354,2,10,100,112,1.125,0.03615398570158873,556,"This Merlot will pair well with our synthetic, bio-based entree."
3354,4,6,102,112,1.125,0.040359150187547356,556,"""whats with the suit hun?"" ""I can't cook and smell Bannon's horse shit at the same time?"
3354,2,10,100,112,1.125,0.03615398570158873,556,"Look, I know the EPA is under Trump now, but isn't this little to cautious."
3354,3,8,101,112,1.125,0.038314303373359705,556,Frozen dinner means something different to you.
3354,5,4,103,112,1.125,0.04230527348612895,556,Let me guess…Sloppy Joes?
3354,1,12,99,112,1.125,0.03385610020713433,556,"Thanks for the fried onions, Honey."
3354,2,10,100,112,1.125,0.03615398570158873,556,"Neil Armstrong will be here at Eight, how is the freeze dried steak going honey."
3354,2,10,100,112,1.125,0.03615398570158873,556,Molecular gastronomy is getting out of control.
3354,3,8,101,112,1.125,0.038314303373359705,556,Is this that Lutefisk from last week?
3354,2,10,100,112,1.125,0.03615398570158873,556,I'm sorry. Next time I'll stress 'organic.'
3354,2,10,100,112,1.125,0.03615398570158873,556,Tang is easier.
3354,2,10,100,112,1.125,0.03615398570158873,556,Did the Onion recommend this outfit?
3354,2,10,100,112,1.125,0.03615398570158873,556,It's not 100% organic
3354,3,8,101,112,1.125,0.038314303373359705,556,"Is it for the onions, aliens or high fashion?"
3354,3,8,101,112,1.125,0.038314303373359705,556,"You're not on the Space Station any more, Peggy."
3354,2,10,100,112,1.125,0.03615398570158873,556,I see you're preparing another gastric delight.
3354,2,10,100,112,1.125,0.03615398570158873,556,Can I get ebola that?
3354,2,10,100,112,1.125,0.03615398570158873,556,So you really going through with this Vegan thing?
3354,1,12,99,112,1.125,0.03385610020713433,556,I think it's time you tossed the non-sticks.
3354,3,8,101,112,1.125,0.038314303373359705,556,Your germs are not my germs
3354,3,8,101,112,1.125,0.038314303373359705,556,You're not engendering confidence in your cooking.
3354,1,12,99,112,1.125,0.03385610020713433,556,A little less garlic?
3354,1,12,99,112,1.125,0.03385610020713433,556,I don't get it.
3354,3,8,101,112,1.125,0.038314303373359705,556,I don't think you need to dress like that when using Marzipan.
3354,1,12,99,112,1.125,0.03385610020713433,556,You've been spacey recently
3354,4,6,102,112,1.125,0.040359150187547356,556,Wine helps when you feel like you are in outer space.
3354,1,12,99,112,1.125,0.03385610020713433,556,"I'm just saying, you've been watching too much of that Breaking Bad show."
3354,1,12,99,112,1.125,0.03385610020713433,556,I knew you were mad at me but I didn't you literally meant that you 'can't even breathe the same air'
3354,1,12,99,112,1.125,0.03385610020713433,556,Protection from the elements appears to be extremely important to you.
3354,4,6,102,112,1.125,0.040359150187547356,556,Your taking the Jetsons name a little too far!
3449,3,8,102,113,1.1238938053097345,0.03798983363164784,556,I'm going to get you a hand-held hair dryer for Christmas.
3449,4,6,103,113,1.1238938053097345,0.040015687826843,556,Sauteed space monkeys!? Really?
3449,1,12,100,113,1.1238938053097345,0.03357337983537169,556,"Will it go down, like regular food?"
3449,0,14,99,113,1.1238938053097345,0.031131078051925422,556,"Are you allergic to housework and me, or me and housework?"
3449,4,6,103,113,1.1238938053097345,0.040015687826843,556,"So you are severely allergic to the kitchen, eh?"
3449,0,14,99,113,1.1238938053097345,0.031131078051925422,556,After dinner I'm going to try to step out of my bubble.
3449,2,10,101,113,1.1238938053097345,0.03584968126030149,556,The danger with the free-range running stuff is you don't know where its been.
3449,2,10,101,113,1.1238938053097345,0.03584968126030149,556,Thanks for cooking my favorite dish.
3457,3,8,103,114,1.1228070175438596,0.03767079488170591,556,Tuna tetrazzini again?
3457,1,12,101,114,1.1228070175438596,0.03329531493723402,556,Is a little breathing space too much to ask?
3457,1,12,101,114,1.1228070175438596,0.03329531493723402,556,i just can't stand the smell of cilantro.
3460,1,11,98,110,1.1181818181818182,0.033509781430391704,556,She who smelt it dealt it.
3460,1,11,98,110,1.1181818181818182,0.033509781430391704,556,I hope it's not that Hazmat manicotti recipe.
3460,0,13,97,110,1.1181818181818182,0.03092086318523138,556,I'm sorry you don't like the smell of curry.
3460,1,11,98,110,1.1181818181818182,0.033509781430391704,556,"I’m telling you, it’s an atmospherically stable sauté"
3460,3,7,100,110,1.1181818181818182,0.038164339301215204,556,Ok! I get it! No more cooking with garlic!
3460,1,11,98,110,1.1181818181818182,0.033509781430391704,556,"But really, the key is the aroma."
3460,4,5,101,110,1.1181818181818182,0.0402904761164609,556,Wouldn't it be much simpler to switch to organic eggs?
3460,4,5,101,110,1.1181818181818182,0.0402904761164609,556,I don't think that makes it kosher to combine milk and meat.
3460,1,11,98,110,1.1181818181818182,0.033509781430391704,556,"No, it was not an ""alternative fact"" when I said I brushed my teeth."
3460,3,7,100,110,1.1181818181818182,0.038164339301215204,556,I assume we're having the Tang Sauce for the chicken again?
3460,2,9,99,110,1.1181818181818182,0.03591254826527145,556,Point taken. I admit I could hear you scream.
3460,2,9,99,110,1.1181818181818182,0.03591254826527145,556,Your dish isn't letting my wine breathe.
3460,1,11,98,110,1.1181818181818182,0.033509781430391704,556,"You got turned down, okay? Mars is OUT."
3460,3,7,100,110,1.1181818181818182,0.038164339301215204,556,Is that tofu?
3460,2,9,99,110,1.1181818181818182,0.03591254826527145,556,"Thanks for the eggs, but aren't you carrying the vegan thing a bit too far?"
3460,4,5,101,110,1.1181818181818182,0.0402904761164609,556,Why won't you even try this new bean vodka?
3460,3,7,100,110,1.1181818181818182,0.038164339301215204,556,"Honey, I finished cutting the onion an hour ago"
3460,4,5,101,110,1.1181818181818182,0.0402904761164609,556,Is it my IBS or do you just need more space?
3460,2,9,99,110,1.1181818181818182,0.03591254826527145,556,"Garlic, my dear? We don't need no stinking garlic."
3460,2,9,99,110,1.1181818181818182,0.03591254826527145,556,"If are date continues to go well, will you be wearing that in bed?"
3460,1,11,98,110,1.1181818181818182,0.033509781430391704,556,EPA Secretary Rick Perry says silicone is safe ...... Right ?
3460,4,5,101,110,1.1181818181818182,0.0402904761164609,556,"Sweetheart, I was only joking about your cooking."
3460,1,11,98,110,1.1181818181818182,0.033509781430391704,556,I didn't realize the swordfish was still so toxic.
3460,3,7,100,110,1.1181818181818182,0.038164339301215204,556,"OK, I get it. No more possum."
3460,1,11,98,110,1.1181818181818182,0.033509781430391704,556,"I take it, this glass of wine is going to waste?"
3460,2,9,99,110,1.1181818181818182,0.03591254826527145,556,"I know you're vegan, but it's just a rasher of bacon."
3460,4,5,101,110,1.1181818181818182,0.0402904761164609,556,"Do you want me to start Sinatra's "" Fly me to the moon"" again?"
3460,1,11,98,110,1.1181818181818182,0.033509781430391704,556,"I know the smell of Balkan cabbage disgusts you. My poor grandparents put cigarette butts up their noses, thank goodness for technology."
3460,3,7,100,110,1.1181818181818182,0.038164339301215204,556,"Dear, does the smoke alarm need a battery?"
3460,1,11,98,110,1.1181818181818182,0.033509781430391704,556,Is this some sort of feminist thing?
3460,3,7,100,110,1.1181818181818182,0.038164339301215204,556,Fried liver and onions? The air filter can't help you.
3460,1,11,98,110,1.1181818181818182,0.033509781430391704,556,"You say prude, I say boundaries."
3460,2,9,99,110,1.1181818181818182,0.03591254826527145,556,"I know you and my mother don't always see eye to eye, but this is a new extreme."
3460,4,5,101,110,1.1181818181818182,0.0402904761164609,556,"Really, darling.....we do have that Doomsday Prepper condo in the New Zealand."
3460,3,7,100,110,1.1181818181818182,0.038164339301215204,556,Hello... is there anybody in there?
3460,1,11,98,110,1.1181818181818182,0.033509781430391704,556,I agree: we do have a toxic relationship.
3460,3,7,100,110,1.1181818181818182,0.038164339301215204,556,I think it's coming from the new cabinet.
3460,3,7,100,110,1.1181818181818182,0.038164339301215204,556,"So, is it me or the bacon ?"
3460,1,11,98,110,1.1181818181818182,0.033509781430391704,556,I just can't stand the smell of your Tuna Casserole.
3460,3,7,100,110,1.1181818181818182,0.038164339301215204,556,Do you think it may be time for you to get some help with that obsessive compulsive control disorder?
3460,3,7,100,110,1.1181818181818182,0.038164339301215204,556,When does Trump arrive?
3460,0,13,97,110,1.1181818181818182,0.03092086318523138,556,Your paella had better be out of this world.
3460,2,9,99,110,1.1181818181818182,0.03591254826527145,556,Medium rare...
3460,2,9,99,110,1.1181818181818182,0.03591254826527145,556,"Another GMO meal, dear?!"
3460,1,11,98,110,1.1181818181818182,0.033509781430391704,556,"If your worried about the eggs, they're organic."
3460,2,9,99,110,1.1181818181818182,0.03591254826527145,556,Is this just because you don't like the smell of cooking brussels sprouts?
3460,3,7,100,110,1.1181818181818182,0.038164339301215204,556,I don't think Tang pairs well with anything.
3460,2,9,99,110,1.1181818181818182,0.03591254826527145,556,So....is there a particular reason you're not talking to me honey?
3460,3,7,100,110,1.1181818181818182,0.038164339301215204,556,So tell me again how things went on the red planet?
3460,1,11,98,110,1.1181818181818182,0.033509781430391704,556,"I realize you astronaut training is important, but even at home?"
3460,2,9,99,110,1.1181818181818182,0.03591254826527145,556,What kind of Toxic Waste are you cooking tonite !
3460,1,11,98,110,1.1181818181818182,0.033509781430391704,556,"Ok, I get it. Smoothies it is."
3460,2,9,99,110,1.1181818181818182,0.03591254826527145,556,"OK. So this whole ""outer-space"" thing is different I'll grant you, but I still recognize the silent treatment when I am getting it."
3460,1,11,98,110,1.1181818181818182,0.033509781430391704,556,"Ah, the miracle of Teflon."
3460,2,9,99,110,1.1181818181818182,0.03591254826527145,556,Did the label say 'made in a facility that processes nuts' or 'made on equipment that processes nuts'?
3460,2,9,99,110,1.1181818181818182,0.03591254826527145,556,Stop with the Jane Jetson get-up. I happen to like limburger omelets!
3460,1,11,98,110,1.1181818181818182,0.033509781430391704,556,I'm not sure that the Riesling was the correct choice tonight.
3460,2,9,99,110,1.1181818181818182,0.03591254826527145,556,I like my eggs Over Contaminated.
3460,2,9,99,110,1.1181818181818182,0.03591254826527145,556,I'd rather be left behind any day.
3460,1,11,98,110,1.1181818181818182,0.033509781430391704,556,"What is it this time, Gladys? Three Mile Island stew? Valdez halibut? Tripes à la mode de Chernobyl?"
3460,0,13,97,110,1.1181818181818182,0.03092086318523138,556,"Let's skip the plutonium sauce, and return to Earth."
3460,1,11,98,110,1.1181818181818182,0.033509781430391704,556,You're sucking the air out of the room!
3460,1,11,98,110,1.1181818181818182,0.033509781430391704,556,"Honey, the folks at the Employment Service will be able to tell you're a real person."
3460,2,9,99,110,1.1181818181818182,0.03591254826527145,556,You remind me of myself when I was a teenager.
3460,3,7,100,110,1.1181818181818182,0.038164339301215204,556,"Well, Kellyanne, are you sure they'll blame Putin?"
3460,2,9,99,110,1.1181818181818182,0.03591254826527145,556,You really don't like making those smelly appetizers we always have for the Super Bowl party. Point taken.
3460,2,9,99,110,1.1181818181818182,0.03591254826527145,556,The coal plant's not even running yet
3460,3,7,100,110,1.1181818181818182,0.038164339301215204,556,Grilled cheese is that toxic?
3460,2,9,99,110,1.1181818181818182,0.03591254826527145,556,What time are we snorting dinner?
3460,4,5,101,110,1.1181818181818182,0.0402904761164609,556,I told you. Gluten is NOT volatile.
3460,2,9,99,110,1.1181818181818182,0.03591254826527145,556,Don't you think you're overreacting a bit to the election?
3460,3,7,100,110,1.1181818181818182,0.038164339301215204,556,Thanks for frying my steak! Why didn't you tell me you'd become a vegan?
3460,2,9,99,110,1.1181818181818182,0.03591254826527145,556,I think you're pushing this GMO hysteria a bit too far.
3460,2,9,99,110,1.1181818181818182,0.03591254826527145,556,"Concerned about the ""best by"" date of the ingredients?"
3460,4,5,101,110,1.1181818181818182,0.0402904761164609,556,You never told me you had been selected for the mission to Mars.
3460,3,7,100,110,1.1181818181818182,0.038164339301215204,556,Chopped onions again?
3460,5,3,102,110,1.1181818181818182,0.04230990589783832,556,This is a special dinner for you
3460,3,7,100,110,1.1181818181818182,0.038164339301215204,556,"I didn't realize the advice 'Fasten your oxygen mask first, before assisting others' applied outside the airplane."
3460,3,7,100,110,1.1181818181818182,0.038164339301215204,556,I love the smell of Ebola in the morning.
3460,3,7,100,110,1.1181818181818182,0.038164339301215204,556,"I like to think of myself as a ""Salmonella Terminator""."
3460,0,13,97,110,1.1181818181818182,0.03092086318523138,556,OK - I get it - no more okra ...
3460,1,11,98,110,1.1181818181818182,0.033509781430391704,556,All out of organics were they?
3460,3,7,100,110,1.1181818181818182,0.038164339301215204,556,"What? No, both of these are for me."
3460,0,13,97,110,1.1181818181818182,0.03092086318523138,556,I really think you can cook kale without the protective suit.
3460,2,9,99,110,1.1181818181818182,0.03591254826527145,556,"Lighten up Helen! Have a drink for Christ's sake! According to the EPA,CDC and HAZMAT there's an acceptable level of 40 ppt of PFOA's in that frying pan."
3460,2,9,99,110,1.1181818181818182,0.03591254826527145,556,You must have set off the smoke alarm earlier. Why else would we be at Chef Con Level 3?
3460,2,9,99,110,1.1181818181818182,0.03591254826527145,556,"You're right, the Chateau Limburger will be perfect."
3460,0,13,97,110,1.1181818181818182,0.03092086318523138,556,I didn't realize that you hate onions that much.
3460,3,7,100,110,1.1181818181818182,0.038164339301215204,556,"So, if it's not organic, it's arsenic?"
3460,2,9,99,110,1.1181818181818182,0.03591254826527145,556,"Wow, freeze dried broccoli, I can't wait!"
3460,3,7,100,110,1.1181818181818182,0.038164339301215204,556,"For the last time, Bob - Canada just isn't far enough."
3460,2,9,99,110,1.1181818181818182,0.03591254826527145,556,Making a dirty omelet to go with the dirty martini ?
3460,1,11,98,110,1.1181818181818182,0.033509781430391704,556,I appreciate your making me Brussel sprouts again.
3460,1,11,98,110,1.1181818181818182,0.033509781430391704,556,"If its that bad, I'll pass."
3460,1,11,98,110,1.1181818181818182,0.033509781430391704,556,Don't listen to my mother-your cooking is fine.
3460,3,7,100,110,1.1181818181818182,0.038164339301215204,556,I knew I should never have bought you that 'Quick And Easy Plutonium Recipes' cookbook.
3460,1,11,98,110,1.1181818181818182,0.033509781430391704,556,"Dear, I believe that eggs are gluten free."
3460,1,11,98,110,1.1181818181818182,0.033509781430391704,556,"Sweetie, please, the toxicity is in the White House not in this house."
3460,3,7,100,110,1.1181818181818182,0.038164339301215204,556,"I don't think the mushrooms are toxic, honey."
3460,4,5,101,110,1.1181818181818182,0.0402904761164609,556,"Agreed--if it's edible, I make the next trip to the dump."
3460,1,11,98,110,1.1181818181818182,0.033509781430391704,556,Our guests will not be impressed with fried green eggs.
3460,1,11,98,110,1.1181818181818182,0.033509781430391704,556,HAL 9000 coming for dinner again?
3460,3,7,100,110,1.1181818181818182,0.038164339301215204,556,I'm glad to see that fashion has finally taken an environmentalist approach.
3460,4,5,101,110,1.1181818181818182,0.0402904761164609,556,Tears aren't always a sign of weakness.
3460,2,9,99,110,1.1181818181818182,0.03591254826527145,556,"OK, so I'll skip having liver."
3460,4,5,101,110,1.1181818181818182,0.0402904761164609,556,Is that really how Alton Brown said to cook onions?
3460,2,9,99,110,1.1181818181818182,0.03591254826527145,556,Have you thought about becoming a vegan?
3460,4,5,101,110,1.1181818181818182,0.0402904761164609,556,babe. babe. babe… hey babe. babe. hey babe.
3460,1,11,98,110,1.1181818181818182,0.033509781430391704,556,Oh! Scott Pruitt's coming to dinner?!
3460,2,9,99,110,1.1181818181818182,0.03591254826527145,556,"Even I don't think your cooking is that bad, honey."
3460,2,9,99,110,1.1181818181818182,0.03591254826527145,556,Does your Google Suit send a notification when the food's done?
3460,5,3,102,110,1.1181818181818182,0.04230990589783832,556,"Try cooking with wine, but don't waste it on the food."
3460,1,11,98,110,1.1181818181818182,0.033509781430391704,556,"Marge, tell me this won't cut into our Thursday night cuddle time!"
3460,2,9,99,110,1.1181818181818182,0.03591254826527145,556,Another recipe from the Indian Point Cookbook?
3460,1,11,98,110,1.1181818181818182,0.033509781430391704,556,"Honey, they clarified- that study was a false positive"
3460,1,11,98,110,1.1181818181818182,0.033509781430391704,556,I know. Regressing to the time of the Jetsons can seem comforting.
3460,4,5,101,110,1.1181818181818182,0.0402904761164609,556,You're really going hazmat until the midterm elections.
3460,3,7,100,110,1.1181818181818182,0.038164339301215204,556,"Come now, you just stopped eating meat 2 weeks ago."
3460,3,7,100,110,1.1181818181818182,0.038164339301215204,556,"Yes, dear, I know Teflon can kill canaries, but . . ."
3460,2,9,99,110,1.1181818181818182,0.03591254826527145,556,Tanqueray Tang and Spam........again??
3460,1,11,98,110,1.1181818181818182,0.033509781430391704,556,Very funny. It's from the chili you made last night.
3460,3,7,100,110,1.1181818181818182,0.038164339301215204,556,"Honey, you'd be happier with more malbec, less kale and a firm realization that the death rate is one per person."
3460,2,9,99,110,1.1181818181818182,0.03591254826527145,556,The red snapper doesn't have to be blackened.
3583,0,12,96,108,1.1111111111111112,0.030381596756651686,556,"Just because I wouldn't remodel the kitchen, doesn't mean you can declare it an EPA hazard site!"
3583,0,12,96,108,1.1111111111111112,0.030381596756651686,556,"Sure, metaphorically one could say I'm from Mars, where are you from?"
3583,3,6,99,108,1.1111111111111112,0.037976995945814614,556,"Uh, you do know the invite read ""Soups R' Fun!"" and not ""Superfund!""?"
3583,2,8,98,108,1.1111111111111112,0.03562558005899987,556,"My thing's sauterne, yours is saute. Where did we go amok?"
3583,4,4,100,108,1.1111111111111112,0.04019107472557346,556,"GMOs won't hurt you, dear-- but we need to talk about your dependence on essential oils."
3583,1,10,97,108,1.1111111111111112,0.03310757750141195,556,It's far more important to capture the flavor.
3583,2,8,98,108,1.1111111111111112,0.03562558005899987,556,"You know, the recipe says the chromium cyanide crystals are just an optional garnish."
3583,2,8,98,108,1.1111111111111112,0.03562558005899987,556,Cooking onions?
3583,1,10,97,108,1.1111111111111112,0.03310757750141195,556,So now you're cooking with alternative facts?
3583,2,8,98,108,1.1111111111111112,0.03562558005899987,556,Onions or garlic this time?
3583,1,10,97,108,1.1111111111111112,0.03310757750141195,556,"If it smells bad, maybe we should just order takeout."
3583,2,8,98,108,1.1111111111111112,0.03562558005899987,556,"After you split an atom of chili, could you put it back together for the dinner?"
3583,2,8,98,108,1.1111111111111112,0.03562558005899987,556,Well she does always tell me I'm on a different planet...
3583,1,10,97,108,1.1111111111111112,0.03310757750141195,556,I'll have my eggs with germs. Is that good for you?
3583,0,12,96,108,1.1111111111111112,0.030381596756651686,556,Mars ain't the kind of place to raise your kids.
3583,2,8,98,108,1.1111111111111112,0.03562558005899987,556,"Honey, can it really be true that if its preparation is so dangerous, it'll be safe to eat?"
3583,1,10,97,108,1.1111111111111112,0.03310757750141195,556,How about we treat ourselves to something no one has ever voted on.
3583,3,6,99,108,1.1111111111111112,0.037976995945814614,556,Fish for dinner? Sure wish we hadn't moved to Flint...
3583,1,10,97,108,1.1111111111111112,0.03310757750141195,556,Something is fishy.
3583,0,12,96,108,1.1111111111111112,0.030381596756651686,556,Sorry. I think in some cultures that was considered a compliment.
3583,2,8,98,108,1.1111111111111112,0.03562558005899987,556,"Honey! That's not what ""take your protein and put your helmet on"" means."
3583,3,6,99,108,1.1111111111111112,0.037976995945814614,556,Stand back. I'm cooking off the carcinogens.
3583,3,6,99,108,1.1111111111111112,0.037976995945814614,556,"You know, since you became an ethical vegan, maybe I should start cooking for myself."
3583,3,6,99,108,1.1111111111111112,0.037976995945814614,556,Are you whipping up some Mars-mellows again?
3583,0,12,96,108,1.1111111111111112,0.030381596756651686,556,Radar range or radium range - what's the difference?
3583,1,10,97,108,1.1111111111111112,0.03310757750141195,556,it's a new world with many new threats.
3583,0,12,96,108,1.1111111111111112,0.030381596756651686,556,Let me guess what it is now! lifestyle environmentalism?
3583,1,10,97,108,1.1111111111111112,0.03310757750141195,556,I hope it's the wine... this is getting me hotter than Victoria's Secret.
3583,0,12,96,108,1.1111111111111112,0.030381596756651686,556,You Hillary lovers are gonna have to move on!
3583,1,10,97,108,1.1111111111111112,0.03310757750141195,556,"No, Jane, this doesn't make you a real protestor."
3583,4,4,100,108,1.1111111111111112,0.04019107472557346,556,"Can you still hear me, Helen ?......Miriam!"
3583,2,8,98,108,1.1111111111111112,0.03562558005899987,556,It's sea floor-to-table.
3583,2,8,98,108,1.1111111111111112,0.03562558005899987,556,I think you are watching too much news. Or.... Is this the last supper?
3583,0,12,96,108,1.1111111111111112,0.030381596756651686,556,Do you have to wear that every time you make me liver and onions?
3583,1,10,97,108,1.1111111111111112,0.03310757750141195,556,The aroma is so heavenly!
3583,1,10,97,108,1.1111111111111112,0.03310757750141195,556,"Still don't trust the product's stated ""Expiration Date""."
3583,1,10,97,108,1.1111111111111112,0.03310757750141195,556,"Honey, should I serve red or white with dinner?"
3583,1,10,97,108,1.1111111111111112,0.03310757750141195,556,"Marge, you do know, don’t you that President Trump denounces Global Warming is a Chinese hoax."
3583,3,6,99,108,1.1111111111111112,0.037976995945814614,556,GMO's in the turkey bacon?
3583,3,6,99,108,1.1111111111111112,0.037976995945814614,556,"I'm sorry, but you know chateauneuf du pape makes me gassy."
3583,1,10,97,108,1.1111111111111112,0.03310757750141195,556,I take it you read that article about acrylamides?
3583,1,10,97,108,1.1111111111111112,0.03310757750141195,556,Aren't you taking this fear of GMOs a bit too far?
3583,2,8,98,108,1.1111111111111112,0.03562558005899987,556,"For the last time, I'm sorry about I bought the GMO"
3583,2,8,98,108,1.1111111111111112,0.03562558005899987,556,Who ya gonna call? Toastbusters?
3583,3,6,99,108,1.1111111111111112,0.037976995945814614,556,its good you're the one cooking; i always space out
3583,0,12,96,108,1.1111111111111112,0.030381596756651686,556,"You can't be that mad. You don't want to breathe the same air as me, but you're cooking dinner."
3583,1,10,97,108,1.1111111111111112,0.03310757750141195,556,I don't think you got that recipe from Hell's Kitchen.
3583,4,4,100,108,1.1111111111111112,0.04019107472557346,556,Maybe you should just upgrade to full robot.
3583,1,10,97,108,1.1111111111111112,0.03310757750141195,556,"All well and good, but why do we always equip ourselves for the LAST war?"
3583,2,8,98,108,1.1111111111111112,0.03562558005899987,556,Cabbage & sauerkraut surprise again?
3583,3,6,99,108,1.1111111111111112,0.037976995945814614,556,Whipping up some flatulence cakes?
3583,3,6,99,108,1.1111111111111112,0.037976995945814614,556,Sautéed onions always make me gassy.
3583,3,6,99,108,1.1111111111111112,0.037976995945814614,556,I don't think its normal to have that much anxiety about going paleo.
3583,2,8,98,108,1.1111111111111112,0.03562558005899987,556,You serving me beans again?
3583,2,8,98,108,1.1111111111111112,0.03562558005899987,556,I hope you're not adding onions just for me.
3583,1,10,97,108,1.1111111111111112,0.03310757750141195,556,Next time I'll cook your favorite toxic food.
3583,3,6,99,108,1.1111111111111112,0.037976995945814614,556,"What's this, the new 'no molecules' diet?"
3583,1,10,97,108,1.1111111111111112,0.03310757750141195,556,Boy that fish tank and vacuum cleaner really looks good on you.
3583,2,8,98,108,1.1111111111111112,0.03562558005899987,556,Just because he blocked the EPA tweets doesn't mean we'll end up like China
3583,3,6,99,108,1.1111111111111112,0.037976995945814614,556,"..and then he said, ""Todd, you're sucking the air out of the room"", and I said ""What makes you say that?"" and then I noticed that I hadn't shown him my vacation pics, so I said..."
3583,2,8,98,108,1.1111111111111112,0.03562558005899987,556,"No spontaneous sex in that pan of yours, I take it?"
3583,2,8,98,108,1.1111111111111112,0.03562558005899987,556,You don't smell that?
3583,1,10,97,108,1.1111111111111112,0.03310757750141195,556,Is that for the Presidential Banquet?
3583,1,10,97,108,1.1111111111111112,0.03310757750141195,556,Your psychiatrist says I should detach that tube.
3583,2,8,98,108,1.1111111111111112,0.03562558005899987,556,Did you know that Mother is coming over for dinner this evening?
3583,1,10,97,108,1.1111111111111112,0.03310757750141195,556,i like a strong cheese in my omelets
3583,3,6,99,108,1.1111111111111112,0.037976995945814614,556,Isn't she out of this world...
3583,0,12,96,108,1.1111111111111112,0.030381596756651686,556,I don't think this new diet is all that healthy.
3583,3,6,99,108,1.1111111111111112,0.037976995945814614,556,You act like sex is a dirty.
3583,3,6,99,108,1.1111111111111112,0.037976995945814614,556,Planned Parenthood is closed; so am I.
3583,2,8,98,108,1.1111111111111112,0.03562558005899987,556,"Honey, Trump isn't going to invade the kitchen if you put too much oil in the pan..."
3583,2,8,98,108,1.1111111111111112,0.03562558005899987,556,What ARE you making?
3583,0,12,96,108,1.1111111111111112,0.030381596756651686,556,"When I told you your cooking was out of this world, I didn't think you'd take it so literally."
3583,2,8,98,108,1.1111111111111112,0.03562558005899987,556,You are taking this non-GMO thing too far
3583,3,6,99,108,1.1111111111111112,0.037976995945814614,556,Is that another one of your Raid omelets?
3583,1,10,97,108,1.1111111111111112,0.03310757750141195,556,Did you remember to mail the check for my life insurance premium?
3583,2,8,98,108,1.1111111111111112,0.03562558005899987,556,"The fish is GMO, honey. Not OMG."
3583,3,6,99,108,1.1111111111111112,0.037976995945814614,556,... and so I told Linda that she could take her stapler and stick it you know where.
3583,3,6,99,108,1.1111111111111112,0.037976995945814614,556,So ? We both have day jobs... I'll wash up.
3583,1,10,97,108,1.1111111111111112,0.03310757750141195,556,"Honey, did you actually SEE the salmon patties at the store that WEREN'T on sale? I'm not saying, I'm just saying."
3583,1,10,97,108,1.1111111111111112,0.03310757750141195,556,Make mine sunnyside weightless.
3583,2,8,98,108,1.1111111111111112,0.03562558005899987,556,So you're sure there's nothing dangerous about these GMO's.
3583,1,10,97,108,1.1111111111111112,0.03310757750141195,556,Onions again?
3583,0,12,96,108,1.1111111111111112,0.030381596756651686,556,I am not too happy with your attitude when it comes to cooking liver and onions for me.
3583,3,6,99,108,1.1111111111111112,0.037976995945814614,556,The odor of despair isn't so bad if you have enough vodka.
3583,2,8,98,108,1.1111111111111112,0.03562558005899987,556,"Is this ""space"" diet making you feel lighter?"
3583,0,12,96,108,1.1111111111111112,0.030381596756651686,556,I didn't think scrambled eggs would be such a big deal.
3583,2,8,98,108,1.1111111111111112,0.03562558005899987,556,How long until dinner's ready?
3583,0,12,96,108,1.1111111111111112,0.030381596756651686,556,GMO salmon for dinner again?
3583,2,8,98,108,1.1111111111111112,0.03562558005899987,556,It's ok - you're a citizen. Trump will protect you from the nuclear fallout.
3583,1,10,97,108,1.1111111111111112,0.03310757750141195,556,Are you on detox cleanse again?
3583,3,6,99,108,1.1111111111111112,0.037976995945814614,556,Stir cray?
3583,3,6,99,108,1.1111111111111112,0.037976995945814614,556,Ice cream for dessert?
3583,2,8,98,108,1.1111111111111112,0.03562558005899987,556,"I thought you were nuts until he took office, but I'm starting to see your point about nuclear apocalypse..."
3583,3,6,99,108,1.1111111111111112,0.037976995945814614,556,"Oh dear, your cooking isn't that bad."
3583,3,6,99,108,1.1111111111111112,0.037976995945814614,556,Now you're just being a jerk.
3583,3,6,99,108,1.1111111111111112,0.037976995945814614,556,Make mine spicy.
3583,2,8,98,108,1.1111111111111112,0.03562558005899987,556,My mom's kugel recipe isn't that bad.
3583,0,12,96,108,1.1111111111111112,0.030381596756651686,556,Did you say Alfredo Parsnip or Arsenic?
3583,3,6,99,108,1.1111111111111112,0.037976995945814614,556,"Honey, I'm not sure that's what they ment by ""dress for the job you want""."
3583,2,8,98,108,1.1111111111111112,0.03562558005899987,556,Making a roux requires a very controlled environment...
3583,1,10,97,108,1.1111111111111112,0.03310757750141195,556,Were the vegetables not organic?
3583,1,10,97,108,1.1111111111111112,0.03310757750141195,556,She's TANKED! I'm getting Tanked!!!
3583,1,10,97,108,1.1111111111111112,0.03310757750141195,556,Are you sure it's OK to eat Welsh Rabbit out of season?
3583,0,12,96,108,1.1111111111111112,0.030381596756651686,556,No casual Friday?
3583,2,8,98,108,1.1111111111111112,0.03562558005899987,556,I thought you were kidding about the brimstone counter tops.
3583,1,10,97,108,1.1111111111111112,0.03310757750141195,556,Maybe a tad more garlic?
3583,1,10,97,108,1.1111111111111112,0.03310757750141195,556,"It's just all the same shit on Mars, huh?"
3583,2,8,98,108,1.1111111111111112,0.03562558005899987,556,i hate to cook your hyperallergenic meals
3583,1,10,97,108,1.1111111111111112,0.03310757750141195,556,"Brussel Sprout and bean stew, dear? You better keep that suit on."
3583,2,8,98,108,1.1111111111111112,0.03562558005899987,556,"Fish for supper again, eh?"
3583,1,10,97,108,1.1111111111111112,0.03310757750141195,556,It's not like I voted for Trump.
3583,1,10,97,108,1.1111111111111112,0.03310757750141195,556,Cooking ghost chilis again?
3583,2,8,98,108,1.1111111111111112,0.03562558005899987,556,"Honey, aren't you taking this protectionist isolationism a bit far ?"
3583,2,8,98,108,1.1111111111111112,0.03562558005899987,556,MMmmm!! Homemade salsa!!
3583,1,10,97,108,1.1111111111111112,0.03310757750141195,556,The new FDA board has high praise for the 'Chernobyl Diet'.
3583,2,8,98,108,1.1111111111111112,0.03562558005899987,556,"How much did the FATVAC 5000 set us back, Linda? Linda?"
3583,3,6,99,108,1.1111111111111112,0.037976995945814614,556,I see you are making another dish form the Apollo 13 cookbook? Will you be serving a little duct tape with that?
3583,4,4,100,108,1.1111111111111112,0.04019107472557346,556,Beans again ?
3583,2,8,98,108,1.1111111111111112,0.03562558005899987,556,Dior?
3583,2,8,98,108,1.1111111111111112,0.03562558005899987,556,Aren't you taking this non-organic food thing a little too far?
3583,0,12,96,108,1.1111111111111112,0.030381596756651686,556,So just how many ectoplasm meals do we have to have till that suit pays for itself?
3583,2,8,98,108,1.1111111111111112,0.03562558005899987,556,For mine? Please go easy on the nitro.
3706,2,8,99,109,1.110091743119266,0.035311943069701895,556,Going out for a moonwalk?
3706,2,8,99,109,1.110091743119266,0.035311943069701895,556,How's the Plutonium cooking coming along?
3706,2,8,99,109,1.110091743119266,0.035311943069701895,556,"Been watching the Cabinet Confirmation Hearings on CSpan again, eh?"
3706,2,8,99,109,1.110091743119266,0.035311943069701895,556,Uh oh... What's the haz-matter?
3706,3,6,100,109,1.110091743119266,0.037640775611899616,556,"I'm glad to hear that patient zero remains quarantined, but that's no excuse for forgetting the shallots."
3706,1,10,98,109,1.110091743119266,0.032818267139664126,556,I know that as a vegan you think meat is toxic but this is ridiculous!
3706,4,4,101,109,1.110091743119266,0.03983368742625877,556,Yeah.. I'll just drink my wine before I get ready for death.
3706,1,10,98,109,1.110091743119266,0.032818267139664126,556,"Look: If that's how you're going to be, don't add fish sauce."
3706,1,10,98,109,1.110091743119266,0.032818267139664126,556,Consumme with H30 again?
3706,3,6,100,109,1.110091743119266,0.037640775611899616,556,Are you sure you're doing it right?
3706,1,10,98,109,1.110091743119266,0.032818267139664126,556,Cooking potatoes in that thing isn't going to get you any closer to Matt Damon.
3706,0,12,97,109,1.110091743119266,0.030118831198153243,556,"Don't blame me, I told you this vintage gives me gas."
3706,2,8,99,109,1.110091743119266,0.035311943069701895,556,"I agree, breakfast for dinner is the final frontier."
3706,2,8,99,109,1.110091743119266,0.035311943069701895,556,It's not a war crime if you don't make me eat it.
3720,1,9,96,106,1.1037735849056605,0.03264127572638085,556,"Here in Nebraska, I think we're safe from rising sea levels."
3720,4,3,99,106,1.1037735849056605,0.040056665350439516,556,Husband: I'm waiting to see how she plans to eat it.
3720,1,9,96,106,1.1037735849056605,0.03264127572638085,556,Pretty good. I submitted a witty caption to The New Yorker. How was yours?
3720,2,7,97,106,1.1037735849056605,0.03528664620451737,556,"Honey, don't worry about the vacuum when you're cooking."
3720,2,7,97,106,1.1037735849056605,0.03528664620451737,556,Is that the risotto recipe you hacked from the EPA website?
3720,1,9,96,106,1.1037735849056605,0.03264127572638085,556,"Now that we both have careers, maybe we should order in."
3720,1,9,96,106,1.1037735849056605,0.03264127572638085,556,I don't know how you eat with that thing on. It's gauche.
3720,1,9,96,106,1.1037735849056605,0.03264127572638085,556,Are you sure you want to make beans for dinner?
3720,1,9,96,106,1.1037735849056605,0.03264127572638085,556,Three martinis and you can dump that thing.
3720,1,9,96,106,1.1037735849056605,0.03264127572638085,556,our problems will continue if you don't think out the box.
3720,1,9,96,106,1.1037735849056605,0.03264127572638085,556,So... why do they call you Buzz?
3720,2,7,97,106,1.1037735849056605,0.03528664620451737,556,Animal flesh may be unpleasant but it is not toxic.
3720,2,7,97,106,1.1037735849056605,0.03528664620451737,556,"Lemme guess; a new recipe from your sister, Hazmat Helen?"
3720,2,7,97,106,1.1037735849056605,0.03528664620451737,556,Are we doing a dress rehearsal for Hell's Kitchen?
3720,2,7,97,106,1.1037735849056605,0.03528664620451737,556,Those kippers look great babe.
3720,1,9,96,106,1.1037735849056605,0.03264127572638085,556,Your cooking isn't THAT bad.
3720,2,7,97,106,1.1037735849056605,0.03528664620451737,556,Please tell me it's gluten-free.
3720,1,9,96,106,1.1037735849056605,0.03264127572638085,556,"Luscious bacon, crystal meth-- you fry it all up and bring it home to your man."
3720,3,5,98,106,1.1037735849056605,0.03774707829329233,556,So the suit runs on bacon grease!
3720,1,9,96,106,1.1037735849056605,0.03264127572638085,556,Trying that whole clean eating thing huh?
3720,3,5,98,106,1.1037735849056605,0.03774707829329233,556,But you're not microwaving.
3720,1,9,96,106,1.1037735849056605,0.03264127572638085,556,It's so sweet of you to cook me bacon even though you're vegan dear.
3720,1,9,96,106,1.1037735849056605,0.03264127572638085,556,It's not my fault you keep feeding me beans every night!
3720,0,11,95,106,1.1037735849056605,0.029761692857236104,556,Need a bottle of window dressing?
3720,3,5,98,106,1.1037735849056605,0.03774707829329233,556,Don't worry its a non stick plan.
3720,0,11,95,106,1.1037735849056605,0.029761692857236104,556,You're breaking bad and starting small.
3720,1,9,96,106,1.1037735849056605,0.03264127572638085,556,Have you ever thought about taking cooking lessons?
3720,2,7,97,106,1.1037735849056605,0.03528664620451737,556,My dear Abstemia...a bit of vino won't kill you !
3720,2,7,97,106,1.1037735849056605,0.03528664620451737,556,So what if the EPA is now being run by that piece of coal you dropped into my stocking at Christmas?
3720,2,7,97,106,1.1037735849056605,0.03528664620451737,556,"Honey, please go. I'll be fine. I don't want you to miss your flight to space. Plenty of frozen dinners in the freezer."
3720,2,7,97,106,1.1037735849056605,0.03528664620451737,556,Aren't you taking this Monsanto stuff too far?
3720,1,9,96,106,1.1037735849056605,0.03264127572638085,556,"Y'know, I read this in the Times. A devastating piece on the Science & Technology page. PTFE degration gives off toxic fumes with Teflon frying pans."
3720,0,11,95,106,1.1037735849056605,0.029761692857236104,556,"So how was your day at camp, honey?"
3720,1,9,96,106,1.1037735849056605,0.03264127572638085,556,Beans constipate me but your extreme vetting of the consequences isn't helpful.
3720,2,7,97,106,1.1037735849056605,0.03528664620451737,556,Don't you think you're a bit premature with the Mars trip preparations?
3720,2,7,97,106,1.1037735849056605,0.03528664620451737,556,Deglazing?
3720,1,9,96,106,1.1037735849056605,0.03264127572638085,556,"Are you sure that suit is gluten free too, honey?"
3720,2,7,97,106,1.1037735849056605,0.03528664620451737,556,"Preparing another Asbestos stew so soon? Why, my mom invited herself to dinner again?"
3720,1,9,96,106,1.1037735849056605,0.03264127572638085,556,"Frying onions again, I see?"
3720,1,9,96,106,1.1037735849056605,0.03264127572638085,556,I'm glad you're using the really hot peppers.
3720,1,9,96,106,1.1037735849056605,0.03264127572638085,556,Scuba class tonight?
3720,2,7,97,106,1.1037735849056605,0.03528664620451737,556,"Excuse me, but when said we had a gas oven, we did not mean that kind of gas."
3720,1,9,96,106,1.1037735849056605,0.03264127572638085,556,"I'm speechless. Another glass of wine, I'll still be speechless."
3720,4,3,99,106,1.1037735849056605,0.040056665350439516,556,"""Okay, Barb---you got me. I'll mop the damn floor.'"
3720,1,9,96,106,1.1037735849056605,0.03264127572638085,556,Relax. He's off the streets for the next four years.
3720,1,9,96,106,1.1037735849056605,0.03264127572638085,556,You bought non-organic eggs again?
3720,1,9,96,106,1.1037735849056605,0.03264127572638085,556,"Honey, I double-checked. I promise it's gluten-free."
3720,2,7,97,106,1.1037735849056605,0.03528664620451737,556,Just like the old days.
3720,2,7,97,106,1.1037735849056605,0.03528664620451737,556,Are there onions in that dish or should I put my spacesuit on for later?
3720,1,9,96,106,1.1037735849056605,0.03264127572638085,556,Did I tell you that I increased my insurance?
3720,2,7,97,106,1.1037735849056605,0.03528664620451737,556,Let me guess... astronaut ice cream again for dessert?
3720,2,7,97,106,1.1037735849056605,0.03528664620451737,556,Nice new outfit Honey. Where did you buy this one from?
3720,2,7,97,106,1.1037735849056605,0.03528664620451737,556,Why don't you use the microwave?
3720,3,5,98,106,1.1037735849056605,0.03774707829329233,556,Just because you're training for a Mars mission doesn't mean you have to cook like you're on Mars.
3720,2,7,97,106,1.1037735849056605,0.03528664620451737,556,I was joking about pairing this wine with a hazmat entrée.
3720,2,7,97,106,1.1037735849056605,0.03528664620451737,556,If you quit using beans in your cooking maybe I wouldn't smell so much
3720,3,5,98,106,1.1037735849056605,0.03774707829329233,556,I'd give anything to own a gizmo that could suck the thoughts out of my head.
3720,3,5,98,106,1.1037735849056605,0.03774707829329233,556,This diet plan has gone too far.
3720,3,5,98,106,1.1037735849056605,0.03774707829329233,556,"Oh stop, onions are a girls best friend"
3720,2,7,97,106,1.1037735849056605,0.03528664620451737,556,Maybe another counselor could help us find a more elegant solution to my need for cooking like my mother's.
3720,1,9,96,106,1.1037735849056605,0.03264127572638085,556,... and then the cartoonist wanted you to cook in this ridiculous spacesuit?
3720,2,7,97,106,1.1037735849056605,0.03528664620451737,556,Astronaut and housewife is impressive! That's why I'm a feminist guy.
3720,1,9,96,106,1.1037735849056605,0.03264127572638085,556,"Yes. I said I wanted chuckwagon fare, but not Roundup Ready."
3720,2,7,97,106,1.1037735849056605,0.03528664620451737,556,That chicken looks to die for.
3720,1,9,96,106,1.1037735849056605,0.03264127572638085,556,''Must be Thai night!''
3720,2,7,97,106,1.1037735849056605,0.03528664620451737,556,Another announcement about the Doomsday clock?
3720,2,7,97,106,1.1037735849056605,0.03528664620451737,556,Why don't you choose the music?
3720,1,9,96,106,1.1037735849056605,0.03264127572638085,556,"Hey, go easy on the cayenne pepper!"
3720,2,7,97,106,1.1037735849056605,0.03528664620451737,556,"Enough with the charades dear - should I change my socks, or what?"
3720,1,9,96,106,1.1037735849056605,0.03264127572638085,556,I could have chpped the onions if you'd have asked.
3720,1,9,96,106,1.1037735849056605,0.03264127572638085,556,The last time I did crepes flambe it didn't go well for me!
3720,1,9,96,106,1.1037735849056605,0.03264127572638085,556,"Honey, maybe you should think of cooking classes."
3720,1,9,96,106,1.1037735849056605,0.03264127572638085,556,I do not think your Beijing jogging outfit is needed in our kitchen.
3720,1,9,96,106,1.1037735849056605,0.03264127572638085,556,Can you just learn to cook.
3720,1,9,96,106,1.1037735849056605,0.03264127572638085,556,Garlic and onion fish? Again?
3720,0,11,95,106,1.1037735849056605,0.029761692857236104,556,"I'm sorry honey, burqua isn't allowed in this country anymore."
3720,1,9,96,106,1.1037735849056605,0.03264127572638085,556,I understand this Chardonnay goes quite well with smoked salmonella.
3720,1,9,96,106,1.1037735849056605,0.03264127572638085,556,Out of the frying pan into the fire?
3720,3,5,98,106,1.1037735849056605,0.03774707829329233,556,"If you can't cook 'non-organic food that's not locally sourced' without wearing that get-up, what makes you think I'll eat it?"
3720,2,7,97,106,1.1037735849056605,0.03528664620451737,556,But how will we vacuum the floors?
3720,2,7,97,106,1.1037735849056605,0.03528664620451737,556,I shouldn't criticize your cooking
3720,2,7,97,106,1.1037735849056605,0.03528664620451737,556,The good news is that it hides your humpback.
3720,2,7,97,106,1.1037735849056605,0.03528664620451737,556,What now back in the world are you doing?
3720,1,9,96,106,1.1037735849056605,0.03264127572638085,556,Are you sure the recipe called for turpentine?
3720,2,7,97,106,1.1037735849056605,0.03528664620451737,556,"I get that we are underwater in this house, but..."
3720,3,5,98,106,1.1037735849056605,0.03774707829329233,556,Something smells fishy...
3720,3,5,98,106,1.1037735849056605,0.03774707829329233,556,"You can certainly do as you please, but as far as all of this ""Nuclear Option"" talk I'm just sticking with the wine."
3720,1,9,96,106,1.1037735849056605,0.03264127572638085,556,I'm not taking out the trash.
3720,3,5,98,106,1.1037735849056605,0.03774707829329233,556,"Myrtle, you are a slave to fashion."
3720,2,7,97,106,1.1037735849056605,0.03528664620451737,556,Plague and bacon again?
3720,1,9,96,106,1.1037735849056605,0.03264127572638085,556,And then you wonder why I have a hard time trying new foods.
3720,2,7,97,106,1.1037735849056605,0.03528664620451737,556,These eggs should be out of this world.
3720,1,9,96,106,1.1037735849056605,0.03264127572638085,556,Do you really need that suit to cook Trump Steaks™.
3720,0,11,95,106,1.1037735849056605,0.029761692857236104,556,"Okay Lover, no way liver."
3814,3,5,99,107,1.102803738317757,0.03740521304360735,556,You think the Pinot Grigio will compliment your habanero etouffee?
3814,1,9,97,107,1.102803738317757,0.032349319565136724,556,The money NASA spent on that spacesuit could have paid for a lot of Teflon.
3814,2,7,98,107,1.102803738317757,0.03496876062405552,556,"But, dear, I believe very few people continuously measure their level of disgust with their husband."
3814,1,9,97,107,1.102803738317757,0.032349319565136724,556,I am thinking that may need a really full-bodied cab.
3814,3,5,99,107,1.102803738317757,0.03740521304360735,556,This box wine is going right to my head
3814,1,9,97,107,1.102803738317757,0.032349319565136724,556,You must have a pretty bad gluten allergy..
3814,3,5,99,107,1.102803738317757,0.03740521304360735,556,Will that pair OK with my vintage “Chateau Eau Lourde”?
3814,3,5,99,107,1.102803738317757,0.03740521304360735,556,"Your dinner is almost ready, dear."
3814,4,3,100,107,1.102803738317757,0.03969238851584534,556,You're getting caption all over the floor
3814,2,7,98,107,1.102803738317757,0.03496876062405552,556,I hope it goes well with a Pinot Gris.
3814,2,7,98,107,1.102803738317757,0.03496876062405552,556,"Don't you think you're taking this ""taste of the sea"" a little too seriously?"
3814,1,9,97,107,1.102803738317757,0.032349319565136724,556,You really need to get over your Germ phobia.
3814,2,7,98,107,1.102803738317757,0.03496876062405552,556,"Well, thank God vodka is gluten free."
3814,0,11,96,107,1.102803738317757,0.029498181860449973,556,This retro of the Jetsons is too much.
3814,1,9,97,107,1.102803738317757,0.032349319565136724,556,Some Butylated hydroxyanisole with your eggs this morning?
3814,2,7,98,107,1.102803738317757,0.03496876062405552,556,"My mother is going to smear her lipstick when she tries to kiss you, you know."
3814,0,11,96,107,1.102803738317757,0.029498181860449973,556,Aromatherapy meets culinary. I'll drink to that!
3814,3,5,99,107,1.102803738317757,0.03740521304360735,556,Food synthesizer on the fritz?
3814,1,9,97,107,1.102803738317757,0.032349319565136724,556,"After we're done with dinner can I get that back rub, Barb? You wouldn't believe the day I've had."
3814,0,11,96,107,1.102803738317757,0.029498181860449973,556,Teflon fears have got you worried hun?
3834,2,7,99,108,1.1018518518518519,0.034656537617835145,556,"I don't think this is what the attorney had in mind when she said, ""You lacked immunity."""
3834,1,9,98,108,1.1018518518518519,0.032062522251504355,556,I finally just told your mom that you put up with my drinking and I put up up with your germaphobic cooking fixation and that's why we're the perfect couple.
3834,0,11,97,108,1.1018518518518519,0.02923927267563271,556,I assumed the blue apron would have been blue.
3834,2,7,99,108,1.1018518518518519,0.034656537617835145,556,That bean burrito will explode in that suit.
3834,2,7,99,108,1.1018518518518519,0.034656537617835145,556,Maybe you should nix the habaneros.
3834,1,9,98,108,1.1018518518518519,0.032062522251504355,556,"Honey, it's time to switch to the Ceramic Green Non-Stick."
3834,3,5,100,108,1.1018518518518519,0.03706947350832802,556,"wow, nice apron!"
3834,2,7,99,108,1.1018518518518519,0.034656537617835145,556,"Honey, I prefer my uranium well-enriched. Just in case."
3834,3,5,100,108,1.1018518518518519,0.03706947350832802,556,So we're saving $37 per year on health insurance.
3843,3,5,101,109,1.1009174311926606,0.03673969682148849,556,You asked for the hot zone.
3844,3,4,97,104,1.0961538461538463,0.03746850997785921,556,I wonder if this is how Ina cooks for Jeffery?
3844,1,8,95,104,1.0961538461538463,0.03210103183993805,556,Maybe I should've swiped left.
3844,1,8,95,104,1.0961538461538463,0.03210103183993805,556,I might have said that I need some space from you but this is ridiculous.
3844,0,10,94,104,1.0961538461538463,0.029047715018613904,556,"Honey...you would never want to umm, ....poison me....would you?"
3844,2,6,96,104,1.0961538461538463,0.034888146161337175,556,"Honey, I know it was in Vogue and on sale, but this impulse shopping has got to stop!"
3844,1,8,95,104,1.0961538461538463,0.03210103183993805,556,What was your job on 'Breaking Bad'?
3844,2,6,96,104,1.0961538461538463,0.034888146161337175,556,Earth to Mars. Come in please?
3844,1,8,95,104,1.0961538461538463,0.03210103183993805,556,So now Trump is promoting casual wear.
3844,2,6,96,104,1.0961538461538463,0.034888146161337175,556,It's 100% effective and I don't need a prescription.
3844,0,10,94,104,1.0961538461538463,0.029047715018613904,556,Safe space suit?
3844,2,6,96,104,1.0961538461538463,0.034888146161337175,556,"So, how long have you been gluten-sensitive?"
3844,0,10,94,104,1.0961538461538463,0.029047715018613904,556,So what acid relief do you suggest to go with this meal?
3844,1,8,95,104,1.0961538461538463,0.03210103183993805,556,Do you have to make yours to go?
3844,1,8,95,104,1.0961538461538463,0.03210103183993805,556,They've made some advances since you bought that non-stick frying pan.
3844,0,10,94,104,1.0961538461538463,0.029047715018613904,556,"Relax honey, you're just making dinner."
3844,1,8,95,104,1.0961538461538463,0.03210103183993805,556,"You will have to forgive me, but my mind is in the tank tonight."
3844,2,6,96,104,1.0961538461538463,0.034888146161337175,556,I told you we shouldn't have moved to Colorado.
3844,1,8,95,104,1.0961538461538463,0.03210103183993805,556,"C'mon honey. I know the wine makes me gassy, but it that really necessary?"
3844,1,8,95,104,1.0961538461538463,0.03210103183993805,556,"Food allergies bothering you today, dear?"
3844,1,8,95,104,1.0961538461538463,0.03210103183993805,556,"Relax, honey, we still have two and a half minutes to midnight."
3844,2,6,96,104,1.0961538461538463,0.034888146161337175,556,Yellowcake afterward ?
3844,2,6,96,104,1.0961538461538463,0.034888146161337175,556,"Okay, maybe my new cologne is a bit overpowering but you can get your point across without being such a drama queen."
3844,1,8,95,104,1.0961538461538463,0.03210103183993805,556,A tad spicy my dear?
3844,3,4,97,104,1.0961538461538463,0.03746850997785921,556,"Hon, I thought the risotto goes in the pressure cooker."
3844,3,4,97,104,1.0961538461538463,0.03746850997785921,556,You're making progress. No explosion suit?
3844,3,4,97,104,1.0961538461538463,0.03746850997785921,556,"Hariette dear, the recipe called to vacuum pack the peas."
3844,3,4,97,104,1.0961538461538463,0.03746850997785921,556,"Yes, yours did get the most votes. But the 'pink pussy hats', they won the electoral college."
3844,1,8,95,104,1.0961538461538463,0.03210103183993805,556,Sorry I suggested a space wok.
3844,2,6,96,104,1.0961538461538463,0.034888146161337175,556,Dress like a woman.
3844,4,2,98,104,1.0961538461538463,0.039882273472647514,556,We don't have a toxic relationship; I just need space.
3844,1,8,95,104,1.0961538461538463,0.03210103183993805,556,"I know you asked for some space, but that does not suit you!"
3844,1,8,95,104,1.0961538461538463,0.03210103183993805,556,Are we going vegan?
3844,2,6,96,104,1.0961538461538463,0.034888146161337175,556,Cyanide soup my sweet?
3844,2,6,96,104,1.0961538461538463,0.034888146161337175,556,So what part of safety did you think I didn't get?
3844,1,8,95,104,1.0961538461538463,0.03210103183993805,556,"It can also inflate air mattresses, basketballs, blow dry your hair and be used as a flotation device."
3844,1,8,95,104,1.0961538461538463,0.03210103183993805,556,Not that kind of space heater.
3844,3,4,97,104,1.0961538461538463,0.03746850997785921,556,"Yes, honey, I know [italics] the agent said the apartment was spacious."
3844,2,6,96,104,1.0961538461538463,0.034888146161337175,556,Whoever smelt it dealt it.
3844,1,8,95,104,1.0961538461538463,0.03210103183993805,556,"Well, if you want to cook that crap...that's one way to do it."
3844,3,4,97,104,1.0961538461538463,0.03746850997785921,556,"Yes, your meals are gassy. But not that gassy."
3844,3,4,97,104,1.0961538461538463,0.03746850997785921,556,"Your favorite Sam, Green Eggs and Ham."
3844,2,6,96,104,1.0961538461538463,0.034888146161337175,556,"Honey, a little bacon smell won't hurt you!"
3844,2,6,96,104,1.0961538461538463,0.034888146161337175,556,"Usually they look for astrophysicists, geologists or exobiologists but you make an interesting point."
3844,1,8,95,104,1.0961538461538463,0.03210103183993805,556,Maybe binge watching Breaking Bad was such a good idea after all.
3844,3,4,97,104,1.0961538461538463,0.03746850997785921,556,"Is this how you #dresslikeawoman, hun?"
3844,2,6,96,104,1.0961538461538463,0.034888146161337175,556,You really are serious about going gluten free
3844,2,6,96,104,1.0961538461538463,0.034888146161337175,556,"Yes, it was a great gift, but you shouldn't cook bacon in your birthday suit."
3844,1,8,95,104,1.0961538461538463,0.03210103183993805,556,"Yes, yes, I get it. You're a vegan now."
3844,1,8,95,104,1.0961538461538463,0.03210103183993805,556,"""How was your day honey? You want me to cook for you?"
3844,1,8,95,104,1.0961538461538463,0.03210103183993805,556,"Truly, I'm sorry I snapped at you for sneezing when you were making breakfast."
3844,1,8,95,104,1.0961538461538463,0.03210103183993805,556,"Why'd you make me pour you the wine glass now, though?"
3844,1,8,95,104,1.0961538461538463,0.03210103183993805,556,"So, you admit it. You're food is gross..."
3844,1,8,95,104,1.0961538461538463,0.03210103183993805,556,I told you cooking vegan was going to be harder than you thought.
3844,1,8,95,104,1.0961538461538463,0.03210103183993805,556,What happened to 'cook only with wine you'd drink'?
3844,2,6,96,104,1.0961538461538463,0.034888146161337175,556,Cooking with Teflon pans is bad for birds - not bird brains.
3844,1,8,95,104,1.0961538461538463,0.03210103183993805,556,GMO or non-GMO ... ?
3844,2,6,96,104,1.0961538461538463,0.034888146161337175,556,I'll have mine over easy. Very easy.
3844,1,8,95,104,1.0961538461538463,0.03210103183993805,556,I get it. You can't stand the smell of shrimp cooking.
3844,2,6,96,104,1.0961538461538463,0.034888146161337175,556,"""Let's Make a Deal, maybe, but Iron Chef? I don't think so."
3844,1,8,95,104,1.0961538461538463,0.03210103183993805,556,"What's for supper, fugu?"
3844,1,8,95,104,1.0961538461538463,0.03210103183993805,556,"Ok. I get the toil and trouble, but how did you ever get a piece of his hair?"
3844,1,8,95,104,1.0961538461538463,0.03210103183993805,556,Wait till I tell you about my day at the office.
3844,3,4,97,104,1.0961538461538463,0.03746850997785921,556,"""Come on Honey, your cooking isn't that bad!'"
3844,0,10,94,104,1.0961538461538463,0.029047715018613904,556,I love it when you cook Mom's Spam and noodle casserole.
3844,1,8,95,104,1.0961538461538463,0.03210103183993805,556,"Sweetheart,your eye liner is running."
3844,2,6,96,104,1.0961538461538463,0.034888146161337175,556,"Karen, I know you don't like the smell of lamb, but isn't this a little much?"
3844,2,6,96,104,1.0961538461538463,0.034888146161337175,556,"Sweetheart, I think you're a little confused. It's molecular gastronomy, not molecular astronomy."
3844,0,10,94,104,1.0961538461538463,0.029047715018613904,556,"Onions aren't ""space food""."
3844,1,8,95,104,1.0961538461538463,0.03210103183993805,556,"Let me guess, chicken with uranium sauce...again."
3844,1,8,95,104,1.0961538461538463,0.03210103183993805,556,How would extraterrestrials know about sautéed truffles and Reserve cabernets?
3844,2,6,96,104,1.0961538461538463,0.034888146161337175,556,Is my gas that bad?
3844,2,6,96,104,1.0961538461538463,0.034888146161337175,556,"Au contraire, I am the soul of piquancy."
3844,0,10,94,104,1.0961538461538463,0.029047715018613904,556,"Honey, this is not what I meant by space heater."
3844,1,8,95,104,1.0961538461538463,0.03210103183993805,556,That extraterrestrial dish smells out of this world!
3844,1,8,95,104,1.0961538461538463,0.03210103183993805,556,"If there is a nuclear explosion, don't you want to be together?"
3844,1,8,95,104,1.0961538461538463,0.03210103183993805,556,Something smells like it's burning.
3844,2,6,96,104,1.0961538461538463,0.034888146161337175,556,Molecular recipe?
3844,1,8,95,104,1.0961538461538463,0.03210103183993805,556,"Believe it or not, gluten is a controlled substance."
3844,1,8,95,104,1.0961538461538463,0.03210103183993805,556,Do you think you may be taking the new isolationism policy a bit to far?
3844,2,6,96,104,1.0961538461538463,0.034888146161337175,556,No thanks. I'm not feeling very hungry.
3844,0,10,94,104,1.0961538461538463,0.029047715018613904,556,Ignore Mother. Your cooking is not the full-employment act for smoke-alarm makers.
3844,2,6,96,104,1.0961538461538463,0.034888146161337175,556,Alma just hasn't been herself since we moved to Three Mile Island.
3844,3,4,97,104,1.0961538461538463,0.03746850997785921,556,I thought you were going to skip your spacewalking class tonight so that we can spend quality time comfortably complaining about all the excitable disappointment.
3844,0,10,94,104,1.0961538461538463,0.029047715018613904,556,"I'm shaken, not stirred."
3844,1,8,95,104,1.0961538461538463,0.03210103183993805,556,"That is what you get for not being carbon neutral, only 4 more hours..."
3844,1,8,95,104,1.0961538461538463,0.03210103183993805,556,"Another E.P.A Cookbook recipe, I guess?"
3844,1,8,95,104,1.0961538461538463,0.03210103183993805,556,I'm trying to appreciate the irony that a Republican administration would make getting quality local ingredients so difficult.
3844,0,10,94,104,1.0961538461538463,0.029047715018613904,556,"Stop reading about climate change, dear."
3844,4,2,98,104,1.0961538461538463,0.039882273472647514,556,Are you trying to imply something about my cooking?
3844,0,10,94,104,1.0961538461538463,0.029047715018613904,556,"I get a littler nervous whenever you start humming ""Smoke Gets in My Eyes."
3844,0,10,94,104,1.0961538461538463,0.029047715018613904,556,What ever happened to togetherness?
3844,2,6,96,104,1.0961538461538463,0.034888146161337175,556,"Sorry, it's something in the air this week, the eggs won't cook."
3844,3,4,97,104,1.0961538461538463,0.03746850997785921,556,"Why make liver and onions if it affects you this way every time?"""
3844,2,6,96,104,1.0961538461538463,0.034888146161337175,556,New outfit or that time of the month again?
3844,0,10,94,104,1.0961538461538463,0.029047715018613904,556,I want to buy a hovercraft...
3844,2,6,96,104,1.0961538461538463,0.034888146161337175,556,Cooking bacon again I see.
3844,1,8,95,104,1.0961538461538463,0.03210103183993805,556,"Okay, I get your point, but the EPA is dead."
3844,2,6,96,104,1.0961538461538463,0.034888146161337175,556,"Yes, you’re just back from the International Space Station but this is not an extended extra vehicular mission."
3844,2,6,96,104,1.0961538461538463,0.034888146161337175,556,Aren't you taking vegan a bit too far?
3844,3,4,97,104,1.0961538461538463,0.03746850997785921,556,"I'm sorry dear, the Mars just closed their border."
3844,2,6,96,104,1.0961538461538463,0.034888146161337175,556,SHE GOT THE RECIPE FROM THE ASTRONAUT GASTRONOMIQUE COOK BOOK
3844,2,6,96,104,1.0961538461538463,0.034888146161337175,556,This is my specialty. It's out of this world.
3844,1,8,95,104,1.0961538461538463,0.03210103183993805,556,"Fine, OUR diet starts tomorrow."
3844,1,8,95,104,1.0961538461538463,0.03210103183993805,556,"Honey, don't you think you're taking this whole ""alt"" thing overboard?"
3844,0,10,94,104,1.0961538461538463,0.029047715018613904,556,Looks like work's been getting more toxic.
3844,1,8,95,104,1.0961538461538463,0.03210103183993805,556,"You know what, you can go ahead and skip the bacon."
3844,0,10,94,104,1.0961538461538463,0.029047715018613904,556,Next time let me cut the onions.
3844,3,4,97,104,1.0961538461538463,0.03746850997785921,556,I find most gluten free recipes a little boring!
3844,1,8,95,104,1.0961538461538463,0.03210103183993805,556,I really appreciate your agreeing to Meaty Monday.
3844,2,6,96,104,1.0961538461538463,0.034888146161337175,556,The label on the GMF didn't say anything about a Biohazard suit.
3844,1,8,95,104,1.0961538461538463,0.03210103183993805,556,"Honey, a time machine is no longer necessary to return to the past."
3844,1,8,95,104,1.0961538461538463,0.03210103183993805,556,Really ? Just for the onions ?
3844,1,8,95,104,1.0961538461538463,0.03210103183993805,556,"You know, I could go vegan too if you'd ditch that suit."
3844,0,10,94,104,1.0961538461538463,0.029047715018613904,556,"Honey, but what about me and my clothes? I'll smell like fish for a week."
3844,2,6,96,104,1.0961538461538463,0.034888146161337175,556,Gluten burgers again?
3844,2,6,96,104,1.0961538461538463,0.034888146161337175,556,"Look on the bright side, it's only 1,461 days, 2,922 tops."
3844,1,8,95,104,1.0961538461538463,0.03210103183993805,556,Cooking with coal?
3844,1,8,95,104,1.0961538461538463,0.03210103183993805,556,You asked me to tell you when your bra strap was showing.
3844,1,8,95,104,1.0961538461538463,0.03210103183993805,556,Couldn't we wait till the confirmation hearing ends?
3844,2,6,96,104,1.0961538461538463,0.034888146161337175,556,"Honey, asparagus doesn't smell bad until after you eat it."
3844,4,2,98,104,1.0961538461538463,0.039882273472647514,556,"I know what you think about Trump wanting to reduce the number of food inspections that are being required by the FDA, but isn’t this too much?"
3844,1,8,95,104,1.0961538461538463,0.03210103183993805,556,"I guess I threw you off, honey, when I said your cooking's out of this world."
3844,1,8,95,104,1.0961538461538463,0.03210103183993805,556,I was hoping this would be our Giorgio Armani night.
3844,2,6,96,104,1.0961538461538463,0.034888146161337175,556,NASA called. They want their Tang back.
3844,1,8,95,104,1.0961538461538463,0.03210103183993805,556,"Oh, another of your boss's recipes?"
3844,3,4,97,104,1.0961538461538463,0.03746850997785921,556,Do you really think that will protect you from GMO's?
3844,2,6,96,104,1.0961538461538463,0.034888146161337175,556,who is brave here?
3844,1,8,95,104,1.0961538461538463,0.03210103183993805,556,All out of monoxide detectors at Home Depot?
3844,3,4,97,104,1.0961538461538463,0.03746850997785921,556,Pasta again?
3844,3,4,97,104,1.0961538461538463,0.03746850997785921,556,"Still cautious about grease splatter after the incident, I see."
3844,0,10,94,104,1.0961538461538463,0.029047715018613904,556,i hate cooking onions.
3844,1,8,95,104,1.0961538461538463,0.03210103183993805,556,Our dinner date is going to be out of this world!
3844,0,10,94,104,1.0961538461538463,0.029047715018613904,556,I'm going aroma-free.
3844,3,4,97,104,1.0961538461538463,0.03746850997785921,556,I assure you this is a Class M kitchen.
3844,1,8,95,104,1.0961538461538463,0.03210103183993805,556,"I agree, learning how to cook in space is important... but a science course wouldn't hurt."
3844,2,6,96,104,1.0961538461538463,0.034888146161337175,556,"Honey, I know how you feel about the election but, I don't think it's a good idea to stay medicated on medical cannabis continuously for the next 4 years."
3844,0,10,94,104,1.0961538461538463,0.029047715018613904,556,They were out of non-gmo vegetables!
3844,3,4,97,104,1.0961538461538463,0.03746850997785921,556,Toast?
3844,1,8,95,104,1.0961538461538463,0.03210103183993805,556,This really isn't what I had in mind when you suggested making space cake.
3844,1,8,95,104,1.0961538461538463,0.03210103183993805,556,"You told me your stir-fry was good, honey, but you didn't say it'd be out of this world."
3844,2,6,96,104,1.0961538461538463,0.034888146161337175,556,Onions getting to you again?
3844,2,6,96,104,1.0961538461538463,0.034888146161337175,556,"Worried about the changes in health, education and warfare?"
3844,1,8,95,104,1.0961538461538463,0.03210103183993805,556,More Tang and Tanqueray?
3844,1,8,95,104,1.0961538461538463,0.03210103183993805,556,Ok. I apologize. Ghostbusters II is Oscar-worthy.
3844,1,8,95,104,1.0961538461538463,0.03210103183993805,556,Do you really hate cooking fish that much?
3844,2,6,96,104,1.0961538461538463,0.034888146161337175,556,"Great. You can't cook, so now ghosts will go unbusted."
3844,1,8,95,104,1.0961538461538463,0.03210103183993805,556,I was just kidding about your cooking!
3844,2,6,96,104,1.0961538461538463,0.034888146161337175,556,Looks like your nitrous is down a little.
3844,1,8,95,104,1.0961538461538463,0.03210103183993805,556,I think you underestimate your cooking skills
3844,0,10,94,104,1.0961538461538463,0.029047715018613904,556,There are professionals that can help your aversion to garlic.
3844,2,6,96,104,1.0961538461538463,0.034888146161337175,556,"Next time build your own goddamn CPAP machine, Alice. I want a divorce."
3844,1,8,95,104,1.0961538461538463,0.03210103183993805,556,"Honey... it said marsh-mallows, not mars-mallows."
3844,1,8,95,104,1.0961538461538463,0.03210103183993805,556,I know we were saving them for the apocalypse but malignant narcissism is going viral. Get yours on pronto!
3844,2,6,96,104,1.0961538461538463,0.034888146161337175,556,Cooking suites you.
3844,1,8,95,104,1.0961538461538463,0.03210103183993805,556,"Oh, I see you're cooking your famous killer beans again!"
3844,3,4,97,104,1.0961538461538463,0.03746850997785921,556,"You're sick, you know that?"
3844,1,8,95,104,1.0961538461538463,0.03210103183993805,556,"So, maybe it wasn't EXTRA virgin . . ."
3844,3,4,97,104,1.0961538461538463,0.03746850997785921,556,"I never should have let you go to that talk on ""toxic masculinity."""
3844,1,8,95,104,1.0961538461538463,0.03210103183993805,556,Now I know what Joyce meant about the kidneys.
3844,2,6,96,104,1.0961538461538463,0.034888146161337175,556,Curry again?
3844,3,4,97,104,1.0961538461538463,0.03746850997785921,556,We should get together like this more often.
3844,1,8,95,104,1.0961538461538463,0.03210103183993805,556,Don't you think you are getting a little ahead of climate change?
3844,2,6,96,104,1.0961538461538463,0.034888146161337175,556,You must be frying!
3844,2,6,96,104,1.0961538461538463,0.034888146161337175,556,"Uh, honey. That rule has been revoked by President Trump."
3844,1,8,95,104,1.0961538461538463,0.03210103183993805,556,"I love the taste, but can´t stand the smell."
3844,2,6,96,104,1.0961538461538463,0.034888146161337175,556,Look! -I promise I'll change my underwear on Thursday.
3844,2,6,96,104,1.0961538461538463,0.034888146161337175,556,Been angling down by the cooling-pond again?
3844,2,6,96,104,1.0961538461538463,0.034888146161337175,556,Of course I trust science. That's why I'm confident the vodka kills the carcinogens.
3844,0,10,94,104,1.0961538461538463,0.029047715018613904,556,Could you not find the apron?
3844,0,10,94,104,1.0961538461538463,0.029047715018613904,556,So how was your day at work honey?
3844,0,10,94,104,1.0961538461538463,0.029047715018613904,556,"I'm cooking this just for you, honey. You know I can't stand the smell of liver and onions."
3844,3,4,97,104,1.0961538461538463,0.03746850997785921,556,It take it dinner wont be gluten free?
3844,3,4,97,104,1.0961538461538463,0.03746850997785921,556,Why not celebrate your first facial wrinkle with me?
3844,2,6,96,104,1.0961538461538463,0.034888146161337175,556,We're not eating Paleo tonight?
3844,2,6,96,104,1.0961538461538463,0.034888146161337175,556,I thought pressure cookers sped up prep times?
3844,3,4,97,104,1.0961538461538463,0.03746850997785921,556,Eggs for dinner? It's like living in the future.
3844,2,6,96,104,1.0961538461538463,0.034888146161337175,556,I think you are overreacting to the threat of climate change!
3844,1,8,95,104,1.0961538461538463,0.03210103183993805,556,You didn't hear? Trump signed an Executive Order lifting EPA's environmental restrictions on your kitchen.
3844,1,8,95,104,1.0961538461538463,0.03210103183993805,556,So you don't think that Spam should ever have a moment?
3844,2,6,96,104,1.0961538461538463,0.034888146161337175,556,I think you're disconnected from the food we eat.
3844,0,10,94,104,1.0961538461538463,0.029047715018613904,556,"Is it really that dangerous, I'll whisk it"
3844,1,8,95,104,1.0961538461538463,0.03210103183993805,556,There's no such thing as liberal cooties.
3844,1,8,95,104,1.0961538461538463,0.03210103183993805,556,"Honey, I think I will just have a slice of the atmosphere instead."
3844,1,8,95,104,1.0961538461538463,0.03210103183993805,556,Might I suggest a milder pepper next time?
3844,2,6,96,104,1.0961538461538463,0.034888146161337175,556,"Okay, I admit that some birthday presents are gauche."
3844,0,10,94,104,1.0961538461538463,0.029047715018613904,556,"Again, thanks for cooking the liver and onions for me."
3844,2,6,96,104,1.0961538461538463,0.034888146161337175,556,"So, you're making your famous sauteed asbestos for dinner tonight?"
3844,2,6,96,104,1.0961538461538463,0.034888146161337175,556,A little butter ain't gonna kill you!
3844,2,6,96,104,1.0961538461538463,0.034888146161337175,556,"We having Trump steaks again, honey?"
3844,1,8,95,104,1.0961538461538463,0.03210103183993805,556,Laundry day?
3844,1,8,95,104,1.0961538461538463,0.03210103183993805,556,"Allergic to eggs, are you?"
3844,0,10,94,104,1.0961538461538463,0.029047715018613904,556,I think it's oxtail - not oxytail ...
3844,2,6,96,104,1.0961538461538463,0.034888146161337175,556,The dreaded aerosolized gluten! Who knew.
3844,2,6,96,104,1.0961538461538463,0.034888146161337175,556,Its ok with me if you don't like beans in the chili. That's just the way I've always made it.
3844,0,10,94,104,1.0961538461538463,0.029047715018613904,556,"You know, Honey, that's not an onion."
3844,2,6,96,104,1.0961538461538463,0.034888146161337175,556,Shall I buy a ticket for Mars and join you?
3844,1,8,95,104,1.0961538461538463,0.03210103183993805,556,Trying a new recipe again?
3844,1,8,95,104,1.0961538461538463,0.03210103183993805,556,"You know, you're the one who keeps insisting on durian for dinner."
3844,2,6,96,104,1.0961538461538463,0.034888146161337175,556,"Alternative Fact #556: ""I read it on the internet, microwaves cause cancer."""
3844,3,4,97,104,1.0961538461538463,0.03746850997785921,556,I was only kidding when I called your cooking hot zone fodder!
3844,1,8,95,104,1.0961538461538463,0.03210103183993805,556,"What, the oxygen in here's no good?"
3844,2,6,96,104,1.0961538461538463,0.034888146161337175,556,You know radioactive chickens are really very scarce.
3844,1,8,95,104,1.0961538461538463,0.03210103183993805,556,"Welcome back to Earth, Miss Big Shot Astronaut!"
3844,2,6,96,104,1.0961538461538463,0.034888146161337175,556,"As a senator’s wife, is this your way of letting me know you don’t approve of my vote for EPA nominee, Scott Pruitt?"
3844,1,8,95,104,1.0961538461538463,0.03210103183993805,556,Nice outfit you got there hun
3844,0,10,94,104,1.0961538461538463,0.029047715018613904,556,I said well done; not weld done.
3844,1,8,95,104,1.0961538461538463,0.03210103183993805,556,your halitosis is much less noticeable.
3844,1,8,95,104,1.0961538461538463,0.03210103183993805,556,Are you auditioning for Mars II?
3844,0,10,94,104,1.0961538461538463,0.029047715018613904,556,Cage-free eggs from Indian Point?
3844,3,4,97,104,1.0961538461538463,0.03746850997785921,556,I'll pass on the Trumpburger.
3844,1,8,95,104,1.0961538461538463,0.03210103183993805,556,I guarantee the air in here is gluten free.
3844,2,6,96,104,1.0961538461538463,0.034888146161337175,556,"Hey, go easy on the pesticides."
3844,2,6,96,104,1.0961538461538463,0.034888146161337175,556,"You know, instead of sauerkraut we could always try kale."
3844,1,8,95,104,1.0961538461538463,0.03210103183993805,556,"You know, that yellow cake is going straight to your ass."
4058,1,8,96,105,1.0952380952380953,0.03180702321771782,556,"I'll give you that, cooking is not exactly brain surgery."
4058,1,8,96,105,1.0952380952380953,0.03180702321771782,556,They are nicer ways to tell me you don't like cooking bacon for me.
4058,2,6,97,105,1.0952380952380953,0.0345664130207724,556,I see you're preparing for the nuclear winter early.
4058,1,8,96,105,1.0952380952380953,0.03180702321771782,556,"Actually, I don't think cholesterol warnings include an inhalation risk."
4062,3,4,99,106,1.0943396226415094,0.03678035601814704,556,Are the guests aware that it's a custom party?
4063,1,7,94,102,1.088235294117647,0.03147491066319619,556,Your a la plancha toxico just kills me
4063,1,7,94,102,1.088235294117647,0.03147491066319619,556,Why can't you just stop and smell the rose'?
4063,1,7,94,102,1.088235294117647,0.03147491066319619,556,"You're taking this gluten thing a little too seriously, dear."
4063,1,7,94,102,1.088235294117647,0.03147491066319619,556,Not too much garlic.
4063,0,9,93,102,1.088235294117647,0.028222915166426037,556,Politicauliflower for dinner?
4063,0,9,93,102,1.088235294117647,0.028222915166426037,556,"Is your cooking really that horrible, or is it Halloween."
4063,2,5,95,102,1.088235294117647,0.03442102645217136,556,Note to astronomical unit...smells tasty and such pro-tonic ways.
4063,2,5,95,102,1.088235294117647,0.03442102645217136,556,...So it helps the wine-in-a-box get into your system faster?
4063,1,7,94,102,1.088235294117647,0.03147491066319619,556,And I thought the monkey on my back was bad.
4063,2,5,95,102,1.088235294117647,0.03442102645217136,556,What do you mean I go on and on and on and on and on and on and on...?
4063,2,5,95,102,1.088235294117647,0.03442102645217136,556,My mother will love that you are making her corned beef hash recipe.
4063,2,5,95,102,1.088235294117647,0.03442102645217136,556,You must be a vegan.
4063,0,9,93,102,1.088235294117647,0.028222915166426037,556,Alright. I get it. I'll stop using the protein shakes.
4063,0,9,93,102,1.088235294117647,0.028222915166426037,556,High risk dinner again?!
4063,2,5,95,102,1.088235294117647,0.03442102645217136,556,"Honey which one are you today the astronaut or the time capsule, I forget."
4063,0,9,93,102,1.088235294117647,0.028222915166426037,556,"Oh,I see you are cooking my mother's favorite recipe for Kale Kompote."
4063,0,9,93,102,1.088235294117647,0.028222915166426037,556,GMO skillet dinner again?
4063,1,7,94,102,1.088235294117647,0.03147491066319619,556,Your mom is coming over for dinner AGAIN!
4063,3,3,96,102,1.088235294117647,0.03713413689297195,556,I'm already imagining your upgrade path
4063,3,3,96,102,1.088235294117647,0.03713413689297195,556,"You never listen even without that thing on, your hair is from the sixties, your faddish gluten thing is just that, you need a check up from the neck up, and another thing..."
4063,2,5,95,102,1.088235294117647,0.03442102645217136,556,He told me to Go Nuclear.
4063,1,7,94,102,1.088235294117647,0.03147491066319619,556,To boldly sloppy joe where no pan has gone before.
4063,0,9,93,102,1.088235294117647,0.028222915166426037,556,Those ghost peppers are truly a 10 for you...
4063,1,7,94,102,1.088235294117647,0.03147491066319619,556,Don't even think of grabbing it.
4063,0,9,93,102,1.088235294117647,0.028222915166426037,556,"Admit it, the sauerkraut avoidance comes second to the passive aggression."
4063,2,5,95,102,1.088235294117647,0.03442102645217136,556,Rocket burgers require enough jalapenos so you are gassy for the return trip home.
4063,0,9,93,102,1.088235294117647,0.028222915166426037,556,Just because that pan doesn't have a nontoxic surface doesn't mean it's dangerous.
4063,1,7,94,102,1.088235294117647,0.03147491066319619,556,Want yours freeze-dried?
4063,1,7,94,102,1.088235294117647,0.03147491066319619,556,"It seems like yesterday that I was only Barry, from the “basket of deplorables.”"
4063,0,9,93,102,1.088235294117647,0.028222915166426037,556,"If you are so worried about Zika, you probably should skip the glass of wine."
4063,1,7,94,102,1.088235294117647,0.03147491066319619,556,Pork chops? Yummm!
4063,2,5,95,102,1.088235294117647,0.03442102645217136,556,"But really, how many nights in a row can the President need a spray tan?"
4063,2,5,95,102,1.088235294117647,0.03442102645217136,556,I think the nitrosimine thing has been over-hyped.
4063,1,7,94,102,1.088235294117647,0.03147491066319619,556,How's that new plutonium plated cookware I got you for Christmas?
4063,2,5,95,102,1.088235294117647,0.03442102645217136,556,Did you leave space in the pantry for that thing?
4063,2,5,95,102,1.088235294117647,0.03442102645217136,556,Will onions on my burger help mollify your vegan sensibilities?
4063,0,9,93,102,1.088235294117647,0.028222915166426037,556,"Honey, do you think you're maybe vacuuming too much?"
4063,2,5,95,102,1.088235294117647,0.03442102645217136,556,Do I have something stuck in my teeth?
4063,2,5,95,102,1.088235294117647,0.03442102645217136,556,"Well, Fran, I think the North Koreans still believe in science."
4063,0,9,93,102,1.088235294117647,0.028222915166426037,556,"You heard, Pruitt was confirmed . . . ready to go from the frying pan to the fire."
4063,1,7,94,102,1.088235294117647,0.03147491066319619,556,All the non-GMO products were out or stock.
4063,0,9,93,102,1.088235294117647,0.028222915166426037,556,Did you forget to buy free-range?
4063,2,5,95,102,1.088235294117647,0.03442102645217136,556,French onions?
4063,1,7,94,102,1.088235294117647,0.03147491066319619,556,Is this a protest against the patriarchy?
4063,2,5,95,102,1.088235294117647,0.03442102645217136,556,"So,ahhhhh, what kind of mushrooms are shose?"
4063,2,5,95,102,1.088235294117647,0.03442102645217136,556,"Honey, are we having your delicious Pollo ala Air Pollution?"
4063,1,7,94,102,1.088235294117647,0.03147491066319619,556,Things aren't that bad....yet.
4063,1,7,94,102,1.088235294117647,0.03147491066319619,556,You are still in the Obama era.
4063,0,9,93,102,1.088235294117647,0.028222915166426037,556,You've never liked cooking brussel sprouts.
4063,0,9,93,102,1.088235294117647,0.028222915166426037,556,I know what you mean. Enough alcohol kills the smell and the taste.
4063,1,7,94,102,1.088235294117647,0.03147491066319619,556,Space food for dinner?
4063,1,7,94,102,1.088235294117647,0.03147491066319619,556,Kevin wondered if his taste for habeneros might be too much for Tricia.
4063,0,9,93,102,1.088235294117647,0.028222915166426037,556,"Ok, I swear I made your mimosa with Tang today."
4063,0,9,93,102,1.088235294117647,0.028222915166426037,556,I feel isolated.
4063,0,9,93,102,1.088235294117647,0.028222915166426037,556,I don't care what SafetySuit says; I think you should just put that in the microwave!
4063,3,3,96,102,1.088235294117647,0.03713413689297195,556,May the prep for the culinary dystopia be with you.
4063,2,5,95,102,1.088235294117647,0.03442102645217136,556,But you're not even gluten intolerant.
4063,0,9,93,102,1.088235294117647,0.028222915166426037,556,Your food is that toxic?
4063,0,9,93,102,1.088235294117647,0.028222915166426037,556,I simply don't know why you are so mad at me. All I did was belittle every dream of yours.
4063,2,5,95,102,1.088235294117647,0.03442102645217136,556,Sautéing onions?
4063,0,9,93,102,1.088235294117647,0.028222915166426037,556,"Well, I thought you preferred living in the bubble!"
4063,1,7,94,102,1.088235294117647,0.03147491066319619,556,Just looking on. I see you already have kitchen aid.
4063,2,5,95,102,1.088235294117647,0.03442102645217136,556,"It's just that, Teflon is poisonous"
4063,1,7,94,102,1.088235294117647,0.03147491066319619,556,Breaking Bad egg soufflé?
4063,3,3,96,102,1.088235294117647,0.03713413689297195,556,"It might seem alien, but it's still America."
4063,2,5,95,102,1.088235294117647,0.03442102645217136,556,"Take that, onions!"
4063,1,7,94,102,1.088235294117647,0.03147491066319619,556,"Ditch that stupid Survivalist Cooking Suit, I've ordered a pizza."
4063,2,5,95,102,1.088235294117647,0.03442102645217136,556,I just rinsed with mouthwash.
4063,1,7,94,102,1.088235294117647,0.03147491066319619,556,How many megascovilles?
4063,1,7,94,102,1.088235294117647,0.03147491066319619,556,"Honestly, Sweetie, Walter White was NOT cooking Liver & Onions!"
4063,1,7,94,102,1.088235294117647,0.03147491066319619,556,"You know, we are still in America..."
4134,1,7,95,103,1.087378640776699,0.03117960143264719,556,"I don't care if you legal or not, I have never met an alien like you."
4134,1,7,95,103,1.087378640776699,0.03117960143264719,556,I'm sorry dear - letting the wine breathe was insensitive.
4134,1,7,95,103,1.087378640776699,0.03117960143264719,556,"""But, dear, the Super Bowl isn't on for another hour."
4134,2,5,96,103,1.087378640776699,0.03409596683771112,556,You know you are going to have to open that baby up to eat.
4134,3,3,97,103,1.087378640776699,0.03678182110360849,556,"""Love tank"" full yet?"
4134,1,7,95,103,1.087378640776699,0.03117960143264719,556,Let me guess. A thermal receipt from the CDC?
4134,3,3,97,103,1.087378640776699,0.03678182110360849,556,"You better start putting out again, dearie, or I'm going to pull off your hose and cornhole it."
4134,1,7,95,103,1.087378640776699,0.03117960143264719,556,"I know you love ""Stranger Things,"" but isn't this getting a bit out of hand?"
4134,0,9,94,103,1.087378640776699,0.027960689125970634,556,Nice apron.
4134,0,9,94,103,1.087378640776699,0.027960689125970634,556,Can you check the salt?
4134,1,7,95,103,1.087378640776699,0.03117960143264719,556,"I enjoy cooking with polonium, sometimes I even put it in the food."
4134,0,9,94,103,1.087378640776699,0.027960689125970634,556,Surprise dinner for me tonight?
4134,0,9,94,103,1.087378640776699,0.027960689125970634,556,"That night in Paris, the wine, the lighted candles, the veal flambe, the waiter bursting into flames..."
4134,1,7,95,103,1.087378640776699,0.03117960143264719,556,You really should audition for Mask-a-Chef
4134,0,9,94,103,1.087378640776699,0.027960689125970634,556,Why is our apartment a sanctuary for fried livers?
4134,1,7,95,103,1.087378640776699,0.03117960143264719,556,So I see even sunny-side up is responding to global warming.
4134,0,9,94,103,1.087378640776699,0.027960689125970634,556,Your cooking isn't THAT bad.
4134,0,9,94,103,1.087378640776699,0.027960689125970634,556,Maybe try microwave bacon next time.
4134,1,7,95,103,1.087378640776699,0.03117960143264719,556,GMO's again
4134,2,5,96,103,1.087378640776699,0.03409596683771112,556,Climate change in the kitchen?
4134,1,7,95,103,1.087378640776699,0.03117960143264719,556,Where are our seats at the show tonight?
4134,1,7,95,103,1.087378640776699,0.03117960143264719,556,Just what kind of GMO's are we having tonight?
4134,2,5,96,103,1.087378640776699,0.03409596683771112,556,Are you fixing something good to eat?
4134,2,5,96,103,1.087378640776699,0.03409596683771112,556,"For next time, let's just hold the onions."
4134,0,9,94,103,1.087378640776699,0.027960689125970634,556,Does this mean we've lost hull integrity?
4134,2,5,96,103,1.087378640776699,0.03409596683771112,556,"Aren't you going overboard, dear?"
4134,1,7,95,103,1.087378640776699,0.03117960143264719,556,"Maureen, bacon splatter equals weight gain equals fake news!"
4134,2,5,96,103,1.087378640776699,0.03409596683771112,556,Chitlins AGAIN?!?
4134,1,7,95,103,1.087378640776699,0.03117960143264719,556,"Honest, the gas isn't that bad."
4134,3,3,97,103,1.087378640776699,0.03678182110360849,556,The nuclear winter after Obama's inauguration was apparently much worse.
4134,0,9,94,103,1.087378640776699,0.027960689125970634,556,...and then the boss said 'Yes.' What's for dinner?
4134,1,7,95,103,1.087378640776699,0.03117960143264719,556,I know you're not into the paleo thing but jeez.
4134,1,7,95,103,1.087378640776699,0.03117960143264719,556,But why do you want it all?
4134,1,7,95,103,1.087378640776699,0.03117960143264719,556,"She didn't trust him to do the cooking, but she trusted herself even less."
4134,3,3,97,103,1.087378640776699,0.03678182110360849,556,And you really got a second one free with only an extra shipping and handling charge?
4134,2,5,96,103,1.087378640776699,0.03409596683771112,556,You could just tell me in so many words you think I've got bad tastes.
4134,3,3,97,103,1.087378640776699,0.03678182110360849,556,"Honey, when you said dinner would be 'out of this world,' I took that metaphorically."
4134,1,7,95,103,1.087378640776699,0.03117960143264719,556,I am cooking them sunny side up.
4134,2,5,96,103,1.087378640776699,0.03409596683771112,556,"I get it, you could have been an astronaut instead of marrying me, but why am I to blame for your poor judgment?"
4134,1,7,95,103,1.087378640776699,0.03117960143264719,556,"Fine, I'll use the gum and patches."
4134,2,5,96,103,1.087378640776699,0.03409596683771112,556,How would you feel about giving me a manual?
4134,1,7,95,103,1.087378640776699,0.03117960143264719,556,You really didn't need to go to all this trouble. I'm sure the meal will be out of this world.
4134,0,9,94,103,1.087378640776699,0.027960689125970634,556,Anchovies? Again?
4134,2,5,96,103,1.087378640776699,0.03409596683771112,556,Next time let's order up.
4134,1,7,95,103,1.087378640776699,0.03117960143264719,556,Jalapeno Trots for dinner again?
4134,3,3,97,103,1.087378640776699,0.03678182110360849,556,That's some angry bird!
4134,1,7,95,103,1.087378640776699,0.03117960143264719,556,I'm glad to see leprosy hasn't lessened your passion for nouvelle cuisine.
4134,1,7,95,103,1.087378640776699,0.03117960143264719,556,Oy vey ! Another middle east recipe you found on your PC.
4134,3,3,97,103,1.087378640776699,0.03678182110360849,556,"I think the microwave is to cook, not for the cook"
4134,0,9,94,103,1.087378640776699,0.027960689125970634,556,I tend to to disagree about the air quality in the country
4134,1,7,95,103,1.087378640776699,0.03117960143264719,556,It'll burn off just give it some time.
4134,2,5,96,103,1.087378640776699,0.03409596683771112,556,"So, we're having Roundup-Ready again for dinner?"
4134,1,7,95,103,1.087378640776699,0.03117960143264719,556,Had to clean the cat's litter again?
4134,0,9,94,103,1.087378640776699,0.027960689125970634,556,I've lost ten pounds since I started eating clean.
4188,2,5,97,104,1.0865384615384615,0.03377698053876455,556,"Dear, it's beer you're cooking with, not 200 proof Scotch."
4188,0,9,95,104,1.0865384615384615,0.02770327452746085,556,Are you sure the board won't let us vent out?
4188,1,7,96,104,1.0865384615384615,0.03088977042533612,556,Was it something I tooted?
4188,1,7,96,104,1.0865384615384615,0.03088977042533612,556,"Sure, I'll have a taste. You over your stupid tantrum?"
4188,0,9,95,104,1.0865384615384615,0.02770327452746085,556,"What's so scummy 'bout peas, loaf, and deviled hamming?"
4188,0,9,95,104,1.0865384615384615,0.02770327452746085,556,But Pruitt hasn't even been confirmed.
4188,1,7,96,104,1.0865384615384615,0.03088977042533612,556,"Hey, sexy. Take it off. Take it all off."
4188,2,5,97,104,1.0865384615384615,0.03377698053876455,556,"So hon, whats for dinner tonight?"
4188,1,7,96,104,1.0865384615384615,0.03088977042533612,556,It's just crazy to think we were living down the street from a bunch of Russian spies. Who knew?
4197,1,6,94,101,1.0792079207920793,0.03045258712718752,556,"I realize that we live in Pittsburgh, and that there is a boil water advisory in effect, but you just might be taking things a bit too far!"
4197,1,6,94,101,1.0792079207920793,0.03045258712718752,556,So you're only allergic to the egg smell?
4197,0,8,93,101,1.0792079207920793,0.027006300390071,556,Let me know when it's ready.
4197,1,6,94,101,1.0792079207920793,0.03045258712718752,556,The newspaper says the patriarchy's getting toxic.
4197,1,6,94,101,1.0792079207920793,0.03045258712718752,556,These GMOS are still moving around!
4197,0,8,93,101,1.0792079207920793,0.027006300390071,556,"Alternative gourmet, again?"
4197,1,6,94,101,1.0792079207920793,0.03045258712718752,556,"You're home now, take off the suit sweetie"
4197,2,4,95,101,1.0792079207920793,0.03354668187346023,556,Whole Foods only had conventional kale again? Good thing your bio suit came back from the dry cleaners today.
4197,2,4,95,101,1.0792079207920793,0.03354668187346023,556,I get your aversion to GMO foods.
4197,1,6,94,101,1.0792079207920793,0.03045258712718752,556,I thought you don't believe in climate change.
4197,1,6,94,101,1.0792079207920793,0.03045258712718752,556,"I don't like the smell of fried onions either, but..."
4197,1,6,94,101,1.0792079207920793,0.03045258712718752,556,"I think I have made great strides at reducing my male toxicity, don't you?"
4197,0,8,93,101,1.0792079207920793,0.027006300390071,556,Would you like more wine?
4197,2,4,95,101,1.0792079207920793,0.03354668187346023,556,My exterminator makes eating local so easy.
4197,2,4,95,101,1.0792079207920793,0.03354668187346023,556,And where do I suppose to pour the drink my dear ?
4197,1,6,94,101,1.0792079207920793,0.03045258712718752,556,Are you sure Mars can't wait for dessert?
4197,1,6,94,101,1.0792079207920793,0.03045258712718752,556,Ughhh Honey are u making lasagna again?
4197,3,2,96,101,1.0792079207920793,0.03637856053638383,556,Persons from Mars are no longer able to stay here onEarth. You must return immediately!
4197,1,6,94,101,1.0792079207920793,0.03045258712718752,556,I hear your omelettes are out of this world.
4197,2,4,95,101,1.0792079207920793,0.03354668187346023,556,I see you're on the Peter Atkins diet.
4197,1,6,94,101,1.0792079207920793,0.03045258712718752,556,You know you'll have to touch the food to eat it?
4197,0,8,93,101,1.0792079207920793,0.027006300390071,556,"I don't care if the space shuttle is delayed, I want my dinner at 8!"
4197,2,4,95,101,1.0792079207920793,0.03354668187346023,556,You really want me to go vegan.
4197,1,6,94,101,1.0792079207920793,0.03045258712718752,556,I'm prepping for the next four years.
4197,2,4,95,101,1.0792079207920793,0.03354668187346023,556,"What am I, some kind of an asshole?"
4197,0,8,93,101,1.0792079207920793,0.027006300390071,556,This kinda stuff is why we need space
4197,1,6,94,101,1.0792079207920793,0.03045258712718752,556,"I did not insist they should be Trump steaks, you know"
4197,1,6,94,101,1.0792079207920793,0.03045258712718752,556,I suppose it's astronaut ice cream for dessert again.
4197,1,6,94,101,1.0792079207920793,0.03045258712718752,556,You know Trump has repealed the EPA rules on cooking barrier protection?
4197,1,6,94,101,1.0792079207920793,0.03045258712718752,556,I see that you've slipped into something a little more comfortable.
4197,3,2,96,101,1.0792079207920793,0.03637856053638383,556,Do you think you're taking the molecular fad a tad far ?
4197,1,6,94,101,1.0792079207920793,0.03045258712718752,556,I apologize for forgetting tonight was our night to dress up for dinner.
4197,0,8,93,101,1.0792079207920793,0.027006300390071,556,This is the your answer to Trump's anti Climate stance
4197,0,8,93,101,1.0792079207920793,0.027006300390071,556,I'm not so sure about this suit-vide.
4197,2,4,95,101,1.0792079207920793,0.03354668187346023,556,Is that your Titanic special you're whipping up?
4197,1,6,94,101,1.0792079207920793,0.03045258712718752,556,"I know it's organic and all natural, but cream of botulism soup again?"
4197,1,6,94,101,1.0792079207920793,0.03045258712718752,556,"You may get immortality by eating the first egg from Venus, Honey, but really, first a lab should tell us what kind..."
4197,1,6,94,101,1.0792079207920793,0.03045258712718752,556,It must be toxic!
4197,1,6,94,101,1.0792079207920793,0.03045258712718752,556,It's all-natural deodorant.
4197,0,8,93,101,1.0792079207920793,0.027006300390071,556,"$999.95. But, the second one was shipping costs only."
4197,2,4,95,101,1.0792079207920793,0.03354668187346023,556,I heard this recipe for omelette was the bomb.
4197,0,8,93,101,1.0792079207920793,0.027006300390071,556,"Come on, kale isn't that disgusting."
4197,1,6,94,101,1.0792079207920793,0.03045258712718752,556,You've been reading the Sunday (New York times) fashion section again?
4197,1,6,94,101,1.0792079207920793,0.03045258712718752,556,I see we're having the Pluto Special for our 243rd anniversary.
4197,1,6,94,101,1.0792079207920793,0.03045258712718752,556,"I understand why you're wearing yours, but why didn't you get me one?"
4197,0,8,93,101,1.0792079207920793,0.027006300390071,556,'Who am I to talk about loneliness' said Matt Damon ...
4197,2,4,95,101,1.0792079207920793,0.03354668187346023,556,That won't protect you from getting the spreading White House virus.
4197,1,6,94,101,1.0792079207920793,0.03045258712718752,556,Did your mother teach you to cook like that?
4197,2,4,95,101,1.0792079207920793,0.03354668187346023,556,That suit is overkill. The wine protects you against Teflon fumes.
4197,2,4,95,101,1.0792079207920793,0.03354668187346023,556,You really are out of this world for me!
4197,0,8,93,101,1.0792079207920793,0.027006300390071,556,The missiles haven't even started flying yet.
4197,2,4,95,101,1.0792079207920793,0.03354668187346023,556,"Wow, you're really stepping up your Mars training this month...."
4197,2,4,95,101,1.0792079207920793,0.03354668187346023,556,"Remember, honey, it’s not real ""ris de veau"" until you’ve seared it in butter. Now THAT’s good pancreas!"
4197,1,6,94,101,1.0792079207920793,0.03045258712718752,556,"Honestly, Deborah, they really don't LOOK that over-easy to me."
4197,0,8,93,101,1.0792079207920793,0.027006300390071,556,We could've gone out for my birthday dinner.
4197,1,6,94,101,1.0792079207920793,0.03045258712718752,556,You've never been more fetching. Or dressed to the nines.
4197,0,8,93,101,1.0792079207920793,0.027006300390071,556,Flatulence a problem in there?
4197,0,8,93,101,1.0792079207920793,0.027006300390071,556,Who's your designer?
4197,1,6,94,101,1.0792079207920793,0.03045258712718752,556,"I don't know about you, honey, but I could use a drink."
4197,1,6,94,101,1.0792079207920793,0.03045258712718752,556,Does this have anything to do with a possible news story?
4197,1,6,94,101,1.0792079207920793,0.03045258712718752,556,here's my thing: why isn't there a WHITE history month?
4197,3,2,96,101,1.0792079207920793,0.03637856053638383,556,"Whatever you do, it won't be out of this world."
4197,2,4,95,101,1.0792079207920793,0.03354668187346023,556,"So the EPA has declared that your cooking is ""toxic""?"
4197,2,4,95,101,1.0792079207920793,0.03354668187346023,556,That's why you don't cook with Riesling.
4197,0,8,93,101,1.0792079207920793,0.027006300390071,556,"Honey, I think you're spending too much time on Facebook."
4197,1,6,94,101,1.0792079207920793,0.03045258712718752,556,So he convinced you to go nuclear
4197,2,4,95,101,1.0792079207920793,0.03354668187346023,556,I wish you'd stop reading about those space ships that what's-his-name is supposedly building. You're missing a very nice Syrah.
4197,0,8,93,101,1.0792079207920793,0.027006300390071,556,Salmon?
4197,0,8,93,101,1.0792079207920793,0.027006300390071,556,You don't need any practice Joan. In space they are already expecting tasteless food.
4197,0,8,93,101,1.0792079207920793,0.027006300390071,556,Is this your way of telling me of your dashed hopes and dreams?
4197,3,2,96,101,1.0792079207920793,0.03637856053638383,556,Was it something I expressed per ano?
4197,2,4,95,101,1.0792079207920793,0.03354668187346023,556,"Can't be too careful, eh?"
4197,2,4,95,101,1.0792079207920793,0.03354668187346023,556,Don't ever ask me how much I paid for my GMO suit! Whatever it was is worth it.
4197,0,8,93,101,1.0792079207920793,0.027006300390071,556,What's this? Overkill again?
4197,0,8,93,101,1.0792079207920793,0.027006300390071,556,Do we need a hazmat certificate?
4197,1,6,94,101,1.0792079207920793,0.03045258712718752,556,"Yes, Dear, I know Space Station Party Catering is expanding rapidly. THAT'S why I think you should also insist on mileage reimbursement."
4197,1,6,94,101,1.0792079207920793,0.03045258712718752,556,Can I yell 'opa' when you light the saganaki?
4197,1,6,94,101,1.0792079207920793,0.03045258712718752,556,"If I were you, I'd add a soupçon of iron filings to counteract the anti-gravity effect of outer space."
4197,1,6,94,101,1.0792079207920793,0.03045258712718752,556,Do you really need to accessorize with the Teflon pan?
4197,1,6,94,101,1.0792079207920793,0.03045258712718752,556,Honey I know the movie Hidden Figures had an impact on you but......
4197,2,4,95,101,1.0792079207920793,0.03354668187346023,556,"When I said your cooking was ""hyperbland"" I didn't actually mean that hyperspace was the right place for it."
4197,1,6,94,101,1.0792079207920793,0.03045258712718752,556,Bio hazard eggs again?
4197,1,6,94,101,1.0792079207920793,0.03045258712718752,556,I thought we discussed that recipe?
4197,1,6,94,101,1.0792079207920793,0.03045258712718752,556,I am sorry but I really like kidney stew.
4197,0,8,93,101,1.0792079207920793,0.027006300390071,556,This recipe has been handed down for generations.
4197,1,6,94,101,1.0792079207920793,0.03045258712718752,556,it's the give me more space suit...
4197,1,6,94,101,1.0792079207920793,0.03045258712718752,556,Dinner to go?
4197,0,8,93,101,1.0792079207920793,0.027006300390071,556,Maybe I don't want to evolve.
4197,0,8,93,101,1.0792079207920793,0.027006300390071,556,Let's talk before dinner.
4197,2,4,95,101,1.0792079207920793,0.03354668187346023,556,"What did you have in mind for dinner, honey, radioactive possum?"
4197,1,6,94,101,1.0792079207920793,0.03045258712718752,556,"Really, dear, you ought to just try Spam."
4197,1,6,94,101,1.0792079207920793,0.03045258712718752,556,"Hey honey, I see you are getting ready to leave for space...care to make some food for me while you are gone?"
4197,1,6,94,101,1.0792079207920793,0.03045258712718752,556,"If you think I'm gonna eat that, you're freakin' crazy!!!!"
4197,0,8,93,101,1.0792079207920793,0.027006300390071,556,Did that make the Martian 100 best cook book recipes?
4197,1,6,94,101,1.0792079207920793,0.03045258712718752,556,"The nonstick coating is such a ripoff. They guarantee it for life, but it offgasses cyanide."
4197,1,6,94,101,1.0792079207920793,0.03045258712718752,556,"Honey, I know your cooking isn't great, but come on"
4197,1,6,94,101,1.0792079207920793,0.03045258712718752,556,"Yeah, Patricia, I'd say this qualifies as a Carpe diem Hail Mary meme!"
4197,1,6,94,101,1.0792079207920793,0.03045258712718752,556,Maybe we should stop cooking chitlins.
4197,2,4,95,101,1.0792079207920793,0.03354668187346023,556,Post-apocalyptic is really in right now.
4197,2,4,95,101,1.0792079207920793,0.03354668187346023,556,Once you see how many likes I get on Instagram you'll see it was so worth it.
4197,1,6,94,101,1.0792079207920793,0.03045258712718752,556,Your hatred of fish and love for me is so equivoque.
4197,1,6,94,101,1.0792079207920793,0.03045258712718752,556,You appear to be out of your depth.
4197,1,6,94,101,1.0792079207920793,0.03045258712718752,556,I do appreciate your cooking my mama's recipe for collards.
4197,1,6,94,101,1.0792079207920793,0.03045258712718752,556,"You've been so busy, Honey. Why not come up for air?"
4197,1,6,94,101,1.0792079207920793,0.03045258712718752,556,I never said that putanesca was the only option.
4197,2,4,95,101,1.0792079207920793,0.03354668187346023,556,"Dear, 'Press of a button. Executive orders. Maniac.'--these are all scary terms. What I want to know is--why didn't you order me a pack?"
4197,0,8,93,101,1.0792079207920793,0.027006300390071,556,Who said the next four years would be tough?
4197,1,6,94,101,1.0792079207920793,0.03045258712718752,556,I bought the Poo-Pourri today.
4197,1,6,94,101,1.0792079207920793,0.03045258712718752,556,"Shouldn't it be ground beef brown, Hazmat suit yellow?"
4197,2,4,95,101,1.0792079207920793,0.03354668187346023,556,Can you make X-1-2-Z?
4197,2,4,95,101,1.0792079207920793,0.03354668187346023,556,I got the idea after drinking some Tang
4197,2,4,95,101,1.0792079207920793,0.03354668187346023,556,"Hey, remember that funny scene from ""2001: A Space Odyssey"" where that guy's oxygen hose was cut off?"
4197,0,8,93,101,1.0792079207920793,0.027006300390071,556,Celebrating Halloween a little early?
4197,3,2,96,101,1.0792079207920793,0.03637856053638383,556,You're taking this veganism too far.
4197,1,6,94,101,1.0792079207920793,0.03045258712718752,556,I'm excited to taste the special dinner you're preparing for my birthday.
4197,0,8,93,101,1.0792079207920793,0.027006300390071,556,I suspect the dish will be out of this world even without the space suit
4197,1,6,94,101,1.0792079207920793,0.03045258712718752,556,"Thank God the President set us straight on the uses for toxic waste, huh?"
4197,2,4,95,101,1.0792079207920793,0.03354668187346023,556,"I hope you are as good a cook as my wife, Siri."
4197,0,8,93,101,1.0792079207920793,0.027006300390071,556,"OK I get it,you can skip the hot sauce"
4197,1,6,94,101,1.0792079207920793,0.03045258712718752,556,First I gave up fast food. Now you want me to eat organic?
4197,2,4,95,101,1.0792079207920793,0.03354668187346023,556,Wouldn’t prescription glasses do the same?
4197,1,6,94,101,1.0792079207920793,0.03045258712718752,556,"Dear, fried durian is your favorite dessert, but I also need a gas mask."
4197,1,6,94,101,1.0792079207920793,0.03045258712718752,556,How sexist. You get to wear the cool stuff.
4197,3,2,96,101,1.0792079207920793,0.03637856053638383,556,I think you took my comment about getting a household robot the wrong way. I meant a Roomba.
4197,2,4,95,101,1.0792079207920793,0.03354668187346023,556,Happy Valentines Day .
4197,0,8,93,101,1.0792079207920793,0.027006300390071,556,I don't know. I can't smell a damn thing.
4197,2,4,95,101,1.0792079207920793,0.03354668187346023,556,Honey order some pizza I think the food is toxic
4197,2,4,95,101,1.0792079207920793,0.03354668187346023,556,"No, that doesn't turn me on, either."
4197,1,6,94,101,1.0792079207920793,0.03045258712718752,556,"I've heard of nuking food, but this is taking it a little too far!"
4197,1,6,94,101,1.0792079207920793,0.03045258712718752,556,When Mars announces that they are happily accepting immigrants.
4197,1,6,94,101,1.0792079207920793,0.03045258712718752,556,Aah! Retro hazmat suit for retro meat smoke pollution. Neato.
4197,1,6,94,101,1.0792079207920793,0.03045258712718752,556,"When you said I was full of hot air, I didn't think you meant that literally."
4197,1,6,94,101,1.0792079207920793,0.03045258712718752,556,"You've made your point, Crystal, you think onions are gross..."
4197,1,6,94,101,1.0792079207920793,0.03045258712718752,556,See you're making sunny side up eggs again.
4197,1,6,94,101,1.0792079207920793,0.03045258712718752,556,Needs more garlic. Can you hear me Major Mom? Can you hear me Major Mom?
4197,1,6,94,101,1.0792079207920793,0.03045258712718752,556,I already apologized! I love your cooking...
4197,3,2,96,101,1.0792079207920793,0.03637856053638383,556,"A little gourmet cooking, a nice box wine. The perfect recipe for the perfect evening."
4197,1,6,94,101,1.0792079207920793,0.03045258712718752,556,"""Cooking with Irish Whiskey can be risky."
4197,1,6,94,101,1.0792079207920793,0.03045258712718752,556,point taken! that dish is history.
4197,1,6,94,101,1.0792079207920793,0.03045258712718752,556,Isn't 'air of disappointment' largely metaphoric and therefore not subject to physical protections?
4197,1,6,94,101,1.0792079207920793,0.03045258712718752,556,"My mom prefers her ""Aromatic Cod"" a dash less passive-aggressive."
4197,0,8,93,101,1.0792079207920793,0.027006300390071,556,Really? I was just kidding when I said...
4197,0,8,93,101,1.0792079207920793,0.027006300390071,556,We can repeal and replace it with this.
4340,0,8,94,102,1.0784313725490196,0.026751495257385263,556,Does the recipe calls for a Hazmat suit ?
4340,1,6,95,102,1.0784313725490196,0.03016255226718731,556,Julia Child is spinning in her grave.
4340,2,4,96,102,1.0784313725490196,0.03322524070696413,556,"Hungry? No, I said I was double-parked."
4340,1,6,95,102,1.0784313725490196,0.03016255226718731,556,How many scrambled eggs do you think we'll need for four years?
4340,0,8,94,102,1.0784313725490196,0.026751495257385263,556,What? Is the microwave broken?
4340,1,6,95,102,1.0784313725490196,0.03016255226718731,556,This recipe from Alien Magazine requires a lot of equipment.
4340,0,8,94,102,1.0784313725490196,0.026751495257385263,556,Just because we've allowed women to become astronauts doesn't mean you don't have to still cook dinner.
4340,2,4,96,102,1.0784313725490196,0.03322524070696413,556,"Oh, was that couple diving class today? I knew I forgot something today."
4340,1,6,95,102,1.0784313725490196,0.03016255226718731,556,"This kept me from crying when I was cutting the onions -- and now, when I'm frying them."
4340,2,4,96,102,1.0784313725490196,0.03322524070696413,556,You choose. It's either a new non stick frypan or a new husband.
4340,1,6,95,102,1.0784313725490196,0.03016255226718731,556,All this for scrambled eggs?
4340,2,4,96,102,1.0784313725490196,0.03322524070696413,556,"Sweetheart the problem is not scrambled eggs in pan, it's immigration ban."
4340,2,4,96,102,1.0784313725490196,0.03322524070696413,556,Climate Change is a Chinese hoax!
4340,2,4,96,102,1.0784313725490196,0.03322524070696413,556,You've got to stop drinking and frying.
4340,1,6,95,102,1.0784313725490196,0.03016255226718731,556,Might go well with fava beans and a nice Chianti
4340,1,6,95,102,1.0784313725490196,0.03016255226718731,556,This is why they are cutting the EPA!
4340,0,8,94,102,1.0784313725490196,0.026751495257385263,556,Aren't you taking this sous-vide thing a bit far?
4340,2,4,96,102,1.0784313725490196,0.03322524070696413,556,I wish dating an EPA employee didn't mean being okay with bringing work home with her.
4340,1,6,95,102,1.0784313725490196,0.03016255226718731,556,Getting ready to add the bacon?
4340,1,6,95,102,1.0784313725490196,0.03016255226718731,556,I heard your hot snatch is out of this world.
4340,1,6,95,102,1.0784313725490196,0.03016255226718731,556,Is that the outfit you wore on the March on Washington?
4340,0,8,94,102,1.0784313725490196,0.026751495257385263,556,"Really honey, it's okay, completely gluten free."
4340,1,6,95,102,1.0784313725490196,0.03016255226718731,556,"Shush Harold, it'll taste ok."
4340,1,6,95,102,1.0784313725490196,0.03016255226718731,556,"We get, you don't eat gluten."
4340,1,6,95,102,1.0784313725490196,0.03016255226718731,556,"My fantasy is zero-G, your reality is zero-G-spot"
4340,0,8,94,102,1.0784313725490196,0.026751495257385263,556,I guess you don't think the ban on radioactive cows is working.
4340,0,8,94,102,1.0784313725490196,0.026751495257385263,556,It might not be that bad.
4340,1,6,95,102,1.0784313725490196,0.03016255226718731,556,life with a robo-wife
4340,1,6,95,102,1.0784313725490196,0.03016255226718731,556,I asked you not buy at 99¢ Store.
4340,0,8,94,102,1.0784313725490196,0.026751495257385263,556,Your cooking doesn't smell that bad.
4340,1,6,95,102,1.0784313725490196,0.03016255226718731,556,It's a little bitter.
4340,3,2,97,102,1.0784313725490196,0.03602851205365837,556,Scrapple again?
4340,1,6,95,102,1.0784313725490196,0.03016255226718731,556,You're worried about splatter burns?
4373,3,1,95,99,1.0707070707070707,0.035901458310605275,556,She's out of this world!
4373,2,3,94,99,1.0707070707070707,0.0329054956738568,556,It's my new kitchen appliance for 'women of a certain age'.
4373,2,3,94,99,1.0707070707070707,0.0329054956738568,556,I like that you #dresslikeawoman.
4373,0,7,92,99,1.0707070707070707,0.02589373512976387,556,"You know, honey, we're on the cultural left again by harboring our alien."
4373,1,5,93,99,1.0707070707070707,0.029607914182804028,556,I hear your omlets are out of this worlf
4373,1,5,93,99,1.0707070707070707,0.029607914182804028,556,They say the fumes from Olive oil are much better for the heart.
4373,0,7,92,99,1.0707070707070707,0.02589373512976387,556,I love the smell of garlic in the evening.
4373,0,7,92,99,1.0707070707070707,0.02589373512976387,556,I learned this trick when I appeared on Worst Cooks in America.
4373,0,7,92,99,1.0707070707070707,0.02589373512976387,556,"You heard ""inorganic superfund,"" but I was thinking kale."
4373,0,7,92,99,1.0707070707070707,0.02589373512976387,556,"What's for dinner, Plutonic prosciutto with a glass of Saturnalian sauvignon blanc?"
4373,1,5,93,99,1.0707070707070707,0.029607914182804028,556,"No chicken tikka meitnerium for me, thanks."
4373,0,7,92,99,1.0707070707070707,0.02589373512976387,556,Protect your own self: pan-handling in the Age of Deregulation.
4373,0,7,92,99,1.0707070707070707,0.02589373512976387,556,I know you don't like eggs... But this is a bit too much.
4373,0,7,92,99,1.0707070707070707,0.02589373512976387,556,There is a fine line between looking indie and cooking GMO food.
4373,1,5,93,99,1.0707070707070707,0.029607914182804028,556,"Wow... I knew your cooking was bad, but not that bad."
4373,1,5,93,99,1.0707070707070707,0.029607914182804028,556,appenrently he won Robomasterchef.
4373,0,7,92,99,1.0707070707070707,0.02589373512976387,556,Was it the garlic bread?
4373,1,5,93,99,1.0707070707070707,0.029607914182804028,556,You know I love a good toxic torte.
4373,1,5,93,99,1.0707070707070707,0.029607914182804028,556,"Yes or no, that smells terrific?"
4373,0,7,92,99,1.0707070707070707,0.02589373512976387,556,"Brown eggs, huh?"
4373,1,5,93,99,1.0707070707070707,0.029607914182804028,556,King trumpet mushrooms with onions & garlic?
4373,1,5,93,99,1.0707070707070707,0.029607914182804028,556,"So, the White House won't let you talk to the media."
4373,2,3,94,99,1.0707070707070707,0.0329054956738568,556,It's the latest Dangerous Dinning.
4373,1,5,93,99,1.0707070707070707,0.029607914182804028,556,Eggs aren't that bad.
4373,1,5,93,99,1.0707070707070707,0.029607914182804028,556,Now you are cooking with meth-ane.
4373,1,5,93,99,1.0707070707070707,0.029607914182804028,556,"Astronauts diet? Weight free, right?"
4373,0,7,92,99,1.0707070707070707,0.02589373512976387,556,"I said the backlash might be toxic, not the goulash!"
4373,1,5,93,99,1.0707070707070707,0.029607914182804028,556,"Honey, I don't think it's cooking fumes that increase the risk of dementia."
4373,1,5,93,99,1.0707070707070707,0.029607914182804028,556,I hope your food isn't as bad as your style.
4373,1,5,93,99,1.0707070707070707,0.029607914182804028,556,CDC bunsen burner on the fritz again hun?
4373,2,3,94,99,1.0707070707070707,0.0329054956738568,556,I realize your eyes are sensitive but you could always let me sauté the onions.
4373,0,7,92,99,1.0707070707070707,0.02589373512976387,556,"Oh come on, your cooking isn't that bad"
4373,0,7,92,99,1.0707070707070707,0.02589373512976387,556,You can't make an omelet without getting chemically exposed to a few eggs.
4373,1,5,93,99,1.0707070707070707,0.029607914182804028,556,"""Cooking sprouts again, love?"
4373,0,7,92,99,1.0707070707070707,0.02589373512976387,556,How long will this condition keep you in there?
4373,1,5,93,99,1.0707070707070707,0.029607914182804028,556,My drinking has nothing to do with your peanut allergy. On the other hand you might've mentioned it before we got married.
4373,0,7,92,99,1.0707070707070707,0.02589373512976387,556,"Hon, after drinks and dinner, what time are you due back at the space station?"
4373,2,3,94,99,1.0707070707070707,0.0329054956738568,556,"He's been in office only a couple of weeks, and this is your idea of preparing for the apocalypse?"
4373,2,3,94,99,1.0707070707070707,0.0329054956738568,556,I don't think wearing the suit will help you in your audition for the 'Last Jedi'.
4373,0,7,92,99,1.0707070707070707,0.02589373512976387,556,"I found a fascinating archaeon in my stool today. While I am sure that it is infectious, it is probably not very pathogenic. Is this my glass or yours?"
4373,0,7,92,99,1.0707070707070707,0.02589373512976387,556,"I checked and rechecked. All the ingredients are organic, nut free and non-GMO."
4373,1,5,93,99,1.0707070707070707,0.029607914182804028,556,Smells good?
4373,0,7,92,99,1.0707070707070707,0.02589373512976387,556,"Sooooo, have you always had a risotto allergy?"
4373,1,5,93,99,1.0707070707070707,0.029607914182804028,556,"Apparently ""leaning in"" is taking off."
4373,0,7,92,99,1.0707070707070707,0.02589373512976387,556,I'm too sexy for this.
4373,1,5,93,99,1.0707070707070707,0.029607914182804028,556,Freeze dried chicken or freeze dried beef?
4373,2,3,94,99,1.0707070707070707,0.0329054956738568,556,"When I said I'd try going vegan, I meant for a couple of days."
4373,0,7,92,99,1.0707070707070707,0.02589373512976387,556,"I think it may be too soon, wait and see how long the committee boycotts the Pruitt hearing."
4373,1,5,93,99,1.0707070707070707,0.029607914182804028,556,I'll drink yours if you can't handle it.
4373,0,7,92,99,1.0707070707070707,0.02589373512976387,556,"Android Mary, your cooking is to die for."
4373,0,7,92,99,1.0707070707070707,0.02589373512976387,556,Okay! Okay! I'll put a lid on the booze burps.
4373,1,5,93,99,1.0707070707070707,0.029607914182804028,556,"Okay, you win! I'll eat your vegan meals."
4373,1,5,93,99,1.0707070707070707,0.029607914182804028,556,You don't actually have celiac disease.
4373,0,7,92,99,1.0707070707070707,0.02589373512976387,556,You're not gonna get burned.
4373,1,5,93,99,1.0707070707070707,0.029607914182804028,556,"I appreciate you making sauteed Brussel sprouts for me, but I think you're being over-dramatic. They do not smell that bad."
4373,1,5,93,99,1.0707070707070707,0.029607914182804028,556,I thought you supported climate change outside!
4373,0,7,92,99,1.0707070707070707,0.02589373512976387,556,There are no alternative smells.
4373,0,7,92,99,1.0707070707070707,0.02589373512976387,556,It's out of the river and into the frying pan.
4373,0,7,92,99,1.0707070707070707,0.02589373512976387,556,So when did you say you last saw your ex-boyfriend?
4373,0,7,92,99,1.0707070707070707,0.02589373512976387,556,My third wife was also sensitive to cooking smells.
4373,1,5,93,99,1.0707070707070707,0.029607914182804028,556,She didn't believe in showing too much skin on a first date.
4373,1,5,93,99,1.0707070707070707,0.029607914182804028,556,"No way I'm eating that, Natasha !"
4373,2,3,94,99,1.0707070707070707,0.0329054956738568,556,Is this your way of telling me you want a new fridge?
4373,2,3,94,99,1.0707070707070707,0.0329054956738568,556,"Honey, I thought I asked you to dress more like a woman for tonight's dinner?"
4373,1,5,93,99,1.0707070707070707,0.029607914182804028,556,Can't you just cleanse your palate with a cracker ?
4373,1,5,93,99,1.0707070707070707,0.029607914182804028,556,I told you I loved Ghost Busters.
4373,1,5,93,99,1.0707070707070707,0.029607914182804028,556,Fine. I agree with you. We are to self- sufficient.
4373,1,5,93,99,1.0707070707070707,0.029607914182804028,556,Is this one small step for the onions or one giant step 'til we dine?
4373,0,7,92,99,1.0707070707070707,0.02589373512976387,556,"Ya know hon, I think it's been pretty much established that GMOs are not that bad for you…"
4373,0,7,92,99,1.0707070707070707,0.02589373512976387,556,This meal should be vewey intewesting.
4373,1,5,93,99,1.0707070707070707,0.029607914182804028,556,Aren't you taking this healthy eating lifestyle a bit too far?
4373,1,5,93,99,1.0707070707070707,0.029607914182804028,556,"Look, it was a party, we were drinking, talking about our wives' cooking....I don't think 'stench' is that bad a word.."
4373,0,7,92,99,1.0707070707070707,0.02589373512976387,556,Julia Child isn't right all the time.
4373,2,3,94,99,1.0707070707070707,0.0329054956738568,556,"I like that we are having more date nights since I voted for Trump, but all the antidotes are really cutting into our retirement savings."
4373,2,3,94,99,1.0707070707070707,0.0329054956738568,556,I thought you liked it.
4373,0,7,92,99,1.0707070707070707,0.02589373512976387,556,"But you can still *eat* shellfish, right?"
4373,0,7,92,99,1.0707070707070707,0.02589373512976387,556,I get it: you hate cooking tofu!
4373,0,7,92,99,1.0707070707070707,0.02589373512976387,556,Getting rid of preservatives?
4373,2,3,94,99,1.0707070707070707,0.0329054956738568,556,You cooking with non-stick again?
4373,1,5,93,99,1.0707070707070707,0.029607914182804028,556,"I find onions annoying too, dear, but........"
4373,2,3,94,99,1.0707070707070707,0.0329054956738568,556,"I think it's time you get out of your echo chamber, honey."
4373,1,5,93,99,1.0707070707070707,0.029607914182804028,556,I just do not think that git-up is necessary when you want to cook something new.
4373,2,3,94,99,1.0707070707070707,0.0329054956738568,556,Toast?
4373,0,7,92,99,1.0707070707070707,0.02589373512976387,556,"So, you still insist on GMO onions?"
4373,0,7,92,99,1.0707070707070707,0.02589373512976387,556,Is your cooking that bad ?
4373,0,7,92,99,1.0707070707070707,0.02589373512976387,556,"Yes, this new technology to engage fried egg spittle with total safety will bring women back into the kitchen in droves."
4373,1,5,93,99,1.0707070707070707,0.029607914182804028,556,Hamish requested blood pudding and haggis for dinner
4373,0,7,92,99,1.0707070707070707,0.02589373512976387,556,GMO tonight?
4373,0,7,92,99,1.0707070707070707,0.02589373512976387,556,See what I'm talking about - America's great again. You weren't needed on that space station.
4373,1,5,93,99,1.0707070707070707,0.029607914182804028,556,These eggs better be out of this world.
4373,2,3,94,99,1.0707070707070707,0.0329054956738568,556,"Afraid of a little fire, honey?"
4373,2,3,94,99,1.0707070707070707,0.0329054956738568,556,"Gloria, isn't it terrific? Trump's EPA won't care anything about your cooking?"
4373,1,5,93,99,1.0707070707070707,0.029607914182804028,556,Did you say you were microwaving that?
4373,1,5,93,99,1.0707070707070707,0.029607914182804028,556,Is this how you treat me after we argue?
4373,1,5,93,99,1.0707070707070707,0.029607914182804028,556,Now that's what I'd call parts unknown.
4373,1,5,93,99,1.0707070707070707,0.029607914182804028,556,I just thought you'd say I looked sexy!
4373,0,7,92,99,1.0707070707070707,0.02589373512976387,556,The complexity of this bouquet is to die for.
4373,2,3,94,99,1.0707070707070707,0.0329054956738568,556,Where's the beef?
4373,1,5,93,99,1.0707070707070707,0.029607914182804028,556,I see those cooking lessons didn't help much.
4373,1,5,93,99,1.0707070707070707,0.029607914182804028,556,"Not impressed by my wine choice, then?"
4373,1,5,93,99,1.0707070707070707,0.029607914182804028,556,"Get over it already, your stewing is toxic."
4373,1,5,93,99,1.0707070707070707,0.029607914182804028,556,You do this every time I want hamburger gravy
4373,2,3,94,99,1.0707070707070707,0.0329054956738568,556,"Pass the brandy, curiosity awaits."
4373,0,7,92,99,1.0707070707070707,0.02589373512976387,556,Allergies are not contagious!
4373,0,7,92,99,1.0707070707070707,0.02589373512976387,556,I think you've mistaken obnoxious for the shorter word.
4373,2,3,94,99,1.0707070707070707,0.0329054956738568,556,Fried beans again?
4373,0,7,92,99,1.0707070707070707,0.02589373512976387,556,So you're not vegan any longer?
4373,1,5,93,99,1.0707070707070707,0.029607914182804028,556,"I'm sorry hun, I thought is was gluten-free"
4373,1,5,93,99,1.0707070707070707,0.029607914182804028,556,Your spacesuit makes you into a new normal.
4373,0,7,92,99,1.0707070707070707,0.02589373512976387,556,You're not literally allergic to cooking.
4373,1,5,93,99,1.0707070707070707,0.029607914182804028,556,My doctor said I have to cut down on red meat.
4373,0,7,92,99,1.0707070707070707,0.02589373512976387,556,I'll check our medicine cabinet for Zantac
4373,0,7,92,99,1.0707070707070707,0.02589373512976387,556,That thing will fry your brain.
4373,0,7,92,99,1.0707070707070707,0.02589373512976387,556,Try opening a window to get rid of the burned food smell.
4373,0,7,92,99,1.0707070707070707,0.02589373512976387,556,Did my deodorant fail?
4373,0,7,92,99,1.0707070707070707,0.02589373512976387,556,"C'mon, quinoa doesn't smell that bad."
4373,2,3,94,99,1.0707070707070707,0.0329054956738568,556,They seem to lack the protein of the others.
4373,2,3,94,99,1.0707070707070707,0.0329054956738568,556,I wish I could somehow sue that last Martian for alienation -- literally -- of affections!
4373,1,5,93,99,1.0707070707070707,0.029607914182804028,556,"I know you want our grown son to move out, but I eat here too, Gladys....are you listening, Gladys?"
4373,0,7,92,99,1.0707070707070707,0.02589373512976387,556,I'm glad you became vegan but this seems a bit much.
4373,0,7,92,99,1.0707070707070707,0.02589373512976387,556,"Call it what you want, but it's not a ban."
4373,1,5,93,99,1.0707070707070707,0.029607914182804028,556,Making that fluffy Flint frittata that you love so much.
4373,0,7,92,99,1.0707070707070707,0.02589373512976387,556,"I understand that we disagreed about trying out a vegan lifestyle, but I think you are overreacting a little. From now on I'll just cook for myself."
4373,1,5,93,99,1.0707070707070707,0.029607914182804028,556,They didn't have organic vegetable at the store today.
4373,0,7,92,99,1.0707070707070707,0.02589373512976387,556,"I'm positive he said ""decontamination"". But, if you say ""deglazing"", it's ""deglazing""."
4373,0,7,92,99,1.0707070707070707,0.02589373512976387,556,"So your commute stinks, but how's the view?"
4373,2,3,94,99,1.0707070707070707,0.0329054956738568,556,Is this because we can't affort a place in New Zealand?
4373,1,5,93,99,1.0707070707070707,0.029607914182804028,556,Are you sure there are no additives in that?
4373,0,7,92,99,1.0707070707070707,0.02589373512976387,556,Couldn't you just switch to cast iron skillets?
4373,0,7,92,99,1.0707070707070707,0.02589373512976387,556,"Thanks, but I'll have what you're wearing."
4373,0,7,92,99,1.0707070707070707,0.02589373512976387,556,The broker said this was a smoke free building.
4373,2,3,94,99,1.0707070707070707,0.0329054956738568,556,"Oh, Ramps tonight?"
4373,2,3,94,99,1.0707070707070707,0.0329054956738568,556,I want the dish to be out of this word
4373,1,5,93,99,1.0707070707070707,0.029607914182804028,556,"I get the point, you bring home the abalone."
4373,2,3,94,99,1.0707070707070707,0.0329054956738568,556,"I miss the bird too, but don't you think you're overdoing this Teflon thing?"
4373,1,5,93,99,1.0707070707070707,0.029607914182804028,556,But I liked our airless marriage.
4373,0,7,92,99,1.0707070707070707,0.02589373512976387,556,"Despite being a vegan, are you ever tempted when you see how good that veal looks?"
4373,1,5,93,99,1.0707070707070707,0.029607914182804028,556,My flatulent opinions or your cooking?
4373,2,3,94,99,1.0707070707070707,0.0329054956738568,556,The air does smell of onions
4373,1,5,93,99,1.0707070707070707,0.029607914182804028,556,So this is the new food processor you were telling me about?
4373,1,5,93,99,1.0707070707070707,0.029607914182804028,556,The kitchen doesn't smell THAT bad.
4373,0,7,92,99,1.0707070707070707,0.02589373512976387,556,Have you considered going the all-raw veggie route?
4373,1,5,93,99,1.0707070707070707,0.029607914182804028,556,Will miss your cooking when head off to space
4373,0,7,92,99,1.0707070707070707,0.02589373512976387,556,Thanks. I know cooking kidneys isn't your favorite thing.
4373,1,5,93,99,1.0707070707070707,0.029607914182804028,556,My E-meter tells me this is going to be a great meal!
4373,0,7,92,99,1.0707070707070707,0.02589373512976387,556,I'm sorry. Next time I'll get gluten-free.
4373,1,5,93,99,1.0707070707070707,0.029607914182804028,556,When do you return to the space station.
4373,1,5,93,99,1.0707070707070707,0.029607914182804028,556,The galloping gourmet would've loved you.
4373,2,3,94,99,1.0707070707070707,0.0329054956738568,556,"Bob's initial shock was quickly relieved when he understood the actual repercussions of her new commitment to ""scientology""."
4373,2,3,94,99,1.0707070707070707,0.0329054956738568,556,"Hey, why are you cooking in a spacesuit?"
4373,0,7,92,99,1.0707070707070707,0.02589373512976387,556,"Next time, I promise I won't let the leftovers go to waste."
4373,0,7,92,99,1.0707070707070707,0.02589373512976387,556,"Honey, the apocalypse hasn't happened yet."
4373,0,7,92,99,1.0707070707070707,0.02589373512976387,556,"I guess you have that cilantro gene, eh?"
4373,1,5,93,99,1.0707070707070707,0.029607914182804028,556,"Open up and smell the crickets burn, stir my wild desires."
4373,1,5,93,99,1.0707070707070707,0.029607914182804028,556,Make sure it is well done.
4373,0,7,92,99,1.0707070707070707,0.02589373512976387,556,"No, Ralph, I'm erring on the side cochon!"
4373,1,5,93,99,1.0707070707070707,0.029607914182804028,556,You misunderstood me. I said your FOOD was toxic.
4373,1,5,93,99,1.0707070707070707,0.029607914182804028,556,Sorry dear but it's imperative this cabernet be given preferential breathing
4373,1,5,93,99,1.0707070707070707,0.029607914182804028,556,GMO food preparation
4373,1,5,93,99,1.0707070707070707,0.029607914182804028,556,"""Not to be a pest or anything, but that ?was ?salt that you added, right""?"
4373,1,5,93,99,1.0707070707070707,0.029607914182804028,556,"I know fried food is bad for you, but you've gone too far."
4373,1,5,93,99,1.0707070707070707,0.029607914182804028,556,Just because the recipe calls for garlic and chopped onions doesn't mean...
4373,0,7,92,99,1.0707070707070707,0.02589373512976387,556,This thing is still moving.
4373,0,7,92,99,1.0707070707070707,0.02589373512976387,556,Does this Package Deal include a Mani-pedi?
4373,1,5,93,99,1.0707070707070707,0.029607914182804028,556,It's great that we have a full kitchen in this spaceship.
4538,1,5,94,100,1.07,0.029318866956210297,556,2001 was just a Movie Jill...A robot doesn't control our ventilation!
4538,1,5,94,100,1.07,0.029318866956210297,556,are you cooking eggs or explosives
4538,2,3,95,100,1.07,0.032582451743479374,556,Mildred! Blocking out Trumpiana has made this house intolerable.
4538,1,5,94,100,1.07,0.029318866956210297,556,I'm on a no- fat high fiber diet.
4538,0,7,93,100,1.07,0.025643239997624287,556,"""Don't you think your vegan-ism has now gone too far?"
4538,0,7,93,100,1.07,0.025643239997624287,556,I personally don't think the odor of a frying meat patty threatens your veganism.
4538,1,5,94,100,1.07,0.029318866956210297,556,I was out of sorts last night
4538,1,5,94,100,1.07,0.029318866956210297,556,"Honey, are you enjoying your new locally sourced, fully-organic, non-GMO, gas stove?"
4538,0,7,93,100,1.07,0.025643239997624287,556,"Ok, I get the message that frying is not on your diet..."
4538,1,5,94,100,1.07,0.029318866956210297,556,"That's ""eashy"" for you to say, you don't have to refill."
4538,1,5,94,100,1.07,0.029318866956210297,556,If you're allergic to cooking we could always do takeout.
4538,1,5,94,100,1.07,0.029318866956210297,556,QVC promised it would help my cooking.
4538,1,5,94,100,1.07,0.029318866956210297,556,"Trust me, wine will work better than gaslighting."
4538,2,3,95,100,1.07,0.032582451743479374,556,"What aren't you telling me about your Eggs Benedict, Arnold?"""
4552,1,4,92,97,1.0618556701030928,0.028622562283432445,556,We are NOT living on Mars.
4552,0,6,91,97,1.0618556701030928,0.024586061892189325,556,A couple more drinks and I'll be floating around.
4552,1,4,92,97,1.0618556701030928,0.028622562283432445,556,"OK, Melania, you can take it off. The bruises should be healed by now."
4552,1,4,92,97,1.0618556701030928,0.028622562283432445,556,"As for me, I choose to burn out rather than fade away."
4552,0,6,91,97,1.0618556701030928,0.024586061892189325,556,"""I'll admit the nose is a bit forward on the shepherd's wine. . ."
4552,1,4,92,97,1.0618556701030928,0.028622562283432445,556,Well do you think you'll be done breaking it in before the parent-teacher conference?
4552,1,4,92,97,1.0618556701030928,0.028622562283432445,556,Heading to the compost pit?
4552,1,4,92,97,1.0618556701030928,0.028622562283432445,556,Could you put it away until after we get a confirmation?
4552,1,4,92,97,1.0618556701030928,0.028622562283432445,556,Aren't you taking this vegan think a bit too far?
4552,1,4,92,97,1.0618556701030928,0.028622562283432445,556,Dior?
4552,2,2,93,97,1.0618556701030928,0.032156301155004986,556,Did you get the green light from Elon Musk?
4552,1,4,92,97,1.0618556701030928,0.028622562283432445,556,The main objection I have to your Unnatural Disaster Response Plan is that I'm no Donald Trump.
4552,0,6,91,97,1.0618556701030928,0.024586061892189325,556,How is your chemistry project going.
4552,0,6,91,97,1.0618556701030928,0.024586061892189325,556,"I've heard of a cast iron stomach before, but this is ridiculous."
4552,1,4,92,97,1.0618556701030928,0.028622562283432445,556,I'll whip up some GMO's for dinner.
4552,0,6,91,97,1.0618556701030928,0.024586061892189325,556,I'm melting the chocolate for Moon Pies.
4552,1,4,92,97,1.0618556701030928,0.028622562283432445,556,It's just that I'm trying to avoid any source of gluten.
4552,0,6,91,97,1.0618556701030928,0.024586061892189325,556,"Honey, I guess you aren't drinking wine with me tonight."
4552,0,6,91,97,1.0618556701030928,0.024586061892189325,556,"Remember, that will have to last you a couple of trillion light years."""
4552,1,4,92,97,1.0618556701030928,0.028622562283432445,556,"Stay if you want to honey. But I'm going back to where I came from, before I get deported."
4552,0,6,91,97,1.0618556701030928,0.024586061892189325,556,"OK, you're right, now you're not so hot."
4552,0,6,91,97,1.0618556701030928,0.024586061892189325,556,My political beliefs aren't that odious.
4552,1,4,92,97,1.0618556701030928,0.028622562283432445,556,It's not like I ask for surströmming every day.
4552,1,4,92,97,1.0618556701030928,0.028622562283432445,556,I really should learn how to fry an egg. Do send my apologies to flight control.
4552,2,2,93,97,1.0618556701030928,0.032156301155004986,556,"Good name, the government rape prevention suit."
4552,0,6,91,97,1.0618556701030928,0.024586061892189325,556,Another glass? Oh.
4552,1,4,92,97,1.0618556701030928,0.028622562283432445,556,"Sheila, don't you think you might be taking this 20,000 Leagues ""look"" too far?!!!!"
4552,2,2,93,97,1.0618556701030928,0.032156301155004986,556,To be honest there's something very metallic-y about your food...
4552,0,6,91,97,1.0618556701030928,0.024586061892189325,556,"If you think the aluminum pan is toxic, don't you think the food is too?"
4552,0,6,91,97,1.0618556701030928,0.024586061892189325,556,I still think it was the chicken.
4552,1,4,92,97,1.0618556701030928,0.028622562283432445,556,Your space flight fantasy has certainly come a long way.
4552,1,4,92,97,1.0618556701030928,0.028622562283432445,556,"You can go on denying it, but until the climate changes for the better, I'm wearing this to bed too. [""for the better"" with emphasis, such as italics]"
4552,1,4,92,97,1.0618556701030928,0.028622562283432445,556,It's fine. There's air after all.
4552,1,4,92,97,1.0618556701030928,0.028622562283432445,556,I'm feeding my own atmosphere of truth but I think these scrambled eggs are rotten
4552,0,6,91,97,1.0618556701030928,0.024586061892189325,556,"FYI, the recipe said ""over-easy."" Not ""overly easy,"" Todd."
4552,0,6,91,97,1.0618556701030928,0.024586061892189325,556,I'm glad we found this workaround for your new veganism.
4552,1,4,92,97,1.0618556701030928,0.028622562283432445,556,"Alright, already. Forget what I said about cooking Vegan from now on."
4552,2,2,93,97,1.0618556701030928,0.032156301155004986,556,I fear you are following the directions a bit literally.
4552,1,4,92,97,1.0618556701030928,0.028622562283432445,556,"OK, we'll do something different on vacation"
4552,0,6,91,97,1.0618556701030928,0.024586061892189325,556,"""Happy Valentine's Day, Sweetheart!"" (For thé shark cartoon)"
4552,1,4,92,97,1.0618556701030928,0.028622562283432445,556,Looks like it's time for some game theory
4552,1,4,92,97,1.0618556701030928,0.028622562283432445,556,Goin' with the Carolina Reaper tonight?
4552,0,6,91,97,1.0618556701030928,0.024586061892189325,556,"Come on, my masculinity isn't that toxic!"
4552,0,6,91,97,1.0618556701030928,0.024586061892189325,556,"Well done, my dear, and the medium is rare."
4552,1,4,92,97,1.0618556701030928,0.028622562283432445,556,"Mmm, that box really turns me on."
4552,1,4,92,97,1.0618556701030928,0.028622562283432445,556,Retail is dead.
4552,2,2,93,97,1.0618556701030928,0.032156301155004986,556,I have to see how it tastes. Right?
4552,1,4,92,97,1.0618556701030928,0.028622562283432445,556,"If this is our last meal, may the force be with you!"
4552,0,6,91,97,1.0618556701030928,0.024586061892189325,556,So what you're saying is its impermeable to the smell of natural gas?
4552,0,6,91,97,1.0618556701030928,0.024586061892189325,556,"So the ideological bubble wasn't quite doing it for you anymore, eh Laura?"
4552,1,4,92,97,1.0618556701030928,0.028622562283432445,556,"(""her profile did say she was hot...."")"
4552,0,6,91,97,1.0618556701030928,0.024586061892189325,556,Dr. Carter called again and reassured me 230 degrees for 5 minutes reliably kills Salmonella.
4552,1,4,92,97,1.0618556701030928,0.028622562283432445,556,"Look I'm just saying, this 2010 Beychevelle may not be a great match for tonight's surprise dish."
4552,1,4,92,97,1.0618556701030928,0.028622562283432445,556,Thank you for frying the Ghost peppers tonight.
4552,0,6,91,97,1.0618556701030928,0.024586061892189325,556,Maybe next they'll develop non-burning beans.
4552,1,4,92,97,1.0618556701030928,0.028622562283432445,556,"How was traffic?"" ""Not too bad, a little congested coming into the mesosphere."
4552,2,2,93,97,1.0618556701030928,0.032156301155004986,556,It's just my union allergy acting up again .
4552,1,4,92,97,1.0618556701030928,0.028622562283432445,556,The bird is still alive.
4552,1,4,92,97,1.0618556701030928,0.028622562283432445,556,'What are you making dear?' 'Im making space jam'
4552,1,4,92,97,1.0618556701030928,0.028622562283432445,556,"I always have snails with my Moselle, whether you can stand them or not."
4552,0,6,91,97,1.0618556701030928,0.024586061892189325,556,New E.P.A Regs?
4552,2,2,93,97,1.0618556701030928,0.032156301155004986,556,I'm practicing for the EPA Armageddon that's about to unfold.
4552,1,4,92,97,1.0618556701030928,0.028622562283432445,556,"No, Steven, I'm airing on the side of cochon!"
4552,0,6,91,97,1.0618556701030928,0.024586061892189325,556,Your cooking always was down to earth!
4552,0,6,91,97,1.0618556701030928,0.024586061892189325,556,"I don't like cooking cabbabage either, but..."
4552,1,4,92,97,1.0618556701030928,0.028622562283432445,556,Who needs the EPA when you have your environmental suit.
4552,0,6,91,97,1.0618556701030928,0.024586061892189325,556,So is this meal gluten free too?
4552,0,6,91,97,1.0618556701030928,0.024586061892189325,556,I'll bet you're as thrilled as I am that I found this outfit so you can cook my favorite meals in spite of your myriad allergies.
4552,1,4,92,97,1.0618556701030928,0.028622562283432445,556,"Sweetie, I am happy that you are living out your ancestral roots, but did you really think this is going to improve the communication between us?"
4552,1,4,92,97,1.0618556701030928,0.028622562283432445,556,"Fine. I apologize that I said your cooking stinks up the house, but aren't you taking this a little too far?"
4552,0,6,91,97,1.0618556701030928,0.024586061892189325,556,"Sous Vide, Shmoo Vide, I just want a hamburger."
4552,1,4,92,97,1.0618556701030928,0.028622562283432445,556,Even a germaphobic like you must know of the disinfectant benefits of a wee nip.
4552,2,2,93,97,1.0618556701030928,0.032156301155004986,556,"Your executive stew contaminated? Oh, a new brand of ingredients."
4552,2,2,93,97,1.0618556701030928,0.032156301155004986,556,"Honey, give Pruitt a chance."
4552,1,4,92,97,1.0618556701030928,0.028622562283432445,556,So I guess we are moving to Mars now?
4552,1,4,92,97,1.0618556701030928,0.028622562283432445,556,Her cooking's from another planet.
4552,1,4,92,97,1.0618556701030928,0.028622562283432445,556,This meal is going to be out of this world!
4552,0,6,91,97,1.0618556701030928,0.024586061892189325,556,Current evidence supports no need for this responce preparing peanut sauce for your Thai dinner
4552,1,4,92,97,1.0618556701030928,0.028622562283432445,556,Houston we have a problem - she's got that Tang thang cookin'.
4552,2,2,93,97,1.0618556701030928,0.032156301155004986,556,"No, I said, ""You have a cinema face”."
4552,0,6,91,97,1.0618556701030928,0.024586061892189325,556,I'm not sure about your use of aromatics.
4552,1,4,92,97,1.0618556701030928,0.028622562283432445,556,I think your fear of Muslims is getting a little out of hand.
4552,1,4,92,97,1.0618556701030928,0.028622562283432445,556,"FYI, eggs a la Geiger normally have a density of about 1.5 to 2 mg/cm2."
4552,0,6,91,97,1.0618556701030928,0.024586061892189325,556,Hunanese again?
4552,2,2,93,97,1.0618556701030928,0.032156301155004986,556,"All I got to say Jupiter TWO,I HOPE YOUR LAWYER THINKS HE REAL FUNNY."
4552,0,6,91,97,1.0618556701030928,0.024586061892189325,556,You’re cooking attire is highly fire resistant.
4552,0,6,91,97,1.0618556701030928,0.024586061892189325,556,I ain't afraid of no roast
4552,1,4,92,97,1.0618556701030928,0.028622562283432445,556,My cooking can't be that bad.
4552,1,4,92,97,1.0618556701030928,0.028622562283432445,556,Here's Walt keeping a close eye on Jesse's cooking!
4552,1,4,92,97,1.0618556701030928,0.028622562283432445,556,You don't like cooking odors?
4552,2,2,93,97,1.0618556701030928,0.032156301155004986,556,"After you join SpaceX, I'll cook my own dinner, thank you very much."
4552,1,4,92,97,1.0618556701030928,0.028622562283432445,556,"Susan, I thought you said this would stop after 2016."
4552,0,6,91,97,1.0618556701030928,0.024586061892189325,556,When does your therapist think you'll have your OCD under control? You're missing out on a stunning bouquet over here.
4552,0,6,91,97,1.0618556701030928,0.024586061892189325,556,I guess I shouldn't have said that your perfume was yummy.
4552,0,6,91,97,1.0618556701030928,0.024586061892189325,556,"Hi honey, stirring up a little Non-GMO delicacy for dinner tonight??"
4552,2,2,93,97,1.0618556701030928,0.032156301155004986,556,Stop grabbing them by the pussy. It's uncouth.
4552,0,6,91,97,1.0618556701030928,0.024586061892189325,556,Please leave the kitchen. I'm trying to keep this food organic.
4552,1,4,92,97,1.0618556701030928,0.028622562283432445,556,"Next time, make sure ALL the ingredients are organic so you can skip the precautions!"
4552,0,6,91,97,1.0618556701030928,0.024586061892189325,556,"Honey, sunchokes give everyone gas."
4552,1,4,92,97,1.0618556701030928,0.028622562283432445,556,I'd rather depend on alcohol disinfection.
4552,0,6,91,97,1.0618556701030928,0.024586061892189325,556,I get the point; you hate charring.
4552,0,6,91,97,1.0618556701030928,0.024586061892189325,556,"Himalayan Hazmat Hash, Honey?"
4552,0,6,91,97,1.0618556701030928,0.024586061892189325,556,"I know you Sicilians don't like to cook with butter, but this is ridiculous."
4552,1,4,92,97,1.0618556701030928,0.028622562283432445,556,"I know you're vegan, Harriet. I only said 'shaped and pressed tofu is not a real steak'."
4552,0,6,91,97,1.0618556701030928,0.024586061892189325,556,"Hillery, please. Can't we just talk about this?"
4552,1,4,92,97,1.0618556701030928,0.028622562283432445,556,"No use, it has melted the bottom of the pan."
4552,0,6,91,97,1.0618556701030928,0.024586061892189325,556,"No kidding honey, I really do like your new 'roboganic' cooking. It's absolutely sterilizing!"
4552,0,6,91,97,1.0618556701030928,0.024586061892189325,556,I thought that e-coli thing was over ?
4552,0,6,91,97,1.0618556701030928,0.024586061892189325,556,Cover and simmer.
4552,0,6,91,97,1.0618556701030928,0.024586061892189325,556,Try draining the swamp instead.
4552,0,6,91,97,1.0618556701030928,0.024586061892189325,556,All I said was your mom's was out of this world.
4552,0,6,91,97,1.0618556701030928,0.024586061892189325,556,You're being dramatic. Put yourself in my shoes.
4552,0,6,91,97,1.0618556701030928,0.024586061892189325,556,Should I give the neighbors our daily dinnertime hazmat warning?
4552,1,4,92,97,1.0618556701030928,0.028622562283432445,556,I'll put a toilet roll in the refrigerator shall I?
4552,1,4,92,97,1.0618556701030928,0.028622562283432445,556,"...but, it's only water."
4552,1,4,92,97,1.0618556701030928,0.028622562283432445,556,"Honey -- don't you think you're taking this ""gluten free"" thing a bit too far?"
4552,0,6,91,97,1.0618556701030928,0.024586061892189325,556,"I knew you were spaced out last evening, but..."
4552,2,2,93,97,1.0618556701030928,0.032156301155004986,556,"Don't you think you're carrying this "" fried martini "" business a bit too far?"
4552,2,2,93,97,1.0618556701030928,0.032156301155004986,556,"Honey, for the last time, those eggs won't attack you."
4552,0,6,91,97,1.0618556701030928,0.024586061892189325,556,Why use garlic if you're allergic to it?
4552,1,4,92,97,1.0618556701030928,0.028622562283432445,556,"Honey, despite what you think, there is no chance the Hazmat suit will improve the taste"
4552,0,6,91,97,1.0618556701030928,0.024586061892189325,556,"Overdoing the heterocyclic amines scare a little bit, aren't you Marge?"
4552,0,6,91,97,1.0618556701030928,0.024586061892189325,556,Mars omelet ?
4552,1,4,92,97,1.0618556701030928,0.028622562283432445,556,If you'd turn the heat down on that skillet maybe you could dress down a little too.
4552,1,4,92,97,1.0618556701030928,0.028622562283432445,556,Is this how you dress like a woman?
4552,1,4,92,97,1.0618556701030928,0.028622562283432445,556,You're kidding me - a galactic border ban?
4552,1,4,92,97,1.0618556701030928,0.028622562283432445,556,It's kind of a marital Cordon Sanitaire.
4552,0,6,91,97,1.0618556701030928,0.024586061892189325,556,So....what exactly are the ingredients for 'Mark Watney's Martian Potatoes'?
4552,0,6,91,97,1.0618556701030928,0.024586061892189325,556,That's it . I'm buying GM onions!
4552,1,4,92,97,1.0618556701030928,0.028622562283432445,556,"Who are you expecting, the Obamas?"
4552,1,4,92,97,1.0618556701030928,0.028622562283432445,556,"Honey, I thought we agreed there was to be no KGB stuff in the house on date night."
4552,1,4,92,97,1.0618556701030928,0.028622562283432445,556,Allergic to grease?
4552,0,6,91,97,1.0618556701030928,0.024586061892189325,556,"Don't you think you're taking this ""anti-vaxxer"" thing too far?"
4552,0,6,91,97,1.0618556701030928,0.024586061892189325,556,Your cooking class is really spaced out!
4552,2,2,93,97,1.0618556701030928,0.032156301155004986,556,"Usually, Bowie fan's don't go to his concerts like that- try more glam rock and not all Space Oddity."
4687,1,4,93,98,1.0612244897959184,0.02833602037377932,556,How are you gonna eat?
4687,0,6,92,98,1.0612244897959184,0.02434207499163601,556,You should have gotten the hormone free eggs
4687,2,2,94,98,1.0612244897959184,0.031832742362982835,556,Einstein was right.
4687,0,6,92,98,1.0612244897959184,0.02434207499163601,556,Is it for the gluten?
4687,1,4,93,98,1.0612244897959184,0.02833602037377932,556,You're in America now; you don't need to wear that.
4687,0,6,92,98,1.0612244897959184,0.02434207499163601,556,"""Your cooking is not that bad- ok it's that bad""."
4687,1,4,93,98,1.0612244897959184,0.02833602037377932,556,This organic cooking is going a little too far.
4687,1,4,93,98,1.0612244897959184,0.02833602037377932,556,Shelley Stardust and the Onions from Mars
4687,1,4,93,98,1.0612244897959184,0.02833602037377932,556,Do you really need to wear that every time you cook bacon?
4687,2,2,94,98,1.0612244897959184,0.031832742362982835,556,I think white wine would go better!
4687,0,6,92,98,1.0612244897959184,0.02434207499163601,556,"Don't you just love, dress up night!"
4687,0,6,92,98,1.0612244897959184,0.02434207499163601,556,"I trust you haven't overcooked the meth-potatoes, dear...?"
4687,2,2,94,98,1.0612244897959184,0.031832742362982835,556,Vacuum-packing may preserve foods but people probably not so much.
4687,1,4,93,98,1.0612244897959184,0.02833602037377932,556,The things I do for the sake of the marriage...
4687,1,4,93,98,1.0612244897959184,0.02833602037377932,556,Tweeting while Rome burns
4687,0,6,92,98,1.0612244897959184,0.02434207499163601,556,Maybe it's time to go back to Julia Child's cookbook.
4687,0,6,92,98,1.0612244897959184,0.02434207499163601,556,Is this a new way to protect yourself from GMOs?
4687,1,4,93,98,1.0612244897959184,0.02833602037377932,556,Shall we dress for dinner?
4687,0,6,92,98,1.0612244897959184,0.02434207499163601,556,"HMmm, Chickrn a la Dyson."
4687,1,4,93,98,1.0612244897959184,0.02833602037377932,556,"Don't forget, dear, it's all in the wrist."
4687,1,4,93,98,1.0612244897959184,0.02833602037377932,556,These new echo chambers sure are slimming.
4687,1,4,93,98,1.0612244897959184,0.02833602037377932,556,I prefer my onions in a Gibson.
4687,1,4,93,98,1.0612244897959184,0.02833602037377932,556,"Gluten free I understood. This, not so much."
4687,0,6,92,98,1.0612244897959184,0.02434207499163601,556,"Honey, can't we just start by renewing our passports?"
4687,1,4,93,98,1.0612244897959184,0.02833602037377932,556,So do all vegetarians cook met like this ?
4687,1,4,93,98,1.0612244897959184,0.02833602037377932,556,"Dinner about ready?"" ""You bet your arse, Nick."
4687,2,2,94,98,1.0612244897959184,0.031832742362982835,556,Maybe you should lay off the sci-fi.
4687,0,6,92,98,1.0612244897959184,0.02434207499163601,556,I'm pretty sure that's not what he meant by 'dress like a woman'.
4687,2,2,94,98,1.0612244897959184,0.031832742362982835,556,"Honey, I think it's time to take off your molecular-astronomy suit."
4687,1,4,93,98,1.0612244897959184,0.02833602037377932,556,In this economy?
4687,2,2,94,98,1.0612244897959184,0.031832742362982835,556,I guess this means we're splitting up.
4687,2,2,94,98,1.0612244897959184,0.031832742362982835,556,"“Are you the famous cartoonist’s sister, Oy Vey?’"
4687,0,6,92,98,1.0612244897959184,0.02434207499163601,556,...but have you been diagnosed with celiac
4720,0,6,93,99,1.0606060606060606,0.0241028760295672,556,"I'm sorry hon, I'm afraid I can't do that."
4720,1,4,94,99,1.0606060606060606,0.028055154538562173,556,I know my farts are noxious but really!
4720,0,6,93,99,1.0606060606060606,0.0241028760295672,556,"Don't guilt trip me, I don't even like onions."
4720,0,6,93,99,1.0606060606060606,0.0241028760295672,556,Real chefs like cooking with gas—I'm hip to it.
4720,1,4,94,99,1.0606060606060606,0.028055154538562173,556,I'm training myself so I can live in space
4720,1,4,94,99,1.0606060606060606,0.028055154538562173,556,"Listen, I know you're mad I didn't want to go to the moon with you, but making chili isn't gonna help."
4720,0,6,93,99,1.0606060606060606,0.0241028760295672,556,That monolith smells delicious.
4720,1,4,94,99,1.0606060606060606,0.028055154538562173,556,That Double Indemnity is a classic
4728,0,5,90,95,1.0526315789473684,0.023031314447036,556,"You know, Bernice, zero gravity isn't going to improve your cooking."
4728,0,5,90,95,1.0526315789473684,0.023031314447036,556,You're suppose to season to taste.
4728,1,3,91,95,1.0526315789473684,0.02746644518119758,556,It dawned on him: it was Elon all along...
4728,0,5,90,95,1.0526315789473684,0.023031314447036,556,So how was your Space Station reality trip?
4728,0,5,90,95,1.0526315789473684,0.023031314447036,556,"I know with Trump in the White House, you have to be concerned about the effects of climate change on everything."
4728,1,3,91,95,1.0526315789473684,0.02746644518119758,556,Safe seggs.
4728,0,5,90,95,1.0526315789473684,0.023031314447036,556,GMO fumes?
4728,0,5,90,95,1.0526315789473684,0.023031314447036,556,Over easy?
4728,1,3,91,95,1.0526315789473684,0.02746644518119758,556,You should've told me you wanted a gin fission.
4728,0,5,90,95,1.0526315789473684,0.023031314447036,556,These wearables are getting out of hand.
4728,0,5,90,95,1.0526315789473684,0.023031314447036,556,We have only China and Mexico to worry about.
4728,2,1,92,95,1.0526315789473684,0.03127890305981357,556,babe... you in that outfit? my bussy is GUSHING.
4728,1,3,91,95,1.0526315789473684,0.02746644518119758,556,When did you decide to go gluten free?
4728,1,3,91,95,1.0526315789473684,0.02746644518119758,556,Nice mask...
4728,1,3,91,95,1.0526315789473684,0.02746644518119758,556,So what does Julia Child say about how to sip your wine?
4728,1,3,91,95,1.0526315789473684,0.02746644518119758,556,i'm practicing for my firefighting career
4728,0,5,90,95,1.0526315789473684,0.023031314447036,556,"No, really. You're very well suited for domesticity."
4728,1,3,91,95,1.0526315789473684,0.02746644518119758,556,Love your new machine-washable outfit.
4728,0,5,90,95,1.0526315789473684,0.023031314447036,556,Another meal ruined huh?
4728,0,5,90,95,1.0526315789473684,0.023031314447036,556,I forget. Does a Viogney pair well with mackerel?
4728,0,5,90,95,1.0526315789473684,0.023031314447036,556,Honey you know I find your cooking simply intoxicating.
4728,1,3,91,95,1.0526315789473684,0.02746644518119758,556,This outfit is for when I'm cooking seafood.
4728,0,5,90,95,1.0526315789473684,0.023031314447036,556,"Honey, I liked ""The Martian"" movie too but I think this may be a bit much."
4728,1,3,91,95,1.0526315789473684,0.02746644518119758,556,Aren't you taking this vegan think a bit too far?
4728,0,5,90,95,1.0526315789473684,0.023031314447036,556,You can stop mourning for John Glenn now.
4728,1,3,91,95,1.0526315789473684,0.02746644518119758,556,Veganism is not enough?
4728,1,3,91,95,1.0526315789473684,0.02746644518119758,556,The stress level at the office today was out of this world.
4728,0,5,90,95,1.0526315789473684,0.023031314447036,556,"OK, OK, I'll try 'gluten free' for a while."
4728,1,3,91,95,1.0526315789473684,0.02746644518119758,556,Making Pad Dai again?
4728,2,1,92,95,1.0526315789473684,0.03127890305981357,556,You're cooking for Walter now?
4728,1,3,91,95,1.0526315789473684,0.02746644518119758,556,"You're right, Honey (if you can hear me). It's just as well to witness this chore from outside the box."
4728,0,5,90,95,1.0526315789473684,0.023031314447036,556,"? Stir wars, nothing but the stir wars ... heh."
4728,0,5,90,95,1.0526315789473684,0.023031314447036,556,"So, have you read the new article about GMO's?"
4728,0,5,90,95,1.0526315789473684,0.023031314447036,556,I am sure glad that you were accepted in the Volunteers to Mars Training Program and that they forgot to put in a 2-way communications system in your astronaut suit.
4728,0,5,90,95,1.0526315789473684,0.023031314447036,556,You realize this is senseless?
4728,0,5,90,95,1.0526315789473684,0.023031314447036,556,"Stinky tofu, again?"
4728,0,5,90,95,1.0526315789473684,0.023031314447036,556,It's definitely not organic.
4728,0,5,90,95,1.0526315789473684,0.023031314447036,556,Take me to your litre.
4728,0,5,90,95,1.0526315789473684,0.023031314447036,556,Funny thing today. This girl in our French modelling class says she's been diagnosed with Googlistic Munchausen.
4728,0,5,90,95,1.0526315789473684,0.023031314447036,556,"How's the bacon cookin', good lookin'?"
4728,1,3,91,95,1.0526315789473684,0.02746644518119758,556,It may be a tad much for Fashion Week.
4728,1,3,91,95,1.0526315789473684,0.02746644518119758,556,I think we should get GMO free onions next time.
4728,1,3,91,95,1.0526315789473684,0.02746644518119758,556,It's a Flowbee 2.0.
4728,2,1,92,95,1.0526315789473684,0.03127890305981357,556,Will tonight's dinner be served on Mars?
4728,1,3,91,95,1.0526315789473684,0.02746644518119758,556,Are you going to play scramble the egg?
4728,0,5,90,95,1.0526315789473684,0.023031314447036,556,"Okay, so he stole your act, but you'll get it back in four years."
4728,0,5,90,95,1.0526315789473684,0.023031314447036,556,"But honey, you didn't make the one-way trip to Mars list!"
4728,1,3,91,95,1.0526315789473684,0.02746644518119758,556,Wouldn't it be easier to just switch to non-nonstick frying pans?
4728,0,5,90,95,1.0526315789473684,0.023031314447036,556,"""This is for my China trip - from the flying plan into the file""."
4728,1,3,91,95,1.0526315789473684,0.02746644518119758,556,"One hell of a Breaking Bad party, right?"" ""What's Breaking Bad?"
4728,0,5,90,95,1.0526315789473684,0.023031314447036,556,This new diet is ridiculous.
4728,2,1,92,95,1.0526315789473684,0.03127890305981357,556,fashion of the future
4728,0,5,90,95,1.0526315789473684,0.023031314447036,556,"Some people dress to kill, I dress not to be killed."
4728,0,5,90,95,1.0526315789473684,0.023031314447036,556,Frying removes genetic modifications
4728,0,5,90,95,1.0526315789473684,0.023031314447036,556,Go ahead and have the wine. I was only kidding about Elon Musk being short sighted.
4728,1,3,91,95,1.0526315789473684,0.02746644518119758,556,Let's rethink our wine tasting.
4728,0,5,90,95,1.0526315789473684,0.023031314447036,556,A penne for your thoughts.
4728,0,5,90,95,1.0526315789473684,0.023031314447036,556,I couldn't wait for the wine attachment.
4728,0,5,90,95,1.0526315789473684,0.023031314447036,556,"You know, GMO isn't changed by frying."
4728,1,3,91,95,1.0526315789473684,0.02746644518119758,556,"...Fritadas, seasoned with postmodern loneliness"
4728,0,5,90,95,1.0526315789473684,0.023031314447036,556,You're over doing it Lisa. I like my eggs runny.
4728,1,3,91,95,1.0526315789473684,0.02746644518119758,556,"This may not play well on 48 Hours, honey."
4728,0,5,90,95,1.0526315789473684,0.023031314447036,556,"I appreciate the thought, but I'm a vegetarian."
4728,0,5,90,95,1.0526315789473684,0.023031314447036,556,I'm just not wired that way.
4728,0,5,90,95,1.0526315789473684,0.023031314447036,556,"Honey, I am making a dish from that Middle Eastern Cuisine in a Vacuum book you gave me for the President's Day."
4728,0,5,90,95,1.0526315789473684,0.023031314447036,556,This wine is great. Should I have a suit?
4728,2,1,92,95,1.0526315789473684,0.03127890305981357,556,Sous-vide-sbagliato cooking at its best.
4728,0,5,90,95,1.0526315789473684,0.023031314447036,556,"Just to be sure, sauteed kale was your choice honey."
4728,0,5,90,95,1.0526315789473684,0.023031314447036,556,EPA? I'm in marketing. What are you doing after dinner?
4728,0,5,90,95,1.0526315789473684,0.023031314447036,556,What's cookin' doc?
4728,0,5,90,95,1.0526315789473684,0.023031314447036,556,"Jobs are up with the new ""Maid in America"" executive order."
4728,1,3,91,95,1.0526315789473684,0.02746644518119758,556,"I have discovered so many wonderful ""off label"" applications for your asbestos remediation gear."
4728,1,3,91,95,1.0526315789473684,0.02746644518119758,556,So that's where our savings went.
4728,1,3,91,95,1.0526315789473684,0.02746644518119758,556,After you finish cooking your eggs do you have plans to visit moon.
4728,1,3,91,95,1.0526315789473684,0.02746644518119758,556,"Barbara honey, I promise that next years resolution I'll go vegan..."
4728,1,3,91,95,1.0526315789473684,0.02746644518119758,556,I didn't realize when I ordered that you would cook too.
4804,0,5,91,96,1.0520833333333333,0.02279673562093397,556,Are you making my favorite meme?
4804,0,5,91,96,1.0520833333333333,0.02279673562093397,556,I can see your space jeans from here.
4804,1,3,92,96,1.0520833333333333,0.02718435948454175,556,Have another root beer float.
4804,0,5,91,96,1.0520833333333333,0.02279673562093397,556,"So...I take it you don't like the President's EPA pick? Please give my husband the credit. Mike Donovan, Murfreesboro, TN"
4804,0,5,91,96,1.0520833333333333,0.02279673562093397,556,Forget all that. I've got a bottle. It's safer.
4804,1,3,92,96,1.0520833333333333,0.02718435948454175,556,Come here. Have a taste.
4804,0,5,91,96,1.0520833333333333,0.02279673562093397,556,Haven't you heard? The EPA has just gone rogue.
4804,0,5,91,96,1.0520833333333333,0.02279673562093397,556,"Honey, don't you think you're taking this recycling just a bit too far?"
4804,0,5,91,96,1.0520833333333333,0.02279673562093397,556,As a Cross Fitter I need to protect my glutton free body from any GMO’s
4804,1,3,92,96,1.0520833333333333,0.02718435948454175,556,Expecting another overdone outcome?
4804,0,5,91,96,1.0520833333333333,0.02279673562093397,556,I told you the pantsuit was a safer choice.
4804,0,5,91,96,1.0520833333333333,0.02279673562093397,556,Aren't you taking my comment about having a cast iron stomach a bit too far?
4804,0,5,91,96,1.0520833333333333,0.02279673562093397,556,Fry me a river
4804,2,1,93,96,1.0520833333333333,0.03095622144575836,556,"I already told you, for every one ingredient I add, I have to remove two."
4804,1,3,92,96,1.0520833333333333,0.02718435948454175,556,"Thank God the President set us straight on toxic waste, huh?"
4804,2,1,93,96,1.0520833333333333,0.03095622144575836,556,"Hey, they keep changing their opinion about saturated fat and I think you are getting over-concerned."
4804,0,5,91,96,1.0520833333333333,0.02279673562093397,556,Taking this GMO thing a little far aren't you?
4804,1,3,92,96,1.0520833333333333,0.02718435948454175,556,"Yes, this is becoming an issue. I'm sure times change, but really."
4804,0,5,91,96,1.0520833333333333,0.02279673562093397,556,I've spent years developing an immunity to polytetrafluoroethylene gasses.
4823,0,5,92,97,1.0515463917525774,0.022566882365229714,556,I'm looking at things getting stirred up around town.
4823,0,5,92,97,1.0515463917525774,0.022566882365229714,556,Processed food are not good for you!
4823,1,3,93,97,1.0515463917525774,0.0269080064662643,556,"Hon, Alien came out 40 years ago."
4823,1,3,93,97,1.0515463917525774,0.0269080064662643,556,"It is so unfair; you go to Mars, and get more candy bars. Meanwhile, I just sit around, on Jupiter getting more stupider."
4823,1,3,93,97,1.0515463917525774,0.0269080064662643,556,Marge is this your new chef outfit?
4823,0,5,92,97,1.0515463917525774,0.022566882365229714,556,So how long have you been a vegan?
4829,2,0,91,93,1.043010752688172,0.030247454174140834,556,Greek public space agency employee
4829,0,4,89,93,1.043010752688172,0.021151839225551416,556,What are you making dinner or looking to start nuclear warfare on Trump?
4829,0,4,89,93,1.043010752688172,0.021151839225551416,556,Cooking with Teflon?
4829,0,4,89,93,1.043010752688172,0.021151839225551416,556,"Law school, week 1."
4829,0,4,89,93,1.043010752688172,0.021151839225551416,556,r
4829,1,2,90,93,1.043010752688172,0.026098934716194122,556,"Dorothy, we're not in Vietnam anymore."
4829,1,2,90,93,1.043010752688172,0.026098934716194122,556,Have you ever tried blue wine?
4829,0,4,89,93,1.043010752688172,0.021151839225551416,556,"Now, a ban on astronauts?"
4829,0,4,89,93,1.043010752688172,0.021151839225551416,556,"OK, I get it, but don't you think this 'Trump Derangement Syndrome' stuff has gone far enough?"
4829,0,4,89,93,1.043010752688172,0.021151839225551416,556,"Really Martha, come to work with me one day and you'll see as a house wife, you have nothing to do except watch reruns of ""Leave it to Beaver."""
4829,1,2,90,93,1.043010752688172,0.026098934716194122,556,You shouldn't have gone this far. Didn't I tell you that smoke inhalation is now covered by our insurance policy?
4829,2,0,91,93,1.043010752688172,0.030247454174140834,556,"""LADT SUPPER""... I'm outta here honey??"
4829,0,4,89,93,1.043010752688172,0.021151839225551416,556,I farted again.
4829,2,0,91,93,1.043010752688172,0.030247454174140834,556,You really hate the smell of liver. / Still practising for your space walk? / You can't wear that continuously for 4 years.
4829,0,4,89,93,1.043010752688172,0.021151839225551416,556,Christian to Ana ......your facial is 50 shades hotter
4829,0,4,89,93,1.043010752688172,0.021151839225551416,556,Just because can't smell doesn't mean it's not burnt.
4829,1,2,90,93,1.043010752688172,0.026098934716194122,556,Have you seen my pinochle deck?
4829,1,2,90,93,1.043010752688172,0.026098934716194122,556,Dares no suuuch ting as climaat changs have a nutter drank.
4829,0,4,89,93,1.043010752688172,0.021151839225551416,556,Thats what I have always loved about you.
4829,0,4,89,93,1.043010752688172,0.021151839225551416,556,So this is why your favorite band is Air Supply.
4829,0,4,89,93,1.043010752688172,0.021151839225551416,556,is there a hint of rose petal in this bergundy?
4829,0,4,89,93,1.043010752688172,0.021151839225551416,556,"Great, timely theater: Flash Gordon would be proud!"
4829,1,2,90,93,1.043010752688172,0.026098934716194122,556,"He stinks, but I don't think he's airborne."
4829,0,4,89,93,1.043010752688172,0.021151839225551416,556,"Trust me, if this swill that Matt and Jessica brought over didn't ruin your palate, then nothing will."
4829,0,4,89,93,1.043010752688172,0.021151839225551416,556,"It's for vaping, not for going to Mars?"
4829,0,4,89,93,1.043010752688172,0.021151839225551416,556,This deep sea fishing and cooking is getting to me.
4829,1,2,90,93,1.043010752688172,0.026098934716194122,556,"What are you making, hon? A Martian omelette?"
4829,0,4,89,93,1.043010752688172,0.021151839225551416,556,Valentino?
4829,0,4,89,93,1.043010752688172,0.021151839225551416,556,Rancid Rum recipe?
4829,0,4,89,93,1.043010752688172,0.021151839225551416,556,"I just met the neighbours from across the street and they wanted that tuna lim-""burger"" recipe from last night."
4829,1,2,90,93,1.043010752688172,0.026098934716194122,556,it's my husbands cooking.
4829,1,2,90,93,1.043010752688172,0.026098934716194122,556,The instructions call for a dash of toxic
4829,0,4,89,93,1.043010752688172,0.021151839225551416,556,Sorry. They'd run out of the organic stuff. You won't be joining me for dinner then?
4829,0,4,89,93,1.043010752688172,0.021151839225551416,556,I believe this Milwaukee's Best wine pairs quite nicely with your refried leftovers.
4829,0,4,89,93,1.043010752688172,0.021151839225551416,556,I said no bacon was fine!
4829,0,4,89,93,1.043010752688172,0.021151839225551416,556,I've got your back!
4829,0,4,89,93,1.043010752688172,0.021151839225551416,556,"You know, I actually auditioned to be on Hell's Kitchen and the CORRECT way to sautée is..."
4829,0,4,89,93,1.043010752688172,0.021151839225551416,556,That vagina outfit looks wrong.
4829,1,2,90,93,1.043010752688172,0.026098934716194122,556,"It tastes like cardboard, but it's only 100 calories."
4829,0,4,89,93,1.043010752688172,0.021151839225551416,556,"I know sweetbreads look disgusting, but I can hardly think they're toxic!"
4829,0,4,89,93,1.043010752688172,0.021151839225551416,556,"""No DW40 for me this time""."
4829,0,4,89,93,1.043010752688172,0.021151839225551416,556,I prefer the HMO.
4829,0,4,89,93,1.043010752688172,0.021151839225551416,556,Today's menu: human chunk. Just a bit more crusty than usual.
4829,0,4,89,93,1.043010752688172,0.021151839225551416,556,"I'm sorry, did you say, ""bubble girl""?"
4829,2,0,91,93,1.043010752688172,0.030247454174140834,556,"Every month, they come looking for a cheap laugh. Then they forget us. And they think we're static."
4829,0,4,89,93,1.043010752688172,0.021151839225551416,556,I just feel like we don't live in the same pace anymore.
4829,1,2,90,93,1.043010752688172,0.026098934716194122,556,"Honey, you are an inspiring cook!"
4829,1,2,90,93,1.043010752688172,0.026098934716194122,556,Contrary to the 2.0's operating instructions - Bob never gave up trying.
4829,1,2,90,93,1.043010752688172,0.026098934716194122,556,You have to make your own lunch?
4829,1,2,90,93,1.043010752688172,0.026098934716194122,556,"I know you wanted to be responsible for contraception, but my hours are down this week so maybe I could help out a bit...?"
4829,1,2,90,93,1.043010752688172,0.026098934716194122,556,We need to talk about your addiction to the smell of your own farts.
4829,1,2,90,93,1.043010752688172,0.026098934716194122,556,"Hey, quicky break to toast deregulation and our future prosperity?"
4829,0,4,89,93,1.043010752688172,0.021151839225551416,556,Hopefully the executive orders don't apply when we get to Mars.
4829,0,4,89,93,1.043010752688172,0.021151839225551416,556,"Sorry, I'm not a fan of pan seared, powdered milk."
4829,1,2,90,93,1.043010752688172,0.026098934716194122,556,"Still putting walnuts in the fudge despite your allergy? Your stubbornness absolutely amazes me, Martha."
4829,0,4,89,93,1.043010752688172,0.021151839225551416,556,Didn't you see the news? It says the patriarchy is toxic.
4829,1,2,90,93,1.043010752688172,0.026098934716194122,556,Breathe Fresh and Cook Dish With Face Lift and Make Gift
4829,0,4,89,93,1.043010752688172,0.021151839225551416,556,Why are You obsessed with Chicken?
4829,0,4,89,93,1.043010752688172,0.021151839225551416,556,I'm glad you didn't let a little heat stand between you and what you love.
4829,1,2,90,93,1.043010752688172,0.026098934716194122,556,i don't care how dramatic you get. i will NEVER bathe my glorious stink body
4829,1,2,90,93,1.043010752688172,0.026098934716194122,556,Eating eggs to enhance our lovemaking. That's the best idea you've got?
4829,1,2,90,93,1.043010752688172,0.026098934716194122,556,"Alice, you're a dedicated wife. Even though you recently became an evil vampire on the hunt each night lusting for blood, you still find time to prepare my favorite dinner...garlic pasta."
4829,0,4,89,93,1.043010752688172,0.021151839225551416,556,"Well if you don't like when i eat onions, why are you making them again?"
4829,1,2,90,93,1.043010752688172,0.026098934716194122,556,"A guy is coming is his kitchen and sees his wife, cooking for him. She is like a robot who only makes foods. Her husband doesn't do anythings, while his wife is doing the hard work."
4829,0,4,89,93,1.043010752688172,0.021151839225551416,556,Do you prefer yours with or without the E.coli?
4829,1,2,90,93,1.043010752688172,0.026098934716194122,556,putting or taking?
4829,0,4,89,93,1.043010752688172,0.021151839225551416,556,"Jean, I'm sorry Tom thought you were the character from the Hurt Locker."
4829,1,2,90,93,1.043010752688172,0.026098934716194122,556,"it's highly effective - you participate in the foods construction, but you don't actually ingest it."
4829,1,2,90,93,1.043010752688172,0.026098934716194122,556,"Scrambled eggs for breakfast again, dear?"
4829,0,4,89,93,1.043010752688172,0.021151839225551416,556,I already took a shower can you take your aqualung out?
4829,0,4,89,93,1.043010752688172,0.021151839225551416,556,What retrograde is that steak?
4829,1,2,90,93,1.043010752688172,0.026098934716194122,556,"Yeah, it's a serious problem for me too. I can't buy my nephew anything with peanuts in it at all."
4829,0,4,89,93,1.043010752688172,0.021151839225551416,556,What didn't you understand about 'War is peace'?
4829,0,4,89,93,1.043010752688172,0.021151839225551416,556,Don't you like to smell what you cook?
4829,0,4,89,93,1.043010752688172,0.021151839225551416,556,How are you going to handle the banked Alaska?
4829,0,4,89,93,1.043010752688172,0.021151839225551416,556,No. It's crunchy on the inside too.
4829,0,4,89,93,1.043010752688172,0.021151839225551416,556,Do you really think there's an urgent need for Camp Fire leaders on Mars?
4829,0,4,89,93,1.043010752688172,0.021151839225551416,556,"You promised me a Valentine Lava Cake but not molten, my torrid soulmate. I'm excited to see what you did with my ring!"
4829,1,2,90,93,1.043010752688172,0.026098934716194122,556,Are you sure this glass is clean?
4829,0,4,89,93,1.043010752688172,0.021151839225551416,556,I'm sure the Trumps will love your authentic Chicken Kiev. Especially Melania
4829,1,2,90,93,1.043010752688172,0.026098934716194122,556,"Before the lutefisk cools, I'll add the Limburger."
4829,0,4,89,93,1.043010752688172,0.021151839225551416,556,Chili habanero again tonight?
4829,0,4,89,93,1.043010752688172,0.021151839225551416,556,I'm leaning towards Mars for our doomsday retreat.
4829,0,4,89,93,1.043010752688172,0.021151839225551416,556,"Well, this gives ""act locally"" a whole new meaning!"
4829,1,2,90,93,1.043010752688172,0.026098934716194122,556,i know you hate garlic but stop being a cunt about it.
4829,0,4,89,93,1.043010752688172,0.021151839225551416,556,"Can I assume that you believe because of Teflon, Julia Child started out this way?"
4829,1,2,90,93,1.043010752688172,0.026098934716194122,556,I know you dislike cooking onions but isn't this going to far
4829,1,2,90,93,1.043010752688172,0.026098934716194122,556,"Honey, doing chores like this probably isn't the best way to get accepted into the Mars colonization program."
4829,0,4,89,93,1.043010752688172,0.021151839225551416,556,The stove is not the only thing hot in here!
4829,0,4,89,93,1.043010752688172,0.021151839225551416,556,Martian! Martian! Martian!
4829,0,4,89,93,1.043010752688172,0.021151839225551416,556,"I don't care if the space shuttle is delayed, I want my breakfast at 7!"
4829,0,4,89,93,1.043010752688172,0.021151839225551416,556,Did you hear there's a skunk loose?
4829,0,4,89,93,1.043010752688172,0.021151839225551416,556,"Honey, I was kidding when I said that bacon grease was radioactive."
4829,0,4,89,93,1.043010752688172,0.021151839225551416,556,Did you say your name was Siri or Sissy?
4829,0,4,89,93,1.043010752688172,0.021151839225551416,556,"""You said it was approved by the FDA"", It was."
4829,0,4,89,93,1.043010752688172,0.021151839225551416,556,I thought Hanukkah was finished.
4829,1,2,90,93,1.043010752688172,0.026098934716194122,556,Maybe if you take a breather from cooking you'll find more inspiration.
4829,0,4,89,93,1.043010752688172,0.021151839225551416,556,"Honey, I know my gas was crude last night but is it really necessary to be Bakken your hazmat suit?"
4829,1,2,90,93,1.043010752688172,0.026098934716194122,556,"""I ordered take-out last time. Who are YOU gonna call?"
4829,0,4,89,93,1.043010752688172,0.021151839225551416,556,"I don't want to be overly critical, but did you just fart?"
4829,1,2,90,93,1.043010752688172,0.026098934716194122,556,"Rob, I hope you remember what white wine does to your irritable bowel syndrome next time you reach for the bottle."
4829,0,4,89,93,1.043010752688172,0.021151839225551416,556,"What's for dinner tonight, honey?"" ""Cyanide capsules."
4829,1,2,90,93,1.043010752688172,0.026098934716194122,556,Because this is my first attempt at Thai beef flambe!
4829,0,4,89,93,1.043010752688172,0.021151839225551416,556,"Onion soup, again!"
4829,0,4,89,93,1.043010752688172,0.021151839225551416,556,"I told you, I won't drink box wine."
4829,0,4,89,93,1.043010752688172,0.021151839225551416,556,You don't dig my chili.
4829,1,2,90,93,1.043010752688172,0.026098934716194122,556,Anti=oxidant protection?
4829,0,4,89,93,1.043010752688172,0.021151839225551416,556,Housewife takes gluten allergy to the extreme.
4829,1,2,90,93,1.043010752688172,0.026098934716194122,556,One drink and you can't even dress properly or prepare sunny side up properly.
4829,0,4,89,93,1.043010752688172,0.021151839225551416,556,"I must say that this feels like an overreaction, dear. When I said 'pungent,' I meant it positively."
4829,0,4,89,93,1.043010752688172,0.021151839225551416,556,It's your choice. Carolina Reaper or me.
4829,0,4,89,93,1.043010752688172,0.021151839225551416,556,It's throw back Thursday veloute cooking
4829,1,2,90,93,1.043010752688172,0.026098934716194122,556,"According to the weather report, it just froze over."
4829,0,4,89,93,1.043010752688172,0.021151839225551416,556,All I asked was if you had space for another burger.
4829,0,4,89,93,1.043010752688172,0.021151839225551416,556,"Really, we don't need more iron."
4829,0,4,89,93,1.043010752688172,0.021151839225551416,556,"With gag order from government agencies, you can never be too safe.."
4829,0,4,89,93,1.043010752688172,0.021151839225551416,556,"Okay, okay, your cooking is not that bad."
4946,1,2,91,94,1.0425531914893618,0.025823847678152715,556,Sooo . . What you're really telling me is if I eat that sauerkraut you are making and JUST I LOVE .. that any thoughts of ANYTHING ARE IN MY DREAMS.
4946,1,2,91,94,1.0425531914893618,0.025823847678152715,556,"The Fire Department is here. It seems you have ""fried"" our electric grid."
4946,0,4,90,94,1.0425531914893618,0.02093061178033893,556,"Honey, do you really have to avoid me by putting on a space mask. What are the kids going to think when they see an alien in the kitchen cooking?"
4946,0,4,90,94,1.0425531914893618,0.02093061178033893,556,Honey - I said vino not clean-o!
4946,1,2,91,94,1.0425531914893618,0.025823847678152715,556,Please get real! You are taking this germophobe idea to extremes.
4946,0,4,90,94,1.0425531914893618,0.02093061178033893,556,"In space as on earth, everyone can hear that you're gluten intolerant."
4946,0,4,90,94,1.0425531914893618,0.02093061178033893,556,Dad says you should come back to the table and he'll explain why Cuba are on our team now.
4946,1,2,91,94,1.0425531914893618,0.025823847678152715,556,The world would have already been saved if the patriarchy didn't require dinner.
4946,0,4,90,94,1.0425531914893618,0.02093061178033893,556,Trying a Mexican recipe this time?
4946,0,4,90,94,1.0425531914893618,0.02093061178033893,556,I respect your rights.
4956,0,3,88,91,1.032967032967033,0.018820853595113755,556,I bought all organic like you said to. I swear.
4956,1,1,89,91,1.032967032967033,0.024462722134892315,556,Does this mean no more 'Love is all around'?
4956,1,1,89,91,1.032967032967033,0.024462722134892315,556,"Well, I don't particularly like crying while cooking onions either, but I'll be damned if I'm putting on that birdbrained contraption. that birdbrain contraption."
4956,0,3,88,91,1.032967032967033,0.018820853595113755,556,It's a take on souls vide. I'm held under vacuum -- not the food.
4956,0,3,88,91,1.032967032967033,0.018820853595113755,556,"Sure, I've tasted it. I just want you see how potent the flavor is."
4956,1,1,89,91,1.032967032967033,0.024462722134892315,556,"Who's about the climate change now, dialoguing them, all people now."
4956,0,3,88,91,1.032967032967033,0.018820853595113755,556,The locally sourced pumpkins resented being picked (on) first?
4956,1,1,89,91,1.032967032967033,0.024462722134892315,556,"John, listen, China’s experts claim that cooking smoke is the primary contributor to big PM 2.5 figures."
4956,0,3,88,91,1.032967032967033,0.018820853595113755,556,"Why are you wearing a space suit, you're not in space."
4956,0,3,88,91,1.032967032967033,0.018820853595113755,556,I meant to thank my agent but I ate him.
4956,1,1,89,91,1.032967032967033,0.024462722134892315,556,"Who says if can't smell it, you won't eat it."
4956,0,3,88,91,1.032967032967033,0.018820853595113755,556,"Even if we have to live on Mars, do you really think you'll be able to get chanterelles?"
4956,0,3,88,91,1.032967032967033,0.018820853595113755,556,I was thinking more along the lines of Cape Breton.
4956,1,1,89,91,1.032967032967033,0.024462722134892315,556,"If you're that allergic, you could have just used gluten-free ingredients."
4956,1,1,89,91,1.032967032967033,0.024462722134892315,556,What's that smell in what you're cooking?
4956,0,3,88,91,1.032967032967033,0.018820853595113755,556,You know what would go great with this? An alcohol-free beer!
4956,1,1,89,91,1.032967032967033,0.024462722134892315,556,"By the way, you’re eating all of this Steve — the only waste I tolerate is radioactive"
4956,0,3,88,91,1.032967032967033,0.018820853595113755,556,"Fried egg again, then."
4956,1,1,89,91,1.032967032967033,0.024462722134892315,556,When you date a germaphob
4956,0,3,88,91,1.032967032967033,0.018820853595113755,556,My note said we should cook some MEAT
4956,0,3,88,91,1.032967032967033,0.018820853595113755,556,"No, these nonstick coatings emit toxic, carcinogenic, fumes. Can’t be too careful!"
4956,0,3,88,91,1.032967032967033,0.018820853595113755,556,Deaf & mute! Pure genius of the aroma-free diet.
4956,1,1,89,91,1.032967032967033,0.024462722134892315,556,"I knew your cooking was bad, but is this your version of a haz-mat suit?"
4956,1,1,89,91,1.032967032967033,0.024462722134892315,556,"Oh, and darling: Don`t forget to fry the wine."
4956,0,3,88,91,1.032967032967033,0.018820853595113755,556,Thanks hun
4956,1,1,89,91,1.032967032967033,0.024462722134892315,556,"Let's go for the biggest, greatest, most amazing high ever, like you wouldn't even believe."
4956,1,1,89,91,1.032967032967033,0.024462722134892315,556,Are you preparing for the uninvited company.
4956,0,3,88,91,1.032967032967033,0.018820853595113755,556,"""Hey Captain, when you're done with that I think my main thruster needs some attention."" Now that Trump is president we can say whatever we want, right? The wheels of decency have come off, right? /:("
4956,0,3,88,91,1.032967032967033,0.018820853595113755,556,In the spirit of domestic protectionism.
4985,0,3,89,92,1.0326086956521738,0.018618603664560845,556,Cheer up. Once this administration gets going 75% of that outfit is gone.
4985,0,3,89,92,1.0326086956521738,0.018618603664560845,556,Remember that time the bacon grease burned you?
4985,0,3,89,92,1.0326086956521738,0.018618603664560845,556,What virtual reality 'odor world' are in tonight to avoid the smell of cooking my lutefisk?
4985,0,3,89,92,1.0326086956521738,0.018618603664560845,556,Its a bit hammy for dinner.
4985,0,3,89,92,1.0326086956521738,0.018618603664560845,556,Did you say you want your GM eggs scrambled or over easy?
4985,0,3,89,92,1.0326086956521738,0.018618603664560845,556,Must be terrible to be allergic to scents.
4985,1,1,90,92,1.0326086956521738,0.024198015324760992,556,I could just turn it off. It's so simple. But is it really worth it?
4985,1,1,90,92,1.0326086956521738,0.024198015324760992,556,I thought you said bring me a mannequin eat.
4985,0,3,89,92,1.0326086956521738,0.018618603664560845,556,Ghostbusters Remake: Men's Rights Edit
4985,0,3,89,92,1.0326086956521738,0.018618603664560845,556,I guess your gluten allergy flared up again.
4985,0,3,89,92,1.0326086956521738,0.018618603664560845,556,Sure---You're protected from flaming. But we're in free-fall!
4985,1,1,90,92,1.0326086956521738,0.024198015324760992,556,"I'm wondering. What goes better with wine, crunchy or smooth peanut butter sandwiches?"
4985,0,3,89,92,1.0326086956521738,0.018618603664560845,556,"Aww, you could have left me one arm."
4985,1,1,90,92,1.0326086956521738,0.024198015324760992,556,"Let me cook, your sucking all the oxygen. I know ! that's why i have a air bottle!\ ]]]]]]]]]]]]]\ let me cook. Your sucking up all the oxygen! I know! that's why I have a air bottle."
4999,0,2,87,89,1.0224719101123596,0.015799497751029654,556,Marsmallows? Again?
4999,0,2,87,89,1.0224719101123596,0.015799497751029654,556,Shouldn't you be st your confirmation hearing ?
4999,0,2,87,89,1.0224719101123596,0.015799497751029654,556,So just how many ectoplasm meals do we have to have till that suit pays for itself?
4999,0,2,87,89,1.0224719101123596,0.015799497751029654,556,"Teflon isn't biodynamic, sure, but does everyone know we clarify our wine with menstrual blood?"
4999,0,2,87,89,1.0224719101123596,0.015799497751029654,556,This clearly cost an arm and a leg.
4999,0,2,87,89,1.0224719101123596,0.015799497751029654,556,"What do you mean, you're downsizing?"
4999,0,2,87,89,1.0224719101123596,0.015799497751029654,556,"If you're wearing a suit, how do you expect me to eat that?"
4999,0,2,87,89,1.0224719101123596,0.015799497751029654,556,Maybe we could get a new stove for Easter.
4999,0,2,87,89,1.0224719101123596,0.015799497751029654,556,I know there was grease spot on the stove but don't you think you're overdoing the truthful hyperbole?
4999,0,2,87,89,1.0224719101123596,0.015799497751029654,556,Do you think the recipe will work if I only use half of the suit?
4999,0,2,87,89,1.0224719101123596,0.015799497751029654,556,Why is she wearing Bobby's new football gear?
4999,0,2,87,89,1.0224719101123596,0.015799497751029654,556,Your beart will tell you if something's wrong.
4999,1,0,88,89,1.0224719101123596,0.022471910112359557,556,Don't you really need that about an hour after I eat those eggs and hash?
4999,0,2,87,89,1.0224719101123596,0.015799497751029654,556,"Errr... NOT the Terminator, I hope!"
4999,1,0,88,89,1.0224719101123596,0.022471910112359557,556,You may not have heard that President Trump issued an executive order to bar importation of Mexican explosive pinto beans.
4999,0,2,87,89,1.0224719101123596,0.015799497751029654,556,I don't know Frank. I don't think I can take this vegan diet for one more day!
4999,1,0,88,89,1.0224719101123596,0.022471910112359557,556,r
4999,0,2,87,89,1.0224719101123596,0.015799497751029654,556,"Trying a new meetup, dear?"
4999,0,2,87,89,1.0224719101123596,0.015799497751029654,556,I'm glad you're doing house responsibilities.
4999,0,2,87,89,1.0224719101123596,0.015799497751029654,556,"Honey, the smell can't be that bad"
4999,0,2,87,89,1.0224719101123596,0.015799497751029654,556,"Instead of making eggs for me, she can be preparing dinner for President Clinton."
4999,1,0,88,89,1.0224719101123596,0.022471910112359557,556,Bad Joke
4999,0,2,87,89,1.0224719101123596,0.015799497751029654,556,"I'm sorry, but I think that new diet is just a gimmick. ""Use our patented cooking suit, and you'll lose weight like there's zero gravity."""
4999,0,2,87,89,1.0224719101123596,0.015799497751029654,556,'I love it when you cook Mer-leth.'
4999,1,0,88,89,1.0224719101123596,0.022471910112359557,556,"Honey, I think the dishwashers broken."" ""Why? What's it doing?"" ""It's cooking dinner."
4999,0,2,87,89,1.0224719101123596,0.015799497751029654,556,I told you femme brûlée was a lousy choice for dessert
5025,0,2,88,90,1.0222222222222221,0.015624956651347803,556,It's about presidential immunity...MINE.
5025,0,2,88,90,1.0222222222222221,0.015624956651347803,556,May I peace set the table.
5025,0,2,88,90,1.0222222222222221,0.015624956651347803,556,The wine is killing my appetite.
5025,0,2,88,90,1.0222222222222221,0.015624956651347803,556,How did you mange to feed yourself while I was at work all year?
5025,0,2,88,90,1.0222222222222221,0.015624956651347803,556,"You have an environmental safeguard, but I need protection, I don't drink."
5025,0,2,88,90,1.0222222222222221,0.015624956651347803,556,"I believe the quote was ""One small step for MANKIND""."
5025,0,2,88,90,1.0222222222222221,0.015624956651347803,556,"Thank you for the bacon... I will post"" LOL"", to your account ."
5025,0,2,88,90,1.0222222222222221,0.015624956651347803,556,I get it- you don't like Tang screwdrivers.
5025,0,2,88,90,1.0222222222222221,0.015624956651347803,556,Does this make me look like a killer?
5025,1,0,89,90,1.0222222222222221,0.022222222222222202,556,The cabinets are filled with toxic little skittles. Maybe I should dress like a woman as well.
5025,0,2,88,90,1.0222222222222221,0.015624956651347803,556,Once again you've busted your clothing allowance.
5036,0,1,86,87,1.0114942528735633,0.01156088678177274,556,Why do you get the suit? You're the one making it.
5036,0,1,86,87,1.0114942528735633,0.01156088678177274,556,"Remember this week's Cartoon Caption Contest in THE NEW YORKER? If they ever create an Animated Cartoon Caption Contest, I've decided I'll definitely vote for you."
5036,0,1,86,87,1.0114942528735633,0.01156088678177274,556,"Well, you needn't have on my account. I do adore Laab Dip with buffalo bile, but Chick-fil-ay would have been fine."
5036,0,1,86,87,1.0114942528735633,0.01156088678177274,556,Being a woman's worth(worse).
5036,0,1,86,87,1.0114942528735633,0.01156088678177274,556,"For the last time, I didn't write non-stick on the registry gift list."
5036,0,1,86,87,1.0114942528735633,0.01156088678177274,556,I'm sorry dear -- I have to get back to the lab. Our report is due tomorrow.
5036,0,1,86,87,1.0114942528735633,0.01156088678177274,556,The residue has a history of going critical !
5036,0,1,86,87,1.0114942528735633,0.01156088678177274,556,"So honey, about the pepper you found in your compact... Maybe I should explain."
5036,0,1,86,87,1.0114942528735633,0.01156088678177274,556,Fox d'jour?
5045,0,1,87,88,1.0113636363636365,0.011428758022062361,556,I'm going to utter the one word you don't want to hear...'death'.
5045,0,1,87,88,1.0113636363636365,0.011428758022062361,556,"I'm just sayin' when it said you would have female capabilities, I was thinking more Barbie Doll."
5045,0,1,87,88,1.0113636363636365,0.011428758022062361,556,Tanqueray tonic and Span...again?
5048,0,1,88,89,1.0112359550561798,0.011299615367639217,556,"Honey, I thought it was a hoax. Will you join me for my last glass of rum?"
5048,0,1,88,89,1.0112359550561798,0.011299615367639217,556,Tanqueray tonic and Span...again?
5048,0,1,88,89,1.0112359550561798,0.011299615367639217,556,Honey i know what I'm doing i saw an article on CNN that showed us that cooking a meal gives off radiation therefor we need to wear a suit when cooking food for now on.
5051,0,0,85,85,1.0,0.011834526708278772,556,Dang girl! Are you really that bad of a cook? I knew I should've married someone else.
5051,0,0,85,85,1.0,0.011834526708278772,556,"HONEY, SINCE YOU TOOK UP DEEP SEA DIVING OUR LIFE HAS CHANGED."
5051,0,0,85,85,1.0,0.011834526708278772,556,Time for another honey?
5051,0,0,85,85,1.0,0.011834526708278772,556,Mom gave me this teething toy.
