rank,funny,somewhat_funny,unfunny,count,score,precision,contest,caption
1,245,316,489,1050,1.7676190476190476,0.024797496568234698,558,I pictured it differently when you said you kept my room just like it was.
2,175,294,406,875,1.736,0.026076458604723237,558,"Fine, mom. You've made your point. I'll start looking for an apartment tomorrow."
3,156,244,356,756,1.7354497354497354,0.028360541443356604,558,"No, you grow up."
4,163,250,388,801,1.7191011235955056,0.027590441246993315,558,"Mom! When you said I could have my old room back, this isn't what I had in mind."
5,177,211,401,789,1.7160963244613434,0.028764128730387212,558,I hate being born on Leap Year.
6,149,218,367,734,1.7029972752043596,0.028960778309836458,558,"Hey Mom, when I asked if I can move back into my old room, this wasn't exactly what I had in mind."
7,160,189,376,725,1.7020689655172414,0.029975760085553412,558,"Nope, still not ready to finish those peas."
8,154,192,370,716,1.6983240223463687,0.029937818539718136,558,"I can hear you, you know."
9,155,161,368,684,1.6885964912280702,0.03126535318930409,558,It's time to get my own crib.
10,157,142,368,667,1.6836581709145426,0.03211826620390901,558,You said I could have my OLD room back...not my FIRST room!
11,130,155,335,620,1.6693548387096775,0.03217163626287682,558,...but I regress.
12,119,171,324,614,1.6661237785016287,0.031545948777353616,558,"Yeah, my parents let me move back into my old room."""
13,106,191,310,607,1.6639209225700164,0.030733298081287972,558,"Mom, this is exactly why I don't come home to visit more often."
14,110,162,311,583,1.6552315608919383,0.032195217811763446,558,I think I overslept.
15,86,170,280,536,1.6380597014925373,0.0321164656640659,558,"Of course I could climb out -- but, then what?"
16,79,125,241,445,1.6359550561797753,0.036347063355683364,558,I'm pretty sure I'm in the control group.
17,108,119,301,528,1.634469696969697,0.03487600181003931,558,Alexa. Are my parents ever coming back?
18,94,139,286,519,1.630057803468208,0.03390083298695292,558,"Siri, what's the Guinness World Record for the longest time out?"
19,78,157,268,503,1.6222664015904573,0.032955060915500455,558,This is why I don't like coming home over break.
20,74,141,259,474,1.609704641350211,0.034105952887738836,558,Are you sure this is the only way to stay on your insurance?
21,64,159,249,472,1.6080508474576272,0.03289020062766954,558,You should probably know that I can hear you too.
21,107,73,292,472,1.6080508474576272,0.038322434845237036,558,"Naturally, I'm touched that you kept my room exactly as it was when I was kidnapped."
23,64,151,247,462,1.603896103896104,0.033464517312874885,558,This isn't what I had in mind when I said I wanted to move back home.
24,67,134,248,449,1.5968819599109132,0.03468785764935559,558,I'm starting to regret moving back in with my parents.
25,80,107,261,448,1.5959821428571428,0.03657392028727416,558,"Yes, your AirBnB post promised that I'll sleep like a baby, but..."
26,60,146,241,447,1.5950782997762865,0.03379629337115382,558,"You know I can climb out of here, right?"
27,71,118,251,440,1.5909090909090908,0.03585794581004426,558,It's true what they say. You can't go home again.
28,77,91,254,422,1.580568720379147,0.03801604834419292,558,This is the last time I use Airbnb.
29,77,88,253,418,1.5789473684210527,0.038315500981586426,558,"Not what I meant by ""getting my own crib"". Over."
30,72,92,247,411,1.5742092457420924,0.03809032753959024,558,I'm ready to eat my broccoli now.
31,64,106,238,408,1.5735294117647058,0.03703769630951033,558,"No, you grow up."
32,82,69,256,407,1.5724815724815724,0.039941300050840046,558,"Mom, Dad, did you forget something?"
32,64,105,238,407,1.5724815724815724,0.037113948360736705,558,No child left behind? That's a laugh.
34,72,84,245,401,1.56857855361596,0.03887155857349208,558,"When you said I could move back into my old room I assumed you meant my most recent room, not my OLDEST room."
35,74,72,245,391,1.5626598465473145,0.040018917567326596,558,Mom...Dad...you still alive?
36,56,107,227,390,1.5615384615384615,0.03702956870787764,558,Maybe I shouldn't have moved back after college.
36,65,89,236,390,1.5615384615384615,0.03859839864696537,558,It's time for my bottle. I recommend a dry red if you really want me down for the night.
38,65,86,235,386,1.5595854922279793,0.0389217374541374,558,Honey? The baby's outsmarted me again.
39,49,107,217,373,1.549597855227882,0.037036549704283196,558,"Yes, I've finally calmed down."
40,52,92,218,362,1.5414364640883977,0.03851739316878984,558,"This isn't exactly what I had in mind when I asked to move back in with you, mom."
41,46,102,211,359,1.5403899721448469,0.03754461255495825,558,Am I still grounded for life?
42,55,81,220,356,1.5365168539325842,0.03963407565853539,558,You win Dad. I'll pay rent.
42,76,39,241,356,1.5365168539325842,0.04362557757037085,558,Mommy? Daddy? Are you ever coming to get me?
44,75,39,239,353,1.5354107648725213,0.04374757318598441,558,Is anybody there?
44,47,95,211,353,1.5354107648725213,0.038251375107950764,558,I've been on hold so long I gotta change my order to solid foods.
46,53,82,217,352,1.5340909090909092,0.03958380966168533,558,Is it possible to upgrade an Airbnb reservation mid-stay?
47,51,83,214,348,1.5316091954022988,0.039525438022128954,558,"Its not a phase mom, its who I am."
48,52,79,215,346,1.5289017341040463,0.03991813087198144,558,"When I said I would like to sleep like a baby, this isn't what I had in mind."
49,57,67,219,343,1.5276967930029155,0.041237948928734856,558,"Please wait. Your call is important to us,"
50,42,96,204,342,1.5263157894736843,0.038097017467489114,558,"Mom... Dad... you know I can hear you, too, right?"
51,46,86,207,339,1.5250737463126844,0.03925179443847096,558,"So, Mom, this isn't really what I had in mind when I said it would be fun to stay in my old room."
51,41,96,202,339,1.5250737463126844,0.03812387209896504,558,Maybe moving back home wasn't such a good idea after all.
53,52,73,213,338,1.5236686390532543,0.04065969735224897,558,"Hello, Child Overprotective Services? Help!"
54,42,89,202,333,1.5195195195195195,0.03888007668823546,558,"Hello?, it's the middle child... remember me?"
55,44,84,204,332,1.5180722891566265,0.039434585144567616,558,"Yes, I'm still on my parents' family plan."
56,48,73,207,328,1.5152439024390243,0.04072923009712909,558,"Wendy, it's Peter, are we still on for tonight?"
57,45,78,204,327,1.5137614678899083,0.04013168430648149,558,"Uh, when I said I wanted my own crib..."
57,43,82,202,327,1.5137614678899083,0.03966143387610963,558,Can I have the blond babysitter?
59,41,82,198,321,1.5109034267912773,0.03973871021591564,558,"The good news is, I finished putting it together."
60,38,87,195,320,1.509375,0.03908884299827219,558,I guess I overslept
60,39,85,196,320,1.509375,0.039338659400551534,558,"Mom, is this really the only way I can keep my health insurance?"
62,45,69,201,315,1.5047619047619047,0.04130404623758517,558,This isn't what the Airbnb posting looked like.
62,42,75,198,315,1.5047619047619047,0.0405630746916275,558,"OK, OK, I'll pay rent."
64,46,68,203,317,1.5047318611987381,0.04134596354561607,558,"Listen Mom, a lot of kids move back home after college..."
65,44,70,200,314,1.5031847133757963,0.04115910974792945,558,I'm having doubts about this witness protection identity.
66,55,47,211,313,1.5015974440894568,0.043905315805022486,558,Dumb! I learned my lesson in Juvie.
67,49,55,203,307,1.498371335504886,0.04312982334471246,558,...and another thing: I want to get vaccinated.
68,35,82,189,306,1.4967320261437909,0.039618984118252536,558,"You know I can hear you, right?"
69,41,68,195,304,1.493421052631579,0.041414493387745936,558,"Mom, I'm off to college in August whether you like it or not."
70,43,62,196,301,1.4916943521594683,0.04225499189161894,558,Moving back in with my parents isn't working.
70,35,78,188,301,1.4916943521594683,0.040103580710822345,558,"I love you too, Mom, but at some point you've got to let go."
70,38,72,191,301,1.4916943521594683,0.040923616269260644,558,"Hey mom, I think I overslept."
70,33,82,186,301,1.4916943521594683,0.03954744489024047,558,"I'm starting to feel you're not all that happy about me moving back home, Mom."
74,36,74,188,298,1.4899328859060403,0.04068063146006221,558,There are drawbacks to my parents leaving my room exactly the same.
75,32,79,183,294,1.4863945578231292,0.03994458477025304,558,Sleeping like a baby is overrated.
75,35,73,186,294,1.4863945578231292,0.040807135243980455,558,"Get a job and move out? What, and leave all this?"
77,30,81,181,292,1.4828767123287672,0.03955014412866734,558,"Mom, I think I'm finally ready to discuss moving out."
78,32,76,183,291,1.4810996563573884,0.04023954344739351,558,How long was I asleep?
78,36,68,187,291,1.4810996563573884,0.041400710364660295,558,"Hour 61,324: still no sign of Tooth Fairy."
80,27,85,177,289,1.480968858131488,0.038930539404239156,558,Maybe moving back in wasn't the best idea.
81,31,76,181,288,1.4791666666666667,0.04024505726354904,558,I need another bottle. How about a Merlot this time?
82,36,65,186,287,1.4773519163763067,0.04182707259138332,558,"OK mom, you win. I'll move out."
83,36,63,185,284,1.4753521126760563,0.04215542537299555,558,Did you forget about me?
83,36,63,185,284,1.4753521126760563,0.04215542537299555,558,Airbnb? Can you connect me with customer service please.
85,35,64,184,283,1.4734982332155477,0.04196619205332955,558,This is why I don't come over more grandma
86,36,61,184,281,1.4733096085409252,0.042490140915733055,558,I'll fix the wifi when you give me back my Teddy.
86,31,71,179,281,1.4733096085409252,0.040967242680619624,558,I knew it was a mistake moving back home at thirty.
88,36,62,186,284,1.471830985915493,0.04214763021669949,558,"This seems like a really long time out, Mom."
89,30,71,178,279,1.4695340501792116,0.04085971742958851,558,Mom...Dad...come quick! I've grown up!
89,31,69,179,279,1.4695340501792116,0.04117404924682971,558,There's got to be an easier way to keep me insured.
89,44,43,192,279,1.4695340501792116,0.045061269731215665,558,"Mom, just thought you'd like to know I gave your breast milk 4 stars on Yelp."
92,35,60,183,278,1.4676258992805755,0.042517801697696575,558,Are you ready to hear my first four-letter word?
93,39,51,186,276,1.4673913043478262,0.04396467046990583,558,"Mom, I'm staying here until my caption wins the New Yorker competition."
94,36,56,183,275,1.4654545454545456,0.043169365717533104,558,Mom? I overslept.
94,30,68,177,275,1.4654545454545456,0.0412836206607603,558,They say eighteen is the new eighteen months.
96,26,75,173,274,1.4635036496350364,0.040075434287878665,558,When I said 'I'll always be your baby' I was speaking metaphorically.
96,30,67,177,274,1.4635036496350364,0.04138827666647383,558,"No, you're the big baby!"
98,49,27,195,271,1.4612546125461254,0.047536434805596314,558,Is anybody there?
99,33,56,178,267,1.4569288389513109,0.04315280971353377,558,"...in other news, the FDA has approved the use of steroids in baby formula saying there are no discernible side effects..."
100,27,67,172,266,1.4548872180451127,0.04125266626952088,558,Now can I stay on your insurance?
101,25,69,169,263,1.4524714828897338,0.040880346185025083,558,Mum? Dad? I think I overslept.
101,31,57,175,263,1.4524714828897338,0.04295757204392764,558,"When I said I wanted my own crib, this is not what I had in mind."
103,33,52,177,262,1.450381679389313,0.043744574669907485,558,"The Hotel brochure said ""You'll sleep like a baby."""
103,26,66,170,262,1.450381679389313,0.04133830637039798,558,"Yes, I was home schooled. Why do you ask?"
105,23,71,166,260,1.45,0.04048084903629294,558,Can I exchange the timeout for community service?
106,30,56,173,259,1.4478764478764479,0.04308560826349208,558,"Mom I'm thirsty, could you bring me a gin and tonic?"
106,23,70,166,259,1.4478764478764479,0.04058149580801924,558,Thanks for letting me move back in to my old room.
106,26,64,169,259,1.4478764478764479,0.04167311590799864,558,I've finished thinking about what I've done.
106,27,62,170,259,1.4478764478764479,0.04203068940631227,558,"Mom, when I said I wanted my own crib, this isn't what I had in mind."
110,27,61,170,258,1.445736434108527,0.04213918899338225,558,"Nothing dude, just hangin' out in my crib."
111,27,60,169,256,1.4453125,0.04237770304149966,558,I don't think I'm the one who's acting immature in this relationship.
112,27,59,169,255,1.4431372549019608,0.042488133317946264,558,"Mom, can Lisa sleep over?"
112,24,65,166,255,1.4431372549019608,0.04138364403305936,558,You know I can climb out ... Don't you?
112,25,63,167,255,1.4431372549019608,0.04175505342571729,558,25 is the new 18 months.
115,25,62,167,254,1.4409448818897639,0.041861945453800516,558,How long was my nap?
116,29,53,170,252,1.4404761904761905,0.0435759924335378,558,"Siri, how do I climb out of a crib?"
116,25,61,166,252,1.4404761904761905,0.04209974943441026,558,"It's fine, my last airbnb was a tub."
118,26,60,169,255,1.4392156862745098,0.04210162226999387,558,Wow. I REALLY slept in.
119,26,58,167,251,1.4382470119521913,0.04258440480777925,558,And now they'll let me stay on your healthcare plan?
120,24,61,165,250,1.436,0.041936268341492174,558,"Olivia, my parents just left. Want to come over and check out my crib?"
120,22,65,163,250,1.436,0.04116301221117314,558,How long was I out?
120,25,59,166,250,1.436,0.04231759818876614,558,How long have I been asleep?
123,30,48,170,248,1.435483870967742,0.04443861038532127,558,Should I drive the babysitter home?
124,22,56,152,230,1.434782608695652,0.043686609207018307,558,"""Time travel tech support, please""."
125,33,43,175,251,1.4342629482071714,0.045105513950864214,558,"Hey Mom, don't freak out, but I literally grew up over night."
126,31,45,171,247,1.4331983805668016,0.044927660436722486,558,He's the president? How long was I asleep?
127,30,46,170,246,1.4308943089430894,0.044681496078214505,558,Let me know when Trump's term is up.
128,20,65,159,244,1.430327868852459,0.041029960967559516,558,I think I've had a growth spurt.
128,21,63,160,244,1.430327868852459,0.041438979963570134,558,I grew up. Over.
130,20,65,160,245,1.4285714285714286,0.040899881022419156,558,"Mom, I had the student loan nightmare again."
131,23,58,162,243,1.4279835390946503,0.042353980604699144,558,"Hell-of-a-long timeout, don't ya think?"
131,24,56,163,243,1.4279835390946503,0.04275359409550813,558,Just hanging out in my crib. S'up with you?
131,19,66,158,243,1.4279835390946503,0.04071632514093441,558,Maybe me moving back home wasn't such a good idea.
131,24,56,163,243,1.4279835390946503,0.04275359409550813,558,"Guys, this has been a pretty long time out."
135,23,57,162,242,1.4256198347107438,0.04246307820863758,558,"Thanks for letting me move back in, mom."
135,24,55,163,242,1.4256198347107438,0.042864966904892256,558,No I don't need changing; I need a shave.
135,24,55,163,242,1.4256198347107438,0.042864966904892256,558,My friends get to live in their parents' basements.
135,23,57,162,242,1.4256198347107438,0.04246307820863758,558,Is 'time-out' over yet?
135,28,47,167,242,1.4256198347107438,0.0444361890239932,558,"Okay, I get it. You're ready for me to move out."
135,27,49,166,242,1.4256198347107438,0.04404863809667011,558,Longest. Time-out. Ever.
135,24,55,163,242,1.4256198347107438,0.042864966904892256,558,"Let's talk about your parenting skills, then we'll talk about bedtime."
142,21,59,159,239,1.4225941422594142,0.041995425459192534,558,I just get the feeling you're not ready for me to grow up...
142,20,61,158,239,1.4225941422594142,0.041574694848920596,558,"Mom, how much longer is this timeout?"
144,24,52,161,237,1.4219409282700421,0.04349354261881957,558,I am not jealous of the new baby.
144,17,66,154,237,1.4219409282700421,0.04051400139502265,558,"Note to self: ""Grow up!"""
144,22,56,159,237,1.4219409282700421,0.042663483659493635,558,Crib Control to Major Mom.
147,23,54,161,238,1.4201680672268908,0.042935737154942505,558,I guess you really can't go home again.
147,29,42,167,238,1.4201680672268908,0.04534557145098607,558,"Dad, are you finished with my new Ikea bed yet?"
147,25,50,163,238,1.4201680672268908,0.043753765172432506,558,"BECAUSE, Mom! This is the age I identify with."
147,24,52,162,238,1.4201680672268908,0.04334668090986136,558,"In the rentals section of the newspaper it said ""Cozy, furnished crib with monitoring system included."""
151,20,58,157,235,1.4170212765957446,0.042028037925637605,558,By any chance is the baby in bed with you?
151,27,44,164,235,1.4170212765957446,0.04495495207240554,558,Me? Secretary of Education? Sure...why not?
153,24,49,160,233,1.4163090128755365,0.04399276989799495,558,When I said I wanted my own crib this is not what I meant.
153,22,53,158,233,1.4163090128755365,0.043143556496909596,558,I'm still going away to college in September whether you like it or not.
153,18,61,154,233,1.4163090128755365,0.04139289546540842,558,I'm not being childish. Over.
153,21,55,157,233,1.4163090128755365,0.04271261873444521,558,I gotta get out - just vaccinate me already!
153,18,61,154,233,1.4163090128755365,0.04139289546540842,558,"I'm sorry, the baby is out. Can I take a message?"
158,24,45,155,224,1.4151785714285714,0.04527400582367377,558,Day 28: They still do not suspect the swap.
159,22,52,158,232,1.4137931034482758,0.04325618557477392,558,"Mom, can Bob from Accounting sleep over this weekend?"
159,26,44,162,232,1.4137931034482758,0.044948566182073664,558,It's not a ban; it's extreme bedding.
161,23,49,159,231,1.4112554112554112,0.04380086345698206,558,You said you would come up in a few minutes and that was 1998.
161,27,41,163,231,1.4112554112554112,0.0454872476986103,558,"Honey, where's the baby?"
161,28,39,164,231,1.4112554112554112,0.04589916359912361,558,Come dress me. I have a job interview.
161,25,45,161,231,1.4112554112554112,0.0446520175511248,558,"No, you're the big baby!"
161,21,53,157,231,1.4112554112554112,0.04293283833813478,558,Did I oversleep?
161,24,47,160,231,1.4112554112554112,0.044228488053307584,558,"When you bring a bottle, make it bourbon."
161,20,55,156,231,1.4112554112554112,0.042492176831318375,558,How long was I asleep?
161,26,43,162,231,1.4112554112554112,0.045071567393317295,558,And what are you wearing?
169,23,48,158,229,1.4104803493449782,0.044072288832637745,558,Right now? Your crib or mine?
169,23,48,158,229,1.4104803493449782,0.044072288832637745,558,It was a mistake to come home for spring break.
169,16,62,151,229,1.4104803493449782,0.04091734412271796,558,"Mom, I think I'm ready to start acting my age again."
172,25,43,160,228,1.4078947368421053,0.045055759194797776,558,"OK, I see your point, but sometimes I feel you treat me like a child."
172,26,41,161,228,1.4078947368421053,0.04548257137940719,558,none of my other friends that moved back home after college had to start over
172,22,49,157,228,1.4078947368421053,0.04375034684010866,558,Just chillin' in my crib. 'sup with you?
172,25,43,160,228,1.4078947368421053,0.045055759194797776,558,I think my timeout has been long enough!
176,25,42,160,227,1.4052863436123348,0.04517878155709393,558,"Mom, the student loan officer is in my closet again."
176,20,52,155,227,1.4052863436123348,0.04296740774688985,558,This time out seems longer than the others
176,18,56,153,227,1.4052863436123348,0.042050308663421736,558,"Mom, we need to talk about this ""you'll always be my baby boy"" thing."
176,25,42,160,227,1.4052863436123348,0.04517878155709393,558,i'm old enough to know what you're doing in there.
176,16,60,151,227,1.4052863436123348,0.04111275700911571,558,"I said I was ready for my 'own' crib, not my 'old' crib."
176,21,50,156,227,1.4052863436123348,0.04341869370889357,558,"...and when you bring up my bottle, could you make it a dry New Zealand red?"
176,25,42,160,227,1.4052863436123348,0.04517878155709393,558,When you said I could move home for a while this is not what I expected.
176,29,34,164,227,1.4052863436123348,0.046872824137025364,558,"If he can be president, I can be a baby."
184,28,35,163,226,1.4026548672566372,0.04658619422345095,558,One step at a time. I just got her to stop breastfeeding.
185,25,40,159,224,1.4017857142857142,0.045593654650360235,558,"Dad, this isn't what I meant when I said I wanted my own crib"
185,20,50,154,224,1.4017857142857142,0.0433426944233881,558,Mom? Dad? How long is time out?
187,25,39,158,222,1.4009009009009008,0.04589012027974504,558,You've made your point.
187,20,49,153,222,1.4009009009009008,0.043612835336102246,558,"No, it's not weird. You guys wanted a baby. I needed a place to crash. Everybody wins."
187,19,51,152,222,1.4009009009009008,0.043142956080997386,558,Mom? Dad? I've reached puberty.
187,18,53,151,222,1.4009009009009008,0.042667902605585964,558,I had that dream again where my degree is obsolete.
191,13,62,146,221,1.3981900452488687,0.04029898441857618,558,"One mocha latte - in a sippy cup, please!"
191,21,46,154,221,1.3981900452488687,0.04419378720128548,558,Is it just me - or does it seem like our whole country is regressing?
193,26,35,159,220,1.3954545454545455,0.04659325035375288,558,If the President can act like a child why can't I?
193,20,47,153,220,1.3954545454545455,0.04383908046522911,558,Oh not much just chilling in my crib
193,20,47,153,220,1.3954545454545455,0.04383908046522911,558,I don't think you read the directions right. I'm sure the baby should be in here.
193,13,61,146,220,1.3954545454545455,0.04038920614633398,558,I'll call you back. I'm busy regressing.
193,24,39,157,220,1.3954545454545455,0.04569364263983855,558,I can't sleep. I want a glass of scotch and wawa.
193,19,49,152,220,1.3954545454545455,0.04336304850470873,558,"Mom, I think I had a growth spurt"
193,21,45,154,220,1.3954545454545455,0.044309998605867075,558,"I'm glad this helps soothe your empty nest anxiety, but I'll still need a ride back to Dartmouth in the morning."
200,22,42,154,218,1.3944954128440368,0.04506542322945204,558,Has hell frozen over yet?
200,16,54,148,218,1.3944954128440368,0.04215714364109303,558,I'm done thinking about what I did.
202,17,53,151,221,1.3936651583710407,0.04224060171435115,558,"OK Mom, I promise to start looking for a job if you'll let me have my old room back."
203,23,40,156,219,1.3926940639269407,0.0453594764273266,558,My parents don't really understand the concept behind leap year.
204,16,53,148,217,1.391705069124424,0.04225899234431434,558,It's just until I finish grad school.
204,22,41,154,217,1.391705069124424,0.04518671064600145,558,Do you really think I don’t know what the two of you are doing?
204,14,57,146,217,1.391705069124424,0.04123692082273607,558,Just wondering how long this time-out is going to last.
204,19,47,151,217,1.391705069124424,0.04374734993666633,558,Bringing home girls is a bit awkward.
204,24,37,156,217,1.391705069124424,0.04612133577880931,558,Is he still president?
204,21,43,153,217,1.391705069124424,0.04471207243572315,558,A lot of millennials are moving back home after college!
210,28,28,159,215,1.3906976744186046,0.04826514182541982,558,"Your dad and I realized you were never moving out, so we are."
210,11,62,142,215,1.3906976744186046,0.039881751795170985,558,Lots of millenials have to move back in with their parents
210,17,50,148,215,1.3906976744186046,0.043027514371849526,558,I'll still be covered until 26 though right?
210,19,46,150,215,1.3906976744186046,0.04402618102079431,558,"Mom, are you done filling out my college applications yet?"
210,17,50,148,215,1.3906976744186046,0.043027514371849526,558,"Mom, Dad...can you PLEASE keep it down? I gotta go to work tomorrow!"
210,21,42,152,215,1.3906976744186046,0.04500269144764322,558,You better believe I need a change.
210,14,56,145,215,1.3906976744186046,0.04148446166500984,558,"Mom...Dad...you said, 'just a minute...'"
210,22,40,153,215,1.3906976744186046,0.04548308530277817,558,He's on the potty. May I take a message?
218,19,46,151,216,1.3888888888888888,0.043859195790757505,558,"No Mom, I definitely plan to have my own place by the time I'm 30."
219,16,50,147,213,1.3849765258215962,0.042725778870097285,558,"Ok, Mom, you've proved your point. I'll get a job."
219,17,48,148,213,1.3849765258215962,0.043240988456614254,558,"I really don't think this is going to fool the IRS, or your health plan."
219,21,40,152,213,1.3849765258215962,0.045243194994379336,558,"I'm writing your college essay, honey. Now go to sleep."
219,23,36,154,213,1.3849765258215962,0.04621177878632918,558,"Mom, did you finish writing my résumé yet?"
219,19,44,150,213,1.3849765258215962,0.04425341668167825,558,"Nope, still grounded."
219,17,48,148,213,1.3849765258215962,0.043240988456614254,558,"Dad, can I borrow the stroller this weekend?"
219,20,42,151,213,1.3849765258215962,0.04475104234150123,558,"I'm six feet, brown eyes, blonde hair and I enjoy kissing on the first date. How about you?"
219,15,52,146,213,1.3849765258215962,0.04220428032093256,558,"Yes Grandma, everything is exactly as I remember. Exactly!"
219,11,60,142,213,1.3849765258215962,0.04005043903396655,558,They said they would be right back.
228,23,35,153,211,1.3838862559241707,0.04652327001515726,558,Can't wait to pick their old-age home.
228,19,43,149,211,1.3838862559241707,0.044540638756006834,558,Mom? Dad? Do you realize the sitter went home twelve years ago?
228,19,43,149,211,1.3838862559241707,0.044540638756006834,558,"Mom, can you bring me a beer?"
228,16,49,146,211,1.3838862559241707,0.04299370752459594,558,"I promise, Mom, I'll start looking for a job tomorrow."
232,14,52,144,210,1.380952380952381,0.042027616674194655,558,"Mom, Dad, I think we need to talk."
232,19,42,149,210,1.380952380952381,0.04465605106162585,558,"Uh Mom, this wasn't what I had in mind when I said I was moving back home."
232,16,48,146,210,1.380952380952381,0.04309823078219384,558,This isn't what I meant by 'sleep like a baby.'
232,21,38,151,210,1.380952380952381,0.04566508326567172,558,Definitely applying for jobs tomorrow.
232,16,48,146,210,1.380952380952381,0.04309823078219384,558,I found this great deal on Air BNB.
232,18,44,148,210,1.380952380952381,0.04414288651410822,558,I can hear you too you know...
232,21,38,151,210,1.380952380952381,0.04566508326567172,558,I know I promised if you let me move back in I'd take my old room back--but this is ridiculous!
239,19,41,148,208,1.3798076923076923,0.0449501128124793,558,"It’s not just a phase, mom!"
239,20,39,149,208,1.3798076923076923,0.04546387329806239,558,Day 17. They suspect nothing.
239,14,51,143,208,1.3798076923076923,0.042287787537495264,558,Hey Ma... my growth spurt finally hit.
239,16,47,145,208,1.3798076923076923,0.043372332674547834,558,"For the millionth time, Mom, I'm sorry I had to move back in after college."
239,22,35,151,208,1.3798076923076923,0.046474358974358976,558,Is my time out over?
239,17,45,146,208,1.3798076923076923,0.04390455984336143,558,"Okay, mom, I can take a hint - I'm moving out next week."
239,16,47,145,208,1.3798076923076923,0.043372332674547834,558,Mom. Don't forget to get me up for work tomorrow.
239,22,35,151,208,1.3798076923076923,0.046474358974358976,558,Doing everything I can to ensure I stay on my parents' health insurance in the event the ACA is dismantled.
247,22,34,151,207,1.3768115942028984,0.04660227312003528,558,How about parlaying that philosophy degree into a big boy bed?
247,14,50,143,207,1.3768115942028984,0.04238578697713619,558,Am I still grounded?
247,23,32,152,207,1.3768115942028984,0.04710280220156506,558,Are you sure keeping me at this emotional level will help me become President one day?
250,20,37,149,206,1.3737864077669903,0.04570557346689271,558,This is what happens when you move back home after college.
250,12,53,141,206,1.3737864077669903,0.04135361980231003,558,"I had a bad dream, could you bring a warm glass of wine?"
250,15,47,144,206,1.3737864077669903,0.04303720438699321,558,Can you come read me the New York Times?
250,20,37,149,206,1.3737864077669903,0.04570557346689271,558,I guess I should have taken them seriously AND literally when they said ''sleep like a baby'' in their airbnb listing.
250,20,37,149,206,1.3737864077669903,0.04570557346689271,558,"Mom, how long is this timeout going to last?"
250,18,41,147,206,1.3737864077669903,0.04465736279877762,558,Am I still in timeout?
250,22,33,151,206,1.3737864077669903,0.04673027754821714,558,They only let me out to sign executive orders.
250,14,49,143,206,1.3737864077669903,0.042483423409017874,558,"No, mom, I'm okay. It was just another student debt nightmare."
250,23,31,152,206,1.3737864077669903,0.04723429407360024,558,THIS is my Airbnb rental?
250,21,35,150,206,1.3737864077669903,0.046220765277475304,558,Ground control to Major Mom.
250,15,47,144,206,1.3737864077669903,0.04303720438699321,558,"Not getting any younger here, over..."
250,17,43,146,206,1.3737864077669903,0.044123920442813186,558,I must have overslept.
262,16,44,144,204,1.3725490196078431,0.04386606309106109,558,Need a diaper change and a large cheese pizza up here.
263,16,44,145,205,1.3707317073170733,0.04368937084593889,558,"Commander Zeltar, I'm here with the human family - but I think they may suspect something."
264,13,49,141,203,1.3694581280788178,0.04227664883454839,558,"It's not ideal, but this Airbnb saves me $100 a night."
264,12,51,140,203,1.3694581280788178,0.0416958233692332,558,What do you mean I'm too immature for a relationship?
264,16,43,144,203,1.3694581280788178,0.043973117781253644,558,"Listen, Mama, I can't speak for all the other babies in day care, but I feel like I've aged 30 years since the election."
264,18,39,146,203,1.3694581280788178,0.04506863419149577,558,"November 5th, 2020 - ""Is it safe to come out yet?"""
264,14,47,142,203,1.3694581280788178,0.042849601945889174,558,Can I borrow the car after my nap?
264,19,37,147,203,1.3694581280788178,0.045606525170509206,558,Until my college loans are paid off.
264,16,43,144,203,1.3694581280788178,0.043973117781253644,558,"Mom, I think I'm ready to move into my own place now."
264,18,39,146,203,1.3694581280788178,0.04506863419149577,558,This is not quite as you advertised on Airbnb...
264,14,47,142,203,1.3694581280788178,0.042849601945889174,558,"Mom, we need to talk."
273,19,36,146,201,1.3681592039800996,0.04591692122044977,558,I will not be attending the White House Correspondents' Association Dinner this year. Please wish everyone well and have a great evening!
273,19,36,146,201,1.3681592039800996,0.04591692122044977,558,"Mom, when I said I wanted a cell, I meant a cell phone."
273,15,44,142,201,1.3681592039800996,0.043696208980192004,558,I'm starting to think there's no one on the other end of this.
273,19,36,146,201,1.3681592039800996,0.04591692122044977,558,"Mommy, I'm pretty sure there was growth hormone in the milk."
277,19,35,146,200,1.365,0.04603772759171597,558,"Uh, mom? I think we overslept."
277,13,47,140,200,1.365,0.04263759871428741,558,The worst part of homeschooling is nap time.
277,19,35,146,200,1.365,0.04603772759171597,558,"Mommy? Can I have a glass of milk and $300,000 dollars for college?"
277,17,39,144,200,1.365,0.04493294837027982,558,Finally got my own crib!
281,20,32,146,198,1.3636363636363635,0.04690551907055948,558,"Honey, aren't you playing the nanny?"
281,18,36,144,198,1.3636363636363635,0.045799338350898035,558,And how much have you budgeted for all the therapy I'm going to need?
283,13,46,140,199,1.3618090452261307,0.04273222510442767,558,"We need to discuss ""your house, your rules"". Do you copy?"
284,16,39,142,197,1.3604060913705585,0.04477552224520838,558,Whoa. How long have I been asleep?
284,14,43,140,197,1.3604060913705585,0.04360335600551648,558,Come over! I'm just chillin' in my crib.
286,15,42,143,200,1.36,0.04372136536002419,558,Oh I'm the one the being childish?
286,19,34,147,200,1.36,0.0459626240990476,558,"But if the President can act this way, why can't I?"
286,19,34,147,200,1.36,0.0459626240990476,558,"How is Mommy's big, handsome, independent boy this morning?"
289,19,32,145,196,1.3571428571428572,0.04660083567838243,558,"All I said was,I wanted my own crib."
289,18,34,144,196,1.3571428571428572,0.04603595618824926,558,My therapist says you may be infantilizing me
289,12,46,138,196,1.3571428571428572,0.04248926358061803,558,"Mom, dad, I had a growth spurt last night!"
289,17,36,143,196,1.3571428571428572,0.045464058754242455,558,All right. You win. I will finish the broccoli.
289,17,36,143,196,1.3571428571428572,0.045464058754242455,558,I think I'll just get my own health insurance
289,16,38,142,196,1.3571428571428572,0.04488487512127014,558,So this whole time I could have been on your insurance without pretending?
289,16,38,142,196,1.3571428571428572,0.04488487512127014,558,That's the last time I book through aircnb.
289,18,34,144,196,1.3571428571428572,0.04603595618824926,558,Could you text me a bedtime story?
289,13,44,139,196,1.3571428571428572,0.04310065131039703,558,What was in that last bottle you gave me?
289,16,38,142,196,1.3571428571428572,0.04488487512127014,558,Doc - wouldn't it be easier if I just sat on the couch and told you about my childhood?
289,14,42,140,196,1.3571428571428572,0.04370348689907504,558,It seems like I've been in 'time-out' forever.
289,15,40,141,196,1.3571428571428572,0.04429811949614588,558,I don't care that it's been 25 years. I'm still. Not. Tired.
289,19,32,145,196,1.3571428571428572,0.04660083567838243,558,Ok I'm ready to role play. Come rob the cradle.
289,15,40,141,196,1.3571428571428572,0.04429811949614588,558,Ok. One last nap then it's mid-life crisis.
303,14,41,139,194,1.3556701030927836,0.04399121307491925,558,I'm getting the feeling I've outstayed my welcome.
303,13,43,138,194,1.3556701030927836,0.04337984414218515,558,"Mom, wake me up at 7, I have an interview tomorrow."
303,17,35,142,194,1.3556701030927836,0.04577635500791821,558,Please send me a village.
303,16,37,141,194,1.3556701030927836,0.04518914391541721,558,Not tonight Honey. I'm reliving my childhood.
303,13,43,138,194,1.3556701030927836,0.04337984414218515,558,"Mom, wake me up early tomorrow. I have a job interview."
303,14,41,139,194,1.3556701030927836,0.04399121307491925,558,I grew up so fast.
303,16,37,141,194,1.3556701030927836,0.04518914391541721,558,Am I still in timeout?
303,10,49,135,194,1.3556701030927836,0.04149172240088694,558,I'm fine Mom. Really. Check the monitor.
303,12,45,137,194,1.3556701030927836,0.042759734889234347,558,Are you sure this will get me another year on your insurance?
303,17,35,142,194,1.3556701030927836,0.04577635500791821,558,"Mom, I think I overslept."
303,17,35,142,194,1.3556701030927836,0.04577635500791821,558,"Honey, i'm still in my safe space but could you bring me a cup of coffee and the Times?"
303,19,31,144,194,1.3556701030927836,0.04692873935890778,558,"Mom, Dad, I'm breathing easily, no anxiety to speak of, diaper is good, no choking hazards, and I'm about to roll a joint."
303,18,33,143,194,1.3556701030927836,0.046356128265997686,558,Is it okay if Susie sleeps over?
303,11,47,136,194,1.3556701030927836,0.04213049937746922,558,"Mom, why can't you be like other parents and just take away the keys to the car?"
303,20,29,145,194,1.3556701030927836,0.04749444733670423,558,Don't let me oversleep. I have to brief the president in the morning.
303,18,33,143,194,1.3556701030927836,0.046356128265997686,558,"When we said you could have your old room back after college, this isn't exactly what we meant."
303,14,41,139,194,1.3556701030927836,0.04399121307491925,558,I think you misunderstood me when I said I wanted my own crib.
320,15,38,140,193,1.3523316062176165,0.04470006874444185,558,Did you forget about my time-out?
320,15,38,140,193,1.3523316062176165,0.04470006874444185,558,"I need my bottle now, perhaps a Merlot"
320,20,28,145,193,1.3523316062176165,0.04762308239184531,558,When was the last time you checked on the baby?
320,17,34,142,193,1.3523316062176165,0.0458916210005148,558,"No, not water...a drink."
320,14,40,139,193,1.3523316062176165,0.044092219037028466,558,"Hold all my calls, clear my afternoon schedule, and . . . bring me by blankie."
320,15,38,140,193,1.3523316062176165,0.04470006874444185,558,"millennial to mommy, over"
326,17,33,141,191,1.350785340314136,0.046211496435810746,558,And Tink — Cancel my 7:00 with Hook. And get some flowers for Wendy.
326,14,39,138,191,1.350785340314136,0.04438657003938154,558,You probably should have splurged on that hormone free formula.
326,15,37,139,191,1.350785340314136,0.04500310212477504,558,Don't you think I'm getting a little too old for a nightlight?
326,13,41,137,191,1.350785340314136,0.04376135279980401,558,Your crib or mine?
326,17,33,141,191,1.350785340314136,0.046211496435810746,558,I'm going to need you to push back my 10:00 with Timmy.
326,11,45,135,191,1.350785340314136,0.04248332375044232,558,"Mom, can you bring me a rum and coke?"
326,15,37,139,191,1.350785340314136,0.04500310212477504,558,It got weird last night.
326,22,23,146,191,1.350785340314136,0.04910254991135382,558,Several things need changing.
326,19,29,143,191,1.350785340314136,0.04738908740228036,558,"Mom, would you bring me an Ambien and a shot of whiskey?"
326,15,37,139,191,1.350785340314136,0.04500310212477504,558,"Hey Mom, better check to see if Dad put the baby in my bed."
326,12,43,136,191,1.350785340314136,0.043127072679198915,558,Mom? Dad? Am I still on the waiting list for that perfect pre-school?
326,12,43,136,191,1.350785340314136,0.043127072679198915,558,I suppose using the car tonight is out of the question?
338,17,31,139,187,1.3475935828877006,0.046869210945245994,558,Ground control to Major Mom.
339,16,34,140,190,1.3473684210526315,0.04572315205170048,558,Oedipus to Mom! Do you read me?
339,20,26,144,190,1.3473684210526315,0.04809766942057082,558,"Siri, how do I get out?"
339,16,34,140,190,1.3473684210526315,0.04572315205170048,558,"Hey Siri, when does childhood end?"
339,17,32,141,190,1.3473684210526315,0.046328192562194996,558,"Hey Ma, could you bring me a beer?"
339,15,36,139,190,1.3473684210526315,0.045109997129306315,558,Who's Mommy's sweet millennial?
339,14,38,138,190,1.3473684210526315,0.04448839228910308,558,Did I really sleep that long?
339,15,36,139,190,1.3473684210526315,0.045109997129306315,558,"If I start paying rent can I have the bed back, Mom?"
339,13,40,137,190,1.3473684210526315,0.0438579782472041,558,I'll stop acting like one when you stop treating me like one.
347,11,43,134,188,1.3457446808510638,0.04284199131505906,558,I'm starting to doubt this is how you play cribbage.
347,12,41,135,188,1.3457446808510638,0.043500867960013984,558,Is my time out over yet? I'm 23.
347,14,37,137,188,1.3457446808510638,0.04478955347114461,558,"Now that I've been accepted to M.I.T., can I get a regular bed?"
347,16,33,139,188,1.3457446808510638,0.0460421837776454,558,You should come over and check out my crib.
347,18,29,141,188,1.3457446808510638,0.047261625806614235,558,Party at my crib tonight.
347,13,39,136,188,1.3457446808510638,0.04414991287318183,558,"Yes mom, all my college applications have been submitted."
347,11,43,134,188,1.3457446808510638,0.04284199131505906,558,I don't need the night light any more.
347,10,45,133,188,1.3457446808510638,0.04217282212995261,558,Does anyone know how long I've been asleep?
347,16,33,139,188,1.3457446808510638,0.0460421837776454,558,I had that nightmare about getting a job.
347,13,39,136,188,1.3457446808510638,0.04414991287318183,558,This is the last night I'm helping you with your empty nest regression therapy
347,12,41,135,188,1.3457446808510638,0.043500867960013984,558,"Look, this diaper isn't going to change itself."
347,16,33,139,188,1.3457446808510638,0.0460421837776454,558,I'll grow up as soon as our president does.
347,13,39,136,188,1.3457446808510638,0.04414991287318183,558,Is Trump still President?
347,15,35,138,188,1.3457446808510638,0.04542018707116361,558,"Mom, just how long is this ""time out"" going to be?!"
347,15,35,138,188,1.3457446808510638,0.04542018707116361,558,How many more years of Time Out do I have left?
347,16,33,139,188,1.3457446808510638,0.0460421837776454,558,"Ready for my cocoa. Shaken, not stirred."
347,15,35,138,188,1.3457446808510638,0.04542018707116361,558,"Cappuccino, no foam."
347,15,35,138,188,1.3457446808510638,0.04542018707116361,558,Is Trump still President?
347,16,33,139,188,1.3457446808510638,0.0460421837776454,558,"I should have known when he called me ""baby"" on our first date."
347,13,39,136,188,1.3457446808510638,0.04414991287318183,558,Wait... I thought that when I graduated from college I'd be living in the basement.
367,11,42,134,187,1.3422459893048129,0.0429278421152595,558,Mom? . . . Dad? . . . Anybody there? . . .
368,14,35,137,186,1.3387096774193548,0.04499387743637018,558,My diaper is not going to change itself.
368,16,31,139,186,1.3387096774193548,0.046267637548233445,558,I forgot my 'safe' word.
368,10,43,133,186,1.3387096774193548,0.042331530230879925,558,Can we at least stop calling this a 'baby' monitor?
368,11,41,134,186,1.3387096774193548,0.043012568982283554,558,I need my bottle. There should be a six-pack in the fridge.
368,14,35,137,186,1.3387096774193548,0.04499387743637018,558,I've got a girl coming over to see my crib.
368,14,35,137,186,1.3387096774193548,0.04499387743637018,558,This isn't what I meant by 'help me start over.'
368,14,35,137,186,1.3387096774193548,0.04499387743637018,558,"Mommy, I'm thirsty. Can you bring me a beer?"
368,12,39,135,186,1.3387096774193548,0.04368299130352111,558,"Hey, mom, any word from Yale yet?"
368,7,49,130,186,1.3387096774193548,0.040219280642305136,558,"Don't forget, my college loan payment is due tomorrow."
368,12,39,135,186,1.3387096774193548,0.04368299130352111,558,"Mom, would you bring in my teddy bear, and my notes for economics midterm?"
368,13,37,136,186,1.3387096774193548,0.04434327872396561,558,Am I still grounded?
368,10,43,133,186,1.3387096774193548,0.042331530230879925,558,"True, but I get to stay on my parents' insurance 'til I'm 26."
368,14,35,137,186,1.3387096774193548,0.04499387743637018,558,"Honey, I think we are doing this baby bed-sharing incorrectly."
368,13,37,136,186,1.3387096774193548,0.04434327872396561,558,"Mom, really, it's time to let go."
368,13,37,136,186,1.3387096774193548,0.04434327872396561,558,Remember my college applications are due tomorrow.
368,14,35,137,186,1.3387096774193548,0.04499387743637018,558,This is not what I meant when I said I need a little space.
368,18,27,141,186,1.3387096774193548,0.047507257991072284,558,"Um, Mom? Was I not supposed to touch the bottle that said ""Drink Me?"""
368,16,31,139,186,1.3387096774193548,0.046267637548233445,558,"Come on, I've been in this timeout forever!"
368,14,35,137,186,1.3387096774193548,0.04499387743637018,558,"Yes, I know we're married but my parents think maybe you shouldn't move in just yet!"
368,14,35,137,186,1.3387096774193548,0.04499387743637018,558,Hang in there son; the Republicans will soon repeal Obamacare and you won't have to pretend you're under 26 anymore.
388,12,38,134,184,1.3369565217391304,0.043972893215409904,558,For the record I was pretty fussy around an hour ago
388,18,26,140,184,1.3369565217391304,0.047853887252649545,558,What? The preschool turned me down again?
388,12,38,134,184,1.3369565217391304,0.043972893215409904,558,Okay I'll get a job!
388,16,30,138,184,1.3369565217391304,0.046596152874503964,558,"Ok, I am ready to leave my comfort zone."
388,12,38,134,184,1.3369565217391304,0.043972893215409904,558,I get it. You're upset that I'm leaving for college.
388,18,26,140,184,1.3369565217391304,0.047853887252649545,558,"What's the safe word again, hun?"
388,16,30,138,184,1.3369565217391304,0.046596152874503964,558,When does IKEA open tomorrow?
388,10,42,132,184,1.3369565217391304,0.04260073092387842,558,"You know, maybe I shouldn't move back home after graduation."
388,6,50,128,184,1.3369565217391304,0.03971443251864981,558,"Growth spurt, Mom."
388,17,28,139,184,1.3369565217391304,0.047229207001036125,558,"OK, I'll get a job and move out!"
388,21,20,143,184,1.3369565217391304,0.04968082244606083,558,"Alexa, can I get out now?"
388,9,44,131,184,1.3369565217391304,0.04189780118342866,558,"""I think the human growth hormones are working""."
388,14,34,136,184,1.3369565217391304,0.045303514214892794,558,"Mom, what kind of mushroom was that?"
388,11,40,133,184,1.3369565217391304,0.043292248803813216,558,"But mom, millennials are staying at home longer than previous generations."
388,10,42,132,184,1.3369565217391304,0.04260073092387842,558,I will always be your baby. Can I get out now?
388,14,34,136,184,1.3369565217391304,0.045303514214892794,558,There's growth hormone in the baby formula.
388,13,36,135,184,1.3369565217391304,0.04464316150292694,558,I'll be out of here as soon as those manufacturing jobs come back.
388,15,32,137,184,1.3369565217391304,0.04595437880617655,558,Mom? Please bring me some cookies and a bottle of scotch.
406,19,24,142,185,1.335135135135135,0.04824219816054599,558,"Look at me, I'm HUGE. Tremendous. And one day, I'm going to be the President."
406,10,42,133,185,1.335135135135135,0.042408961601729245,558,Could we just go back to having curfew?
408,13,35,135,183,1.3333333333333333,0.04473970659161324,558,"But Mom, everyone else my age has a cell phone!"
408,12,37,134,183,1.3333333333333333,0.04406350083148787,558,So this is part of my new health coverage up to age 26?
408,14,33,136,183,1.3333333333333333,0.04540584308523244,558,I'm old enough for a smart phone.
408,16,29,138,183,1.3333333333333333,0.046709624993516795,558,It's time for my bottle of wine.
408,12,37,134,183,1.3333333333333333,0.04406350083148787,558,"So is there a time ""in?"""
408,11,39,133,183,1.3333333333333333,0.04337675489417602,558,Day 7: Still no figurative connection to my inner child.
408,13,35,135,183,1.3333333333333333,0.04473970659161324,558,What are you wearing?
408,13,35,135,183,1.3333333333333333,0.04473970659161324,558,"Mom, I still have to go to college next year.."
408,14,33,136,183,1.3333333333333333,0.04540584308523244,558,"Mom, you really have to stop treating me like a child."
417,16,28,137,181,1.3314917127071824,0.04704610842473456,558,"Just how long is this time-out going to last, mother?"
417,11,38,132,181,1.3314917127071824,0.043662335563809586,558,"Um, I was thinking more the basement?"
419,15,28,133,176,1.3295454545454546,0.04729239101519275,558,"Well, of course she had a c-section."
420,9,41,130,180,1.3277777777777777,0.04230373718404242,558,What have you been putting in my formula?
420,15,29,136,180,1.3277777777777777,0.04649780272573386,558,86 the bottle. Make it a large pepperoni and a Bud.
420,8,43,129,180,1.3277777777777777,0.04156360106277781,558,Hi Mom I don't need a night light anymore
420,15,29,136,180,1.3277777777777777,0.04649780272573386,558,"Mom, am I still covered under your insurance?"
420,17,25,138,180,1.3277777777777777,0.04781414174888889,558,My 401K needs changing.
420,9,41,130,180,1.3277777777777777,0.04230373718404242,558,"At what point do we stop calling this thing a ""baby"" monitor?"
420,12,35,133,180,1.3277777777777777,0.04445026343036561,558,"Mom, I need you to come pick me up."
420,16,27,137,180,1.3277777777777777,0.04716056514453629,558,Tell them I'm working from my safe space today.
420,8,43,129,180,1.3277777777777777,0.04156360106277781,558,Who says you can't go home again?
420,11,37,132,180,1.3277777777777777,0.0437464589721055,558,"Mom, I'm starting to think you're over-protective."
420,15,29,136,180,1.3277777777777777,0.04649780272573386,558,Come on over and check out my new crib.
420,15,29,136,180,1.3277777777777777,0.04649780272573386,558,Beer. No nipple.
420,13,33,134,180,1.3277777777777777,0.0451430965426574,558,"So, yeah, like, could you just like fill out the job application for me?"
420,11,37,132,180,1.3277777777777777,0.0437464589721055,558,Then when can Suzie come for a sleep-over?
420,9,41,130,180,1.3277777777777777,0.04230373718404242,558,"I thought you said, ""You'd be right back""!"
420,15,29,136,180,1.3277777777777777,0.04649780272573386,558,"Mom, all of my friends were allowed to move into the basement after college!"
420,15,29,136,180,1.3277777777777777,0.04649780272573386,558,"Wendy, I don't think Peter is coming"
437,12,34,132,178,1.3258426966292134,0.04475297511536729,558,"Child to Helicopter Parent. Come in, Helicopter Parent."
437,11,36,131,178,1.3258426966292134,0.04403803821252568,558,Guess who got their old bed back?
437,11,36,131,178,1.3258426966292134,0.04403803821252568,558,"Mama, what exactly was the ""formula"" in that last bottle?"
437,15,28,135,178,1.3258426966292134,0.04683234670484836,558,Mom..? I REALLY overslept this time.
437,14,30,134,178,1.3258426966292134,0.046149634081044555,558,Am I still on a time out?
437,15,28,135,178,1.3258426966292134,0.04683234670484836,558,"Mom, are you listening? I said I think it's time I moved out."
437,15,28,135,178,1.3258426966292134,0.04683234670484836,558,Are they ever coming back?
437,14,30,134,178,1.3258426966292134,0.046149634081044555,558,Waa. Over.
437,16,26,136,178,1.3258426966292134,0.04750524886738236,558,"The genie blew it. On my third and final wish, I asked for a luxury crib fit for a rock star."
446,13,31,133,177,1.3220338983050848,0.04555346022773848,558,"Yes Mom, I get your hint that you want grandchildren soon."
446,17,23,137,177,1.3220338983050848,0.04828998944161467,558,"Sorry honey, we donated all your big boy stuff, but you're welcome to stay as long as you need."
446,15,27,135,177,1.3220338983050848,0.04694167028872858,558,"Siri, why am I in this crib?"
446,12,33,132,177,1.3220338983050848,0.04484324256041679,558,How's about a bottle of beer and a warm blankie?
446,16,25,136,177,1.3220338983050848,0.04762060210542785,558,"Their parents haven't come back yet, but I'm safe from the kids."
446,6,45,126,177,1.3220338983050848,0.04032007429315723,558,The least you could do would be to rub whiskey on my gums.
446,16,25,136,177,1.3220338983050848,0.04762060210542785,558,"Mom, is there a student loan officer under my bed?"
446,9,39,129,177,1.3220338983050848,0.04264167441798044,558,I promise I won't grow up to be a millennial.
446,11,35,131,177,1.3220338983050848,0.04412159412288499,558,How soon before you finish reading that Dr. Spock book?
455,15,26,134,175,1.32,0.047284208648559665,558,"This demeans us both, over."
455,11,34,130,175,1.32,0.04441925942148704,558,Moving back in with Mom and Dad is really infantilizing.
455,13,30,132,175,1.32,0.0458741048690538,558,If I pay rent can I have my big boy bed?
455,12,32,131,175,1.32,0.04515254203857359,558,I just feel like I'm growing up too fast.
455,14,28,133,175,1.32,0.04658449251122883,558,Ok. I'll look for a job tomorrow if you let me sleep in a big-boy bed.
455,16,24,135,175,1.32,0.0479737202279781,558,If I hadn't wasted time on that Masters in English I'd be in a bunk bed by now.
455,12,32,131,175,1.32,0.04515254203857359,558,...but I get to stay covered by my parents' health insurance!
455,15,26,134,175,1.32,0.047284208648559665,558,If I do this they'll let me stay on your insurance?
455,14,28,133,175,1.32,0.04658449251122883,558,I'm calling to report a case of arrested adolescence.
455,12,32,131,175,1.32,0.04515254203857359,558,"If you let me out, I promise to get my own health insurance."
455,9,38,128,175,1.32,0.04291512224810488,558,The upside is kindergarten is going to be a breeze.
455,18,20,137,175,1.32,0.049323835237092974,558,Goodnight moon Goodnight oil tycoon Goodnight DAPL And the EPA Goodnight Obamacare Good night voices everywhere
455,12,32,131,175,1.32,0.04515254203857359,558,"You know you can't actually ground me for my whole life, right?"
455,16,24,135,175,1.32,0.0479737202279781,558,It's been 10 years. Is anybody there?
455,13,30,132,175,1.32,0.0458741048690538,558,Yeah.... my therapist said I need to embrace my inner child....
455,10,36,129,175,1.32,0.043673666694720926,558,You guys have to stop babying me.
455,11,34,130,175,1.32,0.04441925942148704,558,"Um, Mom, if you ever take a break from Facebook, I think I'm ready for a big-kid bed."
455,14,28,133,175,1.32,0.04658449251122883,558,"Okay, I'm ready! The safe word is 'Pampers.'"
455,12,32,131,175,1.32,0.04515254203857359,558,"Mom, Dad, hold it down in there... I can hear everything."
455,10,36,129,175,1.32,0.043673666694720926,558,"Sorry I can't join the protest, I'm in time out."
455,11,34,130,175,1.32,0.04441925942148704,558,Childhood isn't as good as I remember.
455,12,32,131,175,1.32,0.04515254203857359,558,"If anyone's listening, this is day 57, year 13. I am still trapped. I have found no escape."
455,11,34,130,175,1.32,0.04441925942148704,558,"If you're listing, Mom—I'm starting to reconsider moving back-in."
455,16,24,135,175,1.32,0.0479737202279781,558,"Hello, Mom, could you bring me a beer?"
455,15,26,134,175,1.32,0.047284208648559665,558,"Testing, goo, goo, gaa, gaa."
455,19,18,138,175,1.32,0.04998521949024216,558,"Mom, would you bring me my participation trophy?"
455,11,34,130,175,1.32,0.04441925942148704,558,"Hey Dad, can I borrow the car?"
482,7,42,127,176,1.3181818181818181,0.04116084153698826,558,I think I'm old enough for vodka and a therapist now.
482,15,26,135,176,1.3181818181818181,0.04704992450061506,558,Warm milk sounds great...and a Xanax.
484,16,23,135,174,1.3160919540229885,0.04808986509511792,558,What a nap! Who's president?
484,14,27,133,174,1.3160919540229885,0.04668783127064357,558,I really had no idea that having a baby would change our relationship so drastically.
484,10,35,129,174,1.3160919540229885,0.04374917732409341,558,"Mom! Dad! I am pretty sure that now that I have graduated from college, I am supposed to be in your basement."
484,13,29,132,174,1.3160919540229885,0.04597078225025984,558,Can I get a double expresso with extra milk?
484,8,39,127,174,1.3160919540229885,0.0422031868515212,558,any chance you forgot about me up here
484,7,41,126,174,1.3160919540229885,0.041408552406104866,558,Looking for binkie. Over.
484,15,25,134,174,1.3160919540229885,0.04739403292410726,558,"Honey, I just don't think role playing is my thing"
484,17,21,136,174,1.3160919540229885,0.04877577157689994,558,"Mommy, what's a helicopter parent?"
484,9,37,128,174,1.3160919540229885,0.042983133302258114,558,"Mom, for my generation it's totally normal to live at home until I'm at least 35."
493,8,33,115,156,1.314102564102564,0.045295178543592024,558,"No, you're being childish!"
494,10,34,128,172,1.313953488372093,0.044040502708550075,558,Can you hear me now? My voice has changed.
494,12,30,130,172,1.313953488372093,0.04555836685868481,558,"I'm thirsty, can you bring me a beer?"
494,14,26,132,172,1.313953488372093,0.0470272655258544,558,"Hello, room service?"
494,9,36,127,172,1.313953488372093,0.04326160448732171,558,"I'm grounded, and won't be able to make Happy Hour."
494,13,28,131,172,1.313953488372093,0.04629864195454184,558,911? Help! I'm being held prisoner by overprotective parents.
494,13,28,131,172,1.313953488372093,0.04629864195454184,558,The only downside to living rent free with my parents is mandatory nap time.
494,16,22,134,172,1.313953488372093,0.04845165234383569,558,Stop calling me a big baby!
494,9,36,127,172,1.313953488372093,0.04326160448732171,558,This call may be recorded for training purposes.
494,6,42,124,172,1.313953488372093,0.04083586725911914,558,I'll look for a job in the morning.
494,11,32,129,172,1.313953488372093,0.04480586272828767,558,You do know that 'sleep like a baby' is just an expression?
494,7,40,125,172,1.313953488372093,0.041660142952332155,558,It's not as relaxing as I remember.
494,8,38,126,172,1.313953488372093,0.04246842317314245,558,"Mom, a growth spurt is putting it mildly."
494,8,38,126,172,1.313953488372093,0.04246842317314245,558,"Hey dude, you've gotta come check out my new crib."
494,12,30,130,172,1.313953488372093,0.04555836685868481,558,"Yo, bro. In my crib. Chillin."
494,14,26,132,172,1.313953488372093,0.0470272655258544,558,"Mom, Dad, you wanna hold it down in there."
494,17,20,135,172,1.313953488372093,0.04914836793681221,558,...and tomorrow can you tell my professor that I really feel like I deserve an A
494,9,36,127,172,1.313953488372093,0.04326160448732171,558,How about just hanging out with me in my crib tonight?
494,15,24,133,172,1.313953488372093,0.04774477101048413,558,Mother? Have you finished filling out my job applications yet?
494,11,32,129,172,1.313953488372093,0.04480586272828767,558,I could use a change.
494,8,38,126,172,1.313953488372093,0.04246842317314245,558,"Mom, I was thinking...could you go in tomorrow and defend my dissertation?"
494,13,28,131,172,1.313953488372093,0.04629864195454184,558,"Mom said she’d come check on me, but that was 2009."
494,10,34,128,172,1.313953488372093,0.044040502708550075,558,'I woke up a long time ago.'
494,12,30,130,172,1.313953488372093,0.04555836685868481,558,"Mocha frappuccino venti, Mommy, please."
494,7,40,125,172,1.313953488372093,0.041660142952332155,558,I think I'm overdue for an upgrade.
494,8,38,126,172,1.313953488372093,0.04246842317314245,558,Have we heard from Harvard yet?
494,11,32,129,172,1.313953488372093,0.04480586272828767,558,"Mother, I'm sorry I called you controlling."
494,10,34,128,172,1.313953488372093,0.044040502708550075,558,"Mom, can I borrow the car tomorrow night?"
494,17,20,135,172,1.313953488372093,0.04914836793681221,558,I'm STILL not sleepy.
494,6,42,124,172,1.313953488372093,0.04083586725911914,558,How long am I grounded? Over.
494,9,36,127,172,1.313953488372093,0.04326160448732171,558,"Hey, Mom, do you think I could stay in a dorm next semester?"
494,12,30,130,172,1.313953488372093,0.04555836685868481,558,This Airbnb is pretty childish.
494,11,32,129,172,1.313953488372093,0.04480586272828767,558,Mom? I think I might literally be growing up too fast.
494,9,36,127,172,1.313953488372093,0.04326160448732171,558,How long IS this time out?...feels like it's been years.
494,15,24,133,172,1.313953488372093,0.04774477101048413,558,"Mom, are my college essays finished? Over."
494,12,30,130,172,1.313953488372093,0.04555836685868481,558,"You know grandpa and grandma used to play outside... by themselves... completely unsupervised, right?"
494,10,34,128,172,1.313953488372093,0.044040502708550075,558,How are my college applications coming along?
494,8,38,126,172,1.313953488372093,0.04246842317314245,558,"I'd like a turkey sandwich and student loan forgiveness, over."
494,13,28,131,172,1.313953488372093,0.04629864195454184,558,"I know the book says to leave the baby in his crib until he stops complaining, but isn't this getting ridiculous?"
494,10,34,128,172,1.313953488372093,0.044040502708550075,558,This has been like a really long Time-Out...
494,10,34,128,172,1.313953488372093,0.044040502708550075,558,Can I crawl in with you guys? I had a bad dream about college.
534,13,28,132,173,1.3121387283236994,0.04606600168572614,558,"""hanging at your crib"" isn't as exciting as I thought it would be"
534,16,22,135,173,1.3121387283236994,0.04820494286571026,558,"Mom, where do post-millennials come from?"
534,14,26,133,173,1.3121387283236994,0.046789847685529094,558,"But Mom, you said you would be right back!"
537,15,23,133,171,1.3099415204678362,0.04785495062282113,558,"Hey Dad, it's Donnie. Can I borrow just one million to buy some Manhattan real estate?"
537,9,35,127,171,1.3099415204678362,0.043327815563287166,558,"Uber ... I'll be in pajamas, stars and moons."
537,15,23,133,171,1.3099415204678362,0.04785495062282113,558,Can I cancel next month's growth hormone shipment?
537,8,37,126,171,1.3099415204678362,0.04252646413566294,558,"Yeah, let's do lunch tomorrow at the sandbox."
537,14,25,132,171,1.3099415204678362,0.04713063599728149,558,"Remember, kids, you can stay five forever and still be president!"
537,11,31,129,171,1.3099415204678362,0.044887620795660756,558,Well I guess technically the airbnb ad was correct; this place could sleep three.
537,12,29,130,171,1.3099415204678362,0.0456475404627614,558,"This is my son, he's 298 months old..."""
544,10,32,127,169,1.3076923076923077,0.04441155916843275,558,"Mom, Dad ... I think we have overslept"
544,15,22,132,169,1.3076923076923077,0.04821409004061605,558,"No, actually I feel less safe."
544,9,34,126,169,1.3076923076923077,0.043611285347218524,558,Are you sure my time out isn't over?
544,12,28,129,169,1.3076923076923077,0.04597033112824591,558,Do you think that you have it bad? My parents treat me like a baby.
544,12,28,129,169,1.3076923076923077,0.04597033112824591,558,Now can I stay on my parents' health insurance?
544,7,38,124,169,1.3076923076923077,0.041964978891537,558,"I'm in. They suspect nothing, I mean, Goo-ga. Goo-ga."
544,10,32,127,169,1.3076923076923077,0.04441155916843275,558,Did you finish my college applications?
544,12,28,129,169,1.3076923076923077,0.04597033112824591,558,"When you said I can stay at your""crib"" this is not what I had in mind."
544,10,32,127,169,1.3076923076923077,0.04441155916843275,558,"I'm not being cranky, Mom. I just think it's time for a big-boy bed."
544,13,26,130,169,1.3076923076923077,0.04673022279184276,558,How about if I promise not to mention the President for a full week?
544,11,30,128,169,1.3076923076923077,0.04519766549176948,558,"No, not milk, but I would like a bottle."
544,16,20,133,169,1.3076923076923077,0.04893915463695014,558,If only I'd been born on March 1st...
544,11,30,128,169,1.3076923076923077,0.04519766549176948,558,I don't care if it's another 10 years...I still won't eat kale.
544,13,26,130,169,1.3076923076923077,0.04673022279184276,558,"Pat, please tell the Board of Directors that I am ready to apologize."
544,13,26,130,169,1.3076923076923077,0.04673022279184276,558,Helicopter Mom are you there? Over
544,11,30,128,169,1.3076923076923077,0.04519766549176948,558,"Okay honey I've learned my lesson, can I at least move back to the couch now?"
544,16,20,133,169,1.3076923076923077,0.04893915463695014,558,"I'm not only still breathing, mom and dad, I'm 23 years old."
544,11,30,128,169,1.3076923076923077,0.04519766549176948,558,You guys never let me do ANYTHING! Billy's parents let HIM out 11 years ago!!
544,9,34,126,169,1.3076923076923077,0.043611285347218524,558,I'm past the difficult years. Can I come out now?
544,13,26,130,169,1.3076923076923077,0.04673022279184276,558,"Mom, Dad, I wish you hadn't keep the room the way you remember it."
544,12,28,129,169,1.3076923076923077,0.04597033112824591,558,"Mommy, I need my pacifier...or some weed."
544,13,26,130,169,1.3076923076923077,0.04673022279184276,558,Earth to overprotective parents. Earth to overprotective parents.
544,8,36,125,169,1.3076923076923077,0.04279604925109129,558,"Mom, I really don't need a nightlight. Quit coddling me."
544,13,26,130,169,1.3076923076923077,0.04673022279184276,558,"Babe, how many more parenting classes are left?"
544,15,22,132,169,1.3076923076923077,0.04821409004061605,558,"So I decided, if the president can act like an overgrown baby, why shouldn't I?"
544,11,30,128,169,1.3076923076923077,0.04519766549176948,558,20 years for a time out seems a bit excessive
570,13,25,130,168,1.3035714285714286,0.04682607141968468,558,I'm not leaving my bed until Trump is gone and the world is SAFE again.
570,12,27,129,168,1.3035714285714286,0.0460586035955466,558,"Mom, I'm thirsty...but this time, could you make it on the rocks, and use the good cherries?"
570,10,31,127,168,1.3035714285714286,0.04448396302390643,558,It's time for my 2:00 a.m. feeding--how about pizza?
573,12,26,128,166,1.3012048192771084,0.04638826846039552,558,I know you can hear me..
573,10,30,126,166,1.3012048192771084,0.04478652420648602,558,I'm don't feel that regressive therapy is working for me.
573,15,20,131,166,1.3012048192771084,0.048692191377438306,558,Quit treating me like a baby! I'm 216 months old!
573,5,40,121,166,1.3012048192771084,0.04050599955388385,558,"Mom, Dad, I sure hope you are saving up for my therapy."
573,12,26,128,166,1.3012048192771084,0.04638826846039552,558,Am I grounded for my life or yours?
573,6,38,122,166,1.3012048192771084,0.041397528307702415,558,Son to Mother! I'm over my terrible two's.
573,11,28,127,166,1.3012048192771084,0.04559443058780252,558,I'm just waiting for my parents to come pick me up
573,10,30,126,166,1.3012048192771084,0.04478652420648602,558,I'm staying here until the Trump presidency is over.
573,11,28,127,166,1.3012048192771084,0.04559443058780252,558,"No, but you have given me a great topic for my college admission essay."
573,15,20,131,166,1.3012048192771084,0.048692191377438306,558,20 is the new 0.
573,10,30,126,166,1.3012048192771084,0.04478652420648602,558,Tell me the one again with the 'Debt-free Graduate and the Rent Controlled Apartment.'
573,15,20,131,166,1.3012048192771084,0.048692191377438306,558,Stop treating me like a child!
573,10,30,126,166,1.3012048192771084,0.04478652420648602,558,Is time-out going to be over soon?
573,12,26,128,166,1.3012048192771084,0.04638826846039552,558,I know why the caged bird sings.
573,12,26,128,166,1.3012048192771084,0.04638826846039552,558,Let's just say that I think I've hit a bit of a growth spurt.
573,12,26,128,166,1.3012048192771084,0.04638826846039552,558,I am not a big baby!
589,14,22,131,167,1.2994011976047903,0.047682736080243274,558,I have a doctorate in sociology. I think I'm ready for a big boy bed.
589,11,28,128,167,1.2994011976047903,0.04535646281865432,558,"Mom, come quick! Growth spurt!"
591,12,26,130,168,1.2976190476190477,0.045904032474590635,558,"Good News, Mom - I'm born again!"
592,10,29,126,165,1.2969696969696969,0.0448568738283862,558,Just how long AM I grounded?
592,14,21,130,165,1.2969696969696969,0.04803934272744916,558,This administration has aged us all.
592,9,31,125,165,1.2969696969696969,0.044025325662036485,558,Get the stroller and meet me out back
592,9,31,125,165,1.2969696969696969,0.044025325662036485,558,Wait. I've been asleep for how long?
592,15,19,131,165,1.2969696969696969,0.04880254378301108,558,My parents are pretending it's the beginning of the Obama Administration.
592,7,35,123,165,1.2969696969696969,0.04231323244132485,558,"Mom, did you remember to send in my college applications?"
592,13,23,129,165,1.2969696969696969,0.047263819351359364,558,"Two eggs,scrambled.Coffee,black"
592,8,33,124,165,1.2969696969696969,0.04317776591766852,558,Dear Diary....I just thought I'd be further along by now
592,11,27,127,165,1.2969696969696969,0.0456732849668507,558,I'd like to report a robbery. Someone has taken my childhood.
592,6,37,122,165,1.2969696969696969,0.04143066267423435,558,I am working from home today.
592,11,27,127,165,1.2969696969696969,0.0456732849668507,558,"I know I am 35 and don't have a job, but I find this a little passive aggressive."
592,13,23,129,165,1.2969696969696969,0.047263819351359364,558,You know what they say 23 is the new three
592,10,29,126,165,1.2969696969696969,0.0448568738283862,558,"When you said I could crash at your crib, I had the MTV version in my mind."
592,10,29,126,165,1.2969696969696969,0.0448568738283862,558,I must have fallen asleep.
592,8,33,124,165,1.2969696969696969,0.04317776591766852,558,"Mom, Dad...I appreciate you trying to keep me on your health coverage, but..."
592,8,33,124,165,1.2969696969696969,0.04317776591766852,558,"Mom, when can I move into the basement?"
592,10,29,126,165,1.2969696969696969,0.0448568738283862,558,Please let me out Mom...I'm going to miss my job interview.
592,11,27,127,165,1.2969696969696969,0.0456732849668507,558,I should have been more specific when I asked my parents for a pen.
592,15,19,131,165,1.2969696969696969,0.04880254378301108,558,"This isn't what I had in mind when you told me to call you ""Mommy"""
592,13,23,129,165,1.2969696969696969,0.047263819351359364,558,I don't understand--why can't you go to the job interview for me?
612,10,28,125,163,1.294478527607362,0.04516501369728003,558,"Hey, gang, my crib tonight or yours?"
612,9,30,124,163,1.294478527607362,0.044318597679039465,558,Just checking in to see how that IKEA toddler bed is going.
612,10,28,125,163,1.294478527607362,0.04516501369728003,558,So how is this going to work next year when I'm away at college?
612,12,24,127,163,1.294478527607362,0.0468119555920638,558,"You were supposed to be out of your crib after 24 MONTHS, not YEARS."
612,11,26,126,163,1.294478527607362,0.045995856599420154,558,Baby to Mommy: There is definitely some kind of growth hormone in the milk.
612,9,30,124,163,1.294478527607362,0.044318597679039465,558,"What do you mean, act your age?"
612,10,28,125,163,1.294478527607362,0.04516501369728003,558,Could you throw a little Kahlua into that milk?
612,7,34,122,163,1.294478527607362,0.042575314163946,558,Oh all right! You're my daddy. Happy now?
612,9,30,124,163,1.294478527607362,0.044318597679039465,558,Can you hear me now?
612,8,32,123,163,1.294478527607362,0.04345569856989565,558,"Mom, Dad, have you ever thought you may be a tad overprotective?"
612,9,30,124,163,1.294478527607362,0.044318597679039465,558,"It's not the bed in this B&B i'm worried about, Terry. It's the breakfast."
612,9,30,124,163,1.294478527607362,0.044318597679039465,558,"I can’t sleep, Mom. Please text me a story."
612,4,40,119,163,1.294478527607362,0.039817537468330576,558,It's just a really tough job market for recent grads right now.
612,9,30,124,163,1.294478527607362,0.044318597679039465,558,Day 2. The bottle said 'Drink me.'
612,7,34,122,163,1.294478527607362,0.042575314163946,558,"Okay, I'm ready to act like a big boy now."
612,11,26,126,163,1.294478527607362,0.045995856599420154,558,They suspect nothing.
612,9,30,124,163,1.294478527607362,0.044318597679039465,558,"Mom, so far Harvard's just like you described it."
612,13,22,128,163,1.294478527607362,0.04761406880736285,558,Mom...can you call my boss and tell him I'm not feeling well please?
612,9,30,124,163,1.294478527607362,0.044318597679039465,558,"Hey Mom, you know that time machine I was telling you about?"
612,14,20,129,163,1.294478527607362,0.04840289155031148,558,"Sorry, I know being a Leap Year Baby sucks now, but one day you'll appreciate it."
612,13,22,128,163,1.294478527607362,0.04761406880736285,558,Mom?...Dad?...Is there anyone there? It's me...Barron.
612,10,28,125,163,1.294478527607362,0.04516501369728003,558,Is he still president?
612,14,20,129,163,1.294478527607362,0.04840289155031148,558,"College is great, Mom! Plenty of trigger warnings and a nice, cozy dorm room."
612,9,30,124,163,1.294478527607362,0.044318597679039465,558,Is my time out over?
612,14,20,129,163,1.294478527607362,0.04840289155031148,558,Is this a bad time to tell you my girlfriend’s pregnant?
612,8,32,123,163,1.294478527607362,0.04345569856989565,558,"Yeah, Mom - more than a little over protective."
612,10,28,125,163,1.294478527607362,0.04516501369728003,558,"Hey Mom, Is my timeout over ?"
612,12,24,127,163,1.294478527607362,0.0468119555920638,558,"Mom, stop treating me like a baby."
612,12,24,127,163,1.294478527607362,0.0468119555920638,558,"You said you'd be right back, 12 years ago."
612,10,28,125,163,1.294478527607362,0.04516501369728003,558,"Hey Mom, I have my LSAT tomorrow. Can you wake me early?"
612,12,24,127,163,1.294478527607362,0.0468119555920638,558,"This mission might go wrong, sir. My cover's gonna get blown sooner or later."
612,11,26,126,163,1.294478527607362,0.045995856599420154,558,Climb out of your crib and get your own glass of water!
644,9,30,125,164,1.2926829268292683,0.04408411708007125,558,Hey Mom -- I need a ride to work.
644,8,32,124,164,1.2926829268292683,0.04322722151193844,558,I think they're on to me.
646,9,29,123,161,1.2919254658385093,0.04461685713308811,558,I needed to find my inner child.
647,9,29,124,162,1.2901234567901234,0.04437719097706396,558,Can you bring the financials with my milk?
647,9,29,124,162,1.2901234567901234,0.04437719097706396,558,"Alright Helen, I take it back. I'm not jealous of the baby."
647,10,27,125,162,1.2901234567901234,0.04523291185758809,558,"This isn't exactly what I meant when I asked to move back into my old room, but since I'm here how about those milk and cookies?"
647,11,25,126,162,1.2901234567901234,0.04607274195462931,558,Failure to launch
647,8,31,123,162,1.2901234567901234,0.04350464162492643,558,"HELLO. Mom. Dad. Anybody there? I promise, I will start my job search just as soon as I get out of here."
647,13,21,128,162,1.2901234567901234,0.04770807084153488,558,"Not only is this unnecessary, Mom, but you'll never get Mexico to pay for it."
647,13,21,128,162,1.2901234567901234,0.04770807084153488,558,Thomas Wolfe just may have been right.
647,11,25,126,162,1.2901234567901234,0.04607274195462931,558,I'm not being childish. I just can't move out of Manhattan right now.
647,12,23,127,162,1.2901234567901234,0.04689753498126938,558,I know why the caged bird sings.
647,10,27,125,162,1.2901234567901234,0.04523291185758809,558,"Sure, when I can afford it, I'd love to have my own crib."
647,12,23,127,162,1.2901234567901234,0.04689753498126938,558,"Sweetheart, next time please read the Airbnb listing a little more carefully."
647,11,25,126,162,1.2901234567901234,0.04607274195462931,558,Bring my stroller...and a latté.
647,8,31,123,162,1.2901234567901234,0.04350464162492643,558,I know I said that I want my own crib...
647,11,25,126,162,1.2901234567901234,0.04607274195462931,558,"Mom, it's time for my 2 a.m. twitter feed."
647,8,31,123,162,1.2901234567901234,0.04350464162492643,558,How about you come over to my crib and chill tonight?
647,9,29,124,162,1.2901234567901234,0.04437719097706396,558,"Hello, room service?"
647,8,31,123,162,1.2901234567901234,0.04350464162492643,558,I can't fall asleep with you constantly listening.
647,13,21,128,162,1.2901234567901234,0.04770807084153488,558,"If you did this to Fluffy, the ASPCA would be all over you."
647,12,23,127,162,1.2901234567901234,0.04689753498126938,558,"Donald J. Trump, Age 15"
647,9,29,124,162,1.2901234567901234,0.04437719097706396,558,"Okay, Mom, I get your point ... moving back in requires chipping in."
647,10,27,125,162,1.2901234567901234,0.04523291185758809,558,"Well, then could I have a gin and tonic?"
647,11,25,126,162,1.2901234567901234,0.04607274195462931,558,"I'm onto you, mom & dad. There no such thing as ""alternative beds""."
647,10,27,125,162,1.2901234567901234,0.04523291185758809,558,"Mom, do you think we could back off a little on the parental controls?"
647,10,27,125,162,1.2901234567901234,0.04523291185758809,558,The after-party starts at midnight. My crib
671,11,24,125,160,1.2875,0.04640156620106641,558,"Hey, Mommy, what's human growth hormone?"
671,8,30,122,160,1.2875,0.043786485235837044,558,"Mom, do I get my own room when I graduate from Stanford?"
671,11,24,125,160,1.2875,0.04640156620106641,558,"I forgot my safe word, can we start over?"
671,9,28,123,160,1.2875,0.04467519044737731,558,"FYI: I'm not moving out, and you can't make me."
671,14,18,128,160,1.2875,0.04887693118962894,558,When you said you were into baby talk this wasn’t what I had in mind.
671,9,28,123,160,1.2875,0.04467519044737731,558,I said I was sorry like a million years ago.
671,11,24,125,160,1.2875,0.04640156620106641,558,"No, not formula, beer."
671,10,26,124,160,1.2875,0.045546558527628525,558,Hello? Anyone? Has Trump issued an Executive Order dismantling No Child Left Behind?
671,15,16,129,160,1.2875,0.049674649014532356,558,But you have to let me out -- I won the Election!
671,13,20,127,160,1.2875,0.04806597601541515,558,"Young Trump 4 am Tweet, ""TREMENDOUS BEDWETTING, THE GREATEST, NO QUESTION."""
671,11,24,125,160,1.2875,0.04640156620106641,558,Can you bring me a scotch?
671,10,26,124,160,1.2875,0.045546558527628525,558,You forgot to tuck me in
683,9,27,123,159,1.2830188679245282,0.04473032666294518,558,"Honey, your father and I owe you an apology, we may have let you over-sleep."
683,10,25,124,159,1.2830188679245282,0.04561155137981816,558,Wanna hang out at my crib or yours ?
683,9,27,123,159,1.2830188679245282,0.04473032666294518,558,When you bring my bottle this time make it a Bud.
683,9,27,123,159,1.2830188679245282,0.04473032666294518,558,Could we meet at your place? I'm a little penned in.
683,7,31,121,159,1.2830188679245282,0.042913624078767434,558,It's a go. I'm breaking out of the pen tonight.
683,10,25,124,159,1.2830188679245282,0.04561155137981816,558,"Mom, is quiet time over yet? It's been a while."
683,7,31,121,159,1.2830188679245282,0.042913624078767434,558,Sleeping like a baby's not all it's cracked up to be.
683,10,25,124,159,1.2830188679245282,0.04561155137981816,558,I'm not leaving as long as Donald Trump is president.
683,9,27,123,159,1.2830188679245282,0.04473032666294518,558,"But Mommy, I need my blankie--it's finals week!"
683,9,27,123,159,1.2830188679245282,0.04473032666294518,558,Don't you think I'm old enough to sleep without this nightlight on?
683,11,23,125,159,1.2830188679245282,0.046476070349953214,558,I pooped again. Over.
683,9,27,123,159,1.2830188679245282,0.04473032666294518,558,"Mommy, I want a glass of merlot."
683,7,31,121,159,1.2830188679245282,0.042913624078767434,558,"Sell the Amazon stock, move it into CXW and bring me my bottle."
683,13,19,127,159,1.2830188679245282,0.04815857251802441,558,"""You can't baby me forever,"" wasn't a challenge, Mom."
683,13,19,127,159,1.2830188679245282,0.04815857251802441,558,"After tonight, no more Fetish Fridays."
683,9,27,123,159,1.2830188679245282,0.04473032666294518,558,But my girl friend can take me. She drives.
683,10,25,124,159,1.2830188679245282,0.04561155137981816,558,I'm ready to move to the basement.
683,7,31,121,159,1.2830188679245282,0.042913624078767434,558,"Your Father and I are right here. Now, go to sleep. You have your boards tomorrow."
683,11,23,125,159,1.2830188679245282,0.046476070349953214,558,"Mommy, 'nuther growth spurt!"
683,9,27,123,159,1.2830188679245282,0.04473032666294518,558,"Yeah mom I'm doing fine at college, don't worry. I even got my own crib."
683,12,21,126,159,1.2830188679245282,0.04732479911287324,558,You wanna come over to my crib?
683,9,27,123,159,1.2830188679245282,0.04473032666294518,558,Just a reminder that you have 10 minutes before my next feeding.
683,9,27,123,159,1.2830188679245282,0.04473032666294518,558,Mummy? Davy wants a martini.
683,9,27,123,159,1.2830188679245282,0.04473032666294518,558,"Mom, any news on my appeal?"
683,7,31,121,159,1.2830188679245282,0.042913624078767434,558,So unfair! Joey was allowed to move to a big boy bed when he turned 14.
683,6,33,120,159,1.2830188679245282,0.04197579821365831,558,Wanna hang at my crib tonight?
683,10,25,124,159,1.2830188679245282,0.04561155137981816,558,Is time out over? I'm 20 now.
683,10,25,124,159,1.2830188679245282,0.04561155137981816,558,Is my time out over yet?
683,8,29,122,159,1.2830188679245282,0.04383138860991945,558,"...and I think it's time I met some girls, too."
683,14,17,128,159,1.2830188679245282,0.0489781543432766,558,This is not my idea of role playing!
683,11,23,125,159,1.2830188679245282,0.046476070349953214,558,...until eighteen MONTHS.
683,5,35,119,159,1.2830188679245282,0.04101653495571941,558,When I said I wanted to go back to a simpler time I didn't mean this!
683,12,21,126,159,1.2830188679245282,0.04732479911287324,558,"Mom, who is The Donald and why is he tweeting me?"
683,8,29,122,159,1.2830188679245282,0.04383138860991945,558,"Mom, can you bring me a bottle? Vodkas's fine."
683,9,27,123,159,1.2830188679245282,0.04473032666294518,558,"I'll have the Gerber's Alfredo, please."
718,7,30,120,157,1.2802547770700636,0.043181490241751705,558,We need to talk about being 'the baby in the family'.
718,9,26,122,157,1.2802547770700636,0.04503287392732904,558,Really! I'm still grounded!
718,10,24,123,157,1.2802547770700636,0.04593058949635656,558,"I know, your house, your rules, but..."
718,12,20,125,157,1.2802547770700636,0.047675336245684034,558,"Hey MOM!, I'm up...can you bring me a double shot, half caff, ristretto, venti, 4-pump, sugar free, cinnamon, dolce vanilla soy, no-foam, skinny latte"
718,11,22,124,157,1.2802547770700636,0.04681109236934048,558,Not the role playing I had in mind.
718,9,26,122,157,1.2802547770700636,0.04503287392732904,558,I really should have my own bed and an Iphone by now.
718,7,30,120,157,1.2802547770700636,0.043181490241751705,558,Is anyone listening?
718,6,32,119,157,1.2802547770700636,0.04222536894060715,558,Maybe my shrink was speaking figuratively.
718,8,28,121,157,1.2802547770700636,0.04411689491370177,558,"So, mommy, have we heard back from any of the colleges I applied to?"
718,10,24,123,157,1.2802547770700636,0.04593058949635656,558,I'm trying to communicate with my 'inner child'.
718,10,24,123,157,1.2802547770700636,0.04593058949635656,558,Is this your way of telling me I'm not welcomed back home?
718,10,24,123,157,1.2802547770700636,0.04593058949635656,558,Can I order a pizza with this thing?
718,13,18,126,157,1.2802547770700636,0.048524189879555334,558,I figured that method-acting may help me understand the mindset of our president a little bit better.
718,9,26,122,157,1.2802547770700636,0.04503287392732904,558,Warm almond milk and my completed college application essays please.
718,9,26,122,157,1.2802547770700636,0.04503287392732904,558,I'm not coming out until the 2020 elections.
718,8,28,121,157,1.2802547770700636,0.04411689491370177,558,I guess this is you both being passive-aggessive about me moving back home.
718,7,30,120,157,1.2802547770700636,0.043181490241751705,558,"All things being equal, I prefer the swear jar!"
718,5,34,118,157,1.2802547770700636,0.04124709038031996,558,Still cheaper than a dorm room.
718,9,26,122,157,1.2802547770700636,0.04503287392732904,558,"I'll be down in a minute, honey; I am still checking in with my inner child."
718,6,32,119,157,1.2802547770700636,0.04222536894060715,558,"I'd like to make dinner reservatuons for two, for tomorrow, for when the big hand is on the 12, and the little hand on the 7."
718,8,28,121,157,1.2802547770700636,0.04411689491370177,558,This is your millennial wakeup call.
718,5,34,118,157,1.2802547770700636,0.04124709038031996,558,Did I miss school.....I mean all of it?
718,13,18,126,157,1.2802547770700636,0.048524189879555334,558,"Mommy, I'm at the ""safe space"" in my dorm."
718,8,28,121,157,1.2802547770700636,0.04411689491370177,558,"Ok, I'll stop ""acting like a baby."" Can I come back to bed, now?"
742,10,24,124,158,1.2784810126582278,0.0456734195462213,558,"you'll never win the cartoon caption contest in the New Yorker, go to bed!"
742,9,26,123,158,1.2784810126582278,0.04478209014730891,558,Can I have a glass of vodka?
744,12,19,125,156,1.2756410256410255,0.04775672251078935,558,Please add some more scotch to my bottle tonight.
744,5,33,118,156,1.2756410256410255,0.04125183200054257,558,Just checking in again on how much you've saved for college.
744,16,11,129,156,1.2756410256410255,0.05110339018820281,558,"I already searched Ancestry.com, it has to be from your side of the family"
744,10,23,123,156,1.2756410256410255,0.04599215773471549,558,"Not now Mom, I'm filming an episode of Cribs."
744,11,21,124,156,1.2756410256410255,0.04688274265690673,558,"Hey, Siri. How can I grow up and leave home?"
744,9,25,122,156,1.2756410256410255,0.04508398370991806,558,This micro apartment courtesy of Air B&B-Y.
744,7,29,120,156,1.2756410256410255,0.04321041095938075,558,"Peter Pan to Wendy, do you copy?"
744,5,33,118,156,1.2756410256410255,0.04125183200054257,558,Mom? Dad? Mr. Serling?
744,5,33,118,156,1.2756410256410255,0.04125183200054257,558,I Think I'm Old Enough For A Later Bed Time
744,10,23,123,156,1.2756410256410255,0.04599215773471549,558,I am the only one in pre-school who can slam dunk.
744,8,27,121,156,1.2756410256410255,0.044157135337534806,558,"Okay, Professor, the time machine is back up and running."
744,10,23,123,156,1.2756410256410255,0.04599215773471549,558,"Honey, I had something different in mind when you said ""role play."""
744,7,29,120,156,1.2756410256410255,0.04321041095938075,558,So.... my parents aren't home if you wanna come stop by my crib
744,8,27,121,156,1.2756410256410255,0.044157135337534806,558,"What do you mean. ""I'm acting like a two year old?"""
744,8,27,121,156,1.2756410256410255,0.044157135337534806,558,"Mom, I have a Master's Degree."
744,12,19,125,156,1.2756410256410255,0.04775672251078935,558,"Mom, is he still the president? Can I come out?"
744,8,27,121,156,1.2756410256410255,0.044157135337534806,558,"Mom or Dad, could you bring me a beer."
744,9,25,122,156,1.2756410256410255,0.04508398370991806,558,"Dear, just because I threw up and wet myself after the party doesn't mean I deserve this."
744,9,25,122,156,1.2756410256410255,0.04508398370991806,558,"Mom? Dad? You know I can hear you with this thing, and now I understand what you are doing"
744,8,27,121,156,1.2756410256410255,0.044157135337534806,558,"Uh, hello..I'm still waiting to be changed."
744,5,33,118,156,1.2756410256410255,0.04125183200054257,558,It's not working. I still feel old.
744,8,27,121,156,1.2756410256410255,0.044157135337534806,558,I'm getting too old for this.
744,9,25,122,156,1.2756410256410255,0.04508398370991806,558,These aren't the types of bars I had in mind.
744,7,29,120,156,1.2756410256410255,0.04321041095938075,558,Hey Mom ! Don't forget your driving me to work tomorrow !
744,11,21,124,156,1.2756410256410255,0.04688274265690673,558,"Mom, what time is graduation again?"
744,9,25,122,156,1.2756410256410255,0.04508398370991806,558,"Wake up, Mom. It's time for college."
744,9,25,122,156,1.2756410256410255,0.04508398370991806,558,Not exactly what I meant by 'retro'.
744,8,27,121,156,1.2756410256410255,0.044157135337534806,558,"Mom, now that I have my license, don't you think it's time for a car bed?"
744,8,27,121,156,1.2756410256410255,0.044157135337534806,558,You know I start college in a month.
744,10,23,123,156,1.2756410256410255,0.04599215773471549,558,Hey Mom is the time out up yet?
744,6,31,119,156,1.2756410256410255,0.04224247423316703,558,"No, I don't want the meal deal. Just the sippy cup."
744,11,21,124,156,1.2756410256410255,0.04688274265690673,558,"Wake up, Sweetie. Time to go to college."
744,4,35,117,156,1.2756410256410255,0.040236807247372344,558,Pick up another 500 shares of Facebook at the open.
744,10,23,123,156,1.2756410256410255,0.04599215773471549,558,"Toddler-One to Helicopter Mom, I think I’m ready for a change. Over."
744,9,25,122,156,1.2756410256410255,0.04508398370991806,558,Do you really think this will qualify me as your dependent now that my health insurance is being cancelled?
744,7,29,120,156,1.2756410256410255,0.04321041095938075,558,"The dorm's great, just like home."
744,8,27,121,156,1.2756410256410255,0.044157135337534806,558,Why did we ever move into this New York apartment? *** PLEASE NOTE: Submitted on behalf of my 10 year old son - Nathan Toby Neulander
744,7,29,120,156,1.2756410256410255,0.04321041095938075,558,"Mom, I grew up. Can I come out now?"
744,7,29,120,156,1.2756410256410255,0.04321041095938075,558,"Mom, I'm 21 now. Make it a White Russian."
744,10,23,123,156,1.2756410256410255,0.04599215773471549,558,"Twenty-two is the new two, Mom."
744,11,21,124,156,1.2756410256410255,0.04688274265690673,558,Mommy ! Is my Timeout over yet ?
744,9,25,122,156,1.2756410256410255,0.04508398370991806,558,"My mom said since I wasn’t going to give her grandchildren, I would have to do."
744,9,25,122,156,1.2756410256410255,0.04508398370991806,558,Is that enough time-out?
744,7,29,120,156,1.2756410256410255,0.04321041095938075,558,Mom? I think I've outgrown the night light...
744,8,27,121,156,1.2756410256410255,0.044157135337534806,558,Just tell the professor I'm in a safe space.
744,6,31,119,156,1.2756410256410255,0.04224247423316703,558,"Mom, the whole Peter Pan thing? I'm over it. I DO want to grow up!"
744,8,27,121,156,1.2756410256410255,0.044157135337534806,558,Remember 2 olives!
744,7,29,120,156,1.2756410256410255,0.04321041095938075,558,Ba ba goo goo. Over.
744,7,29,120,156,1.2756410256410255,0.04321041095938075,558,I am done reliving my childhood. Can you come pick me up?
744,6,31,119,156,1.2756410256410255,0.04224247423316703,558,You win - I'll use the toilet.
744,7,29,120,156,1.2756410256410255,0.04321041095938075,558,Check out my sweet crib.
744,9,25,122,156,1.2756410256410255,0.04508398370991806,558,The doctor says that he is right on track for a millennial.
744,7,29,120,156,1.2756410256410255,0.04321041095938075,558,Can I get that sippy cup to go?
744,11,21,124,156,1.2756410256410255,0.04688274265690673,558,I'm thinking Enfamil and Netflix. You?
744,10,23,123,156,1.2756410256410255,0.04599215773471549,558,"My parents said they would be right back, but it seems like they have been gone a long time."
744,8,27,121,156,1.2756410256410255,0.044157135337534806,558,"I'm sorry about this weekend, but I'm SOoo Grounded!!"
744,9,25,122,156,1.2756410256410255,0.04508398370991806,558,"Mom, Dad - I'm ready for college now."
744,10,23,123,156,1.2756410256410255,0.04599215773471549,558,"This is not what I was expecting when you said ""let's go back to my crib""."
802,7,28,119,154,1.2727272727272727,0.04348060933208722,558,"Is that you, Mom? I can hear you breathing."
802,7,28,119,154,1.2727272727272727,0.04348060933208722,558,How long do I have to stay in timeout?
802,7,28,119,154,1.2727272727272727,0.04348060933208722,558,"Yo, I'm gonna chill out in my own crib tonight"
802,9,24,121,154,1.2727272727272727,0.045390838982517376,558,I can't seem to find my inner child.
802,7,28,119,154,1.2727272727272727,0.04348060933208722,558,"Well I wouldn't say wet, just damp."
802,13,16,125,154,1.2727272727272727,0.04898834570417005,558,"Mom, how much longer is my time-out going to last?"
802,6,30,118,154,1.2727272727272727,0.04249330476752751,558,How many more gap years before kindergarten?
802,9,24,121,154,1.2727272727272727,0.045390838982517376,558,"OK, I'm in my safe space. Go ahead Professor."
802,8,26,120,154,1.2727272727272727,0.044445987734701146,558,"Mommy, Daddy yelled at me to get a job!"
802,9,24,121,154,1.2727272727272727,0.045390838982517376,558,...but I'm finally out of the car seat.
802,10,22,122,154,1.2727272727272727,0.0463164193495183,558,I'm ready to run for president
802,7,28,119,154,1.2727272727272727,0.04348060933208722,558,Any one there? It's been awhile.
802,10,22,122,154,1.2727272727272727,0.0463164193495183,558,I'm a Baby Roomer.
802,10,22,122,154,1.2727272727272727,0.0463164193495183,558,"Mom, I'm still waiting for you to fill out my college applications."
802,12,18,124,154,1.2727272727272727,0.048114193093178464,558,"Hey Mom, could you text my friends that there's a party in my crib tonight."
802,7,28,119,154,1.2727272727272727,0.04348060933208722,558,Just finishing my crib notes.
802,10,22,122,154,1.2727272727272727,0.0463164193495183,558,Mom? Dad? Come in. I’ve decided I am too old... for a night light. Over.
802,5,32,117,154,1.2727272727272727,0.04148250850951955,558,Mom...you know that growth hormone you gave me?
802,8,26,120,154,1.2727272727272727,0.044445987734701146,558,"At this rate, I'll be 30 before you let me drive."
802,9,24,121,154,1.2727272727272727,0.045390838982517376,558,Do we need the Child Care Credit this badly?
802,9,24,121,154,1.2727272727272727,0.045390838982517376,558,I promise I'll stop calling it my crib and you my old lady.
802,5,32,117,154,1.2727272727272727,0.04148250850951955,558,Either my PJs shrank or I'm ready to start dating.
802,9,24,121,154,1.2727272727272727,0.045390838982517376,558,Mom . . . Dad . . . you've made your point!
802,13,16,125,154,1.2727272727272727,0.04898834570417005,558,"Are you guys done having sex, yet?"
802,9,24,121,154,1.2727272727272727,0.045390838982517376,558,I’m beginning to believe that “until fourth birthday” may not apply to those born on February 29th.
802,8,26,120,154,1.2727272727272727,0.044445987734701146,558,"Are you there, mom? I need a diaper change. And a beer."
802,8,26,120,154,1.2727272727272727,0.044445987734701146,558,"I'm ready to say I'm sorry now, Mommy."
802,7,28,119,154,1.2727272727272727,0.04348060933208722,558,"I get that you're not ready to have a teenager, but I need a ride to the school dance in an hour."
802,8,26,120,154,1.2727272727272727,0.044445987734701146,558,Is this time out about over ?
802,7,28,119,154,1.2727272727272727,0.04348060933208722,558,Wow! This call center has me on hold forever.
802,8,26,120,154,1.2727272727272727,0.044445987734701146,558,"No, why don’t you quit acting like a baby?"
802,11,20,123,154,1.2727272727272727,0.04722386196811997,558,It's my turn to chant 'lock her up' and your turn to be Hillary.
802,7,28,119,154,1.2727272727272727,0.04348060933208722,558,"Mom, come quick! I just had a very weird dream."
835,10,22,123,155,1.270967741935484,0.04605026071463241,558,"No, not Pampers. I said I need change."
836,8,25,120,153,1.2679738562091503,0.04448085276985102,558,I'd go to class but I'm afraid I might be treated like an adult.
836,7,27,119,153,1.2679738562091503,0.04350341309745316,558,Mom? I'm having that dream again.
836,4,33,116,153,1.2679738562091503,0.04042955620720004,558,Why does this always happen when I come and visit mom and dad?
836,8,25,120,153,1.2679738562091503,0.04448085276985102,558,"You win, I'll do my homework."
836,7,27,119,153,1.2679738562091503,0.04350341309745316,558,"I could get out if I wanted to, but I don't want to."
836,6,29,118,153,1.2679738562091503,0.04250350149249065,558,College is great Mom and I'm in my safe place.
836,8,25,120,153,1.2679738562091503,0.04448085276985102,558,"Hey, I asked for that binky and an ashtray ten minutes ago."
836,5,31,117,153,1.2679738562091503,0.04147949285028267,558,Now you come in and pretend you're my Mommy
836,6,29,118,153,1.2679738562091503,0.04250350149249065,558,"Hey, baby. You up?"
836,11,19,123,153,1.2679738562091503,0.04729211561296106,558,"Hey, Mom, I was just kidding. I didn't vote for him."" ""Hey mom, I was just kidding. I didn't vote for him."
836,6,29,118,153,1.2679738562091503,0.04250350149249065,558,Ready to negotiate bedtime. Over.
847,8,24,119,151,1.2649006622516556,0.04477265283562814,558,"Mom -- you didn't look up 'crib' in the Urban Dictionary like I suggested, did you?"
847,7,26,118,151,1.2649006622516556,0.04377545226709975,558,Either I've been abandonned or these batteries are dead
847,8,24,119,151,1.2649006622516556,0.04477265283562814,558,"Okay Google, play Rock-a-bye-baby."
847,7,26,118,151,1.2649006622516556,0.04377545226709975,558,"Yes, Sweetheart, I promise to stop acting childish."
847,5,30,116,151,1.2649006622516556,0.041709588582099735,558,How many more years for my time-out?
847,7,26,118,151,1.2649006622516556,0.04377545226709975,558,But I don't want to grow up.
847,8,24,119,151,1.2649006622516556,0.04477265283562814,558,"Hey guys, I've got a diaper update. You're probably not going to like it."
847,9,22,120,151,1.2649006622516556,0.04574812195806766,558,It's been 12 years. Could you stop relying on the baby monitor and check on me in person?
847,7,26,118,151,1.2649006622516556,0.04377545226709975,558,"Ok Mom, I'll stop using word crib for my apartment"
847,7,26,118,151,1.2649006622516556,0.04377545226709975,558,"Earth visitor to mother ship: they're very accommodating, but they want us to start their life cycle from the beginning. Food's oddly satisfying."
847,8,24,119,151,1.2649006622516556,0.04477265283562814,558,"College dorm life, 2017."
847,10,20,121,151,1.2649006622516556,0.04670322133901241,558,"Mom, come quick! I'm big now."
847,4,32,115,151,1.2649006622516556,0.040637292711713374,558,I'd like to negotiate early release from time out.
847,7,26,118,151,1.2649006622516556,0.04377545226709975,558,"Mom, I'm getting the feeling that I'm missing out on something. Over."
847,7,26,118,151,1.2649006622516556,0.04377545226709975,558,Can you put Mom on?
847,8,24,119,151,1.2649006622516556,0.04477265283562814,558,"Yea, I'm a total babe."
847,9,22,120,151,1.2649006622516556,0.04574812195806766,558,Please have Ivanka meet me in the situation room.
847,9,22,120,151,1.2649006622516556,0.04574812195806766,558,"Dad, I've learned my lesson and am ready to take over the family business."
847,7,26,118,151,1.2649006622516556,0.04377545226709975,558,"You awake, guys? I think we need to talk."
847,9,22,120,151,1.2649006622516556,0.04574812195806766,558,"And another thing, from now on I want store-bought milk."
847,8,24,119,151,1.2649006622516556,0.04477265283562814,558,"No, Mom, I'm not complaining.... Yes, I DO appreciate your letting me move back home. But seriously, no wi-fi?"
847,10,20,121,151,1.2649006622516556,0.04670322133901241,558,"Seriously, Mom I AM the President!"
847,11,18,122,151,1.2649006622516556,0.04763917614937664,558,Batteries must be flat. I've been trying to get their attention for twelve years.
847,9,22,120,151,1.2649006622516556,0.04574812195806766,558,I'm adopted?
847,6,28,117,151,1.2649006622516556,0.04275499971276549,558,"Oh yeah, Dad? At least I can see the cage I'm in."
847,10,20,121,151,1.2649006622516556,0.04670322133901241,558,"Applesauce to start; Peanut butter and jelly on rye for my entrée and a large chocolate milk, please"
847,9,22,120,151,1.2649006622516556,0.04574812195806766,558,Day 124 and they still suspect nothing.
847,9,22,120,151,1.2649006622516556,0.04574812195806766,558,I can't even tweet from this thing. Sad!
847,8,24,119,151,1.2649006622516556,0.04477265283562814,558,"Stop treating me like a baby, I'll finish my college essay tomorrow. Now where's my blankie."
847,8,24,119,151,1.2649006622516556,0.04477265283562814,558,"Mom, this is not going to work. You can't protect me from Betsy DeVos. I have to go to school."
847,5,30,116,151,1.2649006622516556,0.041709588582099735,558,"Mom, you may be a little too overprotective."
847,7,26,118,151,1.2649006622516556,0.04377545226709975,558,I crawled in here during the Bush years. Is it safe to come out now?
847,8,24,119,151,1.2649006622516556,0.04477265283562814,558,Sounds like they're having fun.
847,8,24,119,151,1.2649006622516556,0.04477265283562814,558,"Sorry, I just can't adult right now."
847,6,28,117,151,1.2649006622516556,0.04275499971276549,558,"With my data plan, there's no roaming."
847,7,26,118,151,1.2649006622516556,0.04377545226709975,558,I'm a big boy. Over.
847,10,20,121,151,1.2649006622516556,0.04670322133901241,558,"To be honest, I'm more comfortable on your therapist's couch."
847,10,20,121,151,1.2649006622516556,0.04670322133901241,558,"Better wait four more years, we just elected the monsters in your closet."
847,5,30,116,151,1.2649006622516556,0.041709588582099735,558,This is Peter from Neverland. Can you hear me?
847,6,28,117,151,1.2649006622516556,0.04275499971276549,558,"When you said ""be my little baby"" I had something different in mind."
847,7,26,118,151,1.2649006622516556,0.04377545226709975,558,And I'd like some pureed carrots with that.
847,7,26,118,151,1.2649006622516556,0.04377545226709975,558,You win. I'll eat my %$#@*& strained beets.
889,7,26,119,152,1.263157894736842,0.04352140984370994,558,Paging Dr. Spock.
889,8,24,120,152,1.263157894736842,0.04451125128015218,558,I'm not using this baby monitor anymore--text me!
889,6,28,118,152,1.263157894736842,0.04250852548658323,558,Welcome to freshman orientation.
892,7,25,117,149,1.261744966442953,0.04405112743045617,558,Isn't six years a long enough time-out?
892,8,23,118,149,1.261744966442953,0.045068797958914913,558,The warm milk wasn't hormone free.
892,6,27,116,149,1.261744966442953,0.04300938393335905,558,At least tell me you're saving for my college fund.
892,8,23,118,149,1.261744966442953,0.045068797958914913,558,"Mother, maybe you misunderstood your shrink when he told you to set boundaries."
892,6,27,116,149,1.261744966442953,0.04300938393335905,558,All I ever get from you lately is static.
892,11,17,121,149,1.261744966442953,0.04799250685433204,558,I thought I might let you know in advance that I'll be crying myself asleep tonight.
892,6,27,116,149,1.261744966442953,0.04300938393335905,558,I want to speak to my lawyer.
892,4,31,114,149,1.261744966442953,0.040846268656912516,558,I think I grew up too fast.
892,9,21,119,149,1.261744966442953,0.046063991045378366,558,"Can you bring me a beer, please?"
892,9,21,119,149,1.261744966442953,0.046063991045378366,558,Why don't you all come over to my crib?
892,7,25,117,149,1.261744966442953,0.04405112743045617,558,Mum? Dad? I think there might have been a mix-up at the hospital.
903,5,28,115,148,1.2567567567567568,0.04192642504314524,558,Enough with the baby talk.
903,6,26,116,148,1.2567567567567568,0.04300876399358288,558,Why wasn't there a trigger warning for adulthood?
903,8,22,118,148,1.2567567567567568,0.045095577465758,558,Secretly reporting from inside the tweet room at the White House. Back to you Bob.
903,8,22,118,148,1.2567567567567568,0.045095577465758,558,Don't expect me to pick up the cost of your long-term care.
903,6,26,116,148,1.2567567567567568,0.04300876399358288,558,"I don't know, I just feel like financially, I'm not ready to leave the crib yet."
903,5,28,115,148,1.2567567567567568,0.04192642504314524,558,Can we negotiate an upgrade?
903,9,20,119,148,1.2567567567567568,0.04610357654594072,558,OK. Send him in.
903,10,18,120,148,1.2567567567567568,0.047090003543052004,558,What are your thoughts on free-range parenting?
903,11,16,121,148,1.2567567567567568,0.04805618687580076,558,"....and then I said to my folks, ""I'm not voting, since it doesn't matter who wins""."
903,10,18,120,148,1.2567567567567568,0.047090003543052004,558,"...change your own diaper, son!"
903,8,22,118,148,1.2567567567567568,0.045095577465758,558,I think it's his attempt to stay on our health insurance as long as possible.
903,5,28,115,148,1.2567567567567568,0.04192642504314524,558,When are you guys coming home?
903,5,28,115,148,1.2567567567567568,0.04192642504314524,558,But you said I should rediscover my inner child.
903,9,20,119,148,1.2567567567567568,0.04610357654594072,558,All by myself because Melania wants to stay in liberal New York. Bigly sad.
903,7,24,117,148,1.2567567567567568,0.04406452590931787,558,"You win, Mom and Dad. After 30 years, I could start paying you rent."
903,8,22,118,148,1.2567567567567568,0.045095577465758,558,Is it safe to come out? Is the Trump presidency over?
903,7,24,117,148,1.2567567567567568,0.04406452590931787,558,"Siri, did I remember to brush my teeth?"
903,7,24,117,148,1.2567567567567568,0.04406452590931787,558,"Because my therapist says I can't go back to the womb, that's why!"
903,5,28,115,148,1.2567567567567568,0.04192642504314524,558,"Well, at least the rent is free."
903,4,30,114,148,1.2567567567567568,0.04081539481055208,558,Mom? I'm thirsty. Could you crack me open a cold one?
903,7,24,117,148,1.2567567567567568,0.04406452590931787,558,"Inner Child, do you receive me? Over."
903,10,18,120,148,1.2567567567567568,0.047090003543052004,558,Has it been 4 years yet?
903,8,22,118,148,1.2567567567567568,0.045095577465758,558,and another thing – no more nursing!
903,9,20,119,148,1.2567567567567568,0.04610357654594072,558,Reliving childhood isn't what I thought it would be.
927,7,23,116,146,1.2534246575342465,0.04434123257792524,558,Hello? Jake from State Farm?
927,6,25,115,146,1.2534246575342465,0.04326282001025936,558,I do love you but I need to nurture my inner child right now.
927,8,21,117,146,1.2534246575342465,0.04539403284374742,558,Mom? Could we talk?
927,6,25,115,146,1.2534246575342465,0.04326282001025936,558,Honey this isn't what I meant by baby me!
927,7,23,116,146,1.2534246575342465,0.04434123257792524,558,"OK, I get the hint. I'm going to find my own place. But I don't know why I can't at least get some warm milk."
927,7,23,116,146,1.2534246575342465,0.04434123257792524,558,"Hey, babe, this isn't as much fun as I thought it would be."
927,8,21,117,146,1.2534246575342465,0.04539403284374742,558,"Yes, adulting IS hard, Justin, but we need the crib for the grandkids now."
927,7,23,116,146,1.2534246575342465,0.04434123257792524,558,Mom? Want to see my overnight growth spurt?
927,8,21,117,146,1.2534246575342465,0.04539403284374742,558,"I think we can all agree this ""Time Out"" has run its course."
927,6,25,115,146,1.2534246575342465,0.04326282001025936,558,I'm not really sure maybe I'll apply to grad school
927,8,21,117,146,1.2534246575342465,0.04539403284374742,558,Hello. Adele? I'm breaking out tonight. Can we get together?
927,9,19,118,146,1.2534246575342465,0.046422963381378184,558,"OK, if you have your Wicked Stepmother outfit on, come on in. Bring the whip."
927,8,21,117,146,1.2534246575342465,0.04539403284374742,558,"Mom, stop talking to me as if I were a child."
927,5,27,114,146,1.2534246575342465,0.04215682962404238,558,"I'm not sure this is working, Dr. Freud."
927,7,23,116,146,1.2534246575342465,0.04434123257792524,558,"Okay, I promise not to ever talk about the Electoral College again."
927,7,23,116,146,1.2534246575342465,0.04434123257792524,558,"Diane, make a note to get me some pajamas that fit."
927,9,19,118,146,1.2534246575342465,0.046422963381378184,558,Please answer me. Is my timeout over?
927,8,21,117,146,1.2534246575342465,0.04539403284374742,558,I didn't expect my dorm to be like this freshman year...
927,6,25,115,146,1.2534246575342465,0.04326282001025936,558,"Yes, I'd like the GMO-free lo mein, a full-ride scholarship and an apartment full of Swedish furniture."
927,11,15,120,146,1.2534246575342465,0.04841526775396271,558,"Mom, I thought you said kids don't grow overnight."
927,10,17,119,146,1.2534246575342465,0.04742957769576217,558,"Honey, did you say kinky or creepy?"
927,8,21,117,146,1.2534246575342465,0.04539403284374742,558,"Honey, you're gonna have to stay in time out until you agree to get your own place."
927,7,23,116,146,1.2534246575342465,0.04434123257792524,558,OK - you win. There is no going back.
927,7,23,116,146,1.2534246575342465,0.04434123257792524,558,Just be thankful that I'm potty trained.
927,7,23,116,146,1.2534246575342465,0.04434123257792524,558,"This ""time out"" has gone on way too long!"
927,5,27,114,146,1.2534246575342465,0.04215682962404238,558,You're right Mom and Dad. I AM a big baby.
927,8,21,117,146,1.2534246575342465,0.04539403284374742,558,"Let's move my play date to after soul cycle, but before brunch."
927,8,21,117,146,1.2534246575342465,0.04539403284374742,558,You comin' to my crib tonight?
927,8,21,117,146,1.2534246575342465,0.04539403284374742,558,I can't. They've got me behind bars.
927,6,25,115,146,1.2534246575342465,0.04326282001025936,558,"Honey, I don't think this is what the therapist meant by 'try role play'"
927,8,21,117,146,1.2534246575342465,0.04539403284374742,558,Hello Pizza Hut?
927,9,19,118,146,1.2534246575342465,0.046422963381378184,558,"Mom, I think the growth hormone free milk was not growth hormone free."
927,7,23,116,146,1.2534246575342465,0.04434123257792524,558,Hey mom. Don't forget that I have an early meeting at work.
927,5,27,114,146,1.2534246575342465,0.04215682962404238,558,"I don't like the way things are going, so I'm starting over."
927,4,29,113,146,1.2534246575342465,0.04102103085809737,558,Honey I admit that I'm immature but this is ridiculous.
927,7,23,116,146,1.2534246575342465,0.04434123257792524,558,Did he win a second term or can I come out now?
927,7,23,116,146,1.2534246575342465,0.04434123257792524,558,The eagle is in the nest... Repeat: the eagle is in the nest.
927,9,19,118,146,1.2534246575342465,0.046422963381378184,558,"Dad, it's time you stopped worrying about SIDS."
927,8,21,117,146,1.2534246575342465,0.04539403284374742,558,The sublet is working out fine.
927,5,27,114,146,1.2534246575342465,0.04215682962404238,558,I'm not sure this is what the therapist had in mind.
927,8,21,117,146,1.2534246575342465,0.04539403284374742,558,...not what I meant by bedtime role-play.
927,11,15,120,146,1.2534246575342465,0.04841526775396271,558,Kid me not.
927,7,23,116,146,1.2534246575342465,0.04434123257792524,558,Bring me a beer or I call Children's Aid.
927,7,23,116,146,1.2534246575342465,0.04434123257792524,558,I was kidding when I said I wished I were a kid again.
927,8,21,117,146,1.2534246575342465,0.04539403284374742,558,Anything further on those strained peas?
927,8,21,117,146,1.2534246575342465,0.04539403284374742,558,"This isn't exactly what I had in mind when I said you never ""baby"" me anymore."
927,8,21,117,146,1.2534246575342465,0.04539403284374742,558,You want to come hang at my crib?
927,8,21,117,146,1.2534246575342465,0.04539403284374742,558,He was born a leap year— he's technically only two.
927,7,23,116,146,1.2534246575342465,0.04434123257792524,558,"Honey, I'm a little bit unsure about this fantasy."
927,9,19,118,146,1.2534246575342465,0.046422963381378184,558,Is this what downsizing means?
927,8,21,117,146,1.2534246575342465,0.04539403284374742,558,Is this a sanctuary crib?
927,11,15,120,146,1.2534246575342465,0.04841526775396271,558,I'm ready to grow up now. Hello? Hello?
927,8,21,117,146,1.2534246575342465,0.04539403284374742,558,"Yes, come on over, meet me at my crib."
980,8,21,118,147,1.251700680272109,0.04511712195395935,558,This is the only safe place to listen to the news anymore!
981,9,18,118,145,1.2482758620689656,0.04645583994933614,558,"Remember, kids. even if you remain frozen at a five-year old intellectual and emotional level, you can still become president!"
981,7,22,116,145,1.2482758620689656,0.04434607292841478,558,10-4 . . . Just chillin in da crib.
981,10,16,119,145,1.2482758620689656,0.04747557799554802,558,"Susan, we have a problem."
981,10,16,119,145,1.2482758620689656,0.04747557799554802,558,"Better safe than sorry, son. Did you hear what happened in Sweden last night?"
981,5,26,114,145,1.2482758620689656,0.04213078806462358,558,Do you remember that movie 'Big' with Tom Hanks?
981,8,20,117,145,1.2482758620689656,0.045413209804915894,558,Tell Mr. Trump it's his National Security Advisor.
981,8,20,117,145,1.2482758620689656,0.045413209804915894,558,Can I please come out of time-out?
981,8,20,117,145,1.2482758620689656,0.045413209804915894,558,We're gonna need a bigger crib
981,9,18,118,145,1.2482758620689656,0.04645583994933614,558,"Mom, would you send up my razor?"
981,8,20,117,145,1.2482758620689656,0.045413209804915894,558,I'm thirsty
981,9,18,118,145,1.2482758620689656,0.04645583994933614,558,"Some Fritos and a beer, please....."
981,12,12,121,145,1.2482758620689656,0.04945201095241139,558,"I appreciate your letting me move back in after college, although I have to say that I find the accommodations bit triggering."
981,6,24,115,145,1.2482758620689656,0.043252615453394906,558,"Mom, even though I can't afford my own place, this seems a bit excessive."
981,6,24,115,145,1.2482758620689656,0.043252615453394906,558,"Mom, dad, anybody there?"
981,9,18,118,145,1.2482758620689656,0.04645583994933614,558,"Mommy, Billy called me a name! What's a millennial?"
981,6,24,115,145,1.2482758620689656,0.043252615453394906,558,Mom? Remember what you said about eating my spinach?
981,6,24,115,145,1.2482758620689656,0.043252615453394906,558,"If you're listening, I'm sorry."
981,7,22,116,145,1.2482758620689656,0.04434607292841478,558,When do I get to come out of time-out?
981,4,28,113,145,1.2482758620689656,0.04097826085051929,558,Any chance I can get my cell phone back?
981,9,18,118,145,1.2482758620689656,0.04645583994933614,558,I'd like a large pepperoni pizza delivered to my crib.
981,8,20,117,145,1.2482758620689656,0.045413209804915894,558,"""Jimmy to mom.....I am pretty sure I should be going to school by now. Over."
981,8,20,117,145,1.2482758620689656,0.045413209804915894,558,At least let me sleep on my stomach.
981,7,22,116,145,1.2482758620689656,0.04434607292841478,558,"Mom, what exactly were you smoking before you walked into Ikea?"
981,3,30,112,145,1.2482758620689656,0.03979236637497417,558,Your baby gave me a fifty to watch his stuff.
981,7,22,116,145,1.2482758620689656,0.04434607292841478,558,I can hear you and I am not leaving.
981,5,26,114,145,1.2482758620689656,0.04213078806462358,558,"Dear, is my ""time out"" over yet?"
981,4,28,113,145,1.2482758620689656,0.04097826085051929,558,"The classes are great, mom, but the R.A. still doesn't tuck me in like you do."
981,6,24,115,145,1.2482758620689656,0.043252615453394906,558,Arrested development
981,8,20,117,145,1.2482758620689656,0.045413209804915894,558,"Mom, I was thinking...should we edit my resume?"
981,6,24,115,145,1.2482758620689656,0.043252615453394906,558,"Yo, come hang at my crib."
981,12,12,121,145,1.2482758620689656,0.04945201095241139,558,It just seems like a bit much -- can't we just use a condom?
981,11,14,120,145,1.2482758620689656,0.048473868698757576,558,"Remember, kids. even those with the emotional/intellectual age of a five-year old can become president!"
981,8,20,117,145,1.2482758620689656,0.045413209804915894,558,"yes, it beats the dog house"
981,5,26,114,145,1.2482758620689656,0.04213078806462358,558,"Mom, I think I am ready for a big boy bed!"
981,10,16,119,145,1.2482758620689656,0.04747557799554802,558,Stop pressuring me.
981,7,22,116,145,1.2482758620689656,0.04434607292841478,558,When I grow up I'm gonna be President.
981,6,24,115,145,1.2482758620689656,0.043252615453394906,558,I don't think this therapy is working for me
981,6,24,115,145,1.2482758620689656,0.043252615453394906,558,I didn't realize you meant you were counting to ten years.
1019,10,15,118,143,1.2447552447552448,0.04781936778201615,558,I understand time out but this is a little too much
1019,3,29,111,143,1.2447552447552448,0.0399654918823099,558,Is my time out over yet?
1019,8,19,116,143,1.2447552447552448,0.045713300281128834,558,Why did I have to say I wanted my own crib?
1019,10,15,118,143,1.2447552447552448,0.04781936778201615,558,"And, you're going to need to bring the wipes."
1019,5,25,113,143,1.2447552447552448,0.04235831268917647,558,"Hey, Mom. Can you wake me up at six? I have work tomorrow."
1019,8,19,116,143,1.2447552447552448,0.045713300281128834,558,"I told you, not until we have a new president."
1019,6,23,114,143,1.2447552447552448,0.04350539863182021,558,The making of a President!
1019,7,21,115,143,1.2447552447552448,0.04462300714153091,558,For DVR you need to press input twice and then press record.
1019,5,25,113,143,1.2447552447552448,0.04235831268917647,558,Yo man.That's one large with extra cheese. You can deliver it to my crib.
1019,7,21,115,143,1.2447552447552448,0.04462300714153091,558,Is it time for breastfeeding yet?
1019,7,21,115,143,1.2447552447552448,0.04462300714153091,558,"Honey, this isn't what I thought you meant when you said ""Let's play Johnny is a bad little boy>"""
1019,8,19,116,143,1.2447552447552448,0.045713300281128834,558,"Hey Mom, could I have some more of that genetically modified carrots?"
1019,10,15,118,143,1.2447552447552448,0.04781936778201615,558,I hate living with my grandparents.
1019,8,19,116,143,1.2447552447552448,0.045713300281128834,558,"Yes, Billy, no matter how often you check, he is still the president."
1019,11,13,119,143,1.2447552447552448,0.048838355739226715,558,"Mommy, there's a monster in my calculus book."
1019,7,21,115,143,1.2447552447552448,0.04462300714153091,558,"You're right, Mom. I am growing up too fast."
1019,4,27,112,143,1.2447552447552448,0.041179286026284054,558,You are too a helicopter mom.
1019,5,25,113,143,1.2447552447552448,0.04235831268917647,558,Have you given any thought to having a second?
1019,3,29,111,143,1.2447552447552448,0.0399654918823099,558,"Later Jack, Lauren has agreed to come over to my crib."
1019,8,19,116,143,1.2447552447552448,0.045713300281128834,558,"I don't want to argue, I just want to know at what age you think he'll be able to sleep in his own bed..."
1019,7,21,115,143,1.2447552447552448,0.04462300714153091,558,Hello out there! I could use some long pants and shoes.
1019,6,23,114,143,1.2447552447552448,0.04350539863182021,558,How's the economy now?
1019,11,13,119,143,1.2447552447552448,0.048838355739226715,558,I know the rest of the Cabinet can hear me.
1019,9,17,117,143,1.2447552447552448,0.04677818806700607,558,"If the IPO does well, I'll get an office."
1019,7,21,115,143,1.2447552447552448,0.04462300714153091,558,"Mummy, can I have a glass of water and go to college now?"
1019,5,25,113,143,1.2447552447552448,0.04235831268917647,558,"Okay, I'll talk."
1019,6,23,114,143,1.2447552447552448,0.04350539863182021,558,Just how long does this baby monitoring go on?
1019,6,23,114,143,1.2447552447552448,0.04350539863182021,558,How long have I been out?
1047,7,21,116,144,1.2430555555555556,0.044344627373140065,558,"Ok, I get it. I'll ask for my job back."
1047,4,27,113,144,1.2430555555555556,0.04092762741092319,558,My therapist wants me to discover my inner child.
1047,9,17,118,144,1.2430555555555556,0.04648328915979201,558,Is she asleep yet?
1047,6,23,115,144,1.2430555555555556,0.04323564362580423,558,"But if I'm here, where's the baby?"
1047,6,23,115,144,1.2430555555555556,0.04323564362580423,558,"Goo goo to gah gah, come in gah gah"
1047,3,29,112,144,1.2430555555555556,0.039723363255926035,558,This is going to be awkward when I start dating.
1047,8,19,117,144,1.2430555555555556,0.045426545917423,558,"I don't see what's so odd about it, Mom. A lot of college grads still live at home."
1047,6,23,115,144,1.2430555555555556,0.04323564362580423,558,Aren't I old enough for an iPhone?
1047,5,25,114,144,1.2430555555555556,0.04209745577362661,558,I'm getting too old for this.
1047,8,19,117,144,1.2430555555555556,0.045426545917423,558,I haven't left here since the election.
1047,7,21,116,144,1.2430555555555556,0.044344627373140065,558,"Mom, dad, I really gotta go."
1047,7,21,116,144,1.2430555555555556,0.044344627373140065,558,"If Trump can be a baby at 70, I can be a baby at 27."
1059,6,22,114,142,1.2394366197183098,0.04348422450636393,558,I'm probably staying in tonight.
1059,7,20,115,142,1.2394366197183098,0.04461802216354853,558,Nostalgia Night enthusiasm fading fast. Over.
1059,10,14,118,142,1.2394366197183098,0.04785852342465286,558,Can I have a glass of beer?
1059,7,20,115,142,1.2394366197183098,0.04461802216354853,558,"O.K. Mom you win, let me out and I'll eat my Brussels sprouts!"""
1059,7,20,115,142,1.2394366197183098,0.04461802216354853,558,"Listen Cheryl, I've had a long day and my shrink said this is completely natural. Now will you bring me my blankie?"
1059,7,20,115,142,1.2394366197183098,0.04461802216354853,558,"Mom, how many growth spurts are too many?"
1059,7,20,115,142,1.2394366197183098,0.04461802216354853,558,"Hi Mom, Yes I'm up and planning to be out of the house in about 4 years!"""
1059,6,22,114,142,1.2394366197183098,0.04348422450636393,558,They said can have a big boy bed if I promise to at least look for a job.
1059,5,24,113,142,1.2394366197183098,0.042320062146136025,558,I'm cribbing for my speech test.
1059,4,26,112,142,1.2394366197183098,0.04112295635269635,558,Can you read me the one about student loan debt?
1059,4,26,112,142,1.2394366197183098,0.04112295635269635,558,I can hear you too you know...
1059,7,20,115,142,1.2394366197183098,0.04461802216354853,558,When I said relive my child hood I didn't realize the iPhone didn't have any apps yet...
1059,9,16,117,142,1.2394366197183098,0.04680329201585077,558,I need to be changed.
1059,8,18,116,142,1.2394366197183098,0.0457237140076564,558,"'Sleep tight.' Hilarious, Mom."
1059,4,26,112,142,1.2394366197183098,0.04112295635269635,558,"Mom, the night light is keeping me awake."
1059,6,22,114,142,1.2394366197183098,0.04348422450636393,558,Hey Mom- make that a beer and pizza for my 2:00 feeding please
1059,7,20,115,142,1.2394366197183098,0.04461802216354853,558,Im just going thru my quarter life crisis
1059,8,18,116,142,1.2394366197183098,0.0457237140076564,558,Have they stopped ridiculing millennials yet?
1059,9,16,117,142,1.2394366197183098,0.04680329201585077,558,"""Your call is important to us, please hold for the next available operator."" Gosh...it sure seems like I've been on hold for a long time..."
1059,4,26,112,142,1.2394366197183098,0.04112295635269635,558,I'm ready to behave now.
1059,7,20,115,142,1.2394366197183098,0.04461802216354853,558,"Hello, Mom? Is my time out over yet?"
1059,6,22,114,142,1.2394366197183098,0.04348422450636393,558,I think we're going to need a bigger crib.
1059,5,24,113,142,1.2394366197183098,0.042320062146136025,558,So can I come out of time-out yet?
1059,7,20,115,142,1.2394366197183098,0.04461802216354853,558,"Mom, tell me again how this helps me become more ""presidential""?"
1059,5,24,113,142,1.2394366197183098,0.042320062146136025,558,I'll have the strained cheeseburger and mashed french fries.
1059,4,26,112,142,1.2394366197183098,0.04112295635269635,558,"Mom, when I said I wanted to check out regression therapy, I had something else in mind."
1059,8,18,116,142,1.2394366197183098,0.0457237140076564,558,"Yes, Mom, this is my only safe space."
1059,8,18,116,142,1.2394366197183098,0.0457237140076564,558,"2017, you say? You mean all this time my alarm clock was just broken?"
1059,8,18,116,142,1.2394366197183098,0.0457237140076564,558,"Mom, what do you mean by ""failure to launch?"""
1059,6,22,114,142,1.2394366197183098,0.04348422450636393,558,Can we get a monitor that just let’s me text you guys?
1059,4,26,112,142,1.2394366197183098,0.04112295635269635,558,"Please send in my 4:30 play date, and I'd like milk again for dinner."
1059,4,26,112,142,1.2394366197183098,0.04112295635269635,558,"Seriously, I think you need to begin to treat me like an adult!"
1059,5,24,113,142,1.2394366197183098,0.042320062146136025,558,I really think I'm ready for a big-boy bed!
1059,4,26,112,142,1.2394366197183098,0.04112295635269635,558,Can I get up from my nap and do my calculus homework?
1059,6,22,114,142,1.2394366197183098,0.04348422450636393,558,Maybe you should check on me.
1059,5,24,113,142,1.2394366197183098,0.042320062146136025,558,You're not the helicopter parents I wanted.
1059,7,20,115,142,1.2394366197183098,0.04461802216354853,558,"There are time outs, and then there are time outs."
1059,8,18,116,142,1.2394366197183098,0.0457237140076564,558,Mom? Dad? Are you sure this Time Out isn't over yet?
1059,6,22,114,142,1.2394366197183098,0.04348422450636393,558,"I know it's inconvenient Mom, but this is the only way I will be able to afford Insurance Coverage now!"
1059,7,20,115,142,1.2394366197183098,0.04461802216354853,558,"Mom, you can't set the clock back eight years."
1059,5,24,113,142,1.2394366197183098,0.042320062146136025,558,Can you hear me now?
1059,7,20,115,142,1.2394366197183098,0.04461802216354853,558,I guess asking for a car when I'm sixteen is out of the question?
1059,7,20,115,142,1.2394366197183098,0.04461802216354853,558,"There's been a mistake, Scotty. Beam me up now!"
1059,7,20,115,142,1.2394366197183098,0.04461802216354853,558,It's just until you can return to your safe space at college.
1059,7,20,115,142,1.2394366197183098,0.04461802216354853,558,Who’s my daddy?
1059,7,20,115,142,1.2394366197183098,0.04461802216354853,558,It's called Crexit.
1059,7,20,115,142,1.2394366197183098,0.04461802216354853,558,"I've been speaking into this thing for 13 years, and still no response."
1059,8,18,116,142,1.2394366197183098,0.0457237140076564,558,Ralph suddenly realized a second childhood is not all it's cracked up to be.
1059,6,22,114,142,1.2394366197183098,0.04348422450636393,558,"Pretty chill so far, but I haven't chosen my major yet."
1108,3,28,112,143,1.2377622377622377,0.039645382127636096,558,I wonder if other millennial are treated like this?
1109,9,15,116,140,1.2357142857142858,0.047127905692218745,558,"Um - on second thought, 'Mean Babysitter' is a lousy role play idea."
1109,7,19,114,140,1.2357142857142858,0.044894205072559736,558,When you move back home after college..
1109,8,17,115,140,1.2357142857142858,0.04602460833093375,558,"Hi, I'd like to order a queen size bed."
1109,5,23,112,140,1.2357142857142858,0.04254338730354498,558,This isn't the strangest role play we've ever done. But it's up there.
1109,7,19,114,140,1.2357142857142858,0.044894205072559736,558,"Mom, how about something a little more cruel but a lot less unusual?"
1109,6,21,113,140,1.2357142857142858,0.04373459415815174,558,"Yes, with extra pepperoni and a large coke."
1109,6,21,113,140,1.2357142857142858,0.04373459415815174,558,"Mom, did you remember to buy some soy milk for my morning latte?"
1109,8,17,115,140,1.2357142857142858,0.04602460833093375,558,Loser reporters say I act like a baby--Liars! Sad!
1109,9,15,116,140,1.2357142857142858,0.047127905692218745,558,I wanna glass of Red Bull.
1109,7,19,114,140,1.2357142857142858,0.044894205072559736,558,"Ivanka, honey, could you come bring me a glass of warm milk?"
1109,9,15,116,140,1.2357142857142858,0.047127905692218745,558,"So, you were right about staying over at your mother's."
1109,9,15,116,140,1.2357142857142858,0.047127905692218745,558,Worst regression session ever.
1109,5,23,112,140,1.2357142857142858,0.04254338730354498,558,I'm thirsty. Please bring me a glass of Chardonnay.
1109,2,29,109,140,1.2357142857142858,0.03875067785862603,558,Mom? I'm having that dream again.
1109,9,15,116,140,1.2357142857142858,0.047127905692218745,558,I feel like I do all the talking.
1109,3,27,110,140,1.2357142857142858,0.040054836879231163,558,Is this encrypted?
1109,6,21,113,140,1.2357142857142858,0.04373459415815174,558,"Mom, Dad, you're over-parenting."
1109,5,23,112,140,1.2357142857142858,0.04254338730354498,558,"We all agree that helicopter parenting is bad, but you could still check in on me a little more often."
1109,3,27,110,140,1.2357142857142858,0.040054836879231163,558,I am not your little baby anymore.
1109,8,17,115,140,1.2357142857142858,0.04602460833093375,558,You can put an app on my phone that does the same thing.
1109,6,21,113,140,1.2357142857142858,0.04373459415815174,558,I'm too old for this sh*t
1109,8,17,115,140,1.2357142857142858,0.04602460833093375,558,"Uh, Honey, I think we should look into some new parenting books."
1109,6,21,113,140,1.2357142857142858,0.04373459415815174,558,"I promise! I'll get the college application in, tomorrow!"
1109,9,15,116,140,1.2357142857142858,0.047127905692218745,558,Of course I'm a Millenial...so what?
1109,6,21,113,140,1.2357142857142858,0.04373459415815174,558,Give me another beer and I'll go to sleep!
1109,4,25,111,140,1.2357142857142858,0.041317851835987615,558,"Mom, has it been 8 years yet?"
1109,5,23,112,140,1.2357142857142858,0.04254338730354498,558,Can't I just sleep in the guest room Mom?
1109,5,23,112,140,1.2357142857142858,0.04254338730354498,558,"Siri, what time is the exam for my child therapy license?"
1109,8,17,115,140,1.2357142857142858,0.04602460833093375,558,"Hey, if I have to keep waiting on hold much longer I'm going to go through puberty."
1109,5,23,112,140,1.2357142857142858,0.04254338730354498,558,"Ok, Sweetie, you win. Unlock the door. Daddy's gonna get you a big kid bed."
1109,8,17,115,140,1.2357142857142858,0.04602460833093375,558,"I know my rights, I get one phone call."
1109,3,27,110,140,1.2357142857142858,0.040054836879231163,558,I'd like a glass of water. And a Xanax.
1109,5,23,112,140,1.2357142857142858,0.04254338730354498,558,Were my milk and cookies genetically modified?
1109,9,15,116,140,1.2357142857142858,0.047127905692218745,558,Code Brown. I have a Code Brown.
1109,7,19,114,140,1.2357142857142858,0.044894205072559736,558,"Mom, home schooling isn't working for me!"
1109,5,23,112,140,1.2357142857142858,0.04254338730354498,558,"I'm sorry I missed curfew, but this seems excessive."
1109,5,23,112,140,1.2357142857142858,0.04254338730354498,558,"Hay Ma, did you explain to the sitter that I'm still nursing."
1109,7,19,114,140,1.2357142857142858,0.044894205072559736,558,"You know these are two-way radios and I can hear you, right?"
1109,7,19,114,140,1.2357142857142858,0.044894205072559736,558,"Yes, Mother, it has been a long time between visits."
1148,2,28,108,138,1.2318840579710144,0.03888025307773796,558,Call me later. I think my parents are listening on the other line.
1148,6,20,112,138,1.2318840579710144,0.04398659080420913,558,A glass of water with a lemon twist would be nice.
1148,7,18,113,138,1.2318840579710144,0.04517307487180755,558,"Dad, can you take the training wheels off my car tomorrow?"
1148,5,22,111,138,1.2318840579710144,0.042767202945480774,558,My new nanny is so hot.
1148,7,18,113,138,1.2318840579710144,0.04517307487180755,558,I'll be in a fetal position until further notice.
1148,5,22,111,138,1.2318840579710144,0.042767202945480774,558,"Oreos neat, and make the milk a double"
1148,7,18,113,138,1.2318840579710144,0.04517307487180755,558,"Upon discovering a listening device in his crib, Simon rethinks his earlier position on the proper balance between national security and individual liberty."
1148,4,24,110,138,1.2318840579710144,0.04151201181565335,558,"How do I get from the crib in the northwest bedroom at 2512 Pine Avenue, Santa Monica, California to the Yoga Loft, San Jose, California...?"
1148,7,18,113,138,1.2318840579710144,0.04517307487180755,558,The time machine screwed up.
1148,3,26,109,138,1.2318840579710144,0.040217665300038834,558,This baby sitting gig is harder than it looks.
1148,7,18,113,138,1.2318840579710144,0.04517307487180755,558,"Again, what shade of grey is this?"
1148,4,24,110,138,1.2318840579710144,0.04151201181565335,558,"Yes, I'd like an order of puréed pees and a fresh blankie... please."
1148,5,22,111,138,1.2318840579710144,0.042767202945480774,558,Paying off student loans: Day 1
1148,4,24,110,138,1.2318840579710144,0.04151201181565335,558,"Mom, I don't know what was in that formula - but I think you ought to see this."
1148,8,16,114,138,1.2318840579710144,0.04632918320206958,558,A young Trump follower awaits his 4 a.m. tweet!
1148,4,24,110,138,1.2318840579710144,0.04151201181565335,558,Can I borrow the car tonight?
1148,6,20,112,138,1.2318840579710144,0.04398659080420913,558,This is sierra papa yankee one. I have infiltrated the play room. Going under cover.
1165,6,19,112,137,1.2262773722627738,0.043947425470044876,558,I'm thinking of making America great again.
1165,9,13,115,137,1.2262773722627738,0.04747002028978368,558,I wonder if they're ever coming back.
1165,6,19,112,137,1.2262773722627738,0.043947425470044876,558,I'm not going to breathe again unless you bring me a vodka tonic.
1165,8,15,114,137,1.2262773722627738,0.04632559356723558,558,Can you hear me crying now?
1165,9,13,115,137,1.2262773722627738,0.04747002028978368,558,How about I read a book to you?
1165,9,13,115,137,1.2262773722627738,0.04747002028978368,558,"Sweetheart, I promise I'll never make fun of your breast pump again"
1165,7,17,113,137,1.2262773722627738,0.04515216952042198,558,"Yes mom, I'm OK. But my self-esteem as a Millenial is at an all-time low."""
1165,4,23,110,137,1.2262773722627738,0.0414329795155212,558,It's the only way you'll listen to me.
1165,7,17,113,137,1.2262773722627738,0.04515216952042198,558,Mom? Dad? If you're out there...I'm 33 now and ready to grow up.
1165,6,19,112,137,1.2262773722627738,0.043947425470044876,558,Really? This doesn't feel like we're making progress.
1165,6,19,112,137,1.2262773722627738,0.043947425470044876,558,"As I said on my dating profile, I’m basically your typical American Gen-X guy."
1165,3,25,109,137,1.2262773722627738,0.04011669957234548,558,What do you say we meet at midnight? My parents should be asleep by then.
1165,4,23,110,137,1.2262773722627738,0.0414329795155212,558,These safer hazing routines are getting out of hand.
1165,7,17,113,137,1.2262773722627738,0.04515216952042198,558,I'm ready to go over the earnings report.
1165,6,19,112,137,1.2262773722627738,0.043947425470044876,558,I can't tell if it's a nightmare or reality anymore.
1165,6,19,112,137,1.2262773722627738,0.043947425470044876,558,I thought she said my time out was for ten minutes..
1165,4,23,110,137,1.2262773722627738,0.0414329795155212,558,Get a sitter who can help me with my SAT.
1165,8,15,114,137,1.2262773722627738,0.04632559356723558,558,Mom? Dad? Are you there? It's been twenty years and you still haven't come to kiss me goodnight.
1165,9,13,115,137,1.2262773722627738,0.04747002028978368,558,Why not? The adult in the White House is acting like a spoilt overgrown child too! So there!
1165,6,19,112,137,1.2262773722627738,0.043947425470044876,558,"Okay, professor, I'm in a safe space. Over."
1165,6,19,112,137,1.2262773722627738,0.043947425470044876,558,I want an iPhone. Do you know what still using a baby monitor at my age is gonna do to me?
1165,7,17,113,137,1.2262773722627738,0.04515216952042198,558,"In short, the baby gets returned when you restore my Internet privileges."
1165,9,13,115,137,1.2262773722627738,0.04747002028978368,558,This nightmare was worse — I had to pay rent.
1165,7,17,113,137,1.2262773722627738,0.04515216952042198,558,"Mr. Bannon, I promise the leak was on accident!"
1165,5,21,111,137,1.2262773722627738,0.042708711037555025,558,I think you have taken this helicopter parenting too far.
1165,5,21,111,137,1.2262773722627738,0.042708711037555025,558,We can add a second bed to the Airbnb listing.
1165,6,19,112,137,1.2262773722627738,0.043947425470044876,558,If you can hear the sound of my voice over this monitor I am in desperate need of beer.
1165,7,17,113,137,1.2262773722627738,0.04515216952042198,558,"Mom, Dad, I proposed to babysitter Laurie and she accepted. So its time to get me a grown up bed."
1165,6,19,112,137,1.2262773722627738,0.043947425470044876,558,Has it been 4 years yet?
1165,8,15,114,137,1.2262773722627738,0.04632559356723558,558,I think I don't need the nightlight anymore. Can you please come in and turn it off?
1165,5,21,111,137,1.2262773722627738,0.042708711037555025,558,I need a change!
1165,5,21,111,137,1.2262773722627738,0.042708711037555025,558,Can Baby please have a Brandy Alexander?
1165,7,17,113,137,1.2262773722627738,0.04515216952042198,558,"Dad, can I borrow the car?"
1165,5,21,111,137,1.2262773722627738,0.042708711037555025,558,Tell the kids I am on permanent time out.
1165,4,23,110,137,1.2262773722627738,0.0414329795155212,558,"Yeah, Mom, the batteries are fine, but we need to talk about big-boy issues."
1200,7,16,112,135,1.2222222222222223,0.045428573580799825,558,Come in Canada. Get me out of here. Over.
1200,6,18,111,135,1.2222222222222223,0.04419498815558842,558,Mom ? Donald here.
1200,5,20,110,135,1.2222222222222223,0.042925967182569774,558,What's the wifi password?
1200,6,18,111,135,1.2222222222222223,0.04419498815558842,558,"You and Dad can't control my life forever, Mom, and by the way, I need to be changed."
1200,7,16,112,135,1.2222222222222223,0.045428573580799825,558,I said I want change. Not to be changed. Two different things.
1200,9,12,114,135,1.2222222222222223,0.0478003340638246,558,I need dental insurance? But I've been coming to this toothfairy for years!
1200,5,20,110,135,1.2222222222222223,0.042925967182569774,558,Is it 2020 yet?
1200,6,18,111,135,1.2222222222222223,0.04419498815558842,558,Send up a bottle of whiskey and two packs of cigarettes.
1200,3,24,108,135,1.2222222222222223,0.04026812659575772,558,I can't get a play date.
1200,5,20,110,135,1.2222222222222223,0.042925967182569774,558,"Mom, I swear that Trump is in my closet!"
1200,4,22,109,135,1.2222222222222223,0.04161826929421157,558,You can't keep me in time out forever.
1200,7,16,112,135,1.2222222222222223,0.045428573580799825,558,MY TIMEOUT IS OVER. PLEASE RETURN MY I-PHONE.
1200,7,16,112,135,1.2222222222222223,0.045428573580799825,558,"gee wiz, I knew I would get grounded for the weekend but this is a bit much.."
1200,6,18,111,135,1.2222222222222223,0.04419498815558842,558,Hey Mom? My phone bill is past due.
1200,6,18,111,135,1.2222222222222223,0.04419498815558842,558,Some times they forget I am here.
1200,5,20,110,135,1.2222222222222223,0.042925967182569774,558,You're a really bad babysitter.
1200,5,20,110,135,1.2222222222222223,0.042925967182569774,558,"Mom. I just had a wet dream, so now can I have a real bed?"
1200,5,20,110,135,1.2222222222222223,0.042925967182569774,558,"Baby, you gotta see my new crib!"
1200,6,18,111,135,1.2222222222222223,0.04419498815558842,558,That was a long night
1200,3,24,108,135,1.2222222222222223,0.04026812659575772,558,Mom? Could you bring me my poli-sci book?
1200,8,14,113,135,1.2222222222222223,0.046629535887671957,558,"Hello, front desk? Could I have a room with a larger bed?"
1200,6,18,111,135,1.2222222222222223,0.04419498815558842,558,I think I need an upgrade.
1200,5,20,110,135,1.2222222222222223,0.042925967182569774,558,This is Agent Punkin Face. I'm afraid my cover has been blown.
1200,5,20,110,135,1.2222222222222223,0.042925967182569774,558,"Mom, I think it's time to buy my big boy's bed."
1200,5,20,110,135,1.2222222222222223,0.042925967182569774,558,"I told you mom, stop babying me!"
1200,6,18,111,135,1.2222222222222223,0.04419498815558842,558,Mom I think you left me in here too long.
1200,7,16,112,135,1.2222222222222223,0.045428573580799825,558,"Hey Mom, what year is it?"
1200,6,18,111,135,1.2222222222222223,0.04419498815558842,558,"Put that college degree to use and figure a way out, smart guy."
1200,8,14,113,135,1.2222222222222223,0.046629535887671957,558,"Alexa, add Zoloft to shopping list."
1200,2,26,107,135,1.2222222222222223,0.03887111652652168,558,"Wow, we really do grow up fast."
1200,5,20,110,135,1.2222222222222223,0.042925967182569774,558,Mom - can you let me know when my uber arrives.
1200,3,24,108,135,1.2222222222222223,0.04026812659575772,558,"I said, ""come tuck me in."" I've got a chem final tomorrow."
1200,0,30,105,135,1.2222222222222223,0.03591444084196968,558,"Mom, what does 'infantilizing' mean?"
1200,4,22,109,135,1.2222222222222223,0.04161826929421157,558,"I don't mean to alarm you, but I think this crib is a time machine."
1200,7,16,112,135,1.2222222222222223,0.045428573580799825,558,Note to self: Arrested development might be key requirement for my future Presidential aspirations.
1200,5,20,110,135,1.2222222222222223,0.042925967182569774,558,Calling helicopter mom . . .
1236,7,16,113,136,1.2205882352941178,0.0451228973832111,558,POTUS to PUTIN
1236,5,20,111,136,1.2205882352941178,0.04264048480620878,558,We're not reading you a bedtime story. Grow up already!
1238,5,19,109,133,1.218045112781955,0.043142594039353735,558,"No, I'm not hungry or gassy. It's probably just classic angst about how my intended major will help me get a good job after graduation."
1238,3,23,107,133,1.218045112781955,0.04041585193137699,558,"...besides the teddy bear, please bring my nuclear physics textbook."
1238,7,15,111,133,1.218045112781955,0.04570695519885318,558,"Siri, where can I order big boy pajamas?"
1238,7,15,111,133,1.218045112781955,0.04570695519885318,558,"That's right, a number two in progress."
1238,7,15,111,133,1.218045112781955,0.04570695519885318,558,"Meanwhile, in the Van Winkle condo, young Rip suspects that something is not quite right."
1238,7,15,111,133,1.218045112781955,0.04570695519885318,558,You do know this thing works both ways.
1238,7,15,111,133,1.218045112781955,0.04570695519885318,558,I'm in my safe space.
1238,7,15,111,133,1.218045112781955,0.04570695519885318,558,Can I borrow the car to get a new bed?
1238,8,13,112,133,1.218045112781955,0.04693662663744293,558,Nobody has listened to me in years.
1238,5,19,109,133,1.218045112781955,0.043142594039353735,558,But wouldn't it be crazier NOT to run through a few emergency scenario dress rehearsals with prospective babysitters?
1238,6,17,110,133,1.218045112781955,0.044443273810524195,558,"Ground control to Mom and Dad, I'm slipping into puberty."
1238,4,21,108,133,1.218045112781955,0.04180146234154655,558,But this is my safe space.
1238,7,15,111,133,1.218045112781955,0.04570695519885318,558,"Mom, I think that bedtime milk bottle had some serious growth hormones in it."
1238,6,17,110,133,1.218045112781955,0.044443273810524195,558,"Finally, I got my own room."
1238,5,19,109,133,1.218045112781955,0.043142594039353735,558,"I promise to look for a job tomorrow. Now, will you bring me a snack, and then shut out the light?"
1238,6,17,110,133,1.218045112781955,0.044443273810524195,558,Big Baby to Vlad. We've got those election figures. Over
1238,3,23,107,133,1.218045112781955,0.04041585193137699,558,This baby fetish demeans us both.
1238,4,21,108,133,1.218045112781955,0.04180146234154655,558,I think I need to stay in a safe place until at least the 2020 election.
1238,7,15,111,133,1.218045112781955,0.04570695519885318,558,"Mother, my apartment is fine. It's my diaper I'm concerned about."
1238,6,17,110,133,1.218045112781955,0.044443273810524195,558,I won't come down until I can vote.
1238,6,17,110,133,1.218045112781955,0.044443273810524195,558,"Yo, mom, you forgot my nightcap."
1238,3,23,107,133,1.218045112781955,0.04041585193137699,558,Reeducation camp has been... weird.
1238,2,25,106,133,1.218045112781955,0.038981020007001405,558,"Hey Mom and Dad, now that I'm starting high school, maybe can I get my own cellphone?"
1238,7,15,111,133,1.218045112781955,0.04570695519885318,558,"Mom, I'd like some coffee, please!"
1238,8,13,112,133,1.218045112781955,0.04693662663744293,558,Aren’t we taking my arrested development disorder a bit too far?
1238,5,19,109,133,1.218045112781955,0.043142594039353735,558,"We never should have let him read ""The Catcher in the Rye""."
1238,6,17,110,133,1.218045112781955,0.044443273810524195,558,You two are enablers.
1238,4,21,108,133,1.218045112781955,0.04180146234154655,558,I can't come over. My tricycle is still in the shop.
1238,6,17,110,133,1.218045112781955,0.044443273810524195,558,"No, Geoffrey; go back to sleep. I'll dress you for your interview when the little hand points at ten."
1238,4,21,108,133,1.218045112781955,0.04180146234154655,558,I've been trying to reach someone for ten years. I think the network is down.
1238,3,23,107,133,1.218045112781955,0.04041585193137699,558,"Come in, Enterprise...we're going to have to try this again."
1238,4,21,108,133,1.218045112781955,0.04180146234154655,558,Hello? ...this hands-off parenting isn't working for me anymore.
1238,5,19,109,133,1.218045112781955,0.043142594039353735,558,Mom.......Mom?........MOM! Enough with the micromanaging.
1238,6,17,110,133,1.218045112781955,0.044443273810524195,558,I actually do have a sweet crib.
1238,2,25,106,133,1.218045112781955,0.038981020007001405,558,Can I first talk to a lawyer?
1238,5,19,109,133,1.218045112781955,0.043142594039353735,558,Who knew sleeping like a baby would be so hard?
1238,7,15,111,133,1.218045112781955,0.04570695519885318,558,Is there anybody out there?
1238,8,13,112,133,1.218045112781955,0.04693662663744293,558,I think there's a monster in my liqueur closet.
1238,10,9,114,133,1.218045112781955,0.04930404905490225,558,"Hey,listen. I'm the President now. So let me out!"
1238,5,19,109,133,1.218045112781955,0.043142594039353735,558,"Seriously, don't you think the time-out has lasted a sufficient length of time?"
1238,6,17,110,133,1.218045112781955,0.044443273810524195,558,"Mom, Dad...I need a change."
1238,4,21,108,133,1.218045112781955,0.04180146234154655,558,"Hey, Mom and Dad, now that I'm finished with college, do you think I can move into the basement?"
1238,6,17,110,133,1.218045112781955,0.044443273810524195,558,Mom? Dad? Can you hear me now?
1238,2,25,106,133,1.218045112781955,0.038981020007001405,558,Hello World...I'm not going to play adult today.
1238,5,19,109,133,1.218045112781955,0.043142594039353735,558,Mommy? Did you finish my LSAT yet? I'm thirsty.
1238,5,19,109,133,1.218045112781955,0.043142594039353735,558,Maybe I should've gone with the couch.
1238,7,15,111,133,1.218045112781955,0.04570695519885318,558,"Yes, I expected to have bought my own apartment by now. But did you find Teddy?"
1238,5,19,109,133,1.218045112781955,0.043142594039353735,558,"OK, OK I'll work on the resume!"
1238,4,21,108,133,1.218045112781955,0.04180146234154655,558,"I appreciate the fact that it´s appropriate punishment for childish behavior, but I think I´ve served my time."
1238,6,17,110,133,1.218045112781955,0.044443273810524195,558,I'll show you when I'm President some day.
1238,5,19,109,133,1.218045112781955,0.043142594039353735,558,"Show some respect Bro, everyone has his own crib."
1238,4,21,108,133,1.218045112781955,0.04180146234154655,558,They can't ask me to move out if I still sleep in a crib.
1238,6,17,110,133,1.218045112781955,0.044443273810524195,558,Wake me up when the Trump administration is over.
1238,5,19,109,133,1.218045112781955,0.043142594039353735,558,Send help. I think I've been napped.
1238,3,23,107,133,1.218045112781955,0.04041585193137699,558,"Mom, is my time-out done this year?"
1238,6,17,110,133,1.218045112781955,0.044443273810524195,558,"10-4, I am identifying as a baby"
1238,6,17,110,133,1.218045112781955,0.044443273810524195,558,"Still not recalling any trauma, doc. Can I get back on the couch now?"
1238,5,19,109,133,1.218045112781955,0.043142594039353735,558,"Wow, I must have slept for a decade, my cell phone still has an antenna!"
1238,9,11,113,133,1.218045112781955,0.048134894688317977,558,how am I doing on my timeout?
1238,6,17,110,133,1.218045112781955,0.044443273810524195,558,"I can hear you and yes, I have outgrown these pajamas"
1238,6,17,110,133,1.218045112781955,0.044443273810524195,558,"Breaker, breaker 19, this here is Big Boy. Looking for an ETA on breakfast. Copy?"
1238,7,15,111,133,1.218045112781955,0.04570695519885318,558,"You didn't set the alarm, did you?"
1238,3,23,107,133,1.218045112781955,0.04041585193137699,558,"Mom, my interview is tomorrow. Come read me the resume you wrote for me!"
1238,7,15,111,133,1.218045112781955,0.04570695519885318,558,I'm not changing his diaper!
1238,8,13,112,133,1.218045112781955,0.04693662663744293,558,"Mom, my therapist also wants to know why I won't leave home."
1238,4,21,108,133,1.218045112781955,0.04180146234154655,558,"Mom, can we PLEASE go bed shopping this weekend?"
1238,7,15,111,133,1.218045112781955,0.04570695519885318,558,Is the basement ready yet?
1238,7,15,111,133,1.218045112781955,0.04570695519885318,558,Stop calling me 'Baby!'
1238,7,15,111,133,1.218045112781955,0.04570695519885318,558,Why can't Dad take my SATs today?
1238,6,17,110,133,1.218045112781955,0.044443273810524195,558,"I think, at sixteen, an iPhone would be slightly more appropriate."
1238,9,11,113,133,1.218045112781955,0.048134894688317977,558,Mom! I'm stuck in the President's bed again.
1238,4,21,108,133,1.218045112781955,0.04180146234154655,558,You were right. I should have majored in business.
1238,7,15,111,133,1.218045112781955,0.04570695519885318,558,Is it time to grow up yet?
1311,5,19,110,134,1.2164179104477613,0.04285033090096287,558,Can I get out of time-out now?
1312,7,14,111,132,1.2121212121212122,0.04566609726387101,558,"Hey Doc., I'm not sure this regression technique is working for me. Over and out."
1312,4,20,108,132,1.2121212121212122,0.04169425831336409,558,Can we talk?
1312,4,20,108,132,1.2121212121212122,0.04169425831336409,558,I don't understand why Mom and Dad unfriended me.
1312,5,18,109,132,1.2121212121212122,0.04305893167863623,558,"No, this is not what I meant by role playing."
1312,3,22,107,132,1.2121212121212122,0.040283380633923935,558,Doesn't the ''Sleep like a baby'' upgrade include tuck-in?
1312,4,20,108,132,1.2121212121212122,0.04169425831336409,558,"Mommy, we have a problem."
1312,4,20,108,132,1.2121212121212122,0.04169425831336409,558,"Hey mom, please bring me my pacifier and geometry homework"
1312,6,16,110,132,1.2121212121212122,0.044381663086340006,558,Could someone come read me a good-night dissertation?
1312,6,16,110,132,1.2121212121212122,0.044381663086340006,558,Isn't it time you helicoptered in?
1312,2,24,106,132,1.2121212121212122,0.03882126136917328,558,"It may be a bold move, but I think I'm ready to go outside now."
1312,3,22,107,132,1.2121212121212122,0.040283380633923935,558,"What do you mean ""arrested development?"""
1312,6,16,110,132,1.2121212121212122,0.044381663086340006,558,"No, my crib, crib! I'm really calling from the crib!"
1312,5,18,109,132,1.2121212121212122,0.04305893167863623,558,No blanket... terrible parenting...very sad.
1312,6,16,110,132,1.2121212121212122,0.044381663086340006,558,Stop it. That's how you got me.
1312,7,14,111,132,1.2121212121212122,0.04566609726387101,558,Playpen to crib.
1312,6,16,110,132,1.2121212121212122,0.044381663086340006,558,I think my parents are a bit over-protective.
1312,5,18,109,132,1.2121212121212122,0.04305893167863623,558,"Alexa, I said queen size, not crib size."
1312,6,16,110,132,1.2121212121212122,0.044381663086340006,558,"Sorry Mom, baby talk is where I draw the line."
1312,4,20,108,132,1.2121212121212122,0.04169425831336409,558,"Guys, I'm getting too old for this."
1312,7,14,111,132,1.2121212121212122,0.04566609726387101,558,Blending in & eavesdropping came naturally to young Vladimir.
1312,6,16,110,132,1.2121212121212122,0.044381663086340006,558,"Dad, can I have that drink of water now? I've been waiting for what seems like forever."
1312,2,24,106,132,1.2121212121212122,0.03882126136917328,558,When will I be old enough to have dignity?
1312,4,20,108,132,1.2121212121212122,0.04169425831336409,558,"Radio is working fine, crib checks out, the baby will love it, may I get in the big boy bed now?"
1312,4,20,108,132,1.2121212121212122,0.04169425831336409,558,This is Ground Control to Major Mom.
1312,6,16,110,132,1.2121212121212122,0.044381663086340006,558,"Mommy, I'm thirsty... bring me a glass of beer!"
1312,5,18,109,132,1.2121212121212122,0.04305893167863623,558,Did you check the news yet? Is it safe to come out today?
1312,9,10,113,132,1.2121212121212122,0.04813224783158577,558,"No, not yet. I still have some other stuff to work on before I ask them for a later curfew."
1312,5,18,109,132,1.2121212121212122,0.04305893167863623,558,We've been over this. 'Cry -it-out' doesn't work for me.
1312,3,22,107,132,1.2121212121212122,0.040283380633923935,558,I think it's about time I had a talk with my parents.
1312,5,18,109,132,1.2121212121212122,0.04305893167863623,558,My folks are holding me back till they can afford a top-tier preschool. The only upside is that the stroller is a chick magnet.
1312,5,18,109,132,1.2121212121212122,0.04305893167863623,558,"I won't be in today, I'm having a mid-life crisis!"
1312,8,12,112,132,1.2121212121212122,0.04691537978442954,558,I thought you said that you wanted me to be your baby
1312,5,18,109,132,1.2121212121212122,0.04305893167863623,558,"OK, Now let's play you're the baby."
1312,1,26,105,132,1.2121212121212122,0.03730187546611742,558,"So mom, do you think I'll adjust well to dormitory life?"
1312,2,24,106,132,1.2121212121212122,0.03882126136917328,558,I need a change!
1312,4,20,108,132,1.2121212121212122,0.04169425831336409,558,"Roger that Mama-bear, and send me up a keg of milk."
1312,6,16,110,132,1.2121212121212122,0.044381663086340006,558,This overprotective thing has gone way far enough.
1312,6,16,110,132,1.2121212121212122,0.044381663086340006,558,I did work hard in college. Don't you think this is an overreaction for me moving back home.
1312,5,18,109,132,1.2121212121212122,0.04305893167863623,558,I have to ask mom if we can go to the prom.
1312,5,18,109,132,1.2121212121212122,0.04305893167863623,558,"If you're still out there, I think I'm ready for a new sibling now."
1312,8,12,112,132,1.2121212121212122,0.04691537978442954,558,"Ivanka, tell Jared to come in and fix my Tweeter. It's a disaster."
1312,5,18,109,132,1.2121212121212122,0.04305893167863623,558,"So mom... before you go to work, could you bring in a bagel, some coffee and the Times? It's going to be a hellava day??"
1312,5,18,109,132,1.2121212121212122,0.04305893167863623,558,Minimum security isn't how I imagined it would be.
1312,7,14,111,132,1.2121212121212122,0.04566609726387101,558,It's over! Somehow she misunderstood when I told her we should go back to my crib and chill
1312,7,14,111,132,1.2121212121212122,0.04566609726387101,558,"Mom, I can't sleep. Can I grab a beer and some pizza?"
1312,7,14,111,132,1.2121212121212122,0.04566609726387101,558,I can't sleep. I keep worrying about my real estate investments.
1312,6,16,110,132,1.2121212121212122,0.044381663086340006,558,Millennial on a landline.
1312,7,14,111,132,1.2121212121212122,0.04566609726387101,558,"No, the baby is not here!"
1312,4,20,108,132,1.2121212121212122,0.04169425831336409,558,Please tell me again how this will help me connect with my inner child...
1312,6,16,110,132,1.2121212121212122,0.044381663086340006,558,This is not a big boy bed.
1312,7,14,111,132,1.2121212121212122,0.04566609726387101,558,Be careful what you say to me--I'm in my safe space.
1312,5,18,109,132,1.2121212121212122,0.04305893167863623,558,"I agreed to move my crib to the basement, but now you still want me to move out?"
1312,6,16,110,132,1.2121212121212122,0.044381663086340006,558,I'm wearing PJs a soiled diaper. What are you wearing?
1312,4,20,108,132,1.2121212121212122,0.04169425831336409,558,I think I over-slept ... by about 14 years.
1312,4,20,108,132,1.2121212121212122,0.04169425831336409,558,"OK, you win. I promise to start acting my age and stop acting like Trump."
1312,6,16,110,132,1.2121212121212122,0.044381663086340006,558,"It's 3 a.m., I need my bottle and my phone back."
1312,4,20,108,132,1.2121212121212122,0.04169425831336409,558,They're holding me in an infant-detention center.
1312,4,20,108,132,1.2121212121212122,0.04169425831336409,558,What happens if I push the red button?
1312,7,14,111,132,1.2121212121212122,0.04566609726387101,558,I'm a juvenile. They can't send me to the pen!
1312,4,20,108,132,1.2121212121212122,0.04169425831336409,558,I think that I'm supposed to be watching TV and the baby should be here.
1312,7,14,111,132,1.2121212121212122,0.04566609726387101,558,"Baby Girl to Helicopter Mom. College app time, NOT, repeat NOT nap time."
1312,9,10,113,132,1.2121212121212122,0.04813224783158577,558,Mom! Dad! Can I get my own place?
1312,7,14,111,132,1.2121212121212122,0.04566609726387101,558,"Dad! It's been 10 years, where's my glass of water?"
1312,7,14,111,132,1.2121212121212122,0.04566609726387101,558,No bathroom water! I'll have the Evian from the fridge!
1312,4,20,108,132,1.2121212121212122,0.04169425831336409,558,No kidding I'm taking a gap year.
1312,6,16,110,132,1.2121212121212122,0.044381663086340006,558,"So, the new phone update came with a time travel option..."
1312,8,12,112,132,1.2121212121212122,0.04691537978442954,558,Gotta go....it's 4 a.m. and that means tweetin' time.
1312,3,22,107,132,1.2121212121212122,0.040283380633923935,558,"Honey, I'm sorry can my Time Out be over now?"
1312,4,20,108,132,1.2121212121212122,0.04169425831336409,558,OK Johnny. The ten years is up. You can come out now.
1312,5,18,109,132,1.2121212121212122,0.04305893167863623,558,911? I'm trapped in a really bad dream!
1312,3,22,107,132,1.2121212121212122,0.040283380633923935,558,"Mom, Dad, you copy? I think I'm getting too big to use a night light... over"
1312,6,16,110,132,1.2121212121212122,0.044381663086340006,558,"Testing 1,2,3. I think my childhood is coming to an end. Testing 1,2,3."
1312,1,26,105,132,1.2121212121212122,0.03730187546611742,558,Ovf course I can hear you - you're in the next room...
1312,5,18,109,132,1.2121212121212122,0.04305893167863623,558,I'm good mom. Thanks.
1312,5,18,109,132,1.2121212121212122,0.04305893167863623,558,This is your son... over!
1312,5,18,109,132,1.2121212121212122,0.04305893167863623,558,why do they call us Millenials?
1312,3,22,107,132,1.2121212121212122,0.040283380633923935,558,You told me this was only temporary.
1312,6,16,110,132,1.2121212121212122,0.044381663086340006,558,Your Father wants a strong border
1312,7,14,111,132,1.2121212121212122,0.04566609726387101,558,"Mom, what time is my SAT tutor coming ?"
1312,8,12,112,132,1.2121212121212122,0.04691537978442954,558,Well honey I'll give him this: there is a lot to cry about in here.
1312,7,14,111,132,1.2121212121212122,0.04566609726387101,558,Did I really have to do all this just to test the new baby monitor?
1312,5,18,109,132,1.2121212121212122,0.04305893167863623,558,Send in the new milk maiden.
1312,3,22,107,132,1.2121212121212122,0.040283380633923935,558,It's time I told you ... I go out at night
1312,4,20,108,132,1.2121212121212122,0.04169425831336409,558,This really takes me back...
1312,5,18,109,132,1.2121212121212122,0.04305893167863623,558,Mommy have you seen my iPhone charger?
1312,4,20,108,132,1.2121212121212122,0.04169425831336409,558,"""Can we meet at your place? I'm a little constricted.)"
1312,7,14,111,132,1.2121212121212122,0.04566609726387101,558,I wanted to see what it was like to be President.
1312,4,20,108,132,1.2121212121212122,0.04169425831336409,558,"Don't worry, son. I'll have your thesis paper ready in the morning."
1312,5,18,109,132,1.2121212121212122,0.04305893167863623,558,Mr. Yiannopoulos? I don't think I want to be your intern any longer.
1312,7,14,111,132,1.2121212121212122,0.04566609726387101,558,"Don't believe the main stream, fake news, media.The White House is running VERY WELL. I inherited a MESS and am in the process of fixing it."
1312,3,22,107,132,1.2121212121212122,0.040283380633923935,558,"I'll take a shrimp tempura roll, light on the eel sauce..."
1312,7,14,111,132,1.2121212121212122,0.04566609726387101,558,"Mom, do you really think I can be the President one day?"
1312,4,20,108,132,1.2121212121212122,0.04169425831336409,558,"When you get a job, then you can upgrade."
1312,5,18,109,132,1.2121212121212122,0.04305893167863623,558,"...because you still ACT like a child, Donald. Go to sleep."
1312,5,18,109,132,1.2121212121212122,0.04305893167863623,558,How Millenials order room service.
1312,6,16,110,132,1.2121212121212122,0.044381663086340006,558,Get in here! You will not believe what happened!
1312,7,14,111,132,1.2121212121212122,0.04566609726387101,558,"When I get out of here, I'm gonna build a wall, and Mexico is gonna pay for it!"
1312,4,20,108,132,1.2121212121212122,0.04169425831336409,558,"Mom, can I get a glass of Gewurztraminer?"
1312,6,16,110,132,1.2121212121212122,0.044381663086340006,558,Am I Being Detained?
1312,6,16,110,132,1.2121212121212122,0.044381663086340006,558,Are my college essays done yet?
1312,6,16,110,132,1.2121212121212122,0.044381663086340006,558,"No, it does not feel at all like it is going by too fast."
1312,5,18,109,132,1.2121212121212122,0.04305893167863623,558,"Hello Mudda, Hello fadda."
1312,7,14,111,132,1.2121212121212122,0.04566609726387101,558,"I promise, I will leave home someday."
1415,6,16,111,133,1.2105263157894737,0.0440755678609802,558,Honey it worked. He's totally asleep now.
1415,6,16,111,133,1.2105263157894737,0.0440755678609802,558,Couldn't I just hack their emails? I think they're beginning to suspect something. Over.
1415,7,14,112,133,1.2105263157894737,0.045349496676596275,558,"Only until I'm 26, mom. I promise."
1415,4,20,109,133,1.2105263157894737,0.0414103048668128,558,Just another case of arrested development.
1415,4,20,109,133,1.2105263157894737,0.0414103048668128,558,I need to see someone about this Empty Nest Syndrome.
1415,7,14,112,133,1.2105263157894737,0.045349496676596275,558,Captain's log: I finally accept that I can't keep postponing maturity.
1421,4,19,107,130,1.2076923076923076,0.041864924409159,558,"Just kickin' it at ""the crib."""
1421,5,17,108,130,1.2076923076923076,0.04326583502212179,558,But she won the popular vote!
1421,4,19,107,130,1.2076923076923076,0.041864924409159,558,Would you rather I lived in the basement?
1421,5,17,108,130,1.2076923076923076,0.04326583502212179,558,"First, let's move him to a big-boy bed. Then we can talk about health insurance."
1421,2,23,105,130,1.2076923076923076,0.03891208972839766,558,"Honey? I fell for it, again."
1421,3,21,106,130,1.2076923076923076,0.04041548356023634,558,"Ok, I'm sorry for voting for Trump, can I have my big boy bed back now?"
1421,7,13,110,130,1.2076923076923076,0.045939674018381844,558,Nobody puts baby in the crib.
1421,3,21,106,130,1.2076923076923076,0.04041548356023634,558,"Tinker Bell, I need help."
1421,8,11,111,130,1.2076923076923076,0.047219849992265445,558,"Bobby, this is the Provost. Don't leave your safe zone. President Trump is still on the television in the dorm lounge."
1421,5,17,108,130,1.2076923076923076,0.04326583502212179,558,"Beam me up, Dr Spock"
1421,2,23,105,130,1.2076923076923076,0.03891208972839766,558,Don't think I don't know what you're doing.
1421,5,17,108,130,1.2076923076923076,0.04326583502212179,558,Peter Pan. Come in Peter Pan.
1421,6,15,109,130,1.2076923076923076,0.044622786382501084,558,It really is a time machine!
1434,5,16,108,129,1.2015503875968991,0.0431609640529459,558,"Aren't you up, yet? It's 11 years."
1434,6,14,109,129,1.2015503875968991,0.04454203463008218,558,Whatever cures writer's block for my next children's book.
1434,5,16,108,129,1.2015503875968991,0.0431609640529459,558,When I get older I'm going to be a basketball player.
1434,7,12,110,129,1.2015503875968991,0.04588155271996788,558,It's not the dark I'm afraid of
1434,4,18,107,129,1.2015503875968991,0.04173421602201168,558,Help ! My parents have empty nest syndrome!
1434,3,20,106,129,1.2015503875968991,0.04025693425938176,558,"Mommy, why do they call you and Daddy the Helicopter Parents?"
1434,7,12,110,129,1.2015503875968991,0.04588155271996788,558,"Mom, Dad, I've been calling you FOREVER!"
1434,6,14,109,129,1.2015503875968991,0.04454203463008218,558,"Mom, can you bring me my crack pipe and silly putty."
1434,4,18,107,129,1.2015503875968991,0.04173421602201168,558,"I'm pretty sure you're not allowed to say ""flame-retardant""."
1434,3,20,106,129,1.2015503875968991,0.04025693425938176,558,"Hi Ma, I was just thinking about you!"
1434,3,20,106,129,1.2015503875968991,0.04025693425938176,558,Hello. Is this Pimp My Crib?
1434,4,18,107,129,1.2015503875968991,0.04173421602201168,558,"Can I get up now, Mom? I have an Econ 421 class at 8:00."
1434,2,22,105,129,1.2015503875968991,0.03872333566412419,558,"OK, you made your point. I will stop whining about dish duty."
1434,5,16,108,129,1.2015503875968991,0.0431609640529459,558,It was the call that changed Sean Spicer's life forever...
1434,7,12,110,129,1.2015503875968991,0.04588155271996788,558,Mom? Dad? How long is this party going to last?
1434,4,18,107,129,1.2015503875968991,0.04173421602201168,558,My parents must have missed the recall notice !
1434,7,12,110,129,1.2015503875968991,0.04588155271996788,558,This is weird. You guys should just use Viagra.
1434,7,12,110,129,1.2015503875968991,0.04588155271996788,558,"Son, it's high time to change yourself."
1434,3,20,106,129,1.2015503875968991,0.04025693425938176,558,"'Time travel' was just a joke, right?"
1434,7,12,110,129,1.2015503875968991,0.04588155271996788,558,"It's not that I don't love the nanny state, it's just that the pajamas don't fit."
1434,1,24,104,129,1.2015503875968991,0.03712644197803879,558,At least can I start eating solid foods?
1434,2,22,105,129,1.2015503875968991,0.03872333566412419,558,I dunno -- I think I just feel more secure the way things are now.
1434,2,22,105,129,1.2015503875968991,0.03872333566412419,558,"OK, already. I'll stop acting like a big baby."
1434,6,14,109,129,1.2015503875968991,0.04454203463008218,558,"I don't feel good, Mommy. Can you make Daddy take my SATs today?"
1434,5,16,108,129,1.2015503875968991,0.0431609640529459,558,This is not the access we desired for the White House press briefing
1434,4,18,107,129,1.2015503875968991,0.04173421602201168,558,Timeout for discussing politics is not working.
1434,3,20,106,129,1.2015503875968991,0.04025693425938176,558,Does the bottle have to be milk?
1434,3,20,106,129,1.2015503875968991,0.04025693425938176,558,Paul began to doubt that his time travel scheme would ever work.
1434,5,16,108,129,1.2015503875968991,0.0431609640529459,558,Stop babying me and I'll tell you what gender I identify with
1434,6,14,109,129,1.2015503875968991,0.04454203463008218,558,"I said you should go off the grid, not in the crib."
1434,1,24,104,129,1.2015503875968991,0.03712644197803879,558,"Mom, Dad, we need to discuss infantilization. And also, I have to make wee wee."
1434,7,12,110,129,1.2015503875968991,0.04588155271996788,558,Can I get a ride to the anti-Trump rally tomorrow?
1434,2,22,105,129,1.2015503875968991,0.03872333566412419,558,"And while your at it, bring me the new issue of the New Yorker."
1434,4,18,107,129,1.2015503875968991,0.04173421602201168,558,"Mom I do appreciate what I have, but seriously I need a new bed."
1434,3,20,106,129,1.2015503875968991,0.04025693425938176,558,"I'm telling you mum, this Ph.D is going to pay off eventually"
1434,5,16,108,129,1.2015503875968991,0.0431609640529459,558,"Mom, can I get some more milk? The type from the store this time."
1434,4,18,107,129,1.2015503875968991,0.04173421602201168,558,Mom? Can time out be over now?
1434,5,16,108,129,1.2015503875968991,0.0431609640529459,558,"I don't think forcing me to relive my childhood will fix anything. Oh, and bring me a beer."
1434,2,22,105,129,1.2015503875968991,0.03872333566412419,558,"Mom, don't you think you should check in from time to time?"
1434,8,10,111,129,1.2015503875968991,0.0471830574571312,558,"Someday, I'm going to be the greatest president of the United States of America."
1434,4,18,107,129,1.2015503875968991,0.04173421602201168,558,You can panic now...The car keys are missing too.
1434,3,20,106,129,1.2015503875968991,0.04025693425938176,558,Hello! Mom? Dad? How long is this party going to last? It seems like I have been in here forever.
1434,4,18,107,129,1.2015503875968991,0.04173421602201168,558,"I apologize, please come back to bed."
1434,6,14,109,129,1.2015503875968991,0.04454203463008218,558,"This is my 5,478th and final transmission."
1434,3,20,106,129,1.2015503875968991,0.04025693425938176,558,I still don't feel safe.
1434,3,20,106,129,1.2015503875968991,0.04025693425938176,558,"Mommy, can I take my driver's test after nap time?"
1434,6,14,109,129,1.2015503875968991,0.04454203463008218,558,The basement requires a graduate degree.
1434,5,16,108,129,1.2015503875968991,0.0431609640529459,558,"Hey Mom and Dad, I need my ipad and a flat white from Starbucks."
1434,3,20,106,129,1.2015503875968991,0.04025693425938176,558,"Yeah, but it's a big boy's playpen."
1434,5,16,108,129,1.2015503875968991,0.0431609640529459,558,"Mom, may I use your car today?"
1434,8,10,111,129,1.2015503875968991,0.0471830574571312,558,"I'm still not sleepy, Reince."
1434,3,20,106,129,1.2015503875968991,0.04025693425938176,558,"Mom, you can't protect me forever, the election is over...mom?"
1434,4,18,107,129,1.2015503875968991,0.04173421602201168,558,This is 'Snowflake' - over...
1434,8,10,111,129,1.2015503875968991,0.0471830574571312,558,Donald Trump's Teen Years
1434,5,16,108,129,1.2015503875968991,0.0431609640529459,558,I'll be here at least until after the midterm elections.
1434,0,26,103,129,1.2015503875968991,0.0354577024487054,558,"Mom, did you do my homework yet?"
1434,5,16,108,129,1.2015503875968991,0.0431609640529459,558,"Mom, can you turn down Pink Floyd a little and go to bed?"
1434,3,20,106,129,1.2015503875968991,0.04025693425938176,558,"Hey, Mom. Don't forget my calculus homework. Also, text my girlfriend."
1434,6,14,109,129,1.2015503875968991,0.04454203463008218,558,"Hun, can you get the light?"
1434,4,18,107,129,1.2015503875968991,0.04173421602201168,558,I just hacked Mom’s Amazon password. New PJ’s and a queen sized bed are on the way.
1434,2,22,105,129,1.2015503875968991,0.03872333566412419,558,"Returning to your 90's routine will not bring a Clinton into the White House, son."
1434,5,16,108,129,1.2015503875968991,0.0431609640529459,558,"Sure, Dad, you moved into a big boy bed at 4, but that's before your generation raped the economy."
1434,4,18,107,129,1.2015503875968991,0.04173421602201168,558,"This ""future president"" training is getting tiresome."
1434,4,18,107,129,1.2015503875968991,0.04173421602201168,558,"Hey mom, can I have my cell phone back?"
1434,8,10,111,129,1.2015503875968991,0.0471830574571312,558,"The last thing I remember was biting an ""eat me"" cake."
1434,4,18,107,129,1.2015503875968991,0.04173421602201168,558,"Mom, ""I sleep like a baby"" was purely idiomatic."
1434,3,20,106,129,1.2015503875968991,0.04025693425938176,558,"""Dad, could you get me a glass of IPA?"
1434,3,20,106,129,1.2015503875968991,0.04025693425938176,558,I'll stop acting like a cry-baby when you stop treating me like one
1434,7,12,110,129,1.2015503875968991,0.04588155271996788,558,"Yeah, it's me. I ate the baby."
1434,5,16,108,129,1.2015503875968991,0.0431609640529459,558,Cribs R Us: Talk To An Expert
1434,5,16,108,129,1.2015503875968991,0.0431609640529459,558,"Ma, have you seen my binky?"
1434,4,18,107,129,1.2015503875968991,0.04173421602201168,558,I'm still contemplating my career. Meantime please send up dinner.
1434,2,22,105,129,1.2015503875968991,0.03872333566412419,558,"If I'm in here, is the baby in the dog's bed?"
1434,5,16,108,129,1.2015503875968991,0.0431609640529459,558,Oedipus was a terrible name.
1434,3,20,106,129,1.2015503875968991,0.04025693425938176,558,You're the only one who listens.
1434,3,20,106,129,1.2015503875968991,0.04025693425938176,558,Apparently they begin to develop a greater sense of autonomy during the 59th trimester.
1434,5,16,108,129,1.2015503875968991,0.0431609640529459,558,Some say he was always destined to be President.
1434,6,14,109,129,1.2015503875968991,0.04454203463008218,558,"Milk served the usual way, please."
1434,3,20,106,129,1.2015503875968991,0.04025693425938176,558,"A pizza with sausage and onions, please."
1434,6,14,109,129,1.2015503875968991,0.04454203463008218,558,Hello? Hello? I think I'm out-growing my pajamas!
1434,5,16,108,129,1.2015503875968991,0.0431609640529459,558,"""I'm being held against my will and my jammies don't fit""!"
1434,4,18,107,129,1.2015503875968991,0.04173421602201168,558,"Siri, can you locate my childhood? I seem to have wasted it."
1434,4,18,107,129,1.2015503875968991,0.04173421602201168,558,A bit harsh Mum. I still got a B+.
1434,3,20,106,129,1.2015503875968991,0.04025693425938176,558,Do you think I could move back into the womb until I figure my life out?
1434,5,16,108,129,1.2015503875968991,0.0431609640529459,558,"I know it's your safe space, but, please, you need to pack. Your dorm drop off is tomorrow."
1434,4,18,107,129,1.2015503875968991,0.04173421602201168,558,Thanks for the safe space...
1434,3,20,106,129,1.2015503875968991,0.04025693425938176,558,Is it too late for room service?
1434,5,16,108,129,1.2015503875968991,0.0431609640529459,558,Dean Johnson? It's Jaime in Smith Hall. I lost my blankie again.
1434,5,16,108,129,1.2015503875968991,0.0431609640529459,558,Mom? Dad? Can we talk parenting styles?
1434,7,12,110,129,1.2015503875968991,0.04588155271996788,558,And then the monster asked about my plans for after college.
1434,2,22,105,129,1.2015503875968991,0.03872333566412419,558,Change is good.
1434,6,14,109,129,1.2015503875968991,0.04454203463008218,558,"Sorry honey, but this role play is not working for me...honey?"
1434,4,18,107,129,1.2015503875968991,0.04173421602201168,558,"Son, we are still at La Guardia but don't you worry. Home soon!"
1434,5,16,108,129,1.2015503875968991,0.0431609640529459,558,"Uh, have you guys seen, ""Big?"""
1434,2,22,105,129,1.2015503875968991,0.03872333566412419,558,"Mom, you can't say that I never call."
1434,1,24,104,129,1.2015503875968991,0.03712644197803879,558,Now that I've replaced the battery can we resume our discussion about big boy beds?
1434,4,18,107,129,1.2015503875968991,0.04173421602201168,558,Is Dad back from buying cigarettes yet?
1434,6,14,109,129,1.2015503875968991,0.04454203463008218,558,Get me room service.
1434,2,22,105,129,1.2015503875968991,0.03872333566412419,558,Peter Pan here. With whom am I speaking?
1434,5,16,108,129,1.2015503875968991,0.0431609640529459,558,No sign of Trump under the bed. How do the closets look?
1434,2,22,105,129,1.2015503875968991,0.03872333566412419,558,What do you mean 'YOU' had a nightmare?
1434,6,14,109,129,1.2015503875968991,0.04454203463008218,558,Can I have my peanut & jelly sandwich on a baguette please.
1434,6,14,109,129,1.2015503875968991,0.04454203463008218,558,We are playing remote cribbage.
1434,7,12,110,129,1.2015503875968991,0.04588155271996788,558,"Mom, I guess borrowing the car is out of the question?"
1434,2,22,105,129,1.2015503875968991,0.03872333566412419,558,"Mom, would you come turn off my nightlight?"
1434,3,20,106,129,1.2015503875968991,0.04025693425938176,558,"Honey, can you come in Junior's room, I've got a sort of funny story to tell you."
1434,3,20,106,129,1.2015503875968991,0.04025693425938176,558,I wonder if I can send an 'Amber Alert' on this thing?
1434,4,18,107,129,1.2015503875968991,0.04173421602201168,558,"'Brenda, can you bring in my 9am please?'"
1434,7,12,110,129,1.2015503875968991,0.04588155271996788,558,"In light of the election, I'm thinking that a gap decade might be a good idea."
1434,7,12,110,129,1.2015503875968991,0.04588155271996788,558,Tonight I will be playing Infant #3. There are no small roles.
1434,5,16,108,129,1.2015503875968991,0.0431609640529459,558,I'm calling about an early checkout.
1434,3,20,106,129,1.2015503875968991,0.04025693425938176,558,Is it safe yet?
1434,8,10,111,129,1.2015503875968991,0.0471830574571312,558,I'm not leaving here until Trump has been repealed and replaced!
1434,5,16,108,129,1.2015503875968991,0.0431609640529459,558,"Mom, remember that my application to Sarah Lawrence is due on Wednesday."
1434,3,20,106,129,1.2015503875968991,0.04025693425938176,558,Tell Dad I'll need the car tomorrow night.
1434,6,14,109,129,1.2015503875968991,0.04454203463008218,558,Skip Van Winkle awakens from his nap.
1434,2,22,105,129,1.2015503875968991,0.03872333566412419,558,"Mom or Dad, could you bring me another gin and tonic?"
1434,3,20,106,129,1.2015503875968991,0.04025693425938176,558,"Sorry Honey, we've decided to stop the breast feeding."
1434,2,22,105,129,1.2015503875968991,0.03872333566412419,558,"Mom, can you change my diaper before my date arrives?"
1434,4,18,107,129,1.2015503875968991,0.04173421602201168,558,No! I didn't say I wanted change. I said I needed changing.
1434,4,18,107,129,1.2015503875968991,0.04173421602201168,558,"Mom, I'm thirsty, can I have a glass of artisanal water?"
1555,4,17,106,127,1.1968503937007875,0.0418891623466292,558,"Really, after fourteen years you should know when I want a glass of water !"
1555,6,13,108,127,1.1968503937007875,0.04477354884312856,558,"Mom, I think I'm ready to try solid food."
1555,4,17,106,127,1.1968503937007875,0.0418891623466292,558,"Just to let you guys know, I plan on crying it out all night long."
1555,5,15,107,127,1.1968503937007875,0.04335534914004428,558,Mom? Can I come out of time-out NOW? It's been a loooong time!
1555,3,19,105,127,1.1968503937007875,0.04036976028104919,558,"Mom, what's the ETA on a clean diaper?"
1555,6,13,108,127,1.1968503937007875,0.04477354884312856,558,"I just thought whenever you said 'Hey babe!', you wanted something different."
1555,3,19,105,127,1.1968503937007875,0.04036976028104919,558,Glenda....I promise not to talk Trump if you let me back into our bed....
1555,5,15,107,127,1.1968503937007875,0.04335534914004428,558,"Instead of crying, I think it's more efficient if I just tell you I'd like three spicy tuna rolls."
1555,4,17,106,127,1.1968503937007875,0.0418891623466292,558,"If everything is okay, your mom and I will check back in another 15 years."
1555,4,17,106,127,1.1968503937007875,0.0418891623466292,558,Can I get the ACLU on this thing?
1555,4,17,106,127,1.1968503937007875,0.0418891623466292,558,"Mom? Dad? Er... I think I grew, like, three foot overnight!"
1555,4,17,106,127,1.1968503937007875,0.0418891623466292,558,"But, Mom, now I'm thirteen."
1555,4,17,106,127,1.1968503937007875,0.0418891623466292,558,"Honey, I am very excited about our adoption, but don't you think we had enough rehearsals already?"
1555,7,11,109,127,1.1968503937007875,0.04614818580357087,558,Can you hear me Captain Tom?
1555,7,11,109,127,1.1968503937007875,0.04614818580357087,558,And suddenly Rip Van Winkle all made sense.
1555,2,21,104,127,1.1968503937007875,0.0387908902733167,558,I'm breaking out
1555,5,15,107,127,1.1968503937007875,0.04335534914004428,558,These are not the bars I expected!
1555,4,17,106,127,1.1968503937007875,0.0418891623466292,558,"Day 34, they still don’t realize their child is missing. I’ve been eating nothing but celery puree for the past month. I’m not sure I can take it much longer."
1555,4,17,106,127,1.1968503937007875,0.0418891623466292,558,"We aren't babying him, are we?"
1555,5,15,107,127,1.1968503937007875,0.04335534914004428,558,"Honey, he got me again with the hide and seek."
1555,6,13,108,127,1.1968503937007875,0.04477354884312856,558,Whiskey Alfa Hotel Hotel Hotel Hotel
1555,4,17,106,127,1.1968503937007875,0.0418891623466292,558,I'm ready for a bigger crib.
1555,4,17,106,127,1.1968503937007875,0.0418891623466292,558,Is it safe to come out? Is Trump gone yet?
1555,6,13,108,127,1.1968503937007875,0.04477354884312856,558,Nobody puts Baby in a playpen.
1555,3,19,105,127,1.1968503937007875,0.04036976028104919,558,The alternative ending to 2001 A Space Odyssey
1555,6,13,108,127,1.1968503937007875,0.04477354884312856,558,I knew I should've came out at nine months.
1555,7,11,109,127,1.1968503937007875,0.04614818580357087,558,Liberal safe space.
1582,5,14,106,125,1.192,0.043546045337276365,558,"Alexa, tell them it's their bedtime."
1582,2,20,103,125,1.192,0.03884792517397268,558,"So, I'm up from my power nap."
1582,4,16,105,125,1.192,0.04203838491725881,558,"You don't think he'd hack a New York Times reporter's baby monitor, do you?"
1582,7,10,108,125,1.192,0.046414680658657566,558,Breitbart didn't fire me. I quit!
1582,5,14,106,125,1.192,0.043546045337276365,558,The good news is that the baby monitor is working fine...
1582,5,14,106,125,1.192,0.043546045337276365,558,I think déjà vu is overrated.
1582,5,14,106,125,1.192,0.043546045337276365,558,Does this thing come in a California King?
1582,3,18,104,125,1.192,0.040474603745893505,558,I said I'm done adulting.
1582,1,22,102,125,1.192,0.03715008791723196,558,Are you sure this is what the therapist said to do?
1582,3,18,104,125,1.192,0.040474603745893505,558,"Crib to kitchen, crib to kitchen--ordering 1 bucket o' sliders, a vanilla shake and another blankie, thanks."
1582,7,10,108,125,1.192,0.046414680658657566,558,Barack?..... Michelle?....
1582,6,12,107,125,1.192,0.045003225690839595,558,"This is your son, Failure to Launch, saying over and out."
1582,7,10,108,125,1.192,0.046414680658657566,558,Still sleep in your crib or ask to borrow the car. Not both.
1582,6,12,107,125,1.192,0.045003225690839595,558,"The pixie dust was a scam, Peter. Live with it."
1582,2,20,103,125,1.192,0.03884792517397268,558,Can I get a wake-up call at 3AM?
1582,4,16,105,125,1.192,0.04203838491725881,558,Calling 'Lost Childhood'. Come in 'Lost Childhood'. Over.
1582,5,14,106,125,1.192,0.043546045337276365,558,Is this thing on?
1582,3,18,104,125,1.192,0.040474603745893505,558,"Mom, Dad, I'm a Doctor..."
1582,4,16,105,125,1.192,0.04203838491725881,558,Has it been four years?
1582,2,20,103,125,1.192,0.03884792517397268,558,I'll be your baby tonight
1602,8,8,110,126,1.1904761904761905,0.04742818894471897,558,This also isn't working this week. Just like Mankoff's NEW YORKER magazine website.
1603,5,14,108,127,1.188976377952756,0.04291043311261409,558,Goo-goo ga-ga. Over.
1603,3,18,106,127,1.188976377952756,0.03989155945819073,558,Can you hear me now? Good.
1603,5,14,108,127,1.188976377952756,0.04291043311261409,558,"Mom, I had that nightmare again about voting for Jill Stein."
1606,4,15,105,124,1.185483870967742,0.04186658383919574,558,I thought when you kept calling me 'baby' you were just being affectionate!
1606,4,15,105,124,1.185483870967742,0.04186658383919574,558,"Mom, I don't feel particularly entitled right now."
1606,5,13,106,124,1.185483870967742,0.04340439132076277,558,I am either hungry or need a diaper change.
1606,6,11,107,124,1.185483870967742,0.044889548109636905,558,How Millennials stay in touch with Mom and Dad.
1606,2,19,103,124,1.185483870967742,0.03860764374112212,558,I'm in regression therapy.
1606,4,15,105,124,1.185483870967742,0.04186658383919574,558,Time for my diaper change... over.
1606,2,19,103,124,1.185483870967742,0.03860764374112212,558,This seems a bit excessive just to test the sound quality.
1606,4,15,105,124,1.185483870967742,0.04186658383919574,558,"I've been in ""time out"" for ten years now. How much longer?"
1606,5,13,106,124,1.185483870967742,0.04340439132076277,558,Can Obamacare cover me?
1606,3,17,104,124,1.185483870967742,0.04027009434807555,558,"Sorry, I fell asleep."
1606,3,17,104,124,1.185483870967742,0.04027009434807555,558,Wrong...wrong....wrong. I'm the one with the bed....the new one has the playpen.
1606,3,17,104,124,1.185483870967742,0.04027009434807555,558,"A large pizza with pepperoni, please"
1606,4,15,105,124,1.185483870967742,0.04186658383919574,558,I'll probably get the new one when it comes out...
1606,4,15,105,124,1.185483870967742,0.04186658383919574,558,This Virtual Reality thing is very disappointing.
1606,4,15,105,124,1.185483870967742,0.04186658383919574,558,"Come in, blissful ignorance. Do you copy?"
1606,5,13,106,124,1.185483870967742,0.04340439132076277,558,I'm thirsty. Can somebody bring me a glass of microbrewed IPA?
1606,4,15,105,124,1.185483870967742,0.04186658383919574,558,"Hey Mama, After my nap can I have some beer and pizza? Please, please?!"
1606,4,15,105,124,1.185483870967742,0.04186658383919574,558,Mommy! Wake me at 6am for my job interview.
1606,3,17,104,124,1.185483870967742,0.04027009434807555,558,I've repented for 12 years. Can I go back to my room?
1606,1,21,102,124,1.185483870967742,0.036870310707667026,558,Am I too old to get a bedtime story and a tummy rub?
1606,9,5,110,124,1.185483870967742,0.04907608949551611,558,I think you misunderstood when I told you I wanted my own incubator.
1606,4,15,105,124,1.185483870967742,0.04186658383919574,558,"It's been 12 years, Mom. Isn't my room ready yet?"
1606,6,11,107,124,1.185483870967742,0.044889548109636905,558,"Night light, check. Baby monitor, check. Baby . . . WHERE'S THE BABY?!?"
1606,6,11,107,124,1.185483870967742,0.044889548109636905,558,"Honestly I think the ""Home Alone"" franchise has run its course."
1606,5,13,106,124,1.185483870967742,0.04340439132076277,558,I shouldn't be taking to you. I'm in witness protection.
1606,4,15,105,124,1.185483870967742,0.04186658383919574,558,The Van Winkles are known as good nappers.
1606,2,19,103,124,1.185483870967742,0.03860764374112212,558,These safe spaces are getting out of hand.
1606,3,17,104,124,1.185483870967742,0.04027009434807555,558,"If you get rid of the monster under my bed, I wouldn't have to sleep in the baby's playpen."
1606,3,17,104,124,1.185483870967742,0.04027009434807555,558,"Honey, can I come out now?"
1606,3,17,104,124,1.185483870967742,0.04027009434807555,558,Help! My parents took away my iphone!
1606,5,13,106,124,1.185483870967742,0.04340439132076277,558,"Life went by, virtually."
1606,4,15,105,124,1.185483870967742,0.04186658383919574,558,"I may be a millennial, but this is going too far."
1606,5,13,106,124,1.185483870967742,0.04340439132076277,558,See you in court...Mommy!
1606,4,15,105,124,1.185483870967742,0.04186658383919574,558,Honey?
1606,3,17,104,124,1.185483870967742,0.04027009434807555,558,I promise I'll never miss curfew again.
1606,4,15,105,124,1.185483870967742,0.04186658383919574,558,It's safe now mommy. It's 2020.
1606,6,11,107,124,1.185483870967742,0.044889548109636905,558,A different approach to recapturing one's childhood.
1606,7,9,108,124,1.185483870967742,0.046327118117242154,558,"Ya, the 'rents finally took away my cell phone, and all I have now is this baby monitor...can anyone on Facebook hear me?...come in, over."
1606,3,17,104,124,1.185483870967742,0.04027009434807555,558,Do you ever feel like you're stuck in a rut and need to move on with your life?
1606,7,9,108,124,1.185483870967742,0.046327118117242154,558,Thanks to modern technology Billy never had to leave his crib.
1606,5,13,106,124,1.185483870967742,0.04340439132076277,558,It helps to have a safe space to hear bad news.
1606,4,15,105,124,1.185483870967742,0.04186658383919574,558,I don't think this thing is working anymore.
1606,6,11,107,124,1.185483870967742,0.044889548109636905,558,"OK, I'm sorry! Can I please come out of timeout?"
1606,4,15,105,124,1.185483870967742,0.04186658383919574,558,"Mom, can you get me a job?"
1606,6,11,107,124,1.185483870967742,0.044889548109636905,558,Dad! Dad? Mr. President?
1606,4,15,105,124,1.185483870967742,0.04186658383919574,558,Mom? I just saw the latest press conference. I think I need to be changed.
1606,5,13,106,124,1.185483870967742,0.04340439132076277,558,Mom....Dad.....is it time to get up yet?
1606,2,19,103,124,1.185483870967742,0.03860764374112212,558,So much for the promised 10 year battery life!
1606,3,17,104,124,1.185483870967742,0.04027009434807555,558,Can I use a Johnson & Johnson debit card on a pizza delivery?
1606,7,9,108,124,1.185483870967742,0.046327118117242154,558,I miss breast feeding.
1606,2,19,103,124,1.185483870967742,0.03860764374112212,558,You were right... it's a great hotel. I slept like a baby!
1606,5,13,106,124,1.185483870967742,0.04340439132076277,558,I can't sleep. I saw something scary on CNN.
1606,4,15,105,124,1.185483870967742,0.04186658383919574,558,Roger. That was my hungry cry.
1606,3,17,104,124,1.185483870967742,0.04027009434807555,558,It's 3AM - now where did I put the baby?
1606,2,19,103,124,1.185483870967742,0.03860764374112212,558,. . . and a large order of fries.
1606,2,19,103,124,1.185483870967742,0.03860764374112212,558,Guys...? Have you perhaps forgotten something?
1606,5,13,106,124,1.185483870967742,0.04340439132076277,558,"Mom, when can I go out and play like other kids my age?"
1606,3,17,104,124,1.185483870967742,0.04027009434807555,558,Stranded. No answer from the other end anymore. Alone. My diaper has long since disintegrated and I fear my days are numbered.
1606,3,17,104,124,1.185483870967742,0.04027009434807555,558,How about a play date?
1606,5,13,106,124,1.185483870967742,0.04340439132076277,558,"Dad, can I borrow the hot nanny?"
1606,2,19,103,124,1.185483870967742,0.03860764374112212,558,"Life goes by quickly, doesn't it?"
1606,5,13,106,124,1.185483870967742,0.04340439132076277,558,"Breaker, Breaker, ""come in please, this Crib Monitor, over"
1606,3,17,104,124,1.185483870967742,0.04027009434807555,558,Come on over...I've got a new playpen!
1606,5,13,106,124,1.185483870967742,0.04340439132076277,558,Now let's do what it takes to make this fantasy a reality.
1606,2,19,103,124,1.185483870967742,0.03860764374112212,558,I'm ready for graduate school.
1606,4,15,105,124,1.185483870967742,0.04186658383919574,558,WHAT WE HAVE HERE IS A FAILURE TO COMMUNICATE.
1606,4,15,105,124,1.185483870967742,0.04186658383919574,558,"Just hanging out in my crib, teddy bear."
1606,4,15,105,124,1.185483870967742,0.04186658383919574,558,"Adam 12 here ...... no, I'm really 12."
1606,2,19,103,124,1.185483870967742,0.03860764374112212,558,"When you're done with Facebook, I need a diaper change."
1606,2,19,103,124,1.185483870967742,0.03860764374112212,558,'How long has your baby monitor been off anyway?
1606,4,15,105,124,1.185483870967742,0.04186658383919574,558,This is isn't what I meant by 'I'd like a cool crib'.
1606,5,13,106,124,1.185483870967742,0.04340439132076277,558,"C'mon, it's been 12 years - over."
1606,3,17,104,124,1.185483870967742,0.04027009434807555,558,"Mom? Dad? Anyone? Seriously, this is getting really old."
1606,3,17,104,124,1.185483870967742,0.04027009434807555,558,"Mom, it's time for my breast feeding."
1606,1,21,102,124,1.185483870967742,0.036870310707667026,558,"Mom, don't wake me until November 2020"
1606,3,17,104,124,1.185483870967742,0.04027009434807555,558,"Yes, I shaved this morning."
1606,5,13,106,124,1.185483870967742,0.04340439132076277,558,This babysitter is crazy!
1606,2,19,103,124,1.185483870967742,0.03860764374112212,558,"Honey, what time is Mikey's college interview tomorrow?"
1606,2,19,103,124,1.185483870967742,0.03860764374112212,558,How do you like my new crib?
1606,5,13,106,124,1.185483870967742,0.04340439132076277,558,This is not the mobile device or the safe space that I wanted.
1606,3,17,104,124,1.185483870967742,0.04027009434807555,558,I'm thinking it's not simply an issue of boundaries.
1606,1,21,102,124,1.185483870967742,0.036870310707667026,558,I think I clicked my heels one too many times.
1606,4,15,105,124,1.185483870967742,0.04186658383919574,558,Mom is home schooling me until I get off the charter school wait list.
1606,3,17,104,124,1.185483870967742,0.04027009434807555,558,"Ok, you win, I apologize for breaking the VCR. Can I come out of my room now?"
1606,5,13,106,124,1.185483870967742,0.04340439132076277,558,I'm streaming arrested development.
1606,3,17,104,124,1.185483870967742,0.04027009434807555,558,Your “Time-Outs” are insane.
1606,3,17,104,124,1.185483870967742,0.04027009434807555,558,Can a Bachelor's Degree get me a glass of milk?
1606,5,13,106,124,1.185483870967742,0.04340439132076277,558,Mom....I think we really need to cut the apron strings here !
1606,4,15,105,124,1.185483870967742,0.04186658383919574,558,How did you know I had crib notes?
1606,2,19,103,124,1.185483870967742,0.03860764374112212,558,"... and then I said, ""But, Dad, kids from red states can want to grow up and write for the New York Times, too."""
1606,3,17,104,124,1.185483870967742,0.04027009434807555,558,"Yes, Ma, I'll always be your little baby, but my jammies are getting awful tight."
1606,1,21,102,124,1.185483870967742,0.036870310707667026,558,"Mom, don't you know that I could just climb out if I wanted to?"
1606,2,19,103,124,1.185483870967742,0.03860764374112212,558,I can't adult today...
1606,4,15,105,124,1.185483870967742,0.04186658383919574,558,"I woke up hungry again. But please, no more breast milk."
1606,3,17,104,124,1.185483870967742,0.04027009434807555,558,"Hel-lo, isn't someone late for my 2am feeding?"
1606,3,17,104,124,1.185483870967742,0.04027009434807555,558,I'm too old for this sh*t
1606,3,17,104,124,1.185483870967742,0.04027009434807555,558,Your timeout will end when you finally apologize for hitting Timmy at daycare.
1606,5,13,106,124,1.185483870967742,0.04340439132076277,558,Does this Airbnb come with bottle service?
1606,3,17,104,124,1.185483870967742,0.04027009434807555,558,They told me going to grad school would be a mistake.
1606,6,11,107,124,1.185483870967742,0.044889548109636905,558,And that's when Pistachio began to wonder if he was a real boy or just some nut's inner child.
1606,5,13,106,124,1.185483870967742,0.04340439132076277,558,Let me know when they leave the house.
1606,2,19,103,124,1.185483870967742,0.03860764374112212,558,"It wasn't exactly a bad dream, Mommy. How much did you hear anyhow?"
1606,5,13,106,124,1.185483870967742,0.04340439132076277,558,"Whatever your ransom is, I will double it!"
1606,4,15,105,124,1.185483870967742,0.04186658383919574,558,Can I please just stay here for one more degree in some senseless major?
1606,3,17,104,124,1.185483870967742,0.04027009434807555,558,I'll be independent as soon as you tell me how to get out of this crib.
1606,3,17,104,124,1.185483870967742,0.04027009434807555,558,"Houston, we have a problem"
1606,4,15,105,124,1.185483870967742,0.04186658383919574,558,I had this dream that you could talk and your name was 'Siri'
1606,2,19,103,124,1.185483870967742,0.03860764374112212,558,"Mom, I really think its time that we cut back on the growth hormone."
1606,2,19,103,124,1.185483870967742,0.03860764374112212,558,Your crib is being monitored for quality assurance.
1606,6,11,107,124,1.185483870967742,0.044889548109636905,558,The President will be back online after his time-out.
1606,4,15,105,124,1.185483870967742,0.04186658383919574,558,"Mommy, I want my beer bottle!"
1606,3,17,104,124,1.185483870967742,0.04027009434807555,558,Mommy are my college applications ready yet?
1606,3,17,104,124,1.185483870967742,0.04027009434807555,558,"Mum, I've got a message to you from my psychiatrist."
1606,4,15,105,124,1.185483870967742,0.04186658383919574,558,My Mom doesn't think it's safe for me to play outside
1606,4,15,105,124,1.185483870967742,0.04186658383919574,558,"He is still our President? Okay, wake me up in 2020."
1606,6,11,107,124,1.185483870967742,0.044889548109636905,558,"Man, they REALLY relaxed the dress code at Google."
1606,4,15,105,124,1.185483870967742,0.04186658383919574,558,Mom you forgot my binky
1606,5,13,106,124,1.185483870967742,0.04340439132076277,558,"If he can build his own crib, he's old enough."
1606,4,15,105,124,1.185483870967742,0.04186658383919574,558,"I'm sorry Gary. I know things were moving forward for us, but I am not leaving my ""safe space"" until Trump is out of office."
1606,1,21,102,124,1.185483870967742,0.036870310707667026,558,"Say, what's going on down there? The smell of pot woke me up!"
1606,3,17,104,124,1.185483870967742,0.04027009434807555,558,I can't sleep. Tell me the Curious George goes to Wall Street story again.
1606,2,19,103,124,1.185483870967742,0.03860764374112212,558,"Honey, I'm sorry for acting like a big baby. But this isn't helping."
1606,6,11,107,124,1.185483870967742,0.044889548109636905,558,"Ma, I hate to spoil your party, but I've grown ten years."
1606,3,17,104,124,1.185483870967742,0.04027009434807555,558,I'm ready for my latte now.
1606,3,17,104,124,1.185483870967742,0.04027009434807555,558,It's time for my shave.
1606,5,13,106,124,1.185483870967742,0.04340439132076277,558,"Mom, what's the wifi password?"
1606,3,17,104,124,1.185483870967742,0.04027009434807555,558,Mommy's coming....just one more tweet!
1606,2,19,103,124,1.185483870967742,0.03860764374112212,558,"It's good to be back home, Mom... Mom? Mom? Mom?"
1606,4,15,105,124,1.185483870967742,0.04186658383919574,558,Just be happy I can feed myself.
1606,4,15,105,124,1.185483870967742,0.04186658383919574,558,Let me know when the 4 years is up.
1606,5,13,106,124,1.185483870967742,0.04340439132076277,558,This is the last time I do a favor for my brother.
1606,3,17,104,124,1.185483870967742,0.04027009434807555,558,Is this what they mean by helicopter parenting?
1606,6,11,107,124,1.185483870967742,0.044889548109636905,558,"If the short-fingered Vulgarian can do it, so can you. Stay fifteen forever and still become president! Really!"
1606,5,13,106,124,1.185483870967742,0.04340439132076277,558,That's the last time I bet against the Patriots.
1606,2,19,103,124,1.185483870967742,0.03860764374112212,558,Room Service could you please send up a fresh diaper.
1606,4,15,105,124,1.185483870967742,0.04186658383919574,558,Come on folks. It was cribbage I wanted to learn.
1606,5,13,106,124,1.185483870967742,0.04340439132076277,558,"Brad, you're 28, we don't monitor you anymore."
1606,4,15,105,124,1.185483870967742,0.04186658383919574,558,Is anyone out there?
1606,4,15,105,124,1.185483870967742,0.04186658383919574,558,"Mom, I'm not a little kid anymore."
1606,3,17,104,124,1.185483870967742,0.04027009434807555,558,"Actually, when I said I could reduce my study time with a crib sheet..."
1606,3,17,104,124,1.185483870967742,0.04027009434807555,558,You'll never believe what my mom did when I admitted I used a crib during my math test.
1606,3,17,104,124,1.185483870967742,0.04027009434807555,558,"I have to go now, it's time for my breast feeding."
1606,3,17,104,124,1.185483870967742,0.04027009434807555,558,Maybe it's time to grow up Wendy
1606,4,15,105,124,1.185483870967742,0.04186658383919574,558,"Alright Fiona, you win. Your bed is miserably hard & pj's are too tight."
1606,3,17,104,124,1.185483870967742,0.04027009434807555,558,"Mom, I forgot to tell you I have a History paper due tomorrow."
1606,5,13,106,124,1.185483870967742,0.04340439132076277,558,I'm the only teenager who doesn't want his own crib.
1606,5,13,106,124,1.185483870967742,0.04340439132076277,558,"Yes, Mr. President, I can come over and play."
1606,5,13,106,124,1.185483870967742,0.04340439132076277,558,Just one more Game of Thrones and we'll be right there.
1606,5,13,106,124,1.185483870967742,0.04340439132076277,558,Young Rip awakens from a preview of his bleak future.
1606,3,17,104,124,1.185483870967742,0.04027009434807555,558,"""Mom, can I get up now? I have an appointment at the Army recruiters in an hour."
1606,4,15,105,124,1.185483870967742,0.04186658383919574,558,That's my point: the whole world is out there.
1606,2,19,103,124,1.185483870967742,0.03860764374112212,558,Sure I have a great bachelor crib but I just feel like going out tonight
1606,5,13,106,124,1.185483870967742,0.04340439132076277,558,"Steve, it's Reince. It's really scary right now."
1606,4,15,105,124,1.185483870967742,0.04186658383919574,558,You said it would only be four years.
1606,6,11,107,124,1.185483870967742,0.044889548109636905,558,"No, not until you say you're sorry for voting for Gary Johnson"
1606,2,19,103,124,1.185483870967742,0.03860764374112212,558,"Mom, can I get my iPhone back?"
1606,6,11,107,124,1.185483870967742,0.044889548109636905,558,"S'up, mom? Just chillin' in my crib."
1606,7,9,108,124,1.185483870967742,0.046327118117242154,558,"Suddenly, James realized just how much his parents really like veal."
1606,5,13,106,124,1.185483870967742,0.04340439132076277,558,Mom! I left my iPhone in the car.
1606,7,9,108,124,1.185483870967742,0.046327118117242154,558,"Mom? Dad? I've needed a diaper change for, like, fifteen years."
1606,4,15,105,124,1.185483870967742,0.04186658383919574,558,Do you know how long I've been waiting for a diaper change?
1606,5,13,106,124,1.185483870967742,0.04340439132076277,558,"Mom, Dad? Besides the BLT, can you also bring me a latte?"
1606,3,17,104,124,1.185483870967742,0.04027009434807555,558,This role playing has gotten out of hand.
1606,4,15,105,124,1.185483870967742,0.04186658383919574,558,"Now hear this! I'M FOURTEEN, YOU IDIOTS!"
1606,3,17,104,124,1.185483870967742,0.04027009434807555,558,"Read it again, mommy. Read me ""The Overly Selective Ivy League College, and the Woefully Inadequate Financial Aid Package."""
1606,2,19,103,124,1.185483870967742,0.03860764374112212,558,Yes. Mama. I'm a big boy now.
1606,6,11,107,124,1.185483870967742,0.044889548109636905,558,But I don't want to go to college when I'm twenty-five.
1606,2,19,103,124,1.185483870967742,0.03860764374112212,558,Nobody ever listens to me.
1606,5,13,106,124,1.185483870967742,0.04340439132076277,558,"Then end the tweet with ""sad""; don't forget the exclamation mark!"
1606,3,17,104,124,1.185483870967742,0.04027009434807555,558,Peter Pan here. I was clearly told I would not grow up!
1776,5,13,107,125,1.184,0.04308131845707603,558,Is this on?
1776,6,11,108,125,1.184,0.044553700834661494,558,Of all the days for Freaky Friday to occur. And I get no reception in here.
1776,6,11,108,125,1.184,0.044553700834661494,558,I asked for a cellphone not a baby monitor.
1779,4,14,104,122,1.180327868852459,0.04199404710463599,558,Would you please bring me my mobile and pacifier?
1779,5,12,105,122,1.180327868852459,0.04357732195890745,558,"Mom,Dad, stop treating me like a child!"
1779,3,16,103,122,1.180327868852459,0.040348692610077154,558,"OK, I'm 21 - can you let me out now?"
1779,3,16,103,122,1.180327868852459,0.040348692610077154,558,"""Would it kill ya to do a visual check once in a while?"" [note: visual check in italics]"
1779,3,16,103,122,1.180327868852459,0.040348692610077154,558,Note to self: This isn't working.
1779,2,18,102,122,1.180327868852459,0.038633327561298725,558,"This is Rip Jr., I'm awake!"
1779,4,14,104,122,1.180327868852459,0.04199404710463599,558,"Mom, I'm fine, just having a moment with my old PJs"
1779,5,12,105,122,1.180327868852459,0.04357732195890745,558,only 90's kids would understand
1779,3,16,103,122,1.180327868852459,0.040348692610077154,558,"Mom, my professor wants my term paper tomorrow so I need you to proofread it before morning."
1779,0,22,100,122,1.180327868852459,0.03495093710747713,558,You promise when I was 12 I could have a big-boy bed!
1779,4,14,104,122,1.180327868852459,0.04199404710463599,558,Mom! I'm a big boy now!
1779,6,10,106,122,1.180327868852459,0.04510505499380495,558,"Once upon a time, in a land that was once known as the United States of America...."
1779,5,12,105,122,1.180327868852459,0.04357732195890745,558,Hello?!! I think you shipped the wrong iPhone and bed.
1779,5,12,105,122,1.180327868852459,0.04357732195890745,558,This is the last time I'm sending you to IKEA by yourself
1779,3,16,103,122,1.180327868852459,0.040348692610077154,558,Can anyone hear me?
1779,3,16,103,122,1.180327868852459,0.040348692610077154,558,Big Mother is watching.
1779,4,14,104,122,1.180327868852459,0.04199404710463599,558,"Okay kids, what did you do with your mother?"
1779,3,16,103,122,1.180327868852459,0.040348692610077154,558,"""Mom, Dad. I just had my first nocturnal emission""."
1779,4,14,104,122,1.180327868852459,0.04199404710463599,558,You are one and a half years old and you are telling me its a bluetooth issue?
1779,4,14,104,122,1.180327868852459,0.04199404710463599,558,Can anyone hear me?
1779,6,10,106,122,1.180327868852459,0.04510505499380495,558,It's time for my soccer lesson.
1779,4,14,104,122,1.180327868852459,0.04199404710463599,558,Room service???
1779,4,14,104,122,1.180327868852459,0.04199404710463599,558,"Sorry, I can't go to the movies with you --- I'm in time out."
1779,3,16,103,122,1.180327868852459,0.040348692610077154,558,"""May I come out now? You've made your point about the 'crybaby generation' ""."
1779,5,12,105,122,1.180327868852459,0.04357732195890745,558,A small cheese and sausage pizza and a chocolate malt. Please.
1779,3,16,103,122,1.180327868852459,0.040348692610077154,558,Note to Mom: Shift the 9AM play date to 10 to accommodate late wake-up.
1779,4,14,104,122,1.180327868852459,0.04199404710463599,558,Do NOT post this!
1779,5,12,105,122,1.180327868852459,0.04357732195890745,558,"Mom, I take it back, I am not transage!"
1779,5,12,105,122,1.180327868852459,0.04357732195890745,558,"Finally, I have your attention!"
1779,4,14,104,122,1.180327868852459,0.04199404710463599,558,Doesn't time fly
1779,4,14,104,122,1.180327868852459,0.04199404710463599,558,911 Help I am being held in a playpen
1779,4,14,104,122,1.180327868852459,0.04199404710463599,558,I just don't think you're ready for parenting.
1779,3,16,103,122,1.180327868852459,0.040348692610077154,558,When you take the phrase ‘don’t grow up too fast’ too literally.
1779,2,18,102,122,1.180327868852459,0.038633327561298725,558,I still can't drop that 2am feed.
1779,4,14,104,122,1.180327868852459,0.04199404710463599,558,What to Expect When You're Expecting: Week 192
1779,5,12,105,122,1.180327868852459,0.04357732195890745,558,Is he still in office?
1815,5,11,104,120,1.175,0.0437437470521498,558,You're the one who's being a baby
1815,1,19,100,120,1.175,0.03678710802069945,558,Who said Millenials are more responsible and mature faster?
1815,2,17,101,120,1.175,0.038643852537442146,558,I'm pretty sure this is not how it's supposed to work.
1815,6,9,105,120,1.175,0.045316348358748273,558,And I thought barring us from the news briefing was bad.
1815,3,15,102,120,1.175,0.04041538520594029,558,Hello. Is anybody there? Does anybody care?
1815,3,15,102,120,1.175,0.04041538520594029,558,Gen Z work space.
1815,2,17,101,120,1.175,0.038643852537442146,558,"Mom, Dad, I know this worked when I was a baby, but couldn't you just take my car keys away?"
1815,3,15,102,120,1.175,0.04041538520594029,558,This is a test...Waaaaaaaaaaaa...this has been a test.
1815,4,13,103,120,1.175,0.04211246114576422,558,I have a hard stop at bath time.
1815,4,13,103,120,1.175,0.04211246114576422,558,How do I text over this thing?
1815,4,13,103,120,1.175,0.04211246114576422,558,You can't keep me away from CNN forever.
1815,7,7,106,120,1.175,0.04683617673316633,558,Fuck. Fuck. Fuckfuckfuckfuck. Fuuuuuuuck. Fucky Fuck. Fuckfuckfuckfuck. Fuck.
1815,4,13,103,120,1.175,0.04211246114576422,558,Is anyone listening?
1815,4,13,103,120,1.175,0.04211246114576422,558,"Alexa, turn off the night light."
1815,2,17,101,120,1.175,0.038643852537442146,558,Can someone change my diaper? I'm running late for the prom.
1815,4,13,103,120,1.175,0.04211246114576422,558,"Hey Mom, Dad....I think I'm overdue for an  upgrade to a cell phone."
1815,2,17,101,120,1.175,0.038643852537442146,558,"""Age-neutral"" is hardly a choice, Mother."
1815,1,19,100,120,1.175,0.03678710802069945,558,Mom. Please don’t wait for the sale—buy me my bed now.
1815,4,13,103,120,1.175,0.04211246114576422,558,"Hello? Unattended privileged white male in here!"""
1815,3,15,102,120,1.175,0.04041538520594029,558,"The usual late night snack, over."
1815,4,13,103,120,1.175,0.04211246114576422,558,Mom? Dad? We're gonna need a bigger crib.
1815,4,13,103,120,1.175,0.04211246114576422,558,"Mom, I think you are taking this helicopter parenting too far."
1837,4,13,104,121,1.1735537190082646,0.04178800945506614,558,"Come on honey, you know I hate when you infantalize me!"
1837,4,13,104,121,1.1735537190082646,0.04178800945506614,558,"Okay, so here's the thing: it's been 13 years folks.......time to buy a bed, right?"
1837,4,13,104,121,1.1735537190082646,0.04178800945506614,558,"Mom, don't forget you're driving me to my Adulting class tomorrow."
1837,1,19,101,121,1.1735537190082646,0.03651047238424654,558,"Mom, Dad, I'm leaving for college next week. Time for a big boy bed."
1837,5,11,105,121,1.1735537190082646,0.043404824398316055,558,"Anchor Steam, gorgonzola cheese burger and sweet potato fries, please."
1837,3,15,103,121,1.1735537190082646,0.040106067962151826,558,"Roger that, helicopter Mom. Cleared for landing and 3AM feeding."
1837,4,13,104,121,1.1735537190082646,0.04178800945506614,558,Why didn't you call me?
1844,3,15,104,122,1.1721311475409837,0.039801401970413236,558,"Yes, I'm still ""Mommy's little boy"", but . . ."
1844,7,7,108,122,1.1721311475409837,0.046109473932652696,558,Mom? Dad? I think I'm ready for my own channel now.
1844,3,15,104,122,1.1721311475409837,0.039801401970413236,558,"Honey, could you bring me another glass of chardonnay?"
1844,2,17,103,122,1.1721311475409837,0.03806137940125822,558,"Mom, you've always said that age is just a number"
1844,3,15,104,122,1.1721311475409837,0.039801401970413236,558,"He sleeps straight through the night, eats everything on his plate, and plays nicely. Yes, he can start immediately."
1844,4,13,105,122,1.1721311475409837,0.041468477132567884,558,Yo - Beiber here. Just hangin' in my crib.
1844,3,15,104,122,1.1721311475409837,0.039801401970413236,558,"Mom and Dad, I am ready for a new bed"
1844,2,17,103,122,1.1721311475409837,0.03806137940125822,558,"David, it's your mother, you're almost 16, over"
1852,3,14,101,118,1.1694915254237288,0.04046858081270881,558,This new anti-aging regimen isn't working.
1852,4,12,102,118,1.1694915254237288,0.04222049957827306,558,"I think you're taking this role playing a little too seriously, Margaret."
1852,4,12,102,118,1.1694915254237288,0.04222049957827306,558,Why would you say I'm over-protective?
1852,2,16,100,118,1.1694915254237288,0.038637306859440015,558,"Crib one, this is crib two. Do you read?"
1852,5,10,103,118,1.1694915254237288,0.04390256411968632,558,Barron Trump listening to his parents have sex.
1852,4,12,102,118,1.1694915254237288,0.04222049957827306,558,Someday I'll make this crib great again.
1852,3,14,101,118,1.1694915254237288,0.04046858081270881,558,I ordered that pizza hours ago.
1852,5,10,103,118,1.1694915254237288,0.04390256411968632,558,"Hello, Mom? That new baby formula from Wonderland Inc has side effects!"
1852,2,16,100,118,1.1694915254237288,0.038637306859440015,558,"""Mommy has 15 more minutes in time out. Talk amongst yourselves""."
1852,4,12,102,118,1.1694915254237288,0.04222049957827306,558,I'll stop crying once we lose the stroller.
1852,1,18,99,118,1.1694915254237288,0.036714805320283504,558,I want my bottle of beer.
1852,4,12,102,118,1.1694915254237288,0.04222049957827306,558,This is what it was like before mobile phones. I get it. Can I have my phone back now?
1852,1,18,99,118,1.1694915254237288,0.036714805320283504,558,The kids say I'm helicoptered.
1852,4,12,102,118,1.1694915254237288,0.04222049957827306,558,"Mom, can I Skype my interview from this thing?"
1852,0,20,98,118,1.1694915254237288,0.034685910368074606,558,Millennial rent control
1852,5,10,103,118,1.1694915254237288,0.04390256411968632,558,"Hello, is the baby in bed and asleep yet?"
1852,5,10,103,118,1.1694915254237288,0.04390256411968632,558,Just stay here while your advisors run the country for you.
1852,5,10,103,118,1.1694915254237288,0.04390256411968632,558,The back button is definitely working on your time transporter.
1852,4,12,102,118,1.1694915254237288,0.04222049957827306,558,Is it time to grow up yet?
1852,3,14,101,118,1.1694915254237288,0.04046858081270881,558,"Okay, I'll put on my big-boy pants."
1852,7,6,105,118,1.1694915254237288,0.0470867735098891,558,Hello. Is this President Trump? My mother told me to talk with someone in my age group if I'm not sleepy.
1852,4,12,102,118,1.1694915254237288,0.04222049957827306,558,...and then the Junior Executive got his own corner office and a BIIIIG Raise. Now go to sleep Honey.
1852,3,14,101,118,1.1694915254237288,0.04046858081270881,558,This is Ground Control to Major Mom.
1852,3,14,101,118,1.1694915254237288,0.04046858081270881,558,Don't you think he is too big to still be using a nightlight?
1852,4,12,102,118,1.1694915254237288,0.04222049957827306,558,Billy's birth is triggering some unresolved issues.
1852,3,14,101,118,1.1694915254237288,0.04046858081270881,558,I wonder where she will make me sleep after the third child?
1852,5,10,103,118,1.1694915254237288,0.04390256411968632,558,Donald Trump's first attempt to tweet.
1852,2,16,100,118,1.1694915254237288,0.038637306859440015,558,Dad - just a million bucks and I'll grow up I promise.
1880,2,16,101,119,1.1680672268907564,0.03833771426240422,558,"Mom, did you pay my rent?"
1880,2,16,101,119,1.1680672268907564,0.03833771426240422,558,Can we negotiate this?
1880,1,18,100,119,1.1680672268907564,0.036432821487890565,558,"And if you're still unable to sleep, you can transfer to the College of Liberal Arts."
1880,2,16,101,119,1.1680672268907564,0.03833771426240422,558,I need to be changed.
1880,5,10,104,119,1.1680672268907564,0.04355536585493807,558,"John finally realized what ""act like a baby, get treated like a baby"" meant."
1880,4,12,103,119,1.1680672268907564,0.04188842371658611,558,I didn't know this was part of the home schooling deal
1880,1,18,100,119,1.1680672268907564,0.036432821487890565,558,I said Milk! Do I have to spell it for you?
1880,1,18,100,119,1.1680672268907564,0.036432821487890565,558,"Hello front desk, I asked for a room with a view of the lake... And... I need changing & my bottle..."
1880,4,12,103,119,1.1680672268907564,0.04188842371658611,558,"Honey, I'm home"
1880,3,14,102,119,1.1680672268907564,0.04015233726899348,558,"I've built this great wall, and now my parents are going to pay for it!"
1880,5,10,104,119,1.1680672268907564,0.04355536585493807,558,10-4 mama bear but baby bear needs you to drop the hammer on that glass of water.
1880,2,16,101,119,1.1680672268907564,0.03833771426240422,558,Somebody's got a stinky.
1880,2,16,101,119,1.1680672268907564,0.03833771426240422,558,I think I'll wait four more years.
1880,1,18,100,119,1.1680672268907564,0.036432821487890565,558,"Mom, can I have crib service?"
1880,4,12,103,119,1.1680672268907564,0.04188842371658611,558,"No,Mom,I don't have to go potty. It's time for me to drive you to your...um, doctor."
1880,0,20,99,119,1.1680672268907564,0.034422676076552354,558,This is the baby again. Tell grandpa not to make any more furniture.. Over.
1880,2,16,101,119,1.1680672268907564,0.03833771426240422,558,I think it's time for a big boy bed!!
1880,4,12,103,119,1.1680672268907564,0.04188842371658611,558,"Seriously, mom. This is not going to fool MENSA."
1880,2,16,101,119,1.1680672268907564,0.03833771426240422,558,"The sex is great and all Mrs. Robertson, but you should probably see someone."
1880,0,20,99,119,1.1680672268907564,0.034422676076552354,558,My coping strategy may not work for everyone.
1880,4,12,103,119,1.1680672268907564,0.04188842371658611,558,"Mum, Dad, you’re fired!"
1880,2,16,101,119,1.1680672268907564,0.03833771426240422,558,"It's a wireless world now, Mom."
1880,3,14,102,119,1.1680672268907564,0.04015233726899348,558,Aw c'mon Ma all I said was Trump ain't so bad!
1880,2,16,101,119,1.1680672268907564,0.03833771426240422,558,Can I use the car tonight?
1880,2,16,101,119,1.1680672268907564,0.03833771426240422,558,I can't Snapchat! I'm grounded five years into the past.
1880,3,14,102,119,1.1680672268907564,0.04015233726899348,558,Can you come turn off the night-light?
1880,6,8,105,119,1.1680672268907564,0.045160820940885874,558,And I'll have a glass of the Chateau Lafite Rothschild.
1880,4,12,103,119,1.1680672268907564,0.04188842371658611,558,"Hey, who keeps pushing the fast forward button?"
1880,3,14,102,119,1.1680672268907564,0.04015233726899348,558,You think I should have gone with the rainbow jammies for the interview?
1880,3,14,102,119,1.1680672268907564,0.04015233726899348,558,I was the E-Trade baby.
1880,2,16,101,119,1.1680672268907564,0.03833771426240422,558,"Mommy, what's a deductible?"
1880,3,14,102,119,1.1680672268907564,0.04015233726899348,558,"...about 1'-11"", sandy hair, light complexion, believed armed and quite fragrant."
1880,3,14,102,119,1.1680672268907564,0.04015233726899348,558,"Next time you ask for a ""twin-sized"" bed, make sure to say how old the twins should be."
1880,2,16,101,119,1.1680672268907564,0.03833771426240422,558,Adulting is just so hard.
1880,5,10,104,119,1.1680672268907564,0.04355536585493807,558,This sound is coming from inside the playpen.
1880,1,18,100,119,1.1680672268907564,0.036432821487890565,558,Are all techies this fast growing?
1880,4,12,103,119,1.1680672268907564,0.04188842371658611,558,Jen is taking her new baby sitting job far too literally.
1880,5,10,104,119,1.1680672268907564,0.04355536585493807,558,"Hello, is this MTV's 'Cribs'?"
1880,2,16,101,119,1.1680672268907564,0.03833771426240422,558,Stop monitoring me. I'm an adult now.
1880,5,10,104,119,1.1680672268907564,0.04355536585493807,558,"Hey Siri, can you please locate the nearest Zoltar Fortune Teller Machine for me?"
1880,4,12,103,119,1.1680672268907564,0.04188842371658611,558,Mom. This saving-for-college thing has gone too far!
1880,4,12,103,119,1.1680672268907564,0.04188842371658611,558,"Doreen, would you be a champ and bring over my wooden blocks for my childhood reenactment?"
1880,3,14,102,119,1.1680672268907564,0.04015233726899348,558,"Mom, did you change the Netflix password again?"
1880,5,10,104,119,1.1680672268907564,0.04355536585493807,558,I will make America great again. Now you just go to sleep.
1880,2,16,101,119,1.1680672268907564,0.03833771426240422,558,"If you need me, I'm in the crib. Adulting was too hard today."
1880,3,14,102,119,1.1680672268907564,0.04015233726899348,558,"Honey, Mommy needs to give herself a few more minutes in time-out before coming back downstairs."
1880,3,14,102,119,1.1680672268907564,0.04015233726899348,558,I should have asked for the King-sized crib.
1880,5,10,104,119,1.1680672268907564,0.04355536585493807,558,"If I don't win the New Yorker caption contest, I'm not getting out."
1880,3,14,102,119,1.1680672268907564,0.04015233726899348,558,Isn't this crib part of that product recall?
1880,3,14,102,119,1.1680672268907564,0.04015233726899348,558,I need a drink of vodka.
1880,3,14,102,119,1.1680672268907564,0.04015233726899348,558,Four years of time-out is a bit much.
1880,2,16,101,119,1.1680672268907564,0.03833771426240422,558,Have you seen my initiative?
1880,3,14,102,119,1.1680672268907564,0.04015233726899348,558,"Mom, I think you need to cut back on those growth hormones you've been giving me."
1880,2,16,101,119,1.1680672268907564,0.03833771426240422,558,"I don't know if I should be concerned about blacking out last night, or take a nap."
1880,6,8,105,119,1.1680672268907564,0.045160820940885874,558,"I literally, like, can't even."
1880,2,16,101,119,1.1680672268907564,0.03833771426240422,558,"Hi, sweetie. So I took my sorry ass back to my own crib, like you said. Now what do I do?"
1880,3,14,102,119,1.1680672268907564,0.04015233726899348,558,"Damn it! Honey, she got me again. I'm stuck in the crib."
1880,1,18,100,119,1.1680672268907564,0.036432821487890565,558,"Mum, Dad, you there? Hey, this is getting beyond a joke."
1880,6,8,105,119,1.1680672268907564,0.045160820940885874,558,"Try as he might, Toby couldn't rekindle the spark with Mr. Flopsy"
1880,5,10,104,119,1.1680672268907564,0.04355536585493807,558,I prefer cloth because they're better for the environment.
1880,5,10,104,119,1.1680672268907564,0.04355536585493807,558,What does 'mollycoddle' mean?
1880,6,8,105,119,1.1680672268907564,0.045160820940885874,558,A Night at the Whitehouse.
1880,1,18,100,119,1.1680672268907564,0.036432821487890565,558,Can't make it tonight...my parents put me in time out again.
1880,4,12,103,119,1.1680672268907564,0.04188842371658611,558,"Hello, are you there internet?"
1880,3,14,102,119,1.1680672268907564,0.04015233726899348,558,"For the hundredth time mom, I am not Benjamin Button."
1880,3,14,102,119,1.1680672268907564,0.04015233726899348,558,I just needed a safe space.
1880,3,14,102,119,1.1680672268907564,0.04015233726899348,558,"They told me at the police academy that my youthful looks would help me get undercover assignments, but this is ridiculous!"
1880,5,10,104,119,1.1680672268907564,0.04355536585493807,558,"After six years of the Ferber Method, Donald sensed his parents were beginning to crack."
1880,3,14,102,119,1.1680672268907564,0.04015233726899348,558,"Look, I'm very sorry I forgot it was Mother's Day. Can I come out of time-out now?"
1880,3,14,102,119,1.1680672268907564,0.04015233726899348,558,I just shut my eyes and clicked my heels together three times and wished I was in my safe place.
1880,4,12,103,119,1.1680672268907564,0.04188842371658611,558,"Hey mom, could you put the coffee on, getting a late start."
1880,2,16,101,119,1.1680672268907564,0.03833771426240422,558,You can come and get me now.
1880,2,16,101,119,1.1680672268907564,0.03833771426240422,558,"Well, honey, because the dog's on the couch so I'm out of options."
1880,6,8,105,119,1.1680672268907564,0.045160820940885874,558,Did it never occur to them to check the batteries?
1880,3,14,102,119,1.1680672268907564,0.04015233726899348,558,Damn these students loans.
1880,2,16,101,119,1.1680672268907564,0.03833771426240422,558,Why can't I use the car?
1880,5,10,104,119,1.1680672268907564,0.04355536585493807,558,Helicopter parents are REALLY annoying!
1880,3,14,102,119,1.1680672268907564,0.04015233726899348,558,"Calm down, sweetie! Mommy still has a few minutes left on her timeout."
1880,4,12,103,119,1.1680672268907564,0.04188842371658611,558,This is 'Snowflake' - over...
1880,3,14,102,119,1.1680672268907564,0.04015233726899348,558,"Mommy, can you bring my tax refund?"
1880,3,14,102,119,1.1680672268907564,0.04015233726899348,558,"Sweetie, I'm sorry I was acting like a baby--can I come back to bed now?"
1880,5,10,104,119,1.1680672268907564,0.04355536585493807,558,"Demean me all you want, your factory jobs aren't coming back."
1880,5,10,104,119,1.1680672268907564,0.04355536585493807,558,I'm not going to sleep tonight until you give me back my iPhone.
1880,3,14,102,119,1.1680672268907564,0.04015233726899348,558,Can you at least get me an iphone?
1880,1,18,100,119,1.1680672268907564,0.036432821487890565,558,I'm older than the babysitter.
1880,1,18,100,119,1.1680672268907564,0.036432821487890565,558,But the really weird part is my nightlight.
1880,2,16,101,119,1.1680672268907564,0.03833771426240422,558,"Mom? Not that it hasn't been a lovely visit, but maybe tomorrow we can go out and get you a cat or two."
1880,5,10,104,119,1.1680672268907564,0.04355536585493807,558,"Mommy, I dreamed that the liberal media are trying to silence me again!"
1880,2,16,101,119,1.1680672268907564,0.03833771426240422,558,I promise I'll eat my peas if I can upgrade to a twin.
1880,3,14,102,119,1.1680672268907564,0.04015233726899348,558,I think I'm over this 'progressive' parenting.
1880,3,14,102,119,1.1680672268907564,0.04015233726899348,558,I'd prefer the basement.
1880,3,14,102,119,1.1680672268907564,0.04015233726899348,558,Billy felt he was getting too old for this shit.
1880,6,8,105,119,1.1680672268907564,0.045160820940885874,558,THIS IS THE BEST ACCOMMODATION MY NEW TRUMP-CARE POLICY COULD ARRANGE!
1973,2,15,100,117,1.1623931623931625,0.03830567363544256,558,"Mom, I don't want to be your little boy anymore."
1973,4,11,102,117,1.1623931623931625,0.04197676816193102,558,"Diaper change, copy?"
1973,4,11,102,117,1.1623931623931625,0.04197676816193102,558,I hope you are happier in bed with the baby than you were with me.
1973,3,13,101,117,1.1623931623931625,0.04018316623902069,558,They say a person grows most during the first weeks of their life.
1973,4,11,102,117,1.1623931623931625,0.04197676816193102,558,This Peter Pan thing is overrated.
1973,4,11,102,117,1.1623931623931625,0.04197676816193102,558,"Listen, Priebus, nobody talks to Barron Trump for less than ten thousand dollars."
1973,3,13,101,117,1.1623931623931625,0.04018316623902069,558,"Wrong line Vladimir, I think you're looking for Michael Flynn, Senior"
1973,4,11,102,117,1.1623931623931625,0.04197676816193102,558,Well of course you're tired... you've had a long narcissistic day.
1973,2,15,100,117,1.1623931623931625,0.03830567363544256,558,I'm going to cry myself to sleep now. You can turn off the monitor.
1973,4,11,102,117,1.1623931623931625,0.04197676816193102,558,"Hey, girlfriend!How about coming over and checking out my new bachelor crib?"
1973,3,13,101,117,1.1623931623931625,0.04018316623902069,558,"Please, just one cigarette."
1973,3,13,101,117,1.1623931623931625,0.04018316623902069,558,"Alexa, please turn off the light."
1973,1,17,99,117,1.1623931623931625,0.03633128701735331,558,I'm sensing some separation anxiety.
1973,5,9,103,117,1.1623931623931625,0.04369681088647362,558,"Coming soon to HBO: Lena Dunham's new series, ""Babies."""
1973,2,15,100,117,1.1623931623931625,0.03830567363544256,558,Admit you're a terrible big brother and I'll let you out.
1973,4,11,102,117,1.1623931623931625,0.04197676816193102,558,"OK, mom! No sex before marriage. Can I finish my homework now?"
1973,1,17,99,117,1.1623931623931625,0.03633128701735331,558,Age and maturity are not the same.
1973,6,7,104,117,1.1623931623931625,0.045351664776234764,558,"In other alt-news, Donald Trump was a bad boy on Twitter, and his phone was taken away, as he was sent to bed without dinner...Again."
1973,5,9,103,117,1.1623931623931625,0.04369681088647362,558,Little Oedipus want more breastmilk.
1973,4,11,102,117,1.1623931623931625,0.04197676816193102,558,None of my friends living at home with their parents have to sleep in their original baby crib.
1973,4,11,102,117,1.1623931623931625,0.04197676816193102,558,I want to be an editor.
1973,5,9,103,117,1.1623931623931625,0.04369681088647362,558,"Yo, my crib is super tight."
1973,3,13,101,117,1.1623931623931625,0.04018316623902069,558,I'm trying to relive my lost childhood
1973,1,17,99,117,1.1623931623931625,0.03633128701735331,558,"Act like a baby, and we're going to treat you like a baby."
1973,3,13,101,117,1.1623931623931625,0.04018316623902069,558,The humble beginnings of covert operations.
1973,3,13,101,117,1.1623931623931625,0.04018316623902069,558,Dad. Stop tweeting and go to bed!
1973,1,17,99,117,1.1623931623931625,0.03633128701735331,558,"Chopper Mom, my light night is a bit too bright. Over and out, Millennial."
1973,2,15,100,117,1.1623931623931625,0.03830567363544256,558,"Yo, player. I'm chillin in my crib."
1973,3,13,101,117,1.1623931623931625,0.04018316623902069,558,It's 3 a.m.; are you absolutely certain we want to have kids?
1973,3,13,101,117,1.1623931623931625,0.04018316623902069,558,Mom? How about putting you as my biggest influence in the Harvard application?
1973,2,15,100,117,1.1623931623931625,0.03830567363544256,558,"Ok, you're just going to have to trust me when I tell you what's going on."
1973,3,13,101,117,1.1623931623931625,0.04018316623902069,558,"Peter, can you hear me...Tink, you there?"
1973,5,9,103,117,1.1623931623931625,0.04369681088647362,558,Come in Big Daddy. This is Little Girl. Over.
1973,4,11,102,117,1.1623931623931625,0.04197676816193102,558,These minimum security prisons are a bit of a joke ain’t they Charles
1973,2,15,100,117,1.1623931623931625,0.03830567363544256,558,I'm done adulting! Over.
1973,3,13,101,117,1.1623931623931625,0.04018316623902069,558,"Mom, are you there? ""Crackle"" When I said I wanted my own crib, I didn't mean now--and I didn't mean THIS."
1973,4,11,102,117,1.1623931623931625,0.04197676816193102,558,"Just a hunch, but I don't think this gadget monitors issues with my pituitary gland."
1973,1,17,99,117,1.1623931623931625,0.03633128701735331,558,"Alexa, what are the civil penalties for child abuse?"
1973,3,13,101,117,1.1623931623931625,0.04018316623902069,558,"Mom, Dad I think it's time."
1973,4,11,102,117,1.1623931623931625,0.04197676816193102,558,"I mean, how difficult can it be to get Tinker Bell on speed dial?"
1973,7,5,105,117,1.1623931623931625,0.046948223760901825,558,MOM?
1973,4,11,102,117,1.1623931623931625,0.04197676816193102,558,Steve. . . ? Reince. . . ?
1973,3,13,101,117,1.1623931623931625,0.04018316623902069,558,We'll let you move to a bigger bed after your father writes your college entrance exam tomorrow.
1973,1,17,99,117,1.1623931623931625,0.03633128701735331,558,"Well, I happen to think I'm very mature."
1973,1,17,99,117,1.1623931623931625,0.03633128701735331,558,"Are you done with ""mommy time"" yet?"
1973,3,13,101,117,1.1623931623931625,0.04018316623902069,558,"How's working from your crib, man?"
1973,5,9,103,117,1.1623931623931625,0.04369681088647362,558,"Congratulations, your 20 years in the pen are up. You start parole next Tuesday."
1973,3,13,101,117,1.1623931623931625,0.04018316623902069,558,Hello? Tinkerbell?
1973,1,17,99,117,1.1623931623931625,0.03633128701735331,558,ACLU? My parents forgot my Miranda warning.
1973,5,9,103,117,1.1623931623931625,0.04369681088647362,558,I could be president of the United States one day.
1973,6,7,104,117,1.1623931623931625,0.045351664776234764,558,Wait. Was I supposed to do waaa with one syllable or waaa-aaa with two?
1973,3,13,101,117,1.1623931623931625,0.04018316623902069,558,"Uh, Mom . . . this wasn't what I meant by ""safe space."""
1973,3,13,101,117,1.1623931623931625,0.04018316623902069,558,"I'm thirsty. Can I have a Scotch ""on the rocks""?"
1973,3,13,101,117,1.1623931623931625,0.04018316623902069,558,"Yes, mom, I know I said I wanted a nicer crib..."
1973,3,13,101,117,1.1623931623931625,0.04018316623902069,558,"Beam me up Scotty. The universal translator doesn't work. The natives are hostile, can't be reasoned with and have imprisoned me in one of their nests"
1973,2,15,100,117,1.1623931623931625,0.03830567363544256,558,Practicing my role as Donald Trump in the school play.
1973,3,13,101,117,1.1623931623931625,0.04018316623902069,558,Hello Room Service; I'd like to order a small pizza and soda for the room at the top of the stairs.
1973,2,15,100,117,1.1623931623931625,0.03830567363544256,558,Mayday... Mayday. I need a bed before high school.
1973,1,17,99,117,1.1623931623931625,0.03633128701735331,558,It's not my fault I'm a second-generation millennial.
1973,3,13,101,117,1.1623931623931625,0.04018316623902069,558,I just need to sleep in here till he gets impeached!
1973,4,11,102,117,1.1623931623931625,0.04197676816193102,558,Just tell me when it's safe to come out.
1973,3,13,101,117,1.1623931623931625,0.04018316623902069,558,Is there anybody out there?
1973,2,15,100,117,1.1623931623931625,0.03830567363544256,558,I'll have my bottle now. Please make it an IPA this time.
1973,3,13,101,117,1.1623931623931625,0.04018316623902069,558,What do you mean what skill sets I can showcase?! I am an MBA.
1973,2,15,100,117,1.1623931623931625,0.03830567363544256,558,My mom still treats me like a baby after all these years.
1973,4,11,102,117,1.1623931623931625,0.04197676816193102,558,I'm right where I'm supposed to be. Where are you?
1973,4,11,102,117,1.1623931623931625,0.04197676816193102,558,Mom? Is it 2021 yet?
1973,1,17,99,117,1.1623931623931625,0.03633128701735331,558,"Mom, I think I need a new bed."
1973,5,9,103,117,1.1623931623931625,0.04369681088647362,558,Take me to Neverland.
1973,1,17,99,117,1.1623931623931625,0.03633128701735331,558,"When you don't check on me, I feel cranky."
1973,4,11,102,117,1.1623931623931625,0.04197676816193102,558,I'd rather broadcast nonsensical drivel than listen to any more of it
1973,2,15,100,117,1.1623931623931625,0.03830567363544256,558,You keep treating me like a baby.
1973,4,11,102,117,1.1623931623931625,0.04197676816193102,558,Millennial
1973,2,15,100,117,1.1623931623931625,0.03830567363544256,558,Do I really need to stay here four more years?
1973,3,13,101,117,1.1623931623931625,0.04018316623902069,558,Is anyone out there?
1973,5,9,103,117,1.1623931623931625,0.04369681088647362,558,Do you have that in extra large?
1973,2,15,100,117,1.1623931623931625,0.03830567363544256,558,Almost ready to walkie.
1973,3,13,101,117,1.1623931623931625,0.04018316623902069,558,"Tinkerbell, get me out of here."
1973,4,11,102,117,1.1623931623931625,0.04197676816193102,558,Our wish was granted! We woke up after the next presidential election.
1973,2,15,100,117,1.1623931623931625,0.03830567363544256,558,The cradle ain't a bad grave
1973,3,13,101,117,1.1623931623931625,0.04018316623902069,558,I thought this had unlimited minutes.
1973,3,13,101,117,1.1623931623931625,0.04018316623902069,558,"C'mon you two, even Skinner gave up after a while!"
1973,4,11,102,117,1.1623931623931625,0.04197676816193102,558,"Are you there, NSA? It's me, Margaret."
1973,2,15,100,117,1.1623931623931625,0.03830567363544256,558,I think you've taken helicopter parenting just a bit too far.
1973,4,11,102,117,1.1623931623931625,0.04197676816193102,558,Beam me up. Now
1973,1,17,99,117,1.1623931623931625,0.03633128701735331,558,"Yes, yes, I am very sorry. Now, please, can I have dinner?"
1973,3,13,101,117,1.1623931623931625,0.04018316623902069,558,Can I have that glass of water now?
1973,3,13,101,117,1.1623931623931625,0.04018316623902069,558,"Mom, can Tinker Bell come over tonight?"
1973,5,9,103,117,1.1623931623931625,0.04369681088647362,558,I really hope they can't hear me vaping.
1973,4,11,102,117,1.1623931623931625,0.04197676816193102,558,"I promise, no more tattoos."
1973,5,9,103,117,1.1623931623931625,0.04369681088647362,558,I already brushed my teeth—10-4 copy.
1973,4,11,102,117,1.1623931623931625,0.04197676816193102,558,I just wanted to see what the White House felt like.
1973,2,15,100,117,1.1623931623931625,0.03830567363544256,558,When do I get to have a Twitter account and run for president?
1973,2,15,100,117,1.1623931623931625,0.03830567363544256,558,"Mom, Dad I think it's time."
1973,1,17,99,117,1.1623931623931625,0.03633128701735331,558,Does this have a wifi hotspot?
1973,5,9,103,117,1.1623931623931625,0.04369681088647362,558,MOM?
1973,1,17,99,117,1.1623931623931625,0.03633128701735331,558,Could we hang out at your crib next time?
1973,6,7,104,117,1.1623931623931625,0.045351664776234764,558,I have never slept better
1973,2,15,100,117,1.1623931623931625,0.03830567363544256,558,I think I've outgrown the app.
1973,2,15,100,117,1.1623931623931625,0.03830567363544256,558,"Your guest room really makes me feel like I'm part of the family, to put it mildly."
1973,2,15,100,117,1.1623931623931625,0.03830567363544256,558,Switching the devices seemed like a good idea at the time.
1973,3,13,101,117,1.1623931623931625,0.04018316623902069,558,Hello from the other side
1973,5,9,103,117,1.1623931623931625,0.04369681088647362,558,Just another overgrown baby destined to brag about his big hands.
1973,4,11,102,117,1.1623931623931625,0.04197676816193102,558,"Honey, can I get up now?"
1973,4,11,102,117,1.1623931623931625,0.04197676816193102,558,"Beer bottle, beer bottle, beer bottle!"
1973,3,13,101,117,1.1623931623931625,0.04018316623902069,558,"Gee Mom, thanks for letting me move back to my crib. Just one thing,..."
1973,2,15,100,117,1.1623931623931625,0.03830567363544256,558,Mom? Dad? I think it is time to accept that I've grown out of this crib since I got my first college acceptance letter yesterday
1973,3,13,101,117,1.1623931623931625,0.04018316623902069,558,"I'm sure of it, his tweet said 'we are going to make cribs great again'"
1973,6,7,104,117,1.1623931623931625,0.045351664776234764,558,Thanks Obama
1973,4,11,102,117,1.1623931623931625,0.04197676816193102,558,Don't they know that the battery died 15 years ago
1973,6,7,104,117,1.1623931623931625,0.045351664776234764,558,"Putin from Trump, Putin from Trump ,can you hear me? Over and out."
2084,1,16,98,115,1.1565217391304348,0.036202886947237084,558,"Mom, let my girlfriend know i'm in my room"
2084,2,14,99,115,1.1565217391304348,0.0382518538715596,558,What? You're just a security monitor?
2084,3,12,100,115,1.1565217391304348,0.04019651260878074,558,"Another seven years, son. Then we'll talk about upgrading to a smartphone."
2084,2,14,99,115,1.1565217391304348,0.0382518538715596,558,Mom? I'm hoping for a change.
2084,4,10,101,115,1.1565217391304348,0.04205133680639165,558,"Mom, remember that new baby food?"
2084,4,10,101,115,1.1565217391304348,0.04205133680639165,558,Major Tom to ground control?!
2084,1,16,98,115,1.1565217391304348,0.036202886947237084,558,"Copy I checked the crib no signs of the baby here,"
2084,3,12,100,115,1.1565217391304348,0.04019651260878074,558,My diaper is full.
2084,2,14,99,115,1.1565217391304348,0.0382518538715596,558,I think The Parents have made me.
2084,3,12,100,115,1.1565217391304348,0.04019651260878074,558,Sometimes I just feel trapped.
2084,1,16,98,115,1.1565217391304348,0.036202886947237084,558,... and I say the terms of my house arrest DO allow me to go to the bathroom.
2084,4,10,101,115,1.1565217391304348,0.04205133680639165,558,Is nap time over yet?
2084,4,10,101,115,1.1565217391304348,0.04205133680639165,558,I'm beginning to feel neglected.
2084,1,16,98,115,1.1565217391304348,0.036202886947237084,558,Beam me up Scotty - fast!
2084,4,10,101,115,1.1565217391304348,0.04205133680639165,558,"I dunno, I guess what I really mean to say is 'WAAAAAA'"
2084,7,4,104,115,1.1565217391304348,0.04718030130356046,558,"Mommy, I'm ready for my bedtime story. But remember -- don't forget the trigger warning tonight."
2084,4,10,101,115,1.1565217391304348,0.04205133680639165,558,So we’re agreed then – it’s passed my bedtime.
2084,3,12,100,115,1.1565217391304348,0.04019651260878074,558,If you give me back my phone I could google how to grow up.
2084,2,14,99,115,1.1565217391304348,0.0382518538715596,558,"Mom, please.....I promise I'll stop imitating the president in front of your friends."
2084,3,12,100,115,1.1565217391304348,0.04019651260878074,558,"His two terms are finally over? For real? OK, I'm coming out...2024, here I come!"
2084,2,14,99,115,1.1565217391304348,0.0382518538715596,558,"Yo. We out of diapers, or what?"
2084,2,14,99,115,1.1565217391304348,0.0382518538715596,558,"Hi, mom and dad. This is the baby. I'd like a glass of water, please, and a magazine. ... Oh, yeah: Waah, waah, waah."
2084,4,10,101,115,1.1565217391304348,0.04205133680639165,558,I realize the ad said 'chill downtown crib' - but...
2084,3,12,100,115,1.1565217391304348,0.04019651260878074,558,Sleep tight!
2084,2,14,99,115,1.1565217391304348,0.0382518538715596,558,Is this thing on?
2084,5,8,102,115,1.1565217391304348,0.043827733554238336,558,My therapist told me that to cope with my depression I should try and bring out my inner child.
2084,1,16,98,115,1.1565217391304348,0.036202886947237084,558,"I promise I'll eat my dinner,,,,,, over!"
2084,2,14,99,115,1.1565217391304348,0.0382518538715596,558,You know I hate it when you call me baby.
2084,1,16,98,115,1.1565217391304348,0.036202886947237084,558,"If I Friend you, can we lose the monitor?"
2084,4,10,101,115,1.1565217391304348,0.04205133680639165,558,"Mommy, I'm a millennial & my phone is NOT a toy!"
2084,3,12,100,115,1.1565217391304348,0.04019651260878074,558,Can one of you bring me my Hydro Flask?
2084,4,10,101,115,1.1565217391304348,0.04205133680639165,558,Does this crib come with room service?
2084,3,12,100,115,1.1565217391304348,0.04019651260878074,558,"Mom, could you please bring me my pacifier?"
2084,2,14,99,115,1.1565217391304348,0.0382518538715596,558,..........and a couple of eggs over easy.
2084,3,12,100,115,1.1565217391304348,0.04019651260878074,558,"Mom, where is twitter on this gizmo?"
2084,2,14,99,115,1.1565217391304348,0.0382518538715596,558,"Mom, can we skip the 11 o'clock feeding? I'm feeling bloated."
2084,2,14,99,115,1.1565217391304348,0.0382518538715596,558,"Mom, I need a gluten free snack."
2084,3,12,100,115,1.1565217391304348,0.04019651260878074,558,The only problem is there just isn't room enough in our NY apartment for a full size bed for Tommy.
2084,4,10,101,115,1.1565217391304348,0.04205133680639165,558,Mom? Dad? Is it safe to grow up yet?
2084,0,18,97,115,1.1565217391304348,0.03403077610072548,558,Is it safe to come out yet?
2084,4,10,101,115,1.1565217391304348,0.04205133680639165,558,In my fifteenth year I realized that the recession affects children the most.
2084,4,10,101,115,1.1565217391304348,0.04205133680639165,558,"C'mon, I've been waiting a long time to pee."
2084,1,16,98,115,1.1565217391304348,0.036202886947237084,558,Honey? I think it's time you moved out of the nursery and got a job. Over.
2084,3,12,100,115,1.1565217391304348,0.04019651260878074,558,Mommy? Daddy? It’s time for my snack-- and I think my SATs!
2084,2,14,99,115,1.1565217391304348,0.0382518538715596,558,Is this thing working?
2084,4,10,101,115,1.1565217391304348,0.04205133680639165,558,The cheapest room in the Hotel California.
2084,3,12,100,115,1.1565217391304348,0.04019651260878074,558,Hey Mom! Are you there? It's been 15 years!
2084,2,14,99,115,1.1565217391304348,0.0382518538715596,558,"Nap time is over, you fools!"
2084,4,10,101,115,1.1565217391304348,0.04205133680639165,558,"Yes, raging teenage rebellion. In a sippy cup, please."
2084,3,12,100,115,1.1565217391304348,0.04019651260878074,558,"I know you wanted to adopt an infant, but seriously?"
2084,2,14,99,115,1.1565217391304348,0.0382518538715596,558,"Yeah. That's right. I'm making a break for it, see?"
2084,3,12,100,115,1.1565217391304348,0.04019651260878074,558,It's not helping.
2084,2,14,99,115,1.1565217391304348,0.0382518538715596,558,This isn't what I meant when I said no one listens to me around here.
2084,4,10,101,115,1.1565217391304348,0.04205133680639165,558,"Goodnight Grandma, thanks again for the latest cell phone."
2084,2,14,99,115,1.1565217391304348,0.0382518538715596,558,Bless me monitor for I have sinned.
2084,4,10,101,115,1.1565217391304348,0.04205133680639165,558,"No Kellyanne, your timeout is not over yet."
2140,1,16,99,116,1.1551724137931034,0.0359147922899005,558,"Grandma, don't you think I'm too old for a time out?"
2140,2,14,100,116,1.1551724137931034,0.037944661583784824,558,"Mom, is the monster gone yet?"
2140,1,16,99,116,1.1551724137931034,0.0359147922899005,558,This isn't as sexy as I thought it'd be.
2140,2,14,100,116,1.1551724137931034,0.037944661583784824,558,...so this is my take on 'thinking outside of the box'
2140,3,12,101,116,1.1551724137931034,0.039871322779526826,558,"Room service? I'd like to order breakfast. half a pint of orange juice 3 eggs lightly scrambled with bacon, a double portion of cafe espresso with cream. Toast. Marmalade. Got it?"
2140,3,12,101,116,1.1551724137931034,0.039871322779526826,558,This isn't better than Obamacare!
2140,2,14,100,116,1.1551724137931034,0.037944661583784824,558,Wwhhhaaaaaaa...I thought he'd be out of the house by now.
2140,3,12,101,116,1.1551724137931034,0.039871322779526826,558,"No, I DON'T think I have a Mommy complex."
2140,2,14,100,116,1.1551724137931034,0.037944661583784824,558,"This wasn't exactly the ""loft space above the garage"" I was expecting when I moved back in with them after my startup went belly up."
2140,4,10,102,116,1.1551724137931034,0.041709080757917384,558,"OK, you win...the crib does need a mattress."
2140,5,8,103,116,1.1551724137931034,0.04346921272753549,558,What happened to grounding?
2140,4,10,102,116,1.1551724137931034,0.041709080757917384,558,Tell Dad to text me that talk.
2140,3,12,101,116,1.1551724137931034,0.039871322779526826,558,"I'm telling ya, this pen ain't big enough to hold me."
2140,4,10,102,116,1.1551724137931034,0.041709080757917384,558,Mom? Dad? My jammies have all of a sudden gotten too tight... I feel funny.
2140,4,10,102,116,1.1551724137931034,0.041709080757917384,558,"Yo Yo Yo, just chillin in ma crib yo ..."
2140,1,16,99,116,1.1551724137931034,0.0359147922899005,558,They never think to look for me here.
2140,3,12,101,116,1.1551724137931034,0.039871322779526826,558,Don't make me come down there.
2140,4,10,102,116,1.1551724137931034,0.041709080757917384,558,"Donnie, its' 3:00 a.m. Put the baby monitor down and go to sleep!"
2140,3,12,101,116,1.1551724137931034,0.039871322779526826,558,Still 2017...
2140,2,14,100,116,1.1551724137931034,0.037944661583784824,558,Note to self: Get bigger pajamas and a larger crib.
2160,3,11,99,113,1.1504424778761062,0.04019004894819678,558,"Now that I've been accepted at State, do you think I could have a mobile?"
2160,3,11,99,113,1.1504424778761062,0.04019004894819678,558,"See, living at my parents isn't so bad."
2160,4,9,100,113,1.1504424778761062,0.042110186978372856,558,"Hello, Mom. I'm old enough to go to college . Can I come out now?"
2160,3,11,99,113,1.1504424778761062,0.04019004894819678,558,"...and cancel my 9:00 AM play date, they had a cancellation at the Gymboree!"
2160,2,13,98,113,1.1504424778761062,0.038173449170377356,558,It's been 35 years. Can I get up now?
2160,2,13,98,113,1.1504424778761062,0.038173449170377356,558,Youth is wasted on the young.
2160,1,15,97,113,1.1504424778761062,0.036044200763344914,558,I'm not loving our new role-play scenario.
2160,1,15,97,113,1.1504424778761062,0.036044200763344914,558,"Mommy, I don't know how to shut off the night light. It's too low tech"
2160,1,15,97,113,1.1504424778761062,0.036044200763344914,558,"""I just want to say one word to you: Plastics""."
2160,3,11,99,113,1.1504424778761062,0.04019004894819678,558,"Thanks again for the do-over, Mom and Dad."
2160,3,11,99,113,1.1504424778761062,0.04019004894819678,558,Class of 2022 Freshman Orientation.
2160,2,13,98,113,1.1504424778761062,0.038173449170377356,558,"Mom, don't you think I old enough now that I no longer need the night light?"
2160,4,9,100,113,1.1504424778761062,0.042110186978372856,558,"Mommy, can I have a drink of beer?"
2160,4,9,100,113,1.1504424778761062,0.042110186978372856,558,Where's my teddy bear? — 10-4.
2160,2,13,98,113,1.1504424778761062,0.038173449170377356,558,I shouldn't've told them I identified as a girl.
2160,3,11,99,113,1.1504424778761062,0.04019004894819678,558,"Yes, Mom, I like the dorm room."
2160,1,15,97,113,1.1504424778761062,0.036044200763344914,558,...so then there was this cookie...
2160,2,13,98,113,1.1504424778761062,0.038173449170377356,558,I am hungry...how about a pizza instead of a bottle?
2160,4,9,100,113,1.1504424778761062,0.042110186978372856,558,"Mom , Dad, are you listening? I think the helicopter parenting has gone far enough."
2160,2,13,98,113,1.1504424778761062,0.038173449170377356,558,"Mom, my Tinder isn't working."
2160,2,13,98,113,1.1504424778761062,0.038173449170377356,558,Wake up mother. Donald is hungry. Tremendously hungry. Donald has the greatest hunger.
2160,5,7,101,113,1.1504424778761062,0.04394650907920437,558,Now I understand why our generation is so coddled.
2160,2,13,98,113,1.1504424778761062,0.038173449170377356,558,They'll be back. They only left to get milk.
2160,1,15,97,113,1.1504424778761062,0.036044200763344914,558,"He said he was going to step out for a minute, and he asked me to hold the fort."
2160,4,9,100,113,1.1504424778761062,0.042110186978372856,558,"Uh, can we talk about moving my bedtime from 7:00 p.m. to midnight?"
2160,4,9,100,113,1.1504424778761062,0.042110186978372856,558,The bubble burst.
2160,3,11,99,113,1.1504424778761062,0.04019004894819678,558,"College isn't so bad, Mom."
2160,3,11,99,113,1.1504424778761062,0.04019004894819678,558,I'll have a vodka martini -- shaken not stirred.
2160,5,7,101,113,1.1504424778761062,0.04394650907920437,558,"I know you can hear me, Dad. And it's your turn to change me."
2160,3,11,99,113,1.1504424778761062,0.04019004894819678,558,"It's called retrograding, it's totally like the new juice cleanse."
2160,3,11,99,113,1.1504424778761062,0.04019004894819678,558,Stop reading the manufacturer's instructions and listen to your son.
2160,4,9,100,113,1.1504424778761062,0.042110186978372856,558,I lost my binki.
2160,2,13,98,113,1.1504424778761062,0.038173449170377356,558,"HELLO!! I polished off that bottle of Chardonnay over an hour ago! Can someone get in here to change my diaper, PRONTO?!"
2160,2,13,98,113,1.1504424778761062,0.038173449170377356,558,"If you are going to act like a baby, we are going to treat you like a baby."
2160,3,11,99,113,1.1504424778761062,0.04019004894819678,558,"I prefer ""pillow talk"" to ""baby talk."""
2160,4,9,100,113,1.1504424778761062,0.042110186978372856,558,I'm grounded. I leaked!
2160,4,9,100,113,1.1504424778761062,0.042110186978372856,558,"It's been 30 years, but I still have hope."
2160,2,13,98,113,1.1504424778761062,0.038173449170377356,558,"Can I get up now, mother? I have to go to work."
2160,2,13,98,113,1.1504424778761062,0.038173449170377356,558,"Mom, please, everyone at college is treating me great."
2160,3,11,99,113,1.1504424778761062,0.04019004894819678,558,I wanna glass of lager!
2160,3,11,99,113,1.1504424778761062,0.04019004894819678,558,This new stress relief method still needs wine.
2160,3,11,99,113,1.1504424778761062,0.04019004894819678,558,"I can't sleep. Could you read to me? My ""50 Shades of Grey."
2160,2,13,98,113,1.1504424778761062,0.038173449170377356,558,Peter Pan is captivated by his new discovery.
2160,2,13,98,113,1.1504424778761062,0.038173449170377356,558,I must have been a beautiful baby but hey would you look at me now!
2160,1,15,97,113,1.1504424778761062,0.036044200763344914,558,"Mom, can I use the tricycle Saturday nught?"
2160,3,11,99,113,1.1504424778761062,0.04019004894819678,558,Tinkerbell....Are you there?
2160,4,9,100,113,1.1504424778761062,0.042110186978372856,558,"I've heard of waking up in a bathtub full of ice, but this is a first."
2160,1,15,97,113,1.1504424778761062,0.036044200763344914,558,"Tinkerbell, come in . . . Tink?"
2160,2,13,98,113,1.1504424778761062,0.038173449170377356,558,"I'm just feeling awfully stressed out, Mom."
2160,1,15,97,113,1.1504424778761062,0.036044200763344914,558,"Mom and Dad, I think this is taking Parental Controls on my computer way too far, don't you?"
2160,3,11,99,113,1.1504424778761062,0.04019004894819678,558,"Please mom, Iam twelve and I really need a big boy bed."
2160,1,15,97,113,1.1504424778761062,0.036044200763344914,558,Are you sure it's not YOU who's crying out for help?
2160,3,11,99,113,1.1504424778761062,0.04019004894819678,558,What if I promise to stop eating your Thin Mints?
2213,2,13,99,114,1.1491228070175439,0.0378601192027208,558,Hey Mick - get me out of your cartoon!
2213,3,11,100,114,1.1491228070175439,0.03985779749521051,558,The son you were waiting for to rise has risen.
2213,1,15,98,114,1.1491228070175439,0.03575098922993947,558,Make me young again!
2213,1,15,98,114,1.1491228070175439,0.03575098922993947,558,"In other news, the world is still a mess"
2217,2,12,98,112,1.1428571428571428,0.037747771881756674,558,"Mom, Dad, I really promise I won't grow up too fast."
2217,1,14,97,112,1.1428571428571428,0.0355530465805953,558,"Yo, mom, I just had the nightmare about growing up again. Can you console me?"
2217,2,12,98,112,1.1428571428571428,0.037747771881756674,558,Did I leave the BMW in the driveway last night?
2217,4,8,100,112,1.1428571428571428,0.041792877428904814,558,"Yes, Mr. President, I have a question about this new briefing room..."
2217,4,8,100,112,1.1428571428571428,0.041792877428904814,558,Is anybody there? Does anybody care?
2217,1,14,97,112,1.1428571428571428,0.0355530465805953,558,Mom? Dad? I'll give you one more week before I start crying.
2217,3,10,99,112,1.1428571428571428,0.039821720742734115,558,"Honey, I'm just trying to relive my childhood."
2217,4,8,100,112,1.1428571428571428,0.041792877428904814,558,"I remember you saying ""If you act like a baby, you'll be treated like a baby."" But I thought you were threatening Trump on TV."
2217,2,12,98,112,1.1428571428571428,0.037747771881756674,558,I'm going to run away as soon as I figure out how to get out of here.
2217,4,8,100,112,1.1428571428571428,0.041792877428904814,558,"Please Dad, can I use the car tonight!"
2217,2,12,98,112,1.1428571428571428,0.037747771881756674,558,They are so neglectful - letting the batteries run out.
2217,3,10,99,112,1.1428571428571428,0.039821720742734115,558,Why won't anyone come and help me?! I'm only a 420-month-old baby!
2217,4,8,100,112,1.1428571428571428,0.041792877428904814,558,"Well, I read about it on Goop."
2217,2,12,98,112,1.1428571428571428,0.037747771881756674,558,"Slow down! No, I'm not ready for whipped cream!"
2217,2,12,98,112,1.1428571428571428,0.037747771881756674,558,Proof giving your baby steroids is a no-no.
2217,3,10,99,112,1.1428571428571428,0.039821720742734115,558,Da Da.
2217,4,8,100,112,1.1428571428571428,0.041792877428904814,558,I can't play today they built the wall.
2217,3,10,99,112,1.1428571428571428,0.039821720742734115,558,Mother it's harder to cut the cord with wireless devices.
2217,1,14,97,112,1.1428571428571428,0.0355530465805953,558,"...and furthermore, regarding my development I have checked and there is some definite stunting at play here."
2217,0,16,96,112,1.1428571428571428,0.03321361106966266,558,Papa John's! Papa John's! Can you hear me?
2217,2,12,98,112,1.1428571428571428,0.037747771881756674,558,Now I'll start crying and you decide if your gut is telling you 'Ferber' or 'compassionate parenting.'
2217,3,10,99,112,1.1428571428571428,0.039821720742734115,558,"Baby-Daddy calling Baby-Momma, come in, over.........."
2217,1,14,97,112,1.1428571428571428,0.0355530465805953,558,"Mom, my safe space needs cable."
2217,2,12,98,112,1.1428571428571428,0.037747771881756674,558,Nobody is more of a grown-up than me.
2217,3,10,99,112,1.1428571428571428,0.039821720742734115,558,How many more years do I have to be I n Time Out?
2217,3,10,99,112,1.1428571428571428,0.039821720742734115,558,"copy, checked the crib and there is no sign of the baby"
2217,1,14,97,112,1.1428571428571428,0.0355530465805953,558,"Hey, you guys got any chocolate milk?"
2217,2,12,98,112,1.1428571428571428,0.037747771881756674,558,When I turned 192 months I was parallel parking!
2217,3,10,99,112,1.1428571428571428,0.039821720742734115,558,"Mom? Dad? This is Rip. It's been 13 years, so can I get up now?"
2217,1,14,97,112,1.1428571428571428,0.0355530465805953,558,"Okay, i'll eat my brussel sprouts, just let me out of here!"
2217,3,10,99,112,1.1428571428571428,0.039821720742734115,558,Is everything OK in there? Is this thing on? Can you here me now? I feel like I've been here for a long time.
2217,1,14,97,112,1.1428571428571428,0.0355530465805953,558,Can I use the tricycle tonight?
2217,3,10,99,112,1.1428571428571428,0.039821720742734115,558,"I think I'm on this too long, but please Siri, Goodnight Moon just one more time."
2217,3,10,99,112,1.1428571428571428,0.039821720742734115,558,"Go back to sleep, Tommy! We'll talk about it when you're eighteen."
2217,2,12,98,112,1.1428571428571428,0.037747771881756674,558,"Mom, for the hundredth time, I'm not paying for these walls."
2217,4,8,100,112,1.1428571428571428,0.041792877428904814,558,"Mom, when you get a sec, can I have another hit of breast milk?"
2217,3,10,99,112,1.1428571428571428,0.039821720742734115,558,I'll leave when there are other safe places in the house.
2217,3,10,99,112,1.1428571428571428,0.039821720742734115,558,I said I'm old enough for my own crypt!
2217,4,8,100,112,1.1428571428571428,0.041792877428904814,558,Doesn't Uncle Donald want his bed back soon?
2217,3,10,99,112,1.1428571428571428,0.039821720742734115,558,"C'mon Mom, I promise to stop sexting your friends."
2217,3,10,99,112,1.1428571428571428,0.039821720742734115,558,"When are you coming to bed, Baby Doll?"
2217,2,12,98,112,1.1428571428571428,0.037747771881756674,558,You can't miss it. It's the pink and blue house with all the super baby mobiles hanging from the trees.
2217,1,14,97,112,1.1428571428571428,0.0355530465805953,558,Beam me up. Now
2217,4,8,100,112,1.1428571428571428,0.041792877428904814,558,So this is what it's like to be President.
2217,1,14,97,112,1.1428571428571428,0.0355530465805953,558,"Mom, is it time to go to the prom?"
2217,2,12,98,112,1.1428571428571428,0.037747771881756674,558,Mom! Dad! All those years - and not one phone call!
2217,4,8,100,112,1.1428571428571428,0.041792877428904814,558,The memory foam is definitely working.
2217,4,8,100,112,1.1428571428571428,0.041792877428904814,558,"9-1-1, I want to report a case of child neglect."
2217,2,12,98,112,1.1428571428571428,0.037747771881756674,558,"I'd get the water myself, but it's a safety crib."
2217,4,8,100,112,1.1428571428571428,0.041792877428904814,558,"Sure, I'll take a shot of breast milk with my root bear float."
2217,2,12,98,112,1.1428571428571428,0.037747771881756674,558,"Maybe next time, I could come to the movie?"
2217,3,10,99,112,1.1428571428571428,0.039821720742734115,558,12 years a slave - the Disney musical.
2217,3,10,99,112,1.1428571428571428,0.039821720742734115,558,Testing ...one two three .
2217,0,16,96,112,1.1428571428571428,0.03321361106966266,558,I told you it's not being transmitted to the Kremlin.
2217,3,10,99,112,1.1428571428571428,0.039821720742734115,558,"Oh, you're preparing me for life after college."
2217,3,10,99,112,1.1428571428571428,0.039821720742734115,558,"Heck I know it got a lot of hits mom, but 'Charlie Bit My Finger' was 10 years ago, it's time to move on."
2217,4,8,100,112,1.1428571428571428,0.041792877428904814,558,"Hey mom, I think you shrunk my pajamas when you did my laundry."
2217,3,10,99,112,1.1428571428571428,0.039821720742734115,558,"I think I figured out what ""helicoptoring parents"" means."
2217,2,12,98,112,1.1428571428571428,0.037747771881756674,558,"Mom, come look, I finally got plenty of sleep and ate right."
2217,2,12,98,112,1.1428571428571428,0.037747771881756674,558,My mom and dad are the best helicopter parents ever
2217,3,10,99,112,1.1428571428571428,0.039821720742734115,558,"Relax honey, he'll grow out of it."
2217,2,12,98,112,1.1428571428571428,0.037747771881756674,558,I'm on a self-imposed time-out.
2217,4,8,100,112,1.1428571428571428,0.041792877428904814,558,"Steve, what do I tweet next?"
2217,2,12,98,112,1.1428571428571428,0.037747771881756674,558,"I'll have a diaper change. Men's large, please."
2217,3,10,99,112,1.1428571428571428,0.039821720742734115,558,"No, Jimmy, you can't have another Red Bull."
2217,2,12,98,112,1.1428571428571428,0.037747771881756674,558,Can you tell me a bedtime story? But not the one about the parents who tire of their son's refusal to grow up and abandon him in the woods.
2217,3,10,99,112,1.1428571428571428,0.039821720742734115,558,"Just cause you say I'm a crybaby, you didn't have to banish me to this crib."
2217,1,14,97,112,1.1428571428571428,0.0355530465805953,558,Better prepare Junior for his post-college life at home.
2217,3,10,99,112,1.1428571428571428,0.039821720742734115,558,"Yes, mom, I voted already."
2217,2,12,98,112,1.1428571428571428,0.037747771881756674,558,Do you think I'm getting too big for my britches?
2217,1,14,97,112,1.1428571428571428,0.0355530465805953,558,"Mom, I think the bed is shrinking!"
2217,2,12,98,112,1.1428571428571428,0.037747771881756674,558,"Mom, I know i'm 35. Where's my blankey?"
2217,4,8,100,112,1.1428571428571428,0.041792877428904814,558,"Mommy, was that nap long enough?"
2217,2,12,98,112,1.1428571428571428,0.037747771881756674,558,"You lied about Santa, maybe you’re lying about Neverland, too."
2217,2,12,98,112,1.1428571428571428,0.037747771881756674,558,You are about the enter a time and place know as the twilight zone.
2217,2,12,98,112,1.1428571428571428,0.037747771881756674,558,"Forget graduation, the SAT, and college! I want my binky!"
2217,5,6,101,112,1.1428571428571428,0.04367516187334195,558,This has nothing to do with my relationship with my mom!
2217,4,8,100,112,1.1428571428571428,0.041792877428904814,558,"Honey, the baby's not due for three months!"
2217,3,10,99,112,1.1428571428571428,0.039821720742734115,558,"Can you hear me, Mom? Kids grow up faster nowadays!"
2217,4,8,100,112,1.1428571428571428,0.041792877428904814,558,"Mom, please.....I promise I'll stop imitating the president in front of your friends."
2217,4,8,100,112,1.1428571428571428,0.041792877428904814,558,Where's my bottle?
2217,3,10,99,112,1.1428571428571428,0.039821720742734115,558,"I wanted to be Peter Pan, but it turns out you have to take algebra anyway."
2217,4,8,100,112,1.1428571428571428,0.041792877428904814,558,I'm beginning to think that Primal Therapy doesn't work for Millennials.
2217,1,14,97,112,1.1428571428571428,0.0355530465805953,558,Room service? I'd like to place my order.
2217,3,10,99,112,1.1428571428571428,0.039821720742734115,558,It's Harrison Ford wanting landing clearance.
2217,3,10,99,112,1.1428571428571428,0.039821720742734115,558,I'm gonna need another eight ball of fairy dust.
2217,3,10,99,112,1.1428571428571428,0.039821720742734115,558,"Sure I'm too old for a playpen, but do YOU want to go out there?"
2217,3,10,99,112,1.1428571428571428,0.039821720742734115,558,Will you please call my shrink.
2217,3,10,99,112,1.1428571428571428,0.039821720742734115,558,"Mom, since it's been a extremely long time to deliver my request for a bottle, I'm changing my request to a pizza with pepperoni"
2217,2,12,98,112,1.1428571428571428,0.037747771881756674,558,And here's your millennial forecast: cloudy with 100% chance of special snowflakes.
2217,4,8,100,112,1.1428571428571428,0.041792877428904814,558,I did not get the nomination.
2217,2,12,98,112,1.1428571428571428,0.037747771881756674,558,Johnny to base. Crib shrinking. Out.
2217,3,10,99,112,1.1428571428571428,0.039821720742734115,558,Was it another one of those student debt nightmares?
2217,2,12,98,112,1.1428571428571428,0.037747771881756674,558,Make sure the President is alerted to the Russians hacking baby monitors!
2217,2,12,98,112,1.1428571428571428,0.037747771881756674,558,"Mom, I've outgrown my jammies."
2217,1,14,97,112,1.1428571428571428,0.0355530465805953,558,"I don't care that it's ""king-size,"" Mom!"
2217,2,12,98,112,1.1428571428571428,0.037747771881756674,558,Hello???. I think someone can finally come in and physically check on me now.
2217,1,14,97,112,1.1428571428571428,0.0355530465805953,558,I guess our democracy is not the only thing regressing these days.
2217,2,12,98,112,1.1428571428571428,0.037747771881756674,558,"Two eggs, whaaa, with hash browns, whaaa, and decaf, whaaa. Over."
2217,3,10,99,112,1.1428571428571428,0.039821720742734115,558,"Breaker, breaker One Nine - I found your rubber ducky."
2217,1,14,97,112,1.1428571428571428,0.0355530465805953,558,An anti-aging cream that finally works!
2217,2,12,98,112,1.1428571428571428,0.037747771881756674,558,He hit on the babysitter again.
2217,3,10,99,112,1.1428571428571428,0.039821720742734115,558,Consumer Reports top rated crib - check. Triple-digital-encryption-protected baby monitor - check. Eco-Halogen nighlight - check. Next step - find a mate.
2217,4,8,100,112,1.1428571428571428,0.041792877428904814,558,Is Trump's press conference over yet?
2217,3,10,99,112,1.1428571428571428,0.039821720742734115,558,EXPLOR to starship Wonder...has there been some kind of mistake? ...over...
2217,1,14,97,112,1.1428571428571428,0.0355530465805953,558,Hey mom...have you attached the car seat in the truck yet? Over.
2217,2,12,98,112,1.1428571428571428,0.037747771881756674,558,"Ok they finally announced Best Picture, we should really go check on the little guy."
2217,4,8,100,112,1.1428571428571428,0.041792877428904814,558,The night light's keeping me awake...and I've got the opening presentation of the President's NSA council briefing at 7:00.
2217,2,12,98,112,1.1428571428571428,0.037747771881756674,558,Would you bring up my blanky please.
2217,4,8,100,112,1.1428571428571428,0.041792877428904814,558,"Okay, I'm ready, Mr. Yiannopoulos."
2217,5,6,101,112,1.1428571428571428,0.04367516187334195,558,"Hey honey, looks like I've been sleep eating again... you'll never guess what it was this time."
2217,3,10,99,112,1.1428571428571428,0.039821720742734115,558,1350 days. Then I'll be a grown up again.
2217,2,12,98,112,1.1428571428571428,0.037747771881756674,558,Just tell the President that the order came from Steve Bannon.
2217,1,14,97,112,1.1428571428571428,0.0355530465805953,558,You’ll remember that tomorrow is my 27th birthday.
2217,2,12,98,112,1.1428571428571428,0.037747771881756674,558,Gaga goo goo. Are you happy now?
2217,4,8,100,112,1.1428571428571428,0.041792877428904814,558,"Let's skip the next feeding, Moms. I'll grab something on my date tonight."
2217,1,14,97,112,1.1428571428571428,0.0355530465805953,558,"Honey, I think he's finally asleep. Let's have that discussion about his immaturity."
2217,2,12,98,112,1.1428571428571428,0.037747771881756674,558,I got sent to my room for crying out loud.
2217,2,12,98,112,1.1428571428571428,0.037747771881756674,558,"Daddy will tuck you in, right after she finishes the dishes"
2217,2,12,98,112,1.1428571428571428,0.037747771881756674,558,"You can leave the pizza at the door and bill me, thanks."
2337,2,11,97,110,1.1363636363636365,0.03760395150583025,558,"I'm trying to sleep like a baby, but it isn't helping with the insomnia."
2337,4,7,99,110,1.1363636363636365,0.041805125423068495,558,"I'm thirsty, my pinkie toe hurts, and my Ironic Pangender Lit professor recommended me for Pre-Honors Prep."
2337,5,5,100,110,1.1363636363636365,0.04375470469596744,558,"Are you there God? It's me, Margaret's mom."
2337,2,11,97,110,1.1363636363636365,0.03760395150583025,558,"And may you stay, forever young."
2337,2,11,97,110,1.1363636363636365,0.03760395150583025,558,Is the helicopter ready?
2337,2,11,97,110,1.1363636363636365,0.03760395150583025,558,The sandwich isn't going to make itself.
2337,2,11,97,110,1.1363636363636365,0.03760395150583025,558,Hello! Hello! .....This has got to be a bad dream!
2337,3,9,98,110,1.1363636363636365,0.039760065898406916,558,I *am* going to be President someday.
2337,3,9,98,110,1.1363636363636365,0.039760065898406916,558,Can I get out of here already?
2337,4,7,99,110,1.1363636363636365,0.041805125423068495,558,"Honey,...requesting to meet the president at his level may be working. Do you see any long, black limousines in the driveway?"
2337,4,7,99,110,1.1363636363636365,0.041805125423068495,558,I need to tinkle.
2337,1,13,96,110,1.1363636363636365,0.035316447973430254,558,"Mom, have you seen my participation ribbons?"
2337,3,9,98,110,1.1363636363636365,0.039760065898406916,558,"Honey, have you seen my teddy bear?"
2337,2,11,97,110,1.1363636363636365,0.03760395150583025,558,My parents baby me more!!!!!!!!
2337,2,11,97,110,1.1363636363636365,0.03760395150583025,558,Tear down the wall.
2337,2,11,97,110,1.1363636363636365,0.03760395150583025,558,Now I know what happens when I walk in my sleep.
2337,1,13,96,110,1.1363636363636365,0.035316447973430254,558,"Stephen, you will always be my baby."
2337,3,9,98,110,1.1363636363636365,0.039760065898406916,558,"Hey Ma, my Safe Space is wet again!"
2337,1,13,96,110,1.1363636363636365,0.035316447973430254,558,"I keep calling, but no one comes."
2337,0,15,95,110,1.1363636363636365,0.03287013577804598,558,And I say nap time has gone on long enough.
2337,2,11,97,110,1.1363636363636365,0.03760395150583025,558,The WiFi in this place stinks!
2337,0,15,95,110,1.1363636363636365,0.03287013577804598,558,"I'd like a 6 am wake-up call, plus concierge service."
2337,1,13,96,110,1.1363636363636365,0.035316447973430254,558,Is anyone out there? I'm being held prisoner in preadolescence by my parents.
2337,3,9,98,110,1.1363636363636365,0.039760065898406916,558,That's not crying you're hearing these days!
2337,3,9,98,110,1.1363636363636365,0.039760065898406916,558,Why would I apologize?
2337,2,11,97,110,1.1363636363636365,0.03760395150583025,558,Why do they always have to baby me?
2337,3,9,98,110,1.1363636363636365,0.039760065898406916,558,I said I wanted a CELL phone...
2337,1,13,96,110,1.1363636363636365,0.035316447973430254,558,Baby wants to learn to drive.
2337,2,11,97,110,1.1363636363636365,0.03760395150583025,558,Millennials are so coddled.
2337,4,7,99,110,1.1363636363636365,0.041805125423068495,558,I don't care if he is a Millennial living in our basement...stop babying him!!
2337,2,11,97,110,1.1363636363636365,0.03760395150583025,558,We'll let you know when you're 'time out' is over.
2337,0,15,95,110,1.1363636363636365,0.03287013577804598,558,Hello Adele?
2337,2,11,97,110,1.1363636363636365,0.03760395150583025,558,"This isn't what I thought they meant by ""pass the bar."""
2337,2,11,97,110,1.1363636363636365,0.03760395150583025,558,Little Bobby finally realized that 10 years was a long time not to be checked on.
2337,2,11,97,110,1.1363636363636365,0.03760395150583025,558,This is extreme coddling.
2337,3,9,98,110,1.1363636363636365,0.039760065898406916,558,Your beer and ham sandwich are on there way
2337,2,11,97,110,1.1363636363636365,0.03760395150583025,558,Mom? Dad? At least give me bigger pajamas? Please?
2337,1,13,96,110,1.1363636363636365,0.035316447973430254,558,Major Tom to ground control?!
2337,2,11,97,110,1.1363636363636365,0.03760395150583025,558,I don't wanna grow up.
2337,2,11,97,110,1.1363636363636365,0.03760395150583025,558,It took awhile for Donald to leave his crib.
2337,2,11,97,110,1.1363636363636365,0.03760395150583025,558,You said this role-playing game was multi-player.
2337,2,11,97,110,1.1363636363636365,0.03760395150583025,558,You win. I promise I won't drunk Tweet anymore.
2337,1,13,96,110,1.1363636363636365,0.035316447973430254,558,so this is what it's like on this side of the baby monitor...
2337,3,9,98,110,1.1363636363636365,0.039760065898406916,558,Can you come back one last time and tell me another fake news bedtime story?
2337,1,13,96,110,1.1363636363636365,0.035316447973430254,558,"Broadcasting live from the Nanny Cam, it's the Inner Child in ""I don't wanna grow up""."
2337,1,13,96,110,1.1363636363636365,0.035316447973430254,558,I'm ready for my lullaby.
2337,0,15,95,110,1.1363636363636365,0.03287013577804598,558,"Look, I got nostalgic, alright?"
2337,3,9,98,110,1.1363636363636365,0.039760065898406916,558,Can you just listen?
2337,5,5,100,110,1.1363636363636365,0.04375470469596744,558,A dingo ate yo' baby!
2337,0,15,95,110,1.1363636363636365,0.03287013577804598,558,I heard a noise. I think there may be a monster in the closet.
2337,2,11,97,110,1.1363636363636365,0.03760395150583025,558,"Mom, dad, look, I'm sorry I exceeded my data and I'm ready to connect again. Mom.............? Dad.................?"
2337,3,9,98,110,1.1363636363636365,0.039760065898406916,558,"Yes, I promise never to pee in my bed again."
2337,3,9,98,110,1.1363636363636365,0.039760065898406916,558,I want a bedtime story–my Miranda rights.
2337,1,13,96,110,1.1363636363636365,0.035316447973430254,558,"That's silly, Honey. Mummy and daddy would never ignore you."
2337,4,7,99,110,1.1363636363636365,0.041805125423068495,558,This time on MTV Cribs...
2337,1,13,96,110,1.1363636363636365,0.035316447973430254,558,Come get me when I'm Medicare eligible.
2337,3,9,98,110,1.1363636363636365,0.039760065898406916,558,Any chance I can think OUT of this box?
2337,2,11,97,110,1.1363636363636365,0.03760395150583025,558,This is POTUS here - what is it? You woke me up from my nap
2337,3,9,98,110,1.1363636363636365,0.039760065898406916,558,But mommy is tired of playing psychodramatic therapy honey.
2337,1,13,96,110,1.1363636363636365,0.035316447973430254,558,"Mom, I don't want to be disturbed. If anyone calls, please, let them know I am coloring my book."
2337,2,11,97,110,1.1363636363636365,0.03760395150583025,558,"Sweetie, I'm starting to think the crib makes more of a statement about us."
2337,1,13,96,110,1.1363636363636365,0.035316447973430254,558,"Mom, dad! I'm not 3 years old any more!"
2337,4,7,99,110,1.1363636363636365,0.041805125423068495,558,But why should I sleep for another four years ?
2337,2,11,97,110,1.1363636363636365,0.03760395150583025,558,I thought time-outs stopped once I got to high school.
2337,1,13,96,110,1.1363636363636365,0.035316447973430254,558,"Mom, can I have a sleepover?"
2337,3,9,98,110,1.1363636363636365,0.039760065898406916,558,"But mom, I don't even have Instagram on this."
2337,4,7,99,110,1.1363636363636365,0.041805125423068495,558,They said fatherhood could be confining.
2337,2,11,97,110,1.1363636363636365,0.03760395150583025,558,Peter Pan as a teenager.
2337,4,7,99,110,1.1363636363636365,0.041805125423068495,558,I find your tone to be inappropriate and infantilizing.
2337,5,5,100,110,1.1363636363636365,0.04375470469596744,558,"Mommy, next year can I be president?"
2337,3,9,98,110,1.1363636363636365,0.039760065898406916,558,"Billy outgrew the baby food and rattle, but still enjoyed keeping up with the neighbors' sex life."
2337,2,11,97,110,1.1363636363636365,0.03760395150583025,558,I wonder how long it's gonna take them to notice I'm too big for this playpen.
2337,0,15,95,110,1.1363636363636365,0.03287013577804598,558,"Second childhood works for HIM, so why not ME?"
2337,3,9,98,110,1.1363636363636365,0.039760065898406916,558,"...you insisted on raising him as a Democrat, you change him."
2337,3,9,98,110,1.1363636363636365,0.039760065898406916,558,"Testing,Testing,1-2-3,this is TigerMom in training,can you read me?"
2337,4,7,99,110,1.1363636363636365,0.041805125423068495,558,"A baby monitor, a deceased grandmother and a message from a German doll named Cayla: An act of faith, an unfathomable mystery or evidence of the surveillance state? Only you can decide. Welcome to The Twilight Zone."
2337,1,13,96,110,1.1363636363636365,0.035316447973430254,558,"Mom, Dad, don't you think a nine year 'time-out' might be excessive?"
2337,2,11,97,110,1.1363636363636365,0.03760395150583025,558,I don't know whether to give up my cellphone or my crib first! Is this what growing up's all about?
2337,4,7,99,110,1.1363636363636365,0.041805125423068495,558,"Lately honey, this just seems to make more sense."
2337,3,9,98,110,1.1363636363636365,0.039760065898406916,558,"I'll be needing 7 am wake-up call and a 7:30 breastfeeding with Maria. G'night, Mom."
2337,3,9,98,110,1.1363636363636365,0.039760065898406916,558,Not until 2020.
2337,2,11,97,110,1.1363636363636365,0.03760395150583025,558,I'm not a kid anymore.
2337,2,11,97,110,1.1363636363636365,0.03760395150583025,558,"Mother, can I PUL-LEAZE get up and watch Steven Colbert?"
2337,1,13,96,110,1.1363636363636365,0.035316447973430254,558,Mom? Dad? I'm ready for the internet.
2337,3,9,98,110,1.1363636363636365,0.039760065898406916,558,Welcome to my role-play dating app nightmare.
2337,4,7,99,110,1.1363636363636365,0.041805125423068495,558,"And I say if we don't take Donald out now, he'll never amount to anything."
2337,3,9,98,110,1.1363636363636365,0.039760065898406916,558,"If this thing had wheels, I’d be outta here!"
2337,1,13,96,110,1.1363636363636365,0.035316447973430254,558,I think the batteries died about ten years ago.
2337,4,7,99,110,1.1363636363636365,0.041805125423068495,558,...and tell little Ivanka daddy loves her.
2337,2,11,97,110,1.1363636363636365,0.03760395150583025,558,Please come. I think I may be late for starting school.
2337,2,11,97,110,1.1363636363636365,0.03760395150583025,558,"You need to grow up, Donald."
2337,2,11,97,110,1.1363636363636365,0.03760395150583025,558,I'm thirteen! Time to check on me.
2337,3,9,98,110,1.1363636363636365,0.039760065898406916,558,Beam me up Scotty....
2337,4,7,99,110,1.1363636363636365,0.041805125423068495,558,When I grow up I'm going to be a nasty piece of work.
2337,2,11,97,110,1.1363636363636365,0.03760395150583025,558,Barack? Joe? Please?
2337,3,9,98,110,1.1363636363636365,0.039760065898406916,558,"I'm thirsty, but can we try that organic hormone-free milk this time?"
2337,3,9,98,110,1.1363636363636365,0.039760065898406916,558,"Yes I see it now, you don't love the baby more"
2337,1,13,96,110,1.1363636363636365,0.035316447973430254,558,I don't know? I think it could be the GMO.
2337,4,7,99,110,1.1363636363636365,0.041805125423068495,558,Just checking on room service. You're a bit late.
2337,0,15,95,110,1.1363636363636365,0.03287013577804598,558,"Yes, I'm striking for all brothers and sisters who sit behind bars."
2337,1,13,96,110,1.1363636363636365,0.035316447973430254,558,Hello? Russia?
2337,1,13,96,110,1.1363636363636365,0.035316447973430254,558,"Bad news, Mom: I made a wish at that fortune teller machine again."
2337,5,5,100,110,1.1363636363636365,0.04375470469596744,558,"But, Mommy, President Trump thinks that going backward and putting up walls is good for us!"
2337,1,13,96,110,1.1363636363636365,0.035316447973430254,558,Just found out the 'replace' part of 'repeal and replace.'
2337,3,9,98,110,1.1363636363636365,0.039760065898406916,558,"You'll get out of ""time out"" when you start reporting the news that is appropriate"
2337,1,13,96,110,1.1363636363636365,0.035316447973430254,558,Maybe this whole parent enabling thing is real after all.
2337,4,7,99,110,1.1363636363636365,0.041805125423068495,558,I want some one to tell me what the hell I'm doing here.
2337,2,11,97,110,1.1363636363636365,0.03760395150583025,558,There are no safe places.......It is a nightmare.
2337,4,7,99,110,1.1363636363636365,0.041805125423068495,558,I'm still struggling to get into his mindset
2337,2,11,97,110,1.1363636363636365,0.03760395150583025,558,This is your mother. Because I said so.
2337,2,11,97,110,1.1363636363636365,0.03760395150583025,558,I'm listening.
2337,2,11,97,110,1.1363636363636365,0.03760395150583025,558,"Are you kidding me, this isn't a cell phone."
2337,1,13,96,110,1.1363636363636365,0.035316447973430254,558,Come in 20th century. Over.
2337,2,11,97,110,1.1363636363636365,0.03760395150583025,558,"Roger that MOM, I need Pooh! Over."
2337,0,15,95,110,1.1363636363636365,0.03287013577804598,558,"""All I ""goo gooed"" was 'I wish I could be big'""."
2337,1,13,96,110,1.1363636363636365,0.035316447973430254,558,Could I have a glass of water ? And please ... No I.C.E.
2337,2,11,97,110,1.1363636363636365,0.03760395150583025,558,Appaently Peter Pan was having second thoughts about telling his parents.
2337,3,9,98,110,1.1363636363636365,0.039760065898406916,558,"OK, I take it back. My report card is not fake news."
2337,1,13,96,110,1.1363636363636365,0.035316447973430254,558,"It's 3AM, time for a Tweet!"
2337,1,13,96,110,1.1363636363636365,0.035316447973430254,558,This is your captain speaking....
2337,3,9,98,110,1.1363636363636365,0.039760065898406916,558,Living with my parents is great. I even have a full set of bars in my bedroom.
2337,2,11,97,110,1.1363636363636365,0.03760395150583025,558,"So Mom, there's this girl I met at work-... No! That's not what I!-... Yes, Ma'am. You're the only woman in my life."
2337,4,7,99,110,1.1363636363636365,0.041805125423068495,558,What do you mean I have to act grown up to be president?
2337,4,7,99,110,1.1363636363636365,0.041805125423068495,558,"Mom, I told you, my dream is to be the White House press secretary."
2337,2,11,97,110,1.1363636363636365,0.03760395150583025,558,"Yes, I'm cribbing my homework."
2337,3,9,98,110,1.1363636363636365,0.039760065898406916,558,Where's my blank-ey?
2337,1,13,96,110,1.1363636363636365,0.035316447973430254,558,But MOM! You were supposed to tell them I want to work from home!
2337,4,7,99,110,1.1363636363636365,0.041805125423068495,558,No more house parties. I promise.
2337,3,9,98,110,1.1363636363636365,0.039760065898406916,558,"What do you mean, you can't turn back time!!"
2337,2,11,97,110,1.1363636363636365,0.03760395150583025,558,Donald if I told you once I've told you twice then before you hit send
2337,3,9,98,110,1.1363636363636365,0.039760065898406916,558,"I googled ""playpen"" but I think they got it all wrong."
2337,5,5,100,110,1.1363636363636365,0.04375470469596744,558,When do you think he'll grow out of his presidential phase?
2337,3,9,98,110,1.1363636363636365,0.039760065898406916,558,I really gotta go potty.
2337,4,7,99,110,1.1363636363636365,0.041805125423068495,558,"Alexa, why did I want to become a mother?"
2337,3,9,98,110,1.1363636363636365,0.039760065898406916,558,"All set, Mother. But seriously, we only have to convince the guy I'm 26."
2337,5,5,100,110,1.1363636363636365,0.04375470469596744,558,"Mom, I am 17!"
2337,1,13,96,110,1.1363636363636365,0.035316447973430254,558,Watch the news like we ask you to and you wouldn't be in such a rush to grow up.
2337,3,9,98,110,1.1363636363636365,0.039760065898406916,558,My 30-year old finally found his safe space.
2337,1,13,96,110,1.1363636363636365,0.035316447973430254,558,"Yes, this is room 803. One bottle of champagne and and order of oysters Rockefeller please."
2337,2,11,97,110,1.1363636363636365,0.03760395150583025,558,"""Roger that"". ""When I grow up I want to be president of The United States""."
2337,2,11,97,110,1.1363636363636365,0.03760395150583025,558,Trump North to Trump South- The Donald has escaped. Repeat- The Donald has escaped!
2337,3,9,98,110,1.1363636363636365,0.039760065898406916,558,"Good morning, Donald."
2337,2,11,97,110,1.1363636363636365,0.03760395150583025,558,"Mommy, can I get a new bed so I can feel like a millennial?"
2337,3,9,98,110,1.1363636363636365,0.039760065898406916,558,"Testing, one, two, three. I have needs!"
2337,4,7,99,110,1.1363636363636365,0.041805125423068495,558,Grow up already!
2337,1,13,96,110,1.1363636363636365,0.035316447973430254,558,maybe i can reprogram this thing and then order a bed on amazon
2337,3,9,98,110,1.1363636363636365,0.039760065898406916,558,"I'm not rebelling, I'm seceding."
2337,2,11,97,110,1.1363636363636365,0.03760395150583025,558,Is this any way to treat your President?
2337,3,9,98,110,1.1363636363636365,0.039760065898406916,558,Wake me in 4 years.
2337,2,11,97,110,1.1363636363636365,0.03760395150583025,558,Honey... Let me know once you have him asleep.
2337,1,13,96,110,1.1363636363636365,0.035316447973430254,558,"Mom, instead of monitoring me could you get me a bed and bigger pajamas?"
2337,1,13,96,110,1.1363636363636365,0.035316447973430254,558,This is my punishment when I act childish.
2337,4,7,99,110,1.1363636363636365,0.041805125423068495,558,Are we vetted yet?
2337,2,11,97,110,1.1363636363636365,0.03760395150583025,558,"I know its my bedtime, but can I please just watch the end of the Bachelor?"
2337,1,13,96,110,1.1363636363636365,0.035316447973430254,558,"MOM, you forgot to tuck me in!"
2337,2,11,97,110,1.1363636363636365,0.03760395150583025,558,"A little cramped, but otherwise good to go on the regression therapy."
2337,4,7,99,110,1.1363636363636365,0.041805125423068495,558,"Alas, poor Yorick.."
2337,2,11,97,110,1.1363636363636365,0.03760395150583025,558,"Don't worry , honey. We'll get a start on your college applications in the morning."
2337,4,7,99,110,1.1363636363636365,0.041805125423068495,558,I'm thirsty mom; it's rum-and-milk time
2337,3,9,98,110,1.1363636363636365,0.039760065898406916,558,"No can do, I have my Lithuanian vegan play-date at 10:00."
2337,2,11,97,110,1.1363636363636365,0.03760395150583025,558,Hey mom? Dad? I'm nervous about prom...
2337,2,11,97,110,1.1363636363636365,0.03760395150583025,558,O.k. you're right. A ten p.m. curfew is very generous.
2337,4,7,99,110,1.1363636363636365,0.041805125423068495,558,This looks nothing like the pictures on the Air B and B webiste.
2337,3,9,98,110,1.1363636363636365,0.039760065898406916,558,How long did they say to do this Ferber thing?
2337,2,11,97,110,1.1363636363636365,0.03760395150583025,558,"""OK, so you're not helicopter parents. You've proved your point!"
2337,0,15,95,110,1.1363636363636365,0.03287013577804598,558,My parents think children are growing up too fast.
2337,2,11,97,110,1.1363636363636365,0.03760395150583025,558,Can I still have girls round?
2337,2,11,97,110,1.1363636363636365,0.03760395150583025,558,Attica! Attica! Attica!
2337,2,11,97,110,1.1363636363636365,0.03760395150583025,558,Was the bedtime story true?
2337,4,7,99,110,1.1363636363636365,0.041805125423068495,558,"Mommy, does this mean no more 'special milk' time?"
2337,4,7,99,110,1.1363636363636365,0.041805125423068495,558,"Mom, Dad, can I PLEASE have my phone back?"
2337,3,9,98,110,1.1363636363636365,0.039760065898406916,558,"No, my teacher didn't specify any particular musical style for the crib notes."
2337,2,11,97,110,1.1363636363636365,0.03760395150583025,558,MOM! You've gotta stop treating me like a baby!
2337,2,11,97,110,1.1363636363636365,0.03760395150583025,558,"Roger, Peter Pan here -- ready for my blankey."
2337,2,11,97,110,1.1363636363636365,0.03760395150583025,558,"I'd like a blunt and some cookies when you get the chance, Mom."
2337,3,9,98,110,1.1363636363636365,0.039760065898406916,558,So this is how Trump prepared for his new role
2337,2,11,97,110,1.1363636363636365,0.03760395150583025,558,Can you hear me yet ?
2337,4,7,99,110,1.1363636363636365,0.041805125423068495,558,"Dad? Dad? It's your son, Teddy Van Winkle."
2337,2,11,97,110,1.1363636363636365,0.03760395150583025,558,My parents say that I am too young for a smart phone
2337,3,9,98,110,1.1363636363636365,0.039760065898406916,558,Why do they have to make these things so childproof?
2337,1,13,96,110,1.1363636363636365,0.035316447973430254,558,Need change.
2337,2,11,97,110,1.1363636363636365,0.03760395150583025,558,Can't I just text you?
2337,2,11,97,110,1.1363636363636365,0.03760395150583025,558,Mom...the night light keeps Morse-ing I'm adopted and Mexican
2337,3,9,98,110,1.1363636363636365,0.039760065898406916,558,"Hmmm, battery must have died."
2337,3,9,98,110,1.1363636363636365,0.039760065898406916,558,"ssshh, you'll wake the baby!!!"
2337,2,11,97,110,1.1363636363636365,0.03760395150583025,558,"I'm androgynous, so a gender joke isn't going to work here."
2337,3,9,98,110,1.1363636363636365,0.039760065898406916,558,So this is what President Trump feels like.
2337,3,9,98,110,1.1363636363636365,0.039760065898406916,558,X-20 to Base: I guess I expected something different when they said 'Mother Ship'.
2337,3,9,98,110,1.1363636363636365,0.039760065898406916,558,"Geez, President Trump will never believe I'm a natural born citizen!"
2337,1,13,96,110,1.1363636363636365,0.035316447973430254,558,The monitor says I've been in here for six years.
2337,3,9,98,110,1.1363636363636365,0.039760065898406916,558,"Stop switching places with the baby, Ben."
2337,2,11,97,110,1.1363636363636365,0.03760395150583025,558,"Mom, I need a fresh diaper."
2337,1,13,96,110,1.1363636363636365,0.035316447973430254,558,"Judy, you are so wrong. I am not a big baby!"
2337,3,9,98,110,1.1363636363636365,0.039760065898406916,558,It's me Jim...it seems Billy's birth has triggered some unresolved issues.
2337,3,9,98,110,1.1363636363636365,0.039760065898406916,558,Could you please just pick an interior designer?
2337,2,11,97,110,1.1363636363636365,0.03760395150583025,558,"Oh, they repealed Obamacare?"
2337,4,7,99,110,1.1363636363636365,0.041805125423068495,558,You just think you're listening.
2337,5,5,100,110,1.1363636363636365,0.04375470469596744,558,What time is the protest?
2337,3,9,98,110,1.1363636363636365,0.039760065898406916,558,"10-4, Little Buddy."
2337,1,13,96,110,1.1363636363636365,0.035316447973430254,558,I'm starting to feel infantilized.
2337,2,11,97,110,1.1363636363636365,0.03760395150583025,558,pepperoni pizza and a coke please!
2538,1,13,97,111,1.135135135135135,0.03501839106489901,558,"Hey honey are you there? I'm not sure what happened, but I'm guessing I've been asleep for quite awhile..."
2538,2,11,98,111,1.135135135135135,0.03728388226263948,558,"Okay, honey, this time out is a little over the top."
2538,3,9,99,111,1.135135135135135,0.039419386605761976,558,"Mommmm, I'm gen Z not millennial !"
2538,2,11,98,111,1.135135135135135,0.03728388226263948,558,"Think about it, at least like this, I won't move to the basement after college."
2538,0,15,96,111,1.135135135135135,0.032595821035433896,558,"You knew this thing has a mike on both ends, right?"
2538,3,9,99,111,1.135135135135135,0.039419386605761976,558,Let me know when you finish nursing the baby.
2538,2,11,98,111,1.135135135135135,0.03728388226263948,558,Of course I'm worried. I want to find him as much as you do.
2538,2,11,98,111,1.135135135135135,0.03728388226263948,558,"Mom, I'm gonna be late for job interview."
2538,3,9,99,111,1.135135135135135,0.039419386605761976,558,Mom...MOM...can you bring me some Kombucha?
2538,3,9,99,111,1.135135135135135,0.039419386605761976,558,I DO!--but they keep saying they're busy.
2538,4,7,100,111,1.135135135135135,0.04144500216159592,558,"Donny, now no more tweeting Be a good little boy for Uncle Stevie and go to sleep."
2538,1,13,97,111,1.135135135135135,0.03501839106489901,558,We'll be a little later than we thought.
2538,5,5,101,111,1.135135135135135,0.04337612670553762,558,Rip Van Winkle's first nap.
2538,2,11,98,111,1.135135135135135,0.03728388226263948,558,Ready for my tuck-in 'Mommy'. Over
2538,1,13,97,111,1.135135135135135,0.03501839106489901,558,I wonder what all that screaming was about 15 years ago.
2538,2,11,98,111,1.135135135135135,0.03728388226263948,558,"Don't get mad, but I've had a little accident."
2538,0,15,96,111,1.135135135135135,0.032595821035433896,558,"Mommy, can I please have a monitor with apps?"
2555,4,6,98,108,1.1296296296296295,0.04179387144020811,558,My inner child wants a glass of water
2555,1,12,95,108,1.1296296296296295,0.03503593712712722,558,You made your point. No more Ferber method.
2555,1,12,95,108,1.1296296296296295,0.03503593712712722,558,About that bunk bed
2555,2,10,96,108,1.1296296296296295,0.03742441925941165,558,Mom/Dad: I'm 12 now. Can you please come get me.
2555,2,10,96,108,1.1296296296296295,0.03742441925941165,558,What's wrong with this picture?
2555,2,10,96,108,1.1296296296296295,0.03742441925941165,558,Could you get me an IPhone?
2555,2,10,96,108,1.1296296296296295,0.03742441925941165,558,They grow up so fast...
2555,1,12,95,108,1.1296296296296295,0.03503593712712722,558,"Just wanted you to know, despite your attentions and intentions I'm turning out to be no good."
2555,3,8,97,108,1.1296296296296295,0.039669351184918974,558,"Sorry dear, but after three boys, I had to baby-proof our bedroom."
2555,2,10,96,108,1.1296296296296295,0.03742441925941165,558,I just had the weirdest dream.
2555,1,12,95,108,1.1296296296296295,0.03503593712712722,558,I'm not coming out 'til she's asleep.
2555,1,12,95,108,1.1296296296296295,0.03503593712712722,558,Are you sure you want 911?
2555,3,8,97,108,1.1296296296296295,0.039669351184918974,558,"Pete, yeah, I'm getting punished for it, too. I just wish they'd give me a beating. Even a 'time-out' would be better than these 'time-backs'. I'm not three, anymore."""
2555,3,8,97,108,1.1296296296296295,0.039669351184918974,558,I don't understand why Emma gave it two stars.
2555,3,8,97,108,1.1296296296296295,0.039669351184918974,558,The only place I feel safe listening to presidential address.
2555,3,8,97,108,1.1296296296296295,0.039669351184918974,558,Well I wouldn't exactly call forgetting you had a baby for 6 years fake news Terry.
2555,2,10,96,108,1.1296296296296295,0.03742441925941165,558,But how do I text if I need help?
2555,2,10,96,108,1.1296296296296295,0.03742441925941165,558,"Ok, ok, ok. Let me out, and we can do this whole 'potty training' thing. Deal?"
2555,3,8,97,108,1.1296296296296295,0.039669351184918974,558,He built the wall. Got the wrong guy. Over.
2555,2,10,96,108,1.1296296296296295,0.03742441925941165,558,"If he's behaving like a child, so can I."
2555,1,12,95,108,1.1296296296296295,0.03503593712712722,558,My parents told me it's to keep people out.
2555,2,10,96,108,1.1296296296296295,0.03742441925941165,558,A victim of their own device enters the time out space continuum.
2555,1,12,95,108,1.1296296296296295,0.03503593712712722,558,I may still live at home but I don't go to bed early on Saturday nights.
2555,1,12,95,108,1.1296296296296295,0.03503593712712722,558,This nanny-state is getting old. This nanny- state is getting old.
2555,2,10,96,108,1.1296296296296295,0.03742441925941165,558,"Are you there, God? It's me, Marcus."
2555,2,10,96,108,1.1296296296296295,0.03742441925941165,558,I am in my play pen using PayPal.
2555,2,10,96,108,1.1296296296296295,0.03742441925941165,558,Who's my big boy?
2555,2,10,96,108,1.1296296296296295,0.03742441925941165,558,I think I'm going through my 21-year-old life regression.
2555,2,10,96,108,1.1296296296296295,0.03742441925941165,558,"Well, someone put baby in the corner."
2555,1,12,95,108,1.1296296296296295,0.03503593712712722,558,Working from home has its perks.
2555,2,10,96,108,1.1296296296296295,0.03742441925941165,558,I think I'm ready to be bottle fed.
2586,4,6,99,109,1.128440366972477,0.04142574062429377,558,Sometimes I feel all penned up and melancholy.
2586,2,10,97,109,1.128440366972477,0.03709855328252363,558,Is this really part of the university sleep study?
2586,1,12,96,109,1.128440366972477,0.03473338437798332,558,"Mom, please check your in box."
2586,2,10,97,109,1.128440366972477,0.03709855328252363,558,Can I go back to being two?
2586,4,6,99,109,1.128440366972477,0.04142574062429377,558,....and don't forget the cribbage board and a hacksaw this time.
2586,1,12,96,109,1.128440366972477,0.03473338437798332,558,"When you finally move out of Grandma's house, do you think I'll get my own bed?"
2586,1,12,96,109,1.128440366972477,0.03473338437798332,558,The magic potion is working. Repeat.. the magic potion is working!
2593,2,9,95,106,1.1226415094339623,0.03720425201689226,558,"Frankly I'd respond better to ""Pookie""."
2593,3,7,96,106,1.1226415094339623,0.039545554585232366,558,"Hey Mom, didya buy me the gender neutral diapers or not, just checkin'?"
2593,1,11,94,106,1.1226415094339623,0.03470535763854438,558,Let's Get Together In My Crib.
2593,3,7,96,106,1.1226415094339623,0.039545554585232366,558,"Hey Mom , I REEEEAAALLLLYYY need a fresh diaper!!!"
2593,2,9,95,106,1.1226415094339623,0.03720425201689226,558,I don't want to be in the Michael Jackson Fan Club anymore.
2593,3,7,96,106,1.1226415094339623,0.039545554585232366,558,I said second star to the right
2593,3,7,96,106,1.1226415094339623,0.039545554585232366,558,Donald? It's Justin. Justin Trudeau.
2593,2,9,95,106,1.1226415094339623,0.03720425201689226,558,Don't you think I'm getting a little too big for this stuff?
2593,1,11,94,106,1.1226415094339623,0.03470535763854438,558,I think I'm confused.
2593,1,11,94,106,1.1226415094339623,0.03470535763854438,558,"Honey, I'm not sure this regression therapy is working for me. Can I come back to the big girl bed?"
2593,4,5,97,106,1.1226415094339623,0.04175578291411566,558,"Hand over the pacifier, and nobody will get hurt."
2593,3,7,96,106,1.1226415094339623,0.039545554585232366,558,"This 51st ""shade"" is not a turn-on."
2593,2,9,95,106,1.1226415094339623,0.03720425201689226,558,"The perimeter is secure, sir! No babies are getting in or out on MY watch...!"
2593,2,9,95,106,1.1226415094339623,0.03720425201689226,558,Could I have some milk?
2593,3,7,96,106,1.1226415094339623,0.039545554585232366,558,um...why is mommy yelling at daddy.. DON'T STOP .... DON'T STOP?
2593,2,9,95,106,1.1226415094339623,0.03720425201689226,558,"If acting like a child can with the Presidency, imagine what this will do for my career!"
2593,1,11,94,106,1.1226415094339623,0.03470535763854438,558,Hello? Is there anyone there? It's now two and a half minutes to midnight and I really need to know where my helicopter parents are.
2593,3,7,96,106,1.1226415094339623,0.039545554585232366,558,I can't keep agreeing to switch beds like this.
2593,3,7,96,106,1.1226415094339623,0.039545554585232366,558,9-1-1?
2593,2,9,95,106,1.1226415094339623,0.03720425201689226,558,"Honey, I'm worried we may be taking ""cry it out"" a bit too far."
2593,1,11,94,106,1.1226415094339623,0.03470535763854438,558,Beam me up Scotty....
2593,1,11,94,106,1.1226415094339623,0.03470535763854438,558,"Honey, can you please bring me my milk?"
2593,0,13,93,106,1.1226415094339623,0.032011987278238604,558,It's not my fault you ignored it when I was small.
2593,3,7,96,106,1.1226415094339623,0.039545554585232366,558,Blueprints for the new Oval Office
2593,2,9,95,106,1.1226415094339623,0.03720425201689226,558,"Press 1 for kitchen, press 2 for tv room, press 3 to speak to an operator."
2593,4,5,97,106,1.1226415094339623,0.04175578291411566,558,Just let me know when it is finally over!
2593,2,9,95,106,1.1226415094339623,0.03720425201689226,558,"I've had some alternate ideas on how to avoid college debt, Mom. Mom? Hello?"
2593,3,7,96,106,1.1226415094339623,0.039545554585232366,558,At this stage of my development it occurs to me that they are probably dead.
2593,4,5,97,106,1.1226415094339623,0.04175578291411566,558,"How much longer until January 20, 2021?"
2593,5,3,98,106,1.1226415094339623,0.043854759446243854,558,Ok. I get it. No more Twittering after midnight.
2593,2,9,95,106,1.1226415094339623,0.03720425201689226,558,"Hmm, just found this new portable . . . what's this? ""The Giants Win the Pennant, the Giants Win the Pennant!!"""
2593,1,11,94,106,1.1226415094339623,0.03470535763854438,558,"There are some things we never outgrow!"""
2593,3,7,96,106,1.1226415094339623,0.039545554585232366,558,"Mom, is that my Yale acceptance letter you're reading?"
2593,2,9,95,106,1.1226415094339623,0.03720425201689226,558,Homeland Security...over.
2593,3,7,96,106,1.1226415094339623,0.039545554585232366,558,Can I come out now?
2593,0,13,93,106,1.1226415094339623,0.032011987278238604,558,"I just think that it's time for a real bed, and also that I could just text this to you."
2593,2,9,95,106,1.1226415094339623,0.03720425201689226,558,There's a troll in my Snapchat.
2593,1,11,94,106,1.1226415094339623,0.03470535763854438,558,Beats having to share the blankets with you.
2593,0,13,93,106,1.1226415094339623,0.032011987278238604,558,My third time out today.
2593,2,9,95,106,1.1226415094339623,0.03720425201689226,558,"Listen Mom, I'll go along and let aunt Edna think I'm still a baby while she's staying with us. But I swear the next time she tries to put a diaper on me, I'll put her lights out!"
2593,2,9,95,106,1.1226415094339623,0.03720425201689226,558,Johnny is still a baby. Do not send him to school. Johnny is still a baby. Do not send him to school …
2593,1,11,94,106,1.1226415094339623,0.03470535763854438,558,"I'm paying a lot of money to be at this school, the least the resident assistant can do is bring me some water."
2593,1,11,94,106,1.1226415094339623,0.03470535763854438,558,I am sorry but mean Mr. Trump is making you get off our insurance tomorrow.
2593,1,11,94,106,1.1226415094339623,0.03470535763854438,558,How I wonder where you are.
2593,1,11,94,106,1.1226415094339623,0.03470535763854438,558,Mom gets so carried away with her TIME OUT fetish.
2593,2,9,95,106,1.1226415094339623,0.03720425201689226,558,"Papa, can you hear me?"
2593,2,9,95,106,1.1226415094339623,0.03720425201689226,558,"Hon? A Bloody Mary, please?"
2593,2,9,95,106,1.1226415094339623,0.03720425201689226,558,Does this violate our 'no electronics in the bedroom' policy?
2593,0,13,93,106,1.1226415094339623,0.032011987278238604,558,"Room service, I need more pampering."
2593,3,7,96,106,1.1226415094339623,0.039545554585232366,558,I only want whats best for you sweetie...
2593,2,9,95,106,1.1226415094339623,0.03720425201689226,558,I'm already negotiating the TV rights.
2593,2,9,95,106,1.1226415094339623,0.03720425201689226,558,It's scotch and vodka time
2593,2,9,95,106,1.1226415094339623,0.03720425201689226,558,Is it 2020 yet?
2593,2,9,95,106,1.1226415094339623,0.03720425201689226,558,I told the Mountie I wanted asylum...
2593,1,11,94,106,1.1226415094339623,0.03470535763854438,558,"Hey mom, I think i'm old enough for a real bed now."
2593,4,5,97,106,1.1226415094339623,0.04175578291411566,558,"When ""baby"" asks for pizza over the baby monitor, the coddling has gone on too long."
2593,3,7,96,106,1.1226415094339623,0.039545554585232366,558,Mom? Did you charge up your wheelchair? 'Cause I need another drink of water.
2593,3,7,96,106,1.1226415094339623,0.039545554585232366,558,"Mom, Dad, is it 2025 yet?"
2593,2,9,95,106,1.1226415094339623,0.03720425201689226,558,"I know you want to treasure my baby years, Mom, but this is getting a little ridiculous."
2593,0,13,93,106,1.1226415094339623,0.032011987278238604,558,"I bought the crib, the baby monitor even, then he broke up with me saying I am too needy.."
2593,1,11,94,106,1.1226415094339623,0.03470535763854438,558,"Sorry, but we can't find your Binky!"
2593,2,9,95,106,1.1226415094339623,0.03720425201689226,558,Mom? Dad? Are you done playing Call of Duty yet?
2593,3,7,96,106,1.1226415094339623,0.039545554585232366,558,"Oh, and I was offended by the cultural appropriation in the bedtime story."
2593,1,11,94,106,1.1226415094339623,0.03470535763854438,558,"Mom,Dad, I need help with my trigonometry homework."
2593,1,11,94,106,1.1226415094339623,0.03470535763854438,558,"Well, I asked for a smart phone but sometimes it feels like my parents still think it's 2006."
2593,2,9,95,106,1.1226415094339623,0.03720425201689226,558,Over light- toast on the side. No hurry
2593,2,9,95,106,1.1226415094339623,0.03720425201689226,558,"Mom, can I take this with me to college?"
2593,3,7,96,106,1.1226415094339623,0.039545554585232366,558,Skinner box? Crib? I fail to see a distinction here...
2593,0,13,93,106,1.1226415094339623,0.032011987278238604,558,I need a new phone
2593,2,9,95,106,1.1226415094339623,0.03720425201689226,558,"Mommy, I'm having that bad dream about Michigan, Wisconsin, and Pennsylvania again."
2593,3,7,96,106,1.1226415094339623,0.039545554585232366,558,I think I'd use a formula cleared by the IOC next time
2593,3,7,96,106,1.1226415094339623,0.039545554585232366,558,That Energizer Bunny sure wasn't kidding.
2593,1,11,94,106,1.1226415094339623,0.03470535763854438,558,"I thought calling me 'Snookums"" was the limit."
2593,3,7,96,106,1.1226415094339623,0.039545554585232366,558,"Please awaken me at 7AM, and tell me that Donald Trump being my President was just a bad dream. Thank you and goodnight."
2593,3,7,96,106,1.1226415094339623,0.039545554585232366,558,I think this is too much of a punishment.
2593,1,11,94,106,1.1226415094339623,0.03470535763854438,558,It's called Method Babysitting.
2593,4,5,97,106,1.1226415094339623,0.04175578291411566,558,Do you mean Baron Munchausen?
2593,1,11,94,106,1.1226415094339623,0.03470535763854438,558,"Are you there, NSA? It's me, Margaret."
2593,1,11,94,106,1.1226415094339623,0.03470535763854438,558,this is not what I meant when I asked to be directed to my crib.
2593,2,9,95,106,1.1226415094339623,0.03720425201689226,558,"I call my own shots, largely based on an accumulation of data, and everyone knows it."
2593,2,9,95,106,1.1226415094339623,0.03720425201689226,558,"Entering day 6,000 without radio contact."
2593,2,9,95,106,1.1226415094339623,0.03720425201689226,558,I liked it better when they read to me!
2593,1,11,94,106,1.1226415094339623,0.03470535763854438,558,"It was my choice, either an I- Phone or a bed!"
2593,3,7,96,106,1.1226415094339623,0.039545554585232366,558,I have to baby sit.
2593,2,9,95,106,1.1226415094339623,0.03720425201689226,558,"Mom, potty time."
2593,2,9,95,106,1.1226415094339623,0.03720425201689226,558,Alice awoke to find she had slept through the terrible Trump years
2593,1,11,94,106,1.1226415094339623,0.03470535763854438,558,But the pediatrician says no co-sleeping.
2593,2,9,95,106,1.1226415094339623,0.03720425201689226,558,"Come on, sweetie. We can mess around without falling out of bed."
2593,1,11,94,106,1.1226415094339623,0.03470535763854438,558,I'm ready for the leak when you are.
2593,1,11,94,106,1.1226415094339623,0.03470535763854438,558,"Well the baby took my spot, so I guess I'll take his"
2593,3,7,96,106,1.1226415094339623,0.039545554585232366,558,"I sorry sweetie, my parents just won't let go."
2593,0,13,93,106,1.1226415094339623,0.032011987278238604,558,"Chalk, bubbles, coloring books and crayons please."
2593,1,11,94,106,1.1226415094339623,0.03470535763854438,558,I'll be good if you bring me a mimosa with the pablum.
2593,3,7,96,106,1.1226415094339623,0.039545554585232366,558,How is this working for you honey?
2593,1,11,94,106,1.1226415094339623,0.03470535763854438,558,"I know you can hear me, but it's quite obvious you never really listen."
2688,0,12,92,104,1.1153846153846154,0.03147984498012061,558,It's time for my bottle.
2688,2,8,94,104,1.1153846153846154,0.036937699369947806,558,Hmmm I wonder what's all the moaning and groaning and bumping and thumping going on in there?
2688,1,10,93,104,1.1153846153846154,0.034317446544848494,558,"Mom, when am I getting my new BED? This one is getting very cramped."
2688,2,8,94,104,1.1153846153846154,0.036937699369947806,558,But what does it all mean?
2688,2,8,94,104,1.1153846153846154,0.036937699369947806,558,"Mom, can we go to a job interview. Can we, huh? Can we, huh?"
2688,3,6,95,104,1.1153846153846154,0.03938400858382437,558,The last time I saw my parents they were waving at me from the moving Van
2688,3,6,95,104,1.1153846153846154,0.03938400858382437,558,My parents' panic about impending middle age has got them doing crazy things.
2688,0,12,92,104,1.1153846153846154,0.03147984498012061,558,I can't believe this thing doesn't have Wi-Fi.
2688,2,8,94,104,1.1153846153846154,0.036937699369947806,558,"Good news, Mom! There's a genie in the baby monitor. Also, you don't have to buy me diapers anymore."
2688,1,10,93,104,1.1153846153846154,0.034317446544848494,558,"Mom, I really do think I'm getting too big for a baby monitor."
2688,1,10,93,104,1.1153846153846154,0.034317446544848494,558,Mike? The President got out again.
2688,1,10,93,104,1.1153846153846154,0.034317446544848494,558,"Mom, shouldn't I be out of this thing by now?"
2688,0,12,92,104,1.1153846153846154,0.03147984498012061,558,"Please, can I have a big boy bed soon?"
2688,1,10,93,104,1.1153846153846154,0.034317446544848494,558,Stop infantilizing me!
2688,2,8,94,104,1.1153846153846154,0.036937699369947806,558,There's nothing wrong with the battery. The little one's phone says there's no room for further messages.
2688,1,10,93,104,1.1153846153846154,0.034317446544848494,558,"If the pajamas don't fit, you must acquit."
2688,3,6,95,104,1.1153846153846154,0.03938400858382437,558,Is this the new iPhone?
2688,0,12,92,104,1.1153846153846154,0.03147984498012061,558,I thought I'd get the basement and maybe a pack of boxers.
2688,1,10,93,104,1.1153846153846154,0.034317446544848494,558,"But Mom, I just don't feel entitled."
2688,1,10,93,104,1.1153846153846154,0.034317446544848494,558,"Hello, Child Protective Services? Is anyone there?"
2688,3,6,95,104,1.1153846153846154,0.03938400858382437,558,I don't remember the part about retribution in our wedding vows.
2688,3,6,95,104,1.1153846153846154,0.03938400858382437,558,You can let me out now.
2688,4,4,96,104,1.1153846153846154,0.04168700792233548,558,"It was then, in 1986, when Donnie began his love/hate relationship with walls."
2688,2,8,94,104,1.1153846153846154,0.036937699369947806,558,My baby brother is out.
2688,1,10,93,104,1.1153846153846154,0.034317446544848494,558,"He's somewhere in the house, but I don't dare get out of here to look for him."
2688,4,4,96,104,1.1153846153846154,0.04168700792233548,558,Fred came up with a desperate plan to get his wife's attention.
2688,2,8,94,104,1.1153846153846154,0.036937699369947806,558,...and I got such a great deal on this homeshare.
2688,3,6,95,104,1.1153846153846154,0.03938400858382437,558,How do I evade parental control in a playpen?
2688,1,10,93,104,1.1153846153846154,0.034317446544848494,558,My parents aren't home yet? Then can we make out?
2688,1,10,93,104,1.1153846153846154,0.034317446544848494,558,I've fallen and I can't get up.
2688,4,4,96,104,1.1153846153846154,0.04168700792233548,558,My parents won't even get me an iPhone.
2688,3,6,95,104,1.1153846153846154,0.03938400858382437,558,"Look, dad, is it really regression without the nighttime story?"
2688,4,4,96,104,1.1153846153846154,0.04168700792233548,558,It's kind of your fault for serving Mexican.
2688,0,12,92,104,1.1153846153846154,0.03147984498012061,558,What year is it?
2688,2,8,94,104,1.1153846153846154,0.036937699369947806,558,So you don't want to meet my boyfriend?
2688,3,6,95,104,1.1153846153846154,0.03938400858382437,558,Your time out is over now unlock the door.
2688,1,10,93,104,1.1153846153846154,0.034317446544848494,558,Is this big brother?
2688,2,8,94,104,1.1153846153846154,0.036937699369947806,558,"Honey, our kid is a genius."
2688,2,8,94,104,1.1153846153846154,0.036937699369947806,558,Time to also get rid if the car seat.
2688,3,6,95,104,1.1153846153846154,0.03938400858382437,558,"Now Johnny, I'm your mother; and I'm doing my best to raise you so that you will have the opportunity to be President of the United States."
2688,2,8,94,104,1.1153846153846154,0.036937699369947806,558,From that night on he built walls to keep all the scary things out.
2688,1,10,93,104,1.1153846153846154,0.034317446544848494,558,"No worries, dear, you're dad's bringing you a nice warm bottle of White Russians."
2688,2,8,94,104,1.1153846153846154,0.036937699369947806,558,Trump's press conference was the last straw
2688,1,10,93,104,1.1153846153846154,0.034317446544848494,558,You're busy giving advice to who?
2688,1,10,93,104,1.1153846153846154,0.034317446544848494,558,Sounds like my parents are doing the dirty.
2688,3,6,95,104,1.1153846153846154,0.03938400858382437,558,"In hindsight, it would have been better had we just raised the kid in Canada."
2688,3,6,95,104,1.1153846153846154,0.03938400858382437,558,"I can take a hint, you're not going to change my diaper"
2688,2,8,94,104,1.1153846153846154,0.036937699369947806,558,"Hey Mom, could you call my boss and tell her I'm sick? I'm just really not feeling up to it today."
2688,2,8,94,104,1.1153846153846154,0.036937699369947806,558,"Brisco Elementary called, George. They want to know if you’re coming in to work today"
2688,1,10,93,104,1.1153846153846154,0.034317446544848494,558,"Doctor says my ""inner child connection"" needs a few more days."
2688,2,8,94,104,1.1153846153846154,0.036937699369947806,558,"Honey, let's make up and bring Junior back in his crib!"
2688,4,4,96,104,1.1153846153846154,0.04168700792233548,558,Honey I promise...never again will I say I'm better off being the kid.
2688,1,10,93,104,1.1153846153846154,0.034317446544848494,558,"I'd like my bottle, please."
2688,2,8,94,104,1.1153846153846154,0.036937699369947806,558,"I thought I wanted to recreate this childhood picture, but now that I'm here I actually just want some milk."
2688,1,10,93,104,1.1153846153846154,0.034317446544848494,558,I need help. My wall light battery is low.
2688,3,6,95,104,1.1153846153846154,0.03938400858382437,558,"Just tell me when you guys are done! So, I can come back upstairs!"
2688,1,10,93,104,1.1153846153846154,0.034317446544848494,558,This is Major Tom to Ground Control.....
2688,3,6,95,104,1.1153846153846154,0.03938400858382437,558,The right side of my brain knows Trump is our new president but the left side is over and out.
2688,4,4,96,104,1.1153846153846154,0.04168700792233548,558,"As demographics change, Fisher-Price test markets a line extension."
2688,3,6,95,104,1.1153846153846154,0.03938400858382437,558,APB - Baby escaped. Armed with rattle and on the prowl
2688,0,12,92,104,1.1153846153846154,0.03147984498012061,558,"Joshie, can you crawl in here and bring mommy's Sudoku book?"
2688,1,10,93,104,1.1153846153846154,0.034317446544848494,558,And that's when you know that there is a little kid in everyone.
2688,0,12,92,104,1.1153846153846154,0.03147984498012061,558,Who’s my daddy?
2688,3,6,95,104,1.1153846153846154,0.03938400858382437,558,It's probably the growth mindset lullabies.
2688,3,6,95,104,1.1153846153846154,0.03938400858382437,558,"Mommie, my Depend is too tight."
2688,0,12,92,104,1.1153846153846154,0.03147984498012061,558,"So, how old do I have to be before I can have a real smart phone?"
2688,1,10,93,104,1.1153846153846154,0.034317446544848494,558,Can I get up yet?
2688,2,8,94,104,1.1153846153846154,0.036937699369947806,558,You're turning into your mother.
2688,2,8,94,104,1.1153846153846154,0.036937699369947806,558,This is not funny
2688,2,8,94,104,1.1153846153846154,0.036937699369947806,558,"Dang, when you lose your wifi, you lose your way."
2688,2,8,94,104,1.1153846153846154,0.036937699369947806,558,I just want to be heard.
2688,0,12,92,104,1.1153846153846154,0.03147984498012061,558,"Teen Mom to Teen Dad, over."
2688,3,6,95,104,1.1153846153846154,0.03938400858382437,558,The future President in his college dorm room.
2688,0,12,92,104,1.1153846153846154,0.03147984498012061,558,Please reboot the wi-fi network.
2688,2,8,94,104,1.1153846153846154,0.036937699369947806,558,My fewwow Amewicans...
2688,1,10,93,104,1.1153846153846154,0.034317446544848494,558,"I am fine darling, just wanted to get a glass of water"
2688,2,8,94,104,1.1153846153846154,0.036937699369947806,558,Check the bath water.
2688,3,6,95,104,1.1153846153846154,0.03938400858382437,558,"Alas poor Teddy, I knew him well."
2688,1,10,93,104,1.1153846153846154,0.034317446544848494,558,Does this come with a rollover plan?
2688,2,8,94,104,1.1153846153846154,0.036937699369947806,558,Marco. Polo. Wrong game dad!
2688,0,12,92,104,1.1153846153846154,0.03147984498012061,558,At least I gave up my pacifier
2688,2,8,94,104,1.1153846153846154,0.036937699369947806,558,This is not what I was thinking of when I suggested a technology reset.
2688,0,12,92,104,1.1153846153846154,0.03147984498012061,558,"Mom, do you copy? A little low on the H20 in here. Can you hook me up?"
2688,2,8,94,104,1.1153846153846154,0.036937699369947806,558,Daddy? Are you hurting Mommy?
2688,1,10,93,104,1.1153846153846154,0.034317446544848494,558,And you thought I was acting like a baby before ...
2688,3,6,95,104,1.1153846153846154,0.03938400858382437,558,"Agent 42 location clear, over."
2688,2,8,94,104,1.1153846153846154,0.036937699369947806,558,Are you sure this will unlock my regressive memories?
2688,2,8,94,104,1.1153846153846154,0.036937699369947806,558,"Honey, lots of guys still suck their thumb."
2688,3,6,95,104,1.1153846153846154,0.03938400858382437,558,I still have 2 more years before my next upgrade.
2688,1,10,93,104,1.1153846153846154,0.034317446544848494,558,I've been rebelling all these years because I couldn't eat Cheerios but now they're gluten-free.
2688,1,10,93,104,1.1153846153846154,0.034317446544848494,558,Only thirty three thousand nine hundred fourteen hours and thirty six minutes til the end of the Trump presidency.
2688,1,10,93,104,1.1153846153846154,0.034317446544848494,558,"Finally, I found a really safe space!"
2688,2,8,94,104,1.1153846153846154,0.036937699369947806,558,This'll be great for my writing.
2688,2,8,94,104,1.1153846153846154,0.036937699369947806,558,"Yes, I want to be shipped directly to Canada"
2688,2,8,94,104,1.1153846153846154,0.036937699369947806,558,"Mayday, Mayday, Mayday; Time out from parenthood."
2688,0,12,92,104,1.1153846153846154,0.03147984498012061,558,I've found it very educational to monitor my parents' bedroom.
2688,2,8,94,104,1.1153846153846154,0.036937699369947806,558,"Hmmm, so this is how I learned to swear!"
2688,0,12,92,104,1.1153846153846154,0.03147984498012061,558,"I don't care what the Dean says, I need help finding my binky."
2688,1,10,93,104,1.1153846153846154,0.034317446544848494,558,I had something else in mind whn I I was expecting something different when I asked if I could live at home after college.
2688,3,6,95,104,1.1153846153846154,0.03938400858382437,558,Is it time to get yet?
2688,1,10,93,104,1.1153846153846154,0.034317446544848494,558,Reminiscence.....there was a time when just a faint cry would bring my mom running to me!!
2688,1,10,93,104,1.1153846153846154,0.034317446544848494,558,Does this crib offer bottle service?
2688,2,8,94,104,1.1153846153846154,0.036937699369947806,558,"Mom, there's no truck available? The bed was supposed to be delivered 10 years ago."
2688,3,6,95,104,1.1153846153846154,0.03938400858382437,558,Don't you think 12 years is enough Ferberizing?
2688,4,4,96,104,1.1153846153846154,0.04168700792233548,558,But I asked for a baby monitor lizard for my birthday!
2688,1,10,93,104,1.1153846153846154,0.034317446544848494,558,Mom? Dad? Are you done binge-watching yet?
2688,1,10,93,104,1.1153846153846154,0.034317446544848494,558,My old room is not the same since Dad remarried.
2688,2,8,94,104,1.1153846153846154,0.036937699369947806,558,"Mom, I'm not a baby anymore..."
2688,1,10,93,104,1.1153846153846154,0.034317446544848494,558,"Quoth the Caterpillar, 'One button will make you grow taller, and the other button will make you grow shorter.'"
2688,4,4,96,104,1.1153846153846154,0.04168700792233548,558,Hello? My parents forgot me in Baby's R Us and I've been in the crib section ever since..
2688,2,8,94,104,1.1153846153846154,0.036937699369947806,558,It's really hard to send emojis by talking. Unamused Face. Sad Face. Pile of Poop.
2688,3,6,95,104,1.1153846153846154,0.03938400858382437,558,"I'm just trying to keep up with the regression, over."
2688,2,8,94,104,1.1153846153846154,0.036937699369947806,558,"No mom, I'm not fine at all! It's just not a real safe space without a blanket and a warm puppy."
2688,2,8,94,104,1.1153846153846154,0.036937699369947806,558,You have just been appointed head of the NSA. Please use this to communicate with our intelligence community.
2688,1,10,93,104,1.1153846153846154,0.034317446544848494,558,If I promise to stop crying can I come back to bed?
2688,1,10,93,104,1.1153846153846154,0.034317446544848494,558,What do you mean I can't go back to the 90s?-Over!
2688,2,8,94,104,1.1153846153846154,0.036937699369947806,558,"Dad, I know I'll always be Mom's baby, but..."
2688,3,6,95,104,1.1153846153846154,0.03938400858382437,558,I knew that third martini was a bad idea!
2688,3,6,95,104,1.1153846153846154,0.03938400858382437,558,Sitting in a crib like a baby??? Fake news!!!
2688,0,12,92,104,1.1153846153846154,0.03147984498012061,558,I really need a BEER and an AMBIEN right NOW.
2688,2,8,94,104,1.1153846153846154,0.036937699369947806,558,"You blew your money on my education, and I'M not responsible enough to have a cell phone?"
2688,1,10,93,104,1.1153846153846154,0.034317446544848494,558,Sing lullaby #17.
2688,3,6,95,104,1.1153846153846154,0.03938400858382437,558,"If it's not cashew milk coming from those breasts, I'm not interested."
2688,3,6,95,104,1.1153846153846154,0.03938400858382437,558,"Hey mom, maybe you're taking this protectionist stuff too far."
2688,3,6,95,104,1.1153846153846154,0.03938400858382437,558,Now how do I Instagram this?
2688,2,8,94,104,1.1153846153846154,0.036937699369947806,558,"You can come out from your safe space, Mr. Yiannopoulos has left the campus."
2688,3,6,95,104,1.1153846153846154,0.03938400858382437,558,"Mommy, maybe what I really need is MORE gluten."
2815,3,6,96,105,1.1142857142857143,0.039022595394647704,558,"I repeat, this is a cruel and unusual reaction to my enuresis!"
2815,2,8,95,105,1.1142857142857143,0.03660072086973421,558,"...oh and, maybe a set of pajamas - young mens size 10."
2815,1,10,94,105,1.1142857142857143,0.03400680204068025,558,Yes - I know it's unhelpful to have preconceptions about regression therapy.
2815,2,8,95,105,1.1142857142857143,0.03660072086973421,558,Oh! My Ph.D. thesis defense is in less than an hour!
2819,2,7,94,103,1.1067961165048543,0.03627585723648214,558,"Katherine, I'm sorry. I'll stop going to the bar with the guys."
2819,2,7,94,103,1.1067961165048543,0.03627585723648214,558,I need to upgrade everything in my life.
2819,1,9,93,103,1.1067961165048543,0.03354952174237468,558,"Okay, you win. I've been Ferberized."
2819,2,7,94,103,1.1067961165048543,0.03627585723648214,558,It's better to be an atheist than a bad Christian. Please allow a couple of minutes for Trump to tweet.
2819,0,11,92,103,1.1067961165048543,0.030581088928331335,558,What did we do wrong?
2819,2,7,94,103,1.1067961165048543,0.03627585723648214,558,"Mom, I hate TBT."
2819,1,9,93,103,1.1067961165048543,0.03354952174237468,558,"OK, it's been at least one hour, I promise not to make comments on how ridiculous the movie is."
2819,2,7,94,103,1.1067961165048543,0.03627585723648214,558,Even the Children's Defense Fund thinks I'm way too old for this.
2819,2,7,94,103,1.1067961165048543,0.03627585723648214,558,Mom! Could I have a drink of water and another story?
2819,1,9,93,103,1.1067961165048543,0.03354952174237468,558,Now I'M the baby!!!!!!!!!!!!!!!!
2819,1,9,93,103,1.1067961165048543,0.03354952174237468,558,This is Rip calling. Nap's over.
2819,4,3,96,103,1.1067961165048543,0.041190686282711504,558,I made a dookie.
2819,2,7,94,103,1.1067961165048543,0.03627585723648214,558,You like want me to get a job-gig or go to d'U? Didn't you want me to like get my own crib?
2819,2,7,94,103,1.1067961165048543,0.03627585723648214,558,"Mommmmm, my phone is dead."
2819,3,5,95,103,1.1067961165048543,0.038811148235284094,558,"Alas, too big for the cot, too small for the phone."
2819,4,3,96,103,1.1067961165048543,0.041190686282711504,558,I still won't let you give my room to the baby.
2819,2,7,94,103,1.1067961165048543,0.03627585723648214,558,I can't get in touch with my mother
2819,2,7,94,103,1.1067961165048543,0.03627585723648214,558,Base camp to baby. Come in baby.
2819,0,11,92,103,1.1067961165048543,0.030581088928331335,558,Still not enough of a safe space.
2819,0,11,92,103,1.1067961165048543,0.030581088928331335,558,"No, Dad, I don’t dig your crib."
2819,2,7,94,103,1.1067961165048543,0.03627585723648214,558,... and the batteries are about to die.
2819,1,9,93,103,1.1067961165048543,0.03354952174237468,558,Jimmy is deciding whether it's time for a big-boy bed.
2819,2,7,94,103,1.1067961165048543,0.03627585723648214,558,"Mum, I told you, this is not a cellphone."
2819,1,9,93,103,1.1067961165048543,0.03354952174237468,558,I wish Mom and Dad would turn off the laptop already
2819,2,7,94,103,1.1067961165048543,0.03627585723648214,558,New app to get you up and out.
2819,2,7,94,103,1.1067961165048543,0.03627585723648214,558,Can I get a cheeseburger and fries at the 10:00 feeding?
2819,2,7,94,103,1.1067961165048543,0.03627585723648214,558,Can I get a double-cheeseburger?
2819,2,7,94,103,1.1067961165048543,0.03627585723648214,558,Eighty percent of life is showing up - right?
2819,2,7,94,103,1.1067961165048543,0.03627585723648214,558,Breaker 1-9. Anyone in the vicinity of 26 Maple... big-helicopter-baby Trevor needs an extract.
2819,2,7,94,103,1.1067961165048543,0.03627585723648214,558,Right but did you get my text.
2819,1,9,93,103,1.1067961165048543,0.03354952174237468,558,"Needing an adult in the room, please."
2819,2,7,94,103,1.1067961165048543,0.03627585723648214,558,So that's what the Secure The Borders button does.
2819,3,5,95,103,1.1067961165048543,0.038811148235284094,558,"Mommy? Daddy? I know you're both dead, but I need a drink of water."
2819,3,5,95,103,1.1067961165048543,0.038811148235284094,558,Remember when you wished I was no longer in diapers?
2819,0,11,92,103,1.1067961165048543,0.030581088928331335,558,Just wanted to make sure the baby monitor worked from this specific location.
2819,1,9,93,103,1.1067961165048543,0.03354952174237468,558,Ma - I said I'm ready for my beer.
2819,2,7,94,103,1.1067961165048543,0.03627585723648214,558,This GMO Merlot will go perfect with it.
2819,1,9,93,103,1.1067961165048543,0.03354952174237468,558,"You can turn off the electric railing now, son. Son?"
2819,0,11,92,103,1.1067961165048543,0.030581088928331335,558,I'm part of a new government monitoring program.
2819,0,11,92,103,1.1067961165048543,0.030581088928331335,558,"Honey, do I have your attention, now?"
2819,2,7,94,103,1.1067961165048543,0.03627585723648214,558,"""His marks are rather low in ""takes initiative"" and ""problem solving""."
2819,1,9,93,103,1.1067961165048543,0.03354952174237468,558,Next time hire a real babysitter. My butt hurts.
2819,0,11,92,103,1.1067961165048543,0.030581088928331335,558,I know you are a robot! But you have to do something about this!
2819,2,7,94,103,1.1067961165048543,0.03627585723648214,558,It still doesn't feel like Clinton is president.
2819,3,5,95,103,1.1067961165048543,0.038811148235284094,558,"No, Justin, you can't get up. It's the middle of the night. I've told you before, you stay in bed until you're twenty-seven."
2819,0,11,92,103,1.1067961165048543,0.030581088928331335,558,"You know we could just use FaceTime, right?"
2819,2,7,94,103,1.1067961165048543,0.03627585723648214,558,"Mom, come home! I wet my pants and I don't know what to do."
2819,1,9,93,103,1.1067961165048543,0.03354952174237468,558,I'm too young for my second childhood!
2819,2,7,94,103,1.1067961165048543,0.03627585723648214,558,Hey! I hear him sleeping. Can we trade back ?
2819,2,7,94,103,1.1067961165048543,0.03627585723648214,558,"Papa, can you hear me? Papa, are you listening?"
2819,2,7,94,103,1.1067961165048543,0.03627585723648214,558,"It's safe to come out now honey, the election is over."
2819,2,7,94,103,1.1067961165048543,0.03627585723648214,558,"It was just a bad dream, sweetie. Mommy promises that my precious Donald John Trump will never have to live with nasty facts."
2819,3,5,95,103,1.1067961165048543,0.038811148235284094,558,"Mom, Dad please stopping talking about him already and pay some attention to me. It's 2032 now and he's not still the President!"
2819,2,7,94,103,1.1067961165048543,0.03627585723648214,558,Waaaa...?
2819,1,9,93,103,1.1067961165048543,0.03354952174237468,558,I will need to go poopie before I vote today.
2819,2,7,94,103,1.1067961165048543,0.03627585723648214,558,Note to self: this needs to be outside the room.
2819,1,9,93,103,1.1067961165048543,0.03354952174237468,558,I wish I could go back to the time when I wasn't afraid to speak into a wireless device.
2819,3,5,95,103,1.1067961165048543,0.038811148235284094,558,Godfathers? A large pepperoni and a Mt. Dew.
2819,2,7,94,103,1.1067961165048543,0.03627585723648214,558,"Okay mom, I'm sorry! I won't call dinner ""old lady food""."
2819,2,7,94,103,1.1067961165048543,0.03627585723648214,558,"Ah, to be young again."
2819,2,7,94,103,1.1067961165048543,0.03627585723648214,558,I need upgrades.
2819,2,7,94,103,1.1067961165048543,0.03627585723648214,558,"Yo dad, I'm into downsizing."
2819,1,9,93,103,1.1067961165048543,0.03354952174237468,558,"Mom,dad the baby is on the loose.??"
2819,1,9,93,103,1.1067961165048543,0.03354952174237468,558,Still busy?
2819,3,5,95,103,1.1067961165048543,0.038811148235284094,558,"Mommy, wake up! It's time for my breast feeding!"
2819,1,9,93,103,1.1067961165048543,0.03354952174237468,558,Mom can I have a glass of water?
2819,1,9,93,103,1.1067961165048543,0.03354952174237468,558,"Okay, okay…I get it. If I act like a baby, you’ll treat me like one. Now when do I get my stewed peaches?"
2819,3,5,95,103,1.1067961165048543,0.038811148235284094,558,"Hillary, can I please come out? I just want to hang out with Bernie."
2819,1,9,93,103,1.1067961165048543,0.03354952174237468,558,You're ick!
2819,0,11,92,103,1.1067961165048543,0.030581088928331335,558,"Okay, okay, go to your mother's because these timeouts are just getting out of hand."
2819,3,5,95,103,1.1067961165048543,0.038811148235284094,558,"Can someone bring me my binky, please?"
2819,2,7,94,103,1.1067961165048543,0.03627585723648214,558,"Mama, my rattle is on the blink."
2819,1,9,93,103,1.1067961165048543,0.03354952174237468,558,Is it true that getting up and walking around is a thing?
2819,2,7,94,103,1.1067961165048543,0.03627585723648214,558,"Donald J. Trump, how do you expect to be President someday if you won't even agree in principle to big-boy underpants?"
2819,1,9,93,103,1.1067961165048543,0.03354952174237468,558,Wake me when they're grown!
2819,2,7,94,103,1.1067961165048543,0.03627585723648214,558,Millennial Puberty: Starting a social network while still in the crib.
2819,1,9,93,103,1.1067961165048543,0.03354952174237468,558,Is this really how it works?
2819,1,9,93,103,1.1067961165048543,0.03354952174237468,558,"Jim, can you get me a bottle?"
2819,2,7,94,103,1.1067961165048543,0.03627585723648214,558,"Fine, drop me off wherever you like at school."
2819,2,7,94,103,1.1067961165048543,0.03627585723648214,558,"I said ""OK Google"" five years ago and am still waiting for the beep."
2819,1,9,93,103,1.1067961165048543,0.03354952174237468,558,I'm your husband. And I need to nurse. Now stop treating me like a child.
2819,2,7,94,103,1.1067961165048543,0.03627585723648214,558,That's the sound of a baby brother
2819,2,7,94,103,1.1067961165048543,0.03627585723648214,558,"Yeah, still playing Call of Doody, and you?"
2819,1,9,93,103,1.1067961165048543,0.03354952174237468,558,Have you begun my college fund yet?
2819,2,7,94,103,1.1067961165048543,0.03627585723648214,558,Your mother is requesting an update on the state of your jim-jams.
2819,2,7,94,103,1.1067961165048543,0.03627585723648214,558,Come in Marge - It is clear to come back to bed-- I have turned off the news.
2819,2,7,94,103,1.1067961165048543,0.03627585723648214,558,"Hey, Mom and Dad, it's me Bad Teddy just hangin' in my crib."
2819,2,7,94,103,1.1067961165048543,0.03627585723648214,558,"? I won't grow up, I don't want to wear a tie. ? ? And a serious expression In the middle of July. ?"
2819,1,9,93,103,1.1067961165048543,0.03354952174237468,558,"""Never""?! Never doesn't work for me!"
2819,1,9,93,103,1.1067961165048543,0.03354952174237468,558,How can I look for a stupid job if I don't have my stupid breakfast?
2819,3,5,95,103,1.1067961165048543,0.038811148235284094,558,"Ready or not, here I come!"
2819,4,3,96,103,1.1067961165048543,0.041190686282711504,558,"""Mommy, I promise, promise, promise I won't grab your cooter again""."
2819,1,9,93,103,1.1067961165048543,0.03354952174237468,558,Do you remember when we were happy?
2819,0,11,92,103,1.1067961165048543,0.030581088928331335,558,"She gave me the slip. She's on the lam with dirty Binky and a loaded diaper."""
2819,2,7,94,103,1.1067961165048543,0.03627585723648214,558,Stop calling me a big baby!
2819,1,9,93,103,1.1067961165048543,0.03354952174237468,558,Looks like both of us are not sleeping tonight.
2819,3,5,95,103,1.1067961165048543,0.038811148235284094,558,"It was just a scary dream, sweetie. Mommy promises that her precious Donald John Trump will never have to live with nasty facts."
2819,2,7,94,103,1.1067961165048543,0.03627585723648214,558,I think you'd better go see who's in the shower.
2819,2,7,94,103,1.1067961165048543,0.03627585723648214,558,Liquor cabinet. I said the liquor cabinet!
2819,2,7,94,103,1.1067961165048543,0.03627585723648214,558,I'd like to order a glass of white wine. Just knock and I will unlock the door.
2819,2,7,94,103,1.1067961165048543,0.03627585723648214,558,"Mom, please let me out...I promise not to hack the baby again."
2819,0,11,92,103,1.1067961165048543,0.030581088928331335,558,"Gimme a break Mom, I'm 16!"
2819,2,7,94,103,1.1067961165048543,0.03627585723648214,558,Millenials getting ready for the day
2819,2,7,94,103,1.1067961165048543,0.03627585723648214,558,I really gotta use the bathroom! Hello? Is anybody there? Mom? Dad?
2819,1,9,93,103,1.1067961165048543,0.03354952174237468,558,"Admittedly, I'm a big baby, but I can walk the walk as well as talk the talk."
2819,0,11,92,103,1.1067961165048543,0.030581088928331335,558,"Well mom, I'm grown up and I still don't understand why I can't."
2819,2,7,94,103,1.1067961165048543,0.03627585723648214,558,"Wake me up in 4 years, over and out."
2819,2,7,94,103,1.1067961165048543,0.03627585723648214,558,"Hello Mom, here's all I really need: Isn't it time you got me a smart phone?"
2819,2,7,94,103,1.1067961165048543,0.03627585723648214,558,"Honey, sleepies please. Scott Pruitt is not in your closet."
2819,2,7,94,103,1.1067961165048543,0.03627585723648214,558,"Oops, wrong button"
2819,2,7,94,103,1.1067961165048543,0.03627585723648214,558,"You could have just taken a picture, Mom."
2819,2,7,94,103,1.1067961165048543,0.03627585723648214,558,MOM! The meatloaf!
2819,2,7,94,103,1.1067961165048543,0.03627585723648214,558,"You forgot to read me my bedtime story, War and Peace."
2819,1,9,93,103,1.1067961165048543,0.03354952174237468,558,"Ollie, ollie, oxen, free!"
2819,3,5,95,103,1.1067961165048543,0.038811148235284094,558,This has to be the longest 'whose turn is it?' argument of all time
2819,2,7,94,103,1.1067961165048543,0.03627585723648214,558,"OK, Sam. You'll see after a few weeks of this Nursery School role reversal project, you'll appreciate how precious your infancy is."
2819,2,7,94,103,1.1067961165048543,0.03627585723648214,558,Seeking comfort after recent events Jason reverts back to childhood.
2819,2,7,94,103,1.1067961165048543,0.03627585723648214,558,I know you can hear us. We're having separation anxiety.
2819,2,7,94,103,1.1067961165048543,0.03627585723648214,558,"Mom, I think it's time we upgraded to a Smart Monitoring Device."
2819,3,5,95,103,1.1067961165048543,0.038811148235284094,558,"Houston, we have a problem"
2819,4,3,96,103,1.1067961165048543,0.041190686282711504,558,Hello? Hello? Is anyone there? Hollo? Hello? Is anyone there?
2819,2,7,94,103,1.1067961165048543,0.03627585723648214,558,"I can act just as childish as you, mom - I just soiled the crib out of spite!"
2819,1,9,93,103,1.1067961165048543,0.03354952174237468,558,One extra large pizza with sausage and pepperoni....I'm hungry.
2819,0,11,92,103,1.1067961165048543,0.030581088928331335,558,The service here really stinks.
2819,3,5,95,103,1.1067961165048543,0.038811148235284094,558,I wish they'd get around to changing the batteries in this thing
2819,1,9,93,103,1.1067961165048543,0.03354952174237468,558,"Mom, I had another nightmare about the company merger."
2819,2,7,94,103,1.1067961165048543,0.03627585723648214,558,Call 911 the baby's missing.
2819,1,9,93,103,1.1067961165048543,0.03354952174237468,558,"Just another week, please?"
2819,2,7,94,103,1.1067961165048543,0.03627585723648214,558,"Oh, for Pete's sake!"
2819,1,9,93,103,1.1067961165048543,0.03354952174237468,558,"I-Phone? No way Dude, my parents haven't even bought me a big boy bed!"
2819,2,7,94,103,1.1067961165048543,0.03627585723648214,558,Empty Nester?
2819,2,7,94,103,1.1067961165048543,0.03627585723648214,558,Now you're just being a jerk.
2819,2,7,94,103,1.1067961165048543,0.03627585723648214,558,Mom. It's Donald. I need a bath.
2819,2,7,94,103,1.1067961165048543,0.03627585723648214,558,I'm going to flip my pillow over... over.
2819,2,7,94,103,1.1067961165048543,0.03627585723648214,558,"Are you listening, Vladimir?"
2819,2,7,94,103,1.1067961165048543,0.03627585723648214,558,Do you think someone could update the prison facilities here at Guantanamo?
2819,1,9,93,103,1.1067961165048543,0.03354952174237468,558,"I think the dry run worked, let's go to the next step, OK?"
2819,2,7,94,103,1.1067961165048543,0.03627585723648214,558,"Ok, I'm sitting. Now, where are my toys?"
2819,2,7,94,103,1.1067961165048543,0.03627585723648214,558,"It's just that I'm a millennial, that's all."
2819,1,9,93,103,1.1067961165048543,0.03354952174237468,558,Warning! You have been over-parentalized.!!
2819,2,7,94,103,1.1067961165048543,0.03627585723648214,558,"Mom, just tell the officer he can arrest me when I'm done with my nap."
2819,0,11,92,103,1.1067961165048543,0.030581088928331335,558,"Can I get the banana mush and, uh... Is the formula vegan?"
2819,1,9,93,103,1.1067961165048543,0.03354952174237468,558,See any sign of Peter Pan yet?
2819,2,7,94,103,1.1067961165048543,0.03627585723648214,558,IKEA you.
2819,1,9,93,103,1.1067961165048543,0.03354952174237468,558,"Okay guys, my shrink says I can't I infantalize you any more."
2819,1,9,93,103,1.1067961165048543,0.03354952174237468,558,Don't tell me it's apple.
2819,1,9,93,103,1.1067961165048543,0.03354952174237468,558,Let's see if nostalgia helps me sleep.
2819,0,11,92,103,1.1067961165048543,0.030581088928331335,558,"Happy 26th birthday, Homeboy. Be careful walking down the stairs."
2819,0,11,92,103,1.1067961165048543,0.030581088928331335,558,I wonder if they'll notice.
2819,0,11,92,103,1.1067961165048543,0.030581088928331335,558,Time flies. Roger that.
2819,1,9,93,103,1.1067961165048543,0.03354952174237468,558,"Uh, I think my carter's are worn out!"
2819,1,9,93,103,1.1067961165048543,0.03354952174237468,558,"You wanted your own crib, yo?"
2819,1,9,93,103,1.1067961165048543,0.03354952174237468,558,Let me back into your room Bobbie. Why do I always have to be the fake news reporter when we play 'Press Conference'?
2819,2,7,94,103,1.1067961165048543,0.03627585723648214,558,It's time to inject me with that terrible growth drug again.
2819,1,9,93,103,1.1067961165048543,0.03354952174237468,558,"I'm trying to bring out my inner child, I need my diaper changed!"
2819,1,9,93,103,1.1067961165048543,0.03354952174237468,558,I wanna hear the story about The Internet of Things again!
2819,1,9,93,103,1.1067961165048543,0.03354952174237468,558,Mom to Baby One. Over.
2819,2,7,94,103,1.1067961165048543,0.03627585723648214,558,I thought co-sleeping meant I stayed in the bed.
2819,2,7,94,103,1.1067961165048543,0.03627585723648214,558,Mom! Mom! We really need to talk about a bigger bed.
2819,4,3,96,103,1.1067961165048543,0.041190686282711504,558,"Mom, did you look at the label on the bottle of child's aspirin before you gave me one?"
2819,4,3,96,103,1.1067961165048543,0.041190686282711504,558,"Goo,Goo to be or not to be! Goo,Goo!"
2819,1,9,93,103,1.1067961165048543,0.03354952174237468,558,"You clearly don't understand how to make it to the top in this country, Mom."
2819,1,9,93,103,1.1067961165048543,0.03354952174237468,558,"Yes, I'd like to order a large pepperoni with green peppers...., for delivery!"
2819,2,7,94,103,1.1067961165048543,0.03627585723648214,558,I think its time to change the batteries....
2819,0,11,92,103,1.1067961165048543,0.030581088928331335,558,I am ready for my bath...
2819,1,9,93,103,1.1067961165048543,0.03354952174237468,558,I wish Throwback Thursday would end after dinner.
2819,2,7,94,103,1.1067961165048543,0.03627585723648214,558,"Mom, do you have my brother?"
2819,2,7,94,103,1.1067961165048543,0.03627585723648214,558,The lying press wants me to stop tweeting...get me a damn rattle!
2819,2,7,94,103,1.1067961165048543,0.03627585723648214,558,"Honey, I am sick."
2819,3,5,95,103,1.1067961165048543,0.038811148235284094,558,"Mom, Dad, Why isn't Prime Minister Trudeau in charge of the country?"
2819,2,7,94,103,1.1067961165048543,0.03627585723648214,558,"Room service....Mom, Dad...I'd like a pastrami on rye..."
2819,2,7,94,103,1.1067961165048543,0.03627585723648214,558,"Mom, I'm hungry."
2819,3,5,95,103,1.1067961165048543,0.038811148235284094,558,"The retro trend has officially crossed the line, 10-4 good buddy"
2819,2,7,94,103,1.1067961165048543,0.03627585723648214,558,'No internet. What do I do now?'
2819,2,7,94,103,1.1067961165048543,0.03627585723648214,558,Let me know when it gets better.
2819,1,9,93,103,1.1067961165048543,0.03354952174237468,558,"I'm a millennial, I'm entitled, and doggone it I really like me."
2819,1,9,93,103,1.1067961165048543,0.03354952174237468,558,"I know you can't sleep Marci, you might just need a bigger bed"
2819,2,7,94,103,1.1067961165048543,0.03627585723648214,558,Head National Security? Guaranteed confirmation?? Me??? Gee whiz!!
2819,3,5,95,103,1.1067961165048543,0.038811148235284094,558,"Mom and Dad, I am now ready to face the real world."
2819,1,9,93,103,1.1067961165048543,0.03354952174237468,558,Bring me my tinfoil hat.
2819,3,5,95,103,1.1067961165048543,0.038811148235284094,558,"Ok, this is not funny anymore."
2819,1,9,93,103,1.1067961165048543,0.03354952174237468,558,Is this always going to happen when we fight about cosleeping?
2819,4,3,96,103,1.1067961165048543,0.041190686282711504,558,Calling all spoiled liberals. It's time to grow up and go into the real world.
2819,1,9,93,103,1.1067961165048543,0.03354952174237468,558,The Curious Case of a Mother Who's Had It.
2819,2,7,94,103,1.1067961165048543,0.03627585723648214,558,I'm going over and out.
2819,1,9,93,103,1.1067961165048543,0.03354952174237468,558,"Among other things, I've outgrown my cell-phone plan!"
2819,1,9,93,103,1.1067961165048543,0.03354952174237468,558,"Mom?....Yes, it has been a while...Say, can you help me out."
3006,1,8,92,101,1.099009900990099,0.033016499010956574,558,"Actually, it's a little roomier than my crib."
3006,2,6,93,101,1.099009900990099,0.03589023556513239,558,"houston, are my pizza pockets ready?"
3006,3,4,94,101,1.099009900990099,0.03855034125531047,558,Is his Presidency Over yet? Hilary is that you ?
3006,2,6,93,101,1.099009900990099,0.03589023556513239,558,"Malinkiy Tovarishch, remember that with dadya Putin's advice, you can stay fifteen forever and still be president!"
3006,0,10,91,101,1.099009900990099,0.0298675309485116,558,"Life as a Millenial: ""Yes mom, I picked up my shirt from the dry cleaner, no the interview is Tuesday."""
3006,0,10,91,101,1.099009900990099,0.0298675309485116,558,What's it gonna take to repeal O-Twitter-Care: The Walkie Talkie and the crib deal or the Dixie cups and a string?
3006,1,8,92,101,1.099009900990099,0.033016499010956574,558,This is what I call millenial bliss!
3006,2,6,93,101,1.099009900990099,0.03589023556513239,558,Donald Trump communicating with his parents as an adolescent.
3006,0,10,91,101,1.099009900990099,0.0298675309485116,558,OK...OK...WAAAH!
3006,3,4,94,101,1.099009900990099,0.03855034125531047,558,911? Have you heard of changelings?
3006,2,6,93,101,1.099009900990099,0.03589023556513239,558,"Repeat: Childhood dreams, please return. Over."
3006,0,10,91,101,1.099009900990099,0.0298675309485116,558,It's bathtime.
3006,2,6,93,101,1.099009900990099,0.03589023556513239,558,"Alexa, you know my sizes and tastes: order me adult clothes and furniture."
3006,1,8,92,101,1.099009900990099,0.033016499010956574,558,My folks save a fortune on babysitters.
3006,0,10,91,101,1.099009900990099,0.0298675309485116,558,"Gulliver's descendant confused as to how he awoke in Lilliputian Nursery.,"
3006,3,4,94,101,1.099009900990099,0.03855034125531047,558,You were right. Time waits for no baby.
3006,0,10,91,101,1.099009900990099,0.0298675309485116,558,I'm fact-checking our autobiography assignment.
3006,1,8,92,101,1.099009900990099,0.033016499010956574,558,I think I crapped my pants.
3006,1,8,92,101,1.099009900990099,0.033016499010956574,558,Tinkerbell's not here right now.
3006,0,10,91,101,1.099009900990099,0.0298675309485116,558,No doubt the results of a revised executive order.
3006,2,6,93,101,1.099009900990099,0.03589023556513239,558,"Mom, I'll write when I get work."
3006,4,2,95,101,1.099009900990099,0.04103837975457962,558,"Glutenglutengluten. There, now I've submitted an excruciatingly unfunny gluten caption, too. Did I mention Gluteny McGlutenface?"
3006,0,10,91,101,1.099009900990099,0.0298675309485116,558,She's loose.
3006,1,8,92,101,1.099009900990099,0.033016499010956574,558,"No, I have no idea where you put Baby Brother. Have you tried the laundry?"
3006,2,6,93,101,1.099009900990099,0.03589023556513239,558,I have plenty of time to address my issues because as a Millennial I know that the new 21 is no 28.
3006,2,6,93,101,1.099009900990099,0.03589023556513239,558,Tell me again how it used to be.
3006,3,4,94,101,1.099009900990099,0.03855034125531047,558,"I agree, Mr. Cronkite ... they should call us ""The Umbrellas"" instead!"
3006,2,6,93,101,1.099009900990099,0.03589023556513239,558,Are you coming home? Hello . . . ?
3006,2,6,93,101,1.099009900990099,0.03589023556513239,558,"Baby, oh baby, this isn't what I expected."
3006,1,8,92,101,1.099009900990099,0.033016499010956574,558,Is this a baby monitor or a cell phone?
3006,2,6,93,101,1.099009900990099,0.03589023556513239,558,You might as well come out. We're all in a playpen now.
3006,1,8,92,101,1.099009900990099,0.033016499010956574,558,I might need help in the future...
3006,2,6,93,101,1.099009900990099,0.03589023556513239,558,"But Mom, you promised me he'd last 'two years tops.'"
3006,2,6,93,101,1.099009900990099,0.03589023556513239,558,In this economy?
3006,3,4,94,101,1.099009900990099,0.03855034125531047,558,"Hush little iPhone don't ring , mommy's gonna sing you a lullaby..."
3006,1,8,92,101,1.099009900990099,0.033016499010956574,558,MTV Cribs oughta see mine!
3006,1,8,92,101,1.099009900990099,0.033016499010956574,558,Where is the President?
3006,0,10,91,101,1.099009900990099,0.0298675309485116,558,Have I really becoming a captive of my cell phone?
3006,2,6,93,101,1.099009900990099,0.03589023556513239,558,SLOW? Baby will out grow his pen & PJs before the signal downloads!
3006,3,4,94,101,1.099009900990099,0.03855034125531047,558,Switched at Birth again
3006,1,8,92,101,1.099009900990099,0.033016499010956574,558,"Maybe tomorrow night, dear?"
3006,1,8,92,101,1.099009900990099,0.033016499010956574,558,You're telling me you seriously couldn't find the loft version?
3006,1,8,92,101,1.099009900990099,0.033016499010956574,558,Can I have an extension on my time-out?
3006,1,8,92,101,1.099009900990099,0.033016499010956574,558,"Mom, can I have a sleepover?"
3006,0,10,91,101,1.099009900990099,0.0298675309485116,558,AM I IN PUNISHMENT OR AM I REGRESSING ?
3006,2,6,93,101,1.099009900990099,0.03589023556513239,558,I've decided to stay a baby.
3006,3,4,94,101,1.099009900990099,0.03855034125531047,558,"Yes, I'm like in my safe space but I don't like have a warm puppy or a coloring book. Bummer!"
3006,1,8,92,101,1.099009900990099,0.033016499010956574,558,"Come on guys, I promise not to tweet anymore."
3006,1,8,92,101,1.099009900990099,0.033016499010956574,558,"I better report myself for being kid,napped"
3006,3,4,94,101,1.099009900990099,0.03855034125531047,558,"Yep, we're just countin' down the days here 'til January 20..."
3006,3,4,94,101,1.099009900990099,0.03855034125531047,558,i promise i'll be good
3006,2,6,93,101,1.099009900990099,0.03589023556513239,558,''My wife always said I was a big baby''
3006,1,8,92,101,1.099009900990099,0.033016499010956574,558,Kyle has egregiously overslept.
3006,0,10,91,101,1.099009900990099,0.0298675309485116,558,Hello? Mom? Dad?
3006,1,8,92,101,1.099009900990099,0.033016499010956574,558,"Code Red, the baby is out of the house"
3006,0,10,91,101,1.099009900990099,0.0298675309485116,558,Whatever happened to baby Jane?
3006,3,4,94,101,1.099009900990099,0.03855034125531047,558,"""Dirty Mama"" in a sippy cup please."
3006,1,8,92,101,1.099009900990099,0.033016499010956574,558,Have the conservative speakers left yet?
3006,2,6,93,101,1.099009900990099,0.03589023556513239,558,George Washington slept here?
3006,3,4,94,101,1.099009900990099,0.03855034125531047,558,lol millenials am i right
3006,3,4,94,101,1.099009900990099,0.03855034125531047,558,In bed... half top... low rise capris.
3006,2,6,93,101,1.099009900990099,0.03589023556513239,558,"Mom, could you come in here please? I was having one of my lack of anxiety dreams."
3006,0,10,91,101,1.099009900990099,0.0298675309485116,558,Children just grow up too fast!
3006,1,8,92,101,1.099009900990099,0.033016499010956574,558,When is this fucking acid going to wear off?
3006,1,8,92,101,1.099009900990099,0.033016499010956574,558,"I said, ""I've finished cribbing for the SAT."""
3006,1,8,92,101,1.099009900990099,0.033016499010956574,558,"Progressive, HA! From the basement, to the march, to the crib."
3006,1,8,92,101,1.099009900990099,0.033016499010956574,558,"If the kid gets my art studio, I get his crib. That's detenté, comrade."
3006,1,8,92,101,1.099009900990099,0.033016499010956574,558,Nanny deficit in the era of Trump.
3006,2,6,93,101,1.099009900990099,0.03589023556513239,558,It's true. You never forget your first.
3006,1,8,92,101,1.099009900990099,0.033016499010956574,558,Is the monster real or fake?
3006,2,6,93,101,1.099009900990099,0.03589023556513239,558,And now they're arguing about towels.
3006,3,4,94,101,1.099009900990099,0.03855034125531047,558,The helicopter has crashed. Over.
3006,2,6,93,101,1.099009900990099,0.03589023556513239,558,"Yes, I know my last name is Trump."
3006,2,6,93,101,1.099009900990099,0.03589023556513239,558,Do you know where your parents are?
3006,1,8,92,101,1.099009900990099,0.033016499010956574,558,"""Crib death"" is when, entrapped, your battery dies."
3006,3,4,94,101,1.099009900990099,0.03855034125531047,558,"Mommy, I want to be a millennial when I grow up."
3006,1,8,92,101,1.099009900990099,0.033016499010956574,558,I was strong. I was invincible. I was woman. Over.
3006,2,6,93,101,1.099009900990099,0.03589023556513239,558,"Mom, can you bring me my phone?"
3006,3,4,94,101,1.099009900990099,0.03855034125531047,558,"Beam me out, Baby!"
3006,2,6,93,101,1.099009900990099,0.03589023556513239,558,Have you seen my pacifier ?
3006,0,10,91,101,1.099009900990099,0.0298675309485116,558,"Hey Mom, I think my 15-year nap is over."
3006,0,10,91,101,1.099009900990099,0.0298675309485116,558,"It was only a hiccup, Mom."
3006,1,8,92,101,1.099009900990099,0.033016499010956574,558,"Mommy, Mommy, my diapers are getting rather tight"
3006,3,4,94,101,1.099009900990099,0.03855034125531047,558,"Sorry son. I guess hiding my time travel invention in plain sight, disguised as a baby monitor, wasn't one of my better ideas. So when exactly do you think it is where you are?"
3006,1,8,92,101,1.099009900990099,0.033016499010956574,558,Where the hell is my beer can mobile?
3006,1,8,92,101,1.099009900990099,0.033016499010956574,558,Really? This extreme grounding is too extreme!
3006,1,8,92,101,1.099009900990099,0.033016499010956574,558,"Hi mom, I need my diaper changed right away!"
3006,2,6,93,101,1.099009900990099,0.03589023556513239,558,"But mom, how am I supposed to ""act my age"" while I'm stuck inside this thing?"
3006,3,4,94,101,1.099009900990099,0.03855034125531047,558,"Breaker, breaker, mom and dad. This redshirting thing for school has gone a little too far..."
3006,2,6,93,101,1.099009900990099,0.03589023556513239,558,Just a heads up in case you hear any moaning in the next 10 minutes.
3006,1,8,92,101,1.099009900990099,0.033016499010956574,558,Could I get some milk in here?
3006,0,10,91,101,1.099009900990099,0.0298675309485116,558,Mommy tell me one more time that a big scary Paul Ryan isn't going to appeal ACA
3006,2,6,93,101,1.099009900990099,0.03589023556513239,558,How did I get myself into this?
3006,2,6,93,101,1.099009900990099,0.03589023556513239,558,"OK, I promise not to give you anymore fake news!"
3006,2,6,93,101,1.099009900990099,0.03589023556513239,558,They put me in here after I took to the bottle.
3006,2,6,93,101,1.099009900990099,0.03589023556513239,558,"Mom, can we end this charade?"
3006,2,6,93,101,1.099009900990099,0.03589023556513239,558,Waaaaaaaaaaah.
3006,1,8,92,101,1.099009900990099,0.033016499010956574,558,Being in the foster care system was always a crap shoot.
3006,1,8,92,101,1.099009900990099,0.033016499010956574,558,"Please hurry, I've exceeded my explanations."
3006,2,6,93,101,1.099009900990099,0.03589023556513239,558,"Beam me up, Scotty. It's not the kind of play pen Kirk was expecting."
3006,1,8,92,101,1.099009900990099,0.033016499010956574,558,Mom and Dad said they were adjusting my night-time furniture to match my night-time habits.
3006,1,8,92,101,1.099009900990099,0.033016499010956574,558,She was recovering from her first semester in college over the break.
3006,1,8,92,101,1.099009900990099,0.033016499010956574,558,Just settle down and we might gut let you go to middle school.
3006,4,2,95,101,1.099009900990099,0.04103837975457962,558,"milo, this is god. you are such a fucking tool, lol."
3006,3,4,94,101,1.099009900990099,0.03855034125531047,558,"Can I come out now, mom? I promise I'll try harder for the participation award next season."
3006,1,8,92,101,1.099009900990099,0.033016499010956574,558,I told you Van Winkles don't bluff!
3006,0,10,91,101,1.099009900990099,0.0298675309485116,558,Where is my latte?
3006,1,8,92,101,1.099009900990099,0.033016499010956574,558,Prison overcrowding
3006,3,4,94,101,1.099009900990099,0.03855034125531047,558,Da Da.
3006,1,8,92,101,1.099009900990099,0.033016499010956574,558,"Echo, order me a 3-5 page paper on the Catcher in the Rye."
3116,2,6,94,102,1.0980392156862746,0.03554988325563324,558,Where do babies come from?
3117,1,7,91,99,1.0909090909090908,0.03239530204999084,558,I waited this long for a smart night-light?
3117,0,9,90,99,1.0909090909090908,0.029039843863633643,558,They never said I would have to sacrifice EVERYTHING.
3117,1,7,91,99,1.0909090909090908,0.03239530204999084,558,My wife and I are undergoing detachment coupling
3117,1,7,91,99,1.0909090909090908,0.03239530204999084,558,"Mom, I just had a nightmare!"
3117,0,9,90,99,1.0909090909090908,0.029039843863633643,558,"C'mon, I'm big enough for a larger crib."
3117,1,7,91,99,1.0909090909090908,0.03239530204999084,558,"and here we see Billy trying to protect his ""safe space"" from President Trump"
3117,1,7,91,99,1.0909090909090908,0.03239530204999084,558,O.K. I've think it is safe to say I've been ferberized.
3117,0,9,90,99,1.0909090909090908,0.029039843863633643,558,"Baby, we need to talk."
3117,2,5,92,99,1.0909090909090908,0.03543442758386343,558,"Betty Ann, what is in your breast milk?"
3117,1,7,91,99,1.0909090909090908,0.03239530204999084,558,I'm too old for a time out.
3117,1,7,91,99,1.0909090909090908,0.03239530204999084,558,"Of course you won't find girls there … when I said 'babe hotspot,' I didn't mean a playpen."
3117,1,7,91,99,1.0909090909090908,0.03239530204999084,558,Roger nothing! Hurry up! I think they're close to realizing we made the switch.
3117,1,7,91,99,1.0909090909090908,0.03239530204999084,558,"Mom, I think I need new clothes."
3117,0,9,90,99,1.0909090909090908,0.029039843863633643,558,"Siri, install software update."
3117,1,7,91,99,1.0909090909090908,0.03239530204999084,558,Don't you ever grow up Timmy.
3117,2,5,92,99,1.0909090909090908,0.03543442758386343,558,Yeeeesh! I bet the Gen X'ers got their own beds.
3117,1,7,91,99,1.0909090909090908,0.03239530204999084,558,I know I'm being punished but this device is for babies.
3117,2,5,92,99,1.0909090909090908,0.03543442758386343,558,What would the hazing be like for the fraternity if Hillary won?
3117,0,9,90,99,1.0909090909090908,0.029039843863633643,558,"Mom, do you think maybe I'm big enough to leave the playpen?"
3117,0,9,90,99,1.0909090909090908,0.029039843863633643,558,"Gulliver's childhood,contemporary version."
3117,0,9,90,99,1.0909090909090908,0.029039843863633643,558,But you said I could get of the crib when I turned 30!
3117,0,9,90,99,1.0909090909090908,0.029039843863633643,558,MTV Cribs The Final Chapter
3117,1,7,91,99,1.0909090909090908,0.03239530204999084,558,Growth spurt alert! My playpen is now light on play and heavy on pen!
3117,2,5,92,99,1.0909090909090908,0.03543442758386343,558,New tweet: #FailingNYT and #FakeNews says I'm acting like a big baby. They are the big babies. Sad.
3117,2,5,92,99,1.0909090909090908,0.03543442758386343,558,Honey did you shrink the kids again?
3117,0,9,90,99,1.0909090909090908,0.029039843863633643,558,I'm experiencing a sense of futility over reality in here.
3117,2,5,92,99,1.0909090909090908,0.03543442758386343,558,Hello baby face this is Big Brother planning on the big breakout tonight!
3117,1,7,91,99,1.0909090909090908,0.03239530204999084,558,"Pssst, dad. Take off your socks!"
3117,2,5,92,99,1.0909090909090908,0.03543442758386343,558,Downsizing's been great. Just built my new IKEA Plarggorarg man cave. And I'm wearing a half shirt. Nuff said.
3117,3,3,93,99,1.0909090909090908,0.03823273102306428,558,"For the last time, do I get a real bed or do I call 911?"
3117,2,5,92,99,1.0909090909090908,0.03543442758386343,558,"Done with your ""Mommy/Daughter evening"" yet?"
3117,1,7,91,99,1.0909090909090908,0.03239530204999084,558,Girlfriend's baby daddy cam.
3117,1,7,91,99,1.0909090909090908,0.03239530204999084,558,"I’ll work with you on the wooby and the baba, but the poopie diapers are non-negotiable."
3117,0,9,90,99,1.0909090909090908,0.029039843863633643,558,"Mom, bring me some milk. I have a final tomorrow!"
3117,1,7,91,99,1.0909090909090908,0.03239530204999084,558,"Sweetheart, can you hear me now?"
3117,2,5,92,99,1.0909090909090908,0.03543442758386343,558,I need to trade in this old phone for a smartphone so that I have the freedom to stay where I am.
3117,0,9,90,99,1.0909090909090908,0.029039843863633643,558,Is this my punishment for cribbing at school?
3117,1,7,91,99,1.0909090909090908,0.03239530204999084,558,I wonder why they named me Peter Pan Goldfarb?
3117,2,5,92,99,1.0909090909090908,0.03543442758386343,558,"Please Mr. President, I assure you I am not from the media."
3117,1,7,91,99,1.0909090909090908,0.03239530204999084,558,"Mom, Dad... I think I have your walkie talkie and you have mine."
3117,1,7,91,99,1.0909090909090908,0.03239530204999084,558,"Breaker, breaker Mom? Come in mom? When can I get out of the pen? Over."
3117,0,9,90,99,1.0909090909090908,0.029039843863633643,558,"And next year, I will be old enough to vote."
3117,0,9,90,99,1.0909090909090908,0.029039843863633643,558,"As hard as she tried, she couldn't replicate those wonder years."
3117,0,9,90,99,1.0909090909090908,0.029039843863633643,558,Lucas always feels more secure in his safe space.
3117,0,9,90,99,1.0909090909090908,0.029039843863633643,558,Queequeg forgot the instructions.
3117,1,7,91,99,1.0909090909090908,0.03239530204999084,558,"But, I don't want to stay in New York City, Daddy!"
3117,0,9,90,99,1.0909090909090908,0.029039843863633643,558,Baby to property manager. Request a hands-free intercom. Over.
3117,1,7,91,99,1.0909090909090908,0.03239530204999084,558,Another pervert call...nothing but heavy breathing!
3117,1,7,91,99,1.0909090909090908,0.03239530204999084,558,"All grown-ups were once children, and then they discover a microphone."
3117,1,7,91,99,1.0909090909090908,0.03239530204999084,558,"Keep sleeping, it's still not safe to come out."
3117,2,5,92,99,1.0909090909090908,0.03543442758386343,558,Mom at what age will I be able to leave thus crib?
3117,1,7,91,99,1.0909090909090908,0.03239530204999084,558,"There are scattered outages Sir, but. I assure you that full service will be restored shortly."
3117,2,5,92,99,1.0909090909090908,0.03543442758386343,558,Diarrhea cha cha cha.
3117,0,9,90,99,1.0909090909090908,0.029039843863633643,558,I want a Play Station and a dozen Hot Pockets or I'm bustin' outta this pen.
3117,2,5,92,99,1.0909090909090908,0.03543442758386343,558,Remember you're last final is at 9 and don't forget to pick up your cap and gown before nap time
3117,2,5,92,99,1.0909090909090908,0.03543442758386343,558,Anybody there? I need my bum wiped..
3117,1,7,91,99,1.0909090909090908,0.03239530204999084,558,"OK John, You're right. Staring at the ceiling all night is not very entertaining. We'll get the racing car mobile."""
3117,0,9,90,99,1.0909090909090908,0.029039843863633643,558,Your complaining about your parents friending you on Facebook? Let me tell you about my parents' obsession with Throwback Thursdays...
3117,1,7,91,99,1.0909090909090908,0.03239530204999084,558,so much for nap time
3117,2,5,92,99,1.0909090909090908,0.03543442758386343,558,Did ya hear the one about the Rabbi and the two aliens?
3117,1,7,91,99,1.0909090909090908,0.03239530204999084,558,"Goo goo, ga ga."
3117,1,7,91,99,1.0909090909090908,0.03239530204999084,558,"MOM, time to play cribbage!"
3117,3,3,93,99,1.0909090909090908,0.03823273102306428,558,"Yes, Donald, Daddy will be there with new sheets right away."
3117,2,5,92,99,1.0909090909090908,0.03543442758386343,558,I promise not to tweet Trump again.
3117,0,9,90,99,1.0909090909090908,0.029039843863633643,558,"Hi, Vladimir. The U.S. election I can understand. But hacking my child's baby monitor? Really?"
3117,0,9,90,99,1.0909090909090908,0.029039843863633643,558,"Mom? It's been twenty years, don't you think I can sleep in a bed now?"
3117,0,9,90,99,1.0909090909090908,0.029039843863633643,558,Everything's fine. I'm just getting ready for when she's a teenager.
3117,0,9,90,99,1.0909090909090908,0.029039843863633643,558,"Be honest, Mom. Did you hide a nanny cam in the night light?"
3117,1,7,91,99,1.0909090909090908,0.03239530204999084,558,"Awwww, Mom! I've been here since 2000 already."
3117,1,7,91,99,1.0909090909090908,0.03239530204999084,558,"O.K., I agree that the baby more emotionally mature but this is getting ridiculous."
3117,2,5,92,99,1.0909090909090908,0.03543442758386343,558,"Hey mom, the battery in my Millennial baby monitor is dying, come and change it."
3117,1,7,91,99,1.0909090909090908,0.03239530204999084,558,"Mom, the sitter is mad at me and says she won't change my diaper."
3117,2,5,92,99,1.0909090909090908,0.03543442758386343,558,"Mom, Dad, isn't my Tim Out over yet?"
3117,1,7,91,99,1.0909090909090908,0.03239530204999084,558,But there's an orange menace outside.
3117,2,5,92,99,1.0909090909090908,0.03543442758386343,558,"Alright, I admit you're the best helicopter parents ever. Now can I come out of my room?"
3117,1,7,91,99,1.0909090909090908,0.03239530204999084,558,I sure hope this reverse psychology approach works.
3117,0,9,90,99,1.0909090909090908,0.029039843863633643,558,"No I'm not crazy. I said I needed time alone in the room, not womb."
3117,0,9,90,99,1.0909090909090908,0.029039843863633643,558,You'll see Fred. This will work. One day Donnie will be President
3117,2,5,92,99,1.0909090909090908,0.03543442758386343,558,"I'VE HEARD THERE'S A BIG BEAUTIFUL WORLD OUT THERE, BUT AT LEAST IN HERE, I'M SAFE."
3117,2,5,92,99,1.0909090909090908,0.03543442758386343,558,"""Hurry up, I'm ovulating""!"
3117,1,7,91,99,1.0909090909090908,0.03239530204999084,558,Mom...I am still waiting for you to come up and change me..... Mom!!
3117,1,7,91,99,1.0909090909090908,0.03239530204999084,558,Donald give me a shout got some ideas on Obama care before you start tweeting
3117,1,7,91,99,1.0909090909090908,0.03239530204999084,558,"Dad, I have an idea about building the wall."
3117,1,7,91,99,1.0909090909090908,0.03239530204999084,558,"And I'd like the eggs soft poached, please."
3117,2,5,92,99,1.0909090909090908,0.03543442758386343,558,"Goo Goo Goo, Ga Ga Ga, Is all I want to say to you."
3117,2,5,92,99,1.0909090909090908,0.03543442758386343,558,"Her note said she was tired of being called a 'cute little girl' and that she needed some 'alone time'."""
3117,1,7,91,99,1.0909090909090908,0.03239530204999084,558,"Yes, I'm terribly infantile. But at least I'm not an enfant terrible."
3117,2,5,92,99,1.0909090909090908,0.03543442758386343,558,"For God's sake, Mom, I'm 12 years old."
3117,3,3,93,99,1.0909090909090908,0.03823273102306428,558,"Bestest Boy to Mommy, Bestest Boy to Mommy--where is that damn beer?!"
3117,0,9,90,99,1.0909090909090908,0.029039843863633643,558,I hope you are saving this to the cloud.
3117,2,5,92,99,1.0909090909090908,0.03543442758386343,558,"Nobody ever puts a Baby Boomer in the corner, do they?"
3117,1,7,91,99,1.0909090909090908,0.03239530204999084,558,THE INSTRUCTIONS ON HOW TO LEAVE THE CRIB WERE NOT LISTED ON HIS SMART PHONE .
3117,1,7,91,99,1.0909090909090908,0.03239530204999084,558,I think the WiFi is still not working.
3117,0,9,90,99,1.0909090909090908,0.029039843863633643,558,"Mom, I don’t think this is what Bob Dylan had in mind."
3117,0,9,90,99,1.0909090909090908,0.029039843863633643,558,"Oh, my Gosh. A real cell phone!"
3117,2,5,92,99,1.0909090909090908,0.03543442758386343,558,The pen is mightier than the sordid.
3117,2,5,92,99,1.0909090909090908,0.03543442758386343,558,I put the baby back inside me. It's all good now.
3117,0,9,90,99,1.0909090909090908,0.029039843863633643,558,Good batteries should not excuse you for being away this long.
3117,1,7,91,99,1.0909090909090908,0.03239530204999084,558,I want two bottles and a steak.
3117,2,5,92,99,1.0909090909090908,0.03543442758386343,558,I didn't know how freaky this Friday would turn out.
3117,0,9,90,99,1.0909090909090908,0.029039843863633643,558,Will I see you at my Bar Mitzvah?
3117,2,5,92,99,1.0909090909090908,0.03543442758386343,558,Zdravstvuyte?
3117,0,9,90,99,1.0909090909090908,0.029039843863633643,558,I ate your baby.
3117,1,7,91,99,1.0909090909090908,0.03239530204999084,558,Little did Fran and Joe know that their son would one day invent the smartphone.
3117,1,7,91,99,1.0909090909090908,0.03239530204999084,558,Beam me up Scotty.I'm being held on a planet of KILLER toddlers
3117,1,7,91,99,1.0909090909090908,0.03239530204999084,558,"Mom, I know I am grounded but my night light caught on fire again."
3117,3,3,93,99,1.0909090909090908,0.03823273102306428,558,"Enough, 2016! Your nostalgia has gotten out of hand."
3117,2,5,92,99,1.0909090909090908,0.03543442758386343,558,"Night light, light bright, first light I see tonight..."
3117,1,7,91,99,1.0909090909090908,0.03239530204999084,558,It's a trap.
3117,0,9,90,99,1.0909090909090908,0.029039843863633643,558,He's having a hard time accepting that there is no Santa Claus. Let's wait awhile before we tell him about the Easter Bunny.
3117,2,5,92,99,1.0909090909090908,0.03543442758386343,558,Is there anybody in here?
3228,2,5,93,100,1.09,0.03509007169147893,558,I want my binky!
3228,1,7,92,100,1.09,0.03208259542638234,558,"I repeat, the plan is ready to go!"
3228,1,7,92,100,1.09,0.03208259542638234,558,So...this is what it feels like to be the president?!?
3228,0,9,91,100,1.09,0.028762349126466132,558,Which button is for Snapchat?
3228,0,9,91,100,1.09,0.028762349126466132,558,I'm not so sure about this anti-aging remedy.
3228,0,9,91,100,1.09,0.028762349126466132,558,Note to self. Movie idea for Robin Williams.
3228,0,9,91,100,1.09,0.028762349126466132,558,I said I want to be President one day.
3228,1,7,92,100,1.09,0.03208259542638234,558,"No I can't sent you a text, mom took my cell phone and all I have left is this stinking baby monitor!"
3228,1,7,92,100,1.09,0.03208259542638234,558,"I knew they made adult diapers, but this is a lot."
3228,1,7,92,100,1.09,0.03208259542638234,558,'I wonder when they are coming back to potty train me.'
3228,1,7,92,100,1.09,0.03208259542638234,558,"The helicopter just landed. I'll be there in a minute, baby"
3228,0,9,91,100,1.09,0.028762349126466132,558,If you treat me like a baby then I am a baby.
3228,0,9,91,100,1.09,0.028762349126466132,558,"(Oh, honey, I'm so worried. In two weeks our baby college junior can legally drink alcohol.)"
3228,1,7,92,100,1.09,0.03208259542638234,558,Never trust a two-year-old.
3228,1,7,92,100,1.09,0.03208259542638234,558,"Dad, may I take the car out tonight?"
3228,2,5,93,100,1.09,0.03509007169147893,558,"Baby Lill, whom after being fed just one IGSHBTtm (Incredible Growth Spurt Hormonal Boosters Tab) has miraculously transformed into an 18 year old, ready to go off to College. NOTE: She has a keen interest in electronics."
3228,2,5,93,100,1.09,0.03509007169147893,558,"This is your mother, Billy. Wait 3 more years then come down for breakfast."
3228,0,9,91,100,1.09,0.028762349126466132,558,I can't. Remember I told you I had coding and calculus after school. And...I gotta go potty.
3246,0,8,89,97,1.0824742268041236,0.028075832711972844,558,Not as soothing as a pacifier.
3246,3,2,92,97,1.0824742268041236,0.037849468680258916,558,"Barron here, you gonna bail me out or what?"
3246,2,4,91,97,1.0824742268041236,0.03489707218486238,558,"Day 5,478, still no sharks. I repeat, still no sharks."
3246,1,6,90,97,1.0824742268041236,0.03167063331815595,558,Hey! The playpen's okay but this think won't text!
3246,0,8,89,97,1.0824742268041236,0.028075832711972844,558,"SOS. Captain James Kirk, the XXXVth here. I'm in need of provisions."
3246,1,6,90,97,1.0824742268041236,0.03167063331815595,558,What's the chance you have something other than apple?
3246,2,4,91,97,1.0824742268041236,0.03489707218486238,558,Someone send me a cake with a file in it.
3246,2,4,91,97,1.0824742268041236,0.03489707218486238,558,"The Nanny was deported, now we have to take care of the kid our way."
3246,0,8,89,97,1.0824742268041236,0.028075832711972844,558,"Mom, can I get another Capri Sun?"
3246,0,8,89,97,1.0824742268041236,0.028075832711972844,558,""" Trump to mission control ....... I need a PBJ and my  Bannon plushie STAT !!!"
3246,0,8,89,97,1.0824742268041236,0.028075832711972844,558,Testing Testing. I need a bigger bed.
3246,1,6,90,97,1.0824742268041236,0.03167063331815595,558,Please read me a story.
3246,1,6,90,97,1.0824742268041236,0.03167063331815595,558,"Mr. President, can you please ask my mom if it's safe to leave my bedroom yet?"
3246,0,8,89,97,1.0824742268041236,0.028075832711972844,558,You promised me my iPhone long time ago.
3246,0,8,89,97,1.0824742268041236,0.028075832711972844,558,I need a large pepperoni pizza for delivery.
3246,0,8,89,97,1.0824742268041236,0.028075832711972844,558,"Honey, we will just be another decade or so...."
3246,1,6,90,97,1.0824742268041236,0.03167063331815595,558,Right. But what difference would another four years make?
3246,0,8,89,97,1.0824742268041236,0.028075832711972844,558,Mom! I'm old enough to have my own cellphone.
3246,0,8,89,97,1.0824742268041236,0.028075832711972844,558,"Honey, isn't it time to bring Tommy junior back to his crib?"
3246,0,8,89,97,1.0824742268041236,0.028075832711972844,558,But a cell phone would have unlimited messaging......
3246,0,8,89,97,1.0824742268041236,0.028075832711972844,558,I'll trade you a pajama pinfold for a pacifier and an iPhone.
3246,2,4,91,97,1.0824742268041236,0.03489707218486238,558,Mom? Dad? Hillary?
3246,2,4,91,97,1.0824742268041236,0.03489707218486238,558,"OK, I'll promise to be good now if you let me out of time out."
3246,2,4,91,97,1.0824742268041236,0.03489707218486238,558,I hope I don't get caught roaming with this thing.
3246,1,6,90,97,1.0824742268041236,0.03167063331815595,558,"Ok honey...I mean mommy, I'm ready for my breast feeding."" ""Wah, wah, wah!"
3246,1,6,90,97,1.0824742268041236,0.03167063331815595,558,1-Adam-12: Teen being held against his will. Code 84.
3246,1,6,90,97,1.0824742268041236,0.03167063331815595,558,I'm still working through my age of accountability crisis.
3246,0,8,89,97,1.0824742268041236,0.028075832711972844,558,"Hello, hello, my name is Rip Van Winkle and these little guys.."
3246,1,6,90,97,1.0824742268041236,0.03167063331815595,558,I'm not sure how much longer I can convince him that he's to young to get a dog !
3246,2,4,91,97,1.0824742268041236,0.03489707218486238,558,I had a nightmare about how Donald Trump is maligning us millenials.
3246,0,8,89,97,1.0824742268041236,0.028075832711972844,558,Can the New York Times come back in the living room now?
3246,1,6,90,97,1.0824742268041236,0.03167063331815595,558,Oh! You wanted your own DOMICILE!
3246,0,8,89,97,1.0824742268041236,0.028075832711972844,558,I miss being a baby
3246,1,6,90,97,1.0824742268041236,0.03167063331815595,558,You promised nothing was going to change after they privatized the cribs.
3246,1,6,90,97,1.0824742268041236,0.03167063331815595,558,"Yeah, really just need some me time tonight."
3246,1,6,90,97,1.0824742268041236,0.03167063331815595,558,But I didn't want to become a doctor.
3246,0,8,89,97,1.0824742268041236,0.028075832711972844,558,Hel me! #trappedintinypen
3246,1,6,90,97,1.0824742268041236,0.03167063331815595,558,Earth to mom! Earth to mom!
3246,1,6,90,97,1.0824742268041236,0.03167063331815595,558,I've given up lithium batteries for Lent
3246,1,6,90,97,1.0824742268041236,0.03167063331815595,558,I didn't get any gold stars today.
3246,0,8,89,97,1.0824742268041236,0.028075832711972844,558,"Just hurry up, get the bottle and come back."
3246,1,6,90,97,1.0824742268041236,0.03167063331815595,558,I don't know where he went but it is cozy in here
3246,2,4,91,97,1.0824742268041236,0.03489707218486238,558,"Next week you'll be President of the U.S. but watch out for your toys on that first month! Love, Your Friend the Phone"
3246,1,6,90,97,1.0824742268041236,0.03167063331815595,558,"Martha, the coin toss is final, the puppy gets the bed"
3246,1,6,90,97,1.0824742268041236,0.03167063331815595,558,Walls have ears. That baby monitor's gotta go.
3246,2,4,91,97,1.0824742268041236,0.03489707218486238,558,So this is what Guantanamo bay must be like..
3246,0,8,89,97,1.0824742268041236,0.028075832711972844,558,Alright. I stopped crying. May I please have my nuk back?
3246,0,8,89,97,1.0824742268041236,0.028075832711972844,558,"Red rover, red rover, send Timmy back over."
3246,0,8,89,97,1.0824742268041236,0.028075832711972844,558,"What do you mean, ""beam me up""? ...seriously, this baby monitor will change our life. Scott? Scotty?"
3246,0,8,89,97,1.0824742268041236,0.028075832711972844,558,Alas poor Monitor! I knew him Horacio: a ham of infinite jest.
3246,1,6,90,97,1.0824742268041236,0.03167063331815595,558,The Spandex one.
3246,0,8,89,97,1.0824742268041236,0.028075832711972844,558,"THE eagle has landed,no intelligent life noted,please send sandwich soon running low on energy .Houston copy."
3246,0,8,89,97,1.0824742268041236,0.028075832711972844,558,Mommy isn't too far from her breaking point. She'll be in time-out for the next week.
3246,1,6,90,97,1.0824742268041236,0.03167063331815595,558,I'm really too old to put me in here for my time out punishment!
3246,0,8,89,97,1.0824742268041236,0.028075832711972844,558,Is this thing on? (tap...tap...feedback...tap)
3246,1,6,90,97,1.0824742268041236,0.03167063331815595,558,Okay it's settled. I will give him ten million but after that he is on his own.
3246,2,4,91,97,1.0824742268041236,0.03489707218486238,558,Does this crib make my ass look fat?
3246,2,4,91,97,1.0824742268041236,0.03489707218486238,558,"Grow up! Why should I grow up? Mr. Rump is 71 years old and no one, absolutely no one, asks him to grow up! Someday I too will become President!"
3246,0,8,89,97,1.0824742268041236,0.028075832711972844,558,"Mommy, I don't think I'm gonna need your special feedings anymore."
3246,0,8,89,97,1.0824742268041236,0.028075832711972844,558,"Milo, I completely hear you ... what a witch hunt."
3246,1,6,90,97,1.0824742268041236,0.03167063331815595,558,"If I break out, I'm not certain they will ever trust me I know I said we could meet tonight, but something came up."
3246,0,8,89,97,1.0824742268041236,0.028075832711972844,558,Does a wall lock us in or out?
3246,0,8,89,97,1.0824742268041236,0.028075832711972844,558,"Mother! Quit calling it ""crib death."" I just want a regular bed!"
3246,0,8,89,97,1.0824742268041236,0.028075832711972844,558,"What do you mean, ""I'm a snowflake""?"
3246,1,6,90,97,1.0824742268041236,0.03167063331815595,558,"Mom, can we please just move to DC?"
3246,1,6,90,97,1.0824742268041236,0.03167063331815595,558,"OK, OK. I'll get dressed for kindergarten. Can I come out now?"
3246,1,6,90,97,1.0824742268041236,0.03167063331815595,558,"As to your older brother driving us, I'm picking up a vibe that my Mom is not totally on board with it."
3246,1,6,90,97,1.0824742268041236,0.03167063331815595,558,"Mom, if you're going to do this, could you at least bring me some milk?"
3246,0,8,89,97,1.0824742268041236,0.028075832711972844,558,"No, you cannot come back to bed with me. Not to you learn to keep your hands to yourself."
3246,0,8,89,97,1.0824742268041236,0.028075832711972844,558,"If you're going to continue to treat me like a baby, then I'm hungry! Waaaaaah!"
3246,1,6,90,97,1.0824742268041236,0.03167063331815595,558,"Pedantic it may be, but it's my CAGE phone to me."
3246,0,8,89,97,1.0824742268041236,0.028075832711972844,558,"I'm thinking, Cavs or Spurs."
3246,1,6,90,97,1.0824742268041236,0.03167063331815595,558,You're the fake mom and dad.
3246,0,8,89,97,1.0824742268041236,0.028075832711972844,558,Why does he think I'm immature? I don't suck my thumb.
3246,1,6,90,97,1.0824742268041236,0.03167063331815595,558,"I can't play now, I'm waiting for the Trump 7 O'Clock Twitterstorm."
3246,1,6,90,97,1.0824742268041236,0.03167063331815595,558,Houston! Houston! One small step is impaired.
3246,2,4,91,97,1.0824742268041236,0.03489707218486238,558,Ga Ga Goo Goo what? I can't understand you. Over.
3246,1,6,90,97,1.0824742268041236,0.03167063331815595,558,Son do you regret not eating your Wheaties ?
3246,1,6,90,97,1.0824742268041236,0.03167063331815595,558,Get me Bannon! I asked for a gold one.
3246,1,6,90,97,1.0824742268041236,0.03167063331815595,558,"Mom, can I get out now? The polls close in an hour."
3246,1,6,90,97,1.0824742268041236,0.03167063331815595,558,Memory Foam mattress complete with you earliest memories in life !
3246,0,8,89,97,1.0824742268041236,0.028075832711972844,558,I'm sorry I asked you to rub my back.
3246,0,8,89,97,1.0824742268041236,0.028075832711972844,558,Is there a baby sitter available?
3246,2,4,91,97,1.0824742268041236,0.03489707218486238,558,"But Mom, all the other kids are doing it."
3246,3,2,92,97,1.0824742268041236,0.037849468680258916,558,Hello... Can I get out now?
3246,0,8,89,97,1.0824742268041236,0.028075832711972844,558,ill be back with some milk
3246,1,6,90,97,1.0824742268041236,0.03167063331815595,558,Confined by the monitor.
3246,2,4,91,97,1.0824742268041236,0.03489707218486238,558,Were my milk and cookies non-GMO?
3246,1,6,90,97,1.0824742268041236,0.03167063331815595,558,"(In a whisper) This is what it sounds like, when moms cry."
3246,1,6,90,97,1.0824742268041236,0.03167063331815595,558,They took my cell so I learned to hack.
3246,0,8,89,97,1.0824742268041236,0.028075832711972844,558,"Hey, I know you can hear me... didn't yu say it would be safe to go out after the elections!?"
3246,2,4,91,97,1.0824742268041236,0.03489707218486238,558,"Well, I can't afford student loans, so it's on to plan b. Did you ever have a plan b, Mom?"
3246,1,6,90,97,1.0824742268041236,0.03167063331815595,558,As an immigrant (crackle)...since I was three...lamest prison ever.
3246,2,4,91,97,1.0824742268041236,0.03489707218486238,558,You know what's wrong about this? My pajamas are too small!
3246,0,8,89,97,1.0824742268041236,0.028075832711972844,558,Can I please have my electronics back?
3246,1,6,90,97,1.0824742268041236,0.03167063331815595,558,"Yuck, I can hear you making Whoopee."
3246,1,6,90,97,1.0824742268041236,0.03167063331815595,558,"I love you too, Big Brother."
3246,1,6,90,97,1.0824742268041236,0.03167063331815595,558,Baby Blue One. Baby Blue One. This is Mommy Stressed Niner. Come in. Please come in. Over.
3246,0,8,89,97,1.0824742268041236,0.028075832711972844,558,Mom? I can't sleep.
3246,1,6,90,97,1.0824742268041236,0.03167063331815595,558,"Ma, is my UberEATS here yet?"
3246,1,6,90,97,1.0824742268041236,0.03167063331815595,558,"Dear, she's twenty-three, don't you think it's time to transition Jodie to the toddler bed?"
3246,2,4,91,97,1.0824742268041236,0.03489707218486238,558,Why can't I move to the White House . . . ?
3246,2,4,91,97,1.0824742268041236,0.03489707218486238,558,"Mommy, come quick! I got my period."
3246,1,6,90,97,1.0824742268041236,0.03167063331815595,558,"I'd be scared too, Lloyd, this outfit is ridiculous."
3246,0,8,89,97,1.0824742268041236,0.028075832711972844,558,Ahh...the good ol' days...when my every wish came true.
3246,0,8,89,97,1.0824742268041236,0.028075832711972844,558,"I have heard that anyone can run for POTUS, so I am all in for 2024..."
3246,0,8,89,97,1.0824742268041236,0.028075832711972844,558,Waaa? Waaa!. Is anyone still there?
3246,2,4,91,97,1.0824742268041236,0.03489707218486238,558,"No Jeffrey, we can not go back to 2009"
3246,0,8,89,97,1.0824742268041236,0.028075832711972844,558,My mom grounded me.
3246,0,8,89,97,1.0824742268041236,0.028075832711972844,558,"Testing! Testing! Yes, dear, it works!"
3246,3,2,92,97,1.0824742268041236,0.037849468680258916,558,"No, I'm not getting up unless it's a bear-skin rug."
3246,0,8,89,97,1.0824742268041236,0.028075832711972844,558,Do you want to change Billy Madison's diaper?
3246,0,8,89,97,1.0824742268041236,0.028075832711972844,558,We should get him a mobile for his birthday.
3246,2,4,91,97,1.0824742268041236,0.03489707218486238,558,I'm the grownup your need in your cabinet.
3246,1,6,90,97,1.0824742268041236,0.03167063331815595,558,"Come in, America - is there anyone out there listening to me?"
3246,0,8,89,97,1.0824742268041236,0.028075832711972844,558,I'm beginning to think the crying is coming from an internal place.
3246,1,6,90,97,1.0824742268041236,0.03167063331815595,558,"Testing, testing, 1-2-3 ... can you hear me now?"
3246,0,8,89,97,1.0824742268041236,0.028075832711972844,558,My involvement with SETI started at an early age
3246,0,8,89,97,1.0824742268041236,0.028075832711972844,558,Can't you change him this time. I'm really tired.
3246,1,6,90,97,1.0824742268041236,0.03167063331815595,558,"Beam me up, Scotty. Please!"
3246,0,8,89,97,1.0824742268041236,0.028075832711972844,558,"Coddle me all you want, but this cradle is too much."
3246,1,6,90,97,1.0824742268041236,0.03167063331815595,558,"{ "" What I would like to see is a formal Democracy!"" }"
3246,2,4,91,97,1.0824742268041236,0.03489707218486238,558,"Houston, Mexico will pay for this wall!"
3246,0,8,89,97,1.0824742268041236,0.028075832711972844,558,Do you have any mashed peas left?
3246,1,6,90,97,1.0824742268041236,0.03167063331815595,558,Hey Mom! What's takin' so long? I ordered that pizza ten minutes ago!
3246,0,8,89,97,1.0824742268041236,0.028075832711972844,558,Can I have a glass of bourbon?
3246,0,8,89,97,1.0824742268041236,0.028075832711972844,558,"Mommy, I need a blancket - over."
3246,1,6,90,97,1.0824742268041236,0.03167063331815595,558,"Okay mom, you were right. Being a baby isn't as fun as I thought it would be. Especially now that I know everything is terrible."
3246,1,6,90,97,1.0824742268041236,0.03167063331815595,558,"Mommy, I told you that I'm not going back to University as long as Trump is president."
3246,0,8,89,97,1.0824742268041236,0.028075832711972844,558,Don't you see. Giving me a curfew is useless!
3246,3,2,92,97,1.0824742268041236,0.037849468680258916,558,I need a fresh dream catcher.
3246,1,6,90,97,1.0824742268041236,0.03167063331815595,558,So what room are YOU sleeping tonight?
3246,3,2,92,97,1.0824742268041236,0.037849468680258916,558,Unicorn pie? I think I'll just have an apple.
3246,1,6,90,97,1.0824742268041236,0.03167063331815595,558,Wahhh.
3246,2,4,91,97,1.0824742268041236,0.03489707218486238,558,Did you remember take your pills tonight? Over.
3246,0,8,89,97,1.0824742268041236,0.028075832711972844,558,"Yes, Jeremy, I know your 32 and living in the basement, but it's been so hard to let go.."
3246,1,6,90,97,1.0824742268041236,0.03167063331815595,558,Can I please have a drink of sparkling water?
3383,0,8,90,98,1.0816326530612246,0.02780060872570408,558,Spock to Enterprise. Beam me up Scottie!
3383,2,4,92,98,1.0816326530612246,0.034549395319879404,558,"Just say, 'Mom, I know it was 20 years ago, but I really wasn't kidding about the monster in the closet wanting to kidnap me.'"
3385,2,3,90,95,1.0736842105263158,0.03426432155975449,558,What do you mean Congress said no?
3385,0,7,88,95,1.0736842105263158,0.026946528542342727,558,I'll swap for a cot.
3385,0,7,88,95,1.0736842105263158,0.026946528542342727,558,I finally can hear myself think.
3385,1,5,89,95,1.0736842105263158,0.030823360722295908,558,"I get it, you're kid nappers."
3385,3,1,91,95,1.0736842105263158,0.0373899438042335,558,"Hey,Mom. WHat are we having for breakfast?"
3385,1,5,89,95,1.0736842105263158,0.030823360722295908,558,"He never said anything about ""apple pie""!"
3385,0,7,88,95,1.0736842105263158,0.026946528542342727,558,"Mom, Julia thinks it's time we move in together !"
3385,1,5,89,95,1.0736842105263158,0.030823360722295908,558,"Testing, testing, one, two, sibilance..."
3385,0,7,88,95,1.0736842105263158,0.026946528542342727,558,Safety first.
3385,1,5,89,95,1.0736842105263158,0.030823360722295908,558,I wonder what will become of little Donny?
3385,2,3,90,95,1.0736842105263158,0.03426432155975449,558,I could use some helicopter parenting.
3385,1,5,89,95,1.0736842105263158,0.030823360722295908,558,"Honey, mommy doesn't do time outs."
3385,1,5,89,95,1.0736842105263158,0.030823360722295908,558,"Mom, keep an eye out for the baby iguana......"
3385,0,7,88,95,1.0736842105263158,0.026946528542342727,558,"Oh my God, its Jason Bourne!"
3385,0,7,88,95,1.0736842105263158,0.026946528542342727,558,When I grow up...
3385,1,5,89,95,1.0736842105263158,0.030823360722295908,558,"Mom, Dad, don't you think I am a bit old for the crib and nanny cam now?"
3385,0,7,88,95,1.0736842105263158,0.026946528542342727,558,"Take one down, pass it around, fifty-nine bottles of beer on the wall."
3385,2,3,90,95,1.0736842105263158,0.03426432155975449,558,I beg you: unlock the door.
3385,2,3,90,95,1.0736842105263158,0.03426432155975449,558,No Tweets on this nursery monitor?
3385,1,5,89,95,1.0736842105263158,0.030823360722295908,558,The good old days!
3385,1,5,89,95,1.0736842105263158,0.030823360722295908,558,"I don't want to say matronizing... but maybe a little much, honey?"
3385,2,3,90,95,1.0736842105263158,0.03426432155975449,558,Why doesn't Trump ever call me?
3385,1,5,89,95,1.0736842105263158,0.030823360722295908,558,"Now play track 7: ""Breaking Dishes Climax into Loving Resolution""."
3385,0,7,88,95,1.0736842105263158,0.026946528542342727,558,Can you hear me not worry now?
3385,1,5,89,95,1.0736842105263158,0.030823360722295908,558,"Uh, babysitter--come on up and change my diapers."
3385,0,7,88,95,1.0736842105263158,0.026946528542342727,558,Jimmy asked me today if he could have a sleep-over
3385,2,3,90,95,1.0736842105263158,0.03426432155975449,558,"Mommy, I think that Baby Zoltar machine at the might have been a mistake."
3385,1,5,89,95,1.0736842105263158,0.030823360722295908,558,"Honey, he's fine. Millenials require days and nights of no adulting."
3385,0,7,88,95,1.0736842105263158,0.026946528542342727,558,"It's 3:00 a.m. mommy, and I was just sitting here thinking about the good old days of my youth."
3385,1,5,89,95,1.0736842105263158,0.030823360722295908,558,"I wanted Jello ,not Zello."
3385,0,7,88,95,1.0736842105263158,0.026946528542342727,558,Is there life outside my universe? Roger me.
3385,1,5,89,95,1.0736842105263158,0.030823360722295908,558,IKEA's quality check is meant to satisfy those with even the strangest of standards.
3385,1,5,89,95,1.0736842105263158,0.030823360722295908,558,"Mother, your quite sure all presidents must be man-children from now on?"
3385,1,5,89,95,1.0736842105263158,0.030823360722295908,558,"Yep, you're dying."
3385,1,5,89,95,1.0736842105263158,0.030823360722295908,558,"The Innocence of Childhood Act repealed, Jack awakened full grown."
3385,0,7,88,95,1.0736842105263158,0.026946528542342727,558,How did I not see before that I was raising a helicopter baby?
3385,0,7,88,95,1.0736842105263158,0.026946528542342727,558,"Well, at least you've quit babying me, figuratively."
3385,1,5,89,95,1.0736842105263158,0.030823360722295908,558,"Guys, if you didn't want me to outgrow my crib at 6 months, you shouldn't have opted for gene tailoring. Can I borrow the car tonight?"
3385,1,5,89,95,1.0736842105263158,0.030823360722295908,558,I'm protesting protesting.
3385,0,7,88,95,1.0736842105263158,0.026946528542342727,558,"I thought I was feeling the Bern again, but it's actually just a rash."
3385,1,5,89,95,1.0736842105263158,0.030823360722295908,558,Not such a baby monitor
3385,0,7,88,95,1.0736842105263158,0.026946528542342727,558,I guess you could call me an anti-intellectual.
3385,1,5,89,95,1.0736842105263158,0.030823360722295908,558,"Mom, I starred in gay porn movies to help pay for college."
3385,2,3,90,95,1.0736842105263158,0.03426432155975449,558,The pre-nup agreement mandated a 45-day re-training program for the groom to be.
3385,1,5,89,95,1.0736842105263158,0.030823360722295908,558,This is not funny people!
3385,1,5,89,95,1.0736842105263158,0.030823360722295908,558,"Then I’ll say it in terms you can understand, “I will not make you wear a bib, I will not put you in a crib. I will not take you to a mall, to any store or any stall. I will not make you wear a hat, just get me out you little_____!”"
3385,0,7,88,95,1.0736842105263158,0.026946528542342727,558,The formula is in the pantry.
3385,1,5,89,95,1.0736842105263158,0.030823360722295908,558,"Breaker, breaker . . . looks like baby bear is a runaway . . . over."
3385,1,5,89,95,1.0736842105263158,0.030823360722295908,558,I hope they hear me if I start crying.
3385,1,5,89,95,1.0736842105263158,0.030823360722295908,558,Great. Put here on account of deportment and now I'm being monitored.
3385,0,7,88,95,1.0736842105263158,0.026946528542342727,558,"Mom, Mom are you still there?"
3385,1,5,89,95,1.0736842105263158,0.030823360722295908,558,I'm very sorry but I don't understand Russian.
3385,1,5,89,95,1.0736842105263158,0.030823360722295908,558,"You've grown a long way, baby"
3385,1,5,89,95,1.0736842105263158,0.030823360722295908,558,Mom I know I will be late for work don't worry
3385,1,5,89,95,1.0736842105263158,0.030823360722295908,558,So how are things going second semester?
3385,2,3,90,95,1.0736842105263158,0.03426432155975449,558,Yo. Skinner.
3385,1,5,89,95,1.0736842105263158,0.030823360722295908,558,"Heck, a goo-ga degree from Drake oughta be worth something."
3385,0,7,88,95,1.0736842105263158,0.026946528542342727,558,"Mom, I have told you before, living in the basement is not a viable option!"
3385,0,7,88,95,1.0736842105263158,0.026946528542342727,558,"I think you've taken the Ferber method as far as it will go."""
3385,0,7,88,95,1.0736842105263158,0.026946528542342727,558,And could you please try to do my cappuccino with a *little* less foam than yesterday's?
3385,0,7,88,95,1.0736842105263158,0.026946528542342727,558,"Don't worry about the money, son. The American taxpayer is willing to pay for any of our hotels, that you want to live in."
3385,1,5,89,95,1.0736842105263158,0.030823360722295908,558,"So Vlad, hack not bad..."
3385,0,7,88,95,1.0736842105263158,0.026946528542342727,558,Doesn't it bother you that I am going to emerge from childhood without basic survival skills like knowing how to make reservations?
3385,0,7,88,95,1.0736842105263158,0.026946528542342727,558,No. I say it's overbearing even IF I'm a millennial.
3385,0,7,88,95,1.0736842105263158,0.026946528542342727,558,Mommy I can't sleep thinking about the SAT.
3385,1,5,89,95,1.0736842105263158,0.030823360722295908,558,Maybe I should check if she's okay.
3385,0,7,88,95,1.0736842105263158,0.026946528542342727,558,I'm cried out.
3385,0,7,88,95,1.0736842105263158,0.026946528542342727,558,"That cute little baby doll outfit, Sugar"
3385,1,5,89,95,1.0736842105263158,0.030823360722295908,558,POTUS to Earth! POTUS to Earth!
3385,1,5,89,95,1.0736842105263158,0.030823360722295908,558,"""Are you there,Mary Poppins, are you there ? Over ""."
3385,1,5,89,95,1.0736842105263158,0.030823360722295908,558,"I'll sing you the millennial song later, sweetheart. It is time for sleep."
3385,0,7,88,95,1.0736842105263158,0.026946528542342727,558,Where is the snooze button on this biological clock?
3385,0,7,88,95,1.0736842105263158,0.026946528542342727,558,Uhm... I thought after diapering we were supposed to end up in the same bed...
3385,0,7,88,95,1.0736842105263158,0.026946528542342727,558,"Alas, poor Yorick! I knew him, Horatio, a fellow of infinite jest, of most excellent fancy. Hello, mom?"
3385,1,5,89,95,1.0736842105263158,0.030823360722295908,558,"Happy birthday, Mum!"
3385,1,5,89,95,1.0736842105263158,0.030823360722295908,558,Wake me up when September ends
3461,1,5,90,96,1.0729166666666667,0.030510250171001146,558,I think you two are taking this Ferber method a little too far.
3461,0,7,89,96,1.0729166666666667,0.026675402900107063,558,"I am REALLY 13 years old, mom!"
3461,1,5,90,96,1.0729166666666667,0.030510250171001146,558,Gulliver's descendant---2017
3461,2,3,91,96,1.0729166666666667,0.033914209575207716,558,Milo here!! Hello? Hello?
3461,0,7,89,96,1.0729166666666667,0.026675402900107063,558,"Mmmoooommmmm, I need a drink of water!"
3461,0,7,89,96,1.0729166666666667,0.026675402900107063,558,"Mommy, may I have a glass of water? Over."
3461,1,5,90,96,1.0729166666666667,0.030510250171001146,558,Mom? Dad?
3461,0,7,89,96,1.0729166666666667,0.026675402900107063,558,"Here's listening at you, kid."
3461,0,7,89,96,1.0729166666666667,0.026675402900107063,558,Play pan-damenium.
3461,1,5,90,96,1.0729166666666667,0.030510250171001146,558,"Hey Hon, haven't seen this old thing since we moved."
3461,1,5,90,96,1.0729166666666667,0.030510250171001146,558,Is this CPS? I want to lodge a complaint of unlawful restraint.
3461,1,5,90,96,1.0729166666666667,0.030510250171001146,558,Come quick! I had another nightmare about helicopters.
3461,1,5,90,96,1.0729166666666667,0.030510250171001146,558,And the latest news on that evil President Trump is...
3461,1,5,90,96,1.0729166666666667,0.030510250171001146,558,"Many houses are white, but where exactly do you live?"
3461,0,7,89,96,1.0729166666666667,0.026675402900107063,558,Josh to Base. The acceptable age for this is. Over.
3461,1,5,90,96,1.0729166666666667,0.030510250171001146,558,What do mean you don't do pen deliveries?
3461,2,3,91,96,1.0729166666666667,0.033914209575207716,558,"So, Miriam, just because I installed the one-way mirror back-to-front, you think I can’t install a simple baby listening device properly?"
3461,1,5,90,96,1.0729166666666667,0.030510250171001146,558,Vaping is looking pretty good right about now
3461,0,7,89,96,1.0729166666666667,0.026675402900107063,558,Can anybody hear me? Mom? Dad?
3461,1,5,90,96,1.0729166666666667,0.030510250171001146,558,I guess this empty nest thing is really getting to me. Hello? Hello?
3461,1,5,90,96,1.0729166666666667,0.030510250171001146,558,Maybe I should have picked the couch...
3461,1,5,90,96,1.0729166666666667,0.030510250171001146,558,Call me back when you get a bed darling.
3461,1,5,90,96,1.0729166666666667,0.030510250171001146,558,"I wish I may, I wish I might...."
3461,2,3,91,96,1.0729166666666667,0.033914209575207716,558,"No, I'm not going to cry!"
3461,1,5,90,96,1.0729166666666667,0.030510250171001146,558,They never found me!
3461,1,5,90,96,1.0729166666666667,0.030510250171001146,558,"""Hello, hello is this mission control?"
3461,1,5,90,96,1.0729166666666667,0.030510250171001146,558,"Crib to the outside world, ""Are you there?"""
3461,2,3,91,96,1.0729166666666667,0.033914209575207716,558,How about a steak? Cheeseburger? Cereal in a bowl?!?
3461,1,5,90,96,1.0729166666666667,0.030510250171001146,558,"Mommy! I can't sleep. It's scary in here, too....and I think I lost my sign at the rally."
3461,1,5,90,96,1.0729166666666667,0.030510250171001146,558,We need to talk about Kevin.
3461,2,3,91,96,1.0729166666666667,0.033914209575207716,558,I am getting nostalgic......The crib reminds me of Obama's presidency.
3461,1,5,90,96,1.0729166666666667,0.030510250171001146,558,Are you my Mommy?
3461,1,5,90,96,1.0729166666666667,0.030510250171001146,558,Equal opportunity spying!
3461,0,7,89,96,1.0729166666666667,0.026675402900107063,558,Now all I need is a baby.
3461,1,5,90,96,1.0729166666666667,0.030510250171001146,558,How 'bout some funds to pimp my crib?
3461,0,7,89,96,1.0729166666666667,0.026675402900107063,558,Waaaaaaaaaaah.
3497,1,4,88,93,1.064516129032258,0.02982907366236422,558,Home Security
3497,1,4,88,93,1.064516129032258,0.02982907366236422,558,"Hello, God? It's me, Margaret. I know it's early but I don't think this is what you had in mind for 2017"
3497,1,4,88,93,1.064516129032258,0.02982907366236422,558,Hello Mom Where's my teddy bear?
3497,1,4,88,93,1.064516129032258,0.02982907366236422,558,"Houston,the eagle has landed no sign of intelligent life noted. Over."
3497,1,4,88,93,1.064516129032258,0.02982907366236422,558,"He'll always be ""my baby""!"
3497,0,6,87,93,1.064516129032258,0.025612878496142594,558,"I grow, but everything else stays the same. America must be great again!"
3497,0,6,87,93,1.064516129032258,0.025612878496142594,558,Adolescence isn't just about prom or wearing starry pajamas.
3497,1,4,88,93,1.064516129032258,0.02982907366236422,558,Broadsword calling Danny Boy...........Broadsword calling Danny Boy
3497,2,2,89,93,1.064516129032258,0.03351906511601029,558,"Dad, when will have a bed my size? All the other kids in fifth grade have had theirs for the last three years."
3497,0,6,87,93,1.064516129032258,0.025612878496142594,558,"Yeah, but it's not Mom's."
3497,1,4,88,93,1.064516129032258,0.02982907366236422,558,"Dad, land the chopper on the roof."
3497,0,6,87,93,1.064516129032258,0.025612878496142594,558,"I wasn't born this way, ya know."
3497,1,4,88,93,1.064516129032258,0.02982907366236422,558,...still waiting for Dad to get back from his cigarette run.
3497,0,6,87,93,1.064516129032258,0.025612878496142594,558,I'm stuck in my crib and you're sending ME as S.O.S.?
3497,1,4,88,93,1.064516129032258,0.02982907366236422,558,The batteries must be dead. This is NOT what I wished for!
3497,1,4,88,93,1.064516129032258,0.02982907366236422,558,"But the cookie jar said 'Eat me', Mom!"
3497,0,6,87,93,1.064516129032258,0.025612878496142594,558,"And, Mom, I think I'm perfectly capable of changing my OWN diaper, thank you very much!"
3497,0,6,87,93,1.064516129032258,0.025612878496142594,558,This crib will be the death of me yet.
3497,0,6,87,93,1.064516129032258,0.025612878496142594,558,NSA's new approach
3497,2,2,89,93,1.064516129032258,0.03351906511601029,558,Mom! Dad! Waz Up?
3497,1,4,88,93,1.064516129032258,0.02982907366236422,558,"«No, Jimmy. No texting until you grow up and get your own crib.»"
3497,2,2,89,93,1.064516129032258,0.03351906511601029,558,Mother - I'm reawaken and ready to be coddled!
3497,0,6,87,93,1.064516129032258,0.025612878496142594,558,I think you're being a little overprotective...even in Trump's America.
3497,0,6,87,93,1.064516129032258,0.025612878496142594,558,Radio Ga Ga?
3497,0,6,87,93,1.064516129032258,0.025612878496142594,558,He tricked me. Again.
3497,0,6,87,93,1.064516129032258,0.025612878496142594,558,Bring a story and formula.
3497,0,6,87,93,1.064516129032258,0.025612878496142594,558,"Sam, call Endora."
3497,1,4,88,93,1.064516129032258,0.02982907366236422,558,I'm OK with this - Mom - just promise you won't monitor Snapchat.
3497,1,4,88,93,1.064516129032258,0.02982907366236422,558,"I know, see if you can hack the super's twitter."
3497,0,6,87,93,1.064516129032258,0.025612878496142594,558,"Forget the Enterprise Scotty, beam me up a clean diaper."
3497,2,2,89,93,1.064516129032258,0.03351906511601029,558,Bring me a decent size bedpan that I can crap in.
3497,1,4,88,93,1.064516129032258,0.02982907366236422,558,I am not sure if it's the bedroom or the sitting room ?
3497,1,4,88,93,1.064516129032258,0.02982907366236422,558,Can I Tweet on this ?
3497,0,6,87,93,1.064516129032258,0.025612878496142594,558,Can you Snapchat me a story?
3497,1,4,88,93,1.064516129032258,0.02982907366236422,558,"Seyedmeysam Aghaseyedhosseini was born on 15 May 1983 in Rey, Iran."
3497,1,4,88,93,1.064516129032258,0.02982907366236422,558,"But, Herb, how will he ever find a safe space at THAT school?!"
3497,0,6,87,93,1.064516129032258,0.025612878496142594,558,"Apparently, the cry it out method doesn't work for job interviews."
3497,0,6,87,93,1.064516129032258,0.025612878496142594,558,I'm ready to get out of solitary.
3497,1,4,88,93,1.064516129032258,0.02982907366236422,558,"Mom, this is the second time this week you've been late for my 3pm milk and cookies."
3497,0,6,87,93,1.064516129032258,0.025612878496142594,558,"No, you prove to me, you're really the Sandman and not Chris Hansen from 'To Catch a Predator'."
3497,3,0,90,93,1.064516129032258,0.03684130585291359,558,It's the HGH in my num nums.
3538,0,5,86,91,1.054945054945055,0.024019921334439576,558,Jane...it's me...the time wrapper worked...it's the year he would be born!
3538,1,3,87,91,1.054945054945055,0.02865583474814352,558,"Mayday! We have a situation, over and out."
3538,1,3,87,91,1.054945054945055,0.02865583474814352,558,"Dad, I think I've fixed your little gadget here... may I now exit the cradle?"
3538,1,3,87,91,1.054945054945055,0.02865583474814352,558,Booooring.
3538,0,5,86,91,1.054945054945055,0.024019921334439576,558,Daddy called me 'Snowflake' when I requested a larger crib.
3538,1,3,87,91,1.054945054945055,0.02865583474814352,558,"Aw, Ma--you've had me behind bars for so long; it's not easy to break out!"
3538,1,3,87,91,1.054945054945055,0.02865583474814352,558,"""Mama? Please can you come home now? The babysitter is sitting on the couch, drinking a bottle! Milk? ""no, it's not white""!"
3538,1,3,87,91,1.054945054945055,0.02865583474814352,558,Maybe his answering machine is full
3538,1,3,87,91,1.054945054945055,0.02865583474814352,558,The voices had always been a comfort to Timmy...until the election.
3538,0,5,86,91,1.054945054945055,0.024019921334439576,558,Now he's completely Ferberized me.
3538,0,5,86,91,1.054945054945055,0.024019921334439576,558,"Mom, Dad...I need a bigger play pen!"
3538,1,3,87,91,1.054945054945055,0.02865583474814352,558,"Ok Bibi, how about this: Stop building settlements and you can sleep in my bed again?"
3538,0,5,86,91,1.054945054945055,0.024019921334439576,558,"Okay Mom, I get it, and I'm sorry for acting like a big baby over you taking my phone, but did you have to take my picture and put it on Instagram?"
3538,2,1,88,91,1.054945054945055,0.03263980865926076,558,"Acceptance and body positivity should be welcome in any era, mom, I'm the new president..."
3538,1,3,87,91,1.054945054945055,0.02865583474814352,558,Olfactory Activated. Lavender. Over.
3538,1,3,87,91,1.054945054945055,0.02865583474814352,558,"Hermione, get up, it's time for your high school bus in 5 minutes!"
3538,0,5,86,91,1.054945054945055,0.024019921334439576,558,"Yes, Daddy. You'll be at the top of Breitbart tomorrow."
3538,1,3,87,91,1.054945054945055,0.02865583474814352,558,Well it's not my turn!
3538,1,3,87,91,1.054945054945055,0.02865583474814352,558,I'll unlock the door when he's asleep.
3538,1,3,87,91,1.054945054945055,0.02865583474814352,558,"Mom, where's my baby sitter?"
3538,0,5,86,91,1.054945054945055,0.024019921334439576,558,No. I'm not being a baby. I want my diaper changed now!
3538,1,3,87,91,1.054945054945055,0.02865583474814352,558,"Mom, Can you bring me another bottle of warm milk ?"
3538,1,3,87,91,1.054945054945055,0.02865583474814352,558,Thought it was going to be a smooth transition -NOT!
3538,1,3,87,91,1.054945054945055,0.02865583474814352,558,now I lay me down to sleep - with my phone
3538,0,5,86,91,1.054945054945055,0.024019921334439576,558,"Note to self, adolescence slowly chipping away bliss."
3538,0,5,86,91,1.054945054945055,0.024019921334439576,558,"No, Billy; Mommy's too tired for hide-and-seek."
3538,1,3,87,91,1.054945054945055,0.02865583474814352,558,"No, I can't do you a favor. I'm busy doing my school suspension."
3538,1,3,87,91,1.054945054945055,0.02865583474814352,558,Mommy change me.
3538,0,5,86,91,1.054945054945055,0.024019921334439576,558,On the good ship lollipop
3538,0,5,86,91,1.054945054945055,0.024019921334439576,558,The market is coming back. It's time.
3538,1,3,87,91,1.054945054945055,0.02865583474814352,558,"We've so much in common, baby."
3538,1,3,87,91,1.054945054945055,0.02865583474814352,558,Bring me a glass of warm coconut milk.
3538,1,3,87,91,1.054945054945055,0.02865583474814352,558,"Ma. Please dont ever call us ""Generation Hurt"" again."
3538,1,3,87,91,1.054945054945055,0.02865583474814352,558,Go to sleep now or there's going to be a dark timeout.
3538,1,3,87,91,1.054945054945055,0.02865583474814352,558,"Hey, baby!"
3538,0,5,86,91,1.054945054945055,0.024019921334439576,558,I'll be back in the morning
3538,0,5,86,91,1.054945054945055,0.024019921334439576,558,"If I move out of the basement, are you & dad still gonna unfriend me?"
3538,1,3,87,91,1.054945054945055,0.02865583474814352,558,My diaper needs changed and I'd like a bottle.
3538,0,5,86,91,1.054945054945055,0.024019921334439576,558,"Mai dearest I do not want a caviar rubdown tonight, but thanks."
3538,1,3,87,91,1.054945054945055,0.02865583474814352,558,"If we make him a brother, we'll need to get another crib."
3538,0,5,86,91,1.054945054945055,0.024019921334439576,558,"Mom, it's time for me to go to Montesori."
3538,0,5,86,91,1.054945054945055,0.024019921334439576,558,I leaned out
3538,0,5,86,91,1.054945054945055,0.024019921334439576,558,"Yes, Mom, I'm sure I'm ready to move on from cosleeping."""
3538,0,5,86,91,1.054945054945055,0.024019921334439576,558,Will this monitor text ?
3538,1,3,87,91,1.054945054945055,0.02865583474814352,558,Come downstairs for a snack? Can we negotiate this?
3538,0,5,86,91,1.054945054945055,0.024019921334439576,558,Their ways of dealing with this aren't great but at least they're taking baby steps
3538,0,5,86,91,1.054945054945055,0.024019921334439576,558,Is anybody out there? Are they all like this? Forever...?
3538,1,3,87,91,1.054945054945055,0.02865583474814352,558,Are you feeling that childlike sense of freedom yet?
3538,0,5,86,91,1.054945054945055,0.024019921334439576,558,"Hey, baby!"
3538,0,5,86,91,1.054945054945055,0.024019921334439576,558,"Honey, I think your self care routine has gotten a little out of hand."
3538,0,5,86,91,1.054945054945055,0.024019921334439576,558,"hey, dumbasses, it's getting a little cramped in here!"
3538,1,3,87,91,1.054945054945055,0.02865583474814352,558,Is it glutton-free?
3538,1,3,87,91,1.054945054945055,0.02865583474814352,558,"Mom, do YOU think you've raised me to be ready to leave for college?"
3538,2,1,88,91,1.054945054945055,0.03263980865926076,558,"Funny, we don't look anything alike."
3538,1,3,87,91,1.054945054945055,0.02865583474814352,558,"Alas, poor Monitor, I knew him well......."
3538,1,3,87,91,1.054945054945055,0.02865583474814352,558,"Honey, bring the pacifier when you come...wait, are you snoring?"
3538,1,3,87,91,1.054945054945055,0.02865583474814352,558,"But technically, I'm not in the basement..."
3538,1,3,87,91,1.054945054945055,0.02865583474814352,558,Mom can you open this gate please the party is starting soon!
3538,1,3,87,91,1.054945054945055,0.02865583474814352,558,It's not fair...your father started it!
3538,1,3,87,91,1.054945054945055,0.02865583474814352,558,Mommy's ready for her bottle now.
3538,2,1,88,91,1.054945054945055,0.03263980865926076,558,Maybe it was a mistake to skip your sleep training.
3538,0,5,86,91,1.054945054945055,0.024019921334439576,558,This is the only place where I can be without the helicopter.
3538,1,3,87,91,1.054945054945055,0.02865583474814352,558,"Yes, you're a big boy but sharing also means you unlock the bedroom door now."
3538,0,5,86,91,1.054945054945055,0.024019921334439576,558,Barren Trump to the world. I'm a father-less child.
3538,1,3,87,91,1.054945054945055,0.02865583474814352,558,"I swear to God, Shannon, if you don't put bourbon in that formula, I'll go potty right here!"
3538,0,5,86,91,1.054945054945055,0.024019921334439576,558,I'm trying to replicate the beginning of the atropogenic era.
3538,0,5,86,91,1.054945054945055,0.024019921334439576,558,"OK, I'll try, Mom. And I thought college was tough."""
3538,0,5,86,91,1.054945054945055,0.024019921334439576,558,I guess you can call me Rip Van Tinkle.
3538,1,3,87,91,1.054945054945055,0.02865583474814352,558,"Dad, I'm sorry you found out I was on the pill, but making me sleep in here isn't going to change anything."
3538,1,3,87,91,1.054945054945055,0.02865583474814352,558,"I'm really not liking this ""alternative bedtime"" so far."
3538,1,3,87,91,1.054945054945055,0.02865583474814352,558,"Can I please get off the sleep train now, mom?"
3538,0,5,86,91,1.054945054945055,0.024019921334439576,558,"Testing . . . three, two, one, testing. Now I lay me down to sleep . . .."
3538,1,3,87,91,1.054945054945055,0.02865583474814352,558,"Until the next admin purge, this is as close as I can get to a womb."
3538,1,3,87,91,1.054945054945055,0.02865583474814352,558,"No need to leave, as long as I have you."
3538,0,5,86,91,1.054945054945055,0.024019921334439576,558,These pajamas don't really stand out on me.
3538,0,5,86,91,1.054945054945055,0.024019921334439576,558,Hello? I'm still waiting for my bottle...of Mountain Dew.
3538,0,5,86,91,1.054945054945055,0.024019921334439576,558,Can we dialogue about this?
3538,0,5,86,91,1.054945054945055,0.024019921334439576,558,Not Peter Pan's dream.
3538,1,3,87,91,1.054945054945055,0.02865583474814352,558,"Ground control to Starship Rescue, Code xo#&! trapped in a playpen...yox1*;"
3617,0,5,87,92,1.0543478260869565,0.02376490622713203,558,Even though he was big for his age his parents still treated Tom like a baby.
3617,0,5,87,92,1.0543478260869565,0.02376490622713203,558,Wahhh.
3617,1,3,88,92,1.0543478260869565,0.028348938449680054,558,"Oh Sweetie, I asked for frozen, not fresh."
3617,1,3,88,92,1.0543478260869565,0.028348938449680054,558,Any idea how long this might take them?
3617,1,3,88,92,1.0543478260869565,0.028348938449680054,558,The pursuit of verbal crib notes for getting milk and cookies never gets old.
3617,1,3,88,92,1.0543478260869565,0.028348938449680054,558,Okay - I'm sorry I get so whiny from watching Fox news. I'll give it up if you'll give me my bed back.
3617,2,1,89,92,1.0543478260869565,0.032288602547386865,558,DJT phone home
3617,1,3,88,92,1.0543478260869565,0.028348938449680054,558,"I was triggered by a bad dream, I need a safer space!"
3617,0,5,87,92,1.0543478260869565,0.02376490622713203,558,"It may seem like you pulled one over on me this time, son. But the joke's on you - I have a ton of student loan debt."
3617,0,5,87,92,1.0543478260869565,0.02376490622713203,558,It's this or a dog.
3617,0,5,87,92,1.0543478260869565,0.02376490622713203,558,Is that milk gluten free? Over.
3617,0,5,87,92,1.0543478260869565,0.02376490622713203,558,Timmy to M&D: Is that noise the new helicopter?
3617,1,3,88,92,1.0543478260869565,0.028348938449680054,558,"Hobbes, I'm sick of playing Die Hard."
3617,1,3,88,92,1.0543478260869565,0.028348938449680054,558,Yet another day wasted.
3617,0,5,87,92,1.0543478260869565,0.02376490622713203,558,U.S.A. to Peter Pan: I need advice.
3617,1,3,88,92,1.0543478260869565,0.028348938449680054,558,This is the crib that $51 billion buys? I guess I should have finished Harvard.
3617,0,5,87,92,1.0543478260869565,0.02376490622713203,558,Knock knock.
3617,1,3,88,92,1.0543478260869565,0.028348938449680054,558,Just sayin.'
3617,1,3,88,92,1.0543478260869565,0.028348938449680054,558,Calling cuz' I'm too old and I'm going through puberty.
3617,0,5,87,92,1.0543478260869565,0.02376490622713203,558,Is it election season yet?
3617,1,3,88,92,1.0543478260869565,0.028348938449680054,558,crib to white house north - leakier conditions here than originally thought
3617,2,1,89,92,1.0543478260869565,0.032288602547386865,558,All the little birdies go tweet tweet tweet
3617,1,3,88,92,1.0543478260869565,0.028348938449680054,558,Someday you will grow up and become a different person.
3617,1,3,88,92,1.0543478260869565,0.028348938449680054,558,"What a terrible drawing, over?"
3617,1,3,88,92,1.0543478260869565,0.028348938449680054,558,"The nightlite is reminding me of your mother and you forgot the cocktail hour, again!"
3617,1,3,88,92,1.0543478260869565,0.028348938449680054,558,"Mom, don't you think we can keep our nanny without me having to stay in this playpen?"
3643,0,4,85,89,1.0449438202247192,0.02208554475019371,558,I'm pacing myself for a 29-year finish time.
3643,0,4,85,89,1.0449438202247192,0.02208554475019371,558,Long story short....I'm being evicted by Planned Parenthood.
3643,1,2,86,89,1.0449438202247192,0.027260482421006156,558,"If I want to be president, I need to start dressing the part now."
3643,1,2,86,89,1.0449438202247192,0.027260482421006156,558,When you are grounded and mom treats you like a baby; you are sleeping in a crib two times smaller than you...
3643,0,4,85,89,1.0449438202247192,0.02208554475019371,558,"Hey mom, no need to watch that new ""Millennials"" documentary, okay? It's really not worth the time."
3643,1,2,86,89,1.0449438202247192,0.027260482421006156,558,"Perambulator, mom. Have you seen my perambulator, not pram."
3643,0,4,85,89,1.0449438202247192,0.02208554475019371,558,"OK, crib-POD, then!- crib-POD! Fine."
3643,0,4,85,89,1.0449438202247192,0.02208554475019371,558,"Ok, I'm glad I was able to help and I think you're a very young mother and I really have to finish that calculus homework."
3643,0,4,85,89,1.0449438202247192,0.02208554475019371,558,Ba ba bee boo -- does this thing still work?
3643,0,4,85,89,1.0449438202247192,0.02208554475019371,558,Why can't I get any sleep here?!
3643,0,4,85,89,1.0449438202247192,0.02208554475019371,558,I wish I could Google how to get out of here.
3643,0,4,85,89,1.0449438202247192,0.02208554475019371,558,"This is your wake-up call, Mom and Dad. Positivity is top of the agenda today: no slacking, no complaints. The naughty cellar is just a step away. On your feet now and keep smiling."
3643,0,4,85,89,1.0449438202247192,0.02208554475019371,558,"Honey, I swear, I thought this would stimulate my childhood dreams, but something's off. Oh what the heck-- I'll give it another couple days."
3643,0,4,85,89,1.0449438202247192,0.02208554475019371,558,"Mom, I'm ready to be held."
3643,0,4,85,89,1.0449438202247192,0.02208554475019371,558,Nothing like the good ole days
3643,1,2,86,89,1.0449438202247192,0.027260482421006156,558,"No, dinner actually sounds pretty good, dad. Is the IPA organic too?"
3643,0,4,85,89,1.0449438202247192,0.02208554475019371,558,You're sleepwalking too.
3643,0,4,85,89,1.0449438202247192,0.02208554475019371,558,Innocence lost
3643,0,4,85,89,1.0449438202247192,0.02208554475019371,558,It Missed 2001
3643,0,4,85,89,1.0449438202247192,0.02208554475019371,558,"You said, ""We'll be right back."" That was three president alpha elections ago."
3643,0,4,85,89,1.0449438202247192,0.02208554475019371,558,Feminism: made by women for women
3643,0,4,85,89,1.0449438202247192,0.02208554475019371,558,Mom. Dad. Can you tell me more about this shave word?
3643,0,4,85,89,1.0449438202247192,0.02208554475019371,558,Now I get it... It said BABY'S monitor.
3643,0,4,85,89,1.0449438202247192,0.02208554475019371,558,"Hey hun, I think they've taken these new-age baby books a little too far."
3643,0,4,85,89,1.0449438202247192,0.02208554475019371,558,Co-sleeping was supposed to bring us closer.
3643,0,4,85,89,1.0449438202247192,0.02208554475019371,558,Operation 'Find the Sleepwalker' is a go
3643,0,4,85,89,1.0449438202247192,0.02208554475019371,558,"One last time, they said ""Phone goes, or crib stays."""
3643,1,2,86,89,1.0449438202247192,0.027260482421006156,558,Wait a second...
3643,0,4,85,89,1.0449438202247192,0.02208554475019371,558,"They are scary and dangerous! They keep yelling about the ACA! I won't go, no way. Over."
3643,0,4,85,89,1.0449438202247192,0.02208554475019371,558,But what if we have a Room & Board kid in a Crate & Barrel room?
3643,1,2,86,89,1.0449438202247192,0.027260482421006156,558,I just don't know how much longer I can wait to be put to bed.
3643,0,4,85,89,1.0449438202247192,0.02208554475019371,558,"Mom, let the Postmate in."
3643,0,4,85,89,1.0449438202247192,0.02208554475019371,558,Suicide never smelled so good!
3643,0,4,85,89,1.0449438202247192,0.02208554475019371,558,Parenting is no joke.
3643,1,2,86,89,1.0449438202247192,0.027260482421006156,558,"Mom, can I have a sleepover with Sis in her big girl bed?"
3643,1,2,86,89,1.0449438202247192,0.027260482421006156,558,Is it asleep?
3643,0,4,85,89,1.0449438202247192,0.02208554475019371,558,When I'm lyin' in my bed at night I don't want to grow up
3643,0,4,85,89,1.0449438202247192,0.02208554475019371,558,"Buh, buh, uhh buh duh"
3643,0,4,85,89,1.0449438202247192,0.02208554475019371,558,You are my snowflake. My little snowflake.
3643,0,4,85,89,1.0449438202247192,0.02208554475019371,558,It looks like the WH brain trust is thinking again!
3643,0,4,85,89,1.0449438202247192,0.02208554475019371,558,Oh. Did we switch to Amazon Echo?
3643,1,2,86,89,1.0449438202247192,0.027260482421006156,558,Hey Mom. How about some fresh milk?
3643,0,4,85,89,1.0449438202247192,0.02208554475019371,558,"Peter Pan, you're running late."
3643,0,4,85,89,1.0449438202247192,0.02208554475019371,558,She's out past curfew...
3643,0,4,85,89,1.0449438202247192,0.02208554475019371,558,Don't tell me it's apple.
3643,0,4,85,89,1.0449438202247192,0.02208554475019371,558,"Mission Goo Goo Ga Ga a go. Wow, that's a tongue twister."
3643,0,4,85,89,1.0449438202247192,0.02208554475019371,558,Daddy needs his thermos bottle.
3643,1,2,86,89,1.0449438202247192,0.027260482421006156,558,Is Dad back from Taco Bell yet?
3643,1,2,86,89,1.0449438202247192,0.027260482421006156,558,"Your diaper is wet, you're hungry and no one's coming, am I correct?"
3643,0,4,85,89,1.0449438202247192,0.02208554475019371,558,"Hey, mom, can you get a video monitor with a bigger screen?"
3643,1,2,86,89,1.0449438202247192,0.027260482421006156,558,This is what they call parents who refuse to let their child grow up.
3643,0,4,85,89,1.0449438202247192,0.02208554475019371,558,"Overheard: ""If Mom's still in a playpen, I'm in real trouble."""
3643,0,4,85,89,1.0449438202247192,0.02208554475019371,558,"My playmate Wozniak, is ingenious."
3643,0,4,85,89,1.0449438202247192,0.02208554475019371,558,"No, Amy I can't grab a cup of coffee. I'll be in this ""nap jail"" for another 4 years minimum."
3643,1,2,86,89,1.0449438202247192,0.027260482421006156,558,"Just one more time, would you play that song about never lettin' go?"
3643,1,2,86,89,1.0449438202247192,0.027260482421006156,558,Nothing left but some rocks on a windowsill. And that cupcake on the wall
3643,0,4,85,89,1.0449438202247192,0.02208554475019371,558,Do I really have to wait until I'm 18?
3643,0,4,85,89,1.0449438202247192,0.02208554475019371,558,"Hey, mom? Can you send in some pizza rolls?"
3643,1,2,86,89,1.0449438202247192,0.027260482421006156,558,Ga..Ga..Gaga..Gaga...
3643,1,2,86,89,1.0449438202247192,0.027260482421006156,558,Crib to Space Station! Where exactly did you say you left at home your mobile bunny rabbit?
3643,1,2,86,89,1.0449438202247192,0.027260482421006156,558,Hold the mayo . . .
3643,0,4,85,89,1.0449438202247192,0.02208554475019371,558,"We do fires, then smack, then beer pong."
3643,0,4,85,89,1.0449438202247192,0.02208554475019371,558,"I want to get out of here!! Twenty-one years! I understand the need for a Department of Newborn Vetting, but why is it taking so long?"
3643,0,4,85,89,1.0449438202247192,0.02208554475019371,558,I'm still trapped in the baby cage. This sleep training thing is just not working for me!
3643,1,2,86,89,1.0449438202247192,0.027260482421006156,558,I don't care..change yourself!
3643,0,4,85,89,1.0449438202247192,0.02208554475019371,558,The ceremony of innocence is drowned.
3643,0,4,85,89,1.0449438202247192,0.02208554475019371,558,I wouldn't shut up. I wouldn't sit down. So he put me in a time out!
3643,1,2,86,89,1.0449438202247192,0.027260482421006156,558,It's called 'Black Hawk Down parenting.'
3643,1,2,86,89,1.0449438202247192,0.027260482421006156,558,"No, Rip Junior! It is not time to get up!"
3643,0,4,85,89,1.0449438202247192,0.02208554475019371,558,The Pinnacle of Daddy Sleep Deprivation
3643,0,4,85,89,1.0449438202247192,0.02208554475019371,558,"Mom, I'm hungry."
3643,0,4,85,89,1.0449438202247192,0.02208554475019371,558,MOM! The meatloaf!
3643,0,4,85,89,1.0449438202247192,0.02208554475019371,558,Is it glutton-free?
3643,1,2,86,89,1.0449438202247192,0.027260482421006156,558,Hillary prepares for a long nap as she listens to tips from Whoppi and gears up for her 2020 run.
3643,0,4,85,89,1.0449438202247192,0.02208554475019371,558,"Testing, Testing, 1, 2, 3."
3643,0,4,85,89,1.0449438202247192,0.02208554475019371,558,I'm restarting with the basics; pre-smartphone
3643,0,4,85,89,1.0449438202247192,0.02208554475019371,558,"Hello, it's me. I was wondering ..."
3643,1,2,86,89,1.0449438202247192,0.027260482421006156,558,"""Well, that's original."" [this caption is for the previous image]"
3643,1,2,86,89,1.0449438202247192,0.027260482421006156,558,"As James Bond said, 'I don't stop when I'm tired. I stop when I'm done.'"
3643,0,4,85,89,1.0449438202247192,0.02208554475019371,558,"Mommy, can you tell me the story of ""Sleep Training"" one more time?"
3643,1,2,86,89,1.0449438202247192,0.027260482421006156,558,"No, bitch, I want Mar-a-Lago water, not Beltway water."
3643,1,2,86,89,1.0449438202247192,0.027260482421006156,558,"Seriously, it was *one* bottle too many."
3643,0,4,85,89,1.0449438202247192,0.02208554475019371,558,And you're sure she won't notice?
3643,0,4,85,89,1.0449438202247192,0.02208554475019371,558,"Mom, ""The night life, it ain't no good life, but it's my life"", is my song."
3643,0,4,85,89,1.0449438202247192,0.02208554475019371,558,"Mommy, your Little Baby needs him mommy to breastfeed him again."
3643,1,2,86,89,1.0449438202247192,0.027260482421006156,558,Mommy come in...I need satin...these cotton sheets are going to ruin my self-esteem and I'll never get into Harvard.
3643,1,2,86,89,1.0449438202247192,0.027260482421006156,558,This is Donald Trump's fault.
3643,0,4,85,89,1.0449438202247192,0.02208554475019371,558,And to think independence truly began when I removed the batteries. Now I am a man.
3643,0,4,85,89,1.0449438202247192,0.02208554475019371,558,"Yep, it's 'Orange is the New Black' with a night light. The baby can sleep with us tonight. Over."
3643,0,4,85,89,1.0449438202247192,0.02208554475019371,558,"Times have really changed, haven't they Billy..."
3643,0,4,85,89,1.0449438202247192,0.02208554475019371,558,I hope she's able to start the coffee pot.
3643,1,2,86,89,1.0449438202247192,0.027260482421006156,558,"Baby Monitor: ""...you fell for the oldest trick in the book, I'm hitting the bottle."""
3643,1,2,86,89,1.0449438202247192,0.027260482421006156,558,"Donald screamed in the monitor, ""Mommy, Mr. Bannon put this in my crib. I don't know what it is, but I heard him tell Mrs. Conway, 'If you hear Donald climbing out of his crib, then give him his pussy and tell him to go to sleep for four years.'"""
3643,0,4,85,89,1.0449438202247192,0.02208554475019371,558,"""Okay, I'll sing it: ""Do you know the Muffin Man, the Muffin Man, the Muffin Man . . . ?""'"
3737,0,3,84,87,1.0344827586206897,0.019675772488188144,558,"Wait, this isn't a clock?"
3737,0,3,84,87,1.0344827586206897,0.019675772488188144,558,My parents moved to Florida in 2004 and all I got was this baby monitor.
3737,0,3,84,87,1.0344827586206897,0.019675772488188144,558,Will someone make these PJ's fit again?
3737,0,3,84,87,1.0344827586206897,0.019675772488188144,558,I'm not sure I like this new teddy.
3737,0,3,84,87,1.0344827586206897,0.019675772488188144,558,"New illustration for Freud's book, die Krippe Traum (The Crib Dream)."
3737,1,1,85,87,1.0344827586206897,0.02558210760216751,558,Turns out our Bubba-diddle was right after all. It is a lumpy mattress.
3737,0,3,84,87,1.0344827586206897,0.019675772488188144,558,Hello? Hello? Ryan dear can you hear me? Ok I'll stop crying. But I thought we agreed we wouldn't let the kids run the House.
3737,0,3,84,87,1.0344827586206897,0.019675772488188144,558,"What if we gave the baby a disc ball, instead of a night light?"
3737,0,3,84,87,1.0344827586206897,0.019675772488188144,558,"My bed has bars like a PRISON CELL, so it's appropriate that I'm using my CELL PHONE. Maybe I should just SELL my phone."
3737,0,3,84,87,1.0344827586206897,0.019675772488188144,558,"Alas, poor Yorick! I knew him before my boomerang."
3737,0,3,84,87,1.0344827586206897,0.019675772488188144,558,"But Mom, isn't grounding me for a day in my baby crib merely a counterproductive form of kinder-abuse?"
3737,0,3,84,87,1.0344827586206897,0.019675772488188144,558,"""What do mean no negotiations for time outs?"
3737,0,3,84,87,1.0344827586206897,0.019675772488188144,558,Maybe you need to cut back on Dateline instead of taking my phone.
3737,1,1,85,87,1.0344827586206897,0.02558210760216751,558,Ma I'm hungry get in here and put those saggy tits in my face.
3737,0,3,84,87,1.0344827586206897,0.019675772488188144,558,Parental Coneheads: Please stop buying milk from Texas. Over.
3737,0,3,84,87,1.0344827586206897,0.019675772488188144,558,"It's time for a change of scenery, and this gadget never did work."
3737,1,1,85,87,1.0344827586206897,0.02558210760216751,558,My inner child is against any sudden moves right now.
3737,1,1,85,87,1.0344827586206897,0.02558210760216751,558,Beam me up mommy- please!
3737,0,3,84,87,1.0344827586206897,0.019675772488188144,558,Because they just don't know how to work hard like we do.
3737,0,3,84,87,1.0344827586206897,0.019675772488188144,558,Trump calls me a big baby. But I don't think this is what he means.
3737,0,3,84,87,1.0344827586206897,0.019675772488188144,558,Pink is the new black.
3737,0,3,84,87,1.0344827586206897,0.019675772488188144,558,"Sleep training is a cowboy skill. Hello, Phil Dunphy."
3737,0,3,84,87,1.0344827586206897,0.019675772488188144,558,"And Goldilocks said, ""I'm going back to my own bed. It's just right."""
3737,0,3,84,87,1.0344827586206897,0.019675772488188144,558,I can't find my coloring book.
3737,0,3,84,87,1.0344827586206897,0.019675772488188144,558,Big 2: Rachel Baskin Grows Up!
3737,1,1,85,87,1.0344827586206897,0.02558210760216751,558,"I wish my parents had bought the ""everlasting"" batteries."
3737,0,3,84,87,1.0344827586206897,0.019675772488188144,558,"No one could say Peter wasn't committed to ghost-catching, cradle to grave."
3737,0,3,84,87,1.0344827586206897,0.019675772488188144,558,"The playpen might have worked for you once, but you haven't chosen a good stock since you were in diapers."
3737,1,1,85,87,1.0344827586206897,0.02558210760216751,558,Really Mom...how can this monitor not be on our Family & Friends plan?
3737,0,3,84,87,1.0344827586206897,0.019675772488188144,558,"Mom, I understand my last name isn't Jones."
3737,0,3,84,87,1.0344827586206897,0.019675772488188144,558,"Mom, I need some breast milk!"
3737,1,1,85,87,1.0344827586206897,0.02558210760216751,558,You think maybe I'm too white the this crib?
3737,0,3,84,87,1.0344827586206897,0.019675772488188144,558,"Mommy, why do we look so different?"
3737,1,1,85,87,1.0344827586206897,0.02558210760216751,558,"Big Brother, what do the bells of St. Clement's say?"
3737,1,1,85,87,1.0344827586206897,0.02558210760216751,558,Can you here me?
3737,0,3,84,87,1.0344827586206897,0.019675772488188144,558,Cash me outside how bow dah.
3737,0,3,84,87,1.0344827586206897,0.019675772488188144,558,I think I need some batteries to call my mom.
3737,0,3,84,87,1.0344827586206897,0.019675772488188144,558,"*khhcht* ""Looks like it's time for some game theory"" *Ktchct*"
3737,1,1,85,87,1.0344827586206897,0.02558210760216751,558,"No Johnny, just because your in a crib with a baby monitor in a onesie does not make you a baby, for the last time get your own milk and cookies."
3737,1,1,85,87,1.0344827586206897,0.02558210760216751,558,"Eric's thinking, ""Get a load of this: the President's tweeting me that I should grow up!"""
3737,0,3,84,87,1.0344827586206897,0.019675772488188144,558,"Yo Ric, I knew him well, Horatio."
3737,0,3,84,87,1.0344827586206897,0.019675772488188144,558,"Calling Dr. Jill Stein ... calling Dr. Jill Stein ... come in, Dr. Jill Stein."
3737,0,3,84,87,1.0344827586206897,0.019675772488188144,558,Okay let's crank it down a bit
3737,0,3,84,87,1.0344827586206897,0.019675772488188144,558,"No, I didn't get Nesting and Guesting confused."
3737,0,3,84,87,1.0344827586206897,0.019675772488188144,558,They took our toy poodle to Westminster and left me here to guard her dog bed.
3737,0,3,84,87,1.0344827586206897,0.019675772488188144,558,Sherry began to believe her behavior was juvenile when she overheard and understood the word.
3737,0,3,84,87,1.0344827586206897,0.019675772488188144,558,"Mom, can I come out now? His four-year term is finally over. Over."
3737,1,1,85,87,1.0344827586206897,0.02558210760216751,558,"Hey Dad, can you tell Mom moving to DC is fne with me?"
3737,0,3,84,87,1.0344827586206897,0.019675772488188144,558,He's gonna kill us when he finds out.
3737,1,1,85,87,1.0344827586206897,0.02558210760216751,558,Stop kidding around and come down for breakfast.
3737,0,3,84,87,1.0344827586206897,0.019675772488188144,558,"yes, I remember it well"
3737,0,3,84,87,1.0344827586206897,0.019675772488188144,558,I didn't win a trophy in my dream.
3737,0,3,84,87,1.0344827586206897,0.019675772488188144,558,I don't think those carrots are sitting well.
3737,0,3,84,87,1.0344827586206897,0.019675772488188144,558,"Don, this is Vincent. Do you read me? Over."
3737,0,3,84,87,1.0344827586206897,0.019675772488188144,558,"Thanks, honey, I slept like a log. Your turn."
3737,0,3,84,87,1.0344827586206897,0.019675772488188144,558,I just want to go back to the stress-free past.
3737,1,1,85,87,1.0344827586206897,0.02558210760216751,558,"It looks, for lack of a better word, sinful."
3737,0,3,84,87,1.0344827586206897,0.019675772488188144,558,What? I'm being banned from entering my own bedroom?
3737,0,3,84,87,1.0344827586206897,0.019675772488188144,558,Don't believe the fake news media. The White House is running VERY WELL (@realDonaldTrump)
3737,1,1,85,87,1.0344827586206897,0.02558210760216751,558,So how much longer DO I have to wait for my class of water?
3737,0,3,84,87,1.0344827586206897,0.019675772488188144,558,8 years and still no working Obamaphone...
3737,0,3,84,87,1.0344827586206897,0.019675772488188144,558,"Rip Van Winkle, 2.0."
3737,0,3,84,87,1.0344827586206897,0.019675772488188144,558,"...and then stupid CPAC disinvited me and then stinky Breitbart told me to go home, and then...Hello? Mom? Are you still listening?"
3737,0,3,84,87,1.0344827586206897,0.019675772488188144,558,"Ok you can unlock the door, my mindfulness session is not working"
3737,0,3,84,87,1.0344827586206897,0.019675772488188144,558,A modern Utica crib.
3737,1,1,85,87,1.0344827586206897,0.02558210760216751,558,You wet yourself again? Do we need to go back to potty trainers?
3737,0,3,84,87,1.0344827586206897,0.019675772488188144,558,When is it my turn to play Yiannopoulos?
3737,0,3,84,87,1.0344827586206897,0.019675772488188144,558,Mom?! You haven't taken me out of my crib in ten years!
3737,0,3,84,87,1.0344827586206897,0.019675772488188144,558,I may be considered the first helicopter parent of an infant.
3737,1,1,85,87,1.0344827586206897,0.02558210760216751,558,My theory of relativity states that a big brother who watches you long enough becomes your little brother.
3737,0,3,84,87,1.0344827586206897,0.019675772488188144,558,"Mom, I'm confused....he is my Daddy too!"
3737,0,3,84,87,1.0344827586206897,0.019675772488188144,558,Hello God. I'm beginning to think that I'm not 'THE BEST'.
3737,1,1,85,87,1.0344827586206897,0.02558210760216751,558,"I dunno Eve, doesn't smell like strawberry rhubarb to me."
3737,0,3,84,87,1.0344827586206897,0.019675772488188144,558,Make baby great again
3737,0,3,84,87,1.0344827586206897,0.019675772488188144,558,"I just sh*t my jammies, again. That's 30 days and counting."
3737,0,3,84,87,1.0344827586206897,0.019675772488188144,558,I knew this was just for show!
3737,0,3,84,87,1.0344827586206897,0.019675772488188144,558,If I lived in the hood I'd be Skyping from my crib.
3814,0,3,85,88,1.0340909090909092,0.019454845748129147,558,The Bogeyman just proposed to me.
3814,0,3,85,88,1.0340909090909092,0.019454845748129147,558,Thomas Edison Junior discovers the night lightbulb.
3814,0,3,85,88,1.0340909090909092,0.019454845748129147,558,Welcome to Oxydol's own Ma Perkins ...
3814,1,1,86,88,1.0340909090909092,0.025292766612950986,558,S
3814,0,3,85,88,1.0340909090909092,0.019454845748129147,558,Now I'm really being a baby
3814,0,3,85,88,1.0340909090909092,0.019454845748129147,558,That's a big 10-4 good buddy.
3814,1,1,86,88,1.0340909090909092,0.025292766612950986,558,"Hon, we're picking up the drive-thru from the Burger Hut."
3814,1,1,86,88,1.0340909090909092,0.025292766612950986,558,"Wait, so the ""anchor baby"" out is a myth? And you need to be an actual infant? SHIT!"
3814,0,3,85,88,1.0340909090909092,0.019454845748129147,558,Whats with this childish alarm call?
3823,0,2,83,85,1.0235294117647058,0.016538475539636426,558,"Just like dad did to me, it made me Great Again! (except for a couple of fetishes)."
3823,0,2,83,85,1.0235294117647058,0.016538475539636426,558,It's tough being adopted by a goldfish.
3823,0,2,83,85,1.0235294117647058,0.016538475539636426,558,"For god's sake, WE WERE CHILDREN. We never asked for trophies, or for our parents to hover or call our teachers for daring to give us a C. -Trung's Cupcake@ECCC on Twitter"
3823,0,2,83,85,1.0235294117647058,0.016538475539636426,558,I see you're taking the gas leak seriously.
3823,0,2,83,85,1.0235294117647058,0.016538475539636426,558,Pilot from Navigator
3823,0,2,83,85,1.0235294117647058,0.016538475539636426,558,the fourth amendment says this is illegal !
3823,0,2,83,85,1.0235294117647058,0.016538475539636426,558,I wanna live... not merely survive... and I won't give up this dream of Life that keeps me alive... I GOTTA BE ME...
3823,0,2,83,85,1.0235294117647058,0.016538475539636426,558,Who knew 'juvenile' is a dirty word?
3823,0,2,83,85,1.0235294117647058,0.016538475539636426,558,"Oh Lance, another nightmare about your schoolmates not playing fair?"
3823,0,2,83,85,1.0235294117647058,0.016538475539636426,558,"But, she was being reverse-racist."
3823,0,2,83,85,1.0235294117647058,0.016538475539636426,558,I'm 10-4!
3823,0,2,83,85,1.0235294117647058,0.016538475539636426,558,"Mom, sorry to keep you up but can you get me some sleep aids?"
3823,0,2,83,85,1.0235294117647058,0.016538475539636426,558,"Honey, are you sure this is what they meant by ""practice"" at Lamaze?"
3823,0,2,83,85,1.0235294117647058,0.016538475539636426,558,"Got it, AG Sessions; this 'Cribs' press conference will win over your urban 'fans.'"
3823,0,2,83,85,1.0235294117647058,0.016538475539636426,558,I had a bowel movement in my pants and i'm hungry.
3823,0,2,83,85,1.0235294117647058,0.016538475539636426,558,Time for my coddle feeding.
3823,0,2,83,85,1.0235294117647058,0.016538475539636426,558,"Mom, Dad, I'm hiding from the nuclear bombs that are to come."
3823,0,2,83,85,1.0235294117647058,0.016538475539636426,558,Call Lenore Skenazy!
3823,0,2,83,85,1.0235294117647058,0.016538475539636426,558,"Wishes really do come true, wonder if my body gets younger too! Oh well time for middle school."
3823,0,2,83,85,1.0235294117647058,0.016538475539636426,558,car 54 where are you>
3823,0,2,83,85,1.0235294117647058,0.016538475539636426,558,"Mom, are you there? With everything that is happening right now, post-election, I need you to remember to check in on me."
3823,0,2,83,85,1.0235294117647058,0.016538475539636426,558,"God morning, young Rip Van Winkle, Jr.! Time to rise and shine!"
3823,1,0,84,85,1.0235294117647058,0.023529411764705882,558,bush did the nine eleven
3823,0,2,83,85,1.0235294117647058,0.016538475539636426,558,I think I'm getting bed sores!
3823,1,0,84,85,1.0235294117647058,0.023529411764705882,558,"Mummy, Mummy, I still haven't outgrown my fear of the dark. Come quick!"
3823,0,2,83,85,1.0235294117647058,0.016538475539636426,558,"Statistic surveys report that in the last decade for adult children to leave their parents"" house"
3823,0,2,83,85,1.0235294117647058,0.016538475539636426,558,"Honey, it's not possible for me to nurse the baby."
3823,0,2,83,85,1.0235294117647058,0.016538475539636426,558,"Yes, I wrote myself a baby subroutine, but I think I'll leave out diapers...you can get too real with this human shit"
3823,0,2,83,85,1.0235294117647058,0.016538475539636426,558,"""Ask them what their vacation policy is and tell them I'll call them back, Mom"" the millennial begged."
3823,0,2,83,85,1.0235294117647058,0.016538475539636426,558,"Hmm, something about a guy named Jack running down a beanstalk carrying papa's prized goose."
3823,0,2,83,85,1.0235294117647058,0.016538475539636426,558,Big Brother is always watching you
3823,0,2,83,85,1.0235294117647058,0.016538475539636426,558,I've been on my cell phone since birth
3823,0,2,83,85,1.0235294117647058,0.016538475539636426,558,"Apple? I’m gluten intolerant Eve, but maybe this one time . . ."
3823,0,2,83,85,1.0235294117647058,0.016538475539636426,558,"I'm more of a Banned Blueberry fan, but I guess Forbidden Apple will do."
3823,0,2,83,85,1.0235294117647058,0.016538475539636426,558,How am I supposed to keep my Snapchat streak alive?
3823,0,2,83,85,1.0235294117647058,0.016538475539636426,558,"And then I wish she told me I could be president someday, but didn't have to."
3823,0,2,83,85,1.0235294117647058,0.016538475539636426,558,I wonder if this gadget makes collect calls like the old phone down the hall in my dorm.
3823,0,2,83,85,1.0235294117647058,0.016538475539636426,558,"It's time he grows up, we have got to get him out of that crib!"
3823,1,0,84,85,1.0235294117647058,0.023529411764705882,558,The battery died. You kidding me?
3823,0,2,83,85,1.0235294117647058,0.016538475539636426,558,Is your life as fulfilling as mine?
3863,0,2,84,86,1.0232558139534884,0.01634732612453039,558,"If you build it, they will come."
3863,0,2,84,86,1.0232558139534884,0.01634732612453039,558,The twins wanted to check out the bunk beds.
3863,0,2,84,86,1.0232558139534884,0.01634732612453039,558,Uhhh...you had me at the apple.
3863,0,2,84,86,1.0232558139534884,0.01634732612453039,558,"So, how much longer until my math homework?"
3863,0,2,84,86,1.0232558139534884,0.01634732612453039,558,"I'm here because I disagreed with what they said, but before I could defend to the death their right to say it ,they called me names and chased me."
3863,0,2,84,86,1.0232558139534884,0.01634732612453039,558,I'm 10-4!
3863,0,2,84,86,1.0232558139534884,0.01634732612453039,558,"But, what if all we're ever remembered for is introducing gluten into the world?"
3870,0,1,82,83,1.0120481927710843,0.012121434739137725,558,Momma..............dadda.......?
3870,0,1,82,83,1.0120481927710843,0.012121434739137725,558,B-b-b-b-baby.... wa-wa-wa-want....m-m-m-milk
3870,0,1,82,83,1.0120481927710843,0.012121434739137725,558,"Adam: ""More like Garden of Eatin'! Am I right?!"" God: ""Get the f*ck out"""
3870,0,1,82,83,1.0120481927710843,0.012121434739137725,558,"I'll take a five, and a twenty and a..."
3870,0,1,82,83,1.0120481927710843,0.012121434739137725,558,"Shhh, ok I'll do it, but you'll have to run if my mom and dad hear us."
3870,0,1,82,83,1.0120481927710843,0.012121434739137725,558,To dream the impossible dream. No matter how hopeless. No matter how far. To be willing to march! To this glorious quest! And the world will be better for this. [amen] ~ Man of La Mancha
3870,0,1,82,83,1.0120481927710843,0.012121434739137725,558,It's a hell of a thing to know what you smell like as a fart.
3870,0,1,82,83,1.0120481927710843,0.012121434739137725,558,Little yellow bus. Little crib. I can't win.
3870,0,1,82,83,1.0120481927710843,0.012121434739137725,558,I wonder if this is how Han Solo started?
3870,0,1,82,83,1.0120481927710843,0.012121434739137725,558,"Now, for the next part of your Regression Therapy, Mrs. Nugent..."
3870,0,1,82,83,1.0120481927710843,0.012121434739137725,558,We're grooming you to be president.
3870,0,1,82,83,1.0120481927710843,0.012121434739137725,558,Okay Mom I'm ready. Send down MTV Cribs.
3870,0,1,82,83,1.0120481927710843,0.012121434739137725,558,"Mom, my diaper needs to be changed."
3870,0,1,82,83,1.0120481927710843,0.012121434739137725,558,Trigger Warning:this is my new start-up!
3870,0,1,82,83,1.0120481927710843,0.012121434739137725,558,Hmmm.....my conscience tells me to skip dessert.
3870,0,1,82,83,1.0120481927710843,0.012121434739137725,558,Every form of refuge has its spice.
3870,0,1,82,83,1.0120481927710843,0.012121434739137725,558,Home schooling makes me a cyborg.
3870,0,1,82,83,1.0120481927710843,0.012121434739137725,558,I didn't like dinner so tomorrow you're grounded.
3870,0,1,82,83,1.0120481927710843,0.012121434739137725,558,"But 9,999,999 is trying."
3870,0,1,82,83,1.0120481927710843,0.012121434739137725,558,"Mom, can you bring me my binky? I think I left it in -- [to camera] get this, folks -- my participation trophy room."
3870,0,1,82,83,1.0120481927710843,0.012121434739137725,558,The mobile will help my insomnia - don't infantilize me.
3870,0,1,82,83,1.0120481927710843,0.012121434739137725,558,"So at what point do I get out the safety scissors, for my eyes?"
3870,0,1,82,83,1.0120481927710843,0.012121434739137725,558,"Dad, when can I visit the White House?"
3870,0,1,82,83,1.0120481927710843,0.012121434739137725,558,"""Holy Crap! I'm late for the weekly #notmypresident Trump protest! ""- Jimmy Joe"
3870,0,1,82,83,1.0120481927710843,0.012121434739137725,558,Roger...over and out.
3870,0,1,82,83,1.0120481927710843,0.012121434739137725,558,"""Baby cakes 4.00 am is a reasonable time, when your drinking with the guys"
3870,0,1,82,83,1.0120481927710843,0.012121434739137725,558,"The lemonade was one thing, I'm not so sure about this."
3870,0,1,82,83,1.0120481927710843,0.012121434739137725,558,"Mom, thanks for my laundry, but this is my little boy t shirt."
3870,0,1,82,83,1.0120481927710843,0.012121434739137725,558,His baby mamma car and crib is bigger than his. Over.
3870,0,1,82,83,1.0120481927710843,0.012121434739137725,558,Stephen wanted to see what all the fuss was about.
3870,0,1,82,83,1.0120481927710843,0.012121434739137725,558,"Yo, Mom, letting you know the drone stays down during the SAT exam."
3870,0,1,82,83,1.0120481927710843,0.012121434739137725,558,Are you really my parents from X1394DA?
3870,0,1,82,83,1.0120481927710843,0.012121434739137725,558,Abracadabra! Tweet me to K-49.
3870,0,1,82,83,1.0120481927710843,0.012121434739137725,558,And that's how I found out that dad has a foot fetish..
3870,0,1,82,83,1.0120481927710843,0.012121434739137725,558,I'm anxious my dreams will be substandard.
3870,0,1,82,83,1.0120481927710843,0.012121434739137725,558,Why should my stupid situation enable me to say why BEK cartoons are never funny?
3870,0,1,82,83,1.0120481927710843,0.012121434739137725,558,"Ga ga ga, goo goo goo, ga ga ga."
3870,0,1,82,83,1.0120481927710843,0.012121434739137725,558,"' even a single one would be fine mom ! """
3870,0,1,82,83,1.0120481927710843,0.012121434739137725,558,S
3909,0,1,83,84,1.0119047619047619,0.011976262619132589,558,This is not what I meant by borrowing dad's hand me downs.
3909,0,1,83,84,1.0119047619047619,0.011976262619132589,558,Why can't Putin can't fill in for me when I'm low energy?? This country is TOTALLY Overrated! UNFAIR!!
3909,0,1,83,84,1.0119047619047619,0.011976262619132589,558,"To hell with freaky Furter, Riff Raff, I want my McLaren to Bellevue NOW!"
3909,0,1,83,84,1.0119047619047619,0.011976262619132589,558,I never thought that when I got old the diaper would be on the other...
3913,0,0,81,81,1.0,0.012422599874998832,558,"Wow, I've never seen so much smoke in my life."
3913,0,0,81,81,1.0,0.012422599874998832,558,Mom! ... Mo-o-m? Is the Ovange still avound?
3913,0,0,81,81,1.0,0.012422599874998832,558,Did you forget? I'm conducting the monthly side-by-side accuracy test of our hospital-grade oximeter tonight.
3913,0,0,81,81,1.0,0.012422599874998832,558,OK now! Wheres my Baby???
3913,0,0,81,81,1.0,0.012422599874998832,558,I wish the baby alarm would not go off every day. Would that baby just stop.
3913,0,0,81,81,1.0,0.012422599874998832,558,"I'm tired of playing crib-age, I want a regular bed shaped like a ducky."
3913,0,0,81,81,1.0,0.012422599874998832,558,"Maybe if my mother would stop locking me in here, I wouldn't avoid speaking to her and spend so much time on my phone."
3913,0,0,81,81,1.0,0.012422599874998832,558,"""Who're you calling, a baby? Robert Ferrante Shelton, CT"
3913,0,0,81,81,1.0,0.012422599874998832,558,Fifty-five more years Mary Anne and Don' T will be President. Oh Fred.
3913,0,0,81,81,1.0,0.012422599874998832,558,When is the helicopter taking off today?
3913,0,0,81,81,1.0,0.012422599874998832,558,You're behavior classifies your maturity level not your age.
3913,0,0,81,81,1.0,0.012422599874998832,558,"YOU TUBE ""how much is your largest crib?"""
3913,0,0,81,81,1.0,0.012422599874998832,558,SDIHTT! TTYAW.
