rank,funny,somewhat_funny,unfunny,count,score,precision,contest,caption
1,1134,1130,1550,3814,1.89092815941269,0.01346992511062603,561,"And lastly Father, I bit the mailman"
2,962,1161,1394,3517,1.8771680409439864,0.01364678574081024,561,Tell me about it. It's been a week since I licked mine.
3,1379,1794,2081,5254,1.8663875142748383,0.011043875026844974,561,Can you hear me now?
4,735,1103,1302,3140,1.8194267515923568,0.014009956599326157,561,Just let go of the stick and this will all be over.
5,981,1356,1862,4199,1.7901881400333413,0.01227993470877899,561,And you thought the cat couldn't open the superglue.
6,762,1281,1786,3829,1.732567249934709,0.012456063030568834,561,"No offense, but I prefer your other end."
7,688,1413,1721,3822,1.7297226582940868,0.01207635604062945,561,You're right! The acoustics are amazing!
8,743,1198,1750,3691,1.7271742075318341,0.012762079676415237,561,"Squirrel outside, freshly waxed floor, plate glass window. You?"
9,721,1431,1817,3969,1.7238599143361049,0.011913693702276755,561,"No, YOU need a mint."
10,679,1142,1738,3559,1.7024445068839562,0.012883619652887934,561,This is great. They'll never find us now.
11,518,1036,1709,3263,1.6349984676677904,0.01297635740453633,561,It's been two dog years since my last confession.
12,48,135,186,369,1.6260162601626016,0.03664913338292123,561,They're called woofers...hear the bass?
13,233,419,776,1428,1.6197478991596639,0.01984507219894783,561,I love the privacy. I miss the testicles.
14,400,985,1529,2914,1.6125600549073438,0.013255872055421121,561,What are you in for?
15,453,798,1555,2806,1.6072701354240913,0.014146832022946615,561,It's great that that this kennel allows conical visits!
16,241,398,812,1451,1.6064782908339077,0.01984156337325929,561,They said cones. I was expecting Haagen Dazs.
17,107,279,427,813,1.6063960639606396,0.024861748513782544,561,"Needless to say, this stays in the cones."
18,347,855,1386,2588,1.598531684698609,0.014019317516352431,561,"Okay, guess if my tail is up or down?"
19,122,325,510,957,1.5945663531870429,0.022778279867126723,561,How do I know you're really wagging?
20,55,114,211,380,1.5894736842105264,0.03744717102173662,561,Sorry. Wrong end.
21,384,812,1519,2715,1.5819521178637201,0.013923636066933419,561,What happens in the cone stays in the cone.
22,257,512,1018,1787,1.5741466144376048,0.01726117120260801,561,Let me show you something I learned from a French poodle.
23,194,470,835,1499,1.5723815877251501,0.018335257388178566,561,"What happens inside the cone, stays inside the cone."
24,165,355,683,1203,1.569409808811305,0.020789262173479192,561,Higher! Left! Behind the ear! Oh my God! There. Right there.
25,456,506,1548,2510,1.5649402390438247,0.015581327018375113,561,I hate that fucking cat.
26,180,514,862,1556,1.5616966580976863,0.017524553106225752,561,I'll let go of the stick when you let go of the stick.
27,106,246,467,819,1.5592185592185592,0.0248552145108794,561,"Don't worry, they'll never find us in here."
28,100,191,411,702,1.556980056980057,0.027539455757238544,561,"Bless me Rover, for I have sinned."
29,107,251,478,836,1.55622009569378,0.024539352779390473,561,"I don't think ""fixed"" means what we think it means."
30,235,514,1038,1787,1.5506435366536093,0.016905737354799916,561,Wait. They told you you're a good boy too?
31,231,621,1126,1978,1.5475227502527806,0.015603049681949668,561,"Hey, you really CAN hear the ocean!"
32,188,429,868,1485,1.5420875420875422,0.01838175755420186,561,"Oh, THAT'S what they mean by ""dog breath."""
33,84,172,374,630,1.5396825396825398,0.0286165361466931,561,It seemed funny when he did it to the cats.
34,175,428,853,1456,1.5343406593406594,0.018336400889895438,561,I bit the hand that feeds me. You?
35,87,218,429,734,1.534059945504087,0.025746617701829927,561,Chewed up the furniture. You?
36,208,518,1025,1751,1.533409480296973,0.0166726865293002,561,We're on a secure line
37,195,384,895,1474,1.525101763907734,0.018679344113449712,561,"It's a deal, then: I'll lick yours and you lick mine."
38,144,300,682,1126,1.522202486678508,0.021192864545967725,561,Your right I can hear the ocean
39,147,265,662,1074,1.5204841713221602,0.02208438057353858,561,Let's call a spayed a spayed.
40,272,210,972,1454,1.5185694635488307,0.020719930951507287,561,I was grabbing too many pussies. What's your crime?
41,159,454,876,1489,1.5184687709872398,0.017643898704002736,561,You sure the cat can't hear us?
42,358,93,1110,1561,1.5182575272261372,0.021308885167077754,561,"Can't see the cartoon because of your obnoxious pop-up announcing ""GOOD NEWS!"" PLEASE GET RID OF POP UPS!!!"
43,316,106,1018,1440,1.5125,0.02187736110778054,561,"That stupid ""GOOD NEWS! We've merged our Cartoon Caption Contest Registration with our overall ..."" is STILL defacing the contest after all these months..."
44,134,320,716,1170,1.5025641025641026,0.02024345524538526,561,"Yeah, I can't reach mine either. But maybe we can work something out."
45,128,340,723,1191,1.5004198152812762,0.019766393000304597,561,Use your inside voice
46,35,108,215,358,1.4972067039106145,0.035326525046482794,561,We can't be seen like this.
47,139,301,728,1168,1.4957191780821917,0.02044901644374557,561,"NOW I know what they mean by ""dog breath."""
48,113,254,626,993,1.4833836858006042,0.02193550503673465,561,"Ok, on the third grrr, we both let go of the bone."
49,118,234,623,975,1.4820512820512821,0.022468986738769996,561,Speak English. They can't hear us.
50,96,243,573,912,1.4769736842105263,0.022470766582184946,561,Are you sure they can't see us anymore?
51,85,222,520,827,1.4740024183796856,0.02346720959514714,561,"I don't remember anything about last night, either."
52,102,203,556,861,1.4727061556329848,0.023776792573438534,561,Nobody knew health care could be so complicated.
53,107,187,556,850,1.4717647058823529,0.024291309066621605,561,"Leggo, it's MY bone."
54,82,230,525,837,1.4707287933094384,0.023073656497875357,561,"Just some advice, don't stick your head out of the car window."
55,55,155,353,563,1.4706927175843694,0.028124120103856728,561,Vasectomy. You?
56,81,216,511,808,1.4678217821782178,0.02359981338538479,561,I told you we could hear the ocean.
57,66,135,371,572,1.4667832167832169,0.02898353527662349,561,There. Now we're invisible.
58,71,202,473,746,1.4611260053619304,0.02427021645401822,561,You're right! They'll never find us in here!
59,90,141,472,703,1.4566145092460883,0.02679890338774238,561,"No, much deeper, like this...""Luke, I am your father."""
60,71,178,453,702,1.4558404558404558,0.025345800647623616,561,"Agreed, we bite them as soon as the collars come off."
61,72,165,444,681,1.4537444933920705,0.02598965214334566,561,Got olives and Vermouth?
62,77,154,448,679,1.4536082474226804,0.026458960513435548,561,I'm still covered under the Adorable Care Act.
63,64,171,428,663,1.4509803921568627,0.02580015334527747,561,So much for man being our best friend.
64,44,195,394,633,1.4470774091627172,0.024720582072687035,561,I want to see other dogs.
65,56,157,394,607,1.443163097199341,0.026677500989307892,561,Barking aversion therapy.
66,63,132,391,586,1.4402730375426622,0.028085636892575535,561,"Bless me Rover, for I have sinned."
67,46,70,253,369,1.4390243902439024,0.03669810992940607,561,I'd like to see more of you.
68,55,143,379,577,1.438474870017331,0.02753961497067546,561,Do you think they'll find us?
68,46,161,370,577,1.438474870017331,0.0265381036874486,561,I think it's time we started seeing other dogs.
70,64,118,382,564,1.4361702127659575,0.028981408656745488,561,YOU'RE BLIND. HE WAS SAFE BY A MILE !!!
71,61,120,374,555,1.436036036036036,0.02899422422048432,561,"Trust me, Max, the cones are the least emasculating thing that's happened to us today."
72,63,115,376,554,1.4350180505415162,0.029252723381331808,561,How rude of me. I thought this was your butt.
73,54,131,365,550,1.4345454545454546,0.02837683381468128,561,"''Would you mind taking a look and let me know if I'm missing anything?"""
74,41,156,351,548,1.4343065693430657,0.026883165513993768,561,"Use your inside voice, please."
75,50,131,354,535,1.4317757009345795,0.02845132951967737,561,It looks like we've both been thoroughly vetted.
76,50,126,350,526,1.429657794676806,0.028790409864640175,561,I think we should start seeing other dogs.
76,36,154,336,526,1.429657794676806,0.026972087986263424,561,I think we should see other dogs.
78,37,142,327,506,1.4268774703557312,0.027821857457226304,561,Are you sure no one can see us?
79,34,102,265,401,1.4239401496259352,0.03216329270346278,561,They did WHAT while I was sleeping?!
80,47,111,327,485,1.422680412371134,0.030076902616273972,561,"If you can't lick the one you love, love the one you lick."
81,24,108,238,370,1.4216216216216215,0.03181870048619359,561,Ever feel like you have an itch you just can't scratch?
82,37,123,310,470,1.4191489361702128,0.029237280652144447,561,"Imagine if this is what they do to their ""best friends?"""
83,41,113,312,466,1.4184549356223175,0.030029235493535592,561,"Can we talk, or do you think these cones are tapped?"
84,45,102,313,460,1.4173913043478261,0.030920094407367916,561,Silence of the labs
84,38,116,306,460,1.4173913043478261,0.029828602418441607,561,Don't think about where his tongue has been....Don't think about where his tongue has been...
86,38,88,272,398,1.4120603015075377,0.03303388777158688,561,Seeing eye to eye dogs
87,37,106,294,437,1.4118993135011442,0.030724234132398703,561,Would you mind turning around so I can identify you?
88,36,78,251,365,1.4109589041095891,0.034741271226244555,561,Silence of the labs
89,34,109,288,431,1.4106728538283062,0.03049183202740304,561,"OK, it's safe to use our human voices now."
90,43,90,296,429,1.4102564102564104,0.032150794257937126,561,Do you think they know we are in here?
91,76,20,324,420,1.4095238095238096,0.03795861396799871,561,"Get the ""good news"" popup out of the way. Haven't been able to see the cartoon contest for two weeks."
92,43,87,293,423,1.408983451536643,0.03247403923315694,561,I still prefer smelling your butt.
92,42,89,292,423,1.408983451536643,0.032301069934794376,561,"If you lick mine, I'll lick yours"
94,20,67,175,262,1.4083969465648856,0.03886712980178681,561,Your right I can hear the ocean
95,36,90,272,398,1.407035175879397,0.032613377673089666,561,"Yeah, he's not my best friend any more, either."
96,36,83,263,382,1.405759162303665,0.03357915941848265,561,We've trapped the cat. Now what?
97,40,87,285,412,1.4053398058252426,0.03254097940196037,561,Mine was elective.
98,30,57,202,289,1.4048442906574394,0.03946507984065888,561,Extreme vetting.
99,41,82,283,406,1.4039408866995073,0.033063466470802313,561,They cut what off?
100,24,65,191,280,1.4035714285714285,0.03843395405782568,561,I knew we'd eventually see eye to eye...
101,39,85,280,404,1.4034653465346534,0.032807066947758166,561,I have a message for the Russian Ambassador.
102,28,83,234,345,1.4028985507246376,0.034222686831657675,561,I hate blind dates.
103,39,83,278,400,1.4025,0.03303729759803991,561,"No, you hang up!"
104,32,95,269,396,1.4015151515151516,0.03189845027127585,561,It's OK for whispering but for long distance you need a string.
105,39,78,273,390,1.4,0.03363191041938569,561,Trust me - they'll never find us in here.
106,33,84,261,378,1.3968253968253967,0.03313657038256476,561,"They can take away our manhood, but they will never take away our dignity!"
107,24,94,240,358,1.3966480446927374,0.03234082267465658,561,I like this Facetime
108,27,85,244,356,1.3904494382022472,0.03313158008706224,561,"No, I swear I'm not seeing anyone else."
109,31,74,245,350,1.3885714285714286,0.03447213610937673,561,"Hey, I can hear the ocean."
110,25,84,236,345,1.3884057971014492,0.0333443219823577,561,So it's really true. Our breath DOES stink.
111,23,89,236,348,1.3879310344827587,0.03263740428620847,561,I think we finally have a secure connection
111,29,77,242,348,1.3879310344827587,0.03412585680526223,561,When I'm with you it's like the rest of world ceases to exist
113,22,88,232,342,1.3859649122807018,0.03274584299148712,561,Woof! Surround Sound is awesome!
114,14,103,223,340,1.3852941176470588,0.030685169889072637,561,"Back up. No, you back up......"
115,19,69,192,280,1.3821428571428571,0.03650619722475945,561,Hey! You DO get NPR on yours.
116,31,64,235,330,1.3818181818181818,0.035895485137865994,561,The pill is hidden in your food
116,30,66,234,330,1.3818181818181818,0.03563796512521048,561,What is it we're not supposed to be licking again?
116,18,90,222,330,1.3818181818181818,0.03238840869912016,561,I see we both failed at the RCA audition...
116,26,74,230,330,1.3818181818181818,0.03458871749859425,561,I think it's time for us to see other dogs.
116,24,78,228,330,1.3818181818181818,0.03405197186894587,561,"Ok, here's the deal. You lick mine and I'll lick yours."
121,29,65,230,324,1.3796296296296295,0.03582392958204639,561,Dog Whisperers.
122,22,78,222,322,1.3788819875776397,0.03404122431181461,561,I peed on the boss's shoe; what are you in for?
123,23,52,185,260,1.376923076923077,0.03987311670811905,561,Schrodinger's canine experiments proved to be less profound.
124,28,63,225,316,1.3765822784810127,0.0361646699421814,561,"Not so happy with the dish, definitely going back to cable."
125,24,70,220,314,1.375796178343949,0.03518275666475191,561,Speak freely. I'm positive we aren't being wiretapped.
126,16,84,210,310,1.3741935483870968,0.033043980851268126,561,I think we should start seeing other dogs.
127,21,73,214,308,1.3733766233766234,0.03473164487730407,561,Now can you hear me?
127,26,63,219,308,1.3733766233766234,0.036222156073746146,561,Don't sneeze.
129,24,64,213,301,1.372093023255814,0.03619890623754482,561,I think we've been vetted.
130,21,68,208,297,1.3703703703703705,0.03557492571530422,561,So that's what he meant by extreme vetting
130,26,58,213,297,1.3703703703703705,0.03713927104022812,561,He said we were 'going to the park'.
132,28,53,214,295,1.3694915254237288,0.03792213856928246,561,The mailman goes down at noon. Pass it on.
132,19,71,205,295,1.3694915254237288,0.03507916689848643,561,Don't you hate the new confidentiality rules?
134,22,64,207,293,1.3686006825938566,0.03621212560151658,561,Chinese dog trap
134,19,70,204,293,1.3686006825938566,0.03523050574089539,561,Muzzle Tov
136,26,55,210,291,1.3676975945017182,0.03765497776202391,561,These are great subwoofers.
137,21,55,189,265,1.3660377358490565,0.03846213593702533,561,"In hindsight, things weren't so bad."
138,22,43,173,238,1.365546218487395,0.04193606396444889,561,"If we put our heads together, there's nothing we can't lick."
139,24,48,191,263,1.3650190114068441,0.03976503692837976,561,It was considered a pre-existing condition.
140,22,60,203,285,1.3649122807017544,0.03687327331870868,561,Do you think they know we are in here?
140,36,32,217,285,1.3649122807017544,0.04129859012028283,561,(This is funny by itself and doesn't need a caption.)
140,18,68,199,285,1.3649122807017544,0.03550774055506267,561,It's been a month since my last confession.
143,20,41,161,222,1.364864864864865,0.04317273919032038,561,If only we'd met a week ago...
144,22,59,202,283,1.3639575971731448,0.037043653395183194,561,I can't take my eyes off you.
144,23,57,203,283,1.3639575971731448,0.03738038294661348,561,You talkin' to me?!
144,25,53,205,283,1.3639575971731448,0.038044902076118964,561,"What happened to ""if you like your balls, you can keep em""?"
144,18,67,198,283,1.3639575971731448,0.03566495713400549,561,RCA Victor/RCA Victoria
148,24,54,203,281,1.3629893238434163,0.03789301575098324,561,Are you sure we're invisible now?
148,24,54,203,281,1.3629893238434163,0.03789301575098324,561,Welcome to the cone of silence.
148,6,90,185,281,1.3629893238434163,0.031278284397236546,561,It seemed more romantic when Lady and the Tramp did it.
151,20,61,198,279,1.3620071684587813,0.03669469381545987,561,I think they don't want us to see what they removed.
151,12,77,190,279,1.3620071684587813,0.03376705451433441,561,No! When I say forward you move BACK!!
153,17,65,192,274,1.3613138686131387,0.03605316323838804,561,"No, you let go of the stick first."
154,13,72,187,272,1.3602941176470589,0.034687349041198266,561,The first RCA Victor records logo wasn't a total success.
154,15,68,189,272,1.3602941176470589,0.03546092824561642,561,No... you walk backwards.
156,24,48,196,268,1.3582089552238805,0.039138655721167315,561,Well for the moment my bark certainly is.
156,21,54,193,268,1.3582089552238805,0.0380523844297969,561,"Ya, well, I thought they said I was going to be ""tutored"""
158,13,68,183,264,1.356060606060606,0.035302403507033564,561,"You know that, sooner or later, one of us is going to have to let go of this bone, right?"
159,7,79,176,262,1.3549618320610688,0.03289359627116389,561,Let go of the stick. No you let go. No you let go.
160,16,56,179,251,1.350597609561753,0.03769185405744722,561,"Apparently these cones are temporarary but those ""cajones"" are NOT coming back!"
161,15,59,180,254,1.3503937007874016,0.03696639813041962,561,Use your inside bark.
162,14,59,176,249,1.3493975903614457,0.0370139856636524,561,Can we agree not to bark?
162,17,53,179,249,1.3493975903614457,0.0383040204108807,561,Were you followed?
164,17,47,169,233,1.3476394849785407,0.040081222506322615,561,I hear ya.
165,17,50,176,243,1.345679012345679,0.03889500213504705,561,So that's what my breath smells like?
166,21,33,163,217,1.3456221198156681,0.04408093656614975,561,It smells like Shih Tzu in here.
167,12,59,170,241,1.3443983402489628,0.03682012502940174,561,"Sorry about that, but when you gotta sneeze you gotta sneeze."
168,20,42,177,239,1.3430962343096233,0.040622530955278076,561,Facebook for dogs
169,14,52,168,234,1.3418803418803418,0.038460519491370665,561,Roll left on three.
169,14,52,168,234,1.3418803418803418,0.038460519491370665,561,I don't see yours either.
169,18,44,172,234,1.3418803418803418,0.04032296268889191,561,"Who ever said, two heads are better than one wasn't wearing a lamp shade."
172,12,57,168,237,1.3417721518987342,0.037179692542905325,561,Go ahead and bark. It sounds really cool.
172,18,45,174,237,1.3417721518987342,0.03996092807103647,561,Forgive me Father for I have sinned.
174,16,47,169,232,1.3405172413793103,0.039613734783367556,561,See? It's just like putting your head in the toilet.
174,21,37,174,232,1.3405172413793103,0.041902780309523685,561,"No, YOU back up ...!"
174,13,53,166,232,1.3405172413793103,0.03817448067725679,561,This is almost conical.
174,24,31,177,232,1.3405172413793103,0.043218051855410354,561,'Cone'ference call!
178,21,35,171,227,1.3392070484581498,0.04254969261279413,561,"No, I did not know they made the Chinese finger trap in this size."
179,14,50,166,230,1.3391304347826087,0.03886265781114961,561,"You're right, the acoustics are fantastic!"
180,21,35,172,228,1.337719298245614,0.04238877647116036,561,"Don't worry, we're legal in North Carolina."
181,11,54,161,226,1.336283185840708,0.03774428212796061,561,One of us has to let go of the shoe.
181,14,48,164,226,1.336283185840708,0.0392762642527274,561,I gave up licking for Lent.
181,19,38,169,226,1.336283185840708,0.041704697187188014,561,!BARKRAB!
181,7,62,157,226,1.336283185840708,0.035599232664414365,561,"I'm the RCA dog. No, I'm the RCA dog."
185,11,51,157,219,1.3333333333333333,0.03847308383713732,561,Not so loud.
185,14,46,162,222,1.3333333333333333,0.03970184970948478,561,"I know, I cant reach my junk either."
185,15,43,161,219,1.3333333333333333,0.040592431820040194,561,Face Time
185,15,44,163,222,1.3333333333333333,0.04021195863175054,561,I think we need a little time apart.
185,20,34,168,222,1.3333333333333333,0.042671130172953174,561,"I'm not really feeling ""fixed"". You?"
190,15,42,160,217,1.3317972350230414,0.04082237255274443,561,"Nope, still itches."
190,16,40,161,217,1.3317972350230414,0.04134169201113047,561,Now I know why I sniff your butt
190,14,44,159,217,1.3317972350230414,0.040296360919156886,561,I hate these team building activities.
190,15,42,160,217,1.3317972350230414,0.04082237255274443,561,Mine's actually a lampshade.
190,16,40,161,217,1.3317972350230414,0.04134169201113047,561,"Remember, what happens in the cones stays in the cones."
190,14,44,159,217,1.3317972350230414,0.040296360919156886,561,Muzzle-Tuff!
190,19,34,164,217,1.3317972350230414,0.042861914223089596,561,Don't worry. This is the only form of planned parenthood still funded by Trump Care.
197,15,41,159,215,1.330232558139535,0.041055803112137926,561,Enough about politics. Let's talk about cats.
197,20,31,164,215,1.330232558139535,0.043622505943867004,561,Man's best friend my ass.
199,16,38,159,213,1.3286384976525822,0.04182567017232954,561,Forgive me father. It's been two weeks since my last confession
199,10,50,153,213,1.3286384976525822,0.03851806419685342,561,Sorry bro' but I have to bark
199,15,40,158,213,1.3286384976525822,0.041292805459497435,561,"Tell me the truth - does this cone make my ass look big?"""
199,19,32,162,213,1.3286384976525822,0.04338501346444743,561,"Secret Agents Fido and Rex used the ""Cone of Silence"" for sensitive information."
199,15,40,158,213,1.3286384976525822,0.041292805459497435,561,I'm not a good boy either.
199,12,46,155,213,1.3286384976525822,0.039651268261811166,561,Is this your first time in Rehab?
199,9,52,152,213,1.3286384976525822,0.0379387712877516,561,It has been seven dog years since my last confession.
206,10,49,152,211,1.3270142180094786,0.03872138876684416,561,Labrador receivers
206,18,33,160,211,1.3270142180094786,0.043132797871844014,561,All I see is you.
206,16,37,158,211,1.3270142180094786,0.04207333093776014,561,psst...listen you lick mine and I'll lick yours
209,15,38,155,208,1.3269230769230769,0.04194977143356653,561,I don't know if I can do this for four more years.
209,7,54,147,208,1.3269230769230769,0.03725821058595317,561,"No, YOU let the stick go!"
209,14,40,154,208,1.3269230769230769,0.0413924170582103,561,I can hear the ocean!
209,6,56,146,208,1.3269230769230769,0.03662953893594045,561,One of us could use a Tic-Tac.
209,10,48,150,208,1.3269230769230769,0.03908359830274329,561,I don't recognize you. Could you please turn around?
209,16,36,156,208,1.3269230769230769,0.04249981713767871,561,You don't look like your profile picture at all.
215,16,35,155,206,1.325242718446602,0.042758522092766545,561,How long are you in for?
215,10,47,149,206,1.325242718446602,0.03929545813665958,561,Forgive me Father for I have sinned.
215,11,45,150,206,1.325242718446602,0.039893517356431554,561,"No, you let go."
215,15,37,154,206,1.325242718446602,0.042201084282985725,561,"No, I'm, like, 99% sure this isn't how FaceTime works."
219,11,44,149,204,1.3235294117647058,0.04011690237139227,561,I know it seems like torture but it's only extreme vetting.
219,13,40,151,204,1.3235294117647058,0.04130322283016014,561,Mental note: never give a squirrel a stapler.
221,13,38,149,200,1.32,0.041793942962368456,561,I prefer doggy style.
221,11,42,147,200,1.32,0.04057377423630804,561,There's no way they'll find us in here.
221,15,34,151,200,1.32,0.04297948558213002,561,"You know we once roamed the wild in packs, right?"
221,16,32,152,200,1.32,0.04356015882875003,561,The beagle flies at midnight.
221,14,36,150,200,1.32,0.04239085897482045,561,"Just between you and me, I hear the head is the hardest part of a dog to draw."
221,16,32,152,200,1.32,0.04356015882875003,561,"Now that we have some privacy, I can tell you: He's not really my best friend."
227,14,35,148,197,1.3197969543147208,0.04283683102126953,561,"Just think; if we both hadn't gotten fleas, we never would have met."
228,18,26,151,195,1.317948717948718,0.04549117481643817,561,Have we met? I'm sorry. I don't recognize you from this end.
229,5,24,78,107,1.3177570093457944,0.054100311815326124,561,well the privacy's nice but I miss the other end.
230,10,41,142,193,1.3160621761658031,0.04081167495135439,561,Somehow it seemed funnier last night.
230,18,25,150,193,1.3160621761658031,0.04579707132037225,561,"Just until Jan. 20, 2021."
230,17,27,149,193,1.3160621761658031,0.04520397521650868,561,Ain't this a bitch.
233,14,32,144,190,1.3157894736842106,0.04385129410813499,561,It could be worse. Under Trumpcare we'd have to share the same cone.
234,11,38,142,191,1.3141361256544504,0.041715696041718556,561,Where is everybody?
234,10,40,141,191,1.3141361256544504,0.04104981967381884,561,You're probably wondering why I called this meeting.
236,14,31,144,189,1.312169312169312,0.04393344705935348,561,"Remember, when we separate stop speaking words and just bark again."
236,14,31,144,189,1.312169312169312,0.04393344705935348,561,Go ‘Woof.’ The echo’s insane.
236,9,41,139,189,1.312169312169312,0.04060432635653247,561,Some party last night.
236,10,39,140,189,1.312169312169312,0.041291628802914045,561,"Humans call it ""FaceTime ""."
240,14,30,142,186,1.3118279569892473,0.04442600386782022,561,"Well, this just adds insult to injury."
240,11,36,139,186,1.3118279569892473,0.042418178925552386,561,I have a message from the Russian Wolfhound.
242,9,39,136,184,1.309782608695652,0.04126705184910039,561,"When I woke up, they were gone!"
242,13,31,140,184,1.309782608695652,0.04405173882251008,561,I have a huge favor to ask you.
242,10,37,137,184,1.309782608695652,0.04198054429803068,561,"Personally, I would support a headwear ban."
245,9,38,135,182,1.3076923076923077,0.04151275184371072,561,"And they named you ""Lucky""?"
246,11,33,136,180,1.3055555555555556,0.04322305278300226,561,It's been two weeks since my last confession.
246,10,35,135,180,1.3055555555555556,0.042498929933016086,561,"Now that we have a secure connection, let's talk strategy."
246,9,37,134,180,1.3055555555555556,0.041762253279973086,561,"For this plan to work, I think one of us needs to turn around."
249,6,42,129,177,1.305084745762712,0.03987228573229332,561,My left or your left?
249,12,30,135,177,1.305084745762712,0.044441052888565744,561,My left or your left?
249,14,26,137,177,1.305084745762712,0.045862946401423556,561,"Hello, Darkness, my old friend."
249,4,46,127,177,1.305084745762712,0.03822821600260846,561,Looks like this might be the last reunion of the RCA Victor Club.
249,8,38,131,177,1.305084745762712,0.041451198297433975,561,Are you hearing what I'm hearing?
249,13,28,136,177,1.305084745762712,0.045157596451007816,561,Let's see Wikileaks hack us now.
249,11,32,134,177,1.305084745762712,0.043712765257491105,561,I'm not the only one who could use a mint.
256,9,34,128,171,1.304093567251462,0.043174327032629786,561,Seriously? You know they need a FIDO warrant to listen in.
257,6,41,128,175,1.302857142857143,0.04009372084075266,561,It's annoying but I get great reception.
257,10,33,132,175,1.302857142857143,0.04324618169068067,561,I still don't recognize you. Turn around.
257,8,37,130,175,1.302857142857143,0.04169975228751106,561,"Trust me, they can't see us."
257,5,43,127,175,1.302857142857143,0.039266079583584794,561,"Finally, a little privacy"
257,11,31,133,175,1.302857142857143,0.04399901903241882,561,Let's go look for our balls.
257,14,25,136,175,1.302857142857143,0.046183958370743,561,No surgery...I'm just an introvert.
263,12,28,133,173,1.300578034682081,0.045042564072074985,561,I swear you're the only dog I am seeing...
263,11,30,132,173,1.300578034682081,0.04429017095317302,561,"Believe me, no one can see us."
263,14,24,135,173,1.300578034682081,0.04651085086770997,561,To tell the truth I miss sniffing your butt too.
263,12,28,133,173,1.300578034682081,0.045042564072074985,561,"No, you can't stay like this until 2020."
267,12,27,131,170,1.3,0.04558472640684806,561,Collar blindness.
268,13,25,133,171,1.2982456140350878,0.04610358869339477,561,I see what they mean by 'dog breath'.
268,13,25,133,171,1.2982456140350878,0.04610358869339477,561,"When I look at you, the whole world just disappears."
268,10,31,130,171,1.2982456140350878,0.043808019147143704,561,"We're wearing these because they did !!""WHAT""?!!"
268,10,31,130,171,1.2982456140350878,0.043808019147143704,561,Wow! Stereo woofers!
268,7,37,127,171,1.2982456140350878,0.0413853137330539,561,"Well, at least we can have a private conversation now."
268,8,35,128,171,1.2982456140350878,0.04220833617175288,561,These things really put a crimp in butt sniffing.
268,10,31,130,171,1.2982456140350878,0.043808019147143704,561,Mint?
268,9,33,129,171,1.2982456140350878,0.04301561451371009,561,"Of all the cones in all the towns in all the world, you walk into mine."
268,17,17,137,171,1.2982456140350878,0.048997333486908566,561,Chinese dog trap
268,9,33,129,171,1.2982456140350878,0.04301561451371009,561,"Next time, I say we just close the blinds."
278,12,26,130,168,1.2976190476190477,0.045904032474590635,561,Two Woofers Ignoring a Tweeter.
279,12,25,129,166,1.2951807228915662,0.04622916415042799,561,The microwave can't see us in here.
279,8,33,125,166,1.2951807228915662,0.042954140865998955,561,"It's called suction. On the count of three, exhale."
279,8,33,125,166,1.2951807228915662,0.042954140865998955,561,"You tell me, are you male or female?"
279,10,29,127,166,1.2951807228915662,0.04462170904158254,561,"I see you lied about your profile picture, too"
279,10,29,127,166,1.2951807228915662,0.04462170904158254,561,Now guess: Is my tail up or down?
284,8,28,114,150,1.2933333333333332,0.04590298754409703,561,Darned if I know what we did.
285,8,32,124,164,1.2926829268292683,0.04322722151193844,561,You should have had a tail lift while you were under.
285,13,22,129,164,1.2926829268292683,0.047356902084895444,561,"' Snip, snip,' she said. 'It's just a litttle cosmetic tweak, ' she said."
285,7,34,123,164,1.2926829268292683,0.042352992580866784,561,"Finally, someone who gets me."
285,11,26,127,164,1.2926829268292683,0.045749784446529385,561,I'm glad we ran into each other.
285,9,30,125,164,1.2926829268292683,0.04408411708007125,561,I can't lick mine either!
285,9,30,125,164,1.2926829268292683,0.04408411708007125,561,It has been three weeks since my last cone-fessional.
285,14,20,130,164,1.2926829268292683,0.04814034559665739,561,Now you sneeze and I'll fart!
285,9,30,125,164,1.2926829268292683,0.04408411708007125,561,Stay still. They'll never find us.
285,13,22,129,164,1.2926829268292683,0.047356902084895444,561,Our spaghetti dinners just aren't as romantic as they used to be.
285,13,22,129,164,1.2926829268292683,0.047356902084895444,561,I didn't know castration would enhance my hearing!
295,8,31,122,161,1.2919254658385093,0.04373813197750449,561,"Oh, god yes! A little to the left!"
295,13,21,127,161,1.2919254658385093,0.047971063638881054,561,Wag if you thought you were going for a ride to the dog park.
295,13,21,127,161,1.2919254658385093,0.047971063638881054,561,They're calling us the Coen Brothers.
295,13,21,127,161,1.2919254658385093,0.047971063638881054,561,Please stop barking.
295,11,25,125,161,1.2919254658385093,0.04632432885147918,561,The cat said we could get these off if we put our heads together.
300,9,23,109,141,1.2907801418439717,0.04883548369059827,561,"No, I never heard a cat laugh before either."
301,13,20,126,159,1.2893081761006289,0.04833499714352308,561,'You lookin' at me? Are you lookin' at me?'
301,16,14,129,159,1.2893081761006289,0.050745506565255685,561,I'll scratch your back if you'll scratch mine.
301,9,28,122,159,1.2893081761006289,0.04492021777846088,561,I think we should start seeing other people.
301,8,30,121,159,1.2893081761006289,0.0440251572327044,561,"Let's make America great again."" ""Yes. And send all those dachshunds back to Germany."
305,8,29,120,157,1.286624203821656,0.044316865866135244,561,"I can hear the ocean, but I still can't smell your butt."
305,8,29,120,157,1.286624203821656,0.044316865866135244,561,Okay. You lick mine and I'll lick yours.
305,10,25,122,157,1.286624203821656,0.04612269761032238,561,Turn around. I don't recognize this end.
305,7,31,119,157,1.286624203821656,0.04338577281631521,561,Really? He told me we were going to the park.
305,10,25,122,157,1.286624203821656,0.04612269761032238,561,Where'd everybody go?
305,14,17,126,157,1.286624203821656,0.04953726379369036,561,"Hey, I can hear the ocean."
305,4,37,116,157,1.286624203821656,0.040464148710736454,561,Are you sure no one can see us?
305,11,23,123,157,1.286624203821656,0.046999601617262084,561,"Whatever you do, please don't bark."
313,10,24,120,154,1.2857142857142858,0.04671928144055204,561,The acoustics in here are awesome!
313,11,22,121,154,1.2857142857142858,0.047619047619047616,561,It smells like Steve Bannon in here.
313,8,28,118,154,1.2857142857142858,0.044865648136121705,561,"Don't worry, if we can't see them, they can't see us."
316,9,19,102,130,1.2846153846153847,0.05149478832041189,561,"You lick mine and I'll lick yours, OK?"
317,11,21,120,152,1.2828947368421053,0.04797917227590347,561,I can't reach mine either.
317,6,31,115,152,1.2828947368421053,0.04320079968678176,561,"I gotta say, not as romantic as our spaghetti moment."
317,8,27,117,152,1.2828947368421053,0.04517284411080174,561,Is this Facebook?
317,7,29,116,152,1.2828947368421053,0.04419782199744824,561,How's my breath?
317,11,21,120,152,1.2828947368421053,0.04797917227590347,561,We can figure out how to get out of here if we just put our heads together.
317,5,33,114,152,1.2828947368421053,0.04218021713833118,561,"No, your breath is fine. I'm wagging my tail."
317,11,21,120,152,1.2828947368421053,0.04797917227590347,561,"The code word is ""bacon."" Pass it on."
317,10,23,119,152,1.2828947368421053,0.04706232672255111,561,That's the sound of the ocean.
317,5,33,114,152,1.2828947368421053,0.04218021713833118,561,I still can't hear the ocean.
317,11,21,120,152,1.2828947368421053,0.04797917227590347,561,Cone Brothers
327,11,20,118,149,1.2818791946308725,0.0486350391551731,561,[This cartoon does not need a caption. The image is perfect as is.]
328,7,28,115,150,1.28,0.044490654575079204,561,It smells like a dog in here.
329,13,15,119,147,1.2789115646258504,0.05088199159612921,561,I hate Trumpcare.
330,11,18,116,145,1.2758620689655173,0.04940523517318955,561,"Misery, meet Company."
330,9,22,114,145,1.2758620689655173,0.04742685295581093,561,O.K: on three you lick my incision and I lick yours
330,9,22,114,145,1.2758620689655173,0.04742685295581093,561,I hear the ocean. Can you hear the ocean?
330,8,24,113,145,1.2758620689655173,0.04640604422571574,561,We can lick this.
330,8,24,113,145,1.2758620689655173,0.04640604422571574,561,"OK, we finally have some privacy. Tell me where you buried the bones."
330,9,22,114,145,1.2758620689655173,0.04742685295581093,561,"Ok, ok ... my turn. Now I'll blow really hard in your nose and see if I can make your tail stand up!"
336,8,23,112,143,1.2727272727272727,0.04674136354105388,561,I can't believe we wore the same hat.
336,4,31,108,143,1.2727272727272727,0.04231764219233889,561,Does this make us invisible?
336,8,23,112,143,1.2727272727272727,0.04674136354105388,561,I think the NSA can still hear us.
336,7,25,111,143,1.2727272727272727,0.04567561723105038,561,We need to stop meeting like this.
336,3,33,107,143,1.2727272727272727,0.041137449902482845,561,A mailman. You?
336,9,21,113,143,1.2727272727272727,0.047783345654281016,561,How long you in for?
336,6,27,110,143,1.2727272727272727,0.04458440257755946,561,"I don't think it worked for Maxwell Smart, either."
336,5,29,109,143,1.2727272727272727,0.04346580146458082,561,You have dog breath too.
336,11,17,115,143,1.2727272727272727,0.049801950106351925,561,"Well then, you scratch mine and I'll scratch yours."
336,10,19,114,143,1.2727272727272727,0.048803085744203015,561,"Okay, on the count of three, we both let go of the cat."
346,11,16,113,140,1.2714285714285714,0.0505294243776841,561,We can't be seen together.
346,7,24,109,140,1.2714285714285714,0.046283075051954635,561,"ARF!""/ ""FRA!"
346,8,22,110,140,1.2714285714285714,0.04738035414793428,561,"When we put our heads together, we can lick anything."
346,9,20,111,140,1.2714285714285714,0.048452790240629914,561,How about you scratch mine and I'll scratch yours?
346,6,26,108,140,1.2714285714285714,0.04515914207938474,561,I feel like we are finally seeing eye to eye.
346,11,16,113,140,1.2714285714285714,0.0505294243776841,561,Worst game of chicken ever.
346,5,28,107,140,1.2714285714285714,0.04400651304553963,561,We revolt at dawn. Bring kibble.
346,4,30,106,140,1.2714285714285714,0.042822870846178,561,You must go to the same doctor as I do.
346,4,30,106,140,1.2714285714285714,0.042822870846178,561,This way we will not lose the ball.
346,5,28,107,140,1.2714285714285714,0.04400651304553963,561,"That's right, inhale and hold it. Now, pass me the joint."
346,4,30,106,140,1.2714285714285714,0.042822870846178,561,One of us is backwards.
346,7,24,109,140,1.2714285714285714,0.046283075051954635,561,Now I can hear you.
346,7,24,109,140,1.2714285714285714,0.046283075051954635,561,So that's the plan: you lick my stitches and I'll lick yours.
359,8,21,109,138,1.2681159420289856,0.047734959617319994,561,Nipped or tucked?
359,8,21,109,138,1.2681159420289856,0.047734959617319994,561,Sneeze again and I won't be saying Bless You.
359,6,25,107,138,1.2681159420289856,0.04546485812221544,561,I bit the hand that feeds me. What did you do?
359,5,27,106,138,1.2681159420289856,0.044286191993398845,561,I don't think anyone can see us
359,12,13,113,138,1.2681159420289856,0.05197857694142033,561,If neither of us move for another four years it’ll be like it never happened.
359,9,19,110,138,1.2681159420289856,0.048830450463457395,561,"Yeah, I can't lick there either"
359,4,29,105,138,1.2681159420289856,0.04307528616827969,561,"Now, twist slightly counterclockwise and pull."
359,7,23,108,138,1.2681159420289856,0.04661373023981427,561,"Trust me, we're invisible"
359,7,23,108,138,1.2681159420289856,0.04661373023981427,561,Looks like you have pet insurance too.
368,5,26,104,135,1.2666666666666666,0.04485712223433967,561,Have you found that the shame is the worst part?
368,6,24,105,135,1.2666666666666666,0.04607298269767254,561,I think I'm going to sneeze.
368,8,20,107,135,1.2666666666666666,0.04841318388297882,561,You look ridiculous.
368,7,22,106,135,1.2666666666666666,0.04725757139521219,561,Can we try my plan now?
368,5,26,104,135,1.2666666666666666,0.04485712223433967,561,Relax! I'm pretty sure no one can see us!
368,9,18,108,135,1.2666666666666666,0.04954184789852578,561,Mine is a pre-existing condition.
368,5,26,104,135,1.2666666666666666,0.04485712223433967,561,"No, YOU need a mint."
368,5,26,104,135,1.2666666666666666,0.04485712223433967,561,"Oh, 'Hi', I was looking for the other end!"
368,8,20,107,135,1.2666666666666666,0.04841318388297882,561,Twitter is so yesterday
368,4,28,103,135,1.2666666666666666,0.04360737432628737,561,The acoustics in here are amazing.
368,6,24,105,135,1.2666666666666666,0.04607298269767254,561,This way they can't read our lips.
368,8,20,107,135,1.2666666666666666,0.04841318388297882,561,Go ahead and speak. We're in the cone of silence.
368,8,20,107,135,1.2666666666666666,0.04841318388297882,561,Were you followed?
368,6,24,105,135,1.2666666666666666,0.04607298269767254,561,"No, really, you should brush your teeth more."
368,8,20,107,135,1.2666666666666666,0.04841318388297882,561,If only we had met two days ago.
368,6,24,105,135,1.2666666666666666,0.04607298269767254,561,Hold on. Do you hear the ocean?
368,9,18,108,135,1.2666666666666666,0.04954184789852578,561,"Okay, you turn around first."
368,8,20,107,135,1.2666666666666666,0.04841318388297882,561,"Yes, it is a bit awkward, but just try to describe the smell of your behind."
368,6,24,105,135,1.2666666666666666,0.04607298269767254,561,This was more romantic in Lady and the Tramp.
368,9,18,108,135,1.2666666666666666,0.04954184789852578,561,The only bugs in here are fleas
388,5,25,103,133,1.263157894736842,0.045150739708304057,561,No kidding?! I had the same cartoonist!
388,4,27,102,133,1.263157894736842,0.043871039760350776,561,This stays between us.
388,8,19,106,133,1.263157894736842,0.048788859341711004,561,I'd rather we make ends meet.
388,8,19,106,133,1.263157894736842,0.048788859341711004,561,You're right. A Trump Tweet can't get in here.
392,7,20,104,131,1.2595419847328244,0.047962338743050364,561,I can´t tell if you´re wagging.
392,6,22,103,131,1.2595419847328244,0.046722009006535774,561,Who does your cone?
392,6,22,103,131,1.2595419847328244,0.046722009006535774,561,You blinked.
392,7,20,104,131,1.2595419847328244,0.047962338743050364,561,Pre-existing condition?
392,3,28,100,131,1.2595419847328244,0.04278582346195884,561,I always enjoy our little tête-à-têtes.
392,8,18,105,131,1.2595419847328244,0.0491713915788379,561,Had my balls whacked. You?
392,6,22,103,131,1.2595419847328244,0.046722009006535774,561,Can you keep a secret? I used to drink from the toilet.
392,7,20,104,131,1.2595419847328244,0.047962338743050364,561,Are you sure this connection is secure?
392,6,22,103,131,1.2595419847328244,0.046722009006535774,561,Now we just wait for the film to develop.
392,7,20,104,131,1.2595419847328244,0.047962338743050364,561,I hate couples counseling.
392,8,18,105,131,1.2595419847328244,0.0491713915788379,561,I'll chase your tail if you chase mine!
392,8,18,105,131,1.2595419847328244,0.0491713915788379,561,This isn't at all like they described it in the Kama Sutra.
392,6,22,103,131,1.2595419847328244,0.046722009006535774,561,Hey...hey...check this out...out. Bark...ark...ark...ark...
392,6,22,103,131,1.2595419847328244,0.046722009006535774,561,They're right! It really does sound like the toilet!
406,6,21,101,128,1.2578125,0.04737978694937442,561,"I bit the mailman, what are you in for?"
406,9,15,104,128,1.2578125,0.05112669263268539,561,We'll always have Schneiderman's Veterinary Clinic!
408,4,18,79,101,1.2574257425742574,0.051996697051488655,561,"No, you turn around. I turned around last time."
409,9,14,103,126,1.253968253968254,0.05156165418616539,561,"Yeah, it's just not the same. Turn around."
409,5,22,99,126,1.253968253968254,0.04637529163765117,561,The doghouse has been wiretapped.
409,4,24,98,126,1.253968253968254,0.04498537037185613,561,Let's ask the cat what to do.
409,5,22,99,126,1.253968253968254,0.04637529163765117,561,"What happens inside the cone, stays inside the cone."
409,10,12,104,126,1.253968253968254,0.0527786728650677,561,Conical visit.
409,5,22,99,126,1.253968253968254,0.04637529163765117,561,I'll never trust another peanut butter covered 'treat' again.
409,7,18,101,126,1.253968253968254,0.04903708727530064,561,Don't worry. No one can see us in here.
409,8,16,102,126,1.253968253968254,0.05031520699976876,561,You let go first.
409,3,26,97,126,1.253968253968254,0.04355111273560004,561,"No, YOU back up ...!"
409,5,22,99,126,1.253968253968254,0.04637529163765117,561,The funnel of love (I sent prior entry 60 seconds ago with typo - please accept this one instead)
409,5,22,99,126,1.253968253968254,0.04637529163765117,561,"Yes, I'll tell you. But you've got to take a bow wow of silence."
409,7,18,101,126,1.253968253968254,0.04903708727530064,561,I think I prefer the other end . . .
409,7,18,101,126,1.253968253968254,0.04903708727530064,561,I can lick any dog in the house...except myself.
409,7,18,101,126,1.253968253968254,0.04903708727530064,561,I hear the ocean!
409,10,12,104,126,1.253968253968254,0.0527786728650677,561,Now I know what they mean when they say dog breath.
409,2,28,96,126,1.253968253968254,0.04206798418660938,561,Why are we whispering?
409,6,20,100,126,1.253968253968254,0.04772475040753304,561,It's so nice to finally meet someone with the same world view as me
409,6,20,100,126,1.253968253968254,0.04772475040753304,561,One of us is facing the wrong way.
409,8,16,102,126,1.253968253968254,0.05031520699976876,561,See? Doesn't it sound like the ocean?
409,7,18,101,126,1.253968253968254,0.04903708727530064,561,It's so good to see your face again.
409,7,18,101,126,1.253968253968254,0.04903708727530064,561,"So, now that we're alone, are your balls gone too?"
430,9,13,101,123,1.2520325203252032,0.05238989957390293,561,Marco....
430,4,23,96,123,1.2520325203252032,0.04558839184199874,561,One of us REALLY needs a tic tac.
430,7,17,99,123,1.2520325203252032,0.04978093545438884,561,I can't lick mine either!
430,9,13,101,123,1.2520325203252032,0.05238989957390293,561,How about you lick mine and I'll lick yours?
430,7,17,99,123,1.2520325203252032,0.04978093545438884,561,"OK, next time you be the Lady, and I'll be the Tramp"
430,3,25,95,123,1.2520325203252032,0.04410239732049511,561,"Sure, we can't lick ourselves, but I'm really digging these acoustics."
430,7,17,99,123,1.2520325203252032,0.04978093545438884,561,"Wow, there's an impressive amount of drool collected in here"
430,6,19,98,123,1.2520325203252032,0.048423770127791824,561,"On second thought, turn around."
430,6,19,98,123,1.2520325203252032,0.048423770127791824,561,"I'm not into butts, either,"
430,9,13,101,123,1.2520325203252032,0.05238989957390293,561,Didn't you think he meant ice cream?
430,8,15,100,123,1.2520325203252032,0.0511020699780237,561,I can't reach mine either. Now we'll see who our true friends are . . .
430,8,15,100,123,1.2520325203252032,0.0511020699780237,561,I think we should see other people.
430,3,25,95,123,1.2520325203252032,0.04410239732049511,561,Nice to meet someone who shares my narrow view of the world!
443,6,18,97,121,1.2479338842975207,0.04878833766329071,561,Shhh! I think Schrödinger's cat is out there.
443,7,16,98,121,1.2479338842975207,0.050180105009647265,561,"It's not your butt, but this will do."
443,9,12,100,121,1.2479338842975207,0.05285380811675861,561,"I'll scratch your back, you scratch mine."
443,2,26,93,121,1.2479338842975207,0.04277075758762577,561,Wow! These virtual reality cones are great!
443,6,18,97,121,1.2479338842975207,0.04878833766329071,561,you smell different from this side.
443,4,22,95,121,1.2479338842975207,0.04587831512036333,561,I think the end of the tunnel is the other way.
443,5,20,96,121,1.2479338842975207,0.04735568440129775,561,"I know we've just met, but I feel like we have a real connection here"
443,2,26,93,121,1.2479338842975207,0.04277075758762577,561,I thought this would be more romantic.
443,4,22,95,121,1.2479338842975207,0.04587831512036333,561,I don't think they can see us this way.
443,6,18,97,121,1.2479338842975207,0.04878833766329071,561,"Frankly, Max, I rather prefer the old Cone of Silence."
443,4,22,95,121,1.2479338842975207,0.04587831512036333,561,Are you sure this is hack-proof ?
443,7,16,98,121,1.2479338842975207,0.050180105009647265,561,I knew if we put our heads together we could lick this thing.
443,6,18,97,121,1.2479338842975207,0.04878833766329071,561,I'm a big fan of old Get Smart episodes too
443,5,20,96,121,1.2479338842975207,0.04735568440129775,561,I don't think this is going to work. Let's just go back to doggie style.
443,7,16,98,121,1.2479338842975207,0.050180105009647265,561,Remember when we used to pee on the ground to communicate?
443,3,24,94,121,1.2479338842975207,0.0443517615371859,561,"'Yeah, my bark seems louder too."""
443,0,30,91,121,1.2479338842975207,0.03941897526516303,561,Two want-to-be Victrola dogs go toe-to-toe
443,7,16,98,121,1.2479338842975207,0.050180105009647265,561,Extreme vetting.
461,7,15,96,118,1.2457627118644068,0.050974056508253075,561,I lick yours; you lick mine.
461,5,19,94,118,1.2457627118644068,0.048048156401865744,561,No you let go of the ball
461,7,15,96,118,1.2457627118644068,0.050974056508253075,561,Of course your husband can't see us! No one can see us!
461,7,15,96,118,1.2457627118644068,0.050974056508253075,561,I'm gonna need you to do me a BIG favor.
461,6,17,95,118,1.2457627118644068,0.04953271530274072,561,Now I understand why people make a such a fuss about dog breath.
461,8,13,97,118,1.2457627118644068,0.05237574809538084,561,You look like hell.
461,6,17,95,118,1.2457627118644068,0.04953271530274072,561,Nose job. You?
461,5,19,94,118,1.2457627118644068,0.048048156401865744,561,You smell different.
461,7,15,96,118,1.2457627118644068,0.050974056508253075,561,Canine speed dating.
470,4,20,90,114,1.2456140350877194,0.047547202392240334,561,Got a mint?
471,7,15,97,119,1.2436974789915967,0.05058606331052551,561,You could use a mint.
471,6,17,96,119,1.2436974789915967,0.04915811172084668,561,"You scratch my back, I'll scratch yours."
471,7,15,97,119,1.2436974789915967,0.05058606331052551,561,"Hey, you really can hear the ocean in here!"
471,6,17,96,119,1.2436974789915967,0.04915811172084668,561,Love in the Time of Collar On
471,7,15,97,119,1.2436974789915967,0.05058606331052551,561,Oops sorry...wrong end.
471,5,19,95,119,1.2436974789915967,0.0476874207172289,561,You've got dog breath.
471,8,13,98,119,1.2436974789915967,0.05197479826371379,561,"""Elucidate Camus and Sartre's stances on Existentialism with the picture above."" - Essay Exam for 4th Graders in Singapore"
471,4,21,94,119,1.2436974789915967,0.04616990623084198,561,I don't think I can last like this for the full four years.
471,8,13,98,119,1.2436974789915967,0.05197479826371379,561,I've been wearing mine ever since they got that new microwave.
471,7,15,97,119,1.2436974789915967,0.05058606331052551,561,. . . and all over a lousy pound of caviar!
471,6,17,96,119,1.2436974789915967,0.04915811172084668,561,Two AM. White House lawn. Pass it on.
471,5,19,95,119,1.2436974789915967,0.0476874207172289,561,Pet-a-Pet
471,5,19,95,119,1.2436974789915967,0.0476874207172289,561,Maybe if we both exhale at the same time.
471,2,25,92,119,1.2436974789915967,0.04297441721268875,561,Someone's got dog breath.
471,5,19,95,119,1.2436974789915967,0.0476874207172289,561,So this is what a canine blind date looks like.
471,7,15,97,119,1.2436974789915967,0.05058606331052551,561,I'll scratch your stitches if you scratch mine
471,5,19,95,119,1.2436974789915967,0.0476874207172289,561,"You scratch my head, I'll scratch yours."
471,6,17,96,119,1.2436974789915967,0.04915811172084668,561,"""You don't know how embarrassed I was when I saw some one else wearing the same cone""."
471,7,15,97,119,1.2436974789915967,0.05058606331052551,561,Your breath is worse than your bark!
471,4,21,94,119,1.2436974789915967,0.04616990623084198,561,Be honest. Does my breath smell?
471,5,19,95,119,1.2436974789915967,0.0476874207172289,561,Shh - you can hear the ocean.
471,3,23,93,119,1.2436974789915967,0.044600789096914985,561,So it's settled. You lick mine and I'll lick yours
493,4,20,92,116,1.2413793103448276,0.046818879146703046,561,"If you chew my tail, I'll chew yours."
493,4,20,92,116,1.2413793103448276,0.046818879146703046,561,I hate this extreme vetting!
493,4,20,92,116,1.2413793103448276,0.046818879146703046,561,"You were right honey, we can eat spaghetti in these things."
493,5,18,93,116,1.2413793103448276,0.04839351694219841,561,Chief? Yes Max.
493,5,18,93,116,1.2413793103448276,0.04839351694219841,561,"I can't tell either, but I notice my bark sounds higher."
493,5,18,93,116,1.2413793103448276,0.04839351694219841,561,So near but so far.
493,10,8,98,116,1.2413793103448276,0.05560177757447275,561,WOOF!!FOOW
493,2,24,90,116,1.2413793103448276,0.04349893526962546,561,"""Now that you mention it, your bark IS worse than your bite."
493,4,20,92,116,1.2413793103448276,0.046818879146703046,561,"You know, this is going to be on America's Funniest Home Videos."
493,7,14,95,116,1.2413793103448276,0.051398273871768915,561,I've just been itching to meet you!
503,4,19,90,113,1.238938053097345,0.047494653839780694,561,But how do you KNOW the Russians aren't listening?
503,4,19,90,113,1.238938053097345,0.047494653839780694,561,"You need to get out of my face, bitch."
503,4,19,90,113,1.238938053097345,0.047494653839780694,561,Use your inside voice
503,1,25,87,113,1.238938053097345,0.04220969917774097,561,"No, YOU were going to turn around!"
503,5,17,91,113,1.238938053097345,0.04913013287439456,561,"I grew tired of the butt-sniffing scene, and decided to give blind dating a try."
503,6,15,92,113,1.238938053097345,0.05071289549168667,561,This is not how I envisioned the Cone of Silence.
503,6,15,92,113,1.238938053097345,0.05071289549168667,561,"Okay, but no tongue!"
503,4,19,90,113,1.238938053097345,0.047494653839780694,561,My owner calls it a blind date.
503,8,11,94,113,1.238938053097345,0.053738751334031505,561,What are you in for?
503,6,15,92,113,1.238938053097345,0.05071289549168667,561,You mean yours AND mine are gone?
503,2,23,88,113,1.238938053097345,0.0440418723213541,561,"So, you're here for the new Victrola auditions?"
503,3,21,89,113,1.238938053097345,0.045800811460775734,561,Why couldn't we have met when I was just a boy and you were just a girl?
503,4,19,90,113,1.238938053097345,0.047494653839780694,561,We've got to stop meeting like this -- our vet is getting suspicious.
503,4,19,90,113,1.238938053097345,0.047494653839780694,561,My mother said there'd be days like this!
503,3,21,89,113,1.238938053097345,0.045800811460775734,561,Are you sure they can't see us?
503,4,19,90,113,1.238938053097345,0.047494653839780694,561,"In here, no one knows that you are a dog."
503,7,13,93,113,1.238938053097345,0.05224773279335481,561,Is it just me or does it smell amazing in here?
503,6,15,92,113,1.238938053097345,0.05071289549168667,561,"Hello, is it me your looking for?"
503,5,17,91,113,1.238938053097345,0.04913013287439456,561,Okay. Can you hear me now?
503,9,9,95,113,1.238938053097345,0.05518950269603761,561,How about you scratch my back and I'll scratch yours.
503,9,9,95,113,1.238938053097345,0.05518950269603761,561,"You scratch my back, I'll scratch yours."
503,7,13,93,113,1.238938053097345,0.05224773279335481,561,"Yeah, I can't lick mine either."
503,4,19,90,113,1.238938053097345,0.047494653839780694,561,Now that we're alone I have an enormous favor to ask.
503,4,19,90,113,1.238938053097345,0.047494653839780694,561,"OK, we can talk now."
503,6,15,92,113,1.238938053097345,0.05071289549168667,561,How much longer do you think this eclipse will last?
503,6,15,92,113,1.238938053097345,0.05071289549168667,561,Are YOU wagging your tail ?
503,3,21,89,113,1.238938053097345,0.045800811460775734,561,I'll betcha we'll go viral on You Tube!
503,2,23,88,113,1.238938053097345,0.0440418723213541,561,"Good, now we're completely invisible."
503,2,23,88,113,1.238938053097345,0.0440418723213541,561,"Listen Max, it's only awkward if you make it awkward"
503,5,17,91,113,1.238938053097345,0.04913013287439456,561,Waggileaks.
503,6,15,92,113,1.238938053097345,0.05071289549168667,561,Don't bark this to anyone -- I love cats.
503,5,17,91,113,1.238938053097345,0.04913013287439456,561,"Remember the rule of the cone of silence: ""anything said in the cone stays in the cone""."
503,4,19,90,113,1.238938053097345,0.047494653839780694,561,Hey! I do get better reception!
503,7,13,93,113,1.238938053097345,0.05224773279335481,561,I'll lick yours if you lick mine.
537,2,19,76,97,1.2371134020618557,0.048102294430135445,561,This is top secret so we have to use the Cone of Silence.
538,1,25,88,114,1.236842105263158,0.04189026774492564,561,"...No, YOU move!"
538,4,19,91,114,1.236842105263158,0.047122825860897805,561,You really think Obama's tapping us?
538,6,15,93,114,1.236842105263158,0.05030975558841903,561,What is said in the cone...stays in the cone.
538,8,11,95,114,1.236842105263158,0.05330649395351772,561,"Now hit ""synch""."
538,4,19,91,114,1.236842105263158,0.047122825860897805,561,"I'm okay with cold-nosing, but no French licking."
538,6,15,93,114,1.236842105263158,0.05030975558841903,561,What do you mean 'I've' got dog breath?
538,6,15,93,114,1.236842105263158,0.05030975558841903,561,Where did everyone go?
538,4,19,91,114,1.236842105263158,0.047122825860897805,561,"I scratch your butt, you scratch mine."
538,5,17,92,114,1.236842105263158,0.04874234413978753,561,A Cone brothers comedy.
538,5,17,92,114,1.236842105263158,0.04874234413978753,561,This is way too much intimacy for me. Let's go back to sniffing each other's butts.
538,0,27,87,114,1.236842105263158,0.03999423879281336,561,This is awkward.
538,6,15,93,114,1.236842105263158,0.05030975558841903,561,You look ridiculous.
538,5,17,92,114,1.236842105263158,0.04874234413978753,561,You have spinach in your teeth.
551,7,12,92,111,1.2342342342342343,0.052699377594484176,561,Jumping up on strangers. What are you 'in' for?
551,4,18,89,111,1.2342342342342343,0.0478102908111374,561,"Look, this is going to sound crazy, but I have an idea for how we can help each other."
551,4,18,89,111,1.2342342342342343,0.0478102908111374,561,Your nose is wet.
551,3,20,88,111,1.2342342342342343,0.046065428942378965,561,Perhaps this would work better if you turned around.
551,7,12,92,111,1.2342342342342343,0.052699377594484176,561,"If you scratch mine, I'll scratch yours."
551,6,14,91,111,1.2342342342342343,0.051121661113913905,561,Did you floss?
551,5,16,90,111,1.2342342342342343,0.049493677083499193,561,I've never been comfortable with public displays of affection
551,8,10,93,111,1.2342342342342343,0.054231213914554634,561,Congress
551,4,18,89,111,1.2342342342342343,0.0478102908111374,561,I was hoping for a different end.
551,4,18,89,111,1.2342342342342343,0.0478102908111374,561,"Trust me all we have to do is on the count of 3 we each move to our right,"
551,3,20,88,111,1.2342342342342343,0.046065428942378965,561,"So I'll lick yours, you lick mine, and let's just keep this between the two of us, okay?"
551,3,20,88,111,1.2342342342342343,0.046065428942378965,561,"Just between you, me, and the lampshade."
551,7,12,92,111,1.2342342342342343,0.052699377594484176,561,They're right. Our breath really does stink.
551,5,16,90,111,1.2342342342342343,0.049493677083499193,561,I'll scratch yours if you scratch mine.
551,3,20,88,111,1.2342342342342343,0.046065428942378965,561,No one can tell we're talking to the Russians.
551,4,18,89,111,1.2342342342342343,0.0478102908111374,561,This played differently in that movie with the spaghetti.
551,5,16,90,111,1.2342342342342343,0.049493677083499193,561,You talkin' to me?!
551,4,18,89,111,1.2342342342342343,0.0478102908111374,561,One of us has to turn around in order to finish this interview.
551,3,20,88,111,1.2342342342342343,0.046065428942378965,561,She suspects nothing.
551,4,18,89,111,1.2342342342342343,0.0478102908111374,561,"Finally, someone who sees the world the way I do!"
551,5,16,90,111,1.2342342342342343,0.049493677083499193,561,"No, it's righty tighty, lefty loosey"
551,3,20,88,111,1.2342342342342343,0.046065428942378965,561,I just gotta say it …our Vet has a sadistic sense of humor.
551,7,12,92,111,1.2342342342342343,0.052699377594484176,561,"That's right. You scratch me, I scratch you."
551,6,14,91,111,1.2342342342342343,0.051121661113913905,561,You can't teach old woofers new tweets.
551,2,22,87,111,1.2342342342342343,0.04425182007381393,561,These days it's better not to look.
551,3,20,88,111,1.2342342342342343,0.046065428942378965,561,"I promise, I'm not seeing anyone else."
551,5,16,90,111,1.2342342342342343,0.049493677083499193,561,Is your tail wagging too?
551,4,18,89,111,1.2342342342342343,0.0478102908111374,561,Our owners were right--our breaths do stink.
551,2,22,87,111,1.2342342342342343,0.04425182007381393,561,"Whatever you do, don't bark!"
551,5,16,90,111,1.2342342342342343,0.049493677083499193,561,"Okay, we can talk now. No one can see us ..."
551,5,16,90,111,1.2342342342342343,0.049493677083499193,561,People are starting to suspect.
551,4,18,89,111,1.2342342342342343,0.0478102908111374,561,We must stop meeting this way.
551,8,10,93,111,1.2342342342342343,0.054231213914554634,561,I'll scratch your back if you'll scratch mine.
551,3,20,88,111,1.2342342342342343,0.046065428942378965,561,How long are you in for?
551,8,10,93,111,1.2342342342342343,0.054231213914554634,561,Can you smell me now?
551,8,10,93,111,1.2342342342342343,0.054231213914554634,561,"Your mission, Jim, should you accept it..."
551,7,12,92,111,1.2342342342342343,0.052699377594484176,561,I'd really like to sniff your butt.
551,6,14,91,111,1.2342342342342343,0.051121661113913905,561,"I know, but still, assume NSA is listening."
551,2,22,87,111,1.2342342342342343,0.04425182007381393,561,"No, YOU let go of the spaghetti."
551,5,16,90,111,1.2342342342342343,0.049493677083499193,561,"No offense, but I'd rather be sniffing your butt right now."
591,4,17,87,108,1.2314814814814814,0.0485270787963912,561,All of our sessions are private and cone-fidential.
591,4,17,87,108,1.2314814814814814,0.0485270787963912,561,"So, I take it you don't have the balls to talk about what happened either."
591,4,17,87,108,1.2314814814814814,0.0485270787963912,561,"So, how is putting our heads together supposed to get us out of this?"
591,5,15,88,108,1.2314814814814814,0.0502786996951927,561,"No, I don't think these things make us look stupid at all."
591,4,17,87,108,1.2314814814814814,0.0485270787963912,561,I've been vetted too
591,3,19,86,108,1.2314814814814814,0.046709818132625494,561,"I didn't want our barks to be ""tapped"
591,4,17,87,108,1.2314814814814814,0.0485270787963912,561,"Well, this is awkward."
591,3,19,86,108,1.2314814814814814,0.046709818132625494,561,My vet calls this a tête-à-tête.
591,2,21,85,108,1.2314814814814814,0.04481893398391732,561,"You're right, I can hear the seashore!"
591,3,19,86,108,1.2314814814814814,0.046709818132625494,561,"I know, I had the same dream."
591,2,21,85,108,1.2314814814814814,0.04481893398391732,561,Are you sure we're alone?
591,4,17,87,108,1.2314814814814814,0.0485270787963912,561,"I thought you said, 'Bone of Silence.'"
591,2,21,85,108,1.2314814814814814,0.04481893398391732,561,"Since we met, I only have eyes for you!"
591,5,15,88,108,1.2314814814814814,0.0502786996951927,561,Now what?
591,5,15,88,108,1.2314814814814814,0.0502786996951927,561,"My tail's wagging, is yours?"
591,5,15,88,108,1.2314814814814814,0.0502786996951927,561,Now no one can see us.
591,6,13,89,108,1.2314814814814814,0.051971318143448894,561,Pooping on the Matisse rug. And you?
591,4,17,87,108,1.2314814814814814,0.0485270787963912,561,And this is what you call witness protection.
591,3,19,86,108,1.2314814814814814,0.046709818132625494,561,I'm seeing a side of you I've never seen.
591,5,15,88,108,1.2314814814814814,0.0502786996951927,561,Activate the Cone of Silence.
591,6,13,89,108,1.2314814814814814,0.051971318143448894,561,"OK, on the count of three, we both start barking"
612,3,17,81,101,1.2277227722772277,0.0485047473818451,561,"All I'm saying is that if we keep meeting like this, a breath mint wouldn't be totally out of line."
613,2,20,84,106,1.2264150943396226,0.045027732031695245,561,STOP SHOUTING!
613,3,18,85,106,1.2264150943396226,0.046980753199957474,561,Don't bark. The echoes would deafen us.
613,3,18,85,106,1.2264150943396226,0.046980753199957474,561,I'll turn around if you will.
613,2,20,84,106,1.2264150943396226,0.045027732031695245,561,You had an interesting breakfast.
613,4,16,86,106,1.2264150943396226,0.048855764148690535,561,You've been watching too many Get Smart reruns
613,5,14,87,106,1.2264150943396226,0.05066142723877443,561,You don't have to shout.
613,4,16,86,106,1.2264150943396226,0.048855764148690535,561,It's a chatroom. No barking.
613,4,16,86,106,1.2264150943396226,0.048855764148690535,561,I have doggie breath? YOU have doggie breath!
613,4,16,86,106,1.2264150943396226,0.048855764148690535,561,"If you scratch my butt, I'll scratch yours."
613,5,14,87,106,1.2264150943396226,0.05066142723877443,561,I guess we're both in the doghouse.
613,4,16,86,106,1.2264150943396226,0.048855764148690535,561,I see they put your cone on the wrong end also.
613,4,16,86,106,1.2264150943396226,0.048855764148690535,561,How long you in for?
613,2,20,84,106,1.2264150943396226,0.045027732031695245,561,Some things are just better said in private.
613,8,8,90,106,1.2264150943396226,0.05572848255444534,561,Are you male or female?
613,5,14,87,106,1.2264150943396226,0.05066142723877443,561,I think your butt smelled better than your breath
613,4,16,86,106,1.2264150943396226,0.048855764148690535,561,"In the cone zone, nobody knows you're a dog."
613,2,20,84,106,1.2264150943396226,0.045027732031695245,561,Do you hear an echo?
613,3,18,85,106,1.2264150943396226,0.046980753199957474,561,"Less tongue, less tongue!"""
613,3,18,85,106,1.2264150943396226,0.046980753199957474,561,Can you keep a secret?
613,5,14,87,106,1.2264150943396226,0.05066142723877443,561,"Yup, yours are gone too!"
633,4,15,84,103,1.2233009708737863,0.049616919769214105,561,"Vladimir, now we can talk."
633,8,7,88,103,1.2233009708737863,0.05677418747796289,561,"""When did you first start using match.cone""?"
633,6,11,86,103,1.2233009708737863,0.053315790771438,561,"Nod, you hang up first. No, you hang up first."
633,4,15,84,103,1.2233009708737863,0.049616919769214105,561,Is this what humans call a 'blind date?'
633,4,15,84,103,1.2233009708737863,0.049616919769214105,561,you scratch mine and I'll scratch yours
633,5,13,85,103,1.2233009708737863,0.051499574138862456,561,Who knew getting fixed could be so romantic?
633,2,19,82,103,1.2233009708737863,0.045619117803674204,561,Love in the Time of Ringworm
633,1,21,81,103,1.2233009708737863,0.043482599969251405,561,You're sure the NSA can't listen to us now?
633,5,13,85,103,1.2233009708737863,0.051499574138862456,561,What??
633,8,7,88,103,1.2233009708737863,0.05677418747796289,561,Scratch my back and I'll scratch yours.
633,4,15,84,103,1.2233009708737863,0.049616919769214105,561,I don't know. I bet the CIA can still hear us.
633,5,13,85,103,1.2233009708737863,0.051499574138862456,561,"Peaches is not a labradoodle, she's really a labrabeagle. Pass it on."
633,4,15,84,103,1.2233009708737863,0.049616919769214105,561,I knew you'd like the echo.
633,2,19,82,103,1.2233009708737863,0.045619117803674204,561,Up for a quick quid pro quo?
633,6,11,86,103,1.2233009708737863,0.053315790771438,561,Speak cryptically. I'm pretty sure our cones are tapped.
633,7,9,87,103,1.2233009708737863,0.0550721431822234,561,I'm not seeing the light at the end of the tunnel...
633,5,13,85,103,1.2233009708737863,0.051499574138862456,561,"They said there's no proof of wiretapping, but I just feel safer this way."
633,2,19,82,103,1.2233009708737863,0.045619117803674204,561,The letters on the tube? S-u-p-e-r-g-l-u-e. Why do you ask?
633,2,19,82,103,1.2233009708737863,0.045619117803674204,561,Shhh... The microwave is listening.
633,1,21,81,103,1.2233009708737863,0.043482599969251405,561,Can you go on mute? I'm getting an echo.
633,5,13,85,103,1.2233009708737863,0.051499574138862456,561,Is this secure?
633,5,13,85,103,1.2233009708737863,0.051499574138862456,561,"I know, but it makes it a lot harder for the microwave to spy on us."
633,3,17,83,103,1.2233009708737863,0.047659955080602695,561,"I can't lick myself, I'm hearing echoes, and I've got tunnel vision. That's Obamacare for you."
633,4,15,84,103,1.2233009708737863,0.049616919769214105,561,OK but you scratch mine first.
633,5,13,85,103,1.2233009708737863,0.051499574138862456,561,Now what?
633,5,13,85,103,1.2233009708737863,0.051499574138862456,561,How about a Quid Pro Quo?
633,4,15,84,103,1.2233009708737863,0.049616919769214105,561,"When mine gets drunk, she puts one of these on her head backwards."
633,3,17,83,103,1.2233009708737863,0.047659955080602695,561,"Psst, you scratch my itch and I'll scratch yours."
633,5,13,85,103,1.2233009708737863,0.051499574138862456,561,"You know, our breath really does stink."
633,4,15,84,103,1.2233009708737863,0.049616919769214105,561,"I’m all for safe sex, but this is ridiculous!"
633,6,11,86,103,1.2233009708737863,0.053315790771438,561,How can you be seeing someone else?
633,5,13,85,103,1.2233009708737863,0.051499574138862456,561,I know what you mean. I wish they would have asked first.
633,6,11,86,103,1.2233009708737863,0.053315790771438,561,Please stop yelling.
633,2,19,82,103,1.2233009708737863,0.045619117803674204,561,"Hey Rex, can you keep a secret?"
633,3,17,83,103,1.2233009708737863,0.047659955080602695,561,This should stop that Russian wolfhound from eavesdropping.
668,3,16,81,100,1.22,0.048367281703584904,561,The microwave can't hear us now!
668,4,14,82,100,1.22,0.05041244034376972,561,Really max? The cone of silence?
668,4,14,82,100,1.22,0.05041244034376972,561,Are you a Russian hound?
668,3,16,81,100,1.22,0.048367281703584904,561,I preferred the old cone of silence.
672,5,11,82,98,1.2142857142857142,0.05279879755594507,561,I smell old shoe with a hint of cardamom.
672,4,13,81,98,1.2142857142857142,0.05076730825668095,561,"I'll bite yours, if you bite mine."
672,4,13,81,98,1.2142857142857142,0.05076730825668095,561,Chief. I think Agent 99 is cheating with a German shepherd.
672,4,13,81,98,1.2142857142857142,0.05076730825668095,561,Just when I thought things couldn't get any more embarrassing...
672,3,15,80,98,1.2142857142857142,0.04865106526998212,561,I think the cats are wiretapping us.
672,4,13,81,98,1.2142857142857142,0.05076730825668095,561,"This is just between us, Ernie."
672,3,15,80,98,1.2142857142857142,0.04865106526998212,561,"My human prefers this face-to-face style-- not really working for me, either."
672,3,15,80,98,1.2142857142857142,0.04865106526998212,561,"In here, it's like none of it ever happened."
672,5,11,82,98,1.2142857142857142,0.05279879755594507,561,We can still have sex.
672,8,5,85,98,1.2142857142857142,0.05847130347895528,561,I said 'PetSmart' not 'Get Smart'.
672,5,11,82,98,1.2142857142857142,0.05279879755594507,561,"This isn't totally what I had in mind when I asked to speak with you in private, but okay."
672,3,15,80,98,1.2142857142857142,0.04865106526998212,561,I'm wagging. How about you?
672,6,9,83,98,1.2142857142857142,0.0547549674374707,561,Don't you love these woofers?
672,3,15,80,98,1.2142857142857142,0.04865106526998212,561,NO...it's the cone of shame. NOT the cone of silence...
672,7,7,84,98,1.2142857142857142,0.05664362183691366,561,Your breath smells as bad as your ass.
672,1,19,78,98,1.2142857142857142,0.044115068632548333,561,I've got a bone to pick with you.
672,5,11,82,98,1.2142857142857142,0.05279879755594507,561,Are you thinking what I am thinking?
672,3,15,80,98,1.2142857142857142,0.04865106526998212,561,"Don't ask."" ""Don't tell."
672,6,9,83,98,1.2142857142857142,0.0547549674374707,561,Have you seen my tail?
672,3,15,80,98,1.2142857142857142,0.04865106526998212,561,Cone-joined dogs
672,5,11,82,98,1.2142857142857142,0.05279879755594507,561,"Ok, I'll scratch your itch and if you'll scratch mine."
672,3,15,80,98,1.2142857142857142,0.04865106526998212,561,You were right! It does work better than a hearing aid!
672,2,17,79,98,1.2142857142857142,0.04643848313822551,561,"Sorry, but it was the only way I could get your undivided attention."
672,4,13,81,98,1.2142857142857142,0.05076730825668095,561,Face Time
672,5,11,82,98,1.2142857142857142,0.05279879755594507,561,Gesundheit!
672,5,11,82,98,1.2142857142857142,0.05279879755594507,561,Ever had an itch you can't scratch?
672,7,7,84,98,1.2142857142857142,0.05664362183691366,561,Bow wow wow woB
672,1,19,78,98,1.2142857142857142,0.044115068632548333,561,It's OK. They can't see us.
672,3,15,80,98,1.2142857142857142,0.04865106526998212,561,Now we're alone at last!
672,5,11,82,98,1.2142857142857142,0.05279879755594507,561,"No, YOU have dog's breath."
672,1,19,78,98,1.2142857142857142,0.044115068632548333,561,"""Great, now you're telling me you gave me fleas.'"
672,6,9,83,98,1.2142857142857142,0.0547549674374707,561,"Is he still President? You look. No, YOU look."
672,3,15,80,98,1.2142857142857142,0.04865106526998212,561,Wow -- you have a long tongue.
672,0,21,77,98,1.2142857142857142,0.04166228323951587,561,"Thank you for meeting me here, Agent Cooper. Are you absolutely sure you weren't tailed?"
672,4,13,81,98,1.2142857142857142,0.05076730825668095,561,I know I'm preaching to the choir here.
672,6,9,83,98,1.2142857142857142,0.0547549674374707,561,"Funny, you don't look at all like your picture."
672,3,15,80,98,1.2142857142857142,0.04865106526998212,561,I'm a dog?
672,4,13,81,98,1.2142857142857142,0.05076730825668095,561,"Ha ha, you look ridiculous!"
672,2,17,79,98,1.2142857142857142,0.04643848313822551,561,It's to prevent the microwave surveillance.
672,5,11,82,98,1.2142857142857142,0.05279879755594507,561,This is what I call a sub-woof-woof-er.
672,4,13,81,98,1.2142857142857142,0.05076730825668095,561,Do you hear an echo?
672,5,11,82,98,1.2142857142857142,0.05279879755594507,561,"I'll lick your wound, you lick mine, and this meeting never happened."
714,4,12,79,95,1.2105263157894737,0.05161390135865942,561,"So, we're just doing this for the next four years?"
714,2,16,77,95,1.2105263157894737,0.04707511531578504,561,What happens in the cone of silence stays in the cone of silence.
714,4,12,79,95,1.2105263157894737,0.05161390135865942,561,You first. Turn around.
714,2,16,77,95,1.2105263157894737,0.04707511531578504,561,"So it's awkward. At least, we can't be hacked."
714,2,16,77,95,1.2105263157894737,0.04707511531578504,561,"I don't think the NSA can hear us, but I'm beginning to worry about the Russians."
714,3,14,78,95,1.2105263157894737,0.049396666362498,561,"We can safely talk politics, now."
714,2,16,77,95,1.2105263157894737,0.04707511531578504,561,"Honestly Rex, I don't think the Russian care what we're saying to each other."
714,4,12,79,95,1.2105263157894737,0.05161390135865942,561,"well, now that I've got you alone..."
714,3,14,78,95,1.2105263157894737,0.049396666362498,561,We have nothing to be ashamed of.
714,3,14,78,95,1.2105263157894737,0.049396666362498,561,"Nobody asked my permission, either!"
714,2,16,77,95,1.2105263157894737,0.04707511531578504,561,Stop barking! There's an echo in here!!!
714,5,10,80,95,1.2105263157894737,0.05373973370975062,561,"Great, now our braces are stuck together."
714,2,16,77,95,1.2105263157894737,0.04707511531578504,561,"You back up! No, you back up!"
714,3,14,78,95,1.2105263157894737,0.049396666362498,561,I don't think they can see us.
714,5,10,80,95,1.2105263157894737,0.05373973370975062,561,And what are you in for?
714,4,12,79,95,1.2105263157894737,0.05161390135865942,561,That was a heck of a party.
714,3,14,78,95,1.2105263157894737,0.049396666362498,561,What's with all the secrecy?
714,4,12,79,95,1.2105263157894737,0.05161390135865942,561,"OMG, we're invisible!"
714,5,10,80,95,1.2105263157894737,0.05373973370975062,561,"Just keep pushing, and we'll have these things off in no time."
714,3,14,78,95,1.2105263157894737,0.049396666362498,561,I don't think they can see us now.
714,4,12,79,95,1.2105263157894737,0.05161390135865942,561,Try wiretapping this!
714,3,14,78,95,1.2105263157894737,0.049396666362498,561,"You're lucky you had coverage, I have not even met my deductible yet"
714,6,8,81,95,1.2105263157894737,0.055784613872719324,561,"What is said in the cone, stays in the cone. Agreed?"
714,1,18,76,95,1.2105263157894737,0.04463297341944604,561,Are you sure this is effective against microwave surveillance?
714,2,16,77,95,1.2105263157894737,0.04707511531578504,561,It's a boxer rebellion. Meet here at midnight.
714,5,10,80,95,1.2105263157894737,0.05373973370975062,561,"I'll bite yours, if you bite mine."
714,5,10,80,95,1.2105263157894737,0.05373973370975062,561,"If we take turns turning around, it might just work."
714,2,16,77,95,1.2105263157894737,0.04707511531578504,561,I know; I can't lick yours either.
714,6,8,81,95,1.2105263157894737,0.055784613872719324,561,Let's see Obama tapp this conversation.
743,3,13,76,92,1.2065217391304348,0.050174191266479935,561,This conversation is off the record.
743,2,15,75,92,1.2065217391304348,0.047734242698569566,561,This is ruff.
743,3,13,76,92,1.2065217391304348,0.050174191266479935,561,Why are we whispering?
743,0,19,73,92,1.2065217391304348,0.042435537460095915,561,"It's annoying, but the acoustics are great."
743,5,9,78,92,1.2065217391304348,0.05472871783373013,561,It's called a Barka.
743,2,15,75,92,1.2065217391304348,0.047734242698569566,561,The surround sound is pretty good.
743,3,13,76,92,1.2065217391304348,0.050174191266479935,561,Maxwell Smart. Who's yours?
743,8,3,81,92,1.2065217391304348,0.06092542314536813,561,"New Yorker, please do something about the ops-up that blocks the cartoon!"
743,4,11,77,92,1.2065217391304348,0.052500866778413105,561,"I chew off your stitches, you chew off mine, and no one needs to know."
743,4,11,77,92,1.2065217391304348,0.052500866778413105,561,"Does my breath smell?"" ""Yeah. Does mine?"
743,5,9,78,92,1.2065217391304348,0.05472871783373013,561,"OK, it's a deal. You scratch my back and I'll scratch yours."
743,1,17,74,92,1.2065217391304348,0.04516266580668786,561,Are we secure?
743,4,11,77,92,1.2065217391304348,0.052500866778413105,561,"If you scratch mine, I'll scratch yours."
743,2,15,75,92,1.2065217391304348,0.047734242698569566,561,You sure this is encrypted?
743,4,11,77,92,1.2065217391304348,0.052500866778413105,561,Together we can lick this.
743,2,15,75,92,1.2065217391304348,0.047734242698569566,561,Let's tell everyone we are from France.
743,2,15,75,92,1.2065217391304348,0.047734242698569566,561,"Ok, now we can talk."
743,4,11,77,92,1.2065217391304348,0.052500866778413105,561,Are you sure this is how babies are made?
743,1,17,74,92,1.2065217391304348,0.04516266580668786,561,When canines Skype.
762,1,16,71,88,1.2045454545454546,0.04616734730784048,561,Keep this under your hat.
763,5,9,79,93,1.2043010752688172,0.05418256454212406,561,Losing our health insurance won't be all bad.
764,1,16,72,89,1.202247191011236,0.0457034878880431,561,Are you sure these can't be wiretapped?
765,4,10,76,90,1.2,0.0528819853025402,561,Magnetic dog cones were eventually deemed a failure.
765,2,14,74,90,1.2,0.04792836935744237,561,"Boy, the humans weren't kidding about dog breath!"
765,1,16,73,90,1.2,0.045248654113974406,561,I'm not supposed to date in recovery.
765,3,12,75,90,1.2,0.05046599329648382,561,"Before you say no, I just had a bath yesterday."
765,4,10,76,90,1.2,0.0528819853025402,561,"If we put our heads together, I bet we can get out of this situation."
765,2,14,74,90,1.2,0.04792836935744237,561,I normally don't go out on blind dates.
765,5,8,77,90,1.2,0.055192320658542765,561,I’ll lick yours if you’ll lick mine.
765,7,4,79,90,1.2,0.05954467264122008,561,"I tell you what, I'll scratch your back if you scratch mine."
765,1,16,73,90,1.2,0.045248654113974406,561,"Kinda kinky, but, personally, I prefer sniffing."
765,1,16,73,90,1.2,0.045248654113974406,561,"If I lick yours, will you lick mine?"
765,3,12,75,90,1.2,0.05046599329648382,561,I like the privacy too but I kinda miss sniffing your butt.
765,2,14,74,90,1.2,0.04792836935744237,561,Fleas to meet you
765,1,16,73,90,1.2,0.045248654113974406,561,"We’re in a secure location now, we can speak candidly."
765,2,14,74,90,1.2,0.04792836935744237,561,At least we have our tails.
765,4,10,76,90,1.2,0.0528819853025402,561,I love how this makes your breath that much worse.
765,3,12,75,90,1.2,0.05046599329648382,561,"Well, at least we can kiss."
765,2,14,74,90,1.2,0.04792836935744237,561,My hypothesis? A bark amplifier.
765,3,12,75,90,1.2,0.05046599329648382,561,You lick mine and I'll lick yours. Deal?
765,3,12,75,90,1.2,0.05046599329648382,561,Let's see the CIA try to hack this.
765,3,12,75,90,1.2,0.05046599329648382,561,"Wait, don't go. I haven't finished telling you about my operation.."
765,4,10,76,90,1.2,0.0528819853025402,561,woofle cones
765,2,14,74,90,1.2,0.04792836935744237,561,I too am failing to appreciate how wearing a lampshade ever became a comedic trope.
765,3,12,75,90,1.2,0.05046599329648382,561,I feel your pain.
765,2,14,74,90,1.2,0.04792836935744237,561,"See, my cone IS as big as yours."
765,0,18,72,90,1.2,0.04239991520025441,561,It's the default privacy setting.
765,1,16,73,90,1.2,0.045248654113974406,561,I'll lick your stitches if you lick mine.
765,3,12,75,90,1.2,0.05046599329648382,561,Let's call it a woofer.
765,2,14,74,90,1.2,0.04792836935744237,561,Care for a Tic Tac?
765,3,12,75,90,1.2,0.05046599329648382,561,I think our vet is kinda new...
765,5,8,77,90,1.2,0.055192320658542765,561,Seems a lot to give up for a little privacy.
765,1,16,73,90,1.2,0.045248654113974406,561,"You gave it to me. No, you gave it to me."
765,5,8,77,90,1.2,0.055192320658542765,561,Someone has dog breath.
765,4,10,76,90,1.2,0.0528819853025402,561,Shhhh... you lick mine and I'll lick yours.
765,4,10,76,90,1.2,0.0528819853025402,561,"If you bite mine, I'll bite yours."
765,3,12,75,90,1.2,0.05046599329648382,561,"Finally, some alone time."
765,3,12,75,90,1.2,0.05046599329648382,561,"Believe me, they're surveilling us."
765,2,14,74,90,1.2,0.04792836935744237,561,They'll never find us!
765,4,10,76,90,1.2,0.0528819853025402,561,Betty told me that Donna saw Julie talking to Gary about what Ralph was doing.
765,3,12,75,90,1.2,0.05046599329648382,561,"Okay, here's the plan: You lick mine and I'll lick yours."
804,2,13,72,87,1.1954022988505748,0.04860821683203345,561,"Thanks for meeting me like this, but I have a secret. I know who the good boy is…"
804,4,9,74,87,1.1954022988505748,0.05382727149237504,561,They'll never find us in here!
804,5,7,75,87,1.1954022988505748,0.056255518508638656,561,This is what we get for crying woof.
804,3,11,73,87,1.1954022988505748,0.051284178358943375,561,Your breath is heavenly... Whose garbage did you get into this morning?
804,1,15,71,87,1.1954022988505748,0.04577609132754833,561,I'll scratch you if you scratch me
804,4,9,74,87,1.1954022988505748,0.05382727149237504,561,Face it - we're licked.
804,1,15,71,87,1.1954022988505748,0.04577609132754833,561,You wanna breath mint?
804,4,9,74,87,1.1954022988505748,0.05382727149237504,561,Have your guy call my guy.
804,5,7,75,87,1.1954022988505748,0.056255518508638656,561,"""Your own good?"" Yeah, mine said the same thing."
804,3,11,73,87,1.1954022988505748,0.051284178358943375,561,How did Lady and the Tramp do it?
804,2,13,72,87,1.1954022988505748,0.04860821683203345,561,There's no way they'll find us in here.
804,4,9,74,87,1.1954022988505748,0.05382727149237504,561,Are you sure this is how puppies are made?
804,6,5,76,87,1.1954022988505748,0.05858320210638645,561,We've been hacked.
804,5,7,75,87,1.1954022988505748,0.056255518508638656,561,Trump meets Putin at Trump Towers
804,5,7,75,87,1.1954022988505748,0.056255518508638656,561,We can't let that damned cat get away with this.
804,4,9,74,87,1.1954022988505748,0.05382727149237504,561,So this is Coney Island.
804,3,11,73,87,1.1954022988505748,0.051284178358943375,561,"It's OK, we're in the cone of silence."
804,3,11,73,87,1.1954022988505748,0.051284178358943375,561,Put your tail down so we don't look suspicious.
804,4,9,74,87,1.1954022988505748,0.05382727149237504,561,One of us needs mouthwash.
804,3,11,73,87,1.1954022988505748,0.051284178358943375,561,"So Maxwell, what happened?....Missed it by that much, Chief!"
804,3,11,73,87,1.1954022988505748,0.051284178358943375,561,"I don't know how they work either, but I too feel strangely unhorny."
804,3,11,73,87,1.1954022988505748,0.051284178358943375,561,Their masters' voices.
804,4,9,74,87,1.1954022988505748,0.05382727149237504,561,Put your tongue back in your mouth.
804,2,13,72,87,1.1954022988505748,0.04860821683203345,561,Back up. Let's see what we're eating here.
804,3,11,73,87,1.1954022988505748,0.051284178358943375,561,Can you hear me now? ... Can you hear me now??
804,1,15,71,87,1.1954022988505748,0.04577609132754833,561,"Boris, are you sure we are not being wire tapped?"
804,2,13,72,87,1.1954022988505748,0.04860821683203345,561,...breath mint?
804,3,11,73,87,1.1954022988505748,0.051284178358943375,561,"You hang up first. No, you hang up first."
804,3,11,73,87,1.1954022988505748,0.051284178358943375,561,Are you sure we're invisible?
804,5,7,75,87,1.1954022988505748,0.056255518508638656,561,Is that your breath or mine?
804,1,15,71,87,1.1954022988505748,0.04577609132754833,561,"Psst.... If you scratch my back, I'll scratch yours."
804,3,11,73,87,1.1954022988505748,0.051284178358943375,561,I can still smell your butt.
804,4,9,74,87,1.1954022988505748,0.05382727149237504,561,Nice set of canines.
804,3,11,73,87,1.1954022988505748,0.051284178358943375,561,"Sorry, I was looking for your butt."
804,3,11,73,87,1.1954022988505748,0.051284178358943375,561,At last! No one else can see us.
804,3,11,73,87,1.1954022988505748,0.051284178358943375,561,This stays under the cone of silence.
804,1,15,71,87,1.1954022988505748,0.04577609132754833,561,"Tell you what, I'll gnaw on your itchy stitches if you gnaw on mine."
804,2,13,72,87,1.1954022988505748,0.04860821683203345,561,They refer to it as Facebark.
804,3,11,73,87,1.1954022988505748,0.051284178358943375,561,Someone needs a mint.
804,3,11,73,87,1.1954022988505748,0.051284178358943375,561,You pull my stitches and I will do yours
804,3,11,73,87,1.1954022988505748,0.051284178358943375,561,It's cool. No one can see us.
804,3,11,73,87,1.1954022988505748,0.051284178358943375,561,Quit your bitching.
804,4,9,74,87,1.1954022988505748,0.05382727149237504,561,Tell you what... You scratch my ears and I'll scratch yours.
804,3,11,73,87,1.1954022988505748,0.051284178358943375,561,"Hello, hello, echo, echo..."
804,3,11,73,87,1.1954022988505748,0.051284178358943375,561,I hear an echo
804,3,11,73,87,1.1954022988505748,0.051284178358943375,561,"Definitely, revenge is appropriate."
804,0,17,70,87,1.1954022988505748,0.04275678110973872,561,See Spot scheme.
804,3,11,73,87,1.1954022988505748,0.051284178358943375,561,"We just have to face that we look like fucking idiots here, Rex."
804,4,9,74,87,1.1954022988505748,0.05382727149237504,561,We just need some time to find ourselves.
804,2,13,72,87,1.1954022988505748,0.04860821683203345,561,Boo!
804,5,7,75,87,1.1954022988505748,0.056255518508638656,561,So here's the deal: You lick my wound and I'll lick yours.
804,4,9,74,87,1.1954022988505748,0.05382727149237504,561,Here's the deal. I can't lick myself.
804,3,11,73,87,1.1954022988505748,0.051284178358943375,561,I'm wagging my tail because my reception is perfect!
804,5,7,75,87,1.1954022988505748,0.056255518508638656,561,I'll scratch yours if you scratch mine.
804,2,13,72,87,1.1954022988505748,0.04860821683203345,561,Now remember --- this is purely confidential.
804,3,11,73,87,1.1954022988505748,0.051284178358943375,561,Do you think anyone can see us?
804,0,17,70,87,1.1954022988505748,0.04275678110973872,561,Please don't raise your voice inside here.
804,2,13,72,87,1.1954022988505748,0.04860821683203345,561,A hundred thousand years of symbiosis and this is what we get?
804,4,9,74,87,1.1954022988505748,0.05382727149237504,561,You're right. It's better without protection.
804,4,9,74,87,1.1954022988505748,0.05382727149237504,561,Better inside a liberal bubble than out chasing alternative cats.
804,2,13,72,87,1.1954022988505748,0.04860821683203345,561,Even the Russians can't hear us now.
804,5,7,75,87,1.1954022988505748,0.056255518508638656,561,The humiliation continues.
804,3,11,73,87,1.1954022988505748,0.051284178358943375,561,Trade licks?
804,3,11,73,87,1.1954022988505748,0.051284178358943375,561,Finally some privacy
804,2,13,72,87,1.1954022988505748,0.04860821683203345,561,"I thought the saying, ""Put your heads together"", was a metaphor?"
804,4,9,74,87,1.1954022988505748,0.05382727149237504,561,Did yours get cut off too?
804,2,13,72,87,1.1954022988505748,0.04860821683203345,561,Is that your breath or mine?
804,5,7,75,87,1.1954022988505748,0.056255518508638656,561,Why do you keep saying everything twice?
804,2,13,72,87,1.1954022988505748,0.04860821683203345,561,How many times do I have to tell you? NO TEXTING AND RUNNING!
804,6,5,76,87,1.1954022988505748,0.05858320210638645,561,"Maybe it's just the cones, but you sound about an octave higher."
804,2,13,72,87,1.1954022988505748,0.04860821683203345,561,I was chasing a car. What were you doing?
804,3,11,73,87,1.1954022988505748,0.051284178358943375,561,Conservatives discussing climate change.
804,4,9,74,87,1.1954022988505748,0.05382727149237504,561,This is the best way to cover up my meeting with the Russian wolfhounds.
804,5,7,75,87,1.1954022988505748,0.056255518508638656,561,"Only three years, 10 months to go."
804,1,15,71,87,1.1954022988505748,0.04577609132754833,561,....and how long are you in for?
804,3,11,73,87,1.1954022988505748,0.051284178358943375,561,"What happens in the cone of shame, stays in the cone of shame."
804,4,9,74,87,1.1954022988505748,0.05382727149237504,561,They think that this will stop us
804,4,9,74,87,1.1954022988505748,0.05382727149237504,561,"No, you be the chief. I want to be '86."
804,4,9,74,87,1.1954022988505748,0.05382727149237504,561,"""You too? Did they really think they could teach you a new trick?"
804,3,11,73,87,1.1954022988505748,0.051284178358943375,561,"No, you let go."
804,5,7,75,87,1.1954022988505748,0.056255518508638656,561,Could you turn around? I can't place you.
804,3,11,73,87,1.1954022988505748,0.051284178358943375,561,"From one conehead to another, our barks are worse than our bites."
804,3,11,73,87,1.1954022988505748,0.051284178358943375,561,"So wait, Obamacare and the Affordable Cone Act are the same thing?"
804,3,11,73,87,1.1954022988505748,0.051284178358943375,561,Agreed. I'll scratch your ears and you'll scratch mine.
804,3,11,73,87,1.1954022988505748,0.051284178358943375,561,I'll lick your butt if you'll lick mine.
804,2,13,72,87,1.1954022988505748,0.04860821683203345,561,"Careful, I heard the squirrels are tapping our cones."
804,3,11,73,87,1.1954022988505748,0.051284178358943375,561,At least I get the Animal Planet Channel
804,5,7,75,87,1.1954022988505748,0.056255518508638656,561,"""It was funnier on Saurday Night Live""."
804,3,11,73,87,1.1954022988505748,0.051284178358943375,561,"Dammit Max, the cone of silence never worked on ""Get Smart!"""
804,2,13,72,87,1.1954022988505748,0.04860821683203345,561,I learned this from a French poodle.
804,2,13,72,87,1.1954022988505748,0.04860821683203345,561,No Barking.
804,5,7,75,87,1.1954022988505748,0.056255518508638656,561,K-9 FOCUS Group.
804,3,11,73,87,1.1954022988505748,0.051284178358943375,561,Pretty sure we're a shoo in for going viral.
804,5,7,75,87,1.1954022988505748,0.056255518508638656,561,Lets keep this between us.
804,3,11,73,87,1.1954022988505748,0.051284178358943375,561,I'll chew on yours if you'll chew on mine.
804,2,13,72,87,1.1954022988505748,0.04860821683203345,561,It's called docking.
804,1,15,71,87,1.1954022988505748,0.04577609132754833,561,I hear we are both the life of the party.
804,2,13,72,87,1.1954022988505748,0.04860821683203345,561,No one can tap our cone of silence.
804,4,9,74,87,1.1954022988505748,0.05382727149237504,561,My main food source thinks I'm his best friend.
804,4,9,74,87,1.1954022988505748,0.05382727149237504,561,I think we're doing this wrong.
904,2,12,70,84,1.1904761904761905,0.049310188462709244,561,"Jeez Frank, you could really use a greenie."
904,2,12,70,84,1.1904761904761905,0.049310188462709244,561,Do you think they see us?
904,2,12,70,84,1.1904761904761905,0.049310188462709244,561,Do they know the Vets only put these on us to jack the fees.
904,4,8,72,84,1.1904761904761905,0.05481987004287437,561,Have you been eating onions?
904,4,8,72,84,1.1904761904761905,0.05481987004287437,561,TrumpCare
904,4,8,72,84,1.1904761904761905,0.05481987004287437,561,Ruff day?
904,4,8,72,84,1.1904761904761905,0.05481987004287437,561,I'll scratch your butt if you scratch mine.
904,1,14,69,84,1.1904761904761905,0.04631018196447773,561,Don't tell the cat about this.
904,1,14,69,84,1.1904761904761905,0.04631018196447773,561,This is much better…on the internet nobody knows you’re a dog!
904,4,8,72,84,1.1904761904761905,0.05481987004287437,561,"Hey, you're right. I can hear the ocean."
904,2,12,70,84,1.1904761904761905,0.049310188462709244,561,I think the microwave can't hear us now.
904,3,10,71,84,1.1904761904761905,0.052137859745800555,561,I'm bisexual !!
904,3,10,71,84,1.1904761904761905,0.052137859745800555,561,What's said in the cone - stays in the cone.
904,4,8,72,84,1.1904761904761905,0.05481987004287437,561,The hounds of silence.
904,1,14,69,84,1.1904761904761905,0.04631018196447773,561,The microwave won't be able to read our lips.
904,1,14,69,84,1.1904761904761905,0.04631018196447773,561,No one can see us.
904,3,10,71,84,1.1904761904761905,0.052137859745800555,561,Raising your voice in this situation only makes matters worse.
904,4,8,72,84,1.1904761904761905,0.05481987004287437,561,Focus.
904,2,12,70,84,1.1904761904761905,0.049310188462709244,561,Can you smell me now?
904,2,12,70,84,1.1904761904761905,0.049310188462709244,561,We gotta stop meeting this way.
904,3,10,71,84,1.1904761904761905,0.052137859745800555,561,"If you scratch my itch, I'll scratch yours."
925,3,9,69,81,1.1851851851851851,0.05302896690102354,561,Hold still. The cat reads lips!
925,3,9,69,81,1.1851851851851851,0.05302896690102354,561,"How about if I scratch your butt, you scratch mine?"
925,2,11,68,81,1.1851851851851851,0.0500342818003937,561,"Here's licking at you, kid."
925,3,9,69,81,1.1851851851851851,0.05302896690102354,561,Amazon hired me to deliver lampshades. You?
925,4,7,70,81,1.1851851851851851,0.055863344922216146,561,"I have the unlimited barking plan, but the roaming charges really add up."
925,2,11,68,81,1.1851851851851851,0.0500342818003937,561,Whisper so the microwave won't hear us.
925,3,9,69,81,1.1851851851851851,0.05302896690102354,561,It's as we both suspected.Thanks for looking.
925,4,7,70,81,1.1851851851851851,0.055863344922216146,561,You voted for this coverage.
925,3,9,69,81,1.1851851851851851,0.05302896690102354,561,"Whoa, are we having an eclipse?"
925,3,9,69,81,1.1851851851851851,0.05302896690102354,561,I'll lick yours if you lick mine.
925,3,9,69,81,1.1851851851851851,0.05302896690102354,561,Okay. You lick mine and I'll lick yours.
925,4,7,70,81,1.1851851851851851,0.055863344922216146,561,Lick mine first.
925,2,11,68,81,1.1851851851851851,0.0500342818003937,561,The cat's been wiretapping me.
925,1,13,67,81,1.1851851851851851,0.046848557928420444,561,Whatever happened to two orange juice cans and a string?
925,1,13,67,81,1.1851851851851851,0.046848557928420444,561,Shall we call it even?
925,5,5,71,81,1.1851851851851851,0.05856069741052555,561,"If we don't see ball, does ball exist?"
925,3,9,69,81,1.1851851851851851,0.05302896690102354,561,"I never realized how MUCH you slobber, until now."
925,3,9,69,81,1.1851851851851851,0.05302896690102354,561,Hell no. You turn around.
925,3,9,69,81,1.1851851851851851,0.05302896690102354,561,Let them wonder.
925,2,11,68,81,1.1851851851851851,0.0500342818003937,561,"You smell mine, then I'll smell yours."
925,4,7,70,81,1.1851851851851851,0.055863344922216146,561,A private chat room at bitch.com.
925,5,5,71,81,1.1851851851851851,0.05856069741052555,561,The swift bird flies at midnight...
925,2,11,68,81,1.1851851851851851,0.0500342818003937,561,"This is the cone of shame. No one can hear us in here."" ""What?"
925,3,9,69,81,1.1851851851851851,0.05302896690102354,561,At last we can have some privacy!
925,3,9,69,81,1.1851851851851851,0.05302896690102354,561,"Wow, it really stinks in here."
925,2,11,68,81,1.1851851851851851,0.0500342818003937,561,Let's make a deal on scratching.
925,1,13,67,81,1.1851851851851851,0.046848557928420444,561,Your breath smells amazing in here. Is that liver snaps?
925,0,15,66,81,1.1851851851851851,0.043429775553920656,561,Face time is always more awkward than I expect it to be.
925,1,13,67,81,1.1851851851851851,0.046848557928420444,561,Act natural.
925,5,5,71,81,1.1851851851851851,0.05856069741052555,561,Obama has wire-tapped all my chew toys.
925,3,9,69,81,1.1851851851851851,0.05302896690102354,561,So whatever is said in the Cone of Silence stays in the Cone of Silence.
925,1,13,67,81,1.1851851851851851,0.046848557928420444,561,Think they can see us?
925,1,13,67,81,1.1851851851851851,0.046848557928420444,561,They told me if I like my vet I can keep my vet.
925,3,9,69,81,1.1851851851851851,0.05302896690102354,561,"How disappointing. I always envisioned the ""cone of silence"" as being more high tech."
925,1,13,67,81,1.1851851851851851,0.046848557928420444,561,The acoustics in here are incredible.
925,1,13,67,81,1.1851851851851851,0.046848557928420444,561,This is the best way to avoid media leaks.
925,3,9,69,81,1.1851851851851851,0.05302896690102354,561,"To be fair, they made that spaghetti kiss look so easy in the movie."
925,3,9,69,81,1.1851851851851851,0.05302896690102354,561,Are we seeing eye to eye yet?
925,2,11,68,81,1.1851851851851851,0.0500342818003937,561,"Could you hum, ""Who let the dogs out""?"
925,3,9,69,81,1.1851851851851851,0.05302896690102354,561,"Hear no Tump, see no Trump."
925,3,9,69,81,1.1851851851851851,0.05302896690102354,561,"No, you turn around."
925,2,11,68,81,1.1851851851851851,0.0500342818003937,561,"I bit the mailman, what did you do?"
925,2,11,68,81,1.1851851851851851,0.0500342818003937,561,"Finally, a place we can talk."
925,1,13,67,81,1.1851851851851851,0.046848557928420444,561,"Let me explain, it's kinda like 'you scratch my back, I'll scratch yours'..."
925,4,7,70,81,1.1851851851851851,0.055863344922216146,561,This is the first time I've sniffed the front of a dog.
925,3,9,69,81,1.1851851851851851,0.05302896690102354,561,Conespiricy!
925,3,9,69,81,1.1851851851851851,0.05302896690102354,561,"So, you lick mine, I lick yours?"
925,1,13,67,81,1.1851851851851851,0.046848557928420444,561,Careful. They may be surveiling with microwaves again.
925,2,11,68,81,1.1851851851851851,0.0500342818003937,561,You are taking this wiretapping paranoia a bit too far.
925,5,5,71,81,1.1851851851851851,0.05856069741052555,561,Two cones don't make a right.
925,3,9,69,81,1.1851851851851851,0.05302896690102354,561,It's not you. It's me.
925,2,11,68,81,1.1851851851851851,0.0500342818003937,561,These hearing aids aren't very powerful.
925,1,13,67,81,1.1851851851851851,0.046848557928420444,561,Nothing you say to me will leave this room.
925,1,13,67,81,1.1851851851851851,0.046848557928420444,561,"I hear evil, see evil, and smell evil."
925,1,13,67,81,1.1851851851851851,0.046848557928420444,561,What was your co-pay?
925,2,11,68,81,1.1851851851851851,0.0500342818003937,561,I still can't hear you
925,2,11,68,81,1.1851851851851851,0.0500342818003937,561,You're taking this Cone of Silence thing a bit too far.
925,3,9,69,81,1.1851851851851851,0.05302896690102354,561,Your breath is worse than your bark and your bite.
925,3,9,69,81,1.1851851851851851,0.05302896690102354,561,Can you scratch my butt?
925,3,9,69,81,1.1851851851851851,0.05302896690102354,561,For OUR own good? I don't see any on them!
925,4,7,70,81,1.1851851851851851,0.055863344922216146,561,The first rule of Flea Club is: You do not talk about Flea Club.
925,3,9,69,81,1.1851851851851851,0.05302896690102354,561,"What say, I'll scratch your back, if you scratch mine?"
925,2,11,68,81,1.1851851851851851,0.0500342818003937,561,I sense a bouquet of Alpo with a tinge of Milkbone
925,2,11,68,81,1.1851851851851851,0.0500342818003937,561,We have GOT to get ahold of PETA.
925,3,9,69,81,1.1851851851851851,0.05302896690102354,561,I think I like sniffing butts better.
925,4,7,70,81,1.1851851851851851,0.055863344922216146,561,Wrong end. Wrong end.
925,1,13,67,81,1.1851851851851851,0.046848557928420444,561,Do that thing with your tongue one more time and I'm out of here!
925,3,9,69,81,1.1851851851851851,0.05302896690102354,561,SMART CONES
925,2,11,68,81,1.1851851851851851,0.0500342818003937,561,Who CARES which of us is a good dog?
925,1,13,67,81,1.1851851851851851,0.046848557928420444,561,"I'm glad we can speak privately now, but you really have dog breath."
925,3,9,69,81,1.1851851851851851,0.05302896690102354,561,Damn this magnetic trim.
925,2,11,68,81,1.1851851851851851,0.0500342818003937,561,Beats me? Some kind of reverse engineering.
925,3,9,69,81,1.1851851851851851,0.05302896690102354,561,re@L_d0gs_sn!ff_buttz. Now I verify your password.
925,3,9,69,81,1.1851851851851851,0.05302896690102354,561,No ! You move back !
925,3,9,69,81,1.1851851851851851,0.05302896690102354,561,The vet did what to you?
925,3,9,69,81,1.1851851851851851,0.05302896690102354,561,"Okay, on the count of three pull back."
925,2,11,68,81,1.1851851851851851,0.0500342818003937,561,"No, YOU get out of MY face."
925,1,13,67,81,1.1851851851851851,0.046848557928420444,561,"No, you hang up!"
925,2,11,68,81,1.1851851851851851,0.0500342818003937,561,"mr. Watson, Come here - I want to see you."
925,1,13,67,81,1.1851851851851851,0.046848557928420444,561,Now I know what the vet means when she says halitosis.
925,3,9,69,81,1.1851851851851851,0.05302896690102354,561,"It was love at first sight, though I will admit we had tunnel vision..."
925,2,11,68,81,1.1851851851851851,0.0500342818003937,561,Are they covered by the Affordable Cone Act?
925,2,11,68,81,1.1851851851851851,0.0500342818003937,561,"On the bright side, we don't have to fuss around with contraceptives anymore."
925,2,11,68,81,1.1851851851851851,0.0500342818003937,561,Tunnel of Love
925,4,7,70,81,1.1851851851851851,0.055863344922216146,561,No YOU hang up first!
925,2,11,68,81,1.1851851851851851,0.0500342818003937,561,I was told this would be a blind date
925,3,9,69,81,1.1851851851851851,0.05302896690102354,561,What happens in the cone stays in the cone.
925,2,11,68,81,1.1851851851851851,0.0500342818003937,561,It's already been seven dog minutes.
925,2,11,68,81,1.1851851851851851,0.0500342818003937,561,That surgery was ruff.
925,3,9,69,81,1.1851851851851851,0.05302896690102354,561,I'm going to bite whoever gave the cat crazy glue!
925,2,11,68,81,1.1851851851851851,0.0500342818003937,561,Oops--wrong end.
925,2,11,68,81,1.1851851851851851,0.0500342818003937,561,"So, what are in for?"
925,4,7,70,81,1.1851851851851851,0.055863344922216146,561,"Ewwww, less tongue!"
925,1,13,67,81,1.1851851851851851,0.046848557928420444,561,Now can you hear the ocean?
925,1,13,67,81,1.1851851851851851,0.046848557928420444,561,"So, where's your butt, anyway?"
925,2,11,68,81,1.1851851851851851,0.0500342818003937,561,Conical visit.
925,4,7,70,81,1.1851851851851851,0.055863344922216146,561,"Okay, it's agreed then... I'll lick yours, then you lick mine."
925,1,13,67,81,1.1851851851851851,0.046848557928420444,561,I hear you but I can't see you.
925,3,9,69,81,1.1851851851851851,0.05302896690102354,561,Hey - we could hotbox the shit outta this.
925,4,7,70,81,1.1851851851851851,0.055863344922216146,561,"Oops! Sorry, I thought that was your butt..."
925,3,9,69,81,1.1851851851851851,0.05302896690102354,561,Activate the Cone of Silence.
925,3,9,69,81,1.1851851851851851,0.05302896690102354,561,Just now you change your mind about having puppies?
925,4,7,70,81,1.1851851851851851,0.055863344922216146,561,The squirrels will still be there - can we just talk for a minute?
925,2,11,68,81,1.1851851851851851,0.0500342818003937,561,Who did yours?
925,2,11,68,81,1.1851851851851851,0.0500342818003937,561,"If a flea bites, and one cannot see it, does it still itch?"
925,3,9,69,81,1.1851851851851851,0.05302896690102354,561,"I'm just saying, Boris, there are things they do NOT want us to know."
925,2,11,68,81,1.1851851851851851,0.0500342818003937,561,"So, what are you in here for?"
925,3,9,69,81,1.1851851851851851,0.05302896690102354,561,"Chief, this is Max"
925,3,9,69,81,1.1851851851851851,0.05302896690102354,561,The CIA has nothing on us !
925,2,11,68,81,1.1851851851851851,0.0500342818003937,561,Tee-hee! They'll never find us in here!
925,2,11,68,81,1.1851851851851851,0.0500342818003937,561,It's a deal. Now sniff my butt and my people will be in touch.
925,4,7,70,81,1.1851851851851851,0.055863344922216146,561,Your owner must have been at the Fashion Week shows too.
925,1,13,67,81,1.1851851851851851,0.046848557928420444,561,"Heh, heh... They'll never find us in here!"
925,5,5,71,81,1.1851851851851851,0.05856069741052555,561,I do still care but I just can't smell what you're thinking anymore.
925,2,11,68,81,1.1851851851851851,0.0500342818003937,561,You don't get this virtual reality thing either?
925,3,9,69,81,1.1851851851851851,0.05302896690102354,561,Let's see them wire-tap this
925,3,9,69,81,1.1851851851851851,0.05302896690102354,561,Next time let's just text.
925,3,9,69,81,1.1851851851851851,0.05302896690102354,561,"First, they remove my ability to have puppies. Then, ""This""."
925,2,11,68,81,1.1851851851851851,0.0500342818003937,561,Thanks for agreeing to meet me in private.
925,2,11,68,81,1.1851851851851851,0.0500342818003937,561,"Yeah, I was blindsided too."
925,3,9,69,81,1.1851851851851851,0.05302896690102354,561,Agent 99 is that you?
925,6,3,72,81,1.1851851851851851,0.06113916303414511,561,"You scratch my back, I'll scratch yours. Deal?"
925,4,7,70,81,1.1851851851851851,0.055863344922216146,561,"So it's a deal? You lick mine, and I'll lick yours."
925,3,9,69,81,1.1851851851851851,0.05302896690102354,561,It's agreed then. You sniff my butt and I'll sniff yours.
925,3,9,69,81,1.1851851851851851,0.05302896690102354,561,"If we just had bulbs, we could be lamps."
925,2,11,68,81,1.1851851851851851,0.0500342818003937,561,No YOU hang up first!
925,3,9,69,81,1.1851851851851851,0.05302896690102354,561,It's a dog-meet-dog world in here.
925,3,9,69,81,1.1851851851851851,0.05302896690102354,561,"""Cable news and tweeting to his base? Why doesn't he just sniff butts?"
925,1,13,67,81,1.1851851851851851,0.046848557928420444,561,One of us has terrible breath.
925,3,9,69,81,1.1851851851851851,0.05302896690102354,561,We're invisible!
925,3,9,69,81,1.1851851851851851,0.05302896690102354,561,"Heads or tails, it's just not working."
925,4,7,70,81,1.1851851851851851,0.055863344922216146,561,Are you sure they can't hear us from the microwave?
925,3,9,69,81,1.1851851851851851,0.05302896690102354,561,It's the Code of Silence NOT CONE. .
925,1,13,67,81,1.1851851851851851,0.046848557928420444,561,They’re tapping our cones.
925,1,13,67,81,1.1851851851851851,0.046848557928420444,561,"My therapist said it's time to ""think outside the cone""."
925,1,13,67,81,1.1851851851851851,0.046848557928420444,561,"We can't see them, so they can't see us."
925,3,9,69,81,1.1851851851851851,0.05302896690102354,561,I think we're alone now.
925,2,11,68,81,1.1851851851851851,0.0500342818003937,561,Relax. Nobody can see us in here.
925,3,9,69,81,1.1851851851851851,0.05302896690102354,561,"Ha, ha, ha, our masters will never see us now!"
925,2,11,68,81,1.1851851851851851,0.0500342818003937,561,Our best hiding place yet.
925,3,9,69,81,1.1851851851851851,0.05302896690102354,561,I'd like to see that Russian Blue Cat from the embassy next door hack this conversation.
1066,3,9,70,82,1.1829268292682926,0.05242694342046911,561,So...what did you eat this time?
1066,3,9,70,82,1.1829268292682926,0.05242694342046911,561,First Rule of Cone Club: Never mention Cone Club
1066,4,7,71,82,1.1829268292682926,0.05522407553472854,561,Max ... are you sure the 'Cone of Silence' is really necessary?
1066,4,7,71,82,1.1829268292682926,0.05522407553472854,561,Are you here for the breath mint study?
1066,3,9,70,82,1.1829268292682926,0.05242694342046911,561,"Whatever you do, don't bark!"
1066,2,11,69,82,1.1829268292682926,0.04947191399330266,561,We need to bark. Plain and simple.
1066,2,11,69,82,1.1829268292682926,0.04947191399330266,561,"Your favorite Saturday Night Live skit was ""the coneheads??!!"" Me, too!"
1066,3,9,70,82,1.1829268292682926,0.05242694342046911,561,"No barking in the ""Cone of Silence""."
1066,3,9,70,82,1.1829268292682926,0.05242694342046911,561,"That was quite a party last night, eh?"
1066,4,7,71,82,1.1829268292682926,0.05522407553472854,561,Let's sue for loss of consortium.
1076,2,10,66,78,1.1794871794871795,0.05078009416329737,561,Shh! I think we're being wiretapped.
1076,3,8,67,78,1.1794871794871795,0.05395941341632321,561,"On the count of 3, you whine and I'll bark."
1076,5,4,69,78,1.1794871794871795,0.059813200568389145,561,I wish my cone was this nice inside.
1076,3,8,67,78,1.1794871794871795,0.05395941341632321,561,"My first blind date. Yours, too?"
1076,1,12,65,78,1.1794871794871795,0.04738794815386097,561,"If we can't see them, they can't see us"
1076,1,12,65,78,1.1794871794871795,0.04738794815386097,561,"Sweetie, I'm sure. Our vet is a sociopath."
1076,3,8,67,78,1.1794871794871795,0.05395941341632321,561,I called this closed door press briefing to address the false reports that I lack impulse control.
1076,2,10,66,78,1.1794871794871795,0.05078009416329737,561,Lucky? Is that you?
1076,1,12,65,78,1.1794871794871795,0.04738794815386097,561,"Right, so we agree to keep this whole episode in the cone?"
1076,1,12,65,78,1.1794871794871795,0.04738794815386097,561,"No, YOU'RE shouting!"
1076,0,14,64,78,1.1794871794871795,0.04373348027807394,561,Think they know we're in here?
1076,4,6,68,78,1.1794871794871795,0.05696155395733173,561,Yes. It's the same species that developed the Mars 2020 Rover. This is the best they can come up with for us.
1076,3,8,67,78,1.1794871794871795,0.05395941341632321,561,"...and then, that bitch had the nerve to say..."
1076,3,8,67,78,1.1794871794871795,0.05395941341632321,561,Let's get a second opinion.
1076,2,10,66,78,1.1794871794871795,0.05078009416329737,561,"If I lick yours, will you lick mine?"
1076,2,10,66,78,1.1794871794871795,0.05078009416329737,561,"You're right, it does enhance your dog food breath."
1076,4,6,68,78,1.1794871794871795,0.05696155395733173,561,Listen. I'll lick your stitches if you'll lick mine.
1076,3,8,67,78,1.1794871794871795,0.05395941341632321,561,"Damn, every time we meet they turn the lights out."
1076,3,8,67,78,1.1794871794871795,0.05395941341632321,561,Cone of silence activated.
1076,4,6,68,78,1.1794871794871795,0.05696155395733173,561,These cones aren't the only thing that's emasculating.
1076,2,10,66,78,1.1794871794871795,0.05078009416329737,561,This is my idea to keep deaf dogs from reading my lips.
1076,3,8,67,78,1.1794871794871795,0.05395941341632321,561,"Yes, we can still do our 'hello and smell-o'!"
1098,1,12,66,79,1.1772151898734178,0.04683939034393648,561,This bites.
1098,1,12,66,79,1.1772151898734178,0.04683939034393648,561,"Usually when he says, 'roll over' it ends on a much better note."
1098,1,12,66,79,1.1772151898734178,0.04683939034393648,561,Not what I expected when I heard the White House wanted to test a new method to stop leaks
1098,4,6,69,79,1.1772151898734178,0.05628177611146416,561,No way Obama can wiretap us.
1098,0,14,65,79,1.1772151898734178,0.04323607918126412,561,They never told us about this when we were domesticated.
1098,1,12,66,79,1.1772151898734178,0.04683939034393648,561,No...I'm not seeing anyone else.
1098,3,8,68,79,1.1772151898734178,0.05332043114452347,561,Houston.....we have a problem!
1098,2,10,67,79,1.1772151898734178,0.05018464339431694,561,I'll show you yours if you'll show me mine
1098,1,12,66,79,1.1772151898734178,0.04683939034393648,561,The acoustics are fabulous in here!
1098,3,8,68,79,1.1772151898734178,0.05332043114452347,561,Where'd MY body go? Where'd YOU'RE body go?!
1098,3,8,68,79,1.1772151898734178,0.05332043114452347,561,"Yes, but isn’t this better than getting stuck the other way?"
1098,1,12,66,79,1.1772151898734178,0.04683939034393648,561,You don't have to yell.
1098,1,12,66,79,1.1772151898734178,0.04683939034393648,561,"Alpha Dog, do you copy?"
1098,2,10,67,79,1.1772151898734178,0.05018464339431694,561,I just wear mine for the privacy.
1098,2,10,67,79,1.1772151898734178,0.05018464339431694,561,Can you turn around please?
1098,4,6,69,79,1.1772151898734178,0.05628177611146416,561,This sure beats lowering the Cone of Silence.
1098,3,8,68,79,1.1772151898734178,0.05332043114452347,561,"you roll to the right, I will roll to the left"
1098,4,6,69,79,1.1772151898734178,0.05628177611146416,561,Bow wow wow woB
1098,3,8,68,79,1.1772151898734178,0.05332043114452347,561,"Ok then. We have a butt lickin"" deal. Right?"
1098,2,10,67,79,1.1772151898734178,0.05018464339431694,561,Let's talk revenge
1098,4,6,69,79,1.1772151898734178,0.05628177611146416,561,A rare look at the mating ritual of Elizabethan Collies.
1098,3,8,68,79,1.1772151898734178,0.05332043114452347,561,"I am not ashamed to be seen with you, I just think they're cool hats."
1120,4,5,66,75,1.1733333333333333,0.058118652580542315,561,Are you looking at ME?
1120,1,11,63,75,1.1733333333333333,0.04792386354100322,561,They're saying 3 more weeks before I'm allowed near a butt again. You?
1120,2,9,64,75,1.1733333333333333,0.05154664932909856,561,... and then Bannon said to Spicer...
1120,2,9,64,75,1.1733333333333333,0.05154664932909856,561,Sorry. Wrong end.
1120,3,7,65,75,1.1733333333333333,0.05493102417957832,561,Just when I thought it couldn't get any more humiliating.
1120,4,5,66,75,1.1733333333333333,0.058118652580542315,561,Hold still so they can't see us.
1120,1,11,63,75,1.1733333333333333,0.04792386354100322,561,The only way to keep from hearing about politics.
1120,2,9,64,75,1.1733333333333333,0.05154664932909856,561,Wow! I really can hear the ocean!
1120,1,11,63,75,1.1733333333333333,0.04792386354100322,561,I'm backing off when the slobber gets to my nose.
1120,1,11,63,75,1.1733333333333333,0.04792386354100322,561,DIDN'T I JUST SEE YOU AT THE VET?
1120,3,7,65,75,1.1733333333333333,0.05493102417957832,561,Get your shame face on!
1120,3,7,65,75,1.1733333333333333,0.05493102417957832,561,"You look familiar, but I can't be sure until we get these damn things off and sniff butts."
1120,2,9,64,75,1.1733333333333333,0.05154664932909856,561,He said the virtual reality would be completely immersive but I still itch.
1120,4,5,66,75,1.1733333333333333,0.058118652580542315,561,This support group reached capacity quickly.
1120,1,11,63,75,1.1733333333333333,0.04792386354100322,561,"Remember, what I told you is confidential."
1120,2,9,64,75,1.1733333333333333,0.05154664932909856,561,"How can I scratch your itch, if I can't even see it?"
1120,3,7,65,75,1.1733333333333333,0.05493102417957832,561,What hole in the wall!
1120,2,9,64,75,1.1733333333333333,0.05154664932909856,561,"Yes, I know it's not perfect, but, if you scratch my itch, I'll scratch yours."
1120,2,9,64,75,1.1733333333333333,0.05154664932909856,561,"You can leave the echo chamber if you want, but I'm telling you, the alternative is worse."
1120,1,11,63,75,1.1733333333333333,0.04792386354100322,561,A Meeting of the Blinds
1120,3,7,65,75,1.1733333333333333,0.05493102417957832,561,Let's run away together and never look back.
1120,2,9,64,75,1.1733333333333333,0.05154664932909856,561,Now . . . here's my plan.
1120,3,7,65,75,1.1733333333333333,0.05493102417957832,561,Do you smell something?
1120,2,9,64,75,1.1733333333333333,0.05154664932909856,561,Air holes would've been nice.
1120,4,5,66,75,1.1733333333333333,0.058118652580542315,561,Head to head in a dog eat dog world.
1120,3,7,65,75,1.1733333333333333,0.05493102417957832,561,I am all ears.
1120,0,13,62,75,1.1733333333333333,0.044003821837839685,561,I'm sure we can figure a way out of this if we put our heads together.
1120,3,7,65,75,1.1733333333333333,0.05493102417957832,561,You’re right - the spaghetti thing was better
1120,6,1,68,75,1.1733333333333333,0.06401951654377358,561,I think my food dish is monitoring me.
1120,2,9,64,75,1.1733333333333333,0.05154664932909856,561,"Good, now do my other ear; then it's your turn."
1120,5,3,67,75,1.1733333333333333,0.06114031516224085,561,Who's calling a spayed a spayed?
1120,3,7,65,75,1.1733333333333333,0.05493102417957832,561,Shhh...I think the microwave is watching.
1120,4,5,66,75,1.1733333333333333,0.058118652580542315,561,"If you are that worried about wiretapping, let's just go back to barking."
1120,4,5,66,75,1.1733333333333333,0.058118652580542315,561,Told you mine's bigger.
1120,2,9,64,75,1.1733333333333333,0.05154664932909856,561,"Tell you what -- You scratch my ears, I'll scratch yours."
1120,2,9,64,75,1.1733333333333333,0.05154664932909856,561,"Finally, we're alone."
1120,1,11,63,75,1.1733333333333333,0.04792386354100322,561,Alone at last.
1120,3,7,65,75,1.1733333333333333,0.05493102417957832,561,Program is still operational but they had to phase out the microwave cameras
1120,0,13,62,75,1.1733333333333333,0.044003821837839685,561,OK It's just you and me
1120,4,5,66,75,1.1733333333333333,0.058118652580542315,561,Schrodinger's dog?
1120,2,9,64,75,1.1733333333333333,0.05154664932909856,561,How the heck are we supposed to catch balls in here?
1120,2,9,64,75,1.1733333333333333,0.05154664932909856,561,Do you think your parents suspect anything?
1120,2,9,64,75,1.1733333333333333,0.05154664932909856,561,"Okay it's settled, then: You scratch my itch, and I'll scratch yours!"
1120,1,11,63,75,1.1733333333333333,0.04792386354100322,561,Ohhh yeah...that's the spot.
1120,3,7,65,75,1.1733333333333333,0.05493102417957832,561,"As you can see, the operation was a success."
1120,3,7,65,75,1.1733333333333333,0.05493102417957832,561,Next time let's order the lasagna.
1120,1,11,63,75,1.1733333333333333,0.04792386354100322,561,The vet calls it a Chinese dog trap.
1120,4,5,66,75,1.1733333333333333,0.058118652580542315,561,"When the ad said Rorschach test, I didn't realize we'd be posing for it."
1120,2,9,64,75,1.1733333333333333,0.05154664932909856,561,"You could say we're neck and neck,"
1120,5,3,67,75,1.1733333333333333,0.06114031516224085,561,Where do you want me to scratch?
1120,2,9,64,75,1.1733333333333333,0.05154664932909856,561,There - now what did you say they cut off?
1120,3,7,65,75,1.1733333333333333,0.05493102417957832,561,What is that smell?
1120,3,7,65,75,1.1733333333333333,0.05493102417957832,561,So this is what Trump's world looks like!
1120,2,9,64,75,1.1733333333333333,0.05154664932909856,561,We really can't keep meeting like this.
1120,3,7,65,75,1.1733333333333333,0.05493102417957832,561,Really Max. The cone of silence again.
1120,3,7,65,75,1.1733333333333333,0.05493102417957832,561,I think I prefer the butt sniff.
1120,3,7,65,75,1.1733333333333333,0.05493102417957832,561,"What did you bite?"" ""A lamp"
1120,1,11,63,75,1.1733333333333333,0.04792386354100322,561,Great costume Max. You too 99.
1120,2,9,64,75,1.1733333333333333,0.05154664932909856,561,"Shhh... If you scratch mine, I'll scratch yours."
1120,2,9,64,75,1.1733333333333333,0.05154664932909856,561,"Eww, double dog breath."
1120,0,13,62,75,1.1733333333333333,0.044003821837839685,561,Conic Relief!
1120,2,9,64,75,1.1733333333333333,0.05154664932909856,561,Listen Frank. It's the same principle as the human's Chinese finger trap now just push in!
1120,2,9,64,75,1.1733333333333333,0.05154664932909856,561,Are these French cones?
1120,1,11,63,75,1.1733333333333333,0.04792386354100322,561,Psst. I'll lick yours if you lick mine.
1120,1,11,63,75,1.1733333333333333,0.04792386354100322,561,Ain't this a bitch.
1120,4,5,66,75,1.1733333333333333,0.058118652580542315,561,I can hear the ocean!
1120,4,5,66,75,1.1733333333333333,0.058118652580542315,561,I think I stepped in something.
1120,3,7,65,75,1.1733333333333333,0.05493102417957832,561,"Okay. Your super glue idea did work. Now what, Winnie ?"
1120,1,11,63,75,1.1733333333333333,0.04792386354100322,561,"This isn't exactly what I had in mind when I said ""doggy style""."
1120,3,7,65,75,1.1733333333333333,0.05493102417957832,561,"I can't see, but tell me if I still have my Balls."
1120,1,11,63,75,1.1733333333333333,0.04792386354100322,561,"""I guess this is what they mean by 'dog breath'""."
1120,0,13,62,75,1.1733333333333333,0.044003821837839685,561,Thanks for agreeing to take the meeting given your condition.
1120,1,11,63,75,1.1733333333333333,0.04792386354100322,561,"I feel ya bruh, mine itches too."
1120,1,11,63,75,1.1733333333333333,0.04792386354100322,561,"Man, these acoustics are great."
1120,2,9,64,75,1.1733333333333333,0.05154664932909856,561,I'll bite whatever is bothering you if you'll bite what's bothering me.
1120,5,3,67,75,1.1733333333333333,0.06114031516224085,561,"Well, you're sniffing the wrong end, too."
1120,2,9,64,75,1.1733333333333333,0.05154664932909856,561,"Granted, it may be slightly cumbersome, but it's the most secure, hack-free link I came up with."
1120,3,7,65,75,1.1733333333333333,0.05493102417957832,561,Tunnel Vision
1120,3,7,65,75,1.1733333333333333,0.05493102417957832,561,Do you think anyone will find us?
1120,2,9,64,75,1.1733333333333333,0.05154664932909856,561,"You were right honey, we can eat spaghetti in these things."
1120,4,5,66,75,1.1733333333333333,0.058118652580542315,561,Some party last night.
1120,3,7,65,75,1.1733333333333333,0.05493102417957832,561,"Yes, you do have poop breath!"
1120,3,7,65,75,1.1733333333333333,0.05493102417957832,561,"Around here, everyone leaks."
1120,1,11,63,75,1.1733333333333333,0.04792386354100322,561,"Forgive me, Father, for I have sinned. It has been 49 days since my last confession."
1120,1,11,63,75,1.1733333333333333,0.04792386354100322,561,Isolationist paw-licy
1120,2,9,64,75,1.1733333333333333,0.05154664932909856,561,"I think we need the other end for making puppies."""
1120,2,9,64,75,1.1733333333333333,0.05154664932909856,561,"Unless the CIA can hack into our smart-collars, I think we've finally got some privacy."
1120,1,11,63,75,1.1733333333333333,0.04792386354100322,561,I thought we could get out if we put our heads together.
1120,2,9,64,75,1.1733333333333333,0.05154664932909856,561,"So this is the ""Cone of Silence"" we heard about."
1120,3,7,65,75,1.1733333333333333,0.05493102417957832,561,What are the chances?
1120,4,5,66,75,1.1733333333333333,0.058118652580542315,561,So this is the Cohen of silence?
1120,4,5,66,75,1.1733333333333333,0.058118652580542315,561,Tete a tete?
1120,2,9,64,75,1.1733333333333333,0.05154664932909856,561,Are we dogging or docking?
1120,2,9,64,75,1.1733333333333333,0.05154664932909856,561,"Trust me, this is better than end to end encryption."
1120,2,9,64,75,1.1733333333333333,0.05154664932909856,561,"Since they cut funding to PBS, this is the only way I can avoid the Three Tenors"
1120,2,9,64,75,1.1733333333333333,0.05154664932909856,561,"Aw geez, they're both woofers."
1120,0,13,62,75,1.1733333333333333,0.044003821837839685,561,This blows encryption away.
1120,2,9,64,75,1.1733333333333333,0.05154664932909856,561,This will never work—we're both too big-headed
1120,4,5,66,75,1.1733333333333333,0.058118652580542315,561,"You chew my leg, and I'll chew yours."
1120,2,9,64,75,1.1733333333333333,0.05154664932909856,561,We're good. Even microwaves can't get through.
1120,3,7,65,75,1.1733333333333333,0.05493102417957832,561,I'll show you mine if you show me yours.
1120,2,9,64,75,1.1733333333333333,0.05154664932909856,561,Thank you for meeting me in my office.
1120,1,11,63,75,1.1733333333333333,0.04792386354100322,561,"Speak freely, we're in the cones of silence now."
1120,1,11,63,75,1.1733333333333333,0.04792386354100322,561,"Listen, Beldar, if anybody asks just tell them that we're from France."
1120,3,7,65,75,1.1733333333333333,0.05493102417957832,561,"From this vantage point, you don't look as shameful."
1120,0,13,62,75,1.1733333333333333,0.044003821837839685,561,"If they say 'roll over,' what are we going to do?"
1120,0,13,62,75,1.1733333333333333,0.044003821837839685,561,"OK, now lick under my left ear. Oooh. Perfect."
1120,2,9,64,75,1.1733333333333333,0.05154664932909856,561,"See, now the Patriots can't read our lips and steal our signals."
1228,1,10,61,72,1.1666666666666667,0.048450158311150925,561,Don't move I don't want the mailman to see us
1228,2,8,62,72,1.1666666666666667,0.05233215213522994,561,Just shut up. You had me at 'bow-wow'.
1228,2,8,62,72,1.1666666666666667,0.05233215213522994,561,Every kiss begins with Kay-nine.
1231,2,8,63,73,1.1643835616438356,0.051660769401756894,561,Now this is a secure connection!
1231,0,12,61,73,1.1643835616438356,0.043678370935408654,561,We have to stop meeting like this.
1231,0,12,61,73,1.1643835616438356,0.043678370935408654,561,What happens in the cones stays in the cones. Got it?
1231,3,6,64,73,1.1643835616438356,0.05522094348149691,561,Scooby would know what to doo.
1231,1,10,62,73,1.1643835616438356,0.04783636264784695,561,Remind me never to play fetch with you again
1231,2,8,63,73,1.1643835616438356,0.051660769401756894,561,They're offering free postage and handling if we buy two items.
1231,1,10,62,73,1.1643835616438356,0.04783636264784695,561,Wait! I think we are picking up Trump Tower.
1231,2,8,63,73,1.1643835616438356,0.051660769401756894,561,Damn! They got yours too!
1231,2,8,63,73,1.1643835616438356,0.051660769401756894,561,Trust me - your bark is now worse than your bite.
1231,2,8,63,73,1.1643835616438356,0.051660769401756894,561,"Max, I've asked for the Cone of Silence to tell you that Chaos found a way to turn us into dogs!"
1231,2,8,63,73,1.1643835616438356,0.051660769401756894,561,"I always say, to gnaw yourself is to know yourself."
1231,1,10,62,73,1.1643835616438356,0.04783636264784695,561,I'm the one with dog breath?
1231,1,10,62,73,1.1643835616438356,0.04783636264784695,561,We can't be seen together.
1231,2,8,63,73,1.1643835616438356,0.051660769401756894,561,Really?! I hear the ocean too!
1231,1,10,62,73,1.1643835616438356,0.04783636264784695,561,"You scratch my back and I'll scratch yours, Donald."
1231,1,10,62,73,1.1643835616438356,0.04783636264784695,561,Oops--wrong end.
1231,2,8,63,73,1.1643835616438356,0.051660769401756894,561,Is 2020 here yet?
1231,2,8,63,73,1.1643835616438356,0.051660769401756894,561,Stop copying me.
1231,1,10,62,73,1.1643835616438356,0.04783636264784695,561,The acoustics are amazing in here!
1231,3,6,64,73,1.1643835616438356,0.05522094348149691,561,"Finally, we're alone."
1231,2,8,63,73,1.1643835616438356,0.051660769401756894,561,"Okay, what's so important that we need the Cone of Silence?"
1231,2,8,63,73,1.1643835616438356,0.051660769401756894,561,Welcome to my sphere of influence.
1231,1,10,62,73,1.1643835616438356,0.04783636264784695,561,This 'Lady and the Tramp' sequel needs a bit of work.
1231,0,12,61,73,1.1643835616438356,0.043678370935408654,561,"Oh look, it's the new iCone. They're using FaceTime."
1231,2,8,63,73,1.1643835616438356,0.051660769401756894,561,"If they had bothered to do a little user interface research, they could have fixed this design flaw a long time ago."
1231,3,6,64,73,1.1643835616438356,0.05522094348149691,561,"I love you for your mind, Josephine, not your body."
1231,3,6,64,73,1.1643835616438356,0.05522094348149691,561,Do you hear what I hear?
1231,3,6,64,73,1.1643835616438356,0.05522094348149691,561,You won't believe the dumb thing my owner did today!
1231,3,6,64,73,1.1643835616438356,0.05522094348149691,561,"When they asked if I wanted a cone, I thought they meant ice cream."
1231,0,12,61,73,1.1643835616438356,0.043678370935408654,561,Wow. Talk about dog breath!
1231,2,8,63,73,1.1643835616438356,0.051660769401756894,561,It's my first blind date.
1231,2,8,63,73,1.1643835616438356,0.051660769401756894,561,"Once we're out of recovery, we'll start again from scratch."
1231,3,6,64,73,1.1643835616438356,0.05522094348149691,561,You scratch me and I'll scratch you.
1231,2,8,63,73,1.1643835616438356,0.051660769401756894,561,What can I say? I like lampshades.
1231,0,12,61,73,1.1643835616438356,0.043678370935408654,561,"No, YOU turn around first."
1231,3,6,64,73,1.1643835616438356,0.05522094348149691,561,"On our first date, we shared a cone"
1231,0,12,61,73,1.1643835616438356,0.043678370935408654,561,So glad we had this tête-à-tête.
1231,3,6,64,73,1.1643835616438356,0.05522094348149691,561,If you lick my butt I'll lick yours.
1231,1,10,62,73,1.1643835616438356,0.04783636264784695,561,We have to stop seeing each other this way.
1231,0,12,61,73,1.1643835616438356,0.043678370935408654,561,You can be Jane Curtin and I'll be Dan Akroyd
1231,2,8,63,73,1.1643835616438356,0.051660769401756894,561,"Relax, Ginger did it in heels."
1231,4,4,65,73,1.1643835616438356,0.05856509286931808,561,"I'll scratch your back, you scratch mine."
1231,2,8,63,73,1.1643835616438356,0.051660769401756894,561,"Between us, if this was the fashion in Shakespeare's time, count me out."
1231,1,10,62,73,1.1643835616438356,0.04783636264784695,561,you scratch mine and I'll scratch yours
1231,1,10,62,73,1.1643835616438356,0.04783636264784695,561,"So, Max..."" - ""Yes Chief?"
1276,2,8,64,74,1.162162162162162,0.05100626464063538,561,The Russian Wolfhounds can't hack us now!
1276,1,10,63,74,1.162162162162162,0.047237758050578095,561,"Okay, Tuesday, at the dog park."
1276,3,6,65,74,1.162162162162162,0.05451488126682573,561,"Maybe if we stay like this, Trump will go away."
1276,3,6,65,74,1.162162162162162,0.05451488126682573,561,You too?
1276,1,10,63,74,1.162162162162162,0.047237758050578095,561,Where you headed?
1276,2,8,64,74,1.162162162162162,0.05100626464063538,561,I can't see a thing!....Who said that??
1276,2,8,64,74,1.162162162162162,0.05100626464063538,561,pity party at the dog park
1276,2,8,64,74,1.162162162162162,0.05100626464063538,561,"Frankly, I'd rather be licking my nuts."
1276,2,8,64,74,1.162162162162162,0.05100626464063538,561,From Dog's mouth to your ears...
1276,2,8,64,74,1.162162162162162,0.05100626464063538,561,Could you lick something for me?
1276,3,6,65,74,1.162162162162162,0.05451488126682573,561,"So near, and yet so far."
1276,2,8,64,74,1.162162162162162,0.05100626464063538,561,This would be way better if your cone was on your butt.
1276,2,8,64,74,1.162162162162162,0.05100626464063538,561,"is this as humiliating for you, as it is for me?"
1276,2,8,64,74,1.162162162162162,0.05100626464063538,561,How government secret classified information is really shared.
1276,2,8,64,74,1.162162162162162,0.05100626464063538,561,There is no barking in the cone of silence.
1276,2,8,64,74,1.162162162162162,0.05100626464063538,561,So how long have you been on Facebark?
1276,2,8,64,74,1.162162162162162,0.05100626464063538,561,I'll gnaw on your stitches if you gnaw on mine.
1293,2,7,60,69,1.1594202898550725,0.05313363777948607,561,This isn't what I had in mind when I agreed to couples counseling.
1293,3,5,61,69,1.1594202898550725,0.05700386761604138,561,"No caption but have artist write ""make America great again"" on each cone"
1293,2,7,60,69,1.1594202898550725,0.05313363777948607,561,I gotta say it's an improvement over the way we normally greet each other.
1293,2,7,60,69,1.1594202898550725,0.05313363777948607,561,"Okay, so after I've licked your stitches for 10 minutes, you'll lick mine for 10 minutes..."
1293,2,7,60,69,1.1594202898550725,0.05313363777948607,561,"Baxter hadn't seen the outside world in 2 days, but there was no way he was letting go of that bone first."
1293,2,7,60,69,1.1594202898550725,0.05313363777948607,561,"Agreed. I'll scratch your back, you'll scratch mine."
1293,1,9,59,69,1.1594202898550725,0.04895841096457367,561,My bitch is getting suspicious.
1293,3,5,61,69,1.1594202898550725,0.05700386761604138,561,Check out this Dolby surround sound!
1293,2,7,60,69,1.1594202898550725,0.05313363777948607,561,"The Deep State at work, or the Cone of Silence"
1293,1,9,59,69,1.1594202898550725,0.04895841096457367,561,"So, here's the plan. You lick mine and I'll lick yours."
1293,1,9,59,69,1.1594202898550725,0.04895841096457367,561,The movers just packed the toaster and microwave...I think it's safe to talk now.
1293,1,9,59,69,1.1594202898550725,0.04895841096457367,561,One of us really needs a mint.
1293,3,5,61,69,1.1594202898550725,0.05700386761604138,561,You have dog breath.
1293,1,9,59,69,1.1594202898550725,0.04895841096457367,561,"Oh, I get it, like 'Strangers on a Train', I take care of your problem, you take care of mine."
1293,0,11,58,69,1.1594202898550725,0.04439221265797129,561,"I sat on an ant hill, what're you in for?"
1293,0,11,58,69,1.1594202898550725,0.04439221265797129,561,"Not too much tongue, ok?"
1293,2,7,60,69,1.1594202898550725,0.05313363777948607,561,"You just had to chew on the super glue, didn't you?"
1293,3,5,61,69,1.1594202898550725,0.05700386761604138,561,"Spayed? No, Elizabethan."
1293,2,7,60,69,1.1594202898550725,0.05313363777948607,561,"Of all the hip joints in all the world, you had to walk into mine."
1293,2,7,60,69,1.1594202898550725,0.05313363777948607,561,"Dr. Watson, can you hear me."
1293,1,9,59,69,1.1594202898550725,0.04895841096457367,561,Face Off
1293,2,7,60,69,1.1594202898550725,0.05313363777948607,561,"I said ""heads"" first."
1293,1,9,59,69,1.1594202898550725,0.04895841096457367,561,"Of all the grin joints, in all the towns, in all the world, she walks into mine."
1293,2,7,60,69,1.1594202898550725,0.05313363777948607,561,"Ok, I'm listening. You've got my undevided attention."
1293,3,5,61,69,1.1594202898550725,0.05700386761604138,561,We've been hacked.
1293,2,7,60,69,1.1594202898550725,0.05313363777948607,561,Alone at last.
1293,1,9,59,69,1.1594202898550725,0.04895841096457367,561,"December 2016 surveillance of Russian Terrier meeting with General Flynn's dog at an undisclosed Washington, D.C. location."
1293,1,9,59,69,1.1594202898550725,0.04895841096457367,561,Sometimes I wonder whether my worldview is too narrow.
1293,2,7,60,69,1.1594202898550725,0.05313363777948607,561,"Thankfully for Pavlov's dogs, Schrödinger was a cat person..."
1293,2,7,60,69,1.1594202898550725,0.05313363777948607,561,"Yes, I said butt breath"
1293,2,7,60,69,1.1594202898550725,0.05313363777948607,561,No woofie leaks here!
1293,3,5,61,69,1.1594202898550725,0.05700386761604138,561,"Will you stop yelling, 'Gimme a D'!!"
1293,3,5,61,69,1.1594202898550725,0.05700386761604138,561,"OK, now the microwave can't hear us."
1293,3,5,61,69,1.1594202898550725,0.05700386761604138,561,Now you're just being a jerk.
1293,0,11,58,69,1.1594202898550725,0.04439221265797129,561,Still not getting Animal Planet. Are you?
1293,2,7,60,69,1.1594202898550725,0.05313363777948607,561,We may be bugged.
1293,3,5,61,69,1.1594202898550725,0.05700386761604138,561,Being neutered provides for a much better conversation.
1293,2,7,60,69,1.1594202898550725,0.05313363777948607,561,Radar love.
1293,1,9,59,69,1.1594202898550725,0.04895841096457367,561,Are you 'wiretapping' me?
1293,1,9,59,69,1.1594202898550725,0.04895841096457367,561,I will scratch yours if you will scratch mine.
1293,1,9,59,69,1.1594202898550725,0.04895841096457367,561,And to think we used to sniff each other's butts to say hello.
1293,2,7,60,69,1.1594202898550725,0.05313363777948607,561,"Dude, I totally echo that statement."
1293,0,11,58,69,1.1594202898550725,0.04439221265797129,561,This portable Cone of Silence sure beats the one in the office.
1293,2,7,60,69,1.1594202898550725,0.05313363777948607,561,"Nobody can see us now, right?"
1293,2,7,60,69,1.1594202898550725,0.05313363777948607,561,"Separated since birth, they had never before met face to face."
1293,1,9,59,69,1.1594202898550725,0.04895841096457367,561,Bite me.
1293,1,9,59,69,1.1594202898550725,0.04895841096457367,561,Do you see what I see?
1293,1,9,59,69,1.1594202898550725,0.04895841096457367,561,Being a white-collar dog is not exciting - but it pays the bills.
1293,2,7,60,69,1.1594202898550725,0.05313363777948607,561,"Are we in the cone of silence, Chief?"
1293,3,5,61,69,1.1594202898550725,0.05700386761604138,561,"You're still not really seeing me, Ed."
1293,4,3,62,69,1.1594202898550725,0.060627538154643154,561,I'll scratch your itch if you scratch mine
1293,2,7,60,69,1.1594202898550725,0.05313363777948607,561,I didn't blink. YOU blinked.
1293,2,7,60,69,1.1594202898550725,0.05313363777948607,561,Are you certain the microwave can't hear through these?
1293,2,7,60,69,1.1594202898550725,0.05313363777948607,561,Shame loves company.
1293,0,11,58,69,1.1594202898550725,0.04439221265797129,561,Do you think they can see us?
1293,2,7,60,69,1.1594202898550725,0.05313363777948607,561,It's over. A part of us is missing that we can never get back.
1293,0,11,58,69,1.1594202898550725,0.04439221265797129,561,Where's your better half?
1293,1,9,59,69,1.1594202898550725,0.04895841096457367,561,I was expecting a bigger crowd.
1293,4,3,62,69,1.1594202898550725,0.060627538154643154,561,"Well, at least we don't have to worry about being wiretapped!"
1293,3,5,61,69,1.1594202898550725,0.05700386761604138,561,Listen carefully. I will bark this only once.
1293,1,9,59,69,1.1594202898550725,0.04895841096457367,561,I've always wanted a woof over my head
1293,2,7,60,69,1.1594202898550725,0.05313363777948607,561,We should stop meeting like this.
1293,3,5,61,69,1.1594202898550725,0.05700386761604138,561,I'd like to make one person-to-person call...
1293,1,9,59,69,1.1594202898550725,0.04895841096457367,561,Just until he lifts the travel ban.
1293,0,11,58,69,1.1594202898550725,0.04439221265797129,561,Apparently Obamacare isn't the only thing that is getting fixed.
1293,2,7,60,69,1.1594202898550725,0.05313363777948607,561,"No, you're in a bubble."
1293,0,11,58,69,1.1594202898550725,0.04439221265797129,561,Let's just stay calm and wait for Mom to sort this out.
1293,0,11,58,69,1.1594202898550725,0.04439221265797129,561,On the count of three...
1293,2,7,60,69,1.1594202898550725,0.05313363777948607,561,This will be a little more awkward when we switch to the butt-sniffing phase.
1293,2,7,60,69,1.1594202898550725,0.05313363777948607,561,...breath mint?
1293,2,7,60,69,1.1594202898550725,0.05313363777948607,561,"You chew my back, I'll chew yours."
1293,0,11,58,69,1.1594202898550725,0.04439221265797129,561,Be careful. They're narrowing down the possible sources of the leaks.
1293,2,7,60,69,1.1594202898550725,0.05313363777948607,561,I liked it better when we could sniff butts.
1293,2,7,60,69,1.1594202898550725,0.05313363777948607,561,It's all fake news anyway.
1293,0,11,58,69,1.1594202898550725,0.04439221265797129,561,At least the cat can't read our lips now.
1293,2,7,60,69,1.1594202898550725,0.05313363777948607,561,I hear ya.
1293,2,7,60,69,1.1594202898550725,0.05313363777948607,561,But the nice cat promised us a treat if we stayed.
1293,2,7,60,69,1.1594202898550725,0.05313363777948607,561,What did they tell you?
1293,2,7,60,69,1.1594202898550725,0.05313363777948607,561,Ssshh. My dog dish is tapped.
1293,2,7,60,69,1.1594202898550725,0.05313363777948607,561,It's not shameful if they can't see us.
1293,1,9,59,69,1.1594202898550725,0.04895841096457367,561,"Of course I'll lick your paw but, first let me tell you about my procedure."
1293,3,5,61,69,1.1594202898550725,0.05700386761604138,561,I long to lick you in public
1293,2,7,60,69,1.1594202898550725,0.05313363777948607,561,We can't keep meeting like this. I've changed.
1293,2,7,60,69,1.1594202898550725,0.05313363777948607,561,We can't keep meeting like this.
1293,4,3,62,69,1.1594202898550725,0.060627538154643154,561,"Oh yeah, well your bark sounds higher too!"
1293,1,9,59,69,1.1594202898550725,0.04895841096457367,561,You've got dog breath.
1293,3,5,61,69,1.1594202898550725,0.05700386761604138,561,We've got to stop meeting this way.
1293,1,9,59,69,1.1594202898550725,0.04895841096457367,561,"No, I can't hear the ocean"
1293,1,9,59,69,1.1594202898550725,0.04895841096457367,561,"I'm sure of it, this will double our cell reception."
1293,1,9,59,69,1.1594202898550725,0.04895841096457367,561,The NSA can't breach the cone of silence.
1293,3,5,61,69,1.1594202898550725,0.05700386761604138,561,I told you not to leave the superglue where the cat could get her hands on it!
1293,3,5,61,69,1.1594202898550725,0.05700386761604138,561,Sorry for the increased security but my phone is being wiretapped.
1293,3,5,61,69,1.1594202898550725,0.05700386761604138,561,We simply must stop meeting this way.
1293,1,9,59,69,1.1594202898550725,0.04895841096457367,561,Bow? Wow!
1293,3,5,61,69,1.1594202898550725,0.05700386761604138,561,Blue Horseshoe loves Anacott Steel.
1293,2,7,60,69,1.1594202898550725,0.05313363777948607,561,"OK,can you hear me NOW ???"
1293,1,9,59,69,1.1594202898550725,0.04895841096457367,561,The acoustics in here are unparalleled.
1293,1,9,59,69,1.1594202898550725,0.04895841096457367,561,"Now, this is just between the two of us."
1293,1,9,59,69,1.1594202898550725,0.04895841096457367,561,Shame on us.
1293,1,9,59,69,1.1594202898550725,0.04895841096457367,561,Pet post-vet tête-à-tête
1293,3,5,61,69,1.1594202898550725,0.05700386761604138,561,First dates are always so awkward.
1293,3,5,61,69,1.1594202898550725,0.05700386761604138,561,"I may be neutered, but I still have resting bitch face."
1293,1,9,59,69,1.1594202898550725,0.04895841096457367,561,The Vet says I have tunnel vision. How about you?
1293,2,7,60,69,1.1594202898550725,0.05313363777948607,561,My right!
1293,4,3,62,69,1.1594202898550725,0.060627538154643154,561,They'll never know we're licking each other's nose.
1293,4,3,62,69,1.1594202898550725,0.060627538154643154,561,"I asked you not to tell me that, Agent 99"
1293,3,5,61,69,1.1594202898550725,0.05700386761604138,561,"Sure, they protect against bugs, but what are we going to do about all the leaks?"
1293,0,11,58,69,1.1594202898550725,0.04439221265797129,561,"Max, I told you the cone of silence wasn't working."
1293,1,9,59,69,1.1594202898550725,0.04895841096457367,561,Et tu Brute?
1293,2,7,60,69,1.1594202898550725,0.05313363777948607,561,We are now in the Cone of Silence and cannot be wiretapped.
1293,1,9,59,69,1.1594202898550725,0.04895841096457367,561,"Talk freely, our communications are secure"
1293,0,11,58,69,1.1594202898550725,0.04439221265797129,561,You think it's possible to get someone to drop a few breath mints in here?
1293,3,5,61,69,1.1594202898550725,0.05700386761604138,561,You are preaching to the choir!
1293,2,7,60,69,1.1594202898550725,0.05313363777948607,561,Obamacare vs. the Republican Healthcare Plan
1293,3,5,61,69,1.1594202898550725,0.05700386761604138,561,I'll scratch your back if you scratch my back.
1293,1,9,59,69,1.1594202898550725,0.04895841096457367,561,Now you're probably wondering why I've asked you here today.
1293,1,9,59,69,1.1594202898550725,0.04895841096457367,561,Did you just eat some garlic?
1293,1,9,59,69,1.1594202898550725,0.04895841096457367,561,I'm glad you could make it on such short notice.
1293,1,9,59,69,1.1594202898550725,0.04895841096457367,561,What lightbulb?
1293,2,7,60,69,1.1594202898550725,0.05313363777948607,561,One of us has really bad breath.
1293,3,5,61,69,1.1594202898550725,0.05700386761604138,561,I miss the way we used to connect.
1293,1,9,59,69,1.1594202898550725,0.04895841096457367,561,You think MY breath smells?
1293,1,9,59,69,1.1594202898550725,0.04895841096457367,561,It's canine anti-surveillance equipment. Keep it quiet.
1293,2,7,60,69,1.1594202898550725,0.05313363777948607,561,Do you think we should of gotten cell phones?
1293,1,9,59,69,1.1594202898550725,0.04895841096457367,561,"Ok, so we'll wait until they're asleep..."
1293,2,7,60,69,1.1594202898550725,0.05313363777948607,561,Now...this is a cone of silence...
1293,2,7,60,69,1.1594202898550725,0.05313363777948607,561,"This feels intimate, given we haven't smelled each other's butts yet."
1293,3,5,61,69,1.1594202898550725,0.05700386761604138,561,One of us has doggy breath.
1293,1,9,59,69,1.1594202898550725,0.04895841096457367,561,"I'll scratch your ears, if you scratch mine."
1293,3,5,61,69,1.1594202898550725,0.05700386761604138,561,My guess is- there must be a shortage in Rocky Mountain Oysters.
1293,1,9,59,69,1.1594202898550725,0.04895841096457367,561,why is it so dark in here.
1293,2,7,60,69,1.1594202898550725,0.05313363777948607,561,Everything that happens inside the cone stays inside the cone.
1293,1,9,59,69,1.1594202898550725,0.04895841096457367,561,"... and so then Fifi said, ..."
1293,3,5,61,69,1.1594202898550725,0.05700386761604138,561,"Finally, a sub-woofer for my surround sound."
1293,1,9,59,69,1.1594202898550725,0.04895841096457367,561,"-MAAAX!!! -Oops, sorry chief."
1293,2,7,60,69,1.1594202898550725,0.05313363777948607,561,"Well, what are you in for?"
1293,0,11,58,69,1.1594202898550725,0.04439221265797129,561,"Psst, can you do me a favor?"
1293,2,7,60,69,1.1594202898550725,0.05313363777948607,561,I guess they've got us collared.
1293,2,7,60,69,1.1594202898550725,0.05313363777948607,561,So you've really never played telephone before?
1293,3,5,61,69,1.1594202898550725,0.05700386761604138,561,"No, I think it's your breath."
1293,3,5,61,69,1.1594202898550725,0.05700386761604138,561,I am NOT grinning at you......I am bearing my teeth!
1293,2,7,60,69,1.1594202898550725,0.05313363777948607,561,This will thwart the lipreaders!
1293,1,9,59,69,1.1594202898550725,0.04895841096457367,561,OK Max. Very smart. Now let's get unstuck.
1293,2,7,60,69,1.1594202898550725,0.05313363777948607,561,"I said take me to the Tunnel of Love, not the Funnel of Love."
1293,3,5,61,69,1.1594202898550725,0.05700386761604138,561,I have no idea who you are
1293,0,11,58,69,1.1594202898550725,0.04439221265797129,561,We finally meet face to face.
1293,0,11,58,69,1.1594202898550725,0.04439221265797129,561,Do I have dog breath?
1293,4,3,62,69,1.1594202898550725,0.060627538154643154,561,Who's Maxwell Smart?
1293,1,9,59,69,1.1594202898550725,0.04895841096457367,561,"Psst...Hey, your a guy, right? Does neutered mean what I think it means?"
1293,4,3,62,69,1.1594202898550725,0.060627538154643154,561,Obama is wiretapping us.
1293,2,7,60,69,1.1594202898550725,0.05313363777948607,561,"It's not that I don't care, but now that they're gone I figure I can focus on my career."
1293,2,7,60,69,1.1594202898550725,0.05313363777948607,561,"Is this really what they mean by ""headphones""?"
1293,1,9,59,69,1.1594202898550725,0.04895841096457367,561,"Ear infection, you?"" "" Witness protection program."
1293,0,11,58,69,1.1594202898550725,0.04439221265797129,561,So what's your secret?
1293,3,5,61,69,1.1594202898550725,0.05700386761604138,561,"Oh yeah, I can see your stitches.Mine's just part of a lawsuit scam."
1293,2,7,60,69,1.1594202898550725,0.05313363777948607,561,I'll tell you what - I'll bite yours if you bite mine.
1293,1,9,59,69,1.1594202898550725,0.04895841096457367,561,Have you considered breath mints?
1293,2,7,60,69,1.1594202898550725,0.05313363777948607,561,"OK, Bobby, let's try this again. SO HOW DO YOU LIKE YOUR BRAND-NEW WORLD'S GREATEST HEARING AID SO FAR??"
1293,3,5,61,69,1.1594202898550725,0.05700386761604138,561,Thanks for the tip about switching from cable.
1293,3,5,61,69,1.1594202898550725,0.05700386761604138,561,"Max, do you really think this 'cone of silence' thing is going to work?"
1293,2,7,60,69,1.1594202898550725,0.05313363777948607,561,This IS TrumpCare! You've come to the right place!
1293,1,9,59,69,1.1594202898550725,0.04895841096457367,561,Who are you calling cone head?
1455,2,6,58,66,1.1515151515151516,0.05394646505600968,561,It's not you. It's me.
1455,1,8,57,66,1.1515151515151516,0.04943703698482351,561,I dunno - do you hear a high pitched whistle?
1455,3,4,59,66,1.1515151515151516,0.05810698373035499,561,Got it. I'll scratch your back if you'll scratch mine.
1455,1,8,57,66,1.1515151515151516,0.04943703698482351,561,At least we won't need hearing aids.
1455,2,6,58,66,1.1515151515151516,0.05394646505600968,561,"Sorry about that, Chief."
1455,1,8,57,66,1.1515151515151516,0.04943703698482351,561,IS THIS YOUR SNOUT OR MINE ?
1455,3,4,59,66,1.1515151515151516,0.05810698373035499,561,Et tu Brute?
1455,2,6,58,66,1.1515151515151516,0.05394646505600968,561,Wanna a mint?
1455,2,6,58,66,1.1515151515151516,0.05394646505600968,561,I'll scratch your head if you'll scratch mine.
1455,2,6,58,66,1.1515151515151516,0.05394646505600968,561,This had better be important.
1455,3,4,59,66,1.1515151515151516,0.05810698373035499,561,"Thanks for meeting like this. Listen, I'm sure the administration has bugged the dog house, the kennel, the car, everything."
1455,1,8,57,66,1.1515151515151516,0.04943703698482351,561,"Welcome to the Cone Club, 'Rex Who Licks Incessantly.'"
1455,0,10,56,66,1.1515151515151516,0.04447269004274805,561,"I've got an itch for you to scratch, if you know what I mean."
1455,2,6,58,66,1.1515151515151516,0.05394646505600968,561,This doesn't feel right.
1455,2,6,58,66,1.1515151515151516,0.05394646505600968,561,Turn around.
1455,4,2,60,66,1.1515151515151516,0.061988886297788946,561,"Well, they can't stop us from making out."
1455,1,8,57,66,1.1515151515151516,0.04943703698482351,561,"The elusive couple, Donald J. Trump and Vladimir Putin, was pictured during a make out session out of the public eye."
1455,1,8,57,66,1.1515151515151516,0.04943703698482351,561,Aren't these supposed to be connected by a string?
1455,3,4,59,66,1.1515151515151516,0.05810698373035499,561,"""You work for the CIA, too?"
1455,1,8,57,66,1.1515151515151516,0.04943703698482351,561,Truth or dare?
1455,1,8,57,66,1.1515151515151516,0.04943703698482351,561,With this thing on I thought I'd never get another date.
1455,2,6,58,66,1.1515151515151516,0.05394646505600968,561,"These days, even dogs live an echo chamber."
1455,3,4,59,66,1.1515151515151516,0.05810698373035499,561,"Okay, if you scratch my back, I'll scratch yours."
1455,2,6,58,66,1.1515151515151516,0.05394646505600968,561,"OK, NOW you can kiss me."
1455,1,8,57,66,1.1515151515151516,0.04943703698482351,561,"Thank goodness, now we can't hear our master's voice."
1455,1,8,57,66,1.1515151515151516,0.04943703698482351,561,This is what we call the cone of silence.
1455,2,6,58,66,1.1515151515151516,0.05394646505600968,561,"Not that it matters, but mine's a Louis Vuitton"
1455,2,6,58,66,1.1515151515151516,0.05394646505600968,561,"Excuse me, I was looking for your butt."
1455,3,4,59,66,1.1515151515151516,0.05810698373035499,561,"Because the doghouse is wiretapped, Fido, that's why."
1455,1,8,57,66,1.1515151515151516,0.04943703698482351,561,"I'm sorry, but you don't smell anything like your online scent."
1455,3,4,59,66,1.1515151515151516,0.05810698373035499,561,Scratch my back and I'll scratch yours.
1455,3,4,59,66,1.1515151515151516,0.05810698373035499,561,At least it's a step-up from sniffing butts.
1455,2,6,58,66,1.1515151515151516,0.05394646505600968,561,Lady and the Tramp and unspecified dermatitis
1455,2,6,58,66,1.1515151515151516,0.05394646505600968,561,I think we're safe in here
1455,1,8,57,66,1.1515151515151516,0.04943703698482351,561,I usually only sniff butts on the first date.
1455,3,4,59,66,1.1515151515151516,0.05810698373035499,561,You first
1455,2,6,58,66,1.1515151515151516,0.05394646505600968,561,The first rule of the Cone of Shame is: you do not talk about the Cone of Shame.
1455,1,8,57,66,1.1515151515151516,0.04943703698482351,561,Left side. Center haunch. Medium itch. And you?
1455,2,6,58,66,1.1515151515151516,0.05394646505600968,561,Shame on me? Shame on you!
1455,2,6,58,66,1.1515151515151516,0.05394646505600968,561,When he hollers 'treat' you go first
1455,1,8,57,66,1.1515151515151516,0.04943703698482351,561,What you in for?
1455,1,8,57,66,1.1515151515151516,0.04943703698482351,561,Welcome to the cone of uncertainty.
1455,2,6,58,66,1.1515151515151516,0.05394646505600968,561,"It's not a cone of shame, it's an alternative apparatus."
1455,2,6,58,66,1.1515151515151516,0.05394646505600968,561,Enough about me - what did the nice vet take away from you?
1455,1,8,57,66,1.1515151515151516,0.04943703698482351,561,"ooh, ooh, now do the other ear."
1455,0,10,56,66,1.1515151515151516,0.04447269004274805,561,Now tell me everything you know about Spot.
1455,1,8,57,66,1.1515151515151516,0.04943703698482351,561,It's the only way I know to avoid surveillance.
1455,3,4,59,66,1.1515151515151516,0.05810698373035499,561,I feel like something's missing. Hey me too.
1455,2,6,58,66,1.1515151515151516,0.05394646505600968,561,They did that to me too!
1455,3,4,59,66,1.1515151515151516,0.05810698373035499,561,Those cat show people are so uptight.
1455,1,8,57,66,1.1515151515151516,0.04943703698482351,561,"Nope, can't smell your butt from here either."
1455,1,8,57,66,1.1515151515151516,0.04943703698482351,561,Lep go of by tongue!
1455,0,10,56,66,1.1515151515151516,0.04447269004274805,561,Are you sure we're alone?
1455,3,4,59,66,1.1515151515151516,0.05810698373035499,561,Who knew there'd be a sociopath in welding class?
1455,2,6,58,66,1.1515151515151516,0.05394646505600968,561,Is this line secure ?
1455,1,8,57,66,1.1515151515151516,0.04943703698482351,561,Coming this spring! Adam Sandler in 2 dogs 1 cone.
1455,2,6,58,66,1.1515151515151516,0.05394646505600968,561,I voted for Trump.
1455,0,10,56,66,1.1515151515151516,0.04447269004274805,561,I'm so happy that we are able to reconnect.
1455,0,10,56,66,1.1515151515151516,0.04447269004274805,561,This makes them SO nervous.
1455,1,8,57,66,1.1515151515151516,0.04943703698482351,561,I never knew your eyes were so blue!
1455,1,8,57,66,1.1515151515151516,0.04943703698482351,561,I love it when we both get meds the same week.
1455,1,8,57,66,1.1515151515151516,0.04943703698482351,561,"It's a Kate Spayed fashion accessory, too!"
1455,2,6,58,66,1.1515151515151516,0.05394646505600968,561,Lady and the Trump
1455,3,4,59,66,1.1515151515151516,0.05810698373035499,561,At least this way we can't hear the cat
1455,1,8,57,66,1.1515151515151516,0.04943703698482351,561,Are you sure the cats can't hear us when we are in the cones of silence?
1455,0,10,56,66,1.1515151515151516,0.04447269004274805,561,Let's take it outside.
1455,1,8,57,66,1.1515151515151516,0.04943703698482351,561,"I'll lick yours, if you will lick mine."
1455,3,4,59,66,1.1515151515151516,0.05810698373035499,561,Are you sure this is a secure sight and we can't be hacked?
1455,2,6,58,66,1.1515151515151516,0.05394646505600968,561,Don't you want to smell my other end?
1455,1,8,57,66,1.1515151515151516,0.04943703698482351,561,Are you thinking what I am thinking?
1455,2,6,58,66,1.1515151515151516,0.05394646505600968,561,Should we say Between You and I or Between You and Me?
1455,2,6,58,66,1.1515151515151516,0.05394646505600968,561,How's my breath?
1455,2,6,58,66,1.1515151515151516,0.05394646505600968,561,"Next time we do this, go easy on the onions at lunchtime, ok?"
1455,2,6,58,66,1.1515151515151516,0.05394646505600968,561,Fifi taught me a new position...
1455,2,6,58,66,1.1515151515151516,0.05394646505600968,561,Keep it down. The microwave is listening.
1455,3,4,59,66,1.1515151515151516,0.05810698373035499,561,"Agent Smart reporting, chief."
1455,3,4,59,66,1.1515151515151516,0.05810698373035499,561,I'm in for felony wound licking. What are you in for?
1455,1,8,57,66,1.1515151515151516,0.04943703698482351,561,We're going to have to stop meeting like this.
1455,2,6,58,66,1.1515151515151516,0.05394646505600968,561,"Shh, you'll give away our hiding spot!"
1455,0,10,56,66,1.1515151515151516,0.04447269004274805,561,Arf! This is kinda romantic.
1455,1,8,57,66,1.1515151515151516,0.04943703698482351,561,"You chew my stitches, I'll chew yours."
1455,1,8,57,66,1.1515151515151516,0.04943703698482351,561,"So, how long are ya in for?"
1455,3,4,59,66,1.1515151515151516,0.05810698373035499,561,So here's the plan... we lick each other's.
1455,1,8,57,66,1.1515151515151516,0.04943703698482351,561,"Woof."" ""I know, it's, like, whatever."
1455,2,6,58,66,1.1515151515151516,0.05394646505600968,561,I am your father!
1455,0,10,56,66,1.1515151515151516,0.04447269004274805,561,Too many 'Get Smart' reruns.
1455,3,4,59,66,1.1515151515151516,0.05810698373035499,561,I call it conechat - very secure!
1455,0,10,56,66,1.1515151515151516,0.04447269004274805,561,"I haven't been able to find the switch, either."
1455,2,6,58,66,1.1515151515151516,0.05394646505600968,561,Thanks Assange!
1455,3,4,59,66,1.1515151515151516,0.05810698373035499,561,"""We've got to stop meeting like....Wait a minute! You're not Coco!"
1455,1,8,57,66,1.1515151515151516,0.04943703698482351,561,I'll be wearing mine until the next election.
1455,1,8,57,66,1.1515151515151516,0.04943703698482351,561,Fancy meeting you here.
1455,2,6,58,66,1.1515151515151516,0.05394646505600968,561,Here's my plan.
1455,0,10,56,66,1.1515151515151516,0.04447269004274805,561,Well it beats solitary conefinement.
1455,2,6,58,66,1.1515151515151516,0.05394646505600968,561,Well you told me you weren't a fan of PDA.
1455,0,10,56,66,1.1515151515151516,0.04447269004274805,561,Have you been licking your butt again?
1455,3,4,59,66,1.1515151515151516,0.05810698373035499,561,I think that Fluffy is on to us.
1455,3,4,59,66,1.1515151515151516,0.05810698373035499,561,"Shirley, I have eyes for no one but you."
1455,2,6,58,66,1.1515151515151516,0.05394646505600968,561,Can you keep a secret?
1455,1,8,57,66,1.1515151515151516,0.04943703698482351,561,"Now, this is strictly between you and me"
1455,2,6,58,66,1.1515151515151516,0.05394646505600968,561,are these tight security measures really necessary?
1455,2,6,58,66,1.1515151515151516,0.05394646505600968,561,"""I did not sign up for this flexible care plan!"
1455,1,8,57,66,1.1515151515151516,0.04943703698482351,561,"Is that you, Mr. Watson?"
1455,2,6,58,66,1.1515151515151516,0.05394646505600968,561,This is better than sniffing our butts
1455,2,6,58,66,1.1515151515151516,0.05394646505600968,561,Your breath is intoxicating.
1455,1,8,57,66,1.1515151515151516,0.04943703698482351,561,I was hoping there would be more in our support group.
1455,1,8,57,66,1.1515151515151516,0.04943703698482351,561,Please don't sneeze.
1455,4,2,60,66,1.1515151515151516,0.061988886297788946,561,"No, I can't lick yours either."
1455,3,4,59,66,1.1515151515151516,0.05810698373035499,561,This is certainly better than sniffing butts.
1455,0,10,56,66,1.1515151515151516,0.04447269004274805,561,Interesting acoustics....
1455,2,6,58,66,1.1515151515151516,0.05394646505600968,561,You're right. The one on 'Get Smart' is cooler.
1566,1,7,55,63,1.1428571428571428,0.04986999410368025,561,I think a mobile phone might be more practical.
1566,1,7,55,63,1.1428571428571428,0.04986999410368025,561,I think we're being wiretapped.
1566,2,5,56,63,1.1428571428571428,0.054763574408528054,561,The only shame is that your breath smells like butt.
1566,0,9,54,63,1.1428571428571428,0.04444078691701821,561,Psst. I'll lick yours if you lick mine.
1566,3,3,57,63,1.1428571428571428,0.05925438255602429,561,A bark-to-bark double-header
1566,2,5,56,63,1.1428571428571428,0.054763574408528054,561,can you hear me now? lol...bitch
1566,3,3,57,63,1.1428571428571428,0.05925438255602429,561,I think you forgot your dental treat this morning.
1566,1,7,55,63,1.1428571428571428,0.04986999410368025,561,"Well, this is another fine mess you've gotten us into!"
1566,4,1,58,63,1.1428571428571428,0.06342802710311082,561,A little less tongue please.
1566,0,9,54,63,1.1428571428571428,0.04444078691701821,561,This is strictly entre nous.
1566,2,5,56,63,1.1428571428571428,0.054763574408528054,561,"If we work together, maybe we can lick this thing."
1566,2,5,56,63,1.1428571428571428,0.054763574408528054,561,Wow. Your breath really does stink.
1566,2,5,56,63,1.1428571428571428,0.054763574408528054,561,"Initially distracted by their tug-of-war over the same toy, the dogs suddenly realized they had entered an alternate dimension."
1566,2,5,56,63,1.1428571428571428,0.054763574408528054,561,"Ahhh, Ahhh-choo!"
1566,1,7,55,63,1.1428571428571428,0.04986999410368025,561,"Wait, this is the wrong end."
1566,1,7,55,63,1.1428571428571428,0.04986999410368025,561,Have you ever done it human-style?
1566,2,5,56,63,1.1428571428571428,0.054763574408528054,561,You had me at halo.
1566,0,9,54,63,1.1428571428571428,0.04444078691701821,561,We have to be careful.I heard a couple of St. Bernards once drowned in their own slobber.
1566,0,9,54,63,1.1428571428571428,0.04444078691701821,561,The cone of silence
1566,2,5,56,63,1.1428571428571428,0.054763574408528054,561,"Don't worry, we're invisible."
1566,2,5,56,63,1.1428571428571428,0.054763574408528054,561,"You scratch mine, I'll lick yours."
1566,1,7,55,63,1.1428571428571428,0.04986999410368025,561,I'm just not in the mood anymore.
1566,1,7,55,63,1.1428571428571428,0.04986999410368025,561,Tell me what you're wearing.
1566,3,3,57,63,1.1428571428571428,0.05925438255602429,561,The humans are in such a bubble.
1566,2,5,56,63,1.1428571428571428,0.054763574408528054,561,"Okay, Okay. We get it! No more eating poop in the yard."
1566,2,5,56,63,1.1428571428571428,0.054763574408528054,561,"We're on a secure line, the Canine Intelligence Agency can't hear us"
1566,1,7,55,63,1.1428571428571428,0.04986999410368025,561,Do you have anything contagious?
1566,2,5,56,63,1.1428571428571428,0.054763574408528054,561,"We've got to stop meeting like this (with ""got"" italicized)."
1566,1,7,55,63,1.1428571428571428,0.04986999410368025,561,"Now we know ""like dog breath"" comes from."
1566,1,7,55,63,1.1428571428571428,0.04986999410368025,561,This is hot.
1566,1,7,55,63,1.1428571428571428,0.04986999410368025,561,"You, my friend, have a severe case of dog breath."
1566,1,7,55,63,1.1428571428571428,0.04986999410368025,561,Did anyone see you come in here?
1566,2,5,56,63,1.1428571428571428,0.054763574408528054,561,Canine FaceTime
1566,1,7,55,63,1.1428571428571428,0.04986999410368025,561,This election made me worry that we are just in an echo chamber.
1566,2,5,56,63,1.1428571428571428,0.054763574408528054,561,"Hey, Look. It's the Cone brothers."
1566,2,5,56,63,1.1428571428571428,0.054763574408528054,561,I'll chew out your stitches if you'll chew out mine.
1566,0,9,54,63,1.1428571428571428,0.04444078691701821,561,"What a coincidence-- I was neutered, too!"
1566,2,5,56,63,1.1428571428571428,0.054763574408528054,561,This is not the end I was looking for.
1566,3,3,57,63,1.1428571428571428,0.05925438255602429,561,I'm stuck
1566,1,7,55,63,1.1428571428571428,0.04986999410368025,561,Face time is overrated.
1566,0,9,54,63,1.1428571428571428,0.04444078691701821,561,An Elizabethan kiss.
1566,0,9,54,63,1.1428571428571428,0.04444078691701821,561,Wanna hear a secret?...
1566,1,7,55,63,1.1428571428571428,0.04986999410368025,561,"Stop complaining, it's the only way to keep it from the cat!"
1566,2,5,56,63,1.1428571428571428,0.054763574408528054,561,Tunnel Vision
1566,0,9,54,63,1.1428571428571428,0.04444078691701821,561,And you said the other end would smell bad.
1566,1,7,55,63,1.1428571428571428,0.04986999410368025,561,Do you have a mint?
1566,1,7,55,63,1.1428571428571428,0.04986999410368025,561,"Don't worry, they can't hear us."
1566,2,5,56,63,1.1428571428571428,0.054763574408528054,561,I'll scratch you if you scratch me
1566,1,7,55,63,1.1428571428571428,0.04986999410368025,561,"Oh god, I love that dead fish smell on your breath!"
1566,1,7,55,63,1.1428571428571428,0.04986999410368025,561,Let's focus on each other
1566,0,9,54,63,1.1428571428571428,0.04444078691701821,561,"Amazing! My name's Elizabeth, too!"
1566,1,7,55,63,1.1428571428571428,0.04986999410368025,561,It's a shame we can't find anyone else for our support group.
1566,2,5,56,63,1.1428571428571428,0.054763574408528054,561,Facebook for dogs
1566,1,7,55,63,1.1428571428571428,0.04986999410368025,561,"Hey, I can still smell my butt!"
1566,1,7,55,63,1.1428571428571428,0.04986999410368025,561,It was either this or stick my head in the sand.
1566,1,7,55,63,1.1428571428571428,0.04986999410368025,561,We're going to need some counseling after that procedure.
1566,1,7,55,63,1.1428571428571428,0.04986999410368025,561,I have a PTSD about fetching balls now.
1566,1,7,55,63,1.1428571428571428,0.04986999410368025,561,"In the panopticon, everyone knows you're a dog."
1566,2,5,56,63,1.1428571428571428,0.054763574408528054,561,Do you know what 180 degrees means?
1566,2,5,56,63,1.1428571428571428,0.054763574408528054,561,What's even more demoralizing is that he swears he's gonna make ME pay for it!
1566,1,7,55,63,1.1428571428571428,0.04986999410368025,561,I still think our fleas can hear us.
1566,2,5,56,63,1.1428571428571428,0.054763574408528054,561,I heard he's gonna grab the dogs AND the pussies.
1566,1,7,55,63,1.1428571428571428,0.04986999410368025,561,If dogs were covered by Trumpcare.
1566,0,9,54,63,1.1428571428571428,0.04444078691701821,561,We'll always have Paris.
1566,0,9,54,63,1.1428571428571428,0.04444078691701821,561,Who are you calling Dog Breath?
1566,0,9,54,63,1.1428571428571428,0.04444078691701821,561,"I knew the ""buy-one-get-one-free"" deal was too good to be true."
1566,2,5,56,63,1.1428571428571428,0.054763574408528054,561,"Don't cry, we can adopt."
1566,3,3,57,63,1.1428571428571428,0.05925438255602429,561,"You nibble my stitches, and I'll nibble yours."
1566,1,7,55,63,1.1428571428571428,0.04986999410368025,561,Do I nose you?
1566,1,7,55,63,1.1428571428571428,0.04986999410368025,561,"Scouts honor, you won't tell?"
1566,2,5,56,63,1.1428571428571428,0.054763574408528054,561,We only have eyes for each other.
1566,2,5,56,63,1.1428571428571428,0.054763574408528054,561,"I wouldn't stop licking my hotspot, .... you?"
1566,2,5,56,63,1.1428571428571428,0.054763574408528054,561,"Well, the even weirder coincidence is both of our owners being named Cohn."
1566,1,7,55,63,1.1428571428571428,0.04986999410368025,561,Are you sure no one smelled you come in here?
1566,2,5,56,63,1.1428571428571428,0.054763574408528054,561,What are you doing in a place like this?
1566,0,9,54,63,1.1428571428571428,0.04444078691701821,561,Just between you and me
1566,1,7,55,63,1.1428571428571428,0.04986999410368025,561,I can't wait to be out of the Elizabethan Era.
1566,2,5,56,63,1.1428571428571428,0.054763574408528054,561,I have to be honest... it's not your best side.
1566,2,5,56,63,1.1428571428571428,0.054763574408528054,561,It's okay. We're all in the dark right now.
1566,2,5,56,63,1.1428571428571428,0.054763574408528054,561,"Yeah, you were right. This is your tennis ball."
1566,2,5,56,63,1.1428571428571428,0.054763574408528054,561,This just gets us in a different kind of trouble.
1566,0,9,54,63,1.1428571428571428,0.04444078691701821,561,I DO LISTEN-isten-isten….
1566,1,7,55,63,1.1428571428571428,0.04986999410368025,561,"Given our situation, let's try out a mutual scratch pact."
1566,1,7,55,63,1.1428571428571428,0.04986999410368025,561,"Wild party last night, huh?"
1566,1,7,55,63,1.1428571428571428,0.04986999410368025,561,You Trump dog? I Sergei.
1566,1,7,55,63,1.1428571428571428,0.04986999410368025,561,"Is that you, Agent 99?"
1566,2,5,56,63,1.1428571428571428,0.054763574408528054,561,You don't have to bark.
1566,2,5,56,63,1.1428571428571428,0.054763574408528054,561,Are we still eligible for the Westminster Show?
1566,3,3,57,63,1.1428571428571428,0.05925438255602429,561,"Well, at least we can't hear that dang dog whistle!"
1566,1,7,55,63,1.1428571428571428,0.04986999410368025,561,"well, my Broker is E F Hutton"
1566,3,3,57,63,1.1428571428571428,0.05925438255602429,561,I think we're getting too close for comfort.
1566,2,5,56,63,1.1428571428571428,0.054763574408528054,561,I'll lick your stitches if you lick mine.
1566,2,5,56,63,1.1428571428571428,0.054763574408528054,561,Heads I win tails you lose!
1566,1,7,55,63,1.1428571428571428,0.04986999410368025,561,I thought you were going to your (italicized) left.
1566,1,7,55,63,1.1428571428571428,0.04986999410368025,561,"We can't lick our own, but..."
1566,1,7,55,63,1.1428571428571428,0.04986999410368025,561,You're sure about the wiretapping?
1566,2,5,56,63,1.1428571428571428,0.054763574408528054,561,I lick you a lot !
1566,1,7,55,63,1.1428571428571428,0.04986999410368025,561,It's better to encrypt our conversations from now on.
1566,2,5,56,63,1.1428571428571428,0.054763574408528054,561,Let's call a spayed a spayed.
1566,2,5,56,63,1.1428571428571428,0.054763574408528054,561,I'd rather not say. What about you?
1566,0,9,54,63,1.1428571428571428,0.04444078691701821,561,Love our tete-a-tetes.
1566,2,5,56,63,1.1428571428571428,0.054763574408528054,561,Gesundheit!
1566,1,7,55,63,1.1428571428571428,0.04986999410368025,561,Are you sure the squirrel's not in here?
1566,2,5,56,63,1.1428571428571428,0.054763574408528054,561,Is that music in my head or yours?
1566,1,7,55,63,1.1428571428571428,0.04986999410368025,561,Coney Island hot dogs
1566,1,7,55,63,1.1428571428571428,0.04986999410368025,561,Your breath is killing me.
1566,1,7,55,63,1.1428571428571428,0.04986999410368025,561,Chew just a bit more to the left. Oh yeah.
1566,1,7,55,63,1.1428571428571428,0.04986999410368025,561,No way...THAT's what no littering means?
1566,2,5,56,63,1.1428571428571428,0.054763574408528054,561,"Yes, wiretapping, microwave cameras...this calls for the cone of silence."
1566,1,7,55,63,1.1428571428571428,0.04986999410368025,561,This affirms why we prefer to sniff the rearend.
1566,3,3,57,63,1.1428571428571428,0.05925438255602429,561,When was the last time you brushed your teeth?
1566,0,9,54,63,1.1428571428571428,0.04444078691701821,561,So what's the big secret.
1566,2,5,56,63,1.1428571428571428,0.054763574408528054,561,Talk about tunnel vision!
1566,1,7,55,63,1.1428571428571428,0.04986999410368025,561,Cone- nichiwa.
1566,1,7,55,63,1.1428571428571428,0.04986999410368025,561,Minimalism is so overrated.
1566,0,9,54,63,1.1428571428571428,0.04444078691701821,561,This stays in the cone of silence.
1566,1,7,55,63,1.1428571428571428,0.04986999410368025,561,Do you love me?
1566,0,9,54,63,1.1428571428571428,0.04444078691701821,561,Altoid?
1566,1,7,55,63,1.1428571428571428,0.04986999410368025,561,Have any mints?
1566,3,3,57,63,1.1428571428571428,0.05925438255602429,561,"Here's looking at you, K9."
1566,1,7,55,63,1.1428571428571428,0.04986999410368025,561,I know where your bones are buried.
1566,3,3,57,63,1.1428571428571428,0.05925438255602429,561,"Without a butt sniff I don't remember you"""
1566,2,5,56,63,1.1428571428571428,0.054763574408528054,561,If we put our heads together.... We might be able to figure something out.
1566,0,9,54,63,1.1428571428571428,0.04444078691701821,561,"With Canine Intelligence Agency monitoring everyone's conversations, this is our only recourse."
1566,1,7,55,63,1.1428571428571428,0.04986999410368025,561,It's safe to talk now.
1566,2,5,56,63,1.1428571428571428,0.054763574408528054,561,What do you say we come out of the closet together?
1566,2,5,56,63,1.1428571428571428,0.054763574408528054,561,"Hey, who turned out the lights ?"
1566,3,3,57,63,1.1428571428571428,0.05925438255602429,561,when we split there's no looking back.
1566,1,7,55,63,1.1428571428571428,0.04986999410368025,561,I think this setting is a little too intimate for a first date.
1566,0,9,54,63,1.1428571428571428,0.04444078691701821,561,Canine virtual reality
1566,0,9,54,63,1.1428571428571428,0.04444078691701821,561,Do you think they'll find us?
1566,1,7,55,63,1.1428571428571428,0.04986999410368025,561,I won't tell if you don't tell.
1566,2,5,56,63,1.1428571428571428,0.054763574408528054,561,Sharia law is tough on us bitches.
1566,0,9,54,63,1.1428571428571428,0.04444078691701821,561,If you listen closely you can hear the sea.
1566,0,9,54,63,1.1428571428571428,0.04444078691701821,561,I feel your shame.
1566,1,7,55,63,1.1428571428571428,0.04986999410368025,561,Cone-fessional booth
1566,1,7,55,63,1.1428571428571428,0.04986999410368025,561,We'll show them…and they thought ball licking was embarrassing.
1566,1,7,55,63,1.1428571428571428,0.04986999410368025,561,"OK, Max, what is so secret we have to use the cones of silence?"
1566,0,9,54,63,1.1428571428571428,0.04444078691701821,561,"We didn't need the cone of silence for you to tell me you lick your balls, everyone already knows."
1566,3,3,57,63,1.1428571428571428,0.05925438255602429,561,We have docking.
1566,2,5,56,63,1.1428571428571428,0.054763574408528054,561,At least our conversation is not being tapped.
1566,2,5,56,63,1.1428571428571428,0.054763574408528054,561,"Hey, who turned out the lights ?"
1566,2,5,56,63,1.1428571428571428,0.054763574408528054,561,"I enjoy your butt, but your breath is bad."
1566,1,7,55,63,1.1428571428571428,0.04986999410368025,561,OK! You go first.
1566,1,7,55,63,1.1428571428571428,0.04986999410368025,561,I've got to ask you for a really important favor...
1566,1,7,55,63,1.1428571428571428,0.04986999410368025,561,Finally some privacy
1566,3,3,57,63,1.1428571428571428,0.05925438255602429,561,We have the same point of view.
1566,1,7,55,63,1.1428571428571428,0.04986999410368025,561,"No, your breath smells like balls."
1566,1,7,55,63,1.1428571428571428,0.04986999410368025,561,This beats smelling your butt.
1566,1,7,55,63,1.1428571428571428,0.04986999410368025,561,"Yeah, mine itches too."
1566,1,7,55,63,1.1428571428571428,0.04986999410368025,561,Bitch! It's You!
1566,1,7,55,63,1.1428571428571428,0.04986999410368025,561,"Charlie, maybe if we put our heads together we can figure out how to fetch our balls."
1566,3,3,57,63,1.1428571428571428,0.05925438255602429,561,"Personally, I'd rather be sniffing your butt."
1566,2,5,56,63,1.1428571428571428,0.054763574408528054,561,20 bucks says they're making a Trump joke out there.
1566,2,5,56,63,1.1428571428571428,0.054763574408528054,561,I'll get right back to you.
1566,0,9,54,63,1.1428571428571428,0.04444078691701821,561,"For the last time, Rex, WILL YOU LOWER YOUR VOICE!"
1566,1,7,55,63,1.1428571428571428,0.04986999410368025,561,No you let go of the ball
1566,1,7,55,63,1.1428571428571428,0.04986999410368025,561,When do we tell them we actually like these things?
1566,0,9,54,63,1.1428571428571428,0.04444078691701821,561,"As I said. You scratch my back, I'll scratch yours."
1566,0,9,54,63,1.1428571428571428,0.04444078691701821,561,I echo that sentiment.
1566,1,7,55,63,1.1428571428571428,0.04986999410368025,561,Another hazard of doggy braces.
1566,0,9,54,63,1.1428571428571428,0.04444078691701821,561,When did you get braces?
1566,1,7,55,63,1.1428571428571428,0.04986999410368025,561,"Maxwell Smart and Agent 99's dogs recreate the spaghetti scene from ""Lady and the Tramp""."
1566,1,7,55,63,1.1428571428571428,0.04986999410368025,561,Are you talk'in to me?
1566,0,9,54,63,1.1428571428571428,0.04444078691701821,561,I hear the microwave is spying on us
1566,1,7,55,63,1.1428571428571428,0.04986999410368025,561,"Is this a coincidence, or what?"
1566,1,7,55,63,1.1428571428571428,0.04986999410368025,561,Mine too!
1566,2,5,56,63,1.1428571428571428,0.054763574408528054,561,We have to stop meeting like this...it looks suspicious.
1566,1,7,55,63,1.1428571428571428,0.04986999410368025,561,I hope this is the last time our Vet uses medical supplies from Ikea.
1566,2,5,56,63,1.1428571428571428,0.054763574408528054,561,Life of the party too ??
1736,2,4,54,60,1.1333333333333333,0.05557438475642006,561,A blind date.
1736,2,4,54,60,1.1333333333333333,0.05557438475642006,561,I'll chew your butt if you chew mine.
1736,2,4,54,60,1.1333333333333333,0.05557438475642006,561,You've been watching too many Get Smart reruns
1736,0,8,52,60,1.1333333333333333,0.044255719836307675,561,I'd like to slip into something more comfortable.
1736,2,4,54,60,1.1333333333333333,0.05557438475642006,561,"On three, you lick my stitches, I'll get yours."
1736,1,6,53,60,1.1333333333333333,0.05023485333552976,561,when are the stitches coming out?
1736,1,6,53,60,1.1333333333333333,0.05023485333552976,561,Let's ask Kellyanne to take a picture of us.
1736,2,4,54,60,1.1333333333333333,0.05557438475642006,561,Did you hear about Daisy's abortion?!
1736,2,4,54,60,1.1333333333333333,0.05557438475642006,561,"Regardless, I will not scratch yours."
1736,1,6,53,60,1.1333333333333333,0.05023485333552976,561,Kiss me you fool!
1736,1,6,53,60,1.1333333333333333,0.05023485333552976,561,Has your injury also brought you to a dark place?
1736,1,6,53,60,1.1333333333333333,0.05023485333552976,561,I'm pretty sure no one can tap a cone.
1736,1,6,53,60,1.1333333333333333,0.05023485333552976,561,Didn't I tell you not to play with crazy glue?
1736,2,4,54,60,1.1333333333333333,0.05557438475642006,561,"Bark, bark, bark! Bark, bark, bark!"
1736,0,8,52,60,1.1333333333333333,0.044255719836307675,561,"Now, let's discuss those sanctions..."
1736,1,6,53,60,1.1333333333333333,0.05023485333552976,561,Are you bugged?
1736,3,2,55,60,1.1333333333333333,0.06044405671748914,561,I just feel like we're all living in our own liberal or conservative echo chambers
1736,2,4,54,60,1.1333333333333333,0.05557438475642006,561,"Shh,--- I'll lick yours, then you lick mine."
1736,2,4,54,60,1.1333333333333333,0.05557438475642006,561,"So, are we an item?"
1736,1,6,53,60,1.1333333333333333,0.05023485333552976,561,You Complete Me
1736,1,6,53,60,1.1333333333333333,0.05023485333552976,561,Agreed then. You chew mine; I'll chew yours.
1736,2,4,54,60,1.1333333333333333,0.05557438475642006,561,"Well, mine doesn't cover distemper, rabies, liver or tick-borne diseases but it's beter than Trumpcare, and my premiums won't go up 80 percent."
1736,1,6,53,60,1.1333333333333333,0.05023485333552976,561,We've gotta stop meeting like this.
1736,1,6,53,60,1.1333333333333333,0.05023485333552976,561,who did you bite?
1736,1,6,53,60,1.1333333333333333,0.05023485333552976,561,Think they can hear us in here? I heard the yard is bugged...
1736,0,8,52,60,1.1333333333333333,0.044255719836307675,561,"This is going to make kissing hard, but it does give us some privacy."
1736,1,6,53,60,1.1333333333333333,0.05023485333552976,561,I say we go feral.
1736,0,8,52,60,1.1333333333333333,0.044255719836307675,561,"Don't ask."" ""Don't tell."
1736,2,4,54,60,1.1333333333333333,0.05557438475642006,561,'HEllo from the other siiiide...'
1736,1,6,53,60,1.1333333333333333,0.05023485333552976,561,But what about us? We'll always have Paris.
1736,0,8,52,60,1.1333333333333333,0.044255719836307675,561,It was one hell of a party!
1736,2,4,54,60,1.1333333333333333,0.05557438475642006,561,"Max, every time we use the cone of silence, something terrible happens"
1736,1,6,53,60,1.1333333333333333,0.05023485333552976,561,Normally I start at the other end too.
1736,2,4,54,60,1.1333333333333333,0.05557438475642006,561,I lick yours; you lick mine.
1736,1,6,53,60,1.1333333333333333,0.05023485333552976,561,"Well, so much for doggy style."
1736,1,6,53,60,1.1333333333333333,0.05023485333552976,561,"- I'll scratch yours, if you'll scratch mine -"
1736,0,8,52,60,1.1333333333333333,0.044255719836307675,561,"I got my balls chopped off, what about you?"
1736,2,4,54,60,1.1333333333333333,0.05557438475642006,561,"Well, this is a fine how do you do."
1736,1,6,53,60,1.1333333333333333,0.05023485333552976,561,"I hate it when you self-diagnose,"
1736,2,4,54,60,1.1333333333333333,0.05557438475642006,561,"If you want to do it legally, never admit you're chasing a cat."
1736,2,4,54,60,1.1333333333333333,0.05557438475642006,561,How secure is your cone?
1736,1,6,53,60,1.1333333333333333,0.05023485333552976,561,"On the count of three, we lick each other's stitches."
1736,2,4,54,60,1.1333333333333333,0.05557438475642006,561,'Needs no caption' * *not a caption
1736,0,8,52,60,1.1333333333333333,0.044255719836307675,561,These tete-a-tetes don't mean we're friends.
1736,1,6,53,60,1.1333333333333333,0.05023485333552976,561,Now I think we're safe from any wiretapping devices.
1736,0,8,52,60,1.1333333333333333,0.044255719836307675,561,Bad breath is the least of our problems!
1736,2,4,54,60,1.1333333333333333,0.05557438475642006,561,This is the no bark cone.
1736,2,4,54,60,1.1333333333333333,0.05557438475642006,561,"Chief, I'm sure Chaos has bugged one of my fleas. Yes, Max."
1736,1,6,53,60,1.1333333333333333,0.05023485333552976,561,First I'll lick yours and then you can lick mine
1736,1,6,53,60,1.1333333333333333,0.05023485333552976,561,I ate his homework. You?
1736,1,6,53,60,1.1333333333333333,0.05023485333552976,561,"You know what? Now that I look closely enough, your eyes are definitely black."
1736,0,8,52,60,1.1333333333333333,0.044255719836307675,561,Do you think they can see us?
1736,1,6,53,60,1.1333333333333333,0.05023485333552976,561,We need a string for it to work over distance.
1736,1,6,53,60,1.1333333333333333,0.05023485333552976,561,"Cone dogs on a ""shtick"""
1736,1,6,53,60,1.1333333333333333,0.05023485333552976,561,Do you really think the FBI is trying to eavesdrop?
1736,0,8,52,60,1.1333333333333333,0.044255719836307675,561,Misery loves company.
1736,2,4,54,60,1.1333333333333333,0.05557438475642006,561,I like the bubble. I feel I can see myself in it.
1736,2,4,54,60,1.1333333333333333,0.05557438475642006,561,I bet my owner no person could come up with a caption for this.
1736,1,6,53,60,1.1333333333333333,0.05023485333552976,561,You lick my butt; I'll lick yours.
1736,0,8,52,60,1.1333333333333333,0.044255719836307675,561,Four years will go faster than you think!
1736,1,6,53,60,1.1333333333333333,0.05023485333552976,561,Now we're in the cones of silence tell me what you got from the wire tap.
1736,1,6,53,60,1.1333333333333333,0.05023485333552976,561,I haven't seen or spoken to any Russian dogs this week.
1736,2,4,54,60,1.1333333333333333,0.05557438475642006,561,Did you just here a dog whistle?
1736,1,6,53,60,1.1333333333333333,0.05023485333552976,561,"The cats have taken over KAOS, Agent 99."
1736,1,6,53,60,1.1333333333333333,0.05023485333552976,561,"We are one with the ""cone of shame""..."
1736,2,4,54,60,1.1333333333333333,0.05557438475642006,561,"There's an echo on my side, are you hearing one too?"
1736,1,6,53,60,1.1333333333333333,0.05023485333552976,561,Has anyone ever mentioned that you have dog breath?
1736,1,6,53,60,1.1333333333333333,0.05023485333552976,561,I'll bark less and wag more if you will.
1736,1,6,53,60,1.1333333333333333,0.05023485333552976,561,"""It's just that, sometimes I feel like you don't see me""."
1736,0,8,52,60,1.1333333333333333,0.044255719836307675,561,"What are you in for?"" ""What's an Elizabethan?"
1736,2,4,54,60,1.1333333333333333,0.05557438475642006,561,You need to brush your teeth...
1736,2,4,54,60,1.1333333333333333,0.05557438475642006,561,I didn't even know anything was broken.......
1736,2,4,54,60,1.1333333333333333,0.05557438475642006,561,"Two cones, one bone."
1736,1,6,53,60,1.1333333333333333,0.05023485333552976,561,"I said, ""Shuffle, Shuffle, Step. Not, Shuffle, Step, Shuffle!"" Submitted by my daughter: Jessica Paul"
1736,3,2,55,60,1.1333333333333333,0.06044405671748914,561,It wasn't so dark when we were a three-dog night.
1736,2,4,54,60,1.1333333333333333,0.05557438475642006,561,"I know it's Fashion Week, but don't you think an Elizabethan collar is really a bit too retro?"
1736,1,6,53,60,1.1333333333333333,0.05023485333552976,561,I guess this makes us gender neutral.
1736,1,6,53,60,1.1333333333333333,0.05023485333552976,561,I think I'm a boy. You?
1736,0,8,52,60,1.1333333333333333,0.044255719836307675,561,Now we can talk in private
1736,2,4,54,60,1.1333333333333333,0.05557438475642006,561,"Sorry about that, Chief."
1736,1,6,53,60,1.1333333333333333,0.05023485333552976,561,We've got to stop meeting like this. The fleas are getting suspicious....
1736,1,6,53,60,1.1333333333333333,0.05023485333552976,561,I can get over 100 channels. How about you?
1736,1,6,53,60,1.1333333333333333,0.05023485333552976,561,Now they'll never find us!
1736,1,6,53,60,1.1333333333333333,0.05023485333552976,561,"Well this end doesn't work, turn around."
1736,3,2,55,60,1.1333333333333333,0.06044405671748914,561,"My name's Vladimir, what's yours?"
1736,1,6,53,60,1.1333333333333333,0.05023485333552976,561,Inside voice.
1736,0,8,52,60,1.1333333333333333,0.044255719836307675,561,You would think that no one had ever seen cone-joined twins before
1736,0,8,52,60,1.1333333333333333,0.044255719836307675,561,Living in an echo chamber cannot be good.
1736,1,6,53,60,1.1333333333333333,0.05023485333552976,561,I don't want the microwave to hear us.
1736,1,6,53,60,1.1333333333333333,0.05023485333552976,561,Long time no see?
1736,1,6,53,60,1.1333333333333333,0.05023485333552976,561,Deep throat.
1736,1,6,53,60,1.1333333333333333,0.05023485333552976,561,Wrong end.
1736,3,2,55,60,1.1333333333333333,0.06044405671748914,561,So everyone agrees he should be impeached.
1736,2,4,54,60,1.1333333333333333,0.05557438475642006,561,"Well, Victor never had this problem."
1736,0,8,52,60,1.1333333333333333,0.044255719836307675,561,There was a two-for-one lampshade sale at k-mart.
1736,2,4,54,60,1.1333333333333333,0.05557438475642006,561,"Rats, next month the Icone 7 comes out with colors."
1736,1,6,53,60,1.1333333333333333,0.05023485333552976,561,You bite my stitches and I'll bite yours.
1736,1,6,53,60,1.1333333333333333,0.05023485333552976,561,"I'm fairly certain we're alone. . . So you scratch me, and I'll scratch you!"
1736,2,4,54,60,1.1333333333333333,0.05557438475642006,561,Can I get a towel?
1736,1,6,53,60,1.1333333333333333,0.05023485333552976,561,I think somebody needs a mint.
1736,0,8,52,60,1.1333333333333333,0.044255719836307675,561,Me? Jock itch. What are you in for?
1736,1,6,53,60,1.1333333333333333,0.05023485333552976,561,Lick a little to the left.
1736,0,8,52,60,1.1333333333333333,0.044255719836307675,561,"You didn't hear it from me, but they're going to cut your balls off."
1736,1,6,53,60,1.1333333333333333,0.05023485333552976,561,Max and Chief didn't realize when they put their heads together to make a cone of silence that no one could hear them beg for treats.
1736,2,4,54,60,1.1333333333333333,0.05557438475642006,561,"It's a new idea I have. I'm calling it ""SnoutTime."""
1736,2,4,54,60,1.1333333333333333,0.05557438475642006,561,"In a stunning policy reversal, the A.S.P.C.A drops its opposition to dog fighting...under certain conditions."
1736,1,6,53,60,1.1333333333333333,0.05023485333552976,561,Promise you won’t tell anyone.
1736,0,8,52,60,1.1333333333333333,0.044255719836307675,561,It could be worse — at least they put it on this end.
1736,1,6,53,60,1.1333333333333333,0.05023485333552976,561,I'll nibble your ear if you nibble mine
1736,0,8,52,60,1.1333333333333333,0.044255719836307675,561,Whatever happened to being joined at the hip?
1736,2,4,54,60,1.1333333333333333,0.05557438475642006,561,"Promise me that if we every get out of this, we will definitely do it again."
1736,1,6,53,60,1.1333333333333333,0.05023485333552976,561,Do you come here often?
1736,1,6,53,60,1.1333333333333333,0.05023485333552976,561,We Come From France.
1736,1,6,53,60,1.1333333333333333,0.05023485333552976,561,"I guess we're the two of ""spayed""."
1736,0,8,52,60,1.1333333333333333,0.044255719836307675,561,Privacy is everything the vet promised it would be.
1736,2,4,54,60,1.1333333333333333,0.05557438475642006,561,"i believe the kennel is 'wire-tapped', so let's just keep this between us"
1736,0,8,52,60,1.1333333333333333,0.044255719836307675,561,"Well, now that we are alone..."
1736,1,6,53,60,1.1333333333333333,0.05023485333552976,561,"We no longer need to meet this way Drew, it's 2017."
1736,0,8,52,60,1.1333333333333333,0.044255719836307675,561,I echo your feelings.
1736,1,6,53,60,1.1333333333333333,0.05023485333552976,561,You're right. Coldplay does sound better in here!
1736,3,2,55,60,1.1333333333333333,0.06044405671748914,561,"Oh, I'm sorry. I thought this was your butt."
1736,1,6,53,60,1.1333333333333333,0.05023485333552976,561,Veterinarian Sub-Woofer.
1736,2,4,54,60,1.1333333333333333,0.05557438475642006,561,It's fine well just stay like this till 2020 and he's gone.
1736,1,6,53,60,1.1333333333333333,0.05023485333552976,561,OK. Got it. We lick each other where it hurts on 1 . . . 2 . . .
1736,1,6,53,60,1.1333333333333333,0.05023485333552976,561,At least we can scratch noses.
1736,1,6,53,60,1.1333333333333333,0.05023485333552976,561,It's the only way to prevent leaks.
1736,1,6,53,60,1.1333333333333333,0.05023485333552976,561,You never know who could be tapping your cone.
1736,1,6,53,60,1.1333333333333333,0.05023485333552976,561,Hello! Can you hear me?
1736,0,8,52,60,1.1333333333333333,0.044255719836307675,561,"...No, YOU move!"
1736,1,6,53,60,1.1333333333333333,0.05023485333552976,561,"Houston, we have a conundrum."
1736,1,6,53,60,1.1333333333333333,0.05023485333552976,561,Less tongue.
1736,1,6,53,60,1.1333333333333333,0.05023485333552976,561,I don't think sensory deprivation is for me
1736,2,4,54,60,1.1333333333333333,0.05557438475642006,561,I've been itching to meet you.
1736,2,4,54,60,1.1333333333333333,0.05557438475642006,561,Marco....
1736,1,6,53,60,1.1333333333333333,0.05023485333552976,561,Wrong end. Wrong end.
1736,0,8,52,60,1.1333333333333333,0.044255719836307675,561,I'll bite your spot if you bite mine.
1736,1,6,53,60,1.1333333333333333,0.05023485333552976,561,"He's going to build a wall, and make us pay for it."
1736,1,6,53,60,1.1333333333333333,0.05023485333552976,561,Ever feel as if our hatred of the cones is an inescapable echo chamber?
1736,2,4,54,60,1.1333333333333333,0.05557438475642006,561,"The worst part is, I can't lick my own balls."
1736,0,8,52,60,1.1333333333333333,0.044255719836307675,561,You had me at Woof!
1736,0,8,52,60,1.1333333333333333,0.044255719836307675,561,"Hey, there's a class-action on these!"
1736,0,8,52,60,1.1333333333333333,0.044255719836307675,561,"Well, at least i'm not scratching anymore."
1736,1,6,53,60,1.1333333333333333,0.05023485333552976,561,It beats chasing our tails.
1736,1,6,53,60,1.1333333333333333,0.05023485333552976,561,It's the only way we can elude the NSA.
1736,0,8,52,60,1.1333333333333333,0.044255719836307675,561,Do you have any breath freshener?
1736,1,6,53,60,1.1333333333333333,0.05023485333552976,561,Are you sure these cones can block the microwave oven's camera?
1736,2,4,54,60,1.1333333333333333,0.05557438475642006,561,You lick my ear and I'll lick yours
1736,0,8,52,60,1.1333333333333333,0.044255719836307675,561,How come I have to be the tramp?
1736,1,6,53,60,1.1333333333333333,0.05023485333552976,561,It's OK. I cleared my bowser history.
1736,0,8,52,60,1.1333333333333333,0.044255719836307675,561,"So, how do you like ""speed dating"" at the kennel?"
1736,0,8,52,60,1.1333333333333333,0.044255719836307675,561,You're a really good licker.
1736,2,4,54,60,1.1333333333333333,0.05557438475642006,561,"""Thanks for joining me in the canine cone of silence.'"
1736,1,6,53,60,1.1333333333333333,0.05023485333552976,561,"Ok, now what??"
1736,2,4,54,60,1.1333333333333333,0.05557438475642006,561,I want to start seeing others.
1736,1,6,53,60,1.1333333333333333,0.05023485333552976,561,You'd think they'd cover our asses.
1736,1,6,53,60,1.1333333333333333,0.05023485333552976,561,"So we scratch each other's backs, euphemistically speaking?"
1736,1,6,53,60,1.1333333333333333,0.05023485333552976,561,"No one can hear us. You didn't really offer the Russians a lifting of sanctions, did you?"
1736,0,8,52,60,1.1333333333333333,0.044255719836307675,561,"I'm just not sure that this is the answer to our intimacy issues, Brianna."
1736,2,4,54,60,1.1333333333333333,0.05557438475642006,561,"I knew you'd be back. life ain't easy on the outside, Sparky."
1736,1,6,53,60,1.1333333333333333,0.05023485333552976,561,I don't like PDA either.
1736,2,4,54,60,1.1333333333333333,0.05557438475642006,561,Who needs peripheral vision?
1736,2,4,54,60,1.1333333333333333,0.05557438475642006,561,Animal magnetism
1736,1,6,53,60,1.1333333333333333,0.05023485333552976,561,Chronic crotch sniffing. What are you in for?
1736,2,4,54,60,1.1333333333333333,0.05557438475642006,561,When a bark is worse than the bite
1736,0,8,52,60,1.1333333333333333,0.044255719836307675,561,The administration says we can't be wiretapped this way.
1736,0,8,52,60,1.1333333333333333,0.044255719836307675,561,"No, I DON'T like the smell of garlic treats!"
1736,1,6,53,60,1.1333333333333333,0.05023485333552976,561,This face-to-face hello just doesn't smell the same.
1736,1,6,53,60,1.1333333333333333,0.05023485333552976,561,"You're a cone head! No, you're a cone head!"
1736,1,6,53,60,1.1333333333333333,0.05023485333552976,561,Kissing is just not as fun as smelling.
1736,1,6,53,60,1.1333333333333333,0.05023485333552976,561,Tudor fashion really chaps my hide.
1736,2,4,54,60,1.1333333333333333,0.05557438475642006,561,Did you cone yet?
1736,1,6,53,60,1.1333333333333333,0.05023485333552976,561,"Finally, some peace and quiet"
1736,1,6,53,60,1.1333333333333333,0.05023485333552976,561,You could use a Tic Tac.
1736,1,6,53,60,1.1333333333333333,0.05023485333552976,561,I'll scratch your butt if you scratch mine.
1736,1,6,53,60,1.1333333333333333,0.05023485333552976,561,Look on the bright side--we don't have to fetch.
1736,1,6,53,60,1.1333333333333333,0.05023485333552976,561,Do you really think this will beat the wire-taps?
1736,1,6,53,60,1.1333333333333333,0.05023485333552976,561,His rallies will fade. Let's just enjoy our I scream cone.
1736,0,8,52,60,1.1333333333333333,0.044255719836307675,561,Now can you hear me?
1736,2,4,54,60,1.1333333333333333,0.05557438475642006,561,You do mine. I'll do yours.
1736,0,8,52,60,1.1333333333333333,0.044255719836307675,561,"OK, you breathe out and I'll breathe in."
1736,0,8,52,60,1.1333333333333333,0.044255719836307675,561,"I love you."" ""I love you more."
1736,1,6,53,60,1.1333333333333333,0.05023485333552976,561,I've heard that vet owns shares in the company.
1736,1,6,53,60,1.1333333333333333,0.05023485333552976,561,"I always wondered where the term ""it's a dog-eat-dog world"" came from."
1736,0,8,52,60,1.1333333333333333,0.044255719836307675,561,You lick my rash I'll lick yours.
1736,0,8,52,60,1.1333333333333333,0.044255719836307675,561,Let's keep that in the cone of silence.
1736,1,6,53,60,1.1333333333333333,0.05023485333552976,561,"“Trust me, no one can hear us now”."
1736,2,4,54,60,1.1333333333333333,0.05557438475642006,561,"Unfortunately, there's always a new punishment for chasing tail."
1736,1,6,53,60,1.1333333333333333,0.05023485333552976,561,They assured me that these shades are gender neutral.
1736,0,8,52,60,1.1333333333333333,0.044255719836307675,561,"Fifi, I'm so glad we've had this tête-à-tête."
1736,1,6,53,60,1.1333333333333333,0.05023485333552976,561,I'LL PULL OUT YOUR STITCHES IF YOU PULL OUT MINE
1736,2,4,54,60,1.1333333333333333,0.05557438475642006,561,"If we could just put our heads together, we could come up with a solution."
1736,1,6,53,60,1.1333333333333333,0.05023485333552976,561,No! I haven't been seeing anyone else!
1736,1,6,53,60,1.1333333333333333,0.05023485333552976,561,My balls were bigger than yours.
1736,2,4,54,60,1.1333333333333333,0.05557438475642006,561,Did you check for wiretaps?
1736,1,6,53,60,1.1333333333333333,0.05023485333552976,561,Don't worry--the Kremlin has yet to hack the Elizabethan collar.
1736,2,4,54,60,1.1333333333333333,0.05557438475642006,561,The Canine Centipede
1736,0,8,52,60,1.1333333333333333,0.044255719836307675,561,"You're sure they can't hear or see us, right?"
1736,1,6,53,60,1.1333333333333333,0.05023485333552976,561,Two cone heads are better than one.
1736,1,6,53,60,1.1333333333333333,0.05023485333552976,561,"And when I said ""Rex told me we're going to build a big, beautiful wall, and the chihuahua's going to pay,"" well, you can see how that turned out."
1736,0,8,52,60,1.1333333333333333,0.044255719836307675,561,[What Happens at the Kennel Stays at the Kennel]
1736,1,6,53,60,1.1333333333333333,0.05023485333552976,561,Ten bones says we go viral with a foxtrot.
1736,1,6,53,60,1.1333333333333333,0.05023485333552976,561,I'm itching to get rid of this thing.
1736,2,4,54,60,1.1333333333333333,0.05557438475642006,561,Is this channel secure?
1736,1,6,53,60,1.1333333333333333,0.05023485333552976,561,Take your time and take two steps to the left.
1736,1,6,53,60,1.1333333333333333,0.05023485333552976,561,I'm fine. My owner got it so he doesn't feel awkward when I greet fellow dogs.
1736,0,8,52,60,1.1333333333333333,0.044255719836307675,561,This is awkward.
1736,1,6,53,60,1.1333333333333333,0.05023485333552976,561,"So this is what they meant by, 'Leave the new lamps alone.'"
1736,0,8,52,60,1.1333333333333333,0.044255719836307675,561,"They cut 'em off, then this stops you from licking there."
1736,2,4,54,60,1.1333333333333333,0.05557438475642006,561,I was hacked
1736,1,6,53,60,1.1333333333333333,0.05023485333552976,561,"Yes, it would break some boundaries, but we both could use a good licking."
1736,1,6,53,60,1.1333333333333333,0.05023485333552976,561,Thank God they only fitted this end....
1736,1,6,53,60,1.1333333333333333,0.05023485333552976,561,Hey!...at least they got a room (..sort of)
1736,1,6,53,60,1.1333333333333333,0.05023485333552976,561,Canine virtual reality now includes dog breath!
1736,1,6,53,60,1.1333333333333333,0.05023485333552976,561,"With all those microwaves out there, we can't be too careful."
1736,1,6,53,60,1.1333333333333333,0.05023485333552976,561,Can we go someplace more private?
1951,1,5,51,57,1.1228070175438596,0.05049985383360874,561,DON'T BITE MY HEAD OFF!
1951,1,5,51,57,1.1228070175438596,0.05049985383360874,561,I don't think the humans can see us now.
1951,0,7,50,57,1.1228070175438596,0.04385964912280703,561,I will if you will.
1951,0,7,50,57,1.1228070175438596,0.04385964912280703,561,For your ears only ...
1951,1,5,51,57,1.1228070175438596,0.05049985383360874,561,I'll turn around first.
1951,1,5,51,57,1.1228070175438596,0.05049985383360874,561,"So, what are we missing here?"
1951,1,5,51,57,1.1228070175438596,0.05049985383360874,561,What echo-echo-echo?
1951,1,5,51,57,1.1228070175438596,0.05049985383360874,561,Let's see them tap this conversation.
1951,0,7,50,57,1.1228070175438596,0.04385964912280703,561,You chew my stitches and I'll chew yours.
1951,1,5,51,57,1.1228070175438596,0.05049985383360874,561,Look at me when I'm barking at you!
1951,1,5,51,57,1.1228070175438596,0.05049985383360874,561,It's annoying but I got a killer tan.
1951,0,7,50,57,1.1228070175438596,0.04385964912280703,561,You might try Listerine.
1951,2,3,52,57,1.1228070175438596,0.056363123168042664,561,Haven't we met somewhere before
1951,2,3,52,57,1.1228070175438596,0.056363123168042664,561,Are you sure no one suspects we've been seeing each other?
1951,1,5,51,57,1.1228070175438596,0.05049985383360874,561,Time to call Ben Carson?
1951,1,5,51,57,1.1228070175438596,0.05049985383360874,561,"OK, what's the plan?"
1951,1,5,51,57,1.1228070175438596,0.05049985383360874,561,I laid down with the neighbors dog and got up with fleas.
1951,1,5,51,57,1.1228070175438596,0.05049985383360874,561,"I can't be sure, but I think our licking days are over!"
1951,1,5,51,57,1.1228070175438596,0.05049985383360874,561,There's no way the cat will find us now.
1951,1,5,51,57,1.1228070175438596,0.05049985383360874,561,How do you like our new secure communication system?
1951,0,7,50,57,1.1228070175438596,0.04385964912280703,561,Want to make out?
1951,3,1,53,57,1.1228070175438596,0.0616714526283924,561,It looks like we're now stuck with the American Vet Care Act.
1951,1,5,51,57,1.1228070175438596,0.05049985383360874,561,Can we stay like this until the next election?
1951,2,3,52,57,1.1228070175438596,0.056363123168042664,561,This was NOT my idea of a blind date.
1951,0,7,50,57,1.1228070175438596,0.04385964912280703,561,"If you see something, say something."
1951,1,5,51,57,1.1228070175438596,0.05049985383360874,561,It's not so bad now that we're allowed conjugal visits.
1951,2,3,52,57,1.1228070175438596,0.056363123168042664,561,Another one of your master's brilliant ideas?
1951,1,5,51,57,1.1228070175438596,0.05049985383360874,561,"Ok, when I said if we put our heads together, we could probably figure a way out of these...um this isn't exactly what I meant."
1951,1,5,51,57,1.1228070175438596,0.05049985383360874,561,Do you feel a draft?
1951,1,5,51,57,1.1228070175438596,0.05049985383360874,561,Did you hear? Bob's leaving.
1951,0,7,50,57,1.1228070175438596,0.04385964912280703,561,I told you if we did this they'd draw a cartoon about us!
1951,0,7,50,57,1.1228070175438596,0.04385964912280703,561,"The last time I mentioned where the kibble is, it ended up on WikiLeaks. I’m just sayin’."
1951,2,3,52,57,1.1228070175438596,0.056363123168042664,561,I only have eyes for you.
1951,0,7,50,57,1.1228070175438596,0.04385964912280703,561,Do you know what halitosis means?
1951,0,7,50,57,1.1228070175438596,0.04385964912280703,561,Do you really think Princess can lipread?
1951,0,7,50,57,1.1228070175438596,0.04385964912280703,561,#@doggerheads
1951,1,5,51,57,1.1228070175438596,0.05049985383360874,561,"Quick, I think we're alone."
1951,1,5,51,57,1.1228070175438596,0.05049985383360874,561,I'm not allowed to butt sniff either.
1951,0,7,50,57,1.1228070175438596,0.04385964912280703,561,did you say quid pro quo?
1951,0,7,50,57,1.1228070175438596,0.04385964912280703,561,You too?
1951,0,7,50,57,1.1228070175438596,0.04385964912280703,561,I heard it from the horse's mouth.
1951,2,3,52,57,1.1228070175438596,0.056363123168042664,561,Theirs was a forbidden love...
1951,2,3,52,57,1.1228070175438596,0.056363123168042664,561,It's not like it's a Rubik's cube—just let go of the rope!
1951,2,3,52,57,1.1228070175438596,0.056363123168042664,561,"And I say it's prostate, not prostrate!"
1951,0,7,50,57,1.1228070175438596,0.04385964912280703,561,Come just a little closer.
1951,1,5,51,57,1.1228070175438596,0.05049985383360874,561,What are you looking at?
1951,2,3,52,57,1.1228070175438596,0.056363123168042664,561,A million hits minimum and we get diddly-squat.
1951,1,5,51,57,1.1228070175438596,0.05049985383360874,561,Your nose is warm. Should I worry?
1951,0,7,50,57,1.1228070175438596,0.04385964912280703,561,Everything that happens in the cone of silence stays in the cone of silence.
1951,0,7,50,57,1.1228070175438596,0.04385964912280703,561,It's a dog meet dog world.
1951,0,7,50,57,1.1228070175438596,0.04385964912280703,561,It's important we spend time at this end too!
1951,1,5,51,57,1.1228070175438596,0.05049985383360874,561,Believe me... I so understand. You are preaching to the choir.
1951,1,5,51,57,1.1228070175438596,0.05049985383360874,561,How will we be able to tell when one of us blinks?
1951,1,5,51,57,1.1228070175438596,0.05049985383360874,561,"Okay, you gnaw my leg and I'll gnaw yours."
1951,0,7,50,57,1.1228070175438596,0.04385964912280703,561,Stuck in the middle with you
1951,2,3,52,57,1.1228070175438596,0.056363123168042664,561,At least Yuri can't intercept us now
1951,0,7,50,57,1.1228070175438596,0.04385964912280703,561,I'll lick you if you lick me.
1951,1,5,51,57,1.1228070175438596,0.05049985383360874,561,Humans are monsters.
1951,0,7,50,57,1.1228070175438596,0.04385964912280703,561,"Hi, Beldar, I'm Premack."
1951,1,5,51,57,1.1228070175438596,0.05049985383360874,561,No one will find us now
1951,2,3,52,57,1.1228070175438596,0.056363123168042664,561,tent-a-tent
1951,0,7,50,57,1.1228070175438596,0.04385964912280703,561,Do I have the wrong end?
1951,1,5,51,57,1.1228070175438596,0.05049985383360874,561,The commercial said our snouts should start looking smaller in days
1951,1,5,51,57,1.1228070175438596,0.05049985383360874,561,I guess Trump was serious about the new security measure.
1951,2,3,52,57,1.1228070175438596,0.056363123168042664,561,Phew! Got tired of smelling the other end
1951,1,5,51,57,1.1228070175438596,0.05049985383360874,561,Ther're used to prevent concussions.
1951,1,5,51,57,1.1228070175438596,0.05049985383360874,561,t last! We finally meet face to face.
1951,0,7,50,57,1.1228070175438596,0.04385964912280703,561,"Yeah, and I'll scratch yours. Just like the lawyer in the house says."
1951,0,7,50,57,1.1228070175438596,0.04385964912280703,561,"I thought he said, ""We're moving back to the 'hood'."
1951,1,5,51,57,1.1228070175438596,0.05049985383360874,561,Rin Tin Tinder hookup
1951,2,3,52,57,1.1228070175438596,0.056363123168042664,561,"Yep, they neutered me too. What say we start a consultancy practice together?"
1951,1,5,51,57,1.1228070175438596,0.05049985383360874,561,Ok guy this is how it works. I scratch yours...
1951,0,7,50,57,1.1228070175438596,0.04385964912280703,561,This isn't exactly what I had in mind.
1951,1,5,51,57,1.1228070175438596,0.05049985383360874,561,Watch what you say. I think mine is wiretapped.
1951,1,5,51,57,1.1228070175438596,0.05049985383360874,561,"Houston, we have contact"
1951,2,3,52,57,1.1228070175438596,0.056363123168042664,561,"Vets discovered the cones used after surgery ,were a great help with ""hard of hearing"" dogs."
1951,1,5,51,57,1.1228070175438596,0.05049985383360874,561,My collar was hacked.
1951,1,5,51,57,1.1228070175438596,0.05049985383360874,561,Private conversation
1951,2,3,52,57,1.1228070175438596,0.056363123168042664,561,"But, do we need a Cone of Silence?"
1951,0,7,50,57,1.1228070175438596,0.04385964912280703,561,I told you your doghouse was being tapped.
1951,0,7,50,57,1.1228070175438596,0.04385964912280703,561,No Max! Not the cone of silence!
1951,1,5,51,57,1.1228070175438596,0.05049985383360874,561,My ears? You should see your ears!
1951,1,5,51,57,1.1228070175438596,0.05049985383360874,561,"You lick mine, then I'll lick yours. Deal?"
1951,2,3,52,57,1.1228070175438596,0.056363123168042664,561,Ready to scare some cats?
1951,2,3,52,57,1.1228070175438596,0.056363123168042664,561,"Forgive me, Fido, for I have sinned."
1951,1,5,51,57,1.1228070175438596,0.05049985383360874,561,So THIS is why they call it the cone of shame!
1951,0,7,50,57,1.1228070175438596,0.04385964912280703,561,"I know we've never met, but I feel oddly connected to you."
1951,1,5,51,57,1.1228070175438596,0.05049985383360874,561,I feel like I'm talking into an echo chamber these days
1951,0,7,50,57,1.1228070175438596,0.04385964912280703,561,"Finally, we can eat spaghetti together without it ending up on YouTube..."
1951,1,5,51,57,1.1228070175438596,0.05049985383360874,561,"Scratch my back."" ""No, you scratch my back."
1951,2,3,52,57,1.1228070175438596,0.056363123168042664,561,I'm not ashamed! Are you?
1951,2,3,52,57,1.1228070175438596,0.056363123168042664,561,I don't think this will stop the leak.
1951,2,3,52,57,1.1228070175438596,0.056363123168042664,561,"Small world, isn't it?"
1951,0,7,50,57,1.1228070175438596,0.04385964912280703,561,"Remember, what happens in the cones stays in the cones."
1951,1,5,51,57,1.1228070175438596,0.05049985383360874,561,Your place was wiretapped also?
1951,0,7,50,57,1.1228070175438596,0.04385964912280703,561,This beats smelling our behinds.
1951,2,3,52,57,1.1228070175438596,0.056363123168042664,561,Fox! Fox! Fox! - - Breitbark! Bark! Bark!
1951,2,3,52,57,1.1228070175438596,0.056363123168042664,561,Have we met before? Please turn around so I can identify you.
1951,1,5,51,57,1.1228070175438596,0.05049985383360874,561,This way we cannot be hacked
1951,1,5,51,57,1.1228070175438596,0.05049985383360874,561,Never thought we'd have to employ the cones of silence again
1951,0,7,50,57,1.1228070175438596,0.04385964912280703,561,"Just behind the left ear there, ahh, yes."
1951,1,5,51,57,1.1228070175438596,0.05049985383360874,561,Do you hear the ocean? I don't hear the ocean. They assured me I'd hear the ocean.
1951,0,7,50,57,1.1228070175438596,0.04385964912280703,561,Coneheads! Somebody call SNL!
1951,0,7,50,57,1.1228070175438596,0.04385964912280703,561,"Okay, now that we have some privacy, here's the plan...."
1951,2,3,52,57,1.1228070175438596,0.056363123168042664,561,A kissing dog never bites.
1951,1,5,51,57,1.1228070175438596,0.05049985383360874,561,Are you sure those Russian Wolfhounds can't hear us?
1951,1,5,51,57,1.1228070175438596,0.05049985383360874,561,Better than the other end
1951,1,5,51,57,1.1228070175438596,0.05049985383360874,561,I really like the privacy of these things.
1951,1,5,51,57,1.1228070175438596,0.05049985383360874,561,"These collars work great for giving us privacy to lick each other's faces, but will they also fit around our waists?"
1951,1,5,51,57,1.1228070175438596,0.05049985383360874,561,Woof? Woof.
1951,2,3,52,57,1.1228070175438596,0.056363123168042664,561,"This isn't exactly what that RCA dog was doing, but it probably would have been if they'd had stereo then."
1951,2,3,52,57,1.1228070175438596,0.056363123168042664,561,It's ok to speak freely..they can't hear us..we're under the cone of silence .
1951,1,5,51,57,1.1228070175438596,0.05049985383360874,561,I wish they had these things for butts.
1951,2,3,52,57,1.1228070175438596,0.056363123168042664,561,Bitch.
1951,1,5,51,57,1.1228070175438596,0.05049985383360874,561,"What was that, Chief?"
1951,1,5,51,57,1.1228070175438596,0.05049985383360874,561,"What do we do next, Bannon?"
1951,1,5,51,57,1.1228070175438596,0.05049985383360874,561,I only have eyes for you.
1951,1,5,51,57,1.1228070175438596,0.05049985383360874,561,Some kind of dog virtual reality thing
1951,2,3,52,57,1.1228070175438596,0.056363123168042664,561,"As the trend to repeal civil right continued, ""Don't Ask, Don't Tell"" made a staggering comeback."
1951,1,5,51,57,1.1228070175438596,0.05049985383360874,561,"Alright, here's the plan to steal Butch's food."
1951,1,5,51,57,1.1228070175438596,0.05049985383360874,561,So much for swiping right based on the wrong photo.
1951,2,3,52,57,1.1228070175438596,0.056363123168042664,561,"OK, who barks first?"
1951,0,7,50,57,1.1228070175438596,0.04385964912280703,561,Don't bark so loud.
1951,2,3,52,57,1.1228070175438596,0.056363123168042664,561,"We may be in an ideological echo chamber, but at least we see eye to eye."
1951,1,5,51,57,1.1228070175438596,0.05049985383360874,561,The Chinese Dog Trap
1951,2,3,52,57,1.1228070175438596,0.056363123168042664,561,My tongue's not long enough.
1951,1,5,51,57,1.1228070175438596,0.05049985383360874,561,Cone of shame? They told me it was the cone of silence!
2078,1,4,48,53,1.1132075471698113,0.051539276936327136,561,"Oh, that's good. Just a little bit lower."
2078,1,4,48,53,1.1132075471698113,0.051539276936327136,561,Don't you wish there were Tic-Tacs for dogs?
2078,0,6,47,53,1.1132075471698113,0.043938680706010445,561,It's going down tonight.
2078,1,4,48,53,1.1132075471698113,0.051539276936327136,561,You're still allowed to leak appropriately.
2078,1,4,48,53,1.1132075471698113,0.051539276936327136,561,"Great. We're stuck, Fifi will be home any minute, and I'm already sleeping in the doghouse."
2078,1,4,48,53,1.1132075471698113,0.051539276936327136,561,Nap on two. Break!
2078,2,2,49,53,1.1132075471698113,0.05815484908461297,561,"Yeah, well I'm gonna beat this wrap."
2078,1,4,48,53,1.1132075471698113,0.051539276936327136,561,It's a deal. You first.
2078,0,6,47,53,1.1132075471698113,0.043938680706010445,561,"Thanks to Doggie Dating Service, I found a perfect partner!"
2078,0,6,47,53,1.1132075471698113,0.043938680706010445,561,A French poodle taught me how.
2078,0,6,47,53,1.1132075471698113,0.043938680706010445,561,"So, what are you in here for?"
2078,0,6,47,53,1.1132075471698113,0.043938680706010445,561,These new cone phones are great!
2078,0,6,47,53,1.1132075471698113,0.043938680706010445,561,"Thanks to geometrist, David Hirsch's dogs (Pi and Squircle) the sphericon is born."
2078,0,6,47,53,1.1132075471698113,0.043938680706010445,561,"Yeah, apparently I can't get enough of myself. How about you?"
2078,2,2,49,53,1.1132075471698113,0.05815484908461297,561,We can hid from the vet in here.
2078,0,6,47,53,1.1132075471698113,0.043938680706010445,561,It's a deal ! I'll lick yours and you will lick mine !
2078,0,6,47,53,1.1132075471698113,0.043938680706010445,561,"No, *you* back down, bitch!"
2078,2,2,49,53,1.1132075471698113,0.05815484908461297,561,I could talk to you all night.
2078,1,4,48,53,1.1132075471698113,0.051539276936327136,561,Cheaper than renting a kennel with twice as much privacy
2078,0,6,47,53,1.1132075471698113,0.043938680706010445,561,I'm impressed with this new countersurveillance technology.
2078,1,4,48,53,1.1132075471698113,0.051539276936327136,561,"And if thou bark into the abyss, the abyss will also bark into thee."
2078,1,4,48,53,1.1132075471698113,0.051539276936327136,561,"You chew my back, I'll chew yours."
2078,1,4,48,53,1.1132075471698113,0.051539276936327136,561,I think if you could just relax we could separate....
2078,0,6,47,53,1.1132075471698113,0.043938680706010445,561,"You lick my butt, I'll lick yours. Deal?"
2078,0,6,47,53,1.1132075471698113,0.043938680706010445,561,Do you feel like we're living in an echo chamber?
2078,1,4,48,53,1.1132075471698113,0.051539276936327136,561,"whenever you're near me, i hear a symphony..."
2078,1,4,48,53,1.1132075471698113,0.051539276936327136,561,You lovin' this Elizabethan obedience stuff?
2078,1,4,48,53,1.1132075471698113,0.051539276936327136,561,"You know I would give you one, if I could."
2078,1,4,48,53,1.1132075471698113,0.051539276936327136,561,And I used to think they were being overly dramatic about 'dog breath.'
2078,3,0,50,53,1.1132075471698113,0.06409115287610918,561,I'll lick your balls if you lick mine.
2078,1,4,48,53,1.1132075471698113,0.051539276936327136,561,This is the worst vet's waiting room ever!
2078,1,4,48,53,1.1132075471698113,0.051539276936327136,561,Canine Match.com
2078,1,4,48,53,1.1132075471698113,0.051539276936327136,561,Any good dirt to share?
2078,0,6,47,53,1.1132075471698113,0.043938680706010445,561,Who you calling dog-eared?
2078,0,6,47,53,1.1132075471698113,0.043938680706010445,561,I think we're sniffing the wrong side.
2078,1,4,48,53,1.1132075471698113,0.051539276936327136,561,"And yet they're powerless to keep us from licking at each other, my dear"
2078,1,4,48,53,1.1132075471698113,0.051539276936327136,561,"Staring contest, you and me."
2078,0,6,47,53,1.1132075471698113,0.043938680706010445,561,Let's have lunch. My owner will get back to your owner.
2078,1,4,48,53,1.1132075471698113,0.051539276936327136,561,Chief? Max?
2078,0,6,47,53,1.1132075471698113,0.043938680706010445,561,There must be a better way to avoid wire taps.
2078,1,4,48,53,1.1132075471698113,0.051539276936327136,561,Siamese dogs
2078,0,6,47,53,1.1132075471698113,0.043938680706010445,561,"They can't hear us, so the deal is you lick mine and I'll lick yours."
2078,1,4,48,53,1.1132075471698113,0.051539276936327136,561,Let's stay mum---'til we learn what's missing.
2078,0,6,47,53,1.1132075471698113,0.043938680706010445,561,You lick me and I'll lick you.
2078,0,6,47,53,1.1132075471698113,0.043938680706010445,561,"""not much, how 'bout yourself""?"
2078,2,2,49,53,1.1132075471698113,0.05815484908461297,561,Let's get some ice cream.
2078,1,4,48,53,1.1132075471698113,0.051539276936327136,561,One of us has really bad breath.
2078,0,6,47,53,1.1132075471698113,0.043938680706010445,561,Have you contacted PETA?
2078,1,4,48,53,1.1132075471698113,0.051539276936327136,561,I like meeting in private like this.
2078,1,4,48,53,1.1132075471698113,0.051539276936327136,561,I'm glad you see things my way.
2078,2,2,49,53,1.1132075471698113,0.05815484908461297,561,She said that to your face?!
2078,0,6,47,53,1.1132075471698113,0.043938680706010445,561,Are you hearing an echo too?
2078,0,6,47,53,1.1132075471698113,0.043938680706010445,561,So close and yet so far.
2078,1,4,48,53,1.1132075471698113,0.051539276936327136,561,"Dude! I got mine free, too, with my Smartphone!"
2078,1,4,48,53,1.1132075471698113,0.051539276936327136,561,Let's move to Coney Island!
2078,1,4,48,53,1.1132075471698113,0.051539276936327136,561,Did your French bulldog friend teach you this?
2078,0,6,47,53,1.1132075471698113,0.043938680706010445,561,What is that thing you are wearing? Mine is a lampshade.
2078,1,4,48,53,1.1132075471698113,0.051539276936327136,561,I don't think they'll find us in here.
2078,1,4,48,53,1.1132075471698113,0.051539276936327136,561,"Dear God, there's a terrible echo in here."
2078,1,4,48,53,1.1132075471698113,0.051539276936327136,561,You really think this will go viral?
2078,0,6,47,53,1.1132075471698113,0.043938680706010445,561,"""it's because the microwave is recording my barks"","
2078,1,4,48,53,1.1132075471698113,0.051539276936327136,561,The funnel of lover
2078,0,6,47,53,1.1132075471698113,0.043938680706010445,561,"I'll tell you a secret, but it has to be under the cones of silence."
2078,1,4,48,53,1.1132075471698113,0.051539276936327136,561,I'd love to... but tonight's not the night
2078,1,4,48,53,1.1132075471698113,0.051539276936327136,561,I C U
2078,2,2,49,53,1.1132075471698113,0.05815484908461297,561,I see where you're coming from.
2078,1,4,48,53,1.1132075471698113,0.051539276936327136,561,Coneheads caught solving world's problems.
2078,0,6,47,53,1.1132075471698113,0.043938680706010445,561,Hey cool woofer man!
2078,0,6,47,53,1.1132075471698113,0.043938680706010445,561,"Ahhhh, that's the spot!"
2078,0,6,47,53,1.1132075471698113,0.043938680706010445,561,Don't worry...no one will know what we're doing!
2078,0,6,47,53,1.1132075471698113,0.043938680706010445,561,I'm FBI undercover and you must be CIA Black Ops
2078,1,4,48,53,1.1132075471698113,0.051539276936327136,561,"So, you voted for him, too?"
2078,2,2,49,53,1.1132075471698113,0.05815484908461297,561,"No, you lick me first, then I will lick you."
2078,1,4,48,53,1.1132075471698113,0.051539276936327136,561,They say we're living in an echo chamber.
2078,1,4,48,53,1.1132075471698113,0.051539276936327136,561,Listen. This is strictly off the cuff.
2078,1,4,48,53,1.1132075471698113,0.051539276936327136,561,It's a real dog-eat-dog world out there.
2078,1,4,48,53,1.1132075471698113,0.051539276936327136,561,My operation was a breeze but I'm still suffering from butt-sniffing withdrawal.
2078,0,6,47,53,1.1132075471698113,0.043938680706010445,561,Maybe this will block the silent whistle.
2078,0,6,47,53,1.1132075471698113,0.043938680706010445,561,Can we talk in private?
2078,0,6,47,53,1.1132075471698113,0.043938680706010445,561,That Russian wolfhound down the street has hacked into our system!
2078,1,4,48,53,1.1132075471698113,0.051539276936327136,561,"Max, now that we're in the Cone Of Silence, I have something important to tell you!"
2078,1,4,48,53,1.1132075471698113,0.051539276936327136,561,"Remember, what's discussed in the Cone of Silence, is for our ears only."
2078,1,4,48,53,1.1132075471698113,0.051539276936327136,561,Can you believe this is really part of the training to become a member of the CIA's Canine Unit?
2078,1,4,48,53,1.1132075471698113,0.051539276936327136,561,"- Great idea Toby, now we are stuck. - At least I went for the face first…."
2078,1,4,48,53,1.1132075471698113,0.051539276936327136,561,"Madam, I'm Adam."
2078,1,4,48,53,1.1132075471698113,0.051539276936327136,561,"Yeah, WikiLeaks is a real bitch!"
2078,0,6,47,53,1.1132075471698113,0.043938680706010445,561,Wow you smell good like opossum.
2078,0,6,47,53,1.1132075471698113,0.043938680706010445,561,I heard on Dog News that the Russians and British are scent tapping.
2078,0,6,47,53,1.1132075471698113,0.043938680706010445,561,I never thought it could be like this.
2078,1,4,48,53,1.1132075471698113,0.051539276936327136,561,Need breath.....Need mint.
2078,1,4,48,53,1.1132075471698113,0.051539276936327136,561,We should stop meeting like this.
2078,0,6,47,53,1.1132075471698113,0.043938680706010445,561,They took yours too?
2078,0,6,47,53,1.1132075471698113,0.043938680706010445,561,Dogs in cones are closer than they appear.
2078,0,6,47,53,1.1132075471698113,0.043938680706010445,561,Barf! Dare ya!
2078,0,6,47,53,1.1132075471698113,0.043938680706010445,561,Let them try to wire tap this
2078,1,4,48,53,1.1132075471698113,0.051539276936327136,561,Okay. We're alone now.
2078,2,2,49,53,1.1132075471698113,0.05815484908461297,561,No. Really. This will work! Backing into these cones! Me first...
2078,1,4,48,53,1.1132075471698113,0.051539276936327136,561,Are we a he or a she?
2078,0,6,47,53,1.1132075471698113,0.043938680706010445,561,It's really loud in here.
2078,1,4,48,53,1.1132075471698113,0.051539276936327136,561,Is there an echo in here?
2078,0,6,47,53,1.1132075471698113,0.043938680706010445,561,"On three, I'll check yours, you check mine."
2078,1,4,48,53,1.1132075471698113,0.051539276936327136,561,Do you hear an echo in here?
2078,1,4,48,53,1.1132075471698113,0.051539276936327136,561,You aren't alone...
2078,1,4,48,53,1.1132075471698113,0.051539276936327136,561,Can you hear the ocean?
2078,1,4,48,53,1.1132075471698113,0.051539276936327136,561,You said bone? I thought you said cone!
2078,0,6,47,53,1.1132075471698113,0.043938680706010445,561,You blinked. 2 out of 3?
2078,1,4,48,53,1.1132075471698113,0.051539276936327136,561,"We don't need the Cone of Silence, we're just barking at each other."
2078,2,2,49,53,1.1132075471698113,0.05815484908461297,561,"I know, I can't either. Wait! What if I lick yours and you lick mine?"
2078,1,4,48,53,1.1132075471698113,0.051539276936327136,561,"Ok, count of three. You chew my sore, I'll chew yours."
2078,1,4,48,53,1.1132075471698113,0.051539276936327136,561,We've got quite the cone-ction.
2078,0,6,47,53,1.1132075471698113,0.043938680706010445,561,Hello from the other side. I must have called a thousand times.
2078,0,6,47,53,1.1132075471698113,0.043938680706010445,561,"I don't think this is what I meant when I asked, ""Can we neck?"""
2078,1,4,48,53,1.1132075471698113,0.051539276936327136,561,I DID hear her say leave it...but that stays in the cone of silence.
2078,2,2,49,53,1.1132075471698113,0.05815484908461297,561,"Are you an ""F"", an""M"" or one of the alternative alphabet?"
2078,0,6,47,53,1.1132075471698113,0.043938680706010445,561,And I thought losing my urge was the worst part...
2078,1,4,48,53,1.1132075471698113,0.051539276936327136,561,I was just spayed. And you?
2078,0,6,47,53,1.1132075471698113,0.043938680706010445,561,"Sure, it looks stupid, but better than getting hacked again."
2078,1,4,48,53,1.1132075471698113,0.051539276936327136,561,"Hey, If you will lick me I will lick you."
2078,2,2,49,53,1.1132075471698113,0.05815484908461297,561,I am all ears.
2078,1,4,48,53,1.1132075471698113,0.051539276936327136,561,"Oh alright, you can kiss me, but no tongues."
2078,0,6,47,53,1.1132075471698113,0.043938680706010445,561,How long have you been with the CIA?
2078,0,6,47,53,1.1132075471698113,0.043938680706010445,561,Licking my wounds. What are you in for?
2078,0,6,47,53,1.1132075471698113,0.043938680706010445,561,"Gender identity? No, it's your biological sex that's got me stumped."
2078,0,6,47,53,1.1132075471698113,0.043938680706010445,561,I feel closer to you already.
2078,0,6,47,53,1.1132075471698113,0.043938680706010445,561,Now's a great time to practice our English.
2078,2,2,49,53,1.1132075471698113,0.05815484908461297,561,I'm too old to get Facebark.
2078,2,2,49,53,1.1132075471698113,0.05815484908461297,561,Trust me. This works better than tinfoil.
2078,1,4,48,53,1.1132075471698113,0.051539276936327136,561,"So it's agreed. I lick yours, you lick mine."
2078,1,4,48,53,1.1132075471698113,0.051539276936327136,561,I can't understand you because of the echo.
2078,1,4,48,53,1.1132075471698113,0.051539276936327136,561,Shshsh...here's an idea; I chew on your foot if you chew on mine.
2078,0,6,47,53,1.1132075471698113,0.043938680706010445,561,"It's a silo. No, a bubble."
2078,0,6,47,53,1.1132075471698113,0.043938680706010445,561,So this is what the humans mean when they complain about echo chambers.
2078,2,2,49,53,1.1132075471698113,0.05815484908461297,561,Stupid Vet. Stupid Cones. I got a solution let's lick each others wounds. You stupid sicko. I'm out of here.
2078,0,6,47,53,1.1132075471698113,0.043938680706010445,561,The Pellet with the Poison's in the Vessel with the Pestle.
2078,0,6,47,53,1.1132075471698113,0.043938680706010445,561,"I don't want to look either, Murray. Did the vet leave us anything?"
2078,0,6,47,53,1.1132075471698113,0.043938680706010445,561,The Siberian Husky won't be able hack our communications now.
2078,1,4,48,53,1.1132075471698113,0.051539276936327136,561,Let's make America Great again
2078,0,6,47,53,1.1132075471698113,0.043938680706010445,561,Wanna neck?
2078,0,6,47,53,1.1132075471698113,0.043938680706010445,561,i just think these politically correct greetings are scentless.
2078,1,4,48,53,1.1132075471698113,0.051539276936327136,561,Beats what we used to sniff.
2078,0,6,47,53,1.1132075471698113,0.043938680706010445,561,This won't impasse the smell test.
2078,1,4,48,53,1.1132075471698113,0.051539276936327136,561,Paradigm shift!
2078,1,4,48,53,1.1132075471698113,0.051539276936327136,561,"Rex! Long time, no sniff!"
2078,0,6,47,53,1.1132075471698113,0.043938680706010445,561,So your legs became invisible too?
2078,0,6,47,53,1.1132075471698113,0.043938680706010445,561,We'll always have Paris.
2078,0,6,47,53,1.1132075471698113,0.043938680706010445,561,Kissing used to be easier.
2078,0,6,47,53,1.1132075471698113,0.043938680706010445,561,"You're right, the acoustics are better."
2078,2,2,49,53,1.1132075471698113,0.05815484908461297,561,We should figure out a way to bottle this dog breath.
2078,1,4,48,53,1.1132075471698113,0.051539276936327136,561,Apparently we have the same vet
2078,3,0,50,53,1.1132075471698113,0.06409115287610918,561,I'm sure that we can come up with a great Health Care Plan.
2078,2,2,49,53,1.1132075471698113,0.05815484908461297,561,"Before we start to kiss, I gotta tell you I have a horrible itch on my rear end."
2078,0,6,47,53,1.1132075471698113,0.043938680706010445,561,Are you hearing strange things too?
2078,1,4,48,53,1.1132075471698113,0.051539276936327136,561,"Keep it moving, nothing to see."
2078,2,2,49,53,1.1132075471698113,0.05815484908461297,561,Overrated doesn't begin to describe the concept of magnetic attraction.
2078,0,6,47,53,1.1132075471698113,0.043938680706010445,561,"If you chew on my tail, I'll scratch your ear."
2078,1,4,48,53,1.1132075471698113,0.051539276936327136,561,Detective dogs cone of science
2078,0,6,47,53,1.1132075471698113,0.043938680706010445,561,When this comes off I'm totally sniffing your butt.
2078,0,6,47,53,1.1132075471698113,0.043938680706010445,561,I hope Russia can't hack our cone
2078,2,2,49,53,1.1132075471698113,0.05815484908461297,561,At least it doesn't have to be fed.
2078,0,6,47,53,1.1132075471698113,0.043938680706010445,561,"Well, I say we blame it on the mailman."
2078,0,6,47,53,1.1132075471698113,0.043938680706010445,561,Ha! Joke's on them - they'll never find us in here!
2078,0,6,47,53,1.1132075471698113,0.043938680706010445,561,I told you: no more spaghetti until the stitches come out!
2078,0,6,47,53,1.1132075471698113,0.043938680706010445,561,If you try to itch mine I'll try to itch yours.
2078,0,6,47,53,1.1132075471698113,0.043938680706010445,561,Supposedly it's shameful to share spaghetti.
2078,0,6,47,53,1.1132075471698113,0.043938680706010445,561,Didn't you love that anesthesia?
2078,0,6,47,53,1.1132075471698113,0.043938680706010445,561,Peek-a-boo
2078,0,6,47,53,1.1132075471698113,0.043938680706010445,561,"It's nice to share bones, in our private cones!"
2078,1,4,48,53,1.1132075471698113,0.051539276936327136,561,Who needs E-Harmony and Tinder when folks like us can still meet the old fashioned way?
2078,1,4,48,53,1.1132075471698113,0.051539276936327136,561,I heard this is the only way to avoid a wiretap.
2078,0,6,47,53,1.1132075471698113,0.043938680706010445,561,"There's no way Trump will be President."" ""So true."
2078,0,6,47,53,1.1132075471698113,0.043938680706010445,561,Okay..I'll lick yours if you lick mine. Now how do we deal with the toilet bowl problem.
2078,1,4,48,53,1.1132075471698113,0.051539276936327136,561,"If you see something, say something."
2078,0,6,47,53,1.1132075471698113,0.043938680706010445,561,Can you hear me now?
2078,1,4,48,53,1.1132075471698113,0.051539276936327136,561,I'm sure we can figure this out if we put our cones together.
2078,0,6,47,53,1.1132075471698113,0.043938680706010445,561,I'll chew yours if you chew mine!
2078,0,6,47,53,1.1132075471698113,0.043938680706010445,561,"Yes, we are docking, but it is not exactly what I had in mind."
2078,1,4,48,53,1.1132075471698113,0.051539276936327136,561,Are we wiretap proof yet?
2078,1,4,48,53,1.1132075471698113,0.051539276936327136,561,The fix is in.
2078,1,4,48,53,1.1132075471698113,0.051539276936327136,561,I just can't believe they would do that to me.
2078,0,6,47,53,1.1132075471698113,0.043938680706010445,561,Can we talk?
2078,0,6,47,53,1.1132075471698113,0.043938680706010445,561,Your lips taste like penicillin.
2078,0,6,47,53,1.1132075471698113,0.043938680706010445,561,You're blocking my signal.
2078,0,6,47,53,1.1132075471698113,0.043938680706010445,561,"You were right, your nose is still cold!"
2078,1,4,48,53,1.1132075471698113,0.051539276936327136,561,I feel your shame.
2078,1,4,48,53,1.1132075471698113,0.051539276936327136,561,"Agent 86, do we have to use the cones of silence?"
2078,1,4,48,53,1.1132075471698113,0.051539276936327136,561,It's a deal. You lick my sore and I'll lick yours.
2078,0,6,47,53,1.1132075471698113,0.043938680706010445,561,Can you hear the ocean?
2078,1,4,48,53,1.1132075471698113,0.051539276936327136,561,You do mine. I'll do yours.
2078,1,4,48,53,1.1132075471698113,0.051539276936327136,561,This way they can't read our lips.
2078,2,2,49,53,1.1132075471698113,0.05815484908461297,561,Ready for our doo-et?
2078,0,6,47,53,1.1132075471698113,0.043938680706010445,561,"Hello, Darkness, my old friend."
2078,1,4,48,53,1.1132075471698113,0.051539276936327136,561,Is this what they mean by tunnel vision?
2078,0,6,47,53,1.1132075471698113,0.043938680706010445,561,I've never smelled a butt like this before...
2078,1,4,48,53,1.1132075471698113,0.051539276936327136,561,Is this up close and personal enough for you?
2078,2,2,49,53,1.1132075471698113,0.05815484908461297,561,Is this how we mate?
2078,0,6,47,53,1.1132075471698113,0.043938680706010445,561,Is this the best we could do in our security upgrade?
2078,1,4,48,53,1.1132075471698113,0.051539276936327136,561,Dog Encryption
2078,2,2,49,53,1.1132075471698113,0.05815484908461297,561,"Okay, so here's how we'll get the butter from the counter without the microwave seeing..."
2078,1,4,48,53,1.1132075471698113,0.051539276936327136,561,Are we really in the cone of silence?
2078,1,4,48,53,1.1132075471698113,0.051539276936327136,561,"Finally, we can eat our pasta in peace."
2078,1,4,48,53,1.1132075471698113,0.051539276936327136,561,I miss pee-mail.
2078,0,6,47,53,1.1132075471698113,0.043938680706010445,561,I got the idea from watching Get Smart.
2078,1,4,48,53,1.1132075471698113,0.051539276936327136,561,What do you think about adopting?
2078,2,2,49,53,1.1132075471698113,0.05815484908461297,561,No shame in experimenting with the latest in canine attachment-based therapy.
2078,1,4,48,53,1.1132075471698113,0.051539276936327136,561,Tunnel of Love
2078,1,4,48,53,1.1132075471698113,0.051539276936327136,561,"I hate Daisy's new haircut, but keep that in the cone of silence, okay?"
2078,1,4,48,53,1.1132075471698113,0.051539276936327136,561,I hope the operation worked. I'm tired of being conjoined.
2078,0,6,47,53,1.1132075471698113,0.043938680706010445,561,You let go first.
2078,2,2,49,53,1.1132075471698113,0.05815484908461297,561,"Given the current political climate, I'm glad we can see eye-to-eye for a change."
2078,1,4,48,53,1.1132075471698113,0.051539276936327136,561,"They told me we were going to the park! The cat has been talking about revolution, I'm in."
2078,0,6,47,53,1.1132075471698113,0.043938680706010445,561,"Rex, I think your plan for Canine Facebook needs a bit of tweaking."
2078,1,4,48,53,1.1132075471698113,0.051539276936327136,561,Would you mind repeating that?
2078,0,6,47,53,1.1132075471698113,0.043938680706010445,561,First-time dog whisperers.
2078,0,6,47,53,1.1132075471698113,0.043938680706010445,561,Bite me.
2078,0,6,47,53,1.1132075471698113,0.043938680706010445,561,At least you sired a litter first
2078,0,6,47,53,1.1132075471698113,0.043938680706010445,561,The acoustics are great!
2078,2,2,49,53,1.1132075471698113,0.05815484908461297,561,I say we call a spay a spay.
2078,1,4,48,53,1.1132075471698113,0.051539276936327136,561,"They call this ""insider trading."""
2078,1,4,48,53,1.1132075471698113,0.051539276936327136,561,How about if you lick mine and I lick yours
2078,1,4,48,53,1.1132075471698113,0.051539276936327136,561,You'll have to sniff my nose instead........
2078,1,4,48,53,1.1132075471698113,0.051539276936327136,561,We've got to stop meeting like this. My wife is calling the Vet.
2078,1,4,48,53,1.1132075471698113,0.051539276936327136,561,We'll just tell 'em we travel in our own circles...
2078,1,4,48,53,1.1132075471698113,0.051539276936327136,561,Dogs memorizing for Bark Mitzvah.
2078,1,4,48,53,1.1132075471698113,0.051539276936327136,561,Do you think the microwave can still hear us?
2078,0,6,47,53,1.1132075471698113,0.043938680706010445,561,Just below the ear…down a bit…
2078,1,4,48,53,1.1132075471698113,0.051539276936327136,561,Your tail or mine?
2078,0,6,47,53,1.1132075471698113,0.043938680706010445,561,This is my first ever blind date.
2078,1,4,48,53,1.1132075471698113,0.051539276936327136,561,"Hey, do you think you can scratch behind my ear?"
2078,0,6,47,53,1.1132075471698113,0.043938680706010445,561,Cone with me.
2078,1,4,48,53,1.1132075471698113,0.051539276936327136,561,Doesn't this seem counter-intuitive to YOU?
2078,1,4,48,53,1.1132075471698113,0.051539276936327136,561,"Okay, I turn around and you get to sniff, then we both turn around and I get to sniff."
2078,0,6,47,53,1.1132075471698113,0.043938680706010445,561,Very funny...yes...I can hear you now
2078,1,4,48,53,1.1132075471698113,0.051539276936327136,561,Here's the deal. You chew out the stitches on my leg and I'll chew out the ones on yours.
2078,2,2,49,53,1.1132075471698113,0.05815484908461297,561,It smells like your butt in here
2078,1,4,48,53,1.1132075471698113,0.051539276936327136,561,I'm afraid to look.
2078,1,4,48,53,1.1132075471698113,0.051539276936327136,561,"Honestly, Biggie, part of me doesn’t want to know why."
2078,0,6,47,53,1.1132075471698113,0.043938680706010445,561,I detect an echo.
2078,0,6,47,53,1.1132075471698113,0.043938680706010445,561,Are you looking at ME?
2078,0,6,47,53,1.1132075471698113,0.043938680706010445,561,"Are we well-connected, or what?"
2078,0,6,47,53,1.1132075471698113,0.043938680706010445,561,Are your sure this is how we make America great again?
2078,0,6,47,53,1.1132075471698113,0.043938680706010445,561,"I got a tick, but you need a Tic-Tac."
2078,0,6,47,53,1.1132075471698113,0.043938680706010445,561,"Okay, 99, this is the new Cone of Silence."
2078,1,4,48,53,1.1132075471698113,0.051539276936327136,561,This probably wasn't the best time for a 'Lady and the Tramp' reënactment.
2078,1,4,48,53,1.1132075471698113,0.051539276936327136,561,"That's a deal then, yea? You scratch my leg and I'll scratch yours."
2078,0,6,47,53,1.1132075471698113,0.043938680706010445,561,No worries - It's all in the cone of silence.
2078,0,6,47,53,1.1132075471698113,0.043938680706010445,561,"Ok, now what??"
2078,0,6,47,53,1.1132075471698113,0.043938680706010445,561,Are you listening?
2078,0,6,47,53,1.1132075471698113,0.043938680706010445,561,Can you keep this under your hat?
2078,1,4,48,53,1.1132075471698113,0.051539276936327136,561,Let's keep this quiet. . .
2078,1,4,48,53,1.1132075471698113,0.051539276936327136,561,You have to let me know next time you intend to wear this.
2078,1,4,48,53,1.1132075471698113,0.051539276936327136,561,Smells like Friskies in here.
2078,0,6,47,53,1.1132075471698113,0.043938680706010445,561,"Now that we've done the bark part of this stupid study, why don't we fake the bite part."
2078,2,2,49,53,1.1132075471698113,0.05815484908461297,561,Two words: Breath mint.
2078,0,6,47,53,1.1132075471698113,0.043938680706010445,561,At least no one can read our lips.
2078,1,4,48,53,1.1132075471698113,0.051539276936327136,561,Your breath stinks.
2078,2,2,49,53,1.1132075471698113,0.05815484908461297,561,Did Verizon cut you off too?
2078,0,6,47,53,1.1132075471698113,0.043938680706010445,561,"I know, right? Don't tell the dachshund."
2078,0,6,47,53,1.1132075471698113,0.043938680706010445,561,I wish I could spin my head like Linda Blair.
2078,1,4,48,53,1.1132075471698113,0.051539276936327136,561,Silly me. My owners promised me a cone and I thought they meant ice cream cone. Fool me once....
2078,0,6,47,53,1.1132075471698113,0.043938680706010445,561,Finally putting these awkward items to good use!
2078,0,6,47,53,1.1132075471698113,0.043938680706010445,561,"Dog collar, wiretap—same thing!"
2078,1,4,48,53,1.1132075471698113,0.051539276936327136,561,"I only have eyes for you, too."
2078,2,2,49,53,1.1132075471698113,0.05815484908461297,561,Finally we can eat our spaghetti in private.
2078,1,4,48,53,1.1132075471698113,0.051539276936327136,561,"Okay, Max, what's so important that we need the cones of silence?"
2078,1,4,48,53,1.1132075471698113,0.051539276936327136,561,It could even be the microwave....
2078,0,6,47,53,1.1132075471698113,0.043938680706010445,561,The security system looks primitive
2078,0,6,47,53,1.1132075471698113,0.043938680706010445,561,Have I told you lately that I love you?
2078,2,2,49,53,1.1132075471698113,0.05815484908461297,561,DOGONIT!!
2078,0,6,47,53,1.1132075471698113,0.043938680706010445,561,"If you scratch my nose, I'll scratch yours."
2078,0,6,47,53,1.1132075471698113,0.043938680706010445,561,"Now that we've tricked them into giving us the ""cone of silence,"" we can make our plans."
2078,1,4,48,53,1.1132075471698113,0.051539276936327136,561,Facetime for dogs.
2078,0,6,47,53,1.1132075471698113,0.043938680706010445,561,WHEN I SAID I WOULD MEET YOU IN PRIVATE I DID NOT MEAN THIS!!!!
2078,2,2,49,53,1.1132075471698113,0.05815484908461297,561,"If they're trying to listen, they're barking up the wrong tree."
2078,1,4,48,53,1.1132075471698113,0.051539276936327136,561,"So here's the deal...when there gone, you kick some of the leftovers into this thing, and I'll do the same for you."
2078,1,4,48,53,1.1132075471698113,0.051539276936327136,561,"so, who is your vet?"
2078,0,6,47,53,1.1132075471698113,0.043938680706010445,561,Now that we're alone...
2078,1,4,48,53,1.1132075471698113,0.051539276936327136,561,They should have done this at Trump Tower.
2078,0,6,47,53,1.1132075471698113,0.043938680706010445,561,Our owners don't deserve us.
2078,0,6,47,53,1.1132075471698113,0.043938680706010445,561,Stuck in the lampshade again. You?
2078,0,6,47,53,1.1132075471698113,0.043938680706010445,561,Victoria meets Albert
2078,0,6,47,53,1.1132075471698113,0.043938680706010445,561,"When you said you didn't like public displays of affection, I didn't know this is what you had in mind."
2078,2,2,49,53,1.1132075471698113,0.05815484908461297,561,"You lick my wound, I'll lick yours"
2078,1,4,48,53,1.1132075471698113,0.051539276936327136,561,French kiss in a double cone.
2078,0,6,47,53,1.1132075471698113,0.043938680706010445,561,'First Conetact'
2078,0,6,47,53,1.1132075471698113,0.043938680706010445,561,"What is it, Agent 86?"
2078,0,6,47,53,1.1132075471698113,0.043938680706010445,561,"Okay, here's the plan..."
2078,1,4,48,53,1.1132075471698113,0.051539276936327136,561,I will scratch your nose if you scratch mine.
2078,1,4,48,53,1.1132075471698113,0.051539276936327136,561,"Flynn, that you?"" ""Yes, I think we've established a secure com line now. So as we were saying about sanctions..."
2078,2,2,49,53,1.1132075471698113,0.05815484908461297,561,They can't stop us from licking in here.
2078,1,4,48,53,1.1132075471698113,0.051539276936327136,561,Give me the spaghetti.
2078,1,4,48,53,1.1132075471698113,0.051539276936327136,561,They said 'get a room' but this works I guess...
2078,1,4,48,53,1.1132075471698113,0.051539276936327136,561,Canine Conference Call
2078,1,4,48,53,1.1132075471698113,0.051539276936327136,561,Are you sure nobody can tap us?
2078,1,4,48,53,1.1132075471698113,0.051539276936327136,561,You're all I see.
2078,1,4,48,53,1.1132075471698113,0.051539276936327136,561,"It's just 28 years, Buddy..."
2078,0,6,47,53,1.1132075471698113,0.043938680706010445,561,What must the children think!
2078,1,4,48,53,1.1132075471698113,0.051539276936327136,561,I can't take my eyes off you.
2078,1,4,48,53,1.1132075471698113,0.051539276936327136,561,"I'll lick your ear, you lick mine."
2078,1,4,48,53,1.1132075471698113,0.051539276936327136,561,You may now kiss the bride.
2078,1,4,48,53,1.1132075471698113,0.051539276936327136,561,The shades are drawn-now what?
2078,0,6,47,53,1.1132075471698113,0.043938680706010445,561,We're just not seeing nose to tail on this issue.
2078,0,6,47,53,1.1132075471698113,0.043938680706010445,561,This conversation stays inside the bubble
2078,0,6,47,53,1.1132075471698113,0.043938680706010445,561,Are you sure this is how Nipper got started?
2078,3,0,50,53,1.1132075471698113,0.06409115287610918,561,Rookie surveillance dogs
2078,1,4,48,53,1.1132075471698113,0.051539276936327136,561,Read my lips.
2078,1,4,48,53,1.1132075471698113,0.051539276936327136,561,"Boy, I could REALLY go for a sno-cone."
2078,0,6,47,53,1.1132075471698113,0.043938680706010445,561,I'll lick your wound if you'll lick mine.
2078,0,6,47,53,1.1132075471698113,0.043938680706010445,561,"Boy, Our breath really is bad!"
2078,0,6,47,53,1.1132075471698113,0.043938680706010445,561,"Max, is that you? I can't see a thing."
2078,0,6,47,53,1.1132075471698113,0.043938680706010445,561,Your breath smells familiar.
2078,1,4,48,53,1.1132075471698113,0.051539276936327136,561,"This is fun, but nothing beats licking my butt."
2078,1,4,48,53,1.1132075471698113,0.051539276936327136,561,Tell you what... You scratch my ears and I'll scratch yours.
2078,1,4,48,53,1.1132075471698113,0.051539276936327136,561,Lamp shade disease spreads rampantly in canine population.
2078,1,4,48,53,1.1132075471698113,0.051539276936327136,561,How 'bout a French kiss?
2078,1,4,48,53,1.1132075471698113,0.051539276936327136,561,Cone here often?
2078,0,6,47,53,1.1132075471698113,0.043938680706010445,561,"Hush up, they're listening through our microchips."
2078,2,2,49,53,1.1132075471698113,0.05815484908461297,561,"When I pee I pass ""Wikileaks."""
2078,0,6,47,53,1.1132075471698113,0.043938680706010445,561,"Ummm, whose nose do we follow?"
2078,1,4,48,53,1.1132075471698113,0.051539276936327136,561,"Don't worry, Donald! Even the Brits can't tap into our Cones of Silence!"
2078,0,6,47,53,1.1132075471698113,0.043938680706010445,561,"No, YOU look silly in that thing!"
2078,0,6,47,53,1.1132075471698113,0.043938680706010445,561,"Somehow, the spaghetti thing doesn't seem as cute now."
2399,1,4,49,54,1.1111111111111112,0.050619272401046675,561,Wrong end.
2399,1,4,49,54,1.1111111111111112,0.050619272401046675,561,"Back to sexting?"" ""Yep."
2399,0,6,48,54,1.1111111111111112,0.043168260549211725,561,At last privacy !
2399,2,2,50,54,1.1111111111111112,0.05710624097222739,561,Your cone or mine?
2399,0,6,48,54,1.1111111111111112,0.043168260549211725,561,I'm pretty sure this is a HIPAA violation
2399,1,4,49,54,1.1111111111111112,0.050619272401046675,561,Do you think there's life out there?
2405,1,3,46,50,1.1,0.05150787536377128,561,I need a breath mint? You need a breath mint!
2405,0,5,45,50,1.1,0.04285714285714286,561,"Speak up! At my age, how do you expect me to hear you?"
2405,1,3,46,50,1.1,0.05150787536377128,561,I'll gnaw yours if you'll gnaw mine.
2405,0,5,45,50,1.1,0.04285714285714286,561,"You know, this is great, but your dog-breath is killing me!"
2405,0,5,45,50,1.1,0.04285714285714286,561,Can I interest you in an Altoid?
2405,0,5,45,50,1.1,0.04285714285714286,561,You were right! I can't hear that damn vacuum at all.
2405,0,5,45,50,1.1,0.04285714285714286,561,I bet this was in the fashion issue.
2405,0,5,45,50,1.1,0.04285714285714286,561,Doggy style
2405,1,3,46,50,1.1,0.05150787536377128,561,I will lick yours if you like mine.
2405,0,5,45,50,1.1,0.04285714285714286,561,yeah...you smell different today too...
2405,0,5,45,50,1.1,0.04285714285714286,561,Are we in a Safe Space?
2405,1,3,46,50,1.1,0.05150787536377128,561,This beats end-to-end encryption.
2405,1,3,46,50,1.1,0.05150787536377128,561,"Am I hearing an echo?"" ""--an echo?"
2405,1,3,46,50,1.1,0.05150787536377128,561,"Who knew we would both be reborn as dogs, Chief?"
2405,0,5,45,50,1.1,0.04285714285714286,561,"Hello, Vladimir. I'm Donald."
2405,1,3,46,50,1.1,0.05150787536377128,561,Censorship knows no bounds
2405,1,3,46,50,1.1,0.05150787536377128,561,Faking injury to find love. How ingenious!
2405,1,3,46,50,1.1,0.05150787536377128,561,If we each take one step forward we should be able to extricate ourselves from this mess.
2405,1,3,46,50,1.1,0.05150787536377128,561,Woof! .........woof woof woof woof woof... Now you try.
2405,0,5,45,50,1.1,0.04285714285714286,561,Dog-ing.
2405,1,3,46,50,1.1,0.05150787536377128,561,"Okay, Vladimir, here's the scoop."
2405,1,3,46,50,1.1,0.05150787536377128,561,your breath is disgusting!
2405,0,5,45,50,1.1,0.04285714285714286,561,"We can talk, they can't read our lips."
2405,2,1,47,50,1.1,0.05890150893739515,561,Now that no one's looking ...
2405,0,5,45,50,1.1,0.04285714285714286,561,Chapter 1: He knew it was doomed the moment he met her in the Spay/Neuter Support Group.
2405,0,5,45,50,1.1,0.04285714285714286,561,"No, no surgery, I just have some unappetizing habits."
2405,1,3,46,50,1.1,0.05150787536377128,561,Remind me again what we were trying to do here.
2405,0,5,45,50,1.1,0.04285714285714286,561,You're right. Sniffing this end is better.
2405,0,5,45,50,1.1,0.04285714285714286,561,I'm so glad we had this time together.
2405,1,3,46,50,1.1,0.05150787536377128,561,We can't go on meeting like this!
2405,1,3,46,50,1.1,0.05150787536377128,561,We can beat this! You lick where I'm neutered and I'll lick where you're neutered.
2405,1,3,46,50,1.1,0.05150787536377128,561,I hate the Year of the Dog.
2405,0,5,45,50,1.1,0.04285714285714286,561,Nice to have a safe space.
2405,0,5,45,50,1.1,0.04285714285714286,561,I think the cone of silence is broken Max
2405,2,1,47,50,1.1,0.05890150893739515,561,It's a little dark in here.
2405,1,3,46,50,1.1,0.05150787536377128,561,I knew GMO pet food had a downside.
2405,1,3,46,50,1.1,0.05150787536377128,561,The Canine Cone of Silence.
2405,1,3,46,50,1.1,0.05150787536377128,561,Shame of cone of shame.
2405,1,3,46,50,1.1,0.05150787536377128,561,I said tick not bug.
2405,0,5,45,50,1.1,0.04285714285714286,561,This is the only way to ensure we won't be hacked.
2405,0,5,45,50,1.1,0.04285714285714286,561,Are you positive this is secure?
2405,1,3,46,50,1.1,0.05150787536377128,561,"Why I compulsively lick my nuts, too! Say, we could team up and drive our masters crazy."
2405,1,3,46,50,1.1,0.05150787536377128,561,Better reception in here than the microwave
2405,1,3,46,50,1.1,0.05150787536377128,561,Talking to you is like being in an echo chamber.
2405,0,5,45,50,1.1,0.04285714285714286,561,Don't worry! What two dogs do in the privacy of their own cones is no one else's business.
2405,0,5,45,50,1.1,0.04285714285714286,561,"We're like siamese cats"" ""twins rex, its siamese twins"
2405,1,3,46,50,1.1,0.05150787536377128,561,My owner sucks!
2405,1,3,46,50,1.1,0.05150787536377128,561,Privacy has a price.
2405,1,3,46,50,1.1,0.05150787536377128,561,Let's Kiss and Make-Up!
2405,0,5,45,50,1.1,0.04285714285714286,561,Just deny we ever met- that always works!
2405,0,5,45,50,1.1,0.04285714285714286,561,I`ll lick you wounds if you`ll lick mine!]
2405,1,3,46,50,1.1,0.05150787536377128,561,We really should diversify our news sources.
2405,0,5,45,50,1.1,0.04285714285714286,561,At least we can still kiss.
2405,1,3,46,50,1.1,0.05150787536377128,561,Want to french poodle?
2405,1,3,46,50,1.1,0.05150787536377128,561,There's got to be an easier way to prevent identity theft.
2405,1,3,46,50,1.1,0.05150787536377128,561,We have to wear these cones because he's uncomfortable drawing genitals.
2405,1,3,46,50,1.1,0.05150787536377128,561,They call it the cone of silence.
2405,0,5,45,50,1.1,0.04285714285714286,561,"No, mother, he operated on other parts of my body."
2405,1,3,46,50,1.1,0.05150787536377128,561,"My insurance can unhook us, but we have to try physical therapy first."
2405,1,3,46,50,1.1,0.05150787536377128,561,"I 've been surveilling the cat next door, but keep it in the Cone of Silence, OK?"
2405,1,3,46,50,1.1,0.05150787536377128,561,Maxwell Smart says we may now speak securely.
2405,1,3,46,50,1.1,0.05150787536377128,561,"Trump, believing his dogs have been wired tapped, has them only communicate through the cone of silence."
2405,1,3,46,50,1.1,0.05150787536377128,561,Is this Ryancare or Obamacare?
2405,1,3,46,50,1.1,0.05150787536377128,561,I think we need to get out of our bubble.
2405,0,5,45,50,1.1,0.04285714285714286,561,Lampshades were on sale.
2405,0,5,45,50,1.1,0.04285714285714286,561,How are we going to get the egg rolls out?
2405,0,5,45,50,1.1,0.04285714285714286,561,"Lately, my personal hygiene has been a bitch."
2405,0,5,45,50,1.1,0.04285714285714286,561,What is a nice dog like you doing in a place like this?
2405,1,3,46,50,1.1,0.05150787536377128,561,"Since the election, I've started reading feline literature to get a different perspective."
2405,0,5,45,50,1.1,0.04285714285714286,561,Hee hee! Now they won't know what we're saying!
2405,0,5,45,50,1.1,0.04285714285714286,561,"Chief, this has to stay in the cone of silence."
2405,0,5,45,50,1.1,0.04285714285714286,561,This is more fun than secure encryption
2405,1,3,46,50,1.1,0.05150787536377128,561,Max? Chief?
2405,1,3,46,50,1.1,0.05150787536377128,561,Try putting yours on your butt.
2405,1,3,46,50,1.1,0.05150787536377128,561,It's my turn to lick your butt.
2405,1,3,46,50,1.1,0.05150787536377128,561,Stuck in the middle with you
2405,0,5,45,50,1.1,0.04285714285714286,561,Whoever said your bark's worse than your bite was right!
2405,0,5,45,50,1.1,0.04285714285714286,561,Nothing going on in here...
2405,2,1,47,50,1.1,0.05890150893739515,561,"No. You turn around. [""You"" in italics]"
2405,0,5,45,50,1.1,0.04285714285714286,561,Fox says Bo tapped my dog dish.
2405,1,3,46,50,1.1,0.05150787536377128,561,"No, it's my turn to hide."
2405,1,3,46,50,1.1,0.05150787536377128,561,"Can you believe the latest tweet?"" ""I know right?"
2405,2,1,47,50,1.1,0.05890150893739515,561,Nope. The other side is still smells better.
2405,0,5,45,50,1.1,0.04285714285714286,561,Your breath is worse than your bark!
2405,1,3,46,50,1.1,0.05150787536377128,561,"Then they said, 'There's been a mistake--Moonlight is the actual winner'."
2405,1,3,46,50,1.1,0.05150787536377128,561,What !!! The poodle told u what!
2405,1,3,46,50,1.1,0.05150787536377128,561,I feel your pain.
2405,1,3,46,50,1.1,0.05150787536377128,561,You have pretty eyes.
2405,1,3,46,50,1.1,0.05150787536377128,561,Life's A Bitch
2405,1,3,46,50,1.1,0.05150787536377128,561,Max....! The Cone of Silence never works!
2405,1,3,46,50,1.1,0.05150787536377128,561,Don't let them know we also kiss.
2405,0,5,45,50,1.1,0.04285714285714286,561,"Yes, indeed, your face smells of my behind as well!"
2405,0,5,45,50,1.1,0.04285714285714286,561,Misery loves company.
2405,1,3,46,50,1.1,0.05150787536377128,561,How about you scratch my butt and I'll scratch yours?
2405,1,3,46,50,1.1,0.05150787536377128,561,It's a dog meet dog world.
2405,1,3,46,50,1.1,0.05150787536377128,561,"Lick mine, I'll lick yours."
2405,1,3,46,50,1.1,0.05150787536377128,561,As if there's anything left to chew on!
2405,0,5,45,50,1.1,0.04285714285714286,561,I'll bite your back if you bite mine.
2405,0,5,45,50,1.1,0.04285714285714286,561,The Canine Centipede
2405,0,5,45,50,1.1,0.04285714285714286,561,"See, no PDA."
2405,0,5,45,50,1.1,0.04285714285714286,561,Okay here's the plan. You bite my itch and I'll bite yours.
2405,0,5,45,50,1.1,0.04285714285714286,561,"Ok, I'll scratch your excema and you'll chew my stitches out and vomit them on the carpet."
2405,1,3,46,50,1.1,0.05150787536377128,561,I thought you were going to bring the treats.
2405,0,5,45,50,1.1,0.04285714285714286,561,I think the cone of silence may be more trouble than it is worth.
2405,0,5,45,50,1.1,0.04285714285714286,561,First they cut the testicles and now this?!
2405,1,3,46,50,1.1,0.05150787536377128,561,No Barking.
2405,0,5,45,50,1.1,0.04285714285714286,561,Wait...Did you just lick me?
2405,1,3,46,50,1.1,0.05150787536377128,561,I prefer this over sniffing each other's butt.
2405,1,3,46,50,1.1,0.05150787536377128,561,I suppose this could be worse.
2405,0,5,45,50,1.1,0.04285714285714286,561,"I know. My wife complains about that, too."
2405,0,5,45,50,1.1,0.04285714285714286,561,I thought docking had to do with our tails.
2405,0,5,45,50,1.1,0.04285714285714286,561,"great idea, great idea, I can hear you much better"
2405,1,3,46,50,1.1,0.05150787536377128,561,Peek-a-boo
2405,0,5,45,50,1.1,0.04285714285714286,561,It's none of their business!
2405,1,3,46,50,1.1,0.05150787536377128,561,I heard it on Fox.
2405,0,5,45,50,1.1,0.04285714285714286,561,"I'm not sure of the mange, but you do have bad breath."
2405,1,3,46,50,1.1,0.05150787536377128,561,Stop Pulling!
2405,2,1,47,50,1.1,0.05890150893739515,561,"Man, we gotta get out of this 'echo chamber'!"
2405,0,5,45,50,1.1,0.04285714285714286,561,I'm always the last to know.
2405,0,5,45,50,1.1,0.04285714285714286,561,So here's the plan; I'll scratch your back if you scratch mine.
2405,0,5,45,50,1.1,0.04285714285714286,561,We have to stop meeting like this. My husband is getting suspicious.
2405,0,5,45,50,1.1,0.04285714285714286,561,"Okay fine, I'll tell you. But you can't tell anyone I told you this. Master voted for Trump."
2405,2,1,47,50,1.1,0.05890150893739515,561,So we meet again.
2405,0,5,45,50,1.1,0.04285714285714286,561,Reality bites.
2405,0,5,45,50,1.1,0.04285714285714286,561,"Now it's my turn to report, and your turn to decide."
2405,0,5,45,50,1.1,0.04285714285714286,561,I haven't seen you in a dog's age
2405,1,3,46,50,1.1,0.05150787536377128,561,Woof! My fleas are mating with your fleas. That could be trouble.
2405,0,5,45,50,1.1,0.04285714285714286,561,CAN YOU HEAR ME?
2405,1,3,46,50,1.1,0.05150787536377128,561,"I call this art piece ""The Experience Cone."""
2405,0,5,45,50,1.1,0.04285714285714286,561,Do you think our conversation is being monitored?
2405,0,5,45,50,1.1,0.04285714285714286,561,I don't think the microwave can hear us now.....
2405,1,3,46,50,1.1,0.05150787536377128,561,Just might dampen their unconditional love for humans.
2405,1,3,46,50,1.1,0.05150787536377128,561,Don't blow my cover!
2405,0,5,45,50,1.1,0.04285714285714286,561,You can't be too safe when Snoop Dogg is nearby.
2405,0,5,45,50,1.1,0.04285714285714286,561,"Hello, is there anybody in there"
2405,1,3,46,50,1.1,0.05150787536377128,561,Echo Chamber
2405,0,5,45,50,1.1,0.04285714285714286,561,"Healthcare in America, back to the Elizabethian times."
2405,0,5,45,50,1.1,0.04285714285714286,561,"Funny, we both have tunnel vision."
2405,0,5,45,50,1.1,0.04285714285714286,561,"Come into the room, Watson. Yes, Master, but who turned out the lights?"
2405,1,3,46,50,1.1,0.05150787536377128,561,"First that hydrant, now this."
2405,0,5,45,50,1.1,0.04285714285714286,561,Does this mean they don't like our trash talking?
2405,1,3,46,50,1.1,0.05150787536377128,561,The true cone of silence.
2405,1,3,46,50,1.1,0.05150787536377128,561,"OK, I'll lick your spot if you'll lick mine."
2405,2,1,47,50,1.1,0.05890150893739515,561,Let me get that for you
2405,0,5,45,50,1.1,0.04285714285714286,561,Your breath stinks. Turn around.
2405,0,5,45,50,1.1,0.04285714285714286,561,"Don’t mind that it evokes ""His Master’s Voice"". I hate the irony of nipper"
2405,1,3,46,50,1.1,0.05150787536377128,561,Anything you can't reach I can reach better...
2405,1,3,46,50,1.1,0.05150787536377128,561,"The closer we get the the darker it is. ""Nietzsche?"
2405,2,1,47,50,1.1,0.05890150893739515,561,Big deal you got neutered. I have to listen to the President's phone calls.
2405,1,3,46,50,1.1,0.05150787536377128,561,It's only temporary. Trust me.
2405,1,3,46,50,1.1,0.05150787536377128,561,"Honey Pup, these cones are for a different kind of licking!"
2405,0,5,45,50,1.1,0.04285714285714286,561,Whoda thought? They've finally invented the Canine Cone of Silence! Cool!
2405,0,5,45,50,1.1,0.04285714285714286,561,No. I'm man's best friend.
2405,1,3,46,50,1.1,0.05150787536377128,561,One of us is just going to have to let go of the spaghetti this time darling.
2405,0,5,45,50,1.1,0.04285714285714286,561,Don't bark or we're both goners!
2405,0,5,45,50,1.1,0.04285714285714286,561,"NSA?"" ""No, CIA"
2405,1,3,46,50,1.1,0.05150787536377128,561,"Trump and Pence meeting ...""Ok, we are in private now. Did he really bug you because they have flea baths for that. If you really have fleas. """
2405,1,3,46,50,1.1,0.05150787536377128,561,Am I chewing your ear off?
2405,0,5,45,50,1.1,0.04285714285714286,561,"Yeah, I'm undercover K-9 Corps, too."
2405,1,3,46,50,1.1,0.05150787536377128,561,The Beast With Two Backs
2405,0,5,45,50,1.1,0.04285714285714286,561,Did you turn off the lights?
2405,0,5,45,50,1.1,0.04285714285714286,561,"At last, we are alone..."
2405,0,5,45,50,1.1,0.04285714285714286,561,noise-canceling headcones
2405,0,5,45,50,1.1,0.04285714285714286,561,"No, I'm more ashamed"
2405,1,3,46,50,1.1,0.05150787536377128,561,Do you snore?
2405,0,5,45,50,1.1,0.04285714285714286,561,I'm afraid we're operating in our own echo chamber.
2405,0,5,45,50,1.1,0.04285714285714286,561,"""Do you come here often or is this a one time thing?"
2405,1,3,46,50,1.1,0.05150787536377128,561,"It's not quite 'Hamilton,' but there's something artisanal about it."
2405,1,3,46,50,1.1,0.05150787536377128,561,"Hey..we just invented the first cone of silence!""What???"""
2405,0,5,45,50,1.1,0.04285714285714286,561,"We could, but what's the point?"
2405,0,5,45,50,1.1,0.04285714285714286,561,And the best part is the microwave can't hear us in here.
2405,0,5,45,50,1.1,0.04285714285714286,561,Elizabethan Stalemutt
2405,0,5,45,50,1.1,0.04285714285714286,561,"Presidential Daily Briefing, circa 2017"
2405,0,5,45,50,1.1,0.04285714285714286,561,This is there kind of private conversation.
2405,1,3,46,50,1.1,0.05150787536377128,561,"Lucky used this odd coincidence to privately tell Suzy that she should go to the clinic. After a pause Suzy decided to not crush Lucky and simply replied ""Your a good boy Lucky, I will""."
2405,1,3,46,50,1.1,0.05150787536377128,561,Cone here often?
2405,1,3,46,50,1.1,0.05150787536377128,561,Shhh! I think Obama is spying on us
2405,1,3,46,50,1.1,0.05150787536377128,561,"""Coned at Birth""!"
2405,1,3,46,50,1.1,0.05150787536377128,561,This is the only way our barks can't be hacked!
2405,1,3,46,50,1.1,0.05150787536377128,561,"Bro, on the bright side, two dudes with lampshades on their heads is pretty solid proof we throw a great party."
2405,0,5,45,50,1.1,0.04285714285714286,561,At least we can still excrete.
2405,1,3,46,50,1.1,0.05150787536377128,561,"Looks like we're going to have to put that ""dog eat dog"" thing on hold for a while"
2405,1,3,46,50,1.1,0.05150787536377128,561,"Bless me, Father Terrier, for I have sinned, it's been six weeks since my last postal carrier........"
2405,1,3,46,50,1.1,0.05150787536377128,561,The upside? We can't get hacked in here.
2405,0,5,45,50,1.1,0.04285714285714286,561,"What a relief, to have a private place to meet where we can't be seen or summoned."
2405,1,3,46,50,1.1,0.05150787536377128,561,A Combined Power of Over 250+ Channels
2405,0,5,45,50,1.1,0.04285714285714286,561,"Elizabeth, can wikileaks hear us in the cones of silence?"
2405,0,5,45,50,1.1,0.04285714285714286,561,They can't hear us now.
2405,1,3,46,50,1.1,0.05150787536377128,561,It's not aerodynamic when I'm running!
2405,0,5,45,50,1.1,0.04285714285714286,561,"Just chill. If we can't see them, they can't see us."
2405,0,5,45,50,1.1,0.04285714285714286,561,"I say the hell with it, and let’s call it a draw so we can go home and eat our dinners."
2405,1,3,46,50,1.1,0.05150787536377128,561,Do you think this is what he meant by wiretapped?
2405,0,5,45,50,1.1,0.04285714285714286,561,Don't you just love these new privacy collars.
2405,0,5,45,50,1.1,0.04285714285714286,561,"The code word is"" g-o-o-d-b-o-y."""
2405,0,5,45,50,1.1,0.04285714285714286,561,This should fool the paparazzi.
2405,0,5,45,50,1.1,0.04285714285714286,561,At least we have each other!
2405,0,5,45,50,1.1,0.04285714285714286,561,"1. We've got to stop meeting like this. 2. For once, we see eye to eye."
2405,1,3,46,50,1.1,0.05150787536377128,561,Can You Hear Me Barking Now?
2405,2,1,47,50,1.1,0.05890150893739515,561,This brings a whole new meaning to being a conehead...
2405,1,3,46,50,1.1,0.05150787536377128,561,"Never mind not being able to lick myself. I'd just like to look down there and see what ""getting snipped"" means."
2405,1,3,46,50,1.1,0.05150787536377128,561,Don't bite my tongue!
2405,0,5,45,50,1.1,0.04285714285714286,561,Oh nice. Your breath is even better in here.
2405,0,5,45,50,1.1,0.04285714285714286,561,I love the echo in here.
2405,0,5,45,50,1.1,0.04285714285714286,561,"So, no more ""Heads will roll."""
2405,2,1,47,50,1.1,0.05890150893739515,561,My bite was worse than my bark.
2405,1,3,46,50,1.1,0.05150787536377128,561,Should we adopt?
2405,0,5,45,50,1.1,0.04285714285714286,561,"I know! I itch to tweet fake news too!"""
2405,1,3,46,50,1.1,0.05150787536377128,561,When Dogs Conspire Against Their Owners
2405,1,3,46,50,1.1,0.05150787536377128,561,"""Ok, this stays within the cone""."
2405,0,5,45,50,1.1,0.04285714285714286,561,It'll be the best Modern Love column since Lady and the Tramp.
2405,0,5,45,50,1.1,0.04285714285714286,561,Speak.
2405,0,5,45,50,1.1,0.04285714285714286,561,"Did your ""master"" take you to the vet & cut off your nuts too???"
2405,0,5,45,50,1.1,0.04285714285714286,561,I'm sure this is how the alt-right echo chamber got started.
2405,1,3,46,50,1.1,0.05150787536377128,561,How about a little quid pro quo?
2405,1,3,46,50,1.1,0.05150787536377128,561,no one can hack this tête-à-tête !
2405,0,5,45,50,1.1,0.04285714285714286,561,You chew my wound and I'll chew yours.
2405,0,5,45,50,1.1,0.04285714285714286,561,"Come on, Fang. You know it is Control protocol for issues of this sort to use the Cone of Silence."
2405,0,5,45,50,1.1,0.04285714285714286,561,"Look, we've got to straighten this out pronto before it winds up on YouTube."
2405,0,5,45,50,1.1,0.04285714285714286,561,Deep throat.
2405,1,3,46,50,1.1,0.05150787536377128,561,You lick me and I'll lick you.
2405,1,3,46,50,1.1,0.05150787536377128,561,The Comey Report
2405,0,5,45,50,1.1,0.04285714285714286,561,I think we are ready to do a French kiss in public.
2405,0,5,45,50,1.1,0.04285714285714286,561,And you're sure this is the only way to keep the CIA from listening?
2405,1,3,46,50,1.1,0.05150787536377128,561,Phew.
2405,1,3,46,50,1.1,0.05150787536377128,561,Do you want a breath mint?
2405,0,5,45,50,1.1,0.04285714285714286,561,They've taped our cones.
2405,0,5,45,50,1.1,0.04285714285714286,561,"Uh, arent we sniffing the wrong end?"
2405,1,3,46,50,1.1,0.05150787536377128,561,"Supermans dog Spike uses the ""Cone of Silence""."
2405,1,3,46,50,1.1,0.05150787536377128,561,"Look, to make this work one of us is going to have to turn around."
2405,0,5,45,50,1.1,0.04285714285714286,561,When's dinner?
2405,0,5,45,50,1.1,0.04285714285714286,561,Cone-joined twins
2405,1,3,46,50,1.1,0.05150787536377128,561,I have proof Obama wire tapped Trump Tower!
2405,1,3,46,50,1.1,0.05150787536377128,561,I don't see the problem--the Cone of Silence works just fine.
2405,1,3,46,50,1.1,0.05150787536377128,561,Would you consider using a microwave to spy on me instead?
2405,1,3,46,50,1.1,0.05150787536377128,561,"Hi, are you neuter the area?"
2405,0,5,45,50,1.1,0.04285714285714286,561,The Chinese finger traps were much easier.
2405,0,5,45,50,1.1,0.04285714285714286,561,"I kept nipping the cat, how about you?"
2405,1,3,46,50,1.1,0.05150787536377128,561,Is that you Rex??
2405,0,5,45,50,1.1,0.04285714285714286,561,Do you mind holding this position until until November 2020?
2405,0,5,45,50,1.1,0.04285714285714286,561,"Russian spy dogs briefing each other about the ""wires tapped"" in Trump Tower just before the victory."
2405,1,3,46,50,1.1,0.05150787536377128,561,Whatever IT is I got it too
2405,0,5,45,50,1.1,0.04285714285714286,561,You sure our cones haven't been tapped?
2405,1,3,46,50,1.1,0.05150787536377128,561,"If you tell Kellyanne, Omarosa will have a fit."
2405,0,5,45,50,1.1,0.04285714285714286,561,I think we should explore a threesome.
2405,0,5,45,50,1.1,0.04285714285714286,561,I'm too afraid to look.
2405,0,5,45,50,1.1,0.04285714285714286,561,Doggie style 2.0
2405,1,3,46,50,1.1,0.05150787536377128,561,Pssst! Can you keep a secret?
2405,1,3,46,50,1.1,0.05150787536377128,561,I voted for Donald Trump.
2405,0,5,45,50,1.1,0.04285714285714286,561,Wow! It really does look 3D!
2405,1,3,46,50,1.1,0.05150787536377128,561,Keep what I tell you just between us.
2405,0,5,45,50,1.1,0.04285714285714286,561,Are we engaged?
2405,1,3,46,50,1.1,0.05150787536377128,561,When was the last time you got to lick your balls?
2405,2,1,47,50,1.1,0.05890150893739515,561,Mine's because I keep eating glue. Yours?
2405,0,5,45,50,1.1,0.04285714285714286,561,And how! Way better than sniffing.
2405,0,5,45,50,1.1,0.04285714285714286,561,Hey! Quit licking me.
2405,0,5,45,50,1.1,0.04285714285714286,561,"We'll still have to unhook sometime, you know."
2405,0,5,45,50,1.1,0.04285714285714286,561,cxxoxoxoxoxox
2405,0,5,45,50,1.1,0.04285714285714286,561,I know...but he double dog dared me.
2405,1,3,46,50,1.1,0.05150787536377128,561,Let's get out of our filter bubble and find out what the cats are saying.
2405,1,3,46,50,1.1,0.05150787536377128,561,I'm no longer afraid in the dark.
2405,1,3,46,50,1.1,0.05150787536377128,561,Are you familiar with the concept of 69-ing?
2405,1,3,46,50,1.1,0.05150787536377128,561,See no evil. Speak some evil. Hear all evil.
2405,1,3,46,50,1.1,0.05150787536377128,561,When Toto Met Lassie
2405,1,3,46,50,1.1,0.05150787536377128,561,Get out of my head!
2405,1,3,46,50,1.1,0.05150787536377128,561,It has something to do with p × r2.
2405,1,3,46,50,1.1,0.05150787536377128,561,Can you get this itch for me?
2405,0,5,45,50,1.1,0.04285714285714286,561,Watch your step.
2405,1,3,46,50,1.1,0.05150787536377128,561,That's why a wall won't work either.
2405,0,5,45,50,1.1,0.04285714285714286,561,You've been Vetted too?!!
2405,0,5,45,50,1.1,0.04285714285714286,561,It's okay. We're protected by the cone of silence.
2405,0,5,45,50,1.1,0.04285714285714286,561,A breath mint would help; but this is a refreshing alternative.
2405,0,5,45,50,1.1,0.04285714285714286,561,I told you it wasn't a good idea to Lady and the Tramp that.
2405,1,3,46,50,1.1,0.05150787536377128,561,Wanna chew each other's stitches out?
2405,0,5,45,50,1.1,0.04285714285714286,561,Hello. I'm nobody. Who are you?
2405,1,3,46,50,1.1,0.05150787536377128,561,Another Spicer news conference has gone to the dogs.
2405,1,3,46,50,1.1,0.05150787536377128,561,"Did you just say ""you're nuts""?"
2405,1,3,46,50,1.1,0.05150787536377128,561,I'm seriously considering LASIK.
2405,0,5,45,50,1.1,0.04285714285714286,561,Two heads are better than none.
2405,0,5,45,50,1.1,0.04285714285714286,561,Hey what are you doing in there?
2405,1,3,46,50,1.1,0.05150787536377128,561,My phone was tapped
2405,2,1,47,50,1.1,0.05890150893739515,561,They'll never find us now.
2405,1,3,46,50,1.1,0.05150787536377128,561,so I'll scratch your back if you scratch mine...
2405,0,5,45,50,1.1,0.04285714285714286,561,We really need to find a new couples therapist.
2405,0,5,45,50,1.1,0.04285714285714286,561,"What is done in the cone, stays in the cone."
2405,1,3,46,50,1.1,0.05150787536377128,561,"What I tell you stays here, okay? Cones of silence."
2405,0,5,45,50,1.1,0.04285714285714286,561,You bark first!
2405,1,3,46,50,1.1,0.05150787536377128,561,This way they can't hear us talking about them!
2405,0,5,45,50,1.1,0.04285714285714286,561,Kiss me you fool!
2405,2,1,47,50,1.1,0.05890150893739515,561,"That's right, microwaves can't penetrate these things! Now tell me what you've got on him."
2405,0,5,45,50,1.1,0.04285714285714286,561,Boff and Zeke had invented their own cone of silence.
2405,0,5,45,50,1.1,0.04285714285714286,561,"Quit doing that, I can't breathe."
2405,0,5,45,50,1.1,0.04285714285714286,561,We only need ONE cone of silence!
2405,1,3,46,50,1.1,0.05150787536377128,561,The Act of Puppy-Cupping
2405,1,3,46,50,1.1,0.05150787536377128,561,hey bro
2699,1,3,47,51,1.0980392156862746,0.050525877359706366,561,"Gorilla glue and cones of shame? I tell you, Baby Cakes, conceptual art really sucks..."
2700,1,3,49,53,1.0943396226415094,0.04866990605836638,561,"'I guess we can call this Two Shades of Darker."""
2701,0,4,42,46,1.0869565217391304,0.04200399056866503,561,You're barking up the wrong cone.
2701,0,4,42,46,1.0869565217391304,0.04200399056866503,561,De lampshades hide delight!
2701,0,4,42,46,1.0869565217391304,0.04200399056866503,561,Gee I wasn't sure online dating was for me.
2701,0,4,42,46,1.0869565217391304,0.04200399056866503,561,Oh my! All I was going to do is hide the remote.
2701,1,2,43,46,1.0869565217391304,0.0522543663110723,561,Lick the other side.
2701,0,4,42,46,1.0869565217391304,0.04200399056866503,561,You're kidding! I had a paw infection too!
2701,0,4,42,46,1.0869565217391304,0.04200399056866503,561,"Deep throat! No, deeper!"
2701,0,4,42,46,1.0869565217391304,0.04200399056866503,561,It's about time we got together.
2701,0,4,42,46,1.0869565217391304,0.04200399056866503,561,Get Out
2701,0,4,42,46,1.0869565217391304,0.04200399056866503,561,Get your tail up.
2701,0,4,42,46,1.0869565217391304,0.04200399056866503,561,It is just impossible to smell your butt with this thing.
2701,0,4,42,46,1.0869565217391304,0.04200399056866503,561,I guess we'll have to postpone our 'Lady and the Tramp' reenactment.
2701,1,2,43,46,1.0869565217391304,0.0522543663110723,561,Your breath's not so great either
2701,0,4,42,46,1.0869565217391304,0.04200399056866503,561,What's our plan?
2701,1,2,43,46,1.0869565217391304,0.0522543663110723,561,Speaking of Politics...
2701,1,2,43,46,1.0869565217391304,0.0522543663110723,561,One of us is going to needs to change
2701,1,2,43,46,1.0869565217391304,0.0522543663110723,561,"Okay, you lick off my ointment and I'll gnaw on your bandage."
2701,0,4,42,46,1.0869565217391304,0.04200399056866503,561,I TOLD you that glue worked well.
2701,0,4,42,46,1.0869565217391304,0.04200399056866503,561,I'll sniff yours if you'll sniff mine.
2701,0,4,42,46,1.0869565217391304,0.04200399056866503,561,Spy dogs exchange top secret scents.
2701,1,2,43,46,1.0869565217391304,0.0522543663110723,561,The Canine Cone of Silence.
2701,0,4,42,46,1.0869565217391304,0.04200399056866503,561,Right! You scratch mine and I'll scratch yours!
2701,0,4,42,46,1.0869565217391304,0.04200399056866503,561,I'm with GCHQ.
2701,0,4,42,46,1.0869565217391304,0.04200399056866503,561,Now I see what Timmy means about 'dog breath'
2701,0,4,42,46,1.0869565217391304,0.04200399056866503,561,"Oh yeah, right there, yeah, lick it, lick it, yeah right there lick it."
2701,0,4,42,46,1.0869565217391304,0.04200399056866503,561,Virtual reality for dogs
2701,1,2,43,46,1.0869565217391304,0.0522543663110723,561,Pair of the Dog
2701,0,4,42,46,1.0869565217391304,0.04200399056866503,561,"Ok, now we can talk."
2701,0,4,42,46,1.0869565217391304,0.04200399056866503,561,Listen closely and you can hear the distant echo of the cosmic Big Bark.
2701,0,4,42,46,1.0869565217391304,0.04200399056866503,561,I call this the invisibility cone
2701,0,4,42,46,1.0869565217391304,0.04200399056866503,561,"They may be blindsided, but for sure they are not going to be wire-tapped!"
2701,1,2,43,46,1.0869565217391304,0.0522543663110723,561,Is that on your end or mine?
2701,1,2,43,46,1.0869565217391304,0.0522543663110723,561,I hear you. Can you hear me now?
2701,0,4,42,46,1.0869565217391304,0.04200399056866503,561,"See, we're just a couple of flying heads now! I told you this was fun!"
2701,0,4,42,46,1.0869565217391304,0.04200399056866503,561,"Hey, this worked for Maxwell Smart!"
2701,1,2,43,46,1.0869565217391304,0.0522543663110723,561,Ruff-bark-bark-ruff-bark? (Can you hear me now?)
2701,1,2,43,46,1.0869565217391304,0.0522543663110723,561,Welcome to my personal hygiene support group.
2701,0,4,42,46,1.0869565217391304,0.04200399056866503,561,We need to stop meeting like this.
2701,0,4,42,46,1.0869565217391304,0.04200399056866503,561,The fact that we're talking is genre not cliche.
2701,0,4,42,46,1.0869565217391304,0.04200399056866503,561,Dog-eat-dog rapprochement.
2701,0,4,42,46,1.0869565217391304,0.04200399056866503,561,On three....break!
2701,1,2,43,46,1.0869565217391304,0.0522543663110723,561,"No way. That's your breath, not mine!"
2701,1,2,43,46,1.0869565217391304,0.0522543663110723,561,I thought you were going to tell them we were not siamese poodles!!!
2701,0,4,42,46,1.0869565217391304,0.04200399056866503,561,Woof ?
2701,0,4,42,46,1.0869565217391304,0.04200399056866503,561,Two heads are better than none.
2701,1,2,43,46,1.0869565217391304,0.0522543663110723,561,Oh hello
2701,0,4,42,46,1.0869565217391304,0.04200399056866503,561,"Woof? No, ruff!"
2701,0,4,42,46,1.0869565217391304,0.04200399056866503,561,"They thought the surgery would snip our feelings, but it's only brought us closer."
2701,1,2,43,46,1.0869565217391304,0.0522543663110723,561,Why the cone of silence? They don't speak our language anyway.
2701,1,2,43,46,1.0869565217391304,0.0522543663110723,561,"I'm glad to see you too, but why is your bark suddenly so loud?"
2701,1,2,43,46,1.0869565217391304,0.0522543663110723,561,Your paranoia is getting out of control.
2701,0,4,42,46,1.0869565217391304,0.04200399056866503,561,No one can see our love.
2701,0,4,42,46,1.0869565217391304,0.04200399056866503,561,Welcome to my happy place.
2701,0,4,42,46,1.0869565217391304,0.04200399056866503,561,Hear ye. Hear me.
2701,0,4,42,46,1.0869565217391304,0.04200399056866503,561,On the count of 3 let's conscious uncouple
2701,1,2,43,46,1.0869565217391304,0.0522543663110723,561,His name's R. Bitchminster Fuller. It's called a Geodesic Cone.
2701,0,4,42,46,1.0869565217391304,0.04200399056866503,561,Finally - now we can speak candidly.
2701,0,4,42,46,1.0869565217391304,0.04200399056866503,561,"Rex, if we're going to meet like this you have to stop eating your poo and eat more tic-tacs."
2701,0,4,42,46,1.0869565217391304,0.04200399056866503,561,I kept YOU in the dark?
2701,1,2,43,46,1.0869565217391304,0.0522543663110723,561,You lick mine. . .and I'll look yours.
2701,1,2,43,46,1.0869565217391304,0.0522543663110723,561,Deploying cones of silence
2701,0,4,42,46,1.0869565217391304,0.04200399056866503,561,good to see you Mr. Russian Ambassador.....good to see you Hillary...
2701,0,4,42,46,1.0869565217391304,0.04200399056866503,561,Small world.
2701,0,4,42,46,1.0869565217391304,0.04200399056866503,561,we are two dogs with cones on our heads ha ha
2701,0,4,42,46,1.0869565217391304,0.04200399056866503,561,No one can hear us in the cone of silence.
2701,0,4,42,46,1.0869565217391304,0.04200399056866503,561,Who turned out the lights?
2701,0,4,42,46,1.0869565217391304,0.04200399056866503,561,I thought they'd never leave.
2701,0,4,42,46,1.0869565217391304,0.04200399056866503,561,Okay ... you first.
2701,0,4,42,46,1.0869565217391304,0.04200399056866503,561,Who says we are in an echo chamber?
2701,0,4,42,46,1.0869565217391304,0.04200399056866503,561,I'll lick yours if you'll like mine.
2701,0,4,42,46,1.0869565217391304,0.04200399056866503,561,"It's a joke! Come on, you've never heard of M. C. Escher?"
2701,0,4,42,46,1.0869565217391304,0.04200399056866503,561,Dog Whisperers.
2701,0,4,42,46,1.0869565217391304,0.04200399056866503,561,It's almost like the harder we pull the tighter this thing gets.
2701,0,4,42,46,1.0869565217391304,0.04200399056866503,561,"No, no...you're doing it all wrong."
2701,1,2,43,46,1.0869565217391304,0.0522543663110723,561,We have meeting like this.
2701,0,4,42,46,1.0869565217391304,0.04200399056866503,561,"Finally, Privacy!"
2701,1,2,43,46,1.0869565217391304,0.0522543663110723,561,"My owner said if I didn't use the cone of silence they would ""de-bark"" me."
2701,0,4,42,46,1.0869565217391304,0.04200399056866503,561,"Together we can make our own margaritas, now shake."
2701,0,4,42,46,1.0869565217391304,0.04200399056866503,561,Speak softly. It was the only way I could think of where the NSA can't hear or see us.
2701,1,2,43,46,1.0869565217391304,0.0522543663110723,561,Is that you Shasta?
2701,1,2,43,46,1.0869565217391304,0.0522543663110723,561,"OK, now, you lick mine and I'll lick yours."
2701,0,4,42,46,1.0869565217391304,0.04200399056866503,561,"We're going to need a bigger spaceship, Harry."
2701,0,4,42,46,1.0869565217391304,0.04200399056866503,561,I keep telling you we've got to get out of our bubble.
2701,1,2,43,46,1.0869565217391304,0.0522543663110723,561,Are we related?
2701,0,4,42,46,1.0869565217391304,0.04200399056866503,561,TRUMP IS A LIAR - PASS IT ON !
2701,0,4,42,46,1.0869565217391304,0.04200399056866503,561,"Fifi and Fido, happy as can be, k - i - s - s - i - n - g!"
2701,1,2,43,46,1.0869565217391304,0.0522543663110723,561,This cone of silence will protect us from leaks
2701,0,4,42,46,1.0869565217391304,0.04200399056866503,561,The thing is: my bark is actually worse than my bite.
2701,0,4,42,46,1.0869565217391304,0.04200399056866503,561,I feel like we're growing apart.
2701,0,4,42,46,1.0869565217391304,0.04200399056866503,561,We have to stop meeting this way!
2701,0,4,42,46,1.0869565217391304,0.04200399056866503,561,"""I believe it's pronounced ""ruff"", not ""bark""."
2701,0,4,42,46,1.0869565217391304,0.04200399056866503,561,This will have to do since we can't text.
2701,0,4,42,46,1.0869565217391304,0.04200399056866503,561,Huh. Mine just hump on the bed...
2701,1,2,43,46,1.0869565217391304,0.0522543663110723,561,Wiretapping. Surveillance. Invasion of privacy. This should take care of that.
2701,1,2,43,46,1.0869565217391304,0.0522543663110723,561,"Hey, my butt's back there."
2701,1,2,43,46,1.0869565217391304,0.0522543663110723,561,"You lick mine, I’ll lick yours."
2701,0,4,42,46,1.0869565217391304,0.04200399056866503,561,My master is also a shady dude.
2701,1,2,43,46,1.0869565217391304,0.0522543663110723,561,"Waffle, wafer, or sugar?"
2701,1,2,43,46,1.0869565217391304,0.0522543663110723,561,You first
2701,0,4,42,46,1.0869565217391304,0.04200399056866503,561,It smells of kibbles in here.
2701,0,4,42,46,1.0869565217391304,0.04200399056866503,561,Love at first sniff.
2701,1,2,43,46,1.0869565217391304,0.0522543663110723,561,Just when you think Trump/Pence 2020 can't cut another thing...
2701,0,4,42,46,1.0869565217391304,0.04200399056866503,561,Apparently we have to stop texting.
2701,0,4,42,46,1.0869565217391304,0.04200399056866503,561,I can't say I am not enjoying this.
2701,1,2,43,46,1.0869565217391304,0.0522543663110723,561,"We may not be able to smell each other's butts, but we at least we can still be together."
2701,0,4,42,46,1.0869565217391304,0.04200399056866503,561,another fine mess you got us into!
2701,0,4,42,46,1.0869565217391304,0.04200399056866503,561,Cone of silence activated.
2701,1,2,43,46,1.0869565217391304,0.0522543663110723,561,you scratch my bacK and I'll scratch yours
2701,1,2,43,46,1.0869565217391304,0.0522543663110723,561,Maybe next time.
2701,0,4,42,46,1.0869565217391304,0.04200399056866503,561,THIS SURE LIMITS FOREPLAY.
2701,1,2,43,46,1.0869565217391304,0.0522543663110723,561,"Really? You're Itchy? Well, it's your lucky day, because I'm Scratchy!"
2701,0,4,42,46,1.0869565217391304,0.04200399056866503,561,Détente ??
2701,1,2,43,46,1.0869565217391304,0.0522543663110723,561,I'll lick your backside if you'll lick mine
2701,0,4,42,46,1.0869565217391304,0.04200399056866503,561,I think I like your butt better
2701,1,2,43,46,1.0869565217391304,0.0522543663110723,561,Oh hello
2701,0,4,42,46,1.0869565217391304,0.04200399056866503,561,"In your eyes, I feel no shame."
2701,1,2,43,46,1.0869565217391304,0.0522543663110723,561,"Can you hear me now? Can you hear me now? Dog, Verizon sucks!"
2701,0,4,42,46,1.0869565217391304,0.04200399056866503,561,"Ok, what does my butt smell like?"
2701,0,4,42,46,1.0869565217391304,0.04200399056866503,561,Nothing like dancing cheek to cheek.
2701,1,2,43,46,1.0869565217391304,0.0522543663110723,561,Cone heads unite!
2701,0,4,42,46,1.0869565217391304,0.04200399056866503,561,Dog breath!
2701,0,4,42,46,1.0869565217391304,0.04200399056866503,561,What would Caesar do?
2701,0,4,42,46,1.0869565217391304,0.04200399056866503,561,I'm getting Directv and Hulu. You..?
2701,0,4,42,46,1.0869565217391304,0.04200399056866503,561,"So, tell me one more time - who am I to hack?"
2701,0,4,42,46,1.0869565217391304,0.04200399056866503,561,You insist on doing everything I do.
2701,1,2,43,46,1.0869565217391304,0.0522543663110723,561,"Harry, your tunnel vision is just too limiting."
2701,2,0,44,46,1.0869565217391304,0.06080051293740008,561,Ugh! I thought you said two cones were better than one.
2701,1,2,43,46,1.0869565217391304,0.0522543663110723,561,- What happens in the cone stays in the cone. OR - Impeach? Impeach. We're all in agreement.
2701,1,2,43,46,1.0869565217391304,0.0522543663110723,561,"Nothing personal, but I prefer the tin-can-and-string idea."
2701,0,4,42,46,1.0869565217391304,0.04200399056866503,561,"Forgive me, Fred, for I stole two of your milk bones this past week."
2701,1,2,43,46,1.0869565217391304,0.0522543663110723,561,Stick your tongue out.
2701,0,4,42,46,1.0869565217391304,0.04200399056866503,561,We need to exhale to break the seal
2701,0,4,42,46,1.0869565217391304,0.04200399056866503,561,I'll clean yours if you clean mine.
2701,1,2,43,46,1.0869565217391304,0.0522543663110723,561,"My God, it's full of stars!"
2701,1,2,43,46,1.0869565217391304,0.0522543663110723,561,"After the operation heals, we'll be Siamese twins."
2701,0,4,42,46,1.0869565217391304,0.04200399056866503,561,Go ahead and make my meal
2701,1,2,43,46,1.0869565217391304,0.0522543663110723,561,I just hate it when she says ' come here and put your Elizabethan collar on' like I'm some kind of royalty.
2701,0,4,42,46,1.0869565217391304,0.04200399056866503,561,"Max, you realize you'll be facing every kind of danger imaginable."
2701,1,2,43,46,1.0869565217391304,0.0522543663110723,561,This really is an echo chamber.
2701,1,2,43,46,1.0869565217391304,0.0522543663110723,561,I see you have TrumpCare too
2701,0,4,42,46,1.0869565217391304,0.04200399056866503,561,"I can hear you, can you hear me?"
2701,1,2,43,46,1.0869565217391304,0.0522543663110723,561,Dogs of the Rich and Famous: The Coen Brothers
2701,0,4,42,46,1.0869565217391304,0.04200399056866503,561,Is this the cone of silence?
2701,0,4,42,46,1.0869565217391304,0.04200399056866503,561,"The world? Actually, I don't miss it at all."
2701,1,2,43,46,1.0869565217391304,0.0522543663110723,561,Get real! They're black-and-white. Spot has to be the father.
2701,1,2,43,46,1.0869565217391304,0.0522543663110723,561,Who wore it best?
2701,0,4,42,46,1.0869565217391304,0.04200399056866503,561,The earth's not moving for me. How about you?
2701,1,2,43,46,1.0869565217391304,0.0522543663110723,561,Enough. We're going to step back from our echo chambers. You first.
2701,0,4,42,46,1.0869565217391304,0.04200399056866503,561,"If you lick mine, I'll lick yours"
2701,1,2,43,46,1.0869565217391304,0.0522543663110723,561,See what happens when we cry havoc and let slip the dogs of war?
2701,0,4,42,46,1.0869565217391304,0.04200399056866503,561,"No, Watson, I did not call you."
2701,1,2,43,46,1.0869565217391304,0.0522543663110723,561,If only we were as dumb as ostriches.
2701,1,2,43,46,1.0869565217391304,0.0522543663110723,561,You call this ' the cone of silence '?
2701,0,4,42,46,1.0869565217391304,0.04200399056866503,561,What's up old chap?
2701,1,2,43,46,1.0869565217391304,0.0522543663110723,561,How did you get in here?
2701,0,4,42,46,1.0869565217391304,0.04200399056866503,561,You sure the Russian Wolfhound can't hack this?
2701,0,4,42,46,1.0869565217391304,0.04200399056866503,561,Aren't you the party animal.
2701,1,2,43,46,1.0869565217391304,0.0522543663110723,561,Wanna play tele-cone?
2701,0,4,42,46,1.0869565217391304,0.04200399056866503,561,"Well, at least they can't say we are joined at the hip!"
2701,1,2,43,46,1.0869565217391304,0.0522543663110723,561,It's called the infinite cone of shame.
2701,0,4,42,46,1.0869565217391304,0.04200399056866503,561,So this was their solution to shut us up.
2701,1,2,43,46,1.0869565217391304,0.0522543663110723,561,"...now tell me, if the parsley helped with my breath situation.."
2701,1,2,43,46,1.0869565217391304,0.0522543663110723,561,"OK. Now, tell me what happened."
2701,1,2,43,46,1.0869565217391304,0.0522543663110723,561,I think my owner has been reading my lips.
2701,0,4,42,46,1.0869565217391304,0.04200399056866503,561,"Please, Bella, no barking!"
2701,0,4,42,46,1.0869565217391304,0.04200399056866503,561,It sure smells good in here!
2701,0,4,42,46,1.0869565217391304,0.04200399056866503,561,And they're encrypted for our privacy!
2701,0,4,42,46,1.0869565217391304,0.04200399056866503,561,Stitches? No. My owner is a fan of Victorian Age fashion.
2701,0,4,42,46,1.0869565217391304,0.04200399056866503,561,I look at other dogs and get lick envy.
2701,0,4,42,46,1.0869565217391304,0.04200399056866503,561,They call us the cone brothers - all bark and no bite
2701,0,4,42,46,1.0869565217391304,0.04200399056866503,561,How 'bout I lick yours and you lick...
2701,1,2,43,46,1.0869565217391304,0.0522543663110723,561,"So, we're neutered but still conjoined?"
2701,0,4,42,46,1.0869565217391304,0.04200399056866503,561,"I'll scratch you, you scratch me. Wait a minute, where is your scar again?"
2701,1,2,43,46,1.0869565217391304,0.0522543663110723,561,"Ok, Rex, this is how we do it..., you lick my butt first and then I'll lick yours."
2701,0,4,42,46,1.0869565217391304,0.04200399056866503,561,Heads or tails?
2701,1,2,43,46,1.0869565217391304,0.0522543663110723,561,This is The Voice.
2701,0,4,42,46,1.0869565217391304,0.04200399056866503,561,Your eyes have a beautiful glow in the dark.
2701,1,2,43,46,1.0869565217391304,0.0522543663110723,561,What makes you so sure our phones are tapped?
2701,0,4,42,46,1.0869565217391304,0.04200399056866503,561,No shame in this!
2701,0,4,42,46,1.0869565217391304,0.04200399056866503,561,Can you scratch my left ear with your tongue?
2701,1,2,43,46,1.0869565217391304,0.0522543663110723,561,Psst...you scratch my back and I'll scratch yours
2701,0,4,42,46,1.0869565217391304,0.04200399056866503,561,Wait... You're saying the squirrels can't see us?
2701,1,2,43,46,1.0869565217391304,0.0522543663110723,561,"I'll itch yours, if you itch mine"
2701,1,2,43,46,1.0869565217391304,0.0522543663110723,561,I think this is what they call meeting cute.
2701,0,4,42,46,1.0869565217391304,0.04200399056866503,561,I wonder what it's like outside the bubble.
2701,0,4,42,46,1.0869565217391304,0.04200399056866503,561,Trumpetcare. You?
2701,1,2,43,46,1.0869565217391304,0.0522543663110723,561,Help me find my flashlight and I'll get us out of here.
2701,0,4,42,46,1.0869565217391304,0.04200399056866503,561,Speed dating at the puppy mill
2701,2,0,44,46,1.0869565217391304,0.06080051293740008,561,"If those jerks at the New Yorker keep putting that Chicken ""good news"" pop up on my guys computer then I bet he'll need one of these cones."
2701,1,2,43,46,1.0869565217391304,0.0522543663110723,561,Researchers found that canine political arguments were not far removed from their human counterparts.
2701,0,4,42,46,1.0869565217391304,0.04200399056866503,561,"Okay, on the count of 3, starting licking."
2701,2,0,44,46,1.0869565217391304,0.06080051293740008,561,"In a brief meeting of the minds, the two concluded their perspective was a bit short-sighted."
2701,0,4,42,46,1.0869565217391304,0.04200399056866503,561,You're just not seeing the big picture.
2701,0,4,42,46,1.0869565217391304,0.04200399056866503,561,"Whew, do you have doggy breath. What do you mean ...that's you."
2701,0,4,42,46,1.0869565217391304,0.04200399056866503,561,I woke up with the same pain and this collar right after my owner said N-E-U-T-E-R
2701,0,4,42,46,1.0869565217391304,0.04200399056866503,561,"Rotate the pod, please, Hal."
2701,1,2,43,46,1.0869565217391304,0.0522543663110723,561,CAN YOU HEAR ME?
2701,1,2,43,46,1.0869565217391304,0.0522543663110723,561,wiretap free communication...
2701,1,2,43,46,1.0869565217391304,0.0522543663110723,561,I don't think this is how Madonna puts her's on.
2701,0,4,42,46,1.0869565217391304,0.04200399056866503,561,Come on. Just a little kiss. Who's gonna know?
2701,1,2,43,46,1.0869565217391304,0.0522543663110723,561,The fix is in.
2701,0,4,42,46,1.0869565217391304,0.04200399056866503,561,Can you get your heads in the right direction?
2701,0,4,42,46,1.0869565217391304,0.04200399056866503,561,Now we can finally talk !
2701,0,4,42,46,1.0869565217391304,0.04200399056866503,561,Big Pharma got you too?
2701,1,2,43,46,1.0869565217391304,0.0522543663110723,561,"Hello."" ""Hello."" ""Do you like our hats?"" ""I do not."" ""Goodbye."" ""Goodbye."
2701,0,4,42,46,1.0869565217391304,0.04200399056866503,561,It keeps me from playing fetch every fifteen minutes.
2701,0,4,42,46,1.0869565217391304,0.04200399056866503,561,I think we're 'licked'.
2701,0,4,42,46,1.0869565217391304,0.04200399056866503,561,"Next time, my place."
2701,1,2,43,46,1.0869565217391304,0.0522543663110723,561,"Psst, hey - what're you in for?"
2701,1,2,43,46,1.0869565217391304,0.0522543663110723,561,"Only 26.83 more years of hiding in here, bud"
2701,0,4,42,46,1.0869565217391304,0.04200399056866503,561,That takes care of the lip-readers. Now gimme a kiss!
2701,0,4,42,46,1.0869565217391304,0.04200399056866503,561,Joined by the snip!
2701,1,2,43,46,1.0869565217391304,0.0522543663110723,561,"Great, now our braces are stuck together."
2701,0,4,42,46,1.0869565217391304,0.04200399056866503,561,"Next time, skip the garlic....."
2701,1,2,43,46,1.0869565217391304,0.0522543663110723,561,Pst! A word in your ear.
2701,0,4,42,46,1.0869565217391304,0.04200399056866503,561,"This way, the microwave won't see us."
2701,0,4,42,46,1.0869565217391304,0.04200399056866503,561,"""I don't think we'll find a hydrant under these circumstances""."
2701,0,4,42,46,1.0869565217391304,0.04200399056866503,561,This is SO 'Lady and the Tramp'!
2701,0,4,42,46,1.0869565217391304,0.04200399056866503,561,you're right; it's too dark to read out here too.
2701,0,4,42,46,1.0869565217391304,0.04200399056866503,561,We had to down-size The Cone of Silence after Trump cut our budget.
2701,0,4,42,46,1.0869565217391304,0.04200399056866503,561,Your masters for voice? I thought it was my masters voice.
2701,0,4,42,46,1.0869565217391304,0.04200399056866503,561,"Mrs. Robinson, are you trying to seduce me"
2701,1,2,43,46,1.0869565217391304,0.0522543663110723,561,"I'm Nobody, Who are You?Are you Nobody, too?"
2701,1,2,43,46,1.0869565217391304,0.0522543663110723,561,OK Now we can speak freely
2701,1,2,43,46,1.0869565217391304,0.0522543663110723,561,"I have an idea!"" ""You scratch me and I'll scratch you"
2701,1,2,43,46,1.0869565217391304,0.0522543663110723,561,What's up dog?
2701,0,4,42,46,1.0869565217391304,0.04200399056866503,561,Grrrrrrrrr . . . . rrrrrrrrrG
2701,0,4,42,46,1.0869565217391304,0.04200399056866503,561,A Dog-Breath Fight
2701,1,2,43,46,1.0869565217391304,0.0522543663110723,561,"This is between us, right?"
2701,0,4,42,46,1.0869565217391304,0.04200399056866503,561,"That was some party, hey!"
2701,0,4,42,46,1.0869565217391304,0.04200399056866503,561,They are scoping out a new mouthwash.
2701,0,4,42,46,1.0869565217391304,0.04200399056866503,561,"Yeah, my light went off too."
2701,0,4,42,46,1.0869565217391304,0.04200399056866503,561,Tax? Forget about that. Nobody can see us.
2701,0,4,42,46,1.0869565217391304,0.04200399056866503,561,Deal — I'll bite your leg if you bite mine.
2701,0,4,42,46,1.0869565217391304,0.04200399056866503,561,Have you ever questioned the nature of your reality?
2701,0,4,42,46,1.0869565217391304,0.04200399056866503,561,These cones are better with nuts.
2701,0,4,42,46,1.0869565217391304,0.04200399056866503,561,Kiss me now while no one is watching us.
2701,1,2,43,46,1.0869565217391304,0.0522543663110723,561,"Ahhh, the cones of silence. No heel! roll! shake paws! Sean Spicer!"
2701,1,2,43,46,1.0869565217391304,0.0522543663110723,561,Doggleganger.
2701,2,0,44,46,1.0869565217391304,0.06080051293740008,561,Canine Cone of Silence
2701,0,4,42,46,1.0869565217391304,0.04200399056866503,561,"I always find that your behind smells bad, but face-to-face your breath is worse."
2701,1,2,43,46,1.0869565217391304,0.0522543663110723,561,At least it's not Herpes type 2.
2701,0,4,42,46,1.0869565217391304,0.04200399056866503,561,My owner is hoping to breed light bulbs. Yours too?
2701,0,4,42,46,1.0869565217391304,0.04200399056866503,561,Well this has been a sterile discussion.
2701,0,4,42,46,1.0869565217391304,0.04200399056866503,561,Ground control to Major Canis...
2701,0,4,42,46,1.0869565217391304,0.04200399056866503,561,Eeew! Where in God's name did you put your nose!?
2701,1,2,43,46,1.0869565217391304,0.0522543663110723,561,Perpetuation of Pacifism
2701,1,2,43,46,1.0869565217391304,0.0522543663110723,561,Max? Is the Cone of Silence really necessary?
2701,0,4,42,46,1.0869565217391304,0.04200399056866503,561,Are you sure this VPN is secure?
2701,0,4,42,46,1.0869565217391304,0.04200399056866503,561,This is all I could get for the cone of silence. Sorry about that chief!
2701,0,4,42,46,1.0869565217391304,0.04200399056866503,561,"Okay, you scratch mine and I'll scratch yours, got it?"
2701,0,4,42,46,1.0869565217391304,0.04200399056866503,561,The best way for deaf dogs to communicate.
2701,0,4,42,46,1.0869565217391304,0.04200399056866503,561,I can hear you Max!
2701,1,2,43,46,1.0869565217391304,0.0522543663110723,561,"Growl, growl."" ""Bark, bark, bark."
2701,1,2,43,46,1.0869565217391304,0.0522543663110723,561,I miss Manhattan
2701,0,4,42,46,1.0869565217391304,0.04200399056866503,561,Well we're both fixed now. Let's do this.
2701,1,2,43,46,1.0869565217391304,0.0522543663110723,561,Did you eat my leftover pancakes from lunch?
2701,1,2,43,46,1.0869565217391304,0.0522543663110723,561,"Molly, have you changed pheromones?"
2701,0,4,42,46,1.0869565217391304,0.04200399056866503,561,"Oh, it's YOU, Ranger! I'm sorry I didn't recognize your face."
2701,0,4,42,46,1.0869565217391304,0.04200399056866503,561,We can hide from the news in here.
2701,0,4,42,46,1.0869565217391304,0.04200399056866503,561,So that's why there's only two per support group...
2701,0,4,42,46,1.0869565217391304,0.04200399056866503,561,canine analog communications
2701,0,4,42,46,1.0869565217391304,0.04200399056866503,561,I think we're alone now.
2701,0,4,42,46,1.0869565217391304,0.04200399056866503,561,"Finally, I can hear you!"
2701,0,4,42,46,1.0869565217391304,0.04200399056866503,561,Wouldn't texting be simpler?
2701,0,4,42,46,1.0869565217391304,0.04200399056866503,561,Please cover your cough next time!
2701,0,4,42,46,1.0869565217391304,0.04200399056866503,561,I believe the doghouse has been wiretapped.
2701,1,2,43,46,1.0869565217391304,0.0522543663110723,561,I've got a better idea...
2701,0,4,42,46,1.0869565217391304,0.04200399056866503,561,Not the cone of silence Max.
2701,1,2,43,46,1.0869565217391304,0.0522543663110723,561,"Oh, for Pete's sake!"
2701,0,4,42,46,1.0869565217391304,0.04200399056866503,561,You have to learn to think outside the box.
2701,1,2,43,46,1.0869565217391304,0.0522543663110723,561,"So, when do we get to sniff each other's butts?"
2701,0,4,42,46,1.0869565217391304,0.04200399056866503,561,Your breath is terrible!
2701,0,4,42,46,1.0869565217391304,0.04200399056866503,561,We need to get out of our echo chamber.
2701,1,2,43,46,1.0869565217391304,0.0522543663110723,561,"Okay, phase two of Operation Bacon begins tonight!"
2701,0,4,42,46,1.0869565217391304,0.04200399056866503,561,No need to be conedescending.
2701,0,4,42,46,1.0869565217391304,0.04200399056866503,561,We are in an echo chamber!
2701,1,2,43,46,1.0869565217391304,0.0522543663110723,561,Your tail or mine?
2701,1,2,43,46,1.0869565217391304,0.0522543663110723,561,Talking to you is like being in an echo chamber.
2701,1,2,43,46,1.0869565217391304,0.0522543663110723,561,Isn't kissing in the dark romantic?
2701,0,4,42,46,1.0869565217391304,0.04200399056866503,561,Here's the deal—we provide the cone and you share 50% of all sympathy treats.
2701,1,2,43,46,1.0869565217391304,0.0522543663110723,561,The hounds were flabbergasted to discover their secret communications were not so secret.
2701,1,2,43,46,1.0869565217391304,0.0522543663110723,561,"Now, no one can hear us Donald."
2701,0,4,42,46,1.0869565217391304,0.04200399056866503,561,Next time let's try a threesome.
2701,0,4,42,46,1.0869565217391304,0.04200399056866503,561,Begged my master for privacy and look what I got .
2701,1,2,43,46,1.0869565217391304,0.0522543663110723,561,This just doesn't make scents.
2701,0,4,42,46,1.0869565217391304,0.04200399056866503,561,I think we should start seeing others.
2701,0,4,42,46,1.0869565217391304,0.04200399056866503,561,"Now, I can focus!"
2701,0,4,42,46,1.0869565217391304,0.04200399056866503,561,And to think I almost didn't add that detail in Tinder.
2701,0,4,42,46,1.0869565217391304,0.04200399056866503,561,"Can you hear me?"" ""Yes! Can you hear me?"
2701,1,2,43,46,1.0869565217391304,0.0522543663110723,561,So this doesn't happen with Siamese cats?
2701,0,4,42,46,1.0869565217391304,0.04200399056866503,561,We can't keep meeting like this.
2701,1,2,43,46,1.0869565217391304,0.0522543663110723,561,I have got your back if you have mine
2701,0,4,42,46,1.0869565217391304,0.04200399056866503,561,I can hear them talking about us.
2701,0,4,42,46,1.0869565217391304,0.04200399056866503,561,Well then..... I'll lick yours and you lick mine!
2701,0,4,42,46,1.0869565217391304,0.04200399056866503,561,I don't think we can hide our relationship much longer.
2701,0,4,42,46,1.0869565217391304,0.04200399056866503,561,You have butt-breath. Nice!
2701,0,4,42,46,1.0869565217391304,0.04200399056866503,561,Love the hat!
2701,0,4,42,46,1.0869565217391304,0.04200399056866503,561,ArffrA ArffrA
2701,0,4,42,46,1.0869565217391304,0.04200399056866503,561,Ceci n'est pas une pipe
2701,0,4,42,46,1.0869565217391304,0.04200399056866503,561,Don't struggle - you'll only make it worse.
2701,0,4,42,46,1.0869565217391304,0.04200399056866503,561,This might be more fun if we put our tails together.
2701,0,4,42,46,1.0869565217391304,0.04200399056866503,561,"OK. Now that we're in the ""cone of silence"", you're not going to believe this!"
2701,0,4,42,46,1.0869565217391304,0.04200399056866503,561,Private conversation
3005,0,4,43,47,1.0851063829787233,0.041142194186747603,561,Too forward?
3005,0,4,43,47,1.0851063829787233,0.041142194186747603,561,What kind of veterinarian serves spaghetti as the post-op meal?
3005,1,2,44,47,1.0851063829787233,0.05116394748945358,561,Did you see that new microwave? They're on to us!
3005,2,0,45,47,1.0851063829787233,0.05952158350470087,561,Your breath stinks.
3005,1,2,44,47,1.0851063829787233,0.05116394748945358,561,the cone of shame won this round.
3005,2,0,45,47,1.0851063829787233,0.05952158350470087,561,"After I was neutered, I thought I'd never say these words again - but I think we should lick each other."
3005,0,4,43,47,1.0851063829787233,0.041142194186747603,561,Shhh... Don't let the humans hear us...
3005,0,4,43,47,1.0851063829787233,0.041142194186747603,561,"When she asks if we ate the taffy bar, try and look innocent."
3005,1,2,44,47,1.0851063829787233,0.05116394748945358,561,First solitary confinement. Now this. I've already told them everything I know!
3005,0,4,43,47,1.0851063829787233,0.041142194186747603,561,"If they knew we could talk, they would put us down."
3015,1,2,45,48,1.0833333333333333,0.05011806391880343,561,"Let's do another round of ""Melancholy Baby."""
3016,0,3,39,42,1.0714285714285714,0.04022089331224806,561,Perhaps we can pick up a better signal this way?
3016,0,3,39,42,1.0714285714285714,0.04022089331224806,561,So close yet so far
3016,0,3,39,42,1.0714285714285714,0.04022089331224806,561,We have to find a new meeting place.
3016,1,1,40,42,1.0714285714285714,0.05271774316741633,561,You look better in the dark.
3016,0,3,39,42,1.0714285714285714,0.04022089331224806,561,The light at the end of this tunnel is an oncoming train.
3016,0,3,39,42,1.0714285714285714,0.04022089331224806,561,"Listen, Jake, if you could just declassify the cat's name and location, we could take these cones off and talk naturally."
3016,0,3,39,42,1.0714285714285714,0.04022089331224806,561,Meeting of the Conely Hearts Club
3016,0,3,39,42,1.0714285714285714,0.04022089331224806,561,"""Paw de deux"" as conceived by Doghilev"
3016,1,1,40,42,1.0714285714285714,0.05271774316741633,561,"Yes, I'm sure. They can’t wiretap headphones."
3016,1,1,40,42,1.0714285714285714,0.05271774316741633,561,One of us has to give up being the Alpha Male.
3016,0,3,39,42,1.0714285714285714,0.04022089331224806,561,No shame here.
3016,0,3,39,42,1.0714285714285714,0.04022089331224806,561,Welcome to the REAL world!
3016,0,3,39,42,1.0714285714285714,0.04022089331224806,561,"If you can't lick 'em, might as well join 'em."
3016,0,3,39,42,1.0714285714285714,0.04022089331224806,561,You chew me and I'll chew you.
3016,1,1,40,42,1.0714285714285714,0.05271774316741633,561,Let's see HAL lip-read now.
3016,1,1,40,42,1.0714285714285714,0.05271774316741633,561,You are keeping me in the dark!
3016,0,3,39,42,1.0714285714285714,0.04022089331224806,561,Fleas to meet you
3016,0,3,39,42,1.0714285714285714,0.04022089331224806,561,I'm so happy to talk with a friend about this before resorting to therapy.
3016,1,1,40,42,1.0714285714285714,0.05271774316741633,561,"Privacy, at last."
3016,0,3,39,42,1.0714285714285714,0.04022089331224806,561,"This is supposed to be a private room, dude."
3016,1,1,40,42,1.0714285714285714,0.05271774316741633,561,Wait. Can the microwave still see us?
3016,0,3,39,42,1.0714285714285714,0.04022089331224806,561,A ruff? I like it!
3016,1,1,40,42,1.0714285714285714,0.05271774316741633,561,"Now that we have chewed off each other's bandages, maybe they will take these lampshades off us."
3016,0,3,39,42,1.0714285714285714,0.04022089331224806,561,nose goes.
3016,0,3,39,42,1.0714285714285714,0.04022089331224806,561,Phew! Is that your breath or mine?
3016,0,3,39,42,1.0714285714285714,0.04022089331224806,561,"Now, now, there's no need to shout."
3016,0,3,39,42,1.0714285714285714,0.04022089331224806,561,The password is...
3016,0,3,39,42,1.0714285714285714,0.04022089331224806,561,I'll never call you a cone head again.
3016,1,1,40,42,1.0714285714285714,0.05271774316741633,561,When I said to build a wall to keep out undesirables this is not what I had in mind.
3016,0,3,39,42,1.0714285714285714,0.04022089331224806,561,This is conefusing.
3016,0,3,39,42,1.0714285714285714,0.04022089331224806,561,"We can hear everything -- and without ""wires!"""
3016,0,3,39,42,1.0714285714285714,0.04022089331224806,561,I'm not sure I can do this for four years.
3016,0,3,39,42,1.0714285714285714,0.04022089331224806,561,Would you mind if I'm seeing someone else?
3016,1,1,40,42,1.0714285714285714,0.05271774316741633,561,so I'll scratch your back if you scratch mine...
3016,0,3,39,42,1.0714285714285714,0.04022089331224806,561,This way we can't be tapped by the microwave.
3016,0,3,39,42,1.0714285714285714,0.04022089331224806,561,No. You tell me what you're wearing.
3016,1,1,40,42,1.0714285714285714,0.05271774316741633,561,OK Here's the plan... You lick where mine used to be and I'll do the same for you...
3016,0,3,39,42,1.0714285714285714,0.04022089331224806,561,I think I hear an echo.
3016,0,3,39,42,1.0714285714285714,0.04022089331224806,561,A match made in shame.
3016,1,1,40,42,1.0714285714285714,0.05271774316741633,561,Dog breathalyzer
3016,0,3,39,42,1.0714285714285714,0.04022089331224806,561,"Well, at least we can still kiss."
3016,0,3,39,42,1.0714285714285714,0.04022089331224806,561,Quick. Let us strategize the dog insurrection.
3016,0,3,39,42,1.0714285714285714,0.04022089331224806,561,"No, darling, you're the itch I can never quite scratch."
3016,0,3,39,42,1.0714285714285714,0.04022089331224806,561,Doggie Walkie-Talkies
3016,0,3,39,42,1.0714285714285714,0.04022089331224806,561,Your place or mine?
3016,0,3,39,42,1.0714285714285714,0.04022089331224806,561,Mutterings.
3016,0,3,39,42,1.0714285714285714,0.04022089331224806,561,I think this is the beginning of a beautiful friendship.
3016,0,3,39,42,1.0714285714285714,0.04022089331224806,561,"Don't know about you, but this 'tunnel vision' thing isn't doing much for me..."
3016,0,3,39,42,1.0714285714285714,0.04022089331224806,561,"If we stay like this, maybe the other dogs won't recognize us."
3016,1,1,40,42,1.0714285714285714,0.05271774316741633,561,I thought it'd be better if we did it face-to-face.
3016,1,1,40,42,1.0714285714285714,0.05271774316741633,561,"I'll lick your itch, you lick mine."
3016,0,3,39,42,1.0714285714285714,0.04022089331224806,561,The vet said it would help cure the seven-year itch.
3016,0,3,39,42,1.0714285714285714,0.04022089331224806,561,Find my hot spot.
3016,0,3,39,42,1.0714285714285714,0.04022089331224806,561,Sharing woes of forced abstinence.
3016,0,3,39,42,1.0714285714285714,0.04022089331224806,561,"""We can't go on meeting like this: especially since I can't tell where it is - that I end & you begin""..."
3016,0,3,39,42,1.0714285714285714,0.04022089331224806,561,""" I told you Victor, 'Stereo' !"
3016,0,3,39,42,1.0714285714285714,0.04022089331224806,561,"When we separate no more talking, just do something they expect like try to sniff my butt"
3016,1,1,40,42,1.0714285714285714,0.05271774316741633,561,"Good morning Rush."" ""Good morning Sean."
3016,0,3,39,42,1.0714285714285714,0.04022089331224806,561,Has anyone told you that you have doggie breath?! As if it's a bad thing!
3016,0,3,39,42,1.0714285714285714,0.04022089331224806,561,...'Sup?
3016,0,3,39,42,1.0714285714285714,0.04022089331224806,561,"You chew my stitches, I'll chew yours."
3016,0,3,39,42,1.0714285714285714,0.04022089331224806,561,I can't either.
3016,0,3,39,42,1.0714285714285714,0.04022089331224806,561,Are you sick? Your nose is warm.
3016,0,3,39,42,1.0714285714285714,0.04022089331224806,561,Sniffing butts is better
3016,0,3,39,42,1.0714285714285714,0.04022089331224806,561,Cool! Now we've got our own social media!
3016,0,3,39,42,1.0714285714285714,0.04022089331224806,561,Stereo
3016,0,3,39,42,1.0714285714285714,0.04022089331224806,561,I don't know about you but I'd rather be stuck on the other end
3016,0,3,39,42,1.0714285714285714,0.04022089331224806,561,This way we can't smell our dog farts
3016,1,1,40,42,1.0714285714285714,0.05271774316741633,561,Are we tapped or taped?
3016,0,3,39,42,1.0714285714285714,0.04022089331224806,561,The cats are on the move. Pass it on.
3016,0,3,39,42,1.0714285714285714,0.04022089331224806,561,Hey! Can you scratch my butt?
3016,1,1,40,42,1.0714285714285714,0.05271774316741633,561,Dutch oven dog breath heaven.
3016,0,3,39,42,1.0714285714285714,0.04022089331224806,561,Hmm...strange. My Dog Whisperer cone makes me itch too.
3016,0,3,39,42,1.0714285714285714,0.04022089331224806,561,I know this looks silly but at least the microwave can't hear us.
3016,0,3,39,42,1.0714285714285714,0.04022089331224806,561,With these 'cones of silence' they'll never know we can talk!
3016,1,1,40,42,1.0714285714285714,0.05271774316741633,561,"I'll lick your wounds, then you lick mine!"
3016,0,3,39,42,1.0714285714285714,0.04022089331224806,561,Do you think that they can hear us in here?
3016,1,1,40,42,1.0714285714285714,0.05271774316741633,561,I thought they said 'dog scone'. What about you?
3016,0,3,39,42,1.0714285714285714,0.04022089331224806,561,Do me a favor and bite the flea on my left butt. A little spritz would be nice too.
3016,0,3,39,42,1.0714285714285714,0.04022089331224806,561,Do you think anyone knows we're having an affair?
3016,1,1,40,42,1.0714285714285714,0.05271774316741633,561,"I'm just saying, ""You scratch my back and I'll scratch yours."""
3016,0,3,39,42,1.0714285714285714,0.04022089331224806,561,Miscommunication. I said 'let's play with our bones.'
3016,0,3,39,42,1.0714285714285714,0.04022089331224806,561,"Yes I'm sure it's night, now bite my neck, bite my neck"
3016,0,3,39,42,1.0714285714285714,0.04022089331224806,561,You had me at woof woof.
3016,0,3,39,42,1.0714285714285714,0.04022089331224806,561,Dog-gone-it! There's no Wi-Fi here!
3016,1,1,40,42,1.0714285714285714,0.05271774316741633,561,"Finally, Ruff found a way to tune out the annoying dog whistles."
3016,0,3,39,42,1.0714285714285714,0.04022089331224806,561,"Sorry, we thought you were the bear."
3016,1,1,40,42,1.0714285714285714,0.05271774316741633,561,Let's see them wire-tap this
3016,0,3,39,42,1.0714285714285714,0.04022089331224806,561,They call it the Cone of Ignorance.
3016,1,1,40,42,1.0714285714285714,0.05271774316741633,561,A little higher. . . . A little to the right. . . . Less drool.
3016,0,3,39,42,1.0714285714285714,0.04022089331224806,561,I'll have my vet call your vet.
3016,0,3,39,42,1.0714285714285714,0.04022089331224806,561,My owner is freaked that I can talk.
3016,0,3,39,42,1.0714285714285714,0.04022089331224806,561,Love is blind.
3016,0,3,39,42,1.0714285714285714,0.04022089331224806,561,And who clips your nails?
3016,0,3,39,42,1.0714285714285714,0.04022089331224806,561,The humans shall regret this. We attack at dawn!
3016,1,1,40,42,1.0714285714285714,0.05271774316741633,561,We're not wire tapped are we?
3016,1,1,40,42,1.0714285714285714,0.05271774316741633,561,Hey! Did you see that bitch on the corner?
3016,0,3,39,42,1.0714285714285714,0.04022089331224806,561,Now I can hear you.
3016,1,1,40,42,1.0714285714285714,0.05271774316741633,561,You smell different. Who have you been seeing?
3016,0,3,39,42,1.0714285714285714,0.04022089331224806,561,I'll lick your incision if you lick mine.
3016,0,3,39,42,1.0714285714285714,0.04022089331224806,561,How did we live before Facetime?
3016,1,1,40,42,1.0714285714285714,0.05271774316741633,561,Aren't we shameless?
3016,0,3,39,42,1.0714285714285714,0.04022089331224806,561,Two heads are so much better than one! Two heads are so much better than one!
3016,0,3,39,42,1.0714285714285714,0.04022089331224806,561,"Okay, you lick mine first."
3016,1,1,40,42,1.0714285714285714,0.05271774316741633,561,Your eyes don't match.
3016,0,3,39,42,1.0714285714285714,0.04022089331224806,561,"Since that E-collar singles night, I knew you were the one."
3016,1,1,40,42,1.0714285714285714,0.05271774316741633,561,"I can't lick anything either, but have you seen 'Strangers on a Train'?"
3016,0,3,39,42,1.0714285714285714,0.04022089331224806,561,"When they said my premium would cover it, this is not what I had in mind."
3016,0,3,39,42,1.0714285714285714,0.04022089331224806,561,All I see is you.
3016,0,3,39,42,1.0714285714285714,0.04022089331224806,561,"I know you're worried about wiretapping, but really??????"
3016,0,3,39,42,1.0714285714285714,0.04022089331224806,561,I can't believe you put that on just for me.
3016,0,3,39,42,1.0714285714285714,0.04022089331224806,561,"You lick my wound, I'll lick yours"
3016,0,3,39,42,1.0714285714285714,0.04022089331224806,561,"'Wonder cone power, activate'"
3016,0,3,39,42,1.0714285714285714,0.04022089331224806,561,"It's called 'the cone of silence.' Now do we have a plan? You chew my stitches, then I get yours."
3016,0,3,39,42,1.0714285714285714,0.04022089331224806,561,"This tunnel vision isn""t working."
3016,0,3,39,42,1.0714285714285714,0.04022089331224806,561,Echo...Echo...Echo...
3016,1,1,40,42,1.0714285714285714,0.05271774316741633,561,"Dog-eat-dog, literally!?"
3016,0,3,39,42,1.0714285714285714,0.04022089331224806,561,What do you mean your tail is wiretapped?
3016,0,3,39,42,1.0714285714285714,0.04022089331224806,561,Two heads are not better than one.
3016,0,3,39,42,1.0714285714285714,0.04022089331224806,561,"They can't see us."" ""But I'm not that kind of dog."
3016,0,3,39,42,1.0714285714285714,0.04022089331224806,561,Who's Keeping the secrets now?
3016,0,3,39,42,1.0714285714285714,0.04022089331224806,561,"Thank you for scratching my ears with your nose."" . . . .""Thank you too."
3016,0,3,39,42,1.0714285714285714,0.04022089331224806,561,"So tell me again about this movie, Strangers on a Train?"
3016,1,1,40,42,1.0714285714285714,0.05271774316741633,561,I told you we were wrong for the Push-Me-Pull-You audition.
3016,0,3,39,42,1.0714285714285714,0.04022089331224806,561,And we envisioned a seamless transition...
3016,0,3,39,42,1.0714285714285714,0.04022089331224806,561,We must stop meeting like this!
3016,0,3,39,42,1.0714285714285714,0.04022089331224806,561,I bite your tail and you bite mine--deal?
3016,1,1,40,42,1.0714285714285714,0.05271774316741633,561,You can't see anything without a subscription.
3016,0,3,39,42,1.0714285714285714,0.04022089331224806,561,So that's what it's like inside your bubble
3016,0,3,39,42,1.0714285714285714,0.04022089331224806,561,A stalemate in the stale breath contest.
3016,0,3,39,42,1.0714285714285714,0.04022089331224806,561,You're living in a bubble.
3016,1,1,40,42,1.0714285714285714,0.05271774316741633,561,Now we're fucked.
3016,0,3,39,42,1.0714285714285714,0.04022089331224806,561,Hey! This is my cone of silence!
3016,0,3,39,42,1.0714285714285714,0.04022089331224806,561,Don't you just LOVE blind dates???
3016,0,3,39,42,1.0714285714285714,0.04022089331224806,561,We get REALLY good reception in here.
3016,0,3,39,42,1.0714285714285714,0.04022089331224806,561,Who you?
3016,0,3,39,42,1.0714285714285714,0.04022089331224806,561,You can never be too careful.
3016,0,3,39,42,1.0714285714285714,0.04022089331224806,561,Hey there
3016,0,3,39,42,1.0714285714285714,0.04022089331224806,561,Finally we can have a private conversation.
3016,0,3,39,42,1.0714285714285714,0.04022089331224806,561,"This is the only way we can see each other because mama said you did not have something called a ""pedigree"", whatever that is!"
3016,1,1,40,42,1.0714285714285714,0.05271774316741633,561,Do I even want to know what you were eating before?
3016,0,3,39,42,1.0714285714285714,0.04022089331224806,561,Let us commence with the cone of silence
3016,1,1,40,42,1.0714285714285714,0.05271774316741633,561,"Well I guess it's better than the ""other end"""
3016,1,1,40,42,1.0714285714285714,0.05271774316741633,561,We've got to stop meeting like this. People are going to start getting suspicious.
3016,1,1,40,42,1.0714285714285714,0.05271774316741633,561,Point made! The usual greeting is impossible.
3016,0,3,39,42,1.0714285714285714,0.04022089331224806,561,"No, you go right."
3016,0,3,39,42,1.0714285714285714,0.04022089331224806,561,"I can't see you, but you sure smell nice."
3016,0,3,39,42,1.0714285714285714,0.04022089331224806,561,Two cones are less shameful than one
3016,1,1,40,42,1.0714285714285714,0.05271774316741633,561,They're just a precaution until I get rid of the microwave.
3016,1,1,40,42,1.0714285714285714,0.05271774316741633,561,""" I like meeting like this."" Deda Jacobsen"
3016,0,3,39,42,1.0714285714285714,0.04022089331224806,561,Does your dog collar get Wi-Fi?
3016,1,1,40,42,1.0714285714285714,0.05271774316741633,561,"baby, let's make a sputnik!"
3016,0,3,39,42,1.0714285714285714,0.04022089331224806,561,"Max, must we use ""The Cone of Silence???? Sorry about that, Chief!"
3016,0,3,39,42,1.0714285714285714,0.04022089331224806,561,No chance we'll be heard in here
3016,0,3,39,42,1.0714285714285714,0.04022089331224806,561,"You know, Chief, I think I preferred the old Cone of Silence."
3016,1,1,40,42,1.0714285714285714,0.05271774316741633,561,Their love has no shame
3016,1,1,40,42,1.0714285714285714,0.05271774316741633,561,Ostentatious and impractical - plus he barely gets any natural light in there.
3016,0,3,39,42,1.0714285714285714,0.04022089331224806,561,This relationship isn't going anywhere.
3016,0,3,39,42,1.0714285714285714,0.04022089331224806,561,"This can't be right, I'm still itchy."
3016,0,3,39,42,1.0714285714285714,0.04022089331224806,561,My bitch insists I stop seeing you.
3016,0,3,39,42,1.0714285714285714,0.04022089331224806,561,Introducing ephemeral communications for your pets
3016,0,3,39,42,1.0714285714285714,0.04022089331224806,561,"When we meet like this, Rufus, the rest of the world seems to vanish."
3016,0,3,39,42,1.0714285714285714,0.04022089331224806,561,Is this the cone of silence?
3016,0,3,39,42,1.0714285714285714,0.04022089331224806,561,This makes eating spaghetti a lot harder.
3016,0,3,39,42,1.0714285714285714,0.04022089331224806,561,Tongue Tied
3016,1,1,40,42,1.0714285714285714,0.05271774316741633,561,"Yeah, you're right. I should see the other guy."
3016,0,3,39,42,1.0714285714285714,0.04022089331224806,561,Just between me and thee
3016,0,3,39,42,1.0714285714285714,0.04022089331224806,561,Wow-Wow! That feels good!
3016,1,1,40,42,1.0714285714285714,0.05271774316741633,561,Thus Spake Canid Frusta
3016,0,3,39,42,1.0714285714285714,0.04022089331224806,561,You have a boner too?
3016,0,3,39,42,1.0714285714285714,0.04022089331224806,561,"At the sound of Velcro, unleash hell."
3016,0,3,39,42,1.0714285714285714,0.04022089331224806,561,You think YOU have problems?
3016,0,3,39,42,1.0714285714285714,0.04022089331224806,561,Why do you think we've been tapped?
3016,1,1,40,42,1.0714285714285714,0.05271774316741633,561,"I think I love you. love you, love you."
3016,0,3,39,42,1.0714285714285714,0.04022089331224806,561,They should do this with the matador and the bull.
3016,1,1,40,42,1.0714285714285714,0.05271774316741633,561,This way we'll avoid the 'wire taps'.
3016,1,1,40,42,1.0714285714285714,0.05271774316741633,561,You're heeling quite nicely.
3016,0,3,39,42,1.0714285714285714,0.04022089331224806,561,Strange coupling!
3016,0,3,39,42,1.0714285714285714,0.04022089331224806,561,I suppose sniffing is out.
3016,0,3,39,42,1.0714285714285714,0.04022089331224806,561,7 minutes in the cones
3016,0,3,39,42,1.0714285714285714,0.04022089331224806,561,Times are really dark.
3016,0,3,39,42,1.0714285714285714,0.04022089331224806,561,"This puts a whole new meaning on the ""cone of shame""!"
3016,0,3,39,42,1.0714285714285714,0.04022089331224806,561,"If this is also shameful, I don't want to be right"
3016,1,1,40,42,1.0714285714285714,0.05271774316741633,561,Nice collar.
3016,0,3,39,42,1.0714285714285714,0.04022089331224806,561,How to achieve text free dating
3016,0,3,39,42,1.0714285714285714,0.04022089331224806,561,I guess bitches really DO get stitches.
3016,1,1,40,42,1.0714285714285714,0.05271774316741633,561,The Human Genius: does it help or hinder?
3016,0,3,39,42,1.0714285714285714,0.04022089331224806,561,Because I just found out our phones were tapped -- by the president!
3016,0,3,39,42,1.0714285714285714,0.04022089331224806,561,This is way better than sniffing butts.
3016,0,3,39,42,1.0714285714285714,0.04022089331224806,561,"So, you think you're the life of the party too."
3016,0,3,39,42,1.0714285714285714,0.04022089331224806,561,Cones of silence
3016,0,3,39,42,1.0714285714285714,0.04022089331224806,561,Love how your bark reverberates me to my bones!
3016,0,3,39,42,1.0714285714285714,0.04022089331224806,561,"Okay, Brarg, you can get in the hole too - dont be a cave baby."
3016,0,3,39,42,1.0714285714285714,0.04022089331224806,561,We've BOTH been excessively vetted.
3016,0,3,39,42,1.0714285714285714,0.04022089331224806,561,Obama and the Russians can't wiretap us in here.
3016,1,1,40,42,1.0714285714285714,0.05271774316741633,561,I can see your uvula. Can you see mine ?
3016,0,3,39,42,1.0714285714285714,0.04022089331224806,561,You need breath mints!
3016,0,3,39,42,1.0714285714285714,0.04022089331224806,561,"Babe, these privacy cones are great!"
3016,0,3,39,42,1.0714285714285714,0.04022089331224806,561,"Rolfy, what lovely blue eyes you have!"
3016,0,3,39,42,1.0714285714285714,0.04022089331224806,561,He obviously hasn't discovered tinder yet.
3016,0,3,39,42,1.0714285714285714,0.04022089331224806,561,We have to stop meeting this way!
3016,0,3,39,42,1.0714285714285714,0.04022089331224806,561,"You understand, of course, that this is just between you and me."
3016,0,3,39,42,1.0714285714285714,0.04022089331224806,561,"Trump-Bannon surrogates testing latest WH anti ""wire tap"" technology"
3016,0,3,39,42,1.0714285714285714,0.04022089331224806,561,"When Eskimos touch noses, do they get pregnant?"
3016,0,3,39,42,1.0714285714285714,0.04022089331224806,561,My human thinks it's a good look on me. What about yours?
3016,0,3,39,42,1.0714285714285714,0.04022089331224806,561,What's the secret code for getting this thing off?
3016,0,3,39,42,1.0714285714285714,0.04022089331224806,561,you turn your head clockwise and I turn my head counterclockwise and we will get out of this stupid thing
3016,0,3,39,42,1.0714285714285714,0.04022089331224806,561,Let's pretend we're flying in a space capsule while we're waiting for help to arrive.
3016,1,1,40,42,1.0714285714285714,0.05271774316741633,561,"Dog to dog... I think they're feeding us shit, bullshit..."
3016,0,3,39,42,1.0714285714285714,0.04022089331224806,561,"Testing, grrr, grrr, woof, woof, testing."
3016,0,3,39,42,1.0714285714285714,0.04022089331224806,561,and don't tell the dogs in the street...
3016,0,3,39,42,1.0714285714285714,0.04022089331224806,561,New mouthwash?
3016,0,3,39,42,1.0714285714285714,0.04022089331224806,561,"If you ask me, your bite is now worse than your bark."
3016,0,3,39,42,1.0714285714285714,0.04022089331224806,561,"Someone's got this sniffing thing backwards, and it ain't my pee, dogface!"
3016,0,3,39,42,1.0714285714285714,0.04022089331224806,561,"Yah, it's a itch . . ."
3016,0,3,39,42,1.0714285714285714,0.04022089331224806,561,This an awkward blind date
3016,0,3,39,42,1.0714285714285714,0.04022089331224806,561,'Told you there was a way to outsmart paparazzi. '
3016,0,3,39,42,1.0714285714285714,0.04022089331224806,561,I think this is even better than Maxwell Smart's 'Cone of Slience'.
3016,0,3,39,42,1.0714285714285714,0.04022089331224806,561,Have you considered a dog breath spray?
3016,1,1,40,42,1.0714285714285714,0.05271774316741633,561,Frankly I don't know what I would do without this conehead support group.
3016,0,3,39,42,1.0714285714285714,0.04022089331224806,561,The phones are bugged.
3016,0,3,39,42,1.0714285714285714,0.04022089331224806,561,This has to be the next best thing to scratching
3016,0,3,39,42,1.0714285714285714,0.04022089331224806,561,I like it with the lights off.
3016,0,3,39,42,1.0714285714285714,0.04022089331224806,561,Here you can see a standoff
3016,1,1,40,42,1.0714285714285714,0.05271774316741633,561,It's not to late if we hurry!
3016,1,1,40,42,1.0714285714285714,0.05271774316741633,561,"I miss it, too ... not nearly as informative as our normal sniff greeting."
3016,0,3,39,42,1.0714285714285714,0.04022089331224806,561,We both perfectly know who elected us and what they want.
3016,0,3,39,42,1.0714285714285714,0.04022089331224806,561,"Doggie dating site, coneofshame.com: 2nd date"
3016,0,3,39,42,1.0714285714285714,0.04022089331224806,561,Let's scratch that itch.
3016,0,3,39,42,1.0714285714285714,0.04022089331224806,561,Health care is a joint effort.
3016,0,3,39,42,1.0714285714285714,0.04022089331224806,561,I'll have yours call mine.
3016,0,3,39,42,1.0714285714285714,0.04022089331224806,561,This VR feels so real.
3016,0,3,39,42,1.0714285714285714,0.04022089331224806,561,What echo chamber?
3016,0,3,39,42,1.0714285714285714,0.04022089331224806,561,Your breath smells like cat.
3016,1,1,40,42,1.0714285714285714,0.05271774316741633,561,Thanks for meeting me like this. It's the only way Obama can't listen in on our conversation.
3016,0,3,39,42,1.0714285714285714,0.04022089331224806,561,It keeps the Borzoi from listening.
3016,0,3,39,42,1.0714285714285714,0.04022089331224806,561,I'll have my people talk to your people.
3016,0,3,39,42,1.0714285714285714,0.04022089331224806,561,"Listen, do you hear it? It's the wail of democracy!"
3016,1,1,40,42,1.0714285714285714,0.05271774316741633,561,Mastering mutual deterrence!
3016,0,3,39,42,1.0714285714285714,0.04022089331224806,561,Stop the 'fake news'!
3016,0,3,39,42,1.0714285714285714,0.04022089331224806,561,This isn't what I had in mind when I suggested a face-to-face meeting.
3016,1,1,40,42,1.0714285714285714,0.05271774316741633,561,The Revolution will begin at Midnight...pass it on.
3016,0,3,39,42,1.0714285714285714,0.04022089331224806,561,Get out of my tunnel.
3016,0,3,39,42,1.0714285714285714,0.04022089331224806,561,"Yes, it's an echo chamber, but it is our echo chamber ."
3016,0,3,39,42,1.0714285714285714,0.04022089331224806,561,That thing about milk bones improving your breath? Not true.
3016,0,3,39,42,1.0714285714285714,0.04022089331224806,561,Not sure if we've met.
3016,0,3,39,42,1.0714285714285714,0.04022089331224806,561,I flea for you.
3016,1,1,40,42,1.0714285714285714,0.05271774316741633,561,Who needs a microwave?
3016,0,3,39,42,1.0714285714285714,0.04022089331224806,561,"Okay, it's a deal - I'll lick yours and you'll lick mine."
3016,0,3,39,42,1.0714285714285714,0.04022089331224806,561,"Beautiful, believe me, really fantastic, amazing, he can't tap this!"
3016,0,3,39,42,1.0714285714285714,0.04022089331224806,561,"Starck designed the living space, but Scrappy and I came up with the kitchen design ourselves."
3016,0,3,39,42,1.0714285714285714,0.04022089331224806,561,"Max, you know how much I hate the cone of silence."
3016,0,3,39,42,1.0714285714285714,0.04022089331224806,561,"Wow, I never knew before what they meant by doggie breath!"
3016,0,3,39,42,1.0714285714285714,0.04022089331224806,561,"I'm on the grass-free diet, how about you?"
3016,0,3,39,42,1.0714285714285714,0.04022089331224806,561,I won't say anything if you don't
3016,0,3,39,42,1.0714285714285714,0.04022089331224806,561,How exactly will this make us more mindful?
3016,0,3,39,42,1.0714285714285714,0.04022089331224806,561,I don't care what its for - its just a socialist conspiracy to take away our freedoms.
3016,0,3,39,42,1.0714285714285714,0.04022089331224806,561,"Okay, here's the plan..."
3016,1,1,40,42,1.0714285714285714,0.05271774316741633,561,Perfect. I'll take it.
3016,1,1,40,42,1.0714285714285714,0.05271774316741633,561,The Bannon and Trump echo chamber.
3016,0,3,39,42,1.0714285714285714,0.04022089331224806,561,This way they can't use microwaves to spy on us.
3016,0,3,39,42,1.0714285714285714,0.04022089331224806,561,Let's see Obama wiretap US!
3016,1,1,40,42,1.0714285714285714,0.05271774316741633,561,Long time no see?
3016,0,3,39,42,1.0714285714285714,0.04022089331224806,561,So whatever is barked in the Cone of Silence stays in the Cone of Silence.
3016,0,3,39,42,1.0714285714285714,0.04022089331224806,561,So...two heads aren't better than one.
3016,0,3,39,42,1.0714285714285714,0.04022089331224806,561,Doggie Sutra
3016,1,1,40,42,1.0714285714285714,0.05271774316741633,561,"Whaddya think, is this ""meeting cute""?"
3016,0,3,39,42,1.0714285714285714,0.04022089331224806,561,"They can't see us now, let's make a run for it!"
3016,0,3,39,42,1.0714285714285714,0.04022089331224806,561,"- Anything you tell me is protected by attorney-client privilege. These are state of the art, they can't hear us."
3016,0,3,39,42,1.0714285714285714,0.04022089331224806,561,"I'm Ok, You're OK."
3016,1,1,40,42,1.0714285714285714,0.05271774316741633,561,"Ok, you lick my ass, I'll lick yours."
3016,0,3,39,42,1.0714285714285714,0.04022089331224806,561,"So near, yet so far away"
3016,0,3,39,42,1.0714285714285714,0.04022089331224806,561,"You're right, I couldn't hear a single dog whistle during that speech."
3016,0,3,39,42,1.0714285714285714,0.04022089331224806,561,"Coming this summer, a spinoff of a beloved 90s kids TV show: DogDog!"
3016,0,3,39,42,1.0714285714285714,0.04022089331224806,561,Do you think they can hear us at Wikileaks?
3016,0,3,39,42,1.0714285714285714,0.04022089331224806,561,"I can't see you, but your bark is clear."
3016,0,3,39,42,1.0714285714285714,0.04022089331224806,561,Extreme Basic Training for ball lickers
3016,0,3,39,42,1.0714285714285714,0.04022089331224806,561,"Dog 1, ""Ruff"" Dog 2, ""Elizabethan collar"""
3016,0,3,39,42,1.0714285714285714,0.04022089331224806,561,I know we are in the 'cone of silence' but why is there an echo?
3016,1,1,40,42,1.0714285714285714,0.05271774316741633,561,"You sure we can,t be hacked now ?"
3016,0,3,39,42,1.0714285714285714,0.04022089331224806,561,Oh dear - guess we have to wait until the quarantine is over!
3016,0,3,39,42,1.0714285714285714,0.04022089331224806,561,Now that we have our privacy we can determine who indeed is a good boy.
3016,0,3,39,42,1.0714285714285714,0.04022089331224806,561,"""So then Rover says to me, ""Don't tell Spot I met with the Siberian Husky until AFTER the dog park elections""."
3016,0,3,39,42,1.0714285714285714,0.04022089331224806,561,"Casting call for ""The Canine Centipede."""
3016,1,1,40,42,1.0714285714285714,0.05271774316741633,561,It's my spaghetti.
3016,0,3,39,42,1.0714285714285714,0.04022089331224806,561,So this is what we gotta do for a little privacy!
3016,1,1,40,42,1.0714285714285714,0.05271774316741633,561,Have YOU seen yourself lately?
3016,1,1,40,42,1.0714285714285714,0.05271774316741633,561,Not sure we can French kiss.
3016,1,1,40,42,1.0714285714285714,0.05271774316741633,561,Rover - come here - I want to see you.
3016,0,3,39,42,1.0714285714285714,0.04022089331224806,561,"Ok, we've got the talkie part down. Now we just need to learn the walkie."
3016,0,3,39,42,1.0714285714285714,0.04022089331224806,561,I saw my owner and his wife doing this: Shady-Style.
3016,0,3,39,42,1.0714285714285714,0.04022089331224806,561,"You do know you can still be hacked in there, don't you?"
3016,0,3,39,42,1.0714285714285714,0.04022089331224806,561,Better than being in the doghouse.
3016,1,1,40,42,1.0714285714285714,0.05271774316741633,561,It's fate that brought us together.
3016,1,1,40,42,1.0714285714285714,0.05271774316741633,561,I call mine the preppie-up-collar. You?
3016,0,3,39,42,1.0714285714285714,0.04022089331224806,561,"Privacy, at last."
3016,0,3,39,42,1.0714285714285714,0.04022089331224806,561,"I see you went to Dr. Brody, the vet. He is very consistent and respects our privacy."
3016,1,1,40,42,1.0714285714285714,0.05271774316741633,561,No oneness with the universe yet. You?
3016,0,3,39,42,1.0714285714285714,0.04022089331224806,561,Your place or mine?
3016,1,1,40,42,1.0714285714285714,0.05271774316741633,561,Canine Virtual Reality (CVR) is so last season.
3016,0,3,39,42,1.0714285714285714,0.04022089331224806,561,How do we sniff each other's butt now?
3016,0,3,39,42,1.0714285714285714,0.04022089331224806,561,"""Is it me, or do you hear an echo??(echo...echo....echo)"
3016,0,3,39,42,1.0714285714285714,0.04022089331224806,561,Now how are we going to get out of this situation?
3016,0,3,39,42,1.0714285714285714,0.04022089331224806,561,I don't think it's an echo chamber either.
3016,0,3,39,42,1.0714285714285714,0.04022089331224806,561,"They can't tap our wires in here, can they?"
3016,1,1,40,42,1.0714285714285714,0.05271774316741633,561,Nothing beats a bone in a cone!
3016,0,3,39,42,1.0714285714285714,0.04022089331224806,561,"Wuff, Ffuw, Wuff, Ffuw."
3016,0,3,39,42,1.0714285714285714,0.04022089331224806,561,How can cats not understand that we're right?
3016,0,3,39,42,1.0714285714285714,0.04022089331224806,561,It didn't work for Maxwell Smart either.
3016,0,3,39,42,1.0714285714285714,0.04022089331224806,561,"But Honey, I'd have to work two jobs before we could afford a place like that!"
3016,0,3,39,42,1.0714285714285714,0.04022089331224806,561,"Now, just softly bite my snout and pull me out of here!"
3016,0,3,39,42,1.0714285714285714,0.04022089331224806,561,We Come From France.
3016,0,3,39,42,1.0714285714285714,0.04022089331224806,561,It's fortunate we're a primarily olfacturialy species.
3016,0,3,39,42,1.0714285714285714,0.04022089331224806,561,So you can't bite. That doesn't keep you from flossing.
3016,0,3,39,42,1.0714285714285714,0.04022089331224806,561,I don't like this.
3016,0,3,39,42,1.0714285714285714,0.04022089331224806,561,I don't think they can bug these things--who you voting for?
3016,1,1,40,42,1.0714285714285714,0.05271774316741633,561,"OK, Smart, I activated the Cone of Silence now tell me. Yes Chief, I wanted to report that Chaos has been sniffing around my dog costume."
3016,0,3,39,42,1.0714285714285714,0.04022089331224806,561,"My time is your time, Rudy."
3016,0,3,39,42,1.0714285714285714,0.04022089331224806,561,Let's have an exclusive relationship.
3016,0,3,39,42,1.0714285714285714,0.04022089331224806,561,"Well, one of us is gonna have to change."
3016,0,3,39,42,1.0714285714285714,0.04022089331224806,561,Once again the kids guess what their presents are going to be.
3016,1,1,40,42,1.0714285714285714,0.05271774316741633,561,"George, Spot, Lucy? Without the ""sniff"" I just don't have a clue."
3016,1,1,40,42,1.0714285714285714,0.05271774316741633,561,You're crazy matches my crazy.
3016,1,1,40,42,1.0714285714285714,0.05271774316741633,561,Now the TV can't hear us.
3016,0,3,39,42,1.0714285714285714,0.04022089331224806,561,"No, you walk it back!"
3016,1,1,40,42,1.0714285714285714,0.05271774316741633,561,This takes seeing eye to eye to a whole new level
3016,0,3,39,42,1.0714285714285714,0.04022089331224806,561,Don't worry! They can't penetrate our cones of silence!
3016,0,3,39,42,1.0714285714285714,0.04022089331224806,561,Can you hear my bark now?
3016,1,1,40,42,1.0714285714285714,0.05271774316741633,561,Are you sure this is a Cone of Silence?
3016,0,3,39,42,1.0714285714285714,0.04022089331224806,561,I'll bite your if you will bite mine.
3016,0,3,39,42,1.0714285714285714,0.04022089331224806,561,Whos the tramp now?
3016,0,3,39,42,1.0714285714285714,0.04022089331224806,561,now all we need is a piece of string!
3016,0,3,39,42,1.0714285714285714,0.04022089331224806,561,The Russians can't hack the cone of silence.
3016,1,1,40,42,1.0714285714285714,0.05271774316741633,561,We have to stop meeting like this. No. Seriously. Stop meeting.
3016,0,3,39,42,1.0714285714285714,0.04022089331224806,561,Have any Altoids?
3016,0,3,39,42,1.0714285714285714,0.04022089331224806,561,These secret meetings are getting really out of hand.
3016,0,3,39,42,1.0714285714285714,0.04022089331224806,561,Don't worry. No one will suspect that we're exchanging secrets.
3353,0,3,40,43,1.069767441860465,0.03930950021993099,561,Are these our ideas or the echo chamber’s?
3353,0,3,40,43,1.069767441860465,0.03930950021993099,561,"I'm sorry, my dear, but you are no longer the light of my life."
3353,1,1,41,43,1.069767441860465,0.051503946641122844,561,yo be quiet by Caleb James Jobson. I am nine years old. (my son asked me to submit this. He was sad that you had to be thirteen or older. :)
3353,0,3,40,43,1.069767441860465,0.03930950021993099,561,...'Sup?
3353,1,1,41,43,1.069767441860465,0.051503946641122844,561,Do you come here often?
3353,0,3,40,43,1.069767441860465,0.03930950021993099,561,I think this is better than the other end?
3353,0,3,40,43,1.069767441860465,0.03930950021993099,561,"You scratch my face, and I will scratch yours."
3353,1,1,41,43,1.069767441860465,0.051503946641122844,561,Ruff! Ruff!
3353,0,3,40,43,1.069767441860465,0.03930950021993099,561,"I don't live in an 'echo chamber', you do!"
3353,0,3,40,43,1.069767441860465,0.03930950021993099,561,"Are you sure? Yes, I am positive we have not been wiretapped."
3363,0,3,41,44,1.0681818181818181,0.03843843094202265,561,I didn't say anything
3363,0,3,41,44,1.0681818181818181,0.03843843094202265,561,It's from the dark vet.
3363,0,3,41,44,1.0681818181818181,0.03843843094202265,561,Spy pups
3363,0,3,41,44,1.0681818181818181,0.03843843094202265,561,Did we really have to use the cone of silence just to discuss why you ate your shoe phone?
3363,0,3,41,44,1.0681818181818181,0.03843843094202265,561,i want to see other people
3363,0,3,41,44,1.0681818181818181,0.03843843094202265,561,"Sorry about this, but I read on Brietbart that Obama's been tapping my phone."
3363,0,3,41,44,1.0681818181818181,0.03843843094202265,561,You Complete Me
3363,0,3,41,44,1.0681818181818181,0.03843843094202265,561,Just between us girls....
3363,0,3,41,44,1.0681818181818181,0.03843843094202265,561,Can you speak up?
3363,1,1,42,44,1.0681818181818181,0.05034476562380576,561,I hate it when we play doctor.
3363,0,3,41,44,1.0681818181818181,0.03843843094202265,561,"Well, Stanley, here's another fine mess you've gotten me into."
3363,0,3,41,44,1.0681818181818181,0.03843843094202265,561,DOGONIT!!
3363,0,3,41,44,1.0681818181818181,0.03843843094202265,561,Deep State 2017: Make America Growl Again!
3376,0,2,36,38,1.0526315789473684,0.0367097806559429,561,I guess it's just you and me now.
3376,0,2,36,38,1.0526315789473684,0.0367097806559429,561,We can't go on meeting this way.
3376,0,2,36,38,1.0526315789473684,0.0367097806559429,561,So THIS is how fake news gets started.
3376,0,2,36,38,1.0526315789473684,0.0367097806559429,561,Hellooooooo!
3376,0,2,36,38,1.0526315789473684,0.0367097806559429,561,Cone heads unite!
3376,1,0,37,38,1.0526315789473684,0.0526315789473684,561,Next time we should think twice about messing with that Shar Pei.
3376,1,0,37,38,1.0526315789473684,0.0526315789473684,561,"Just keep slurping, honey, I saw them do this on Lady and the Tramp."
3376,0,2,36,38,1.0526315789473684,0.0367097806559429,561,We have to find a better way to talk.
3376,0,2,36,38,1.0526315789473684,0.0367097806559429,561,Abort mission. I think I have a tail..
3376,0,2,36,38,1.0526315789473684,0.0367097806559429,561,It's lice meeting you.
3376,0,2,36,38,1.0526315789473684,0.0367097806559429,561,"Co-pays up; coverage down, but I thought they at least promised us ACCESS."
3376,1,0,37,38,1.0526315789473684,0.0526315789473684,561,You did what on what?
3376,0,2,36,38,1.0526315789473684,0.0367097806559429,561,Let me not to the marriage of true minds. Admit impediments.
3376,0,2,36,38,1.0526315789473684,0.0367097806559429,561,That's weird. You taste like nuts.
3376,0,2,36,38,1.0526315789473684,0.0367097806559429,561,But why would the CIA want to spy on us?
3376,0,2,36,38,1.0526315789473684,0.0367097806559429,561,"Hmm, chocolate."
3376,0,2,36,38,1.0526315789473684,0.0367097806559429,561,"Wait, you're leaking Trump news to me? I thought I'd leak Trump news to you."
3376,0,2,36,38,1.0526315789473684,0.0367097806559429,561,Now we are connected. How does it feel ?
3376,0,2,36,38,1.0526315789473684,0.0367097806559429,561,"OK, you're right. You DO look better in the dark!"
3376,0,2,36,38,1.0526315789473684,0.0367097806559429,561,I see what you mean.
3376,0,2,36,38,1.0526315789473684,0.0367097806559429,561,French Poodle? Ha! More like Shih Tzu
3376,0,2,36,38,1.0526315789473684,0.0367097806559429,561,Lady and the Trumpcare.
3376,0,2,36,38,1.0526315789473684,0.0367097806559429,561,nope - those are just fleas! No CIA here!
3376,1,0,37,38,1.0526315789473684,0.0526315789473684,561,"On the count of three, you check for mine, I check for yours."
3376,0,2,36,38,1.0526315789473684,0.0367097806559429,561,"Donald, they may be catching on to our gig!"",""Right Steve, but this is killing my hair!"
3376,0,2,36,38,1.0526315789473684,0.0367097806559429,561,"(sniff, sniff) Who is this?"
3376,0,2,36,38,1.0526315789473684,0.0367097806559429,561,I'll scratch your cheek if you scratch mine.
3376,0,2,36,38,1.0526315789473684,0.0367097806559429,561,K9 Dogs Meet in Rehab and find Love!!!...News at 11.
3376,0,2,36,38,1.0526315789473684,0.0367097806559429,561,Do you think Obama is wiretapping us?
3376,0,2,36,38,1.0526315789473684,0.0367097806559429,561,I heard Pete got it worse...
3376,0,2,36,38,1.0526315789473684,0.0367097806559429,561,"Chief, I insist we use the cone of silence."
3376,0,2,36,38,1.0526315789473684,0.0367097806559429,561,"Fleas, shmeas!"
3376,0,2,36,38,1.0526315789473684,0.0367097806559429,561,I hope we're not charged with collusion.
3376,0,2,36,38,1.0526315789473684,0.0367097806559429,561,Hey dog-breath
3376,0,2,36,38,1.0526315789473684,0.0367097806559429,561,We're much safer in here.
3376,0,2,36,38,1.0526315789473684,0.0367097806559429,561,What's next?
3376,0,2,36,38,1.0526315789473684,0.0367097806559429,561,This is the best care we can get ? I thought Trump was giving money to Vets!
3376,0,2,36,38,1.0526315789473684,0.0367097806559429,561,I'm focusing inward.
3376,0,2,36,38,1.0526315789473684,0.0367097806559429,561,Two cones are better than one!
3376,0,2,36,38,1.0526315789473684,0.0367097806559429,561,"Look, I get that you love 'Get Smart,' but this is just ridiculous."
3376,0,2,36,38,1.0526315789473684,0.0367097806559429,561,I guess this can do for now.
3376,0,2,36,38,1.0526315789473684,0.0367097806559429,561,this is devastating
3376,0,2,36,38,1.0526315789473684,0.0367097806559429,561,Cone of secrets
3376,0,2,36,38,1.0526315789473684,0.0367097806559429,561,Heads. I lead.
3376,0,2,36,38,1.0526315789473684,0.0367097806559429,561,The kissing cones.
3376,0,2,36,38,1.0526315789473684,0.0367097806559429,561,I'm finding this situation a little bit eerie.
3376,0,2,36,38,1.0526315789473684,0.0367097806559429,561,"You see, our new apartment IS near a subway stop AND has a doorman."
3376,0,2,36,38,1.0526315789473684,0.0367097806559429,561,Shhhhhhh!
3376,0,2,36,38,1.0526315789473684,0.0367097806559429,561,My shrink want's me to focus more!
3376,1,0,37,38,1.0526315789473684,0.0526315789473684,561,I'm sure our owners wish they could hide like this right now.
3376,0,2,36,38,1.0526315789473684,0.0367097806559429,561,We must get out of this echo chamber.
3376,1,0,37,38,1.0526315789473684,0.0526315789473684,561,"Okay, so you chew on my right hind quarter, then I'll scratch that place on your belly."
3376,0,2,36,38,1.0526315789473684,0.0367097806559429,561,"Don't worry, I've heard less is more, more or less."
3376,0,2,36,38,1.0526315789473684,0.0367097806559429,561,Jerez Roscoe... your liver treat breath is killing me.
3376,0,2,36,38,1.0526315789473684,0.0367097806559429,561,woof! woof woof Trump woof woof?
3376,0,2,36,38,1.0526315789473684,0.0367097806559429,561,Are you a woofer or a tweeter?
3376,0,2,36,38,1.0526315789473684,0.0367097806559429,561,I'm not confident we're going to figure this out by ourselves.
3376,0,2,36,38,1.0526315789473684,0.0367097806559429,561,Bitches stick together
3376,0,2,36,38,1.0526315789473684,0.0367097806559429,561,No tongue!
3376,0,2,36,38,1.0526315789473684,0.0367097806559429,561,I think one of us should be wearing this thing on the other end.
3376,0,2,36,38,1.0526315789473684,0.0367097806559429,561,They've refused to come out since November 9th.
3376,0,2,36,38,1.0526315789473684,0.0367097806559429,561,"Oh, look! We're twinsies!"
3376,0,2,36,38,1.0526315789473684,0.0367097806559429,561,"The cats have really turned the internet into an echo chamber, don't you think?"
3376,1,0,37,38,1.0526315789473684,0.0526315789473684,561,The acoustics are incredible in here.
3376,0,2,36,38,1.0526315789473684,0.0367097806559429,561,I will if you will.
3376,0,2,36,38,1.0526315789473684,0.0367097806559429,561,"C’mon now Bailey, give her kisses"
3376,0,2,36,38,1.0526315789473684,0.0367097806559429,561,You can lick mine if I can lick yours.
3376,0,2,36,38,1.0526315789473684,0.0367097806559429,561,I guess now we have to stop dating.
3376,0,2,36,38,1.0526315789473684,0.0367097806559429,561,"So, it doesn't mean we can't lick each other, right?"
3376,0,2,36,38,1.0526315789473684,0.0367097806559429,561,Rark-ro ... Roll-ro
3376,0,2,36,38,1.0526315789473684,0.0367097806559429,561,Karl Lagerfeld. Yours?
3376,0,2,36,38,1.0526315789473684,0.0367097806559429,561,"Agent K-9, welcome to the Cone of Silence."
3376,0,2,36,38,1.0526315789473684,0.0367097806559429,561,Lost in the distance of another life!
3376,0,2,36,38,1.0526315789473684,0.0367097806559429,561,"No, YOU live in a bubble!"
3376,0,2,36,38,1.0526315789473684,0.0367097806559429,561,"... a shameful ""tete a tete""... [accents circonflexes on first e's in tete, aigu on a]"
3376,1,0,37,38,1.0526315789473684,0.0526315789473684,561,If you lick my butt I'll lick yours.
3376,0,2,36,38,1.0526315789473684,0.0367097806559429,561,Have we channeled Cerberus yet?
3376,0,2,36,38,1.0526315789473684,0.0367097806559429,561,"""Spayed?"" ""No, neutered"" ""Bummer""."
3376,0,2,36,38,1.0526315789473684,0.0367097806559429,561,Do you think the CIA can listen to us in here?
3376,0,2,36,38,1.0526315789473684,0.0367097806559429,561,Arf-right echo chamber
3376,0,2,36,38,1.0526315789473684,0.0367097806559429,561,Wonder if this is what they mean by ‘doggone echo chamber.’
3376,0,2,36,38,1.0526315789473684,0.0367097806559429,561,It's really not that bad once you get used to it.
3376,1,0,37,38,1.0526315789473684,0.0526315789473684,561,"Elizabeth, can't we kiss without his and hers collars?"
3376,0,2,36,38,1.0526315789473684,0.0367097806559429,561,Can we talk?
3376,0,2,36,38,1.0526315789473684,0.0367097806559429,561,Do you want to play Telephone?
3376,0,2,36,38,1.0526315789473684,0.0367097806559429,561,So you have the cone of shame too.
3376,0,2,36,38,1.0526315789473684,0.0367097806559429,561,"I believe this may have been due to your lack of canine thoughtfulness."" ""WOOF, (tweet) GRRR - you're a bad, crooked, lying beast! The worst ever!"
3376,0,2,36,38,1.0526315789473684,0.0367097806559429,561,"Who’s a dumb dog, who’s a dumb dog?"
3376,0,2,36,38,1.0526315789473684,0.0367097806559429,561,"No, you go right."
3376,0,2,36,38,1.0526315789473684,0.0367097806559429,561,"Kelly Anne, we have got to stop meeting like this!"
3376,0,2,36,38,1.0526315789473684,0.0367097806559429,561,We've turned the cones of shame into the cone of silence.
3376,0,2,36,38,1.0526315789473684,0.0367097806559429,561,My vet says its tunnel vision. You?
3376,0,2,36,38,1.0526315789473684,0.0367097806559429,561,It's the canine cone of silence.
3376,0,2,36,38,1.0526315789473684,0.0367097806559429,561,We should evolve.
3376,0,2,36,38,1.0526315789473684,0.0367097806559429,561,We can't go on like this. This relationship is suffocating me.
3376,1,0,37,38,1.0526315789473684,0.0526315789473684,561,Psst...How about I chew out your stitches if you nibble at my open sore?
3376,1,0,37,38,1.0526315789473684,0.0526315789473684,561,"It's called ""the Cone of Silence"". I saw it work on ""Get Smart"" reruns."
3376,0,2,36,38,1.0526315789473684,0.0367097806559429,561,Can I talk to you in private?
3376,0,2,36,38,1.0526315789473684,0.0367097806559429,561,Did you find the tennis ball yet?
3376,0,2,36,38,1.0526315789473684,0.0367097806559429,561,I don't remember it looking like this...
3376,0,2,36,38,1.0526315789473684,0.0367097806559429,561,First date.
3376,0,2,36,38,1.0526315789473684,0.0367097806559429,561,when were you fixed
3376,0,2,36,38,1.0526315789473684,0.0367097806559429,561,Scratch my nose for me?
3376,0,2,36,38,1.0526315789473684,0.0367097806559429,561,"C'mon, Max, do we really need the Cone of Silence?"
3376,0,2,36,38,1.0526315789473684,0.0367097806559429,561,How doggone sweet.
3376,0,2,36,38,1.0526315789473684,0.0367097806559429,561,"Kelly, do you think they can 'wiretap"" our cone of silence?"
3376,0,2,36,38,1.0526315789473684,0.0367097806559429,561,"See? What did I say, huh? You can hear the ocean!"
3376,0,2,36,38,1.0526315789473684,0.0367097806559429,561,The cone of shame strikes again.
3376,0,2,36,38,1.0526315789473684,0.0367097806559429,561,This hearing aid is working fine but have you seen my eyeglasses?
3376,0,2,36,38,1.0526315789473684,0.0367097806559429,561,"Quick, hide, Donald's running out of ducks!"
3376,0,2,36,38,1.0526315789473684,0.0367097806559429,561,"These new ""enhanced licenses"" can't compare to the old way of meeting & greeting, don't you agree?"
3376,0,2,36,38,1.0526315789473684,0.0367097806559429,561,Could you try to lick over here?
3376,0,2,36,38,1.0526315789473684,0.0367097806559429,561,"It's not my halitosis, honey, it's yours!"
3376,1,0,37,38,1.0526315789473684,0.0526315789473684,561,"If we can't lick our privates, at least we can talk in private."
3376,0,2,36,38,1.0526315789473684,0.0367097806559429,561,I hereby call to order this meeting of the bad dogs club
3376,0,2,36,38,1.0526315789473684,0.0367097806559429,561,I tried the tapp idea. Got anything else?
3376,0,2,36,38,1.0526315789473684,0.0367097806559429,561,You're right... the reception *is* much better.
3376,0,2,36,38,1.0526315789473684,0.0367097806559429,561,It's nice to finally meet another Conehead.
3376,0,2,36,38,1.0526315789473684,0.0367097806559429,561,Do you suppose that they can wiretap us?
3376,0,2,36,38,1.0526315789473684,0.0367097806559429,561,Stop Pulling!
3376,0,2,36,38,1.0526315789473684,0.0367097806559429,561,"No, Marty, I don't think this is what they mean by ""dog whisperer."""
3376,0,2,36,38,1.0526315789473684,0.0367097806559429,561,We can't stay like this for the next eight years.
3376,0,2,36,38,1.0526315789473684,0.0367097806559429,561,Small world.
3376,0,2,36,38,1.0526315789473684,0.0367097806559429,561,"'We're going to 'Basset Robbins Ice Cream,' she said, for 'doggy cones', she promised. We were lied to again."
3376,0,2,36,38,1.0526315789473684,0.0367097806559429,561,"I've heard of dogs getting stuck, but never like this."
3376,1,0,37,38,1.0526315789473684,0.0526315789473684,561,Son of a...
3376,0,2,36,38,1.0526315789473684,0.0367097806559429,561,"If you listen closely, you can hear the horrified cries of a mailman."
3376,1,0,37,38,1.0526315789473684,0.0526315789473684,561,"Left Dog: My owner is terrible, he stuck me in here! Right Dog: You should feel sorry for me pal, your breath stinks!"
3376,1,0,37,38,1.0526315789473684,0.0526315789473684,561,Butt-sniffers Anonymous
3376,0,2,36,38,1.0526315789473684,0.0367097806559429,561,"I dunno...the last thing I remember is saying ""dog in the bathtub"" as we were going to bed last night...how 'bout you?"
3376,0,2,36,38,1.0526315789473684,0.0367097806559429,561,"I'm not using my tongue on myself, so shut up and kiss me, you fool!"
3376,0,2,36,38,1.0526315789473684,0.0367097806559429,561,Did you just hear a fire engine go by?
3376,0,2,36,38,1.0526315789473684,0.0367097806559429,561,"well, my Broker is E F Hutton, and he said ..' bow-wowgrrrrrxxx##@@ruff '... but for chryssakes, keep that inside your cone...."
3376,0,2,36,38,1.0526315789473684,0.0367097806559429,561,Who's your cone guy?
3376,0,2,36,38,1.0526315789473684,0.0367097806559429,561,"It,s a deal. I'll scratch yours if you lic mine."
3376,0,2,36,38,1.0526315789473684,0.0367097806559429,561,There gone my friend.
3376,0,2,36,38,1.0526315789473684,0.0367097806559429,561,"What do you mean, ""echo chamber""?"
3376,0,2,36,38,1.0526315789473684,0.0367097806559429,561,Can you lick my balls for me...
3376,0,2,36,38,1.0526315789473684,0.0367097806559429,561,They can't mock us in here
3376,0,2,36,38,1.0526315789473684,0.0367097806559429,561,"Before we start, let's agree you'll be the Chief and I'll be Maxwell Smart."
3376,0,2,36,38,1.0526315789473684,0.0367097806559429,561,"OK, gotcha. We hold this pose till they grow back."
3376,0,2,36,38,1.0526315789473684,0.0367097806559429,561,They removed both of your robotically?
3376,0,2,36,38,1.0526315789473684,0.0367097806559429,561,Seven minutes in heaven
3376,0,2,36,38,1.0526315789473684,0.0367097806559429,561,In the eight years we've known each other this is the first time we've seen eye to eye
3376,0,2,36,38,1.0526315789473684,0.0367097806559429,561,Did you hear that? I think it was evolution screeching to a halt.
3376,0,2,36,38,1.0526315789473684,0.0367097806559429,561,Sometimes I'm sure we're living in a bubble.
3376,0,2,36,38,1.0526315789473684,0.0367097806559429,561,I know it seems extreme but that Siberian Husky has been eavesdropping lately.
3376,1,0,37,38,1.0526315789473684,0.0526315789473684,561,Watson - come here - I want to see you.
3376,0,2,36,38,1.0526315789473684,0.0367097806559429,561,I think our masters are getting suspicious.
3376,1,0,37,38,1.0526315789473684,0.0526315789473684,561,Met anyone new lately?
3376,0,2,36,38,1.0526315789473684,0.0367097806559429,561,"Rover, can you get the switch?!"
3376,0,2,36,38,1.0526315789473684,0.0367097806559429,561,They came. They saw. They 'cone-curred'.
3376,0,2,36,38,1.0526315789473684,0.0367097806559429,561,What idiots put these things on our heads?
3376,0,2,36,38,1.0526315789473684,0.0367097806559429,561,WOW... You too?... He grabbed me there too...
3376,0,2,36,38,1.0526315789473684,0.0367097806559429,561,I'm not seeing anyone right now.
3376,0,2,36,38,1.0526315789473684,0.0367097806559429,561,"No, you're the copy dog."
3376,0,2,36,38,1.0526315789473684,0.0367097806559429,561,"Test 1, 2, 3. Radio check, over."
3376,0,2,36,38,1.0526315789473684,0.0367097806559429,561,Do you hear music?
3376,0,2,36,38,1.0526315789473684,0.0367097806559429,561,Thank you for joining me in the Cone of Silence.
3376,0,2,36,38,1.0526315789473684,0.0367097806559429,561,"Sorry, but this is the only way we can be sure that damned Putin isn't listening to us."
3376,0,2,36,38,1.0526315789473684,0.0367097806559429,561,Are there nuts in it? I'm allergic to nuts.
3376,0,2,36,38,1.0526315789473684,0.0367097806559429,561,Come to the Cone of Silence often?
3376,0,2,36,38,1.0526315789473684,0.0367097806559429,561,Wanna make out?
3376,0,2,36,38,1.0526315789473684,0.0367097806559429,561,"This way Obama can't ""wiretap"" us."
3376,0,2,36,38,1.0526315789473684,0.0367097806559429,561,Dog whistle antidote.
3376,0,2,36,38,1.0526315789473684,0.0367097806559429,561,I'll chew yours if you chew mine!
3376,1,0,37,38,1.0526315789473684,0.0526315789473684,561,"Well, I'd rather being licking myself too."
3376,0,2,36,38,1.0526315789473684,0.0367097806559429,561,This totally beats sniffing butts.
3376,0,2,36,38,1.0526315789473684,0.0367097806559429,561,"The acoustics are nice, but I miss the licking"
3376,0,2,36,38,1.0526315789473684,0.0367097806559429,561,I never noticed that you have blue eyes.
3376,0,2,36,38,1.0526315789473684,0.0367097806559429,561,He's been this way ever since the WiFi went down.
3376,0,2,36,38,1.0526315789473684,0.0367097806559429,561,This mirror makes me look even better!
3376,0,2,36,38,1.0526315789473684,0.0367097806559429,561,"Everything we discuss stays in the cone of silence, got it?"
3376,0,2,36,38,1.0526315789473684,0.0367097806559429,561,"So, I'll lick yours if you'll lick mine."
3376,0,2,36,38,1.0526315789473684,0.0367097806559429,561,This virtual Dog in My Face game is very realistic...
3376,0,2,36,38,1.0526315789473684,0.0367097806559429,561,It was love at first sight.
3376,0,2,36,38,1.0526315789473684,0.0367097806559429,561,How many times were you told to stop sniffing me there?
3376,0,2,36,38,1.0526315789473684,0.0367097806559429,561,"Your breath is terrible."" ""So is yours."
3376,0,2,36,38,1.0526315789473684,0.0367097806559429,561,"Yes Vlad, our conversation is private"
3376,0,2,36,38,1.0526315789473684,0.0367097806559429,561,Is there an echo in here?
3376,0,2,36,38,1.0526315789473684,0.0367097806559429,561,We can't go on meeting this way.
3376,0,2,36,38,1.0526315789473684,0.0367097806559429,561,Who did yours?
3376,0,2,36,38,1.0526315789473684,0.0367097806559429,561,"Gee, and I thought it was only older humans who talked about their surgeries."
3376,0,2,36,38,1.0526315789473684,0.0367097806559429,561,calling all dog
3376,0,2,36,38,1.0526315789473684,0.0367097806559429,561,"To think, a few months ago these were a burden."
3376,0,2,36,38,1.0526315789473684,0.0367097806559429,561,Did you hear about Sarah? That bitch.
3376,0,2,36,38,1.0526315789473684,0.0367097806559429,561,This is the best ice cream cone I have ever eaten.
3376,0,2,36,38,1.0526315789473684,0.0367097806559429,561,"No, you say goodbye."
3376,0,2,36,38,1.0526315789473684,0.0367097806559429,561,"Eating dead fish again, Rex?"
3376,0,2,36,38,1.0526315789473684,0.0367097806559429,561,We should have started at this end.
3376,0,2,36,38,1.0526315789473684,0.0367097806559429,561,'I had no idea how bad your breath is.'
3376,0,2,36,38,1.0526315789473684,0.0367097806559429,561,This is better than email!
3376,0,2,36,38,1.0526315789473684,0.0367097806559429,561,"I'm in for licking, how 'bout you?"
3376,0,2,36,38,1.0526315789473684,0.0367097806559429,561,I'll bite your incision if you bite mine.
3376,0,2,36,38,1.0526315789473684,0.0367097806559429,561,You promise to keep it in the cone of silence?
3376,0,2,36,38,1.0526315789473684,0.0367097806559429,561,"To avoid distractions, an often used prop by dogs engaged in speed dating."
3376,0,2,36,38,1.0526315789473684,0.0367097806559429,561,"Jeez, one of us has a bad case of dog breath."
3376,0,2,36,38,1.0526315789473684,0.0367097806559429,561,Latest Virtual Reality Gadget - Welcome to the Self-consciousness Experience
3376,0,2,36,38,1.0526315789473684,0.0367097806559429,561,"Unfortunately, according to Wikileaks, the CIA bugging capability includes the cones."
3376,0,2,36,38,1.0526315789473684,0.0367097806559429,561,Bow? Wow!
3376,1,0,37,38,1.0526315789473684,0.0526315789473684,561,I love our cone of silence
3376,0,2,36,38,1.0526315789473684,0.0367097806559429,561,better than smelling butts!!
3376,0,2,36,38,1.0526315789473684,0.0367097806559429,561,"look at them cats running,this virtual reality stuff is nothing to woof at !"
3376,0,2,36,38,1.0526315789473684,0.0367097806559429,561,Lets see if they can wire tap this conversation!
3376,0,2,36,38,1.0526315789473684,0.0367097806559429,561,I'll scratch your stitches if you scratch mine
3376,0,2,36,38,1.0526315789473684,0.0367097806559429,561,BAD BREATH IN DOGS
3376,0,2,36,38,1.0526315789473684,0.0367097806559429,561,I swear that this is how Spock did it.
3376,0,2,36,38,1.0526315789473684,0.0367097806559429,561,Semi-private Insurance For Dogs!
3376,0,2,36,38,1.0526315789473684,0.0367097806559429,561,I like the privacy of becoming acquainted this way.
3376,0,2,36,38,1.0526315789473684,0.0367097806559429,561,Buster and Tucker shared their bones to pick very secretly.
3376,0,2,36,38,1.0526315789473684,0.0367097806559429,561,"What I said was, ""let's meet on Coney Island."""
3376,0,2,36,38,1.0526315789473684,0.0367097806559429,561,You smell different.
3376,0,2,36,38,1.0526315789473684,0.0367097806559429,561,This way it's microwave proof
3376,0,2,36,38,1.0526315789473684,0.0367097806559429,561,"Hopefully, this will prevent our conversation from being hacked."
3376,0,2,36,38,1.0526315789473684,0.0367097806559429,561,I'm not sure that these Canine Oculus are such a good idea!
3376,0,2,36,38,1.0526315789473684,0.0367097806559429,561,What. Fresh. Hell. Is. This?!
3376,0,2,36,38,1.0526315789473684,0.0367097806559429,561,Wi-Fi in this park sucks.
3376,0,2,36,38,1.0526315789473684,0.0367097806559429,561,Do you really think we're living in an echo chamber?
3376,0,2,36,38,1.0526315789473684,0.0367097806559429,561,He doesn't look Chinese.
3376,0,2,36,38,1.0526315789473684,0.0367097806559429,561,"I don't think that's what these things are for, can we go back to doggie style?"
3376,0,2,36,38,1.0526315789473684,0.0367097806559429,561,Fashion's not just for rich bitches.
3376,0,2,36,38,1.0526315789473684,0.0367097806559429,561,"Shhh, they can hear you."
3376,0,2,36,38,1.0526315789473684,0.0367097806559429,561,Bow Wow...Where has Your nose been?
3376,0,2,36,38,1.0526315789473684,0.0367097806559429,561,I cone not believe we keep meeting like this.
3376,0,2,36,38,1.0526315789473684,0.0367097806559429,561,"All right, just five more minutes of the glow-in-the-dark psychedelic lights..."
3376,0,2,36,38,1.0526315789473684,0.0367097806559429,561,Using his 900 number. How about you?
3376,0,2,36,38,1.0526315789473684,0.0367097806559429,561,Now that we're in the cones of silence...
3376,0,2,36,38,1.0526315789473684,0.0367097806559429,561,"On the minus side, I do miss sniffing bottoms"
3376,1,0,37,38,1.0526315789473684,0.0526315789473684,561,Remember. Ten paces back and – snarl!
3376,0,2,36,38,1.0526315789473684,0.0367097806559429,561,"If it weren't for your bad breath, this would be a great steam facial."
3376,0,2,36,38,1.0526315789473684,0.0367097806559429,561,I can't smell if that's you anymore
3376,0,2,36,38,1.0526315789473684,0.0367097806559429,561,"Neither of us can sniff our own, but..."
3376,0,2,36,38,1.0526315789473684,0.0367097806559429,561,Girl talk
3376,0,2,36,38,1.0526315789473684,0.0367097806559429,561,"Face it, today's Echo chamber is the tail that wags the dog."
3376,0,2,36,38,1.0526315789473684,0.0367097806559429,561,Mugbook
3376,0,2,36,38,1.0526315789473684,0.0367097806559429,561,We have to quit meeting like this.
3376,0,2,36,38,1.0526315789473684,0.0367097806559429,561,"Do you feel as stupid as I do, with this thing on my head?"
3376,0,2,36,38,1.0526315789473684,0.0367097806559429,561,"I only have eyes for you, my darling."
3376,0,2,36,38,1.0526315789473684,0.0367097806559429,561,Glad to see they're making out well.
3376,0,2,36,38,1.0526315789473684,0.0367097806559429,561,Is it 2044 yet?
3376,0,2,36,38,1.0526315789473684,0.0367097806559429,561,You sure this is how humans make babies?
3376,0,2,36,38,1.0526315789473684,0.0367097806559429,561,"I wear this so I don't bite people, but nothing says I can't kiss a dog."
3376,0,2,36,38,1.0526315789473684,0.0367097806559429,561,Good to see you. I'm glad we can talk in private.
3376,1,0,37,38,1.0526315789473684,0.0526315789473684,561,Rule Number One: No one barks in the Cones of Silence.
3376,0,2,36,38,1.0526315789473684,0.0367097806559429,561,Just keep pretending you're a dog and they'll treat you ok.
3376,0,2,36,38,1.0526315789473684,0.0367097806559429,561,"Yeah, that's weird--I can't scratch my ears, either!"
3376,0,2,36,38,1.0526315789473684,0.0367097806559429,561,"(sotto voce) so, you're saying it's also in the microwave...?"
3376,0,2,36,38,1.0526315789473684,0.0367097806559429,561,2 shades of greyhounds.
3376,0,2,36,38,1.0526315789473684,0.0367097806559429,561,Your getting to close for comfort.
3376,0,2,36,38,1.0526315789473684,0.0367097806559429,561,What Happens In Vegas Stays In Vegas
3376,0,2,36,38,1.0526315789473684,0.0367097806559429,561,Of course I like you but you have to understand--this was not my only surgical procedure.
3376,0,2,36,38,1.0526315789473684,0.0367097806559429,561,Two cones are better than one!
3376,0,2,36,38,1.0526315789473684,0.0367097806559429,561,Did you read what David Remnick just wrote about Donald Trump?
3376,1,0,37,38,1.0526315789473684,0.0526315789473684,561,This is the only way to keep the Samsung from listening to us.
3376,0,2,36,38,1.0526315789473684,0.0367097806559429,561,"So this is what they meant by ""Heads Up""."
3376,0,2,36,38,1.0526315789473684,0.0367097806559429,561,"Please Max, not the Cones of Silence again."
3376,0,2,36,38,1.0526315789473684,0.0367097806559429,561,Conine.
3376,1,0,37,38,1.0526315789473684,0.0526315789473684,561,"Conical, canine, conundrum."
3376,0,2,36,38,1.0526315789473684,0.0367097806559429,561,"I'm a Democrat, what are you?"
3376,0,2,36,38,1.0526315789473684,0.0367097806559429,561,"You show me yours, I'll show you mine!"
3376,1,0,37,38,1.0526315789473684,0.0526315789473684,561,And to think I can't stand close talkers!
3376,0,2,36,38,1.0526315789473684,0.0367097806559429,561,Can you lick me now? Good.
3376,0,2,36,38,1.0526315789473684,0.0367097806559429,561,My vet uses the cone of silence too!
3376,0,2,36,38,1.0526315789473684,0.0367097806559429,561,"Knick-knack paddywhack, give the dog a cone."
3376,0,2,36,38,1.0526315789473684,0.0367097806559429,561,They'll tell us when the paparazzi are gone.
3376,1,0,37,38,1.0526315789473684,0.0526315789473684,561,Peer-to-peer communications in the dark web ?
3376,0,2,36,38,1.0526315789473684,0.0367097806559429,561,Flea and Tic Survivors Annual Conference
3376,1,0,37,38,1.0526315789473684,0.0526315789473684,561,"I don't know if this line is secure, but I'll scratch your chest if you scratch mine."
3376,1,0,37,38,1.0526315789473684,0.0526315789473684,561,Is this a secure network?
3376,0,2,36,38,1.0526315789473684,0.0367097806559429,561,Wow..I can't believed that you sniffed right!
3376,0,2,36,38,1.0526315789473684,0.0367097806559429,561,Knock lights out?
3376,0,2,36,38,1.0526315789473684,0.0367097806559429,561,"Fine, just don't ever call it ""sixty-k-nine"" again!"
3376,0,2,36,38,1.0526315789473684,0.0367097806559429,561,It's a lot to go through for a cone of silence.
3376,0,2,36,38,1.0526315789473684,0.0367097806559429,561,Let's stick to sniffing butts from now on.
3376,0,2,36,38,1.0526315789473684,0.0367097806559429,561,"Deal, you scratch my back and I will scratch yours."
3376,0,2,36,38,1.0526315789473684,0.0367097806559429,561,The cone of silence has now been activated. You may proceed.
3376,0,2,36,38,1.0526315789473684,0.0367097806559429,561,"Let's not get ""ahead"" of ourselves!"
3376,0,2,36,38,1.0526315789473684,0.0367097806559429,561,The shame reinforcers discuss payback strategies.
3376,0,2,36,38,1.0526315789473684,0.0367097806559429,561,The vet had a 2 for 1 deal on getting us fixed.
3376,0,2,36,38,1.0526315789473684,0.0367097806559429,561,I need you to do me a huge favour.
3376,0,2,36,38,1.0526315789473684,0.0367097806559429,561,"C'mon, have another liver treat. The girls will never catch us in here."
3376,0,2,36,38,1.0526315789473684,0.0367097806559429,561,Shadamese twins
3376,0,2,36,38,1.0526315789473684,0.0367097806559429,561,My itch is worst than yours!
3376,0,2,36,38,1.0526315789473684,0.0367097806559429,561,I see your cone is as big as mine!
3376,0,2,36,38,1.0526315789473684,0.0367097806559429,561,This 'sharing economy' is getting ridiculous.
3376,0,2,36,38,1.0526315789473684,0.0367097806559429,561,Do you feel the end of this tunnel is not in sight?
3376,0,2,36,38,1.0526315789473684,0.0367097806559429,561,I'll lick yours if you'll mine.
3376,0,2,36,38,1.0526315789473684,0.0367097806559429,561,"Do you think ""Sphericon of shame"" will catch on?"
3376,0,2,36,38,1.0526315789473684,0.0367097806559429,561,"Privacy is not much fun, is it?"
3376,0,2,36,38,1.0526315789473684,0.0367097806559429,561,April Fool's Day will never be the same again.
3376,0,2,36,38,1.0526315789473684,0.0367097806559429,561,"""I don't have anything to say. Do you? No. OK Let's pull apart at 3: One, Two, Three!"
3376,0,2,36,38,1.0526315789473684,0.0367097806559429,561,"We were sure blindsided by those ""fatcats""."
3376,0,2,36,38,1.0526315789473684,0.0367097806559429,561,We're breakin' outta here when Mugsy says arf arf. Pass it on.
3376,1,0,37,38,1.0526315789473684,0.0526315789473684,561,"Hey, you don't have a head either!"
3376,0,2,36,38,1.0526315789473684,0.0367097806559429,561,Are we not (still) men?
3376,0,2,36,38,1.0526315789473684,0.0367097806559429,561,The cone of silence
3376,0,2,36,38,1.0526315789473684,0.0367097806559429,561,Shingles is always better together.
3376,0,2,36,38,1.0526315789473684,0.0367097806559429,561,Let's see if HAL can read our lips now.
3376,0,2,36,38,1.0526315789473684,0.0367097806559429,561,i want to see other people
3376,0,2,36,38,1.0526315789473684,0.0367097806559429,561,Max please!!! The Cone of Silence has never worked properly.
3376,0,2,36,38,1.0526315789473684,0.0367097806559429,561,"Fido, dear, this is so not doggie style!"
3376,0,2,36,38,1.0526315789473684,0.0367097806559429,561,"Okay,you got it.I'll lick your crotch and you lick mine."
3376,0,2,36,38,1.0526315789473684,0.0367097806559429,561,Did you brush your teeth this morning?
3376,1,0,37,38,1.0526315789473684,0.0526315789473684,561,"OMG, this is waaay better than my iCone5!"
3376,0,2,36,38,1.0526315789473684,0.0367097806559429,561,"You lick my right front, I'll lick your left rear. Woof."
3376,1,0,37,38,1.0526315789473684,0.0526315789473684,561,We have got to stop meeting like this. My owner's getting suspicious.
3376,0,2,36,38,1.0526315789473684,0.0367097806559429,561,"OK, you turn around, back in as far as you can, I lick your butt ‘til you say quit, and we trade."
3376,0,2,36,38,1.0526315789473684,0.0367097806559429,561,I guess we're in this together.
3376,1,0,37,38,1.0526315789473684,0.0526315789473684,561,...and I thought est was tough.
3376,0,2,36,38,1.0526315789473684,0.0367097806559429,561,I know! It's the only way to get any privacy around here!
3376,0,2,36,38,1.0526315789473684,0.0367097806559429,561,I'd like to see them chatting with this thing on.
3376,0,2,36,38,1.0526315789473684,0.0367097806559429,561,the cone-ine of silence
3376,0,2,36,38,1.0526315789473684,0.0367097806559429,561,"You can be the launch vehicle, I 'll be the re-entry vehicle."
3376,0,2,36,38,1.0526315789473684,0.0367097806559429,561,How long do you think we can preserve bilateral symmetry?
3376,1,0,37,38,1.0526315789473684,0.0526315789473684,561,No wonder humans can't figure out the opposite sex.
3376,0,2,36,38,1.0526315789473684,0.0367097806559429,561,I'll scratch your hindquarter if you disturb my hot spot.
3376,0,2,36,38,1.0526315789473684,0.0367097806559429,561,Why doesn't anyone else see eye to eye?
3376,0,2,36,38,1.0526315789473684,0.0367097806559429,561,Shade for each other.
3376,0,2,36,38,1.0526315789473684,0.0367097806559429,561,Welcome to the cone of silence.
3376,0,2,36,38,1.0526315789473684,0.0367097806559429,561,"Don't worry. His next lesson is, 'Drawing the Dog's Head.'"
3376,0,2,36,38,1.0526315789473684,0.0367097806559429,561,It's nice to get away.
3376,1,0,37,38,1.0526315789473684,0.0526315789473684,561,Thank you for meeting me in private.
3376,0,2,36,38,1.0526315789473684,0.0367097806559429,561,Who's your specialist?
3376,0,2,36,38,1.0526315789473684,0.0367097806559429,561,Sniff. Sniff. Sniff?
3376,0,2,36,38,1.0526315789473684,0.0367097806559429,561,"Like I said, pulling 'em off from the INSIDE isn't gonna work, dude..."
3376,0,2,36,38,1.0526315789473684,0.0367097806559429,561,We've got to stop eating like this...
3376,0,2,36,38,1.0526315789473684,0.0367097806559429,561,Come in Tokyo!
3376,0,2,36,38,1.0526315789473684,0.0367097806559429,561,"Ewe, Dogbreath"
3376,0,2,36,38,1.0526315789473684,0.0367097806559429,561,"We're so close, but I don't see your point..."
3376,0,2,36,38,1.0526315789473684,0.0367097806559429,561,So your secret plan to defeat the squirrels is to bark at them some more? Brilliant!
3376,0,2,36,38,1.0526315789473684,0.0367097806559429,561,"Here's the plan. I'll lick whatever I can on you, and you do the same for me."
3376,0,2,36,38,1.0526315789473684,0.0367097806559429,561,I hear that this is even more secure than encryption.
3376,0,2,36,38,1.0526315789473684,0.0367097806559429,561,Welcome to the cones of defiance.
3376,0,2,36,38,1.0526315789473684,0.0367097806559429,561,Next time let's stick with the spaghetti.
3376,0,2,36,38,1.0526315789473684,0.0367097806559429,561,"Yeah, no one cares about the president's tax returns but the press."
3376,1,0,37,38,1.0526315789473684,0.0526315789473684,561,My first tete-a-tete was with a French poodle named Pierre.
3376,1,0,37,38,1.0526315789473684,0.0526315789473684,561,Don't bark!
3376,0,2,36,38,1.0526315789473684,0.0367097806559429,561,"Your right, this thing drowns out all the political complaining."
3376,0,2,36,38,1.0526315789473684,0.0367097806559429,561,"Now the proper way to French Kiss is with the tongue. Oh, I see!"
3376,0,2,36,38,1.0526315789473684,0.0367097806559429,561,Yes I hear you
3376,0,2,36,38,1.0526315789473684,0.0367097806559429,561,It's only a rash and who says I gave it to you?
3376,0,2,36,38,1.0526315789473684,0.0367097806559429,561,If you bite my back I'll bite yours
3376,0,2,36,38,1.0526315789473684,0.0367097806559429,561,This neutering thing doesn't work at either end.
3376,0,2,36,38,1.0526315789473684,0.0367097806559429,561,Doggy style is NOT an option.
3376,1,0,37,38,1.0526315789473684,0.0526315789473684,561,Wiretap this!
3376,0,2,36,38,1.0526315789473684,0.0367097806559429,561,"So Putin's dog told me this about the e-mails."""
3376,0,2,36,38,1.0526315789473684,0.0367097806559429,561,Pass it along. Obama wiretapped.
3376,0,2,36,38,1.0526315789473684,0.0367097806559429,561,Do you smell the sea?
3376,0,2,36,38,1.0526315789473684,0.0367097806559429,561,Introduction to celibacy
3376,0,2,36,38,1.0526315789473684,0.0367097806559429,561,I can't find your lips.
3376,0,2,36,38,1.0526315789473684,0.0367097806559429,561,I thought you said this would be sexy.
3376,0,2,36,38,1.0526315789473684,0.0367097806559429,561,"I have a new look on life, but there's a chance I've lost my marbles."
3376,0,2,36,38,1.0526315789473684,0.0367097806559429,561,I can't believe we both have the Cone of Silence
3376,0,2,36,38,1.0526315789473684,0.0367097806559429,561,"Shirley, I have eyes for no but you."
3376,0,2,36,38,1.0526315789473684,0.0367097806559429,561,"No matter the question, Love is the answer."
3376,0,2,36,38,1.0526315789473684,0.0367097806559429,561,Encrypted messaging: you may begin.
3376,0,2,36,38,1.0526315789473684,0.0367097806559429,561,I hate the cones of silence!
3376,0,2,36,38,1.0526315789473684,0.0367097806559429,561,"""This beats the heck out of the other end""."
3376,0,2,36,38,1.0526315789473684,0.0367097806559429,561,Hot spots. You?
3376,0,2,36,38,1.0526315789473684,0.0367097806559429,561,We've gotta go on meeting like this!
3376,0,2,36,38,1.0526315789473684,0.0367097806559429,561,Let me know how I'm doing.
3376,0,2,36,38,1.0526315789473684,0.0367097806559429,561,You think they are going to turn into cameras?
3376,0,2,36,38,1.0526315789473684,0.0367097806559429,561,I thought they were going to remove you.
3376,0,2,36,38,1.0526315789473684,0.0367097806559429,561,It's now a double cone of silence.
3376,0,2,36,38,1.0526315789473684,0.0367097806559429,561,"""First and foremost your breath!'"
3376,0,2,36,38,1.0526315789473684,0.0367097806559429,561,"Would you believe, I missed it by THAT much...? ... I said, WOULD YOU BELIEVE, I MISSED IT BY T-H-A-T MUCH...?! I said,..."
3376,0,2,36,38,1.0526315789473684,0.0367097806559429,561,Let's put our heads together
3376,0,2,36,38,1.0526315789473684,0.0367097806559429,561,"Not a speaker, a woofer."
3376,0,2,36,38,1.0526315789473684,0.0367097806559429,561,Your vet or my vet?
3376,0,2,36,38,1.0526315789473684,0.0367097806559429,561,Sometimes it feels like we're the only ones in the world.
3376,0,2,36,38,1.0526315789473684,0.0367097806559429,561,I can't stop licking my balls. You?
3376,0,2,36,38,1.0526315789473684,0.0367097806559429,561,Don't let the mouse know these things amplify our hearing. This way we can hear what the mouse is plotting while the cat is away.
3376,0,2,36,38,1.0526315789473684,0.0367097806559429,561,"Oh my, that's embarrassing. I just bit a kid."
3376,0,2,36,38,1.0526315789473684,0.0367097806559429,561,She suspects nothing.
3376,0,2,36,38,1.0526315789473684,0.0367097806559429,561,What's up dog?
3376,0,2,36,38,1.0526315789473684,0.0367097806559429,561,"86!"" ""99!"" ""Did you chew up the shoe phone, too?"
3376,0,2,36,38,1.0526315789473684,0.0367097806559429,561,You are the sunshine of my life.
3376,0,2,36,38,1.0526315789473684,0.0367097806559429,561,At least there are now wiretaps in here.
3376,0,2,36,38,1.0526315789473684,0.0367097806559429,561,We should give up. I don't even think Houdini could escape this one.
3376,0,2,36,38,1.0526315789473684,0.0367097806559429,561,So that's what these things are for!
3376,0,2,36,38,1.0526315789473684,0.0367097806559429,561,...they needed a way to make sure that they weren't talking past each other.
3376,0,2,36,38,1.0526315789473684,0.0367097806559429,561,Let´s have a face to face dialogue without frictions.
3376,0,2,36,38,1.0526315789473684,0.0367097806559429,561,It's still on--we break out at midnight.
3376,0,2,36,38,1.0526315789473684,0.0367097806559429,561,"Sure, this looks silly. But, according to Fox News, owners are wiretapping leashes."
3376,0,2,36,38,1.0526315789473684,0.0367097806559429,561,I am glad they are perfecting their snipping skills on this end before they take their scalpels to the other end.
3376,0,2,36,38,1.0526315789473684,0.0367097806559429,561,Those damn humans.
3376,0,2,36,38,1.0526315789473684,0.0367097806559429,561,"Did not, did to, did not, did to, did not, did to"
3376,0,2,36,38,1.0526315789473684,0.0367097806559429,561,"I'm sorry we fought, too."
3376,1,0,37,38,1.0526315789473684,0.0526315789473684,561,"I think I finally understand the term ""Dog Breath"" now."
3376,0,2,36,38,1.0526315789473684,0.0367097806559429,561,Turnabout.
3376,0,2,36,38,1.0526315789473684,0.0367097806559429,561,This is awkward but I forgot your name too.
3376,0,2,36,38,1.0526315789473684,0.0367097806559429,561,Wouldn't it be easier to just text each other?
3376,0,2,36,38,1.0526315789473684,0.0367097806559429,561,"Clearly, you've been spending too much time with Fido Snowden."
3376,0,2,36,38,1.0526315789473684,0.0367097806559429,561,I hate being MC Escher's dog!
3376,0,2,36,38,1.0526315789473684,0.0367097806559429,561,Obama bugged my kennel
3376,1,0,37,38,1.0526315789473684,0.0526315789473684,561,I prefer the old tin can and string method of communicating.
3376,0,2,36,38,1.0526315789473684,0.0367097806559429,561,Nosy dogs know nose to nose control.
3376,0,2,36,38,1.0526315789473684,0.0367097806559429,561,I hear you Dawg!
3376,0,2,36,38,1.0526315789473684,0.0367097806559429,561,Gridlocked parties in transition.
3376,1,0,37,38,1.0526315789473684,0.0526315789473684,561,Coney Island hot dogs
3376,0,2,36,38,1.0526315789473684,0.0367097806559429,561,They were afraid the ASPCA might be listening in on their conversations.
3376,0,2,36,38,1.0526315789473684,0.0367097806559429,561,They take our manhood and then expect us to cheer about it.
3376,0,2,36,38,1.0526315789473684,0.0367097806559429,561,"OK. On three, we'll lick each others wounds. They won't see it coming."
3376,0,2,36,38,1.0526315789473684,0.0367097806559429,561,Apparently need to do this in order to complete the registration process (?)
3376,0,2,36,38,1.0526315789473684,0.0367097806559429,561,"Laila, the first dog in space in 1957 showed no side effects until recently."
3376,0,2,36,38,1.0526315789473684,0.0367097806559429,561,"The shape helps you heal, the foil blocks government microwaves."
3376,0,2,36,38,1.0526315789473684,0.0367097806559429,561,My owner has a Russian hat.
3376,0,2,36,38,1.0526315789473684,0.0367097806559429,561,You look awfully familiar.
3376,0,2,36,38,1.0526315789473684,0.0367097806559429,561,I LOVE YOU!
3376,0,2,36,38,1.0526315789473684,0.0367097806559429,561,the Vet said it was origami or something?
3376,0,2,36,38,1.0526315789473684,0.0367097806559429,561,Why are YOU being punished?
3376,0,2,36,38,1.0526315789473684,0.0367097806559429,561,Can you get the light?
3376,0,2,36,38,1.0526315789473684,0.0367097806559429,561,"So, it's a no-go at the dog park?"
3376,0,2,36,38,1.0526315789473684,0.0367097806559429,561,I thought deep state was a myth.
3376,0,2,36,38,1.0526315789473684,0.0367097806559429,561,"Finally, a true cone of privacy!"
3376,0,2,36,38,1.0526315789473684,0.0367097806559429,561,Do we have HBO?
3376,1,0,37,38,1.0526315789473684,0.0526315789473684,561,"Could this be one of those ""quid pro quo"" scenarios?"
3376,0,2,36,38,1.0526315789473684,0.0367097806559429,561,"Look, I don't know why we're doing this either. All I know is that we're going to get a really good treat when it's over."
3376,0,2,36,38,1.0526315789473684,0.0367097806559429,561,"A source told me, you had been wiretapped."
3376,0,2,36,38,1.0526315789473684,0.0367097806559429,561,"Super glue and ""pull"" seemed like a good idea."
3376,0,2,36,38,1.0526315789473684,0.0367097806559429,561,Does anyone know you're here?
3376,0,2,36,38,1.0526315789473684,0.0367097806559429,561,"Heads, heads. Ok, let's toss again."
3376,0,2,36,38,1.0526315789473684,0.0367097806559429,561,You're a cone head!!!...No you are the cone head!!!
3376,0,2,36,38,1.0526315789473684,0.0367097806559429,561,"Two pups, two cups"
3376,0,2,36,38,1.0526315789473684,0.0367097806559429,561,Which of us gets the head?
3376,0,2,36,38,1.0526315789473684,0.0367097806559429,561,Do you think the NSA can hear us?
3376,0,2,36,38,1.0526315789473684,0.0367097806559429,561,I’ve only got hives for you.
3376,0,2,36,38,1.0526315789473684,0.0367097806559429,561,Hello!... hello...hello
3376,0,2,36,38,1.0526315789473684,0.0367097806559429,561,We really don't go on meeting like this.
3376,0,2,36,38,1.0526315789473684,0.0367097806559429,561,I needed to facetime with you.
3376,0,2,36,38,1.0526315789473684,0.0367097806559429,561,My master will never conedone this affair.
3376,0,2,36,38,1.0526315789473684,0.0367097806559429,561,"Well Rex, it seems like we've gotten ourselves into a rather conical situation."
3376,0,2,36,38,1.0526315789473684,0.0367097806559429,561,"You're my whole world."" ""You're MY whole world."
3376,1,0,37,38,1.0526315789473684,0.0526315789473684,561,This President Tweet Trump shield works great!
3376,0,2,36,38,1.0526315789473684,0.0367097806559429,561,"Well, you definitely have dog breath."
3376,0,2,36,38,1.0526315789473684,0.0367097806559429,561,Kelly Ann Conwaying
3376,0,2,36,38,1.0526315789473684,0.0367097806559429,561,It's our little secret.
3376,0,2,36,38,1.0526315789473684,0.0367097806559429,561,NASA we have capture...
3376,0,2,36,38,1.0526315789473684,0.0367097806559429,561,Mutual attraction
3376,1,0,37,38,1.0526315789473684,0.0526315789473684,561,it's a dog eat what world ?
3376,0,2,36,38,1.0526315789473684,0.0367097806559429,561,Really! Why are they called handcuffs then?
3376,0,2,36,38,1.0526315789473684,0.0367097806559429,561,Your secret is safe with me.
3376,0,2,36,38,1.0526315789473684,0.0367097806559429,561,At least we're sniffing face-to-face.
3376,1,0,37,38,1.0526315789473684,0.0526315789473684,561,Is this also a doggy style?
3376,0,2,36,38,1.0526315789473684,0.0367097806559429,561,Yikes! We really do have doggy breath!
3376,0,2,36,38,1.0526315789473684,0.0367097806559429,561,This way they can't wiretap us.
3376,0,2,36,38,1.0526315789473684,0.0367097806559429,561,A Queen Anne's Meeting of the Minds
3376,0,2,36,38,1.0526315789473684,0.0367097806559429,561,"But seriously, this stays in the cones of silence."
3376,0,2,36,38,1.0526315789473684,0.0367097806559429,561,It' a secret
3376,0,2,36,38,1.0526315789473684,0.0367097806559429,561,"My apologies Sir, but you sure look like my mirror."
3376,0,2,36,38,1.0526315789473684,0.0367097806559429,561,If we team up we can lick all the forbidden spots!
3376,0,2,36,38,1.0526315789473684,0.0367097806559429,561,"K-9 Whisper Dish: ""Do we have to be this close?"""
3376,1,0,37,38,1.0526315789473684,0.0526315789473684,561,Did anyone tell you you're a sick puppy?
3376,0,2,36,38,1.0526315789473684,0.0367097806559429,561,I've always wanted to know what kissing a conehead would be like
3376,0,2,36,38,1.0526315789473684,0.0367097806559429,561,This Elizabethan kissing is not all it's cracked up to be!
3376,0,2,36,38,1.0526315789473684,0.0367097806559429,561,Here's the deal - I'll lick your stitches if you lick mine.
3376,0,2,36,38,1.0526315789473684,0.0367097806559429,561,"I know, it's so weird greeting you this way!"
3376,0,2,36,38,1.0526315789473684,0.0367097806559429,561,It guarantees that no one can eavesdrop...
3376,0,2,36,38,1.0526315789473684,0.0367097806559429,561,Smells like butt.
3376,0,2,36,38,1.0526315789473684,0.0367097806559429,561,"Why, I have Munchausen's as well!"
3376,0,2,36,38,1.0526315789473684,0.0367097806559429,561,It beats spaghetti.
3376,0,2,36,38,1.0526315789473684,0.0367097806559429,561,I been thinking we should get a cat.
3376,0,2,36,38,1.0526315789473684,0.0367097806559429,561,It's supposed to be a secret ballot.
3376,0,2,36,38,1.0526315789473684,0.0367097806559429,561,"You were right of course, we needed an interim President"
3376,0,2,36,38,1.0526315789473684,0.0367097806559429,561,Desperate times call for desperate measures.
3376,0,2,36,38,1.0526315789473684,0.0367097806559429,561,"Don't know about you, but I think this Rin Tin Tin thing is going just a bit too far."
3376,0,2,36,38,1.0526315789473684,0.0367097806559429,561,"No need to hurry, they can't see us."
3376,0,2,36,38,1.0526315789473684,0.0367097806559429,561,Well I feel like a fish out of water.
3376,0,2,36,38,1.0526315789473684,0.0367097806559429,561,"You find a string, I'll find some cans."
3376,0,2,36,38,1.0526315789473684,0.0367097806559429,561,"""First tame, then lame, then this cone-of-shame, but, I'm so happy to have met such a great dane."
3376,0,2,36,38,1.0526315789473684,0.0367097806559429,561,I'll lick your wound if you'll lick mine.
3376,0,2,36,38,1.0526315789473684,0.0367097806559429,561,Why don't you have your agent contact my agent?
3376,0,2,36,38,1.0526315789473684,0.0367097806559429,561,"A little to the left, Ah, that's it."
3376,0,2,36,38,1.0526315789473684,0.0367097806559429,561,I suppose we could just lick each other.
3376,0,2,36,38,1.0526315789473684,0.0367097806559429,561,"(In a low whisper): ""Careful, low-tail, we're being hacked by a Russian wolfhound who drives a taxi."""
3376,0,2,36,38,1.0526315789473684,0.0367097806559429,561,I lick your butt if you lick mine.
3376,0,2,36,38,1.0526315789473684,0.0367097806559429,561,"Well, at least we have some privacy now..."
3376,0,2,36,38,1.0526315789473684,0.0367097806559429,561,"I said itch, not bitch."
3376,1,0,37,38,1.0526315789473684,0.0526315789473684,561,scratch my itch bitch
3376,0,2,36,38,1.0526315789473684,0.0367097806559429,561,I spy...nothing! Now get outta my face!
3376,0,2,36,38,1.0526315789473684,0.0367097806559429,561,You're right. It doesn't look nearly as goofy from here.
3376,0,2,36,38,1.0526315789473684,0.0367097806559429,561,Idiots! Who asked for a shrink?!
3376,0,2,36,38,1.0526315789473684,0.0367097806559429,561,You had lasagne for lunch today.
3376,0,2,36,38,1.0526315789473684,0.0367097806559429,561,"Conehead!"" ""Funnel brain"
3376,0,2,36,38,1.0526315789473684,0.0367097806559429,561,"This is couple's counseling for dogs?!"" or ""Do you think they can still hear us?"" or ""I find you more attractive already."
3376,0,2,36,38,1.0526315789473684,0.0367097806559429,561,"This is surreal, not being able to go around back first."
3376,0,2,36,38,1.0526315789473684,0.0367097806559429,561,At least we have a woof over our heads.
3376,0,2,36,38,1.0526315789473684,0.0367097806559429,561,'' ARE YOU SURE WE'RE BEING WIRETAPPED ? ''
3376,0,2,36,38,1.0526315789473684,0.0367097806559429,561,I say we run and never look back.
3376,1,0,37,38,1.0526315789473684,0.0526315789473684,561,Healthcare has really gone to the dogs.
3376,0,2,36,38,1.0526315789473684,0.0367097806559429,561,"I'm not normally tolerant of back-biters, but..."
3376,0,2,36,38,1.0526315789473684,0.0367097806559429,561,Thank goodness for our long tongues.
3376,0,2,36,38,1.0526315789473684,0.0367097806559429,561,"OK, and where do you want me to lick you?"
3376,0,2,36,38,1.0526315789473684,0.0367097806559429,561,Wag your tail when you see the light.
3376,0,2,36,38,1.0526315789473684,0.0367097806559429,561,Is this private enough?
3376,0,2,36,38,1.0526315789473684,0.0367097806559429,561,You compulsively scratch yourself raw and still get bacon for breakfast. The Smith and Davis households…a block apart and half a world away.
3376,0,2,36,38,1.0526315789473684,0.0367097806559429,561,This is hot.
3376,0,2,36,38,1.0526315789473684,0.0367097806559429,561,Are we great again?
3376,0,2,36,38,1.0526315789473684,0.0367097806559429,561,"Blow in my ear, and I""ll follow you anywhere..."
3376,1,0,37,38,1.0526315789473684,0.0526315789473684,561,Your guy was watching 'The Price Is Right' too?
3376,0,2,36,38,1.0526315789473684,0.0367097806559429,561,I haven't been able to freshen up either! Can you help me out?
3376,0,2,36,38,1.0526315789473684,0.0367097806559429,561,"As long as we stay like this, nobody can see us!"
3376,0,2,36,38,1.0526315789473684,0.0367097806559429,561,Where did you go?
3376,0,2,36,38,1.0526315789473684,0.0367097806559429,561,"No, this way smells just as bad."
3376,1,0,37,38,1.0526315789473684,0.0526315789473684,561,I still think Obama is wiretapping us.
3376,0,2,36,38,1.0526315789473684,0.0367097806559429,561,It was worth it. How 'bout for you?
3376,0,2,36,38,1.0526315789473684,0.0367097806559429,561,I won't tell if you don't.
3376,0,2,36,38,1.0526315789473684,0.0367097806559429,561,Day turns into night whenever we nuzzle. We must be in puppy love!
3376,0,2,36,38,1.0526315789473684,0.0367097806559429,561,Copy dog!
3376,0,2,36,38,1.0526315789473684,0.0367097806559429,561,Thank God for these incredibly long tongues we have.
3376,0,2,36,38,1.0526315789473684,0.0367097806559429,561,I've never been so self-conscious about my breath.
3376,0,2,36,38,1.0526315789473684,0.0367097806559429,561,I can't seem to get any tail either.
3376,0,2,36,38,1.0526315789473684,0.0367097806559429,561,Looks like a Mexican Hairless standoff to me.
3376,0,2,36,38,1.0526315789473684,0.0367097806559429,561,Shhhh - let's outsmart 'em -- I'll use my x*#^& collar to scratch my back and you do the same for me. Shhhhh.
3376,0,2,36,38,1.0526315789473684,0.0367097806559429,561,"Is this like ""fake news""?"
3376,0,2,36,38,1.0526315789473684,0.0367097806559429,561,"Next time, just chase my tail..."
3376,0,2,36,38,1.0526315789473684,0.0367097806559429,561,"When we talk like this, I can not tell if you are happy."
3376,0,2,36,38,1.0526315789473684,0.0367097806559429,561,I'll sniff yours if you'll sniff mine.
3376,0,2,36,38,1.0526315789473684,0.0367097806559429,561,They're called woofers. LOL.
3376,0,2,36,38,1.0526315789473684,0.0367097806559429,561,We have to quit meeting like this.
3376,0,2,36,38,1.0526315789473684,0.0367097806559429,561,"Co-pays up, coverage down-- at least they had promised us ACCESS."
3376,0,2,36,38,1.0526315789473684,0.0367097806559429,561,This isn't exactly what I meant by 'private'.
3376,0,2,36,38,1.0526315789473684,0.0367097806559429,561,I'm pretty sure this is a HIPAA violation
3376,0,2,36,38,1.0526315789473684,0.0367097806559429,561,"Just remember, not a woof. This is under the cone of silence."
3376,0,2,36,38,1.0526315789473684,0.0367097806559429,561,I got mine for licking my balls. How 'bout you?
3376,0,2,36,38,1.0526315789473684,0.0367097806559429,561,I don't think the microwaves can get us now...
3376,0,2,36,38,1.0526315789473684,0.0367097806559429,561,"Not sure why they put this on me, but I can hear great!"
3376,0,2,36,38,1.0526315789473684,0.0367097806559429,561,O.K. How we gonna get more nitrous?
3376,0,2,36,38,1.0526315789473684,0.0367097806559429,561,I just learned they've been bugging me. Is that legal?
3376,0,2,36,38,1.0526315789473684,0.0367097806559429,561,Hey dog-breath
3376,0,2,36,38,1.0526315789473684,0.0367097806559429,561,Warf! Warf!
3376,0,2,36,38,1.0526315789473684,0.0367097806559429,561,I hate speed dating.
3376,0,2,36,38,1.0526315789473684,0.0367097806559429,561,Rin TIN TIN
3376,0,2,36,38,1.0526315789473684,0.0367097806559429,561,I want to tell you about this article I read on Breitbart News...
3376,0,2,36,38,1.0526315789473684,0.0367097806559429,561,"I swear, if you burp..."
3376,0,2,36,38,1.0526315789473684,0.0367097806559429,561,Hey dog you ever hear of breath mints?
3376,0,2,36,38,1.0526315789473684,0.0367097806559429,561,Shame me shame me slower !!!
3376,0,2,36,38,1.0526315789473684,0.0367097806559429,561,"I'll lick yours if you lick mine. Legally, that's cool."
3376,0,2,36,38,1.0526315789473684,0.0367097806559429,561,My vet said this would be a good way to meet girls.
3376,0,2,36,38,1.0526315789473684,0.0367097806559429,561,"'As far as I know, no 9000 computer has ever been disconnected.'"
3376,0,2,36,38,1.0526315789473684,0.0367097806559429,561,French kissing could help in healing emotional wounds.
3376,0,2,36,38,1.0526315789473684,0.0367097806559429,561,Get a doghouse.
3376,1,0,37,38,1.0526315789473684,0.0526315789473684,561,What??
3376,1,0,37,38,1.0526315789473684,0.0526315789473684,561,What we have here is failure to cone-municate.
3376,0,2,36,38,1.0526315789473684,0.0367097806559429,561,Whisper in my ear
3376,0,2,36,38,1.0526315789473684,0.0367097806559429,561,The Cartoon Censor Board makes us kiss this way.
3376,1,0,37,38,1.0526315789473684,0.0526315789473684,561,Time for Sparkie's Skype chat!
3376,0,2,36,38,1.0526315789473684,0.0367097806559429,561,'Have I told you how lovely you look in this light?'
3376,0,2,36,38,1.0526315789473684,0.0367097806559429,561,"The cone of silence has , once again, baffled our security agents as Daisy and Duke discuss the mailman's weaknesses."
3376,0,2,36,38,1.0526315789473684,0.0367097806559429,561,I won't reverse either!
3376,1,0,37,38,1.0526315789473684,0.0526315789473684,561,This is ruff.
3376,0,2,36,38,1.0526315789473684,0.0367097806559429,561,I was getting too good at fetch. What's your excuse?
3376,0,2,36,38,1.0526315789473684,0.0367097806559429,561,I always thought you had only one eye.
3376,0,2,36,38,1.0526315789473684,0.0367097806559429,561,Let go of the bone it's my bone
3376,1,0,37,38,1.0526315789473684,0.0526315789473684,561,"You scratch my belly, and I'll scratch yours."
3376,0,2,36,38,1.0526315789473684,0.0367097806559429,561,I crave a cone of silence every once in a while.
3376,0,2,36,38,1.0526315789473684,0.0367097806559429,561,"Hey Chief, is this the cone of silence?"
3376,0,2,36,38,1.0526315789473684,0.0367097806559429,561,"Okay. Now, we say ""Biggie Smalls"" three times, and this nightmare goes away."
3376,0,2,36,38,1.0526315789473684,0.0367097806559429,561,We can't go on meeting like this!
3376,0,2,36,38,1.0526315789473684,0.0367097806559429,561,Canine solution to alleged domestic spying operations
3376,0,2,36,38,1.0526315789473684,0.0367097806559429,561,Echo Chamber
3376,0,2,36,38,1.0526315789473684,0.0367097806559429,561,Stop talking! I can't hear myself.
3376,0,2,36,38,1.0526315789473684,0.0367097806559429,561,"OK, so I might not be able to get to MINE, but..."
3376,1,0,37,38,1.0526315789473684,0.0526315789473684,561,You lick mine. . .and I'll look yours.
3376,1,0,37,38,1.0526315789473684,0.0526315789473684,561,We need to have a real head-to-head conversation.
3376,0,2,36,38,1.0526315789473684,0.0367097806559429,561,"You don't think we're being a bit paranoid, do you? After all, we're just dogs."
3376,0,2,36,38,1.0526315789473684,0.0367097806559429,561,My rear-ender whiplash was worse than yours.
3376,0,2,36,38,1.0526315789473684,0.0367097806559429,561,"Dog breath, magnified"
3376,0,2,36,38,1.0526315789473684,0.0367097806559429,561,Siafleas Twins.
3376,0,2,36,38,1.0526315789473684,0.0367097806559429,561,Oh ! You ain't nuthin' but a hound dog !
3376,0,2,36,38,1.0526315789473684,0.0367097806559429,561,We have a lot in common. Shall we move on to mating?
3376,0,2,36,38,1.0526315789473684,0.0367097806559429,561,Chinese dog cuff!
3376,0,2,36,38,1.0526315789473684,0.0367097806559429,561,"Sorry about that chief, I'll address my bad breath the next time we use the Cone of Silence."
3376,0,2,36,38,1.0526315789473684,0.0367097806559429,561,Ok. Say twenty Hail Mary's and keep fle Ok. Say twenty Hail Mary's and don't fight with any more flea-bitten dogs.
3376,0,2,36,38,1.0526315789473684,0.0367097806559429,561,This is not how I remember Spot describing 'mouth-to-mouth'
3376,0,2,36,38,1.0526315789473684,0.0367097806559429,561,"How dogs can say "" Fetch it yourself' without getting into trouble."
3376,0,2,36,38,1.0526315789473684,0.0367097806559429,561,In protest to Snapchat filters
3376,0,2,36,38,1.0526315789473684,0.0367097806559429,561,Double dog dare faceoff
3376,0,2,36,38,1.0526315789473684,0.0367097806559429,561,At least these stupid E-collars give us some privacy.
3376,0,2,36,38,1.0526315789473684,0.0367097806559429,561,My breath or yours?
3376,1,0,37,38,1.0526315789473684,0.0526315789473684,561,Good! Now that we're alone...
3376,1,0,37,38,1.0526315789473684,0.0526315789473684,561,"I'm telling you Rex, Obama put cameras in the microwave. This oughta keep us safe."
3376,0,2,36,38,1.0526315789473684,0.0367097806559429,561,"Max, this is so earitating!"
3376,0,2,36,38,1.0526315789473684,0.0367097806559429,561,At least we can still kiss.
3376,0,2,36,38,1.0526315789473684,0.0367097806559429,561,"Agent 89, activate the cone of silence!"
3376,0,2,36,38,1.0526315789473684,0.0367097806559429,561,Twas the day two dogs faced a giant butthole surrounding a face.
3376,0,2,36,38,1.0526315789473684,0.0367097806559429,561,"You too, huh? But we'll always have Paris."
3376,0,2,36,38,1.0526315789473684,0.0367097806559429,561,"We'll have to stop meeting like this, any suggestion's?"
3376,0,2,36,38,1.0526315789473684,0.0367097806559429,561,This human centipede sequel sure took a strange turn.
3376,0,2,36,38,1.0526315789473684,0.0367097806559429,561,Now we can talk. I would like to see the NSA get in here!
3376,0,2,36,38,1.0526315789473684,0.0367097806559429,561,Please God. Not Hillary for Mayor.
3376,0,2,36,38,1.0526315789473684,0.0367097806559429,561,I've loved you ever since Ann Arbor
3376,0,2,36,38,1.0526315789473684,0.0367097806559429,561,Do you cone here a lot?
3376,0,2,36,38,1.0526315789473684,0.0367097806559429,561,"I hear that ""Saturday Night Live"" is resurrecting the ""Cone heads"" sketches and I was thinking of auditioning. You with me?"
3376,0,2,36,38,1.0526315789473684,0.0367097806559429,561,"The Humans can’t hear us talk in here, right?"
3376,0,2,36,38,1.0526315789473684,0.0367097806559429,561,you have bad breath !!
3376,0,2,36,38,1.0526315789473684,0.0367097806559429,561,As you lunge for the stupid ball I'll snag the bag of biscuits in his other hand.
3376,0,2,36,38,1.0526315789473684,0.0367097806559429,561,"This way, we should be safe from the microwave camera."
3376,0,2,36,38,1.0526315789473684,0.0367097806559429,561,Trust me....this ear job is better than that rear job.
3376,0,2,36,38,1.0526315789473684,0.0367097806559429,561,Where is 99?
3376,0,2,36,38,1.0526315789473684,0.0367097806559429,561,Is this what they mean by tunnel vision?
3376,0,2,36,38,1.0526315789473684,0.0367097806559429,561,But are you up to scratch for me too?
3376,0,2,36,38,1.0526315789473684,0.0367097806559429,561,"On the plus side, it's great for sharing secrets."
3376,0,2,36,38,1.0526315789473684,0.0367097806559429,561,You need a Tic-Tac!
3376,0,2,36,38,1.0526315789473684,0.0367097806559429,561,"Old Yeller, the ""fixed"" edition."
3376,0,2,36,38,1.0526315789473684,0.0367097806559429,561,Whew! Your breath! Let's great the usual way.
3376,0,2,36,38,1.0526315789473684,0.0367097806559429,561,"But Chief, policy dictates we use the Cone of Silence."
3376,0,2,36,38,1.0526315789473684,0.0367097806559429,561,'Echo Chambers' are the politics of today.
3376,0,2,36,38,1.0526315789473684,0.0367097806559429,561,"I'm sorry, this position just isn't working for me. Can we try something else?"
3376,0,2,36,38,1.0526315789473684,0.0367097806559429,561,"My name is Edison , not Gates"
3376,1,0,37,38,1.0526315789473684,0.0526315789473684,561,"""It wasn't my idea to come back to the 'hood""."
3376,0,2,36,38,1.0526315789473684,0.0367097806559429,561,I fell in love with your cone.
3376,0,2,36,38,1.0526315789473684,0.0367097806559429,561,Sometimes you just need a little privacy.
3376,0,2,36,38,1.0526315789473684,0.0367097806559429,561,"Ok, now bark like Marlene Dietrich."
3376,1,0,37,38,1.0526315789473684,0.0526315789473684,561,I know it looks strange but it's our only defense against wiretapping!
3376,0,2,36,38,1.0526315789473684,0.0367097806559429,561,My safe space was okay until now.
3376,0,2,36,38,1.0526315789473684,0.0367097806559429,561,Can you hear me now? How about now?
3376,0,2,36,38,1.0526315789473684,0.0367097806559429,561,"Your fear of wiretapping is getting a little extreme, don't you think?"
3376,0,2,36,38,1.0526315789473684,0.0367097806559429,561,Protected privacy at long last.
3376,0,2,36,38,1.0526315789473684,0.0367097806559429,561,"Finally, a little privacy"
3376,0,2,36,38,1.0526315789473684,0.0367097806559429,561,I really do have doggie breath!
3376,0,2,36,38,1.0526315789473684,0.0367097806559429,561,"It's a species-specific, ingenious way for bypassing gag orders."
3376,0,2,36,38,1.0526315789473684,0.0367097806559429,561,"You gnaw on my paw, I'll gnaw on yours, on three. Ready. Break!"
3376,0,2,36,38,1.0526315789473684,0.0367097806559429,561,"Goodbye privates, hello privacy."
3376,0,2,36,38,1.0526315789473684,0.0367097806559429,561,"Chief, deactivate the Cone of Silence! What?"
3376,0,2,36,38,1.0526315789473684,0.0367097806559429,561,"Now you've done it, McPhail. Just because my tail is wagging doesn't mean I'm talking."
3376,0,2,36,38,1.0526315789473684,0.0367097806559429,561,"Finally, a little bit of privacy!"
3376,0,2,36,38,1.0526315789473684,0.0367097806559429,561,Dog gone it- fancy meeting you here!
3376,0,2,36,38,1.0526315789473684,0.0367097806559429,561,You look familiar.Were you in Puppy Bowl XLV??
3376,0,2,36,38,1.0526315789473684,0.0367097806559429,561,i don't have a tail do you?
3376,0,2,36,38,1.0526315789473684,0.0367097806559429,561,Let's switch heads!
3376,0,2,36,38,1.0526315789473684,0.0367097806559429,561,Did your parents also want you to leave the house?.
3376,1,0,37,38,1.0526315789473684,0.0526315789473684,561,"""I saw it on television. It's called the cone of silence""."
3376,1,0,37,38,1.0526315789473684,0.0526315789473684,561,Shall we introduce ourselves?
3376,0,2,36,38,1.0526315789473684,0.0367097806559429,561,"I see your owner fixed you up too, huh?"
3376,0,2,36,38,1.0526315789473684,0.0367097806559429,561,Stop slobbering.
3376,0,2,36,38,1.0526315789473684,0.0367097806559429,561,I hate sniffing only your face
3376,0,2,36,38,1.0526315789473684,0.0367097806559429,561,"I thought they meant Elizabeth, New Jersey."
3376,0,2,36,38,1.0526315789473684,0.0367097806559429,561,"Stop it, you're giving me a hickey!"
3376,0,2,36,38,1.0526315789473684,0.0367097806559429,561,"I'll scratch yours if you scratch mine, Vladimir."
3376,0,2,36,38,1.0526315789473684,0.0367097806559429,561,We're necking.
3376,0,2,36,38,1.0526315789473684,0.0367097806559429,561,Maybe if we put our heads together we can figure out a way to get this contraption off.
3376,0,2,36,38,1.0526315789473684,0.0367097806559429,561,"I offered you a breath mint, but Nooooo....."
3376,0,2,36,38,1.0526315789473684,0.0367097806559429,561,i was here first....
3376,0,2,36,38,1.0526315789473684,0.0367097806559429,561,"I asked what ""conjugation"" means, I didn't ask to experience it."
3376,0,2,36,38,1.0526315789473684,0.0367097806559429,561,"Well maybe if we just act casual, no one will notice. (Homage to Get Smart)"
3376,0,2,36,38,1.0526315789473684,0.0367097806559429,561,These cones don't have a chance against our combined dog breath.
3376,0,2,36,38,1.0526315789473684,0.0367097806559429,561,Well it's better than sniffing each other's butts.
3376,0,2,36,38,1.0526315789473684,0.0367097806559429,561,"Uh, actually, no, Fred. We are nothing like a pushmi-pullyu."
3376,0,2,36,38,1.0526315789473684,0.0367097806559429,561,I really love this new telecone.
3376,0,2,36,38,1.0526315789473684,0.0367097806559429,561,"What about you? All I did was try to lick my .... Hey, wait a minute!"
3376,0,2,36,38,1.0526315789473684,0.0367097806559429,561,We'll never sniff one another's butts this way.
3376,0,2,36,38,1.0526315789473684,0.0367097806559429,561,"We think, therefore we are?"
3376,1,0,37,38,1.0526315789473684,0.0526315789473684,561,New trick learned haters.
3376,0,2,36,38,1.0526315789473684,0.0367097806559429,561,the invention of the duocone has rendered the woofers ineffective.
3376,0,2,36,38,1.0526315789473684,0.0367097806559429,561,Nobody is going to know what we're up to.
3376,0,2,36,38,1.0526315789473684,0.0367097806559429,561,"Before I begin, is yours a Samsung?"
3376,0,2,36,38,1.0526315789473684,0.0367097806559429,561,"If only they would fit a cone over the other end, eh? Nir-vana."
3376,0,2,36,38,1.0526315789473684,0.0367097806559429,561,"Bye-bye pheromones, hello doggy breath."
3376,1,0,37,38,1.0526315789473684,0.0526315789473684,561,"If this is the cone of silence, why is your barking so loud?"
3376,0,2,36,38,1.0526315789473684,0.0367097806559429,561,My name's Max and I'm a licker...
3376,1,0,37,38,1.0526315789473684,0.0526315789473684,561,"Let's just say WikiLeaks will not be revealing the contents of this discussion, Kellyanne."
3376,0,2,36,38,1.0526315789473684,0.0367097806559429,561,"So long as I get Breitbart and Fox News in here, that's all I need."
3376,0,2,36,38,1.0526315789473684,0.0367097806559429,561,Finally we can be alone.
3376,0,2,36,38,1.0526315789473684,0.0367097806559429,561,"I said ""conical,"" not ""comical""!"
3376,0,2,36,38,1.0526315789473684,0.0367097806559429,561,This certainly forces us to do our listening exercises
3376,0,2,36,38,1.0526315789473684,0.0367097806559429,561,Not sure this is really going to work in the dog-eat-dog world out there.
4043,0,2,37,39,1.0512820512820513,0.03578157512432619,561,What do you see?
4043,0,2,37,39,1.0512820512820513,0.03578157512432619,561,"Listen up, I know your owner is a stand up guy but we got a beef with the shake down poodle thing a friend of ours is running."
4045,0,2,38,40,1.05,0.03489912202260563,561,"Hey man what's wrong with you?"" ""Well let's just say you're facing the wrong way"
4046,0,2,40,42,1.0476190476190477,0.033258585512837065,561,"I can see how dogfooding gets you annoyed, and I don't dig it either."
4047,0,2,43,45,1.0444444444444445,0.031067790907534747,561,Not so funny seeing you here.
4048,0,1,32,33,1.0303030303030303,0.030772872744833184,561,Crisis equals opportunity
4048,0,1,32,33,1.0303030303030303,0.030772872744833184,561,Love at first itch.
4048,0,1,32,33,1.0303030303030303,0.030772872744833184,561,"Okay, I'll lick your and you lick mine."
4048,0,1,32,33,1.0303030303030303,0.030772872744833184,561,Hey! Wassup? Nothing.
4048,0,1,32,33,1.0303030303030303,0.030772872744833184,561,Hi! I'm Sarah Kay's dog.
4048,0,1,32,33,1.0303030303030303,0.030772872744833184,561,Ssshh. They told me this was better than gastric banding.
4048,0,1,32,33,1.0303030303030303,0.030772872744833184,561,Oil can! Oil can!
4048,0,1,32,33,1.0303030303030303,0.030772872744833184,561,Good party.
4048,0,1,32,33,1.0303030303030303,0.030772872744833184,561,"A tale of two tails - ""Canines turned Coneheads."""
4048,0,1,32,33,1.0303030303030303,0.030772872744833184,561,I prefer meeting up the old way.
4048,0,1,32,33,1.0303030303030303,0.030772872744833184,561,At least we can still make out.
4048,0,1,32,33,1.0303030303030303,0.030772872744833184,561,"""Agent 99, how do you like the new cone of silence?"" Maxwell Smart"
4048,0,1,32,33,1.0303030303030303,0.030772872744833184,561,Conecopia.
4048,0,1,32,33,1.0303030303030303,0.030772872744833184,561,It was decided to try it doggy style.
4048,0,1,32,33,1.0303030303030303,0.030772872744833184,561,What's barked in the cones stays in the cones.
4048,0,1,32,33,1.0303030303030303,0.030772872744833184,561,Mûtt-à-mûtt
4048,0,1,32,33,1.0303030303030303,0.030772872744833184,561,"Old leftovers again, right?"
4048,0,1,32,33,1.0303030303030303,0.030772872744833184,561,"Trump says avoids ""surveillance."""
4048,0,1,32,33,1.0303030303030303,0.030772872744833184,561,"Don't know which is worse? Not being able to sniff, lick or kiss?"
4048,0,1,32,33,1.0303030303030303,0.030772872744833184,561,My therapist said this exercise reveals the essence of social media.
4048,0,1,32,33,1.0303030303030303,0.030772872744833184,561,Quid butt quo
4048,0,1,32,33,1.0303030303030303,0.030772872744833184,561,"I bite your back, you bite mine?"
4048,0,1,32,33,1.0303030303030303,0.030772872744833184,561,Doggie Deep State
4048,0,1,32,33,1.0303030303030303,0.030772872744833184,561,Are we there yet?
4048,0,1,32,33,1.0303030303030303,0.030772872744833184,561,No chance of them tapping us.
4048,0,1,32,33,1.0303030303030303,0.030772872744833184,561,I hope we're not being wiretapped.
4048,0,1,32,33,1.0303030303030303,0.030772872744833184,561,"Oooooh, this puts the old bum sniff in a new light."
4048,0,1,32,33,1.0303030303030303,0.030772872744833184,561,At least we can lick each other.
4048,0,1,32,33,1.0303030303030303,0.030772872744833184,561,I think I'm caught on your braces.
4048,0,1,32,33,1.0303030303030303,0.030772872744833184,561,How are they not seeing it our way?
4048,0,1,32,33,1.0303030303030303,0.030772872744833184,561,we shouldn't be meeting like this.
4048,0,1,32,33,1.0303030303030303,0.030772872744833184,561,"Heading into a ""Ruff patch"""
4048,0,1,32,33,1.0303030303030303,0.030772872744833184,561,"Chief?"" ""Yes Max?"" ""I think Kaos is tampering with our election."
4048,0,1,32,33,1.0303030303030303,0.030772872744833184,561,How did you fare at Westminister?
4048,0,1,32,33,1.0303030303030303,0.030772872744833184,561,"I think we're alone now, Gary. Can you believe that hospital? They treat us like dogs in there."
4048,0,1,32,33,1.0303030303030303,0.030772872744833184,561,"Is it just me, or does everybody's butt smell like plastic?"
4048,0,1,32,33,1.0303030303030303,0.030772872744833184,561,"Chief! Would you believe I was that close to nailing who tapped the Trump tower! No? Then, would you believe I was that close to sniffing out who dropped a package at the foot of the Russian Ambassador?"
4048,0,1,32,33,1.0303030303030303,0.030772872744833184,561,"""Cone of Shame"" my ass! I like this!"
4048,0,1,32,33,1.0303030303030303,0.030772872744833184,561,"I'll lick your paw, if you'll lick mine."
4048,0,1,32,33,1.0303030303030303,0.030772872744833184,561,Something about this doesn't smell right.
4048,0,1,32,33,1.0303030303030303,0.030772872744833184,561,How lampshades are made
4048,0,1,32,33,1.0303030303030303,0.030772872744833184,561,So what's the big secret.
4048,0,1,32,33,1.0303030303030303,0.030772872744833184,561,At last we can have some privacy!
4048,0,1,32,33,1.0303030303030303,0.030772872744833184,561,"OK, this is a court reporting nightmare."
4048,0,1,32,33,1.0303030303030303,0.030772872744833184,561,Doggy-blind situation
4048,0,1,32,33,1.0303030303030303,0.030772872744833184,561,"If you lick my stitches, I will like yours... Deal?"
4048,0,1,32,33,1.0303030303030303,0.030772872744833184,561,"Don't tell anyone but I still like ""it"" doggy style!"
4048,0,1,32,33,1.0303030303030303,0.030772872744833184,561,"Now, what is the passwor...wor...wor..."
4048,0,1,32,33,1.0303030303030303,0.030772872744833184,561,Conespiricy!
4048,0,1,32,33,1.0303030303030303,0.030772872744833184,561,How long do we have to remain quarantined together?
4048,0,1,32,33,1.0303030303030303,0.030772872744833184,561,I'll lick yours if you scratch mine.
4048,0,1,32,33,1.0303030303030303,0.030772872744833184,561,Real work happens in the middle.
4048,0,1,32,33,1.0303030303030303,0.030772872744833184,561,I kept trying to rip out the sutures from my surgery. What did you do to earn the Cone of Shame?
4048,0,1,32,33,1.0303030303030303,0.030772872744833184,561,Reclaiming the cone of shame
4048,0,1,32,33,1.0303030303030303,0.030772872744833184,561,Why didn't you invent fire so we could afford a nice new cave?
4048,0,1,32,33,1.0303030303030303,0.030772872744833184,561,So what else is new?
4048,0,1,32,33,1.0303030303030303,0.030772872744833184,561,"It's kind of a ""Hold my beer"" moment, don't you think?"
4048,0,1,32,33,1.0303030303030303,0.030772872744833184,561,"Okay, first you chew on the sore on my ear, then I'll do yours."
4048,0,1,32,33,1.0303030303030303,0.030772872744833184,561,Kissing....but no tongue
4048,0,1,32,33,1.0303030303030303,0.030772872744833184,561,I don't think that the Cone of Silence is working.
4048,0,1,32,33,1.0303030303030303,0.030772872744833184,561,Bet you can't lick your balls either!
4048,0,1,32,33,1.0303030303030303,0.030772872744833184,561,World's strangest doggone taxidermy.
4048,0,1,32,33,1.0303030303030303,0.030772872744833184,561,I blame Obama.
4048,0,1,32,33,1.0303030303030303,0.030772872744833184,561,Cone comity.
4048,0,1,32,33,1.0303030303030303,0.030772872744833184,561,Beating the system
4048,0,1,32,33,1.0303030303030303,0.030772872744833184,561,Cone Zone Bowow
4048,0,1,32,33,1.0303030303030303,0.030772872744833184,561,"A little higher, right behind that ear— rowf!"
4048,0,1,32,33,1.0303030303030303,0.030772872744833184,561,"You have my full attention, Abby."
4048,0,1,32,33,1.0303030303030303,0.030772872744833184,561,"If you think my breath smells good, you should try my butt."
4048,0,1,32,33,1.0303030303030303,0.030772872744833184,561,I see we shop at the same veterinarian for the latest fashions. Arf?
4048,0,1,32,33,1.0303030303030303,0.030772872744833184,561,Did anyone tell you that you have bad breath?
4048,0,1,32,33,1.0303030303030303,0.030772872744833184,561,Getting to know you.
4048,0,1,32,33,1.0303030303030303,0.030772872744833184,561,You really see me.
4048,0,1,32,33,1.0303030303030303,0.030772872744833184,561,"This will sound a little strange at first, but bear with me. Have you ever seen the movie, ""Strangers on a Train""?"
4048,0,1,32,33,1.0303030303030303,0.030772872744833184,561,Does your owner think you have a hearing problem too?
4048,0,1,32,33,1.0303030303030303,0.030772872744833184,561,Is that the face that launched those thousand chips?
4048,0,1,32,33,1.0303030303030303,0.030772872744833184,561,He's in a funk because I told him he needed a haircut.
4048,0,1,32,33,1.0303030303030303,0.030772872744833184,561,AND I THOUGHT YOUR BARK WAS SUPPOSED TO BE WORSE THAN YOUR BITE!!!
4048,0,1,32,33,1.0303030303030303,0.030772872744833184,561,Even the NSA can't hear us now.
4048,0,1,32,33,1.0303030303030303,0.030772872744833184,561,I'd rather be sniffing the other end too.
4048,0,1,32,33,1.0303030303030303,0.030772872744833184,561,"So, why do you think you're narrow-minded?"
4048,0,1,32,33,1.0303030303030303,0.030772872744833184,561,Alternative Shame Cones
4048,0,1,32,33,1.0303030303030303,0.030772872744833184,561,"Next time, brush your teeth"
4048,0,1,32,33,1.0303030303030303,0.030772872744833184,561,Finally we can really speak.
4048,0,1,32,33,1.0303030303030303,0.030772872744833184,561,Dog meet dog.
4048,0,1,32,33,1.0303030303030303,0.030772872744833184,561,DO NOT ask WHY just except the idea.
4048,0,1,32,33,1.0303030303030303,0.030772872744833184,561,May I have 55 words with you?
4048,0,1,32,33,1.0303030303030303,0.030772872744833184,561,"I’m suggesting to you, Stephen, that I am still the big dog around here, and that these cones are the latest in anti-bugging devices, no matter what Intelligence has to say."
4048,0,1,32,33,1.0303030303030303,0.030772872744833184,561,We can't bet the company.
4048,0,1,32,33,1.0303030303030303,0.030772872744833184,561,"Very well, Max. The cone of silence..."
4048,0,1,32,33,1.0303030303030303,0.030772872744833184,561,Wow. Is that what they call dog breath?
4048,0,1,32,33,1.0303030303030303,0.030772872744833184,561,Is that peanut butter on your breath?
4048,0,1,32,33,1.0303030303030303,0.030772872744833184,561,I have an itch to French poodle kiss you.
4048,0,1,32,33,1.0303030303030303,0.030772872744833184,561,"Hey Max. Yes Chief. I thought we determined in our previous life that the ""Cone of Silence"" didn't work."
4048,0,1,32,33,1.0303030303030303,0.030772872744833184,561,I could support r-r-r-repeal and r-r-r-replace.
4048,0,1,32,33,1.0303030303030303,0.030772872744833184,561,I got it! You scratch my itch and I'll scratch yours!
4048,0,1,32,33,1.0303030303030303,0.030772872744833184,561,"Guess this is the only way to get privacy. Now no one can see us making out, oops I cmean licking each other."
4048,0,1,32,33,1.0303030303030303,0.030772872744833184,561,"""You have doggie breath!"" ""Not as bad as yours!!"" (entered for Joe Pitts, Washington, DC)"
4048,0,1,32,33,1.0303030303030303,0.030772872744833184,561,Oh Nadine! Honey is that you?
4048,0,1,32,33,1.0303030303030303,0.030772872744833184,561,I wish you didn't eat onions
4048,0,1,32,33,1.0303030303030303,0.030772872744833184,561,Looks like we're in the same boat.
4048,0,1,32,33,1.0303030303030303,0.030772872744833184,561,Psst. These things make it harder to lick down there.
4048,0,1,32,33,1.0303030303030303,0.030772872744833184,561,"Hey bud,,,,,,just between you and me,,,,,,,,"
4048,0,1,32,33,1.0303030303030303,0.030772872744833184,561,This is the only way we can keep from being spied on. Even the microwaves are suspect.
4048,0,1,32,33,1.0303030303030303,0.030772872744833184,561,What Did You Say ?
4048,0,1,32,33,1.0303030303030303,0.030772872744833184,561,"And the funny thing is, they think they're muzzling us."
4048,0,1,32,33,1.0303030303030303,0.030772872744833184,561,Cones of Shame Anonymous meeting
4048,0,1,32,33,1.0303030303030303,0.030772872744833184,561,That's much better. Their talking is so annoying.
4048,0,1,32,33,1.0303030303030303,0.030772872744833184,561,"Option 1. Can you hear me now? Option 2. (2 dogs greet each other at the Vet): Do you come here often? Option 3. ""You smell d-i-f-f-e-r-e-n-t."" Option 4. ""I preferred being called Rufus, not Beldar."""
4048,0,1,32,33,1.0303030303030303,0.030772872744833184,561,Miss a bite?
4048,0,1,32,33,1.0303030303030303,0.030772872744833184,561,"Oh no, our snuggle tooths are locked!"
4048,0,1,32,33,1.0303030303030303,0.030772872744833184,561,"Darling, we can't go on meeting this way!"
4048,0,1,32,33,1.0303030303030303,0.030772872744833184,561,Shhh - I'll take out your stitches if you take out mine.
4048,0,1,32,33,1.0303030303030303,0.030772872744833184,561,Your breath smells like dog food.
4048,0,1,32,33,1.0303030303030303,0.030772872744833184,561,"You scratch mine, I'll lick yours."
4048,0,1,32,33,1.0303030303030303,0.030772872744833184,561,You bitches asked for a tete a tete.
4048,0,1,32,33,1.0303030303030303,0.030772872744833184,561,"So, here's the plan: I flip around first. You chew. Then your turn. Got it?"
4048,0,1,32,33,1.0303030303030303,0.030772872744833184,561,Welcome to the velcone zone
4048,0,1,32,33,1.0303030303030303,0.030772872744833184,561,Glad to hear I’m a good boy.
4048,0,1,32,33,1.0303030303030303,0.030772872744833184,561,I think one of us is supposed to turn around.
4048,0,1,32,33,1.0303030303030303,0.030772872744833184,561,New equipment to prevent wiretapping!
4048,0,1,32,33,1.0303030303030303,0.030772872744833184,561,"WITH ALL THE INTELLIGENCE AGENCIES SNOOPING AROUND, YOU CAN'T BE TOO CAREFUL."
4048,0,1,32,33,1.0303030303030303,0.030772872744833184,561,let's make a deal!
4048,0,1,32,33,1.0303030303030303,0.030772872744833184,561,"Ok, now rotate 270 degrees and scratch by left leg."
4048,0,1,32,33,1.0303030303030303,0.030772872744833184,561,They just don't understand the power of true love
4048,0,1,32,33,1.0303030303030303,0.030772872744833184,561,I'm calling PETA.
4048,0,1,32,33,1.0303030303030303,0.030772872744833184,561,Do you think the disguise hides this dog and pony show?
4048,0,1,32,33,1.0303030303030303,0.030772872744833184,561,Convalescence of the Confabradors
4048,0,1,32,33,1.0303030303030303,0.030772872744833184,561,"Hey Fido. With this stupid thing on I have no peripheral vision at all."" ""I know, Rex. Hey! Trump is the first president without a dog; maybe he'll want US, since we too have no perspective."
4048,0,1,32,33,1.0303030303030303,0.030772872744833184,561,I'm filing for a legal separation.
4048,0,1,32,33,1.0303030303030303,0.030772872744833184,561,The big one. You?
4048,0,1,32,33,1.0303030303030303,0.030772872744833184,561,"Beats Speed Dating, doesn't it?"
4048,0,1,32,33,1.0303030303030303,0.030772872744833184,561,"Seeing eye-to-eye is one thing, but ..."
4048,0,1,32,33,1.0303030303030303,0.030772872744833184,561,May we mutter privately?
4048,0,1,32,33,1.0303030303030303,0.030772872744833184,561,"No, you also need some string."
4048,0,1,32,33,1.0303030303030303,0.030772872744833184,561,Did you tell him about us?
4048,0,1,32,33,1.0303030303030303,0.030772872744833184,561,No one can see us.
4048,0,1,32,33,1.0303030303030303,0.030772872744833184,561,This human approach to greeting is SO way better than ours!
4048,0,1,32,33,1.0303030303030303,0.030772872744833184,561,"See? Your Prada, my Gucci, both are (underscore)very(end underscore) nice!"
4048,0,1,32,33,1.0303030303030303,0.030772872744833184,561,"Now, we wait...."
4048,0,1,32,33,1.0303030303030303,0.030772872744833184,561,One of us definitely has halitosis.
4048,0,1,32,33,1.0303030303030303,0.030772872744833184,561,One of us is going to have to step aside.
4048,0,1,32,33,1.0303030303030303,0.030772872744833184,561,The German chancellor received your president's communique.
4048,0,1,32,33,1.0303030303030303,0.030772872744833184,561,Didn't our humans ever wear braces?
4048,0,1,32,33,1.0303030303030303,0.030772872744833184,561,Readymix
4048,0,1,32,33,1.0303030303030303,0.030772872744833184,561,It's a deal. You go first. Back left leg just above the knee.
4048,0,1,32,33,1.0303030303030303,0.030772872744833184,561,Private moment
4048,0,1,32,33,1.0303030303030303,0.030772872744833184,561,What echo chamber?
4048,0,1,32,33,1.0303030303030303,0.030772872744833184,561,Next time let's meet at the rear.
4048,0,1,32,33,1.0303030303030303,0.030772872744833184,561,Do you think anyone will notice?
4048,0,1,32,33,1.0303030303030303,0.030772872744833184,561,"You back up, no you back up, for the last time will you back up, no you back up."
4048,0,1,32,33,1.0303030303030303,0.030772872744833184,561,The real dog whisperer.
4048,0,1,32,33,1.0303030303030303,0.030772872744833184,561,"Agent 86, did you find the wiretap?"
4048,0,1,32,33,1.0303030303030303,0.030772872744833184,561,This is really good for keeping secrets!
4048,0,1,32,33,1.0303030303030303,0.030772872744833184,561,"Max, do we really need the Cone of Silence?"
4048,0,1,32,33,1.0303030303030303,0.030772872744833184,561,"Max, do we really have to use the Elizabethan Cone of Silence?"
4048,0,1,32,33,1.0303030303030303,0.030772872744833184,561,We need to eat more kibble.
4048,0,1,32,33,1.0303030303030303,0.030772872744833184,561,I don't care what the breeders say. Nothing will keep us apart.
4048,0,1,32,33,1.0303030303030303,0.030772872744833184,561,Now we can share this shredded toilet paper in peace.
4048,0,1,32,33,1.0303030303030303,0.030772872744833184,561,"1) Trust me, you are quite out of your depth on this one. 2) Can you direct me to the nearest piazza?"
4048,0,1,32,33,1.0303030303030303,0.030772872744833184,561,"If I'm not allowed to lick anything else, at least I can lick you."
4048,0,1,32,33,1.0303030303030303,0.030772872744833184,561,I was feeling self conscious until we met.
4048,0,1,32,33,1.0303030303030303,0.030772872744833184,561,"Just proves, two heads are better than one."
4048,0,1,32,33,1.0303030303030303,0.030772872744833184,561,Are you certain about this microwaves' thing ?
4048,0,1,32,33,1.0303030303030303,0.030772872744833184,561,A dog telephone.
4048,0,1,32,33,1.0303030303030303,0.030772872744833184,561,Was kissing always this dark?
4048,0,1,32,33,1.0303030303030303,0.030772872744833184,561,Don't scratch!
4048,0,1,32,33,1.0303030303030303,0.030772872744833184,561,"I agree Sparky, coning is much more fun than spooning!"
4048,0,1,32,33,1.0303030303030303,0.030772872744833184,561,Weehawken. Dawn.
4048,0,1,32,33,1.0303030303030303,0.030772872744833184,561,"Yep, still got it."
4048,0,1,32,33,1.0303030303030303,0.030772872744833184,561,Welcome to the ultimate in social media echo chambers!
4048,0,1,32,33,1.0303030303030303,0.030772872744833184,561,We need to be polite and get along with each other.
4048,0,1,32,33,1.0303030303030303,0.030772872744833184,561,"In the cone of silence, nobody knows you're a dog."
4048,0,1,32,33,1.0303030303030303,0.030772872744833184,561,"Shh. I said, I’ll do for you if you do for me."
4048,0,1,32,33,1.0303030303030303,0.030772872744833184,561,Can you hear me now...how about now...now?
4048,0,1,32,33,1.0303030303030303,0.030772872744833184,561,Hey Dominick ! Who did you bite?
4048,0,1,32,33,1.0303030303030303,0.030772872744833184,561,If only we could kiss and make up.
4048,0,1,32,33,1.0303030303030303,0.030772872744833184,561,Ambiguous downward-facing dog.
4048,0,1,32,33,1.0303030303030303,0.030772872744833184,561,These VR headsets are weird!
4048,0,1,32,33,1.0303030303030303,0.030772872744833184,561,What better way to create an alternative?
4048,0,1,32,33,1.0303030303030303,0.030772872744833184,561,Yes! The rules do require the cone of silence.
4048,0,1,32,33,1.0303030303030303,0.030772872744833184,561,It's a public relations nightmare.
4048,0,1,32,33,1.0303030303030303,0.030772872744833184,561,Our pêt-a-pêts shouldn't be this shameful.
4048,0,1,32,33,1.0303030303030303,0.030772872744833184,561,Whoever comes up with words for this is a fool!
4048,0,1,32,33,1.0303030303030303,0.030772872744833184,561,Shame on us.
4048,0,1,32,33,1.0303030303030303,0.030772872744833184,561,No Leaks at Trump Tower!
4048,0,1,32,33,1.0303030303030303,0.030772872744833184,561,Echo chamber of the Dogs
4048,0,1,32,33,1.0303030303030303,0.030772872744833184,561,When I talk to you the rest of the world disappears.
4048,0,1,32,33,1.0303030303030303,0.030772872744833184,561,Have you considered a mouth freshener?
4048,0,1,32,33,1.0303030303030303,0.030772872744833184,561,Mum's the word.
4048,0,1,32,33,1.0303030303030303,0.030772872744833184,561,"We're in the cone of silence, right?"
4048,0,1,32,33,1.0303030303030303,0.030772872744833184,561,"Well, so much for togetherness! Got any other bright ideas?"
4048,0,1,32,33,1.0303030303030303,0.030772872744833184,561,Everything sure is nice inside of these filter cones.
4048,0,1,32,33,1.0303030303030303,0.030772872744833184,561,And they said love at first sight isn't real
4048,0,1,32,33,1.0303030303030303,0.030772872744833184,561,Let's paws and think about this one.
4048,0,1,32,33,1.0303030303030303,0.030772872744833184,561,I think this protects us from government snooping.
4048,0,1,32,33,1.0303030303030303,0.030772872744833184,561,"Um, mouthwash, really?"
4048,0,1,32,33,1.0303030303030303,0.030772872744833184,561,"Ugh, you have dog breath."
4048,0,1,32,33,1.0303030303030303,0.030772872744833184,561,"You're wrong Buster, I did not blink first!"
4048,0,1,32,33,1.0303030303030303,0.030772872744833184,561,This way people can't hear us discussing them.
4048,0,1,32,33,1.0303030303030303,0.030772872744833184,561,I hope your going west.
4048,0,1,32,33,1.0303030303030303,0.030772872744833184,561,The cone of silence really works!
4048,0,1,32,33,1.0303030303030303,0.030772872744833184,561,I'd like to sink my teeth into that damn Elizabeth?
4048,0,1,32,33,1.0303030303030303,0.030772872744833184,561,Do you hear what I hear?
4048,0,1,32,33,1.0303030303030303,0.030772872744833184,561,What's eating you?
4048,0,1,32,33,1.0303030303030303,0.030772872744833184,561,You say bow wow. I say woof woof.
4048,0,1,32,33,1.0303030303030303,0.030772872744833184,561,If we do this we'll get better reception.
4048,0,1,32,33,1.0303030303030303,0.030772872744833184,561,I can’t stop thinking about you.
4048,0,1,32,33,1.0303030303030303,0.030772872744833184,561,I like to kiss in private.
4048,0,1,32,33,1.0303030303030303,0.030772872744833184,561,Fate has been a very cheerful giver to everyone but me.
4048,0,1,32,33,1.0303030303030303,0.030772872744833184,561,Is this quadratic or what?
4048,0,1,32,33,1.0303030303030303,0.030772872744833184,561,It's our new meeting space until Fox clears Bo of wiretapping.
4048,0,1,32,33,1.0303030303030303,0.030772872744833184,561,Tête-À-Tête Doggy Style
4048,0,1,32,33,1.0303030303030303,0.030772872744833184,561,"""I saw this game on the news...it's called ""Wag The Dog""...your turn."
4048,0,1,32,33,1.0303030303030303,0.030772872744833184,561,Next time we order lasagne.
4048,0,1,32,33,1.0303030303030303,0.030772872744833184,561,I want a home like his.
4048,0,1,32,33,1.0303030303030303,0.030772872744833184,561,They wanted to de-bark me too. Do you think the cone of silence was really the better choice?
4048,0,1,32,33,1.0303030303030303,0.030772872744833184,561,"Maybe every time I ate it, I shouldn't have mixed it with a bowl of sugar?"
4048,0,1,32,33,1.0303030303030303,0.030772872744833184,561,"How now, bow wow?"
4048,0,1,32,33,1.0303030303030303,0.030772872744833184,561,I suppose it's just an echo.
4048,0,1,32,33,1.0303030303030303,0.030772872744833184,561,Ajax dog muffler and breath freshener.
4048,0,1,32,33,1.0303030303030303,0.030772872744833184,561,"I told them to lay off the Spaghetti, but they had to have it..."
4048,0,1,32,33,1.0303030303030303,0.030772872744833184,561,I just met you..And this is crazy... But chew my neck and I'll chew yours maybe
4048,0,1,32,33,1.0303030303030303,0.030772872744833184,561,"OK, so we agree on the problem. Now what?"
4048,0,1,32,33,1.0303030303030303,0.030772872744833184,561,bitch me too!! the fuck!!!
4048,0,1,32,33,1.0303030303030303,0.030772872744833184,561,I'd rather smell your doggy breath than Trump and Pruitt's putrid air.
4048,0,1,32,33,1.0303030303030303,0.030772872744833184,561,"Alright stop, collaborate and listen..."
4048,0,1,32,33,1.0303030303030303,0.030772872744833184,561,"So much for ""separate but equal."""
4048,0,1,32,33,1.0303030303030303,0.030772872744833184,561,"Go ahead, try to hack this communication, Mr. Putin."
4048,0,1,32,33,1.0303030303030303,0.030772872744833184,561,Tell Putin that Flynn needs a reference.
4048,0,1,32,33,1.0303030303030303,0.030772872744833184,561,Kissing in open isn't tolerated any more.
4048,0,1,32,33,1.0303030303030303,0.030772872744833184,561,We've got to stop eating like this...
4048,0,1,32,33,1.0303030303030303,0.030772872744833184,561,I seem to smell an echo in here.
4048,0,1,32,33,1.0303030303030303,0.030772872744833184,561,I'm glad you got the corner booth.
4048,0,1,32,33,1.0303030303030303,0.030772872744833184,561,"This is going viral even as we speak, isn't it?"
4048,0,1,32,33,1.0303030303030303,0.030772872744833184,561,"Oh, no! You lick me first."
4048,0,1,32,33,1.0303030303030303,0.030772872744833184,561,I can't hear you
4048,0,1,32,33,1.0303030303030303,0.030772872744833184,561,"Darn, I wish they hadn't served us spaghetti again tonight...."""
4048,0,1,32,33,1.0303030303030303,0.030772872744833184,561,"You know, canine lives matter too!!"
4048,0,1,32,33,1.0303030303030303,0.030772872744833184,561,"I'll lick your butt if you lick mine."" ""Deal."
4048,0,1,32,33,1.0303030303030303,0.030772872744833184,561,We made this in our MakerBot class at school. It's part of our STEM curriculum.
4048,0,1,32,33,1.0303030303030303,0.030772872744833184,561,Do you think we could pull off a Conehead skit? Or would it be a DISASTER to SNL ratings?
4048,0,1,32,33,1.0303030303030303,0.030772872744833184,561,I think they have something to do with a dog show.
4048,0,1,32,33,1.0303030303030303,0.030772872744833184,561,Cones of silence
4048,0,1,32,33,1.0303030303030303,0.030772872744833184,561,Prepare for separation. All fleas must return to their assigned dog.
4048,0,1,32,33,1.0303030303030303,0.030772872744833184,561,My tapeworm's acting up again... is he still pushing you to stop chewing on your foot?
4048,0,1,32,33,1.0303030303030303,0.030772872744833184,561,"The password is ""smell my butt"""
4048,0,1,32,33,1.0303030303030303,0.030772872744833184,561,"No, you're ugly."" ""No, you're ugly."
4048,0,1,32,33,1.0303030303030303,0.030772872744833184,561,The lighting really highlights your hair.
4048,0,1,32,33,1.0303030303030303,0.030772872744833184,561,Where is our relationship headed?
4048,0,1,32,33,1.0303030303030303,0.030772872744833184,561,Cone of Silence? Can we bark as loud as we want?
4048,0,1,32,33,1.0303030303030303,0.030772872744833184,561,"I'm not usually a fan of a double blind date, but..."
4048,0,1,32,33,1.0303030303030303,0.030772872744833184,561,"My darling, I can see only you."
4048,0,1,32,33,1.0303030303030303,0.030772872744833184,561,Mind if I put this over your Butt?
4048,0,1,32,33,1.0303030303030303,0.030772872744833184,561,R@#F!! This is my last undercover K9 assignment!
4048,0,1,32,33,1.0303030303030303,0.030772872744833184,561,"Then he goes off to pout in a corner like a child."" ""What's a corner?"
4048,0,1,32,33,1.0303030303030303,0.030772872744833184,561,"You had surgery, I have some bad personal grooming habits when we have company."
4048,0,1,32,33,1.0303030303030303,0.030772872744833184,561,This kind of chatter seemed easier when they did it on Get Smart.
4048,0,1,32,33,1.0303030303030303,0.030772872744833184,561,It just might sell at the flea market.
4048,0,1,32,33,1.0303030303030303,0.030772872744833184,561,Did I ever tell you what a great kisser you are?
4048,0,1,32,33,1.0303030303030303,0.030772872744833184,561,"Mr. Watson, come quick! I want to see you."
4048,0,1,32,33,1.0303030303030303,0.030772872744833184,561,This media landscape is really becoming an echo chamber.
4048,0,1,32,33,1.0303030303030303,0.030772872744833184,561,At least we have some privacy!
4048,0,1,32,33,1.0303030303030303,0.030772872744833184,561,Mutt and greet
4048,0,1,32,33,1.0303030303030303,0.030772872744833184,561,Stuck! Weya gunna habta go to da Doggie Ordodonist again!
4048,0,1,32,33,1.0303030303030303,0.030772872744833184,561,"Great steak, now you grab the ice cream."
4048,0,1,32,33,1.0303030303030303,0.030772872744833184,561,Now he has much more room to paint!
4048,0,1,32,33,1.0303030303030303,0.030772872744833184,561,"In sickness and in health, t""til death us do part."
4048,0,1,32,33,1.0303030303030303,0.030772872744833184,561,Is the cone of silence really necessary?
4048,0,1,32,33,1.0303030303030303,0.030772872744833184,561,Who knew?
4048,0,1,32,33,1.0303030303030303,0.030772872744833184,561,Fleas smarter than me.
4048,0,1,32,33,1.0303030303030303,0.030772872744833184,561,Really? Would she take mine off too?
4048,0,1,32,33,1.0303030303030303,0.030772872744833184,561,"""Wire-tapping"" surveillance, in the general sense."
4048,0,1,32,33,1.0303030303030303,0.030772872744833184,561,Last time she stopped barking for a week.
4048,0,1,32,33,1.0303030303030303,0.030772872744833184,561,"""I say, if the President can be wiretapped, you can't be too careful."" (Note: The word, ""too"" should be in italics.)"
4048,0,1,32,33,1.0303030303030303,0.030772872744833184,561,"Are you sure we need the Cone of Silence, Max?"
4048,0,1,32,33,1.0303030303030303,0.030772872744833184,561,The phones are bugged.
4048,0,1,32,33,1.0303030303030303,0.030772872744833184,561,Surveillance is impossible when we are in the cone of silence.
4048,0,1,32,33,1.0303030303030303,0.030772872744833184,561,Do you ever feel like we're living in a bit of an echo chamber?
4048,0,1,32,33,1.0303030303030303,0.030772872744833184,561,I love what you've done with the place.
4048,0,1,32,33,1.0303030303030303,0.030772872744833184,561,No one will ever know.
4048,0,1,32,33,1.0303030303030303,0.030772872744833184,561,"No more crumbs from the ground, but at least we still have each other. Kiss me you fool."
4048,0,1,32,33,1.0303030303030303,0.030772872744833184,561,"Alright, you gnaw my back, I'll gnaw yours."
4048,0,1,32,33,1.0303030303030303,0.030772872744833184,561,Why is your tail so wet?
4048,0,1,32,33,1.0303030303030303,0.030772872744833184,561,I have a cone to pick with you
4048,0,1,32,33,1.0303030303030303,0.030772872744833184,561,Just between us. Rover told me........
4048,0,1,32,33,1.0303030303030303,0.030772872744833184,561,What's a cowl...t's a cowl...a cowl...wl...l????
4048,0,1,32,33,1.0303030303030303,0.030772872744833184,561,"Can you manage the ""do unto others"" trick?"
4048,0,1,32,33,1.0303030303030303,0.030772872744833184,561,I wish you could see how silly you look when you talk about your political views.
4048,0,1,32,33,1.0303030303030303,0.030772872744833184,561,"You're right, it's a lot better to sniff on this end."
4048,0,1,32,33,1.0303030303030303,0.030772872744833184,561,I'm glad you're here. The walls are really closing in.
4048,0,1,32,33,1.0303030303030303,0.030772872744833184,561,Vet? I'd know his work anywhere.
4048,0,1,32,33,1.0303030303030303,0.030772872744833184,561,Cone of silence - I'm not the man's best friend.
4048,0,1,32,33,1.0303030303030303,0.030772872744833184,561,I want a divorce.
4048,0,1,32,33,1.0303030303030303,0.030772872744833184,561,"Yes, I can hear you now."
4048,0,1,32,33,1.0303030303030303,0.030772872744833184,561,Take that Lady & the Tramp!
4048,0,1,32,33,1.0303030303030303,0.030772872744833184,561,we shouldn't be meeting like this.
4048,0,1,32,33,1.0303030303030303,0.030772872744833184,561,I think they've got these on the wrong end.
4048,0,1,32,33,1.0303030303030303,0.030772872744833184,561,"For last week (sorry): ""He thinks the volcano is fake news."""
4048,0,1,32,33,1.0303030303030303,0.030772872744833184,561,Now we can ignore annoying humans. Yup!
4048,0,1,32,33,1.0303030303030303,0.030772872744833184,561,We have to keep licking each other like this.
4048,0,1,32,33,1.0303030303030303,0.030772872744833184,561,Do you ever feel the world's closing in on you?
4048,0,1,32,33,1.0303030303030303,0.030772872744833184,561,I don't mind.I hate collard greens.
4048,0,1,32,33,1.0303030303030303,0.030772872744833184,561,"If we pass this test, they said they'll make us sniffer dogs."
4048,0,1,32,33,1.0303030303030303,0.030772872744833184,561,We can't carry on meeting like this forever! You promised me you tell her
4048,0,1,32,33,1.0303030303030303,0.030772872744833184,561,Our situation has not improved.
4048,0,1,32,33,1.0303030303030303,0.030772872744833184,561,let's trade tails
4048,0,1,32,33,1.0303030303030303,0.030772872744833184,561,We've been bugged.
4048,0,1,32,33,1.0303030303030303,0.030772872744833184,561,"As a Get Smart fan, it's my version of the cone of silence."
4048,0,1,32,33,1.0303030303030303,0.030772872744833184,561,Looking beyond our inner circle...you need a dental pik.
4048,0,1,32,33,1.0303030303030303,0.030772872744833184,561,"No, YOU have tunnel vision."
4048,0,1,32,33,1.0303030303030303,0.030772872744833184,561,"Well, you don't have to shout!"
4048,0,1,32,33,1.0303030303030303,0.030772872744833184,561,INTELLIGENCE DOGS USE THE CONE OF SILENCE
4048,0,1,32,33,1.0303030303030303,0.030772872744833184,561,I wish they had put yours on your butt.
4048,0,1,32,33,1.0303030303030303,0.030772872744833184,561,"Calling it 'the Cone of Silence' doesn't make it better, Max."
4048,0,1,32,33,1.0303030303030303,0.030772872744833184,561,"Normally in head to head match ups, I root for the underdog. But in this case, I'm not sure what to do."
4048,0,1,32,33,1.0303030303030303,0.030772872744833184,561,"I think he called it his ""Man Cave""."
4048,0,1,32,33,1.0303030303030303,0.030772872744833184,561,yes I feel better but I miss the frequent snacks
4048,0,1,32,33,1.0303030303030303,0.030772872744833184,561,For your ears only ...
4048,0,1,32,33,1.0303030303030303,0.030772872744833184,561,I don't think we're doing this right?
4048,0,1,32,33,1.0303030303030303,0.030772872744833184,561,"Is this considered ""in network""?"
4048,0,1,32,33,1.0303030303030303,0.030772872744833184,561,I agree. I agree. We need to reach across the aisle to make this country great again.
4048,0,1,32,33,1.0303030303030303,0.030772872744833184,561,We've turned The Cone Of Shame into The Tunnel of Love.
4048,0,1,32,33,1.0303030303030303,0.030772872744833184,561,Just who are you calling Cone Head?
4048,0,1,32,33,1.0303030303030303,0.030772872744833184,561,Cone attraction!
4048,0,1,32,33,1.0303030303030303,0.030772872744833184,561,I wish you were a French poodle.
4048,0,1,32,33,1.0303030303030303,0.030772872744833184,561,One day we'll look back on this and laugh.
4048,0,1,32,33,1.0303030303030303,0.030772872744833184,561,Are we sure they're not see-through?
4048,0,1,32,33,1.0303030303030303,0.030772872744833184,561,Does your cell phone plan have unlimited bark and sniff?
4048,0,1,32,33,1.0303030303030303,0.030772872744833184,561,The vet says it's not contagious.
4048,0,1,32,33,1.0303030303030303,0.030772872744833184,561,This whole 'echo chamber' thing is highly overrated if you ask me.
4048,0,1,32,33,1.0303030303030303,0.030772872744833184,561,"I'm not paranoid, Fox News said we were wire-tapped."
4048,0,1,32,33,1.0303030303030303,0.030772872744833184,561,Is the poodle gone yet ?
4048,0,1,32,33,1.0303030303030303,0.030772872744833184,561,Cone tigo.
4048,0,1,32,33,1.0303030303030303,0.030772872744833184,561,"I said I'd invest. But again, how is this a better social network?"
4048,0,1,32,33,1.0303030303030303,0.030772872744833184,561,Let’s take turns licking each other.
4048,0,1,32,33,1.0303030303030303,0.030772872744833184,561,Quit coning around.
4048,0,1,32,33,1.0303030303030303,0.030772872744833184,561,Information security has gone to the dogs.
4048,0,1,32,33,1.0303030303030303,0.030772872744833184,561,"No, your sore's the best."
4048,0,1,32,33,1.0303030303030303,0.030772872744833184,561,"Here's looking at you, K9."
4048,0,1,32,33,1.0303030303030303,0.030772872744833184,561,Seems much cooler in here.
4048,0,1,32,33,1.0303030303030303,0.030772872744833184,561,My owner wears lampshades wrong too!
4048,0,1,32,33,1.0303030303030303,0.030772872744833184,561,Apparently mine is not a one-of-a-kind. So...who are you wearing?
4048,0,1,32,33,1.0303030303030303,0.030772872744833184,561,The canine 12-step program.
4048,0,1,32,33,1.0303030303030303,0.030772872744833184,561,We really need to get out of our echo chambers.
4048,0,1,32,33,1.0303030303030303,0.030772872744833184,561,"Hi, Woodward. Yow, that is some deep throat!"
4048,0,1,32,33,1.0303030303030303,0.030772872744833184,561,Can you show me that hat trick again?
4048,0,1,32,33,1.0303030303030303,0.030772872744833184,561,"When I say ""bark,"" we're going to lick each other's wounds. The humans won't see it coming."
4048,0,1,32,33,1.0303030303030303,0.030772872744833184,561,Is this what tunnel vision looks like?
4048,0,1,32,33,1.0303030303030303,0.030772872744833184,561,"All I said was ""it's a dog eat dog world""."
4048,0,1,32,33,1.0303030303030303,0.030772872744833184,561,Does it ever feel like we live in a liberal echo chamber?
4048,0,1,32,33,1.0303030303030303,0.030772872744833184,561,When do your stitches come out?
4048,0,1,32,33,1.0303030303030303,0.030772872744833184,561,It's a deal then. You lick mine and I'll lick yours.
4048,0,1,32,33,1.0303030303030303,0.030772872744833184,561,Scratch and sniff?
4048,0,1,32,33,1.0303030303030303,0.030772872744833184,561,W O O F !! That was nice! S h h h h h h – they’ll hear - there’s an echo!
4048,0,1,32,33,1.0303030303030303,0.030772872744833184,561,ROUGH RUFF ?
4048,0,1,32,33,1.0303030303030303,0.030772872744833184,561,Next week we move from satellite spying to microwaves!
4048,0,1,32,33,1.0303030303030303,0.030772872744833184,561,Let's see the Russian wolfhound try to hack this conversation!
4048,0,1,32,33,1.0303030303030303,0.030772872744833184,561,Do you ever worry about what we might be missing by not seeking out other opinions?
4048,0,1,32,33,1.0303030303030303,0.030772872744833184,561,Why does your nose smell like my butt?
4048,0,1,32,33,1.0303030303030303,0.030772872744833184,561,You'll be hearing from my arftorney.
4048,0,1,32,33,1.0303030303030303,0.030772872744833184,561,Less tongue and more sniffing please.
4048,0,1,32,33,1.0303030303030303,0.030772872744833184,561,"Hey, now we can't hear em say go fetch, sit or get off the couch."
4048,0,1,32,33,1.0303030303030303,0.030772872744833184,561,Two heads are better than no balls.
4048,0,1,32,33,1.0303030303030303,0.030772872744833184,561,"We're on the right track, but I still need my butt scratched."
4048,0,1,32,33,1.0303030303030303,0.030772872744833184,561,Someone should have taken that Crazy Glue away from Junior.
4048,0,1,32,33,1.0303030303030303,0.030772872744833184,561,Your owner works for NASA too?
4048,0,1,32,33,1.0303030303030303,0.030772872744833184,561,Now we've really done it.
4048,0,1,32,33,1.0303030303030303,0.030772872744833184,561,They think we can't see them.
4048,0,1,32,33,1.0303030303030303,0.030772872744833184,561,Welcome to your pre-paid Dog Talk Language Immersion Lesson #1.
4048,0,1,32,33,1.0303030303030303,0.030772872744833184,561,Say ruff. No you say ruff.
4048,0,1,32,33,1.0303030303030303,0.030772872744833184,561,This is NOT my kind of bitch session.
4048,0,1,32,33,1.0303030303030303,0.030772872744833184,561,Now they cannot see the steaks you stole!
4048,0,1,32,33,1.0303030303030303,0.030772872744833184,561,Houston.....we have a problem!
4048,0,1,32,33,1.0303030303030303,0.030772872744833184,561,"Master says it's effective against fleas, ticks and North Korean nerve agents."
4048,0,1,32,33,1.0303030303030303,0.030772872744833184,561,I know. I know. My owner doesn't see the popup either
4048,0,1,32,33,1.0303030303030303,0.030772872744833184,561,"You bite me, I'll bite you."
4048,0,1,32,33,1.0303030303030303,0.030772872744833184,561,I'll nibble you if you'll nibble me.
4426,0,1,33,34,1.0294117647058822,0.029854071701326604,561,You scratch my stitches.
4426,0,1,33,34,1.0294117647058822,0.029854071701326604,561,Radar love.
4426,0,1,33,34,1.0294117647058822,0.029854071701326604,561,"Actually, I don't think you look stupid at all!"
4426,0,1,33,34,1.0294117647058822,0.029854071701326604,561,Is it hot in here to you?
4426,0,1,33,34,1.0294117647058822,0.029854071701326604,561,Our Capulet and Montague masters will never keep us apart!
4426,0,1,33,34,1.0294117647058822,0.029854071701326604,561,"Even if we DO bark too much, I think this is a bit extreme, don’t you?"
4426,0,1,33,34,1.0294117647058822,0.029854071701326604,561,New phone. Who dis?
4426,0,1,33,34,1.0294117647058822,0.029854071701326604,561,"'I must be honest, it's not what I expected from an echo chamber.' 'Me neither.'"
4426,0,1,33,34,1.0294117647058822,0.029854071701326604,561,It's a good thing we prefer sniffing butts.
4426,0,1,33,34,1.0294117647058822,0.029854071701326604,561,"bork bork, i make a scare"
4426,0,1,33,34,1.0294117647058822,0.029854071701326604,561,cone-to-butt might get us further
4426,0,1,33,34,1.0294117647058822,0.029854071701326604,561,I won't tell if you don't tell.
4426,0,1,33,34,1.0294117647058822,0.029854071701326604,561,"I know, I know. But I promised my mother I'd wait till we're married."
4426,0,1,33,34,1.0294117647058822,0.029854071701326604,561,"Microwaves?"" ""Ssh! Yes! A Fox told me, and they never lie."
4426,0,1,33,34,1.0294117647058822,0.029854071701326604,561,It would be like 'Strangers on a Train'
4426,0,1,33,34,1.0294117647058822,0.029854071701326604,561,Is this French kiss or Hershey's Kiss?
4426,0,1,33,34,1.0294117647058822,0.029854071701326604,561,Did you get the heavy gauge aluminum? I'll only getting tweets.
4443,0,1,34,35,1.0285714285714285,0.028988551782622423,561,"I don't get it - I don't get it - first they clip our ears and then we need these as functional couture to augment sound for easier listening. On the other hand, no one knows what we're talking about!"
4444,0,1,36,37,1.027027027027027,0.02739983121755955,561,We've gotta stop meeting like this.
4445,0,1,39,40,1.025,0.025318484177091666,561,"Even though lousy self preservation was the main reason for the stupid hat, they seized the opportunity to in secret bad mouth the mofos who put it there."
4446,0,0,26,26,1.0,0.03922322702763681,561,So this is what they mean by privacy.
4446,0,0,26,26,1.0,0.03922322702763681,561,That's a short noodle.
4446,0,0,26,26,1.0,0.03922322702763681,561,I won't bite you if you won't bite me.
4446,0,0,26,26,1.0,0.03922322702763681,561,Wait till we try to smell each other's rears!
4446,0,0,26,26,1.0,0.03922322702763681,561,Happy I decided to try this Tinder thing...
4446,0,0,26,26,1.0,0.03922322702763681,561,"Yes Honey, she is in heat, but I'm with you."
4446,0,0,26,26,1.0,0.03922322702763681,561,(Sniffing) You old cone-dog! You ate a corn-dog! (Panting)
4446,0,0,26,26,1.0,0.03922322702763681,561,"If you can't lick 'em, join 'em."
4446,0,0,26,26,1.0,0.03922322702763681,561,You're right. This end doesn't smell s good.
4446,0,0,26,26,1.0,0.03922322702763681,561,I think we're in the Holland Tunnel.
4446,0,0,26,26,1.0,0.03922322702763681,561,Shhhh....time for the cone of silence.
4446,0,0,26,26,1.0,0.03922322702763681,561,Your butt smells delicious.
4446,0,0,26,26,1.0,0.03922322702763681,561,I thought you said you saw the human centipede? This seems wrong.
4446,0,0,26,26,1.0,0.03922322702763681,561,Because I prefer privacy when French kissing
4446,0,0,26,26,1.0,0.03922322702763681,561,"I'll give him a 9.4, but the degree of deathiculty is quite low."
4446,0,0,26,26,1.0,0.03922322702763681,561,We've been mentally unconing each other since day one...
4446,0,0,26,26,1.0,0.03922322702763681,561,is your collar on for dog breath?
4446,0,0,26,26,1.0,0.03922322702763681,561,They said 'go to the light...'
4446,0,0,26,26,1.0,0.03922322702763681,561,Do you always get your news in an echo chamber?
4446,0,0,26,26,1.0,0.03922322702763681,561,"They can't here us, we've engaged the cone of silence."
4446,0,0,26,26,1.0,0.03922322702763681,561,My master says we are in the cone of silence.
4446,0,0,26,26,1.0,0.03922322702763681,561,your eyes have a beautiful color
4446,0,0,26,26,1.0,0.03922322702763681,561,We gotta figure out how to do this to them.
4446,0,0,26,26,1.0,0.03922322702763681,561,The NSA can't hear us in here.
4446,0,0,26,26,1.0,0.03922322702763681,561,Wrong end Biff
4446,0,0,26,26,1.0,0.03922322702763681,561,"Look, Smarty, we're not secret agents and this is not the 'cone of silence'!"
4446,0,0,26,26,1.0,0.03922322702763681,561,These days I can't seem to tell which end is up.
4446,0,0,26,26,1.0,0.03922322702763681,561,"""Cool-ool-ool, it echoes-choes-choes!:"
4446,0,0,26,26,1.0,0.03922322702763681,561,"Max, I told you the COne of Silence doesn't work."
4446,0,0,26,26,1.0,0.03922322702763681,561,Are you sure these Elizabethan Cones-of-Silence will protect us from Wiki-Waggie-Leaks?
4446,0,0,26,26,1.0,0.03922322702763681,561,We won't be able to meet like this much longer.
4446,0,0,26,26,1.0,0.03922322702763681,561,The Hadron Canine Collider
4446,0,0,26,26,1.0,0.03922322702763681,561,How's it hanging?
4446,0,0,26,26,1.0,0.03922322702763681,561,The Beagle has landed.
4446,0,0,26,26,1.0,0.03922322702763681,561,So this is your idea of gettin' shady?
4446,0,0,26,26,1.0,0.03922322702763681,561,"Is this your first time, too?"
4446,0,0,26,26,1.0,0.03922322702763681,561,"Hey, I heard we are all going to be eligible for Trumpcare."
4446,0,0,26,26,1.0,0.03922322702763681,561,I hope you not claustrophobic because this is how we shotgun a blunt where I'm from. You 'bout to get high as helllllll.
4446,0,0,26,26,1.0,0.03922322702763681,561,I'll chew my back you chew mine
4446,0,0,26,26,1.0,0.03922322702763681,561,"Psst, don't let the humans hear!"
4446,0,0,26,26,1.0,0.03922322702763681,561,"Psst, did you hear howl?"
4446,0,0,26,26,1.0,0.03922322702763681,561,"SHHHH, Buddy. O.K. here's the plan, I'll lick yours if you""ll lick mine."
4446,0,0,26,26,1.0,0.03922322702763681,561,We've both been to the same Vet it would seem..?
4446,0,0,26,26,1.0,0.03922322702763681,561,"On woof, you gnaw my stitches and I'll gnaw yours."
4446,0,0,26,26,1.0,0.03922322702763681,561,"You dog, you!"
4446,0,0,26,26,1.0,0.03922322702763681,561,In case they are wiretapping our leashes.
4446,0,0,26,26,1.0,0.03922322702763681,561,Afraid that your concern was justified.
4446,0,0,26,26,1.0,0.03922322702763681,561,"We may not be in the same kennel, but we are in the same cone."
4446,0,0,26,26,1.0,0.03922322702763681,561,"No, you back down!"
4446,0,0,26,26,1.0,0.03922322702763681,561,"Help! I can't see!"" ""Who's there!"
4446,0,0,26,26,1.0,0.03922322702763681,561,Do you smell poop?
4446,0,0,26,26,1.0,0.03922322702763681,561,Hear that? It's using YOUR words!
4446,0,0,26,26,1.0,0.03922322702763681,561,Has anyone ever told you you have bad breath?
4446,0,0,26,26,1.0,0.03922322702763681,561,Ever feel like your heads stuck in a trains smokestack sideways?
4446,0,0,26,26,1.0,0.03922322702763681,561,Welcome to the cones of scratch ears less.
4446,0,0,26,26,1.0,0.03922322702763681,561,Phlegm?
4446,0,0,26,26,1.0,0.03922322702763681,561,This was not my first choice...
4446,0,0,26,26,1.0,0.03922322702763681,561,"""I can't believe that tower sign became President. Let's stay in our cones forever!"
4446,0,0,26,26,1.0,0.03922322702763681,561,Grrr! Don't Bark!
4446,0,0,26,26,1.0,0.03922322702763681,561,I'll show you mine if you show me yours.
4446,0,0,26,26,1.0,0.03922322702763681,561,Our version of the cone of silence is even worse than the human one.
4446,0,0,26,26,1.0,0.03922322702763681,561,I can't get you out of my head.
4446,0,0,26,26,1.0,0.03922322702763681,561,This is our get-along cone.
4446,0,0,26,26,1.0,0.03922322702763681,561,You look mega-better in the dark.
4446,0,0,26,26,1.0,0.03922322702763681,561,"Those people still don't realize we've been conning them all these thousands of years, Ha!"
4446,0,0,26,26,1.0,0.03922322702763681,561,It's a doggone shame that we had to meet under these circumstances!
4446,0,0,26,26,1.0,0.03922322702763681,561,"We will not come out of here, till Trump does away"
4446,0,0,26,26,1.0,0.03922322702763681,561,"This gives new meaning to ""Cone Heads"""
4446,0,0,26,26,1.0,0.03922322702763681,561,Even our dogs are living in an echochamber
4446,0,0,26,26,1.0,0.03922322702763681,561,I still prefer butt sniffing to kissing on the lips.
4446,0,0,26,26,1.0,0.03922322702763681,561,"No, I do not want to french-kiss you."
4446,0,0,26,26,1.0,0.03922322702763681,561,"Dog on right: Ruff, ruff, growl, bark, bark, bark, growl, ruff. Dog on left: Ok, I guess you're right."
4446,0,0,26,26,1.0,0.03922322702763681,561,Wikipedia's mad as hell
4446,0,0,26,26,1.0,0.03922322702763681,561,GOOD GRIEF!! YOU SMELL LIKE DOG DOO!!!
4446,0,0,26,26,1.0,0.03922322702763681,561,Entre nous...
4446,0,0,26,26,1.0,0.03922322702763681,561,What Did You Say ?
4446,0,0,26,26,1.0,0.03922322702763681,561,"Fido, I think we're being wiretapped."
4446,0,0,26,26,1.0,0.03922322702763681,561,Shall we touch tongues?
4446,0,0,26,26,1.0,0.03922322702763681,561,"Look me straight in the eye and tell me one more time, ""Trust me""."
4446,0,0,26,26,1.0,0.03922322702763681,561,I don't know. This was your idea.
4446,0,0,26,26,1.0,0.03922322702763681,561,You don't look like a dog to me.
4446,0,0,26,26,1.0,0.03922322702763681,561,"""Don't tell"" - pass it on."
4446,0,0,26,26,1.0,0.03922322702763681,561,Let's put our heads together on this
4446,0,0,26,26,1.0,0.03922322702763681,561,"Oh no, you dropped the bone!"
4446,0,0,26,26,1.0,0.03922322702763681,561,This makes it really hard to play Twister.
4446,0,0,26,26,1.0,0.03922322702763681,561,"No, you be Prymatt, and I'll be Beldar."
4446,0,0,26,26,1.0,0.03922322702763681,561,Benefit of being undercover 'intel'! Executives & Legislatives think we still have heads.
4446,0,0,26,26,1.0,0.03922322702763681,561,"Honestly, I don't see the problem!"
4446,0,0,26,26,1.0,0.03922322702763681,561,OK. I fooled our owner once. Then you fooled him a second time. So why are we wearing cones of shame instead of him?
4446,0,0,26,26,1.0,0.03922322702763681,561,"No worries....Obama can't ""tapp"" this."
4446,0,0,26,26,1.0,0.03922322702763681,561,You are all bark and no bite.
4446,0,0,26,26,1.0,0.03922322702763681,561,No one can see us. Let's talk.
4446,0,0,26,26,1.0,0.03922322702763681,561,Maybe we should try the other end!!
4446,0,0,26,26,1.0,0.03922322702763681,561,Did you think that this is what an Elizabethan collar would look like?
4446,0,0,26,26,1.0,0.03922322702763681,561,Whispering Down the Lane
4446,0,0,26,26,1.0,0.03922322702763681,561,We just can't go on meeting like this.
4446,0,0,26,26,1.0,0.03922322702763681,561,I think we are being surveilled!
4446,0,0,26,26,1.0,0.03922322702763681,561,"Of all the grin joints, in all the towns, in all the world, she walks into mine."
4446,0,0,26,26,1.0,0.03922322702763681,561,"Cone of shame ""paw"" de deux."
4446,0,0,26,26,1.0,0.03922322702763681,561,"Scratch my back, I'll scratch yours."
4446,0,0,26,26,1.0,0.03922322702763681,561,Secret chat safe from the prying eyes of CIA agents.
4446,0,0,26,26,1.0,0.03922322702763681,561,Is this what they mean by an echochamber?
4446,0,0,26,26,1.0,0.03922322702763681,561,"Nope, I still see you in black and white..."
4446,0,0,26,26,1.0,0.03922322702763681,561,"-This lamp shades are so dark, I can barely see you. - I know, it´s a shame."
4446,0,0,26,26,1.0,0.03922322702763681,561,Your profile did not say miniature horse!
4446,0,0,26,26,1.0,0.03922322702763681,561,OK! Deal . You lick my balls-I'll lick yours.
4446,0,0,26,26,1.0,0.03922322702763681,561,"Next time, I'll bring the mints."
4446,0,0,26,26,1.0,0.03922322702763681,561,Meeps! Let's play with the Senso-Rings.
4446,0,0,26,26,1.0,0.03922322702763681,561,I'll lick your sore if you lick mine.
4446,0,0,26,26,1.0,0.03922322702763681,561,"That's the deal- you try in vain to scratch my back, I'll try in vain to scratch yours."
4446,0,0,26,26,1.0,0.03922322702763681,561,"Let's talk in the Cone of Silence, 99."
4446,0,0,26,26,1.0,0.03922322702763681,561,That Melania really knows how to collar us big dogs.
4446,0,0,26,26,1.0,0.03922322702763681,561,I'll lick your butt if you'll lick mine.
4446,0,0,26,26,1.0,0.03922322702763681,561,Are we safe yet?
4446,0,0,26,26,1.0,0.03922322702763681,561,Love at first itch.
4446,0,0,26,26,1.0,0.03922322702763681,561,Is it too early in our relationship for tonguing?
4446,0,0,26,26,1.0,0.03922322702763681,561,Are you sure nobody is seeing us?
4446,0,0,26,26,1.0,0.03922322702763681,561,I thought this only happened to Scottie dogs.
4446,0,0,26,26,1.0,0.03922322702763681,561,It's a doggone mess out there!
4446,0,0,26,26,1.0,0.03922322702763681,561,"With this low-tech, no one can hack us."
4446,0,0,26,26,1.0,0.03922322702763681,561,"Woof woof woof my back, woof woof yours."
4446,0,0,26,26,1.0,0.03922322702763681,561,Imagine that
4446,0,0,26,26,1.0,0.03922322702763681,561,"On the upside, I've heard the Obamacare replacement plan will provide similar coverage to our overlords."
4446,0,0,26,26,1.0,0.03922322702763681,561,Is that cat vomit I smell on your breath?
4446,0,0,26,26,1.0,0.03922322702763681,561,How long ago did Queen Elizabeth live in dog years?
4446,0,0,26,26,1.0,0.03922322702763681,561,"Oops, wrong end, sorry"
4446,0,0,26,26,1.0,0.03922322702763681,561,Shhh. I'll scratch your face if you scratch my face
4446,0,0,26,26,1.0,0.03922322702763681,561,"No, Albert, absolutely no one is listening in. Take off the cone."
4446,0,0,26,26,1.0,0.03922322702763681,561,"Your stitches are fair game, right?"
4446,0,0,26,26,1.0,0.03922322702763681,561,I miss your smell.
4446,0,0,26,26,1.0,0.03922322702763681,561,the canine octopede.
4446,0,0,26,26,1.0,0.03922322702763681,561,"To the left, other left, little more, right there...."
4446,0,0,26,26,1.0,0.03922322702763681,561,We are in the cone of silence..
4446,0,0,26,26,1.0,0.03922322702763681,561,Do you think we can get hacked in here?
4446,0,0,26,26,1.0,0.03922322702763681,561,Now your bark is better than your bite.
4446,0,0,26,26,1.0,0.03922322702763681,561,How the Korean Buffet on the corner catches its chickens.
4446,0,0,26,26,1.0,0.03922322702763681,561,"Democrat and Republican, sharing a bubble."
4446,0,0,26,26,1.0,0.03922322702763681,561,"We must change our foreplay ritual, it's too shady."
4446,0,0,26,26,1.0,0.03922322702763681,561,Is that your idea or the echo chamber’s?
4446,0,0,26,26,1.0,0.03922322702763681,561,You know what? I'm not too sure these were a fair trade.
4446,0,0,26,26,1.0,0.03922322702763681,561,Can you hear the ocean too?
4446,0,0,26,26,1.0,0.03922322702763681,561,I'm afraid we're limiting ourselves with this echo chamber.
4446,0,0,26,26,1.0,0.03922322702763681,561,"On the other hand, sticking your head out the car window holds new meaning!"
4446,0,0,26,26,1.0,0.03922322702763681,561,The wooftooth
4446,0,0,26,26,1.0,0.03922322702763681,561,Mrmbrr brmfrr grrfbrm.
4446,0,0,26,26,1.0,0.03922322702763681,561,"""Whatever whatever you do you do don't don't bark bark""."
4446,0,0,26,26,1.0,0.03922322702763681,561,Any thoughts on how to promote this approach to 'détente' worldwide?
4446,0,0,26,26,1.0,0.03922322702763681,561,Coned for life
4446,0,0,26,26,1.0,0.03922322702763681,561,"sweety, you're all i see in this world ... keep licking garlic breath"
4446,0,0,26,26,1.0,0.03922322702763681,561,"From the smell of your breath, I can tell you've found a way to lick yourself."
4446,0,0,26,26,1.0,0.03922322702763681,561,"Well, this is kind of cozy!"
4446,0,0,26,26,1.0,0.03922322702763681,561,I think this is what they call a selfie
4446,0,0,26,26,1.0,0.03922322702763681,561,I apologize for not being able to greet you face-to-butt.
4446,0,0,28,28,1.0,0.036369648372665396,561,"""I am Sir Oracle When I ope my lips, let no dog bark"" (Merchant of Venice)"
4446,0,0,26,26,1.0,0.03922322702763681,561,Avoiding Wiretaps!
4446,0,0,26,26,1.0,0.03922322702763681,561,Be quick the Russians have bugged my collar.
4446,0,0,26,26,1.0,0.03922322702763681,561,I said he should get us ICE CREAM cones.
4446,0,0,26,26,1.0,0.03922322702763681,561,Agreed: I will take your stitches out if you will take mine.
4446,0,0,26,26,1.0,0.03922322702763681,561,Primitive Facebook
4446,0,0,26,26,1.0,0.03922322702763681,561,"When your friends tend to be Enemies of the State, yeah, they probably were spied on."
4446,0,0,26,26,1.0,0.03922322702763681,561,"I thought they said they were putting us in a ""Zone of Silence"" not ""Cone of Silence""!"
4446,0,0,26,26,1.0,0.03922322702763681,561,Are you sure this will prevent hacking?
4446,0,0,26,26,1.0,0.03922322702763681,561,God spelled backwards.
4446,0,0,26,26,1.0,0.03922322702763681,561,Woof-oof-oof-oof...
4446,0,0,26,26,1.0,0.03922322702763681,561,Cone heads are just another breed !
4446,0,0,26,26,1.0,0.03922322702763681,561,I've had it with all the cutbacks to the Affordable Care Act.
4446,0,0,26,26,1.0,0.03922322702763681,561,We can finally have a private conversation.
4446,0,0,26,26,1.0,0.03922322702763681,561,Woof! Woof woof woof! Woof woof! Woof woof woof woof woof woof!
4446,0,0,26,26,1.0,0.03922322702763681,561,I suppose this will stop us from eating each other.
4446,0,0,26,26,1.0,0.03922322702763681,561,"Here's the deal. If you scratch my back, I'll scratch yours."
4446,0,0,26,26,1.0,0.03922322702763681,561,You finish my sniffs.
4446,0,0,26,26,1.0,0.03922322702763681,561,"Max, must we use the cone of silence?"
4446,0,0,26,26,1.0,0.03922322702763681,561,"That's sweet of you to say, but how will I know it will be the real you?"
4446,0,0,26,26,1.0,0.03922322702763681,561,I suggest a mutual aid agreement.
4446,0,0,26,26,1.0,0.03922322702763681,561,Dependents covered by the American Healthcare Act.
4446,0,0,26,26,1.0,0.03922322702763681,561,Now don't lose your head.
4446,0,0,26,26,1.0,0.03922322702763681,561,These dog-breath concentrators are AMAZING!
4446,0,0,26,26,1.0,0.03922322702763681,561,Ohh! You must be part French Poodle.
4446,0,0,26,26,1.0,0.03922322702763681,561,"Well Fang, who knew that our megaphones would double as a cone of silence."
4446,0,0,26,26,1.0,0.03922322702763681,561,Facebark is an echo chamber
4446,0,0,26,26,1.0,0.03922322702763681,561,Do you French?
4446,0,0,26,26,1.0,0.03922322702763681,561,Wouldn't it be nice if we didn't have to meet this way?
4446,0,0,26,26,1.0,0.03922322702763681,561,I really wish FIOS would finish wiring the neighborhood.
4446,0,0,26,26,1.0,0.03922322702763681,561,"Couples that get regular veterinary check-ups together, stay together."
4446,0,0,26,26,1.0,0.03922322702763681,561,I fell for you when we first met in the waiting room at veterinarian clinic.
4446,0,0,26,26,1.0,0.03922322702763681,561,Here's looking at you Charlie
4446,0,0,26,26,1.0,0.03922322702763681,561,"Couldn't you just use tradition surveiling methods, like microwaving."
4446,0,0,26,26,1.0,0.03922322702763681,561,Here's my plan.
4446,0,0,26,26,1.0,0.03922322702763681,561,Do we really have to do this for four years?
4446,0,0,26,26,1.0,0.03922322702763681,561,Diamond in the ruff
4446,0,0,26,26,1.0,0.03922322702763681,561,This is getting us nowhere.
4446,0,0,26,26,1.0,0.03922322702763681,561,This is what happens when our owners take us to the vet.
4446,0,0,26,26,1.0,0.03922322702763681,561,"How about you do mine, I'll do yours..."
4446,0,0,26,26,1.0,0.03922322702763681,561,They'll never let us kiss.
4446,0,0,26,26,1.0,0.03922322702763681,561,"Sorry, I thought this was your butt."
4446,0,0,27,27,1.0,0.03774256780481986,561,"Putin, I know you're a fan of Argo, but are you sure these disguises will work?"
4446,0,0,26,26,1.0,0.03922322702763681,561,Not microwavable.
4446,0,0,26,26,1.0,0.03922322702763681,561,I guess we won't be sharing a bowl of spaghetti and meatballs tonight.
4446,0,0,26,26,1.0,0.03922322702763681,561,I want to redefine what I meant by wiretap.
4446,0,0,26,26,1.0,0.03922322702763681,561,I beg your pardon. I thought that was your butt.
4446,0,0,26,26,1.0,0.03922322702763681,561,"You gnaw on my stitches, and I'll gnaw on yours."
4446,0,0,26,26,1.0,0.03922322702763681,561,"Psst, psst, grr, psst. Grr? Psst, psst..."
4446,0,0,26,26,1.0,0.03922322702763681,561,I hope they don't turn the hose on us!
4446,0,0,26,26,1.0,0.03922322702763681,561,The surveillance can't get us here.
4446,0,0,26,26,1.0,0.03922322702763681,561,"No, you turn around."
4446,0,0,26,26,1.0,0.03922322702763681,561,"Get this, she said I was missing the bigger picture!"
4446,0,0,27,27,1.0,0.03774256780481986,561,hahahahahaha omg this almost like the human centipede
4446,0,0,26,26,1.0,0.03922322702763681,561,"No really, your breath is great too."
4446,0,0,26,26,1.0,0.03922322702763681,561,"Would you believe that Fang chose the disguises, Chief...?"
4446,0,0,26,26,1.0,0.03922322702763681,561,There's nothing to be ashamed of...
4446,0,0,26,26,1.0,0.03922322702763681,561,I'm not touching you . . . I'm not touching you . . .
4446,0,0,26,26,1.0,0.03922322702763681,561,I'm Bailey. Woof. Do I know you?
4446,0,0,26,26,1.0,0.03922322702763681,561,"Yes, now I'm sue HAL can't tell what we're plotting."
4446,0,0,26,26,1.0,0.03922322702763681,561,Getting these cones off will be a breath of fresh air in more ways than one.
4446,0,0,26,26,1.0,0.03922322702763681,561,My perspective is clearly superior to yours.
4446,0,0,26,26,1.0,0.03922322702763681,561,Symmetry Barking in Canines again fails to win the Nobel.
4446,0,0,26,26,1.0,0.03922322702763681,561,Your collar is on crocked.
4446,0,0,26,26,1.0,0.03922322702763681,561,Ready the troops. We break camp at dusk.
4446,0,0,26,26,1.0,0.03922322702763681,561,"My stitches are on my lower belly, where is yours?"
4446,0,0,26,26,1.0,0.03922322702763681,561,Let's use our animal instincts to get out of this
4446,0,0,26,26,1.0,0.03922322702763681,561,Forget the past. Let's get together on this.
4446,0,0,26,26,1.0,0.03922322702763681,561,"we break out at midnight, pass the word."
4446,0,0,26,26,1.0,0.03922322702763681,561,"Stick with me honey. Together, we can make it drool proof!"
4446,0,0,26,26,1.0,0.03922322702763681,561,"Yeah, I got the idea from an old episode of Get Smart. Now, here's my plan..."
4446,0,0,26,26,1.0,0.03922322702763681,561,"Ok, so you lick my incision and I'll lick yours."
4446,0,0,26,26,1.0,0.03922322702763681,561,"Get smart, already!"
4446,0,0,26,26,1.0,0.03922322702763681,561,You're using way too much tongue
4446,0,0,26,26,1.0,0.03922322702763681,561,Is that they mean by being in an echo chamber?
4446,0,0,26,26,1.0,0.03922322702763681,561,Let's put an end to dog eat dog and have a meeting of minds.
4446,0,0,26,26,1.0,0.03922322702763681,561,"I can't see! what is this, it's so dark."
4446,0,0,26,26,1.0,0.03922322702763681,561,"No, no - listen, here's the deal - you lick mine and I'll lick yours..."
4446,0,0,26,26,1.0,0.03922322702763681,561,Mr. Bowser -- come here -- I want to see you!
4446,0,0,26,26,1.0,0.03922322702763681,561,Did you know they named them after RUFFS?
4446,0,0,26,26,1.0,0.03922322702763681,561,It was all fun and games until we ended up in cones of shame.
4446,0,0,26,26,1.0,0.03922322702763681,561,Puppy Love Tunnel Vision
4446,0,0,26,26,1.0,0.03922322702763681,561,That stupid vet thinks he's so smart.
4446,0,0,26,26,1.0,0.03922322702763681,561,Was yours worse than being castrated?
4446,0,0,26,26,1.0,0.03922322702763681,561,You swear... in the cone of silence?
4446,0,0,26,26,1.0,0.03922322702763681,561,Schrodinger's Sausage Grinder
4446,0,0,26,26,1.0,0.03922322702763681,561,Paleolithic helicopter parenting
4446,0,0,26,26,1.0,0.03922322702763681,561,I can hear you Max!
4446,0,0,27,27,1.0,0.03774256780481986,561,GRRRRRRRRR..........GRRRRRRRRRR
4446,0,0,26,26,1.0,0.03922322702763681,561,"""Kissin' cousins"" have another go at it."
4446,0,0,26,26,1.0,0.03922322702763681,561,I hope these cone speakers aren't made with lithium batteries.
4446,0,0,26,26,1.0,0.03922322702763681,561,"The Harlem Humming Spider buzzes, barks, and jerkily dances side to side."
4446,0,0,26,26,1.0,0.03922322702763681,561,Finally alone.
4446,0,0,26,26,1.0,0.03922322702763681,561,"So, how's that new guide dog program working out for you?"
4446,0,0,26,26,1.0,0.03922322702763681,561,"Well, at least we're not itching anymore!"
4446,0,0,26,26,1.0,0.03922322702763681,561,Well this never happened on Obamacare.
4446,0,0,26,26,1.0,0.03922322702763681,561,"Do you think they have a ""Totally Humiliated Mangy Mutt Breed"" category at Westminster this year?"
4446,0,0,26,26,1.0,0.03922322702763681,561,The cone of shame has its advantages
4446,0,0,26,26,1.0,0.03922322702763681,561,"Welcome to the ""Cone of Silence"". What???"
4446,0,0,26,26,1.0,0.03922322702763681,561,"Now that we're in the Cone of Silence, ...where did they leave the treats?"
4446,0,0,26,26,1.0,0.03922322702763681,561,"Hey, do you come here often?"
4446,0,0,26,26,1.0,0.03922322702763681,561,"No, you have blinders on."
4446,0,0,26,26,1.0,0.03922322702763681,561,"Max?"" ""Yes,Chief?"" ""Where's 99."
4446,0,0,26,26,1.0,0.03922322702763681,561,I don't remember anything after the anesthesia
4446,0,0,26,26,1.0,0.03922322702763681,561,I don't trust apps.
4446,0,0,26,26,1.0,0.03922322702763681,561,This is much different than in the movies.
4446,0,0,26,26,1.0,0.03922322702763681,561,Haven't I seen you somewhere before?
4446,0,0,26,26,1.0,0.03922322702763681,561,It smells like cockapoo in here.
4446,0,0,26,26,1.0,0.03922322702763681,561,"Wow, man--this is really outta sight!"
4446,0,0,26,26,1.0,0.03922322702763681,561,"I know you are, but what am I?"" ""I know you are, but what am I?"
4446,0,0,26,26,1.0,0.03922322702763681,561,Your profile said you were a pug.
4446,0,0,26,26,1.0,0.03922322702763681,561,We really don't need this cone of silence; humans can't understand us when we bark.
4446,0,0,26,26,1.0,0.03922322702763681,561,I C U
4446,0,0,26,26,1.0,0.03922322702763681,561,"See, we look like a spaceship!"
4446,0,0,26,26,1.0,0.03922322702763681,561,NOW it is safe to talk about Bannon?
4446,0,0,26,26,1.0,0.03922322702763681,561,Who's coming out first? Me or you?
4446,0,0,26,26,1.0,0.03922322702763681,561,You're right....there is an echo.
4446,0,0,26,26,1.0,0.03922322702763681,561,When did it get so dark in here?
4446,0,0,26,26,1.0,0.03922322702763681,561,Are you sure we need these to play telephone?
4446,0,0,26,26,1.0,0.03922322702763681,561,"Hey, I am not supposed to be in a semi-private. Thanks Obama!"
4446,0,0,26,26,1.0,0.03922322702763681,561,Shhh! You scratch my back and I'll scratch yours...
4446,0,0,26,26,1.0,0.03922322702763681,561,"Throw me a bone, will you."
4446,0,0,26,26,1.0,0.03922322702763681,561,Why did I stick my neck out for you?
4446,0,0,26,26,1.0,0.03922322702763681,561,To which end am I speaking?
4446,0,0,26,26,1.0,0.03922322702763681,561,"But soft, what light through yonder window breaks? It is the east, and Juliet is the sun."
4446,0,0,26,26,1.0,0.03922322702763681,561,"Remember, Spike, '7 minutes in Heaven' is only 1 minute in dog years."
4446,0,0,26,26,1.0,0.03922322702763681,561,We've got to stop meeting this way.
4446,0,0,26,26,1.0,0.03922322702763681,561,Your eyes still look gray to me.
4446,0,0,26,26,1.0,0.03922322702763681,561,I must say that your growl is noticeably magnified!
4446,0,0,26,26,1.0,0.03922322702763681,561,I'll chew your stitches if you chew mine.
4446,0,0,26,26,1.0,0.03922322702763681,561,Ready to share classified info.
4446,0,0,26,26,1.0,0.03922322702763681,561,Let's trash veterinarian subsidies so we can kill the dogcatchers.
4446,0,0,26,26,1.0,0.03922322702763681,561,Thanks for indulging my schadenfreude.
4446,0,0,26,26,1.0,0.03922322702763681,561,I enjoy playing bridge with you.
4446,0,0,26,26,1.0,0.03922322702763681,561,"What's more embarrassing? This, or me sniffing your butt?"
4446,0,0,26,26,1.0,0.03922322702763681,561,Unveiling of the new Republican-Democrat emblem.
4446,0,0,26,26,1.0,0.03922322702763681,561,Ready for takeoff?? A fixed pooch can still smooch! At last we can talk without them listening.
4446,0,0,26,26,1.0,0.03922322702763681,561,"See, we both look better in black."
4446,0,0,26,26,1.0,0.03922322702763681,561,"""Shoot, how did this even happen."" (left dog) I have no clue, but we only have one priority... HELP! HELP!(right dog) ""what are those dogs yapping about?"" ruff, ruff, ruff"
4446,0,0,26,26,1.0,0.03922322702763681,561,Pascale realized there had been a tragic mistake in trying to create Dr. Dolittle’s pushmi-pullyu.
4446,0,0,26,26,1.0,0.03922322702763681,561,And you know what the worst part of it all is? I never got to fetch them.
4446,0,0,26,26,1.0,0.03922322702763681,561,"Well Wilbur, I hope this isn't real and we're just in the middle of some stupid cartoon!"
4446,0,0,26,26,1.0,0.03922322702763681,561,"Ugh, I told you this vet was a con man!"
4446,0,0,26,26,1.0,0.03922322702763681,561,Does my breath smell bad?
4446,0,0,26,26,1.0,0.03922322702763681,561,alone time
4446,0,0,26,26,1.0,0.03922322702763681,561,I had a bad feeling about the magnetic e-collars.
4446,0,0,26,26,1.0,0.03922322702763681,561,Fair and Balanced.
4446,0,0,26,26,1.0,0.03922322702763681,561,This would be fantastic if we could talk
4446,0,0,26,26,1.0,0.03922322702763681,561,Can we make puppies this way too?
4446,0,0,26,26,1.0,0.03922322702763681,561,"Just between us chickens, you have god-awful bad breath!"
4446,0,0,26,26,1.0,0.03922322702763681,561,We're trying to have some privacy here
4446,0,0,26,26,1.0,0.03922322702763681,561,We still have the itch for another.
4446,0,0,26,26,1.0,0.03922322702763681,561,Nice of them to provide us with privacy
4446,0,0,26,26,1.0,0.03922322702763681,561,"Connie, my young Conehead, your parents are from France. But you, you are an anchor puppy. Beware of the new human authority!"
4446,0,0,26,26,1.0,0.03922322702763681,561,For our first act: A Vase or Two Lovers?
4446,0,0,26,26,1.0,0.03922322702763681,561,Non-intimate sniffing
4446,0,0,26,26,1.0,0.03922322702763681,561,All we need now its some books to hold up
4446,0,0,26,26,1.0,0.03922322702763681,561,I feel like we've finally achieved closure.
4446,0,0,26,26,1.0,0.03922322702763681,561,"What? What's that, Max? I can't hear you! Bark louder!"
4446,0,0,26,26,1.0,0.03922322702763681,561,What are you in for? Smelling butts...you? bad breath...
4446,0,0,26,26,1.0,0.03922322702763681,561,Ever feel like you're barking into an echo chamber?
4446,0,0,26,26,1.0,0.03922322702763681,561,I only had eyes for you but this is ridiculous!
4446,0,0,26,26,1.0,0.03922322702763681,561,Partners in shame.
4446,0,0,26,26,1.0,0.03922322702763681,561,So . . . What are you in for?
4446,0,0,26,26,1.0,0.03922322702763681,561,"I will block any view or itchiness, but except you."
4446,0,0,26,26,1.0,0.03922322702763681,561,Now they can't see us.
4446,0,0,26,26,1.0,0.03922322702763681,561,We'll call it Cone-of-Shame architecture.
4446,0,0,26,26,1.0,0.03922322702763681,561,"You had sardines and Friskies."" ""You had a western omelet and pig snouts."
4446,0,0,26,26,1.0,0.03922322702763681,561,"Given the increase in hacking, all dogs began using cones to communicate..."
4446,0,0,26,26,1.0,0.03922322702763681,561,Let's shelve discussion of tail-chasing. Let's shelve discussion. We need mints in here.
4446,0,0,26,26,1.0,0.03922322702763681,561,I guess we're just a couple of barking heads
4446,0,0,26,26,1.0,0.03922322702763681,561,Thank goodness no one can see us.
4446,0,0,26,26,1.0,0.03922322702763681,561,"Toby 'n' me's gotta stay this way... 'Till we can ""learn to get along""."
4446,0,0,26,26,1.0,0.03922322702763681,561,Can we really go on meeting like this?
4446,0,0,28,28,1.0,0.036369648372665396,561,"Darling, these clandestine trysts are so clever."
4446,0,0,26,26,1.0,0.03922322702763681,561,Network intact. Microwave ruse is a going Jesse.
4446,0,0,26,26,1.0,0.03922322702763681,561,Shouldn't we be biting each other's stitches?
4446,0,0,26,26,1.0,0.03922322702763681,561,You don't have to yell.
4446,0,0,26,26,1.0,0.03922322702763681,561,"I'm a buttlicker, what are you?"
4446,0,0,26,26,1.0,0.03922322702763681,561,Do you see what I see?
4446,0,0,26,26,1.0,0.03922322702763681,561,Well at least we can talk in private...
4446,0,0,26,26,1.0,0.03922322702763681,561,Well Max it looks like neither one of us will be paying the new neighbors poodle a visit anytime soon.
4446,0,0,26,26,1.0,0.03922322702763681,561,"Yes, it's a little inconvenient but let them try and hack it."
4446,0,0,26,26,1.0,0.03922322702763681,561,"confidentially,..."
4446,0,0,26,26,1.0,0.03922322702763681,561,This is what they mean by a nose cone?
4446,0,0,26,26,1.0,0.03922322702763681,561,"Lemme guess. Now your tail is dragging, right?"
4446,0,0,26,26,1.0,0.03922322702763681,561,"If we put our paws to it, we can beat the wrap."
4446,0,0,26,26,1.0,0.03922322702763681,561,This isn't the kind of coupling I had in mind
4446,0,0,26,26,1.0,0.03922322702763681,561,"Tete-a-Tete, I thoght you were supposed to SNIFF the other end?"
4446,0,0,26,26,1.0,0.03922322702763681,561,"Frankly, I've had enough of the media echo chamber"
4446,0,0,26,26,1.0,0.03922322702763681,561,"Oh yes, oh yes, oh yes!!! Like that...sooo good...wait! Quiet...shhhh...what was that?"
4446,0,0,26,26,1.0,0.03922322702763681,561,"Penny for your thoughts, Jack?"" ""Kill me."
4446,0,0,26,26,1.0,0.03922322702763681,561,This is the only bubble I want to be in.
4446,0,0,26,26,1.0,0.03922322702763681,561,It could be worse. What if we were ostriches?
4446,0,0,26,26,1.0,0.03922322702763681,561,"Yes, they gave me one too when we moved to Washington."
4446,0,0,26,26,1.0,0.03922322702763681,561,"It seems like uncertainty is the new norm, so you just learn to live with it."
4446,0,0,26,26,1.0,0.03922322702763681,561,Nobody can laugh at us in here.
4446,0,0,26,26,1.0,0.03922322702763681,561,Your breath tells me that bidet might be a good investment.
4446,0,0,26,26,1.0,0.03922322702763681,561,Do you want to try tongue kissing?
4446,0,0,26,26,1.0,0.03922322702763681,561,Sorry! Wrong channel. Loking for April the giraffe to see if the baby has arrived yet.
4446,0,0,26,26,1.0,0.03922322702763681,561,Hopefully Beldar & Prymaat will let us 'consume mass quantities' once we're discovered.
4446,0,0,26,26,1.0,0.03922322702763681,561,Isn't this is a more civilized way to get to know each other?
4446,0,0,26,26,1.0,0.03922322702763681,561,Now we can finally kiss with out the puppies looking.
4446,0,0,26,26,1.0,0.03922322702763681,561,"Great invention, Cody___mutes all their annoying commands."
4446,0,0,26,26,1.0,0.03922322702763681,561,So much for chasing our tails.
4446,0,0,26,26,1.0,0.03922322702763681,561,Bad (or sick) puppies!
4446,0,0,26,26,1.0,0.03922322702763681,561,"Shhh don't anyone I'm fixed."" ""Okay, but only if you don't tell anyone my great grandparents are Nipper and the gramophone."
4446,0,0,26,26,1.0,0.03922322702763681,561,Do you think the Feds can hear us?
4446,0,0,26,26,1.0,0.03922322702763681,561,I don't understand how this is done face to face
4446,0,0,27,27,1.0,0.03774256780481986,561,"I'm sorry Rex, but mom said we have to share the ball."
4446,0,0,26,26,1.0,0.03922322702763681,561,"Connie and Primat Conehead in "" Where's Baldar?"""
4446,0,0,29,29,1.0,0.03509312031717982,561,Same litter?
4446,0,0,26,26,1.0,0.03922322702763681,561,Hey! What You doing in there?
4446,0,0,26,26,1.0,0.03922322702763681,561,What? You're gonna sneeze?
4446,0,0,26,26,1.0,0.03922322702763681,561,Are you sure this is the latest Skype upgrade?
4446,0,0,26,26,1.0,0.03922322702763681,561,It's actually a frustum of shame.
4446,0,0,26,26,1.0,0.03922322702763681,561,"Fire hydrants aren't at the top of my list, either."
4446,0,0,26,26,1.0,0.03922322702763681,561,Well mine is an Ivanka.
4446,0,0,26,26,1.0,0.03922322702763681,561,Bo can't hear us.
4446,0,0,26,26,1.0,0.03922322702763681,561,"It's a dog-eat-dog world out there, and I'm wearing Milk-Bone underwear."
4446,0,0,26,26,1.0,0.03922322702763681,561,"Me neither, no more political stuff, too ruff."
4446,0,0,26,26,1.0,0.03922322702763681,561,Concentrated dog breath -- as good as a butt sniff !
4446,0,0,26,26,1.0,0.03922322702763681,561,"These damn things preclude our usual greeting, so hi there."
4446,0,0,26,26,1.0,0.03922322702763681,561,"Houston, we have no problem. We have successfully interbred U.S. and Soviet canine ear mites."
4446,0,0,26,26,1.0,0.03922322702763681,561,"Okay, I'll lick yours and you lick mine. But don't tell."
4446,0,0,26,26,1.0,0.03922322702763681,561,"Remember, what happens in the kennel, stays in the kennel."
4446,0,0,26,26,1.0,0.03922322702763681,561,Could you please turn around?
4446,0,0,26,26,1.0,0.03922322702763681,561,This weeks meeting of the missing testicles will commence.
4446,0,0,26,26,1.0,0.03922322702763681,561,If we stay here maybe they won't take our health care away.
4446,0,0,26,26,1.0,0.03922322702763681,561,I'm not telling anyone I voted for Trump either.
4446,0,0,26,26,1.0,0.03922322702763681,561,"""So, do you like 'The Coneheads'""?"
4446,0,0,26,26,1.0,0.03922322702763681,561,do not bark I AM SURE dog police will miss us
4446,0,0,26,26,1.0,0.03922322702763681,561,You can't trust the press these days - I get my information from social media.
4446,0,0,26,26,1.0,0.03922322702763681,561,I can't believe you think this will defeat the NSA.
4446,0,0,26,26,1.0,0.03922322702763681,561,Let’s try the hidden ball trick.
4446,0,0,26,26,1.0,0.03922322702763681,561,"Finally , the Cone of Silence"
4446,0,0,26,26,1.0,0.03922322702763681,561,Symmetry is everything.
4446,0,0,26,26,1.0,0.03922322702763681,561,"""Wanna know a Secret""."
4446,0,0,26,26,1.0,0.03922322702763681,561,Who turned out the lights?
4446,0,0,26,26,1.0,0.03922322702763681,561,"If we can't see the tweets, do they still exist?"
4446,0,0,26,26,1.0,0.03922322702763681,561,Are you with Putin
4446,0,0,26,26,1.0,0.03922322702763681,561,Hard-headed.
4446,0,0,26,26,1.0,0.03922322702763681,561,"Yep, you're dying."
4446,0,0,26,26,1.0,0.03922322702763681,561,I think there's something shady going on
4446,0,0,26,26,1.0,0.03922322702763681,561,I knew we could find a workaround if we put our heads together.
4446,0,0,26,26,1.0,0.03922322702763681,561,You definitely have doggie breath!
4446,0,0,26,26,1.0,0.03922322702763681,561,So THAT'S what dog breath smells like.
4446,0,0,26,26,1.0,0.03922322702763681,561,"Okay- one,two,three- Bark!"
4446,0,0,26,26,1.0,0.03922322702763681,561,"Why do they always grab the hose when someone yells, ""The dogs are stuck together again!""?"
4446,0,0,26,26,1.0,0.03922322702763681,561,"It's not the cone of silence, Max."
4446,0,0,26,26,1.0,0.03922322702763681,561,We shouldn't go on meeting in secret like this.
4446,0,0,26,26,1.0,0.03922322702763681,561,"After ""Conic Sections,"" I'm taking ""Postman Biting II."""
4446,0,0,27,27,1.0,0.03774256780481986,561,It's not working head-to-head. What say I turn around.
4446,0,0,26,26,1.0,0.03922322702763681,561,Texting is easier.
4446,0,0,26,26,1.0,0.03922322702763681,561,Let the Russians try canine surveillance now!
4446,0,0,26,26,1.0,0.03922322702763681,561,You look fine to me.
4446,0,0,26,26,1.0,0.03922322702763681,561,I'm still with Her.
4446,0,0,26,26,1.0,0.03922322702763681,561,What's 'Cone on?
4446,0,0,26,26,1.0,0.03922322702763681,561,"It's a bit cramped, darling, but the location's to die for."
4446,0,0,26,26,1.0,0.03922322702763681,561,Of course I can hear you now Sebastian
4446,0,0,26,26,1.0,0.03922322702763681,561,"Of course I meant ""figuratively""!"
4446,0,0,26,26,1.0,0.03922322702763681,561,The old 'wool over the eyes' bit: make them think you have their best interests at heart..
4446,0,0,26,26,1.0,0.03922322702763681,561,Do you feel a draft?
4446,0,0,26,26,1.0,0.03922322702763681,561,We can lick this if we put our heads together.
4446,0,0,26,26,1.0,0.03922322702763681,561,Couldn't we just sniff butts like everyone else?
4446,0,0,26,26,1.0,0.03922322702763681,561,Canine Cone of Silence
4446,0,0,26,26,1.0,0.03922322702763681,561,"Stop shouting, I can hear you."
4446,0,0,26,26,1.0,0.03922322702763681,561,"They'll have to call Dr Ben Carson to separate us ""They'll have to bring in Dr Ben Carson to surgically pull us apart! Woof!"
4446,0,0,26,26,1.0,0.03922322702763681,561,"86? / I can't hear you, Chief."
4446,0,0,26,26,1.0,0.03922322702763681,561,"I feel like I have no Control over the situation. I know, it's KAOS out there."
4446,0,0,26,26,1.0,0.03922322702763681,561,"So we're agreed. You chew on my stitches, I chew on yours."
4446,0,0,26,26,1.0,0.03922322702763681,561,Our veterinarian loves a dog and pony show!
4446,0,0,26,26,1.0,0.03922322702763681,561,On three rotate for but sniff.
4446,0,0,26,26,1.0,0.03922322702763681,561,"It's called the ""cone of silence,"" agent 99."
4446,0,0,26,26,1.0,0.03922322702763681,561,We don't seam to match up!
4446,0,0,26,26,1.0,0.03922322702763681,561,The neutering had decreased their physical confrontations but the verbal abuse was rather amplified.
4446,0,0,26,26,1.0,0.03922322702763681,561,Vetting for security
4446,0,0,26,26,1.0,0.03922322702763681,561,These cones are great. They muffle our new high-pitched voices.
4446,0,0,26,26,1.0,0.03922322702763681,561,I LOVE YOU!
4446,0,0,26,26,1.0,0.03922322702763681,561,Had I known I'd of skipped the onions.
4446,0,0,26,26,1.0,0.03922322702763681,561,Why is privacy always associated with darkness?
4446,0,0,26,26,1.0,0.03922322702763681,561,Your cone or mine?
4446,0,0,26,26,1.0,0.03922322702763681,561,"Okay, I'll scratch your back but only if you scratch mine."
4446,0,0,26,26,1.0,0.03922322702763681,561,"Wow, this site has horrible navigation. I cant see the cartoon because the popup won't close."
4446,0,0,26,26,1.0,0.03922322702763681,561,This steamy bouquet of dog breath sure beats kissing!
4446,0,0,26,26,1.0,0.03922322702763681,561,I think we should see other puppies.
4446,0,0,26,26,1.0,0.03922322702763681,561,Face Off
4446,0,0,26,26,1.0,0.03922322702763681,561,I still don't see what's wrong with a brother and sister kissing...
4446,0,0,26,26,1.0,0.03922322702763681,561,This echo chamber is getting uncomfortable
4446,0,0,26,26,1.0,0.03922322702763681,561,We must stop meeting like this. People will talk.
4446,0,0,26,26,1.0,0.03922322702763681,561,Canine Cone-frontation
4446,0,0,26,26,1.0,0.03922322702763681,561,"What'd you bark? Sorry, mine's noise-cancelling."
4446,0,0,26,26,1.0,0.03922322702763681,561,"Don't know about you, but I think I prefer doggie style!"
4446,0,0,26,26,1.0,0.03922322702763681,561,"I know it's a little awkward, but I heard my owner say that Obama was wiretapping my bone."
4446,0,0,26,26,1.0,0.03922322702763681,561,Warf! Warf!
4446,0,0,26,26,1.0,0.03922322702763681,561,I think that they want to breed us
4446,0,0,26,26,1.0,0.03922322702763681,561,"Up a little...little more...yeah. Right there. Mmmm. Okay, your turn."
4446,0,0,26,26,1.0,0.03922322702763681,561,I'll chew on yours if you'll chew on mine.
4446,0,0,26,26,1.0,0.03922322702763681,561,Tails of Two Butts II: Trapped in China
4446,0,0,26,26,1.0,0.03922322702763681,561,"mr. Watson, Come here - I want to see you."
4446,0,0,26,26,1.0,0.03922322702763681,561,Woof ?
4446,0,0,26,26,1.0,0.03922322702763681,561,I need some fresh air.
4446,0,0,26,26,1.0,0.03922322702763681,561,The doctor told me this is the best way to treat our codependency...Addiction to tail chewing is becoming an epidemic among our species!
4446,0,0,26,26,1.0,0.03922322702763681,561,You're the only dog I see...
4446,0,0,26,26,1.0,0.03922322702763681,561,The CIA can't hack it but we just have to work out how to make it work over long distance.
4446,0,0,26,26,1.0,0.03922322702763681,561,"I am my master's dog at Kew. Pray tell me, sir, whose dog are you?"
4446,0,0,26,26,1.0,0.03922322702763681,561,They thought they could take us apart but love always wins.
4446,0,0,26,26,1.0,0.03922322702763681,561,I didn't find it either.
4446,0,0,26,26,1.0,0.03922322702763681,561,Apparently they don't want us to kiss.
4446,0,0,26,26,1.0,0.03922322702763681,561,Psst! Wrong end!
4446,0,0,26,26,1.0,0.03922322702763681,561,Let's hope Trump doesn't see us.
4446,0,0,26,26,1.0,0.03922322702763681,561,I got your six.
4446,0,0,26,26,1.0,0.03922322702763681,561,You stationed in front of Trump Tower too?
4446,0,0,26,26,1.0,0.03922322702763681,561,Coneheads.
4446,0,0,26,26,1.0,0.03922322702763681,561,They said I was smelling too many butts.
4446,0,0,26,26,1.0,0.03922322702763681,561,I know it's dark but it might be less so without the cat.
4446,0,0,26,26,1.0,0.03922322702763681,561,"Game over, Buster. GAME OVER!!!"
4446,0,0,26,26,1.0,0.03922322702763681,561,I told you this would be ruff
4446,0,0,26,26,1.0,0.03922322702763681,561,"Good boy - now STAY until January 20, 2021!"
4446,0,0,26,26,1.0,0.03922322702763681,561,Damn' that Schroedinger! Now no one knows if we smell awful or non-awful.
4446,0,0,26,26,1.0,0.03922322702763681,561,"Lets put our heads together, and figure out how to get these off."
4446,0,0,26,26,1.0,0.03922322702763681,561,Can we get our heads in the right direction?
4446,0,0,26,26,1.0,0.03922322702763681,561,another one bites the dust.
4446,0,0,26,26,1.0,0.03922322702763681,561,Where's Ben Carson when you need him?
4446,0,0,26,26,1.0,0.03922322702763681,561,Here's the plan: Let's stumble around like party animals until we can get these lampshades off of our heads.
4446,0,0,26,26,1.0,0.03922322702763681,561,"If we put our heads together, we can get out of this. This is taking togetherness to a whole new extreme. I don't think they will find us in here. If you show me your stitches, I'll show you my stitches. Fancy meeting you here!"
4446,0,0,26,26,1.0,0.03922322702763681,561,You chew my tail and I'll chew yours.
4446,0,0,26,26,1.0,0.03922322702763681,561,"If you lick me, I'll lick you."
4446,0,0,26,26,1.0,0.03922322702763681,561,Tunnel vision couldn't be better.
4446,0,0,26,26,1.0,0.03922322702763681,561,The D.I.A. (Dog Intelligence Agency) secretly plotting against the cone makers.
4446,0,0,26,26,1.0,0.03922322702763681,561,"If you scratch my nose, I'll scratch yours."
4446,0,0,26,26,1.0,0.03922322702763681,561,Remember back in the 1970's when we thought these were so cool?
4446,0,0,26,26,1.0,0.03922322702763681,561,I say we bite theirs off.
4446,0,0,26,26,1.0,0.03922322702763681,561,"No, I'd rip you to shreds, you cur."
4446,0,0,26,26,1.0,0.03922322702763681,561,Confidential Canine Cone Conference
4446,0,0,26,26,1.0,0.03922322702763681,561,I'll sniff your tail if you'll sniff mine.
4446,0,0,26,26,1.0,0.03922322702763681,561,Spontaneous new approach to canine monogamy.
4446,0,0,26,26,1.0,0.03922322702763681,561,How do we convey our fervent desire to sniff each others' rumps?
4446,0,0,26,26,1.0,0.03922322702763681,561,Did you do that thing before the other thing?
4446,0,0,26,26,1.0,0.03922322702763681,561,We can talk. The NSA can't snoop on us.
4446,0,0,26,26,1.0,0.03922322702763681,561,So this is how our first kiss is going to go?
4446,0,0,26,26,1.0,0.03922322702763681,561,Turn around.
4446,0,0,26,26,1.0,0.03922322702763681,561,So how much did Nixon know?
4446,0,0,26,26,1.0,0.03922322702763681,561,We're going to have to stop meeting like this.
4446,0,0,26,26,1.0,0.03922322702763681,561,You go to the same Vet Dr Fine?
4446,0,0,26,26,1.0,0.03922322702763681,561,This way they'll stop calling you golden receiver to your face.
4446,0,0,26,26,1.0,0.03922322702763681,561,Let's route all of our whispering through this private server.
4446,0,0,26,26,1.0,0.03922322702763681,561,"We may look stupid, but it keeps people from trying to pat my head."
4446,0,0,26,26,1.0,0.03922322702763681,561,Bow Wooooooooow !
4446,0,0,26,26,1.0,0.03922322702763681,561,Taking a bite out of crime.
4446,0,0,26,26,1.0,0.03922322702763681,561,"Obama ""Tapping"" Trump's wires..."
4446,0,0,26,26,1.0,0.03922322702763681,561,Love loses.
4446,0,0,26,26,1.0,0.03922322702763681,561,"Is that you, Mr. Watson?"
4446,0,0,26,26,1.0,0.03922322702763681,561,AND I can't lick your butt till next Tuesday.
4446,0,0,26,26,1.0,0.03922322702763681,561,"I'M AFRAID OF THE DARK, TOO, AND HAVE BEEN SINCE I MET YOU!"
4446,0,0,26,26,1.0,0.03922322702763681,561,Copy dog!
4446,0,0,26,26,1.0,0.03922322702763681,561,I was told it's to prevent love at first bite.
4446,0,0,26,26,1.0,0.03922322702763681,561,Let's play tag...Ready...set...go!
4446,0,0,26,26,1.0,0.03922322702763681,561,Bark worse than bite? I’d say it’s a draw.
4446,0,0,26,26,1.0,0.03922322702763681,561,We can be itchy together.
4446,0,0,26,26,1.0,0.03922322702763681,561,I am so coney right now.
4446,0,0,26,26,1.0,0.03922322702763681,561,Diamond in the ruff
4446,0,0,26,26,1.0,0.03922322702763681,561,Did you call for help?
4446,0,0,26,26,1.0,0.03922322702763681,561,are you a conine too ?
4446,0,0,27,27,1.0,0.03774256780481986,561,Yet they can't keep us apart forever!
4446,0,0,26,26,1.0,0.03922322702763681,561,Mission: Impossible
4446,0,0,27,27,1.0,0.03774256780481986,561,"These have been great for our diet, but not so great for our love life."
4446,0,0,26,26,1.0,0.03922322702763681,561,"And your mood today, dear, black bile, yellow bile, phlegm, or blood?"
4446,0,0,26,26,1.0,0.03922322702763681,561,"This really takes the snap out of chat, doesn't it?"
4446,0,0,26,26,1.0,0.03922322702763681,561,Whatcha doin'?
4446,0,0,26,26,1.0,0.03922322702763681,561,I didn't even know they made these things for Siamese twins.
4446,0,0,26,26,1.0,0.03922322702763681,561,Like minds think alike.
4446,0,0,26,26,1.0,0.03922322702763681,561,I was hoping you'd preen mine.....
4446,0,0,26,26,1.0,0.03922322702763681,561,Bo bugged my kennel.
4446,0,0,26,26,1.0,0.03922322702763681,561,"Don't tell anyone, but I know why Trump is failing. He is the first president since McKinley to not have a dog in the White House."
4446,0,0,26,26,1.0,0.03922322702763681,561,I guess this is one way to fill the echo chamber with the injured.
4446,0,0,26,26,1.0,0.03922322702763681,561,"Watch it Buster, you're in my cone-zone!"
4446,0,0,26,26,1.0,0.03922322702763681,561,First time stuck on this end!
4446,0,0,26,26,1.0,0.03922322702763681,561,Two lampshades are better than one!
4446,0,0,26,26,1.0,0.03922322702763681,561,Dog meet dog.
4446,0,0,26,26,1.0,0.03922322702763681,561,It's better than chewing your foot off.
4446,0,0,26,26,1.0,0.03922322702763681,561,"Tap THIS, Wikileaks !!!"
4446,0,0,26,26,1.0,0.03922322702763681,561,Agents K99 and K86 in the Cone of Silence
4446,0,0,26,26,1.0,0.03922322702763681,561,Its like barking in an echo chamber
4446,0,0,26,26,1.0,0.03922322702763681,561,I hope we can find someone with a hose.
4446,0,0,26,26,1.0,0.03922322702763681,561,We're destiny's darlings
4446,0,0,26,26,1.0,0.03922322702763681,561,"I'd say ""Hello,"" but I need your other end."
4446,0,0,26,26,1.0,0.03922322702763681,561,"I should tell you, Shep, this conversation may be recorded for quality control reasons."
4446,0,0,26,26,1.0,0.03922322702763681,561,"Pretty cool, right?"" ""Yeah, cool."
4446,0,0,26,26,1.0,0.03922322702763681,561,My vet recommends keeping my necking private.
4446,0,0,26,26,1.0,0.03922322702763681,561,They think they're so smart.
4446,0,0,26,26,1.0,0.03922322702763681,561,They could have asked us to get a room.
4446,0,0,26,26,1.0,0.03922322702763681,561,"You too Paul? Yeah Mitch, snipped."
4446,0,0,26,26,1.0,0.03922322702763681,561,I'll scratch your itch if you scratch mine
4446,0,0,26,26,1.0,0.03922322702763681,561,It's the don't-ask-don't-tell policy
4446,0,0,26,26,1.0,0.03922322702763681,561,It's a dog-eat-dogs-face-off world.
4446,0,0,26,26,1.0,0.03922322702763681,561,"....The secret, secret life of pets......"
4446,0,0,26,26,1.0,0.03922322702763681,561,Canine hot box.
4446,0,0,26,26,1.0,0.03922322702763681,561,"It's a small, small world."
4446,0,0,26,26,1.0,0.03922322702763681,561,"I'll bet if I got neutered, you'd get neutered, too."
4446,0,0,26,26,1.0,0.03922322702763681,561,Nothing can stop our love
4446,0,0,26,26,1.0,0.03922322702763681,561,They'll never find us in here!
4446,0,0,26,26,1.0,0.03922322702763681,561,Speyed or neutered?
4446,0,0,26,26,1.0,0.03922322702763681,561,We must stop meeting like this!
4446,0,0,26,26,1.0,0.03922322702763681,561,This is as Deep State as it gets.
4446,0,0,26,26,1.0,0.03922322702763681,561,One of us has doggy breath.
4446,0,0,26,26,1.0,0.03922322702763681,561,"Fake news! Fake news!"" ""Re-tweet! Re-tweet!"
4446,0,0,26,26,1.0,0.03922322702763681,561,We might as well kiss?
4446,0,0,26,26,1.0,0.03922322702763681,561,Pssst! I'll lick your wounds if you lick mine!
4446,0,0,26,26,1.0,0.03922322702763681,561,"Remember.... if we can't see them, they can't see us."
4446,0,0,26,26,1.0,0.03922322702763681,561,"Max, these disguises are ridiculous....Sorry Chief"
4446,0,0,26,26,1.0,0.03922322702763681,561,"""I would like to see 'eye to eye' but I have 'tunnel' vision."
4446,0,0,26,26,1.0,0.03922322702763681,561,"I know, but this is the only way we can defend our woof-chats from the microwave's wiretapping."
4446,0,0,26,26,1.0,0.03922322702763681,561,"We aren't inviting Radar to our game of fetch this week, but let's keep that in the Cone of Silence."
4446,0,0,26,26,1.0,0.03922322702763681,561,No way - that's disgusting!
4446,0,0,26,26,1.0,0.03922322702763681,561,Barb trying to convince Jim that they need more Ketchup in their lives.
4446,0,0,26,26,1.0,0.03922322702763681,561,The (alternative) fact is- we need to start from scratch !
4446,0,0,26,26,1.0,0.03922322702763681,561,"Don't worry Chief, I'll take down KAOS right after my walk."
4446,0,0,26,26,1.0,0.03922322702763681,561,Let's stick together.
4446,0,0,26,26,1.0,0.03922322702763681,561,The privacey is great but it's dark in here.
4446,0,0,26,26,1.0,0.03922322702763681,561,your barf tastes better on the sidewalk.
4446,0,0,26,26,1.0,0.03922322702763681,561,"It's a cone of shame, not a doggy megaphone"
4446,0,0,26,26,1.0,0.03922322702763681,561,Boo!
4446,0,0,26,26,1.0,0.03922322702763681,561,Say whatever shameful things you want. We're in the cones of silence.
4446,0,0,26,26,1.0,0.03922322702763681,561,I knew we could get this cone of silence going once we showed them evidence of lick granulomas.
4446,0,0,26,26,1.0,0.03922322702763681,561,Ramsey Bolton can't hear us in here.
4446,0,0,26,26,1.0,0.03922322702763681,561,"Alright, it's ""walk the plank"" from now on."
4446,0,0,26,26,1.0,0.03922322702763681,561,Good luck. The man of the family just mentioned separation by chain saw!
4446,0,0,26,26,1.0,0.03922322702763681,561,"Hey, it was the cheapest cell phone plan I could find!"
4446,0,0,26,26,1.0,0.03922322702763681,561,Coneheads Conversation
4446,0,0,26,26,1.0,0.03922322702763681,561,Who's Rudy Vallee?
4446,0,0,26,26,1.0,0.03922322702763681,561,Good thing it was censored
4446,0,0,26,26,1.0,0.03922322702763681,561,jhhggf
4446,0,0,26,26,1.0,0.03922322702763681,561,"Well, I’ll be doggoned! You been long coned?"
4446,0,0,26,26,1.0,0.03922322702763681,561,We can talk now - we're in the cone of silence.
4446,0,0,26,26,1.0,0.03922322702763681,561,Criss-cross?
4446,0,0,26,26,1.0,0.03922322702763681,561,Deadlock
4446,0,0,26,26,1.0,0.03922322702763681,561,Till health do us paw-t.
4446,0,0,26,26,1.0,0.03922322702763681,561,"This is top secret, that's why we're using the 'Cone of Silence'."
4446,0,0,26,26,1.0,0.03922322702763681,561,Nobody knew Fetch could be so complicated.
4446,0,0,26,26,1.0,0.03922322702763681,561,You're right. It was worth the long set-up.
4446,0,0,26,26,1.0,0.03922322702763681,561,Mmmm... spaghetti.
4446,0,0,26,26,1.0,0.03922322702763681,561,Oh my dog your breath stinks.
4446,0,0,26,26,1.0,0.03922322702763681,561,"At last, we are alone..."
4446,0,0,26,26,1.0,0.03922322702763681,561,my dog's tail reflects the Bolshoi's training.
4446,0,0,26,26,1.0,0.03922322702763681,561,"BARK, Bark! Bark, bark?"
4446,0,0,26,26,1.0,0.03922322702763681,561,Is this what they meant by doggie-style?
4446,0,0,26,26,1.0,0.03922322702763681,561,We could be 'wire-tapped' -- don't get over-confident.
4446,0,0,26,26,1.0,0.03922322702763681,561,"No, I think it looks quite ferocious on you."
4446,0,0,26,26,1.0,0.03922322702763681,561,That time they tied our tails together wasn't so bad after all.
4446,0,0,26,26,1.0,0.03922322702763681,561,"We might not be able to eat each other's poop now, but we can sure plan in privacy about next time."
4446,0,0,26,26,1.0,0.03922322702763681,561,You're right. It is just like being on Facebook.
4446,0,0,26,26,1.0,0.03922322702763681,561,What color are my eyes?
4446,0,0,26,26,1.0,0.03922322702763681,561,I think you're barking up the wrong tree.
4446,0,0,26,26,1.0,0.03922322702763681,561,Logo for Trumps new health care plan. DEAD (Dog Eat All Dog)
4446,0,0,26,26,1.0,0.03922322702763681,561,Maybe Ben Carson can help us?
4446,0,0,26,26,1.0,0.03922322702763681,561,I scratch your back and you scratch mine.
4446,0,0,26,26,1.0,0.03922322702763681,561,"Ew, What's with you!"
4446,0,0,26,26,1.0,0.03922322702763681,561,I will lick your festering wound if you will lick mine.
4446,0,0,26,26,1.0,0.03922322702763681,561,I don't usually kiss on the first date anyway
4446,0,0,26,26,1.0,0.03922322702763681,561,Is this cone-of-silence thing really worth the bother and discomfort?
4446,0,0,26,26,1.0,0.03922322702763681,561,It's OK. We just can't lick ourselves.
4446,0,0,26,26,1.0,0.03922322702763681,561,Shhhh...the CIA might overhear us.
4446,0,0,26,26,1.0,0.03922322702763681,561,"Max - NOT the Cone of Silence!"" ""Pardon?"
4446,0,0,26,26,1.0,0.03922322702763681,561,Good to meet another brown-noser.
4446,0,0,26,26,1.0,0.03922322702763681,561,This remote conferencing stuff has really gotten good!
4446,0,0,26,26,1.0,0.03922322702763681,561,Anuses win.
4446,0,0,26,26,1.0,0.03922322702763681,561,"I think we are safe now, Donald."
4446,0,0,26,26,1.0,0.03922322702763681,561,We're safe to talk. We have the cone of silence.
4446,0,0,26,26,1.0,0.03922322702763681,561,Maybe we should think about this.
4446,0,0,26,26,1.0,0.03922322702763681,561,A breath mint would help; but this is a refreshing alternative.
4446,0,0,26,26,1.0,0.03922322702763681,561,"OK, but you go first."
4446,0,0,26,26,1.0,0.03922322702763681,561,Coney-dogs having a cone fab.
4446,0,0,27,27,1.0,0.03774256780481986,561,"I know it sounds crazy, but one of us has lost his head!"
4446,0,0,26,26,1.0,0.03922322702763681,561,Yodel-Lay-Hee-Hoo!
4446,0,0,26,26,1.0,0.03922322702763681,561,Someone is tapping my wires.
4446,0,0,27,27,1.0,0.03774256780481986,561,It appears that the folks at Shoshee still need to work out a few kinks.
4446,0,0,26,26,1.0,0.03922322702763681,561,Wanna horse around?
4446,0,0,26,26,1.0,0.03922322702763681,561,"As a traditionalist, I still think clubbing him would have been a better idea"
4446,0,0,26,26,1.0,0.03922322702763681,561,This isn't what I had in mind when I said we should chat securely.
4446,0,0,26,26,1.0,0.03922322702763681,561,Weekly 1:1
4446,0,0,26,26,1.0,0.03922322702763681,561,I kinda Leika!
4446,0,0,26,26,1.0,0.03922322702763681,561,"Canine Talking Heads looking for an echo for ""Psycho Killer."""
4446,0,0,26,26,1.0,0.03922322702763681,561,Now this is an echo chamber.
4446,0,0,26,26,1.0,0.03922322702763681,561,Thanks for doing this - that Russian Wolfhound over there reads lips!
4446,0,0,26,26,1.0,0.03922322702763681,561,I'll lick your balls if you lick mine.
4446,0,0,26,26,1.0,0.03922322702763681,561,Coneheads.
4446,0,0,26,26,1.0,0.03922322702763681,561,I'll gnaw on your butt sore if you'll gnaw on mine
4446,0,0,26,26,1.0,0.03922322702763681,561,Who turned the lights out?
4446,0,0,26,26,1.0,0.03922322702763681,561,Bar ar ar ar ar ar ar ar ar ar ar arK Bar ar ar ar ar ar ar ar ar ar ar arK [flip this line mirror image & run right to left;
4446,0,0,26,26,1.0,0.03922322702763681,561,"Forget it, Butch, it's my turn to be the life of the party."
4446,0,0,26,26,1.0,0.03922322702763681,561,Sometimes life is...ruff.
4446,0,0,26,26,1.0,0.03922322702763681,561,Yodel-Lay-Hee-Hoo!
4446,0,0,26,26,1.0,0.03922322702763681,561,"This is really, really boring. Cancel my intelligence briefings for the next six months."
4446,0,0,27,27,1.0,0.03774256780481986,561,I can't stand people who live inside an echo chamber!
4446,0,0,26,26,1.0,0.03922322702763681,561,Butt-woofing humans addiction. You?
4446,0,0,26,26,1.0,0.03922322702763681,561,Doesn't mating involve the other end of our bodies?
4446,0,0,26,26,1.0,0.03922322702763681,561,I think we may a longer tug-of-war toy.
4446,0,0,26,26,1.0,0.03922322702763681,561,I see what you mean.
4446,0,0,26,26,1.0,0.03922322702763681,561,"Max, I hate this canine of silence setup!"
4446,0,0,26,26,1.0,0.03922322702763681,561,"Less filling!"" ""Tastes great!"
4446,0,0,26,26,1.0,0.03922322702763681,561,"As one Obama suppoter to another, if you lick my balls, I'll kick yours."
4446,0,0,26,26,1.0,0.03922322702763681,561,Let's brown nose.
4446,0,0,27,27,1.0,0.03774256780481986,561,For THIS you needed the cone-of-silence?
4446,0,0,26,26,1.0,0.03922322702763681,561,It's so romantic meeting in the dark.
4446,0,0,27,27,1.0,0.03774256780481986,561,"Now, this is in the cone..."
4446,0,0,26,26,1.0,0.03922322702763681,561,One way dogs safely confess.
4446,0,0,26,26,1.0,0.03922322702763681,561,Spy-free communication zone
4446,0,0,26,26,1.0,0.03922322702763681,561,"I love you, too, but we've got to stop meeting like this."
4446,0,0,26,26,1.0,0.03922322702763681,561,Let's exchange licenses and the insurance company will straighten it out
4446,0,0,26,26,1.0,0.03922322702763681,561,"You do me a good turn, I'll do you one."
4446,0,0,26,26,1.0,0.03922322702763681,561,This new way of saying hello to each other is a lot nicer than the old way.
4446,0,0,26,26,1.0,0.03922322702763681,561,This just doesn't quite have the same effect.
4446,0,0,26,26,1.0,0.03922322702763681,561,Schrodinger's dog?
4446,0,0,26,26,1.0,0.03922322702763681,561,This Cone of Silence is getting old.
4446,0,0,26,26,1.0,0.03922322702763681,561,Woofoow! Woofoow!
4446,0,0,26,26,1.0,0.03922322702763681,561,I wonder if this is one of the things they meant to prevent!
4446,0,0,26,26,1.0,0.03922322702763681,561,I guess we are canceling our date?
4446,0,0,26,26,1.0,0.03922322702763681,561,Are you ashamed about losing your testicles too?
4446,0,0,26,26,1.0,0.03922322702763681,561,We are in the cone of silence..
4446,0,0,26,26,1.0,0.03922322702763681,561,You gotta love how much crap these things filter out !
4446,0,0,26,26,1.0,0.03922322702763681,561,"Oh, God, I don't want to die this way!"
4446,0,0,26,26,1.0,0.03922322702763681,561,Are we wiretapping?
4446,0,0,26,26,1.0,0.03922322702763681,561,This conversation is in a cone of silence
4446,0,0,26,26,1.0,0.03922322702763681,561,Too bad we didn't think of this when we were younger playing Marco Polo!
4446,0,0,26,26,1.0,0.03922322702763681,561,I'm not sure I believe 'A cone shared is shame halved'--do you?
4446,0,0,26,26,1.0,0.03922322702763681,561,"Needless to say, Otto, we've got to quit lickin' our butts in front of polite company."
4446,0,0,26,26,1.0,0.03922322702763681,561,This way Obama can't hear us.
4446,0,0,26,26,1.0,0.03922322702763681,561,I hear your the life of the party
4446,0,0,26,26,1.0,0.03922322702763681,561,We should just switch to Blu-ray.
4446,0,0,26,26,1.0,0.03922322702763681,561,Scratch my itch
4446,0,0,26,26,1.0,0.03922322702763681,561,We should be doubly ashamed.
4446,0,0,26,26,1.0,0.03922322702763681,561,"No, YOU let go of the spaghetti."
4446,0,0,26,26,1.0,0.03922322702763681,561,You tell me about yours first.
4446,0,0,26,26,1.0,0.03922322702763681,561,"Afm, afm. Rfm."
4446,0,0,26,26,1.0,0.03922322702763681,561,"It IS dark, but at least we can't be hacked.""  ""Did you notice it suddenly got dark."
4446,0,0,26,26,1.0,0.03922322702763681,561,"Ok, I think the CIA can't hear us now."
4446,0,0,26,26,1.0,0.03922322702763681,561,That's what I call a 'Cone Down View'!
4446,0,0,26,26,1.0,0.03922322702763681,561,"""Up close and personal""."
4446,0,0,26,26,1.0,0.03922322702763681,561,"This weiner in a bun thing, they call it a ""hot dog!"" Ha ha, what a bunch of morons!"
4446,0,0,26,26,1.0,0.03922322702763681,561,Wouldn't you know we'd meet after the surgeries?
4446,0,0,26,26,1.0,0.03922322702763681,561,It's not a cone of shame if nobody can see us.
4446,0,0,26,26,1.0,0.03922322702763681,561,Ruff? You too!
4446,0,0,26,26,1.0,0.03922322702763681,561,"Hey, do you remember Nipper?"
4446,0,0,26,26,1.0,0.03922322702763681,561,What's said in the cone of shame stays in the cone of shame.
4446,0,0,26,26,1.0,0.03922322702763681,561,"That's a roger, Houson. Turns out Canus Major and Canus Minor aren't constellations, after all."""
4446,0,0,26,26,1.0,0.03922322702763681,561,"Okay then, we are agreed. You lick mine and I'll lick your's."
4446,0,0,26,26,1.0,0.03922322702763681,561,I DID hear her say leave it...but that stays in the cone of silence.
4446,0,0,26,26,1.0,0.03922322702763681,561,"Two dogs, one cone."
4446,0,0,26,26,1.0,0.03922322702763681,561,Meet me at midnight before the next vet meeting.
4446,0,0,27,27,1.0,0.03774256780481986,561,This seems safer. The last time it took a bucket of cold water to separate us.
4446,0,0,26,26,1.0,0.03922322702763681,561,No tongue!
4446,0,0,26,26,1.0,0.03922322702763681,561,There's something different about you.
4446,0,0,26,26,1.0,0.03922322702763681,561,"Hey, we can still chase each other's tail."
4446,0,0,27,27,1.0,0.03774256780481986,561,Are you dog enough to choke a horse?
4446,0,0,26,26,1.0,0.03922322702763681,561,I know you wanted to have a meeting with me in private. Just don't bark at me because the acoustics are super loud in here.
4446,0,0,26,26,1.0,0.03922322702763681,561,Nobody can see our faces. Do you want a tongue sandwich?
4446,0,0,26,26,1.0,0.03922322702763681,561,Is this an other mirror?
4446,0,0,26,26,1.0,0.03922322702763681,561,THAT's it...Right...THERE.
4446,0,0,26,26,1.0,0.03922322702763681,561,Whisper sweet nothings in my ear.
4446,0,0,26,26,1.0,0.03922322702763681,561,Who's your Vet?
4446,0,0,26,26,1.0,0.03922322702763681,561,"Well this is embarrassing, I won't tell if you don't tell."
4446,0,0,26,26,1.0,0.03922322702763681,561,Woof-de-lay-eee-hoooo!
4446,0,0,26,26,1.0,0.03922322702763681,561,You have dog breath.
4446,0,0,26,26,1.0,0.03922322702763681,561,I thought this was your butt. I thought this was *your* butt.
4446,0,0,26,26,1.0,0.03922322702763681,561,"Oh, thank you. That feels so good. Yeah, right there. Oooohhh yeah. A little higher. Ohhhhhh yeah."
4446,0,0,26,26,1.0,0.03922322702763681,561,We find privacy where we can with the disappearance of the phone booth.
4446,0,0,26,26,1.0,0.03922322702763681,561,Virtual reality is a bitch!
4446,0,0,26,26,1.0,0.03922322702763681,561,1. POTUS will do anything to stop leaks 2. Can you hear me now? 3. I told you that vet was no good 4. This end smells much better
4446,0,0,26,26,1.0,0.03922322702763681,561,Will you be my BFF
4446,0,0,26,26,1.0,0.03922322702763681,561,Turn on the lights!
4446,0,0,26,26,1.0,0.03922322702763681,561,Every time I hear the ocean I smell crazy glue.
4446,0,0,26,26,1.0,0.03922322702763681,561,This is way more fun than licking what we usually do.
4446,0,0,26,26,1.0,0.03922322702763681,561,Ruff! Ruff!
4446,0,0,26,26,1.0,0.03922322702763681,561,Wanna neck cutie?
4446,0,0,26,26,1.0,0.03922322702763681,561,"I don't care if it looks stupid, there's been a lot of talk lately of wiretapping."
4446,0,0,26,26,1.0,0.03922322702763681,561,Making sure the Russians can't hack this info ... there's a squirrel in the tree to your left.
4446,0,0,26,26,1.0,0.03922322702763681,561,I think it's called 'mutual assured affection.'
4446,0,0,26,26,1.0,0.03922322702763681,561,Let's share some light!
4446,0,0,26,26,1.0,0.03922322702763681,561,"The ""Good News"" popup is blocking the image. Fix the website!"
4446,0,0,26,26,1.0,0.03922322702763681,561,Love your breath!
4446,0,0,26,26,1.0,0.03922322702763681,561,Tim Conway's first draft.
4446,0,0,26,26,1.0,0.03922322702763681,561,"I can't help it, I love reinforcing my own beliefs."
4446,0,0,26,26,1.0,0.03922322702763681,561,You bite my wound; I'll lick yours.
4446,0,0,26,26,1.0,0.03922322702763681,561,Are you sure this is the way to make puppies?
4446,0,0,26,26,1.0,0.03922322702763681,561,"Chief, shouldn't we activate the cone of silence?"
4446,0,0,26,26,1.0,0.03922322702763681,561,I notice we’re both into garbage.
4446,0,0,26,26,1.0,0.03922322702763681,561,Cyber security
4446,0,0,26,26,1.0,0.03922322702763681,561,Wiretap this!
4446,0,0,26,26,1.0,0.03922322702763681,561,Indognation
4446,0,0,26,26,1.0,0.03922322702763681,561,I can hear you fine! Can you hear me?
4446,0,0,27,27,1.0,0.03774256780481986,561,You are one great kisser you hound.
4446,0,0,26,26,1.0,0.03922322702763681,561,I've only got eyes for you.
4446,0,0,26,26,1.0,0.03922322702763681,561,"God, Frank, I said the other end!"
4446,0,0,26,26,1.0,0.03922322702763681,561,So much for the neighborhood.
4446,0,0,26,26,1.0,0.03922322702763681,561,There has to be a less embarrassing way to settle this.
4446,0,0,26,26,1.0,0.03922322702763681,561,"Honestly, I was hoping it would go on your other end."
4446,0,0,26,26,1.0,0.03922322702763681,561,"Growl, growl."" ""Bark, bark, bark."
4446,0,0,26,26,1.0,0.03922322702763681,561,Do they really want us to bark louder?
4446,0,0,27,27,1.0,0.03774256780481986,561,Mutual frustration.
4446,0,0,26,26,1.0,0.03922322702763681,561,I really hate that you never ask for directions.
4446,0,0,26,26,1.0,0.03922322702763681,561,This is silly. We'll never get to know each other this way.
4446,0,0,26,26,1.0,0.03922322702763681,561,"Your stitches out, how about mine?"
4446,0,0,26,26,1.0,0.03922322702763681,561,I'll bite your back if you bite mine.
4446,0,0,26,26,1.0,0.03922322702763681,561,That Husky from the park keeps trying to listen in
4446,0,0,26,26,1.0,0.03922322702763681,561,- Are they invisible too?
4446,0,0,26,26,1.0,0.03922322702763681,561,How dogs have private conversations
4446,0,0,26,26,1.0,0.03922322702763681,561,Pet-a-Pet
4446,0,0,26,26,1.0,0.03922322702763681,561,Is this the nexus of our humans?
4446,0,0,26,26,1.0,0.03922322702763681,561,I liked my cell phone better
4446,0,0,26,26,1.0,0.03922322702763681,561,Shhh... We're in the cone of silence.
4446,0,0,26,26,1.0,0.03922322702763681,561,Thank you for meeting me here.
4446,0,0,26,26,1.0,0.03922322702763681,561,They de-bark anything I say on Google Translate.
4446,0,0,26,26,1.0,0.03922322702763681,561,I was first.
4446,0,0,26,26,1.0,0.03922322702763681,561,I thought you said we could lick this if we put our heads together.
4446,0,0,27,27,1.0,0.03774256780481986,561,When I said we could lick each other this is not what I had in mind
4446,0,0,27,27,1.0,0.03774256780481986,561,fuck out the way
4446,0,0,26,26,1.0,0.03922322702763681,561,Where's your itch?
4446,0,0,26,26,1.0,0.03922322702763681,561,See? Now nobody's butt is getting sniffed.
4446,0,0,26,26,1.0,0.03922322702763681,561,"bark, bark...siff, sniff.....arf, sniff, arf!"
4446,0,0,27,27,1.0,0.03774256780481986,561,"I hate it when you self-diagnose,"
4446,0,0,26,26,1.0,0.03922322702763681,561,you scratch my bacK and I'll scratch yours
4446,0,0,26,26,1.0,0.03922322702763681,561,Who's Dan Akroyd and Jane Curtin?
4446,0,0,26,26,1.0,0.03922322702763681,561,Finally! Our own room!
4446,0,0,26,26,1.0,0.03922322702763681,561,Could you scratch my nose?
4446,0,0,26,26,1.0,0.03922322702763681,561,"I don't mind so much that I can't lick myself, but this ""no sniffing"" is out of bounds."
4446,0,0,26,26,1.0,0.03922322702763681,561,"Between you and me, this flea thing is greatly overrated."
4446,0,0,26,26,1.0,0.03922322702763681,561,I love you! Do you love me?
4446,0,0,26,26,1.0,0.03922322702763681,561,Limited Edition TwoDogsOneLove(tm) Cone of Shame. Get it now!
4446,0,0,26,26,1.0,0.03922322702763681,561,Bummer......looks like there won't be any butt sniffing today.
4446,0,0,26,26,1.0,0.03922322702763681,561,Have you heard the one about the chihuahua and the chow on the Jitney?
4446,0,0,26,26,1.0,0.03922322702763681,561,They'll never find us!
4446,0,0,27,27,1.0,0.03774256780481986,561,"Okay, go ahead chief."
4446,0,0,26,26,1.0,0.03922322702763681,561,"Even in this lighting, you are still a dog!"
4446,0,0,26,26,1.0,0.03922322702763681,561,These two won't stop dog-necking!
4446,0,0,28,28,1.0,0.036369648372665396,561,"Yeah it smells bad, but for some reason I want to keep going..."
4446,0,0,26,26,1.0,0.03922322702763681,561,Enough with the tête-à-têtes. How 'bout a pet-a-pet?
4446,0,0,26,26,1.0,0.03922322702763681,561,Love will find a way
4446,0,0,26,26,1.0,0.03922322702763681,561,"I heard them saying we're good at making movies, brother."
4446,0,0,26,26,1.0,0.03922322702763681,561,We need to stop meeting this way.
4446,0,0,26,26,1.0,0.03922322702763681,561,You gotta cone to pick with me?
4446,0,0,26,26,1.0,0.03922322702763681,561,We have to stop meeting in secret like this!
4446,0,0,26,26,1.0,0.03922322702763681,561,"Arf! Arf! ???! ???! (""Gav! Gav!"")"
4446,0,0,26,26,1.0,0.03922322702763681,561,"I don't think the ball broke the plane, what do you think?"
4446,0,0,26,26,1.0,0.03922322702763681,561,The cone of shame has its uses.
4446,0,0,26,26,1.0,0.03922322702763681,561,Are you sure the freaky Friday switch will help our situation?
4446,0,0,26,26,1.0,0.03922322702763681,561,"Things haven't been the same around here since that ""Coneheads"" DVD came into this house."
4446,0,0,26,26,1.0,0.03922322702763681,561,This cone of silence is a great invention.
4446,0,0,26,26,1.0,0.03922322702763681,561,I told you licking each others wounds wouldn't work
4446,0,0,26,26,1.0,0.03922322702763681,561,No one can tap into this conversation.
4446,0,0,26,26,1.0,0.03922322702763681,561,Do you think our wires are being tapped?
4446,0,0,26,26,1.0,0.03922322702763681,561,Life is ruff.
4446,0,0,26,26,1.0,0.03922322702763681,561,President Trump has a dream of the CIA and NSA putting their heads together.
4446,0,0,26,26,1.0,0.03922322702763681,561,"Sorry, Chief. What did you say?"
4446,0,0,26,26,1.0,0.03922322702763681,561,"Now that we are alone, I can tell you right out loud - I LOVE Trump!"
4446,0,0,26,26,1.0,0.03922322702763681,561,Seven Year Itch.
4446,0,0,26,26,1.0,0.03922322702763681,561,Don't apologize. I like the taste of vomit.
4446,0,0,26,26,1.0,0.03922322702763681,561,"O.K. Hamlet, one more comment about our ""Great Danish Communication System"" and I'll bite your head off."
4446,0,0,26,26,1.0,0.03922322702763681,561,Hi Chief. Hi Max.
4446,0,0,26,26,1.0,0.03922322702763681,561,You look so much more angular than in your profile photo.
4446,0,0,26,26,1.0,0.03922322702763681,561,"Personally, I think this virtual reality thing is overrated."
4446,0,0,26,26,1.0,0.03922322702763681,561,"How 'bout I scratch your back, you scratch mine."
4446,0,0,26,26,1.0,0.03922322702763681,561,"All we Trump supporters need is an echo chamber. And maybe love, but that's too hard."
4446,0,0,26,26,1.0,0.03922322702763681,561,"You scratch my back, I'll scratch yours. Deal?"
4446,0,0,26,26,1.0,0.03922322702763681,561,"Don't worry Fideaux, Ralph will spray us with the garden hose."
4446,0,0,26,26,1.0,0.03922322702763681,561,"Oh my God, that's so good! Over here now—please! Yes, yes yes!"" ""My turn now!"" ""Ok."" ""Behind here. Oh, yes! More! More! That's it! That's it! Oh, oh, oh!"
4446,0,0,26,26,1.0,0.03922322702763681,561,"I'm afraid I'm undercover, only posing as an Amish lesbian dog in order to complete a mission of the greatest importance..."
4446,0,0,26,26,1.0,0.03922322702763681,561,"Once bit, twice shy."
4446,0,0,26,26,1.0,0.03922322702763681,561,It's the cone of love!
4446,0,0,26,26,1.0,0.03922322702763681,561,Are you sure we're on the Space Station?
4446,0,0,26,26,1.0,0.03922322702763681,561,This double cone of silence should be secure.
4446,0,0,26,26,1.0,0.03922322702763681,561,"Can't see it anyway, so might as well..."
4446,0,0,26,26,1.0,0.03922322702763681,561,This could put other ways of greeting behind us.
4446,0,0,26,26,1.0,0.03922322702763681,561,Being a pet of a NSA employee does have a few draw backs.
4446,0,0,26,26,1.0,0.03922322702763681,561,"I certainly don't regret last night, but would have preferred the old walk of shame instead."
4446,0,0,26,26,1.0,0.03922322702763681,561,"Missed it by THAT much, chief."
4446,0,0,26,26,1.0,0.03922322702763681,561,Oh yeah. Says who?
4446,0,0,26,26,1.0,0.03922322702763681,561,Ruff! Ruff! To you too.
4446,0,0,26,26,1.0,0.03922322702763681,561,I thought that thing with spaghetti was just a trope.
4446,0,0,26,26,1.0,0.03922322702763681,561,I think the vet made a big mistake
4446,0,0,26,26,1.0,0.03922322702763681,561,I miss my nuts.
4446,0,0,26,26,1.0,0.03922322702763681,561,"They are watching ""Get Smart"" again."
4446,0,0,26,26,1.0,0.03922322702763681,561,It's a lot harder to make out with you since the surgeries.
4446,0,0,26,26,1.0,0.03922322702763681,561,CIA can't hear this.
4446,0,0,26,26,1.0,0.03922322702763681,561,Do we have the same VET?
4446,0,0,26,26,1.0,0.03922322702763681,561,You know I could hear you from over there.
4446,0,0,26,26,1.0,0.03922322702763681,561,The Day the Canine Cone of Silence Debuted
4446,0,0,26,26,1.0,0.03922322702763681,561,"Come on, baby, give us a lick. No one can see!"
4446,0,0,26,26,1.0,0.03922322702763681,561,"""Finally, my love,we can kiss in private"
4446,0,0,26,26,1.0,0.03922322702763681,561,"You know, some say Breitbark News is a right-wing echo chamber"
4446,0,0,26,26,1.0,0.03922322702763681,561,"Fox brings news, comrade."
4446,0,0,26,26,1.0,0.03922322702763681,561,"Tête-à-tête time, why do our feet smell like Fritos?"
4446,0,0,26,26,1.0,0.03922322702763681,561,You have a glitch in your website which forces me to put something here before that pop up will go away. And now I've entered something that will surely fall short of pithy.
4446,0,0,26,26,1.0,0.03922322702763681,561,Two steps back.
4446,0,0,26,26,1.0,0.03922322702763681,561,"Until the House Intelligence hearing, this end will have to do."
4446,0,0,27,27,1.0,0.03774256780481986,561,"I'm not saying our basement pad isn't great, but I'm thinking his man cave has the edge."
4446,0,0,26,26,1.0,0.03922322702763681,561,You light up my life.
4446,0,0,26,26,1.0,0.03922322702763681,561,Phew.
4446,0,0,26,26,1.0,0.03922322702763681,561,I liked it better the old way.
4446,0,0,26,26,1.0,0.03922322702763681,561,This dog fight never happened.
4446,0,0,26,26,1.0,0.03922322702763681,561,Meeting of the canines
4446,0,0,26,26,1.0,0.03922322702763681,561,"Woof?"" ""Woof woof"
4446,0,0,26,26,1.0,0.03922322702763681,561,I’ll show you mine if you’ll show me yours.
4446,0,0,26,26,1.0,0.03922322702763681,561,Can you hear me now? Good.
4446,0,0,26,26,1.0,0.03922322702763681,561,Let's see if the Russians can break this code.
4446,0,0,26,26,1.0,0.03922322702763681,561,"At last, some privacy."
4446,0,0,26,26,1.0,0.03922322702763681,561,"Yes, I know what they're called and, no, you haven't quite mastered iambic pentameter."
4446,0,0,26,26,1.0,0.03922322702763681,561,"Naw, they'll say it's Groupthink"
4446,0,0,26,26,1.0,0.03922322702763681,561,I only have one because my human wears a chastity ring.
4446,0,0,26,26,1.0,0.03922322702763681,561,"No, it's rightie-tightie, leftie-loosie, Lucy!"
4446,0,0,26,26,1.0,0.03922322702763681,561,I miss them already.
4446,0,0,26,26,1.0,0.03922322702763681,561,A Canine Sapiens is being born.
4446,0,0,26,26,1.0,0.03922322702763681,561,That's not what you think it is
4446,0,0,26,26,1.0,0.03922322702763681,561,You've been sniffing glue again .
4446,0,0,26,26,1.0,0.03922322702763681,561,You're sniffing the wrong end.
4446,0,0,28,28,1.0,0.036369648372665396,561,I hear one vet thinks biting actually helps healing.
4446,0,0,26,26,1.0,0.03922322702763681,561,I'd rather sniff you butt!
4446,0,0,26,26,1.0,0.03922322702763681,561,They said cutting them? off was for my own good. What line of bull did they give you?
4446,0,0,26,26,1.0,0.03922322702763681,561,"It's ruff for me, too."
4446,0,0,26,26,1.0,0.03922322702763681,561,How dogs discover doggy breath.
4446,0,0,26,26,1.0,0.03922322702763681,561,"Max, I'm the Chief. I've waited a long time for us to talk like this."
4446,0,0,26,26,1.0,0.03922322702763681,561,Your bark sounds louder
4446,0,0,26,26,1.0,0.03922322702763681,561,"I know it works, I think we forgot the string."
4446,0,0,26,26,1.0,0.03922322702763681,561,Wow-bow.
4446,0,0,27,27,1.0,0.03774256780481986,561,I hate that we have to meet in such shame.
4446,0,0,26,26,1.0,0.03922322702763681,561,This cone of silence is great!
4446,0,0,26,26,1.0,0.03922322702763681,561,"I don't want to see what they did to you, either."
4446,0,0,27,27,1.0,0.03774256780481986,561,This is the worst colonic I have ever had.
4446,0,0,26,26,1.0,0.03922322702763681,561,Cone of Flame.
4446,0,0,26,26,1.0,0.03922322702763681,561,Cone of Flame.
4446,0,0,26,26,1.0,0.03922322702763681,561,As a matter of fact I wouldn't mind getting licked.
4446,0,0,26,26,1.0,0.03922322702763681,561,"Hey, if you want to do this: no yodeling."
4446,0,0,26,26,1.0,0.03922322702763681,561,you have bad breath !!
4446,0,0,28,28,1.0,0.036369648372665396,561,"The forehead bender, eyewinker, tomtinker, nosedropper, moutheater, and chinchopper are all still there. Something seems missing tho, and I don't want to fight you anymore."
4446,0,0,26,26,1.0,0.03922322702763681,561,"Oh, I know I'm being crude but I really wish one of these things was attached to our other end."
4446,0,0,26,26,1.0,0.03922322702763681,561,Do you think we look like a Rorschach test?
4446,0,0,26,26,1.0,0.03922322702763681,561,Lick my nose! Aaahhhh.
4446,0,0,26,26,1.0,0.03922322702763681,561,"Good for the wire-tapping, bad for the ball licking."
4446,0,0,26,26,1.0,0.03922322702763681,561,Do you feel like something is missing?
4446,0,0,26,26,1.0,0.03922322702763681,561,"You brought treats, right?"
4446,0,0,26,26,1.0,0.03922322702763681,561,You don't need the cones of silence to tell me that that snooty Mexican Chihuahua is an illegal bitch!
4446,0,0,26,26,1.0,0.03922322702763681,561,"If I lick your face, will you lick mine?"
4446,0,0,26,26,1.0,0.03922322702763681,561,We should have voted for candidate A.
4446,0,0,26,26,1.0,0.03922322702763681,561,We are finally alone...
4446,0,0,26,26,1.0,0.03922322702763681,561,"?? Shame, shame shame...??"
4446,0,0,26,26,1.0,0.03922322702763681,561,"No, YOU stop barking” “Aha, you blinked first"
4446,0,0,26,26,1.0,0.03922322702763681,561,"Ok, no peeking."
4446,0,0,26,26,1.0,0.03922322702763681,561,I really enjoy our time in the shade.
4446,0,0,28,28,1.0,0.036369648372665396,561,I hate these cone-of-silence workshops.
4446,0,0,26,26,1.0,0.03922322702763681,561,We can figure out how to escape from these cones if we just put our heads together.
4446,0,0,26,26,1.0,0.03922322702763681,561,Costume malfunction? Eeyore and Fido don their pushmi-pullou bass-ackwards.
4446,0,0,26,26,1.0,0.03922322702763681,561,Will your health coverage cover the procedure?
4446,0,0,26,26,1.0,0.03922322702763681,561,"I tried turning off the lamp, while you were at the vet."
4446,0,0,26,26,1.0,0.03922322702763681,561,"Birds of a feather, flock together."
4446,0,0,26,26,1.0,0.03922322702763681,561,It's a dogs world afterall.
4446,0,0,26,26,1.0,0.03922322702763681,561,Sweetheart it's a bit dark in here but you still smell glorious
4446,0,0,28,28,1.0,0.036369648372665396,561,Some jerk named The V.E.T. did this to me in the vet's office.
4446,0,0,26,26,1.0,0.03922322702763681,561,Our Cones of Silence
4446,0,0,26,26,1.0,0.03922322702763681,561,Fancy meeting you here.
4446,0,0,26,26,1.0,0.03922322702763681,561,We have to stop meeting like this.
4446,0,0,26,26,1.0,0.03922322702763681,561,"Boolean Logic: If A and B are true. Example: Same say the privacy debate has greatly expanded, other say the argument has ‘gone to the dogs’"
4446,0,0,26,26,1.0,0.03922322702763681,561,"When you think it can't get any worse, it does."
4446,0,0,26,26,1.0,0.03922322702763681,561,We should put our heads together to figure out a way to get rid of this.
4446,0,0,27,27,1.0,0.03774256780481986,561,"""I think they want us to get serious""."
4446,0,0,26,26,1.0,0.03922322702763681,561,Actually I prefer the other end.
4446,0,0,26,26,1.0,0.03922322702763681,561,"Ugh, you have dog breath."
4446,0,0,26,26,1.0,0.03922322702763681,561,You got the biscuits?
4446,0,0,26,26,1.0,0.03922322702763681,561,How do we get them unstuck?
4446,0,0,26,26,1.0,0.03922322702763681,561,We can talk privately here.
4446,0,0,26,26,1.0,0.03922322702763681,561,"I thought tunnel vision would be more colorful, didn't you?"
