rank,funny,somewhat_funny,unfunny,count,score,precision,contest,caption
1,40,74,80,194,1.7938144329896908,0.05463227106194971,563,"Listen, I've got to run."
2,219,164,479,862,1.6983758700696057,0.02889300346179137,563,No wonder this gym was so cheap.
3,36,59,100,195,1.6717948717948719,0.055134198568889854,563,"Honey, I've been put on the fast track."
4,52,90,155,297,1.6531986531986531,0.04413961735628995,563,It started with a stand-up desk.
5,109,121,292,522,1.6494252873563218,0.03519336780379073,563,It’s Karma !! But who’da thunk the hamsters would inherit the earth?
6,25,73,99,197,1.6243654822335025,0.04991525131066867,563,Can I call you back? I'm on a roll.
7,24,45,80,149,1.6241610738255035,0.06133270361003402,563,Everything's running smoothly up here. How are things in maze?
8,29,107,150,286,1.5769230769230769,0.03959798165306032,563,"What goes around comes around, believe me."
8,43,79,164,286,1.5769230769230769,0.04372089070439804,563,"pD piety, pD piety, pD piety, …"
10,42,78,162,282,1.574468085106383,0.04393163747536999,563,The pay is good but they treat us like animals.
11,32,70,136,238,1.5630252100840336,0.0466124784509241,563,I wish I could tell you when I'll finish here but there's no end in sight.
12,21,90,128,239,1.5523012552301256,0.04215800592222729,563,"A few more minutes, Honey. The Tesla isn't charged yet."
13,32,65,138,235,1.548936170212766,0.04713798968661923,563,…and cancel my three o’clock. I need to hit the maze.
14,21,59,104,184,1.548913043478261,0.0509938592543774,563,"It's not as glamorous as you think, Mom."
15,15,95,119,229,1.5458515283842795,0.04076580546764247,563,"Honey, is the Tesla recharged yet?"
16,30,36,112,178,1.5393258426966292,0.057516007586667264,563,If this trial succeeds we can start testing on mice.
17,22,75,124,221,1.5384615384615385,0.04510672861939406,563,"Yes, sir, it's a little like groundhog day."
18,19,75,118,212,1.5330188679245282,0.04504631830981788,563,I'm working from home until my wife can get the kid another hamster.
19,25,55,120,200,1.525,0.05009413249625912,563,I think I'm finally getting somewhere!
20,15,71,108,194,1.5206185567010309,0.04576432363771029,563,Ok. Try the Tesla now.
21,34,32,127,193,1.5181347150259068,0.05599491877656854,563,When Hamsters dream.
22,27,43,118,188,1.5159574468085106,0.05358682306925202,563,"Circulation Department, how may I help you?"
23,23,46,110,179,1.5139664804469273,0.05335845381497349,563,I thought '401K' meant something else.
24,23,36,102,161,1.5093167701863355,0.05785906819092733,563,I'm not trapped if it's what I choose. I'm not trapped if it's what I choose. I'm not trapped if it's what I choose.
25,19,28,83,130,1.5076923076923077,0.06483422633709097,563,"Oh, I'm going great! I'm living the metaphor!"
26,20,49,107,176,1.5056818181818181,0.05222153054685811,563,Sorry. Can't talk. Gotta run.
27,17,30,80,127,1.5039370078740157,0.06409944130963163,563,Is the wifi back up yet?
28,20,42,101,163,1.5030674846625767,0.05529881584828104,563,"There's a BIG difference between a hamster and gerbil, Bob."
29,23,40,109,172,1.5,0.05500887012285984,563,I'll talk to you later...I gotta run.
30,18,46,102,166,1.4939759036144578,0.05319097554707974,563,Let's just say this job lacks any opportunity for advancement.
31,17,42,96,155,1.4903225806451612,0.05520100144162101,563,I am still getting used to working at the White House.
32,21,36,103,160,1.4875,0.05676519828071648,563,"Work for a startup, they said. It'll be fun, they said."
33,20,36,100,156,1.4871794871794872,0.057149825211330676,563,Is the psychological test just as demanding?
34,18,38,96,152,1.486842105263158,0.05677123694996863,563,"Take the corner office, they said. It has a great view, they said."
35,12,33,73,118,1.4830508474576272,0.06223079161555708,563,I think they've taken the employee wellness program a little too far.
36,8,7,33,48,1.4791666666666667,0.11136477398244365,563,"Hello, this is Ferris."
36,18,33,93,144,1.4791666666666667,0.05910556942639447,563,You won't believe what I just re-invented.
38,16,33,90,139,1.4676258992805755,0.058925631399268444,563,"Siri, where's my exit?"
38,14,37,88,139,1.4676258992805755,0.057128812404003526,563,It's not the destination. It's not the journey. It's actually nothing.
38,18,29,92,139,1.4676258992805755,0.06066925798881239,563,Few more years till that corner wheel.
41,14,29,79,122,1.4672131147540983,0.06288078822590099,563,"Hey, let me call you back. The cedar shavings guy is here."
42,15,34,89,138,1.463768115942029,0.05832695129724266,563,I can't stop. It powers the Wi-Fi.
43,15,32,88,135,1.4592592592592593,0.05925925925925927,563,"Can't talk now, I'm going for 'Exceeds Expectations'."
44,12,37,84,133,1.4586466165413534,0.05699156140991342,563,I'll circle back to you later. I'm running a bit late.
45,15,29,86,130,1.4538461538461538,0.06091289073575756,563,Feel the Hamster! BE the Hamster!
45,9,41,80,130,1.4538461538461538,0.05472491892662025,563,"Oh, you know how it is. You can never catch up."
47,8,41,78,127,1.4488188976377954,0.054435395430095866,563,You're sure she said she likes hamsters?
47,19,19,89,127,1.4488188976377954,0.06586380206238167,563,When Hamsters dream.
49,11,34,80,125,1.448,0.05842668413794195,563,It's not bad. There's cheese.
49,9,38,78,125,1.448,0.05617484226258054,563,Note to self: Karma is a bitch.
51,10,34,78,122,1.4426229508196722,0.058255798168977836,563,Cancel my appointments! I'm stuck inside a metaphor.
51,13,28,81,122,1.4426229508196722,0.06164565687018311,563,"I enjoy the wheel, but the litter box is hard to get used to."
51,12,30,80,122,1.4426229508196722,0.060536798842294785,563,Can I call you back? I'm in the middle of something.
54,8,37,75,120,1.4416666666666667,0.056503926803049116,563,No one tells you about this in law school.
54,14,25,81,120,1.4416666666666667,0.06350614047962695,563,"No, I'm sorry, you have the wrong extension. This is ""What Goes Around"". You want ""What Comes Around"" at extension 2253."
54,11,31,78,120,1.4416666666666667,0.06010708619947588,563,No robot's gonna take MY job.
57,4,30,53,87,1.4367816091954022,0.06268762146016037,563,I'm great; they put more sugar in the water.
58,15,21,81,117,1.435897435897436,0.06580411878457867,563,Good morning you've reached the White House fact check line!!
59,14,21,79,114,1.4298245614035088,0.0658967711689369,563,"Janet, tell the valet to bring my ball out front."
59,6,37,71,114,1.4298245614035088,0.05568070841405836,563,"Honey, I'm running late at the lab."
59,6,37,71,114,1.4298245614035088,0.05568070841405836,563,What goes around comes around. So what?
62,9,30,73,112,1.4285714285714286,0.06044968460174198,563,"Honey, I'm practically running the business ."
62,4,16,36,56,1.4285714285714286,0.08396483052075122,563,The guinea pig is on maternity leave. May I help you?
64,3,19,37,59,1.423728813559322,0.07722310059208082,563,"Ironically, they also took away my mouse"
65,7,33,71,111,1.4234234234234233,0.05801740757941361,563,It's all about the journey.
65,12,23,76,111,1.4234234234234233,0.06469173363913366,563,"When it reaches fifty pellets, sell."
65,11,25,75,111,1.4234234234234233,0.0634130920034377,563,Turns out that being the bosses' pet has drawbacks.
65,11,25,75,111,1.4234234234234233,0.0634130920034377,563,The new corporate ladder.
69,4,15,36,55,1.4181818181818182,0.08484848484848484,563,I just feel that my career isn't going anywhere.
70,7,29,67,103,1.4174757281553398,0.060965441404319295,563,I finally quit my desk job.
71,4,36,66,106,1.4150943396226414,0.055055186767382365,563,Ha! Ha! I'm not going to waste MY life sitting behind a desk!
71,3,38,65,106,1.4150943396226414,0.05339830587831596,563,I wish scientists would go back to using real hamsters.
73,11,21,72,104,1.4134615384615385,0.0663946392306863,563,I just can't believe they make us wear a tie.
73,11,21,72,104,1.4134615384615385,0.0663946392306863,563,United States Department of Energy. How may I direct your call?
73,11,21,72,104,1.4134615384615385,0.0663946392306863,563,"If I close this deal, they'll give me a plastic ball so I can roam the halls."
73,7,29,68,104,1.4134615384615385,0.06050968624136594,563,I just hope I'm not in the control group.
77,7,7,37,51,1.411764705882353,0.1016586776220841,563,Hipster! I told the recruiter I was a hipster!
78,6,29,65,100,1.41,0.06046119049072351,563,"The moment Jim realized that when he ran faster, the wheel went faster too."
79,12,18,73,103,1.4077669902912622,0.0682054839852779,563,The last corporation I worked for had a ladder.
80,8,25,68,101,1.4059405940594059,0.06321144435450443,563,"Well, I did ask to be kept in the loop."
80,15,11,75,101,1.4059405940594059,0.07336092496175328,563,"I know, I know but I was so sure the solar panels would be enough"
80,10,21,70,101,1.4059405940594059,0.06627010111160996,563,"Good, now we're getting somewhere"
83,2,15,30,47,1.4042553191489362,0.08417623064627067,563,"He has some different ideas, but he's the best cardiologist I've ever found!"
84,8,24,67,99,1.404040404040404,0.06407966323571289,563,I'm just training for my 401k.
84,8,24,67,99,1.404040404040404,0.06407966323571289,563,Call my wife and tell her I'm running late.
84,2,36,61,99,1.404040404040404,0.05356626607004497,563,Things that go around come around
84,4,32,63,99,1.404040404040404,0.05728552161985341,563,Going green: 2 more hours and my Tesla will be charged
88,5,13,39,57,1.4035087719298245,0.08620242366877114,563,Mom! I got the job! And my own office!
89,4,31,62,97,1.402061855670103,0.05799446333930471,563,I still prefer this to the old grindstone.
90,8,23,67,98,1.3979591836734695,0.06444473200946527,563,I'm calling from the Hamsterdam office.
90,9,21,68,98,1.3979591836734695,0.06605692181366463,563,Can't talk now - I've got to run.
92,10,17,66,93,1.3978494623655915,0.07029588329076554,563,"I was just calling to see who ""moved my cheese""?"
93,8,22,66,96,1.3958333333333333,0.06535860368783435,563,Hello? I'd like to report a squeaky wheel.
93,11,16,69,96,1.3958333333333333,0.07021140799660336,563,This is a promotion. I used to clean the cage.
93,8,22,66,96,1.3958333333333333,0.06535860368783435,563,I thought it was just a metaphor.
96,10,17,67,94,1.3936170212765957,0.0696727079197315,563,"Ok, if there is no God, who changes the water?"
96,11,15,68,94,1.3936170212765957,0.07129562979785918,563,Standing desks are totally last year.
96,3,31,60,94,1.3936170212765957,0.057033516751398235,563,Why don't we meet for pellets and discuss this in person?
96,11,15,68,94,1.3936170212765957,0.07129562979785918,563,Not what I had in mind when I joined Habitat for Humanity.
100,3,14,34,51,1.392156862745098,0.08438209722098045,563,"It's a bit expensive for a studio, but the gym membership is included..."
101,8,20,64,92,1.391304347826087,0.06729452230836863,563,This job is taking me nowhere fast.
101,6,24,62,92,1.391304347826087,0.06364565693142608,563,I'll be late for the meeting. My Karma's a little backed up at the roundabout.
101,2,32,58,92,1.391304347826087,0.05563455287207139,563,I miss climbing the corporate ladder.
101,8,20,64,92,1.391304347826087,0.06729452230836863,563,Isn't that rat's coffee break over yet?
101,4,28,60,92,1.391304347826087,0.059774464110973397,563,It's just a pet project of mine.
101,8,20,64,92,1.391304347826087,0.06729452230836863,563,"I dunno,' I'm feeling that our company's training program lacks something in vision."
101,9,18,65,92,1.391304347826087,0.06904668186054194,563,Sisyphus adapts to the modern work environment.
108,3,12,32,47,1.3829787234042554,0.08895108515260403,563,Not much... just a run of the mill day.
109,9,16,64,89,1.3820224719101124,0.07057623971450337,563,It's nice to see jobs coming back to America!
109,6,22,61,89,1.3820224719101124,0.0649223980418123,563,I feel like I've been running in circles.
109,7,20,62,89,1.3820224719101124,0.06686015541720412,563,Next week I'm going to nail that maze.
109,9,16,64,89,1.3820224719101124,0.07057623971450337,563,"Okay, so I'm going nowhere in the company, but my heartrate has never been this good."
109,3,28,58,89,1.3820224719101124,0.058726739418768874,563,All my needs are met. All my needs are met. All my needs are met...
109,8,18,63,89,1.3820224719101124,0.06874331238255738,563,"He thought ""off the grid"" meant solar panels......."
109,9,16,64,89,1.3820224719101124,0.07057623971450337,563,I'm beginning to miss the old corporate ladder
109,7,20,62,89,1.3820224719101124,0.06686015541720412,563,This is the longest-running job I've ever had.
109,6,22,61,89,1.3820224719101124,0.0649223980418123,563,Yes you have reached the Spin Doctor.
118,2,29,56,87,1.3793103448275863,0.057203331606160666,563,HAMSTERS Inc. May I help you ?
118,9,15,63,87,1.3793103448275863,0.07171735209402204,563,Do we have power in the building again?
118,6,21,60,87,1.3793103448275863,0.06588971067087881,563,"I was just hired, but everything already revolves around me."
121,5,22,58,85,1.3764705882352941,0.06476951289477273,563,This is not quite what I expected when I signed up for a spinning class.
121,10,12,63,85,1.3764705882352941,0.07480407759417776,563,"No, no! We don't test on animals."
121,6,20,59,85,1.3764705882352941,0.06689694944796853,563,I say we keep doin' what we're doin' and never look back.
124,7,17,60,84,1.369047619047619,0.06937918688892442,563,"I gotta run, call you later."
124,5,21,58,84,1.369047619047619,0.06511334815595471,563,"""Do you think we could put those solar panels back in the budget next year""?"
124,6,19,59,84,1.369047619047619,0.06728008502315849,563,I asked for a raise but they keep giving me the run-around.
124,8,15,61,84,1.369047619047619,0.07141661785616263,563,Call maintenance—my sipper tube isn't working.
124,6,19,59,84,1.369047619047619,0.06728008502315849,563,Five more deals and I'll get upgraded to the treadmill
124,2,27,55,84,1.369047619047619,0.05813056777758131,563,We have been going round and round... There is no way out...
124,6,19,59,84,1.369047619047619,0.06728008502315849,563,"Frankly, sir, I'm not sure how much more we can spin this."
124,5,21,58,84,1.369047619047619,0.06511334815595471,563,"Can't talk now, I'm running late."
132,2,26,54,82,1.3658536585365855,0.058876859030895484,563,It was cheaper than solar.
132,9,12,61,82,1.3658536585365855,0.07466112365287757,563,It occurred to Bob that somewhere there is probably a rat trying to get out of the people race.
132,6,18,58,82,1.3658536585365855,0.06834428299684821,563,"Yes, hello - I'm looking to switch to solar."
132,5,20,57,82,1.3658536585365855,0.06610466622032775,563,I'll never get anywhere in this job.
132,9,12,61,82,1.3658536585365855,0.07466112365287757,563,"Sean Spicer, 2018."
137,6,17,57,80,1.3625,0.0694548163843757,563,This office doesn't run itself you know!
137,4,21,55,80,1.3625,0.06473839762136749,563,"Yes, I run the business myself."
137,4,21,55,80,1.3625,0.06473839762136749,563,The wheel of the boss goes round and round; round and round; round and round. The wheel ...
137,6,17,57,80,1.3625,0.0694548163843757,563,"Finally, I think I'm getting somewhere..."
137,7,15,58,80,1.3625,0.07169677269717149,563,He's training for his 401K.
142,7,14,57,78,1.358974358974359,0.07293467527814461,563,Just have the lab results on my desk by morning
142,7,14,57,78,1.358974358974359,0.07293467527814461,563,Sheila cancel my four o'clock. I'm running behind schedule.
142,2,24,52,78,1.358974358974359,0.060452172772587194,563,The wheels on the deal go 'round and 'round....
142,8,12,58,78,1.358974358974359,0.07518289161058339,563,This new workout equipment seems a bit... ironic.
142,2,24,52,78,1.358974358974359,0.060452172772587194,563,I knew that 'Wheel On The Bus' song would drive me crazy someday!
147,5,17,55,77,1.3506493506493507,0.0685915171800525,563,"Nonetheless, Proud Mary keeps on burning."
147,6,15,56,77,1.3506493506493507,0.07103914222961645,563,I need that report on my floor by noon.
147,4,19,54,77,1.3506493506493507,0.06605325676606114,563,"Yes, I do think this revolves around me."
147,5,17,55,77,1.3506493506493507,0.0685915171800525,563,The things we do for our kids science fair projects!
151,7,12,56,75,1.3466666666666667,0.07472070116897449,563,I prefer the standing desk...
151,6,14,55,75,1.3466666666666667,0.07226910005543742,563,"If I don't wrap this up in ten minutes, I'll miss the bus and have to walk home."
151,4,18,53,75,1.3466666666666667,0.06709770563962754,563,"Honey, let's just go with the standard charger for our next Tesla."
151,5,16,54,75,1.3466666666666667,0.06973135924720286,563,"White House spin room. No, I don't know when it's all going to stop."
151,7,12,56,75,1.3466666666666667,0.07472070116897449,563,Memo to HR: The fitness center really stinks.
151,8,10,57,75,1.3466666666666667,0.07709438075205965,563,The bathroom break is going to be ugly.
151,6,14,55,75,1.3466666666666667,0.07226910005543742,563,The worst part? I haven't been able to check my phone.
151,4,18,53,75,1.3466666666666667,0.06709770563962754,563,It's a new era in American energy!
151,5,16,54,75,1.3466666666666667,0.06973135924720286,563,"Nike Customer Service, can I help you?"
151,6,14,55,75,1.3466666666666667,0.07226910005543742,563,"'Finally, I got an office with a window.'"
151,8,10,57,75,1.3466666666666667,0.07709438075205965,563,I don't give a rat's ass about this study.
151,4,18,53,75,1.3466666666666667,0.06709770563962754,563,My career has come full circle.
163,6,13,54,73,1.3424657534246576,0.07355709449126488,563,"Annie, clear the rest of my afternoon. Jonathan is going to play with me when he comes home from school, and I'm going to escape and hide in the back of his closet until 5:00."
163,4,17,52,73,1.3424657534246576,0.06818805718295924,563,"Oddly enough, it is billable."
163,9,7,57,73,1.3424657534246576,0.0809456525170586,563,I'm running the numbers as we speak.
163,5,15,53,73,1.3424657534246576,0.07092339984935646,563,"U.S. Department of Energy, Research Division, Clean Coal Branch. How can I direct your call?"
163,5,15,53,73,1.3424657534246576,0.07092339984935646,563,This is Ari Sisyphus--how may I help you?
163,4,17,52,73,1.3424657534246576,0.06818805718295924,563,"It does seem like that at times, but I've got great health insurance."
163,6,13,54,73,1.3424657534246576,0.07355709449126488,563,"This is my 150th New Yorker Caption Contest submission, but I know I’m close to winning."
163,1,23,49,73,1.3424657534246576,0.05922886653457919,563,Tesla; The Early Years...
163,3,19,51,73,1.3424657534246576,0.06533830146691406,563,Won't be long until I'm bumped upstairs to the maze.
163,5,15,53,73,1.3424657534246576,0.07092339984935646,563,If I hurry maybe I can make it!
163,5,15,53,73,1.3424657534246576,0.07092339984935646,563,"It's called ""Yoga for Type-A's"
163,5,15,53,73,1.3424657534246576,0.07092339984935646,563,I'm running late.
163,10,5,58,73,1.3424657534246576,0.08326293392150898,563,I get to test all the new things first.
163,6,13,54,73,1.3424657534246576,0.07355709449126488,563,"Nancy, hold my 3 o'clock, I'm on a roll."
163,6,13,54,73,1.3424657534246576,0.07355709449126488,563,The kids promised to take care of it but of course I have to do everything.
163,7,11,55,73,1.3424657534246576,0.0760996954908628,563,"Sure I feel better, but I also feel like eating the kids."
179,10,4,57,71,1.3380281690140845,0.08497522889576538,563,yes i am working on my stand up Circular Elliptical Hamster Wheel desk
180,5,13,51,69,1.3333333333333333,0.07347966489945947,563,"No, sir, I am not giving you the run-around."
180,6,11,52,69,1.3333333333333333,0.0763250850850649,563,"Honey, I'm going to be late again. I just can't seem to get out the door."
180,4,15,50,69,1.3333333333333333,0.07051952704202798,563,The office gym's not much of a perk.
180,5,13,51,69,1.3333333333333333,0.07347966489945947,563,The Facebook quiz said my 'spirit animal' is the hamster.
180,3,17,49,69,1.3333333333333333,0.0674295649898898,563,I'm still making the rounds.
180,5,13,51,69,1.3333333333333333,0.07347966489945947,563,It's win-win. We save on healthcare and heating.
180,5,13,51,69,1.3333333333333333,0.07347966489945947,563,Life is about the journey not the finish line.
180,6,11,52,69,1.3333333333333333,0.0763250850850649,563,"You'll have to speak up, I'm on my wheel phone."
180,4,15,50,69,1.3333333333333333,0.07051952704202798,563,I'll have mine with cheese.
180,2,19,48,69,1.3333333333333333,0.06419103344876317,563,"The wheels on the job go 'round and 'round, 'round and 'round all through the town"
180,3,17,49,69,1.3333333333333333,0.0674295649898898,563,"Sorry Honey, I'm running a little late tonight."
180,6,11,52,69,1.3333333333333333,0.0763250850850649,563,"Mensa testing, may I help you?"
180,5,13,51,69,1.3333333333333333,0.07347966489945947,563,"The new firm is great! They provide a gym, bottled water and bathroom all in one spot."
180,3,17,49,69,1.3333333333333333,0.0674295649898898,563,"I'd love to do lunch, but my cheeks are already stuffed."
180,8,7,54,69,1.3333333333333333,0.08171923599895853,563,Hello. Trump Administration Department of Energy.
180,5,13,51,69,1.3333333333333333,0.07347966489945947,563,"When they told me I had all the power in the company, I didn't realize this is what they meant."
196,4,14,50,68,1.3235294117647058,0.07086935534514265,563,Somehow I thought a home office would be different
196,5,12,51,68,1.3235294117647058,0.07390160410850675,563,It's not so bad. At 5:00 they switch the bottle to beer.
196,5,12,51,68,1.3235294117647058,0.07390160410850675,563,"No, I am quite serious. This job IS a rat race."
196,6,10,52,68,1.3235294117647058,0.07681424771866757,563,I love the my Ultimate Fitness Document Shredder.
196,5,12,51,68,1.3235294117647058,0.07390160410850675,563,"So we're on for the 3 o'clock meeting? Great, great. And just so you know you can shit all over the floor in here."
196,7,8,53,68,1.3235294117647058,0.07962041330814096,563,The eliptical one was too hard!
196,5,12,51,68,1.3235294117647058,0.07390160410850675,563,Wish I'd gotten on facing the window.
196,5,12,51,68,1.3235294117647058,0.07390160410850675,563,We really should have gone with the solar panels.
196,3,16,49,68,1.3235294117647058,0.0677014325126266,563,I'm starting to miss the rat race.
205,4,13,49,66,1.3181818181818181,0.07212748009040358,563,I wish I had said ok to the stand up desk.
205,4,13,49,66,1.3181818181818181,0.07212748009040358,563,It's preventive medicine under Trump's new healthcare plan.
205,6,9,51,66,1.3181818181818181,0.07832480013758411,563,W H E E L O F F O R T U N E
205,5,11,50,66,1.3181818181818181,0.07528993193244386,563,My pension kicks in when?
209,4,12,48,64,1.3125,0.07344620642412539,563,Let me circle back to you on that.
209,5,10,49,64,1.3125,0.07674879141802159,563,Good thing I packed lunch in my cheeks.
209,5,10,49,64,1.3125,0.07674879141802159,563,"Rats, I'm stuck in a metaphor."
209,6,8,50,64,1.3125,0.07991500941724733,563,My workplace health incentives are getting out of hand.
209,7,6,51,64,1.3125,0.08296047538551402,563,I'm going nowhere at this company.
209,4,12,48,64,1.3125,0.07344620642412539,563,I'm getting nowhere fast in this job.
209,6,8,50,64,1.3125,0.07991500941724733,563,At least I know where I'm going.
209,4,12,48,64,1.3125,0.07344620642412539,563,Don't worry. I made sure there's no paper trail.
209,4,12,48,64,1.3125,0.07344620642412539,563,It pays the bills.
209,4,12,48,64,1.3125,0.07344620642412539,563,I love my job I love my job I love my job I love...
209,2,16,46,64,1.3125,0.06634969288573796,563,"Hey boss, We got enough power yet?"
209,2,16,46,64,1.3125,0.06634969288573796,563,I'm in my wheelhouse.
209,6,8,50,64,1.3125,0.07991500941724733,563,What does this company even make?
222,3,13,46,62,1.3064516129032258,0.07120890709167331,563,I wish they had set my wheel up facing the window.
222,6,7,49,62,1.3064516129032258,0.08159148631143069,563,Staff meeting in the Habitrail at 1:00.
222,4,11,47,62,1.3064516129032258,0.07483000186397945,563,"No, Sally, I am NOT the boss' pet!"
222,4,11,47,62,1.3064516129032258,0.07483000186397945,563,On the upside the cardio is fantastic.
222,5,9,48,62,1.3064516129032258,0.07828377806886798,563,"I thought H.R. was describing my new job metaphorically."""
222,3,13,46,62,1.3064516129032258,0.07120890709167331,563,It looked a lot more fun on the infomercial.
222,4,11,47,62,1.3064516129032258,0.07483000186397945,563,"Sir, if you are happy with this call, I'll get a sugar reward."
222,2,15,45,62,1.3064516129032258,0.0673935287651415,563,Sometimes I would just rather be caught in a glue trap.
222,6,7,49,62,1.3064516129032258,0.08159148631143069,563,This job has great health benefits!
222,5,9,48,62,1.3064516129032258,0.07828377806886798,563,"When I said I'd be the guinea pig for this study, I was speaking figuratively."
222,7,5,50,62,1.3064516129032258,0.08477022689766137,563,"Ferret, Ferret and Hamster, How may I direct your call?"
222,5,9,48,62,1.3064516129032258,0.07828377806886798,563,"Hold on, I'm paying the electric bill."
222,5,9,48,62,1.3064516129032258,0.07828377806886798,563,"""Sorry I didn't call you sooner. I've been doing a lot of running around""."
222,3,13,46,62,1.3064516129032258,0.07120890709167331,563,"Really, I can stop whenever I want to."
222,4,11,47,62,1.3064516129032258,0.07483000186397945,563,"I'm telling you, having a treadmill at your desk is so last year"
222,4,11,47,62,1.3064516129032258,0.07483000186397945,563,This Fitbit competition is now officially ridiculous.
222,4,11,47,62,1.3064516129032258,0.07483000186397945,563,Standing desks are so passé.
222,6,7,49,62,1.3064516129032258,0.08159148631143069,563,"I, for one, am glad Trump is bringing back coal."
222,4,11,47,62,1.3064516129032258,0.07483000186397945,563,Run that by me again.
222,4,11,47,62,1.3064516129032258,0.07483000186397945,563,Keep me in the loop.
222,6,7,49,62,1.3064516129032258,0.08159148631143069,563,They're right; people become like their pets.
222,4,11,47,62,1.3064516129032258,0.07483000186397945,563,Most existing shareholders would agree that there's value in our alternative energy sources.
222,5,9,48,62,1.3064516129032258,0.07828377806886798,563,How long is this stress test going to last?
222,3,13,46,62,1.3064516129032258,0.07120890709167331,563,I think I'm going to go back to the standing desk.
222,3,13,46,62,1.3064516129032258,0.07120890709167331,563,I'd quit but it has health insurance and a pension.
222,5,9,48,62,1.3064516129032258,0.07828377806886798,563,"Hold on, let me get the door."
222,4,11,47,62,1.3064516129032258,0.07483000186397945,563,"I don't know who they are, Marie. They say they'll let me go as soon as we release Billy's gerbil."
222,4,11,47,62,1.3064516129032258,0.07483000186397945,563,I don't know. I just feel like I'm not getting anywhere.
222,4,11,47,62,1.3064516129032258,0.07483000186397945,563,"Nah, nothing new - just the usual rat race."""
222,4,11,47,62,1.3064516129032258,0.07483000186397945,563,And advise my next appointment I am running late.
222,5,9,48,62,1.3064516129032258,0.07828377806886798,563,"Miss Jones, could you please ask Suri what Mankind's next evolutionary stage is predicted to be like?"
222,3,13,46,62,1.3064516129032258,0.07120890709167331,563,"Pace yourself Greg, it's only Monday."
254,2,13,41,56,1.3035714285714286,0.07171209962001492,563,"I tell you, this hands-free headset is absolutely liberating."
255,6,6,48,60,1.3,0.08336157713463008,563,Wheel of mis-fortune.
255,2,14,44,60,1.3,0.06847821213147406,563,I think the hamsters may be on to something here.
255,2,14,44,60,1.3,0.06847821213147406,563,I'm almost out the door.
255,2,14,44,60,1.3,0.06847821213147406,563,I thought it was a metaphor
255,4,10,46,60,1.3,0.0762837403353298,563,Don't worry. I'll get around to it.
255,4,10,46,60,1.3,0.0762837403353298,563,The standing desk wasn't doing it for me.
255,5,8,47,60,1.3,0.07990106877232901,563,"Can't talk now, I'm on a roll!"
255,5,8,47,60,1.3,0.07990106877232901,563,"I am not only a spinning wheel sales representative, I am also a client."
255,4,10,46,60,1.3,0.0762837403353298,563,"Gotta run, Honey. A big wheel is in my office."
264,1,15,42,58,1.293103448275862,0.06511482105593554,563,to find the hamster you must be the hamster.
264,1,15,42,58,1.293103448275862,0.06511482105593554,563,Why would I stop now? I'm WINNING!!
264,1,15,42,58,1.293103448275862,0.06511482105593554,563,"When I offered to be a""guinea pig"", I didn't know they would take it so literally."
264,5,7,46,58,1.293103448275862,0.08160749126992167,563,Same old same old. You?
264,4,9,45,58,1.293103448275862,0.07781273644985365,563,"Yeah, my boss said the promotion is right around the corner."
264,3,11,44,58,1.293103448275862,0.07382317573945477,563,Cancel my 3:30. I still haven't figured out how to stop this thing.
264,5,7,46,58,1.293103448275862,0.08160749126992167,563,That's OK. I can hold.
264,4,9,45,58,1.293103448275862,0.07781273644985365,563,"No matter how hard I work, I never can catch up."
264,1,15,42,58,1.293103448275862,0.06511482105593554,563,"I used to work for peanuts, now it's sunflower seeds."
264,2,13,43,58,1.293103448275862,0.06960532018964113,563,My computer does everything now. I just make the electricity.
264,3,11,44,58,1.293103448275862,0.07382317573945477,563,"Don't worry, I'm not going anywhere."
264,3,11,44,58,1.293103448275862,0.07382317573945477,563,The guinea pigs called in sick... I'm from the temp agency.
264,3,11,44,58,1.293103448275862,0.07382317573945477,563,"I don't know how I feel about this new ""let's move"" campaign."
264,3,11,44,58,1.293103448275862,0.07382317573945477,563,"Yeah, I'm on my way out the door now."
264,4,9,45,58,1.293103448275862,0.07781273644985365,563,"I don't mind powering the building, but I'm gonna need the chips changed more often"
264,4,9,45,58,1.293103448275862,0.07781273644985365,563,Meeting at the maze in 5 minutes.
264,4,9,45,58,1.293103448275862,0.07781273644985365,563,I will not text at meetings. I will not text at meetings. I will not text at meetings. I will not text at meetings. I will not text at meetings. I will not text at meetings.
264,2,13,43,58,1.293103448275862,0.06960532018964113,563,Switching to pet health insurance plans is supposed to save the company millions.
264,3,11,44,58,1.293103448275862,0.07382317573945477,563,White House press office. Can I help you?
264,2,13,43,58,1.293103448275862,0.06960532018964113,563,These health care plans are ludicrous.
264,3,11,44,58,1.293103448275862,0.07382317573945477,563,"Hate to let you go, but I have to run."
264,2,13,43,58,1.293103448275862,0.06960532018964113,563,I think management is trying to tell me something.
264,3,11,44,58,1.293103448275862,0.07382317573945477,563,"Talk to you later, I gotta run."
264,4,9,45,58,1.293103448275862,0.07781273644985365,563,It depends on what you mean by 'progress'.
264,1,15,42,58,1.293103448275862,0.06511482105593554,563,"In point of fact, the runaround is our speciality!"
264,7,3,48,58,1.293103448275862,0.088711352072225,563,Speaker Ryan's room at Mar-a-Lago
264,3,11,44,58,1.293103448275862,0.07382317573945477,563,I'll be over as soon as the Tesla is fully charged.
264,3,11,44,58,1.293103448275862,0.07382317573945477,563,"Yes, of course I'm hydrating, Honey."
264,3,11,44,58,1.293103448275862,0.07382317573945477,563,I will make partner. I will make partner. I will make partner.
264,3,11,44,58,1.293103448275862,0.07382317573945477,563,This is not what I thought the President meant when he promised jobs generating energy.
294,3,10,43,56,1.2857142857142858,0.07522384653285497,563,"I'd love to keep chatting, but I've got to run."
294,5,6,45,56,1.2857142857142858,0.08341060116016318,563,They're always trying to get me to retire.
294,3,10,43,56,1.2857142857142858,0.07522384653285497,563,Because I'm one promotion away from a cat tree
294,4,8,44,56,1.2857142857142858,0.07942277844893847,563,Our solar power has its downside on cloudy days.
294,4,8,44,56,1.2857142857142858,0.07942277844893847,563,"OK Bob. We all know what goes around comes around, but what are we gonna do, reinvent the wheel? Let's put a positive spin on this and roll with it."
294,1,14,41,56,1.2857142857142858,0.06602973412408396,563,Green Energy Department. How may I direct your call.
294,2,12,42,56,1.2857142857142858,0.07077624204383748,563,"With this new desk, I've lost 15 pounds, 3 inches off my waist, and any desire to continue living."
294,2,12,42,56,1.2857142857142858,0.07077624204383748,563,We really should have read the fine print in that new health plan.
294,2,12,42,56,1.2857142857142858,0.07077624204383748,563,I'll get there when I get there.
294,2,12,42,56,1.2857142857142858,0.07077624204383748,563,I hope this is the last stage of this interview.
294,2,12,42,56,1.2857142857142858,0.07077624204383748,563,They promised me a desk once I complete the internship.
294,4,8,44,56,1.2857142857142858,0.07942277844893847,563,Everyone thinks I'm the biggest wheeler-dealer in the firm.
294,2,12,42,56,1.2857142857142858,0.07077624204383748,563,I see no opportunity for advancement.
294,3,10,43,56,1.2857142857142858,0.07522384653285497,563,I complained about not having time to work out… my boss was very accommodating.
294,3,10,43,56,1.2857142857142858,0.07522384653285497,563,Are you sure this is the corporate ladder?
294,5,6,45,56,1.2857142857142858,0.08341060116016318,563,...and a side of sunflower seeds.
294,2,12,42,56,1.2857142857142858,0.07077624204383748,563,"I'm beginning to doubt the ""the door is open to new opportunities"" speech the boss gave me."
294,3,10,43,56,1.2857142857142858,0.07522384653285497,563,Then she claimed I didn't understand metaphors.
294,4,8,44,56,1.2857142857142858,0.07942277844893847,563,Maybe my career really is going nowhere.
294,4,8,44,56,1.2857142857142858,0.07942277844893847,563,Our motto is: 'We run circles around the competition!'
294,3,10,43,56,1.2857142857142858,0.07522384653285497,563,Human Resources? I'd like to discuss the new fitness program.
294,1,14,41,56,1.2857142857142858,0.06602973412408396,563,You mean the door has always been open?
294,2,12,42,56,1.2857142857142858,0.07077624204383748,563,I ran out of Xanax.
294,5,6,45,56,1.2857142857142858,0.08341060116016318,563,"Ok, I'm just a few steps from the door."
294,4,8,44,56,1.2857142857142858,0.07942277844893847,563,"Bixby finally realized, the companies effort to cut energy costs had gone to far."
294,5,6,45,56,1.2857142857142858,0.08341060116016318,563,One...one...one...one...one
294,3,10,43,56,1.2857142857142858,0.07522384653285497,563,Cancel my two o'clock. I'm on a roll here.
294,3,10,43,56,1.2857142857142858,0.07522384653285497,563,This deal is going nowhere fast.
322,6,3,45,54,1.2777777777777777,0.08932023225481209,563,"Madam, I'm offering you a lifetime of freedom."
322,4,7,43,54,1.2777777777777777,0.08112015687189036,563,An MBA for this?
322,2,11,41,54,1.2777777777777777,0.07199205381003258,563,"Yeah, okay, call me back. I'm not going anywhere."
322,2,11,41,54,1.2777777777777777,0.07199205381003258,563,Honey guess what? I got my own office!
322,4,7,43,54,1.2777777777777777,0.08112015687189036,563,"Any day now, I'll get my own EXECUTIVE wheel."
322,4,7,43,54,1.2777777777777777,0.08112015687189036,563,"I've been promoted to 'spin man', but it's not as glamorous as it sounds."
322,3,9,42,54,1.2777777777777777,0.07669203238507481,563,"I could reverse myself, but nothing would change."
322,4,7,43,54,1.2777777777777777,0.08112015687189036,563,"Then I said, what makes you think you have any magical powers."
322,5,5,44,54,1.2777777777777777,0.08531876622693765,563,"Yes, much better. I am going places here, not like my old job where I was just treading water."
322,2,11,41,54,1.2777777777777777,0.07199205381003258,563,"Boss, I'm ready for the maze."
322,5,5,44,54,1.2777777777777777,0.08531876622693765,563,Almost there.
322,5,5,44,54,1.2777777777777777,0.08531876622693765,563,"No more hamster jokes, OK?"
322,4,7,43,54,1.2777777777777777,0.08112015687189036,563,Love it. Let me run it by the big cheese.
322,3,9,42,54,1.2777777777777777,0.07669203238507481,563,No animals were harmed in the testing of this product.
322,4,7,43,54,1.2777777777777777,0.08112015687189036,563,I have an opportunity to cut your electric bill in half.
322,4,7,43,54,1.2777777777777777,0.08112015687189036,563,"When Rat Race hired me, I literally thought they were speaking figuratively."
322,2,11,41,54,1.2777777777777777,0.07199205381003258,563,Wish I could be sure Corporate's not just giving me the run-around.
322,4,7,43,54,1.2777777777777777,0.08112015687189036,563,This job isn't taking me anywhere.
340,2,9,36,47,1.2765957446808511,0.0787396537971014,563,"No I didn't see that, we shredded all the fake news for burrowing."
341,1,12,38,51,1.2745098039215685,0.0690463406339569,563,"I just want to close this deal, Mike, but you keep giving me the run-around!"
342,2,8,34,44,1.2727272727272727,0.08201760989966524,563,"C'mon, Frank. We close this deal, they'll give me a company ball."
343,2,10,40,52,1.2692307692307692,0.07325333948798678,563,"Well, it's not exactly going to be zero emissions."
343,1,12,39,52,1.2692307692307692,0.0679110000896092,563,Is this PETA?
343,3,8,41,52,1.2692307692307692,0.07823170430914556,563,"If I meet my sales quota, they'll change my shavings."
343,0,14,38,52,1.2692307692307692,0.06211083738124577,563,Why did I hire a hampster to be my therapist?
343,1,12,39,52,1.2692307692307692,0.0679110000896092,563,"The game show of life. Round and round he goes... where he stops, nobody knows."
343,4,6,42,52,1.2692307692307692,0.08291168417108005,563,And move up my one o'clock feeding.
343,2,10,40,52,1.2692307692307692,0.07325333948798678,563,'The consultants reclassified the position down to its basic elements.'
343,2,10,40,52,1.2692307692307692,0.07325333948798678,563,No thanks. I still have yesterday’s lunch in my cheeks.
343,4,6,42,52,1.2692307692307692,0.08291168417108005,563,Well this isn't how I imagined retirement either.
343,1,12,39,52,1.2692307692307692,0.0679110000896092,563,Gotta run.
343,2,10,40,52,1.2692307692307692,0.07325333948798678,563,"Yes, I'd like an order of wood shavings, fresh kibble and today's want ads."
343,3,8,41,52,1.2692307692307692,0.07823170430914556,563,I'd like to change my order from pick-up to delivery.
343,3,8,41,52,1.2692307692307692,0.07823170430914556,563,"On the plus side, I am drinking more water."
343,1,12,39,52,1.2692307692307692,0.0679110000896092,563,"""Yes, sir. I will be ready to scurry out of here in a few minutes""."
343,2,10,40,52,1.2692307692307692,0.07325333948798678,563,I'll call you when I get there
343,4,6,42,52,1.2692307692307692,0.08291168417108005,563,I probably should have stopped at the standing desk.
343,1,12,39,52,1.2692307692307692,0.0679110000896092,563,"Yes, I got out of that rat race."
343,1,12,39,52,1.2692307692307692,0.0679110000896092,563,"Hamster, Inc. -- may I help you?"
343,4,6,42,52,1.2692307692307692,0.08291168417108005,563,Let me circle back to you after I get something to eat
343,3,8,41,52,1.2692307692307692,0.07823170430914556,563,"Yeah, Bill just got promoted. You should see the shavings in his office."
343,3,8,41,52,1.2692307692307692,0.07823170430914556,563,"Honestly, Ma'am, nine pounds per day!"
343,3,8,41,52,1.2692307692307692,0.07823170430914556,563,Just 200 miles till retirement!
343,1,12,39,52,1.2692307692307692,0.0679110000896092,563,"No, I mean literally."
343,0,14,38,52,1.2692307692307692,0.06211083738124577,563,"Hey, my wife had 24 kids last night."
343,2,10,40,52,1.2692307692307692,0.07325333948798678,563,"No, really, I've gotta run."
343,3,8,41,52,1.2692307692307692,0.07823170430914556,563,I need those reports on my floor by noon.
343,2,10,40,52,1.2692307692307692,0.07325333948798678,563,I'll leave as soon as the Tessla's charged up.
343,4,6,42,52,1.2692307692307692,0.08291168417108005,563,"White House pet, Sean Spicer."
343,3,8,41,52,1.2692307692307692,0.07823170430914556,563,"And at 5:00 pm, change that water drip to a single malt scotch."
343,3,8,41,52,1.2692307692307692,0.07823170430914556,563,"I'll try to pick up cheese on the way home, but for some reason they've made it impossible to find."
343,3,8,41,52,1.2692307692307692,0.07823170430914556,563,I'll get around to it in just a minute.
343,4,6,42,52,1.2692307692307692,0.08291168417108005,563,"If there's one thing I miss, it's the toilet."
375,1,11,37,49,1.2653061224489797,0.07007958427903577,563,I really feel like I'm getting somewhere now.
376,3,7,40,50,1.26,0.07984679207132642,563,Announcement: team building begins in 10 minutes at the maze.
376,1,11,38,50,1.26,0.06886840453253687,563,The back-up generator is up and running.
376,4,5,41,50,1.26,0.08480469759803333,563,I need that report shredded and on my floor first thing in the morning.
376,5,3,42,50,1.26,0.08948834150494758,563,"My productivity is way up and it's great for my cardio, but the whole bathroom thing still freaks me out."
376,2,9,39,50,1.26,0.07455993343257081,563,My career is going nowhere fast.
376,3,7,40,50,1.26,0.07984679207132642,563,Never insult the big cheese.
376,3,7,40,50,1.26,0.07984679207132642,563,"After the NIH budget cuts, we had to let the rats go."
376,2,9,39,50,1.26,0.07455993343257081,563,Squeaking sound? Must be a bad connection.
376,0,13,37,50,1.26,0.06266203485560376,563,"Another day, another pellet."
376,3,7,40,50,1.26,0.07984679207132642,563,I'm so tired of all this busy-work.
376,4,5,41,50,1.26,0.08480469759803333,563,I thought they said hipster office.
376,3,7,40,50,1.26,0.07984679207132642,563,"See if you can push the meeting, Susie. I'm running late."
376,1,11,38,50,1.26,0.06886840453253687,563,"Hamster Inc., how can I help you?"
376,0,13,37,50,1.26,0.06266203485560376,563,That giant hamster will be coming to feed me any minute now.
376,2,9,39,50,1.26,0.07455993343257081,563,"Gotta go, I’ve got a maze at three."
376,1,11,38,50,1.26,0.06886840453253687,563,"Let me know when the lights come back on, boss."
376,1,11,38,50,1.26,0.06886840453253687,563,They've got me running in circles.
376,1,11,38,50,1.26,0.06886840453253687,563,"Sorry, I'm running late."
376,1,11,38,50,1.26,0.06886840453253687,563,I just know I'll never get ahead in this job.
376,2,9,39,50,1.26,0.07455993343257081,563,I'll be right there.
376,3,7,40,50,1.26,0.07984679207132642,563,"Only difference is, I don't EAT my off spring."
376,0,13,37,50,1.26,0.06266203485560376,563,I can't believe hamsters actually do this.
376,0,13,37,50,1.26,0.06266203485560376,563,I miss the old standing desks...
376,3,7,40,50,1.26,0.07984679207132642,563,Yes. I'm running for office.
376,1,11,38,50,1.26,0.06886840453253687,563,I miss fieldwork.
376,2,9,39,50,1.26,0.07455993343257081,563,............ and I'm selling my standing desk on Craig's list.
376,3,7,40,50,1.26,0.07984679207132642,563,At least I left the rat race.
376,2,9,39,50,1.26,0.07455993343257081,563,"Really great great job. We offer Trumpcare, plus access to the best ever gym."
376,3,7,40,50,1.26,0.07984679207132642,563,At least I'm on track.
376,3,7,40,50,1.26,0.07984679207132642,563,You know...same old.
376,3,7,40,50,1.26,0.07984679207132642,563,This is not what I meant when I asked for alternative energy.
376,4,5,41,50,1.26,0.08480469759803333,563,We make our own hours as long as we can finish what we start
376,1,11,38,50,1.26,0.06886840453253687,563,Solar power is overrated.
409,3,5,35,43,1.255813953488372,0.08862817707515769,563,What do you mean I'm like a broken record?
410,3,6,39,48,1.25,0.08154100913168028,563,"""It'll be a great job,"" they said. ""All you can drink,"" they said."
410,3,6,39,48,1.25,0.08154100913168028,563,This call may be monitored for training purposes.
410,3,6,39,48,1.25,0.08154100913168028,563,Let me know as soon as there's room in the maze.
410,1,10,37,48,1.25,0.06982754846636602,563,"I know what we agreed to, but for a little while, I thought you could try wheeling while I do the dealing."
410,2,8,38,48,1.25,0.0759105483283959,563,I hate renewable energy.
410,2,8,38,48,1.25,0.0759105483283959,563,I miss the old rat race.
410,1,8,31,40,1.25,0.07803680919760617,563,"Hold on for a minute, they're about to come in with a treat-treat!"
410,3,6,39,48,1.25,0.08154100913168028,563,Working in the White House ain't what it used to be.
410,2,8,38,48,1.25,0.0759105483283959,563,I'm running to my 12 o'clock
410,2,8,38,48,1.25,0.0759105483283959,563,"We might squeak by this quarter, Jim."
410,2,8,38,48,1.25,0.0759105483283959,563,When can we get the electricity?
410,1,10,37,48,1.25,0.06982754846636602,563,"Catch up with you later, I’m running a bit behind."
410,2,8,38,48,1.25,0.0759105483283959,563,"At Google HQ, Dave's pet project was literally going round in circles"
410,1,10,37,48,1.25,0.06982754846636602,563,"Its essentially an office job, but now it comes with a handy sippy-cup."
410,3,6,39,48,1.25,0.08154100913168028,563,I'm just spinning my wheel here.
410,2,8,38,48,1.25,0.0759105483283959,563,I just don't feel like I'm going anywhere in this position.
410,2,8,38,48,1.25,0.0759105483283959,563,Time stops for no man.
410,4,4,40,48,1.25,0.0868070330843521,563,"Yes, I’m running over your proposal, as we speak."
410,2,8,38,48,1.25,0.0759105483283959,563,"Hey, at least I am getting paid!"
410,3,6,39,48,1.25,0.08154100913168028,563,Gotta work those hamsterings!
410,1,8,31,40,1.25,0.07803680919760617,563,And the winning number is...
410,4,4,40,48,1.25,0.0868070330843521,563,"You know, Tom, I'm thinking about trading this one in for a battery operated phone."
410,0,12,36,48,1.25,0.06316139407998891,563,Maybe removing the water coolers wasn't my best idea.
410,2,8,38,48,1.25,0.0759105483283959,563,"Well, it's better than acting like a lemming!"
410,2,8,38,48,1.25,0.0759105483283959,563,Sorry Honey - The boss has us all running overtime.
410,3,6,39,48,1.25,0.08154100913168028,563,"Ironically, I can leave anytime I want."
410,1,10,37,48,1.25,0.06982754846636602,563,Same as every day--wheeling and dealing. What's up with you?
410,2,8,38,48,1.25,0.0759105483283959,563,You'll love working here. Every office is furnished with the latest exercise equipment and free beverages.
410,3,6,39,48,1.25,0.08154100913168028,563,"It's called the ""hamster's revenge."""
410,1,10,37,48,1.25,0.06982754846636602,563,"Sure, I'll hold."
410,0,12,36,48,1.25,0.06316139407998891,563,65 more kilowatts and I'll make partner!
441,0,11,35,46,1.2391304347826086,0.06358669845936318,563,Go back? It is not an option.
441,3,5,38,46,1.2391304347826086,0.08331757885104236,563,Deloris - the guy rolling around inside a ball. Send him in.
441,4,3,39,46,1.2391304347826086,0.08892695047328952,563,"No, I've never heard of a book called The Metamorphosis, why do you ask?"
441,2,7,37,46,1.2391304347826086,0.0773022339309831,563,Let me transfer you to my owner -- I mean -- supervisor.
441,3,5,38,46,1.2391304347826086,0.08331757885104236,563,Have I explained the Healthcare Bill sufficiently ?
441,2,7,37,46,1.2391304347826086,0.0773022339309831,563,"No, no, work's good. I just wish they'd change the carpet more often."
441,4,3,39,46,1.2391304347826086,0.08892695047328952,563,When I was told I was going to be the boss's pet I had something else in mind.
441,2,7,37,46,1.2391304347826086,0.0773022339309831,563,"""Just the usual rat race; You?'"
441,2,7,37,46,1.2391304347826086,0.0773022339309831,563,Thank goodness they finally moved the water cooler!
441,1,9,36,46,1.2391304347826086,0.07077748085260739,563,Life's a Journey; don't stop believing.
441,3,5,38,46,1.2391304347826086,0.08331757885104236,563,"It's called the ""Rat Race 500"", professional edition."
441,1,9,36,46,1.2391304347826086,0.07077748085260739,563,"No No Idiot, I said Ted Mills !!"
441,2,7,37,46,1.2391304347826086,0.0773022339309831,563,It's nice to get a break from the rat race and work from home
441,1,9,36,46,1.2391304347826086,0.07077748085260739,563,This... is... better... than... the... ergonomic... desk.
441,2,7,37,46,1.2391304347826086,0.0773022339309831,563,"Connie, I'm going to need more bedding in the bathroom."
441,2,7,37,46,1.2391304347826086,0.0773022339309831,563,They told me standing desks are for closers.
441,3,5,38,46,1.2391304347826086,0.08331757885104236,563,"Same-ol', same-ol'. How 'bout you?"
441,3,5,38,46,1.2391304347826086,0.08331757885104236,563,"Siri, remind me to rethink everything."
441,2,7,37,46,1.2391304347826086,0.0773022339309831,563,"Frankly, I feel we are going around in circles on this..."
441,2,7,37,46,1.2391304347826086,0.0773022339309831,563,These corporate Health exams are getting weirder every year.
441,1,9,36,46,1.2391304347826086,0.07077748085260739,563,Can I call you back? I have to visit the woodchips.
441,4,3,39,46,1.2391304347826086,0.08892695047328952,563,Let's catch up over a drink.
441,2,7,37,46,1.2391304347826086,0.0773022339309831,563,When is that new intern starting?
441,2,7,37,46,1.2391304347826086,0.0773022339309831,563,"Like most ambitious junior executives at Petco, Bob started in Product Testing."
441,4,3,39,46,1.2391304347826086,0.08892695047328952,563,Tell me again. Why won’t I need a rest room?
441,1,9,36,46,1.2391304347826086,0.07077748085260739,563,They gave you the wrong extension. The rat's been promoted to Maze.
441,2,7,37,46,1.2391304347826086,0.0773022339309831,563,I'm sick and tired of being called the boss' pet.
441,2,7,37,46,1.2391304347826086,0.0773022339309831,563,I’m living the dream; albeit a gerbil's dream.
441,2,7,37,46,1.2391304347826086,0.0773022339309831,563,You want Johnson down in the Ironies...I run Clichés.
441,2,7,37,46,1.2391304347826086,0.0773022339309831,563,Cancel my lunch appointment; I've just remembered I buried some food in the corner.
441,3,5,38,46,1.2391304347826086,0.08331757885104236,563,It's my pet's Bring Your Owner to Work Day.
441,4,3,39,46,1.2391304347826086,0.08892695047328952,563,"Think outside the box, Clint!"
441,5,1,40,46,1.2391304347826086,0.09420289855072463,563,"Yes, you bet, just making things great again!"
441,1,9,36,46,1.2391304347826086,0.07077748085260739,563,I keep having deja vu.
441,2,7,37,46,1.2391304347826086,0.0773022339309831,563,This is the last time I vote Republican.
441,2,7,37,46,1.2391304347826086,0.0773022339309831,563,Nobody said reducing carbon footprint would be easy!
441,2,7,37,46,1.2391304347826086,0.0773022339309831,563,Give me a brake.
441,2,7,37,46,1.2391304347826086,0.0773022339309831,563,They fired the rat.
441,1,9,36,46,1.2391304347826086,0.07077748085260739,563,"Honey, I'm almost out of Red Bull"
441,1,9,36,46,1.2391304347826086,0.07077748085260739,563,"Safe to say, the current strategic plan is short a beginning, middle, and end."
441,1,9,36,46,1.2391304347826086,0.07077748085260739,563,"...be there soon, I'm running a little late."
441,4,3,39,46,1.2391304347826086,0.08892695047328952,563,"No, really. I've been on a treadmill all day."
483,2,7,38,47,1.2340425531914894,0.07581055041090795,563,I guarantee my hamster isn't doing nearly as well on the treadmill.
483,0,11,36,47,1.2340425531914894,0.0624267634368288,563,"Trust me, the treadmill desk is a gateway drug."
483,1,9,37,47,1.2340425531914894,0.06944184742215101,563,I sometimes feel like I'm going nowhere fast.
486,3,4,37,44,1.2272727272727273,0.08517880933582783,563,Remember when I insisted on having the inside track?
486,2,6,36,44,1.2272727272727273,0.07872958216222171,563,Could you bring in my catheter?
486,2,6,36,44,1.2272727272727273,0.07872958216222171,563,I am not sure I like this new health plan...
486,3,4,37,44,1.2272727272727273,0.08517880933582783,563,"I asked HR for wellness, not wheel nest."
486,3,4,37,44,1.2272727272727273,0.08517880933582783,563,What have I been up to? I mashed-up exercise and work with some really cool sliding tunnels!
486,1,8,35,44,1.2272727272727273,0.07170261260935148,563,Gotta keep the lights on.
486,1,8,35,44,1.2272727272727273,0.07170261260935148,563,I preferred the standing desks.
486,0,10,34,44,1.2272727272727273,0.06390760676613888,563,Well the salary is ok but the health benefits are great!
486,0,10,34,44,1.2272727272727273,0.06390760676613888,563,It's become clear that I'm going no where in this company.
486,1,8,35,44,1.2272727272727273,0.07170261260935148,563,The Boss said I'm working on his pet project
486,0,10,34,44,1.2272727272727273,0.06390760676613888,563,"OK, but I have no idea why I am doing this."
486,3,4,37,44,1.2272727272727273,0.08517880933582783,563,If you give a modern man a cookie...
486,3,4,37,44,1.2272727272727273,0.08517880933582783,563,Tell my wife that I'm running late.
486,2,6,36,44,1.2272727272727273,0.07872958216222171,563,I'm not sure why nobody is taking advantage of my new 'open door' policy.
486,2,6,36,44,1.2272727272727273,0.07872958216222171,563,"I need an order ""to go."""
486,2,6,36,44,1.2272727272727273,0.07872958216222171,563,10 more minutes and we'll have enough juice to turn on the lights.
486,2,6,36,44,1.2272727272727273,0.07872958216222171,563,"Well, it sure beats the rat race."
486,2,6,36,44,1.2272727272727273,0.07872958216222171,563,"If I'm here, does that mean mice are directing Lehman Brothers?"
486,3,4,37,44,1.2272727272727273,0.08517880933582783,563,"Despite of my wage, I am still just a rat in a cage."
486,3,4,37,44,1.2272727272727273,0.08517880933582783,563,I've chewed through the entire file and I'm still spinning my wheel.
486,4,2,38,44,1.2272727272727273,0.09117297852050572,563,"Yes, this is the 'Make America Great Again' hotline. How may I help you?"
486,0,10,34,44,1.2272727272727273,0.06390760676613888,563,"Sorry, I'm running late."
486,2,6,36,44,1.2272727272727273,0.07872958216222171,563,Just running over some paperwork. And you?
486,1,8,35,44,1.2272727272727273,0.07170261260935148,563,The incentives package have really changed around here.
486,2,6,36,44,1.2272727272727273,0.07872958216222171,563,Loafers were a poor choice today.
486,2,6,36,44,1.2272727272727273,0.07872958216222171,563,"You're talking to the guy who wrote ""The Art of the Wheel."""
486,1,8,35,44,1.2272727272727273,0.07170261260935148,563,"Talk to you later, I gotta run."
486,2,6,36,44,1.2272727272727273,0.07872958216222171,563,You'd think a rat would love to run the paper shredder around here.
486,2,6,36,44,1.2272727272727273,0.07872958216222171,563,"For four hundred grand a year, you'd do it, too."
486,1,8,35,44,1.2272727272727273,0.07170261260935148,563,And the job ad said it was a fast track to promotion.
486,0,10,34,44,1.2272727272727273,0.06390760676613888,563,Metaphor? What's a metaphor?
486,2,6,36,44,1.2272727272727273,0.07872958216222171,563,"Yeah, well, it beats temping."
486,1,8,35,44,1.2272727272727273,0.07170261260935148,563,I'll call you back. I've got to go roll around on the floor in my ball.
486,2,6,36,44,1.2272727272727273,0.07872958216222171,563,All praise our new hamster overlords!
486,2,6,36,44,1.2272727272727273,0.07872958216222171,563,10 more minutes and I get to read the N.Y. Times
486,3,4,37,44,1.2272727272727273,0.08517880933582783,563,I wouldn't exactly call it a 'rat race.'
486,2,6,36,44,1.2272727272727273,0.07872958216222171,563,"Good news, honey. I'm out of the boss' doghouse."
486,2,6,36,44,1.2272727272727273,0.07872958216222171,563,"then my hamster ran off with my wife , but I'm ok"
524,2,6,37,45,1.2222222222222223,0.07712569361139826,563,Not sure when I'll get there. I'm running late.
524,2,6,37,45,1.2222222222222223,0.07712569361139826,563,"I'm trying to climb the corporate ladder, but this sure feels like the runaround."
524,2,6,37,45,1.2222222222222223,0.07712569361139826,563,I've become the new pet project of our CEO.
524,3,4,38,45,1.2222222222222223,0.08341746594772757,563,I'm sick of climbing the corporate ladder.
524,1,8,36,45,1.2222222222222223,0.07027283689263063,563,"Nah, after a while you can't even smell the cedar."
524,2,6,37,45,1.2222222222222223,0.07712569361139826,563,We thought we were on the forefront of renewable but now the boss wants to switch to coal.
524,3,4,38,45,1.2222222222222223,0.08341746594772757,563,You can't win the rat race until you run the rat race.
524,2,6,37,45,1.2222222222222223,0.07712569361139826,563,What corporate ladder? They gave me a wheel.
524,1,8,36,45,1.2222222222222223,0.07027283689263063,563,I'm afraid my fitness tracker is getting the best of me.
524,2,6,37,45,1.2222222222222223,0.07712569361139826,563,I've had an idea that might just be revolutionary!
524,3,4,38,45,1.2222222222222223,0.08341746594772757,563,I can't wait for this rotation to be over.
524,1,8,36,45,1.2222222222222223,0.07027283689263063,563,I hate hotel gyms.
524,2,6,37,45,1.2222222222222223,0.07712569361139826,563,Our card gives you more ways to earn bonus miles.
524,1,6,29,36,1.2222222222222223,0.08078101999999665,563,"Yes, Mr. Ryan, it has been seven years. But I think we've nailed it this time."
524,2,6,37,45,1.2222222222222223,0.07712569361139826,563,"Call you back, I have to run."
524,1,8,36,45,1.2222222222222223,0.07027283689263063,563,Are the batteries charged yet?
540,3,3,36,42,1.2142857142857142,0.08712543379825774,563,This wasn't the revolution I initially had in mind.
540,2,5,35,42,1.2142857142857142,0.08018354587260508,563,It's not what I expected here in the Big Wheel's Office.
540,1,7,34,42,1.2142857142857142,0.0725807194981817,563,"Please hold, I'll circle back!"
540,1,7,34,42,1.2142857142857142,0.0725807194981817,563,Don't wait up. I've got to finish this project.
540,0,9,33,42,1.2142857142857142,0.06408213992247219,563,Corporate will make us do whatever it takes to bring down health insurance rates.
540,2,5,35,42,1.2142857142857142,0.08018354587260508,563,"Yes, yes we do test all pet supply equipment before it goes on sale to the public."
540,2,5,35,42,1.2142857142857142,0.08018354587260508,563,This would be a great wheel if it just faced the window.
540,2,5,35,42,1.2142857142857142,0.08018354587260508,563,"Yes, honey, after work I'm going to spin class."
540,1,7,34,42,1.2142857142857142,0.0725807194981817,563,"Hamsters r' US"", can I help you?"
540,2,5,35,42,1.2142857142857142,0.08018354587260508,563,When the boss said I was going to be a guinea pig for this next project I didn't think he meant literally.
540,2,5,35,42,1.2142857142857142,0.08018354587260508,563,Whoa! What do I do now? They left the door to my cage open!
540,1,7,34,42,1.2142857142857142,0.0725807194981817,563,The rat event gets all the press but the hamster race is actually more challenging....
540,1,7,34,42,1.2142857142857142,0.0725807194981817,563,"It's fine, my last office was in a tube."
540,1,7,34,42,1.2142857142857142,0.0725807194981817,563,"Whoever's doing the heavy breathing on this conference call, please put your phone on mute."
540,2,5,35,42,1.2142857142857142,0.08018354587260508,563,"Note to self: before my next stress test, I need to find a health plan with a lower deductible."
540,4,1,37,42,1.2142857142857142,0.0935536284724704,563,Focus groups are really realistic now! The giant hand is a little creepy though...
540,2,5,35,42,1.2142857142857142,0.08018354587260508,563,Training for the rat race
540,1,7,34,42,1.2142857142857142,0.0725807194981817,563,But I like getting nowhere.
540,0,9,33,42,1.2142857142857142,0.06408213992247219,563,Another twenty minutes and the car will be fully charged!
540,2,5,35,42,1.2142857142857142,0.08018354587260508,563,This new job is right in my wheelhouse.
540,2,5,35,42,1.2142857142857142,0.08018354587260508,563,"I can see the finish line, I'm almost there!"
540,2,5,35,42,1.2142857142857142,0.08018354587260508,563,This administration is running like a fine-tuned machine.
540,1,7,34,42,1.2142857142857142,0.0725807194981817,563,"Marge, where's the off button?"
540,3,3,36,42,1.2142857142857142,0.08712543379825774,563,Why did they have to reinvent the wheel?
540,1,7,34,42,1.2142857142857142,0.0725807194981817,563,I feel like I'm going nowhere in this job.
540,0,9,33,42,1.2142857142857142,0.06408213992247219,563,"Yes, Honey. I'll pick up a salt lick for home too."
540,3,3,36,42,1.2142857142857142,0.08712543379825774,563,"Corner Office = 9,125,000 spins"
540,0,9,33,42,1.2142857142857142,0.06408213992247219,563,The view? The view is great. The problem is having the exercise wheel and drink dispenser right where I sleep and use the bathroom.
540,1,7,34,42,1.2142857142857142,0.0725807194981817,563,When the stand up desk just won't do.
540,1,7,34,42,1.2142857142857142,0.0725807194981817,563,It's worse than that. ... It's not even a race.
540,2,5,35,42,1.2142857142857142,0.08018354587260508,563,I hate working in the White House.
540,0,9,33,42,1.2142857142857142,0.06408213992247219,563,Can we circle back on this later?
540,2,5,35,42,1.2142857142857142,0.08018354587260508,563,Where's the Ctrl Alt Del on this thing.
540,1,7,34,42,1.2142857142857142,0.0725807194981817,563,Are you sure the world will stop if I take a bathroom break?
540,0,9,33,42,1.2142857142857142,0.06408213992247219,563,This isn't the spinning class I signed up for.
540,3,3,36,42,1.2142857142857142,0.08712543379825774,563,Ed continues his research after immigrant hamsters were deported.
540,3,3,36,42,1.2142857142857142,0.08712543379825774,563,I'm in my wheelhouse on this one.
540,3,3,36,42,1.2142857142857142,0.08712543379825774,563,"The big promotion to the corner office was great, but I still don't have a food dispenser."
540,2,5,35,42,1.2142857142857142,0.08018354587260508,563,Why Mankoff finally chose to retire.
540,0,9,33,42,1.2142857142857142,0.06408213992247219,563,"Success is a journey, not a destination. Success is a journey, not a destination. Success....."
540,3,3,36,42,1.2142857142857142,0.08712543379825774,563,Can't wait for my shift to end so I can go out for a run.
540,2,5,35,42,1.2142857142857142,0.08018354587260508,563,The lone benefit for Sean Spicer of working in his new job: all that spinning has shown impressive results.
540,1,7,34,42,1.2142857142857142,0.0725807194981817,563,And they said I'd never get anywhere in life!
540,2,5,35,42,1.2142857142857142,0.08018354587260508,563,I'm working hard but I don't seem to get anywhere.
540,0,9,33,42,1.2142857142857142,0.06408213992247219,563,I'm running a little late.
540,0,9,33,42,1.2142857142857142,0.06408213992247219,563,I think I'm making more progress today!
540,1,7,34,42,1.2142857142857142,0.0725807194981817,563,Yes Bob! I'm on it! I'm on it!
540,1,7,34,42,1.2142857142857142,0.0725807194981817,563,"3 rules in life, run to win, drink to satisfaction and by all means keep your shavings clean"
540,2,5,35,42,1.2142857142857142,0.08018354587260508,563,Tell him I'm running late.
540,1,7,34,42,1.2142857142857142,0.0725807194981817,563,I feel like I'm going nowhere with this company!
540,2,5,35,42,1.2142857142857142,0.08018354587260508,563,The challenge is to sell this image as a positive metaphor for corporate employees.
540,2,5,35,42,1.2142857142857142,0.08018354587260508,563,Doug was beginning to regret saying 'pets have it good.'
540,1,7,34,42,1.2142857142857142,0.0725807194981817,563,"Cancel lunch! Algernon's called in sick again, and I have to cover for him!"
540,1,7,34,42,1.2142857142857142,0.0725807194981817,563,"Sure, I respect the company's commitment to alternative energy. I just didn't realize what ""Be Part of the Solution"" meant."
540,2,5,35,42,1.2142857142857142,0.08018354587260508,563,"You won't believe it. For hours, I've been running around this room covered with banana peels and have not slipped once."
540,0,9,33,42,1.2142857142857142,0.06408213992247219,563,I don't seem to be getting anywhere.
540,0,9,33,42,1.2142857142857142,0.06408213992247219,563,I'm going to be late; I'm stuck in a cliché.
540,1,7,34,42,1.2142857142857142,0.0725807194981817,563,College grad trains to enter rat race on Wall Street.
540,1,7,34,42,1.2142857142857142,0.0725807194981817,563,They're dangling an early retirement incentive in front of me.
540,0,9,33,42,1.2142857142857142,0.06408213992247219,563,I wouldn't call myself 'Boss's Pet.'
540,1,7,34,42,1.2142857142857142,0.0725807194981817,563,"Yeah, and I got upgraded to cedar shavings..."
540,0,9,33,42,1.2142857142857142,0.06408213992247219,563,This is getting me nowhere.
540,3,3,36,42,1.2142857142857142,0.08712543379825774,563,THE WHEEL OF MISFORTUNE
540,1,7,34,42,1.2142857142857142,0.0725807194981817,563,Office gym my ass!
540,3,3,36,42,1.2142857142857142,0.08712543379825774,563,"Tonight, why don't we just go out for lettuce?"
540,2,5,35,42,1.2142857142857142,0.08018354587260508,563,"Sorry, gotta run."
540,3,3,36,42,1.2142857142857142,0.08712543379825774,563,I'll have a large with extra cheese.
540,3,3,36,42,1.2142857142857142,0.08712543379825774,563,I never thought they'd take me up on my 'Will work for food' sign.
540,1,7,34,42,1.2142857142857142,0.0725807194981817,563,"I'm telling you dear, I'm going nowhere in this job."
540,2,5,35,42,1.2142857142857142,0.08018354587260508,563,I don't know if that's really in my wheelhouse.
540,2,5,35,42,1.2142857142857142,0.08018354587260508,563,"Well, gotta run."
540,3,3,36,42,1.2142857142857142,0.08712543379825774,563,"Yeah, I got promoted to the lab working on clean energy."
540,1,7,34,42,1.2142857142857142,0.0725807194981817,563,I'll call you back. I'm running late.
540,1,7,34,42,1.2142857142857142,0.0725807194981817,563,I thought I went over this before...
540,0,9,33,42,1.2142857142857142,0.06408213992247219,563,I feel like I'm just spinning my wheels at this company.
540,0,9,33,42,1.2142857142857142,0.06408213992247219,563,"Hey! I just hit 10,000 steps!"
540,1,7,34,42,1.2142857142857142,0.0725807194981817,563,"At 'Furry Friends' our belief is that to understand the hamster , you've gotta be the hamster..."
540,1,7,34,42,1.2142857142857142,0.0725807194981817,563,I'll call as soon as I get there.
540,1,7,34,42,1.2142857142857142,0.0725807194981817,563,Typical day. The boss has me running in circles.
540,2,5,35,42,1.2142857142857142,0.08018354587260508,563,Energetic start-up seeks sales professionals able to run circles around our competition.
540,1,7,34,42,1.2142857142857142,0.0725807194981817,563,Treadmill desks were so yesterday.
621,1,6,32,39,1.205128205128205,0.07510215426707977,563,You sent the wrong treadmill.
621,1,6,32,39,1.205128205128205,0.07510215426707977,563,"Book finance at one, marketing at three, and the cubical maze at four."
621,2,4,33,39,1.205128205128205,0.08360539002285311,563,Nobody in the office is going to want to be around Mark when he finally realizes that he forgot to charge his Fitbit.
621,2,4,33,39,1.205128205128205,0.08360539002285311,563,"When I asked for an ergonomic office, this wasn’t what I had in mind."
621,1,6,32,39,1.205128205128205,0.07510215426707977,563,Is it five o'clock yet?
621,2,4,33,39,1.205128205128205,0.08360539002285311,563,I'm having difficulty finding a career path.
621,1,6,32,39,1.205128205128205,0.07510215426707977,563,"Yup, retirement is right around the corner"
621,2,4,33,39,1.205128205128205,0.08360539002285311,563,I don't mind the wheel so much but the wood shavings on the floor could be changed a bit more often.
621,0,8,31,39,1.205128205128205,0.06550424345215436,563,"I see myself in a labyrinth in five years, Sir."
621,0,8,31,39,1.205128205128205,0.06550424345215436,563,Eat my dust Sisiphus
621,1,6,32,39,1.205128205128205,0.07510215426707977,563,Guys younger than me are getting promoted to the maze
621,2,4,33,39,1.205128205128205,0.08360539002285311,563,Wait until they clean up after me.
621,1,6,32,39,1.205128205128205,0.07510215426707977,563,"Busy, busy, busy."
621,2,4,33,39,1.205128205128205,0.08360539002285311,563,Let me run that by you again.
621,3,2,34,39,1.205128205128205,0.09132025463275124,563,Hang on! I'm almost here!
621,0,8,31,39,1.205128205128205,0.06550424345215436,563,"Hey, it beats the maze."
621,2,4,33,39,1.205128205128205,0.08360539002285311,563,"No, I still don't get it."
621,2,4,33,39,1.205128205128205,0.08360539002285311,563,On second thought I'd like to take out a Democrat gym membership.
621,1,6,32,39,1.205128205128205,0.07510215426707977,563,"To be honest, I prefer the maze."
621,1,6,32,39,1.205128205128205,0.07510215426707977,563,"Yes, but existentially, I'm happy!"
621,2,4,33,39,1.205128205128205,0.08360539002285311,563,"Yes, unlimited Vodka will get me through the next 3 years, 9 months, 10 days, 5 hours and 13 minutes; but who's counting."
621,2,4,33,39,1.205128205128205,0.08360539002285311,563,"Hold on, I'm almost at the top."
621,1,6,32,39,1.205128205128205,0.07510215426707977,563,I think I picked the wrong door.
621,3,2,34,39,1.205128205128205,0.09132025463275124,563,This overtime is gettin' ratty.
621,1,6,32,39,1.205128205128205,0.07510215426707977,563,I'm starting to think I might me going nowhere in this company.
621,1,6,32,39,1.205128205128205,0.07510215426707977,563,"I'll be a little late tonight, honey. I've been running in place all day."
621,0,8,31,39,1.205128205128205,0.06550424345215436,563,It's for restless legs syndrome
621,2,4,33,39,1.205128205128205,0.08360539002285311,563,Who will tell me when I cross the finish line?
621,0,8,31,39,1.205128205128205,0.06550424345215436,563,When there's a wheel there's a doorway.
621,1,6,32,39,1.205128205128205,0.07510215426707977,563,"Hey, it beats working in the medical research department!"
621,1,6,32,39,1.205128205128205,0.07510215426707977,563,Sometimes I feel I am going nowhere.
621,0,8,31,39,1.205128205128205,0.06550424345215436,563,"Honey, I don't think that I'll be able to get out of my office today."
621,2,4,33,39,1.205128205128205,0.08360539002285311,563,These hipster workouts are really getting out of hand
621,2,4,33,39,1.205128205128205,0.08360539002285311,563,"Corner office or not, I've gotta quit this rat race!"
621,1,6,32,39,1.205128205128205,0.07510215426707977,563,Please cancel my next appointment. I'm running a little late.
621,1,6,32,39,1.205128205128205,0.07510215426707977,563,Let me run it by you one more time...
621,0,8,31,39,1.205128205128205,0.06550424345215436,563,"I don't know Bob, I just feel like I'm spinning my wheels here."
621,1,6,32,39,1.205128205128205,0.07510215426707977,563,The new iPhone charges in no time!
621,3,2,34,39,1.205128205128205,0.09132025463275124,563,The circle of life.
621,1,6,32,39,1.205128205128205,0.07510215426707977,563,Tell them I'm running a little late
621,1,6,32,39,1.205128205128205,0.07510215426707977,563,I heard it's even better for you than a standing desk.
621,2,4,33,39,1.205128205128205,0.08360539002285311,563,The new corporate ladder.
621,2,4,33,39,1.205128205128205,0.08360539002285311,563,An office with a window changes nothing until I can turn the wheel around.
621,0,8,31,39,1.205128205128205,0.06550424345215436,563,"Yeah, I'm at the office. Why do you ask?"
621,1,6,32,39,1.205128205128205,0.07510215426707977,563,"No, Dave. I got rid of my standing desk ages ago."
621,1,6,32,39,1.205128205128205,0.07510215426707977,563,Bill was doing great at his new job until he pulled a hammy.
621,1,6,32,39,1.205128205128205,0.07510215426707977,563,Tell Bob I don't know about this new green-energy strategy of his.
621,1,6,32,39,1.205128205128205,0.07510215426707977,563,I just got tired of the rat race.
621,0,8,31,39,1.205128205128205,0.06550424345215436,563,They've got me working on clean energy.
621,2,4,33,39,1.205128205128205,0.08360539002285311,563,"Good, now we're getting somewhere"
621,1,6,32,39,1.205128205128205,0.07510215426707977,563,I can't believe I get paid for this.
621,2,4,33,39,1.205128205128205,0.08360539002285311,563,"Europe is nice, but I hate Hamsterdam."
621,0,8,31,39,1.205128205128205,0.06550424345215436,563,The bigger game changer was actually swapping the water for coffee.
621,1,6,32,39,1.205128205128205,0.07510215426707977,563,"Yes, but I feel like I'm finally getting somewhere."
621,3,2,34,39,1.205128205128205,0.09132025463275124,563,Trump put me in charge of the Standing Still Agency.
621,1,6,32,39,1.205128205128205,0.07510215426707977,563,"Sorry, I've got to run."
621,2,4,33,39,1.205128205128205,0.08360539002285311,563,Inside the Office of the White House Spin Doctor.
621,2,4,33,39,1.205128205128205,0.08360539002285311,563,"Yes sir, it's still going in a circle."
621,1,6,32,39,1.205128205128205,0.07510215426707977,563,For lunch? I brought sesame seeds in my cheek.
621,1,6,32,39,1.205128205128205,0.07510215426707977,563,"No, Ron. I don't want to meet for an after-work run today."
621,1,6,32,39,1.205128205128205,0.07510215426707977,563,Delusion of Progress
621,0,8,31,39,1.205128205128205,0.06550424345215436,563,Sometimes I feel like I'm just spinning my wheel here.
621,2,4,33,39,1.205128205128205,0.08360539002285311,563,"Nice talking to you, but I have to run."
621,1,6,32,39,1.205128205128205,0.07510215426707977,563,Here's an idea: let's reinvent the wheel.
621,2,4,33,39,1.205128205128205,0.08360539002285311,563,Let's circle back later.
621,2,4,33,39,1.205128205128205,0.08360539002285311,563,"Yeah, but at least it's not the rat race."
621,0,8,31,39,1.205128205128205,0.06550424345215436,563,"Hi, Sweetheart. I'll be late tonight - I've been running in circles all day."
621,1,6,32,39,1.205128205128205,0.07510215426707977,563,"My success? Lotta hard work, little bit of luck: survived a double blind drug study, mastered the mazes pretty quick, figured out the pellet lever really fast. But hey, I started out in the mailroom like lots of others."
621,1,6,32,39,1.205128205128205,0.07510215426707977,563,I feel like we're just going around in circles on this.
621,0,8,31,39,1.205128205128205,0.06550424345215436,563,I liked the one with the carrot and the stick better.
621,1,6,32,39,1.205128205128205,0.07510215426707977,563,He told me the door to his office is always open so I'm headed there right now.
621,1,6,32,39,1.205128205128205,0.07510215426707977,563,I need more shredded documents.
621,2,4,33,39,1.205128205128205,0.08360539002285311,563,This wellness program sucks.
621,1,6,32,39,1.205128205128205,0.07510215426707977,563,Free energy for life ... how may I help you?
621,2,4,33,39,1.205128205128205,0.08360539002285311,563,...and I will need a sandwich and a colostomy bag.
621,2,4,33,39,1.205128205128205,0.08360539002285311,563,"My fear of shag carpet is the only thing that will get me to 15,000 steps..."
697,0,8,32,40,1.2,0.06405126152203484,563,"Yeah, I'd quit if it weren't for the bottomless kibble trough."
697,1,6,33,40,1.2,0.07337993857053428,563,"who would've thought this is what they meant when they said ""climbing the corporate ladder"""
697,1,6,33,40,1.2,0.07337993857053428,563,Whoever invented the wheel didn't know what he was doing.
697,0,8,32,40,1.2,0.06405126152203484,563,"Yeah it's kind of boring, but great job security."
697,1,6,33,40,1.2,0.07337993857053428,563,More gin.
697,0,8,32,40,1.2,0.06405126152203484,563,Auxiliary generator room intern Jones here. How can I help you?
697,1,6,33,40,1.2,0.07337993857053428,563,Can I get an order of vegan pellets delivered?
697,1,6,33,40,1.2,0.07337993857053428,563,"I'm enjoying the exercise, but the restroom facilities leave something to be desired."
697,2,4,34,40,1.2,0.0816496580927726,563,"Actually, this is not the worst part of being the company gerbil."
697,2,4,34,40,1.2,0.0816496580927726,563,Petco Human Resources...can I help you?
697,2,4,34,40,1.2,0.0816496580927726,563,"Apparently, rat races do not have finish lines."
697,0,8,32,40,1.2,0.06405126152203484,563,"I don't care if it is clean and renewable energy, it still sucks!"
697,0,8,32,40,1.2,0.06405126152203484,563,"They promised I'd be on a fast track, working with a big wheel."
710,1,5,30,36,1.1944444444444444,0.07786276535852611,563,"Bill's favorite perk, though, was the firm's open door policy."
711,2,3,32,37,1.1891891891891893,0.08522922490281308,563,I wanna get out of this hamster race.
711,3,1,33,37,1.1891891891891893,0.09362436797669607,563,I've become a slave to my FitBit
711,1,5,31,37,1.1891891891891893,0.07591125921780505,563,"More water, more shavings, please. I've got a deadline to make."
711,2,3,32,37,1.1891891891891893,0.08522922490281308,563,"I feel like a Democrat, always running and never getting anywhere."
711,2,3,32,37,1.1891891891891893,0.08522922490281308,563,How about forever? Is forever good for you?
711,0,7,30,37,1.1891891891891893,0.06527647182968217,563,"Oh, you know... just wheeling and dealing."
711,0,7,30,37,1.1891891891891893,0.06527647182968217,563,I upgraded my standing desk for this???
711,2,3,32,37,1.1891891891891893,0.08522922490281308,563,"Hampster Hotline, how can I direct your call?"
711,1,5,31,37,1.1891891891891893,0.07591125921780505,563,The retirement age was raised to WHAT?
711,2,3,32,37,1.1891891891891893,0.08522922490281308,563,"Helen, come quick! I'm gonna try a backflip!"
711,2,3,32,37,1.1891891891891893,0.08522922490281308,563,I spit on your stand-up desk.
711,1,5,31,37,1.1891891891891893,0.07591125921780505,563,"I thought they said that...soon I'd be running the place, not running in-place."
711,1,5,31,37,1.1891891891891893,0.07591125921780505,563,"When Gregor Samsa woke up one morning from unsettling dreams, he found himself still trying to win his argument with Mrs. Samsa."
711,2,3,32,37,1.1891891891891893,0.08522922490281308,563,Afraid I'm running I'm running late again!
711,0,7,30,37,1.1891891891891893,0.06527647182968217,563,Let's circle back around to this next week.
711,1,5,31,37,1.1891891891891893,0.07591125921780505,563,There's something about this new wellness program that feels oddly familiar.
711,2,3,32,37,1.1891891891891893,0.08522922490281308,563,This sure doesn't smell like clean energy.
711,2,3,32,37,1.1891891891891893,0.08522922490281308,563,Am I on a roll? I'm ALWAYS on a roll!
711,3,1,33,37,1.1891891891891893,0.09362436797669607,563,Standing desks are so yesterday!
711,2,3,32,37,1.1891891891891893,0.08522922490281308,563,I'll circle back later.
711,2,3,32,37,1.1891891891891893,0.08522922490281308,563,"I feel that no matter how hard I work, I am not getting ahead."
711,3,1,33,37,1.1891891891891893,0.09362436797669607,563,Ya Ya I got it. I'm running it through as fast I can.
711,1,5,31,37,1.1891891891891893,0.07591125921780505,563,Congratulations! You just unlocked your Hamster Badge!
711,1,5,31,37,1.1891891891891893,0.07591125921780505,563,"Gonna have to cut you off, Bob - gotta run to my 1 o'clock."
711,2,3,32,37,1.1891891891891893,0.08522922490281308,563,I'm just happy to be out of the rat race.
711,2,3,32,37,1.1891891891891893,0.08522922490281308,563,One more sale and I get a bonus pellet!
711,3,1,33,37,1.1891891891891893,0.09362436797669607,563,"Darn, forgot my briefcase."
711,1,5,31,37,1.1891891891891893,0.07591125921780505,563,Making America Great Again
711,1,5,31,37,1.1891891891891893,0.07591125921780505,563,Tell them I'm running a bit late.
711,1,5,31,37,1.1891891891891893,0.07591125921780505,563,"Lab-tested, HR-approved."
711,1,5,31,37,1.1891891891891893,0.07591125921780505,563,"Okay guys, time to refill the water bottle -- how 'bout a nice Merlot this time?"
711,3,1,33,37,1.1891891891891893,0.09362436797669607,563,And now back to coal?
711,0,7,30,37,1.1891891891891893,0.06527647182968217,563,"Even for upper management, Karma is a bitch!"
711,1,5,31,37,1.1891891891891893,0.07591125921780505,563,I know! I should have chosen the blue pill.
711,1,5,31,37,1.1891891891891893,0.07591125921780505,563,You sure they weren't being ironic when they said they needed a guinea pig for the new health insurance test?
711,1,5,31,37,1.1891891891891893,0.07591125921780505,563,"...And to add insult to injury, they're making me poop on my own TPS reports."
711,0,7,30,37,1.1891891891891893,0.06527647182968217,563,"Our 401k group is responding to treatment, but wait till you see the nepotism subjects."
711,0,7,30,37,1.1891891891891893,0.06527647182968217,563,Manster
711,1,5,31,37,1.1891891891891893,0.07591125921780505,563,I'm making definite progress.
711,1,5,31,37,1.1891891891891893,0.07591125921780505,563,I should have known when they moved my cheese...
711,2,3,32,37,1.1891891891891893,0.08522922490281308,563,"Two more laps and I'm in The Guinness Book of Records."""
711,1,5,31,37,1.1891891891891893,0.07591125921780505,563,"That being said, at the end of the day it's all about moving forward."
711,2,3,32,37,1.1891891891891893,0.08522922490281308,563,"Sorry Nana, I'm winning the Fitbit challenge today."
711,3,1,33,37,1.1891891891891893,0.09362436797669607,563,"Yeah , I am looking for a new job. I here there are some openings in Hamsterdam."
711,1,5,31,37,1.1891891891891893,0.07591125921780505,563,I can't make any trades; the gerbil shredded the business section of the newspaper.
711,1,5,31,37,1.1891891891891893,0.07591125921780505,563,This is my job. There are many like it but this one is mine.
711,1,5,31,37,1.1891891891891893,0.07591125921780505,563,I never realized the term 'rat race' was so literal.
711,2,3,32,37,1.1891891891891893,0.08522922490281308,563,Of all the days to forget my Fit Bit.
711,2,3,32,37,1.1891891891891893,0.08522922490281308,563,"""I can't believe my eye??"" Really?? That was the best one for you guys over at the New Yorker?? Come on, guys...a little class and sophistication. Step it up a bit in the humour department and choose more wisely next time."
711,2,3,32,37,1.1891891891891893,0.08522922490281308,563,Any updates on the water cooler delivery?
711,2,3,32,37,1.1891891891891893,0.08522922490281308,563,"Instead of more salary, they gave me more celery."
711,2,3,32,37,1.1891891891891893,0.08522922490281308,563,I missed the rat race.
711,1,5,31,37,1.1891891891891893,0.07591125921780505,563,"No, the worst part is sleeping in the habitrail."
711,0,7,30,37,1.1891891891891893,0.06527647182968217,563,I should have stayed in school!
711,1,5,31,37,1.1891891891891893,0.07591125921780505,563,Seriously? You're still using a stand-up desk?
711,1,5,31,37,1.1891891891891893,0.07591125921780505,563,I'll be in a little late today. Power went out and the Tesla didn't charge last night.
711,3,1,33,37,1.1891891891891893,0.09362436797669607,563,I was flattered to be asked to run for this position but I'm afraid my enthusiasm won't last much longer...
711,1,5,31,37,1.1891891891891893,0.07591125921780505,563,"No, this is great - much better than a standing desk."
711,2,3,32,37,1.1891891891891893,0.08522922490281308,563,"There is no finish line, just the bottom line."
711,2,3,32,37,1.1891891891891893,0.08522922490281308,563,"Hello, IT? I need a new mouse."
711,0,7,30,37,1.1891891891891893,0.06527647182968217,563,Working hard; getting nowhere? How about you?
711,1,5,31,37,1.1891891891891893,0.07591125921780505,563,Quickly going nowhere
711,2,3,32,37,1.1891891891891893,0.08522922490281308,563,I forget if I'm coming or going.
711,2,3,32,37,1.1891891891891893,0.08522922490281308,563,REVENGE OF THE HAMSTERS
711,1,5,31,37,1.1891891891891893,0.07591125921780505,563,I'm just waiting for my boss to walk by. Once.
711,1,5,31,37,1.1891891891891893,0.07591125921780505,563,I really preferred the button that gave me a hit of cocaine whever I pressed it.
711,3,1,33,37,1.1891891891891893,0.09362436797669607,563,Good afternoon you've reached is the corporate hub. How may I direct your call?
711,2,3,32,37,1.1891891891891893,0.08522922490281308,563,If hamsters ruled the planet...
711,1,5,31,37,1.1891891891891893,0.07591125921780505,563,"Well Ed, honestly, I AM considering switching back to an elliptical."
711,0,7,30,37,1.1891891891891893,0.06527647182968217,563,Remember that treadmill desk Harvey promised me?
711,1,5,31,37,1.1891891891891893,0.07591125921780505,563,"Ma'am, I'm looking for 25 lucky agoraphobic/joggers."
711,2,3,32,37,1.1891891891891893,0.08522922490281308,563,Have your people call my people. We'll do pellets.
711,2,3,32,37,1.1891891891891893,0.08522922490281308,563,I never get anywhere in your metaphors.
711,1,5,31,37,1.1891891891891893,0.07591125921780505,563,"Listen Tom, we've been talking in circles for over an hour."
711,2,3,32,37,1.1891891891891893,0.08522922490281308,563,I'm so tired of climbing the corporate ladder
711,3,1,33,37,1.1891891891891893,0.09362436797669607,563,No more smoothies.
711,1,5,31,37,1.1891891891891893,0.07591125921780505,563,HR says sitting is the new smoking
711,0,7,30,37,1.1891891891891893,0.06527647182968217,563,"So much for ""Dress for the job you want"""
711,1,5,31,37,1.1891891891891893,0.07591125921780505,563,Who got the long straw?
711,1,5,31,37,1.1891891891891893,0.07591125921780505,563,No one has ever lasted here longer than two years.
711,2,3,32,37,1.1891891891891893,0.08522922490281308,563,PETA testing lab.
711,0,7,30,37,1.1891891891891893,0.06527647182968217,563,I only signed up to be your guinea pig.
711,1,5,31,37,1.1891891891891893,0.07591125921780505,563,"Whoops, the sun's coming up, gotta go to bed now !"
711,0,7,30,37,1.1891891891891893,0.06527647182968217,563,... and they thought I would survive only a few months!
711,0,7,30,37,1.1891891891891893,0.06527647182968217,563,Good news. I'm being promoted to the dog walk tomorrow.
711,2,3,32,37,1.1891891891891893,0.08522922490281308,563,"I want fresh wood chips, and I want them NOW!"
711,1,5,31,37,1.1891891891891893,0.07591125921780505,563,How much longer till the electricity comes back on?
711,2,3,32,37,1.1891891891891893,0.08522922490281308,563,"...and by telecommuting, I escape the rat race."
711,0,7,30,37,1.1891891891891893,0.06527647182968217,563,"When I volunteered to be a guinea pig, this wasn't exactly what I had in mind."
711,1,5,31,37,1.1891891891891893,0.07591125921780505,563,A day in the life of Paul Ryan
711,2,3,32,37,1.1891891891891893,0.08522922490281308,563,The new Capitol Hill treadmills.
711,1,5,31,37,1.1891891891891893,0.07591125921780505,563,"Yeah, I feel like this call is going nowhere too."
711,1,5,31,37,1.1891891891891893,0.07591125921780505,563,I would prefer wind or solar generation.
711,2,3,32,37,1.1891891891891893,0.08522922490281308,563,This is the E.P.A.. How can I help you?
711,0,7,30,37,1.1891891891891893,0.06527647182968217,563,That's the last time I make a bet with a hamster!
711,0,7,30,37,1.1891891891891893,0.06527647182968217,563,"Oh, same old same old. How about you?"
711,1,5,31,37,1.1891891891891893,0.07591125921780505,563,Do you have that report done yet or are you still spinning your wheel?
711,2,3,32,37,1.1891891891891893,0.08522922490281308,563,I asked Human Resources for a standing desk and one thing led to another.
711,2,3,32,37,1.1891891891891893,0.08522922490281308,563,Why? Does it sound like I'm masturbating?
711,2,3,32,37,1.1891891891891893,0.08522922490281308,563,I don't know which I hate more. My Fitbit or the rat race.
811,2,3,33,38,1.1842105263157894,0.0831053005440275,563,Gotta run. It's 'date night' for Whiskers and me.
812,1,4,30,35,1.1714285714285715,0.07653981537301309,563,"It's not a bad gig, except the live crickets for lunch."
812,1,4,30,35,1.1714285714285715,0.07653981537301309,563,"No, I'm doing GerbilFit for Life now. Zumba is so five minutes ago."
812,2,2,31,35,1.1714285714285715,0.08682750489471924,563,Watch as Paul Ryan goes after health care reform.
812,0,6,29,35,1.1714285714285715,0.0646349059597627,563,Our office wellness initiative
812,1,4,30,35,1.1714285714285715,0.07653981537301309,563,"So I finally ask for the promotion, and the boss says, 'Do you enjoy a good metaphor?' and sends me up here. I don't get it."
812,1,4,30,35,1.1714285714285715,0.07653981537301309,563,Be home soon. I'm running late.
812,0,6,29,35,1.1714285714285715,0.0646349059597627,563,"I feel like it's always two steps forward, one more step forward."
812,1,4,30,35,1.1714285714285715,0.07653981537301309,563,Wow! I really miss that cubicle.
812,2,2,31,35,1.1714285714285715,0.08682750489471924,563,"At this rate, I'll never get anywhere."
812,2,2,31,35,1.1714285714285715,0.08682750489471924,563,"So, you wanna nibble some lettuce together later?"
812,1,4,30,35,1.1714285714285715,0.07653981537301309,563,"Yes, I won the rat race. Now I'm training for the hamster race."
812,1,4,30,35,1.1714285714285715,0.07653981537301309,563,My home office now has a carbon-neutral shredder.
812,0,6,29,35,1.1714285714285715,0.0646349059597627,563,"Sorry, could you run me through that again?"
812,1,4,30,35,1.1714285714285715,0.07653981537301309,563,The boss thinks I'm cagey so that might explain my new office.
812,0,6,29,35,1.1714285714285715,0.0646349059597627,563,I don't really feel like we're getting anywhere.
812,2,2,31,35,1.1714285714285715,0.08682750489471924,563,I'm not going there
812,1,4,30,35,1.1714285714285715,0.07653981537301309,563,My hamster's missing and I'm running around retracing his steps.
812,1,4,30,35,1.1714285714285715,0.07653981537301309,563,"When you consider the cost of a living, I think gerbils definitely have an advantage."
812,2,2,31,35,1.1714285714285715,0.08682750489471924,563,I shouldn't have bought a treadmill from Petco
812,1,4,30,35,1.1714285714285715,0.07653981537301309,563,"Johnson, I think we're getting somewhere."
812,0,6,29,35,1.1714285714285715,0.0646349059597627,563,It's the sense of accomplishment I enjoy most.
812,0,6,29,35,1.1714285714285715,0.0646349059597627,563,"Can't talk now, I'm on a roll!"
812,1,4,30,35,1.1714285714285715,0.07653981537301309,563,What happened to the golf course mentioned in the interview?
812,3,0,32,35,1.1714285714285715,0.09601920576192066,563,Let's push the deadline -- I'm getting nowhere on this project.
812,1,4,30,35,1.1714285714285715,0.07653981537301309,563,Bob told me to run with it.
812,2,2,31,35,1.1714285714285715,0.08682750489471924,563,What hamsterwheel?
812,1,4,30,35,1.1714285714285715,0.07653981537301309,563,I'm starting to question the premise that one knows when enough it enough.
812,1,4,30,35,1.1714285714285715,0.07653981537301309,563,I never should have married a behavior analyst.
812,1,4,30,35,1.1714285714285715,0.07653981537301309,563,"Hello? Yes, I'd like to complain about the bathroom accommodations."
812,1,4,30,35,1.1714285714285715,0.07653981537301309,563,"Trust me, renewable energy has never been more invigorating."
812,1,4,30,35,1.1714285714285715,0.07653981537301309,563,I'll be running late for dinner.
812,1,4,30,35,1.1714285714285715,0.07653981537301309,563,"Sorry I missed your call, just got back to my cage."
812,0,6,29,35,1.1714285714285715,0.0646349059597627,563,I've decided to take the path less traveled.
812,1,4,30,35,1.1714285714285715,0.07653981537301309,563,When do I get promoted to the maze?
812,1,4,30,35,1.1714285714285715,0.07653981537301309,563,I tell my mom I'm working in 'clean energy.'
812,2,2,31,35,1.1714285714285715,0.08682750489471924,563,"Listen to me,walk past the Starbucks.We do not need another espresso."
812,0,6,29,35,1.1714285714285715,0.0646349059597627,563,I think this is a dead end job.
812,2,2,31,35,1.1714285714285715,0.08682750489471924,563,"I might be late for dinner Ivanka. Your dad wants me to remake the government, fix health care and get peace in the Middle East."
812,1,4,30,35,1.1714285714285715,0.07653981537301309,563,Call me back. I expect to be around.
812,2,2,31,35,1.1714285714285715,0.08682750489471924,563,"Thank you for calling GerbilLife, how may I help you?"
812,1,4,30,35,1.1714285714285715,0.07653981537301309,563,"I don't mind the Fitbit part, but the Hamster Diet is beginning to get to me."
812,1,4,30,35,1.1714285714285715,0.07653981537301309,563,I'm training to be a Senator.
812,1,4,30,35,1.1714285714285715,0.07653981537301309,563,Work will set me free.
812,1,4,30,35,1.1714285714285715,0.07653981537301309,563,Cancel my two o'clock with the vet.
812,1,4,30,35,1.1714285714285715,0.07653981537301309,563,That's good Jim; now we're getting somewhere.
812,1,4,30,35,1.1714285714285715,0.07653981537301309,563,I thought they meant I would be a metaphorical guinea pig.
812,0,6,29,35,1.1714285714285715,0.0646349059597627,563,"If I've said it once, I've said it 100 times, ""Whatever goes around comes around."""
812,2,2,31,35,1.1714285714285715,0.08682750489471924,563,It generates the most electricity just before Happy Hour.
812,0,6,29,35,1.1714285714285715,0.0646349059597627,563,Of course I have my suspicions but management assured me it's part of the employee health program.
812,2,2,31,35,1.1714285714285715,0.08682750489471924,563,Can you put me on hold? I wish!
812,0,6,29,35,1.1714285714285715,0.0646349059597627,563,I'm looking for a job in a less cyclical industry.
812,0,6,29,35,1.1714285714285715,0.0646349059597627,563,"She'll be comin' 'round the mountain when she comes, she'll be comin' 'round the mountain when she comes ... ahhh, another productive and useful day in PR."
812,1,4,30,35,1.1714285714285715,0.07653981537301309,563,I can't believe they force us to wear a tie.
812,1,4,30,35,1.1714285714285715,0.07653981537301309,563,Hello? IT? Have you tried turning it off and on again?
812,0,6,29,35,1.1714285714285715,0.0646349059597627,563,Are we there yet?
812,1,4,30,35,1.1714285714285715,0.07653981537301309,563,"Hamsters don't get free mocha lattes, so shut up, already."
812,1,4,30,35,1.1714285714285715,0.07653981537301309,563,At least they let me keep my private office.
812,1,4,30,35,1.1714285714285715,0.07653981537301309,563,Been there done that
812,2,2,31,35,1.1714285714285715,0.08682750489471924,563,"It works your legs and shreds your documents, perfect for White House staff."
812,1,4,30,35,1.1714285714285715,0.07653981537301309,563,I feel like we're talking in circles.
812,1,4,30,35,1.1714285714285715,0.07653981537301309,563,Going forward. You?
812,0,6,29,35,1.1714285714285715,0.0646349059597627,563,"Siri, who moved my cheese?"
812,0,6,29,35,1.1714285714285715,0.0646349059597627,563,"Great design, but ""Born to Run"" gnaws at me."
812,1,4,30,35,1.1714285714285715,0.07653981537301309,563,"Carol, can you cancel my 12 o'clock? I'm running a bit behind."
812,3,0,32,35,1.1714285714285715,0.09601920576192066,563,*me attempting to to run away from my problems like*
812,1,4,30,35,1.1714285714285715,0.07653981537301309,563,"...and with my calorie restricted diet, I can keep going like this until I'm 105!"
812,1,4,30,35,1.1714285714285715,0.07653981537301309,563,Where are we?
812,1,4,30,35,1.1714285714285715,0.07653981537301309,563,"According to the management consultant, ""it's the journey that counts"""
812,0,6,29,35,1.1714285714285715,0.0646349059597627,563,"If we keep at it I'm sure this project will move forward, Sir."
812,1,4,30,35,1.1714285714285715,0.07653981537301309,563,"Honey, they just put me on the fast track at work."
812,1,4,30,35,1.1714285714285715,0.07653981537301309,563,Maybe pushing for the corporate gym wasn't such a good idea.
812,0,6,29,35,1.1714285714285715,0.0646349059597627,563,"Cancel my 1:30 for the Habitrail, Ms. Jones, I'm on a roll."
812,1,4,30,35,1.1714285714285715,0.07653981537301309,563,Is this Meals on Wheels?
812,0,6,29,35,1.1714285714285715,0.0646349059597627,563,I feel like I'm not getting anywhere in life.
812,1,4,30,35,1.1714285714285715,0.07653981537301309,563,I feel like I'm making tremendous progress.
812,1,4,30,35,1.1714285714285715,0.07653981537301309,563,"Tread Mill, how may we help you?"
812,0,6,29,35,1.1714285714285715,0.0646349059597627,563,I really need to get out of the rat race.
812,0,6,29,35,1.1714285714285715,0.0646349059597627,563,"Sorry Honey, I'm going to be late. I just can't seem to get away from here."
812,2,2,31,35,1.1714285714285715,0.08682750489471924,563,Hurry! The first one that reaches the end wins!
812,0,6,29,35,1.1714285714285715,0.0646349059597627,563,401k...healthcare...a sense of purpose...Carol in marketing...
812,1,4,30,35,1.1714285714285715,0.07653981537301309,563,"He said to dress for the job you want, not the job you have."
812,0,6,29,35,1.1714285714285715,0.0646349059597627,563,I'm important.
812,1,4,30,35,1.1714285714285715,0.07653981537301309,563,This is what entering the NewYorker Cartoon Caption Contest feels like.
812,1,4,30,35,1.1714285714285715,0.07653981537301309,563,Leonard's idle talk about 'corporate revolution' was swiftly rewarded with a new assignment.
812,1,4,30,35,1.1714285714285715,0.07653981537301309,563,I miss the old wellness program.
812,1,4,30,35,1.1714285714285715,0.07653981537301309,563,Corporate's made me the guinea pig for its new wellness initiative.
812,0,6,29,35,1.1714285714285715,0.0646349059597627,563,I'll have to circle back to you on this.
812,2,2,31,35,1.1714285714285715,0.08682750489471924,563,I feel like I'm going nowhere.
812,0,6,29,35,1.1714285714285715,0.0646349059597627,563,"No, seriously, I work for the State Department."
812,0,6,29,35,1.1714285714285715,0.0646349059597627,563,"It's all about the work-life balance, you know what I mean?"
812,3,0,32,35,1.1714285714285715,0.09601920576192066,563,"""What goes up must come down Spinnin' wheel got to go 'round Talkin' 'bout your troubles it's a cryin' sin Ride a painted pony let the spinnin' wheel spin"" (Blood Sweat and Tears)"
812,0,6,29,35,1.1714285714285715,0.0646349059597627,563,Sometimes I just feel there's nowhere for me to go.
812,2,2,31,35,1.1714285714285715,0.08682750489471924,563,"Alice, bring in more pellets - it is dinner time."
812,1,4,30,35,1.1714285714285715,0.07653981537301309,563,"Each time I use the word 'utilize,' my boss makes me run a thousand circles."
812,0,6,29,35,1.1714285714285715,0.0646349059597627,563,Well at least I'm out of the rat race!
812,1,4,30,35,1.1714285714285715,0.07653981537301309,563,Stop calling me Gregster.
812,0,6,29,35,1.1714285714285715,0.0646349059597627,563,Could you pop up the volume on that theme from Rocky?
812,1,4,30,35,1.1714285714285715,0.07653981537301309,563,We're reducing our carbon foot print to zero.
812,1,4,30,35,1.1714285714285715,0.07653981537301309,563,I'm starting to think that this is a go-nowhere job.
812,1,4,30,35,1.1714285714285715,0.07653981537301309,563,I'm running a little late. Catch up with you later.
812,2,2,31,35,1.1714285714285715,0.08682750489471924,563,I can't wait for my promotion. Then I'll be able to roll around in a ball.
812,1,4,30,35,1.1714285714285715,0.07653981537301309,563,I'm a hamster. This is my job. I'm a hamster.
812,0,6,29,35,1.1714285714285715,0.0646349059597627,563,Did I tell you that I traded in my treadmill desk for a carbon neutral alternative?
812,2,2,31,35,1.1714285714285715,0.08682750489471924,563,That moment when you realize the rat race isn't for everyone.
812,0,6,29,35,1.1714285714285715,0.0646349059597627,563,This is right in my wheelhouse.
812,0,6,29,35,1.1714285714285715,0.0646349059597627,563,At least they could relax the dress code.
812,1,4,30,35,1.1714285714285715,0.07653981537301309,563,Screw standing desks...
812,1,4,30,35,1.1714285714285715,0.07653981537301309,563,"No ma'am, this is Trump's replacement for the Office of Renewable Energy."
812,1,4,30,35,1.1714285714285715,0.07653981537301309,563,I feel like we're getting nowhere on this call.
812,1,4,30,35,1.1714285714285715,0.07653981537301309,563,"Henry's boss has a dim view of those who misuse the word ""literally""."
812,1,4,30,35,1.1714285714285715,0.07653981537301309,563,I gave up the rat race for this?
812,1,4,30,35,1.1714285714285715,0.07653981537301309,563,Not just a publicist. I'm a spin doctor.
812,0,6,29,35,1.1714285714285715,0.0646349059597627,563,"Great day! 12,000 steps!"
812,1,4,30,35,1.1714285714285715,0.07653981537301309,563,I'm on pace to keep the hamsters up all night.
812,2,2,31,35,1.1714285714285715,0.08682750489471924,563,"Oh, same old, same old. What's new with you?"
812,0,6,29,35,1.1714285714285715,0.0646349059597627,563,Can you pipe in something other than “round and round and round we go?”
812,2,2,31,35,1.1714285714285715,0.08682750489471924,563,Didn't you hear? Work-life balance has been deregulated.
812,2,2,31,35,1.1714285714285715,0.08682750489471924,563,Our new business plan is revolutionary.
812,1,4,30,35,1.1714285714285715,0.07653981537301309,563,You can't keep giving me the runaround.
812,1,4,30,35,1.1714285714285715,0.07653981537301309,563,"Yes, you heard right, one large piece of lettuce and a small carrot."
812,1,4,30,35,1.1714285714285715,0.07653981537301309,563,"Right. Coffee. Oh, and don't forget. We're almost out of cedar wood shavings."
812,1,4,30,35,1.1714285714285715,0.07653981537301309,563,It's his last day on the job. He's being replaced by the electronic paper shredder.
812,1,4,30,35,1.1714285714285715,0.07653981537301309,563,".""And on top of that , every 100 miles I get a food pellet."""
812,1,4,30,35,1.1714285714285715,0.07653981537301309,563,"Three years after the large mutant hamsters had taken over, John was still trying to figure out what had gone wrong."
812,1,4,30,35,1.1714285714285715,0.07653981537301309,563,Race to 2020
812,2,2,31,35,1.1714285714285715,0.08682750489471924,563,...thank you for calling tech support - please state your question in the form of a peanut.
812,1,4,30,35,1.1714285714285715,0.07653981537301309,563,I think we're getting somewhere.
812,2,2,31,35,1.1714285714285715,0.08682750489471924,563,"Don't worry, I take half second micro breaks every ten minutes."
812,2,2,31,35,1.1714285714285715,0.08682750489471924,563,After I finish running around in circles I'm going to jump to a few conclusions.
812,1,4,30,35,1.1714285714285715,0.07653981537301309,563,"Yep, that's me -- wheeling and dealing."
812,0,6,29,35,1.1714285714285715,0.0646349059597627,563,"Boss, are you sure this is the path to advancing my career?"
812,1,4,30,35,1.1714285714285715,0.07653981537301309,563,"Just don't get my father started talking about charter schools, and you'll be fine…"
812,1,4,30,35,1.1714285714285715,0.07653981537301309,563,You'll never get anywhere with that attitude.
812,1,4,30,35,1.1714285714285715,0.07653981537301309,563,These new-fangled desks are getting out of hand.
812,1,4,30,35,1.1714285714285715,0.07653981537301309,563,"I'll be late, hon. The big wheel's in my office."
812,1,4,30,35,1.1714285714285715,0.07653981537301309,563,I misunderstood about being assigned to our office in New Guinea.
812,0,6,29,35,1.1714285714285715,0.0646349059597627,563,Part of me still misses the rat race.
812,0,6,29,35,1.1714285714285715,0.0646349059597627,563,My whole life I've felt like I'm going nowhere.
812,2,2,31,35,1.1714285714285715,0.08682750489471924,563,"Honey, I'm getting nowhere.....Can you bring me my ball?"
812,1,4,30,35,1.1714285714285715,0.07653981537301309,563,"Researchers preferred lawyers instead of rats because they were plentiful, cheaper and not as cute."
812,1,4,30,35,1.1714285714285715,0.07653981537301309,563,"Like I said before Dude, I don't think that relationship is right for you. Shit! Some idiot just left the door wide open!"
812,1,4,30,35,1.1714285714285715,0.07653981537301309,563,This beats that damn maze.
812,1,4,30,35,1.1714285714285715,0.07653981537301309,563,Cheaper than a gym membership.
812,1,4,30,35,1.1714285714285715,0.07653981537301309,563,"Customer service, thank you for waiting"
812,1,4,30,35,1.1714285714285715,0.07653981537301309,563,"Good morning, and welcome to trainlikeahampster.com!"
812,1,4,30,35,1.1714285714285715,0.07653981537301309,563,"The sugar water is nice, but someone moved my cheese."
812,1,4,30,35,1.1714285714285715,0.07653981537301309,563,I'll see you when I get there.
812,0,6,29,35,1.1714285714285715,0.0646349059597627,563,Wow--who knew climbing the corporate ladder would be so hard?
812,0,6,29,35,1.1714285714285715,0.0646349059597627,563,I definitely look a lot busier doing nothing at this desk.
812,1,4,30,35,1.1714285714285715,0.07653981537301309,563,"Confidentially, we're not making much progress on the President's agenda."
812,0,6,29,35,1.1714285714285715,0.0646349059597627,563,"I can't talk for long, this new job has got me running all of the time."
812,3,0,32,35,1.1714285714285715,0.09601920576192066,563,I love it. I'm just not in love with it.
812,0,6,29,35,1.1714285714285715,0.0646349059597627,563,Getting nowhere fast. How ya doing on that ladder?
812,1,4,30,35,1.1714285714285715,0.07653981537301309,563,Soulless Cycle.
812,1,4,30,35,1.1714285714285715,0.07653981537301309,563,"I can't believe I agreed to be his press secretary."""
812,0,6,29,35,1.1714285714285715,0.0646349059597627,563,This promotion changes everything...
812,2,2,31,35,1.1714285714285715,0.08682750489471924,563,Just the same old rat race. How about you?
812,1,4,30,35,1.1714285714285715,0.07653981537301309,563,"if there's a wheel, there's a way."
812,2,2,31,35,1.1714285714285715,0.08682750489471924,563,I preferred the rat race.
812,1,4,30,35,1.1714285714285715,0.07653981537301309,563,I still think we should go solar.
812,1,4,30,35,1.1714285714285715,0.07653981537301309,563,Do you ever just feel like you're running in place?
812,2,2,31,35,1.1714285714285715,0.08682750489471924,563,I have officially joined the rat race.
812,2,2,31,35,1.1714285714285715,0.08682750489471924,563,I have a feeling this deal won't get us anywhere.
812,0,6,29,35,1.1714285714285715,0.0646349059597627,563,"Honey, if I'm not home in four hours call the police."
812,2,2,31,35,1.1714285714285715,0.08682750489471924,563,"Phil would regularly use the gym at Sisyphus, Inc."
812,2,2,31,35,1.1714285714285715,0.08682750489471924,563,"if I keep doing this, my reward may be an easy confirmation by the House and Senate."
812,1,4,30,35,1.1714285714285715,0.07653981537301309,563,I just hate being trapped in a metaphor.
812,1,4,30,35,1.1714285714285715,0.07653981537301309,563,Honey I'm almost home
812,0,6,29,35,1.1714285714285715,0.0646349059597627,563,Management wouldn't settle for the stand-up desk.
812,1,4,30,35,1.1714285714285715,0.07653981537301309,563,It makes me feel like a big wheel.
812,1,4,30,35,1.1714285714285715,0.07653981537301309,563,"It's like working for SoulCycle, only it's Soul-Sucking."
983,0,5,27,32,1.15625,0.06521328221627366,563,Sure am glad this new Trumpcare is keeping me in shape!
983,0,5,27,32,1.15625,0.06521328221627366,563,"Karyn, when you have a minute my cedar bedding needs freshening."
983,2,1,29,32,1.15625,0.091022141492801,563,I'm walking out that door and quitting.
983,1,3,28,32,1.15625,0.07917639300749574,563,"Sorry dear, I'm running late."
983,1,3,28,32,1.15625,0.07917639300749574,563,I usually do four hours of cardio followed by four hours of cardio.
983,0,5,27,32,1.15625,0.06521328221627366,563,It's called soulless cycling.
983,0,5,27,32,1.15625,0.06521328221627366,563,I've been spinning my wheel for hours on this.
983,1,3,28,32,1.15625,0.07917639300749574,563,Are we there yet?
983,1,3,28,32,1.15625,0.07917639300749574,563,I am big. It's the hamsters that got small.
983,0,5,27,32,1.15625,0.06521328221627366,563,I never thought that HR would be so touchy about the shag carpet!
983,1,3,28,32,1.15625,0.07917639300749574,563,This rat race is doing wonders for my glutes.
983,0,5,27,32,1.15625,0.06521328221627366,563,The GlassDoor reviews said I'd end up spinning my wheels.
983,1,3,28,32,1.15625,0.07917639300749574,563,"'....no hun, I haven't seen your car keys.'"
983,1,3,28,32,1.15625,0.07917639300749574,563,The worlds smallest man working off some extra ounces.
983,0,5,27,32,1.15625,0.06521328221627366,563,"It may seem demeaning, but I'm making 21 cents on the dollar more than the hamster I replaced."
983,0,5,27,32,1.15625,0.06521328221627366,563,You're still using a standing desk?
983,1,3,28,32,1.15625,0.07917639300749574,563,The Matrix: The Analog Years
983,2,1,29,32,1.15625,0.091022141492801,563,"I'm on my way, dear."
983,1,3,28,32,1.15625,0.07917639300749574,563,"Well, yeah, of course I'm going somewhere here at Headquarters. What kind of question is that??!"
983,1,3,28,32,1.15625,0.07917639300749574,563,"Funny, unfunny, unfunny, somewhat funny, . . . ."
983,1,3,28,32,1.15625,0.07917639300749574,563,At least it's air conditioned.
983,0,5,27,32,1.15625,0.06521328221627366,563,I'll get back to you later — gotta run.
983,1,3,28,32,1.15625,0.07917639300749574,563,"I can't believe it, I got such a great deal - $80 a month, and they have showers too!"
983,1,3,28,32,1.15625,0.07917639300749574,563,"Not much. Just spinning my wheel. And, you?"
983,1,3,28,32,1.15625,0.07917639300749574,563,"I don't mind powering the building, but I'm gonna need the chips changed more often"
983,2,1,29,32,1.15625,0.091022141492801,563,How the Secret Service in the Trump Hotel both stays in shape and supplies the cheap energy to cool the Yuge Bannon Beer Cave in the penthouse.
983,0,5,27,32,1.15625,0.06521328221627366,563,Quick! Someone close the door before the cat gets in.
983,0,5,27,32,1.15625,0.06521328221627366,563,"I'm going for 100,000 on my Fitbit."
983,0,5,27,32,1.15625,0.06521328221627366,563,It's a new system they're testing out. I'm just the guinea pig.
983,1,3,28,32,1.15625,0.07917639300749574,563,I'd rather you refer to it as the wheel of fortune.
983,1,3,28,32,1.15625,0.07917639300749574,563,Forgot to feed Squeaky when he was six. Reincarnation understandable.
983,0,5,27,32,1.15625,0.06521328221627366,563,Some call it a rat race. I call it 10000 steps a day.
983,2,1,29,32,1.15625,0.091022141492801,563,I tried the stand-up desk but this stimulates more endorphins and better ideas.
983,1,3,28,32,1.15625,0.07917639300749574,563,"The Spicer Spin, an alternative way to lose facts"
983,1,3,28,32,1.15625,0.07917639300749574,563,SoulCycle is for suckers.
983,2,1,29,32,1.15625,0.091022141492801,563,Can you hear me now? Can you hear me now? Can you hear me now?. . .
983,0,5,27,32,1.15625,0.06521328221627366,563,The boss will never know we lost the last one and replaced him with another.
983,1,3,28,32,1.15625,0.07917639300749574,563,Keeping up with the Sisyphus's
983,0,5,27,32,1.15625,0.06521328221627366,563,Four legs good--two legs almost as good.
983,2,1,29,32,1.15625,0.091022141492801,563,Hate it when I forget my Fitbit!
983,0,5,27,32,1.15625,0.06521328221627366,563,"Yeah, it's a bit harder to read email, but I can pee in the corner!"
983,1,3,28,32,1.15625,0.07917639300749574,563,Proof that the Fitbit is turning men into mice.
983,0,5,27,32,1.15625,0.06521328221627366,563,I've got you on handsfree cause I'm at the wheel.
983,0,5,27,32,1.15625,0.06521328221627366,563,"Well, they told me if I keep working really hard, I can make my way up to CEO."
983,1,3,28,32,1.15625,0.07917639300749574,563,"My brain says get another job, but my Fitbit says stay here."
983,1,3,28,32,1.15625,0.07917639300749574,563,Can you check if the boss's room is cool now?
983,1,3,28,32,1.15625,0.07917639300749574,563,Trump action...no progress.
983,1,3,28,32,1.15625,0.07917639300749574,563,...I'll circle back to you on that one
983,0,5,27,32,1.15625,0.06521328221627366,563,"Hello, you're through to David in the Government Progress Department..."
983,2,1,29,32,1.15625,0.091022141492801,563,You should see him at crossfit.
983,0,5,27,32,1.15625,0.06521328221627366,563,Hi honey. Remember when they said I'd get the office reserved for the 'big wheel'?
983,2,1,29,32,1.15625,0.091022141492801,563,"Honey, I'll be home in about thirty minutes if I clear the doorway and don't crash into the wall."
983,0,5,27,32,1.15625,0.06521328221627366,563,I decided to reinvent myself.
983,0,5,27,32,1.15625,0.06521328221627366,563,When do we break for lunch?
983,1,3,28,32,1.15625,0.07917639300749574,563,"Dave, I gotta run. We still on for yogurt drops later?"
983,1,3,28,32,1.15625,0.07917639300749574,563,"Yes boss, I’m working on the Habitrail account."
983,0,5,27,32,1.15625,0.06521328221627366,563,"Is it just me, or is this conversation continuing to go in circles?"
983,2,1,29,32,1.15625,0.091022141492801,563,Someone stop this thing!
983,0,5,27,32,1.15625,0.06521328221627366,563,"Though generally happy at his new job, Bill did at times wonder about the prospects for advancement."
983,1,3,28,32,1.15625,0.07917639300749574,563,All this wheelin & dealin was making Joe thirsty
983,1,3,28,32,1.15625,0.07917639300749574,563,Our company finally renovated the employee gym - no more treadmills!
983,0,5,27,32,1.15625,0.06521328221627366,563,I'm in the wheel house.
983,1,3,28,32,1.15625,0.07917639300749574,563,It's the hamster efficiency program. I've also got a protein bar stored in my cheeks.
983,0,5,27,32,1.15625,0.06521328221627366,563,"It is soul crushing, but somehow I like it."
983,2,1,29,32,1.15625,0.091022141492801,563,Thank you for calling Alternate Energy Inc. How may I help you?
983,0,5,27,32,1.15625,0.06521328221627366,563,You ever have one of those days where you feel like you just can't get ahead?
983,1,3,28,32,1.15625,0.07917639300749574,563,A glimpse into the R&D labs at RedBull.
983,1,3,28,32,1.15625,0.07917639300749574,563,When does the whole privilege thing kick in?
983,0,5,27,32,1.15625,0.06521328221627366,563,Can't talk now - gotta run.
983,0,5,27,32,1.15625,0.06521328221627366,563,"Actually some people would be offended by the expression, ""I don't give a rat's ass""."
983,1,3,28,32,1.15625,0.07917639300749574,563,Act now and we'll include this bag of cedar chips for free!
983,1,3,28,32,1.15625,0.07917639300749574,563,I'd rather join the rat race!
983,1,3,28,32,1.15625,0.07917639300749574,563,Sometimes I feel like I'm just going in circles.
983,2,1,29,32,1.15625,0.091022141492801,563,"Yes, it's working perfectly so far productivity wise but I just can't get that damn ""I'm Chip, He's Dale"" song out of my head!"
983,2,1,29,32,1.15625,0.091022141492801,563,We should have just told him he was fired instead of letting him run in circles.
983,0,5,27,32,1.15625,0.06521328221627366,563,I assumed it was a typo when I saw our new fitness center called 'state of the rat.'
983,1,3,28,32,1.15625,0.07917639300749574,563,It looked smaller on TV.
983,1,3,28,32,1.15625,0.07917639300749574,563,"Oh yeah, you feel you're on the treadmill of life. Tell me about it."
983,1,3,28,32,1.15625,0.07917639300749574,563,I try not to think about it when I'm running.
983,1,3,28,32,1.15625,0.07917639300749574,563,YOU think it's easy getting to the top!
983,1,3,28,32,1.15625,0.07917639300749574,563,"100,000 steps this week and it's only Wednesday."
983,1,3,28,32,1.15625,0.07917639300749574,563,Dyslexic Sisyphus
983,2,1,29,32,1.15625,0.091022141492801,563,"That's right, Honey. I'm on a hamster wheel in an office ... indoors ... there's no breeze. But my tie is sticking straight out, like it's caught in the wind."
983,0,5,27,32,1.15625,0.06521328221627366,563,"If the hamster calls in sick tomorrow, I'm not doing this again."
983,0,5,27,32,1.15625,0.06521328221627366,563,It’s called Soulless Cycle. I think they’re gonna IPO.
983,1,3,28,32,1.15625,0.07917639300749574,563,Buy small cube of apple futures asap.
983,0,5,27,32,1.15625,0.06521328221627366,563,We have openings right now with unlimited opportunity for advancement.
983,1,3,28,32,1.15625,0.07917639300749574,563,Sorry. Can't talk now. Gotta run.
983,2,1,29,32,1.15625,0.091022141492801,563,"However, the worksite gym is bringing a decline in my mental health."
983,1,3,28,32,1.15625,0.07917639300749574,563,I dunno. I'll get there when I get there!
983,1,3,28,32,1.15625,0.07917639300749574,563,"Well, I bet the hamster isn't feeling any more rewarded sitting my cubicle, either."
983,1,3,28,32,1.15625,0.07917639300749574,563,I liked my old spin class better
983,0,5,27,32,1.15625,0.06521328221627366,563,"Running a little late, Dear. I'll be home soon."
983,2,1,29,32,1.15625,0.091022141492801,563,Middle management training for the rat race.
983,1,3,28,32,1.15625,0.07917639300749574,563,Sometimes I feel like I'm just spinning my wheel.
983,1,3,28,32,1.15625,0.07917639300749574,563,"The last time I saw your stupid dog, he was chasing his tail."
983,1,3,28,32,1.15625,0.07917639300749574,563,Hamster appreciation month
983,0,5,27,32,1.15625,0.06521328221627366,563,It's not exactly my dream job but my office has a window.
983,0,5,27,32,1.15625,0.06521328221627366,563,The door is always open...The door is always open...The door is always open...
983,1,3,28,32,1.15625,0.07917639300749574,563,Yes sir I understand the metaphor but are the cedar chips really necessary?
983,1,3,28,32,1.15625,0.07917639300749574,563,More fresh news please.
983,0,5,27,32,1.15625,0.06521328221627366,563,"I've been spinning my wheel all day, but I just don't see a way out."
983,1,3,28,32,1.15625,0.07917639300749574,563,All this running around has got me thinking...
983,1,3,28,32,1.15625,0.07917639300749574,563,It all started with a stand up desk.
983,0,5,27,32,1.15625,0.06521328221627366,563,My work-life balance is spinning out of control!
983,1,3,28,32,1.15625,0.07917639300749574,563,Manster
983,0,5,27,32,1.15625,0.06521328221627366,563,"Actually, I've always dreamed of working from home."
983,0,5,27,32,1.15625,0.06521328221627366,563,"Yea, at my old job I felt like I was just treading water, but in this new position I feel like I'm finally getting somewhere."
983,1,3,28,32,1.15625,0.07917639300749574,563,I think I'm done here. Get the maze ready.
983,1,3,28,32,1.15625,0.07917639300749574,563,Just the same old rat race. How about you?
983,0,5,27,32,1.15625,0.06521328221627366,563,Donald Trump's alternative energy plan
983,1,3,28,32,1.15625,0.07917639300749574,563,Climbing the corporate ladder takes forever.
983,1,3,28,32,1.15625,0.07917639300749574,563,99 Bottles of Beer on the Wall 99 Bottles of Beer
983,1,3,28,32,1.15625,0.07917639300749574,563,My boss said that if I do this everyday I might actually get somewhere.
983,0,5,27,32,1.15625,0.06521328221627366,563,"Hang on guys, I'm almost there."
983,1,3,28,32,1.15625,0.07917639300749574,563,This is my year!
983,0,5,27,32,1.15625,0.06521328221627366,563,Am I there yet?
983,1,3,28,32,1.15625,0.07917639300749574,563,"Pet Smart, rodent health. How may I help you."
983,1,3,28,32,1.15625,0.07917639300749574,563,How many more revolutions until I'm a real corporate rat?
983,0,5,27,32,1.15625,0.06521328221627366,563,"Sorry honey, but I'll be late for dinner. Traffic at the office is a nightmare."
983,0,5,27,32,1.15625,0.06521328221627366,563,"Every day, as Frank worked his way up the corporate ladder, things seemed to get more and more pointless."
983,0,5,27,32,1.15625,0.06521328221627366,563,I just feel like I'm always running and never getting anywhere at work.
983,0,5,27,32,1.15625,0.06521328221627366,563,"The Maze is next, I think."
983,0,5,27,32,1.15625,0.06521328221627366,563,"Hon, I'll be late, been running in circles."
983,0,5,27,32,1.15625,0.06521328221627366,563,"With my clear ball in the shop, it's the green tube for me today."
983,2,1,29,32,1.15625,0.091022141492801,563,Trump's Immigration Bill is starting to gain some traction.
983,0,5,27,32,1.15625,0.06521328221627366,563,"Yeah, the hours are good, but there's really no room for advancement here."
983,0,5,27,32,1.15625,0.06521328221627366,563,"You've got to trust me on this, I'm making real progress."
983,0,5,27,32,1.15625,0.06521328221627366,563,"I've been thinking, it's time I quit this rat race."
983,1,3,28,32,1.15625,0.07917639300749574,563,I'm tired of running this by myself!
983,0,5,27,32,1.15625,0.06521328221627366,563,Are you sure this will kick start the sump pump?
1114,1,2,27,30,1.1333333333333333,0.0792686880439847,563,Help! I'm trapped in the Congressional investigation into Russian meddling!
1114,1,2,27,30,1.1333333333333333,0.0792686880439847,563,Making America great. And you?
1114,1,2,27,30,1.1333333333333333,0.0792686880439847,563,I finally feel like I'm getting somewhere at work.
1114,0,4,26,30,1.1333333333333333,0.06312427686319992,563,Welcome to the Rat Race
1114,1,2,27,30,1.1333333333333333,0.0792686880439847,563,"And to think, I only have $50,000.00 left to pay on my student loans!"
1114,0,4,26,30,1.1333333333333333,0.06312427686319992,563,Beats me; something about 'running this Department like a great American company'.
1114,0,4,26,30,1.1333333333333333,0.06312427686319992,563,The GOP's alternative energy plan is going great so far.
1114,0,4,26,30,1.1333333333333333,0.06312427686319992,563,"Hi, who just joined the call?"
1114,1,2,27,30,1.1333333333333333,0.0792686880439847,563,I'm telling you t's not a metaphor.
1114,1,2,27,30,1.1333333333333333,0.0792686880439847,563,Do you think we're just spinning our wheels in here?
1114,0,4,26,30,1.1333333333333333,0.06312427686319992,563,"Although some people insisted that it was a metaphor, Dan simply referred to it as ""great cardio."""
1114,0,4,26,30,1.1333333333333333,0.06312427686319992,563,I prefer to think of it as multi-tasking.
1114,1,2,27,30,1.1333333333333333,0.0792686880439847,563,Tell my manager that Sisyphus had it easier!
1114,1,2,27,30,1.1333333333333333,0.0792686880439847,563,What Time Is The Meeting ?
1114,1,2,27,30,1.1333333333333333,0.0792686880439847,563,Don't give me that runaround.
1114,0,4,26,30,1.1333333333333333,0.06312427686319992,563,"Hi, I'm calling from Hamsterdam."
1114,1,2,27,30,1.1333333333333333,0.0792686880439847,563,This year's bonus could be $100K and a really long drink of water.
1114,0,4,26,30,1.1333333333333333,0.06312427686319992,563,"Sure, it's tough, but I found a job that the robots aren't going to want to take."
1114,1,2,27,30,1.1333333333333333,0.0792686880439847,563,"He's big, brown and white, and is in fantastic shape."
1114,1,2,27,30,1.1333333333333333,0.0792686880439847,563,Sometimes I feel like I am getting nowhere.
1114,1,2,27,30,1.1333333333333333,0.0792686880439847,563,When do we vest again?
1114,0,4,26,30,1.1333333333333333,0.06312427686319992,563,"Another day, another scoop of hamster kibble."
1114,1,2,27,30,1.1333333333333333,0.0792686880439847,563,I'm in my wheelhouse.
1114,0,4,26,30,1.1333333333333333,0.06312427686319992,563,3.14159 26535 89793 23846 26433 83279 50288 41971 69399 37510 58209 74944 59230 78164 06286 20899 86280 34825 34211 70679 82148 08651 32823 06647 09384 46095 50582 23172 53594 08128 48111 74502 84102 70193 85211 05559 64462 29489 54930 38....
1114,1,2,27,30,1.1333333333333333,0.0792686880439847,563,I'll never win this damn contest!
1114,0,4,26,30,1.1333333333333333,0.06312427686319992,563,Keeping up with the Trump News cycle.
1114,0,4,26,30,1.1333333333333333,0.06312427686319992,563,"Nah, I've gotten out of the rat race."
1114,0,4,26,30,1.1333333333333333,0.06312427686319992,563,"It is not the destination, it is not the destination, it is not the destination..."
1114,0,4,26,30,1.1333333333333333,0.06312427686319992,563,"Half a pound of apple, carrot and cucumber cubes, a small cauliflower and a Diet Coke."
1114,0,4,26,30,1.1333333333333333,0.06312427686319992,563,"Yes, available on QVC. You get the wheel, water bottle---all inclusive. We're calling it Hamster Health!"
1114,0,4,26,30,1.1333333333333333,0.06312427686319992,563,They weren't kidding about that rat race thing.
1114,1,2,27,30,1.1333333333333333,0.0792686880439847,563,Promise you'll call when the power comes back.
1114,0,4,26,30,1.1333333333333333,0.06312427686319992,563,I need a spin doctor.
1114,0,4,26,30,1.1333333333333333,0.06312427686319992,563,An office with an adjoining washroom. What more could I want?
1114,2,0,28,30,1.1333333333333333,0.09264111117062017,563,The wheel's spinning but the hamster's dead.
1114,1,2,27,30,1.1333333333333333,0.0792686880439847,563,It was a hostile takeover.
1114,0,4,26,30,1.1333333333333333,0.06312427686319992,563,Sisyphus was an amateur.
1114,0,4,26,30,1.1333333333333333,0.06312427686319992,563,I can talk the talk. What I need is a job where I only have to walk the walk.
1114,1,2,27,30,1.1333333333333333,0.0792686880439847,563,Running desks are the next big thing.
1114,0,4,26,30,1.1333333333333333,0.06312427686319992,563,My last office was in a tube.
1114,1,2,27,30,1.1333333333333333,0.0792686880439847,563,I can't wait until I get promoted to the maze.
1114,1,2,27,30,1.1333333333333333,0.0792686880439847,563,"Hey, it beats the 'rat race'!."
1114,1,2,27,30,1.1333333333333333,0.0792686880439847,563,The intern is running just fine.
1114,1,2,27,30,1.1333333333333333,0.0792686880439847,563,Your overqualified resume is not a problem as long as you can pass our wheel test.
1114,0,4,26,30,1.1333333333333333,0.06312427686319992,563,God I hate Pi..!
1114,1,2,27,30,1.1333333333333333,0.0792686880439847,563,Hello? United States Congress. Please hold.
1114,0,4,26,30,1.1333333333333333,0.06312427686319992,563,They're just spinning their wheels in HR.
1114,1,2,27,30,1.1333333333333333,0.0792686880439847,563,Let me call you back - I need to take a dump in the corner.
1114,0,4,26,30,1.1333333333333333,0.06312427686319992,563,"A politician's day: spin, spin, spin, with no forward movemen."
1114,0,4,26,30,1.1333333333333333,0.06312427686319992,563,"Hey genie? ... my wish was to BECOME a big wheel, not to BE in one!"
1114,0,4,26,30,1.1333333333333333,0.06312427686319992,563,The squeaking sound must be at your end.
1114,1,2,27,30,1.1333333333333333,0.0792686880439847,563,I get the sense that we're running in circles here.
1114,1,2,27,30,1.1333333333333333,0.0792686880439847,563,"I can't attend the conference Gary, I'm currently in Aspen training for the Rat Race."
1114,0,4,26,30,1.1333333333333333,0.06312427686319992,563,I'm never going to get ahead!
1114,0,4,26,30,1.1333333333333333,0.06312427686319992,563,I think I'm just going to stay home and nibble around the house tonight.
1114,1,2,27,30,1.1333333333333333,0.0792686880439847,563,And it's safer than a treadmill.
1114,1,2,27,30,1.1333333333333333,0.0792686880439847,563,Department of Labor.
1114,1,2,27,30,1.1333333333333333,0.0792686880439847,563,I was always to short to ride the Ferris Wheel.
1114,1,2,27,30,1.1333333333333333,0.0792686880439847,563,I don't believe in multi-tasking.
1114,1,2,27,30,1.1333333333333333,0.0792686880439847,563,Has he released his tax returns yet?
1114,1,2,27,30,1.1333333333333333,0.0792686880439847,563,Don't worry. I'll get around to it.
1114,1,2,27,30,1.1333333333333333,0.0792686880439847,563,"....special offer just for you. This fund is going to so successful, you too can spend your days just running on the beach."
1114,0,4,26,30,1.1333333333333333,0.06312427686319992,563,Circle of life or circle of ex wife?
1114,0,4,26,30,1.1333333333333333,0.06312427686319992,563,I'll have the car charged in 30 minutes. See you in 31.
1114,1,2,27,30,1.1333333333333333,0.0792686880439847,563,I feel we're getting nowhere fast.
1114,1,2,27,30,1.1333333333333333,0.0792686880439847,563,And they stock the kitchen with free pellets!
1114,0,4,26,30,1.1333333333333333,0.06312427686319992,563,"Yes, I'm getting around to it."
1114,1,2,27,30,1.1333333333333333,0.0792686880439847,563,"Let's not try and reinvent the hamster wheel, okay?"
1114,1,2,27,30,1.1333333333333333,0.0792686880439847,563,I like to stay hydrated while exercising.
1114,1,2,27,30,1.1333333333333333,0.0792686880439847,563,"The stand-up desk was fine, but now I get more done AND I power the entire office"
1114,1,2,27,30,1.1333333333333333,0.0792686880439847,563,I see now why you never see a fat hamster.
1114,2,0,28,30,1.1333333333333333,0.09264111117062017,563,'It's called Shred-bit'
1114,2,0,28,30,1.1333333333333333,0.09264111117062017,563,"I'm working on a remake of ""As the World Turns"""
1114,1,2,27,30,1.1333333333333333,0.0792686880439847,563,"I came, I saw, I spun my wheels."
1114,1,2,27,30,1.1333333333333333,0.0792686880439847,563,"Honey, don't wait up...The lab rats are on strike again!"
1114,1,2,27,30,1.1333333333333333,0.0792686880439847,563,When did the make the treadmills round?
1114,0,4,26,30,1.1333333333333333,0.06312427686319992,563,All dressed up and nowhere to go.
1114,1,2,27,30,1.1333333333333333,0.0792686880439847,563,Not much. Singularity keeping me crazy busy as always. You?
1114,1,2,27,30,1.1333333333333333,0.0792686880439847,563,Just an Ambien. Why?
1114,1,2,27,30,1.1333333333333333,0.0792686880439847,563,"My cholesterol is down, but I have the overwhelming urge to breed."
1114,1,2,27,30,1.1333333333333333,0.0792686880439847,563,The good news is I got that job at the E.P.A...
1114,1,2,27,30,1.1333333333333333,0.0792686880439847,563,"The job may be run of the mill, but the benefits are oh so youge!"
1114,1,2,27,30,1.1333333333333333,0.0792686880439847,563,A metaphor he said. It'll be good he said.
1114,0,4,26,30,1.1333333333333333,0.06312427686319992,563,Am I a mouse or am I a man?
1114,1,2,27,30,1.1333333333333333,0.0792686880439847,563,"Bob, its so much more rewarding than the elliptical."
1114,0,4,26,30,1.1333333333333333,0.06312427686319992,563,"I can assure you sir, this is not a pyramid scheme."
1114,1,2,27,30,1.1333333333333333,0.0792686880439847,563,Employee Training Lab
1114,0,4,26,30,1.1333333333333333,0.06312427686319992,563,Giving the hamsters a chance to run things seemed like the logical next step at the time.
1114,0,4,26,30,1.1333333333333333,0.06312427686319992,563,Standing desks are so 2016.
1114,0,4,26,30,1.1333333333333333,0.06312427686319992,563,Dr. Pavlov's coffee break
1114,0,4,26,30,1.1333333333333333,0.06312427686319992,563,"Sure, come on over and we can go for a spin."
1114,2,0,28,30,1.1333333333333333,0.09264111117062017,563,"I'm your congressman, working for you."
1114,0,4,26,30,1.1333333333333333,0.06312427686319992,563,"Sorry, I was on mute."
1114,1,2,27,30,1.1333333333333333,0.0792686880439847,563,"Take that, gerbils!"
1114,1,2,27,30,1.1333333333333333,0.0792686880439847,563,"This is a test - to show someone I care for, that we're not just stuck in some pigeon-holed existence."
1114,1,2,27,30,1.1333333333333333,0.0792686880439847,563,"Despite all of his effort, Brad felt like he was getting nowhere."
1114,1,2,27,30,1.1333333333333333,0.0792686880439847,563,Ow! I think I just pulled a hamsterstring.
1114,1,2,27,30,1.1333333333333333,0.0792686880439847,563,I'm always in training for the the rat race.
1114,0,4,26,30,1.1333333333333333,0.06312427686319992,563,Something's gotta change around here- no matter how hard I try I can't seem to get anywhere.
1114,0,4,26,30,1.1333333333333333,0.06312427686319992,563,"I'd like to order one large pizza – half hamster pellet, and half gerbil mix … both with extra cheese."
1114,0,4,26,30,1.1333333333333333,0.06312427686319992,563,"The more I go forward, the behinder I get."
1114,1,2,27,30,1.1333333333333333,0.0792686880439847,563,"A couple of changes, and we can build the big one uncle Ferris !"
1114,1,2,27,30,1.1333333333333333,0.0792686880439847,563,I should have never suggested the company should be more energy efficient.
1114,2,0,28,30,1.1333333333333333,0.09264111117062017,563,Tell the gerbil thanks but we're going with the hamster instead.
1114,0,4,26,30,1.1333333333333333,0.06312427686319992,563,"Well, I’d better go. It’s almost pellet-time."
1114,1,2,27,30,1.1333333333333333,0.0792686880439847,563,I'd like to apologize to P.E.T.A.
1114,1,2,27,30,1.1333333333333333,0.0792686880439847,563,Riding on the heels of those who have come before you is never easy
1114,2,0,28,30,1.1333333333333333,0.09264111117062017,563,Why won't my co-workers gather around the water cooler?
1114,1,2,27,30,1.1333333333333333,0.0792686880439847,563,Don’t look so smug. There’s still no scientific consensus.
1114,1,2,27,30,1.1333333333333333,0.0792686880439847,563,This is not the corporate wellness program I remember.
1114,0,4,26,30,1.1333333333333333,0.06312427686319992,563,And they said I'd never make it to middle management!
1114,2,0,28,30,1.1333333333333333,0.09264111117062017,563,Has anyone told him about the snake?
1114,2,0,28,30,1.1333333333333333,0.09264111117062017,563,I am just spinning my heels; how about you?
1114,0,4,26,30,1.1333333333333333,0.06312427686319992,563,Training for the maze.
1114,0,4,26,30,1.1333333333333333,0.06312427686319992,563,Let's circle back around to that later.
1114,0,4,26,30,1.1333333333333333,0.06312427686319992,563,"This conversation is going nowhere, fast."
1114,1,2,27,30,1.1333333333333333,0.0792686880439847,563,Productivity numbers are off you say? I don't understand. I have this office running like a well-oiled machine.
1114,0,4,26,30,1.1333333333333333,0.06312427686319992,563,"No, I wouldn't exactly say that they've got me chasing my own tail..."
1114,0,4,26,30,1.1333333333333333,0.06312427686319992,563,I’m telling you we can’t call this thing “Habitat for Humanity”. That’s already trademarked.
1114,0,4,26,30,1.1333333333333333,0.06312427686319992,563,Wow this day is flying.
1114,1,2,27,30,1.1333333333333333,0.0792686880439847,563,yeah dude i shit and piss wherever i want. it's so tight.
1114,0,4,26,30,1.1333333333333333,0.06312427686319992,563,They say I’m climbing the ladder but…
1114,0,4,26,30,1.1333333333333333,0.06312427686319992,563,"Frank, I'm telling you, the treadmill desk is passe."
1114,0,4,26,30,1.1333333333333333,0.06312427686319992,563,Booooorn in the USAAAAA
1114,0,4,26,30,1.1333333333333333,0.06312427686319992,563,The gig economy got me like...
1114,0,4,26,30,1.1333333333333333,0.06312427686319992,563,I need to talk to someone about the standing desk I ordered...
1114,0,4,26,30,1.1333333333333333,0.06312427686319992,563,Sometimes I feel like I am going nowhere in this industry.
1114,0,4,26,30,1.1333333333333333,0.06312427686319992,563,All it takes is a little leg work to turn this whole thing around.
1114,0,4,26,30,1.1333333333333333,0.06312427686319992,563,Our HR department has some unique ideas on WORK-LIFE balance.
1114,1,2,27,30,1.1333333333333333,0.0792686880439847,563,"No, I clearly ordered the treadmill desk!"
1114,0,4,26,30,1.1333333333333333,0.06312427686319992,563,Sell! And bring more carrots and lettuce! And deodorant.
1114,1,2,27,30,1.1333333333333333,0.0792686880439847,563,You've reached the Trump promises help desk.
1114,0,4,26,30,1.1333333333333333,0.06312427686319992,563,I love the smell of fresh cedar shavings in the morning.
1114,0,4,26,30,1.1333333333333333,0.06312427686319992,563,"Miss Hastings, what time is my maze?"
1114,1,2,27,30,1.1333333333333333,0.0792686880439847,563,Note to self: Never buy a home gym on ebay.
1114,1,2,27,30,1.1333333333333333,0.0792686880439847,563,"Yes, I said my name is Mr. Ham, sir."
1114,0,4,26,30,1.1333333333333333,0.06312427686319992,563,"Ma'am, could you please un-stuff your cheek pouches, I'm having trouble hearing you."
1114,1,2,27,30,1.1333333333333333,0.0792686880439847,563,The truth is you're a fish out of water. And it's not flying.
1114,1,2,27,30,1.1333333333333333,0.0792686880439847,563,"I'm still coming as quickly as I can, boss."
1114,1,2,27,30,1.1333333333333333,0.0792686880439847,563,"Yes, my pacemaker seems to be acting up."
1114,0,4,26,30,1.1333333333333333,0.06312427686319992,563,I have another call - can I put you on coast?
1114,2,0,28,30,1.1333333333333333,0.09264111117062017,563,Don't you hate it when the hamsters don't close the door after they fed you?
1114,1,2,27,30,1.1333333333333333,0.0792686880439847,563,I need two thousand more steps to beat Bob in Accounting's Fit Bit steps.
1114,1,2,27,30,1.1333333333333333,0.0792686880439847,563,It's just a 30-day trial.
1114,0,4,26,30,1.1333333333333333,0.06312427686319992,563,Do you deliver pellets?
1114,1,2,27,30,1.1333333333333333,0.0792686880439847,563,"Heck, this place is a million times better than Sisyphus Inc!"
1114,0,4,26,30,1.1333333333333333,0.06312427686319992,563,Running my own department isn't all it's cracked up to be
1114,1,2,27,30,1.1333333333333333,0.0792686880439847,563,Corner office with a view my ass!
1114,0,4,26,30,1.1333333333333333,0.06312427686319992,563,Am I a hamster dreaming I'm a man or a man dreaming I'm an accountant?
1114,2,0,28,30,1.1333333333333333,0.09264111117062017,563,"Good news Mr. President, we have finally repealed and replaced the hamster"
1114,1,2,27,30,1.1333333333333333,0.0792686880439847,563,I can't believe this got IRB approval.
1114,1,2,27,30,1.1333333333333333,0.0792686880439847,563,"I feel like we're going in circles, here."
1114,0,4,26,30,1.1333333333333333,0.06312427686319992,563,"Boss, I really don't consider this as being on the fast track..."
1114,0,4,26,30,1.1333333333333333,0.06312427686319992,563,I feel like I'm on the wheel of misfortune.
1114,0,4,26,30,1.1333333333333333,0.06312427686319992,563,"My standing desk was great, but this is revolutionary!"
1114,0,4,26,30,1.1333333333333333,0.06312427686319992,563,I'm getting off at the next stop.
1114,0,4,26,30,1.1333333333333333,0.06312427686319992,563,"I'm just sick and tired of the rat race, Bill"
1114,0,4,26,30,1.1333333333333333,0.06312427686319992,563,I'm ready to resign as soon as I make it to the door.
1114,0,4,26,30,1.1333333333333333,0.06312427686319992,563,Now I know how Mankoff feels.
1114,1,2,27,30,1.1333333333333333,0.0792686880439847,563,AC or DC?
1114,1,2,27,30,1.1333333333333333,0.0792686880439847,563,"Our 401k subject is certainly responding to treatment, but wait till you see the nepotism group..."
1114,1,2,27,30,1.1333333333333333,0.0792686880439847,563,Enough?
1114,0,4,26,30,1.1333333333333333,0.06312427686319992,563,"so, this is the new company health plan..."
1114,1,2,27,30,1.1333333333333333,0.0792686880439847,563,I think something's wrong with our corporate ladder...
1114,1,2,27,30,1.1333333333333333,0.0792686880439847,563,I just can't escape the feeling my career is going nowhere.
1114,1,2,27,30,1.1333333333333333,0.0792686880439847,563,Let's circle back to your first point.
1114,1,2,27,30,1.1333333333333333,0.0792686880439847,563,I'm getting the feeling this is a dead end job.
1114,0,4,26,30,1.1333333333333333,0.06312427686319992,563,Let me finish running these numbers and I'll get back you.
1114,0,4,26,30,1.1333333333333333,0.06312427686319992,563,"Well, it did become better when they switched from shredded paper to cedar shavings."
1114,2,0,28,30,1.1333333333333333,0.09264111117062017,563,Try running a little faster
1114,1,2,27,30,1.1333333333333333,0.0792686880439847,563,"Good evening. This is Nibbles, and I'm calling about the Mouse Squeaker’s proposed repeal of the Affordable Carrot Act, a statute that benefits millions of individuals unable to afford carrots on their current celery."
1114,0,4,26,30,1.1333333333333333,0.06312427686319992,563,"Ergonomic, shmergonic...wait til those stand up deskers on 5 see this."
1114,1,2,27,30,1.1333333333333333,0.0792686880439847,563,"Thank you for calling the ""Life Balance Hotline"", how can I help you?"
1114,0,4,26,30,1.1333333333333333,0.06312427686319992,563,We're striving for a zero carbon footprint.
1114,1,2,27,30,1.1333333333333333,0.0792686880439847,563,I am at the office just spinning my wheel!!!!
1114,0,4,26,30,1.1333333333333333,0.06312427686319992,563,Welcome to the Fox News Green Room.
1114,1,2,27,30,1.1333333333333333,0.0792686880439847,563,"Ms.Jones, get Fluffy in here now!"
1114,1,2,27,30,1.1333333333333333,0.0792686880439847,563,Always be circling.
1114,0,4,26,30,1.1333333333333333,0.06312427686319992,563,My new office health plan.
1114,1,2,27,30,1.1333333333333333,0.0792686880439847,563,"Stan, I can't tell you how great it is to be out of the rat race."
1114,1,2,27,30,1.1333333333333333,0.0792686880439847,563,"No, I can't meet you for lunch. I'm training for the rat race."
1114,1,2,27,30,1.1333333333333333,0.0792686880439847,563,"During the first week of his sales job, Ben just couldn't hit the ground running."
1114,1,2,27,30,1.1333333333333333,0.0792686880439847,563,"Gentlemen, the patent is ours as soon as I figure out how to catch up with the oxygen tube while running."
1114,0,4,26,30,1.1333333333333333,0.06312427686319992,563,"I'd really love to Bill, but it seems impossible for me to get away from the office these days..."
1114,1,2,27,30,1.1333333333333333,0.0792686880439847,563,"Doc, are you sure about those stem cells you transplanted?"
1114,1,2,27,30,1.1333333333333333,0.0792686880439847,563,The joke's on that gerbil ... I have a ton of paperwork to do.
1114,1,2,27,30,1.1333333333333333,0.0792686880439847,563,"They ordered the wrong treadmill, but I'm getting used to it."
1114,0,4,26,30,1.1333333333333333,0.06312427686319992,563,The recruited me with the promise of an in-house gym.
1114,0,4,26,30,1.1333333333333333,0.06312427686319992,563,No......you're not even close.....guess again.
1114,0,4,26,30,1.1333333333333333,0.06312427686319992,563,"I'm a believer now: you join the rat race, you become a rat!"
1114,0,4,26,30,1.1333333333333333,0.06312427686319992,563,I'm almost here.
1114,0,4,26,30,1.1333333333333333,0.06312427686319992,563,Sorry about dinner. I'm running late
1114,1,2,27,30,1.1333333333333333,0.0792686880439847,563,I should have never dropped out of law school.
1114,1,2,27,30,1.1333333333333333,0.0792686880439847,563,"Peak work-life balance, almost there."
1114,0,4,26,30,1.1333333333333333,0.06312427686319992,563,"Marge, please call my wife and tell her I'll be home in ... er, October"
1114,1,2,27,30,1.1333333333333333,0.0792686880439847,563,I'm starting to question my career ladder.
1114,0,4,26,30,1.1333333333333333,0.06312427686319992,563,"This isn't what I was expecting when they said we would be working on ""employee health."""
1114,1,2,27,30,1.1333333333333333,0.0792686880439847,563,I'd like to buy a vowel.
1114,0,4,26,30,1.1333333333333333,0.06312427686319992,563,Just another manic Monday
1114,0,4,26,30,1.1333333333333333,0.06312427686319992,563,"I'd love to help, but that's not really in my wheelhouse."
1114,1,2,27,30,1.1333333333333333,0.0792686880439847,563,At least I didn't vote for change!
1114,1,2,27,30,1.1333333333333333,0.0792686880439847,563,"I am living the analogy. Next, a sardine can to home."
1114,1,2,27,30,1.1333333333333333,0.0792686880439847,563,The strategy appears sound. The problem must lie in the execution.
1114,1,2,27,30,1.1333333333333333,0.0792686880439847,563,New Yorker staff members trying to enter a Trump news conference
1114,0,4,26,30,1.1333333333333333,0.06312427686319992,563,I can't believe that hamster tricked me again.
1114,0,4,26,30,1.1333333333333333,0.06312427686319992,563,"Only 7,982 days to retirement!"
1114,1,2,27,30,1.1333333333333333,0.0792686880439847,563,"Robert Allan Thompson (AKA ""Rat"") prepares for the upcoming marathon of life"
1114,0,4,26,30,1.1333333333333333,0.06312427686319992,563,How soon can we go off the emergency generator?
1114,1,2,27,30,1.1333333333333333,0.0792686880439847,563,It doesn't seem to matter how hard I work; I'm still not getting anywhere.
1114,0,4,26,30,1.1333333333333333,0.06312427686319992,563,Then they had me get in a big ball and roll around the kitchen floor.
1114,1,2,27,30,1.1333333333333333,0.0792686880439847,563,Soul Cycle by Mike Pence.
1114,2,0,28,30,1.1333333333333333,0.09264111117062017,563,Next year I'll be a senior senator.
1114,0,4,26,30,1.1333333333333333,0.06312427686319992,563,"Not bad. Same old, same old."
1114,1,2,27,30,1.1333333333333333,0.0792686880439847,563,Noon! It's all downhill from here!
1114,1,2,27,30,1.1333333333333333,0.0792686880439847,563,"Me? Eh, you know. Same old rat race."
1114,0,4,26,30,1.1333333333333333,0.06312427686319992,563,No wonder I've been stuck in the same office for 10 years. It's not a corporate ladder at all!
1114,0,4,26,30,1.1333333333333333,0.06312427686319992,563,Let's stop running around in circles and make a decision.
1114,0,4,26,30,1.1333333333333333,0.06312427686319992,563,I recommend the Kool-Aid.
1114,1,2,27,30,1.1333333333333333,0.0792686880439847,563,I wish we did Casual Friday.
1114,0,4,26,30,1.1333333333333333,0.06312427686319992,563,... and we're going to retire to a cabin in Maine ...
1114,0,4,26,30,1.1333333333333333,0.06312427686319992,563,The trick is to stay hydrated.
1114,1,2,27,30,1.1333333333333333,0.0792686880439847,563,They call this a comprehensive health plan??
1114,1,2,27,30,1.1333333333333333,0.0792686880439847,563,"I did't know that this is what ""going out for a spin"" meant."
1114,1,2,27,30,1.1333333333333333,0.0792686880439847,563,"Damn that ""...and other duties as assigned"" clause!"
1114,2,0,28,30,1.1333333333333333,0.09264111117062017,563,"I am not a rat, I am not a rat, I am not a rat, I am not. . . ."
1114,1,2,27,30,1.1333333333333333,0.0792686880439847,563,"I know it sounds crazy, but I really think there's opportunity for advancement here."
1114,0,4,26,30,1.1333333333333333,0.06312427686319992,563,"I AM your ""go to"" guy!"
1114,1,2,27,30,1.1333333333333333,0.0792686880439847,563,I think Sysphus had a better deal!
1114,1,2,27,30,1.1333333333333333,0.0792686880439847,563,Let me chew on it for a while and I'll get back to you.
1114,0,4,26,30,1.1333333333333333,0.06312427686319992,563,"Ya know, Bob, I feel like I'm getting the runaround on this project."
1114,1,2,27,30,1.1333333333333333,0.0792686880439847,563,"I can't believe my phone added 5,000 more steps..."
1114,0,4,26,30,1.1333333333333333,0.06312427686319992,563,My contract says that I get a corner office and a gym membership.
1114,1,2,27,30,1.1333333333333333,0.0792686880439847,563,The Ultimate fantasy of Corporate
1114,0,4,26,30,1.1333333333333333,0.06312427686319992,563,I asked for a stand-up desk to use at work and this is what they gave me instead.
1114,0,4,26,30,1.1333333333333333,0.06312427686319992,563,"All I said was, ""Give me the right framework, and I could really wheel and deal!"""
1114,0,4,26,30,1.1333333333333333,0.06312427686319992,563,I'm bullish on cedar.
1114,0,4,26,30,1.1333333333333333,0.06312427686319992,563,I see myself more as a wheeler than a dealer.
1114,1,2,27,30,1.1333333333333333,0.0792686880439847,563,The usual. Shedding and shredding.
1114,1,2,27,30,1.1333333333333333,0.0792686880439847,563,Chet's Hamster Wheels. Chet speaking.
1114,0,4,26,30,1.1333333333333333,0.06312427686319992,563,This mandatory employee fitness program is a killer!
1114,0,4,26,30,1.1333333333333333,0.06312427686319992,563,"Yes, that's right clive, human trials have begun and the subjects are exhibiting the same behavior as the hamsters."
1114,1,2,27,30,1.1333333333333333,0.0792686880439847,563,Short food pellets ... sell bedding ... buy plastic tunnels.
1114,0,4,26,30,1.1333333333333333,0.06312427686319992,563,"I'd hoped for a promotion, but they keep giving me the runaround."
1114,0,4,26,30,1.1333333333333333,0.06312427686319992,563,How long does a gerbil take for a bathroom break?
1114,1,2,27,30,1.1333333333333333,0.0792686880439847,563,It's not only money that makes the world go round.
1114,1,2,27,30,1.1333333333333333,0.0792686880439847,563,I'm making progress!
1114,1,2,27,30,1.1333333333333333,0.0792686880439847,563,Soulless Cycle: the Paul Ryan Exercise Machine and Diet Plan
1114,1,2,27,30,1.1333333333333333,0.0792686880439847,563,Remember that Email about revamping our offices?
1114,1,2,27,30,1.1333333333333333,0.0792686880439847,563,"Actually, last week they moved me to the Capitol."
1114,1,2,27,30,1.1333333333333333,0.0792686880439847,563,Really misinterpreted the company's wellness initiative!
1114,1,2,27,30,1.1333333333333333,0.0792686880439847,563,"I work from home, but I miss the thrill of the commute."
1114,1,2,27,30,1.1333333333333333,0.0792686880439847,563,What do you mean you can't move my door to the ceiling?
1114,1,2,27,30,1.1333333333333333,0.0792686880439847,563,Don't think I want to be a hamster in my next life...
1114,1,2,27,30,1.1333333333333333,0.0792686880439847,563,Human race.
1114,0,4,26,30,1.1333333333333333,0.06312427686319992,563,"I'm not buying into the rat race, George. I'm leveraging my treadmill desk."
1114,1,2,27,30,1.1333333333333333,0.0792686880439847,563,And I thought bring your owners to work day would be a good idea
1114,1,2,27,30,1.1333333333333333,0.0792686880439847,563,Sure is nice to finally get my own office.
1114,1,2,27,30,1.1333333333333333,0.0792686880439847,563,What do you mean catch up with my work? I can't catch up to the water bottle.
1114,1,2,27,30,1.1333333333333333,0.0792686880439847,563,"Living like a hamster? Oh, no -- I'm a hedge fund executive!"
1114,0,4,26,30,1.1333333333333333,0.06312427686319992,563,I even got a bigger wheel!
1114,1,2,27,30,1.1333333333333333,0.0792686880439847,563,Devin Nunes' search for the truth.
1114,0,4,26,30,1.1333333333333333,0.06312427686319992,563,"Yes dear, I'm still your pet."
1114,0,4,26,30,1.1333333333333333,0.06312427686319992,563,Nowhere. How about you?
1114,0,4,26,30,1.1333333333333333,0.06312427686319992,563,Cancel my 3 o'clock and dangle the shiny object!
1114,0,4,26,30,1.1333333333333333,0.06312427686319992,563,I should have gone with the standing desk.
1114,2,0,28,30,1.1333333333333333,0.09264111117062017,563,"Only thirty four more years, Andy, you can do it, you can do it."
1114,1,2,27,30,1.1333333333333333,0.0792686880439847,563,"Helen, we've been downsized. Please lock the cat in the basement before I get home."
1114,1,2,27,30,1.1333333333333333,0.0792686880439847,563,John is running the EPA's new clean energy plan.
1114,1,2,27,30,1.1333333333333333,0.0792686880439847,563,I'm so upset by the latest news cycle I won't even mention that the cartoonist stupidly extended the windowsill into my exercise cage.
1114,1,2,27,30,1.1333333333333333,0.0792686880439847,563,"Hi Tom, Jerry here."
1114,1,2,27,30,1.1333333333333333,0.0792686880439847,563,"not oil futures... oil ""can""..."
1114,1,2,27,30,1.1333333333333333,0.0792686880439847,563,In-Place Office Solutions. May I help you?
1114,0,4,26,30,1.1333333333333333,0.06312427686319992,563,Monday
1114,1,2,27,30,1.1333333333333333,0.0792686880439847,563,He seemed like such a nice guy: told me he’d be right back.
1114,1,2,27,30,1.1333333333333333,0.0792686880439847,563,Thank God it's Friday.
1114,0,4,26,30,1.1333333333333333,0.06312427686319992,563,People's Renewable Energy. How may I help you?
1114,0,4,26,30,1.1333333333333333,0.06312427686319992,563,Shit! I'm gonna be late again.
1114,0,4,26,30,1.1333333333333333,0.06312427686319992,563,"I thought ""running late""was an expression!"
1114,0,4,26,30,1.1333333333333333,0.06312427686319992,563,I'll be back as soon as I find my Fortune.
1114,1,2,27,30,1.1333333333333333,0.0792686880439847,563,"'I've arrived. Thank you graduate school!"""
1114,2,0,28,30,1.1333333333333333,0.09264111117062017,563,"Hello! Tweet this immediatly; ""Amazing progress with Congress here; repeal and replace taxes next; America great again very very soon!"""
1114,0,4,26,30,1.1333333333333333,0.06312427686319992,563,Do you think he's spinning me a line?
1396,0,3,24,27,1.1111111111111112,0.06163335513613654,563,Say 2:15? I'm running late.
1396,0,3,24,27,1.1111111111111112,0.06163335513613654,563,My door is always open.
1396,1,1,25,27,1.1111111111111112,0.0815332650783714,563,"Officer, he's big, goes by Gus, and as far as I can tell, is in terrific shape."
1396,0,3,24,27,1.1111111111111112,0.06163335513613654,563,"Jones, by noon I need those sales reports and new shavings. I've been drinking a lot of water."
1396,0,3,24,27,1.1111111111111112,0.06163335513613654,563,I should have upgraded from my standing desk sooner.
1396,0,3,24,27,1.1111111111111112,0.06163335513613654,563,The existentialist's SoulCycle.
1396,0,3,24,27,1.1111111111111112,0.06163335513613654,563,"Oh, and Mary? Send in some cardboard. I need to make myself a new nest."
1396,0,3,24,27,1.1111111111111112,0.06163335513613654,563,"Can't talk to you now, hun, I've got to run"
1396,1,1,25,27,1.1111111111111112,0.0815332650783714,563,I'm tired of Chuck giving me the old run around.
1396,0,3,24,27,1.1111111111111112,0.06163335513613654,563,The Roomba only comes in on Fridays
1396,0,3,24,27,1.1111111111111112,0.06163335513613654,563,"Bill 'em for 16,423 revolutions on that contract."
1396,0,3,24,27,1.1111111111111112,0.06163335513613654,563,At least we have an open door policy
1396,0,3,24,27,1.1111111111111112,0.06163335513613654,563,"I can't talk right now, Jim. Just finishing up here at the office, and I'm already late for my spin class."
1396,1,1,25,27,1.1111111111111112,0.0815332650783714,563,Can I get Fox News in Here?
1396,0,3,24,27,1.1111111111111112,0.06163335513613654,563,What happened to the coffee breaks?
1396,0,3,24,27,1.1111111111111112,0.06163335513613654,563,Can I call you right back....I'm trying to get out the door?
1396,0,3,24,27,1.1111111111111112,0.06163335513613654,563,This 'work from home' commute is killing me.
1396,0,3,24,27,1.1111111111111112,0.06163335513613654,563,It's a new spin on the standup desk.
1396,1,1,25,27,1.1111111111111112,0.0815332650783714,563,"No, let's meet at that new pizza joint around the corner instead. I have a sudden craving for cheese!"
1396,1,1,25,27,1.1111111111111112,0.0815332650783714,563,"Urine output, very funny!"
1396,0,3,24,27,1.1111111111111112,0.06163335513613654,563,I wish that darn mouse would get back here !
1396,1,1,25,27,1.1111111111111112,0.0815332650783714,563,Honey I know I'm late for dinner but my boss says if I continue to work harder I will see a few more pellets.. I mean dollars in my paycheck.
1396,0,3,24,27,1.1111111111111112,0.06163335513613654,563,"Cancel my 3:30, get me Andrews in accounting, I need more ticker tape, and . . ."
1396,1,1,25,27,1.1111111111111112,0.0815332650783714,563,Trump's new healthcare plan.
1396,1,1,25,27,1.1111111111111112,0.0815332650783714,563,"So I said, ""Mr. Bowers, I'm sick of these petty humiliations."""
1396,1,1,25,27,1.1111111111111112,0.0815332650783714,563,Someday I'm gonna walk right out that open door and be free. Someday.
1396,1,1,25,27,1.1111111111111112,0.0815332650783714,563,"“Life is a circle. It spins you around.” ? Ljupka Cvetanova, The New Land"
1396,1,1,25,27,1.1111111111111112,0.0815332650783714,563,"Right now, just being the captain of my wheelhouse."
1396,1,1,25,27,1.1111111111111112,0.0815332650783714,563,What am I doing? Oh just a bit of running around.
1396,0,3,24,27,1.1111111111111112,0.06163335513613654,563,"Tuesday's fine, but can we make it your office?"
1396,1,1,25,27,1.1111111111111112,0.0815332650783714,563,"I'm sorry, but this whole project just isn't getting anywhere."
1396,0,3,24,27,1.1111111111111112,0.06163335513613654,563,"Rat race? No thanks, I'd rather 'pull a hammy' in here"
1396,0,3,24,27,1.1111111111111112,0.06163335513613654,563,Insider yes-upward mobility no.
1396,0,3,24,27,1.1111111111111112,0.06163335513613654,563,Stop calling it a 'fitness craze'. It's a lifestyle.
1396,0,3,24,27,1.1111111111111112,0.06163335513613654,563,"Stand up desks are a thing of the past! This multi-use work, exercise, and hydration wheel is the real deal!"
1396,0,3,24,27,1.1111111111111112,0.06163335513613654,563,Winded? What makes you think I sound winded?
1396,1,1,25,27,1.1111111111111112,0.0815332650783714,563,Sometimes I get a feeling that life is like an open door that leads to nowhere.
1396,1,1,25,27,1.1111111111111112,0.0815332650783714,563,I'll call you back when I get there.
1396,0,3,24,27,1.1111111111111112,0.06163335513613654,563,"Dang, I can't believe they just raised the retirement age!"
1396,0,3,24,27,1.1111111111111112,0.06163335513613654,563,to close this deal we need to meet...otherwise we are just running in circles
1396,0,3,24,27,1.1111111111111112,0.06163335513613654,563,"It's true, the corner office had a view."
1396,0,3,24,27,1.1111111111111112,0.06163335513613654,563,Sometimes I just feel like my life is going round in circles
1396,1,1,25,27,1.1111111111111112,0.0815332650783714,563,"Plenty of opportunity for advancement, they said."
1396,0,3,24,27,1.1111111111111112,0.06163335513613654,563,For more options press pound
1396,0,3,24,27,1.1111111111111112,0.06163335513613654,563,When giant mutant hamsters rule the world.
1396,0,3,24,27,1.1111111111111112,0.06163335513613654,563,I'm just a few food pellets from my retirement number
1396,0,3,24,27,1.1111111111111112,0.06163335513613654,563,"No, 'nose to the grindstone' doesn't quite sound like the idiom that explains my situation."
1396,0,3,24,27,1.1111111111111112,0.06163335513613654,563,I just feel there's no room for advancing here.
1396,0,3,24,27,1.1111111111111112,0.06163335513613654,563,"Going forward, I expect to make good progress on that, Boss!"
1396,1,1,25,27,1.1111111111111112,0.0815332650783714,563,"Once you get past the wood chip smell, these new work stations are way better than the standing desks."
1396,0,3,24,27,1.1111111111111112,0.06163335513613654,563,Have to hurry if I'm going to get there by never.
1396,0,3,24,27,1.1111111111111112,0.06163335513613654,563,Cheese is for wimps!
1396,1,1,25,27,1.1111111111111112,0.0815332650783714,563,"Thanks for calling Amazon, how can I assist you?"
1396,0,3,24,27,1.1111111111111112,0.06163335513613654,563,Your call is endlessly important to us.
1396,1,1,25,27,1.1111111111111112,0.0815332650783714,563,H.R. says it's a lateral move but I think they're using circular logic.
1396,0,3,24,27,1.1111111111111112,0.06163335513613654,563,I feel like I'm just going around in circles here...
1396,1,1,25,27,1.1111111111111112,0.0815332650783714,563,"I know that the ad said this job offered a ""progressive working environment"", but . . ."
1396,0,3,24,27,1.1111111111111112,0.06163335513613654,563,This way I don't spill my pediasure.
1396,1,1,25,27,1.1111111111111112,0.0815332650783714,563,"''Let me call you back, I'm running late to a meeting''"
1396,0,3,24,27,1.1111111111111112,0.06163335513613654,563,I just enjoy the scenery.
1396,0,3,24,27,1.1111111111111112,0.06163335513613654,563,Eureka ! exercise break becomes billable hour
1396,0,3,24,27,1.1111111111111112,0.06163335513613654,563,"It's soulless, but they pay me."
1396,1,1,25,27,1.1111111111111112,0.0815332650783714,563,"Yes, this sucks, but it beats the water maze"
1396,0,3,24,27,1.1111111111111112,0.06163335513613654,563,They gave me everything I asked for. An assistant. A reserved parking spot. They even threw in a bigger wheel!
1396,0,3,24,27,1.1111111111111112,0.06163335513613654,563,"Make it a double cheeseburger, I'm running late"
1396,0,3,24,27,1.1111111111111112,0.06163335513613654,563,A lot of times I feel like you're giving me the run around.
1396,0,3,24,27,1.1111111111111112,0.06163335513613654,563,"Barney wanted a real job, but he never learned to pronounce his r’s."
1396,0,3,24,27,1.1111111111111112,0.06163335513613654,563,I don't give a rat's ass what you think.
1396,0,3,24,27,1.1111111111111112,0.06163335513613654,563,I'm a big wheel around here.
1396,0,3,24,27,1.1111111111111112,0.06163335513613654,563,The corporate gym is not quite what I’d expected.
1396,0,3,24,27,1.1111111111111112,0.06163335513613654,563,I smell a rat.
1396,1,1,25,27,1.1111111111111112,0.0815332650783714,563,So near and yet so far.
1396,0,3,24,27,1.1111111111111112,0.06163335513613654,563,"The perks are great. They have an exercise program, free drinks, and convenient in-office urinals."
1396,0,3,24,27,1.1111111111111112,0.06163335513613654,563,That's the last time I suggest cutting back the power bill.
1396,0,3,24,27,1.1111111111111112,0.06163335513613654,563,No I am NOT spinning in cirlces
1396,0,3,24,27,1.1111111111111112,0.06163335513613654,563,You never know where this will lead.
1396,0,3,24,27,1.1111111111111112,0.06163335513613654,563,Manhattan? What's not to love about Manhattan?
1396,0,3,24,27,1.1111111111111112,0.06163335513613654,563,Working from home has been more liberating than I thought it would be.
1396,0,3,24,27,1.1111111111111112,0.06163335513613654,563,How much more until I generate electricity or pull a hamster-ing?
1396,0,3,24,27,1.1111111111111112,0.06163335513613654,563,It still beats commuting.
1396,1,1,25,27,1.1111111111111112,0.0815332650783714,563,Health insurance costs are down and we're saving a bunch on the energy bill!
1396,1,1,25,27,1.1111111111111112,0.0815332650783714,563,"I understand he wants to lower the unemployment rate, but this is ridiculous."
1396,0,3,24,27,1.1111111111111112,0.06163335513613654,563,"Honey, I do this to keep the lights on, remember?"
1396,0,3,24,27,1.1111111111111112,0.06163335513613654,563,This isn't as fun as it looked
1396,0,3,24,27,1.1111111111111112,0.06163335513613654,563,"Hello, ma'am, have you ever thought about owning a piece of paradise at a beautiful, relaxing Polynesian resort.....?"
1396,1,1,25,27,1.1111111111111112,0.0815332650783714,563,"So I'm a rodent. What can I do you for, Mom?"
1396,0,3,24,27,1.1111111111111112,0.06163335513613654,563,Sometimes I get the feeling I'm going nowhere in this job.
1396,0,3,24,27,1.1111111111111112,0.06163335513613654,563,And I'm TOTALLY on track for an office with a window.
1396,1,1,25,27,1.1111111111111112,0.0815332650783714,563,I don't think I will make it to the bathroom on time.
1396,0,3,24,27,1.1111111111111112,0.06163335513613654,563,Running faster to stay in place. How about you?
1396,0,3,24,27,1.1111111111111112,0.06163335513613654,563,I'll turn it around ASAP.
1396,0,3,24,27,1.1111111111111112,0.06163335513613654,563,This is getting me nowhere fast.
1396,1,1,25,27,1.1111111111111112,0.0815332650783714,563,"Nancy, cancel my 3 o'clock, I'm on a roll."
1396,0,3,24,27,1.1111111111111112,0.06163335513613654,563,I feel like my work is going unnoticed
1396,1,1,25,27,1.1111111111111112,0.0815332650783714,563,"In shock, Bob Mankoff learns about his retirement activities."
1396,0,3,24,27,1.1111111111111112,0.06163335513613654,563,I still think a battery is a better way to power this phone.
1396,0,3,24,27,1.1111111111111112,0.06163335513613654,563,"I'm sorry, but someone left the office door open and Mr. Jones is now hiding under the sofa in reception. May I take a message?"
1396,0,3,24,27,1.1111111111111112,0.06163335513613654,563,"When we close this deal, it's carrot cubes all around."
1396,0,3,24,27,1.1111111111111112,0.06163335513613654,563,You've gotta start somewhere.
1396,0,3,24,27,1.1111111111111112,0.06163335513613654,563,Let me call you back. I only have 220 more diameters to go to finish my last mile.
1396,0,3,24,27,1.1111111111111112,0.06163335513613654,563,Do I sound like I'm full of droppings?
1396,0,3,24,27,1.1111111111111112,0.06163335513613654,563,I'm gonna run away with this promotion
1396,0,3,24,27,1.1111111111111112,0.06163335513613654,563,This is much better than my standing desk.
1396,1,1,25,27,1.1111111111111112,0.0815332650783714,563,I am dialing up the effort as we speak!
1396,1,1,25,27,1.1111111111111112,0.0815332650783714,563,Move that cheese again and you'll be hearing from my lawyer.
1396,0,3,24,27,1.1111111111111112,0.06163335513613654,563,"So much better when I get a corner office, so much better when I get a corner office..."
1396,0,3,24,27,1.1111111111111112,0.06163335513613654,563,Finally out of the mail room.
1396,1,1,25,27,1.1111111111111112,0.0815332650783714,563,I used to have a treadmill desk but then the boss decided this was even better.
1396,0,3,24,27,1.1111111111111112,0.06163335513613654,563,I'm getting nowhere fast.
1396,0,3,24,27,1.1111111111111112,0.06163335513613654,563,You know what they say when the chips are down.
1396,0,3,24,27,1.1111111111111112,0.06163335513613654,563,They said this was the best way to get ahead.
1396,1,1,25,27,1.1111111111111112,0.0815332650783714,563,"....and then I went right into Mr. Mouse's office and I said ""Mickey, I demand my own office and an exercise machine."
1396,0,3,24,27,1.1111111111111112,0.06163335513613654,563,Honey? (yelling) Someone needs to change my newspaper.
1396,1,1,25,27,1.1111111111111112,0.0815332650783714,563,"It's a rat race, but I love it."
1396,0,3,24,27,1.1111111111111112,0.06163335513613654,563,"Alexa, order more water."
1396,0,3,24,27,1.1111111111111112,0.06163335513613654,563,I'm afraid I'll never get anywhere.
1396,0,3,24,27,1.1111111111111112,0.06163335513613654,563,Seriously... you call those wings!
1396,0,3,24,27,1.1111111111111112,0.06163335513613654,563,Just running around; what are you up to?
1396,1,1,25,27,1.1111111111111112,0.0815332650783714,563,"Thursday...hmm...how about somewhere down the road? [blatant tribute to Mr. Mankoff--thank you, sir.]"
1396,0,3,24,27,1.1111111111111112,0.06163335513613654,563,"Oh, did I mention that I'm going to The Running of the Hamsters this year?"
1396,1,1,25,27,1.1111111111111112,0.0815332650783714,563,Just a couple of steps to go.
1396,0,3,24,27,1.1111111111111112,0.06163335513613654,563,Destination infinity!
1396,0,3,24,27,1.1111111111111112,0.06163335513613654,563,"Well, I wouldn't call it a rat race."
1396,0,3,24,27,1.1111111111111112,0.06163335513613654,563,Total rags to riches story! And get this - I heard the inventor used to work in a pet store!
1396,0,3,24,27,1.1111111111111112,0.06163335513613654,563,More lettuce!
1396,0,3,24,27,1.1111111111111112,0.06163335513613654,563,"You say fetish, I say healthy lifestyle choice."
1396,0,3,24,27,1.1111111111111112,0.06163335513613654,563,HR? Just to let you know the fitness room is out of pellets.
1396,0,3,24,27,1.1111111111111112,0.06163335513613654,563,I REALLY FEEL LIKE I'M MAKING PROGRESS!
1396,0,3,24,27,1.1111111111111112,0.06163335513613654,563,"Yeah, yeah. What goes around comes around, but when all is said and done, it's just back to square one."
1396,0,3,24,27,1.1111111111111112,0.06163335513613654,563,"Fluffy, bring me my two o' clock feeding."
1396,0,3,24,27,1.1111111111111112,0.06163335513613654,563,We need a coffee refill in the hamster room. Coffee refill in the hamster room.
1396,0,3,24,27,1.1111111111111112,0.06163335513613654,563,Little did he know the water bottle was filled with his own sweat.
1396,0,3,24,27,1.1111111111111112,0.06163335513613654,563,"Abby, get me a wedge of iceberg lettuce and ranch dressing, and hold the ranch dressing."
1396,0,3,24,27,1.1111111111111112,0.06163335513613654,563,"I pretend to skitter aimlessly, and they pretend to pay me."
1396,0,3,24,27,1.1111111111111112,0.06163335513613654,563,Talk fast; I'm running late!
1396,0,3,24,27,1.1111111111111112,0.06163335513613654,563,"I'm eating my weakest child at 2, can we meet at 4?"
1396,1,1,25,27,1.1111111111111112,0.0815332650783714,563,I'm not a mouse . . . I'm not a mouse . . . I'm not a mouse . . .
1396,0,3,24,27,1.1111111111111112,0.06163335513613654,563,"Good morning, Hamster Fitness Group. How can you help me?"
1396,0,3,24,27,1.1111111111111112,0.06163335513613654,563,I feel like I just keep going 'round and 'round on this with you...that's my offer out-the-door.
1396,0,3,24,27,1.1111111111111112,0.06163335513613654,563,That had better be gin!
1396,0,3,24,27,1.1111111111111112,0.06163335513613654,563,It's taking forever to charge my phone's battery.
1396,0,3,24,27,1.1111111111111112,0.06163335513613654,563,"Charlie, that's the same thing you said yesterday, and the day before that, and the day before that..."
1396,0,3,24,27,1.1111111111111112,0.06163335513613654,563,"I've got tubes from 1-6, so we'll have to schedule the rolling ball later in the week."
1396,0,3,24,27,1.1111111111111112,0.06163335513613654,563,Millennials don't know how good they have it.
1396,0,3,24,27,1.1111111111111112,0.06163335513613654,563,Switching companies was the right move. I felt like a mouse in a cheese maze at my last job.
1396,1,1,25,27,1.1111111111111112,0.0815332650783714,563,I wonder if there's a giant hamster sitting at my desk?
1396,0,3,24,27,1.1111111111111112,0.06163335513613654,563,I should have asked about this job's work-life balance during the interview.
1396,0,3,24,27,1.1111111111111112,0.06163335513613654,563,I'm running late.
1396,0,3,24,27,1.1111111111111112,0.06163335513613654,563,"I don't usually spring for home gym equipment, but this one matches the shredded newspaper."
1396,0,3,24,27,1.1111111111111112,0.06163335513613654,563,"Hi, this is Pat from 'Hamsters R Us' -- we've changed our product line to appeal to work-at-home professionals."
1396,0,3,24,27,1.1111111111111112,0.06163335513613654,563,"Best of all, they have a fitness room downstairs."
1396,0,3,24,27,1.1111111111111112,0.06163335513613654,563,It's the alternative to alternative energy.
1396,1,1,25,27,1.1111111111111112,0.0815332650783714,563,We had an efficiency expert restructure our corporate ladder. I'm not sure I like the results.
1396,1,1,25,27,1.1111111111111112,0.0815332650783714,563,I'll be running late for dinner.
1396,1,1,25,27,1.1111111111111112,0.0815332650783714,563,Can't wait to get promoted and have a bigger wheel!
1396,0,3,24,27,1.1111111111111112,0.06163335513613654,563,The rat race is awkward when you're self-employed.
1396,1,1,25,27,1.1111111111111112,0.0815332650783714,563,"Despite an open door policy, they treat us like animals."
1396,0,3,24,27,1.1111111111111112,0.06163335513613654,563,Standing desks were so last year
1396,1,1,25,27,1.1111111111111112,0.0815332650783714,563,We Republicans are wheeling now.
1396,0,3,24,27,1.1111111111111112,0.06163335513613654,563,Worked hard all his life and then he died
1396,0,3,24,27,1.1111111111111112,0.06163335513613654,563,Inside Trump's little brain.
1396,0,3,24,27,1.1111111111111112,0.06163335513613654,563,Quick find the giant rat that put me here!
1396,1,1,25,27,1.1111111111111112,0.0815332650783714,563,"I don't know what's wrong with me, Mark. I keep trying to get my work done, but my wheel just keeps on spinning!"
1396,0,3,24,27,1.1111111111111112,0.06163335513613654,563,Just a matter of time before I reach the door--and freedom!
1396,0,3,24,27,1.1111111111111112,0.06163335513613654,563,I'm running late again
1396,0,3,24,27,1.1111111111111112,0.06163335513613654,563,Washington Insider Report: Paul Ryan works on the repeal of Obamacare.
1396,0,3,24,27,1.1111111111111112,0.06163335513613654,563,This does qualify as a cage-free working environment
1396,0,3,24,27,1.1111111111111112,0.06163335513613654,563,Making headway. You?
1396,0,3,24,27,1.1111111111111112,0.06163335513613654,563,Almost there.
1396,1,1,25,27,1.1111111111111112,0.0815332650783714,563,"Congressman, trickle down thing is way more involved than I expected"
1396,1,1,25,27,1.1111111111111112,0.0815332650783714,563,"For the spins of the father, the sons must pay."
1396,1,1,25,27,1.1111111111111112,0.0815332650783714,563,Can't wait to see how he spins this one!
1396,1,1,25,27,1.1111111111111112,0.0815332650783714,563,I don't think tom is making any progress
1396,0,3,24,27,1.1111111111111112,0.06163335513613654,563,Core Competency
1396,1,1,25,27,1.1111111111111112,0.0815332650783714,563,I'm not sure how productive this is. Sometimes I feel like I'm just spinning my wheel.
1396,0,3,24,27,1.1111111111111112,0.06163335513613654,563,Where did I put the WD40?
1396,0,3,24,27,1.1111111111111112,0.06163335513613654,563,I prefer to call it multitasking...
1396,0,3,24,27,1.1111111111111112,0.06163335513613654,563,If one of those bottles of beer on the wall..
1396,0,3,24,27,1.1111111111111112,0.06163335513613654,563,There's nothing like a corporate downsizing!
1396,0,3,24,27,1.1111111111111112,0.06163335513613654,563,"Honey, it's the scariest thing. I'm running for my life but the door is open. I can leave anytime I want to. But do I want to? I know, do it for the kids. OK, honey bun, see you at 7."
1396,0,3,24,27,1.1111111111111112,0.06163335513613654,563,I'm not stopping until Richard Simmons says so.
1396,0,3,24,27,1.1111111111111112,0.06163335513613654,563,I think my boss gave me the run-around.
1396,0,3,24,27,1.1111111111111112,0.06163335513613654,563,"How does it feel to be the ""big wheel!"""
1396,0,3,24,27,1.1111111111111112,0.06163335513613654,563,"Mom, the job is great, but I got to run."
1396,0,3,24,27,1.1111111111111112,0.06163335513613654,563,I'm guaranteed Olympic Game gold in the next Year of The Rat!
1396,1,1,25,27,1.1111111111111112,0.0815332650783714,563,Move the guest chair 20 feet from my desk and tell her I'll be there in 10 minutes.
1396,1,1,25,27,1.1111111111111112,0.0815332650783714,563,Ham--Let me know when I have run a mile.
1396,0,3,24,27,1.1111111111111112,0.06163335513613654,563,Yours has you jumping through hoops?
1396,0,3,24,27,1.1111111111111112,0.06163335513613654,563,Mondays are always the hardest.
1396,0,3,24,27,1.1111111111111112,0.06163335513613654,563,"you say: ""you work all the time but feel your are not getting anywhere"" I think I can help you."
1396,0,3,24,27,1.1111111111111112,0.06163335513613654,563,"Aahh, ya know.Just puttin' one foot in front of the other."
1396,0,3,24,27,1.1111111111111112,0.06163335513613654,563,"""Wow! Combining work and exercise together. Is America great or what?"" Thought Dave."
1396,0,3,24,27,1.1111111111111112,0.06163335513613654,563,"I can retire in just 2,645,237 revolutions."
1396,0,3,24,27,1.1111111111111112,0.06163335513613654,563,... in just two more years I'll get promoted to counter-clockwise
1396,0,3,24,27,1.1111111111111112,0.06163335513613654,563,Same old same old. You?
1396,0,3,24,27,1.1111111111111112,0.06163335513613654,563,When I am promoted I get to run the other way.
1396,0,3,24,27,1.1111111111111112,0.06163335513613654,563,"He said, 'I'm sick of hearing you say you'll get around to it."
1396,1,1,25,27,1.1111111111111112,0.0815332650783714,563,Bring my jacket in at 5:57; I have a 6:00 breakfast.
1396,0,3,24,27,1.1111111111111112,0.06163335513613654,563,"Standing desk, give me a break."
1396,0,3,24,27,1.1111111111111112,0.06163335513613654,563,The joke is capitalism
1396,0,3,24,27,1.1111111111111112,0.06163335513613654,563,The circle of life.
1396,1,1,25,27,1.1111111111111112,0.0815332650783714,563,"If I eco-charge my phone, I'll give a polar bear another year of life."
1396,0,3,24,27,1.1111111111111112,0.06163335513613654,563,"Hamster help desk, to whom am I speaking?"
1396,1,1,25,27,1.1111111111111112,0.0815332650783714,563,I feel like I'm going around in circles here!
1396,0,3,24,27,1.1111111111111112,0.06163335513613654,563,I have my own office now.
1396,0,3,24,27,1.1111111111111112,0.06163335513613654,563,"...it's WAY better than Viagra, even if I do gnaw up our furniture after."
1396,1,1,25,27,1.1111111111111112,0.0815332650783714,563,Pavlovian Man
1396,0,3,24,27,1.1111111111111112,0.06163335513613654,563,"Honey, I just feel like I'm spinning my wheels here."
1396,0,3,24,27,1.1111111111111112,0.06163335513613654,563,"Next, memo to maintenance. Item one, refill the bottle with chardonnay. Item two, open the door to the female's cage next to mine."
1396,1,1,25,27,1.1111111111111112,0.0815332650783714,563,But the worst is I only want to eat pellets.
1396,0,3,24,27,1.1111111111111112,0.06163335513613654,563,This is a wonderful way for me to feel that I'm really out of the rat race.
1396,1,1,25,27,1.1111111111111112,0.0815332650783714,563,"The coffeemaker will be powered up in three minutes, sir."
1396,0,3,24,27,1.1111111111111112,0.06163335513613654,563,That door certainly isn't getting any closer...
1396,1,1,25,27,1.1111111111111112,0.0815332650783714,563,At least the big Guinea wigs gave me my own office.
1396,0,3,24,27,1.1111111111111112,0.06163335513613654,563,It was all the running around that appealed
1396,0,3,24,27,1.1111111111111112,0.06163335513613654,563,Donald Trump's new energy czar
1396,0,3,24,27,1.1111111111111112,0.06163335513613654,563,"Sorry, I have to run to another meeting right now."
1396,0,3,24,27,1.1111111111111112,0.06163335513613654,563,Call Mr. Phillips and tell me we'll meet for lunch on the treadmill at 42nd and Park.
1396,0,3,24,27,1.1111111111111112,0.06163335513613654,563,"Well, it *is* billable time."
1396,0,3,24,27,1.1111111111111112,0.06163335513613654,563,Let's grab coffee after my 12:30 maze.
1396,0,3,24,27,1.1111111111111112,0.06163335513613654,563,Standing desks are so two thousand sixteen
1396,0,3,24,27,1.1111111111111112,0.06163335513613654,563,I'm aiming for the new performance projections.
1396,0,3,24,27,1.1111111111111112,0.06163335513613654,563,I think they took individualizing our Workplace Health Program a bit too far.
1396,0,3,24,27,1.1111111111111112,0.06163335513613654,563,"See, we really don't need a hamster!"
1396,0,3,24,27,1.1111111111111112,0.06163335513613654,563,"Cancel my 12 o’clock, I’m running behind today."
1396,1,1,25,27,1.1111111111111112,0.0815332650783714,563,"When the company announced it was going to switch to alternative energy sources, I had no idea they meant this."
1396,0,3,24,27,1.1111111111111112,0.06163335513613654,563,I can't go on. I'll go on.
1396,0,3,24,27,1.1111111111111112,0.06163335513613654,563,"Yep, I'm fine, Mom. Still very much part of the rate race."
1396,1,1,25,27,1.1111111111111112,0.0815332650783714,563,I like this new water they've put in.
1396,0,3,24,27,1.1111111111111112,0.06163335513613654,563,"Maybe not, but I'm getting there fast!"
1396,0,3,24,27,1.1111111111111112,0.06163335513613654,563,In feel like we're going around in circles.
1396,1,1,25,27,1.1111111111111112,0.0815332650783714,563,Now I know why the caged bird sings.
1396,0,3,24,27,1.1111111111111112,0.06163335513613654,563,So I guess this is hell for lab techs.
1396,0,3,24,27,1.1111111111111112,0.06163335513613654,563,Just remember: it's better than sitting in a cubicle.
1396,0,3,24,27,1.1111111111111112,0.06163335513613654,563,I suppose I could have picked a better virtual reality simulation.
1396,0,3,24,27,1.1111111111111112,0.06163335513613654,563,A hamster isn't bad. Is the herring next?
1396,1,1,25,27,1.1111111111111112,0.0815332650783714,563,"Reading ""The Art of the Wheel"" has changed my life."
1396,0,3,24,27,1.1111111111111112,0.06163335513613654,563,He's hoping he can also escape and become president
1396,0,3,24,27,1.1111111111111112,0.06163335513613654,563,I'm working hard but I feel like I'm not making any progress.
1396,1,1,25,27,1.1111111111111112,0.0815332650783714,563,"I'll do the dishes,can I stop now?"
1396,1,1,25,27,1.1111111111111112,0.0815332650783714,563,"These renewable energy standards are ridicules, right?"
1396,0,3,24,27,1.1111111111111112,0.06163335513613654,563,"Oh, you know, same old rat race."
1396,0,3,24,27,1.1111111111111112,0.06163335513613654,563,"Every thousand turns a little light comes on, the door pops open and I get a cookie."
1396,0,3,24,27,1.1111111111111112,0.06163335513613654,563,Treadmill desks are so 2014.
1396,0,3,24,27,1.1111111111111112,0.06163335513613654,563,Remind me never to let my children idealize me
1396,1,1,25,27,1.1111111111111112,0.0815332650783714,563,Sisyphus never complained about work-life balance.
1396,1,1,25,27,1.1111111111111112,0.0815332650783714,563,DaVinci said he'll draw me when I have defined abs and longer hair.
1396,0,3,24,27,1.1111111111111112,0.06163335513613654,563,Gotta run.
1396,0,3,24,27,1.1111111111111112,0.06163335513613654,563,Tell the gerbils in HR that we're outta water down here!
1396,0,3,24,27,1.1111111111111112,0.06163335513613654,563,Somehow I feel like I'm just spinning my wheels in this new job.
1396,0,3,24,27,1.1111111111111112,0.06163335513613654,563,"I knew this was a rat race, but this is just ridiculous."
1396,0,3,24,27,1.1111111111111112,0.06163335513613654,563,This business is a real rat race.
1396,0,3,24,27,1.1111111111111112,0.06163335513613654,563,"See, you can leave anytime."
1396,0,3,24,27,1.1111111111111112,0.06163335513613654,563,Big wheel keep on turnin'... Endorphins keep on churnin'
1396,0,3,24,27,1.1111111111111112,0.06163335513613654,563,That's right...one salt lick and a bag of cedar chips.
1396,1,1,25,27,1.1111111111111112,0.0815332650783714,563,This new employee wellness program has me running in circles.
1396,0,3,24,27,1.1111111111111112,0.06163335513613654,563,I'll be there in a sec. Heading out the door now.
1396,0,3,24,27,1.1111111111111112,0.06163335513613654,563,I decided I would do better if I worked for myself.
1396,1,1,25,27,1.1111111111111112,0.0815332650783714,563,"I asked for a new office, and they sent over a can of WD-40. I guess the squeaky wheel gets the grease."
1396,1,1,25,27,1.1111111111111112,0.0815332650783714,563,"Hi honey... No, still at work. Stuck in the middle of something."
1396,1,1,25,27,1.1111111111111112,0.0815332650783714,563,What really bugs me is the dress code.
1396,0,3,24,27,1.1111111111111112,0.06163335513613654,563,"I feel like we're going in circles, here."
1396,1,1,25,27,1.1111111111111112,0.0815332650783714,563,Google Inc. headquarters 2025
1396,1,1,25,27,1.1111111111111112,0.0815332650783714,563,Trump's Sustainable Energy Program
1396,0,3,24,27,1.1111111111111112,0.06163335513613654,563,The nine-to-five grind.
1396,1,1,25,27,1.1111111111111112,0.0815332650783714,563,Again! Again! Again! Again! Again!
1396,0,3,24,27,1.1111111111111112,0.06163335513613654,563,"Erika, please schedule a 1:00 for me at the maze."
1396,1,1,25,27,1.1111111111111112,0.0815332650783714,563,"I'm no more productive than I was at the standing desk, but I have acquired a taste for pellets."
1396,0,3,24,27,1.1111111111111112,0.06163335513613654,563,"Adjusting my stride to work smarter, not harder."
1396,0,3,24,27,1.1111111111111112,0.06163335513613654,563,I don’t know why I thought an office would be better than a cubicle.
1396,0,3,24,27,1.1111111111111112,0.06163335513613654,563,I was always to short to ride the Ferris Wheel.
1396,0,3,24,27,1.1111111111111112,0.06163335513613654,563,"15,000 is the new 10,000"
1396,0,3,24,27,1.1111111111111112,0.06163335513613654,563,When do I get paid?
1396,1,1,25,27,1.1111111111111112,0.0815332650783714,563,"Listen, we've been around and around on this thing. Just get me the wood shavings report!"
1396,0,3,24,27,1.1111111111111112,0.06163335513613654,563,And we're able to offer a premium-free healthcare package to employees who choose to replace their desk with a hamster wheel.
1396,0,3,24,27,1.1111111111111112,0.06163335513613654,563,I pictured the corporate ladder differently.
1396,0,3,24,27,1.1111111111111112,0.06163335513613654,563,"Hello, New Yorker Cartoon Caption Contest? I think this time I have a winner."
1396,0,3,24,27,1.1111111111111112,0.06163335513613654,563,The stand up desk would have been fine.
1396,0,3,24,27,1.1111111111111112,0.06163335513613654,563,"Good news, Honey, the company's going back to coal."
1396,0,3,24,27,1.1111111111111112,0.06163335513613654,563,"Hang on, someone's tapping on the window again."
1396,1,1,25,27,1.1111111111111112,0.0815332650783714,563,At last an ACA the alt/right can live with.
1396,0,3,24,27,1.1111111111111112,0.06163335513613654,563,This should get us there faster!
1396,0,3,24,27,1.1111111111111112,0.06163335513613654,563,"Yes, mom, my summer internship is giving me real world experience."
1396,1,1,25,27,1.1111111111111112,0.0815332650783714,563,Scientists report working-class hamsters evolving at unprecedented rate
1396,1,1,25,27,1.1111111111111112,0.0815332650783714,563,Just another day on the wheel of misfortune.
1396,0,3,24,27,1.1111111111111112,0.06163335513613654,563,I'd like to order a box of candles that I can burn from both ends.
1396,0,3,24,27,1.1111111111111112,0.06163335513613654,563,I'm reconsidering working from home.
1396,0,3,24,27,1.1111111111111112,0.06163335513613654,563,Can't they just use mutated hamsters?
1396,0,3,24,27,1.1111111111111112,0.06163335513613654,563,"You're right. This job is going nowhere,but the fitness benefits are terrific."
1396,0,3,24,27,1.1111111111111112,0.06163335513613654,563,I'm just about to enter.
1396,0,3,24,27,1.1111111111111112,0.06163335513613654,563,My therapist told me that going for runs would help me get outside more.
1396,1,1,25,27,1.1111111111111112,0.0815332650783714,563,"If you feel like taking a spin, the door is always open."
1396,0,3,24,27,1.1111111111111112,0.06163335513613654,563,"Somebody close that door, it's giving me the illusion of free will!"
1396,0,3,24,27,1.1111111111111112,0.06163335513613654,563,Wait until Mike and his standing desk see this.
1396,0,3,24,27,1.1111111111111112,0.06163335513613654,563,Honey' I'm running a little late tonight
1396,1,1,25,27,1.1111111111111112,0.0815332650783714,563,I may be a little late.
1396,1,1,25,27,1.1111111111111112,0.0815332650783714,563,Please don't rat me out!
1396,1,1,25,27,1.1111111111111112,0.0815332650783714,563,Sisyphus 2017
1396,0,3,24,27,1.1111111111111112,0.06163335513613654,563,Are you giving me the run around again?
1396,0,3,24,27,1.1111111111111112,0.06163335513613654,563,".... I know, this is so much better than that stand up desk."
1396,1,1,25,27,1.1111111111111112,0.0815332650783714,563,"The company doesn't have much of a health plan, but they do have a new exercise room."
1396,0,3,24,27,1.1111111111111112,0.06163335513613654,563,It depends on what you mean by 'progress'.
1396,0,3,24,27,1.1111111111111112,0.06163335513613654,563,Speaker Ryan speaking.
1396,1,1,25,27,1.1111111111111112,0.0815332650783714,563,"Synthetics are out, sawdust stocks are going up, Up, UP! It's time to buy, trust me - I'm no Lemming."
1396,0,3,24,27,1.1111111111111112,0.06163335513613654,563,They make us run in lieu of health insurance.
1396,0,3,24,27,1.1111111111111112,0.06163335513613654,563,"Sorry Honey, I'm running late."
1396,1,1,25,27,1.1111111111111112,0.0815332650783714,563,They say there's vodka in the big straw but I can never reach it !
1396,1,1,25,27,1.1111111111111112,0.0815332650783714,563,I'm almost there Mr. President.
1396,0,3,24,27,1.1111111111111112,0.06163335513613654,563,"All things considered, the alien invasion hasn't gone so badly."
1396,0,3,24,27,1.1111111111111112,0.06163335513613654,563,I can run with that. It's right in my wheelhouse.
1396,0,3,24,27,1.1111111111111112,0.06163335513613654,563,I'm pretty sure that I'm going to make my bonus this year.
1396,0,3,24,27,1.1111111111111112,0.06163335513613654,563,"No, thanks, just send the pizza. I already have a drink."
1396,0,3,24,27,1.1111111111111112,0.06163335513613654,563,I assumed the corner office had a working bathroom.
1396,0,3,24,27,1.1111111111111112,0.06163335513613654,563,I knew this was a rat race
1396,0,3,24,27,1.1111111111111112,0.06163335513613654,563,"I am running twice as fast, but I'm still not getting anywhere!"
1396,0,3,24,27,1.1111111111111112,0.06163335513613654,563,"Nope Phil, for some reason I've just never found a need for foosball or ping pong at the office."
1396,0,3,24,27,1.1111111111111112,0.06163335513613654,563,The executive gym at Petco.
1396,0,3,24,27,1.1111111111111112,0.06163335513613654,563,"It may be the same old rat race, but I can't give up the free drinks."
1396,0,3,24,27,1.1111111111111112,0.06163335513613654,563,"Yeah, It know. I'll never get anywhere in this job!"
1396,0,3,24,27,1.1111111111111112,0.06163335513613654,563,I'm thinking of quitting; they promised vodka.
1396,0,3,24,27,1.1111111111111112,0.06163335513613654,563,You have to admit that the rats knew how to maximize time and space.
1396,0,3,24,27,1.1111111111111112,0.06163335513613654,563,I always seem to be playing catch-up.
1396,0,3,24,27,1.1111111111111112,0.06163335513613654,563,Treadmill desks are so 2014.
1396,0,3,24,27,1.1111111111111112,0.06163335513613654,563,Is this a good time to circle back with you?
1396,1,1,25,27,1.1111111111111112,0.0815332650783714,563,I hope those giant hamsters come soon to fill my water bottle.
1396,0,3,24,27,1.1111111111111112,0.06163335513613654,563,Bob takes himself off the power grid!
1396,0,3,24,27,1.1111111111111112,0.06163335513613654,563,My Kingdom for an off-switch!
1396,1,1,25,27,1.1111111111111112,0.0815332650783714,563,Modern Man.
1396,1,1,25,27,1.1111111111111112,0.0815332650783714,563,"No I'm sorry this is Hamster Relations, the other HR is line 2."
1396,1,1,25,27,1.1111111111111112,0.0815332650783714,563,JANE! STOP THIS CRAZY THING!
1396,0,3,24,27,1.1111111111111112,0.06163335513613654,563,"Yeah they instituted an open-door policy here at work, totally dehumanizing."
1396,0,3,24,27,1.1111111111111112,0.06163335513613654,563,We're running Comgress like a business now.
1396,0,3,24,27,1.1111111111111112,0.06163335513613654,563,Work work work! I don't think I'll ever get off of this thing!
1396,0,3,24,27,1.1111111111111112,0.06163335513613654,563,And to think that mice do this for fun!
1396,0,3,24,27,1.1111111111111112,0.06163335513613654,563,I don't think I love the new mandatory health care plan . . .
1396,1,1,25,27,1.1111111111111112,0.0815332650783714,563,"Gingersnap, Hamlet, and Whiskers. May I help you?"
1396,0,3,24,27,1.1111111111111112,0.06163335513613654,563,Keeping hydrated is key.
1396,0,3,24,27,1.1111111111111112,0.06163335513613654,563,My boss has me running in a big circle.
1396,0,3,24,27,1.1111111111111112,0.06163335513613654,563,Give me a minute and I'll spin it to you another way.
1396,0,3,24,27,1.1111111111111112,0.06163335513613654,563,"Then, damnit, get gerbil.org!"
1396,1,1,25,27,1.1111111111111112,0.0815332650783714,563,This home office set-up gives new meaning to the rat race.
1396,0,3,24,27,1.1111111111111112,0.06163335513613654,563,I'm hamstering... can I call you back?
1396,0,3,24,27,1.1111111111111112,0.06163335513613654,563,Meet me for lunch in 300 laps.
1396,0,3,24,27,1.1111111111111112,0.06163335513613654,563,...career with benefits...
1396,0,3,24,27,1.1111111111111112,0.06163335513613654,563,"Feet, don't fail me now"
1396,1,1,25,27,1.1111111111111112,0.0815332650783714,563,"Sheryl, can you send in some coffee and my morning shredded newspaper?"
1396,0,3,24,27,1.1111111111111112,0.06163335513613654,563,Each employee takes turns generating power for the office.
1396,1,1,25,27,1.1111111111111112,0.0815332650783714,563,What do you mean I sound like Richard Gere?
1396,0,3,24,27,1.1111111111111112,0.06163335513613654,563,"The wheel in the office goes round and round, round and round, round and round....."
1396,0,3,24,27,1.1111111111111112,0.06163335513613654,563,It was this or yoga.
1396,1,1,25,27,1.1111111111111112,0.0815332650783714,563,Populism
1396,1,1,25,27,1.1111111111111112,0.0815332650783714,563,This is a more productive than the rat race.
1396,1,1,25,27,1.1111111111111112,0.0815332650783714,563,As time goes by.
1396,0,3,24,27,1.1111111111111112,0.06163335513613654,563,"If I hit my third-quarter earnings targets, Mr. Jenkins says I can have extra food pellets!"
1396,0,3,24,27,1.1111111111111112,0.06163335513613654,563,It's efficient but commuting by hamster ball is a nightmare.
1396,1,1,25,27,1.1111111111111112,0.0815332650783714,563,"If I keep this up long enough, I can afford a pet hamster!"
1396,1,1,25,27,1.1111111111111112,0.0815332650783714,563,"Now, if I can add sex..."
1396,0,3,24,27,1.1111111111111112,0.06163335513613654,563,"Ok Miss Jones, hold my calls. Time for my kibble break."
1396,1,1,25,27,1.1111111111111112,0.0815332650783714,563,This is way more effective than a standing desk.
1396,0,3,24,27,1.1111111111111112,0.06163335513613654,563,They've finally given me an office with a window!
1396,0,3,24,27,1.1111111111111112,0.06163335513613654,563,Can I call you back? I'm out for a spin right now.
1396,1,1,25,27,1.1111111111111112,0.0815332650783714,563,"""I may be late tonight""!"
1396,0,3,24,27,1.1111111111111112,0.06163335513613654,563,"Yes, Ms. Benson, we're running a great deal for our new investors."
1396,0,3,24,27,1.1111111111111112,0.06163335513613654,563,I can't do it backwards!
1396,0,3,24,27,1.1111111111111112,0.06163335513613654,563,"New thing, we get paid by the mile."
1396,0,3,24,27,1.1111111111111112,0.06163335513613654,563,Isn't standing at my work station enough?
1396,0,3,24,27,1.1111111111111112,0.06163335513613654,563,"I distinctly said I needed to work on my hamstring, not my 'hamstering.'"
1396,1,1,25,27,1.1111111111111112,0.0815332650783714,563,"No, not metaphorically at all."
1396,1,1,25,27,1.1111111111111112,0.0815332650783714,563,"I gotta level with ya, Ted. I just don't feel like we're making progress here."
1396,1,1,25,27,1.1111111111111112,0.0815332650783714,563,"I don't mind the hours, it's the hay I don't like."
1396,0,3,24,27,1.1111111111111112,0.06163335513613654,563,I really hope I get that big cog promotion.
1396,1,1,25,27,1.1111111111111112,0.0815332650783714,563,"Yes, sir, Dr. Price, we are making unbelievable forward progress on that health plan."
1396,0,3,24,27,1.1111111111111112,0.06163335513613654,563,"24 Hour Fitness, how may I direct your call?"
1396,0,3,24,27,1.1111111111111112,0.06163335513613654,563,"Yeah, the boss has me spinning my wheel again."
1396,1,1,25,27,1.1111111111111112,0.0815332650783714,563,"We're just going around and around on this deal. Tell you what, I'll leave the door open."
1396,1,1,25,27,1.1111111111111112,0.0815332650783714,563,"Jones, I have a meeting - bring me the hamster ball."
1396,0,3,24,27,1.1111111111111112,0.06163335513613654,563,And this is the executive bathroom.
1396,0,3,24,27,1.1111111111111112,0.06163335513613654,563,If I ever loose a bet again I must remember that any kind of wheel isn't involved for the looser. How do I get off this thing?
1396,0,3,24,27,1.1111111111111112,0.06163335513613654,563,Eerily like my natural environment.
1396,1,1,25,27,1.1111111111111112,0.0815332650783714,563,The standing desk just didn't do it for me
1396,0,3,24,27,1.1111111111111112,0.06163335513613654,563,"Yeah, I'll hold."
1777,0,2,21,23,1.0869565217391304,0.060073850409370196,563,"The ""pre-tread desk"" office."
1778,0,2,22,24,1.0833333333333333,0.0576303395673437,563,You don't even notice the squeaking after the first hour.
1778,0,2,22,24,1.0833333333333333,0.0576303395673437,563,The YMCA membership was just to much.
1778,0,2,22,24,1.0833333333333333,0.0576303395673437,563,Clean Coal! Clean Coal! Can I stop now?
1778,1,0,23,24,1.0833333333333333,0.08333333333333331,563,"Dammit, I forgot my Fitbit."
1778,0,2,22,24,1.0833333333333333,0.0576303395673437,563,The life of a kept man.
1778,0,2,22,24,1.0833333333333333,0.0576303395673437,563,Despite all my rage...
1778,0,2,22,24,1.0833333333333333,0.0576303395673437,563,Have all hamsters report to my office immediately.
1778,1,0,23,24,1.0833333333333333,0.08333333333333331,563,Trumpcare is killing me.
1778,0,2,22,24,1.0833333333333333,0.0576303395673437,563,"10,000 steps? I'll show you 10,000 rotations."
1778,1,0,23,24,1.0833333333333333,0.08333333333333331,563,I'm getting so tired of the rat race.
1778,1,0,23,24,1.0833333333333333,0.08333333333333331,563,"Oh, nothing special just the usual rat race. Gotta run!"
1778,1,0,23,24,1.0833333333333333,0.08333333333333331,563,I'll have to circle back to you on this.
1778,0,2,22,24,1.0833333333333333,0.0576303395673437,563,I should've known what Petco meant when asked to guinea-pig their wellness program.
1778,0,2,22,24,1.0833333333333333,0.0576303395673437,563,I left the rat race behind.
1778,0,2,22,24,1.0833333333333333,0.0576303395673437,563,And put this security at risk? For what?
1778,0,2,22,24,1.0833333333333333,0.0576303395673437,563,Finally catching up on my taxes.
1778,0,2,22,24,1.0833333333333333,0.0576303395673437,563,"I may lose you, I’m going into a tunnel. I may lose you, I’m going into a tunnel. I may…"
1778,1,0,23,24,1.0833333333333333,0.08333333333333331,563,The promotion comes with my own water bottle.
1778,0,2,22,24,1.0833333333333333,0.0576303395673437,563,"I'm telling you, George, about this new job, I just don't seem to be getting anywhere!"
1778,0,2,22,24,1.0833333333333333,0.0576303395673437,563,Cheese break in 5 minutes?
1778,1,0,23,24,1.0833333333333333,0.08333333333333331,563,"After this shoot for Gerbil Magazine, I need to run to an interview at Chipmunk Quarterly."
1778,0,2,22,24,1.0833333333333333,0.0576303395673437,563,"Big time promotion, my foot!"
1778,0,2,22,24,1.0833333333333333,0.0576303395673437,563,Getting no where in a hurry
1778,0,2,22,24,1.0833333333333333,0.0576303395673437,563,There seems to be no end to it.
1778,0,2,22,24,1.0833333333333333,0.0576303395673437,563,I bet Jim Cramer can't do this!!
1778,0,2,22,24,1.0833333333333333,0.0576303395673437,563,I can't wait for casual Friday.
1778,0,2,22,24,1.0833333333333333,0.0576303395673437,563,right outside that door it's a-maze-ing
1778,0,2,22,24,1.0833333333333333,0.0576303395673437,563,"No, the office is fine, thank you... It's just that it's 'Gerald,' not 'gerbil.'"
1778,0,2,22,24,1.0833333333333333,0.0576303395673437,563,"Well Jim, I just feel like this new project is making me run around in circles"
1778,1,0,23,24,1.0833333333333333,0.08333333333333331,563,I got caught up in the rat race.
1778,0,2,22,24,1.0833333333333333,0.0576303395673437,563,"Now, he can literally chase the American dream."
1778,0,2,22,24,1.0833333333333333,0.0576303395673437,563,Do you think he knows he isn't really going anywhere?
1778,0,2,22,24,1.0833333333333333,0.0576303395673437,563,"Tom,you gotta try one. When my fitness tracker goes, ding, my wife brings me lettuce!"
1778,1,0,23,24,1.0833333333333333,0.08333333333333331,563,"Honey, it's just the company thinks making us work out during work is cheaper than providing health insurance."
1778,0,2,22,24,1.0833333333333333,0.0576303395673437,563,It was this or the ant farm....
1778,0,2,22,24,1.0833333333333333,0.0576303395673437,563,"(Grumble, grumble)...I'll show them who's mousey..."
1778,0,2,22,24,1.0833333333333333,0.0576303395673437,563,When I find out who moved my cheese . . .
1778,0,2,22,24,1.0833333333333333,0.0576303395673437,563,I'm running late for work.
1778,0,2,22,24,1.0833333333333333,0.0576303395673437,563,Where's Vanna White?
1778,0,2,22,24,1.0833333333333333,0.0576303395673437,563,I keep having this nightmare that a giant hand is chasing me around the room.
1778,0,2,22,24,1.0833333333333333,0.0576303395673437,563,"It’s the new trend, a lurkout. A lunch break and workout in one."
1778,0,2,22,24,1.0833333333333333,0.0576303395673437,563,QVC here I come.
1778,0,2,22,24,1.0833333333333333,0.0576303395673437,563,"""American,"" Circa May 1945 thru present."
1778,0,2,22,24,1.0833333333333333,0.0576303395673437,563,People Power: The Populist Revolution 2.0
1778,0,2,22,24,1.0833333333333333,0.0576303395673437,563,Mansplanation.
1778,0,2,22,24,1.0833333333333333,0.0576303395673437,563,This feels like a metaphor.
1778,0,2,22,24,1.0833333333333333,0.0576303395673437,563,Upwardly mobile.
1778,0,2,22,24,1.0833333333333333,0.0576303395673437,563,Together we're both.
1778,0,2,22,24,1.0833333333333333,0.0576303395673437,563,Fitbit R&D Lab
1778,0,2,22,24,1.0833333333333333,0.0576303395673437,563,Just prepping for the weekly managers meeting.
1778,1,0,23,24,1.0833333333333333,0.08333333333333331,563,"Gretchen, could you please bring in my depderant, my sneakers and a reason for living."
1778,0,2,22,24,1.0833333333333333,0.0576303395673437,563,"I'll have to get back to you, my boss has got me running in circles today."
1778,0,2,22,24,1.0833333333333333,0.0576303395673437,563,This is going to negatively affect his brand.
1778,0,2,22,24,1.0833333333333333,0.0576303395673437,563,Only 95 more wheels to test run before the weekend ...
1778,0,2,22,24,1.0833333333333333,0.0576303395673437,563,"Hello, Adam? It's me, Devin"
1778,0,2,22,24,1.0833333333333333,0.0576303395673437,563,Next week I get to count paper clips.
1778,0,2,22,24,1.0833333333333333,0.0576303395673437,563,"Yah, so you remember when I told the boss that I was sick of this rat race?"
1778,0,2,22,24,1.0833333333333333,0.0576303395673437,563,"With all due respect, Mr. Fairbanks, this wasn't what I meant when I requested a deal that would bring me at least one mill."
1778,0,2,22,24,1.0833333333333333,0.0576303395673437,563,"Well, I had some money left over in my flexible spending account..."
1778,0,2,22,24,1.0833333333333333,0.0576303395673437,563,My life will be enjoyable when I finish this.
1778,0,2,22,24,1.0833333333333333,0.0576303395673437,563,"I am running late today, honey!"
1778,0,2,22,24,1.0833333333333333,0.0576303395673437,563,John decided that the gerbil race was preferable to the rat race.
1778,0,2,22,24,1.0833333333333333,0.0576303395673437,563,Did you want lettuce with that?
1778,0,2,22,24,1.0833333333333333,0.0576303395673437,563,All this wheeling and dealing isn't getting me anywhere either!
1778,0,2,22,24,1.0833333333333333,0.0576303395673437,563,Tell the giant gerbil thanks for his interest but he is overqualified for the job.
1778,0,2,22,24,1.0833333333333333,0.0576303395673437,563,My team thinks I have an open-door policy but it's just that I can't reach over to slam it shut.
1778,0,2,22,24,1.0833333333333333,0.0576303395673437,563,Training for the position of rodent exterminator?
1778,1,0,23,24,1.0833333333333333,0.08333333333333331,563,He has tunnel vision? Interesting. Bring him in for a second round.
1778,0,2,22,24,1.0833333333333333,0.0576303395673437,563,Working 9 to 5 used to take on a different meaning.
1778,1,0,23,24,1.0833333333333333,0.08333333333333331,563,You literally have your nose to a grindstone?
1778,0,2,22,24,1.0833333333333333,0.0576303395673437,563,I agree. This conversation is leading us nowhere
1778,1,0,23,24,1.0833333333333333,0.08333333333333331,563,..and then tomorrow I train my replacement.
1778,1,0,23,24,1.0833333333333333,0.08333333333333331,563,Welcome to the 2017 Presidential Cabinet. Please hold while we're busy making America great again.
1778,0,2,22,24,1.0833333333333333,0.0576303395673437,563,I'm on track for a corner office.
1778,0,2,22,24,1.0833333333333333,0.0576303395673437,563,Lemme put you on hold a sec -- I've gotta use the cedar chips.
1778,0,2,22,24,1.0833333333333333,0.0576303395673437,563,"If your hamster can go five miles in a single night, so can I."
1778,0,2,22,24,1.0833333333333333,0.0576303395673437,563,Bob's goal was an office with an exercise ball.
1778,0,2,22,24,1.0833333333333333,0.0576303395673437,563,Noise? Oh that's just my new HAMSTERing machine.
1778,0,2,22,24,1.0833333333333333,0.0576303395673437,563,"When the company entered Chapter 11, we were forced to downsize the fitness room"
1778,0,2,22,24,1.0833333333333333,0.0576303395673437,563,Note to self: First week of internship. Really making progress.
1778,1,0,23,24,1.0833333333333333,0.08333333333333331,563,May 2017: endless academic ennui
1778,1,0,23,24,1.0833333333333333,0.08333333333333331,563,"I like to think of it as my ""Wheel of Fortune."""
1778,0,2,22,24,1.0833333333333333,0.0576303395673437,563,I only wheel and deal on Monday
1778,0,2,22,24,1.0833333333333333,0.0576303395673437,563,"Oh, I can walk whenever I want."
1778,0,2,22,24,1.0833333333333333,0.0576303395673437,563,An honest day's lettuce.
1778,1,0,23,24,1.0833333333333333,0.08333333333333331,563,We're going to put everything into paper towel tubes and empty tissue boxes.
1778,0,2,22,24,1.0833333333333333,0.0576303395673437,563,Feel The Burn!!!
1778,0,2,22,24,1.0833333333333333,0.0576303395673437,563,"Well, studies show that sedentary desk jobs are more dangerous than Alaskan king crab fishing"
1778,0,2,22,24,1.0833333333333333,0.0576303395673437,563,A standup desk just wasn't enough.
1778,0,2,22,24,1.0833333333333333,0.0576303395673437,563,"Fatcat Investments, escape the rat race with us"
1778,1,0,23,24,1.0833333333333333,0.08333333333333331,563,Sometimes I feel like I am going nowhere in this industry.
1778,0,2,22,24,1.0833333333333333,0.0576303395673437,563,Yes I'm still in the rat race.
1778,1,0,23,24,1.0833333333333333,0.08333333333333331,563,...and I lost my Fitbit
1778,0,2,22,24,1.0833333333333333,0.0576303395673437,563,This is the next great workout revolution.
1778,0,2,22,24,1.0833333333333333,0.0576303395673437,563,Be like me: take the money and run!
1778,0,2,22,24,1.0833333333333333,0.0576303395673437,563,I'm running in circles and going nowhere.
1778,0,2,22,24,1.0833333333333333,0.0576303395673437,563,Yes it's a great job but somehow I just feel like I never get anywhere.
1778,0,2,22,24,1.0833333333333333,0.0576303395673437,563,"I'm making great progress, but they need to change the litter."
1778,1,0,23,24,1.0833333333333333,0.08333333333333331,563,Human wheel is the new treadmill
1778,1,0,23,24,1.0833333333333333,0.08333333333333331,563,"Let's go out to lunch today, I'm getting sick of pellets."
1778,0,2,22,24,1.0833333333333333,0.0576303395673437,563,Never buy a home gym from a company called Metaphor.
1778,0,2,22,24,1.0833333333333333,0.0576303395673437,563,Soulless Cycle.
1778,0,2,22,24,1.0833333333333333,0.0576303395673437,563,Running a company means taking serious steps to improve productivity.
1778,0,2,22,24,1.0833333333333333,0.0576303395673437,563,When Leonard opted out of the rat race he didn't know that this was the alternative.
1778,0,2,22,24,1.0833333333333333,0.0576303395673437,563,"So the wiretapping investigation has revealed that the White seeks an investigation into wiretapping. Back to you, Dave."
1778,0,2,22,24,1.0833333333333333,0.0576303395673437,563,Believe me. Believe me. Believe me.
1778,0,2,22,24,1.0833333333333333,0.0576303395673437,563,I'm at work.
1778,0,2,22,24,1.0833333333333333,0.0576303395673437,563,Wow! Who knew hamster wheels are actually a great workout for the office.?
1778,1,0,23,24,1.0833333333333333,0.08333333333333331,563,I feel like I'm not anywhere in this office.
1778,0,2,22,24,1.0833333333333333,0.0576303395673437,563,I just had to get out of the rat race.
1778,0,2,22,24,1.0833333333333333,0.0576303395673437,563,Training for marathon while family’s gerbil is at pet groomers.
1778,0,2,22,24,1.0833333333333333,0.0576303395673437,563,I should have went with the solar panels
1778,0,2,22,24,1.0833333333333333,0.0576303395673437,563,I wanted to lose weight - but I think I am becoming a Manster.
1778,1,0,23,24,1.0833333333333333,0.08333333333333331,563,"""I would prefer not to."" -Bartleby the Sprinter, when asked to go out to lunch."
1778,0,2,22,24,1.0833333333333333,0.0576303395673437,563,"I can't say I like my new self powered cell phone plan much...but on the plus side, I have lost 30 pounds since I switched."
1778,0,2,22,24,1.0833333333333333,0.0576303395673437,563,Whadya mean there's not enough time?!!!
1778,0,2,22,24,1.0833333333333333,0.0576303395673437,563,"I love call-center work, work at home plus a free exercise program."
1778,1,0,23,24,1.0833333333333333,0.08333333333333331,563,HOUSTON...WE GOT A PROBLEM!
1778,0,2,22,24,1.0833333333333333,0.0576303395673437,563,Rat race...human race...who cares? The only thing I mind is the litter on the floor.
1778,0,2,22,24,1.0833333333333333,0.0576303395673437,563,I have an open door managerial style.
1778,0,2,22,24,1.0833333333333333,0.0576303395673437,563,I feel like a human hamster.
1778,0,2,22,24,1.0833333333333333,0.0576303395673437,563,Want to go for a run after work?
1778,0,2,22,24,1.0833333333333333,0.0576303395673437,563,Slow down and live longer.
1778,1,0,23,24,1.0833333333333333,0.08333333333333331,563,When I leave this morning I'll go right to the Rat Race next.
1778,1,0,23,24,1.0833333333333333,0.08333333333333331,563,Lunch pellets are at 2
1778,0,2,22,24,1.0833333333333333,0.0576303395673437,563,"Hi, Bill Kafka callinfg"
1778,1,0,23,24,1.0833333333333333,0.08333333333333331,563,"Okay, tell President Trump I'll try to make the Oval Office a little warmer, but I'll need to reach that water, soon."
1778,0,2,22,24,1.0833333333333333,0.0576303395673437,563,Customer Service giving yet another caller the runaround.
1778,1,0,23,24,1.0833333333333333,0.08333333333333331,563,Just... need... to make it... to... the bathroom!
1778,0,2,22,24,1.0833333333333333,0.0576303395673437,563,Wheel of Fortune
1778,1,0,23,24,1.0833333333333333,0.08333333333333331,563,The Planet of the Gerbils was Earth all along!
1778,0,2,22,24,1.0833333333333333,0.0576303395673437,563,Not sure how this works? Most companies have a ladder!
1778,0,2,22,24,1.0833333333333333,0.0576303395673437,563,I'm down with a robot taking this job.
1778,0,2,22,24,1.0833333333333333,0.0576303395673437,563,We have a pay for performance culture here
1778,0,2,22,24,1.0833333333333333,0.0576303395673437,563,Can't believe they finally gave me a key to the executive bathroom.
1778,1,0,23,24,1.0833333333333333,0.08333333333333331,563,"Have I gotten to 10,000 yet?"
1778,0,2,22,24,1.0833333333333333,0.0576303395673437,563,But did I mention it's a corner office?
1778,0,2,22,24,1.0833333333333333,0.0576303395673437,563,I should've gone to SoulCycle.
1778,0,2,22,24,1.0833333333333333,0.0576303395673437,563,I always knew I'd be running this place one day.
1778,0,2,22,24,1.0833333333333333,0.0576303395673437,563,"Sell. No, buy. No, mate. No, sell."
1778,0,2,22,24,1.0833333333333333,0.0576303395673437,563,"Hello Donald, I got this at a garage sale."
1778,0,2,22,24,1.0833333333333333,0.0576303395673437,563,Is not going in reverse the promotion part?
1778,0,2,22,24,1.0833333333333333,0.0576303395673437,563,"Yes, boss, the energy-saving plan is in full motion"
1778,0,2,22,24,1.0833333333333333,0.0576303395673437,563,"Twenty pounds of cedar chips and five pounds of peanuts, next day delivery please"
1778,0,2,22,24,1.0833333333333333,0.0576303395673437,563,When's lunch?
1778,1,0,23,24,1.0833333333333333,0.08333333333333331,563,At least I'm getting my steps in.
1778,0,2,22,24,1.0833333333333333,0.0576303395673437,563,"Okay Miss, try turning on the light now."
1778,0,2,22,24,1.0833333333333333,0.0576303395673437,563,Before hiring a new employee we test them to see how they handle stress.
1778,0,2,22,24,1.0833333333333333,0.0576303395673437,563,Which treaty did you say this was for?
1778,0,2,22,24,1.0833333333333333,0.0576303395673437,563,"At last, I'm out of the rat race."""
1778,0,2,22,24,1.0833333333333333,0.0576303395673437,563,I'm getting in shape by embracing the true nature of my job.
1778,0,2,22,24,1.0833333333333333,0.0576303395673437,563,Hold the door. I'll be there in a minute.
1778,0,2,22,24,1.0833333333333333,0.0576303395673437,563,Gives masterclasses to gerbils.
1778,0,2,22,24,1.0833333333333333,0.0576303395673437,563,I still think solar power was the way to go!
1778,1,0,23,24,1.0833333333333333,0.08333333333333331,563,... Just on my 10:00 mindfulness practice now... being present...
1778,0,2,22,24,1.0833333333333333,0.0576303395673437,563,"Hello, PETA? I'd like to get an opinion . . ."
1778,0,2,22,24,1.0833333333333333,0.0576303395673437,563,"He's really big, has red eyes, and as far as I can tell, is in terrific shape."
1778,0,2,22,24,1.0833333333333333,0.0576303395673437,563,So far..So good.
1778,0,2,22,24,1.0833333333333333,0.0576303395673437,563,"At the 3 mile mark, my drug works"
1778,0,2,22,24,1.0833333333333333,0.0576303395673437,563,Marketing suggested I run through the presentation.
1778,0,2,22,24,1.0833333333333333,0.0576303395673437,563,"Boy, after analyzing all the useless things we do in a day, you don't feel like hitting the wheel."
1778,0,2,22,24,1.0833333333333333,0.0576303395673437,563,"I like to say, ""hamster,"" and leave the rat and Mr. Sisyphus alone."
1778,0,2,22,24,1.0833333333333333,0.0576303395673437,563,Now I know how our gerbil felt.
1778,0,2,22,24,1.0833333333333333,0.0576303395673437,563,Can I call you back when I'm done with this metaphor?
1778,0,2,22,24,1.0833333333333333,0.0576303395673437,563,When Sam realized the wheel was the only consistent predictor in the mouse longevity experiment
1778,0,2,22,24,1.0833333333333333,0.0576303395673437,563,"The best investment in my mind is 'Water'. It's getting harder to reach every day. I'm telling everyone ""Buy Water""."
1778,0,2,22,24,1.0833333333333333,0.0576303395673437,563,I'm never joining a gym/animal shelter again.
1778,0,2,22,24,1.0833333333333333,0.0576303395673437,563,New CEO's first pet. Life expectancy: Two years
1778,0,2,22,24,1.0833333333333333,0.0576303395673437,563,I'm almost done here. Home in a few months.
1778,0,2,22,24,1.0833333333333333,0.0576303395673437,563,Can I call you back? I'm running fate.
1778,0,2,22,24,1.0833333333333333,0.0576303395673437,563,"The worst of it was over, thought Jared, freshly neutered."
1778,0,2,22,24,1.0833333333333333,0.0576303395673437,563,When the stand-up desk just isn't enough.
1778,0,2,22,24,1.0833333333333333,0.0576303395673437,563,Can we go back to testing animals?
1778,1,0,23,24,1.0833333333333333,0.08333333333333331,563,"Bob Mankoff will never rest on his plaudits, he will keep spinning his wheel..."
1778,0,2,22,24,1.0833333333333333,0.0576303395673437,563,"The rat race meets a 10,000 step daily goal."
1778,0,2,22,24,1.0833333333333333,0.0576303395673437,563,"I evolved this way because there used to be something called dry land, before the bipedals messed it up."
1778,0,2,22,24,1.0833333333333333,0.0576303395673437,563,"On this week's teleconference, Bob was too chatty to realize the cage door had been left wide open."
1778,0,2,22,24,1.0833333333333333,0.0576303395673437,563,"No, Gus is just my pet name."
1778,0,2,22,24,1.0833333333333333,0.0576303395673437,563,Wait a minute .... I'm coming.
1778,1,0,23,24,1.0833333333333333,0.08333333333333331,563,"Yeah, I'm working from home these days, but it's still a rat race."
1778,0,2,22,24,1.0833333333333333,0.0576303395673437,563,This conversation is going nowhere.
1778,0,2,22,24,1.0833333333333333,0.0576303395673437,563,"Yes, it is 'me' again. Why is it that every time I call about my cable bill your company leaves me feeling like I'm running in circles?"
1778,0,2,22,24,1.0833333333333333,0.0576303395673437,563,A day without a hamster.
1778,0,2,22,24,1.0833333333333333,0.0576303395673437,563,"Yes, I'm working from home now. I hated the confines of an office."
1778,0,2,22,24,1.0833333333333333,0.0576303395673437,563,Get Pavlov on the line...now!
1778,0,2,22,24,1.0833333333333333,0.0576303395673437,563,The corporate ladder was better.
1778,0,2,22,24,1.0833333333333333,0.0576303395673437,563,"Sharktank said ""It's not big enough and build it in Pink""."
1778,0,2,22,24,1.0833333333333333,0.0576303395673437,563,"Helen, please put out a memo that the board approved the roll out of plastic balls starting next quarter."
1778,0,2,22,24,1.0833333333333333,0.0576303395673437,563,So glad I'm not in the mail room anymore. Finally feeling some dignity.
1778,0,2,22,24,1.0833333333333333,0.0576303395673437,563,I'm starting a revolution!
1778,0,2,22,24,1.0833333333333333,0.0576303395673437,563,The next Aid Station is only two miles away.
1778,0,2,22,24,1.0833333333333333,0.0576303395673437,563,Walking desks are for wimps.
1778,0,2,22,24,1.0833333333333333,0.0576303395673437,563,I always get the run-around at work.
1778,0,2,22,24,1.0833333333333333,0.0576303395673437,563,Honey! Two more minutes and we should have enough power to toast the bagels!
1778,1,0,23,24,1.0833333333333333,0.08333333333333331,563,They told me I'm in line for a corner wheel.
1778,0,2,22,24,1.0833333333333333,0.0576303395673437,563,"Just another Monday, spinning my wheel."
1778,0,2,22,24,1.0833333333333333,0.0576303395673437,563,"I'm calling to let you know about a ""wheel revolution"" in office furniture."
1778,1,0,23,24,1.0833333333333333,0.08333333333333331,563,"New day, same old human race."
1778,0,2,22,24,1.0833333333333333,0.0576303395673437,563,"Let me get Back to you, I'm in the middle of something"
1778,0,2,22,24,1.0833333333333333,0.0576303395673437,563,This is what I get for trying to lower my premiums.
1778,0,2,22,24,1.0833333333333333,0.0576303395673437,563,I'm just not getting anywhere with this job.
1778,0,2,22,24,1.0833333333333333,0.0576303395673437,563,listen I'm trying but I just can't seem to get any where.
1778,1,0,23,24,1.0833333333333333,0.08333333333333331,563,"Trump denies his spin doctor, Spicer, is in fact a hamster."
1778,0,2,22,24,1.0833333333333333,0.0576303395673437,563,Keep Away from Runaround Stu
1778,0,2,22,24,1.0833333333333333,0.0576303395673437,563,They say this will make me outlive Methuselah
1778,0,2,22,24,1.0833333333333333,0.0576303395673437,563,I'm looking forward to a nice warm tunnel after this.
1778,0,2,22,24,1.0833333333333333,0.0576303395673437,563,"Honey, I promise I'll be home just as soon as I finish the rat race."
1778,0,2,22,24,1.0833333333333333,0.0576303395673437,563,Let me introduce you to our company's new wellness program.
1778,0,2,22,24,1.0833333333333333,0.0576303395673437,563,We implemented an open door policy to prevent burnout.
1778,0,2,22,24,1.0833333333333333,0.0576303395673437,563,His one and only request for gym membership as a perk did not turn out well.
1778,1,0,23,24,1.0833333333333333,0.08333333333333331,563,No I don't need a break. Replacing the water with vodka was genius!
1778,0,2,22,24,1.0833333333333333,0.0576303395673437,563,To hell with the stand-up desk.
1778,0,2,22,24,1.0833333333333333,0.0576303395673437,563,Me? Busy. You?
1778,0,2,22,24,1.0833333333333333,0.0576303395673437,563,I thought this would stop after I accepted all those Linked-In requests.
1778,0,2,22,24,1.0833333333333333,0.0576303395673437,563,"Yeah, the Intern is a no-show again."
1778,0,2,22,24,1.0833333333333333,0.0576303395673437,563,Moving to D.C. has definitely opened doors for me.
1778,1,0,23,24,1.0833333333333333,0.08333333333333331,563,It's one way to drink on the job
1778,0,2,22,24,1.0833333333333333,0.0576303395673437,563,The testosterone spray is much better than the estrogen!
1778,0,2,22,24,1.0833333333333333,0.0576303395673437,563,"Please inform Drew that this is technically a hamster wheel, not a rat race..."
1778,0,2,22,24,1.0833333333333333,0.0576303395673437,563,"Hon, I think my boss is beginning to notice me--he just told me to keep up the good pace."
1778,0,2,22,24,1.0833333333333333,0.0576303395673437,563,Going Ham(ster) on your workout.
1778,0,2,22,24,1.0833333333333333,0.0576303395673437,563,"Marx was wrong, Marx was wrong, Marx was wrong..."
1778,0,2,22,24,1.0833333333333333,0.0576303395673437,563,"Help, how do you stop this wheel?"
1778,1,0,23,24,1.0833333333333333,0.08333333333333331,563,"Alexa, order more wood chips and find a ENT doctor to come over and clean my cheek pouches."
1778,0,2,22,24,1.0833333333333333,0.0576303395673437,563,"I think the ""We Know Hamsters"" campaign's losing steam."
1778,0,2,22,24,1.0833333333333333,0.0576303395673437,563,Standing desks are for losers.
1778,0,2,22,24,1.0833333333333333,0.0576303395673437,563,The American Dream?
1778,0,2,22,24,1.0833333333333333,0.0576303395673437,563,Then I discovered that all progress is just an illusion.
1778,0,2,22,24,1.0833333333333333,0.0576303395673437,563,"Yeah, this could be it...they said I'm inner circle material."
1778,0,2,22,24,1.0833333333333333,0.0576303395673437,563,I hope they fix the treadmill soon.
1778,0,2,22,24,1.0833333333333333,0.0576303395673437,563,And schedule a lunch meeting at that new Alfalfa place.
1778,0,2,22,24,1.0833333333333333,0.0576303395673437,563,Is this what we look like to God?
1778,0,2,22,24,1.0833333333333333,0.0576303395673437,563,"3,000,001, 3,000,002, 3,000,003'........."
1778,0,2,22,24,1.0833333333333333,0.0576303395673437,563,"For the fish/pigeon cartoon: ""Ok, I'm a rat with wings. I've decided to own it."""
1778,0,2,22,24,1.0833333333333333,0.0576303395673437,563,"Honey, if I leave work early tonight I'll never get ahead."
1778,0,2,22,24,1.0833333333333333,0.0576303395673437,563,C-a-d-m-e-a-n!
1778,0,2,22,24,1.0833333333333333,0.0576303395673437,563,The flip side of the future seen in 2017's Doodle 4 Google...
1778,0,2,22,24,1.0833333333333333,0.0576303395673437,563,I'm on my lunch break.
1778,1,0,23,24,1.0833333333333333,0.08333333333333331,563,I still don't understand why I need this tie!
1778,0,2,22,24,1.0833333333333333,0.0576303395673437,563,Training for yet another rat race...
1778,0,2,22,24,1.0833333333333333,0.0576303395673437,563,Husbands always treated like an animal.
1778,0,2,22,24,1.0833333333333333,0.0576303395673437,563,I don't get it why would the hamster run away from such a luxurious amenity
1778,0,2,22,24,1.0833333333333333,0.0576303395673437,563,My cellphone is almost charged
1778,0,2,22,24,1.0833333333333333,0.0576303395673437,563,"Is this why the call it ""the rat race""?"
1778,0,2,22,24,1.0833333333333333,0.0576303395673437,563,The modern Sisyphus.
1778,0,2,22,24,1.0833333333333333,0.0576303395673437,563,Fitbit sales employee of the month
1778,0,2,22,24,1.0833333333333333,0.0576303395673437,563,Invest in pedometer stock.
1778,1,0,23,24,1.0833333333333333,0.08333333333333331,563,America! America. God shed his grace on thee!
1778,0,2,22,24,1.0833333333333333,0.0576303395673437,563,"The market is cyclical."""
1778,0,2,22,24,1.0833333333333333,0.0576303395673437,563,It's for science they said... It'll be fun they said...
1778,0,2,22,24,1.0833333333333333,0.0576303395673437,563,"I know the meeting is at two, but this required medical treatment won't allow me out the door."
1778,0,2,22,24,1.0833333333333333,0.0576303395673437,563,Big wheels keep on turning!
1778,0,2,22,24,1.0833333333333333,0.0576303395673437,563,I really feel like I'm going places.
1778,0,2,22,24,1.0833333333333333,0.0576303395673437,563,"If you think this is bad, wait till you taste one of the food pellets."
1778,0,2,22,24,1.0833333333333333,0.0576303395673437,563,"Progress is great, but nothing fills the day like activity."
1778,0,2,22,24,1.0833333333333333,0.0576303395673437,563,Trying to keep ahead of investigations.
1778,1,0,23,24,1.0833333333333333,0.08333333333333331,563,"guns, taxes, deregulation"
1778,0,2,22,24,1.0833333333333333,0.0576303395673437,563,''The job's gone from being a joke to a metaphor. Just like everything else.''
1778,1,0,23,24,1.0833333333333333,0.08333333333333331,563,David really wanted to be Employee of the Month
1778,0,2,22,24,1.0833333333333333,0.0576303395673437,563,"When Trump said he'd bring more jobs to town, this isn't what I had in mind."
1778,0,2,22,24,1.0833333333333333,0.0576303395673437,563,"Um, I know it's sustainable but do you have anything softer than cedar?"
1778,1,0,23,24,1.0833333333333333,0.08333333333333331,563,They told me that I'd be out of the rat race....
1778,0,2,22,24,1.0833333333333333,0.0576303395673437,563,Progress on this deal has been slow in coming.
1778,0,2,22,24,1.0833333333333333,0.0576303395673437,563,"Sorry, I can't leave work yet. My boss has me running in circles"
1778,0,2,22,24,1.0833333333333333,0.0576303395673437,563,Sorry about all the noise. I'm calling from my home office.
1778,0,2,22,24,1.0833333333333333,0.0576303395673437,563,"Yes, I quit the rat race to work from home."
1778,1,0,23,24,1.0833333333333333,0.08333333333333331,563,"Well, ok. I'll take the global warming."
1778,0,2,22,24,1.0833333333333333,0.0576303395673437,563,It's definitely a multitasking breakthrough but sometimes I can't resist dropping down on all fours to relieve myself in the wood chips...
1778,0,2,22,24,1.0833333333333333,0.0576303395673437,563,"Sure, but it's just until December. I'm up for a bigger wheel."
1778,1,0,23,24,1.0833333333333333,0.08333333333333331,563,I'll find that damn hamster even if it takes all day!
1778,0,2,22,24,1.0833333333333333,0.0576303395673437,563,Cancel my one o'clock--I think I'm getting somewhere.
1778,0,2,22,24,1.0833333333333333,0.0576303395673437,563,Just think...in thirty years I can retire...
1778,0,2,22,24,1.0833333333333333,0.0576303395673437,563,"Hello, Humane Society?...I have a complaint..."
1778,0,2,22,24,1.0833333333333333,0.0576303395673437,563,"After this, I'm getting a huge hunk of cheese."
1778,0,2,22,24,1.0833333333333333,0.0576303395673437,563,"I'm not getting anywhere in this job, but the perks are good."
1778,0,2,22,24,1.0833333333333333,0.0576303395673437,563,Same old! Same old!
1778,1,0,23,24,1.0833333333333333,0.08333333333333331,563,Tell those hamsters their bathroom break is over!!
1778,1,0,23,24,1.0833333333333333,0.08333333333333331,563,The boss has a different definition of 'telecommute.'
1778,0,2,22,24,1.0833333333333333,0.0576303395673437,563,"Dr. Johnson, when will this stress be over? Dr. Johnson?"
1778,0,2,22,24,1.0833333333333333,0.0576303395673437,563,The politician that will one day have to drink the water from Flint.
1778,1,0,23,24,1.0833333333333333,0.08333333333333331,563,Sisyphus Redux--Wall Street Version
1778,0,2,22,24,1.0833333333333333,0.0576303395673437,563,What a rat race!
1778,0,2,22,24,1.0833333333333333,0.0576303395673437,563,This is an awesome break from my daily routine's vicious circle!
1778,0,2,22,24,1.0833333333333333,0.0576303395673437,563,"Nope, just the seeds."
1778,0,2,22,24,1.0833333333333333,0.0576303395673437,563,"How is ""always""? Is ""always"" good for you?"
1778,0,2,22,24,1.0833333333333333,0.0576303395673437,563,"Okay,I'm leading the gerbil.But by how much?"
1778,0,2,22,24,1.0833333333333333,0.0576303395673437,563,We just launched a corporate truth-telling initiative.
1778,0,2,22,24,1.0833333333333333,0.0576303395673437,563,Wheeling and dealing
1778,1,0,23,24,1.0833333333333333,0.08333333333333331,563,I hear they're adding a tower to our office tomorrow.
1778,0,2,22,24,1.0833333333333333,0.0576303395673437,563,That's not workers on the roof.
1778,0,2,22,24,1.0833333333333333,0.0576303395673437,563,When do I turn to unwind this thing?
1778,0,2,22,24,1.0833333333333333,0.0576303395673437,563,"For those in the corner office, turn-over was common."
1778,1,0,23,24,1.0833333333333333,0.08333333333333331,563,John thought of himself as quite the wheeler dealer
1778,0,2,22,24,1.0833333333333333,0.0576303395673437,563,"Yes, still tracking the source."
1778,0,2,22,24,1.0833333333333333,0.0576303395673437,563,Yup! Livin' the dream.
1778,0,2,22,24,1.0833333333333333,0.0576303395673437,563,Enough already! I swear never again I tell 'Putin on the ritz' joke'!
1778,0,2,22,24,1.0833333333333333,0.0576303395673437,563,They told me I was joining the rat race...someone told me wrong.
1778,0,2,22,24,1.0833333333333333,0.0576303395673437,563,Is he the new guinea pig?
1778,0,2,22,24,1.0833333333333333,0.0576303395673437,563,Gerbil? Who said gerbil?
1778,0,2,22,24,1.0833333333333333,0.0576303395673437,563,"That's your toothbrush charged, Sally. Now attach the car."
1778,0,2,22,24,1.0833333333333333,0.0576303395673437,563,"Shoot, I'm late for work! Can't this thing go any faster?!"
1778,0,2,22,24,1.0833333333333333,0.0576303395673437,563,These workplace health programs are getting out of control.
1778,0,2,22,24,1.0833333333333333,0.0576303395673437,563,"Like rodents, humans are highly motivated to run in wheels. Voluntary wheel-running is an indicator of workplace satisfaction, ambition and focus."
1778,0,2,22,24,1.0833333333333333,0.0576303395673437,563,"Mom, you won't believe my new office."
1778,1,0,23,24,1.0833333333333333,0.08333333333333331,563,Must...continue...to pursue...the Russia hacking the election...story.
1778,0,2,22,24,1.0833333333333333,0.0576303395673437,563,They promoted me from gopher to hamster.
1778,0,2,22,24,1.0833333333333333,0.0576303395673437,563,Management uses Milo as a guinea pig in sales.
1778,0,2,22,24,1.0833333333333333,0.0576303395673437,563,Have I made it to success yet?
1778,0,2,22,24,1.0833333333333333,0.0576303395673437,563,I'm here on a rotating basis. The pay is peanuts but the benefits are cushy.
1778,1,0,23,24,1.0833333333333333,0.08333333333333331,563,Your new running wheel will decrease healthcare costs and provide clean energy. Buy yours today.
1778,0,2,22,24,1.0833333333333333,0.0576303395673437,563,I'm faster than the hamsters and I don't eat the plants!
1778,0,2,22,24,1.0833333333333333,0.0576303395673437,563,Dan's working on renewable energy
1778,1,0,23,24,1.0833333333333333,0.08333333333333331,563,"No, boss, that's not the sound of a big wheel. My office is right next to the railroad tracks."
1778,0,2,22,24,1.0833333333333333,0.0576303395673437,563,"To hell with the rat race, I joined the gerbil race."
1778,0,2,22,24,1.0833333333333333,0.0576303395673437,563,Water? It's suposed to be vodka!
1778,0,2,22,24,1.0833333333333333,0.0576303395673437,563,"Yeah, it's a rat race, but it's a lot better than the boiler room."
1778,0,2,22,24,1.0833333333333333,0.0576303395673437,563,You'd think think this gig would be a bit more dress casual !?
1778,0,2,22,24,1.0833333333333333,0.0576303395673437,563,"Now, if you will follow me into the next room, we find a rare example of commuter still preserved in its wild state, running late for its train."
1778,0,2,22,24,1.0833333333333333,0.0576303395673437,563,Now I know how a gerbil feels!
1778,1,0,23,24,1.0833333333333333,0.08333333333333331,563,A new spin on Spin.
1778,0,2,22,24,1.0833333333333333,0.0576303395673437,563,Being the Announcer on Wheel of Fortune has gotten much trickier these days
1778,0,2,22,24,1.0833333333333333,0.0576303395673437,563,I think I pulled a hammy!
1778,1,0,23,24,1.0833333333333333,0.08333333333333331,563,"Honey, I'll be home next May 21st."
1778,0,2,22,24,1.0833333333333333,0.0576303395673437,563,"Well, if it's done nothing else, at least it's increased my sense of déjà vu."
1778,0,2,22,24,1.0833333333333333,0.0576303395673437,563,alright then. Just let me know when your phone is charged.
1778,0,2,22,24,1.0833333333333333,0.0576303395673437,563,"Most days my job feels like a rat race, but that God it's only 9 to 5."
1778,0,2,22,24,1.0833333333333333,0.0576303395673437,563,I just feel like I'm running in circles
1778,0,2,22,24,1.0833333333333333,0.0576303395673437,563,"Look, as long as the hamster's numbers stay this good, no need to tell the boss about the job switch."
1778,0,2,22,24,1.0833333333333333,0.0576303395673437,563,I'm just trying to get in better shape in case I lose my White House job and am impersonated by someone on Saturday Night Live.
1778,0,2,22,24,1.0833333333333333,0.0576303395673437,563,"I'll meet you at the tube, cheerio!"
1778,0,2,22,24,1.0833333333333333,0.0576303395673437,563,"Help me! This wheel is stuck- the water bottle spout and window sill extension go right through it."""
1778,0,2,22,24,1.0833333333333333,0.0576303395673437,563,I don't seem to be getting any closer to the door.
1778,0,2,22,24,1.0833333333333333,0.0576303395673437,563,"If I have to be in the rat race, I might as well enjoy it."
1778,0,2,22,24,1.0833333333333333,0.0576303395673437,563,"Yikes, am I a man or a mouse?"
1778,0,2,22,24,1.0833333333333333,0.0576303395673437,563,It's great for my productivity and puts a positive spin on the whole rat race concept.
1778,0,2,22,24,1.0833333333333333,0.0576303395673437,563,Wish I had brought my trainers.
1778,0,2,22,24,1.0833333333333333,0.0576303395673437,563,So you’re sure this cures cancer?
1778,0,2,22,24,1.0833333333333333,0.0576303395673437,563,The Unexamined Life Is Not Worth Living
1778,0,2,22,24,1.0833333333333333,0.0576303395673437,563,Weeeeeeeeeee
1778,0,2,22,24,1.0833333333333333,0.0576303395673437,563,Let me run some figures by you.
1778,0,2,22,24,1.0833333333333333,0.0576303395673437,563,I'm going to win this rat race.
1778,0,2,22,24,1.0833333333333333,0.0576303395673437,563,"I dont mind it so much, it's the only exercise that I get..."
1778,1,0,23,24,1.0833333333333333,0.08333333333333331,563,I gave the gerbil the week off.
1778,0,2,22,24,1.0833333333333333,0.0576303395673437,563,No metaphor at all. I literally can't get off this hamster wheel.
1778,1,0,23,24,1.0833333333333333,0.08333333333333331,563,"Listen, I'm gonna have to let you go, my cedar chip guy is calling."
1778,0,2,22,24,1.0833333333333333,0.0576303395673437,563,Memo to self: Update the dress code.
1778,0,2,22,24,1.0833333333333333,0.0576303395673437,563,Only 20 more years to retirement.
1778,1,0,23,24,1.0833333333333333,0.08333333333333331,563,A look into the American Ninja offices.
1778,1,0,23,24,1.0833333333333333,0.08333333333333331,563,"Hi Hon, I've just gotten the prototype working!"
1778,0,2,22,24,1.0833333333333333,0.0576303395673437,563,I had to get out of the rat race!
1778,0,2,22,24,1.0833333333333333,0.0576303395673437,563,"It was the only way I could get my daily 10,000 steps in."
1778,0,2,22,24,1.0833333333333333,0.0576303395673437,563,Wow! This is exactly where I saw myself in five years!
1778,0,2,22,24,1.0833333333333333,0.0576303395673437,563,"As the king of turnaround specialists, I've returned countless unicorns to solvency."
1778,0,2,22,24,1.0833333333333333,0.0576303395673437,563,"Apparently, it wasn't cute to ask for a ""pro-motion"""
1778,1,0,23,24,1.0833333333333333,0.08333333333333331,563,"Give me a few more days, I feel like I'm really starting to make some progress"
1778,0,2,22,24,1.0833333333333333,0.0576303395673437,563,BodyShredder! Work out! Have fun! All while disappearing those pesky records linking you to Russia.
1778,0,2,22,24,1.0833333333333333,0.0576303395673437,563,Apartment available. Modern living setup perfect for those who work from home.
1778,0,2,22,24,1.0833333333333333,0.0576303395673437,563,Ok. I'll meet you at the White House as soon as I'm done here.
1778,0,2,22,24,1.0833333333333333,0.0576303395673437,563,"I'm going to need the flea powder in a minute, Angie."
1778,0,2,22,24,1.0833333333333333,0.0576303395673437,563,Success is right around the corner!
1778,0,2,22,24,1.0833333333333333,0.0576303395673437,563,You gotta get one! My fitness tracker put me back in control of my life...
1778,0,2,22,24,1.0833333333333333,0.0576303395673437,563,Why don't I take the tube and meet you at Charing Cross?
1778,0,2,22,24,1.0833333333333333,0.0576303395673437,563,"Everyone says New York apartments are small, but mine goes on for days!"
1778,0,2,22,24,1.0833333333333333,0.0576303395673437,563,"Sir, I'm sorry but you misunderstood when the staff requested an exercise room."
1778,0,2,22,24,1.0833333333333333,0.0576303395673437,563,"Yes, sir. I'm running those numbers as we speak."
1778,0,2,22,24,1.0833333333333333,0.0576303395673437,563,"Martha, I want that auto-feeder yesterday."
1778,0,2,22,24,1.0833333333333333,0.0576303395673437,563,So this the rat race.
1778,0,2,22,24,1.0833333333333333,0.0576303395673437,563,Western Meditation
1778,0,2,22,24,1.0833333333333333,0.0576303395673437,563,"I've tried to lick, press 1 and say 'more water', but nothing seems to work."
1778,0,2,22,24,1.0833333333333333,0.0576303395673437,563,"Great, but are the lights on upstairs ?"
1778,0,2,22,24,1.0833333333333333,0.0576303395673437,563,I can't stop running in circles climbing the corporate ladder - please promote me!
1778,0,2,22,24,1.0833333333333333,0.0576303395673437,563,I only use it when it's raining.
1778,0,2,22,24,1.0833333333333333,0.0576303395673437,563,I'll call you back. I've got to run to another meeting.
1778,0,2,22,24,1.0833333333333333,0.0576303395673437,563,Look how cute!
1778,0,2,22,24,1.0833333333333333,0.0576303395673437,563,At my last job I felt like a rat in a cage.
1778,0,2,22,24,1.0833333333333333,0.0576303395673437,563,Thank you for calling GERBILS-R-US. How may I help you?
1778,1,0,23,24,1.0833333333333333,0.08333333333333331,563,Our office decorator was way too much into metaphors!
1778,0,2,22,24,1.0833333333333333,0.0576303395673437,563,"Yes, a nice pair of running shoes would be a good birthday present."
1778,0,2,22,24,1.0833333333333333,0.0576303395673437,563,I feel like we're getting nowhere.
1778,0,2,22,24,1.0833333333333333,0.0576303395673437,563,"Mission Impossible 6: ""Mission Meaningless"""
1778,0,2,22,24,1.0833333333333333,0.0576303395673437,563,Are you sick and tired of your standing desk?
1778,0,2,22,24,1.0833333333333333,0.0576303395673437,563,"I don't believe that 'if the door shuts, a window opens' nonsense."
1778,0,2,22,24,1.0833333333333333,0.0576303395673437,563,My investigation is really moving ahead--but before I say anything I'd like to close the door.
1778,0,2,22,24,1.0833333333333333,0.0576303395673437,563,I've taken the standing desk to the next level.
1778,0,2,22,24,1.0833333333333333,0.0576303395673437,563,Tweeting is for the birds. I'm going to win the rat race!
1778,0,2,22,24,1.0833333333333333,0.0576303395673437,563,My hamster thinks I need to lose weight.
1778,1,0,23,24,1.0833333333333333,0.08333333333333331,563,You think your standing desk is cool?
1778,0,2,22,24,1.0833333333333333,0.0576303395673437,563,I actually miss my stand-up desk.
1778,0,2,22,24,1.0833333333333333,0.0576303395673437,563,So where's my prize?
1778,0,2,22,24,1.0833333333333333,0.0576303395673437,563,Some people think this company is cagey.
1778,1,0,23,24,1.0833333333333333,0.08333333333333331,563,I'm never going to be there.
1778,0,2,22,24,1.0833333333333333,0.0576303395673437,563,"I will not compare this to Washington politics, I will not compare this to Washington politics, I will not...."
1778,1,0,23,24,1.0833333333333333,0.08333333333333331,563,Beats the rat race
1778,0,2,22,24,1.0833333333333333,0.0576303395673437,563,"Despite the administration’s executive order, I am continuing my banana peal research at the NIH."
1778,1,0,23,24,1.0833333333333333,0.08333333333333331,563,"Ultimately, it was the isolation that that got to Barry."
1778,0,2,22,24,1.0833333333333333,0.0576303395673437,563,"Hey, what's up with you?"
1778,1,0,23,24,1.0833333333333333,0.08333333333333331,563,Hang on a sec ... I forgot my briefcase!
1778,0,2,22,24,1.0833333333333333,0.0576303395673437,563,"When the robots took control, they thought we could stand to lose a few."
1778,0,2,22,24,1.0833333333333333,0.0576303395673437,563,"You got the wrong guy, I'm the designer..."
1778,0,2,22,24,1.0833333333333333,0.0576303395673437,563,"I can handle the pointlessness, it the mortality salience that gets me."
1778,0,2,22,24,1.0833333333333333,0.0576303395673437,563,"Run, run, run, run, I gotta run, I gotta run, woo, woo, I gotta run."
1778,0,2,22,24,1.0833333333333333,0.0576303395673437,563,"""This conversation seems to be going in circles""."
1778,0,2,22,24,1.0833333333333333,0.0576303395673437,563,Fox News spin doctor on deck circle.
1778,0,2,22,24,1.0833333333333333,0.0576303395673437,563,Could someone please close the door? The other options are distracting.
1778,0,2,22,24,1.0833333333333333,0.0576303395673437,563,"The new company's exercise wheel and water bottle does make work more efficient, but I draw the line if they want me to use the cedar chips."
1778,0,2,22,24,1.0833333333333333,0.0576303395673437,563,"Siri, when do we get a break?"
1778,1,0,23,24,1.0833333333333333,0.08333333333333331,563,Oh I up to the same old thing!
1778,0,2,22,24,1.0833333333333333,0.0576303395673437,563,It's a great job. They give me everything I need to survive. I just hate the damn squeaking.
1778,1,0,23,24,1.0833333333333333,0.08333333333333331,563,The gym at CNN
1778,0,2,22,24,1.0833333333333333,0.0576303395673437,563,"Above all, I'm being productive."
1778,0,2,22,24,1.0833333333333333,0.0576303395673437,563,"Just a few more steps, and I'll reach the water..."
1778,0,2,22,24,1.0833333333333333,0.0576303395673437,563,Gotta run. I'll meet you later for happy hour at the water bowl.
1778,0,2,22,24,1.0833333333333333,0.0576303395673437,563,"After his mundane daily office tasks became automated, Frank zealously transitions into his new daily routine."
1778,0,2,22,24,1.0833333333333333,0.0576303395673437,563,ARE THE LIGHTS ON NOW HONEY ?
1778,1,0,23,24,1.0833333333333333,0.08333333333333331,563,But I'll get a 'step increase' and water when I face forward and spin backwards.
1778,0,2,22,24,1.0833333333333333,0.0576303395673437,563,"With the promotion, I get Astroturf and a treadmill."
1778,0,2,22,24,1.0833333333333333,0.0576303395673437,563,No wonder hamsters stay in shape!
1778,0,2,22,24,1.0833333333333333,0.0576303395673437,563,"Honey, I'll be a little late. My paperwork is just plain shredded and I can't make it out the door."
1778,0,2,22,24,1.0833333333333333,0.0576303395673437,563,I feel like we're going in circles.
1778,0,2,22,24,1.0833333333333333,0.0576303395673437,563,I preferred the rat race.
1778,0,2,22,24,1.0833333333333333,0.0576303395673437,563,I'm really getting tired of this rate race.
1778,0,2,22,24,1.0833333333333333,0.0576303395673437,563,"Yea, I'm still Trying to find out who moved my cheese...."
1778,0,2,22,24,1.0833333333333333,0.0576303395673437,563,Fifteen more minutes and you should have enough energy to start using the computers again.
1778,0,2,22,24,1.0833333333333333,0.0576303395673437,563,"The ad said ""Recharge Your batteries!"" I thought I was buying a Caribbean cruise."
1778,0,2,22,24,1.0833333333333333,0.0576303395673437,563,"Yeah I'm STILL training for the NASA astronaut program. What? Yes I'm very serious about this mom, I need my space."
1778,0,2,22,24,1.0833333333333333,0.0576303395673437,563,"I get the whole active lifestyle thing, but this thing is a little ridiculous."
1778,0,2,22,24,1.0833333333333333,0.0576303395673437,563,I'm on my way out the door.
1778,0,2,22,24,1.0833333333333333,0.0576303395673437,563,I mean it this time -- just one more bonus.
1778,1,0,23,24,1.0833333333333333,0.08333333333333331,563,These new pre-employment physicals suck!
1778,0,2,22,24,1.0833333333333333,0.0576303395673437,563,okay sir is your refrigerator running now?
1778,0,2,22,24,1.0833333333333333,0.0576303395673437,563,Should be home for dinner.
1778,0,2,22,24,1.0833333333333333,0.0576303395673437,563,"No thanks, I don't want to go to spin class tonight."
1778,0,2,22,24,1.0833333333333333,0.0576303395673437,563,I call it Hamsterobics... Hello? Shark Tank Pitch Line?... Hello?
1778,0,2,22,24,1.0833333333333333,0.0576303395673437,563,Beats a standing desk.
1778,0,2,22,24,1.0833333333333333,0.0576303395673437,563,"The job's OK, but the carrrot-only lunch is a bit much."
1778,0,2,22,24,1.0833333333333333,0.0576303395673437,563,This office really FEELS like a rat race.....
1778,0,2,22,24,1.0833333333333333,0.0576303395673437,563,This project is building momentum.
1778,0,2,22,24,1.0833333333333333,0.0576303395673437,563,I just don't anticipate running into any forks in the road.
1778,0,2,22,24,1.0833333333333333,0.0576303395673437,563,"""It was this or Politics... I'm happy with my decision."" - John on his first day in Metaphor R&D"
1778,0,2,22,24,1.0833333333333333,0.0576303395673437,563,I think I'll put my name in for the position in the Maze Department
1778,1,0,23,24,1.0833333333333333,0.08333333333333331,563,Jensen never realized his true situation until it was too late.
1778,0,2,22,24,1.0833333333333333,0.0576303395673437,563,Sisyphus has nothing on me .....
1778,0,2,22,24,1.0833333333333333,0.0576303395673437,563,I'm so glad I didn't waste my money on a treadmill!
1778,0,2,22,24,1.0833333333333333,0.0576303395673437,563,"No, I'm good. We can keep going. They just brought in fresh shavings."
1778,0,2,22,24,1.0833333333333333,0.0576303395673437,563,"George found out how fit his pet was, so he followed their lead."
1778,0,2,22,24,1.0833333333333333,0.0576303395673437,563,"Okay, but I draw the line at eating insects!"
1778,0,2,22,24,1.0833333333333333,0.0576303395673437,563,This office gym is great.
1778,1,0,23,24,1.0833333333333333,0.08333333333333331,563,Our electricity bills for shredding have dropped to almost nothing since I introduced this!
1778,0,2,22,24,1.0833333333333333,0.0576303395673437,563,"No, this is how I unwind after the rat race"
1778,0,2,22,24,1.0833333333333333,0.0576303395673437,563,I feel like my career is going nowhere.
1778,0,2,22,24,1.0833333333333333,0.0576303395673437,563,Now I know why the hiring manager said I remind him of a gerbil.
1778,0,2,22,24,1.0833333333333333,0.0576303395673437,563,WILL JOIN RAT RACE FOR CHEESE.
1778,0,2,22,24,1.0833333333333333,0.0576303395673437,563,"Sunrise, sunset..."
1778,0,2,22,24,1.0833333333333333,0.0576303395673437,563,"Yeah, they finally put down sawdust so I can shit myself in peace."
1778,0,2,22,24,1.0833333333333333,0.0576303395673437,563,"Oh, just keeping fit so I can continue to inflict misery on others. And you, Mr. President?"
1778,0,2,22,24,1.0833333333333333,0.0576303395673437,563,Kevin changed his mind and determined he would do whatever it takes to CRUSH in the rat race.
1778,0,2,22,24,1.0833333333333333,0.0576303395673437,563,"My boss tells me if I pick up the pace, I will get to where I'm going a lot faster."
1778,0,2,22,24,1.0833333333333333,0.0576303395673437,563,Just another day in the rat race.
1778,0,2,22,24,1.0833333333333333,0.0576303395673437,563,"Well, at least it's healthier than my old cubicle."
1778,1,0,23,24,1.0833333333333333,0.08333333333333331,563,"FASTER, FASTER PLEASE THE MASTER"
1778,0,2,22,24,1.0833333333333333,0.0576303395673437,563,"Honey, I have to stay a little late at the office. My Fitbit shows I fell a little short today."
1778,0,2,22,24,1.0833333333333333,0.0576303395673437,563,"Honey, you were right. This new job is likely not going to be a real resume builder."
1778,0,2,22,24,1.0833333333333333,0.0576303395673437,563,"It's a rat race, but at least I get my own window!"
1778,0,2,22,24,1.0833333333333333,0.0576303395673437,563,"Doctor, are my pellets supposed to be red?"
1778,0,2,22,24,1.0833333333333333,0.0576303395673437,563,I'm getting a lot of background noise on this call. Can everybody please go on mute?
1778,0,2,22,24,1.0833333333333333,0.0576303395673437,563,I've never been happier.
1778,0,2,22,24,1.0833333333333333,0.0576303395673437,563,Tell management it's not in our wheelhouse.
1778,0,2,22,24,1.0833333333333333,0.0576303395673437,563,Hello? I'd like to order an Uber...
1778,0,2,22,24,1.0833333333333333,0.0576303395673437,563,And that's what we did before the recession...
1778,1,0,23,24,1.0833333333333333,0.08333333333333331,563,"Hello, Front Desk? Drew in #563. Can I get a snack and water refill? Maybe a bathroom-break or shift-relief? I'm losing wheel-power."
1778,0,2,22,24,1.0833333333333333,0.0576303395673437,563,"I know we needed an excuse to shred the files, but after the audit I want my desk back."
1778,0,2,22,24,1.0833333333333333,0.0576303395673437,563,Sometimes I just feel like a guinea pig.
1778,0,2,22,24,1.0833333333333333,0.0576303395673437,563,"I'd heard Jeff Bezos was hard to work for, but sheesh!"
1778,0,2,22,24,1.0833333333333333,0.0576303395673437,563,"Helen, can you call our hospitality staff and see if they have sugar water?"
1778,0,2,22,24,1.0833333333333333,0.0576303395673437,563,It beats being home with the kids.
1778,0,2,22,24,1.0833333333333333,0.0576303395673437,563,How did you know I was wearing a Fitbit?
1778,0,2,22,24,1.0833333333333333,0.0576303395673437,563,"It's not that I mind being treated like a rodent, but the torn newspaper carpeting is an insult."
1778,0,2,22,24,1.0833333333333333,0.0576303395673437,563,You have me running around in circles!
1778,0,2,22,24,1.0833333333333333,0.0576303395673437,563,What 'Smashing Pumpkins' song are you referring to?
1778,1,0,23,24,1.0833333333333333,0.08333333333333331,563,"I may be be losing weight, Jones, but my wife just ate three of our children."
1778,0,2,22,24,1.0833333333333333,0.0576303395673437,563,You work just to stay still.
1778,0,2,22,24,1.0833333333333333,0.0576303395673437,563,Stuart works at home to avoid rat race
1778,0,2,22,24,1.0833333333333333,0.0576303395673437,563,All my life's a circle
1778,0,2,22,24,1.0833333333333333,0.0576303395673437,563,Or you could adjust the sensitivity level for the motion detector lights…
1778,0,2,22,24,1.0833333333333333,0.0576303395673437,563,The agent said the gym was in-house.
1778,1,0,23,24,1.0833333333333333,0.08333333333333331,563,Who says there's no escaping this rat race?
1778,0,2,22,24,1.0833333333333333,0.0576303395673437,563,"Customer support? Hey, how do I get off this thing?"
1778,1,0,23,24,1.0833333333333333,0.08333333333333331,563,"""All right, you took my desk, my chair, my coatrack, but this is MINE."" Robert L Ferrante Shelton, CT"
1778,0,2,22,24,1.0833333333333333,0.0576303395673437,563,My job makes me feel like I'm on a treadmill. Thank God I have this exercise to relax me.
1778,1,0,23,24,1.0833333333333333,0.08333333333333331,563,This ratrace is killing me.
1778,0,2,22,24,1.0833333333333333,0.0576303395673437,563,You think after I beat the hamster they'd at least crack the window a bit!
1778,0,2,22,24,1.0833333333333333,0.0576303395673437,563,I told that stupid real estate agent to find me a house in the Hamptons. Not the Hamsters.
1778,0,2,22,24,1.0833333333333333,0.0576303395673437,563,Because I'm happy??yyy...Clap along if you feel like a room without a roof
1778,1,0,23,24,1.0833333333333333,0.08333333333333331,563,"Guess what, mom--I got the big wheel corner office."
1778,0,2,22,24,1.0833333333333333,0.0576303395673437,563,"Stop the world, I want to get off!"
1778,0,2,22,24,1.0833333333333333,0.0576303395673437,563,When you’re trying to get off the hamster wheel but you also need that beach body.
1778,0,2,22,24,1.0833333333333333,0.0576303395673437,563,Good News / Bad News: The boss can't hear my squeaky wheel.
1778,0,2,22,24,1.0833333333333333,0.0576303395673437,563,Jesus take the wheel.
1778,1,0,23,24,1.0833333333333333,0.08333333333333331,563,"C'mon, 10K!"
1778,1,0,23,24,1.0833333333333333,0.08333333333333331,563,It's the only that that keeps me from running away.
1778,0,2,22,24,1.0833333333333333,0.0576303395673437,563,"I wanted to run for office, but my wife thought I was out of shape."
1778,0,2,22,24,1.0833333333333333,0.0576303395673437,563,"Gonna be a little late dear, I have to field test the Runco 900,000K training module for durability."
1778,0,2,22,24,1.0833333333333333,0.0576303395673437,563,The hamster myth of Sisyphus.
1778,0,2,22,24,1.0833333333333333,0.0576303395673437,563,Wheel of Missed Fortune
1778,1,0,23,24,1.0833333333333333,0.08333333333333331,563,'I think I pulled a hamster'
1778,0,2,22,24,1.0833333333333333,0.0576303395673437,563,Well how else do you expect me to survive the rat race?
1778,0,2,22,24,1.0833333333333333,0.0576303395673437,563,"Yes, I am going somewhere with this."
1778,1,0,23,24,1.0833333333333333,0.08333333333333331,563,I hope I don't get stuck up a gerbil's ass tonight.
1778,0,2,22,24,1.0833333333333333,0.0576303395673437,563,"Yeah, well, it's more upscale than the treadmill we had before."
1778,0,2,22,24,1.0833333333333333,0.0576303395673437,563,"Dad, I can't thank you enough for your 'legacy' to get me into Harvard B. School! Guess what I am doing now? Awesome stuff, Dad!"
1778,0,2,22,24,1.0833333333333333,0.0576303395673437,563,"Oh, just wheeling and dealing."
1778,0,2,22,24,1.0833333333333333,0.0576303395673437,563,"If I just didn't see the shadows on the hall, I would be content here."
1778,0,2,22,24,1.0833333333333333,0.0576303395673437,563,They should start putting coconut water in the feeder.
1778,0,2,22,24,1.0833333333333333,0.0576303395673437,563,"Well, it's a living."
1778,0,2,22,24,1.0833333333333333,0.0576303395673437,563,I'm not sure the new transparency is good for moral.
1778,0,2,22,24,1.0833333333333333,0.0576303395673437,563,The road to tenure.
1778,0,2,22,24,1.0833333333333333,0.0576303395673437,563,"""...and that was your morning news update from ""AROUND HERE""."
1778,0,2,22,24,1.0833333333333333,0.0576303395673437,563,I thought only mice did this.
1778,0,2,22,24,1.0833333333333333,0.0576303395673437,563,"""Wheel of _ _ _ _ _ Michigan"" (F l i n t)"
1778,0,2,22,24,1.0833333333333333,0.0576303395673437,563,Who knew the corporate ladder would become both its means and its end.
1778,0,2,22,24,1.0833333333333333,0.0576303395673437,563,I'm almost into tomorrow
1778,0,2,22,24,1.0833333333333333,0.0576303395673437,563,"Four years of college, just to join the Rat Race!"
1778,0,2,22,24,1.0833333333333333,0.0576303395673437,563,the 99%
1778,0,2,22,24,1.0833333333333333,0.0576303395673437,563,To hell with a standing desk!
1778,0,2,22,24,1.0833333333333333,0.0576303395673437,563,They did say I was to be the guinea pig of an experiment
1778,0,2,22,24,1.0833333333333333,0.0576303395673437,563,"Ok, Ok, I promise I will pay the electric bill!"
1778,0,2,22,24,1.0833333333333333,0.0576303395673437,563,"Mary, I'll stop when the cycle is over."
1778,0,2,22,24,1.0833333333333333,0.0576303395673437,563,"As soon as Edna left, Dick regretted his ""You screw like a gerbil! comment."
1778,0,2,22,24,1.0833333333333333,0.0576303395673437,563,"My wife got me into this new thing- it's called ""spinning."""
1778,0,2,22,24,1.0833333333333333,0.0576303395673437,563,I told them the standing desk was a slippery slope.
1778,0,2,22,24,1.0833333333333333,0.0576303395673437,563,Mary would be Proud
1778,0,2,22,24,1.0833333333333333,0.0576303395673437,563,I have-a win-dow off-ice. I have-a win-dow off-ice....
1778,0,2,22,24,1.0833333333333333,0.0576303395673437,563,"Forget the morning commute, this is wheel exercise."
1778,0,2,22,24,1.0833333333333333,0.0576303395673437,563,"Someone get in here, I just pulled a Hammie."
1778,0,2,22,24,1.0833333333333333,0.0576303395673437,563,"Good news, Honey. I'm out of the Rat Race."
1778,0,2,22,24,1.0833333333333333,0.0576303395673437,563,"Actually, Thursday is good."
1778,0,2,22,24,1.0833333333333333,0.0576303395673437,563,One more sale and I get a sip of water!
1778,0,2,22,24,1.0833333333333333,0.0576303395673437,563,Could you hold while I run that by my supervisor?
1778,1,0,23,24,1.0833333333333333,0.08333333333333331,563,...on the plus side I have a much lower deductible.
1778,0,2,22,24,1.0833333333333333,0.0576303395673437,563,"I'm rolling along, business is fine,"
1778,0,2,22,24,1.0833333333333333,0.0576303395673437,563,Nah! Standing desks are for lemmings!
1778,0,2,22,24,1.0833333333333333,0.0576303395673437,563,It's Gerbil Buddhism; beats the cyclic existence at the office.
1778,0,2,22,24,1.0833333333333333,0.0576303395673437,563,"Fifty years after ""2001: A Space Odyssey"" and this is as close as we are to a space ship to Jupiter."
1778,0,2,22,24,1.0833333333333333,0.0576303395673437,563,They told me that if I work hard the rewards will follow.
1778,0,2,22,24,1.0833333333333333,0.0576303395673437,563,"Ten more minutes, then back to the rat race."
1778,0,2,22,24,1.0833333333333333,0.0576303395673437,563,"Some days, I'm just running around in circles."
1778,0,2,22,24,1.0833333333333333,0.0576303395673437,563,"No, you are not causing me to hyperventilate, sir."
1778,0,2,22,24,1.0833333333333333,0.0576303395673437,563,I should have gone with the rat race.
1778,0,2,22,24,1.0833333333333333,0.0576303395673437,563,"Simon says run, Simon says breathe, Simon says ""Take your data and stick it."""
1778,0,2,22,24,1.0833333333333333,0.0576303395673437,563,How about thirsty? Is thirsty good for you?
1778,0,2,22,24,1.0833333333333333,0.0576303395673437,563,"And if I hit my sales quota for the month, they let me fill the bottle with beer on Fridays."
1778,0,2,22,24,1.0833333333333333,0.0576303395673437,563,Making goal...
1778,0,2,22,24,1.0833333333333333,0.0576303395673437,563,Let me circle back to that.
1778,0,2,22,24,1.0833333333333333,0.0576303395673437,563,I'll be right there. I'm running late.
1778,0,2,22,24,1.0833333333333333,0.0576303395673437,563,Apple patent application sketch for a green iPhone charging station.
1778,0,2,22,24,1.0833333333333333,0.0576303395673437,563,"Hurry, hurry, I'm late!"
1778,0,2,22,24,1.0833333333333333,0.0576303395673437,563,Ever feel like you're just spinning your wheels at work?
1778,0,2,22,24,1.0833333333333333,0.0576303395673437,563,Just wait for me. I'm almost at the door.
1778,1,0,23,24,1.0833333333333333,0.08333333333333331,563,You never realize the abuse until it happens to you.
1778,0,2,22,24,1.0833333333333333,0.0576303395673437,563,Thanks for calling Hamster & Associates. We run circles around our competition!
1778,0,2,22,24,1.0833333333333333,0.0576303395673437,563,I'll be needing some fresh wood chips very soon.
1778,0,2,22,24,1.0833333333333333,0.0576303395673437,563,"I know I said I wanted to get out of the rat race, but now it just feels like I'm rat-racing from home."
1778,0,2,22,24,1.0833333333333333,0.0576303395673437,563,Mom! I got the promotion!
1778,0,2,22,24,1.0833333333333333,0.0576303395673437,563,Does the name Pavlov ring a bell?
1778,0,2,22,24,1.0833333333333333,0.0576303395673437,563,Woohoo!!! No more stupid cubicles!
1778,0,2,22,24,1.0833333333333333,0.0576303395673437,563,They always said you were going to be the guinea pig.
1778,0,2,22,24,1.0833333333333333,0.0576303395673437,563,"It's a delivery order. Lettuce leaves, carrot cubes, your signature seed assortment, and as many jumbo bags of wood shavings as you've got."
1778,0,2,22,24,1.0833333333333333,0.0576303395673437,563,Honey!!! We Shrunk Ourselves
1778,0,2,22,24,1.0833333333333333,0.0576303395673437,563,I working off that lettuce I nibbled on earlier.
1778,0,2,22,24,1.0833333333333333,0.0576303395673437,563,"Sorry, I can't talk now; I've got to run."
1778,0,2,22,24,1.0833333333333333,0.0576303395673437,563,My altimeter seems a bit off.
1778,0,2,22,24,1.0833333333333333,0.0576303395673437,563,"I'm telling you, the standing desk is just a gateway to office hacks far more hardcore."
1778,0,2,22,24,1.0833333333333333,0.0576303395673437,563,"Yeah, I'm prepping in case Spicer steps down."
1778,0,2,22,24,1.0833333333333333,0.0576303395673437,563,I don't care what the west coast offices are doing. We are not putting wood shavings in the bathroom!
1778,1,0,23,24,1.0833333333333333,0.08333333333333331,563,"""I'll be home late honey, I'm wheely working hard today."
1778,0,2,22,24,1.0833333333333333,0.0576303395673437,563,Turn it off. Turn it off. Turn it off.
1778,1,0,23,24,1.0833333333333333,0.08333333333333331,563,"It's not like at my last company where everyone was squirrel caging all the time."""
1778,0,2,22,24,1.0833333333333333,0.0576303395673437,563,Destiny.
1778,1,0,23,24,1.0833333333333333,0.08333333333333331,563,"Hey, Dernavich, are those banana peels or fish on the floor?"
1778,0,2,22,24,1.0833333333333333,0.0576303395673437,563,The door's open for everybody.
1778,0,2,22,24,1.0833333333333333,0.0576303395673437,563,Run! The hamsters are coming!
1778,0,2,22,24,1.0833333333333333,0.0576303395673437,563,"I thought the want ad said ""Habitat for Humanity""!"
1778,0,2,22,24,1.0833333333333333,0.0576303395673437,563,3000 more and it's a new world record!
1778,0,2,22,24,1.0833333333333333,0.0576303395673437,563,Beats paying the electric bill.
1778,0,2,22,24,1.0833333333333333,0.0576303395673437,563,"No, but I get school credit."
1778,1,0,23,24,1.0833333333333333,0.08333333333333331,563,This is no way to get ahead.
1778,0,2,22,24,1.0833333333333333,0.0576303395673437,563,Cityphus
1778,0,2,22,24,1.0833333333333333,0.0576303395673437,563,"This must be heaven, there's no end in sight."
1778,1,0,23,24,1.0833333333333333,0.08333333333333331,563,"No, really I'm fine. Besides, I like their open door policy."
1778,0,2,22,24,1.0833333333333333,0.0576303395673437,563,"Wait, you mean all this time I was in the rat race, I was just racing against myself?"
1778,0,2,22,24,1.0833333333333333,0.0576303395673437,563,I'm working on my self-image---AND charging my cell phone!!
1778,0,2,22,24,1.0833333333333333,0.0576303395673437,563,The fun is in the chase
1778,1,0,23,24,1.0833333333333333,0.08333333333333331,563,"I think I'm finally getting out of here tonight, Dave. Maintenance forgot to close the door after changing my bedding."
1778,0,2,22,24,1.0833333333333333,0.0576303395673437,563,I hate these new style treadmills!
2372,0,2,23,25,1.08,0.055377492419453826,563,"The cedar shavings are a nice touch, if not a little primitive."
2372,0,2,23,25,1.08,0.055377492419453826,563,Another 6 months and I get a corner office.
2372,0,2,23,25,1.08,0.055377492419453826,563,Tell them I'll call as soon as I get back!
2372,0,2,23,25,1.08,0.055377492419453826,563,"Remember Ted, if you stop, duck!"
2372,1,0,24,25,1.08,0.08,563,"...press 8; for all other departments, press 9; to repeat this menu, press 0..."
2372,0,2,23,25,1.08,0.055377492419453826,563,And call the Pellet Hut and have them send over lunch.
2372,0,2,23,25,1.08,0.055377492419453826,563,Sounded better on the poster.
2372,1,0,24,25,1.08,0.08,563,I just feel like I can never get to the cheese.
2372,0,2,23,25,1.08,0.055377492419453826,563,I guess you could say it's a dead-end job.
2372,1,0,24,25,1.08,0.08,563,"Given that water and food supply replenished itself, he never consider stepping off the wheel."
2372,0,2,23,25,1.08,0.055377492419453826,563,"Bird on a wire? No, I don't think that's the term I'm looking for."
2383,0,1,20,21,1.0476190476190477,0.048795003647426664,563,"Yeah, I'll split a worm with you."
2383,0,1,20,21,1.0476190476190477,0.048795003647426664,563,"I'll have my after-work whiskey straight up, so the ice doesn't jam my sipping tube"
2383,0,1,20,21,1.0476190476190477,0.048795003647426664,563,I can't talk now. I'm running to the office. I'll grab something along the way.
2383,0,1,20,21,1.0476190476190477,0.048795003647426664,563,I didn't realize spin doctor meant a whirly gig.
2383,0,1,20,21,1.0476190476190477,0.048795003647426664,563,...and they say they work me like a caged animal psh
2383,0,1,20,21,1.0476190476190477,0.048795003647426664,563,"Well, telecommuting isn't as easy as I thought it would be."
2383,0,1,20,21,1.0476190476190477,0.048795003647426664,563,"I'm coming, Boss!"
2383,0,1,20,21,1.0476190476190477,0.048795003647426664,563,I'm running around in circles.
2383,0,1,20,21,1.0476190476190477,0.048795003647426664,563,It was this or get replaced by a rat.
2383,0,1,20,21,1.0476190476190477,0.048795003647426664,563,I'll do anything to get rid of this rug!
2383,0,1,20,21,1.0476190476190477,0.048795003647426664,563,Honey! I fixed the squeak!
2383,0,1,20,21,1.0476190476190477,0.048795003647426664,563,I sure do hope that's not Richard Gere at the door.
2383,0,1,20,21,1.0476190476190477,0.048795003647426664,563,A night with my crew? My girl keeps me round and round and round...like...
2383,0,1,20,21,1.0476190476190477,0.048795003647426664,563,Trust me. Its coming around again.
2383,0,1,20,21,1.0476190476190477,0.048795003647426664,563,I always pictured the rat race outside.
2383,0,1,20,21,1.0476190476190477,0.048795003647426664,563,"Thanks for cleaning my office, can you close the door now."
2383,0,1,20,21,1.0476190476190477,0.048795003647426664,563,"Sure, but it could be worse. The woman one office over is pulling in 20% less."
2383,0,1,20,21,1.0476190476190477,0.048795003647426664,563,Have we reached the pinnacle of history yet?
2383,0,1,20,21,1.0476190476190477,0.048795003647426664,563,Ladder my #%*€¥
2383,0,1,20,21,1.0476190476190477,0.048795003647426664,563,"Yeah dude, a real wheel. It's my lunch break workout. Helps me relate to clients."
2383,0,1,20,21,1.0476190476190477,0.048795003647426664,563,(Spoiler alert!)
2383,0,1,20,21,1.0476190476190477,0.048795003647426664,563,You'll know him when you see him.
2383,0,1,20,21,1.0476190476190477,0.048795003647426664,563,I hope this is the way to the treats.
2383,0,1,20,21,1.0476190476190477,0.048795003647426664,563,"Gotta go, the Big Cheese is on the other line."
2383,0,1,20,21,1.0476190476190477,0.048795003647426664,563,I just got promoted from the rat-race to the treadmill!
2383,0,1,20,21,1.0476190476190477,0.048795003647426664,563,This sales cycle is getting out of hand.
2383,0,1,20,21,1.0476190476190477,0.048795003647426664,563,I'm neither fish nor fowl.
2383,0,1,20,21,1.0476190476190477,0.048795003647426664,563,Everything is possible with stretchy pants.
2383,0,1,20,21,1.0476190476190477,0.048795003647426664,563,I think Google has finally jumped the shark.
2383,0,1,20,21,1.0476190476190477,0.048795003647426664,563,The Rat Race for Dummies.
2383,0,1,20,21,1.0476190476190477,0.048795003647426664,563,"Well, I figured a Hamster Wheel would be better than getting into the Rat Race."
2383,0,1,20,21,1.0476190476190477,0.048795003647426664,563,"These days, it's more of a hamster race."
2383,0,1,20,21,1.0476190476190477,0.048795003647426664,563,I need to save some of this water for retirement.
2383,0,1,20,21,1.0476190476190477,0.048795003647426664,563,Can I call you back? I'm caught up in the rat race again!
2383,0,1,20,21,1.0476190476190477,0.048795003647426664,563,"This beats working at my desk - I can do it all: get my work done through voice connections, hydrate and exercise. Mmmm - it's time to order pizza!"
2383,0,1,20,21,1.0476190476190477,0.048795003647426664,563,Planet of the Hamsters
2383,0,1,20,21,1.0476190476190477,0.048795003647426664,563,Consumer Reports. How may I direct your call?
2383,0,1,20,21,1.0476190476190477,0.048795003647426664,563,"Danny and Sandy, I've been told you have the word to help my situation."
2383,0,1,20,21,1.0476190476190477,0.048795003647426664,563,"No, everything is perfectly normal on my end."
2383,0,1,20,21,1.0476190476190477,0.048795003647426664,563,My therapist told me not to run away from my problems.
2383,0,1,20,21,1.0476190476190477,0.048795003647426664,563,"Hi dear. I know it sounds bad, but I'm at work. Believe me..."
2383,0,1,20,21,1.0476190476190477,0.048795003647426664,563,May I help run you in circles?
2383,0,1,20,21,1.0476190476190477,0.048795003647426664,563,"To train for the ""rat race"", you have to think like a rat."
2383,0,1,20,21,1.0476190476190477,0.048795003647426664,563,Our kids spend too much time in front of screens. I heard that on a podcast a few minutes ago.
2383,0,1,20,21,1.0476190476190477,0.048795003647426664,563,I love my habitherapy. Be right down!
2383,0,1,20,21,1.0476190476190477,0.048795003647426664,563,I'm running a little late.
2383,0,1,20,21,1.0476190476190477,0.048795003647426664,563,Most boring job I've ever had-but the pay is great!
2383,0,1,20,21,1.0476190476190477,0.048795003647426664,563,"I said, "" Extra Cheese, Dammit!"""
2383,0,1,20,21,1.0476190476190477,0.048795003647426664,563,I'd be willing to bet they won't work nearly as hard for you as I do.
2383,0,1,20,21,1.0476190476190477,0.048795003647426664,563,The perfect open door policy is ready to be implemented!
2383,0,1,20,21,1.0476190476190477,0.048795003647426664,563,"""Get up to speed on it"" yourself!"
2383,0,1,20,21,1.0476190476190477,0.048795003647426664,563,I don't think this conversation is getting us anywhere.
2383,0,1,20,21,1.0476190476190477,0.048795003647426664,563,Hey boss. I still don't see any hamsters.
2383,0,1,20,21,1.0476190476190477,0.048795003647426664,563,"How can I do quality work, when the Drink Me is low and my straw needs changing?"
2383,0,1,20,21,1.0476190476190477,0.048795003647426664,563,The human race is going to rats!
2383,0,1,20,21,1.0476190476190477,0.048795003647426664,563,Where's the toilet? I'm not comfortable going with the door open.
2383,0,1,20,21,1.0476190476190477,0.048795003647426664,563,"This isn't the kind of ""lab work"" I was expecting."
2383,0,1,20,21,1.0476190476190477,0.048795003647426664,563,Training to win the rat race
2383,0,1,20,21,1.0476190476190477,0.048795003647426664,563,"Benevolent hampster Overlords, my ass!"
2383,0,1,20,21,1.0476190476190477,0.048795003647426664,563,"Sorry, I can't attend. I'm in a mid-level management training class called Going Nowhere Fast."
2383,0,1,20,21,1.0476190476190477,0.048795003647426664,563,"It's the only way I can reach the new goal of 15,000 steps daily."
2383,0,1,20,21,1.0476190476190477,0.048795003647426664,563,Millennium Man
2383,0,1,20,21,1.0476190476190477,0.048795003647426664,563,"Minnie, can you order in a cheese plate for my lunch date with Mickey."
2383,0,1,20,21,1.0476190476190477,0.048795003647426664,563,Give all you can to: Save the Gerbils.
2383,0,1,20,21,1.0476190476190477,0.048795003647426664,563,Wish that hamster would be back from his morning break!
2383,0,1,20,21,1.0476190476190477,0.048795003647426664,563,I bet the hamster got out with the door open...... I'll run and see
2383,0,1,20,21,1.0476190476190477,0.048795003647426664,563,"Pat, hold my calls."
2383,0,1,20,21,1.0476190476190477,0.048795003647426664,563,How close I am to Friday.
2383,0,1,20,21,1.0476190476190477,0.048795003647426664,563,I do not feel like I am making any progress these days
2383,0,1,20,21,1.0476190476190477,0.048795003647426664,563,Push the lunch meeting back! I think I'm getting somewhere here.
2383,0,1,20,21,1.0476190476190477,0.048795003647426664,563,I'll be on my way home once I get around this next curve.
2383,0,1,20,21,1.0476190476190477,0.048795003647426664,563,Internship Day #1
2383,0,1,20,21,1.0476190476190477,0.048795003647426664,563,"The Y membership expired so I thought ""what the Hell"". This thing will be paid off in 2044 , it powers microwave and I can depreciate it."
2383,0,1,20,21,1.0476190476190477,0.048795003647426664,563,"Not now, I'm falling behind We'll talk later."
2383,0,1,20,21,1.0476190476190477,0.048795003647426664,563,That new juice seems to be working but it's given me the runs.
2383,0,1,20,21,1.0476190476190477,0.048795003647426664,563,Are you sure that this is what Corporate meant by 'an order of ratatouille'?
2383,0,1,20,21,1.0476190476190477,0.048795003647426664,563,"Rodney's Rodent Wheels, this is Rodney!"
2383,0,1,20,21,1.0476190476190477,0.048795003647426664,563,I never expected this when they said 'powered by the Cloud.'
2383,0,1,20,21,1.0476190476190477,0.048795003647426664,563,All these years I thought it was just a joke.
2383,0,1,20,21,1.0476190476190477,0.048795003647426664,563,"The scientists said that when they spliced hamster DNA into my DNA, that I would have more energy. THIS IS RIDICULOUS!!!!!!"
2383,0,1,20,21,1.0476190476190477,0.048795003647426664,563,A rat I am. A rat I remain.
2383,0,1,20,21,1.0476190476190477,0.048795003647426664,563,I'll gladly suffer a monotonous job for an office with a window.
2383,0,1,20,21,1.0476190476190477,0.048795003647426664,563,Let's circle back.
2383,0,1,20,21,1.0476190476190477,0.048795003647426664,563,This corner office came with a bigger wheel!!!
2383,0,1,20,21,1.0476190476190477,0.048795003647426664,563,The finish line must be coming up soon.
2383,0,1,20,21,1.0476190476190477,0.048795003647426664,563,"This must be like Crossfit, because I can't stop talking about it."
2383,0,1,20,21,1.0476190476190477,0.048795003647426664,563,I shouldn't have moved to D.C.
2383,0,1,20,21,1.0476190476190477,0.048795003647426664,563,"Yeah, HR told me to Guinea Pig this new cyclical workplace prototype all week."
2383,0,1,20,21,1.0476190476190477,0.048795003647426664,563,I just don't feel like I am getting anywhere with this new client.
2383,0,1,20,21,1.0476190476190477,0.048795003647426664,563,Hello? Tell the boss I've just about finished the project.
2383,0,1,20,21,1.0476190476190477,0.048795003647426664,563,Training for the rat race
2383,0,1,20,21,1.0476190476190477,0.048795003647426664,563,Can you hear me now?
2383,0,1,20,21,1.0476190476190477,0.048795003647426664,563,I think I can.
2383,0,1,20,21,1.0476190476190477,0.048795003647426664,563,Only 10 more minutes to a promotion.
2383,0,1,20,21,1.0476190476190477,0.048795003647426664,563,Stop looking at me.
2383,0,1,20,21,1.0476190476190477,0.048795003647426664,563,I'll just tell my parents you're an alternative bird.
2383,0,1,20,21,1.0476190476190477,0.048795003647426664,563,O.K. It's your turn honey---HONEY/
2383,0,1,20,21,1.0476190476190477,0.048795003647426664,563,Now I know why the snake poops Fitbits.
2383,0,1,20,21,1.0476190476190477,0.048795003647426664,563,"Larry began to realize he'd misconstrued his CEO's conception of ""generating revenue."""
2383,0,1,20,21,1.0476190476190477,0.048795003647426664,563,"For food, press squeek; for water press squeek squeek."
2383,0,1,20,21,1.0476190476190477,0.048795003647426664,563,"well for one thing, it keeps me from gnawing on the door"
2383,0,1,20,21,1.0476190476190477,0.048795003647426664,563,Rat race? What are you getting at?
2383,0,1,20,21,1.0476190476190477,0.048795003647426664,563,I can assure you we're moving very quickly on this thing.
2383,0,1,20,21,1.0476190476190477,0.048795003647426664,563,I'm sorry your cable has been out so long. Sounds like you've been getting the runaround.
2383,0,1,20,21,1.0476190476190477,0.048795003647426664,563,when multi tasking goes wrong
2383,0,1,20,21,1.0476190476190477,0.048795003647426664,563,"I'm just filling in for the Gerbil,who is on a coffee break"
2383,0,1,20,21,1.0476190476190477,0.048795003647426664,563,"Mr. President, how much longer 'til you need that liberal perspective on healthcare. I'd like to get out of the rat race, in a manner of speaking."
2383,0,1,20,21,1.0476190476190477,0.048795003647426664,563,My own fault for saying I knew what an in-turn position entailed...
2383,0,1,20,21,1.0476190476190477,0.048795003647426664,563,"I know, but it turns out this is the best way to keep my cell battery charged."
2383,0,1,20,21,1.0476190476190477,0.048795003647426664,563,"One hamster, and supersize it!"
2383,0,1,20,21,1.0476190476190477,0.048795003647426664,563,I get paid in wood chips
2383,0,1,20,21,1.0476190476190477,0.048795003647426664,563,This office really gives you a run for your money.
2383,0,1,20,21,1.0476190476190477,0.048795003647426664,563,Three more kilowatt hours generated and I get Friday off!
2383,0,1,20,21,1.0476190476190477,0.048795003647426664,563,They didn't tell me the corporate ladder went in circles.
2383,0,1,20,21,1.0476190476190477,0.048795003647426664,563,Can't talk now - gotta run.
2383,0,1,20,21,1.0476190476190477,0.048795003647426664,563,Help I'm being held captive by a giant hamster
2383,0,1,20,21,1.0476190476190477,0.048795003647426664,563,I feel great! Let them repeal Obamacare!
2383,0,1,20,21,1.0476190476190477,0.048795003647426664,563,"nothing much, just the usual rat race."
2383,0,1,20,21,1.0476190476190477,0.048795003647426664,563,Just another day in Paradise!
2383,0,1,20,21,1.0476190476190477,0.048795003647426664,563,"""This was not my idea of a seven to five."" Explanation: wheel is a clock; his legs are its arms. Corporate drudgery and whatnot."
2383,0,1,20,21,1.0476190476190477,0.048795003647426664,563,"Yes, I have been busy, but lately it feels more like hamster busy."
2383,0,1,20,21,1.0476190476190477,0.048795003647426664,563,Perhaps my Crossfit habit has gone too far
2383,0,1,20,21,1.0476190476190477,0.048795003647426664,563,Being the office rat has its perks.
2383,0,1,20,21,1.0476190476190477,0.048795003647426664,563,I was feeling confined by my desk.
2383,0,1,20,21,1.0476190476190477,0.048795003647426664,563,I know it's your pet project but you need to keep me in the loop.
2383,0,1,20,21,1.0476190476190477,0.048795003647426664,563,"I still need a mate, and make sure she's not a shrew."
2383,0,1,20,21,1.0476190476190477,0.048795003647426664,563,I want to hit the ground running when we close this deal.
2383,0,1,20,21,1.0476190476190477,0.048795003647426664,563,No time for lunch today. I'll just gnaw on the front door for a while.
2383,0,1,20,21,1.0476190476190477,0.048795003647426664,563,"Don't worry, boss. I'm finally getting somewhere!"
2383,0,1,20,21,1.0476190476190477,0.048795003647426664,563,it's great to finally get away from the rat race!
2383,0,1,20,21,1.0476190476190477,0.048795003647426664,563,Corporate's new flatulence free zone for senior executives.
2383,0,1,20,21,1.0476190476190477,0.048795003647426664,563,"Hey, Honey, you were right. Taking this temp job for Gerbil, Inc. was a bad idea."
2383,0,1,20,21,1.0476190476190477,0.048795003647426664,563,"When the Marketing guys said they needed a guinea pig, he assumed they meant something like a focus group for beer."
2383,0,1,20,21,1.0476190476190477,0.048795003647426664,563,"I'm working late again, honey, but I really feel like I'm getting somewhere."
2383,0,1,20,21,1.0476190476190477,0.048795003647426664,563,"Sorry, off to the gym in a few minutes, I'll talk to you tomorrow."
2383,0,1,20,21,1.0476190476190477,0.048795003647426664,563,I'm not stopping until my wheel is bigger than his!
2383,0,1,20,21,1.0476190476190477,0.048795003647426664,563,This is the last time I'll be a guinea pig for your research experiments.
2383,0,1,20,21,1.0476190476190477,0.048795003647426664,563,I missed the rat race.
2383,0,1,20,21,1.0476190476190477,0.048795003647426664,563,"""It's not quite 'Hamilton,' but there's something artisanal about it.'"
2383,0,1,20,21,1.0476190476190477,0.048795003647426664,563,Don't fuss. A plain cheese omelet will be fine.
2383,0,1,20,21,1.0476190476190477,0.048795003647426664,563,Sorry; can't talk now. Gotta run . . .
2383,0,1,20,21,1.0476190476190477,0.048795003647426664,563,"While your out, I need some more grasshoppers and mealworms."
2383,0,1,20,21,1.0476190476190477,0.048795003647426664,563,"They're treating me well, Honey. I'm running this place."
2383,0,1,20,21,1.0476190476190477,0.048795003647426664,563,"Yes, we will continue to buck the 'corporate casual' trend; business is, after all, serious."
2383,0,1,20,21,1.0476190476190477,0.048795003647426664,563,"No, they gave the promotion to the gerbil down the hall."
2383,0,1,20,21,1.0476190476190477,0.048795003647426664,563,Captions galore beats four on the floor.
2383,0,1,20,21,1.0476190476190477,0.048795003647426664,563,I'll get around to it later.
2383,0,1,20,21,1.0476190476190477,0.048795003647426664,563,This isn't worth cheaper electric bill.
2383,0,1,20,21,1.0476190476190477,0.048795003647426664,563,I could do without on-site corporate fitness facility.
2383,0,1,20,21,1.0476190476190477,0.048795003647426664,563,I'm almost there...or away from there.
2383,0,1,20,21,1.0476190476190477,0.048795003647426664,563,Kinesiology and textile experts agree: yoga pants are out!
2383,0,1,20,21,1.0476190476190477,0.048795003647426664,563,"New franchise name, the Rat Race."
2383,0,1,20,21,1.0476190476190477,0.048795003647426664,563,"My workout? Ten minutes running around, followed by tiny bites from a carrot."
2383,0,1,20,21,1.0476190476190477,0.048795003647426664,563,"Yes, I'll come over to your office once I have my glutes really fired up."
2383,0,1,20,21,1.0476190476190477,0.048795003647426664,563,"Well, at least it's the fast lane."
2383,0,1,20,21,1.0476190476190477,0.048795003647426664,563,I got sick of the rat race.
2383,0,1,20,21,1.0476190476190477,0.048795003647426664,563,"Water, water, but never a drop to reach"
2383,0,1,20,21,1.0476190476190477,0.048795003647426664,563,"I can handle the pointlessness, it the mortality salience that gets me."
2383,0,1,20,21,1.0476190476190477,0.048795003647426664,563,I don't do rat races. I'm in wheel estate.
2383,0,1,20,21,1.0476190476190477,0.048795003647426664,563,"People at work call me Hammy, I don't know why"
2383,0,1,20,21,1.0476190476190477,0.048795003647426664,563,"In this room, we test each applicant's Emotional Intelligence to confirm whether they would be a good fit in our corporate culture."
2383,0,1,20,21,1.0476190476190477,0.048795003647426664,563,I'm closer than ever.
2383,0,1,20,21,1.0476190476190477,0.048795003647426664,563,Lately I've been having trouble getting around.
2383,0,1,20,21,1.0476190476190477,0.048795003647426664,563,How many times do I have to tell HR I use the men's room!
2383,0,1,20,21,1.0476190476190477,0.048795003647426664,563,Help......the Giant Hamster is getting his own back!
2383,0,1,20,21,1.0476190476190477,0.048795003647426664,563,"While selecting an alternative energy choice, Stan makes a poor choice."
2383,0,1,20,21,1.0476190476190477,0.048795003647426664,563,What - no Bosco?!
2383,0,1,20,21,1.0476190476190477,0.048795003647426664,563,The desk turned out to be redundant.
2383,0,1,20,21,1.0476190476190477,0.048795003647426664,563,It's a great addition to the home office.
2383,0,1,20,21,1.0476190476190477,0.048795003647426664,563,"Joe's job was strange, but it kept him out of the pool halls....."
2383,0,1,20,21,1.0476190476190477,0.048795003647426664,563,I still can't believe they won't let me work remotely.
2383,0,1,20,21,1.0476190476190477,0.048795003647426664,563,"""I'm on to their racket. I'm doing exactly what they think I should be doing."
2383,0,1,20,21,1.0476190476190477,0.048795003647426664,563,I still feel like I'm spinning my wheel.
2383,0,1,20,21,1.0476190476190477,0.048795003647426664,563,"People laugh at me sculpting this ass to stay ahead of the trend now, but people also laughed at my housing bubble predictions too."
2383,0,1,20,21,1.0476190476190477,0.048795003647426664,563,"Finally, a task I can finish."
2383,0,1,20,21,1.0476190476190477,0.048795003647426664,563,"I tell you Bill, I'm so close to closing this deal I can taste it."
2383,0,1,20,21,1.0476190476190477,0.048795003647426664,563,These productivity sessions have gone way too far.
2383,0,1,20,21,1.0476190476190477,0.048795003647426664,563,There's just one thing I don't like about this new job.
2383,0,1,20,21,1.0476190476190477,0.048795003647426664,563,Not what I had in mind when I asked for the treadmill desk.
2383,0,1,20,21,1.0476190476190477,0.048795003647426664,563,It's a Rat Race!
2383,0,1,20,21,1.0476190476190477,0.048795003647426664,563,"Another mile, another dollar!"
2383,0,1,20,21,1.0476190476190477,0.048795003647426664,563,"""Even if you win the rat race, you are still a rat"" - Gavin ""The Hamster"" Jones"
2383,0,1,20,21,1.0476190476190477,0.048795003647426664,563,"Thanks, but no thanks, I have everything I need."
2383,0,1,20,21,1.0476190476190477,0.048795003647426664,563,Would someone please shut the door!
2383,0,1,20,21,1.0476190476190477,0.048795003647426664,563,This wasn't the ergonomic set up I expected
2383,0,1,20,21,1.0476190476190477,0.048795003647426664,563,A standing desk? Pfft! No one's tying me to a desk.
2383,0,1,20,21,1.0476190476190477,0.048795003647426664,563,I see where the lab animals messed up
2383,0,1,20,21,1.0476190476190477,0.048795003647426664,563,Shhh! They don't know I put booze in the water bottle.
2383,0,1,20,21,1.0476190476190477,0.048795003647426664,563,Whad'ya mean Rumplestiltskin won't be here for another hour?
2383,0,1,20,21,1.0476190476190477,0.048795003647426664,563,This is ridiculous. Right?
2383,0,1,20,21,1.0476190476190477,0.048795003647426664,563,Employee Wellness Room at ForYourPets Company
2383,0,1,20,21,1.0476190476190477,0.048795003647426664,563,I should never have fired that hamster.
2383,0,1,20,21,1.0476190476190477,0.048795003647426664,563,cursorial editorial
2383,0,1,20,21,1.0476190476190477,0.048795003647426664,563,"""Who am I kidding""?"
2383,0,1,20,21,1.0476190476190477,0.048795003647426664,563,Whattayamean I don't sound relaxed?
2383,0,1,20,21,1.0476190476190477,0.048795003647426664,563,We're pitching it as a zero-emissions workstation.
2383,0,1,20,21,1.0476190476190477,0.048795003647426664,563,Leaving the rat race was the best thing I've ever done.
2383,0,1,20,21,1.0476190476190477,0.048795003647426664,563,"Great news, Mom. I got promoted out of the cubicle."
2383,0,1,20,21,1.0476190476190477,0.048795003647426664,563,... and I save time by pooping in the corner.
2383,0,1,20,21,1.0476190476190477,0.048795003647426664,563,I'll get back to you as soon as I get out of this rat race.
2383,0,1,20,21,1.0476190476190477,0.048795003647426664,563,"One more bottle of beer on the wall, one more bottle of beer, if that bottle happens to fall, no more bottles of beer on the wall."
2383,0,1,20,21,1.0476190476190477,0.048795003647426664,563,"7:25 o'clock, gotta go till 8:00."
2383,0,1,20,21,1.0476190476190477,0.048795003647426664,563,"Gotta run! I'll call you back after another 1,000 laps on the hamster wheel."
2383,0,1,20,21,1.0476190476190477,0.048795003647426664,563,What's the rodent's time next door?
2383,0,1,20,21,1.0476190476190477,0.048795003647426664,563,"Yeah, it's a great place to work! I definitely feel like I'm making progress"
2383,0,1,20,21,1.0476190476190477,0.048795003647426664,563,"It's not the wheel that bothers me. It's the fact that everyone else got mazes, too."
2383,0,1,20,21,1.0476190476190477,0.048795003647426664,563,"Whenever I need to feel rejuvenated, I run the opposite direction."
2383,0,1,20,21,1.0476190476190477,0.048795003647426664,563,"He was told assertive women are viewed as bossy. He was warned that mansplaining isn't appreciated. Still, Steve persisted in tweeting ""Not all men.."" at every female journalist he could find."
2383,0,1,20,21,1.0476190476190477,0.048795003647426664,563,"If I am going to do the rat race, I thought I would first try the real thing."
2383,0,1,20,21,1.0476190476190477,0.048795003647426664,563,Ten more rotations and I'll be at my goal weight!
2383,0,1,20,21,1.0476190476190477,0.048795003647426664,563,Hold on - I think I smell cheese!!!
2383,0,1,20,21,1.0476190476190477,0.048795003647426664,563,Am I the only one around here breaking a sweat?
2383,0,1,20,21,1.0476190476190477,0.048795003647426664,563,My headset is totally green-powered.
2383,0,1,20,21,1.0476190476190477,0.048795003647426664,563,Why would Bob encourage me to climb the ladder to success?
2383,0,1,20,21,1.0476190476190477,0.048795003647426664,563,"This is, (Pant, pant) better, (Pant) then my old Elliptical!"
2383,0,1,20,21,1.0476190476190477,0.048795003647426664,563,Tell him I have other fish to fry.
2383,0,1,20,21,1.0476190476190477,0.048795003647426664,563,"Another tremendous success doctor! Ship this one off to the Homeland Security, and send in the next gerbil."
2383,0,1,20,21,1.0476190476190477,0.048795003647426664,563,I THOUGHT THE MAZE WAS A LOT MORE FUN!
2383,0,1,20,21,1.0476190476190477,0.048795003647426664,563,The definition of insane is doing the same thing over and over and expecting a different outcome.
2383,0,1,20,21,1.0476190476190477,0.048795003647426664,563,I ordered Sauvignon Blanc not Chardonnay!
2383,0,1,20,21,1.0476190476190477,0.048795003647426664,563,Tell PETA we're ready to settle.
2383,0,1,20,21,1.0476190476190477,0.048795003647426664,563,"Mildred, hold all my calls - in your cheeks."
2383,0,1,20,21,1.0476190476190477,0.048795003647426664,563,"Yeah, it's good for my back and all that. But I gotta say, I'm a little jealous of my neighbor. He's got one of those Fucking Desks, the desks you can fuck."
2383,0,1,20,21,1.0476190476190477,0.048795003647426664,563,I just don't feel like I'm getting anywhere in the company.
2383,0,1,20,21,1.0476190476190477,0.048795003647426664,563,I'm really spinning my wheels over this.
2383,0,1,20,21,1.0476190476190477,0.048795003647426664,563,"...actually, I kinda miss the rat race."
2383,0,1,20,21,1.0476190476190477,0.048795003647426664,563,"Believe me, I'm making great progress every day."
2383,0,1,20,21,1.0476190476190477,0.048795003647426664,563,This isn't what I meant when I said I wanted to on Wheel of Fortune.
2383,0,1,20,21,1.0476190476190477,0.048795003647426664,563,With no particular place to go.
2383,0,1,20,21,1.0476190476190477,0.048795003647426664,563,you mean I get beer in the bottle if I continue
2383,0,1,20,21,1.0476190476190477,0.048795003647426664,563,"Hamster, this is Squirrel! Buy four shares of Clean Coal now!"
2383,0,1,20,21,1.0476190476190477,0.048795003647426664,563,"What rat race? Down right Sisyphean, if you ask me."
2383,0,1,20,21,1.0476190476190477,0.048795003647426664,563,The Great Gerbil Revolt of 2017
2383,0,1,20,21,1.0476190476190477,0.048795003647426664,563,Because standing desks are for amateurs that's why!
2383,0,1,20,21,1.0476190476190477,0.048795003647426664,563,How is that progress report coming?
2383,0,1,20,21,1.0476190476190477,0.048795003647426664,563,"Power section, here. Yes?."
2383,0,1,20,21,1.0476190476190477,0.048795003647426664,563,Destination infinity!
2383,0,1,20,21,1.0476190476190477,0.048795003647426664,563,"I asked for sparkling, not still!"
2383,0,1,20,21,1.0476190476190477,0.048795003647426664,563,No wonder my hamster is still so fat
2383,0,1,20,21,1.0476190476190477,0.048795003647426664,563,This one-the-nose metaphor gives great cardio.
2383,0,1,20,21,1.0476190476190477,0.048795003647426664,563,Not the wheel of fortune he envisioned.
2383,0,1,20,21,1.0476190476190477,0.048795003647426664,563,He works at an amazing company and he's a bright kid. If you ask me? I'd say that he's on the fast track to success.
2383,0,1,20,21,1.0476190476190477,0.048795003647426664,563,Goodbye Norma Jean..
2383,0,1,20,21,1.0476190476190477,0.048795003647426664,563,I'm almost out of energy vodka.
2383,0,1,20,21,1.0476190476190477,0.048795003647426664,563,They told me it was a promotion!
2383,0,1,20,21,1.0476190476190477,0.048795003647426664,563,I thought we were supposed to be getting standing desks.
2383,0,1,20,21,1.0476190476190477,0.048795003647426664,563,Only 37 years to go...
2383,0,1,20,21,1.0476190476190477,0.048795003647426664,563,"Let's schedule for after 30,000 steps."
2383,0,1,20,21,1.0476190476190477,0.048795003647426664,563,"""The mail room at the Hampster Building, NYC..."
2383,0,1,20,21,1.0476190476190477,0.048795003647426664,563,Tuesday's bad. I have a call on renewable energy with Beckett that never ends.
2383,0,1,20,21,1.0476190476190477,0.048795003647426664,563,"Yes, Johnson, something salty for lunch today as well."
2383,0,1,20,21,1.0476190476190477,0.048795003647426664,563,The Ratkins Diet
2383,0,1,20,21,1.0476190476190477,0.048795003647426664,563,I'll call you back in five. Time for my pellet.
2383,0,1,20,21,1.0476190476190477,0.048795003647426664,563,"Either you shouldn't look down, or I shouldn't look up."
2383,0,1,20,21,1.0476190476190477,0.048795003647426664,563,"Hello, Acme Small Rodent Control. How may I direct your call?"
2383,0,1,20,21,1.0476190476190477,0.048795003647426664,563,I absolutely hate this Obamacare physical therapy.
2383,0,1,20,21,1.0476190476190477,0.048795003647426664,563,"Honestly, it's all I ever hoped for..."
2383,0,1,20,21,1.0476190476190477,0.048795003647426664,563,"Honey, I'll be late tonight. They're throwing more bananas at me."
2383,0,1,20,21,1.0476190476190477,0.048795003647426664,563,I'll get it!
2383,0,1,20,21,1.0476190476190477,0.048795003647426664,563,Hello? Yes...Please cancel my 2 o'clock. Bring me the Morgessen file and more shredded newspaper while you're at it.
2383,0,1,20,21,1.0476190476190477,0.048795003647426664,563,I'm sorry - I just haven't been able to catch up.
2383,0,1,20,21,1.0476190476190477,0.048795003647426664,563,Got tired of the grindstone.
2383,0,1,20,21,1.0476190476190477,0.048795003647426664,563,This makes me so thirsty
2383,0,1,20,21,1.0476190476190477,0.048795003647426664,563,"A popular house pet, that was brought to the United States in 1954."
2383,0,1,20,21,1.0476190476190477,0.048795003647426664,563,"Do you suffer from back pain? Or feel that you never are winning ""the race""?"
2383,0,1,20,21,1.0476190476190477,0.048795003647426664,563,I love it. It even has a window!
2383,0,1,20,21,1.0476190476190477,0.048795003647426664,563,"We call this ""the open door policy"""
2383,0,1,20,21,1.0476190476190477,0.048795003647426664,563,I'm part of a beta program here combining energy independence and wellness.
2383,0,1,20,21,1.0476190476190477,0.048795003647426664,563,The four year open door policy at the EPA....
2383,0,1,20,21,1.0476190476190477,0.048795003647426664,563,I knew we shouldn't have gotten rid of the waterfalls.
2383,0,1,20,21,1.0476190476190477,0.048795003647426664,563,"Man, am I thirsty!"
2383,0,1,20,21,1.0476190476190477,0.048795003647426664,563,Hamster World! This is Puffball speaking.
2383,0,1,20,21,1.0476190476190477,0.048795003647426664,563,"Barring traffic, I should be there...never!"
2383,0,1,20,21,1.0476190476190477,0.048795003647426664,563,So this is what they mean when they say it's a rat race ...
2383,0,1,20,21,1.0476190476190477,0.048795003647426664,563,I can't believe this Rat Race that I've got myself in.
2383,0,1,20,21,1.0476190476190477,0.048795003647426664,563,at the Gerbil Research Institute for Humans
2383,0,1,20,21,1.0476190476190477,0.048795003647426664,563,"No, I haven't decided to jump off the old treadmill and retire."
2383,0,1,20,21,1.0476190476190477,0.048795003647426664,563,This new project I'm working on has me running in circles.
2383,0,1,20,21,1.0476190476190477,0.048795003647426664,563,Door? What door?
2383,0,1,20,21,1.0476190476190477,0.048795003647426664,563,The new roulette endurance training program
2383,0,1,20,21,1.0476190476190477,0.048795003647426664,563,"After 17 years of therapy, Davis still thinks he is a hamster."
2383,0,1,20,21,1.0476190476190477,0.048795003647426664,563,I'm not all that happy about my part in this research project?
2383,0,1,20,21,1.0476190476190477,0.048795003647426664,563,"Sir, I can confirm that no matter how fast I go, I'm getting no closer to the coffee machine."
2383,0,1,20,21,1.0476190476190477,0.048795003647426664,563,Silicon Valley companies have stranger and stranger ideas on modern workspaces.
2383,0,1,20,21,1.0476190476190477,0.048795003647426664,563,I feel I'm just going in circles at work.
2383,0,1,20,21,1.0476190476190477,0.048795003647426664,563,"""Well Senator, I don't seem to be getting anywhere."" Life inside the Beltway."
2383,0,1,20,21,1.0476190476190477,0.048795003647426664,563,The new job is fine. Still feel as if I'm stuck on an endless treadmill though.
2383,0,1,20,21,1.0476190476190477,0.048795003647426664,563,Just grabbing a quick drink. I'm on my way.
2383,0,1,20,21,1.0476190476190477,0.048795003647426664,563,Standing desks are for underachievers.
2383,0,1,20,21,1.0476190476190477,0.048795003647426664,563,Nike's new office-letic line is made for the rat race
2383,0,1,20,21,1.0476190476190477,0.048795003647426664,563,"No, sorry. I'm too busy right now to go for a walk."
2383,0,1,20,21,1.0476190476190477,0.048795003647426664,563,"I said I'm running in the office, not running for office. I know better than to just spin my wheels."
2383,0,1,20,21,1.0476190476190477,0.048795003647426664,563,"Yes, I did say, ""Employees are our greatest asset."""
2383,0,1,20,21,1.0476190476190477,0.048795003647426664,563,I'll be home soon-- I'm running late.
2383,0,1,20,21,1.0476190476190477,0.048795003647426664,563,I wonder if the boss will get the point!
2383,0,1,20,21,1.0476190476190477,0.048795003647426664,563,American patriot seeking the alternative truth that will set him free.
2383,0,1,20,21,1.0476190476190477,0.048795003647426664,563,Is there anyway I could be considered for the rat race?
2383,0,1,20,21,1.0476190476190477,0.048795003647426664,563,Never ask me again whether I am a man or a mouse
2383,0,1,20,21,1.0476190476190477,0.048795003647426664,563,"Jim the manager stars in ""Planet of the Hamsters."""
2383,0,1,20,21,1.0476190476190477,0.048795003647426664,563,One Night at the Trump'sterb Surrogate Farm
2383,0,1,20,21,1.0476190476190477,0.048795003647426664,563,I'm really enjoying the perks working at Kia
2383,0,1,20,21,1.0476190476190477,0.048795003647426664,563,"I'm in hot water if I do, and I'm in hot water if I don't."
2383,0,1,20,21,1.0476190476190477,0.048795003647426664,563,Lately I feel like I have just been spinning my wheels.
2383,0,1,20,21,1.0476190476190477,0.048795003647426664,563,"For some reason, no matter what you say, I can't shake the feeling that we are spinning our wheels on this issue."
2383,0,1,20,21,1.0476190476190477,0.048795003647426664,563,Hamsters will never stand for this.
2383,0,1,20,21,1.0476190476190477,0.048795003647426664,563,But you said I was auditioning to be one of Pavlov's dogs!
2383,0,1,20,21,1.0476190476190477,0.048795003647426664,563,Hello - I calling to talk to you about the latest innovation in treadmills
2383,0,1,20,21,1.0476190476190477,0.048795003647426664,563,It finally feels like progress.
2383,0,1,20,21,1.0476190476190477,0.048795003647426664,563,John thought thinking outside the box would get him ahead with his new boss.
2383,0,1,20,21,1.0476190476190477,0.048795003647426664,563,An endorphin high is essential for this meeting!
2383,0,1,20,21,1.0476190476190477,0.048795003647426664,563,I’m in hamster wheel sales; how else you gonna sell ‘em?
2383,0,1,20,21,1.0476190476190477,0.048795003647426664,563,"I'm running, but I can't keep up!"
2383,0,1,20,21,1.0476190476190477,0.048795003647426664,563,"""Join our company. You'll be a big wheel,"" they said."
2383,0,1,20,21,1.0476190476190477,0.048795003647426664,563,It all started with the standing desk.
2383,0,1,20,21,1.0476190476190477,0.048795003647426664,563,All trends show a positive trajectory.
2383,0,1,20,21,1.0476190476190477,0.048795003647426664,563,Gotta train for the rat race
2383,0,1,20,21,1.0476190476190477,0.048795003647426664,563,I just hope Richard Gere doesn't find me.
2383,0,1,20,21,1.0476190476190477,0.048795003647426664,563,"Hello, my name is Brad. We appreciate your business. Your call is important to us. Sorry for the inconvenience. Good-bye."
2383,0,1,20,21,1.0476190476190477,0.048795003647426664,563,This conversation is going circular.
2383,0,1,20,21,1.0476190476190477,0.048795003647426664,563,"According to the management consultant, ""it's the journey that counts"""
2383,0,1,20,21,1.0476190476190477,0.048795003647426664,563,"""It's kind of like a hedge fund; if we don't make a lot of money, we'll at least have a lot of scrapings."
2383,0,1,20,21,1.0476190476190477,0.048795003647426664,563,I don't seem to be getting anywhere on the McIntosh deal.
2383,0,1,20,21,1.0476190476190477,0.048795003647426664,563,White House Chief of Staff Reince Priebus getting some exercise inside the Oval Orifice of President Trump.
2383,0,1,20,21,1.0476190476190477,0.048795003647426664,563,"""He spent years trying to climb the corporate ladder in vain, and finally went mad""."
2383,0,1,20,21,1.0476190476190477,0.048795003647426664,563,"With fossils and renewables off the grid, accounting was all that was left."
2383,0,1,20,21,1.0476190476190477,0.048795003647426664,563,This is my karmic payback for being an exterminator in my past life.
2383,0,1,20,21,1.0476190476190477,0.048795003647426664,563,"Okay, I can already see I'm not going to get anywhere working here."
2383,0,1,20,21,1.0476190476190477,0.048795003647426664,563,"Hamster, Carrot, & Stick-- This is Hamster Speaking. Stick just took Carrot to lunch."
2383,0,1,20,21,1.0476190476190477,0.048795003647426664,563,"I'm sorry, it's either me or the cat."
2383,0,1,20,21,1.0476190476190477,0.048795003647426664,563,I'm getting nowhere on the Henderson account.
2383,0,1,20,21,1.0476190476190477,0.048795003647426664,563,We left the door open
2383,0,1,20,21,1.0476190476190477,0.048795003647426664,563,Please hold. All of our operators are running their asses off.
2383,0,1,20,21,1.0476190476190477,0.048795003647426664,563,Let me circle back to you on that.
2383,0,1,20,21,1.0476190476190477,0.048795003647426664,563,"But the producers said this was for ""Wheel of Fortune"""
2383,0,1,20,21,1.0476190476190477,0.048795003647426664,563,"Damn, I forgot to put on my Fitbit."
2383,0,1,20,21,1.0476190476190477,0.048795003647426664,563,And I thought this would be better than the rat race
2383,0,1,20,21,1.0476190476190477,0.048795003647426664,563,Productivity is up but it may be time to clean the cage.
2383,0,1,20,21,1.0476190476190477,0.048795003647426664,563,"Look, I gotta run."
2383,0,1,20,21,1.0476190476190477,0.048795003647426664,563,"I don't know if I am a man dreaming that I am a mouse, or a mouse dreaming that I a man!"
2383,0,1,20,21,1.0476190476190477,0.048795003647426664,563,"Honey, time to replace the bedding!"
2383,0,1,20,21,1.0476190476190477,0.048795003647426664,563,"Now, back to our White House correspondent...."
2383,0,1,20,21,1.0476190476190477,0.048795003647426664,563,"Honey, it's a twofer: Chief Net Partiality Officer sucks, but my frickin' heart is in beast mode and our insurance discount is 'uge."
2383,0,1,20,21,1.0476190476190477,0.048795003647426664,563,I keep going around in circles.
2383,0,1,20,21,1.0476190476190477,0.048795003647426664,563,"Hello, payroll?! Where's my commission check?!..I don't close deals in my hamster wheel for my health!"
2383,0,1,20,21,1.0476190476190477,0.048795003647426664,563,I'm running late again. Meet you at 9 for pellets and a few drops of water?
2383,0,1,20,21,1.0476190476190477,0.048795003647426664,563,...and it completely eliminates all that time I used to waste in the bathroom.
2383,0,1,20,21,1.0476190476190477,0.048795003647426664,563,I can't believe that a tie is required.
2383,0,1,20,21,1.0476190476190477,0.048795003647426664,563,Retro treadmill
2383,0,1,20,21,1.0476190476190477,0.048795003647426664,563,Got to stay in some kind of loop.
2383,0,1,20,21,1.0476190476190477,0.048795003647426664,563,Can't wait till I get home sweet home to my habitrail.
2383,0,1,20,21,1.0476190476190477,0.048795003647426664,563,"Ryan began to suspect that Atlas, the hamster, might not be returning."
2383,0,1,20,21,1.0476190476190477,0.048795003647426664,563,It's the first clinical trial of modern capitalism.
2383,0,1,20,21,1.0476190476190477,0.048795003647426664,563,The new company gym design needs work
2383,0,1,20,21,1.0476190476190477,0.048795003647426664,563,"Shakin' it here, boss."
2383,0,1,20,21,1.0476190476190477,0.048795003647426664,563,Green energy...got me workin like an animal
2383,0,1,20,21,1.0476190476190477,0.048795003647426664,563,This year I'm taking home the Gold in our Annual Rat Race!
2383,0,1,20,21,1.0476190476190477,0.048795003647426664,563,"Note to self,"" Bag shavings, Get new bag, Run in circles."""
2383,0,1,20,21,1.0476190476190477,0.048795003647426664,563,"Hey Phil, I think I know what the rats are thinking"
2383,0,1,20,21,1.0476190476190477,0.048795003647426664,563,"But sir, I thought you were speaking metaphorically."
2383,0,1,20,21,1.0476190476190477,0.048795003647426664,563,I feel like I'm finally starting to get ahead at work.
2383,0,1,20,21,1.0476190476190477,0.048795003647426664,563,I don't feel like I'm getting anywhere working at home.
2383,0,1,20,21,1.0476190476190477,0.048795003647426664,563,I'm making this office great!
2383,0,1,20,21,1.0476190476190477,0.048795003647426664,563,Roger! Coming asap.
2383,0,1,20,21,1.0476190476190477,0.048795003647426664,563,"Let's see...I've got 20 more minutes on the wheel, my 11 o'clock carrot and then some rolling around in the wood shavings...sorry, I am just fully booked until after lunch."
2383,0,1,20,21,1.0476190476190477,0.048795003647426664,563,I could do this all night.
2383,0,1,20,21,1.0476190476190477,0.048795003647426664,563,"I've integrated my work and exercise schedules, but it's just not going anywhere!"
2383,0,1,20,21,1.0476190476190477,0.048795003647426664,563,Revenues are up at least 30 per cent since we've been powering the building through these rat races.
2383,0,1,20,21,1.0476190476190477,0.048795003647426664,563,When is this fucking acid going to wear off?
2383,0,1,20,21,1.0476190476190477,0.048795003647426664,563,"No, no, the only thing I resent is they don't put vodka in the water bottle."
2383,0,1,20,21,1.0476190476190477,0.048795003647426664,563,"Ma, it's the Circle of Life, not the rat race."
2383,0,1,20,21,1.0476190476190477,0.048795003647426664,563,"Honey, CrossFit costs too much time and money."
2383,0,1,20,21,1.0476190476190477,0.048795003647426664,563,More pellets!
2383,0,1,20,21,1.0476190476190477,0.048795003647426664,563,I think I'm finally starting to get somewhere!
2383,0,1,20,21,1.0476190476190477,0.048795003647426664,563,"Ernie, do you know if the local Korean BBQ delivers? Extra kimchi, please!"
2383,0,1,20,21,1.0476190476190477,0.048795003647426664,563,"""Alvin and The Gerbils"", I like it !"
2383,0,1,20,21,1.0476190476190477,0.048795003647426664,563,I'll be there in a minute. I'm almost out the door.
2383,0,1,20,21,1.0476190476190477,0.048795003647426664,563,"Aww, he thinks he's gerbil"
2383,0,1,20,21,1.0476190476190477,0.048795003647426664,563,Introducing the perfect accessories for your Soylent Beverage lifestyle.
2383,0,1,20,21,1.0476190476190477,0.048795003647426664,563,Can you hear me now?
2383,0,1,20,21,1.0476190476190477,0.048795003647426664,563,"""smooth, gentle, yet ironically peculiar"" assessed Larry the Hamsterwheelingtestermotrist"
2383,0,1,20,21,1.0476190476190477,0.048795003647426664,563,Things went way down hill since the standing desk.
2383,0,1,20,21,1.0476190476190477,0.048795003647426664,563,"Darla, Cancel my 4pm, someone put piss in my giant Gatorade."
2383,0,1,20,21,1.0476190476190477,0.048795003647426664,563,"Yes, but at least I'm keeping fit."
2383,0,1,20,21,1.0476190476190477,0.048795003647426664,563,The Board Room
2383,0,1,20,21,1.0476190476190477,0.048795003647426664,563,I'm beginning to think this job is getting me nowhere!
2383,0,1,20,21,1.0476190476190477,0.048795003647426664,563,"...""Aside from the irritating red cedar aroma, it's not bad..."""
2383,0,1,20,21,1.0476190476190477,0.048795003647426664,563,There's really no need for a rest room in the employee fitness center.
2383,0,1,20,21,1.0476190476190477,0.048795003647426664,563,I'm warming up until Pat and Vanna show up.
2383,0,1,20,21,1.0476190476190477,0.048795003647426664,563,I have to get off now. I'm craving cheese.
2383,0,1,20,21,1.0476190476190477,0.048795003647426664,563,"Sacked, you say? I heard he got flushed."
2383,0,1,20,21,1.0476190476190477,0.048795003647426664,563,I told her I work out like an animal.
2383,0,1,20,21,1.0476190476190477,0.048795003647426664,563,Thanks for calling Fitbit. How can I challenge you today?
2383,0,1,20,21,1.0476190476190477,0.048795003647426664,563,"-Oh, you didn't get the memo. Got the printout right here on my exercise desk. I'll read it to you. 'All per-...sonnel...are re-...quired to...report...to the... 12th floor...at 2..."
2383,0,1,20,21,1.0476190476190477,0.048795003647426664,563,"Buy, sell, buy, sell..."
2383,0,1,20,21,1.0476190476190477,0.048795003647426664,563,This is so much better than the rat race.
2383,0,1,20,21,1.0476190476190477,0.048795003647426664,563,"Instead of covering Russia, Trump wants more stories on the health benefits of hamster wheels."
2383,0,1,20,21,1.0476190476190477,0.048795003647426664,563,Escher Maps says I'm almost there.
2383,0,1,20,21,1.0476190476190477,0.048795003647426664,563,Is this wheely necessary?
2383,0,1,20,21,1.0476190476190477,0.048795003647426664,563,"Peterson here, West Wing. Requesting a refill of Stolichnaya."
2383,0,1,20,21,1.0476190476190477,0.048795003647426664,563,"I wanted a PELOTON, not a 'PelletOn' !"
2383,0,1,20,21,1.0476190476190477,0.048795003647426664,563,White House Press Secretary Sean Spicer's daily press briefing
2383,0,1,20,21,1.0476190476190477,0.048795003647426664,563,"Yeah, a private office, turns out that big deal negotiated was right in my wheelhouse!"
2383,0,1,20,21,1.0476190476190477,0.048795003647426664,563,The terrible squeaking noise is back. Can you send someone up to fix it right away?
2383,0,1,20,21,1.0476190476190477,0.048795003647426664,563,"With a little seed money, I can schedule the deal for rapid turnaround."
2383,0,1,20,21,1.0476190476190477,0.048795003647426664,563,"Seems Ryan's put the ""O"" back in Obama care."
2383,0,1,20,21,1.0476190476190477,0.048795003647426664,563,"I'm trying hon, I can't seem to get ahead at work."
2383,0,1,20,21,1.0476190476190477,0.048795003647426664,563,There are better ways to play with myself.
2383,0,1,20,21,1.0476190476190477,0.048795003647426664,563,This is Jingles speaking. How may I help you?
2383,0,1,20,21,1.0476190476190477,0.048795003647426664,563,Hamsters have it easy. They don't work out in suits.
2383,0,1,20,21,1.0476190476190477,0.048795003647426664,563,I am NOT spinning my wheels...
2383,0,1,20,21,1.0476190476190477,0.048795003647426664,563,Stevens! Get out of the wheel. We've got a giant hamster to find.
2383,0,1,20,21,1.0476190476190477,0.048795003647426664,563,"I'm late for my next meeting. I'm late for my next meeting, I'm late..."
2383,0,1,20,21,1.0476190476190477,0.048795003647426664,563,Standing desks are so yesterday!
2383,0,1,20,21,1.0476190476190477,0.048795003647426664,563,I think I am going to pass on spin class tonight.
2383,0,1,20,21,1.0476190476190477,0.048795003647426664,563,Was this in my contract?
2383,0,1,20,21,1.0476190476190477,0.048795003647426664,563,Sisyphus was right; this day to day stuff seems repetitive.
2383,0,1,20,21,1.0476190476190477,0.048795003647426664,563,Maybe we shouldn't have cancelled the order for the white mice after all.
2383,0,1,20,21,1.0476190476190477,0.048795003647426664,563,Standing Desk 2.0
2383,0,1,20,21,1.0476190476190477,0.048795003647426664,563,"Yes, sir, I'm slightly out of breath."
2383,0,1,20,21,1.0476190476190477,0.048795003647426664,563,"Man, I'm wheely crushing it!"
2383,0,1,20,21,1.0476190476190477,0.048795003647426664,563,"Although the coffee is great, I'm getting tired of the rat race."
2383,0,1,20,21,1.0476190476190477,0.048795003647426664,563,That treadmill at the fitness club is just for hamsters!
2383,0,1,20,21,1.0476190476190477,0.048795003647426664,563,Run-away-from-the-job training.
2383,0,1,20,21,1.0476190476190477,0.048795003647426664,563,I'm all in on the PetSmart - Office Depot merger.
2383,0,1,20,21,1.0476190476190477,0.048795003647426664,563,My boss is an animal!
2383,0,1,20,21,1.0476190476190477,0.048795003647426664,563,Job Trade Day was a great idea. Zach is probably climbing the cubicle walls about now.
2383,0,1,20,21,1.0476190476190477,0.048795003647426664,563,Whoa - you said to fit in here I'd have to adopt a HIPster lifestyle?
2383,0,1,20,21,1.0476190476190477,0.048795003647426664,563,"Japanese business offers new ""open door policy"" for salarymen."
2383,0,1,20,21,1.0476190476190477,0.048795003647426664,563,They had the nerve to call me a dirty rat?!?
2383,0,1,20,21,1.0476190476190477,0.048795003647426664,563,Well at least I like doing nothing.
2383,0,1,20,21,1.0476190476190477,0.048795003647426664,563,I've been trying to convince them to go Solar.
2383,0,1,20,21,1.0476190476190477,0.048795003647426664,563,Why I said the job is a rat race I shouldn't have said it to the office decorators.
2383,0,1,20,21,1.0476190476190477,0.048795003647426664,563,When my hamster took over !
2383,0,1,20,21,1.0476190476190477,0.048795003647426664,563,"Traffic's light. I can tal Traffic's light, I can talk."
2383,0,1,20,21,1.0476190476190477,0.048795003647426664,563,It is really a lot easier than Charlie Chaplin's conveyor belt.
2383,0,1,20,21,1.0476190476190477,0.048795003647426664,563,Rise of the Planet of the Hamsters
2383,0,1,20,21,1.0476190476190477,0.048795003647426664,563,Hamster Man to the rescue.
2383,0,1,20,21,1.0476190476190477,0.048795003647426664,563,"Feels like I'm getting the run around, Steve."
2383,0,1,20,21,1.0476190476190477,0.048795003647426664,563,The rat race.
2383,0,1,20,21,1.0476190476190477,0.048795003647426664,563,That rat will will just have to wait.
2383,0,1,20,21,1.0476190476190477,0.048795003647426664,563,Employee of the month
2383,0,1,20,21,1.0476190476190477,0.048795003647426664,563,Success is the reward for your effort.
2383,0,1,20,21,1.0476190476190477,0.048795003647426664,563,They’re testing a new wellness initiative. I’m the guinea pig.
2383,0,1,20,21,1.0476190476190477,0.048795003647426664,563,"Rat rice, my ass. It's more like a hampster race!"
2383,0,1,20,21,1.0476190476190477,0.048795003647426664,563,I'd like to buy an A please Pat.
2383,0,1,20,21,1.0476190476190477,0.048795003647426664,563,I quit the rat race for this?
2383,0,1,20,21,1.0476190476190477,0.048795003647426664,563,Wheel of Fortune MY ASS!!
2383,0,1,20,21,1.0476190476190477,0.048795003647426664,563,It's worth it for the single malt scotch.
2383,0,1,20,21,1.0476190476190477,0.048795003647426664,563,This is the Sprint help-line. . .
2383,0,1,20,21,1.0476190476190477,0.048795003647426664,563,"To be honest, yes, I did expect something different when I got into the shaving business."
2383,0,1,20,21,1.0476190476190477,0.048795003647426664,563,I've done a whole lot more than most people.
2383,0,1,20,21,1.0476190476190477,0.048795003647426664,563,Let's have a travel !
2383,0,1,20,21,1.0476190476190477,0.048795003647426664,563,Henry celebrates his personal Pi Day tradition.
2383,0,1,20,21,1.0476190476190477,0.048795003647426664,563,Where are my nuts and berries?!?!
2383,0,1,20,21,1.0476190476190477,0.048795003647426664,563,"Not rat race, Mom. Rodent competition."
2383,0,1,20,21,1.0476190476190477,0.048795003647426664,563,"Why yes, my job is fulfilling."
2383,0,1,20,21,1.0476190476190477,0.048795003647426664,563,Jim loved breaking away from the rat race to log some 'me' time on his brand new treadmill.
2383,0,1,20,21,1.0476190476190477,0.048795003647426664,563,Josh volunteered to be the guinea pig for his company’s new fitness program.
2383,0,1,20,21,1.0476190476190477,0.048795003647426664,563,"When I said I wanted to be a big wheel, I didn't mean this."
2383,0,1,20,21,1.0476190476190477,0.048795003647426664,563,Must....keep....running. There....must be....some way...to escape.
2383,0,1,20,21,1.0476190476190477,0.048795003647426664,563,"As the son-in-law, I have my own office."
2383,0,1,20,21,1.0476190476190477,0.048795003647426664,563,"Ah, it's such a relief to get away from the rat race for a few minutes."
2383,0,1,20,21,1.0476190476190477,0.048795003647426664,563,". . . Chapter Three, section two . . 'Wilson put the ship in overdrive and watched fascinated as the room dissolved around him.'"
2383,0,1,20,21,1.0476190476190477,0.048795003647426664,563,I told you I'll be there as fast as I can!
2383,0,1,20,21,1.0476190476190477,0.048795003647426664,563,It was either the rat race or the merry-go-round.
2383,0,1,20,21,1.0476190476190477,0.048795003647426664,563,"Phone call from DT: ""You're always running and never getting anyway. No more free drinks for you. Please leave by the door. You're fired."""
2383,0,1,20,21,1.0476190476190477,0.048795003647426664,563,I pity the desk jockeys.
2383,0,1,20,21,1.0476190476190477,0.048795003647426664,563,"So you say the job pays peanuts, not pellets? I'll take it!"
2383,0,1,20,21,1.0476190476190477,0.048795003647426664,563,This little boy and his dad provided me with feng shui and cardio.
2383,0,1,20,21,1.0476190476190477,0.048795003647426664,563,"Mom always said ""never trust a Hamster"". Back in an hour he said. Won't be long he said."
2383,0,1,20,21,1.0476190476190477,0.048795003647426664,563,I just decided I was done with the rat race.
2383,0,1,20,21,1.0476190476190477,0.048795003647426664,563,"Cliche Factory, Rat Race Division, your call is very important to us, all representatives are currently assisting other customers, please stay on the line...."
2383,0,1,20,21,1.0476190476190477,0.048795003647426664,563,Everything seems to be working fine now...I'd suggest replacing the shag carpeting.
2383,0,1,20,21,1.0476190476190477,0.048795003647426664,563,Wow. They make it look so easy.
2383,0,1,20,21,1.0476190476190477,0.048795003647426664,563,"Now, I hear the company is trying to ditch our health insurance."
2383,0,1,20,21,1.0476190476190477,0.048795003647426664,563,Jonathan's office-design prototypes would continue to fail until he could answer the basic question: How do you refill the water?
2383,0,1,20,21,1.0476190476190477,0.048795003647426664,563,"Hami, I'm telling you, it's impossible to get off!"
2383,0,1,20,21,1.0476190476190477,0.048795003647426664,563,Hard work will surely take me places...
2383,0,1,20,21,1.0476190476190477,0.048795003647426664,563,Now who is running circles around who.
2383,0,1,20,21,1.0476190476190477,0.048795003647426664,563,My goal for today is one million steps.
2383,0,1,20,21,1.0476190476190477,0.048795003647426664,563,I am training to be an Olympic hamster.
2383,0,1,20,21,1.0476190476190477,0.048795003647426664,563,"I don't mind the excercise, but it was a right pain chewing through all those toilet rolls."
2383,0,1,20,21,1.0476190476190477,0.048795003647426664,563,Beats the rat race
2383,0,1,20,21,1.0476190476190477,0.048795003647426664,563,I love my job : I have my own office!
2383,0,1,20,21,1.0476190476190477,0.048795003647426664,563,I have an open door policy
2383,0,1,20,21,1.0476190476190477,0.048795003647426664,563,"Yes, damn it! I'm sick of running the old treadmill. Get me a new one, ASAP!"
2383,0,1,20,21,1.0476190476190477,0.048795003647426664,563,The Endless Uni-Human Cycle
2383,0,1,20,21,1.0476190476190477,0.048795003647426664,563,"Hi, honey, it's me. Start dinner, I'm almost home."
2383,0,1,20,21,1.0476190476190477,0.048795003647426664,563,On Mondays I cover the floor in snakes and run like hell.
2383,0,1,20,21,1.0476190476190477,0.048795003647426664,563,Our robot designed it
2383,0,1,20,21,1.0476190476190477,0.048795003647426664,563,Whaddaya mean the reincarnated chair and desk set is on backorder?
2383,0,1,20,21,1.0476190476190477,0.048795003647426664,563,"""lemme guess, the rats are still winning""."
2383,0,1,20,21,1.0476190476190477,0.048795003647426664,563,"Yeah, we made it clear to Chad the Hamstablaster was legit; I guess we should have remembered it was April fools day."
2383,0,1,20,21,1.0476190476190477,0.048795003647426664,563,"You say rat race, I say 10,000 steps on my Fitbit."
2383,0,1,20,21,1.0476190476190477,0.048795003647426664,563,I left the rat race long ago.
2383,0,1,20,21,1.0476190476190477,0.048795003647426664,563,Make that a triple shot of espresso in my soy latte.
2383,0,1,20,21,1.0476190476190477,0.048795003647426664,563,"Yeah, yeah I DID say this deal is, ""my wheel house"" but come on guys... explain this to Peta!"
2383,0,1,20,21,1.0476190476190477,0.048795003647426664,563,This job is such a Rat-Race.
2383,0,1,20,21,1.0476190476190477,0.048795003647426664,563,It's definitely helped wth the hair loss.
2383,0,1,20,21,1.0476190476190477,0.048795003647426664,563,manst-r wh--l Can I buy an 'e' please?
2383,0,1,20,21,1.0476190476190477,0.048795003647426664,563,"Please hold my calls, I'm finally starting to get somewhere."
2383,0,1,20,21,1.0476190476190477,0.048795003647426664,563,I just had to get away from the rat race.
2383,0,1,20,21,1.0476190476190477,0.048795003647426664,563,"Can you hold the pellets, honey? I'm running late again."
2383,0,1,20,21,1.0476190476190477,0.048795003647426664,563,I'm beginning to think a working stiff would make a better spokesperson.
2383,0,1,20,21,1.0476190476190477,0.048795003647426664,563,"No idea when I'll get there, I'm still on my first lap."
2383,0,1,20,21,1.0476190476190477,0.048795003647426664,563,It certainly keeps my Fitbit happy...
2383,0,1,20,21,1.0476190476190477,0.048795003647426664,563,It's a dead end job.
2383,0,1,20,21,1.0476190476190477,0.048795003647426664,563,Work from home.
2383,0,1,20,21,1.0476190476190477,0.048795003647426664,563,How to win the rat race.
2383,0,1,20,21,1.0476190476190477,0.048795003647426664,563,I'm creating paper wealth and some of it is bound to be soiled.
2383,0,1,20,21,1.0476190476190477,0.048795003647426664,563,Running toward my corporate dreams.
2383,0,1,20,21,1.0476190476190477,0.048795003647426664,563,"At my old startup, we only had standing desks!"
2383,0,1,20,21,1.0476190476190477,0.048795003647426664,563,I'm not sure why I thought a treadmill desk was such a good idea
2383,0,1,20,21,1.0476190476190477,0.048795003647426664,563,I'm just a little cog in a big machine!
2383,0,1,20,21,1.0476190476190477,0.048795003647426664,563,I've already generated 30% of my energy for the week!
2383,0,1,20,21,1.0476190476190477,0.048795003647426664,563,If I ever catch the rat who sold me this . . . .
2383,0,1,20,21,1.0476190476190477,0.048795003647426664,563,"Same old, same old. How's it going next door?"
2383,0,1,20,21,1.0476190476190477,0.048795003647426664,563,I'm so happy I got my own office! Just hoped I had someone who could close the door!
2383,0,1,20,21,1.0476190476190477,0.048795003647426664,563,This rat race is easier on steroids.
2383,0,1,20,21,1.0476190476190477,0.048795003647426664,563,The essence of corporate life.
2383,0,1,20,21,1.0476190476190477,0.048795003647426664,563,Only 64 more years to Full Retirement!
2383,0,1,20,21,1.0476190476190477,0.048795003647426664,563,Must improve shareholders profits. Must improve shareholders profits. Must improve shareholders profits.
2383,0,1,20,21,1.0476190476190477,0.048795003647426664,563,Working from home – much less stressful!
2383,0,1,20,21,1.0476190476190477,0.048795003647426664,563,"Man, I hate it when they use me for a metaphor."
2383,0,1,20,21,1.0476190476190477,0.048795003647426664,563,The rat race becomes more literal every year.
2383,0,1,20,21,1.0476190476190477,0.048795003647426664,563,If only there were a way out.
2383,0,1,20,21,1.0476190476190477,0.048795003647426664,563,"Bad news, they aren't buying the movie rights to this life."
2383,0,1,20,21,1.0476190476190477,0.048795003647426664,563,I don't feel I'm getting anywhere in this job.
2383,0,1,20,21,1.0476190476190477,0.048795003647426664,563,This is the last time I suggest to the boss we do more training for the rat race.
2383,0,1,20,21,1.0476190476190477,0.048795003647426664,563,I'd like to cancel my order for the standing desk
2383,0,1,20,21,1.0476190476190477,0.048795003647426664,563,"I'm telling you, Ken, I lucked out with the Rat Race Office. Poor Jeff was assigned to the Dog Eat Dog Dept."
2383,0,1,20,21,1.0476190476190477,0.048795003647426664,563,"I'm just getting up to speed, let's sell those bonds."
2383,0,1,20,21,1.0476190476190477,0.048795003647426664,563,"It's a small world after all. It's a small world after all. It's a small world after all. It's a small, small world."
2383,0,1,20,21,1.0476190476190477,0.048795003647426664,563,I feel like I'm just spinning my wheels.
2383,0,1,20,21,1.0476190476190477,0.048795003647426664,563,I quit the rat race and joined the gerbil race.
2383,0,1,20,21,1.0476190476190477,0.048795003647426664,563,"Yeah, I'm subbing for Grant today. He out with the Bubonic plague."
2383,0,1,20,21,1.0476190476190477,0.048795003647426664,563,"I don't know how it happened. One minute, I'm getting a DNA splice from a hamster, and the next minute, I'm a model employee."
2383,0,1,20,21,1.0476190476190477,0.048795003647426664,563,Boss says I need to hit the ground running.
2383,0,1,20,21,1.0476190476190477,0.048795003647426664,563,My boss asked me to keep the wheels turning even when I'm at home.
2383,0,1,20,21,1.0476190476190477,0.048795003647426664,563,Your news feeds.
2383,0,1,20,21,1.0476190476190477,0.048795003647426664,563,No vest for the weary.
2383,0,1,20,21,1.0476190476190477,0.048795003647426664,563,I'll circle back with you by close of play.
2383,0,1,20,21,1.0476190476190477,0.048795003647426664,563,When reality and the rat race meet.
2383,0,1,20,21,1.0476190476190477,0.048795003647426664,563,Phil's company had an unusual method for preparing him to compete in the rat race.
2383,0,1,20,21,1.0476190476190477,0.048795003647426664,563,Work smart not hard
2383,0,1,20,21,1.0476190476190477,0.048795003647426664,563,"No, I'm not putting in for the opening in Marketing - I wouldn't last five minutes in that snake pit."
2383,0,1,20,21,1.0476190476190477,0.048795003647426664,563,"Jeff was just relieved that the ""Hamster Diet"" didn't mean he had to eat hamsters."
2383,0,1,20,21,1.0476190476190477,0.048795003647426664,563,"I'm an eco-disrupter catalyst, not an animal!"
2383,0,1,20,21,1.0476190476190477,0.048795003647426664,563,"I wish I could have afforded a Nordic Track"" ""I wonder where that door leads"
2383,0,1,20,21,1.0476190476190477,0.048795003647426664,563,"I'm late, I'm late, I'm late, for a very important date. No time to say hello, goodbye, I'm late, I'm late, I'm late."
2383,0,1,20,21,1.0476190476190477,0.048795003647426664,563,I just feel like it is all right in front of me but I just can't get there. So thirsty.
2383,0,1,20,21,1.0476190476190477,0.048795003647426664,563,No rat race; there's a big rodent at my desk.
2383,0,1,20,21,1.0476190476190477,0.048795003647426664,563,I hope this is what my boss meant by spinning things forward.
2383,0,1,20,21,1.0476190476190477,0.048795003647426664,563,Lets see if the Russians can listen in to this conversation!
2383,0,1,20,21,1.0476190476190477,0.048795003647426664,563,What do you mean you stopped running? What do you do all day?
2383,0,1,20,21,1.0476190476190477,0.048795003647426664,563,Hold my calls. I think I'm really getting somewhere.
2383,0,1,20,21,1.0476190476190477,0.048795003647426664,563,"Yep, do what you love and the cedar shavings will follow."
2383,0,1,20,21,1.0476190476190477,0.048795003647426664,563,"Yes, productivity is down, I just feel like I'm running in place."
2383,0,1,20,21,1.0476190476190477,0.048795003647426664,563,"We like to call this IPO ""a round-floor opportunity in Green Energy."
2383,0,1,20,21,1.0476190476190477,0.048795003647426664,563,Enlightenment begins with recognition of our life reality.
2383,0,1,20,21,1.0476190476190477,0.048795003647426664,563,Training for the maze.
2383,0,1,20,21,1.0476190476190477,0.048795003647426664,563,I've got strong craving for a piece of cheese!
2383,0,1,20,21,1.0476190476190477,0.048795003647426664,563,"Hi Boss, it's me - Billy Hamster. I think I just invented something!"
2383,0,1,20,21,1.0476190476190477,0.048795003647426664,563,The treadmill desk was too low energy.
2383,0,1,20,21,1.0476190476190477,0.048795003647426664,563,I'll be there in five.
2383,0,1,20,21,1.0476190476190477,0.048795003647426664,563,Can your lines of code ever be this dignified?
2383,0,1,20,21,1.0476190476190477,0.048795003647426664,563,Standing is the new smoking.
2383,0,1,20,21,1.0476190476190477,0.048795003647426664,563,"Yes, it's even more of a rat race around here than usual."
2383,0,1,20,21,1.0476190476190477,0.048795003647426664,563,Vanna!!
2383,0,1,20,21,1.0476190476190477,0.048795003647426664,563,I'm telling you: my vision is revolutionary.
2383,0,1,20,21,1.0476190476190477,0.048795003647426664,563,"Oh - just staying fit so I can continue to inflict misery. And your, Mr. President?"
2383,0,1,20,21,1.0476190476190477,0.048795003647426664,563,I'm not stopping until I find who moved my cheese?
2383,0,1,20,21,1.0476190476190477,0.048795003647426664,563,"To answer your question, I'm a man acting like a mouse."
2383,0,1,20,21,1.0476190476190477,0.048795003647426664,563,I junked my standing desk.
2383,0,1,20,21,1.0476190476190477,0.048795003647426664,563,He takes the rat race too seriously.
2383,0,1,20,21,1.0476190476190477,0.048795003647426664,563,Can't talk now. I'm playing 'Wheel of Fortune'.
2383,0,1,20,21,1.0476190476190477,0.048795003647426664,563,Once more into the breach.....
2383,0,1,20,21,1.0476190476190477,0.048795003647426664,563,I thought the job title of Energy Production Technician was pretty general.
2383,0,1,20,21,1.0476190476190477,0.048795003647426664,563,"If you order right now, I'll throw in an extra bag of shavings."
2383,0,1,20,21,1.0476190476190477,0.048795003647426664,563,The natural progression from the standing desk.
2383,0,1,20,21,1.0476190476190477,0.048795003647426664,563,Something Something Rat Race
2383,0,1,20,21,1.0476190476190477,0.048795003647426664,563,Now let's not try to reinvent the wheel here.
2383,0,1,20,21,1.0476190476190477,0.048795003647426664,563,"Suddenly, Stanley regretted his dying remarks that life had been an unending rat race."
2383,0,1,20,21,1.0476190476190477,0.048795003647426664,563,"I work for celery, not salary."
2383,0,1,20,21,1.0476190476190477,0.048795003647426664,563,It's more honest than a standing desk.
2383,0,1,20,21,1.0476190476190477,0.048795003647426664,563,"Suckers, all of them: soon I'll run on the upper floor while they stay here..."
2383,0,1,20,21,1.0476190476190477,0.048795003647426664,563,Wheel of Fortune
2383,0,1,20,21,1.0476190476190477,0.048795003647426664,563,"The generator works fine, so bring home 30 hamsters."
2383,0,1,20,21,1.0476190476190477,0.048795003647426664,563,The new freedom!
2383,0,1,20,21,1.0476190476190477,0.048795003647426664,563,"I will make the government more efficient, I will make the government more efficient..."
2383,0,1,20,21,1.0476190476190477,0.048795003647426664,563,"Well, first, they got rid of the unpaid interns..."
2383,0,1,20,21,1.0476190476190477,0.048795003647426664,563,"Yes, sir we have reduced overhead costs...I am in better shape!  I think we're ready for social media!"
2383,0,1,20,21,1.0476190476190477,0.048795003647426664,563,Nirvana!
2383,0,1,20,21,1.0476190476190477,0.048795003647426664,563,"I'm not just a member of this gym, I'm the president!"
2383,0,1,20,21,1.0476190476190477,0.048795003647426664,563,I'm working from home now. I've had enough of the rat race.
2383,0,1,20,21,1.0476190476190477,0.048795003647426664,563,It's time we started thinking outside the wheel.
2383,0,1,20,21,1.0476190476190477,0.048795003647426664,563,Trump's Congressional Wood Shed
2383,0,1,20,21,1.0476190476190477,0.048795003647426664,563,I've got enough water..what else do you have handy?
2383,0,1,20,21,1.0476190476190477,0.048795003647426664,563,"The mouse owner started to grow weary of his human pet; making the wheel squeak incessantly for at least eight hours a day. And his getting lost in his tunnel, thinking he was going to escape his with? Don't get me started!"
2383,0,1,20,21,1.0476190476190477,0.048795003647426664,563,I wish I never made the hamster upset...
2383,0,1,20,21,1.0476190476190477,0.048795003647426664,563,"Senator, hold off funding wind; the Government Energy Resource Back-up Initiative  Lab shows great potential!"" [Ed. note: Hold drawing close, giggle magazine, wheel TURNS!] shows good potentiual!"
2383,0,1,20,21,1.0476190476190477,0.048795003647426664,563,Treadmill desks are for wimps and pussies.
2383,0,1,20,21,1.0476190476190477,0.048795003647426664,563,Sometimes I get way ahead of myself before I go out.
2383,0,1,20,21,1.0476190476190477,0.048795003647426664,563,Yes-congress will SOON pass the new health care act!
2383,0,1,20,21,1.0476190476190477,0.048795003647426664,563,I'm late for work!
2383,0,1,20,21,1.0476190476190477,0.048795003647426664,563,This IPA is delicious!
2383,0,1,20,21,1.0476190476190477,0.048795003647426664,563,We should have drawn the line at stand-up desks.
2383,0,1,20,21,1.0476190476190477,0.048795003647426664,563,Promoted from the mailroom!
2383,0,1,20,21,1.0476190476190477,0.048795003647426664,563,Your turn. Now you enterrain me.
2383,0,1,20,21,1.0476190476190477,0.048795003647426664,563,"Hon, sorry I will be late for dinner. I have to run the office by myself again."
2383,0,1,20,21,1.0476190476190477,0.048795003647426664,563,"And with this new technology, I can connect with other hampster wheels around the world!"
2383,0,1,20,21,1.0476190476190477,0.048795003647426664,563,Jim has an epiphany.
2383,0,1,20,21,1.0476190476190477,0.048795003647426664,563,Rats!
2383,0,1,20,21,1.0476190476190477,0.048795003647426664,563,Let's roll!
2383,0,1,20,21,1.0476190476190477,0.048795003647426664,563,There's a new health fad every week. Maybe I should have read the test results on the Hamster Health Model more closely.
2383,0,1,20,21,1.0476190476190477,0.048795003647426664,563,Bob prepares to join the rat race.
2383,0,1,20,21,1.0476190476190477,0.048795003647426664,563,"Gee, if I stopped running on this thing and walked out that door, I could be free....What a bizarre thought."
2383,0,1,20,21,1.0476190476190477,0.048795003647426664,563,"Sure, free health club membership, but the boss is a conniving rat."
2383,0,1,20,21,1.0476190476190477,0.048795003647426664,563,"""This is one wheel I never fall asleep at""."
2383,0,1,20,21,1.0476190476190477,0.048795003647426664,563,"Yeah, well, it's almost happy hour."
2383,0,1,20,21,1.0476190476190477,0.048795003647426664,563,It's a representation of my most authentic self.
2383,0,1,20,21,1.0476190476190477,0.048795003647426664,563,The boss's idea of a time out didn't please Carl at all.
2383,0,1,20,21,1.0476190476190477,0.048795003647426664,563,Yet this bastard still won't get me an assistant!
2383,0,1,20,21,1.0476190476190477,0.048795003647426664,563,So much for working harder......
2383,0,1,20,21,1.0476190476190477,0.048795003647426664,563,"Well no, I did not think they meant it literally."
2383,0,1,20,21,1.0476190476190477,0.048795003647426664,563,I hate being in the control group.
2383,0,1,20,21,1.0476190476190477,0.048795003647426664,563,"I was tired of the rat race, so I got the wheel."
2383,0,1,20,21,1.0476190476190477,0.048795003647426664,563,How many gerbils lost their jobs because of him?
2383,0,1,20,21,1.0476190476190477,0.048795003647426664,563,"I'm afraid you'll have to speak faster, I'm wheelie busy."
2383,0,1,20,21,1.0476190476190477,0.048795003647426664,563,"I'm thinking of returning my new treadmill desk, if I can ever get off it."
2383,0,1,20,21,1.0476190476190477,0.048795003647426664,563,The standing desk was just not enough.
2383,0,1,20,21,1.0476190476190477,0.048795003647426664,563,How did they not notice this side effect in testing?
2383,0,1,20,21,1.0476190476190477,0.048795003647426664,563,"""No, we're going to try again!"" -Paul Ryan and his healthcare bill"
2383,0,1,20,21,1.0476190476190477,0.048795003647426664,563,Can't stop yet...they keep moving my carrot.
2383,0,1,20,21,1.0476190476190477,0.048795003647426664,563,Tell the cleaning crew I'm sorry about the newspaper in the corner.
2383,0,1,20,21,1.0476190476190477,0.048795003647426664,563,"In retrospect, my comment about this place being a rat race was probably a mistake..."
2383,0,1,20,21,1.0476190476190477,0.048795003647426664,563,"'Escape the rat race,' they said."
2383,0,1,20,21,1.0476190476190477,0.048795003647426664,563,Trump's America - circa 2020
2383,0,1,20,21,1.0476190476190477,0.048795003647426664,563,"Hard? Heck, even a gerbil could do it!"
2383,0,1,20,21,1.0476190476190477,0.048795003647426664,563,Keeping busy.
2383,0,1,20,21,1.0476190476190477,0.048795003647426664,563,"Just give me the dam water already,I've been running for 4 eons straight!!!"
2383,0,1,20,21,1.0476190476190477,0.048795003647426664,563,"Ah, you know. Same old, same old..."
2383,0,1,20,21,1.0476190476190477,0.048795003647426664,563,This office fitness challenge sucks.
2383,0,1,20,21,1.0476190476190477,0.048795003647426664,563,How the Millennial prepare for the rat race.
2383,0,1,20,21,1.0476190476190477,0.048795003647426664,563,I'll come home as soon as I reach the water station. Almost there.
2383,0,1,20,21,1.0476190476190477,0.048795003647426664,563,Damn Fitbit.
2383,0,1,20,21,1.0476190476190477,0.048795003647426664,563,Wait up! I'll be right there.
2383,0,1,20,21,1.0476190476190477,0.048795003647426664,563,All I requested was a standing desk.
2383,0,1,20,21,1.0476190476190477,0.048795003647426664,563,"Yes, Debbie, it's going to be OK; I think they put me in the control group."
2383,0,1,20,21,1.0476190476190477,0.048795003647426664,563,It's worth every penny.
2383,0,1,20,21,1.0476190476190477,0.048795003647426664,563,Tell Dad I’m putting a positive spin on his healthcare plan!
3034,0,1,21,22,1.0454545454545454,0.046524210519923545,563,Racing but getting nowhere
3034,0,1,21,22,1.0454545454545454,0.046524210519923545,563,Hi Bob. Just wanted to circle back with you. Are you on your wheel?
3034,0,1,21,22,1.0454545454545454,0.046524210519923545,563,"We did, your pregnant, and we are much better off apart."
3034,0,1,21,22,1.0454545454545454,0.046524210519923545,563,"Mr. Smithson, Reeves from accounting here. I've been running in place for years now. Don't you think I'm due for a promotion?"
3034,0,1,21,22,1.0454545454545454,0.046524210519923545,563,"Thank you, it's big. I was recruited to run their Global Rotational Program."
3034,0,1,21,22,1.0454545454545454,0.046524210519923545,563,"I hope they meant what they say about ""the squeaky wheel gets the oil."""
3034,0,1,21,22,1.0454545454545454,0.046524210519923545,563,The faster I run the sooner I'll get to the door.
3034,0,1,21,22,1.0454545454545454,0.046524210519923545,563,"At the tone, the time will be 7:20."
3034,0,1,21,22,1.0454545454545454,0.046524210519923545,563,I just feel ready to get out out of this rat race and move on.
3034,0,1,21,22,1.0454545454545454,0.046524210519923545,563,I gave the hamster the day-off!
3034,0,1,21,22,1.0454545454545454,0.046524210519923545,563,There has to be a closer happy hour!
3034,0,1,21,22,1.0454545454545454,0.046524210519923545,563,I feel SO much better that I started doing this as part of the sharing economy instead of for someone else!
3034,0,1,21,22,1.0454545454545454,0.046524210519923545,563,"Same thing, same result-I think we can conclude the hamsters and insane."
3034,0,1,21,22,1.0454545454545454,0.046524210519923545,563,"Getting better every day, in every way!"
3034,0,1,21,22,1.0454545454545454,0.046524210519923545,563,It powers the bluetooth.
3034,0,1,21,22,1.0454545454545454,0.046524210519923545,563,Wrong! It cost $1.39/lb.
3034,0,1,21,22,1.0454545454545454,0.046524210519923545,563,Is there a forwarding address?
3034,0,1,21,22,1.0454545454545454,0.046524210519923545,563,At least I keep the wheel turning!
3034,0,1,21,22,1.0454545454545454,0.046524210519923545,563,I hate being the guinea pig for these new exercise programs.
3034,0,1,21,22,1.0454545454545454,0.046524210519923545,563,"Jiminy it's Mickey, they like the script, they want Pacino to play Geppetto, call me."
3034,0,1,21,22,1.0454545454545454,0.046524210519923545,563,Rats! I thought this was a spinning class.
3034,0,1,21,22,1.0454545454545454,0.046524210519923545,563,"Oops, I've gotta run."
3034,0,1,21,22,1.0454545454545454,0.046524210519923545,563,I heard sitting is the new smoking.
3034,0,1,21,22,1.0454545454545454,0.046524210519923545,563,It's going to be a day late.
3034,0,1,21,22,1.0454545454545454,0.046524210519923545,563,Quitting the rat race isn't really getting me anywhere.
3034,0,1,21,22,1.0454545454545454,0.046524210519923545,563,"Actually, I preferred the rat race."
3034,0,1,21,22,1.0454545454545454,0.046524210519923545,563,Coming soon to Theatres near you: The Hamster of Wall Street
3034,0,1,21,22,1.0454545454545454,0.046524210519923545,563,"That's great, I think we're really getting somewhere."
3034,0,1,21,22,1.0454545454545454,0.046524210519923545,563,"I'm running on a man-size hamster wheel, probably at work."
3034,0,1,21,22,1.0454545454545454,0.046524210519923545,563,"Johnson, it's like I've been saying all along: The rat race is for suckers."
3034,0,1,21,22,1.0454545454545454,0.046524210519923545,563,"Hello, you're through to David in the Government Department of Progress..."
3034,0,1,21,22,1.0454545454545454,0.046524210519923545,563,"I'd love to, but the rest of my afternoon is looking pretty full."
3034,0,1,21,22,1.0454545454545454,0.046524210519923545,563,Tell your mother that I’m going big places.
3034,0,1,21,22,1.0454545454545454,0.046524210519923545,563,"Why did they have to shut down Indian Point, anyway?"
3034,0,1,21,22,1.0454545454545454,0.046524210519923545,563,I've been running around in circles all day.
3034,0,1,21,22,1.0454545454545454,0.046524210519923545,563,Little did I know then I would be longing to be back in the Rat Race!
3034,0,1,21,22,1.0454545454545454,0.046524210519923545,563,"Houston, this is not the place I wanted to land."
3034,0,1,21,22,1.0454545454545454,0.046524210519923545,563,Late AGAIN!
3034,0,1,21,22,1.0454545454545454,0.046524210519923545,563,"Don't worry, Theresa, we're making great progress."
3034,0,1,21,22,1.0454545454545454,0.046524210519923545,563,Hello! Bill Gerbil speaking.
3034,0,1,21,22,1.0454545454545454,0.046524210519923545,563,Can't talk right now I am on the wheel of life.
3034,0,1,21,22,1.0454545454545454,0.046524210519923545,563,I've deconstructed my life and I love it!
3034,0,1,21,22,1.0454545454545454,0.046524210519923545,563,It's a hamsterocracy I tell ya.
3034,0,1,21,22,1.0454545454545454,0.046524210519923545,563,THE WHEEL OF MISFORTUNE
3034,0,1,21,22,1.0454545454545454,0.046524210519923545,563,So glad I got out of the rat race.
3034,0,1,21,22,1.0454545454545454,0.046524210519923545,563,"Yes, but I'm not sure I would exactly call it a ""bathroom break"""
3034,0,1,21,22,1.0454545454545454,0.046524210519923545,563,But WHY does Richard Gere want a meeting?
3034,0,1,21,22,1.0454545454545454,0.046524210519923545,563,"Just a moment, I'm in the washroom."
3034,0,1,21,22,1.0454545454545454,0.046524210519923545,563,Mr. Rateri was convicted for his cruelty to the lab animals. He chose to begin his sentence while his case was on appeal.
3034,0,1,21,22,1.0454545454545454,0.046524210519923545,563,"At this rate, I'll never make my meeting."
3034,0,1,21,22,1.0454545454545454,0.046524210519923545,563,"Another Pokémon Go, but this time, originated in New York."
3034,0,1,21,22,1.0454545454545454,0.046524210519923545,563,Next Gen Energy Independence
3034,0,1,21,22,1.0454545454545454,0.046524210519923545,563,TGIF
3034,0,1,21,22,1.0454545454545454,0.046524210519923545,563,"I'm not a hamster, I just run a lot."
3034,0,1,21,22,1.0454545454545454,0.046524210519923545,563,My doubts about the corporate treadmill began with they put wood shavings on the floor.
3034,0,1,21,22,1.0454545454545454,0.046524210519923545,563,"For the fish/pigeon cartoon: ""Take FDR Drive north, the RIGHT at E. 94th. You can't miss it."""
3034,0,1,21,22,1.0454545454545454,0.046524210519923545,563,Some days I feel like a hamster
3034,0,1,21,22,1.0454545454545454,0.046524210519923545,563,"She said, ""Feel for me, feel for my gerbil."""
3034,0,1,21,22,1.0454545454545454,0.046524210519923545,563,At least I get healthcare.
3034,0,1,21,22,1.0454545454545454,0.046524210519923545,563,"The wheel is spinning, but the hamster is dead."
3034,0,1,21,22,1.0454545454545454,0.046524210519923545,563,You gotta ditch the salary trap and go solo Bob. Own your life!
3034,0,1,21,22,1.0454545454545454,0.046524210519923545,563,"Miss Schmaltz, call my wife and tell her I'll be working late--I'm on a roll here and don't want to quit now. Order me a cheese pizza -- and send housekeeping in to change my floor."
3034,0,1,21,22,1.0454545454545454,0.046524210519923545,563,"After this, I can cool off in the office fish tank."
3034,0,1,21,22,1.0454545454545454,0.046524210519923545,563,They warned me that too much Hamster.com could lead to this.
3034,0,1,21,22,1.0454545454545454,0.046524210519923545,563,This Mindfulness training isn't getting me anywhere.
3034,0,1,21,22,1.0454545454545454,0.046524210519923545,563,A late night in Hamsterdam.
3034,0,1,21,22,1.0454545454545454,0.046524210519923545,563,I was tired of being pigeonholed.
3034,0,1,21,22,1.0454545454545454,0.046524210519923545,563,I bet they all think it's water
3034,0,1,21,22,1.0454545454545454,0.046524210519923545,563,I'm avoiding getting caught up in the rat race.
3034,0,1,21,22,1.0454545454545454,0.046524210519923545,563,It’s definitely a rat race but I always thought of myself as more of a hamster guy.
3034,0,1,21,22,1.0454545454545454,0.046524210519923545,563,"I hear ya buddy, I'm fed up with the rat race too.."
3034,0,1,21,22,1.0454545454545454,0.046524210519923545,563,When is my shift gonna be over?
3034,0,1,21,22,1.0454545454545454,0.046524210519923545,563,Good idea. That should get us off the cycle.
3034,0,1,21,22,1.0454545454545454,0.046524210519923545,563,"Panting? Oh, I'm just trying out the new wheel my owners installed for me."
3034,0,1,21,22,1.0454545454545454,0.046524210519923545,563,Delivery please: A hunk of cheese and some water.
3034,0,1,21,22,1.0454545454545454,0.046524210519923545,563,"Hold on, I'm calling from SoullessCycle."
3034,0,1,21,22,1.0454545454545454,0.046524210519923545,563,"No, I can't stop. If I do, Times Square goes dark."
3034,0,1,21,22,1.0454545454545454,0.046524210519923545,563,My new job literally has me running around in circles.
3034,0,1,21,22,1.0454545454545454,0.046524210519923545,563,"Why not?,.. the boss says I'm always up his ass, anyway!"
3034,0,1,21,22,1.0454545454545454,0.046524210519923545,563,At least I'm not likely to be replaced by a robot.
3114,0,1,22,23,1.0434782608695652,0.044455422447438706,563,Bastards promised me a window.
3114,0,1,22,23,1.0434782608695652,0.044455422447438706,563,"Yes, we're spending a lot of energy on this negotiation, but it's going nowhere."
3114,0,1,22,23,1.0434782608695652,0.044455422447438706,563,"""...and make that TWO underarm deodorants and a bottle of Energy Plus Vitamins to deliver."
3114,0,1,22,23,1.0434782608695652,0.044455422447438706,563,Who ratted me out?
3114,0,1,22,23,1.0434782608695652,0.044455422447438706,563,Ten more pounds.
3114,0,1,22,23,1.0434782608695652,0.044455422447438706,563,Sure it's repetitive but it's probably better for my health than covering the Trump Administration.
3114,0,1,22,23,1.0434782608695652,0.044455422447438706,563,"Yes, it bears some resemblance to a standing desk."
3114,0,1,22,23,1.0434782608695652,0.044455422447438706,563,I was misheard. I wanted to be a big wheel.
3114,0,1,22,23,1.0434782608695652,0.044455422447438706,563,I like to think of it as the rodent race.
3114,0,1,22,23,1.0434782608695652,0.044455422447438706,563,I liked it better when it was just a rat race
3114,0,1,22,23,1.0434782608695652,0.044455422447438706,563,This inner-office treadmill has been great for getting me through the work-week grind!
3114,0,1,22,23,1.0434782608695652,0.044455422447438706,563,I feel like I'm running in circles.
3114,0,1,22,23,1.0434782608695652,0.044455422447438706,563,"Just put one foot in front of the other, and soon you'll be walking out the door!"
3127,0,0,16,16,1.0,0.06454972243679027,563,I am my own pet.
3127,0,0,16,16,1.0,0.06454972243679027,563,So thirsty.
3127,0,0,16,16,1.0,0.06454972243679027,563,"Damn, hamsters make this look easy!"
3127,0,0,16,16,1.0,0.06454972243679027,563,"Skills pay the bills, honey."
3127,0,0,16,16,1.0,0.06454972243679027,563,Will somebody please close the door???
3127,0,0,16,16,1.0,0.06454972243679027,563,If I stay focused and keep moving I think I'm on track to make partner.
3127,0,0,16,16,1.0,0.06454972243679027,563,"What, if I am late?"
3127,0,0,16,16,1.0,0.06454972243679027,563,"Sorry, honey, have to run."
3127,0,0,16,16,1.0,0.06454972243679027,563,Executive water boarding.
3127,0,0,16,16,1.0,0.06454972243679027,563,Hello? I need help. I can't get out. Why is the Wi-fi down?!
3127,0,0,16,16,1.0,0.06454972243679027,563,The mouse is on a lunch break. I'm just trying to keep the momentum going.
3127,0,0,16,16,1.0,0.06454972243679027,563,"""Great...these negotiations are going nowhere fast."
3127,0,0,16,16,1.0,0.06454972243679027,563,I can't be lazy eating seeds everyday.
3127,0,0,16,16,1.0,0.06454972243679027,563,I thought you said I would have a standing desk!
3127,0,0,16,16,1.0,0.06454972243679027,563,A person can't live on Trump alone.
3127,0,0,16,16,1.0,0.06454972243679027,563,I figured we were well beyond pigs flying at this point.
3127,0,0,16,16,1.0,0.06454972243679027,563,I'm starting to feel I'm getting nowhere with my life
3127,0,0,16,16,1.0,0.06454972243679027,563,"First, there was the Stand Up Desk..."
3127,0,0,16,16,1.0,0.06454972243679027,563,I feel like we've spent a lot of cycles on this project without really getting anywhere.
3127,0,0,16,16,1.0,0.06454972243679027,563,"Mom, I can't talk now... Yeah, it's an important meeting."
3127,0,0,16,16,1.0,0.06454972243679027,563,"This brings the term ""rat race"" into better perspective."
3127,0,0,16,16,1.0,0.06454972243679027,563,I knew better than to volunteer to be a guinea pig to get ahead ...........
3127,0,0,17,17,1.0,0.06063390625908324,563,i guess my hamster found out that all his running was for my energy...he made me switch spots with him.
3127,0,0,16,16,1.0,0.06454972243679027,563,"Business is like being cooped up in a cage, you won't go anywhere with it."
3127,0,0,16,16,1.0,0.06454972243679027,563,"Customer Service, Gerbils are Us!"
3127,0,0,16,16,1.0,0.06454972243679027,563,I should have taken the stairs.
3127,0,0,16,16,1.0,0.06454972243679027,563,Congratulations! You've won a trip to magical...hello?
3127,0,0,16,16,1.0,0.06454972243679027,563,"The wheel is turning and this hamster is NOT dead. Not yet, at least."
3127,0,0,16,16,1.0,0.06454972243679027,563,Where's my relief? It's nearly past morning break time!
3127,0,0,16,16,1.0,0.06454972243679027,563,"New hires at Universal Pet Supplies enjoy many benefits, including a private gym and a generous ""Open Door"" policy."
3127,0,0,17,17,1.0,0.06063390625908324,563,"After this deal is final, I've got a date with a cheesy chew and a pile of nesting fluff."
3127,0,0,17,17,1.0,0.06063390625908324,563,Did you (pant-pant) find the gerbils yet?
3127,0,0,16,16,1.0,0.06454972243679027,563,"Hamsters are evolving at an amazing rate, that ones got a full time job now !"
3127,0,0,16,16,1.0,0.06454972243679027,563,"No, spin work - like spin class only less productive."
3127,0,0,16,16,1.0,0.06454972243679027,563,I know I can reinvent the wheel if I just keep at it.
3127,0,0,16,16,1.0,0.06454972243679027,563,"9998, 9999, 10,000!"
3127,0,0,16,16,1.0,0.06454972243679027,563,CAN ANYONE HEAR ME??? I AM GETTING DIZZY!!!
3127,0,0,16,16,1.0,0.06454972243679027,563,The doctor said there were more heart benefits than climbing the walls.
3127,0,0,16,16,1.0,0.06454972243679027,563,"I'm tired of running around in circles, Ted. Let's have a drink and talk this over."
3127,0,0,17,17,1.0,0.06063390625908324,563,Is the wifi speed fast enough for streaming yet?!
3127,0,0,16,16,1.0,0.06454972243679027,563,We Have A Great Cage Culture Here At Delaney and Partners
3127,0,0,16,16,1.0,0.06454972243679027,563,Why didn't you tell me I was supposed to jump THROUGH it?!
3127,0,0,17,17,1.0,0.06063390625908324,563,It even has a river view.
3127,0,0,16,16,1.0,0.06454972243679027,563,"One day I'll just jump off of this darn thing. Then I'll begin to really live my life. One day I'll do it, but not today, perhaps tomorrow. Yes tomorrow it is! Tomorrow, tomorrow, I love you..."
3127,0,0,16,16,1.0,0.06454972243679027,563,The President does this day after day with only a few hours sleep. So who am I to complain.
3127,0,0,16,16,1.0,0.06454972243679027,563,It's a great job: Whenever I get bored I get to go the other way and look out the window
3127,0,0,16,16,1.0,0.06454972243679027,563,"Then he says to me, 'Which will it be — rat race or shark tank?' So, here I am."
3127,0,0,16,16,1.0,0.06454972243679027,563,"Mom, the internship is going well. I do a lot of running around, but I'm making progress."
3127,0,0,16,16,1.0,0.06454972243679027,563,"You mean, he really thinks this is how we power Twitter?"
3127,0,0,16,16,1.0,0.06454972243679027,563,I'd like to order a bucket of hamster pellets and a 16 oz. diet cola.
3127,0,0,16,16,1.0,0.06454972243679027,563,I finally feel like I'm getting somewhere.
3127,0,0,16,16,1.0,0.06454972243679027,563,Get IT on the line ASAP. It's happened again...
3127,0,0,16,16,1.0,0.06454972243679027,563,"The exercise plan is great, but I chose to come aboard for the executive bathroom."
3127,0,0,16,16,1.0,0.06454972243679027,563,First the Bad News. Herbie the Hamster Died.
3127,0,0,16,16,1.0,0.06454972243679027,563,I need to make it to the bathroom
3127,0,0,17,17,1.0,0.06063390625908324,563,I'm just here to teach you kids about death.
3127,0,0,16,16,1.0,0.06454972243679027,563,Repeal for Obama Care is underway!!!
3127,0,0,16,16,1.0,0.06454972243679027,563,"Mary, I'm going to need something to nibble on when I'm done here."
3127,0,0,16,16,1.0,0.06454972243679027,563,"Alice, I can't take it anymore. Push everything back indefinitely. I'm running out for a drink."
3127,0,0,16,16,1.0,0.06454972243679027,563,Talk to me.
3127,0,0,16,16,1.0,0.06454972243679027,563,OK 1000 bananas per hour but no reverse spin!
3127,0,0,16,16,1.0,0.06454972243679027,563,I thought Singularity was going to lead to a reduced workload.
3127,0,0,16,16,1.0,0.06454972243679027,563,"'There is no need to try to invent a better mousetrap"""
3127,0,0,17,17,1.0,0.06063390625908324,563,"Can I call you back? I'm running late for a meeting. If, that is, I can ever get out the door."
3127,0,0,16,16,1.0,0.06454972243679027,563,"YA, SOMETIMES I FEEL LIKE I'M IN A RAT RACE TOO."
3127,0,0,16,16,1.0,0.06454972243679027,563,I am making America great again
3127,0,0,16,16,1.0,0.06454972243679027,563,One more week and I am on a beach in Cayman and retired! Out of this rodent-like life for good!
3127,0,0,17,17,1.0,0.06063390625908324,563,"I am there, fore, I think."
3127,0,0,16,16,1.0,0.06454972243679027,563,Only 29 weeks until the marathon.
3127,0,0,16,16,1.0,0.06454972243679027,563,I wouldn't exactly call it a 'rat race.'
3127,0,0,16,16,1.0,0.06454972243679027,563,K. Finishing up the cardio. Gonna hit the maze.
3127,0,0,16,16,1.0,0.06454972243679027,563,Trumpcare gives me better calves.
3127,0,0,16,16,1.0,0.06454972243679027,563,"No, dear; the job description didn't specify how to run the business."
3127,0,0,16,16,1.0,0.06454972243679027,563,Boss said I could run for president.
3127,0,0,17,17,1.0,0.06063390625908324,563,It's hard work being a furry.
3127,0,0,16,16,1.0,0.06454972243679027,563,"Well, somebody's gotta pay the rent!"
3127,0,0,16,16,1.0,0.06454972243679027,563,The new procedures to get government research money are exhausting.
3127,0,0,16,16,1.0,0.06454972243679027,563,"Ya, these Nikes work."
3127,0,0,16,16,1.0,0.06454972243679027,563,Front desk? Housekeeping left the door open on the cage and it's ruining my career.
3127,0,0,16,16,1.0,0.06454972243679027,563,TGIF
3127,0,0,16,16,1.0,0.06454972243679027,563,"I'm working hard to get back on track, but I feel like I'm just running in circles."
3127,0,0,16,16,1.0,0.06454972243679027,563,I just received a patent for my Endorphin Engine!
3127,0,0,16,16,1.0,0.06454972243679027,563,This new weight loss machine works great!
3127,0,0,16,16,1.0,0.06454972243679027,563,"I've been running around in circles to get to 10,000 steps."
3127,0,0,16,16,1.0,0.06454972243679027,563,Now I know what they meant about by rat race
3127,0,0,16,16,1.0,0.06454972243679027,563,I feel like I've seen this all before.
3127,0,0,17,17,1.0,0.06063390625908324,563,Just give me one more chance to prove that I'm not the rat I used to be.
3127,0,0,16,16,1.0,0.06454972243679027,563,A rush-in trumpmill. How tweet it is.
3127,0,0,16,16,1.0,0.06454972243679027,563,If only I could get my foot in the door.
3127,0,0,16,16,1.0,0.06454972243679027,563,"Oh baby, I'm on a spin to be promoted!"
3127,0,0,16,16,1.0,0.06454972243679027,563,"Sorry, I haven't gotten around to it yet."
3127,0,0,16,16,1.0,0.06454972243679027,563,How's 10am on Tuesday in February of 2037..??
3127,0,0,16,16,1.0,0.06454972243679027,563,"And a 20-minute nap after lunch is a good idea, too."
3127,0,0,16,16,1.0,0.06454972243679027,563,"Yep, Mankoff is definitely out of ideas."
3127,0,0,16,16,1.0,0.06454972243679027,563,The rat race was getting a little old so I thought I'd try something new.
3127,0,0,16,16,1.0,0.06454972243679027,563,It's good exercise and it's clean energy.
3127,0,0,17,17,1.0,0.06063390625908324,563,Earl works for a company who generates their own electricity.
3127,0,0,16,16,1.0,0.06454972243679027,563,THAT DAMN HAMSTER IS ALWAYS LATE.
3127,0,0,16,16,1.0,0.06454972243679027,563,My new gym has no body builders intimidating me and I can run as far as I want. And did I mention the nice cheese tray for afters?
3127,0,0,16,16,1.0,0.06454972243679027,563,Running in circles is what I do at my desk but here I can get fit and lose weight at the same time. My company thinks of everything.
3127,0,0,16,16,1.0,0.06454972243679027,563,It's the only that that keeps me from running away.
3127,0,0,16,16,1.0,0.06454972243679027,563,I'll get back to you after spin class.
3127,0,0,16,16,1.0,0.06454972243679027,563,"Donna! I'm gonna have to work through lunch. Order in some Limburger, please."
3127,0,0,16,16,1.0,0.06454972243679027,563,Employee perks at Petco: onsite workout facility.
3127,0,0,16,16,1.0,0.06454972243679027,563,"President Trump's chief strategist, Steve Bannon, in his home gym listening to Yuri Shatunov."
3127,0,0,16,16,1.0,0.06454972243679027,563,I replaced my standing desk with something more appropriate for my career
3127,0,0,16,16,1.0,0.06454972243679027,563,...and cancel my 2 o'clock; I'm having a new empty toilet paper tube delivered.
3127,0,0,16,16,1.0,0.06454972243679027,563,I can get right to tax reform now that healthcare reform is out of the way.
3127,0,0,16,16,1.0,0.06454972243679027,563,Wheeling and dealing
3127,0,0,16,16,1.0,0.06454972243679027,563,"Parts, Sammy speaking."
3127,0,0,16,16,1.0,0.06454972243679027,563,Keep those pledges coming for the Hamster Shelter.
3127,0,0,16,16,1.0,0.06454972243679027,563,"Listen, Sid, as my editor, you can understand why I'm going around in circles trying to write The Art of the Wheel."
3127,0,0,16,16,1.0,0.06454972243679027,563,The clues were beginning to mount - maybe he never really would get anywhere.....
3127,0,0,16,16,1.0,0.06454972243679027,563,"Quick, quick, quick..."
3127,0,0,16,16,1.0,0.06454972243679027,563,Mr. Gerbil says it's just part of the job.
3127,0,0,16,16,1.0,0.06454972243679027,563,The new Ger-o-bil! Call now and we'll double your order 1 800 555 5555
3127,0,0,16,16,1.0,0.06454972243679027,563,I'm never going to get to work at this rate!
3127,0,0,16,16,1.0,0.06454972243679027,563,Corner office with the beautiful view.
3127,0,0,16,16,1.0,0.06454972243679027,563,I am free. I am free.
3127,0,0,16,16,1.0,0.06454972243679027,563,"They said if I show initiative, I could work my way up to the clear globe-thingy."
3127,0,0,16,16,1.0,0.06454972243679027,563,Darn! I should have chosen the Paper Chase instead.
3127,0,0,16,16,1.0,0.06454972243679027,563,"How's the new gym? The equipment is top-notch, but the smoothie bar I find dubious at best."
3127,0,0,16,16,1.0,0.06454972243679027,563,"Record . . . Begin book . . . title . . . ""Men Can Multitask Too"". . ."
3127,0,0,16,16,1.0,0.06454972243679027,563,I didn't want my lunch looking like pellets again.
3127,0,0,16,16,1.0,0.06454972243679027,563,"OK, we've covered the agenda items. Let's wrap up, it's almost time for the giant rodent to bring my daily treat."
3127,0,0,16,16,1.0,0.06454972243679027,563,"Short the RNC, go long on the DNC."
3127,0,0,16,16,1.0,0.06454972243679027,563,"Later, Mom. I have to run now."
3127,0,0,16,16,1.0,0.06454972243679027,563,"Meanwhile, the hamster gave the best Power Point presentation that the company had ever seen."
3127,0,0,16,16,1.0,0.06454972243679027,563,"Finally, a job with upward mobility."
3127,0,0,17,17,1.0,0.06063390625908324,563,"Yeah, the torture's kind of a grind. But, knowing it will lead to improvements in the lives of these giant mice makes it all worthwhile."
3127,0,0,16,16,1.0,0.06454972243679027,563,JANE! STOP THIS CRAZY THING!
3127,0,0,16,16,1.0,0.06454972243679027,563,"No, I'm not running for the subway!"
3127,0,0,16,16,1.0,0.06454972243679027,563,"When I said go for it, I didn't mean gopher."
3127,0,0,16,16,1.0,0.06454972243679027,563,"If I've told you once, I've told you a million times."
3127,0,0,16,16,1.0,0.06454972243679027,563,Finding the best Health Care plan
3127,0,0,16,16,1.0,0.06454972243679027,563,"Gerbil, schermbil - let me out of here!!"
3127,0,0,16,16,1.0,0.06454972243679027,563,I seem to be running in circles.
3127,0,0,16,16,1.0,0.06454972243679027,563,"Don't worry, sir. I'm on it."
3127,0,0,16,16,1.0,0.06454972243679027,563,This is worse than the proverbial treadmill. Now we can't even stop for water.
3127,0,0,16,16,1.0,0.06454972243679027,563,"Because I said ""yes"" when he said,""Doesn't that skillset fall into your wheelhouse, Andy?"""
3127,0,0,16,16,1.0,0.06454972243679027,563,"Harry, stop on number 9 and I will split with you."
3127,0,0,16,16,1.0,0.06454972243679027,563,"Company Memo: This year, in lieu of providing health insurance, we're trying something new and have built this state-of-the-art health and fitness facility, for our employees' use. We hope you enjoy it! Sincerely, Management"
3127,0,0,16,16,1.0,0.06454972243679027,563,"Hello Homeland Security""....this is no placement for the National Power Grid, even with the economies derived from coffee break time!"
3127,0,0,16,16,1.0,0.06454972243679027,563,And make sure you send a check to my gym club.
3127,0,0,16,16,1.0,0.06454972243679027,563,Guess what. The company found they could cut down on health insurance costs by adding an on-site exercise plan.
3127,0,0,16,16,1.0,0.06454972243679027,563,Why do I feel like we keep going around and around on this issue?
3127,0,0,16,16,1.0,0.06454972243679027,563,"Frank, be careful what you say up there. The boss is on a new kick to literalize metaphors."
3127,0,0,16,16,1.0,0.06454972243679027,563,21st Century living: John struggles to reduce his carbon footprint by powering his house with 20 hours of nonstop wheel running; cedar covered floor and jumbo water bottle eliminate the need for potty and water breaks.
3127,0,0,16,16,1.0,0.06454972243679027,563,The Affordable Health Care Act: I think I'm nearly there!
3127,0,0,16,16,1.0,0.06454972243679027,563,"Harris, put a spinning attitude....uh, a winning attitude in that sales team."
3127,0,0,16,16,1.0,0.06454972243679027,563,Parallel universe??
3127,0,0,16,16,1.0,0.06454972243679027,563,My new exercise regiment isn't so bad; it's the water requirement that's killing me.
3127,0,0,16,16,1.0,0.06454972243679027,563,Climate change must be a hoax-- it's a perfect 72 degrees in here.
3127,0,0,16,16,1.0,0.06454972243679027,563,I just knew this renewable energy company was run by a bunch of rats.
3127,0,0,16,16,1.0,0.06454972243679027,563,And they thought they could give me the run around
3127,0,0,16,16,1.0,0.06454972243679027,563,Beats doing planks.
3127,0,0,16,16,1.0,0.06454972243679027,563,It's called gerbil-aerobics -- it's big in California.
3127,0,0,16,16,1.0,0.06454972243679027,563,"Sure, bigger wheel, but the bottled water really gets me going."
3127,0,0,16,16,1.0,0.06454972243679027,563,Some days it feels like no matter how fast I run I'll never reach that door.
3127,0,0,16,16,1.0,0.06454972243679027,563,I don't see any opportunity for advancement here
3127,0,0,16,16,1.0,0.06454972243679027,563,The doctor told me this is the best way to treat our codependency...Addiction to tail chewing is becoming an epidemic among our species!
3127,0,0,16,16,1.0,0.06454972243679027,563,"Trust me mam, here at Life Inc. we'll get you where you need to go"
3127,0,0,16,16,1.0,0.06454972243679027,563,This must be what Trump does all day
3127,0,0,16,16,1.0,0.06454972243679027,563,I'm giving her all she's got captain!
3127,0,0,16,16,1.0,0.06454972243679027,563,"Pop quiz, hot shot. When the wheel drops below 50mph, the bomb goes off. What would Keanu do?"
3127,0,0,18,18,1.0,0.05716619504750295,563,"Rat race or hamster treadmill, aren't they one in the same?"
3127,0,0,17,17,1.0,0.06063390625908324,563,"Damn it, did I leave the door open again?"
3127,0,0,16,16,1.0,0.06454972243679027,563,Fred didn't fully understand what the medical study entailed when he volunteered
3127,0,0,17,17,1.0,0.06063390625908324,563,"Let me get this straight. They closed the Men's Room, and this is not new shag carpeting."
3127,0,0,16,16,1.0,0.06454972243679027,563,"No, I am winning my spiels!"
3127,0,0,16,16,1.0,0.06454972243679027,563,"HELP! I'm being forced to provide free energy by a giant hamster god who said his name was___, and he was wearing a weird looking blond wig."
3127,0,0,16,16,1.0,0.06454972243679027,563,Morning Boss - I'll be in as soon as I've had my walk!
3127,0,0,16,16,1.0,0.06454972243679027,563,"I shouldn't be much longer,..., I'm almost to the door."
3127,0,0,17,17,1.0,0.06063390625908324,563,Hey buddy I finally got the corner office with fresh sawdust on the floor!
3127,0,0,16,16,1.0,0.06454972243679027,563,Got to burn off that cheesecake I just ate.
3127,0,0,16,16,1.0,0.06454972243679027,563,Just when you think crazy cat ladies are enough.
3127,0,0,16,16,1.0,0.06454972243679027,563,Would you like fries with that?
3127,0,0,17,17,1.0,0.06063390625908324,563,A regular treadmill would have been just fine.
3127,0,0,16,16,1.0,0.06454972243679027,563,My other job is a gerbil
3127,0,0,16,16,1.0,0.06454972243679027,563,I'd like to buy a ticket for the Tony Robbins seminar...my life is going nowhere.
3127,0,0,16,16,1.0,0.06454972243679027,563,I've about had it with my daughter's science project...
3127,0,0,16,16,1.0,0.06454972243679027,563,Is the house getting any warmer?
3127,0,0,16,16,1.0,0.06454972243679027,563,Chef's Table Season 82
3127,0,0,16,16,1.0,0.06454972243679027,563,OMG! Power of eternal optimism. The Hamster really turned into a man.
3127,0,0,16,16,1.0,0.06454972243679027,563,Thank you for calling ClicheCo. How may I give you excellent service today?
3127,0,0,16,16,1.0,0.06454972243679027,563,Alexa! Order more pellets!
3127,0,0,16,16,1.0,0.06454972243679027,563,"I'm starting to think that the in-house fitness center is off-kilter, but I'm going with it because the bottle has my favorite latte in the mega-venti size."
3127,0,0,16,16,1.0,0.06454972243679027,563,"I'll vote your way, but I expect double-pellets tomorrow"
3127,0,0,16,16,1.0,0.06454972243679027,563,"I am running late, talk later"
3127,0,0,16,16,1.0,0.06454972243679027,563,"Tell ya what, hamster wheel is the new treadmill desk."
3127,0,0,16,16,1.0,0.06454972243679027,563,"When I took a job in the Energy Department, this wasn't what I had in mind to make it more efficient."
3127,0,0,16,16,1.0,0.06454972243679027,563,Update research lab - genetic mutation appears to be on track.
3127,0,0,16,16,1.0,0.06454972243679027,563,Circling back to the reason for the call...
3127,0,0,16,16,1.0,0.06454972243679027,563,I'm in the running for a larger wheel this year.
3127,0,0,16,16,1.0,0.06454972243679027,563,"I know this is a dream, but you look so real."
3127,0,0,16,16,1.0,0.06454972243679027,563,"My son's hamster is running for president in 2020, and it's not like we can just laugh off the possibility of a win."
3127,0,0,17,17,1.0,0.06063390625908324,563,"'Going places today, baby.'"
3127,0,0,16,16,1.0,0.06454972243679027,563,"I'll have to call you back, Dear. I'm running a little behind schedule."
3127,0,0,17,17,1.0,0.06063390625908324,563,No more Dunkin' Donuts for me.
3127,0,0,16,16,1.0,0.06454972243679027,563,Will someone please come and close the door?
3127,0,0,16,16,1.0,0.06454972243679027,563,"It's another ""As Seen on TV"" exercise fad."
3127,0,0,16,16,1.0,0.06454972243679027,563,I just knew this renewable energy company was run by a bunch of rats.
3127,0,0,16,16,1.0,0.06454972243679027,563,"I know I'm running fast, but stop calling me ""You insane dolt."""
3127,0,0,16,16,1.0,0.06454972243679027,563,"I know I'm running late, but I feel like we're going around in circles!"
3127,0,0,16,16,1.0,0.06454972243679027,563,The Russians are coming!! The Russians are coming!!
3127,0,0,16,16,1.0,0.06454972243679027,563,Can't talk right now. I'm perfecting my gerbil imitation.
3127,0,0,16,16,1.0,0.06454972243679027,563,"Yeah, I think it's ready for Shark Tank. It's a never seen before exercise machine."
3127,0,0,16,16,1.0,0.06454972243679027,563,"Just getting in a quick 10,000."
3127,0,0,16,16,1.0,0.06454972243679027,563,I'm almost there Donald
3127,0,0,16,16,1.0,0.06454972243679027,563,"Sadly, Bob took The Proclaimers '500 miles' song a little bit too seriously"
3127,0,0,16,16,1.0,0.06454972243679027,563,"If you think it's humid now, wait until August."
3127,0,0,16,16,1.0,0.06454972243679027,563,"Phil, this job is great! And, I get to go home right after recharging the batteries."
3127,0,0,16,16,1.0,0.06454972243679027,563,Did you ever get the sense that you're just running in place without getting anywhere?
3127,0,0,16,16,1.0,0.06454972243679027,563,I told you I can not be replaced by a robot!
3127,0,0,16,16,1.0,0.06454972243679027,563,Hold on. I'll be there soon.
3127,0,0,16,16,1.0,0.06454972243679027,563,I wonder why I'm not getting ahead at work.
3127,0,0,16,16,1.0,0.06454972243679027,563,That spaghetti all over the floor is making me hungry.
3127,0,0,17,17,1.0,0.06063390625908324,563,I've gotta get out of the rat race
3127,0,0,17,17,1.0,0.06063390625908324,563,Wheel in the office keeps on turnin' and I do know where I'll be tomorrow.
3127,0,0,16,16,1.0,0.06454972243679027,563,"Susan, cancel my 9:30...I'm in a bit of a rut here."
3127,0,0,16,16,1.0,0.06454972243679027,563,"This is no dog eat dog world, this is a rat race, a hamster should live so good !"
3127,0,0,16,16,1.0,0.06454972243679027,563,Not sure exactly where Trump wants me to go.
3127,0,0,16,16,1.0,0.06454972243679027,563,Forget grease—this squeaky wheel got me my own office.
3127,0,0,16,16,1.0,0.06454972243679027,563,Progress.
3127,0,0,16,16,1.0,0.06454972243679027,563,"It might look like money, but this actually doubles as a bathroom."
3127,0,0,16,16,1.0,0.06454972243679027,563,"Hey, no sweat -- I hate jumping through hoops!"
3127,0,0,17,17,1.0,0.06063390625908324,563,I'll be home late for dinner. I feel like I'm making progress.
3127,0,0,16,16,1.0,0.06454972243679027,563,Man or a mouse? Who cares? I'm looking good!
3127,0,0,16,16,1.0,0.06454972243679027,563,I'm his replacement. Mr. Mankoff has transferred to a farm upstate.
3127,0,0,16,16,1.0,0.06454972243679027,563,"I don't know what it is with work these days, I just can't seem to get ahead."
3127,0,0,16,16,1.0,0.06454972243679027,563,"Actually, things aren't that much different since Skynet took over."
3127,0,0,16,16,1.0,0.06454972243679027,563,"No more snacks, honey, my cheek pouches are full!"
3127,0,0,16,16,1.0,0.06454972243679027,563,I can't believe I didn't check the bunker exercise specs.
3127,0,0,16,16,1.0,0.06454972243679027,563,Ms Smith--would you contact my boss and tell her my GPS doesn't appear to be working?
3127,0,0,16,16,1.0,0.06454972243679027,563,Make it quick. I only have 2 or 3 years left.
3127,0,0,16,16,1.0,0.06454972243679027,563,I know the white house is trying to save money on energy but using their employees to experiment how is using up all of my health insurance.
3127,0,0,16,16,1.0,0.06454972243679027,563,Now we're getting somewhere! Brexit is about to take off!
3127,0,0,16,16,1.0,0.06454972243679027,563,"Another 50,000 steps and I'll be able to dock at Gibraltar."
3127,0,0,16,16,1.0,0.06454972243679027,563,Let's get the wheel turning
3127,0,0,16,16,1.0,0.06454972243679027,563,Wool Gatherers Anonymous: Executive Detox Centre
3127,0,0,16,16,1.0,0.06454972243679027,563,"no, this is not an obscene phone call. I'm just out of breath."
3127,0,0,16,16,1.0,0.06454972243679027,563,"I'm just saying, some days I really miss the Rat Race!"
3127,0,0,16,16,1.0,0.06454972243679027,563,Some assemblage required.
3127,0,0,16,16,1.0,0.06454972243679027,563,"Although Mr. Smith died in the car accident, he spent eternity repenting for the lives of all the hamsters that were lost that day with him."
3127,0,0,16,16,1.0,0.06454972243679027,563,"Sure, my self-esteem is down, but at least I always hit my daily step target."
3127,0,0,17,17,1.0,0.06063390625908324,563,"I am choosing to run, hence this must be freedom."
3127,0,0,16,16,1.0,0.06454972243679027,563,If I keep this up maybe I'll get promoted to Hamster Ball!
3127,0,0,16,16,1.0,0.06454972243679027,563,"Don't be embarrassed, it's happened to all of us."
3127,0,0,16,16,1.0,0.06454972243679027,563,Meeting? The Eternal Wheel of Fitness Lunacy doesn't stop for meetings.
3127,0,0,16,16,1.0,0.06454972243679027,563,Paul was starting to realize that his corporate wellness program was somewhat draconian.
3127,0,0,16,16,1.0,0.06454972243679027,563,Can't believe I've been made redundant.
3127,0,0,16,16,1.0,0.06454972243679027,563,Research . . . exposè . . . 'Secret Life of a Hamster.'
3127,0,0,16,16,1.0,0.06454972243679027,563,"I'm not worried, the economy is cyclical."
3127,0,0,17,17,1.0,0.06063390625908324,563,"Hey, I don't judge your standup desk."
3127,0,0,16,16,1.0,0.06454972243679027,563,"The food pellets are awful, but they do change the cedar chips twice a week."
3127,0,0,16,16,1.0,0.06454972243679027,563,"Yes, sir, we're familiar with horsepower. But we're introducing something revolutionary."
3127,0,0,16,16,1.0,0.06454972243679027,563,I think I liked the rat race better.
3127,0,0,17,17,1.0,0.06063390625908324,563,"Yes, this new Hamster desk has really improved my circulation!"
3127,0,0,16,16,1.0,0.06454972243679027,563,"Testing the new treadmill, made him feel like a guinea pig."
3127,0,0,16,16,1.0,0.06454972243679027,563,Going out after work; it's going to be a ball.
3127,0,0,16,16,1.0,0.06454972243679027,563,"When I was running Maze, at least I had clear objectives."
3127,0,0,16,16,1.0,0.06454972243679027,563,One step at a time. How 'bout you?
3127,0,0,17,17,1.0,0.06063390625908324,563,One does not simply master flappy bird
3127,0,0,16,16,1.0,0.06454972243679027,563,"I thought they said the business runs in cycles, not circles."
3127,0,0,16,16,1.0,0.06454972243679027,563,Just called to tell you I'm on my way!
3127,0,0,16,16,1.0,0.06454972243679027,563,Donald. I'm coming!
3127,0,0,16,16,1.0,0.06454972243679027,563,"Yeah, I'm also on the Rodenteo Diet."
3127,0,0,16,16,1.0,0.06454972243679027,563,"No plugins, make it a winner."
3127,0,0,16,16,1.0,0.06454972243679027,563,"Chuck E Cheese isn't here today, but can I take a message?"
3127,0,0,17,17,1.0,0.06063390625908324,563,"Now, this is what I call a great workplace."
3127,0,0,16,16,1.0,0.06454972243679027,563,I'll run those numbers for you.
3127,0,0,16,16,1.0,0.06454972243679027,563,I actually don't mind the glass ceiling.
3127,0,0,16,16,1.0,0.06454972243679027,563,He was beginning to sense some completion anxiety about completing his completion anxiety therapy.
3127,0,0,16,16,1.0,0.06454972243679027,563,Two more hours and the microwave will have power.
3127,0,0,16,16,1.0,0.06454972243679027,563,"I said standing desk, not running desk."
3127,0,0,16,16,1.0,0.06454972243679027,563,The floor I supposedly had; well it needs changing
3127,0,0,16,16,1.0,0.06454972243679027,563,"Sorry, gotta run."
3127,0,0,17,17,1.0,0.06063390625908324,563,"Hi ho, hi ho, it's off to work we go."
3127,0,0,16,16,1.0,0.06454972243679027,563,"Only $19.95 per month plus shipping. But wait, there's more! A free lifetime supply of sunflower seeds."
3127,0,0,16,16,1.0,0.06454972243679027,563,"Sorry I can't talk right now, I gotta run."
3127,0,0,17,17,1.0,0.06063390625908324,563,Sometimes I feel my life is going nowhere.
3127,0,0,16,16,1.0,0.06454972243679027,563,Just two more steps
3127,0,0,16,16,1.0,0.06454972243679027,563,"For the fish/pigeon cartoon: ""I say it's sea-level rising; You say it's sky-levels falling. We can't both be right."""
3127,0,0,16,16,1.0,0.06454972243679027,563,"For the fish/pigeon cartoon: ""But our kids will be neither fish nor fowl."""
3127,0,0,18,18,1.0,0.05716619504750295,563,"I know if we keep at this, Jim, we'll reach a conclusion eventually."
3127,0,0,16,16,1.0,0.06454972243679027,563,Rats!
3127,0,0,16,16,1.0,0.06454972243679027,563,"Sorry, about dinner, Honey. I'm running a little late."
3127,0,0,16,16,1.0,0.06454972243679027,563,Energy so clean you'll lose your breath.
3127,0,0,16,16,1.0,0.06454972243679027,563,"Yeah, I'm subbing for Grant today. He out with the Bubonic plague."
3127,0,0,16,16,1.0,0.06454972243679027,563,How about we take 4 seconds for a water and bathroom break?
3127,0,0,16,16,1.0,0.06454972243679027,563,"Yeah, I'm subbing for Grant today. He got the Black Plague."
3127,0,0,16,16,1.0,0.06454972243679027,563,I have self esteem issues...... I feel like a gerbil.
3127,0,0,16,16,1.0,0.06454972243679027,563,"I'll never tell you to keep it down again Winston, I promise!"
3127,0,0,16,16,1.0,0.06454972243679027,563,NEW: NordicTrack Pro Executive DT's Rehab Machine
3127,0,0,16,16,1.0,0.06454972243679027,563,"Oh, I've progressed way past the upright workstation. . . . What's that? . . . Productivity?!"
3127,0,0,16,16,1.0,0.06454972243679027,563,And I thought the rat race was bad.
3127,0,0,16,16,1.0,0.06454972243679027,563,"The new job's going places, and at the end of the day there's lots of kibble."
3127,0,0,16,16,1.0,0.06454972243679027,563,At least it's better than the rat race.
3127,0,0,16,16,1.0,0.06454972243679027,563,"Frankly, I don't seem to be getting anywhere in this job."
3127,0,0,16,16,1.0,0.06454972243679027,563,The Farce is strong with this one.
3127,0,0,16,16,1.0,0.06454972243679027,563,Gosh! I forgot my Fitbit.
3127,0,0,16,16,1.0,0.06454972243679027,563,A title on the door rates wood shavings on the floor.
3127,0,0,16,16,1.0,0.06454972243679027,563,"Be right there, honey, be right there, honey, be right there, honey. Be right....."
3127,0,0,16,16,1.0,0.06454972243679027,563,"If your life runs negative, then you’ll never reach your goal."
3127,0,0,16,16,1.0,0.06454972243679027,563,Somebody needs to help him with his sartorial choices.
3127,0,0,17,17,1.0,0.06063390625908324,563,The kids built it for me.
3127,0,0,16,16,1.0,0.06454972243679027,563,I'll literally be doing this deal all day long.
3127,0,0,17,17,1.0,0.06063390625908324,563,"I know I said get me a ""monster deal,"" but this is working out ok."
3127,0,0,16,16,1.0,0.06454972243679027,563,"Wow, Mr. Whiskers was right...this is addicting."
3127,0,0,16,16,1.0,0.06454972243679027,563,Millennial downsizing.
3127,0,0,16,16,1.0,0.06454972243679027,563,Join our Revolutionary Corporate Team!
3127,0,0,16,16,1.0,0.06454972243679027,563,When they said Hamsterdam I was thinking The Wire
3127,0,0,16,16,1.0,0.06454972243679027,563,"No, my editor it's standard training for ALL new appointees to the White House Press Corps"
3127,0,0,17,17,1.0,0.06063390625908324,563,"La La Land, here I come. Right back where I started from..."
3127,0,0,16,16,1.0,0.06454972243679027,563,"No gods, no hamsters."
3127,0,0,16,16,1.0,0.06454972243679027,563,Higher ups hailed the improvement to the company's open door policy.
3127,0,0,16,16,1.0,0.06454972243679027,563,Glenn was thankful to have escaped the rat race at his old job.
3127,0,0,16,16,1.0,0.06454972243679027,563,America in the age of Trump
3127,0,0,16,16,1.0,0.06454972243679027,563,"...and make sure to follow through on all shots. Sorry I couldn't be there. Love, Dad."
3127,0,0,16,16,1.0,0.06454972243679027,563,Did I leave the stove on?
3127,0,0,16,16,1.0,0.06454972243679027,563,I think of it as the circle of life.
3127,0,0,17,17,1.0,0.06063390625908324,563,Just trying to catch up on some things at the office
3127,0,0,16,16,1.0,0.06454972243679027,563,"We may have lost Sears but Men's Warehouse, PetSmart, and Planet Fitness are here to stay."
3127,0,0,16,16,1.0,0.06454972243679027,563,"Yes, I am like a rat spinning circles but stop shaking your head."
3127,0,0,17,17,1.0,0.06063390625908324,563,The treadmill desk didn't have the built in water bottle.
3127,0,0,16,16,1.0,0.06454972243679027,563,And I pay the health club monthly for this metaphor of my life.
3127,0,0,16,16,1.0,0.06454972243679027,563,The corporate slave
3127,0,0,16,16,1.0,0.06454972243679027,563,"Right now I'm running on black coffee and donuts, but I'd kill for some bugs, frogs, or lizards!"
3127,0,0,16,16,1.0,0.06454972243679027,563,"Great benefits, can't beat the paid-trick leave."
3127,0,0,16,16,1.0,0.06454972243679027,563,I gonna' kill my agent.
3127,0,0,16,16,1.0,0.06454972243679027,563,Ah so that's what North Korea's been hiding.
3127,0,0,16,16,1.0,0.06454972243679027,563,I think the 'Pet Appreciation Day' committee has gone a kibble too far
3127,0,0,17,17,1.0,0.06063390625908324,563,This ratrace is killing me.
3127,0,0,16,16,1.0,0.06454972243679027,563,"Hey, listen, I gotta run."
3127,0,0,16,16,1.0,0.06454972243679027,563,Honey... I won't be home for dinner... I'm caught up in this rat race!
3127,0,0,17,17,1.0,0.06063390625908324,563,Run the German office? I thought you said gerbil.
3127,0,0,16,16,1.0,0.06454972243679027,563,I don't know how they expect me to do my business in here with the door left open.
3127,0,0,16,16,1.0,0.06454972243679027,563,"Start without me, I'm running late."
3127,0,0,16,16,1.0,0.06454972243679027,563,"Good afternoon, this is Richard Gere's office, how may I help you?"
3127,0,0,17,17,1.0,0.06063390625908324,563,"Yes, Mr. President it's Sean, so is referencing Italian dressing allowed or no?"
3127,0,0,16,16,1.0,0.06454972243679027,563,I'll eat you alive like you were one of my own young.
3127,0,0,16,16,1.0,0.06454972243679027,563,I think I'm gaining on it. I think I'm gaining on it. I think I'm gaining ....
3127,0,0,16,16,1.0,0.06454972243679027,563,I'm spinning my wheels on this petfood account.
3127,0,0,16,16,1.0,0.06454972243679027,563,I have become my own metaphor.
3127,0,0,16,16,1.0,0.06454972243679027,563,"...Yeah, I just can't get ahead either."
3127,0,0,16,16,1.0,0.06454972243679027,563,It's alright. They'll let me off after my retirement party.
3127,0,0,16,16,1.0,0.06454972243679027,563,"Running in circle? that 's fake news, this is an action of keeping balance on top of surging currents."
3127,0,0,16,16,1.0,0.06454972243679027,563,Maybe one day she'll go out with me
3127,0,0,16,16,1.0,0.06454972243679027,563,"Next, I'm going to ride a painted pony!"
3127,0,0,16,16,1.0,0.06454972243679027,563,Where's a good squirrel when you need one?
3127,0,0,16,16,1.0,0.06454972243679027,563,I wouldn't call it a rat race.
3127,0,0,16,16,1.0,0.06454972243679027,563,London looks so small from way up here.
3127,0,0,16,16,1.0,0.06454972243679027,563,I'm just so glad to be out of the rat race!
3127,0,0,16,16,1.0,0.06454972243679027,563,Bob felt he was going around in circles in his career at Hamster Corporation.
3127,0,0,17,17,1.0,0.06063390625908324,563,Good news! I quit the rat race!
3127,0,0,16,16,1.0,0.06454972243679027,563,"Meanwhile, at the Life as a Metaphor company . . . ."
3127,0,0,16,16,1.0,0.06454972243679027,563,"When she told me I was in her 'wheel house,' I didn't take it literally!"
3127,0,0,16,16,1.0,0.06454972243679027,563,Bob took his work as an energy drink scientist a bit seriously.
3127,0,0,16,16,1.0,0.06454972243679027,563,"29 years, 10 months, 3 weeks, 5 days, 3 hours, and 33 seconds left."
3127,0,0,17,17,1.0,0.06063390625908324,563,Do you ever feel like you're going nowhere fast?
3127,0,0,17,17,1.0,0.06063390625908324,563,New office water cooler tactics.
3127,0,0,16,16,1.0,0.06454972243679027,563,I'm coming. I'll be there as fast as I can.
3127,0,0,16,16,1.0,0.06454972243679027,563,"I’m just spinning my wheel here at The New Yorker, Dad."
3127,0,0,16,16,1.0,0.06454972243679027,563,Pooped out.
3127,0,0,16,16,1.0,0.06454972243679027,563,"After my old job was outsourced, they moved me to our alternative energy department."
3127,0,0,16,16,1.0,0.06454972243679027,563,Must. Not. Leave. Door. Open.
3127,0,0,16,16,1.0,0.06454972243679027,563,Memoirs of the millennial rat race - Brooklyn loft edition.
3127,0,0,17,17,1.0,0.06063390625908324,563,I was warned it was hard to get ahead at this startup!
3127,0,0,16,16,1.0,0.06454972243679027,563,I love when I have time to roll in the Benjamins.
3127,0,0,16,16,1.0,0.06454972243679027,563,This isn't what I meant by a stand up desk...
3127,0,0,16,16,1.0,0.06454972243679027,563,Word from upstairs is I could be headed for a better place.
3127,0,0,16,16,1.0,0.06454972243679027,563,"Silicon Valley Hospice? Bring the car around, I'm running late."
3127,0,0,16,16,1.0,0.06454972243679027,563,Fitbit is taking it to the next level.
3127,0,0,16,16,1.0,0.06454972243679027,563,"Jim knew, to keep the corner office he would have to make some progress."
3127,0,0,16,16,1.0,0.06454972243679027,563,Dear Diary: I've finally removed all the unnecessary equipment out of my office.
3127,0,0,16,16,1.0,0.06454972243679027,563,This treadmill desk doesn't quite match the product description.
3127,0,0,16,16,1.0,0.06454972243679027,563,At least you got somewhere in the rat race.
3127,0,0,16,16,1.0,0.06454972243679027,563,A rat race? Tell me about it.
3127,0,0,16,16,1.0,0.06454972243679027,563,I'm running for Congress.
3127,0,0,18,18,1.0,0.05716619504750295,563,This is the best day ever! I've always wanted to be a hamster! AND its in my office!
3127,0,0,16,16,1.0,0.06454972243679027,563,Not sure Zumba for hamsters will catch on.......
3127,0,0,17,17,1.0,0.06063390625908324,563,"News reporter: ""The President is giving me the runaround when I try getting a legitimate status on projects."""
3127,0,0,16,16,1.0,0.06454972243679027,563,This job is turning into a real rat race!
3127,0,0,16,16,1.0,0.06454972243679027,563,I'll have my gerbil call your gerbil.
3127,0,0,16,16,1.0,0.06454972243679027,563,"I don't mind the wheel so much, I just wish they would change the wood shavings more often."
3127,0,0,16,16,1.0,0.06454972243679027,563,"I'm almost at my target weight, and I'm getting closer to my door-prize every day!"
3127,0,0,16,16,1.0,0.06454972243679027,563,"When the recruiter said 'employee fitness program,' this is not what I had in mind."
3127,0,0,16,16,1.0,0.06454972243679027,563,"It's makes a lot of noise and it goes nowhere, kinda like a Trumpmobile."
3127,0,0,16,16,1.0,0.06454972243679027,563,Now they're threatening to outsource our jobs to a large hampster farm in India
3127,0,0,16,16,1.0,0.06454972243679027,563,"Honey, the rats keep winning the race."
3127,0,0,16,16,1.0,0.06454972243679027,563,This is the worst rat race I've ever run
3127,0,0,16,16,1.0,0.06454972243679027,563,I'm just three minutes away. See you soon.
3127,0,0,17,17,1.0,0.06063390625908324,563,I now know what the wheel was invented for.
3127,0,0,16,16,1.0,0.06454972243679027,563,"Hi, Honey, I'm craving lettuce and carrots for dinner again."
3127,0,0,16,16,1.0,0.06454972243679027,563,"Yes sir, Mr. Pavlov, I really think we're onto something!"
3127,0,0,17,17,1.0,0.06063390625908324,563,At least in the good old days I could get somewhere in the rat race.
3127,0,0,17,17,1.0,0.06063390625908324,563,"I tried the elevated desk , the kneel in place desk, but this is the only one that feels so revolutionary ."
3127,0,0,16,16,1.0,0.06454972243679027,563,If I ditch the clothes I'll beat the record.
3127,0,0,16,16,1.0,0.06454972243679027,563,Nice pic of the wealth economic model. Can we see one of a planetary sustainability economic model?
3127,0,0,16,16,1.0,0.06454972243679027,563,"I can work round the clock, boss. Problem is - dad always said "" don't let them see you sweat ........"""
3127,0,0,16,16,1.0,0.06454972243679027,563,There's no stopping me now.
3127,0,0,17,17,1.0,0.06063390625908324,563,How to cure unemployment.
3127,0,0,17,17,1.0,0.06063390625908324,563,I know the hamsters appreciate the shavings but they don't run in pants.
3127,0,0,16,16,1.0,0.06454972243679027,563,"So that's 100 pounds of wood shavings and 10 large bags of alfalfa pellets, right?"
3127,0,0,16,16,1.0,0.06454972243679027,563,My boss calls it the corporate wheel. You get nowhere!
3127,0,0,16,16,1.0,0.06454972243679027,563,I feel like I'm just spinning my wheels.
3127,0,0,16,16,1.0,0.06454972243679027,563,A glimpse in the life: FTD teleflora logo working the phones.
3127,0,0,16,16,1.0,0.06454972243679027,563,Lemme call you back. I just got to work.
3127,0,0,16,16,1.0,0.06454972243679027,563,"Hello, Paul Ryan here."
3127,0,0,16,16,1.0,0.06454972243679027,563,I've got to pee and you know this metaphor only goes so far!
3127,0,0,16,16,1.0,0.06454972243679027,563,It's either poor reception or the food in my cheeks.
3127,0,0,16,16,1.0,0.06454972243679027,563,Someone close the door. The giant cat got loose again.
3127,0,0,16,16,1.0,0.06454972243679027,563,running wild like the animals in in the wilderness
3127,0,0,16,16,1.0,0.06454972243679027,563,"God, I've been on hold so long I could just nibble my bars!"
3127,0,0,16,16,1.0,0.06454972243679027,563,"If they filled this thing with beer, I would train for a marathon."
3127,0,0,16,16,1.0,0.06454972243679027,563,This conversation feels like it's going in circles.
3127,0,0,16,16,1.0,0.06454972243679027,563,I think John took the meaning of spirit animal a little too seriously
3127,0,0,17,17,1.0,0.06063390625908324,563,Can't ....... talk........ must get....... to....... work......
3127,0,0,16,16,1.0,0.06454972243679027,563,"I was getting tired of the rat race, so I decided to try the hamster wheel."
3127,0,0,16,16,1.0,0.06454972243679027,563,"Yes Mr. Baily, But why the tie?"
3127,0,0,16,16,1.0,0.06454972243679027,563,Kyoto will have to start without us; we're running a little late.
3127,0,0,16,16,1.0,0.06454972243679027,563,I knew it was a mistake to but that Fitbit.
3127,0,0,16,16,1.0,0.06454972243679027,563,"One large pie. No bread, no sauce."
3127,0,0,16,16,1.0,0.06454972243679027,563,I've come full circle on that issue.
3127,0,0,16,16,1.0,0.06454972243679027,563,the boss has me running around in circles! every day!!!
3127,0,0,16,16,1.0,0.06454972243679027,563,deep inside the generator lies the heart of a hamster...and cedar chips
3127,0,0,16,16,1.0,0.06454972243679027,563,"Higgins, a little slow on the draw was told to pick up the pace or risk being the unemployee of the month."
3127,0,0,16,16,1.0,0.06454972243679027,563,I'll get to you in another 10 pound loss.
3127,0,0,16,16,1.0,0.06454972243679027,563,I wish this thing would stop!
3127,0,0,16,16,1.0,0.06454972243679027,563,I'm beginning to question my career path.
3127,0,0,16,16,1.0,0.06454972243679027,563,The Capitalist proletariat.
3127,0,0,16,16,1.0,0.06454972243679027,563,I'm depressed that I'm not getting anywhere in my career.
3127,0,0,16,16,1.0,0.06454972243679027,563,For fun? I run the Boston Marathon and drink water.
3127,0,0,16,16,1.0,0.06454972243679027,563,"I've joined the rat race, but I'm in the workout room now."
3127,0,0,16,16,1.0,0.06454972243679027,563,"Hey, come back. Don't leave me like this!"
3127,0,0,16,16,1.0,0.06454972243679027,563,I wonder if HR would move me to a bigger cage...
3127,0,0,16,16,1.0,0.06454972243679027,563,Perhaps I need to take these fitbit goals less seriously
3127,0,0,16,16,1.0,0.06454972243679027,563,Have you considered Solar?
3127,0,0,16,16,1.0,0.06454972243679027,563,"Help, I'm on a treadmill and I can't get off!"
3127,0,0,16,16,1.0,0.06454972243679027,563,I feel like I'm making good progress here.
3127,0,0,16,16,1.0,0.06454972243679027,563,The rat race.
3127,0,0,17,17,1.0,0.06063390625908324,563,Don-Don? Ry-Guy. I. Uh. Have. Uh. Some - thing. Uh. Well. Great. Yes. Again. Bye.
3127,0,0,16,16,1.0,0.06454972243679027,563,I'm on a roll!
3127,0,0,16,16,1.0,0.06454972243679027,563,"I'm just filling in for Mrs. Nibbles, while she's on maternity leave."
3127,0,0,16,16,1.0,0.06454972243679027,563,"Yeah, it's a real hamster race out there!"
3127,0,0,16,16,1.0,0.06454972243679027,563,We can rebuild him. We have the technology.
3127,0,0,16,16,1.0,0.06454972243679027,563,I do it for the benefits.
3127,0,0,16,16,1.0,0.06454972243679027,563,Help! I'm trapped in a metaphor!
3127,0,0,16,16,1.0,0.06454972243679027,563,"I can't talk right now, I have to run."
3127,0,0,16,16,1.0,0.06454972243679027,563,I get this awesome hamster high afterwards.
3127,0,0,16,16,1.0,0.06454972243679027,563,Seven habits of highly successful people? I've reduced them to one!
3127,0,0,16,16,1.0,0.06454972243679027,563,"Sorry honey, I'll be late for dinner. My Fitbit algorithm says I have to meet the required acceleration threshold."
3127,0,0,16,16,1.0,0.06454972243679027,563,Let's circle back on that.
3127,0,0,16,16,1.0,0.06454972243679027,563,my water bottle's full of piss
3127,0,0,16,16,1.0,0.06454972243679027,563,"""I.M.Rodentia,PhD begins his first day at work immediately after his NIH contract was ratified."" Frank Ryning, San Francisco, CA"
3127,0,0,16,16,1.0,0.06454972243679027,563,Clockwise. Why always clockwise?
3127,0,0,16,16,1.0,0.06454972243679027,563,Great! Keep me in the loop.
3127,0,0,16,16,1.0,0.06454972243679027,563,Roll on Friday
3127,0,0,16,16,1.0,0.06454972243679027,563,"Can't talk, Honey. Gotta run!"
3127,0,0,16,16,1.0,0.06454972243679027,563,"Sorry it's taking so long Ma'am, I'm running in circles to figure the problem out as we speak."
3127,0,0,16,16,1.0,0.06454972243679027,563,"Yes ma'am, I'll place the order as soon as our technology integration is in place."
3127,0,0,16,16,1.0,0.06454972243679027,563,"Ill show these young punks. I can be more hamster than all of them, no beard required."
3127,0,0,16,16,1.0,0.06454972243679027,563,"Sorry, I'll be home late tonight. Yeah, there was an accident in the tube."
3127,0,0,17,17,1.0,0.06063390625908324,563,"My boss is taking this ""big cheese"" thing way too seriously."
3127,0,0,16,16,1.0,0.06454972243679027,563,What I object to mostly is the simple indignity of it all.
3127,0,0,16,16,1.0,0.06454972243679027,563,"Honey, I am caught in a rat race and cannot get out. I really mean it this time."
3127,0,0,16,16,1.0,0.06454972243679027,563,"'Of course I'm climbing dear. I never said up."""
3127,0,0,17,17,1.0,0.06063390625908324,563,"Honey, I'm gonna be home a little late today—the boss is really squeaking at me."
3127,0,0,16,16,1.0,0.06454972243679027,563,I'll circle back to that soon.
3127,0,0,16,16,1.0,0.06454972243679027,563,Let's bump my 2:30 to 3 and move it to the executive Habitrail.
3127,0,0,16,16,1.0,0.06454972243679027,563,"Oh, nothing much...just running around."
3127,0,0,16,16,1.0,0.06454972243679027,563,"I agree, life IS a rat-race!"
3127,0,0,16,16,1.0,0.06454972243679027,563,"As soon as I finish this rat race, I'll join you."
3127,0,0,16,16,1.0,0.06454972243679027,563,Luckily I'm not on a treadmill like my co-workers.
3127,0,0,16,16,1.0,0.06454972243679027,563,I'm calling to tell you about the company's new wellness program.
3127,0,0,16,16,1.0,0.06454972243679027,563,I want to empathize with my tiny pet.
3127,0,0,16,16,1.0,0.06454972243679027,563,Of course I wouldn't cheat on your Fit bit challenge! Just a normal day for me.
3127,0,0,16,16,1.0,0.06454972243679027,563,"Honey, I shrunk myself...to find affordable housing in New York."
3127,0,0,16,16,1.0,0.06454972243679027,563,Let me circle back to you on that one
3127,0,0,17,17,1.0,0.06063390625908324,563,"'It's a revolutionary design, but stil i feel like we are getting nowhere."""
3127,0,0,16,16,1.0,0.06454972243679027,563,"They told me I'd be an assistant, running around...."
3127,0,0,16,16,1.0,0.06454972243679027,563,My job is more important and less stressful than it looks.
3127,0,0,16,16,1.0,0.06454972243679027,563,"""How'bout YOU? Do you find me hard to handle?"
3127,0,0,16,16,1.0,0.06454972243679027,563,It looks like Dd did the image out of a Wood Block. Way to much negative space.
3127,0,0,16,16,1.0,0.06454972243679027,563,"If you can't beat em, join em!"
3127,0,0,16,16,1.0,0.06454972243679027,563,Ralph Lauren interviews a candidate for its Office Pants Testing Team.
3127,0,0,16,16,1.0,0.06454972243679027,563,"Carol I'm going to be home late, can you leave out some dinner for me? ... Thanks honey... Two or three pellets is fine."
3127,0,0,17,17,1.0,0.06063390625908324,563,"Apparently, it's something I do periodically."
3127,0,0,16,16,1.0,0.06454972243679027,563,How's my day at work? The usual rat race.
3127,0,0,16,16,1.0,0.06454972243679027,563,I know I told you to keep me in the loop but now I want out.
3127,0,0,16,16,1.0,0.06454972243679027,563,Introducing the all new 'Hamster' line of home exercise equipment.
3127,0,0,16,16,1.0,0.06454972243679027,563,Wow! Interesting!
3127,0,0,16,16,1.0,0.06454972243679027,563,I'm getting in touch with my inner hamster
3127,0,0,16,16,1.0,0.06454972243679027,563,Telecommuting...so great to be out of the rat race!
3127,0,0,17,17,1.0,0.06063390625908324,563,"Where's the Big Cheese's office? At the other end of the building--pretty tricky to find, actually."
3127,0,0,16,16,1.0,0.06454972243679027,563,TRUST THIS WON'T BE TOO HARD TO SET UP OUTSIDE NOW THAT WEATHER WILL ALLOW.
3127,0,0,16,16,1.0,0.06454972243679027,563,Chuck knew how to get ahead in Gerbilopolis.
3127,0,0,16,16,1.0,0.06454972243679027,563,ACME treadmills? Yeah how do I get off this thing?
3127,0,0,16,16,1.0,0.06454972243679027,563,Soulcycle is so last week.
3127,0,0,16,16,1.0,0.06454972243679027,563,"Maybe I should rethink that ""open door"" policy?"
3127,0,0,16,16,1.0,0.06454972243679027,563,Cheaper than a gym membership.
3127,0,0,16,16,1.0,0.06454972243679027,563,What...Mika is only going to work 3 days a week?
3127,0,0,16,16,1.0,0.06454972243679027,563,Are you sure this will get me into the Rat Pack?
3127,0,0,16,16,1.0,0.06454972243679027,563,I can't leave while I'm on the verge of a breakthrough.
3127,0,0,17,17,1.0,0.06063390625908324,563,"Whether you're just training for a marathon or storing electricity for an EMP, you need a 'Herbie Hamster Gen-Wheel' for your family. Order now!"
3127,0,0,16,16,1.0,0.06454972243679027,563,NEW YORK THINKS IM STUPID I KNOW IM CHARGHING THE ESPRESSO MACHINE.
3127,0,0,16,16,1.0,0.06454972243679027,563,I like the new virtual reality desk.
3127,0,0,16,16,1.0,0.06454972243679027,563,I guess this is my life now.
3127,0,0,17,17,1.0,0.06063390625908324,563,I will repeal and replace Obamacare. It will be HUGE!
3127,0,0,16,16,1.0,0.06454972243679027,563,I'm the pellet winner in the family.
3127,0,0,16,16,1.0,0.06454972243679027,563,"I know I missed the deadline, but I feel like I'm making real progress today."
3127,0,0,16,16,1.0,0.06454972243679027,563,Introducing an exercise wheel working men can actually enjoy!
3127,0,0,16,16,1.0,0.06454972243679027,563,eVER GET THAT FEELING YOU ARE JUST RUNNING ROUND IN CIRCLES
3127,0,0,16,16,1.0,0.06454972243679027,563,"MR WIZARD,I DON'T WANT TO BE A HAMSTER!"
3127,0,0,17,17,1.0,0.06063390625908324,563,"Progress Department, Washington, DC."
3127,0,0,17,17,1.0,0.06063390625908324,563,"No, I'm not in the office. I am in the park, jogging. I love the outdoors."
3127,0,0,16,16,1.0,0.06454972243679027,563,I wasn't lying when I said I'm out working.
3127,0,0,16,16,1.0,0.06454972243679027,563,Note to self --- Essential Benefits may be over-rated.
3127,0,0,16,16,1.0,0.06454972243679027,563,I am winning this rat-race!
3127,0,0,16,16,1.0,0.06454972243679027,563,See you around.
3127,0,0,16,16,1.0,0.06454972243679027,563,How many more rounds are there?
3127,0,0,16,16,1.0,0.06454972243679027,563,Let me ask you this. How much do you have in shavings right now?
3127,0,0,16,16,1.0,0.06454972243679027,563,Your job is like a hamster wheel it keeps going and if you don't keep up you will be caught up in it.
3127,0,0,16,16,1.0,0.06454972243679027,563,"By instituting renewable energy producing methods, not only can employees still take calls, but they can also produce enough electricity to power the lightbulb in this room."
3127,0,0,16,16,1.0,0.06454972243679027,563,"Before this, they had me sitting on a stability ball, and then there was the standing desk..."
3127,0,0,17,17,1.0,0.06063390625908324,563,"Bring in a sandwich, a diaper and sign my name to the contract."
3127,0,0,16,16,1.0,0.06454972243679027,563,How'd that rat get to take vacation during the height of our busy season?
3127,0,0,17,17,1.0,0.06063390625908324,563,We tell all the new guys this is how Don Draper got started.
3127,0,0,16,16,1.0,0.06454972243679027,563,Bob somehow failed to spell hamstring correctly when signing into physical therapy.
3127,0,0,16,16,1.0,0.06454972243679027,563,Hello this is Ben. No really!!!
3127,0,0,16,16,1.0,0.06454972243679027,563,I shouldnt have said that treadmill was old school.
3127,0,0,16,16,1.0,0.06454972243679027,563,I'm sure I'll reach the exit soon.
3127,0,0,16,16,1.0,0.06454972243679027,563,I feel like I'm not going anywhere in this office.
3127,0,0,16,16,1.0,0.06454972243679027,563,I didn't imagine this is how I'll be running the company.
3127,0,0,16,16,1.0,0.06454972243679027,563,"Despite the company's new open door policy, I am still spinning my wheels."
3127,0,0,16,16,1.0,0.06454972243679027,563,"No, I'm not speaking figuratively!"
3127,0,0,16,16,1.0,0.06454972243679027,563,Legislative progress.
3127,0,0,16,16,1.0,0.06454972243679027,563,Someone shut the door. There is a draft in here.
3127,0,0,16,16,1.0,0.06454972243679027,563,"Do you credit your success, Dr. Rodentia, to revolutions or evolution?"
3127,0,0,16,16,1.0,0.06454972243679027,563,"Yeah, well, I say the middle manager is a metaphor for ME."
3127,0,0,16,16,1.0,0.06454972243679027,563,This is 426-7837
3127,0,0,16,16,1.0,0.06454972243679027,563,Using hamsters to generate electricity takes away American jobs.
3127,0,0,16,16,1.0,0.06454972243679027,563,"When I told that Genie that I wished to have a simple life like a hamster, this isn't what I had in mind."
3127,0,0,16,16,1.0,0.06454972243679027,563,I've got one foot out the . . . one foot out the . . . one foot out the . . .
3127,0,0,16,16,1.0,0.06454972243679027,563,The company wellness plan has me well-positioned to win the rat race.
3127,0,0,16,16,1.0,0.06454972243679027,563,I need this promotion.
3127,0,0,16,16,1.0,0.06454972243679027,563,Standing desks are so 2016.
3127,0,0,16,16,1.0,0.06454972243679027,563,Pop goes the weasel.
3127,0,0,16,16,1.0,0.06454972243679027,563,James very quickly started to question his decision to forego the fancier gym to save a buck.
3127,0,0,16,16,1.0,0.06454972243679027,563,I was better when I was a squirrel
3127,0,0,17,17,1.0,0.06063390625908324,563,I found a new way to keep my phone charged.
3127,0,0,16,16,1.0,0.06454972243679027,563,I can only take running orders.
3127,0,0,16,16,1.0,0.06454972243679027,563,One more hour on the wheel and I will have my iWatch charged...
3127,0,0,16,16,1.0,0.06454972243679027,563,Training to be a member of Trump's Cabinet.
3127,0,0,16,16,1.0,0.06454972243679027,563,"Have you heard of that new app, HeadSpace?"
3127,0,0,17,17,1.0,0.06063390625908324,563,All I did was ask for a slice of cheese on my sandwich.
3127,0,0,16,16,1.0,0.06454972243679027,563,We’ve had to be creative in meeting our clean energy goals since they cut the DOE budget.
3127,0,0,16,16,1.0,0.06454972243679027,563,Be home soon hon. There's no traffic.
3127,0,0,16,16,1.0,0.06454972243679027,563,With just four easy payments of $49.99 you too could see results in just 30 days
3127,0,0,17,17,1.0,0.06063390625908324,563,"Lisa, show Mr. Johnson in. This place is a maze."
3127,0,0,16,16,1.0,0.06454972243679027,563,"Speaker Ryan to Maintenance - ""send vacuum - Freedom Caw-Cuss is molting in Congressional Gym."""
3127,0,0,16,16,1.0,0.06454972243679027,563,The latest piece of equipment in the Congressional gym
3127,0,0,16,16,1.0,0.06454972243679027,563,For some reason this doesn't feel like the corporate ladder.
3127,0,0,16,16,1.0,0.06454972243679027,563,You wanna talk about the rat race?! I will tell you about the rat race!
3127,0,0,16,16,1.0,0.06454972243679027,563,I'm preparing to be a U.S. Congressman.
3127,0,0,16,16,1.0,0.06454972243679027,563,Lunch? Think I'll nibble on a salad.
3127,0,0,16,16,1.0,0.06454972243679027,563,Where gerbils are king!
3127,0,0,16,16,1.0,0.06454972243679027,563,"I better run, the mouse will be here to record my activity anytime now."
3127,0,0,17,17,1.0,0.06063390625908324,563,"The cat's away, but to be honest I don't feel like I'm taking full advantage."
3127,0,0,16,16,1.0,0.06454972243679027,563,Our new onsite workout room is paying for itself already.
3127,0,0,16,16,1.0,0.06454972243679027,563,"Stall them, I'm almost there."
3127,0,0,16,16,1.0,0.06454972243679027,563,"...and, this is our Employee of the Month."
3127,0,0,16,16,1.0,0.06454972243679027,563,Are you kidding? These beats being a Congressman all to hell!
3127,0,0,16,16,1.0,0.06454972243679027,563,Bob took everything literally.
3127,0,0,16,16,1.0,0.06454972243679027,563,"I'm telling you, hamster owners will LOVE this new treadmill."
3127,0,0,16,16,1.0,0.06454972243679027,563,Shredded newspaper in my office is not better than a key to the executive washroom!
3127,0,0,17,17,1.0,0.06063390625908324,563,"Yes dear, moving up! I got a sweet office window."
3127,0,0,16,16,1.0,0.06454972243679027,563,"Well, to tell you the truth Bob, it was easier being a hamster...."
3127,0,0,16,16,1.0,0.06454972243679027,563,"The wheel and water bottle make sense, but are the wood chips really necessary given that I am wearing pants?"
3127,0,0,16,16,1.0,0.06454972243679027,563,"I am telling you, telemarketing is just like being on a hamster wheel."
3127,0,0,16,16,1.0,0.06454972243679027,563,"Secretary of Energy, Rick Perry explains to 'lazy welfare recipients' who voted for him how to save $0.15 a year on electricity"
3127,0,0,16,16,1.0,0.06454972243679027,563,This sure beats the gerbil wheel!
3127,0,0,16,16,1.0,0.06454972243679027,563,Not the snake! I'll keep running!
3127,0,0,16,16,1.0,0.06454972243679027,563,Even healthier than the standing desk.
3127,0,0,16,16,1.0,0.06454972243679027,563,THIS IS WHAT I CALL MAKING EXCELLANT PROGRESS !
3127,0,0,16,16,1.0,0.06454972243679027,563,Hooking this new exercise wheel to the corporate grid is not the cost-cutting answer
3127,0,0,16,16,1.0,0.06454972243679027,563,Let's reschedule. I'm feeling a little squirrelly today.
3127,0,0,16,16,1.0,0.06454972243679027,563,This is great. I can shit wherever I want.
3127,0,0,16,16,1.0,0.06454972243679027,563,But I refuse to eat GMO's
3127,0,0,17,17,1.0,0.06063390625908324,563,Slimer selfie on the way!
3127,0,0,16,16,1.0,0.06454972243679027,563,"Yes! During the interview, they did say that the work-life balance can become challenging for this position!"
3127,0,0,16,16,1.0,0.06454972243679027,563,My calories for this quarter are down 5%.
3127,0,0,16,16,1.0,0.06454972243679027,563,"Good news Hon, they've promoted me from the Rat Race to the Hamster Race!"
3127,0,0,16,16,1.0,0.06454972243679027,563,The Ferris wheel is wearing a pineapple for a hat and the man is wearing pizza with olives for a hat
3127,0,0,16,16,1.0,0.06454972243679027,563,I feel like I'm really getting somewhere.
3127,0,0,16,16,1.0,0.06454972243679027,563,At least Sisyphus got a little down time.
3127,0,0,16,16,1.0,0.06454972243679027,563,New shape of the corporate ladder.
3127,0,0,17,17,1.0,0.06063390625908324,563,"I'm late, I'm late, for a very important date."
3127,0,0,16,16,1.0,0.06454972243679027,563,"Viewers, this is one giant gerbil wheel, and one very messy floor."
3127,0,0,16,16,1.0,0.06454972243679027,563,Around here the squeaky wheel gets the grease.
3127,0,0,16,16,1.0,0.06454972243679027,563,I am the big cheese.
3127,0,0,16,16,1.0,0.06454972243679027,563,Got...to...close...the door.
3127,0,0,16,16,1.0,0.06454972243679027,563,The genome sequence of the hamster is supposed to be comparable to ours.
3127,0,0,16,16,1.0,0.06454972243679027,563,"If I stay just another half hour, they'll pay for my dinner."
3127,0,0,17,17,1.0,0.06063390625908324,563,I am tired of being treated like a hamster on a wheel.
3127,0,0,16,16,1.0,0.06454972243679027,563,We're all just chained to the rhythm
3127,0,0,16,16,1.0,0.06454972243679027,563,You ever feel like you're just running in circles?
3127,0,0,16,16,1.0,0.06454972243679027,563,He said he would circle back once he had the bandwidth...
3127,0,0,16,16,1.0,0.06454972243679027,563,"Sorry Honey, I'm running late."
3127,0,0,16,16,1.0,0.06454972243679027,563,That's it! Now I think we're getting somewhere!
3127,0,0,16,16,1.0,0.06454972243679027,563,Quick! Call me a taxi!
3127,0,0,17,17,1.0,0.06063390625908324,563,"Honey, I'll be late for dinner. I've been running in circles all day long."
3127,0,0,16,16,1.0,0.06454972243679027,563,Nike running lab. How may I direct your call?
3127,0,0,16,16,1.0,0.06454972243679027,563,Sure seems like a rat race to me.
3127,0,0,16,16,1.0,0.06454972243679027,563,"Unfortunately, this is all that's left of the Clean Power Plan."
3127,0,0,16,16,1.0,0.06454972243679027,563,"Well, so much for the rat race."
3127,0,0,16,16,1.0,0.06454972243679027,563,We need a better carpet pattern up here in the break room
3127,0,0,16,16,1.0,0.06454972243679027,563,"When the chips are down, I hop on the treadmill."
3127,0,0,16,16,1.0,0.06454972243679027,563,I'm not giving you the runaround.
3127,0,0,16,16,1.0,0.06454972243679027,563,"Honestly, I prefer the rat race."
3127,0,0,16,16,1.0,0.06454972243679027,563,"''Yes, it's for a refund... I'm afraid I was sent the wrong metaphor.''"
3127,0,0,16,16,1.0,0.06454972243679027,563,OK spinners... time for super-cardio paper shredding and weight shedding!!
3127,0,0,16,16,1.0,0.06454972243679027,563,The hi-carb low-carbon energy plan is a runaway success!
3127,0,0,16,16,1.0,0.06454972243679027,563,they call this technology ?
3127,0,0,16,16,1.0,0.06454972243679027,563,Due to company cut backs this is our new gym.
3127,0,0,17,17,1.0,0.06063390625908324,563,"Nine hundred and ninety nine bottles of beer on the wall, one million bottles of beer"
3127,0,0,16,16,1.0,0.06454972243679027,563,Introducing the next generation standing desk!
3127,0,0,16,16,1.0,0.06454972243679027,563,"... a large ""Dried vegetables and seeds over hay"", and a side of pellets..... How long will that be?"
3127,0,0,17,17,1.0,0.06063390625908324,563,The boss thinks I could really go places.
3127,0,0,16,16,1.0,0.06454972243679027,563,Honey have one the kids clean out the litter box.
3127,0,0,16,16,1.0,0.06454972243679027,563,do we have life off yet?
3127,0,0,16,16,1.0,0.06454972243679027,563,It was great. We went to Florida and rented an aquarium.
3127,0,0,16,16,1.0,0.06454972243679027,563,"Yeah, work's the same ol'rat race, how 'bout you"
3127,0,0,16,16,1.0,0.06454972243679027,563,I like to think of it as a fitness opportunity; before this all I had was a standing desk.
3127,0,0,16,16,1.0,0.06454972243679027,563,I'll jump into my ball and bring the papers to you myself.
3127,0,0,16,16,1.0,0.06454972243679027,563,Hamster Intelligence
3127,0,0,16,16,1.0,0.06454972243679027,563,I'll call you when I get there
3127,0,0,16,16,1.0,0.06454972243679027,563,"Hi, it's Mike from Habitrail."
3127,0,0,16,16,1.0,0.06454972243679027,563,I wonder how my hamsters are doing at work.
3127,0,0,16,16,1.0,0.06454972243679027,563,"Marge, check the availability of the corporate ladder climber."
3127,0,0,16,16,1.0,0.06454972243679027,563,My promotion is right around the corner!
3127,0,0,16,16,1.0,0.06454972243679027,563,What is they say? What doesn't kill you makes you stronger?
3127,0,0,16,16,1.0,0.06454972243679027,563,We’ve got to get a generator.
3127,0,0,17,17,1.0,0.06063390625908324,563,"Peloton, shmeloton!"
3127,0,0,16,16,1.0,0.06454972243679027,563,Taylorism has gone too far!
3127,0,0,16,16,1.0,0.06454972243679027,563,Did I set the timer ?
3127,0,0,16,16,1.0,0.06454972243679027,563,"The human hamster set a new office record, 25 miles . In hamspster miles 1055."
3127,0,0,16,16,1.0,0.06454972243679027,563,Can you believe my boss insisted on my wearing the black tie to work?
3127,0,0,16,16,1.0,0.06454972243679027,563,"Ok, I'll circle back with him tomorrow."
3127,0,0,16,16,1.0,0.06454972243679027,563,Who puts cedar shavings in a gym?
3127,0,0,16,16,1.0,0.06454972243679027,563,Nevermind! It's working now.
3127,0,0,16,16,1.0,0.06454972243679027,563,It was easier to manage Hank once he gave up his delusion of being a field mouse.
3127,0,0,16,16,1.0,0.06454972243679027,563,Be there in 5.
3127,0,0,16,16,1.0,0.06454972243679027,563,Planet of the Gerbils
3127,0,0,16,16,1.0,0.06454972243679027,563,"Please honey, no cheese tonight."
3127,0,0,16,16,1.0,0.06454972243679027,563,"No, once I got the rhythm, the marriage of tenure and renewable energy dovetailed nicely."
3127,0,0,17,17,1.0,0.06063390625908324,563,Looks like I'm still the teacher's pet!
3127,0,0,16,16,1.0,0.06454972243679027,563,Good news honey. Remember how I promised to get out of the rat race?
3127,0,0,17,17,1.0,0.06063390625908324,563,"If you can't beat em, join em!"
3127,0,0,16,16,1.0,0.06454972243679027,563,"Next step, spend some hours watching Fox News."
3127,0,0,16,16,1.0,0.06454972243679027,563,"Well, I'm tired of getting the runaround."
3127,0,0,16,16,1.0,0.06454972243679027,563,How about some ham stir fry tonight.
3127,0,0,16,16,1.0,0.06454972243679027,563,"Around here it's the same old, same old."
3127,0,0,16,16,1.0,0.06454972243679027,563,Mastering spin control.
3127,0,0,17,17,1.0,0.06063390625908324,563,"...and the best part is, I get to work from home!"
3127,0,0,16,16,1.0,0.06454972243679027,563,If I could only figure out a way out of this place.
3127,0,0,16,16,1.0,0.06454972243679027,563,This was the only gym my insurance covered under Trumpcare.
3127,0,0,16,16,1.0,0.06454972243679027,563,Scientology SeaOrg 10k training regime at the platinum lebel
3127,0,0,16,16,1.0,0.06454972243679027,563,I got out of the rat race. Now I'm in the hamster race.
3127,0,0,16,16,1.0,0.06454972243679027,563,"'Learning curve?' Mother, please... you're losing your touch."
3127,0,0,16,16,1.0,0.06454972243679027,563,"Sustainable, renewable energy technology."
3127,0,0,17,17,1.0,0.06063390625908324,563,Why must I wait 'til 6.pm to have my first Scotch?
3127,0,0,16,16,1.0,0.06454972243679027,563,It looked a lot easier when the hamster did it.
3127,0,0,16,16,1.0,0.06454972243679027,563,"No, no, no. SoulSuckle - it's totally different!"
3127,0,0,16,16,1.0,0.06454972243679027,563,Standing desks were so last year
3127,0,0,16,16,1.0,0.06454972243679027,563,"Hello,Fred Hampster here,Think error made on exercise equipment delivered.."
3127,0,0,16,16,1.0,0.06454972243679027,563,I'm running in circles.
3127,0,0,17,17,1.0,0.06063390625908324,563,Management overreacted when Bill asked for a standing desk.
3127,0,0,17,17,1.0,0.06063390625908324,563,"Honey, I swear I'm not a rat!"
3127,0,0,16,16,1.0,0.06454972243679027,563,I'm off the grid - and in the best shape of my life!
3127,0,0,16,16,1.0,0.06454972243679027,563,I guess I'll just stay in here until they come and get all the banana skins off the floor.
3127,0,0,16,16,1.0,0.06454972243679027,563,"Of course, they would never do the same for us."
3127,0,0,16,16,1.0,0.06454972243679027,563,Honey we need to talk about other ways to budget our money. Is a gym membership off the table?
3127,0,0,16,16,1.0,0.06454972243679027,563,Jane! Get me off this crazy thing!
3127,0,0,16,16,1.0,0.06454972243679027,563,You want the maze department .... transferring your call .... (dial tone)
3127,0,0,16,16,1.0,0.06454972243679027,563,I'll have the tossed salad and scrambled eggs.
3127,0,0,16,16,1.0,0.06454972243679027,563,"Buy, sell, buy, sell..."
3127,0,0,16,16,1.0,0.06454972243679027,563,"What's next, the rat race?"
3127,0,0,16,16,1.0,0.06454972243679027,563,Sell! Sell! Sell! Sell!
3127,0,0,16,16,1.0,0.06454972243679027,563,"Sorry hon, gonna be late for dinner. The wood chip delivery guy is late. Don't ask."
3127,0,0,16,16,1.0,0.06454972243679027,563,"Stick with me honey. Together, we can make it drool proof!"
3127,0,0,16,16,1.0,0.06454972243679027,563,This conversation is going nowhere. Look at the big picture.
3127,0,0,16,16,1.0,0.06454972243679027,563,First human to test experimental drugs for hamsters.
3127,0,0,16,16,1.0,0.06454972243679027,563,I'm no foot out the door.
3127,0,0,16,16,1.0,0.06454972243679027,563,"Well, I had a Big Wheel as a kid--think of it as an update with apps."
3127,0,0,16,16,1.0,0.06454972243679027,563,"Humph, open door policy ..."
3127,0,0,16,16,1.0,0.06454972243679027,563,"Wheels of industry, my ass."
3127,0,0,16,16,1.0,0.06454972243679027,563,Tell your boss we're getting close.
3127,0,0,16,16,1.0,0.06454972243679027,563,"But, if I ever stop they'll replace me with a robot."
3127,0,0,16,16,1.0,0.06454972243679027,563,"Ellen, register me for the Rat Race."
3127,0,0,16,16,1.0,0.06454972243679027,563,"Plus ça change, plus c'est la même chose"
3127,0,0,17,17,1.0,0.06063390625908324,563,Our cubicle rewards program.
3127,0,0,17,17,1.0,0.06063390625908324,563,The deluxe model was worth every penny!
3127,0,0,16,16,1.0,0.06454972243679027,563,"'Healthy? Hell NO! Running backwards makes me dizzy."""
3127,0,0,16,16,1.0,0.06454972243679027,563,"It's cheese, Marty - CHEESE."
3127,0,0,17,17,1.0,0.06063390625908324,563,My self-propelled banana peeler is performing perfectly as predicted.
3127,0,0,16,16,1.0,0.06454972243679027,563,"Bullies and trolls used to call him a genetic anomaly, and now he's a treadmill model."
3127,0,0,16,16,1.0,0.06454972243679027,563,"Status?""Drought emergency...water use restrictions."""
3127,0,0,16,16,1.0,0.06454972243679027,563,"Don't worry, Rob, we're making great progress!"
3127,0,0,16,16,1.0,0.06454972243679027,563,Hurry Sean! Only five more minutes till the White House press conference.
3127,0,0,17,17,1.0,0.06063390625908324,563,"Trust me, you won't miss your standing desk."
3127,0,0,16,16,1.0,0.06454972243679027,563,Must. Get. To. Friday.
3127,0,0,16,16,1.0,0.06454972243679027,563,"""This job has no room for advancement""."
3127,0,0,16,16,1.0,0.06454972243679027,563,"Actually, I told him I'd make a good HIPster."
3127,0,0,16,16,1.0,0.06454972243679027,563,What AM I doing this for?..and how DO I get off?...Hello...
3127,0,0,17,17,1.0,0.06063390625908324,563,"Well, right now I'm taking a break."
3127,0,0,16,16,1.0,0.06454972243679027,563,And this one is overtime simulator.
3127,0,0,16,16,1.0,0.06454972243679027,563,I don't need that Government regulated electricity!
3127,0,0,16,16,1.0,0.06454972243679027,563,"Hang on, I'm imagining I'm going through a tunnel."
3127,0,0,16,16,1.0,0.06454972243679027,563,"This is the ticket. Hydration, motion, minus the foolish treadmill desk."
3127,0,0,16,16,1.0,0.06454972243679027,563,"Honey, it looks like I'll be late coming home. Try as I may, I can't seem to get anywhere."
3127,0,0,16,16,1.0,0.06454972243679027,563,The company had a gym where employees could be seen training for the rat race
3127,0,0,16,16,1.0,0.06454972243679027,563,"Winning this Rat Race takes hard work, a little luck, and seven or eight cases of Red Bull."
3127,0,0,16,16,1.0,0.06454972243679027,563,-He is practicing for President
3127,0,0,16,16,1.0,0.06454972243679027,563,I feel a draft.
3127,0,0,16,16,1.0,0.06454972243679027,563,Modern Times
3127,0,0,17,17,1.0,0.06063390625908324,563,Trying hard to change his cognitive biases.
3127,0,0,16,16,1.0,0.06454972243679027,563,"Sure it's work, but at least I'm getting somewhere!"
3127,0,0,17,17,1.0,0.06063390625908324,563,... And they said I couldn't multitask.
3127,0,0,16,16,1.0,0.06454972243679027,563,Unbeknown to Bill the Giant Hamster was only seconds away from eating him!
3127,0,0,16,16,1.0,0.06454972243679027,563,I'll never get ahead with this new open door policy.
3127,0,0,16,16,1.0,0.06454972243679027,563,I just passed St. Louis.
3127,0,0,16,16,1.0,0.06454972243679027,563,When do I get more Twinkies?
3127,0,0,16,16,1.0,0.06454972243679027,563,"My name is Gerbil, so what's so funny?"
3127,0,0,16,16,1.0,0.06454972243679027,563,Is the hamster here yet?
3127,0,0,17,17,1.0,0.06063390625908324,563,I think that as Hose Speaker the GOP will follow where I lead.
3127,0,0,16,16,1.0,0.06454972243679027,563,Exploring my inner rodent has lead to greater job satisfaction.
3127,0,0,16,16,1.0,0.06454972243679027,563,"Okay, I did sign up for Habitat...for Humanity."
3127,0,0,16,16,1.0,0.06454972243679027,563,"Oh, can't complain-boss says I have a bright future."
3127,0,0,16,16,1.0,0.06454972243679027,563,I just can't seem to get anywhere in this business.
3127,0,0,16,16,1.0,0.06454972243679027,563,Big wheel generating electricity for Board Meeting presentation.
3127,0,0,16,16,1.0,0.06454972243679027,563,I feel more confident now about outrunning the cat.
3127,0,0,16,16,1.0,0.06454972243679027,563,American Hamster Care Act
3127,0,0,16,16,1.0,0.06454972243679027,563,Abe's lesser-known Emaciation Proclamation
3127,0,0,16,16,1.0,0.06454972243679027,563,I'm the one running this show!
3127,0,0,16,16,1.0,0.06454972243679027,563,"Jane, please order my usual lunch from Petco."
3127,0,0,16,16,1.0,0.06454972243679027,563,"Okay, class; welcome to The Rat Race. Let's begin our warm-up by jogging in place for a decade or so…"""
3127,0,0,16,16,1.0,0.06454972243679027,563,"I just can't get ahead, I keep going in circles."
3127,0,0,16,16,1.0,0.06454972243679027,563,Rushing out the door now Honey
3127,0,0,16,16,1.0,0.06454972243679027,563,That's it? I've only generated enough to charge your smart phone?
3127,0,0,16,16,1.0,0.06454972243679027,563,"I have my own office, so I must be getting somewhere."
3127,0,0,16,16,1.0,0.06454972243679027,563,Private office! I'm winning the rat race!
3127,0,0,16,16,1.0,0.06454972243679027,563,Hey! I been on this wheel for 3 days. I have to go pee
3127,0,0,16,16,1.0,0.06454972243679027,563,"Yes, boss. I'm running a bit behind, but I'm rapidly gaining ground."
3127,0,0,16,16,1.0,0.06454972243679027,563,functional fitness for the workplace
3127,0,0,16,16,1.0,0.06454972243679027,563,Just don't know why I never seem to GET anywhere in life...
3127,0,0,16,16,1.0,0.06454972243679027,563,"Yeah I got a window office, but I just don't feel like I'm getting anywhere."
3127,0,0,16,16,1.0,0.06454972243679027,563,The green energy initiatives for AI Support eventually proved unworkable.
3127,0,0,16,16,1.0,0.06454972243679027,563,I'm running late. Can you move Alice and the Mad Hatter to 4.30?
3127,0,0,16,16,1.0,0.06454972243679027,563,"So, what makes you think I 'm not a linear thinker?"
3127,0,0,17,17,1.0,0.06063390625908324,563,"For some reason, I just can't get out the door this morning."
3127,0,0,16,16,1.0,0.06454972243679027,563,"Gotta keep going, those Millennials are coming."
3127,0,0,16,16,1.0,0.06454972243679027,563,I'll never get half the recognition that damn 'treadmill' shrimp gets.
3127,0,0,16,16,1.0,0.06454972243679027,563,"Hello sir, I apologize for calling during the dinner hour but, is you refrigerator running?"
3127,0,0,16,16,1.0,0.06454972243679027,563,Too much stress enticed me to finally leave the rat race and start working from home.
3127,0,0,16,16,1.0,0.06454972243679027,563,"It's about 5:40, according to this timepiece."
3127,0,0,16,16,1.0,0.06454972243679027,563,I run this place.
3127,0,0,16,16,1.0,0.06454972243679027,563,I should be there any minute!
3127,0,0,16,16,1.0,0.06454972243679027,563,"Yeah, just checking in to see if we're great again yet."
3127,0,0,16,16,1.0,0.06454972243679027,563,Not a bad setup---except for the huge cat outside
3127,0,0,16,16,1.0,0.06454972243679027,563,Now we’re getting somewhere.
3127,0,0,16,16,1.0,0.06454972243679027,563,"If that deal goers through, Hamster, I'll be a guinea pig!"
3127,0,0,16,16,1.0,0.06454972243679027,563,I'm getting nowhere in this insane corporate rat race!
3127,0,0,17,17,1.0,0.06063390625908324,563,"I'm running a little late today, but I should be able to escape shortly."
3127,0,0,16,16,1.0,0.06454972243679027,563,The treadmill desk is a thing of the past...@
3127,0,0,16,16,1.0,0.06454972243679027,563,"That button in my office - let's crank the voltage. As long as we're not the ones getting zapped, maybe it will increase our profit margin."
3127,0,0,16,16,1.0,0.06454972243679027,563,I did exactly what you said boss but I've gotten no further.
3127,0,0,16,16,1.0,0.06454972243679027,563,"And the best thing thing about it is before I know it I'm at 10,000 steps."
3127,0,0,16,16,1.0,0.06454972243679027,563,"We're finally going to change things in Washington, believe me."
3127,0,0,16,16,1.0,0.06454972243679027,563,I've figured out a way for my stepson to like me.
3127,0,0,17,17,1.0,0.06063390625908324,563,"Listen, I’ve got my end covered. You just make damn sure you keep Proud Mary burnin’."
3127,0,0,16,16,1.0,0.06454972243679027,563,They gave me the run around!
3127,0,0,16,16,1.0,0.06454972243679027,563,This administration is running like a fine-tuned machine.
3127,0,0,16,16,1.0,0.06454972243679027,563,The whole spin class scene is a rat race.
3127,0,0,16,16,1.0,0.06454972243679027,563,Is it time to retire?
3127,0,0,16,16,1.0,0.06454972243679027,563,I'll be down in a minute. Send my valet for the big plastic ball.
3127,0,0,16,16,1.0,0.06454972243679027,563,It started with the bracelet.
3127,0,0,16,16,1.0,0.06454972243679027,563,Is this really how Sisyphus got started?
3127,0,0,16,16,1.0,0.06454972243679027,563,"In order to sell more gerbils, I had to become one."
3127,0,0,16,16,1.0,0.06454972243679027,563,Sorry I didn't get back to you sooner. I had to solve the banana peel problem first.
3127,0,0,16,16,1.0,0.06454972243679027,563,I feel like this conversation is going nowhere.
3127,0,0,16,16,1.0,0.06454972243679027,563,"It's not quite a dead end job, but I still feel like I'm going nowhere here."
3127,0,0,16,16,1.0,0.06454972243679027,563,"I'll be late for work, I can't seem to beat the traffic."
3127,0,0,17,17,1.0,0.06063390625908324,563,Really? I thought I told you--I'm working for a green energy startup called New Hamsterdam.
3127,0,0,16,16,1.0,0.06454972243679027,563,"If they don't have cheddar, then Jarlsberg."
3127,0,0,16,16,1.0,0.06454972243679027,563,I am making America great again
3127,0,0,16,16,1.0,0.06454972243679027,563,"It's going all right, except I did get a concussion from one of the pellets."
3127,0,0,16,16,1.0,0.06454972243679027,563,I'm hanging up now. Gotta run.
3127,0,0,16,16,1.0,0.06454972243679027,563,Making America great again -- and again.
3127,0,0,16,16,1.0,0.06454972243679027,563,This is looking more familiar every second.
3127,0,0,16,16,1.0,0.06454972243679027,563,"Excuse me, I need to take a quick shavings break."
3127,0,0,16,16,1.0,0.06454972243679027,563,Catch me down the hall by the water cooler.
3127,0,0,16,16,1.0,0.06454972243679027,563,"And I'm all like, ""I'm Mad Men baby"" And they're like 'we're corporate USA 2017 baby. We own your sole but we like to keep upkeep costs low."""
3127,0,0,16,16,1.0,0.06454972243679027,563,I'm getting used to the rat race.
3127,0,0,16,16,1.0,0.06454972243679027,563,"I keep telling you, I'll call when I get there!"
3127,0,0,16,16,1.0,0.06454972243679027,563,Wall Street's new genetically modified hampster.
3127,0,0,16,16,1.0,0.06454972243679027,563,"I pride myself on taking multitasking to a new level, and will have your team jumping through hoops for you in no time."
3127,0,0,16,16,1.0,0.06454972243679027,563,I'm the first one to test all of our equipment.
3127,0,0,16,16,1.0,0.06454972243679027,563,I'll stop when it stops being fun.
3127,0,0,18,18,1.0,0.05716619504750295,563,I'm trying to break our company record for the longest shift.
3127,0,0,16,16,1.0,0.06454972243679027,563,"The pay is pretty good, but the health plan only covers veterinarians."
3127,0,0,16,16,1.0,0.06454972243679027,563,Do I take a left at the next turn?
3127,0,0,16,16,1.0,0.06454972243679027,563,Being on the paper chase is so run of the mill.
3127,0,0,16,16,1.0,0.06454972243679027,563,"The Wheel of ""I'm running out of time."""
3127,0,0,16,16,1.0,0.06454972243679027,563,The exercise room at Gitmo.
3127,0,0,16,16,1.0,0.06454972243679027,563,Winning!
3127,0,0,16,16,1.0,0.06454972243679027,563,Corporate ladders are history. Today it's all about the wheel.
3127,0,0,16,16,1.0,0.06454972243679027,563,"On ""Day in the Life of Your Pet Day"" Stephen wished he'd bought a dog."
3127,0,0,16,16,1.0,0.06454972243679027,563,We're crushing both Marketing and Accounting in the steps-per-month corporate challenge.
3127,0,0,16,16,1.0,0.06454972243679027,563,I'm going to have to cancel our one o'clock. I've just been running in circles lately
3127,0,0,16,16,1.0,0.06454972243679027,563,I have this weird desire to make annoying squeaking noises in the middle of the night.
3127,0,0,16,16,1.0,0.06454972243679027,563,"Oh, you know... same-o same-o same-o same-o same-o same-o same-o..."
3127,0,0,16,16,1.0,0.06454972243679027,563,"No , no the standing desk is so yesterday!"
3127,0,0,16,16,1.0,0.06454972243679027,563,"Believe me, I AM really trying to get to your office."
3127,0,0,16,16,1.0,0.06454972243679027,563,I am sick and tired of getting the runaround
3127,0,0,16,16,1.0,0.06454972243679027,563,"Hold off on dinner, Dear. I'm running a little late."
3127,0,0,16,16,1.0,0.06454972243679027,563,"Right now, Dear, I'm into the most interesting part of my workday."
3127,0,0,16,16,1.0,0.06454972243679027,563,"Great idea, Jack. Let's run with it!"
3127,0,0,17,17,1.0,0.06063390625908324,563,'Can I take a message? Mr Hamster's out for his run.'
3127,0,0,16,16,1.0,0.06454972243679027,563,"Honey, guess what… I am running the company."
3127,0,0,17,17,1.0,0.06063390625908324,563,I know I'm on the fast track; so can you get someone to help me off.
3127,0,0,16,16,1.0,0.06454972243679027,563,They must think I have pouches in my cheeks.
3127,0,0,16,16,1.0,0.06454972243679027,563,Where’s my vegetable pizza?
3127,0,0,16,16,1.0,0.06454972243679027,563,Ha! I feel sorry for those poor schmucks jumping through hoops.
3127,0,0,16,16,1.0,0.06454972243679027,563,My energy's ebbing on this all-banana diet.
3127,0,0,16,16,1.0,0.06454972243679027,563,You think I don't know what the loneliness of a long distance runner feels like?
3127,0,0,17,17,1.0,0.06063390625908324,563,"A glimpse of ""the corner office."""
3127,0,0,16,16,1.0,0.06454972243679027,563,"Yes, sir, we are so close to our fundraising goal, and your contribution will help put us over the top."
3127,0,0,16,16,1.0,0.06454972243679027,563,I think we're finally making some progress.
3127,0,0,16,16,1.0,0.06454972243679027,563,"Yes, next summer sounds good."
3127,0,0,16,16,1.0,0.06454972243679027,563,I've been doing this for years so don't give me about reality testing.
3127,0,0,16,16,1.0,0.06454972243679027,563,"Yeah, it feels good to be out of the rat race."
3127,0,0,16,16,1.0,0.06454972243679027,563,The perks at my new job are amazing!
3127,0,0,16,16,1.0,0.06454972243679027,563,But tomorrow I run the experiment and you are the rodent!
3127,0,0,16,16,1.0,0.06454972243679027,563,"Beep, beep! I'm a sheep!"
3127,0,0,16,16,1.0,0.06454972243679027,563,"Greg Gerbil, newly appointed WH council, (formerly of Hamster, Ferret and Raton) sees petitio principii the ""circle of life"""
3127,0,0,16,16,1.0,0.06454972243679027,563,"Yeah, it's great to be out of the rat race."
3127,0,0,16,16,1.0,0.06454972243679027,563,". . . 164,736,544 Trump steps to go . . . 164,736,543 Trump steps to go . . ."
3127,0,0,17,17,1.0,0.06063390625908324,563,". . . nine thousand nine hundred and ninety-eight, nine thousand nine hundred and ninety-nine . . ."
3127,0,0,17,17,1.0,0.06063390625908324,563,Quick. Someone needs to tell Victor Niederhoffer about this setup.
3127,0,0,16,16,1.0,0.06454972243679027,563,"Call it a rat race if you want, but I like to think of it as circuit training."
3127,0,0,16,16,1.0,0.06454972243679027,563,"You're going to love it, it's easy to install, I'm on one right now."
3127,0,0,16,16,1.0,0.06454972243679027,563,Now I know what a hampster goes through everyday!
3127,0,0,17,17,1.0,0.06063390625908324,563,Having a wireless headset has allowed me to unleash my inner hamster.
3127,0,0,16,16,1.0,0.06454972243679027,563,"After reading about the link between exercise and longevity in mice, Allan finally decided to install a home gym"
3127,0,0,16,16,1.0,0.06454972243679027,563,I’ll be home as soon as I finish the project I’m working on.
3127,0,0,16,16,1.0,0.06454972243679027,563,"All I get to eat is bananas, and the peels are starting to smell."
3127,0,0,16,16,1.0,0.06454972243679027,563,Should have let the rats win...
3127,0,0,16,16,1.0,0.06454972243679027,563,They forgot to close the door so as soon as I figure out how to get out of here I'll meet you in the hall.
3127,0,0,16,16,1.0,0.06454972243679027,563,"9,993..9,994..9,995-five steps and done with the FitBit room"
3127,0,0,17,17,1.0,0.06063390625908324,563,"Switch to the coal generator, I'm running out of steam up here!!"
3127,0,0,16,16,1.0,0.06454972243679027,563,"The preferred term is ""hamster race."""
3127,0,0,16,16,1.0,0.06454972243679027,563,Maybe you should come to me.
3127,0,0,16,16,1.0,0.06454972243679027,563,This isn't what I thought Trump meant when he said he'd bring manufacturing back.
3127,0,0,16,16,1.0,0.06454972243679027,563,I'm actually staying with one of my kids this spring break.
3127,0,0,16,16,1.0,0.06454972243679027,563,"Well, honey, at least this new job isn't in the usual 'dog-eat-dog' world I was afraid of."
3127,0,0,16,16,1.0,0.06454972243679027,563,I can't quit this job - employer water benefit is too great.
3127,0,0,16,16,1.0,0.06454972243679027,563,This company is really great. They've turned a dead-end job and a boring exercise regimen into a single synergized futility.
3127,0,0,16,16,1.0,0.06454972243679027,563,I'm getting tired of this rat race.
3127,0,0,16,16,1.0,0.06454972243679027,563,"Yeah, standing desks were good, but this is really a breakthrough for healthy living"
3127,0,0,16,16,1.0,0.06454972243679027,563,It's a desk-free running desk.
3127,0,0,16,16,1.0,0.06454972243679027,563,"I can't get ""Rolling on the River"" out of my head!"
3127,0,0,16,16,1.0,0.06454972243679027,563,One of us is taking the wrong prescription.
3127,0,0,16,16,1.0,0.06454972243679027,563,"Technically, the Department of State remains up and running."
3127,0,0,16,16,1.0,0.06454972243679027,563,"No, honey, I really don't mind when you call me at work."
3127,0,0,16,16,1.0,0.06454972243679027,563,"What I dont like about this job, is that they keep giving me the run around."
3127,0,0,16,16,1.0,0.06454972243679027,563,"The opening scene from ""Planet of the Hamsters"""
3127,0,0,16,16,1.0,0.06454972243679027,563,"So I said, ""Yes, introduce me to the big wheels"""
3127,0,0,16,16,1.0,0.06454972243679027,563,What happened to the good old days of just climbing a corporate ladder?
3127,0,0,16,16,1.0,0.06454972243679027,563,Science funding becoming more business oriented
3127,0,0,17,17,1.0,0.06063390625908324,563,After a few years here I be able to leave the rat race behind.
3127,0,0,16,16,1.0,0.06454972243679027,563,"1 plastic exercise ball, 1 bag of pellets, and 10 lbs of shavings, charged to your account. Hamsters R Us appreciates your order, Mrs. Johnson."
3127,0,0,16,16,1.0,0.06454972243679027,563,"""Working for the Zoo has its perks."
3127,0,0,16,16,1.0,0.06454972243679027,563,"I decided to run from office, but so far I'm not getting anywhere."
3127,0,0,16,16,1.0,0.06454972243679027,563,"Now if I can figure out a way to do with the diapers, then there would be no stopping when I get in the zone. Have 5 more deals to do today . I'm golden!"
3127,0,0,16,16,1.0,0.06454972243679027,563,Those in Trump's inner circle are empowered by a strong incentive program.
3127,0,0,16,16,1.0,0.06454972243679027,563,"Customer Service, how can I help you ?"
3127,0,0,17,17,1.0,0.06063390625908324,563,Energy Secretary Rivk Perry
3127,0,0,16,16,1.0,0.06454972243679027,563,Now you're just being a jerk.
3127,0,0,16,16,1.0,0.06454972243679027,563,"First the Swedish kneeling desk, then the stand up desk, then the treadmill desk..."
3127,0,0,16,16,1.0,0.06454972243679027,563,"Trust me, this time it's a go..."
3127,0,0,16,16,1.0,0.06454972243679027,563,Our budget cuts are getting out of hand
3127,0,0,16,16,1.0,0.06454972243679027,563,Now I know what a gerbil feels like.
3127,0,0,16,16,1.0,0.06454972243679027,563,I feel like we're going round in circles. Just make the damn deal!
3127,0,0,16,16,1.0,0.06454972243679027,563,"Yeah, I miss my standing desk, but this keeps the lights on."
3127,0,0,16,16,1.0,0.06454972243679027,563,I will never again underestimate the relationship between meaning and motivation.. I will never again..
3127,0,0,16,16,1.0,0.06454972243679027,563,"Hey, I said I wanted 'to be' a big wheel in this industry?"
3127,0,0,16,16,1.0,0.06454972243679027,563,I have a feeling she left me.
3127,0,0,16,16,1.0,0.06454972243679027,563,Poor little guy thinks he's climbing a ladder.
3127,0,0,16,16,1.0,0.06454972243679027,563,GETTING IN SHAPE FOR UPCOMING MARRIAGE
3127,0,0,16,16,1.0,0.06454972243679027,563,"Actually, I'm trying to get out of here... have been for a while now."
3127,0,0,16,16,1.0,0.06454972243679027,563,Better than my last job. These people really liked my operational experience inside the government. I'm not sure I can handle the added responsibility of having to determine my own level of drive.
3127,0,0,16,16,1.0,0.06454972243679027,563,Be right down honey...almost done exercising my white privilege.
3127,0,0,16,16,1.0,0.06454972243679027,563,I traded in my stand-up desk!
3127,0,0,16,16,1.0,0.06454972243679027,563,Whoever claimed I eat my kids is fake news.
3127,0,0,16,16,1.0,0.06454972243679027,563,The logical conclusion of making martinis available in pellet form.
3127,0,0,16,16,1.0,0.06454972243679027,563,"Honey, I swear I am on my way home."
3127,0,0,16,16,1.0,0.06454972243679027,563,"I don't know Janet, these new Environmental Protection Agency cost saving measurements are getting out of hand"
3127,0,0,16,16,1.0,0.06454972243679027,563,Wheel in the sky keeps on turnin'. I don't know where I'll be tomorrow!
3127,0,0,17,17,1.0,0.06063390625908324,563,"Believe me, once you leave the rat race for the whirligig economy, you won't look back."
3127,0,0,16,16,1.0,0.06454972243679027,563,So when does Vanna White join me in this Wheel of Fortune?
3127,0,0,16,16,1.0,0.06454972243679027,563,"I don't know Janet, these new EPA cost saving measurements are getting out of control!"
3127,0,0,16,16,1.0,0.06454972243679027,563,This job is going nowhere.
3127,0,0,16,16,1.0,0.06454972243679027,563,This is great. I get another sip of water when I reach 50 rpm's.
3127,0,0,16,16,1.0,0.06454972243679027,563,The open door really improved my job satisfaction.
3127,0,0,16,16,1.0,0.06454972243679027,563,I'm...getting..ahead....believe me.
3127,0,0,16,16,1.0,0.06454972243679027,563,Sorry honey. I don't think I'm going to make it to dinner again tonight.
3127,0,0,16,16,1.0,0.06454972243679027,563,"You'll never get dry that way, you have to run with the others."
3127,0,0,16,16,1.0,0.06454972243679027,563,"This isn't what I meant about being on ""The Wheel of Fortune"""
3127,0,0,16,16,1.0,0.06454972243679027,563,Who says you can;t reinvent the wheel?
3127,0,0,16,16,1.0,0.06454972243679027,563,"Hon? Made it! I'm in the ""Wheel of Fortune!"""
3127,0,0,16,16,1.0,0.06454972243679027,563,Winning the rat race was not quite like I imagined.
3127,0,0,16,16,1.0,0.06454972243679027,563,The energy drink is fine but what I really want is some cheese.
3127,0,0,16,16,1.0,0.06454972243679027,563,Could really go for some Duran Duran
3127,0,0,16,16,1.0,0.06454972243679027,563,"""Running war"" with the media."
3127,0,0,16,16,1.0,0.06454972243679027,563,"Sorry, can't make it to dinner tonight. I think I'm finally getting somewhere."
3127,0,0,16,16,1.0,0.06454972243679027,563,Can I get some more water?
3127,0,0,16,16,1.0,0.06454972243679027,563,I'm fine with leftovers again tonight.
3127,0,0,16,16,1.0,0.06454972243679027,563,I suppose I can slip out on these banana peels.
3127,0,0,16,16,1.0,0.06454972243679027,563,Preparing to run for Congress!
3127,0,0,16,16,1.0,0.06454972243679027,563,The wheel and this guy keep on turning...
3127,0,0,16,16,1.0,0.06454972243679027,563,They said the treadmill of production needed to be warmer and fuzzier
3127,0,0,16,16,1.0,0.06454972243679027,563,You seem to be new to our ever evolving neighborhood.
3127,0,0,16,16,1.0,0.06454972243679027,563,Wait 'till I get my hands on that varmit!
3127,0,0,17,17,1.0,0.06063390625908324,563,I'll never get a hang of these new co-workspaces.
3127,0,0,16,16,1.0,0.06454972243679027,563,Everything always happens wheely-nilly around here.
3127,0,0,16,16,1.0,0.06454972243679027,563,That promotion is yours Jim
3127,0,0,16,16,1.0,0.06454972243679027,563,"I am the Head of Marketing, Bob. Work with me here! Standing desks were just the beginning."
3127,0,0,16,16,1.0,0.06454972243679027,563,"Hillary, 'HILLARY!! Do not leave me in your personel hell!"
3127,0,0,16,16,1.0,0.06454972243679027,563,"No sir, I'm not busy at all!!"
3127,0,0,16,16,1.0,0.06454972243679027,563,Can we revisit solar?
3127,0,0,16,16,1.0,0.06454972243679027,563,"It's 2017, we need to accept the gender neutral sawdust!"
3127,0,0,16,16,1.0,0.06454972243679027,563,These new rolling desks are great for your health
3127,0,0,16,16,1.0,0.06454972243679027,563,Sustainable mid-management.
3127,0,0,17,17,1.0,0.06063390625908324,563,Stop Grinding??? The Grind Never Stops?? No Breaks?? We Stay Dream Chasing??
3127,0,0,17,17,1.0,0.06063390625908324,563,"Wow, a hamster's work is never done."
3127,0,0,16,16,1.0,0.06454972243679027,563,This spin class is getting me nowhere
3127,0,0,17,17,1.0,0.06063390625908324,563,"Yep I am working from home now but you know it feels just like the same old rat race."""
3127,0,0,17,17,1.0,0.06063390625908324,563,Kibble is for wimps.
3127,0,0,16,16,1.0,0.06454972243679027,563,"The President promised new, good jobs in the burgeoning enterprise of something terrific. Okay, so it's better than going home covered in coal dust."
3127,0,0,16,16,1.0,0.06454972243679027,563,Don't hold up dinner. I'm running a little late.
3127,0,0,16,16,1.0,0.06454972243679027,563,For the near term the hamster feed sector looks like a good investment.
3127,0,0,16,16,1.0,0.06454972243679027,563,I feel like I'm getting a lot done today!
3127,0,0,16,16,1.0,0.06454972243679027,563,Next time I will be more diplomatic. Next time.....
3127,0,0,18,18,1.0,0.05716619504750295,563,The market's looking pretty cyclical right now.
3127,0,0,17,17,1.0,0.06063390625908324,563,I'm so glad that I'm not part of the Rat Race like my Dad
3127,0,0,16,16,1.0,0.06454972243679027,563,"Tom Gerbil speaking, how may I route your call?"
3127,0,0,17,17,1.0,0.06063390625908324,563,One more lap around the House and I'm sure I'll have the votes!
3127,0,0,16,16,1.0,0.06454972243679027,563,Four years on a treadmill while listening to Philip Glass.
3127,0,0,16,16,1.0,0.06454972243679027,563,Self-employed - and you?
3127,0,0,16,16,1.0,0.06454972243679027,563,"Hey Bob, I found this cool thing at the store today. Makes me feel hundred percent more productive."
3127,0,0,16,16,1.0,0.06454972243679027,563,"On the positive, I'm moving forward!"
3127,0,0,16,16,1.0,0.06454972243679027,563,"Oh hi Hon. No, not much, just the usual grind here. You?"
3127,0,0,16,16,1.0,0.06454972243679027,563,Does your hamster overlord offer paternity leave?
3127,0,0,16,16,1.0,0.06454972243679027,563,The app wouldn't fit on his phone.
3127,0,0,16,16,1.0,0.06454972243679027,563,What if we scratch each other?
3127,0,0,16,16,1.0,0.06454972243679027,563,"If I keep mocking the cartoonists, one of my captions will get selected."
3127,0,0,16,16,1.0,0.06454972243679027,563,I love this place - it's a real melting pot.
3127,0,0,16,16,1.0,0.06454972243679027,563,And I’m sure to get promotion just as soon as I get to the top
3127,0,0,16,16,1.0,0.06454972243679027,563,I'm on my way .
3127,0,0,16,16,1.0,0.06454972243679027,563,More bananas... I need more bananas...
3127,0,0,16,16,1.0,0.06454972243679027,563,"Hello, I'm the spokesman for Alternative Energy Solutions, can I help you?"
3127,0,0,17,17,1.0,0.06063390625908324,563,"Yes, I would like to invest in a bottled water company."
3127,0,0,16,16,1.0,0.06454972243679027,563,Funny how we're drawn together
3127,0,0,17,17,1.0,0.06063390625908324,563,Just twenty more minutes to kibble time.
3127,0,0,16,16,1.0,0.06454972243679027,563,My personal trainer is a hamster.
3127,0,0,16,16,1.0,0.06454972243679027,563,"Yes, never's good for me."
3127,0,0,16,16,1.0,0.06454972243679027,563,Stay where you are. I'll be there in five minutes.
3127,0,0,16,16,1.0,0.06454972243679027,563,"No, a spin class tonight is not a good idea."
3127,0,0,16,16,1.0,0.06454972243679027,563,Lately I feel like I am just spinning my wheels in this job.
3127,0,0,16,16,1.0,0.06454972243679027,563,Who says The New Yorker's political spin is never to the right?
3127,0,0,16,16,1.0,0.06454972243679027,563,Help! I'm teacher's pet!
3127,0,0,16,16,1.0,0.06454972243679027,563,Stand-up desks are for wimps.
3127,0,0,16,16,1.0,0.06454972243679027,563,"It's not easy, that's why they call it work!"
3127,0,0,16,16,1.0,0.06454972243679027,563,I'm on my way .
3127,0,0,16,16,1.0,0.06454972243679027,563,I always in training for the rat race.
3127,0,0,16,16,1.0,0.06454972243679027,563,"Hey, Big Brother, at least I don't have giant eyes staring in at me."
3127,0,0,16,16,1.0,0.06454972243679027,563,"Sorry, I can't meet up until Alexa says I'm free."
3127,0,0,16,16,1.0,0.06454972243679027,563,Stop! My photographic memory is full.
3127,0,0,16,16,1.0,0.06454972243679027,563,Affordable housing sure has its perks.
3127,0,0,16,16,1.0,0.06454972243679027,563,I really appreciate the sawdust.
3127,0,0,16,16,1.0,0.06454972243679027,563,"You've reached the Credit Card Hotline. Your call is important to us, please hold. Your wait time for an agent is approximately 36 minutes."
3127,0,0,16,16,1.0,0.06454972243679027,563,"With so many people leaving the rat race, I thought I'd kick it up a notch."
3127,0,0,16,16,1.0,0.06454972243679027,563,I shouldn't have asked my boss if he paid my medical insurance.
3127,0,0,16,16,1.0,0.06454972243679027,563,Let me tell you what he was really trying to say.
3127,0,0,16,16,1.0,0.06454972243679027,563,"""You know, this old switch-lives-with-your-hamster-day ain't so bad!"
3127,0,0,16,16,1.0,0.06454972243679027,563,You're a ferocious tiger. You're a smart and ferocious tiger.
3127,0,0,17,17,1.0,0.06063390625908324,563,I have a question about the 'ham and cheese wheel' you delivered.
3127,0,0,16,16,1.0,0.06454972243679027,563,"Oh, you know, same old rat race."
3127,0,0,16,16,1.0,0.06454972243679027,563,The right to work.
3127,0,0,16,16,1.0,0.06454972243679027,563,"I'll have to reschedule my 10:30, Larry. I promised Titch I'd keep the wheel going until he gets back from the vet."
3127,0,0,16,16,1.0,0.06454972243679027,563,It feels more like The Art of the Wheel!
3127,0,0,16,16,1.0,0.06454972243679027,563,Peloton's answer to the rat race.
3127,0,0,17,17,1.0,0.06063390625908324,563,They better pay overtime if I have to come in Saturday to replace my shavings
3127,0,0,16,16,1.0,0.06454972243679027,563,Now we’re getting somewhere.
3127,0,0,16,16,1.0,0.06454972243679027,563,I'm not much of a distance runner.
3127,0,0,16,16,1.0,0.06454972243679027,563,"Oh nothing, you know how it is; same view, different day."
3127,0,0,16,16,1.0,0.06454972243679027,563,"I may be late tonight, hon. I feel like I'm not getting anywhere at work today."
3127,0,0,17,17,1.0,0.06063390625908324,563,"Habitrails for Humanity, how can I help you?"
3127,0,0,16,16,1.0,0.06454972243679027,563,rhondamycappuccinobottlesgettinglow
3127,0,0,18,18,1.0,0.05716619504750295,563,How do I get to work?
3127,0,0,16,16,1.0,0.06454972243679027,563,"""OK, do away with the Pavlov's dog experiment. Just get me some water!!"
3127,0,0,16,16,1.0,0.06454972243679027,563,"No, it's ok, I can talk. Just warming up for another day in the rat race."
3127,0,0,16,16,1.0,0.06454972243679027,563,Jim still thought it was nice to get out of his corporate job.
3127,0,0,16,16,1.0,0.06454972243679027,563,I'll get back to you. My Uber Ball is arriving.
3127,0,0,16,16,1.0,0.06454972243679027,563,Hamster Enterprise Test Lab
3127,0,0,16,16,1.0,0.06454972243679027,563,Todd is on the fast track at Gerbilation Inc.
3127,0,0,16,16,1.0,0.06454972243679027,563,What a great idea -- I'll give it a spin.
3127,0,0,16,16,1.0,0.06454972243679027,563,Hamster heaven
3127,0,0,16,16,1.0,0.06454972243679027,563,Ever heard of the omnivore diet?
3127,0,0,16,16,1.0,0.06454972243679027,563,The pace is fierce but the treats are terrific.
3127,0,0,16,16,1.0,0.06454972243679027,563,Can't talk now -- in an important meeting.
3127,0,0,16,16,1.0,0.06454972243679027,563,"Another day, another rat race."
3127,0,0,16,16,1.0,0.06454972243679027,563,I'm tired of working for pellets
3127,0,0,16,16,1.0,0.06454972243679027,563,I'm running for my two o'clock.
3127,0,0,16,16,1.0,0.06454972243679027,563,"I'm not a congressman just spinning my wheel, I'm gearing up for the next filibuster."
3127,0,0,16,16,1.0,0.06454972243679027,563,I'll be home late. The work just keeps coming.
3127,0,0,16,16,1.0,0.06454972243679027,563,"Hello, Homespun Exercise Products, how may I direct your call?"
3127,0,0,16,16,1.0,0.06454972243679027,563,"Well, you know what they say: no pain, no grain!"
3127,0,0,16,16,1.0,0.06454972243679027,563,I'm having a hamster-damn good time.
3127,0,0,16,16,1.0,0.06454972243679027,563,"Same old same old. You know, running the numbers... Crazy busy, running hard just to keep up!"
3127,0,0,17,17,1.0,0.06063390625908324,563,"Honey, can you just listen for once while I talk about my troubles?"
3127,0,0,16,16,1.0,0.06454972243679027,563,"Take this position, they said; a real opportunity to get away from the rat race, they said."
3127,0,0,16,16,1.0,0.06454972243679027,563,"Hampster World product test room: ""Fucking PETA"""
3127,0,0,16,16,1.0,0.06454972243679027,563,"finally, i won a jackpot!"
3127,0,0,16,16,1.0,0.06454972243679027,563,HR has really been pushing this 5K Fun Run.
3127,0,0,16,16,1.0,0.06454972243679027,563,"Good evening Sir, my name is Mike, could I interest you in a revolution?"
3127,0,0,16,16,1.0,0.06454972243679027,563,Home office blues
3127,0,0,16,16,1.0,0.06454972243679027,563,"My boss said if I work hard enough, I'll get a bigger wheel!"
3127,0,0,16,16,1.0,0.06454972243679027,563,'They asked me if I wanted 360-degree objectives...'
3127,0,0,16,16,1.0,0.06454972243679027,563,This works better than my desk treadmill.
3127,0,0,16,16,1.0,0.06454972243679027,563,Have you tried cycling the power?
3127,0,0,16,16,1.0,0.06454972243679027,563,I have to stop watching those damn commercials at 3 a.m.
3127,0,0,16,16,1.0,0.06454972243679027,563,Highs: Great mileage! ... Lows: Lots of kvetching!
3127,0,0,17,17,1.0,0.06063390625908324,563,I doubt they make millenials do this on interviews.
3127,0,0,16,16,1.0,0.06454972243679027,563,"The work environment isn't great, but their health insurance plan is Cadillac."
3127,0,0,16,16,1.0,0.06454972243679027,563,Focus groups in 'Pet Food' are getting more and more realistic!
3127,0,0,16,16,1.0,0.06454972243679027,563,"It's the same as my other jobs, but more to the point."
3127,0,0,16,16,1.0,0.06454972243679027,563,"No, no, that's not squeaking. The market just closed in Tokyo."
3127,0,0,17,17,1.0,0.06063390625908324,563,"What's my meeting schedule? Fetch at 3:00, Cat Scrather at 4:15?"
3127,0,0,17,17,1.0,0.06063390625908324,563,Take care of yourself Bob. I have everything I need.
3127,0,0,16,16,1.0,0.06454972243679027,563,"Hey, I'm answering an open call for models today from a guy named Escher. Wanna come?"
3127,0,0,16,16,1.0,0.06454972243679027,563,"Dorothy, I will not stop and ask for directions."
3127,0,0,16,16,1.0,0.06454972243679027,563,So this is what corporate meant by installing the elliptical at the office.
3127,0,0,16,16,1.0,0.06454972243679027,563,Seeing is not believing.....
3127,0,0,17,17,1.0,0.06063390625908324,563,At least it's not a treadmill
3127,0,0,16,16,1.0,0.06454972243679027,563,"Please hold while I run those numbers,"
3127,0,0,16,16,1.0,0.06454972243679027,563,"I think I will call this new product ""The Shredmill"""
3127,0,0,16,16,1.0,0.06454972243679027,563,There must be a better way.
3127,0,0,16,16,1.0,0.06454972243679027,563,I could kick myself for stealing Tom Brady's Superbowl jersey!
3127,0,0,16,16,1.0,0.06454972243679027,563,"Honestly bro? Honestly? Honestly? Can I be honest? I hate talking about other guys behind their back, but honestly? That guy is a total lemming, bro."
3127,0,0,16,16,1.0,0.06454972243679027,563,It does simulate gravity!
3127,0,0,17,17,1.0,0.06063390625908324,563,"Hammies, don't squeak on me now."
3127,0,0,16,16,1.0,0.06454972243679027,563,"I train for life like there's a hot babe in front of me, a psycho babe behind me and the drip bottle's full of vodka."
3127,0,0,16,16,1.0,0.06454972243679027,563,"Look, Mr. President, just tweet that we are getting there as fast as we can!"
3127,0,0,16,16,1.0,0.06454972243679027,563,My treadmill desk wasn't getting me anywhere.
3127,0,0,16,16,1.0,0.06454972243679027,563,The approved alternative to masterbation.
3127,0,0,17,17,1.0,0.06063390625908324,563,I am trying to escape but getting no where fast!
3127,0,0,16,16,1.0,0.06454972243679027,563,It's about the process!
3127,0,0,16,16,1.0,0.06454972243679027,563,Trumpcare
3127,0,0,16,16,1.0,0.06454972243679027,563,"Drew, Why do the lines indicating the bottom of the window sill continue up the wall?"
3127,0,0,16,16,1.0,0.06454972243679027,563,"P.E.T.A., Alan speaking, how may I help you?"
3127,0,0,16,16,1.0,0.06454972243679027,563,"You should read ""The Seven Habitrails of Highly Effective People,"" totally changed my life."
3127,0,0,16,16,1.0,0.06454972243679027,563,I didn't think that rat DNA would have unintended consequences.
3127,0,0,16,16,1.0,0.06454972243679027,563,I'm answering because we needed to downsize all aspects of our business.
3127,0,0,16,16,1.0,0.06454972243679027,563,"Houston, We have a Problem"
3127,0,0,16,16,1.0,0.06454972243679027,563,"Hi honey, no raise yet but I got upgraded to vitamin water !"
3127,0,0,16,16,1.0,0.06454972243679027,563,Ever have a day when it feels like you're just spinning your wheels?
3127,0,0,16,16,1.0,0.06454972243679027,563,"""I feel the earth move, under my feet, oh yeah."" (singing)"
3127,0,0,16,16,1.0,0.06454972243679027,563,I love the freedom of working from home.
3127,0,0,16,16,1.0,0.06454972243679027,563,This is way better than a flying car!!!!
3127,0,0,16,16,1.0,0.06454972243679027,563,The hamster got promoted.
3127,0,0,16,16,1.0,0.06454972243679027,563,"Yes Mr. President, I'm chasing after the healthcare repeal deal as we speak"
3127,0,0,16,16,1.0,0.06454972243679027,563,Are you sure that the water in the feeder is laced?
3127,0,0,16,16,1.0,0.06454972243679027,563,I thought the corner office would be different.
3127,0,0,16,16,1.0,0.06454972243679027,563,"Honey, I am in here training for the rat race they talk about at work."
3127,0,0,16,16,1.0,0.06454972243679027,563,(All I wanted was a standing desk.)
3127,0,0,16,16,1.0,0.06454972243679027,563,It also grinds my coffee and charges my cell phone.
3127,0,0,16,16,1.0,0.06454972243679027,563,"Say Mike, I'm running a little late today, can you change out the water cooler?"
3127,0,0,16,16,1.0,0.06454972243679027,563,Just calling to close the loop.
3127,0,0,16,16,1.0,0.06454972243679027,563,"Jerry decided to try running from his existential crisis, namely whether this was a man-size hamster wheel, or he was a hamster-size man."
3127,0,0,16,16,1.0,0.06454972243679027,563,"I can't be late, I won't be late..."
3127,0,0,16,16,1.0,0.06454972243679027,563,"Good morning, Acme hamster farm."
3127,0,0,16,16,1.0,0.06454972243679027,563,It's true we're in a downsizing cycle.
3127,0,0,17,17,1.0,0.06063390625908324,563,I'm counting the days. Only ten more years of this and I get to retire!
3127,0,0,16,16,1.0,0.06454972243679027,563,Yes i've just relocated to nyc and my building has a gym!
3127,0,0,16,16,1.0,0.06454972243679027,563,"Oh really?! The CEO was misusing the terms ""empowerment"" and ""synergy""?"
3127,0,0,16,16,1.0,0.06454972243679027,563,My shrink says I need to better cope with the rat race
3127,0,0,16,16,1.0,0.06454972243679027,563,Another hundred hours and I'll have enough pellets to cover rent.
3127,0,0,16,16,1.0,0.06454972243679027,563,¡Viva la Revolución!
3127,0,0,16,16,1.0,0.06454972243679027,563,"- also, before I forget, I think I have some ideas about that maze."
3127,0,0,16,16,1.0,0.06454972243679027,563,"I’m running late, dear – having trouble reaching the finish line today."
3127,0,0,16,16,1.0,0.06454972243679027,563,"The door's open you know! ""What door?"""
3127,0,0,17,17,1.0,0.06063390625908324,563,I am so done with adapting ideas for new gym equipment!
3127,0,0,16,16,1.0,0.06454972243679027,563,Melvin still expects something to turn up.
3127,0,0,16,16,1.0,0.06454972243679027,563,Capitol Budgeting Process
3127,0,0,16,16,1.0,0.06454972243679027,563,Are you sure the results will be peer reviewed?
3127,0,0,16,16,1.0,0.06454972243679027,563,Tell them I'll be there in five miles.
3127,0,0,16,16,1.0,0.06454972243679027,563,"Act now, and we'll throw in the standing desk for just $19.99, plus shipping and handling!"
3127,0,0,16,16,1.0,0.06454972243679027,563,Let's postpone the procrastinators meeting to tomorrow.
3127,0,0,16,16,1.0,0.06454972243679027,563,An exit from running around in circles.
3127,0,0,16,16,1.0,0.06454972243679027,563,"Oh the music goes round and round, whoa-ho-ho-ho-ho-ho, and it comes out here."
3127,0,0,16,16,1.0,0.06454972243679027,563,"Oh, for Pete's sake!"
3127,0,0,16,16,1.0,0.06454972243679027,563,Sometimes I think I'm just spinning my wheel...
3127,0,0,16,16,1.0,0.06454972243679027,563,It beats the rat race . . . .
3127,0,0,16,16,1.0,0.06454972243679027,563,I knew I had to get out of the rat race.
3127,0,0,16,16,1.0,0.06454972243679027,563,"Hey, listen, this conversation isn't getting us anywhere."
3127,0,0,16,16,1.0,0.06454972243679027,563,"Escaping the corporate ""boredroom "" is going to be harder then I thought ,"
3127,0,0,16,16,1.0,0.06454972243679027,563,Run Forrest Run!
3127,0,0,16,16,1.0,0.06454972243679027,563,"Put the hamster on, Honey. I have a question."
3127,0,0,17,17,1.0,0.06063390625908324,563,"Just give me a heads up, Larry, when you get the generator fixed."
3127,0,0,16,16,1.0,0.06454972243679027,563,"Because, Johnson, Guinea Pig testing is exactly what our startup needs!"
3127,0,0,16,16,1.0,0.06454972243679027,563,I know I should have closed that damn door.
3127,0,0,16,16,1.0,0.06454972243679027,563,I'm just catching up.
3127,0,0,16,16,1.0,0.06454972243679027,563,"Tina, can you cancel my 4 pm meeting this afternoon? This big wheel just keeps on turning."
3127,0,0,16,16,1.0,0.06454972243679027,563,I told you I could make it in New York!
3127,0,0,16,16,1.0,0.06454972243679027,563,"They said after 20,000 more rotations I can keep my pension."
3127,0,0,16,16,1.0,0.06454972243679027,563,Are you sure this how you make bitcoins?
3127,0,0,16,16,1.0,0.06454972243679027,563,"As long as we have people, we'll never run out of renewable energy."
3127,0,0,16,16,1.0,0.06454972243679027,563,Wheeler Dealer
3127,0,0,16,16,1.0,0.06454972243679027,563,BREAKING NEWS:Washington adds new workout machine to keep Congress sane.
3127,0,0,16,16,1.0,0.06454972243679027,563,"Same thing, same result-I think we can conclude the hamsters and insane."
3127,0,0,16,16,1.0,0.06454972243679027,563,"Can't stop, won't stop. Get it get it."
3127,0,0,16,16,1.0,0.06454972243679027,563,I'd feel less foolish if the door wasn't still open.
3127,0,0,16,16,1.0,0.06454972243679027,563,I used to have a hamster...
3127,0,0,16,16,1.0,0.06454972243679027,563,"Oof, I forgot to change the wood shavings last week"
3127,0,0,16,16,1.0,0.06454972243679027,563,"""Please spell me for five minutes,"" he said. I just need to use the restroom and make a quick call,"" he said..."
3127,0,0,16,16,1.0,0.06454972243679027,563,"Okay here, but double-bolt the cage this time."
3127,0,0,16,16,1.0,0.06454972243679027,563,Tom finally accepted his fate; he succumbed to the rat race.
3127,0,0,16,16,1.0,0.06454972243679027,563,I wish it was vodka instead of water.
3127,0,0,16,16,1.0,0.06454972243679027,563,He never questioned why the spinning wheel got to go round.
3127,0,0,17,17,1.0,0.06063390625908324,563,"Dr. Phil, I barely go out, but my wife complains that I run around too much. Can you help me?"
3127,0,0,16,16,1.0,0.06454972243679027,563,Tell my proctologist that I'm running late for my appointment.
3127,0,0,16,16,1.0,0.06454972243679027,563,I'm part of the oxygenated decision-making team.
3127,0,0,16,16,1.0,0.06454972243679027,563,"No, my owner used the Washington Post."
3127,0,0,16,16,1.0,0.06454972243679027,563,"Despite all my rage, I'm still just a rat in a cage."
3127,0,0,16,16,1.0,0.06454972243679027,563,It's doubtful that I will be able to convince the shareholders this is the next Peloton.
3127,0,0,16,16,1.0,0.06454972243679027,563,"Despite all my rage, I'm still just a rat in a cage."
3127,0,0,16,16,1.0,0.06454972243679027,563,Hamsters do not need reinforcments.
3127,0,0,16,16,1.0,0.06454972243679027,563,Tube it over.
3127,0,0,16,16,1.0,0.06454972243679027,563,Tell me about it ... I am finally off that rat-race treadmill.
3127,0,0,16,16,1.0,0.06454972243679027,563,"I promise you, The Seven Habits of Highly Effective Hamsters will change your life."
3127,0,0,16,16,1.0,0.06454972243679027,563,"If it were only vodka, not water."
3127,0,0,16,16,1.0,0.06454972243679027,563,And they offer fruit-flavored water!
3127,0,0,16,16,1.0,0.06454972243679027,563,"Adam thought he knew the meaning of ""When the job gets tough, the tough get going.""."
3127,0,0,16,16,1.0,0.06454972243679027,563,Jesus take the wheel.
3127,0,0,16,16,1.0,0.06454972243679027,563,"It's my metaphorical tribute to ""dating"".........."
3127,0,0,16,16,1.0,0.06454972243679027,563,I think I'll call it a spinny marathon machine.
3127,0,0,16,16,1.0,0.06454972243679027,563,"Hey honey, are the Pavlov's still coming over for dinner Saturday?"
3127,0,0,16,16,1.0,0.06454972243679027,563,I should probably get step down ransformer.
3127,0,0,16,16,1.0,0.06454972243679027,563,This isn't much of a race.
3127,0,0,17,17,1.0,0.06063390625908324,563,Squeak????????????????????????????????????????????????????
3127,0,0,16,16,1.0,0.06454972243679027,563,Squeak????????????????????????????????????????????????????
3127,0,0,16,16,1.0,0.06454972243679027,563,"I'm tellin' you, bro; credit default swap food pellets are the next big thing."
3127,0,0,16,16,1.0,0.06454972243679027,563,"Rat race? No, it's spinning."""
3127,0,0,16,16,1.0,0.06454972243679027,563,Almost out of here!
3127,0,0,16,16,1.0,0.06454972243679027,563,I shouldn't have suggested energy independence.
3127,0,0,16,16,1.0,0.06454972243679027,563,"Jenny, tell my boss I can't be there for the 10:00 meeting; I have an appointment with a chew toy."
3127,0,0,16,16,1.0,0.06454972243679027,563,I just finished 'The Power of the Hamster: Success In and Out of the Cage'. I'll lend it to you.
3127,0,0,17,17,1.0,0.06063390625908324,563,Hamster is the new rat cage apartment.
3127,0,0,16,16,1.0,0.06454972243679027,563,I must close that door.
3127,0,0,16,16,1.0,0.06454972243679027,563,"I hear you, but as I said, I've already come full circle on this deal!"
3127,0,0,16,16,1.0,0.06454972243679027,563,"A way out! Alas, I can't reach it."
3127,0,0,16,16,1.0,0.06454972243679027,563,It's great to work at a place with good perks.
3127,0,0,16,16,1.0,0.06454972243679027,563,"Funny, funny, unfunny, somewhat funny, unfunny, somewhat funny, funny ..."
3127,0,0,16,16,1.0,0.06454972243679027,563,"Working at home has its drawbacks, but you can't beat the commute."
3127,0,0,16,16,1.0,0.06454972243679027,563,This must be Chewbacca's office
3127,0,0,17,17,1.0,0.06063390625908324,563,It's 5:30. Let's un over and have a drink together.
