rank,funny,somewhat_funny,unfunny,count,score,precision,contest,caption
1,600,798,955,2353,1.8491287717807054,0.016471170844141195,568,Our timeshare presentation will begin in about 5 minutes.
2,292,496,568,1356,1.7964601769911503,0.020916100712837785,568,If you get a choice the East River is nice.
3,454,498,816,1768,1.7952488687782806,0.019565205451435797,568,"Grammatically, indeed it IS sleep with the fish, not 'fishes'."
4,576,893,1105,2574,1.7944832944832945,0.015407813403714417,568,So Vito tells me you're leaving the organization.
5,600,755,1207,2562,1.7630757220921156,0.015921214158597877,568,How was your flight in on United?
6,237,485,577,1299,1.7382602001539647,0.020736221239251885,568,Bob tells me you're reconsidering our offer.
7,412,698,957,2067,1.7363328495403967,0.016938933712524955,568,So when are you two taking the plunge?
8,286,484,671,1441,1.7328244274809161,0.020288532455649533,568,"Well, we did tell you it was your going away party!"
9,170,249,388,807,1.7298636926889714,0.027700905862559737,568,I'm taking the bridge home--I'd be happy to drop you off on my way.
10,337,583,847,1767,1.7113752122241086,0.018227795786479362,568,"when you said you were tied up, I assumed you wouldn't be coming."
11,287,500,749,1536,1.69921875,0.019505445766183533,568,Your first time in New Jersey?
12,252,366,633,1251,1.6954436450839327,0.022175292186359708,568,"On behalf of the airline, I offer our sincerest apologies for the inconvenience, and invite you to enjoy our hospitality suite while you await your re-accommodation."
13,293,686,860,1839,1.6916802610114192,0.017011647397948606,568,I know this isn't the kind of farewell party you were expecting.
14,144,365,458,967,1.6752843846949328,0.023136638854720976,568,It's so nice to see couples that still do things together.
15,305,398,808,1511,1.6671078755790867,0.020357420710947115,568,"I didn't want to come, either."
16,256,250,651,1157,1.6585998271391529,0.024027267223727177,568,"Ah, you're reporters from the N. Y. Times. Welcome to the White House. Feel free to wander around and ask the administration staff anything you'd like."
17,194,445,631,1270,1.6559055118110235,0.02045975276930442,568,I've arranged for you to be dropped off on your way home.
18,98,136,273,507,1.6548323471400395,0.03479512923872605,568,The president would like to offer each member of the press a complimentary glass of wine.
19,255,292,678,1225,1.6546938775510205,0.022909247192174447,568,"Yes, we're drunk and will probably regret this in the morning."
20,162,307,502,971,1.6498455200823894,0.024053697277806246,568,"So, how do you two know the Corleones?"
21,194,370,609,1173,1.6462063086104006,0.021847272849756096,568,The condo board was unanimous
22,241,277,658,1176,1.6454081632653061,0.023315056073030277,568,"I was on that diet once, too."
23,231,263,635,1129,1.6421612046058458,0.02380107206871668,568,"Unfortunately, ' Let me go' does not qualify as a final request."
24,113,352,437,902,1.6407982261640799,0.023098740500089164,568,"Here, this should help loosen you up a bit."
25,156,253,480,889,1.6355455568053994,0.02561371774293746,568,Typical. His bucket is 78% larger than yours.
26,152,324,515,991,1.6337033299697274,0.02333082815953522,568,"But enough about me, what have you two been up to?"
27,134,244,433,811,1.6313193588162762,0.026368973839228597,568,That's nothing; let me tell you about my day.
28,157,259,492,908,1.631057268722467,0.025258071952835484,568,You'll want the white wine. It goes better with fish.
29,135,290,467,892,1.6278026905829597,0.024535117762824934,568,"At first glance, the condo board rules may seem harsh."
30,152,242,481,875,1.624,0.02580627909126232,568,"So I said to President Trump, lets invite a few TV reporters."
31,129,263,444,836,1.6232057416267942,0.02551112908304357,568,You must be the Snitches!
32,200,150,535,885,1.6214689265536724,0.027881916101453807,568,Try not to think about it.
33,115,304,443,862,1.6194895591647331,0.024159352674905626,568,You must be the hostages.
34,127,250,441,818,1.6161369193154034,0.025875742609148367,568,I'm so glad you'll be staying for my timeshare presentation.
35,155,186,469,810,1.6123456790123456,0.027685647055693395,568,It could be worse- it could be me.
36,79,212,330,621,1.5958132045088567,0.02826282669773391,568,"No, I wouldn't want to be in your shoes."
37,85,155,306,546,1.5952380952380953,0.03183342587410401,568,I'm getting notes of despair; a hint of foreboding.
38,83,110,271,464,1.5948275862068966,0.03596153301171331,568,We have ways of making you small-talk.
39,86,176,332,594,1.5858585858585859,0.02995754705060923,568,"Well, this sounds like a very specific dating site."
40,85,164,326,575,1.5808695652173914,0.03064669660465933,568,"I'd love to help you, but, ironically, my hands are tied."
41,78,131,286,495,1.5797979797979798,0.03363244401810436,568,Looks like you've reached the last thing on your bucket list.
42,78,143,296,517,1.5783365570599612,0.03251726423408921,568,How nice of you to stay for my poetry reading.
43,76,175,315,566,1.5777385159010602,0.030117996851164522,568,Looks like you two are ready to make the plunge.
44,73,161,299,533,1.575984990619137,0.031208355167148264,568,So what's your safe word?
45,62,105,232,399,1.5739348370927317,0.03735308178913262,568,But enough about me.
46,62,162,275,499,1.5731462925851702,0.031468305399511246,568,My husband and I never do anything together any more.
47,71,135,279,485,1.5711340206185567,0.03333164977286832,568,Mine are Gucci. I take it yours are Gambino?
48,83,124,302,509,1.5697445972495088,0.03353413342637699,568,Salvatore tells me you sing.
49,75,135,293,503,1.5666003976143141,0.03291226786086326,568,I gave specific instructions to pot the plants - not plant the Potts.
50,66,139,277,482,1.562240663900415,0.03287932389117314,568,But enough about me! How did you two meet?
51,76,117,286,479,1.5615866388308977,0.03433574238638158,568,White House correspondent! How fascinating!
52,61,143,269,473,1.5602536997885834,0.032686803758505974,568,Let me call you a car service—will you be going to the Hudson or East?
53,56,149,262,467,1.5588865096359743,0.032306242263880465,568,I agree. Everybody thinks they're a victim these days.
54,71,104,266,441,1.5578231292517006,0.03594983722861586,568,"How embarrassing, I told Tony I wanted you to speak with the Fishers."
55,56,141,258,455,1.556043956043956,0.03295347545209432,568,Peter tells me it took a little coercion on his part to get you here.
56,65,116,262,443,1.5553047404063205,0.03496588868747479,568,Here's to low tide.
57,61,125,260,446,1.553811659192825,0.03420516112682203,568,Can I interest you in a Burgundy while Rocco clears out the trunk?
58,46,149,242,437,1.551487414187643,0.03240637049338383,568,You must be the Victims....I've heard so much about you.
58,52,137,248,437,1.551487414187643,0.03336396851337324,568,"I get it - it's gallows humor, only more concrete."
58,58,125,254,437,1.551487414187643,0.03429483840708779,568,"And then, on my sixth birthday..."
61,61,111,251,423,1.5508274231678487,0.03563349004859347,568,So how do you know Vito?
62,44,142,234,420,1.5476190476190477,0.033034885582665784,568,It isn't often I have a captive audience.
63,47,126,232,405,1.5432098765432098,0.03447741662927722,568,I'm glad to see that you both decided to stay.
64,56,105,239,400,1.5425,0.03638397806245385,568,You wouldn't believe the day I've had.
65,56,107,241,404,1.5420792079207921,0.03610905260433621,568,"...and then I adopted my fourth cat, and his story is even better than the first three."
66,44,124,224,392,1.5408163265306123,0.0347745322118755,568,"I know, believe me, I've had my own run-ins with the homeowners' association!"
67,38,133,217,388,1.538659793814433,0.033886179334295254,568,"Sounds like a rough day, but I'm sensing the worst part isn't over."
67,57,95,236,388,1.538659793814433,0.0374345200351674,568,"Once more after me, You're doing the best job ever, Mr. President."
69,41,114,209,364,1.5384615384615385,0.036127850544169726,568,"Bon Voyage doesn't sound quite right, but you know what I mean."
70,49,102,224,375,1.5333333333333334,0.0369354916130966,568,I see you two are finally taking the plunge.
71,57,80,228,365,1.5315068493150685,0.03926998985501501,568,And then I had a yeast infection for 2 whole years....
72,40,116,213,369,1.5311653116531165,0.03557871292653538,568,"Well, I've held you captive long enough..."
72,58,80,231,369,1.5311653116531165,0.039127434879818755,568,I see you flew in on United.
74,46,98,215,359,1.5292479108635098,0.037573465065675576,568,"Well, it's performance, but is it art?"
75,53,82,221,356,1.5280898876404494,0.0392522993746903,568,So you're the parents who donated the Make America Great Again hats to the school auction.
76,40,106,207,353,1.5269121813031161,0.036769576947094554,568,I see you have read and agreed to our new Terms of Service.
77,46,93,213,352,1.5255681818181819,0.03814464540102129,568,We're putting you in the high-risk pool.
78,39,91,192,322,1.5248447204968945,0.039134673008593905,568,"""Which one of you ordered the cabernet to die for""?"
79,46,85,207,338,1.5236686390532543,0.039342864198185834,568,"We had such high hopes for you as new club members, but then you asked for Merlot."
80,51,72,211,334,1.5209580838323353,0.040822989323347984,568,The Catalano Family Vineyards would like you reconsider portions of your Chianti review.
81,40,88,195,323,1.520123839009288,0.039297916499991564,568,"Are you part of the exhibit, or should I call the police?"
82,61,48,218,327,1.5198776758409787,0.04370472461924831,568,You know what happens to parents who let their twelve year old daughter submit a caption.
83,43,87,203,333,1.5195195195195195,0.03911202810925602,568,This is what happens when you bring merlot.
84,36,94,190,320,1.51875,0.03857364561930382,568,"I know I'm not supposed to talk to the art, but do you have the WiFi password?"
85,35,85,180,300,1.5166666666666666,0.04019415902737916,568,Would you feel more comfortable out on the terrace?
86,31,103,186,320,1.515625,0.03728673356045217,568,"When I said 'come as you are,' I didn't realize you were in the middle of something."
86,31,103,186,320,1.515625,0.03728673356045217,568,You two are making quite the splash tonight.
88,36,91,190,317,1.5141955835962144,0.03884926334548305,568,How long can you stay?
89,34,90,184,308,1.5129870129870129,0.03915269358000408,568,Are you two together?
90,39,70,183,292,1.5068493150684932,0.042153229507579174,568,This Chardonnay pairs very well with fish.
91,43,66,191,300,1.5066666666666666,0.04236417296779073,568,It's simply an overbooking situation. I trust you both understand.
91,29,94,177,300,1.5066666666666666,0.038504175549483564,568,You say you're in cement? My uncle was in cement. Made a fortune.
93,47,47,189,283,1.4982332155477032,0.04543533927440733,568,What does your Fitbit say now?
93,49,43,191,283,1.4982332155477032,0.04598360142188202,568,"Well, I'd say you're going easy on yourselves considering you voted for him."
95,31,76,170,277,1.4981949458483754,0.04143370191376602,568,If it's any consolation-- these new shoes are killing me too
96,26,85,165,276,1.4963768115942029,0.03992687268254418,568,I see you've met my husband.
97,32,71,170,273,1.4945054945054945,0.04220059088142245,568,There are few artists as sensitive to criticism as Mr. Gaspari.
97,32,71,170,273,1.4945054945054945,0.04220059088142245,568,"So, how long have you two Democrats been in Washington?"
99,26,80,161,267,1.4943820224719102,0.040888855065346646,568,"This is just so much more effective than asking for a ""Suggested Donation."""
100,21,89,155,265,1.4943396226415093,0.03933435377620977,568,Maybe this will help you loosen up a little.
101,22,60,129,211,1.4928909952606635,0.04672514708574876,568,Would you mind taking a few minutes to complete an exit survey?
102,28,76,164,268,1.492537313432836,0.04145750643324031,568,"I hate these going-away parties, don't you?"
102,30,72,166,268,1.492537313432836,0.04212629954759264,568,"Of course, many customers with free accounts eventually decide to upgrade"
104,18,94,153,265,1.490566037735849,0.03822580721147473,568,"We probably won't see each other again, but it was lovely to meet you."
104,32,66,167,265,1.490566037735849,0.04314442071791355,568,Can I get you anything.?
106,30,65,162,257,1.4863813229571985,0.04344885493020874,568,"Well, I think the bucket challenge thing has gotten out of control."
106,26,73,158,257,1.4863813229571985,0.04202627349655242,568,Would it have killed you to delete your Yelp review?
106,28,69,160,257,1.4863813229571985,0.04274348288776517,568,I hope that you didn't feel obligated to come.
109,29,65,159,253,1.4861660079051384,0.04360071503165441,568,"Sorry, I'm afraid you have pre-existing conditions."
110,27,43,130,200,1.485,0.05110709024555041,568,Let me show you the pool.
111,26,69,155,250,1.484,0.04287574276055258,568,I'll let you two mingle.
112,20,77,146,243,1.4814814814814814,0.04137443005873571,568,"So what sort of ""family business"" are you in exactly?"
112,32,53,158,243,1.4814814814814814,0.04604307855615266,568,"Look, I don't mean to keep you."
114,27,63,154,244,1.4795081967213115,0.04402073779015291,568,Care for a drink while the concrete sets?
114,28,61,155,244,1.4795081967213115,0.044402215248916424,568,Don’t you just hate these events? Everyone acts so restrained.
116,25,63,149,237,1.4767932489451476,0.044169929511523605,568,You two are fantastic listeners.
116,27,59,151,237,1.4767932489451476,0.04497219234842968,568,Last call!
116,29,55,153,237,1.4767932489451476,0.045760392220733324,568,They're all out of straws.
119,22,67,144,233,1.4763948497854078,0.04346441264275495,568,One more round before we drop you off?
120,25,60,146,231,1.4761904761904763,0.04500644026504671,568,"You know, when you tell a host that you'll be tied up, you're not supposed to show up."
120,25,60,146,231,1.4761904761904763,0.04500644026504671,568,You two together?
122,30,52,154,236,1.4745762711864407,0.046291900957405555,568,Finally! A captive audience!
122,25,62,149,236,1.4745762711864407,0.04430157966507229,568,Mainly acquisitions and hostile takeovers. And you two?
124,28,55,151,234,1.4743589743589745,0.04579572000169293,568,"Actually, no two AA chapters are exactly alike."
124,27,57,150,234,1.4743589743589745,0.045393452505372855,568,"Look at it this way, in a few months you're going to lose you health insurance anyway."
126,22,66,144,232,1.4741379310344827,0.04359327591238389,568,I admire your restraint.
127,24,61,146,231,1.4718614718614718,0.044575311504990944,568,Sorry. I should have warned you not to discuss politics tonight.
127,28,53,150,231,1.4718614718614718,0.0462334560614337,568,These faculty parties are much more enjoyable once you make tenure.
129,22,64,143,229,1.4716157205240175,0.0439963151701614,568,"No - he really like you both. Usually it's straight to the river."""
129,25,58,146,229,1.4716157205240175,0.04528346121699367,568,Let me tell you about my grandkids.
129,27,54,148,229,1.4716157205240175,0.046121606656932865,568,Do you by any chance have a rent-controlled apartment?
129,28,52,149,229,1.4716157205240175,0.0465350187603891,568,A final toast to cement our relationship.
133,28,51,148,227,1.47136563876652,0.04684167026747749,568,Have you reconsidered giving a donation?
134,23,60,143,226,1.4690265486725664,0.04484940075515523,568,Welcome to the Houdini Club initiation.
135,16,73,135,224,1.46875,0.041920305575445856,568,Would you care for a canapé while the cement dries?
136,23,58,142,223,1.4663677130044843,0.045279258430784904,568,"I take it, you're the Magicians?"
137,20,62,137,219,1.4657534246575343,0.04448871488200439,568,Thanks for agreeing to see my baby’s photos.
138,28,44,143,215,1.4651162790697674,0.04878180689163496,568,Let this be a lesson to you and others like you that listen to NPR but never donate.
138,17,66,132,215,1.4651162790697674,0.04360628121274034,568,Can I get your apartment?
138,26,48,141,215,1.4651162790697674,0.047882429568232354,568,I hear that you two are finally taking the plunge.
141,26,45,139,210,1.4619047619047618,0.048723799262887106,568,'So you're the designated drivers.'
142,28,43,144,215,1.4604651162790698,0.048765225719540846,568,I hear you're moving to the East River.
142,15,69,131,215,1.4604651162790698,0.04257878221383937,568,"and then when I was 23, ....am I boring you?"
142,27,45,143,215,1.4604651162790698,0.04831747539296473,568,Wikileaks has been so helpful identifying regular listeners who never pledge during the fundraising drive.
145,27,44,142,213,1.460093896713615,0.04865786550861079,568,You really shouldn't have said you voted for Trump. People get upset.
146,21,50,129,200,1.46,0.04799497461130382,568,Let me guess. This is the last item on your bucket lists.
147,15,64,126,205,1.4585365853658536,0.04398207347950328,568,You're such good listeners.
148,18,61,133,212,1.4575471698113207,0.044509388645015385,568,"Remind me, what time do you need to be at the dock."
149,22,50,134,206,1.4563106796116505,0.04745644865037751,568,Why so pail?
150,23,47,135,205,1.4536585365853658,0.04811356625933396,568,You're so lucky it was low tide!
150,22,49,134,205,1.4536585365853658,0.04761398167071809,568,I'm afraid I have some more bad news: Someone just walked in with a guitar.
152,19,53,129,201,1.4527363184079602,0.04673440225200947,568,Don't go anywhere. I'll be right back.
152,20,51,130,201,1.4527363184079602,0.04726368159203981,568,Well it must be working. You both look very thin.
154,16,56,124,196,1.4489795918367347,0.04589074115170548,568,You're such good listeners.
154,23,42,131,196,1.4489795918367347,0.04972183111826435,568,"Now be honest, how surprised were you guys?"
154,11,66,119,196,1.4489795918367347,0.04294551204336559,568,Thanks for coming. Can I offer a drink to loosen you up?
157,21,45,129,195,1.4461538461538461,0.04882565275035138,568,"He used to just say ""You're Fired!"" but now he's getting serious"
157,23,41,131,195,1.4461538461538461,0.049896698835777804,568,Just tell us why you voted for Trump.
159,15,55,121,191,1.4450261780104712,0.04611461360584361,568,A toast to cement your relationship
159,14,57,120,191,1.4450261780104712,0.045513140816957995,568,I understand you'll be joining us for the midnight cruise.
159,22,41,128,191,1.4450261780104712,0.050123236078293255,568,You have to get here by 6:00 to avoid the mob.
162,22,40,127,189,1.4444444444444444,0.05051426031283549,568,eHarmony huh?
162,19,46,124,189,1.4444444444444444,0.04881422563109422,568,Is this performance art or did you touch a painting?
162,16,52,121,189,1.4444444444444444,0.04705280813058712,568,"Well, I told you not to say who you voted for."
165,15,53,120,188,1.4414893617021276,0.046603973419172995,568,This should loosen you up.
165,20,43,125,188,1.4414893617021276,0.049561848287063115,568,I haven't even begun my bucket list yet!
167,17,47,120,184,1.440217391304348,0.04854205817623177,568,"Since you are my husband's fourth and final mistress, I'd like to propose a toast."
167,20,41,123,184,1.440217391304348,0.05034402651469583,568,"... oh, let me know if you've heard this one before ..."
169,20,42,125,187,1.4385026737967914,0.049737040900678056,568,This reminds me of the last time I saw Jimmy Hoffa
170,13,54,116,183,1.4371584699453552,0.04617973991049834,568,So how do you know Vito?
170,27,26,130,183,1.4371584699453552,0.05452758699484879,568,"Suddenly, Bob Mankoff looks like a genius!"
172,15,49,117,181,1.4364640883977902,0.047825437460418216,568,So YOU'RE tonight's sacrifice? How awkward.
172,20,39,122,181,1.4364640883977902,0.0509333804032831,568,But enough about me... where do you see yourselves in five years?
172,17,45,119,181,1.4364640883977902,0.04909223132727256,568,You couldn't just leave your cell phones at home?
175,16,46,117,179,1.4357541899441342,0.048842985397427825,568,Lucky you -- the river is always lovely in the spring!
175,21,36,122,179,1.4357541899441342,0.051956623405709564,568,"On the bright side, it's a great way to see the East River."
175,8,62,109,179,1.4357541899441342,0.04339898194002183,568,I hear you two are about to make quite a splash!
178,13,51,114,178,1.4325842696629214,0.047031816075427654,568,"That's terrible, but can I tell about MY problems?"
178,16,45,117,178,1.4325842696629214,0.04901460638992516,568,Fabulous going away party!
178,15,47,116,178,1.4325842696629214,0.048362709472179896,568,Would that a fish were the worst thing I ever slept with.
178,20,37,121,178,1.4325842696629214,0.0515398052754814,568,Wow! So you're actual tortured artists?
178,18,41,119,178,1.4325842696629214,0.05029305701284141,568,But enough about me.
178,18,41,119,178,1.4325842696629214,0.05029305701284141,568,Enough about me. What have you two been up to?
184,22,31,121,174,1.4310344827586208,0.05365902413210068,568,First time to Mar-a-Lago?
185,21,31,118,170,1.4294117647058824,0.05396010604861662,568,I see you've met my 3-year-old.
186,16,42,115,173,1.4277456647398843,0.04998548680657999,568,"So, can I count on your support?"
186,19,36,118,173,1.4277456647398843,0.051963341854309654,568,Let me guess...media?
186,20,34,119,173,1.4277456647398843,0.052606104510727066,568,Did you send your kid to our school with a peanut butter sandwich?
189,19,34,116,169,1.4260355029585798,0.052857700039560786,568,This is how we deal with gate crashers at Mar-a Lago.
189,19,34,116,169,1.4260355029585798,0.052857700039560786,568,This is the 'Wine Appreciation' class. 'Bondage for Beginners' is next door.
191,14,44,112,170,1.423529411764706,0.04918616558081879,568,I had to be dragged here too.
191,19,34,117,170,1.423529411764706,0.05260558055867374,568,Can I get you a straw?
193,12,47,109,168,1.4226190476190477,0.04813089258213534,568,But don't let me keep you.
193,10,51,107,168,1.4226190476190477,0.04662628895691385,568,I bet you two won't make that mistake again.
195,13,44,109,166,1.4216867469879517,0.04926696234135046,568,So you two finally decided to tie the knot.
196,17,35,112,164,1.420731707317073,0.05260301671735232,568,"Yours, I am afraid, is a pre-existing condition."
197,14,39,108,161,1.4161490683229814,0.05104422498769798,568,I'm enjoying being single. I don't want to be tied down at this point.
197,14,39,108,161,1.4161490683229814,0.05104422498769798,568,So you're not going to the after-party?
197,16,35,110,161,1.4161490683229814,0.052543243216424326,568,"I know they say red wine doesn't go with fish, but would you like a sip?"
197,14,39,108,161,1.4161490683229814,0.05104422498769798,568,What a relief! I've always wanted a captive audience.
201,14,37,106,157,1.414012738853503,0.051946109893905246,568,I see I have a captive audience
201,12,41,104,157,1.414012738853503,0.0503495749580219,568,"At this point, does it really matter, red or white?"
201,17,31,109,157,1.414012738853503,0.05425289195143427,568,Of course you'll stay for dinner?
201,17,31,109,157,1.414012738853503,0.05425289195143427,568,I've noticed you two haven't been mingling.
201,8,49,100,157,1.414012738853503,0.04699406802077298,568,So where do you two see yourselves in the next five minutes?
201,13,39,105,157,1.414012738853503,0.051154071350984105,568,Sorry. The magician we hired had to leave suddenly.
201,10,45,102,157,1.414012738853503,0.04870072960230937,568,"No, I can't say I have ever slept with a fish."
208,10,44,101,155,1.4129032258064516,0.049112011517113655,568,"Darlings, I absolutely didn't expect you. The Gambinos said you wouldn't be coming."
209,16,31,106,153,1.411764705882353,0.0544931707255089,568,Our host thought you might be interested in hearing why I voted for Donald Trump.
209,14,35,104,153,1.411764705882353,0.05289146463947139,568,"So what part of ""surprise party"" don't you understand?"
211,14,35,105,154,1.4090909090909092,0.05261487395060764,568,The important thing is that you showed up.
211,16,31,107,154,1.4090909090909092,0.05420414962422673,568,"That's amazing. I only lost 6 pounds on it, but my husband wasn't as supportive as yours."
213,16,29,105,150,1.4066666666666667,0.05523726870366073,568,So how exactly did you get here?
214,20,20,108,148,1.4054054054054055,0.058977808171889835,568,You think that's cutting edge? You should see what Lady Gaga's wearing.
214,12,36,100,148,1.4054054054054055,0.05237320450289783,568,Would you like your glass half-empty or half-full?
216,11,37,99,147,1.401360544217687,0.051679340729905994,568,What offer did you refuse?
216,13,33,101,147,1.401360544217687,0.05345212978459162,568,What type of art are you?
216,15,29,103,147,1.401360544217687,0.05516798073828635,568,So now you DO want to hear my screenplay idea?
216,8,43,96,147,1.401360544217687,0.04889979936493668,568,I told my husband you were bound to be here.
220,16,25,102,143,1.3986013986013985,0.057131830957230595,568,The president assures you that it's standard procedure for all our guests who are members of the press.
221,12,32,97,141,1.3971631205673758,0.054092337864196004,568,"What's the opposite of ""cheers""?"
222,10,35,94,139,1.39568345323741,0.05268191052720168,568,Must you always play the victims?
222,4,47,88,139,1.39568345323741,0.04636590567932659,568,Then I met my second husband...
222,10,35,94,139,1.39568345323741,0.05268191052720168,568,"Maybe we can split an Uber later? Looks like you're headed toward the East River, too."
222,10,35,94,139,1.39568345323741,0.05268191052720168,568,"Sorry, it's just until I finish telling you about my conversion to Veganism."
222,14,27,98,139,1.39568345323741,0.05650169338185655,568,Any more thoughts about trying to leave early?
222,12,31,96,139,1.39568345323741,0.05462520046559745,568,Its a screwdriver. I thought when you said 'Get me a jackhammer' any tool-themed drink would do.
222,9,37,93,139,1.39568345323741,0.051682872232885535,568,I couldn't help noticing your shoes.
222,17,21,101,139,1.39568345323741,0.05920502173535003,568,"So, Jan tells me that you had a little trouble with your United flight?"
230,15,26,101,142,1.3943661971830985,0.05650011644601337,568,Great going away party!
231,12,29,95,136,1.3897058823529411,0.055397940585318266,568,The wine will go well with the fishes.
232,8,19,63,90,1.3888888888888888,0.06832112697125854,568,Well that's one way to cement a relationship.
233,17,17,98,132,1.3863636363636365,0.06144957185518222,568,Next time don't bring crackers that contain gluten.
233,11,29,92,132,1.3863636363636365,0.05551655028152964,568,I love a captive audience.
233,11,29,92,132,1.3863636363636365,0.05551655028152964,568,I see you've embraced the new healthcare plan
233,10,31,91,132,1.3863636363636365,0.05446491470807309,568,.....and this is why you should never discuss politics.
233,11,29,92,132,1.3863636363636365,0.05551655028152964,568,"I realize it's unorthodox, but we have to do something with the people who don't make tenure."
238,8,34,88,130,1.3846153846153846,0.05280968562865549,568,We thought it would be nice to give you a little send off.
239,11,27,90,128,1.3828125,0.05668965728300157,568,So how's the witness protection thing working out?
240,14,22,95,131,1.381679389312977,0.05881788654573585,568,Not drinking tonight?
240,12,26,93,131,1.381679389312977,0.056786126417589476,568,I didn't know the Vice President was into performance art.
240,10,30,91,131,1.381679389312977,0.054678922166789753,568,You know that's exactly why my husband and I decided we wouldn't sign a prenuptial agreement
240,11,28,92,131,1.381679389312977,0.05574248237581596,568,Of course I am still pro life
244,9,30,88,127,1.3779527559055118,0.05468791353030099,568,Going so soon?
244,13,22,92,127,1.3779527559055118,0.05908219185261496,568,Do you prefer full sunlight or shade?
244,10,28,89,127,1.3779527559055118,0.05581892388115842,568,You'll be fine. They're just putting you in the 'High Risk Pool.'
244,10,28,89,127,1.3779527559055118,0.05581892388115842,568,When did you decide to leave the Witness Protection Program?
244,6,36,85,127,1.3779527559055118,0.051145036469231644,568,Would you care for some Chardonnay while the concrete sets up?
244,11,26,90,127,1.3779527559055118,0.05692746823988785,568,You're merely an outward expression of what we all feel.
244,13,22,92,127,1.3779527559055118,0.05908219185261496,568,Have to admit I wasn't expecting to get such good advice from members of the outgoing administration!
244,10,28,89,127,1.3779527559055118,0.05581892388115842,568,"So, how do you two know David?"
244,12,24,91,127,1.3779527559055118,0.05801483445771711,568,"Ah, you must be the holdovers from the last Administration."
244,9,30,88,127,1.3779527559055118,0.05468791353030099,568,"So, when did you tie the knot?"
244,8,32,87,127,1.3779527559055118,0.053533013266065986,568,"You must be the couple that offended ""you know who"" by talking during his toast at tonight's State Dinner."
244,12,24,91,127,1.3779527559055118,0.05801483445771711,568,"Oh yes, we are VERY serious about RSVPs."
244,8,32,87,127,1.3779527559055118,0.053533013266065986,568,But is it art?
244,9,30,88,127,1.3779527559055118,0.05468791353030099,568,I'm so glad you decided to stay.
258,9,29,87,125,1.376,0.0552577537983468,568,"So, you must be the performance artists."
258,9,29,87,125,1.376,0.0552577537983468,568,How can you BOTH forget your safe word?
258,9,29,87,125,1.376,0.0552577537983468,568,Oh you'll just love the view of the Brooklyn Bridge from the East River
261,10,25,85,120,1.375,0.058052545501603,568,"Sorry! AllI said was ""Chill the whites""."
262,11,24,88,123,1.3739837398373984,0.05818157634653926,568,Looks like you two are going to be in over your heads here tonight.
262,5,36,82,123,1.3739837398373984,0.05084698317716948,568,"I feel like a hostage at these events, too."
262,11,24,88,123,1.3739837398373984,0.05818157634653926,568,Tell me if you've heard this one already...
262,6,34,83,123,1.3739837398373984,0.05214111352420621,568,"Instead of a blindfold taste tasting, we decided to make it more challenging"
262,12,22,89,123,1.3739837398373984,0.05931589877505845,568,And WHAT dating site did you meet on?
262,11,24,88,123,1.3739837398373984,0.05818157634653926,568,Those shoes are just to die for!
268,11,23,87,121,1.371900826446281,0.05883655209937073,568,Straw?
268,8,29,84,121,1.371900826446281,0.05521337448885096,568,Don't move. I'll be right back!
268,7,31,83,121,1.371900826446281,0.053951604940114084,568,Just don't stand there - mingle!
268,12,21,88,121,1.371900826446281,0.05999567409217036,568,"So, how do you know Tony?"
268,9,27,85,121,1.371900826446281,0.05644694650092292,568,"Oh, come on. Drink up- you only live once."
268,5,35,81,121,1.371900826446281,0.051335110615934494,568,"Well, make yourselves comfortable."
268,10,25,86,121,1.371900826446281,0.0576541309544252,568,Do you have any shellfish allergies?
268,5,35,81,121,1.371900826446281,0.051335110615934494,568,"I was told if this won't loosen you up, nothing will."
268,11,23,87,121,1.371900826446281,0.05883655209937073,568,This has notes of desperation.
268,9,27,85,121,1.371900826446281,0.05644694650092292,568,"The designated drivers, I presume?"
268,8,29,84,121,1.371900826446281,0.05521337448885096,568,"Don't know what you two said to the boss, but, it looks like you're going places."
268,10,25,86,121,1.371900826446281,0.0576541309544252,568,Would you like this to go?
268,3,39,79,121,1.371900826446281,0.0485778909411094,568,"To be honest, I don't want to be here either."
268,11,23,87,121,1.371900826446281,0.05883655209937073,568,Can I get you some water?
268,8,29,84,121,1.371900826446281,0.05521337448885096,568,I'll let the Fishes know you've arrived.
268,9,27,85,121,1.371900826446281,0.05644694650092292,568,I thought you two would hit it off.
268,11,23,87,121,1.371900826446281,0.05883655209937073,568,"I'm going to ask one last time, where is my garden gnome?"
285,6,29,76,111,1.3693693693693694,0.055681214920225014,568,Keep stomping. We need about twenty more glasses.
286,11,23,88,122,1.3688524590163935,0.05843186265310088,568,Let me guess: You both spoke truth to power.
287,10,23,85,118,1.3644067796610169,0.058551314627692606,568,"Of course, all donations are voluntary."
287,12,19,87,118,1.3644067796610169,0.060975286370130936,568,"Sorry, your children will not pay the ransom."
289,7,28,81,116,1.3620689655172413,0.055298768356355145,568,How's your expose' on the mafia going?
289,7,28,81,116,1.3620689655172413,0.055298768356355145,568,"I'm sorry, but your hands are tied, and our decision is set in stone."
289,7,28,81,116,1.3620689655172413,0.055298768356355145,568,"Sorry, the President did not accept your apology."
289,9,24,83,116,1.3620689655172413,0.05794656035255539,568,I can't tell if this is modern art or a hostage situation.
289,7,28,81,116,1.3620689655172413,0.055298768356355145,568,"I recommend the white Zin, it goes much better with fish."
289,8,26,82,116,1.3620689655172413,0.05663813926331871,568,"Enough about me, what's new with you two?"
289,8,26,82,116,1.3620689655172413,0.05663813926331871,568,A Chenin Blanc will give you more buoyancy.
289,10,22,84,116,1.3620689655172413,0.05922608288730231,568,Planter fascism?
289,11,20,85,116,1.3620689655172413,0.06047854108404784,568,Now we'll see how you like double-dipping.
289,7,28,81,116,1.3620689655172413,0.055298768356355145,568,Don't you hate it when someone shows up wearing the same outfit?
299,7,25,76,108,1.3611111111111112,0.05803153398105862,568,How about a drink to loosen up?
300,10,21,83,114,1.3596491228070176,0.059921794737999176,568,Would the designated drivers like a teensy sip?
300,7,27,80,114,1.3596491228070176,0.05590040517964037,568,Wouldn't joining AA be easier?
300,8,25,81,114,1.3596491228070176,0.05727225064874738,568,"I'm not boring you, am I?"
300,10,21,83,114,1.3596491228070176,0.059921794737999176,568,No more wine for you. You're already potted
300,12,17,85,114,1.3596491228070176,0.062459044780342796,568,So what else is on your bucket list?
300,8,25,81,114,1.3596491228070176,0.05727225064874738,568,Small world – my husband was a snitch.
300,10,21,83,114,1.3596491228070176,0.059921794737999176,568,"So, what's next on the old bucket list?"
307,9,22,81,112,1.3571428571428572,0.059298156576863596,568,I hear the East River is beautiful this time of year
307,10,20,82,112,1.3571428571428572,0.06063947999685842,568,"Harold, let's get these for the pool!"
307,6,28,78,112,1.3571428571428572,0.05507854292543284,568,"Well, I never expected to see you two here."
307,12,16,84,112,1.3571428571428572,0.06323683148324016,568,Don't worry. Soon you'll be back on the president's good side.
307,9,22,81,112,1.3571428571428572,0.059298156576863596,568,Stay here. I'll be right back.
307,8,24,80,112,1.3571428571428572,0.05792578193291024,568,Don't just stand there. Mingle!
307,12,16,84,112,1.3571428571428572,0.06323683148324016,568,So how do you know Fat Tony?
307,13,14,85,112,1.3571428571428572,0.06449629459833235,568,So I hear you two are going to take the plunge!
307,8,24,80,112,1.3571428571428572,0.05792578193291024,568,The Friendly Skies would like to comp you with a complimentary beverage
316,9,21,80,110,1.3545454545454545,0.06000606535420692,568,Just be thankful you didn't come to the blind tasting.
316,6,27,77,110,1.3545454545454545,0.05568043520945997,568,"Well, you knew it was a farewell party."
316,5,29,76,110,1.3545454545454545,0.05416184259902946,568,"....so, while Macy's had the right color, the heel was the wrong height, so then I went to DSW...."
316,13,13,84,110,1.3545454545454545,0.06532955353333329,568,And how do you two know the Sopranos?
316,7,25,78,110,1.3545454545454545,0.0571586960707441,568,"Well, my life plan is not as concrete as yours."
316,12,15,83,110,1.3545454545454545,0.06404018186632385,568,You must be the two artists about to join the Hudson River School.
316,8,23,79,110,1.3545454545454545,0.05859967754092615,568,Looks like you had the same bucket list.
316,6,27,77,110,1.3545454545454545,0.05568043520945997,568,"Yes, I would like to hear what's next on your bucket list."
316,10,19,81,110,1.3545454545454545,0.0613802374603274,568,"I would offer you a drink, but I see your hands are tied."
316,7,25,78,110,1.3545454545454545,0.0571586960707441,568,I told you this party was going to be a mob scene!
316,10,19,81,110,1.3545454545454545,0.0613802374603274,568,You two are on my Bucket list.
316,12,15,83,110,1.3545454545454545,0.06404018186632385,568,We frown on boxed wine.
316,8,23,79,110,1.3545454545454545,0.05859967754092615,568,You'll love the seafood
316,5,29,76,110,1.3545454545454545,0.05416184259902946,568,Could I at least get you some fresh gags?
316,9,21,80,110,1.3545454545454545,0.06000606535420692,568,"So, how long will you be art?"
316,9,21,80,110,1.3545454545454545,0.06000606535420692,568,Can I pour some wine down your throat?
332,6,26,76,108,1.3518518518518519,0.05630053180401422,568,Now don't feel like you have to stay.
333,9,20,80,109,1.348623853211009,0.06026353212582039,568,Leave it to Saint Laurent to use rope and bucket so ironically.
333,7,24,78,109,1.348623853211009,0.057375116328115344,568,The S&M party was last night.
333,8,22,79,109,1.348623853211009,0.05883705158292925,568,"Since you have nothing to lose, would you mind tasting my drink to see if it's poisoned?"
333,7,24,78,109,1.348623853211009,0.057375116328115344,568,Finally! A captive audience!
333,12,14,83,109,1.348623853211009,0.0643535337040812,568,"I would have chosen Canada, but I do respect your choice."
333,10,18,81,109,1.348623853211009,0.061657018818519725,568,I almost wore that same dress tonight.
339,12,11,78,101,1.3465346534653466,0.06812284123473099,568,"Emma, Colin, I'm sure you didn't mean to skip over my far-superior caption!"
340,8,21,78,107,1.3457943925233644,0.059538582773768035,568,Love your costumes! Which Russian politicians are you supposed to be?
340,9,19,79,107,1.3457943925233644,0.061001463769027583,568,"So, as House Republican members, did you feel any pressure to vote for the American Health Care Act?"
342,6,23,73,102,1.3431372549019607,0.058279043498732024,568,"So, how'd you guys get roped into this party?"
343,10,16,79,105,1.3428571428571427,0.06322900327420725,568,"So, what's on your bucket list?"
343,11,14,80,105,1.3428571428571427,0.06466109369783266,568,I guess they are really serious about weeding out the office romances.
343,10,16,79,105,1.3428571428571427,0.06322900327420725,568,There you are!! I figured you two were either tied up or planted yourselves in a corner.
343,4,28,73,105,1.3428571428571427,0.05384241595757579,568,I can see you're in a bit of a bind.
347,4,20,58,82,1.3414634146341464,0.06309185217790143,568,Let me get you two a drink. Wait right here.
348,11,13,79,103,1.3398058252427185,0.06552428522876545,568,"Jeez, I never thought of doing that for birth control."
348,7,21,75,103,1.3398058252427185,0.05943031480938294,568,Something to drink while the cement sets?
348,5,25,73,103,1.3398058252427185,0.05613579517690328,568,"Of course, ""free cruise"" lends itself to broad interpretation."
348,8,19,76,103,1.3398058252427185,0.06101089843168943,568,"Oh, enough about me, I can't wait to hear what you folks have been up to."
348,11,13,79,103,1.3398058252427185,0.06552428522876545,568,"You know, if you had mentioned you were ""literally"" tied up, I wouldn't have insisted."
348,5,25,73,103,1.3398058252427185,0.05613579517690328,568,"For what it's worth, I thought having a goodbye party was a bit excessive."
348,6,23,74,103,1.3398058252427185,0.05780652998790707,568,"No, no, that's not the way the ice bucket challenge works."
348,6,23,74,103,1.3398058252427185,0.05780652998790707,568,We realize our interview process is a little more challenging than most companies.
348,8,19,76,103,1.3398058252427185,0.06101089843168943,568,So who asked whom to tie the knot?
348,5,25,73,103,1.3398058252427185,0.05613579517690328,568,"I would really love to help, but I'm afraid my hands are tied."
348,7,21,75,103,1.3398058252427185,0.05943031480938294,568,How was your flight?
348,11,13,79,103,1.3398058252427185,0.06552428522876545,568,You should know that not all of us think you're rats.
348,7,21,75,103,1.3398058252427185,0.05943031480938294,568,How is that witness protection program working out?
348,7,21,75,103,1.3398058252427185,0.05943031480938294,568,Now this is what I call a captive audience!
348,10,15,78,103,1.3398058252427185,0.06405516798542525,568,"I'll deny I said this, but your reviews were spot-on."
348,4,27,72,103,1.3398058252427185,0.05441378585472321,568,"So you thought ""the Fishes"" were a couple."
348,5,25,73,103,1.3398058252427185,0.05613579517690328,568,Thanks for staying. It means a lot.
348,9,17,77,103,1.3398058252427185,0.06255155582830443,568,I'm glad you came. I thought that you two would have a lot in common.
348,7,21,75,103,1.3398058252427185,0.05943031480938294,568,Are you performance art or did you really do something naughty?
348,3,29,71,103,1.3398058252427185,0.052635469808334695,568,I always feel awkward talking to people in your situation.
368,6,16,61,83,1.3373493975903614,0.06700228379696978,568,It's always awkward to run into my clients like this.
369,8,18,75,101,1.3366336633663367,0.06178408222504038,568,"Maybe next dinner party, you'll bring the dish you were assigned to bring"
369,5,24,72,101,1.3366336633663367,0.05677335123497605,568,"Adam, I knew you had met a girl, but you didn't tell me that you had tied the knots."
369,6,22,73,101,1.3366336633663367,0.058491308862344285,568,"Let me guess--you voted for Trump, or you hated Hamilton?"
369,9,16,76,101,1.3366336633663367,0.06336633663366337,568,I knew you two were bound to show up.
369,7,20,74,101,1.3366336633663367,0.06016022784539926,568,"Would you prefer white, it goes better with fish."
369,8,18,75,101,1.3366336633663367,0.06178408222504038,568,You two must be journalists.
369,8,18,75,101,1.3366336633663367,0.06178408222504038,568,I remember my own hazing like it as just yesterday!
369,8,18,75,101,1.3366336633663367,0.06178408222504038,568,"Well, my bucket-list is less austere"
369,8,18,75,101,1.3366336633663367,0.06178408222504038,568,I think every cocktail party should have designated listeners.
369,9,16,76,101,1.3366336633663367,0.06336633663366337,568,So you must be the parents of the artist.
369,7,20,74,101,1.3366336633663367,0.06016022784539926,568,So...how are you liking the Houdini Emersion program?
369,6,22,73,101,1.3366336633663367,0.058491308862344285,568,"While we wait for the cement to dry, can I get you a straw?"
369,5,24,72,101,1.3366336633663367,0.05677335123497605,568,"I'm sure it'll blow over. Lord knows, I have my own family problems."
369,7,20,74,101,1.3366336633663367,0.06016022784539926,568,That's precisely why I don't buy shoes online.
369,8,18,75,101,1.3366336633663367,0.06178408222504038,568,Stomp on those grapes faster! Merlot won't make itself!
384,7,19,73,99,1.3333333333333333,0.06091449038731727,568,Do you have a designated diver?
384,7,19,73,99,1.3333333333333333,0.06091449038731727,568,I see you lost the caption contest.
384,6,21,72,99,1.3333333333333333,0.059198243857910574,568,Let me tell you why Hillary should have won...
384,2,29,68,99,1.3333333333333333,0.051767362524248475,568,Do your best to mingle.
384,5,19,63,87,1.3333333333333333,0.06261405880451333,568,I honestly didn't know there was a thirteenth step.
384,9,15,75,99,1.3333333333333333,0.06420951071078496,568,"I have read about the Mafia diet, but wanted to wait until after the holidays."
384,6,21,72,99,1.3333333333333333,0.059198243857910574,568,"Terribly sorry, but we had run out of sacrifices"
384,10,13,76,99,1.3333333333333333,0.0657951694959769,568,Adding designated listeners to these cocktail parties is such a good idea.
384,7,19,73,99,1.3333333333333333,0.06091449038731727,568,"So, who's going to be the first volunteer to taste Trumps new brand ""Sour Grapes "" ?"
384,7,19,73,99,1.3333333333333333,0.06091449038731727,568,...and THEN you can apply for a Green Card?
384,4,25,70,99,1.3333333333333333,0.055607067440108786,568,So how do you know Fat Tony?
384,5,23,71,99,1.3333333333333333,0.0574307323005264,568,So how do you know the captors?
384,10,13,76,99,1.3333333333333333,0.0657951694959769,568,Sal tells me you're both informants.
397,7,18,72,97,1.3298969072164948,0.06169437733807127,568,"...and the water there is so clear, you can see all the way to the bottom. You'll absolutely love it!"
397,5,22,70,97,1.3298969072164948,0.058108888567305346,568,I've never had such a captive audience.
397,5,22,70,97,1.3298969072164948,0.058108888567305346,568,So you guys must be the designated drivers...
397,8,16,73,97,1.3298969072164948,0.063411141193285,568,"No, this is the 'Drinking like Fishes' seminar. 'Sleeping with the Fishes' is down the hall."
401,7,14,64,85,1.3294117647058823,0.0677535393849843,568,"Well yes, the invitation did say, 'Come as you are.' I am intrigued, however."
402,9,13,73,95,1.3263157894736841,0.06598738428946635,568,I like when I have a captive audience.
402,4,23,68,95,1.3263157894736841,0.056872788367533886,568,You really need to loosen up a bit.
402,9,13,73,95,1.3263157894736841,0.06598738428946635,568,"How nice,you're both recovering alcoholics."
402,5,21,69,95,1.3263157894736841,0.05880882775937453,568,I love a captive audience.
402,5,21,69,95,1.3263157894736841,0.05880882775937453,568,Will you be around next week?
402,6,19,70,95,1.3263157894736841,0.060683131001665225,568,"It may seem harsh, but we can't have people putting ice cubes in red wine."
402,7,17,71,95,1.3263157894736841,0.06250125241864155,568,"Now, isn't this better than sitting on a Grand Jury?"
402,8,15,72,95,1.3263157894736841,0.06426796028840676,568,"So, you both worked on the Hillary campaign?"
402,7,17,71,95,1.3263157894736841,0.06250125241864155,568,Where in Sheepshead Bay--as if I really have to ask.
402,6,19,70,95,1.3263157894736841,0.060683131001665225,568,"""I agree! These cocktail parties are pure torture!"
402,6,19,70,95,1.3263157894736841,0.060683131001665225,568,"Listen, no one is forcing you to be here."
402,4,23,68,95,1.3263157894736841,0.056872788367533886,568,You appear to have a pre-existing condition.
402,6,19,70,95,1.3263157894736841,0.060683131001665225,568,"When Vinny invited me, he never mentioned it was a going away party."
402,7,17,71,95,1.3263157894736841,0.06250125241864155,568,"So, how do you know Mr. and Mrs. Corleone?"
402,4,23,68,95,1.3263157894736841,0.056872788367533886,568,Welcome to the witness protection program.
402,5,21,69,95,1.3263157894736841,0.05880882775937453,568,Would a straw help?
402,8,15,72,95,1.3263157894736841,0.06426796028840676,568,I guess the Family thinks you two shouldn't get married.
402,7,17,71,95,1.3263157894736841,0.06250125241864155,568,You guys really should walk around and mingle instead of planting yourselves right there.
402,8,15,72,95,1.3263157894736841,0.06426796028840676,568,"Still won't talk, eh? Let's see if you can withstand the tedious banter of my party guests."
402,7,17,71,95,1.3263157894736841,0.06250125241864155,568,On behalf of that Mar-a-Lago Initiation Committee - Congratulations for making it this far.
402,4,23,68,95,1.3263157894736841,0.056872788367533886,568,Consider what would happen if we ALL neglected our condo fees!
402,6,19,70,95,1.3263157894736841,0.060683131001665225,568,I've been noticing that other people seem to be avoiding you.
402,8,15,72,95,1.3263157894736841,0.06426796028840676,568,I'm guessing you're designated?
425,8,14,71,93,1.3225806451612903,0.06515578182503504,568,This is how we torture wine snobs. Now watch me drink this red wine out of a white wine glass.
425,3,24,66,93,1.3225806451612903,0.05546625507232871,568,A drink to loosen you up?
425,2,26,65,93,1.3225806451612903,0.0533174583138773,568,Welcome to Brooklyn. Some things haven't changed.
425,7,16,70,93,1.3225806451612903,0.06333657564579079,568,I'm not very good at farewell toasts.
425,8,14,71,93,1.3225806451612903,0.06515578182503504,568,Well what did you expect showing up with a Merlot?
425,2,26,65,93,1.3225806451612903,0.0533174583138773,568,Can I drop you off somewhere after the party?
425,6,18,69,93,1.3225806451612903,0.06146354792751873,568,You two look like a fun couple!
425,7,16,70,93,1.3225806451612903,0.06333657564579079,568,"I am so sorry about this low tide mix up. Why don't you both stay, mingle, and we'll try throwing you off the pier again in six hours."
425,6,18,69,93,1.3225806451612903,0.06146354792751873,568,"""Enjoying the 'going-away-party'?"
425,4,22,67,93,1.3225806451612903,0.05753485502237072,568,Well it's very brave of you to show up tonight....
435,5,20,69,94,1.3191489361702127,0.058994793959766076,568,I just love how you two do everything together.
435,4,22,68,94,1.3191489361702127,0.057022847306584766,568,The drinks are just to lighten the termination process.
435,7,16,71,94,1.3191489361702127,0.06275306297835663,568,"I see you are from the press corps!"""
435,4,22,68,94,1.3191489361702127,0.057022847306584766,568,I heard it was a real mob scene here last night.
435,5,20,69,94,1.3191489361702127,0.058994793959766076,568,"Since you'll be having the fish tonight, may I suggest this excellent Sicilian pinot?"
440,7,15,69,91,1.3186813186813187,0.06420191150243705,568,"Chapter One ""I am born"""
440,5,19,67,91,1.3186813186813187,0.06027839540138963,568,"Well, they specifically said ""no social media"" during the ceremony."
440,7,15,69,91,1.3186813186813187,0.06420191150243705,568,"Sorry, the cruise is overbooked."
440,3,23,65,91,1.3186813186813187,0.05608105262711981,568,Have a drink before you head toward the pier.
440,7,15,69,91,1.3186813186813187,0.06420191150243705,568,Now THIS is my kind of parent-teacher conference.
440,7,15,69,91,1.3186813186813187,0.06420191150243705,568,I hope I'm not boring you?
440,6,17,68,91,1.3186813186813187,0.062271062271062265,568,It's so refreshing to actually see someone follow through on their Election Night promises!
440,5,19,67,91,1.3186813186813187,0.06027839540138963,568,May I drop you off?
440,8,13,70,91,1.3186813186813187,0.06607636252675388,568,Lately this place is a mob scene.
440,8,13,70,91,1.3186813186813187,0.06607636252675388,568,I really didn't want to come to this party either.
440,3,23,65,91,1.3186813186813187,0.05608105262711981,568,So what's your safe word?
440,5,19,67,91,1.3186813186813187,0.06027839540138963,568,The East River IS lovely this time of year.
440,7,15,69,91,1.3186813186813187,0.06420191150243705,568,I think you two are somewhat confused about the ice water challenge.
440,3,23,65,91,1.3186813186813187,0.05608105262711981,568,I'm impressed. The chairman doesn't usually go in for such elaborate send offs.
440,5,19,67,91,1.3186813186813187,0.06027839540138963,568,"Oh my. Did I misuse ""literally"" again?"
440,4,21,66,91,1.3186813186813187,0.058217563569476403,568,I knew you were bound to show up.
440,4,21,66,91,1.3186813186813187,0.058217563569476403,568,Bottoms up
440,7,15,69,91,1.3186813186813187,0.06420191150243705,568,Ahhh...I see I have a captive audience
458,5,17,63,85,1.3176470588235294,0.06309426655597127,568,"I believe the term ""invitation only"" speaks for itself."
458,5,17,63,85,1.3176470588235294,0.06309426655597127,568,"No offense, but I never understood performance art"
460,5,16,61,82,1.3170731707317074,0.06464423003727134,568,"Once this little meet and greet is over, the co-op Board will give your application its final review."
461,5,18,66,89,1.3146067415730338,0.061050360200302675,568,So you two met on Snitch.com.
461,7,14,68,89,1.3146067415730338,0.06509893785933112,568,"No, of course not. We just need you to hold up the volley ball net."
461,5,18,66,89,1.3146067415730338,0.061050360200302675,568,You must be the Liberals I've heard so much about.
461,4,20,65,89,1.3146067415730338,0.05892184540281749,568,"Well, despite that, we still consider ourselves open minded when it comes to Trump supporters."
461,3,22,64,89,1.3146067415730338,0.05671350148562816,568,I hear that you'll be leaving us soon.
461,4,20,65,89,1.3146067415730338,0.05892184540281749,568,Art isn't easy.
461,6,16,67,89,1.3146067415730338,0.06310712396789984,568,I'm just not ready to be tied down.
461,6,16,67,89,1.3146067415730338,0.06310712396789984,568,I hadn't realized you two had tied the knot.
461,6,16,67,89,1.3146067415730338,0.06310712396789984,568,"Really, there is no pressure to contribute at these things."
461,7,14,68,89,1.3146067415730338,0.06509893785933112,568,I hear the bottom of the Hudson is beautiful this time of year.
471,3,20,60,83,1.3132530120481927,0.05920352650148979,568,Aren't you going to introduce me to your minus one?
471,4,18,61,83,1.3132530120481927,0.06163534627535529,568,It's called Amway. Have you heard of it?
473,8,11,68,87,1.3103448275862069,0.06802350496239276,568,"I respect abstinence, but can't you just say ""No thank you""?"
473,6,15,66,87,1.3103448275862069,0.06397328203746312,568,You must be from Jersey?
473,3,21,63,87,1.3103448275862069,0.0573642414362728,568,So you're ready to take the plunge!
473,5,17,65,87,1.3103448275862069,0.06184878825234062,568,This would have been easier had you RSVPed 'yes'.
473,4,19,64,87,1.3103448275862069,0.059648674770869235,568,Well I see you've met Doug...
473,5,17,65,87,1.3103448275862069,0.06184878825234062,568,Maybe just try living together first?
473,3,21,63,87,1.3103448275862069,0.0573642414362728,568,I feel like I was forced to attend this party too.
473,6,15,66,87,1.3103448275862069,0.06397328203746312,568,We consider the concrete a pre-existing condition.
473,6,15,66,87,1.3103448275862069,0.06397328203746312,568,I'm just glad I was finally able to bring you two together.
473,4,19,64,87,1.3103448275862069,0.059648674770869235,568,Let's drown your sorrows first.
473,7,13,67,87,1.3103448275862069,0.06602945570733366,568,"So tell me again, Senators, how are you going to vote on Trump's new health care plan?"
473,6,15,66,87,1.3103448275862069,0.06397328203746312,568,Thank you for agreeing to listen to a presentation about a fantastic time-share opportunity.
473,2,23,62,87,1.3103448275862069,0.05498497966897016,568,I've always felt one of my gifts is my ability to captivate my audience.
473,5,17,65,87,1.3103448275862069,0.06184878825234062,568,And you must be the S & Ms.
473,6,15,66,87,1.3103448275862069,0.06397328203746312,568,"My dears, the theme for tonight's soirée was whodunit, not Houdini."
473,3,21,63,87,1.3103448275862069,0.0573642414362728,568,I understand you can't stay long...
473,6,15,66,87,1.3103448275862069,0.06397328203746312,568,"Hey guys, great going away party."
473,2,23,62,87,1.3103448275862069,0.05498497966897016,568,Can I have a moment of your time?
473,8,11,68,87,1.3103448275862069,0.06802350496239276,568,Great goodbye party!
473,3,21,63,87,1.3103448275862069,0.0573642414362728,568,"As a ""look"", I'm not impressed. As an excuse for being late, it just might work."
473,3,21,63,87,1.3103448275862069,0.0573642414362728,568,"Did I tell you about my beautiful, creative, wonderful daughter who is climbing Everest to save the environment and ..."
473,6,15,66,87,1.3103448275862069,0.06397328203746312,568,This piece is truly compelling - are you allowed to talk?
473,5,17,65,87,1.3103448275862069,0.06184878825234062,568,Let me guess...you're journalists!
473,5,17,65,87,1.3103448275862069,0.06184878825234062,568,You'll be interested in hearing about my grandson's essay.
473,3,21,63,87,1.3103448275862069,0.0573642414362728,568,Last drink request?
473,6,15,66,87,1.3103448275862069,0.06397328203746312,568,Don't you think you're going a little overboard?
473,7,13,67,87,1.3103448275862069,0.06602945570733366,568,"""You will remain there until each of you can say and spell ""hors' d'oeuvres"" correctly""."
500,6,13,62,81,1.308641975308642,0.06722446118549126,568,"We call this ""Two Bucket Chuck""."
501,3,20,62,85,1.3058823529411765,0.058033916027249985,568,One for the Road
501,7,12,66,85,1.3058823529411765,0.06699539975796556,568,"Sorry, the Hoffa tribute was last night."
501,7,12,66,85,1.3058823529411765,0.06699539975796556,568,I was told to untie you only if you will stop talking about your dog.
501,5,16,64,85,1.3058823529411765,0.06267503090620505,568,I know you may think we are going a little overboard here.
505,6,14,66,86,1.302325581395349,0.06421102232210543,568,"Drink like a... sleep with the... I can't remember how it goes, but whatever. Fishes."
505,4,18,64,86,1.302325581395349,0.05979849300120281,568,"Just sit tight, the tide's coming in."
505,4,18,64,86,1.302325581395349,0.05979849300120281,568,"Why? Because we can't have you urinating all over the floor - That's why."""
508,5,15,63,83,1.3012048192771084,0.06353051924864452,568,We have ways of making you small-talk.
508,6,13,64,83,1.3012048192771084,0.06580262332363916,568,I see your excuse of being all tied up tonight didn't get you off the hook.
508,5,15,63,83,1.3012048192771084,0.06353051924864452,568,"Would I be too forward if I said I'm into this sort of thing, too?"
508,5,15,63,83,1.3012048192771084,0.06353051924864452,568,I see that you ordered Cabernet with the fish.
508,6,13,64,83,1.3012048192771084,0.06580262332363916,568,"""The Godfather's party is down the hall""."
508,5,15,63,83,1.3012048192771084,0.06353051924864452,568,Is this your first wine hazing party?
508,7,11,65,83,1.3012048192771084,0.0679988499648567,568,You wanted him. You can have him.
508,5,15,63,83,1.3012048192771084,0.06353051924864452,568,"So, you're in concrete."
508,6,13,64,83,1.3012048192771084,0.06580262332363916,568,"The invitation said, dress casually, not casualty."
508,8,9,66,83,1.3012048192771084,0.07012632855649467,568,How ever do you take selfies?
508,5,15,63,83,1.3012048192771084,0.06353051924864452,568,I hear you're about to take the plunge!
519,6,13,65,84,1.2976190476190477,0.06511334815595471,568,"I'm so awkward at times like this. I know 'bon voyage' doesn't suit, but...."
520,4,16,61,81,1.2962962962962963,0.06197481678030189,568,I'll never understand conceptual art.
520,3,18,60,81,1.2962962962962963,0.059432616799560044,568,Thank you both for making this fundraiser a success!
520,4,16,61,81,1.2962962962962963,0.06197481678030189,568,How long since you two tied the knot?
520,3,18,60,81,1.2962962962962963,0.059432616799560044,568,I see you've made Mr. Toscani's bucket list.
520,2,20,59,81,1.2962962962962963,0.05677670265465144,568,I admire a couple that does things together.
520,4,16,61,81,1.2962962962962963,0.06197481678030189,568,"This party is mobbed, eh?"
520,5,14,62,81,1.2962962962962963,0.0644167671515781,568,I admire your restraint.
520,5,14,62,81,1.2962962962962963,0.0644167671515781,568,"Don't go away, I'll be right back."
520,5,14,62,81,1.2962962962962963,0.0644167671515781,568,So how did you two meet?
520,5,14,62,81,1.2962962962962963,0.0644167671515781,568,"So, I see you two voted against the health care bill."
520,6,12,63,81,1.2962962962962963,0.06676946806414795,568,"Before you start your free cruise, a quick question, can we can count on you guys to join our timeshare community today?"
531,4,15,60,79,1.2911392405063291,0.0628023972603587,568,"Unfortunately, there are some things you just can't unsee"
531,4,15,60,79,1.2911392405063291,0.0628023972603587,568,"Thanks for coming, you'd mentioned that you might be all tied up!"
531,2,19,58,79,1.2911392405063291,0.057402101111385204,568,So when will the police be done gathering evidence?
531,3,17,59,79,1.2911392405063291,0.060162871913039526,568,This is a party you're bound to enjoy!
531,5,13,61,79,1.2911392405063291,0.06533537362310725,568,Now say you're sorry you cheated on me.
531,5,13,61,79,1.2911392405063291,0.06533537362310725,568,The safe word is 'Trump.'
531,4,15,60,79,1.2911392405063291,0.0628023972603587,568,I've decided to unfriend you.
531,3,17,59,79,1.2911392405063291,0.060162871913039526,568,You still have a say. Hudson or East River?
531,2,19,58,79,1.2911392405063291,0.057402101111385204,568,I was an intern once.
531,7,9,63,79,1.2911392405063291,0.07012739076935087,568,New at EPA?
531,6,11,62,79,1.2911392405063291,0.06777374854096628,568,"I'd invite you to the after party, but I see you're tied up right now."
531,4,15,60,79,1.2911392405063291,0.0628023972603587,568,It's hard to believe that book reviews are still taken seriously.
531,3,17,59,79,1.2911392405063291,0.060162871913039526,568,I told Bugsy not to bring his work home.
531,5,13,61,79,1.2911392405063291,0.06533537362310725,568,"So, let's cement our relationship."
531,5,13,61,79,1.2911392405063291,0.06533537362310725,568,Keep it in the bedroom guys
531,6,11,62,79,1.2911392405063291,0.06777374854096628,568,Are those boots by Ivanka?
531,5,13,61,79,1.2911392405063291,0.06533537362310725,568,You two ready to take the plunge?
531,7,9,63,79,1.2911392405063291,0.07012739076935087,568,I'd give you a drink but it might make you tipsy.
531,7,9,63,79,1.2911392405063291,0.07012739076935087,568,"Sorry, it's the new corporate policy -- no witnesses."
531,4,15,60,79,1.2911392405063291,0.0628023972603587,568,"Then you must meet the Flemingtons, they're also in witness protection."
531,6,11,62,79,1.2911392405063291,0.06777374854096628,568,Do you want one more for the river.
531,6,11,62,79,1.2911392405063291,0.06777374854096628,568,Could you smash those grapes a little faster? Big crowd tonight.
531,2,19,58,79,1.2911392405063291,0.057402101111385204,568,Look at it this way.You won't be going through a messy divorce.
531,4,15,60,79,1.2911392405063291,0.0628023972603587,568,Name your poison.
531,3,17,59,79,1.2911392405063291,0.060162871913039526,568,So were you tied up in traffic?
556,4,15,61,80,1.2875,0.06211909244000285,568,"I'm sorry, but the CEO insisted that we needed to can two from our department"
556,6,11,63,80,1.2875,0.06702009428503276,568,"Mom, dad ... thanks for coming."
556,4,15,61,80,1.2875,0.06211909244000285,568,Are you ready for the most realistic murder mystery dinner ever?
556,3,17,60,80,1.2875,0.05951744239604964,568,We couldn't let you leave without a toast to your future together!
556,7,9,64,80,1.2875,0.06934081578822976,568,Betty in H. R. mentioned that you'd be leaving us.
561,5,12,60,77,1.2857142857142858,0.06628802409532993,568,Perhaps you shouldn't have called the Pollack 'a bunch of drizzle'.
561,5,12,60,77,1.2857142857142858,0.06628802409532993,568,"Soon you will fully understand the difference between ""a drink"" and ""the drink""."
561,4,14,59,77,1.2857142857142858,0.06365798173681603,568,Are you guys on a bind date?
561,4,14,59,77,1.2857142857142858,0.06365798173681603,568,"You never know what'll you'll see at the Met Gala. I've never heard of your designer. Beelzebub, you said?"
561,6,10,61,77,1.2857142857142858,0.06881762592622094,568,Well technically this gallery IS under water.
561,3,16,58,77,1.2857142857142858,0.060914490387317256,568,I just love a captive audience!
561,1,20,56,77,1.2857142857142858,0.05501861630239435,568,"YOUR going away party, I assume?"
561,4,14,59,77,1.2857142857142858,0.06365798173681603,568,Can I assume this is an involuntary transfer?
561,4,14,59,77,1.2857142857142858,0.06365798173681603,568,"The invitation said 'black tie and tails,' not back-tied in pails."
561,2,18,57,77,1.2857142857142858,0.05804146482893355,568,"Of course, I'd be happy to drop you off."
561,5,12,60,77,1.2857142857142858,0.06628802409532993,568,"As the new Faculty Senate Chair, need I remind you that elections have consequences?"
572,6,9,60,75,1.28,0.06990340826087443,568,So what else is on your bucket list?
572,4,13,58,75,1.28,0.06454274371116994,568,Coming or going?
572,4,13,58,75,1.28,0.06454274371116994,568,"Now, where were we before you tried to leave?"
572,5,11,59,75,1.28,0.06727649014422592,568,I'm so glad I convinced you to come.
572,2,17,56,75,1.28,0.05869450608911404,568,You're late-- I was beginning to worry.
572,4,13,58,75,1.28,0.06454274371116994,568,So where do you two live--you'll pardon the expression.
572,6,9,60,75,1.28,0.06990340826087443,568,The 13th step
572,6,9,60,75,1.28,0.06990340826087443,568,Designated drivers I presume?
572,3,15,57,75,1.28,0.061687968076484787,568,I just heard; the company's taking us on a river cruise tonight
572,3,15,57,75,1.28,0.061687968076484787,568,I see the two of you have bonded!
572,5,11,59,75,1.28,0.06727649014422592,568,I hate it when my boss forces me to go to these mixers. What about you two?
572,5,11,59,75,1.28,0.06727649014422592,568,I'm guessing you guys brought the moscato with a screw cap.
572,4,13,58,75,1.28,0.06454274371116994,568,Quit whining. Everyone makes sacrifices.
572,5,11,59,75,1.28,0.06727649014422592,568,This isn't one of 'those' kind of parties...
572,4,13,58,75,1.28,0.06454274371116994,568,I knew you two would have a lot in common.
572,4,13,58,75,1.28,0.06454274371116994,568,Joey's never dealt well with criticism of his Mojitos
572,5,11,59,75,1.28,0.06727649014422592,568,"...and so I said repurpose THIS, you little bastard.. well, anyway, then..."
572,0,21,54,75,1.28,0.05219506034410081,568,You look like you could use the drink.
572,4,13,58,75,1.28,0.06454274371116994,568,How do you guys know Big Joey?
572,3,15,57,75,1.28,0.061687968076484787,568,At least you're honest about not wanting to be here...
572,3,15,57,75,1.28,0.061687968076484787,568,Which airline did you say .................
572,6,9,60,75,1.28,0.06990340826087443,568,We promise there'll be more in next year's budget for Witness Protection.
572,7,7,61,75,1.28,0.07243512163893182,568,You're over-trussed.
572,3,15,57,75,1.28,0.061687968076484787,568,In about 10 minutes we are all heading out to the pool
572,3,15,57,75,1.28,0.061687968076484787,568,"Do you get bathroom breaks, or is that what the bucket is for?"
572,5,11,59,75,1.28,0.06727649014422592,568,We'll miss the life you bring to a party.
572,5,11,59,75,1.28,0.06727649014422592,568,I see you're both wearing Carlo Gambino.
572,5,11,59,75,1.28,0.06727649014422592,568,So how do you know Mr. Capone?
572,4,13,58,75,1.28,0.06454274371116994,568,How often do you need to be watered?
572,4,13,58,75,1.28,0.06454274371116994,568,"I told you, those co-op boards are simply murder"
602,3,13,53,69,1.2753623188405796,0.0649088086497521,568,Thank you for the generous increase in your pledge.
603,2,16,55,73,1.273972602739726,0.0593607305936073,568,"I'm always uncomfortable at these parties, too."
603,7,6,60,73,1.273972602739726,0.07366331417763324,568,Oh you'll love Sag Harbor!
603,4,12,57,73,1.273972602739726,0.06545785930060023,568,"Remember, you’re representing the existential plight of our upper-middle class. Without being too obvious about it!"
603,3,14,56,73,1.273972602739726,0.062483708600018305,568,"Well, at least you're not really missing much. Can you believe they're serving a Chilean merlot?"
603,3,14,56,73,1.273972602739726,0.062483708600018305,568,"Now, about that pledge contribution . . ."
603,6,8,59,73,1.273972602739726,0.07103355792741574,568,It's my party and I'll tie if I want to.
603,5,10,58,73,1.273972602739726,0.06830262694818078,568,This is our pre-flight training required for all airline passengers now.
603,4,12,57,73,1.273972602739726,0.06545785930060023,568,"""Sally, did you do something new with your hair?!"
603,1,18,54,73,1.273972602739726,0.05606406008131815,568,Welcome to United Airlines.
603,6,8,59,73,1.273972602739726,0.07103355792741574,568,I gather birth control pills aren't on your insurance plan.
603,7,6,60,73,1.273972602739726,0.07366331417763324,568,"Make America Great again"", that's all you said?"
603,3,14,56,73,1.273972602739726,0.062483708600018305,568,How else did you think the grapes got crushed?
603,1,18,54,73,1.273972602739726,0.05606406008131815,568,Make me an offer I can't refuse.
603,4,12,57,73,1.273972602739726,0.06545785930060023,568,That's the best reason for not drinking I've ever heard.
603,5,10,58,73,1.273972602739726,0.06830262694818078,568,"Please, feel free to mingle."
603,4,12,57,73,1.273972602739726,0.06545785930060023,568,Well I get it...but nobody else will!
603,2,16,55,73,1.273972602739726,0.0593607305936073,568,You're not dancing?
603,5,10,58,73,1.273972602739726,0.06830262694818078,568,This certainly is one way to quit drinking.
603,6,8,59,73,1.273972602739726,0.07103355792741574,568,"On a lighter note, the Italians are also responsible for this wonderful Barolo."
603,6,8,59,73,1.273972602739726,0.07103355792741574,568,The last stage of introvert immersion therapy is always the hardest.
603,4,12,57,73,1.273972602739726,0.06545785930060023,568,But enough about me—tell me about yourselves.
624,3,13,54,70,1.2714285714285714,0.06409564725042376,568,I just love a captive audience!
625,6,7,58,71,1.267605633802817,0.0722106979675105,568,"So , you're scientists?"
625,4,11,56,71,1.267605633802817,0.06640448725132939,568,And don't go whining to H.R.
625,4,11,56,71,1.267605633802817,0.06640448725132939,568,You've really nailed this year's Met Gala theme.
625,4,11,56,71,1.267605633802817,0.06640448725132939,568,So avant-garde.
625,4,11,56,71,1.267605633802817,0.06640448725132939,568,"So, it's a metaphor for your emotional unavailability?"
625,6,7,58,71,1.267605633802817,0.0722106979675105,568,So where do you two live--if you'll pardon the expression?
625,4,11,56,71,1.267605633802817,0.06640448725132939,568,I heard the abyss is lovely this time of year.
625,2,15,54,71,1.267605633802817,0.06003937835511715,568,"So, do you think Witness Protection would have been a better choice?"
625,6,7,58,71,1.267605633802817,0.0722106979675105,568,"Speaking of micro-apartments, how do you find living in a pot?"
625,2,15,54,71,1.267605633802817,0.06003937835511715,568,"Have a drink, it'll loosen you up."
625,5,9,57,71,1.267605633802817,0.06936836753184766,568,Did you guys just get bumped from your flight!
625,4,11,56,71,1.267605633802817,0.06640448725132939,568,"Okay -do you promise in future not to hold the glass by the stem, swirl the wine and comment on the bouquet?"
625,5,9,57,71,1.267605633802817,0.06936836753184766,568,"In five minutes, only the wine will be breathing."
625,3,13,55,71,1.267605633802817,0.06330198606829361,568,And there's one more surprise coming!
625,3,13,55,71,1.267605633802817,0.06330198606829361,568,I know it seems harsh but your grape stomping has produced a below average Pinot
625,4,11,56,71,1.267605633802817,0.06640448725132939,568,Last chance. What's the vintage?
625,2,15,54,71,1.267605633802817,0.06003937835511715,568,I feel like you guys don't want to be here.
625,7,5,59,71,1.267605633802817,0.0749453093120347,568,"You know, divorce no longer has the stigma it once did...."
625,3,13,55,71,1.267605633802817,0.06330198606829361,568,"Again, Thank you for investing with us, did you have any other questions?"
625,4,11,56,71,1.267605633802817,0.06640448725132939,568,Are you life imitating art?
625,4,11,56,71,1.267605633802817,0.06640448725132939,568,I assume you got roped into this.
625,1,17,53,71,1.267605633802817,0.05658897831157036,568,I'm having a terrific time at your Going Away party!
625,4,11,56,71,1.267605633802817,0.06640448725132939,568,I would like to see you two mingle a little more...
648,3,12,53,68,1.2647058823529411,0.06497668609658862,568,Tieing one on seems oddly appropriate.
649,3,12,54,69,1.2608695652173914,0.0641428961840637,568,"You're the parents, I assume?"
649,3,12,54,69,1.2608695652173914,0.0641428961840637,568,"Yeah, I've heard the witness protection program isn't all it's cracked up to be."
649,4,10,55,69,1.2608695652173914,0.0673837412910942,568,May I offer you a cyanide?
649,2,14,53,69,1.2608695652173914,0.06072934769429054,568,The exhibits at the MoMA really are life-like.
649,6,6,57,69,1.2608695652173914,0.0734376164468605,568,How about one for the drink?
649,3,12,54,69,1.2608695652173914,0.0641428961840637,568,"Fortunately, you only have to sleep with the Fishers."
649,4,10,55,69,1.2608695652173914,0.0673837412910942,568,Your soaking in it.
649,4,10,55,69,1.2608695652173914,0.0673837412910942,568,"Hey, that's great. We're having fish for dinner tonight too."
649,6,6,57,69,1.2608695652173914,0.0734376164468605,568,I did the Ice Bucket Challenge but this is going too far
649,3,12,54,69,1.2608695652173914,0.0641428961840637,568,"It's a classic Merlot, but the aroma has notes of chocolate, strawberry and East River."
649,2,14,53,69,1.2608695652173914,0.06072934769429054,568,I'm having so much fun I could just stand here and talk with you guys forever....
649,3,12,54,69,1.2608695652173914,0.0641428961840637,568,"Stop me if you'very heard this before, but..."
649,4,10,55,69,1.2608695652173914,0.0673837412910942,568,You could have just called and told me you had another engagement.
649,3,12,54,69,1.2608695652173914,0.0641428961840637,568,"""Your lives sound fascinating! The worst thing I've ever done is to not tip my waiter""."
649,5,8,56,69,1.2608695652173914,0.07047571248232014,568,"Sorry, we're a bit tied up at the moment."
649,4,10,55,69,1.2608695652173914,0.0673837412910942,568,Oh! We have a partial view of the river and it's just lovely.
649,3,12,54,69,1.2608695652173914,0.0641428961840637,568,One straw or two?
649,4,10,55,69,1.2608695652173914,0.0673837412910942,568,"So, where do you go from here?"
649,4,10,55,69,1.2608695652173914,0.0673837412910942,568,Are you Art?
649,2,14,53,69,1.2608695652173914,0.06072934769429054,568,"Tell me, which of the 12 steps is this one?"
649,4,10,55,69,1.2608695652173914,0.0673837412910942,568,Concrete or cement?
649,2,14,53,69,1.2608695652173914,0.06072934769429054,568,Charles and Suzanne! I knew you were bound to come.
649,3,12,54,69,1.2608695652173914,0.0641428961840637,568,"So, how do you two know Vinnie?"
649,4,10,55,69,1.2608695652173914,0.0673837412910942,568,I don't care for the concept but the execution is breathtaking.
649,4,10,55,69,1.2608695652173914,0.0673837412910942,568,You two really take Charades seriously.
649,3,12,54,69,1.2608695652173914,0.0641428961840637,568,You're right. Sometimes you just need to get out of your comfort zone.
649,5,8,56,69,1.2608695652173914,0.07047571248232014,568,The one that correctly identified the raspberry notes on the finish will survive
649,3,12,54,69,1.2608695652173914,0.0641428961840637,568,"Then it is true when they say ""There's someone for everyone."""
649,5,8,56,69,1.2608695652173914,0.07047571248232014,568,What a wonderful party! Thank you for hostaging.
649,3,12,54,69,1.2608695652173914,0.0641428961840637,568,So glad you could fit us in before your other commitment.
649,4,10,55,69,1.2608695652173914,0.0673837412910942,568,And....you will be forced to drink this very inferior Merlot.
649,4,10,55,69,1.2608695652173914,0.0673837412910942,568,I see you met the other side of the family.
649,6,6,57,69,1.2608695652173914,0.0734376164468605,568,"So, Tony tells me you two plan to swim with the fishes! I just love to snorkel myself..."
649,4,10,55,69,1.2608695652173914,0.0673837412910942,568,Well look what the tide dragged in.
649,2,14,53,69,1.2608695652173914,0.06072934769429054,568,"Thanks, but I'm not into threesomes."
649,3,12,54,69,1.2608695652173914,0.0641428961840637,568,"You swallowed during the tasting, didn't you."
649,1,16,52,69,1.2608695652173914,0.05711213716775524,568,...and that's where I got the idea for my new lecture series 'How to Maintain a Captive Audience'.
649,4,10,55,69,1.2608695652173914,0.0673837412910942,568,I thought you two kids should meet while you still had time.
649,5,8,56,69,1.2608695652173914,0.07047571248232014,568,You must be the ones with pre-existing conditions.
649,3,12,54,69,1.2608695652173914,0.0641428961840637,568,I hope we haven't inconvenienced you.
649,2,14,53,69,1.2608695652173914,0.06072934769429054,568,Welcome to the party! Looks like somebody has already taken care of you.
649,4,10,55,69,1.2608695652173914,0.0673837412910942,568,"Even so, it was brave of you to leak Trump's tax returns."
649,3,12,54,69,1.2608695652173914,0.0641428961840637,568,We have reached a consensus. It's white wine when you eat fish and red wine when fish eat you.
649,2,14,53,69,1.2608695652173914,0.06072934769429054,568,Let's drown your sorrows first and then take it from there.
693,3,11,52,66,1.2575757575757576,0.06588329747412035,568,Are you two together?
693,6,5,55,66,1.2575757575757576,0.07575757575757576,568,There's a special hell for vinophobics like you.
693,3,11,52,66,1.2575757575757576,0.06588329747412035,568,Would you like two straws?
693,3,11,52,66,1.2575757575757576,0.06588329747412035,568,"Finally, somebody who's willing to talk!"
693,1,15,50,66,1.2575757575757576,0.05837985914390767,568,I ordered perennials. Not Millennials.
693,2,13,51,66,1.2575757575757576,0.062244746122568174,568,I knew you were bound to show up.
693,4,9,53,66,1.2575757575757576,0.06933115715364845,568,Sure I can't drop you off somewhere?
693,2,13,51,66,1.2575757575757576,0.062244746122568174,568,These parties are impossible to leave.
693,4,9,53,66,1.2575757575757576,0.06933115715364845,568,"I think The Sopranos was totally unrealistic, don't you?"
693,6,5,55,66,1.2575757575757576,0.07575757575757576,568,From now on every time I pass a potted plant I will imagine hearing sobs of loneliness and unfulfilled potential.
693,4,9,53,66,1.2575757575757576,0.06933115715364845,568,"So, what part of 'Spoilers get stitches and end up in ditches' did you not understand?"
693,4,9,53,66,1.2575757575757576,0.06933115715364845,568,It's too bad the lethal drugs expired.
693,3,11,52,66,1.2575757575757576,0.06588329747412035,568,I thought you weren't coming because you were tied up.
693,5,7,54,66,1.2575757575757576,0.0726154929644106,568,"""Oh my dears! Where did you get that fabulous rope?!"
693,5,7,54,66,1.2575757575757576,0.0726154929644106,568,Can I get your keys? You're blocking me in.
693,4,9,53,66,1.2575757575757576,0.06933115715364845,568,Isn't it exciting? You have been selected to participate in the President's new cost saving health care plan!
693,5,7,54,66,1.2575757575757576,0.0726154929644106,568,On the bright side-- you are not Sean Spicer.
693,3,11,52,66,1.2575757575757576,0.06588329747412035,568,When she said attendance was mandatory I assumed she was joking.
693,4,9,53,66,1.2575757575757576,0.06933115715364845,568,I hope you're not too drunk to dive.
693,2,13,51,66,1.2575757575757576,0.062244746122568174,568,Are you represented?
693,5,7,54,66,1.2575757575757576,0.0726154929644106,568,"I like being tied up, too, but what's with the buckets?"
693,4,9,53,66,1.2575757575757576,0.06933115715364845,568,You could've just told me you were too tied up to come.
693,5,7,54,66,1.2575757575757576,0.0726154929644106,568,"As I was saying, before you rudely interrupted me..."
693,2,13,51,66,1.2575757575757576,0.062244746122568174,568,"Darlings, the committee loved your first installation. We see almost no problem with continuing your funding."
693,3,11,52,66,1.2575757575757576,0.06588329747412035,568,Luigi says you'll be sleeping with the fishes. I swam with the dolphins once.
693,2,13,51,66,1.2575757575757576,0.062244746122568174,568,Do you know the Jenkins'? They're in the East River.
693,5,7,54,66,1.2575757575757576,0.0726154929644106,568,You just can't laugh during a Jeff Sessions misrepresentation.
693,4,9,53,66,1.2575757575757576,0.06933115715364845,568,Never mind that; you're here now. What can I get you?
693,4,9,53,66,1.2575757575757576,0.06933115715364845,568,The bonds of marriage are not on my bucket list
693,3,11,52,66,1.2575757575757576,0.06588329747412035,568,"This art piece looks too realistic, or am I drunk?"
693,4,9,53,66,1.2575757575757576,0.06933115715364845,568,"The poison or marriage, your choice."
693,4,9,53,66,1.2575757575757576,0.06933115715364845,568,I learned a long time ago not to take a captive audience for granted.
693,3,11,52,66,1.2575757575757576,0.06588329747412035,568,Just be careful around the pool.
693,3,11,52,66,1.2575757575757576,0.06588329747412035,568,"You gave yourselves away when he said ""bigly."""
693,3,11,52,66,1.2575757575757576,0.06588329747412035,568,"Which do you want to hear about, my wine tasting class, CrossFit, or my newfound vegan lifestyle?"
693,5,7,54,66,1.2575757575757576,0.0726154929644106,568,"They don't call my hubby Tommy ""Two Buckets"" Balboni for nothing."
693,2,13,51,66,1.2575757575757576,0.062244746122568174,568,Our initiation rites predate the Revolutionary War.
693,4,9,53,66,1.2575757575757576,0.06933115715364845,568,I think small talk requires a captive audience; don't you?
693,4,9,53,66,1.2575757575757576,0.06933115715364845,568,"So, what do performance artists do exactly?"
693,3,11,52,66,1.2575757575757576,0.06588329747412035,568,Typical male! Has to have a bigger bigger bucket!
693,0,17,49,66,1.2575757575757576,0.05424027551056534,568,I see you've met my Uncle Vito.
693,3,11,52,66,1.2575757575757576,0.06588329747412035,568,You display such restraint. Impressive in this market.
693,2,13,51,66,1.2575757575757576,0.062244746122568174,568,"Well, technically this is a concrete solution for the school board."
693,3,11,52,66,1.2575757575757576,0.06588329747412035,568,"A few good sips might loosen you up, but I can tell you're already potted."
693,6,5,55,66,1.2575757575757576,0.07575757575757576,568,How was that move to New Jersey?
693,3,11,52,66,1.2575757575757576,0.06588329747412035,568,Welcome to the 2018 White House Correspondents Dinner. You must be with CBS?
693,3,11,52,66,1.2575757575757576,0.06588329747412035,568,...and that is how I think he will make America great again.
693,3,11,52,66,1.2575757575757576,0.06588329747412035,568,The upside of dealing with Italians is there wine.
693,6,5,55,66,1.2575757575757576,0.07575757575757576,568,"... except you have to do it backwards, in high heels, in a bucket, and with two lengths of rope tying your legs together."
693,4,9,53,66,1.2575757575757576,0.06933115715364845,568,I still think it's rude to arrive so late.
693,1,15,50,66,1.2575757575757576,0.05837985914390767,568,It's always a pleasure to meet my husband's business associates.
744,4,8,52,64,1.25,0.07042952122737638,568,So I heard you guys are going to be in Lake Tahoe.
744,0,16,48,64,1.25,0.05455447255899809,568,"First, let me tell you all about my day."
744,4,8,52,64,1.25,0.07042952122737638,568,"Not to worry, most couples feel like this the night before the wedding."
744,3,10,51,64,1.25,0.0668153104781061,568,I'm sure you share my concern about rising ocean levels.
744,3,10,51,64,1.25,0.0668153104781061,568,"Yes, of course I know Fat Tony, but what did he mean by 'a fate worse than death'?"
744,4,8,52,64,1.25,0.07042952122737638,568,Bon Voyage
744,4,8,52,64,1.25,0.07042952122737638,568,Can I get you anything while Joey's bringing the car around?
744,1,14,49,64,1.25,0.05892556509887896,568,"Well, this conversation has been simply captivating."
744,3,10,51,64,1.25,0.0668153104781061,568,Would you like two straws?
744,3,10,51,64,1.25,0.0668153104781061,568,"'So, you must be the two they roped in to do the grape crush this year.'"
744,2,12,50,64,1.25,0.06299407883487121,568,How restrictive is the new diet?
744,3,10,51,64,1.25,0.0668153104781061,568,"And me? Oh, I'm just moving to Canada."
744,2,12,50,64,1.25,0.06299407883487121,568,I promise. Next time we'll RSVP.
744,4,8,52,64,1.25,0.07042952122737638,568,Good news. We've arranged for express drop-off.
744,1,14,49,64,1.25,0.05892556509887896,568,I do SO love a captive audience.
744,3,10,51,64,1.25,0.0668153104781061,568,My wife roped me into this.
744,2,12,50,64,1.25,0.06299407883487121,568,I admire that you're both bound and determined to stand your ground.
744,3,10,51,64,1.25,0.0668153104781061,568,Cheers!
744,3,10,51,64,1.25,0.0668153104781061,568,"All finished, have fun at prom!"
744,3,10,51,64,1.25,0.0668153104781061,568,I thought you meant you were tied up in traffic.
744,4,8,52,64,1.25,0.07042952122737638,568,Performance art or low tip for the valet?
744,3,10,51,64,1.25,0.0668153104781061,568,You really should try to mingle.
744,2,12,50,64,1.25,0.06299407883487121,568,"Speaking of vacations, you two going to the lake this summer?"
744,4,8,52,64,1.25,0.07042952122737638,568,It's the standard punishment for people who use the words 'bucket list'.
744,5,6,53,64,1.25,0.07386710503565985,568,"I'll drink this myself, since you're already potted."
744,4,8,52,64,1.25,0.07042952122737638,568,"I'd untie you, but we promised to leave the space exactly as we found it."
744,3,10,51,64,1.25,0.0668153104781061,568,"Well, if you hadn't whined about the wine..."
744,2,12,50,64,1.25,0.06299407883487121,568,Have this drink. You look a little pale.
744,3,10,51,64,1.25,0.0668153104781061,568,"Here's a fun game. Do you think this glass is half full or half empty"""
744,1,14,49,64,1.25,0.05892556509887896,568,"So glad you could come. By the way, you'll be our entertainment later."
744,3,10,51,64,1.25,0.0668153104781061,568,I notice you're not really mingling.
744,2,11,47,60,1.25,0.06563466770327837,568,Leaving so soon?
744,1,14,49,64,1.25,0.05892556509887896,568,"Oh, good, it looks like you were able to clear room in your busy schedules after all."
744,3,10,51,64,1.25,0.0668153104781061,568,"Anyway, I won't keep you much longer"
744,2,11,47,60,1.25,0.06563466770327837,568,Are you just for display or could I buy you?
744,4,8,52,64,1.25,0.07042952122737638,568,Finally taking the plunge?
744,4,8,52,64,1.25,0.07042952122737638,568,You're lucky. Some people wait years for a transplant.
744,4,8,52,64,1.25,0.07042952122737638,568,These ice-breakers are just torture aren't they?
744,4,8,52,64,1.25,0.07042952122737638,568,Aren't you irked that he's less tied than you?
744,3,10,51,64,1.25,0.0668153104781061,568,I was so looking forward to seeing you at my soiree next Friday... are you sure you won't be able to attend?
744,3,10,51,64,1.25,0.0668153104781061,568,I heard the after party will be a splash.
744,4,8,52,64,1.25,0.07042952122737638,568,"No, you don't need to call the Police. We are a sculpture by Rhue Von Ballinger and part of today's gallery exhibit."
744,3,10,51,64,1.25,0.0668153104781061,568,I don't understand why you people don't just do something to help yourself.
744,2,12,50,64,1.25,0.06299407883487121,568,I have to say that was an unusual wedding ceremony.
744,1,14,49,64,1.25,0.05892556509887896,568,Did you have any trouble finding the place?
744,4,8,52,64,1.25,0.07042952122737638,568,"Any further comments about our cabernet's lack of ""legs?"""
744,3,10,51,64,1.25,0.0668153104781061,568,"To remove concrete, soak the shoes in cold water with salt and vinegar. Why do you ask?"
744,3,10,51,64,1.25,0.0668153104781061,568,We think of junior board members like potted plants
744,4,8,52,64,1.25,0.07042952122737638,568,So glad you came! Did you have any trouble getting here?
744,5,6,53,64,1.25,0.07386710503565985,568,This Zinfandel goes well with the fishes
744,3,9,48,60,1.25,0.06980602664478336,568,I have some ideas on how your heirs can avoid probate.
744,3,10,51,64,1.25,0.0668153104781061,568,You must be the Houdinis.
744,4,8,52,64,1.25,0.07042952122737638,568,"Actually, to be honest, when you said you were going to be late because you were tied up I thought you were just making excuses."
797,3,9,49,61,1.2459016393442623,0.06877435069968206,568,It looks like things are getting serious between you two.
797,1,13,47,61,1.2459016393442623,0.06030767065058533,568,I have to ask because it's bothering me.... Were you here last week?
799,3,9,50,62,1.2419354838709677,0.06777214707439459,568,Think of it as exploring the tension between the abstract and the concrete.
799,1,13,48,62,1.2419354838709677,0.059459418593929725,568,Till depth do you part .
799,2,11,49,62,1.2419354838709677,0.06375141715523479,568,I've heard that Lake Michigan is lovely this time of year.
799,3,9,50,62,1.2419354838709677,0.06777214707439459,568,I warned you it was an aggressive little wine.
799,2,11,49,62,1.2419354838709677,0.06375141715523479,568,Would you like a straw?
799,3,9,50,62,1.2419354838709677,0.06777214707439459,568,The host found out you were Republicans?
799,2,11,49,62,1.2419354838709677,0.06375141715523479,568,"Before you go, would you like a sip of a fair but firm pinot noir?"
799,0,15,47,62,1.2419354838709677,0.05483248790412076,568,I don't think so. I would have remembered.
799,4,7,51,62,1.2419354838709677,0.07156734345248521,568,"I call this piece ""Nasty critics at my gallery opening."". Now, I'll call you an Uber."""
799,4,7,51,62,1.2419354838709677,0.07156734345248521,568,I see you're already potted.
799,4,7,51,62,1.2419354838709677,0.07156734345248521,568,Harvey and I are still working on our bucket list.
799,0,15,47,62,1.2419354838709677,0.05483248790412076,568,"Yeah, work's been dragging me down lately, too."
799,1,13,48,62,1.2419354838709677,0.059459418593929725,568,"If you don't want to donate to the foundation, just say so."
799,2,11,49,62,1.2419354838709677,0.06375141715523479,568,At least the higher-ups kept you two on as office plants.
799,5,5,52,62,1.2419354838709677,0.07517117385420148,568,I hope you know its wine and dine. Not wine and twine.
799,4,7,51,62,1.2419354838709677,0.07156734345248521,568,My husband said to give you two shots and a splash.
799,3,9,50,62,1.2419354838709677,0.06777214707439459,568,"Yes, you can upgrade to an Orrefors bucket filled with hand-selected Amazon river stone."
799,4,7,51,62,1.2419354838709677,0.07156734345248521,568,Critics of my art often fail the buoyancy challenge.
799,3,9,50,62,1.2419354838709677,0.06777214707439459,568,"Unfortunately, we don't have any straws."
799,4,7,51,62,1.2419354838709677,0.07156734345248521,568,"It's a wine tasting, I'm supposed to spit into the bucket..."
799,2,11,49,62,1.2419354838709677,0.06375141715523479,568,I believe in staying positive.
799,2,11,49,62,1.2419354838709677,0.06375141715523479,568,What a lovely going-away party!
799,4,7,51,62,1.2419354838709677,0.07156734345248521,568,"You don't know what ""bucket-list"" means, do you?"
799,2,11,49,62,1.2419354838709677,0.06375141715523479,568,At least you won't need health insurance.
799,1,13,48,62,1.2419354838709677,0.059459418593929725,568,And how'd you two meet?
799,2,11,49,62,1.2419354838709677,0.06375141715523479,568,"I would offer you this drink, but I see your hands are tied."
799,4,7,51,62,1.2419354838709677,0.07156734345248521,568,You're carrying your AA pledges a bit far.
799,2,11,49,62,1.2419354838709677,0.06375141715523479,568,Next time you should bring a better bottle of wine.
799,2,11,49,62,1.2419354838709677,0.06375141715523479,568,I love talking to a captive audience!
799,3,9,50,62,1.2419354838709677,0.06777214707439459,568,I simply had to have you two on my bucket list.
799,1,13,48,62,1.2419354838709677,0.059459418593929725,568,Rumor has it that you're both ready to take the plunge.
799,2,11,49,62,1.2419354838709677,0.06375141715523479,568,I'll be your somolinetrex this evening.
831,2,10,47,59,1.2372881355932204,0.06549270642063965,568,So what're you guys doing later?
831,2,10,47,59,1.2372881355932204,0.06549270642063965,568,It's inspiring to see you suffer for your art.
831,2,10,47,59,1.2372881355932204,0.06549270642063965,568,Can I get you a Beer Helmet?
831,3,8,48,59,1.2372881355932204,0.06981223481771649,568,It looks like you are having a rough evening. May I get you a drink?
831,2,10,47,59,1.2372881355932204,0.06549270642063965,568,Two shots and a splash?
836,3,8,49,60,1.2333333333333334,0.0687526750036001,568,We've run out of straws.
836,3,8,49,60,1.2333333333333334,0.0687526750036001,568,You're an interesting couple.
836,2,10,48,60,1.2333333333333334,0.06451324335931523,568,So who do you know in the mob?
836,2,10,48,60,1.2333333333333334,0.06451324335931523,568,"You don't have to worry until the guy with a bag of cement shows up. Until then, enjoy."
836,2,10,48,60,1.2333333333333334,0.06451324335931523,568,I warned you this cocktail party would be torture!
836,3,8,49,60,1.2333333333333334,0.0687526750036001,568,"I know just what you mean: I often feel trapped at parties, too."
836,3,8,49,60,1.2333333333333334,0.0687526750036001,568,I’ve held you both hostage long enough. You should mingle.
836,2,10,48,60,1.2333333333333334,0.06451324335931523,568,It's a slight variation of the blind taste test.
836,1,12,47,60,1.2333333333333334,0.059974884887974575,568,And you will stay here until you can taste the difference between a Zinfandel and a Pinot.
836,3,8,49,60,1.2333333333333334,0.0687526750036001,568,"Now that I have your attention, the reasons that I voted for Donald Trump are . . ."
836,3,8,49,60,1.2333333333333334,0.0687526750036001,568,"So, how did you meet?"
836,2,10,48,60,1.2333333333333334,0.06451324335931523,568,I don't want to be here either.
836,2,10,48,60,1.2333333333333334,0.06451324335931523,568,I prefer a captive audience
836,4,6,50,60,1.2333333333333334,0.07274546083133358,568,You must be the Irish-Italian dance instructors.
836,2,10,48,60,1.2333333333333334,0.06451324335931523,568,"Ah, President Trump's cabinet has arrived."
836,2,10,48,60,1.2333333333333334,0.06451324335931523,568,Here's to cementing our friendship.
836,1,12,47,60,1.2333333333333334,0.059974884887974575,568,Consider yourselves lucky: you should see the line for the toilet.
836,2,10,48,60,1.2333333333333334,0.06451324335931523,568,What part of mandatory don't you understand?
836,2,10,48,60,1.2333333333333334,0.06451324335931523,568,You're being very good sports.
836,1,12,47,60,1.2333333333333334,0.059974884887974575,568,Congratulations! You two have won the draw for a surprise visit to the East River.
836,2,10,48,60,1.2333333333333334,0.06451324335931523,568,Those shoes are to die for.
836,4,6,50,60,1.2333333333333334,0.07274546083133358,568,"Cheers, Emma and Colin. Mr. Mankoff said it'll take some getting used to, but you'll figure it out soon enough. Probably."
836,2,10,48,60,1.2333333333333334,0.06451324335931523,568,Now that I have your undivided attention.
836,2,10,48,60,1.2333333333333334,0.06451324335931523,568,"Yeah, my IRA has some pretty stiff penalties for early withdrawals, too."
836,3,8,49,60,1.2333333333333334,0.0687526750036001,568,One last chance: It's merlot or the East River.
836,3,8,49,60,1.2333333333333334,0.0687526750036001,568,Don't Brad and Kate just throw the best immersion therapy parties?
836,2,10,48,60,1.2333333333333334,0.06451324335931523,568,I suppose we'll be holding your exit interviews right here.
836,3,8,49,60,1.2333333333333334,0.0687526750036001,568,And next I have for you an au verre you can't refuse.
836,1,12,47,60,1.2333333333333334,0.059974884887974575,568,I once hit rock bottom too.
836,3,8,49,60,1.2333333333333334,0.0687526750036001,568,I respect your courage in supporting a third party candidate
836,3,8,49,60,1.2333333333333334,0.0687526750036001,568,I'd offer you a glass of wine but it appears we're ready to load you onto the truck.
836,3,8,49,60,1.2333333333333334,0.0687526750036001,568,You won't have a problem with this job. The pool is only 3 feet deep.
836,3,8,49,60,1.2333333333333334,0.0687526750036001,568,This is one heckuva going away party.
836,4,6,50,60,1.2333333333333334,0.07274546083133358,568,"Last time you criticize the president, Mr. Will."
836,2,10,48,60,1.2333333333333334,0.06451324335931523,568,But enough about me. How do you know the Sopranos?
836,2,10,48,60,1.2333333333333334,0.06451324335931523,568,We're clearing out the swamp to make room for the cesspool.
836,3,8,49,60,1.2333333333333334,0.0687526750036001,568,Having a captive audience has vastly improved my cocktail party experience.
836,2,10,48,60,1.2333333333333334,0.06451324335931523,568,Best going away party ever.
836,3,8,49,60,1.2333333333333334,0.0687526750036001,568,Only if you stop telling us why you voted for Hillary.
836,2,10,48,60,1.2333333333333334,0.06451324335931523,568,I'm also trying to quit drinking. I just have no self control.
836,2,10,48,60,1.2333333333333334,0.06451324335931523,568,I'm so glad we could take the weight off your shoulders.
836,2,10,48,60,1.2333333333333334,0.06451324335931523,568,I can't tell you that. You obviously can't keep a secret.
878,3,7,47,57,1.2280701754385965,0.07087682076380587,568,"You know, those shoes really do make the outfit."
878,2,9,46,57,1.2280701754385965,0.06630955666828549,568,I'd offer you two a drink but it looks like you're already potted.
878,3,7,47,57,1.2280701754385965,0.07087682076380587,568,I'm feeling ... early American witchcraft ... cum colonial/corporate greed ... cum post modern existential malaise.
878,2,9,46,57,1.2280701754385965,0.06630955666828549,568,For Here or to Go?
878,3,7,47,57,1.2280701754385965,0.07087682076380587,568,Welcome to The Harry Houdini Temperance League ... we follow a one-step program here.
878,2,9,46,57,1.2280701754385965,0.06630955666828549,568,You are taking this bucket list a little too far.
878,3,7,47,57,1.2280701754385965,0.07087682076380587,568,We bring out the best for our farewell parties...
878,3,7,47,57,1.2280701754385965,0.07087682076380587,568,"Yes, you are the only Trump supporters here."
878,2,9,46,57,1.2280701754385965,0.06630955666828549,568,You must be the two that ordered the red wine with fish...
878,2,9,46,57,1.2280701754385965,0.06630955666828549,568,I'm glad you made it to the party even though you guys said you were all tied up.
878,2,9,46,57,1.2280701754385965,0.06630955666828549,568,"Ordinarily, one wouldn't wear cement at this time of year."
878,2,9,46,57,1.2280701754385965,0.06630955666828549,568,"Already potted, huh?"
878,3,7,47,57,1.2280701754385965,0.07087682076380587,568,You know toenail fungus doesn't have the stigma it once had.
878,3,7,47,57,1.2280701754385965,0.07087682076380587,568,"Congratulations, but I have a different idea of a bucket list."
878,2,9,46,57,1.2280701754385965,0.06630955666828549,568,Can I get you something to unwind?
878,3,7,47,57,1.2280701754385965,0.07087682076380587,568,"Well, you two certainly embraced that ""for better or for worse"" thing."
878,2,9,46,57,1.2280701754385965,0.06630955666828549,568,Art? Or fish bait?
878,2,9,46,57,1.2280701754385965,0.06630955666828549,568,This party's a hit.
878,1,11,45,57,1.2280701754385965,0.06140350877192983,568,Which would you prefer for drowning -- tap or bottled?
878,2,9,46,57,1.2280701754385965,0.06630955666828549,568,Structured settlement?
898,2,9,47,58,1.2241379310344827,0.06527480857241695,568,All couples dress alike.
898,2,9,47,58,1.2241379310344827,0.06527480857241695,568,"Rich, fruity, with just a hint of punishment."
898,2,9,47,58,1.2241379310344827,0.06527480857241695,568,"My husband I separated last week, but enough about me, how did you two meet?"
898,2,9,47,58,1.2241379310344827,0.06527480857241695,568,"""Please mingle...I don't want to tie you up all evening""."
898,2,9,47,58,1.2241379310344827,0.06527480857241695,568,"Hi I'm Mable , I'm a dystopian."
898,2,9,47,58,1.2241379310344827,0.06527480857241695,568,That's not quite how we do the ice bucket challenge.
898,2,9,47,58,1.2241379310344827,0.06527480857241695,568,The Pinot Gris goes well with fish.
898,4,5,49,58,1.2241379310344827,0.0739643291680361,568,"I'm reading a book called ""The Secret,"" about positive thinking and the law of attraction."
898,2,9,47,58,1.2241379310344827,0.06527480857241695,568,This is the best going away party I've ever been to.
898,2,9,47,58,1.2241379310344827,0.06527480857241695,568,Have you seen the pool? It'll take your breath away.
898,3,7,48,58,1.2241379310344827,0.06975500922314924,568,You had your chance to accept a voucher on a future cruise. Now we need your cabin for our employees.
898,2,9,47,58,1.2241379310344827,0.06527480857241695,568,"Three-Finger Tommy throws the best parties, doesn't he?"
898,3,7,48,58,1.2241379310344827,0.06975500922314924,568,"Yes, that's quick-set cement. Why do you ask?"
898,4,5,49,58,1.2241379310344827,0.0739643291680361,568,Were you able to infiltrate the Trump rally?
898,2,9,47,58,1.2241379310344827,0.06527480857241695,568,"Would you like a drink, or are you already potted?"
898,2,9,47,58,1.2241379310344827,0.06527480857241695,568,I don't know anyone else at this party. I hope you don't mind.
898,3,7,48,58,1.2241379310344827,0.06975500922314924,568,You shouldn't have told us you voted for him.
898,4,5,49,58,1.2241379310344827,0.0739643291680361,568,"Here, this will help you get through it."
898,1,11,46,58,1.2241379310344827,0.060463542375630945,568,"It's probably a good idea to keep your political views to yourselves, these days."
898,2,9,47,58,1.2241379310344827,0.06527480857241695,568,We do try to add a cordial sophistication to our executions.
898,4,5,49,58,1.2241379310344827,0.0739643291680361,568,"We didn't really want to come to this party, but our hands were tied."
898,5,3,50,58,1.2241379310344827,0.0779466655273563,568,"What a coincidence! My husband and I are in concrete, as well."
898,2,9,47,58,1.2241379310344827,0.06527480857241695,568,"Well, it sure looks like an effective alternative to AA."
898,2,9,47,58,1.2241379310344827,0.06527480857241695,568,I think you can be the kind of couple that stays deeply committed.
898,3,7,48,58,1.2241379310344827,0.06975500922314924,568,I wish I could lay off the drinks and hors d'oeuvres like you guys.
898,1,11,46,58,1.2241379310344827,0.060463542375630945,568,Don't ya just hate going away parties?
898,2,9,47,58,1.2241379310344827,0.06527480857241695,568,You look like you're dying for something wet.
898,2,9,47,58,1.2241379310344827,0.06527480857241695,568,Did you really think you could have gotten away with bringing that boxed stuff AND Velveeta?!
898,2,9,47,58,1.2241379310344827,0.06527480857241695,568,Try the Chardonnay--it goes better with fish.
898,4,5,49,58,1.2241379310344827,0.0739643291680361,568,So... what brings you to Mar-A-Lago?
898,1,11,46,58,1.2241379310344827,0.060463542375630945,568,"Well if it keeps you from overeating, good for you."
898,2,9,47,58,1.2241379310344827,0.06527480857241695,568,The East River is marvelous this time of year
898,1,11,46,58,1.2241379310344827,0.060463542375630945,568,"So, you intend to join a restricted club?"
898,0,13,45,58,1.2241379310344827,0.055234765130792035,568,Did I hear you're going away?
898,2,9,47,58,1.2241379310344827,0.06527480857241695,568,"Wait, you just flew back on WHICH airline?"
898,2,9,47,58,1.2241379310344827,0.06527480857241695,568,I'll never understand modern art.
898,1,11,46,58,1.2241379310344827,0.060463542375630945,568,"Oh well you know, these company mixers are always a little awkward."
898,1,11,46,58,1.2241379310344827,0.060463542375630945,568,"Talk, or the Pinot goes in the bucket...."
898,3,7,48,58,1.2241379310344827,0.06975500922314924,568,What flight were you on?
898,2,9,47,58,1.2241379310344827,0.06527480857241695,568,It's a softer red. It goes well with fish.
898,2,9,47,58,1.2241379310344827,0.06527480857241695,568,It's nothing personal - we're just draining the swamp of Democrats.
898,0,13,45,58,1.2241379310344827,0.055234765130792035,568,No invitation?
898,4,5,49,58,1.2241379310344827,0.0739643291680361,568,We take double dipping very seriously.
898,2,9,47,58,1.2241379310344827,0.06527480857241695,568,"So, when are you two going to take the plunge and finally tie the knot?"
898,1,11,46,58,1.2241379310344827,0.060463542375630945,568,So what happened after you told your boss you hate networking events?
898,1,11,46,58,1.2241379310344827,0.060463542375630945,568,So how did you two get roped into coming to this party?
898,2,9,47,58,1.2241379310344827,0.06527480857241695,568,Now that I have your attention...
898,2,9,47,58,1.2241379310344827,0.06527480857241695,568,I so enjoy having a captive audience.
898,3,7,48,58,1.2241379310344827,0.06975500922314924,568,And it's rich in antioxidants for long life.
898,1,11,46,58,1.2241379310344827,0.060463542375630945,568,Now do I have your full attention?
898,4,5,49,58,1.2241379310344827,0.0739643291680361,568,You must be Democrats.
898,3,7,48,58,1.2241379310344827,0.06975500922314924,568,Next time bring better wine.
898,2,9,47,58,1.2241379310344827,0.06527480857241695,568,Hazing is an important part of our corporate culture.
898,1,11,46,58,1.2241379310344827,0.060463542375630945,568,Which part of the 12 step program is this?
898,3,7,48,58,1.2241379310344827,0.06975500922314924,568,You must be the designated divers.
898,3,7,48,58,1.2241379310344827,0.06975500922314924,568,Let me tell you about MY day.
898,2,9,47,58,1.2241379310344827,0.06527480857241695,568,It's such a pity that your applications to the witness protection program were delayed.
898,1,11,46,58,1.2241379310344827,0.060463542375630945,568,"While they felt flattered to be the honored guests at the mob's second annual ""Swimming with the Fishes Gala,"" the Fazios still found it hard to really relax and enjoy it."
898,0,13,45,58,1.2241379310344827,0.055234765130792035,568,Did you forget each other's safe word?
898,2,9,47,58,1.2241379310344827,0.06527480857241695,568,R&D always suspected you were plants.
898,5,3,50,58,1.2241379310344827,0.0779466655273563,568,"Your health plan has significant restrictions, but does include a free glass of wine."
898,4,5,49,58,1.2241379310344827,0.0739643291680361,568,What was it exactly that you said to the Don?
898,2,9,47,58,1.2241379310344827,0.06527480857241695,568,"I had this dream last night. I was wearing brown slacks - or were they tan? - no, brown - hold on, maybe they were bluuuue..."
898,4,5,49,58,1.2241379310344827,0.0739643291680361,568,Is this performance art or couple therapy?
898,2,9,47,58,1.2241379310344827,0.06527480857241695,568,Enough about me. Have I told you about my cat?
898,2,9,47,58,1.2241379310344827,0.06527480857241695,568,Only fools praise French wine at a Mafia wine tasting.
898,2,9,47,58,1.2241379310344827,0.06527480857241695,568,I admire your self-restraints.
898,0,13,45,58,1.2241379310344827,0.055234765130792035,568,I feel so badly for you. Say... Do you guys still have that rent control apt. in Manhattan?
898,1,11,46,58,1.2241379310344827,0.060463542375630945,568,I don't care what you say. Your pre-existing condition is not my problem.
898,1,11,46,58,1.2241379310344827,0.060463542375630945,568,Wow this really is social torture!
898,2,9,47,58,1.2241379310344827,0.06527480857241695,568,I'm sure it was an innocent bookkeeping error.
898,2,9,47,58,1.2241379310344827,0.06527480857241695,568,You must be the couple that didn't RSVP.
898,2,9,47,58,1.2241379310344827,0.06527480857241695,568,And the only difference is that the woman's pail is shorter?
898,1,11,46,58,1.2241379310344827,0.060463542375630945,568,I understand Vito's grades will be improving this term.
898,5,3,50,58,1.2241379310344827,0.0779466655273563,568,Let's toast to your new life together. I'm a divorce attorney if you need me.
898,3,7,48,58,1.2241379310344827,0.06975500922314924,568,"I call it ""First 100 Days."""
898,2,9,47,58,1.2241379310344827,0.06527480857241695,568,"Stomp a little longer, I'm not quite getting the tang I was hoping for."
898,2,9,47,58,1.2241379310344827,0.06527480857241695,568,So Canada said no to your immigration application?
898,2,9,47,58,1.2241379310344827,0.06527480857241695,568,We find that cocktails make the exit interviews much more pleasant
898,2,9,47,58,1.2241379310344827,0.06527480857241695,568,So how do you like being teachers?
898,2,9,47,58,1.2241379310344827,0.06527480857241695,568,You must be the last 2 of the Obama administration
898,2,9,47,58,1.2241379310344827,0.06527480857241695,568,"Well, you had to be Democrats."
898,3,7,48,58,1.2241379310344827,0.06975500922314924,568,Have you ever just considered moving to Canada?
898,2,9,47,58,1.2241379310344827,0.06527480857241695,568,"You ditched me at the last party, didn't you?"
898,1,11,46,58,1.2241379310344827,0.060463542375630945,568,"In Chicago, some things never change."
898,2,9,47,58,1.2241379310344827,0.06527480857241695,568,"Oh, that silly Tony. He's gone and mixed up the Guest List and the Death List again!"
898,3,7,48,58,1.2241379310344827,0.06975500922314924,568,"Actually, the Club’s initiation process is just a notch above hazing."
898,4,5,49,58,1.2241379310344827,0.0739643291680361,568,Sorry to see you go...
898,4,5,49,58,1.2241379310344827,0.0739643291680361,568,"Oh, my! Vera, come see this contemporary repartee on American Gothic…"
898,4,5,49,58,1.2241379310344827,0.0739643291680361,568,Compliments of the couple on the wall.
898,3,7,48,58,1.2241379310344827,0.06975500922314924,568,Your last chance! Will you like me on Facebook?
898,3,7,48,58,1.2241379310344827,0.06975500922314924,568,Are you the deplorables?
898,3,7,48,58,1.2241379310344827,0.06975500922314924,568,Welcome to our Badaboom's yacht party. The main course is seafood... if you get ny drift.
898,2,9,47,58,1.2241379310344827,0.06527480857241695,568,Have you ever heard of single premium life? Because I think that really could be the ticket for you.
898,3,7,48,58,1.2241379310344827,0.06975500922314924,568,Who knew this party would be a hit?
898,4,5,49,58,1.2241379310344827,0.0739643291680361,568,"Don't worry, you'll grow out of it."
898,1,11,46,58,1.2241379310344827,0.060463542375630945,568,I just don't get contemporary art.
898,0,13,45,58,1.2241379310344827,0.055234765130792035,568,It was the only way we could guarantee your party remained a surprise.
898,2,9,47,58,1.2241379310344827,0.06527480857241695,568,"I would offer you a drink, but I see you are tied up at the moment."
898,2,9,47,58,1.2241379310344827,0.06527480857241695,568,I'm sorry you won't be able to join us for dinner later.
898,3,7,48,58,1.2241379310344827,0.06975500922314924,568,"My therapist says I'm stuck, too."
898,3,7,48,58,1.2241379310344827,0.06975500922314924,568,But enough about me-- go mingle!
898,2,9,47,58,1.2241379310344827,0.06527480857241695,568,"Now that I've got you, let me tell you all about my cat's intestinal problems."
1001,4,4,47,55,1.2181818181818183,0.0765013989040868,568,"It's an off-vintage for Bordeaux. Trust me, you'd hate it."
1001,1,10,44,55,1.2181818181818183,0.061905266448664883,568,Our administration's hazing is a friendlier form of waterboarding.
1001,1,10,44,55,1.2181818181818183,0.061905266448664883,568,Charles tells me you swim with fishes.
1001,1,10,44,55,1.2181818181818183,0.061905266448664883,568,Does this mean you two are back together again?
1001,1,10,44,55,1.2181818181818183,0.061905266448664883,568,"Well hello, I'd heard you two weren't free tonight."
1001,1,10,44,55,1.2181818181818183,0.061905266448664883,568,Let's just say you're toast!
1001,2,8,45,55,1.2181818181818183,0.0671242332357016,568,I'm guessing this wasn't on your bucket list.
1001,2,8,45,55,1.2181818181818183,0.0671242332357016,568,That's the only way I would be able to stop drinking.
1001,5,2,48,55,1.2181818181818183,0.08078282433588768,568,So I'm guessing you didn't got the memo on disagreeing with the new administration's policies?
1001,2,8,45,55,1.2181818181818183,0.0671242332357016,568,So why were you two running late?
1001,3,6,46,55,1.2181818181818183,0.0719657096184116,568,We don't add the concrete until you're done squashing the grapes.
1001,3,6,46,55,1.2181818181818183,0.0719657096184116,568,This campus welcomes conservative speakers.
1001,2,8,45,55,1.2181818181818183,0.0671242332357016,568,"If the first twelve steps fail, we guarantee the thirteenth will work."
1001,2,8,45,55,1.2181818181818183,0.0671242332357016,568,Well that explains the dead fish! I thought it was just a bad caterer.
1001,3,6,46,55,1.2181818181818183,0.0719657096184116,568,"I know, dears. But what would you do with un-tenured faculty?"
1001,2,8,45,55,1.2181818181818183,0.0671242332357016,568,You two should make quite a splash at the after-party.
1001,3,6,46,55,1.2181818181818183,0.0719657096184116,568,"This is best, because you won't have to appear at any congressional hearing."
1001,0,12,43,55,1.2181818181818183,0.056203748457549704,568,I can't let you drink without a designated diver.
1001,4,4,47,55,1.2181818181818183,0.0765013989040868,568,May I tell you more about this time-share opportunity?
1001,1,10,44,55,1.2181818181818183,0.061905266448664883,568,It is supposed to breathe for a few minutes...
1001,2,8,45,55,1.2181818181818183,0.0671242332357016,568,"So, that's my summer travel plans. How about you?"
1001,3,6,46,55,1.2181818181818183,0.0719657096184116,568,"You'll have to excuse Peter, he just finished a Sopranos marathon."
1001,3,6,46,55,1.2181818181818183,0.0719657096184116,568,So how do you two know Guido?
1001,3,6,46,55,1.2181818181818183,0.0719657096184116,568,My husband will drop you off.
1001,4,4,47,55,1.2181818181818183,0.0765013989040868,568,I see you have another party to go to.
1001,1,10,44,55,1.2181818181818183,0.061905266448664883,568,I hear you two are ready to take the plunge.
1001,3,6,46,55,1.2181818181818183,0.0719657096184116,568,Those shoes are to die for.
1001,3,6,46,55,1.2181818181818183,0.0719657096184116,568,I see that you are only on step 3.
1001,1,10,44,55,1.2181818181818183,0.061905266448664883,568,"At last, someone who will listen!"
1001,1,10,44,55,1.2181818181818183,0.061905266448664883,568,This wine pairs well with fish...
1001,3,6,46,55,1.2181818181818183,0.0719657096184116,568,Your first Live Art exhibit?
1001,2,8,45,55,1.2181818181818183,0.0671242332357016,568,Welcome to the Soprano's cast party. Vinny will give you a ride home.
1001,2,8,45,55,1.2181818181818183,0.0671242332357016,568,This wine is to die for.
1001,3,6,46,55,1.2181818181818183,0.0719657096184116,568,This one should pair nicely with the fishes.
1001,3,6,46,55,1.2181818181818183,0.0719657096184116,568,Was this on your bucket list?
1001,0,12,43,55,1.2181818181818183,0.056203748457549704,568,I recall I was held hostage once...
1001,2,8,45,55,1.2181818181818183,0.0671242332357016,568,"Oh come on, give me a hug."
1001,2,8,45,55,1.2181818181818183,0.0671242332357016,568,"Goodness, and I thought I needed a cocktail this evening."
1001,3,6,46,55,1.2181818181818183,0.0719657096184116,568,"It looks mildly intriguing, but I'm over my 50 Shades of Grey phase."
1001,2,8,45,55,1.2181818181818183,0.0671242332357016,568,I understand you two are on loan from the mob.
1001,3,6,46,55,1.2181818181818183,0.0719657096184116,568,Thanks for coming. I'll have Guido drop you off on his way home.
1001,2,8,45,55,1.2181818181818183,0.0671242332357016,568,"So, what brings you here?"
1001,2,8,45,55,1.2181818181818183,0.0671242332357016,568,I hear you've cemented your relationship
1001,2,8,45,55,1.2181818181818183,0.0671242332357016,568,"Finally, someone who will listen to my vacation highlights!"
1001,1,10,44,55,1.2181818181818183,0.061905266448664883,568,Can I drop you off somewhere?
1001,2,8,45,55,1.2181818181818183,0.0671242332357016,568,Have you reconsidered our time share offer?
1001,4,4,47,55,1.2181818181818183,0.0765013989040868,568,"If you're tied up, I can get the next round."
1001,1,10,44,55,1.2181818181818183,0.061905266448664883,568,We felt a going away party was appropriate.
1001,2,8,45,55,1.2181818181818183,0.0671242332357016,568,"I would ask if the boss drug you here kicking and screaming, but it looks more like you just dropped in..."
1001,1,10,44,55,1.2181818181818183,0.061905266448664883,568,You knew there would be consequences for serving red wine with fish.
1001,2,8,45,55,1.2181818181818183,0.0671242332357016,568,We refused to drink the Kool-Aid.
1001,1,10,44,55,1.2181818181818183,0.061905266448664883,568,"But enough about me, what's new in your lives?"
1001,2,8,45,55,1.2181818181818183,0.0671242332357016,568,Is this the last item on your bucket list?
1001,2,8,45,55,1.2181818181818183,0.0671242332357016,568,I'm going to have to stop you here. I'm not comfortable where this conversation is going.
1001,3,6,46,55,1.2181818181818183,0.0719657096184116,568,Who knew the ice-bucket challenge would go this far?
1001,2,8,45,55,1.2181818181818183,0.0671242332357016,568,"No, you won't go in the river. I'll just bore you to death."
1001,3,6,46,55,1.2181818181818183,0.0719657096184116,568,"Well, everyone else knew to bring a hostess gift."
1001,2,8,45,55,1.2181818181818183,0.0671242332357016,568,Happy to help; white or red?
1001,2,8,45,55,1.2181818181818183,0.0671242332357016,568,And I thought I was potted.
1001,2,8,45,55,1.2181818181818183,0.0671242332357016,568,You two have made my bucket list.
1001,2,8,45,55,1.2181818181818183,0.0671242332357016,568,Welcome to the mafia mixer for new snitches
1001,3,6,46,55,1.2181818181818183,0.0719657096184116,568,Which wine do you like with fish?
1001,2,8,45,55,1.2181818181818183,0.0671242332357016,568,"So, I hear you've joined that new East River fitness club."
1001,2,8,45,55,1.2181818181818183,0.0671242332357016,568,You'll be fine -- just don't swallow!
1001,2,8,45,55,1.2181818181818183,0.0671242332357016,568,No pressure Emma and Colin.... still a few days till deadline.
1001,1,10,44,55,1.2181818181818183,0.061905266448664883,568,Love the shoes!
1067,3,5,45,53,1.2075471698113207,0.07307515747561165,568,How you are getting out of here?
1067,2,7,44,53,1.2075471698113207,0.06792855979005262,568,I see that your friendship has been cemented!
1067,4,3,46,53,1.2075471698113207,0.0778823988139819,568,And that's why we are so late.
1067,1,9,43,53,1.2075471698113207,0.06235863877776731,568,"As you've gathered, the club's initiation process is quite strict."
1067,3,5,45,53,1.2075471698113207,0.07307515747561165,568,So how do you know the Fishes?
1067,2,7,44,53,1.2075471698113207,0.06792855979005262,568,That sounds fascinating - is it anything like swimming with dolphins?
1067,1,9,43,53,1.2075471698113207,0.06235863877776731,568,You guys must be the death of the party.
1067,3,5,45,53,1.2075471698113207,0.07307515747561165,568,Did you get a chance to try the shrimp?
1067,2,7,44,53,1.2075471698113207,0.06792855979005262,568,My condolences on the loss of all your hopes and dreams.
1067,1,9,43,53,1.2075471698113207,0.06235863877776731,568,Who gets the hemlock mojito?
1067,1,9,43,53,1.2075471698113207,0.06235863877776731,568,"""For what it's worth, I love your shoes""!"
1067,2,7,44,53,1.2075471698113207,0.06792855979005262,568,"We chill the people, not the wine."
1067,1,9,43,53,1.2075471698113207,0.06235863877776731,568,I just want to thank you for volunteering tonight to be the designated drivers .
1067,1,9,43,53,1.2075471698113207,0.06235863877776731,568,I wouldn't have come to this party if I'd known it was going to be such a mob scene.
1067,2,7,44,53,1.2075471698113207,0.06792855979005262,568,Realism has gotten so... real.
1067,2,7,44,53,1.2075471698113207,0.06792855979005262,568,Rocco said something about showing you guys our riverfront area.
1067,1,9,43,53,1.2075471698113207,0.06235863877776731,568,"So tell me, which of my pieces did you like best?"
1067,2,7,44,53,1.2075471698113207,0.06792855979005262,568,First one to cross the finish line gets the job.
1067,4,3,46,53,1.2075471698113207,0.0778823988139819,568,And the one who most accurately identifies the varietal will not go into the river.
1067,1,9,43,53,1.2075471698113207,0.06235863877776731,568,Aren't those shoes killing you?
1067,3,5,45,53,1.2075471698113207,0.07307515747561165,568,It was wonderful talking to you. Have a great day.
1067,3,5,45,53,1.2075471698113207,0.07307515747561165,568,The pool is out back.
1067,3,5,45,53,1.2075471698113207,0.07307515747561165,568,"And United lost your luggage, too?"
1067,3,5,45,53,1.2075471698113207,0.07307515747561165,568,I'd throw this wine in your face for effect but it's a 1945 Chateau Mouton-Rothschild
1067,2,7,44,53,1.2075471698113207,0.06792855979005262,568,And that's why I struggle with contemporary art.
1067,0,11,42,53,1.2075471698113207,0.056239758403476246,568,"... and our youngest, Mary, was just named student of the month, and ..."
1067,2,7,44,53,1.2075471698113207,0.06792855979005262,568,"Boy, you two look like you need to loosen up and unwind."
1067,2,7,44,53,1.2075471698113207,0.06792855979005262,568,Welcome to Day Two of aversion therapy.
1067,3,5,45,53,1.2075471698113207,0.07307515747561165,568,But on a first date?
1067,3,5,45,53,1.2075471698113207,0.07307515747561165,568,...and two years ago I had this outbreak of hives...
1067,3,5,45,53,1.2075471698113207,0.07307515747561165,568,Vinnie tells me you are about to take a long trip out to sea...
1067,0,11,42,53,1.2075471698113207,0.056239758403476246,568,I don't think that is how the ice bucket challenge works!
1067,3,5,45,53,1.2075471698113207,0.07307515747561165,568,Could I have your drink tickets?
1067,1,9,43,53,1.2075471698113207,0.06235863877776731,568,"Oh, dear. Have I been talking too much?"
1067,1,9,43,53,1.2075471698113207,0.06235863877776731,568,"If you really wanted to make a statement, you should be wearing blindfolds. Just sayin'."
1067,2,7,44,53,1.2075471698113207,0.06792855979005262,568,Isn't Lent over?
1067,2,7,44,53,1.2075471698113207,0.06792855979005262,568,"I know this is no fun, but great art is never easy..."
1067,3,5,45,53,1.2075471698113207,0.07307515747561165,568,"My bucket list, my rules."
1067,1,9,43,53,1.2075471698113207,0.06235863877776731,568,How are you finding this year's parent-teacher conference?
1067,3,5,45,53,1.2075471698113207,0.07307515747561165,568,Just think of this as a concrete token of our esteem.
1067,2,7,44,53,1.2075471698113207,0.06792855979005262,568,I hope I didn't strongarm you too much.
1067,1,9,43,53,1.2075471698113207,0.06235863877776731,568,I guess you two'll be sticking around for awhile?
1067,1,9,43,53,1.2075471698113207,0.06235863877776731,568,Feel free to leave.
1067,2,7,44,53,1.2075471698113207,0.06792855979005262,568,"Really, couples shock therapy?"
1067,1,9,43,53,1.2075471698113207,0.06235863877776731,568,Sorry but we have spoken to you before about bringing oaky chardonnay.
1067,3,5,45,53,1.2075471698113207,0.07307515747561165,568,So whose bucket list are you on?
1067,3,5,45,53,1.2075471698113207,0.07307515747561165,568,"This is wrong. You shouldn't be horribly punished like this just for voting for Trump. Hm. On second thought, yes you should. Bon Voyage!"
1067,1,9,43,53,1.2075471698113207,0.06235863877776731,568,"As soon as the cement hardens you will embark on your complementary cruise. Meanwhile, enjoy the festive atmosphere."
1067,1,9,43,53,1.2075471698113207,0.06235863877776731,568,Anti-potted plants is it? Well I'm supporting grape workers- you want to bet who helps their cause more tonight.
1067,2,7,44,53,1.2075471698113207,0.06792855979005262,568,I hear you've gone dormant until the next administration.
1067,0,11,42,53,1.2075471698113207,0.056239758403476246,568,"Look, you two, you promised me you'd try to mingle more this time."
1067,2,7,44,53,1.2075471698113207,0.06792855979005262,568,Week 1 at the center for cellphone rehab
1067,2,7,44,53,1.2075471698113207,0.06792855979005262,568,Marvelous use of negative space.
1067,4,3,46,53,1.2075471698113207,0.0778823988139819,568,"You guys met on Mafia.Com, right?"
1067,2,7,44,53,1.2075471698113207,0.06792855979005262,568,"Personally, I'd legalize pot."
1067,2,7,44,53,1.2075471698113207,0.06792855979005262,568,Let me show you our new private dock.
1067,4,3,46,53,1.2075471698113207,0.0778823988139819,568,"With your pre-existing conditions, you will enjoy this affordable treatment with Trumpcare."
1067,2,7,44,53,1.2075471698113207,0.06792855979005262,568,I'm glad to see you're exercising some restraint at our party.
1067,3,5,45,53,1.2075471698113207,0.07307515747561165,568,Being tied up at an art opening has always been on our bucket list.
1067,2,7,44,53,1.2075471698113207,0.06792855979005262,568,So you're both having a drink with Big Vinny afterward the party?
1067,0,11,42,53,1.2075471698113207,0.056239758403476246,568,Congratulations on tying the knot.
1067,3,5,45,53,1.2075471698113207,0.07307515747561165,568,Fortunately we got out of journalism before the change in administrations.
1067,2,7,44,53,1.2075471698113207,0.06792855979005262,568,"I just know you'll love the dip ""I can't wait for you to try the dip."
1067,3,5,45,53,1.2075471698113207,0.07307515747561165,568,"So, any concrete plans for the weekend?"
1067,2,7,44,53,1.2075471698113207,0.06792855979005262,568,"So, how long have you known Luca?"
1067,1,9,43,53,1.2075471698113207,0.06235863877776731,568,I find these wine and cheese events torturous as well.
1067,1,9,43,53,1.2075471698113207,0.06235863877776731,568,Really? You used the same excuse for being late to you niece's bat mitzvah.
1067,3,5,45,53,1.2075471698113207,0.07307515747561165,568,It was so kind of you to stop my on your way to getting whacked!
1067,2,7,44,53,1.2075471698113207,0.06792855979005262,568,I understand you're the folks who won the double dare contest.
1067,3,5,45,53,1.2075471698113207,0.07307515747561165,568,Are you staying for the boat ride?
1067,2,7,44,53,1.2075471698113207,0.06792855979005262,568,I see you two were bound to attend this opening.
1067,1,9,43,53,1.2075471698113207,0.06235863877776731,568,Is the elevator working again? Or did you hop up?
1067,1,9,43,53,1.2075471698113207,0.06235863877776731,568,I suppose you think I drink like the fishes.
1067,1,9,43,53,1.2075471698113207,0.06235863877776731,568,"That may keep you from drinking, but what about the Twelve Steps?"
1067,2,7,44,53,1.2075471698113207,0.06792855979005262,568,Can I call you an Uber?
1067,1,9,43,53,1.2075471698113207,0.06235863877776731,568,So what part of the Hamptons are they dumping you at?
1067,0,11,42,53,1.2075471698113207,0.056239758403476246,568,So how much did he pay you for that forged Picasso?
1067,1,9,43,53,1.2075471698113207,0.06235863877776731,568,What a wonderful opportunity for me to tell you about my recent surgery.
1067,3,5,45,53,1.2075471698113207,0.07307515747561165,568,I agree. People forget you so much faster when there's no tombstone.
1067,3,5,45,53,1.2075471698113207,0.07307515747561165,568,Tough audit?
1067,2,7,44,53,1.2075471698113207,0.06792855979005262,568,Maybe next time you'll return the RSVP card.
1067,3,5,45,53,1.2075471698113207,0.07307515747561165,568,"Even though you got roped into this, it will cement your relationship."
1067,2,7,44,53,1.2075471698113207,0.06792855979005262,568,Been there. Done that.
1067,2,7,44,53,1.2075471698113207,0.06792855979005262,568,Sorry. This is a no smoking cruise.
1067,3,5,45,53,1.2075471698113207,0.07307515747561165,568,"Ever since Trump, the East River has become so unfashionable. You'll love the Hudson."
1152,2,6,42,50,1.2,0.06998542122237651,568,So we're on your bucket list?
1152,2,6,42,50,1.2,0.06998542122237651,568,I thought this happened only in the movies.
1152,2,6,42,50,1.2,0.06998542122237651,568,You are NOT stick in the muds!
1152,2,6,42,50,1.2,0.06998542122237651,568,"Anyways, how are the kids?"
1152,2,6,42,50,1.2,0.06998542122237651,568,I'll bet this wasn't on your bucket list.
1152,1,8,41,50,1.2,0.06388765649999399,568,We've decided to live metaphorically.
1152,1,8,41,50,1.2,0.06388765649999399,568,The sommalier's decisions are final.
1152,2,6,42,50,1.2,0.06998542122237651,568,Say Hi to Vito for me.
1152,3,4,43,50,1.2,0.07559289460184544,568,First rule of living in the Big Apple: don't snitch on the mafia. Second rule… ditto.
1152,1,8,41,50,1.2,0.06388765649999399,568,"Still, it's good of him to throw a Bon Voyage party."
1152,0,10,40,50,1.2,0.05714285714285714,568,"It's not that you wouldn't be a marvelous addition to my collection, it's just I have no idea where I'd put you."
1152,1,8,41,50,1.2,0.06388765649999399,568,"Now that I have you here, I'd like to talk to you about a major donation to the museum."
1152,2,6,42,50,1.2,0.06998542122237651,568,A nice sicilian red to mark the occasion?
1152,1,8,41,50,1.2,0.06388765649999399,568,It's better than being tongue-tied.
1152,2,6,42,50,1.2,0.06998542122237651,568,Who ordered the float?
1152,2,6,42,50,1.2,0.06998542122237651,568,Your on someone's bucket list
1152,2,6,42,50,1.2,0.06998542122237651,568,This will set you free.
1152,1,8,41,50,1.2,0.06388765649999399,568,You will taste this wine and you will give it 92 points.
1152,1,8,41,50,1.2,0.06388765649999399,568,"What exactly do bed bugs in the lobby couches have to do with me, Brad?"
1152,2,6,42,50,1.2,0.06998542122237651,568,You will find our wine tasting is a bit different than most ...
1152,2,6,42,50,1.2,0.06998542122237651,568,"Pardon me, but are you really art?"
1152,1,8,41,50,1.2,0.06388765649999399,568,And then she said...I'm not boring you am I?
1152,3,4,43,50,1.2,0.07559289460184544,568,You're right. This wine is to die for.
1152,2,6,42,50,1.2,0.06998542122237651,568,What happened to your hair?
1152,3,4,43,50,1.2,0.07559289460184544,568,So I see you have voiced your opinion at liberal party?
1152,1,8,41,50,1.2,0.06388765649999399,568,"I know the feeling -- when Schwarzenegger won in 2003, I had to dye my hair green."
1152,4,2,44,50,1.2,0.08081220356417686,568,You're not leaving are you?
1152,3,4,43,50,1.2,0.07559289460184544,568,Is this interactive art?!
1152,2,6,42,50,1.2,0.06998542122237651,568,"On behalf of Make-A-Wish, I welcome you."
1152,3,4,43,50,1.2,0.07559289460184544,568,So you are the pair who hacked Wine Spectator!
1152,2,6,42,50,1.2,0.06998542122237651,568,How's your immersion therapy going?
1152,2,6,42,50,1.2,0.06998542122237651,568,Are you sure the party doesn't want you running again Hillary and Tim?
1152,1,8,41,50,1.2,0.06388765649999399,568,Welcome to Snitch Hell. Glass of box wine?
1152,1,8,41,50,1.2,0.06388765649999399,568,That still sounds like more fun than the Circle Line.
1152,1,8,41,50,1.2,0.06388765649999399,568,I feel the same way at these things.
1152,3,4,43,50,1.2,0.07559289460184544,568,Welcome to your first Parent Volunteer Committee meeting.
1152,1,8,41,50,1.2,0.06388765649999399,568,"Honestly, I didn't think you would accept my invitation."
1152,0,10,40,50,1.2,0.05714285714285714,568,"These conferences are just torture, don't you think?"
1152,3,4,43,50,1.2,0.07559289460184544,568,"No! I said you if you get tied up, I'll pick up the ICE bucket stand"
1152,2,6,42,50,1.2,0.06998542122237651,568,Is this your first visit to the East River?
1152,2,6,42,50,1.2,0.06998542122237651,568,I think you two just need to get away.
1152,2,6,42,50,1.2,0.06998542122237651,568,"Keep stomping, Bob needs a refill."
1152,2,6,42,50,1.2,0.06998542122237651,568,It's called The Titanic Ultimate Escape Room... Fantastic experience!
1152,3,4,43,50,1.2,0.07559289460184544,568,"At ""Going Out in Style"", we use only the finest artisinal concrete curing techniques and antique buckets that best match your accessories."
1152,2,6,42,50,1.2,0.06998542122237651,568,You must be the Untitleds...
1152,2,6,42,50,1.2,0.06998542122237651,568,What are you doing after the party?
1152,2,6,42,50,1.2,0.06998542122237651,568,"Welcome to United Airlines pre-boarding compliance and cavity search happy-hour, I see you may be flying standby with us today!"
1152,1,8,41,50,1.2,0.06388765649999399,568,I guess it was a rough flight.
1152,2,6,42,50,1.2,0.06998542122237651,568,I confess I've felt out of place from time to time. How about you?
1152,1,8,41,50,1.2,0.06388765649999399,568,"Heard you've been tied up and in some hot water, but I'm still glad you could be here."
1152,2,6,42,50,1.2,0.06998542122237651,568,We took a vote and it was this or Cards Against Humanity.
1152,2,6,42,50,1.2,0.06998542122237651,568,Stay right there. I've got someone you just have to meet.
1152,1,8,41,50,1.2,0.06388765649999399,568,They gave you an offer; You refused!
1152,2,6,42,50,1.2,0.06998542122237651,568,I've been authorized to quadruple our offer to buy your life insurance policies.
1152,0,10,40,50,1.2,0.05714285714285714,568,"Now, about that raise"
1152,2,6,42,50,1.2,0.06998542122237651,568,"So, what did Mr. Coppola think of your review of his wine?"
1152,1,8,41,50,1.2,0.06388765649999399,568,Socially awkward.
1152,0,10,40,50,1.2,0.05714285714285714,568,We haven't met. You must be the Houdinis.
1152,3,4,43,50,1.2,0.07559289460184544,568,Where are my manners? Would like to smell the Shiraz?
1152,1,8,41,50,1.2,0.06388765649999399,568,...and that's when I realized it would make a great app.
1152,1,8,41,50,1.2,0.06388765649999399,568,Never crash a Mafia party!
1152,1,8,41,50,1.2,0.06388765649999399,568,So that's my bucket list. How about you?
1152,1,8,41,50,1.2,0.06388765649999399,568,Ready to reconsider your criticism of Trump?
1152,1,8,41,50,1.2,0.06388765649999399,568,Oh and have you seen our new swimming pool?
1152,0,10,40,50,1.2,0.05714285714285714,568,Congratulations on your sobriety.
1152,2,6,42,50,1.2,0.06998542122237651,568,I find this Beaujolais pairs well with sea water
1152,1,8,41,50,1.2,0.06388765649999399,568,Rumor has it you weren't very cooperative.
1152,1,8,41,50,1.2,0.06388765649999399,568,I can offer you a glass of wine to make up for any inconvenience we may have caused.
1152,2,6,42,50,1.2,0.06998542122237651,568,"""Sleeping with the fishes"" actually sounds very relaxing."
1152,2,6,42,50,1.2,0.06998542122237651,568,Did you know that climate change can cause a rise in sea level?
1152,1,8,41,50,1.2,0.06388765649999399,568,So you'll be joining us on the evening cruise?
1152,1,8,41,50,1.2,0.06388765649999399,568,Is 'Don't just stand there. We've been mugged!' part of the artist's conceptualism?
1152,2,6,42,50,1.2,0.06998542122237651,568,I hear you two will be swimming with the fishes. How exotic!
1152,2,6,42,50,1.2,0.06998542122237651,568,"Sorry, but the others did not appreciate your bringing 2Buck Chuck to the vintage of the century tasting."
1152,3,4,43,50,1.2,0.07559289460184544,568,"In hindsight, the VIP package was a good value for money."
1152,2,6,42,50,1.2,0.06998542122237651,568,"When I invited you, you said you were all tied up tonight and lo and behold, here you are!"
1152,3,4,43,50,1.2,0.07559289460184544,568,I guess you'll be going into the high-risk pool?
1152,3,4,43,50,1.2,0.07559289460184544,568,"I can't speak to the artistic merit, but you're much more interesting to talk to than the other installations."
1152,0,10,40,50,1.2,0.05714285714285714,568,And when we're done with drinks we'll pour the cement and drop you in the pool.
1152,1,8,41,50,1.2,0.06388765649999399,568,So which one of you will be handling the Best Picture envelope this year?
1152,1,8,41,50,1.2,0.06388765649999399,568,In my day it was a scarlet letter.
1152,3,4,43,50,1.2,0.07559289460184544,568,You must be doing the new ICE bucket protest.
1152,2,6,42,50,1.2,0.06998542122237651,568,Tell me again what it was that you said to the winemaker about his wine?
1152,3,4,43,50,1.2,0.07559289460184544,568,Let me be the last to say bon voyage!
1152,1,8,41,50,1.2,0.06388765649999399,568,A major network is interested.
1152,1,8,41,50,1.2,0.06388765649999399,568,"Congratulations, I hear you're now part of the Permanent Collection."
1152,2,6,42,50,1.2,0.06998542122237651,568,Just a few more of these and you won't feel a thing...
1152,0,10,40,50,1.2,0.05714285714285714,568,So this party was on your bucket list?
1152,3,4,43,50,1.2,0.07559289460184544,568,I've also memorized Part One of Atlas Shrugged--I'm sure you'd like to hear that too.
1152,2,6,42,50,1.2,0.06998542122237651,568,So your boss made you come to this party?
1152,2,6,42,50,1.2,0.06998542122237651,568,It's a treatment modality for what?
1152,2,6,42,50,1.2,0.06998542122237651,568,"So, AA didn't work for you?"
1152,1,8,41,50,1.2,0.06388765649999399,568,I'm glad I'm not in your shoes
1152,1,8,41,50,1.2,0.06388765649999399,568,I see you're in the one-step program.
1152,2,6,42,50,1.2,0.06998542122237651,568,"Oh my goodness, this installation is the most lifelike one in the show."
1152,1,8,41,50,1.2,0.06388765649999399,568,I give up. Does it sound like Nantucket?
1152,2,6,42,50,1.2,0.06998542122237651,568,This is not the way to cement your relationship.
1152,1,8,41,50,1.2,0.06388765649999399,568,I didn't know it was so hard to be the designated driver.
1152,1,8,41,50,1.2,0.06388765649999399,568,I see you tied the knot before you kicked the bucket .
1152,2,6,42,50,1.2,0.06998542122237651,568,Ah. You must be Tony's new accounting team. How's it going?
1152,2,6,42,50,1.2,0.06998542122237651,568,The pleasure was mine.
1152,2,6,42,50,1.2,0.06998542122237651,568,Listen to me! I haven't talked this much in years. Must be the wine!
1152,2,6,42,50,1.2,0.06998542122237651,568,Some wine before we board the boat?
1152,2,6,42,50,1.2,0.06998542122237651,568,Perhaps you didn't get my messages: I said I'd like to add you to my professional network on LinkedIn.
1152,1,8,41,50,1.2,0.06388765649999399,568,"Considering this is your first affair, you're showing great restraint!"
1152,1,8,41,50,1.2,0.06388765649999399,568,"No, this is the Rosen bar mitzvah."
1152,3,4,43,50,1.2,0.07559289460184544,568,"I'm in acquisitions. So, what did you do?"
1152,2,6,42,50,1.2,0.06998542122237651,568,Now that I have your undivided attention.
1152,2,6,42,50,1.2,0.06998542122237651,568,I see you're wearing Tony Soprano
1152,2,6,42,50,1.2,0.06998542122237651,568,What did you put on your bucket list?
1152,2,6,42,50,1.2,0.06998542122237651,568,Would you like a drink before we throw you overboard?
1152,2,6,42,50,1.2,0.06998542122237651,568,"Wait a second, yes I do! Last year's office party at Comet Ping Pong!"
1152,1,8,41,50,1.2,0.06388765649999399,568,"The stakes at these fundraisers just keep getting higher, don’t they?"
1152,1,8,41,50,1.2,0.06388765649999399,568,You performance artists are so captivating.
1152,2,6,42,50,1.2,0.06998542122237651,568,"Until you can identify the Malbec, you'll remain here."
1152,2,6,42,50,1.2,0.06998542122237651,568,You must be the new donors
1152,2,6,42,50,1.2,0.06998542122237651,568,"So, you worked for the previous administration?"
1152,1,8,41,50,1.2,0.06388765649999399,568,Must be your first time at Club Masochist?
1152,2,6,42,50,1.2,0.06998542122237651,568,Don't worry. The mob only does that to people in cartoons.
1152,1,8,41,50,1.2,0.06388765649999399,568,Well I see you have decided to tie the knot!
1152,3,4,43,50,1.2,0.07559289460184544,568,"I'm sorry you voted for Trump, but now its payback time."
1152,2,6,42,50,1.2,0.06998542122237651,568,You crushed these grapes yourself?!
1152,2,6,42,50,1.2,0.06998542122237651,568,"Say, ""Please""."
1152,2,6,42,50,1.2,0.06998542122237651,568,"The diet is working, both of you look great!"
1152,0,10,40,50,1.2,0.05714285714285714,568,Try the chardonnay...it goes well with fish.
1152,2,6,42,50,1.2,0.06998542122237651,568,It's called the mafia diet and it really works!
1152,0,10,40,50,1.2,0.05714285714285714,568,So then I told my shrink that most people won't let me speak to them for long.
1152,1,8,41,50,1.2,0.06388765649999399,568,"I guess ""toast"" has taken on a different meaning."
1152,2,6,42,50,1.2,0.06998542122237651,568,It's called the icebreaker challenge.
1152,3,4,43,50,1.2,0.07559289460184544,568,Bucket list?
1152,3,4,43,50,1.2,0.07559289460184544,568,Friends don't let friends drive drunk.
1152,3,4,43,50,1.2,0.07559289460184544,568,Next time wash your feet before you crush the grapes!
1152,2,6,42,50,1.2,0.06998542122237651,568,Let me tell you about my first colonoscopy prep.......
1152,1,8,41,50,1.2,0.06388765649999399,568,"I'm going to suggest we skip the next networking exercise on ""working the room""."
1152,2,6,42,50,1.2,0.06998542122237651,568,I'll untie you if you admit ice and red wine are non-sympatico.
1152,4,2,44,50,1.2,0.08081220356417686,568,"Christ, what an asshole."
1152,0,10,40,50,1.2,0.05714285714285714,568,"So, you mean AA has a 13th step?"
1152,3,4,43,50,1.2,0.07559289460184544,568,"No, this is terminal one. Delta Airlines is terminal two."
1152,2,6,42,50,1.2,0.06998542122237651,568,"Oh, I'm so sorry the club rejected your membership, but you know it only takes one negative vote and we dump you."
1152,2,6,42,50,1.2,0.06998542122237651,568,I understand you each have a pre- existing condition?
1152,2,6,42,50,1.2,0.06998542122237651,568,This must be the last number on your bucket list.
1152,2,6,42,50,1.2,0.06998542122237651,568,I'm feeling a little potted myself.
1152,3,4,43,50,1.2,0.07559289460184544,568,. . . So that's what's wrong with my life.
1152,3,4,43,50,1.2,0.07559289460184544,568,You must be the folks with the art bidding addiction.
1152,2,6,42,50,1.2,0.06998542122237651,568,The ice bucket challenge never appealed to me.
1152,1,8,41,50,1.2,0.06388765649999399,568,What are you doing after the party?
1152,2,6,42,50,1.2,0.06998542122237651,568,any regrets with your voting choices??
1152,2,6,42,50,1.2,0.06998542122237651,568,"A cure for restless leg syndrome, smoking and drinking? How's it working for you?"
1152,1,8,41,50,1.2,0.06388765649999399,568,"Just a small gathering to welcome you to the co-op, the board seemed very impressed."
1152,1,8,41,50,1.2,0.06388765649999399,568,Can I get you anything.?
1152,1,8,41,50,1.2,0.06388765649999399,568,"Please, you'll have to forgive the restraints. But there's a rumor circulating that you're both Middle Class homeowners with student loan debt?"
1152,1,8,41,50,1.2,0.06388765649999399,568,"Pairs well, but a rough finish."
1152,2,6,42,50,1.2,0.06998542122237651,568,"Oh, don't be so selfish. A lot of people would die to be thrown into the Hudson right now."
1152,1,8,41,50,1.2,0.06388765649999399,568,The first party as a vegan is the hardest!
1152,1,8,41,50,1.2,0.06388765649999399,568,"So, how was your trip?"
1152,2,6,42,50,1.2,0.06998542122237651,568,Who wants to get wineboarded first?
1152,3,4,43,50,1.2,0.07559289460184544,568,Me? I just set mine to airplane mode and try not to think about it.
1152,1,8,41,50,1.2,0.06388765649999399,568,I think you'll find the Sauvignon Blanc is refreshingly crisp.
1152,2,6,42,50,1.2,0.06998542122237651,568,"No, I insist, don't lift a finger."
1152,2,6,42,50,1.2,0.06998542122237651,568,"Well yes, but at least our plan has no death squads..."
1152,3,4,43,50,1.2,0.07559289460184544,568,I'll ask you again: do you believe in anthropomorphic global warming
1152,3,4,43,50,1.2,0.07559289460184544,568,Just because you two just got promoted doesn't change the Fact that I still pick the winning caption. CLEAR?
1152,2,6,42,50,1.2,0.06998542122237651,568,I know that dock area isn’t safe—but don’t you love the rent?
1152,1,8,41,50,1.2,0.06388765649999399,568,"It's a young red, but who has the time nowadays to let it age."
1152,2,6,42,50,1.2,0.06998542122237651,568,Could you two crush the grapes a bit faster? My glass is running dangerously low.
1152,1,8,41,50,1.2,0.06388765649999399,568,You'll learn to love our strong HOA.
1152,1,8,41,50,1.2,0.06388765649999399,568,For better for worse
1152,2,6,42,50,1.2,0.06998542122237651,568,I must confess. It was not totally your fault.
1152,2,6,42,50,1.2,0.06998542122237651,568,Stay as long as you like!
1152,2,6,42,50,1.2,0.06998542122237651,568,"On second thought, I don't think you will be needing this."
1152,0,10,40,50,1.2,0.05714285714285714,568,"Me too, I feel like I am drowning every day!"
1152,2,6,42,50,1.2,0.06998542122237651,568,And you're captives of the bride or the groom?
1152,2,6,42,50,1.2,0.06998542122237651,568,Here's mud in your eyes.
1152,3,4,43,50,1.2,0.07559289460184544,568,Toast?
1152,1,8,41,50,1.2,0.06388765649999399,568,Our kids called it the new ice bucket challenge.
1152,1,8,41,50,1.2,0.06388765649999399,568,"So, tell me about your new diet."
1152,1,8,41,50,1.2,0.06388765649999399,568,So do you kids have any plans for the weekend?
1152,2,6,42,50,1.2,0.06998542122237651,568,This is a classy wine so keep your feet in the bucket till you get home.
1152,2,6,42,50,1.2,0.06998542122237651,568,"So, your health insurance doesn't consider this to be a pre-existing condition?"
1152,2,6,42,50,1.2,0.06998542122237651,568,Let me guess: Step #13?
1152,3,4,43,50,1.2,0.07559289460184544,568,Wouldn't Antabuse be simpler?
1333,3,4,44,51,1.196078431372549,0.07419956050362551,568,we said no red wine in the beige room.
1334,2,5,41,48,1.1875,0.0708124708534365,568,French or Italian?
1334,1,7,40,48,1.1875,0.06424858913372151,568,"I know you both feel your hands are tied, but let's put an offer on this house before you get cold feet."
1334,2,5,41,48,1.1875,0.0708124708534365,568,"Well, if it isn't Harriet Houdini and her long-suffering sidekick."
1334,1,7,40,48,1.1875,0.06424858913372151,568,"Chardonnay? Oh wait, I see you are designated divers...."
1334,2,5,41,48,1.1875,0.0708124708534365,568,How was Sicily?
1334,1,7,40,48,1.1875,0.06424858913372151,568,"Tell me, was this going-away party really a surprise?"
1334,3,3,42,48,1.1875,0.07681751656402223,568,"Welcome to the Get Roughed Up and Dropped in a River Experience. Enjoy the cocktail reception while the rest of the guests arrive. Spoiler alert, though, it's just gonna be more fuckin' white people, because of COURSE it is"
1334,0,9,39,48,1.1875,0.05693291124629693,568,"Only distantly related to Harry Houdini, you say ... how fascinating."
1334,3,3,42,48,1.1875,0.07681751656402223,568,Crash a Mensa party you hit the bucket list
1334,3,3,42,48,1.1875,0.07681751656402223,568,"So, is this your last time here?"
1334,3,3,42,48,1.1875,0.07681751656402223,568,And then afterwards they mount your footprints at Grauman's Chinese.
1334,3,3,42,48,1.1875,0.07681751656402223,568,"Granted, it’s an awkward initiation. But we find most new guests simply muddle through."
1334,3,3,42,48,1.1875,0.07681751656402223,568,You're gonna love your timeshare.
1334,1,7,40,48,1.1875,0.06424858913372151,568,And what brought you two together?
1334,3,3,42,48,1.1875,0.07681751656402223,568,The 18th century is so in right now.
1334,3,3,42,48,1.1875,0.07681751656402223,568,Would you care for some water boarding?
1334,3,3,42,48,1.1875,0.07681751656402223,568,I understand you've just returned from North Korea. How was it?
1334,2,5,41,48,1.1875,0.0708124708534365,568,"Um, yeah. Definitely not on my bucket list."
1334,2,5,41,48,1.1875,0.0708124708534365,568,I'm so glad you both decided to come hear about how schools of choice are going to save our public education system.
1334,2,5,41,48,1.1875,0.0708124708534365,568,Before I down a couple I always down a couple.
1334,1,7,40,48,1.1875,0.06424858913372151,568,Can I Uber you to the pier?
1334,2,5,41,48,1.1875,0.0708124708534365,568,Don't you just hate being roped into these things.
1334,2,5,41,48,1.1875,0.0708124708534365,568,I told you my brother was a deadweight
1334,2,5,41,48,1.1875,0.0708124708534365,568,I'm afraid my husband takes double-dipping really seriously
1334,3,3,42,48,1.1875,0.07681751656402223,568,"Don't tell anyone, but I don't really love this wine either."
1334,1,7,40,48,1.1875,0.06424858913372151,568,"It's a silly game called Sleep with the Fishes, but our little guy takes it very seriously."
1334,2,5,41,48,1.1875,0.0708124708534365,568,"C'mon, don't you think it's funny that this wine also needs more time to breathe?"
1334,1,7,40,48,1.1875,0.06424858913372151,568,"Finally, both sip a portion of this love potion."
1334,1,7,40,48,1.1875,0.06424858913372151,568,I'm in real estate and I see you're in cement.
1334,1,7,40,48,1.1875,0.06424858913372151,568,I like your hair; nice tousled effect.
1334,2,5,41,48,1.1875,0.0708124708534365,568,"This is the fun part, the cement dries and we all say, ""bada bing bada boom"" and throw you into the harbor."
1334,0,9,39,48,1.1875,0.05693291124629693,568,Bon Voyage
1334,2,5,41,48,1.1875,0.0708124708534365,568,"You've been sent to network with the fishes, I see."
1334,2,5,41,48,1.1875,0.0708124708534365,568,I see they ran out of trellises.
1334,2,5,41,48,1.1875,0.0708124708534365,568,Here's a toast to a long and stable marriage.
1334,4,1,43,48,1.1875,0.08238601625129634,568,Congratulations! I see you're ready to take the plunge.
1334,1,7,40,48,1.1875,0.06424858913372151,568,Live long and prosper.
1334,3,3,42,48,1.1875,0.07681751656402223,568,"If there is ever anything that I can do, just call."
1334,3,3,42,48,1.1875,0.07681751656402223,568,That's quite a bucket list.
1334,1,7,40,48,1.1875,0.06424858913372151,568,"And then I said, ""Cathy, you can't make people listen to your problems!"""
1334,1,7,40,48,1.1875,0.06424858913372151,568,"""Well, look at it this way you still have freedom of speech. Wine?''"
1334,2,5,41,48,1.1875,0.0708124708534365,568,You must be the parents of the bride.
1334,1,7,40,48,1.1875,0.06424858913372151,568,It's wonderful to see that you have bonded so nicely.
1334,1,7,40,48,1.1875,0.06424858913372151,568,Good job in crushing the grapes.
1334,3,3,42,48,1.1875,0.07681751656402223,568,"So, how are you two enjoying the Dada pool party?"
1334,3,3,42,48,1.1875,0.07681751656402223,568,So what is it that got you to tie the knot?
1334,0,9,39,48,1.1875,0.05693291124629693,568,You really need to circulate more.
1334,2,5,41,48,1.1875,0.0708124708534365,568,Are you both dirty rats?
1334,2,5,41,48,1.1875,0.0708124708534365,568,Be patient. The Lone Ranger is on his way.
1334,1,7,40,48,1.1875,0.06424858913372151,568,Thank you for listening to all the stories about my pets. Can you believe my family actually thinks they're boring?
1334,1,7,40,48,1.1875,0.06424858913372151,568,Let me guess - you're both escapologists.
1334,1,7,40,48,1.1875,0.06424858913372151,568,Any last words before you complete your bucket list?
1334,0,9,39,48,1.1875,0.05693291124629693,568,I find this conversation so captivating
1334,2,5,41,48,1.1875,0.0708124708534365,568,What did you think Roger meant when he put you on our bucket list?
1334,2,5,41,48,1.1875,0.0708124708534365,568,Would you like a drink?
1334,2,5,41,48,1.1875,0.0708124708534365,568,Welcome to texters anonymous.
1334,2,5,41,48,1.1875,0.0708124708534365,568,It's my party and I'll tie if I want to.
1334,3,3,42,48,1.1875,0.07681751656402223,568,How long have you two lived in Brooklyn?
1334,1,7,40,48,1.1875,0.06424858913372151,568,And how was the #TheCementGala this year?
1334,1,7,40,48,1.1875,0.06424858913372151,568,I understand you folks are going swimming later.
1334,0,9,39,48,1.1875,0.05693291124629693,568,Who or what you sleep with is your own business.
1334,2,5,41,48,1.1875,0.0708124708534365,568,"Where were we? Oh yes, let me tell you about my daughter's gap year..."
1334,1,7,40,48,1.1875,0.06424858913372151,568,"Your health insurance policy's approach to couple therapy is innovative, to say the least."
1334,2,5,41,48,1.1875,0.0708124708534365,568,Of course we welcome diverse opinions.
1334,2,5,41,48,1.1875,0.0708124708534365,568,Peter couldn't make it. He's tied up at work.
1334,3,3,42,48,1.1875,0.07681751656402223,568,The wine steward insists you give it another try.
1334,0,9,39,48,1.1875,0.05693291124629693,568,Let me show you the ropes
1334,1,7,40,48,1.1875,0.06424858913372151,568,This is the last time you Californians will bring Pinot Noir to a New York cocktail party.
1334,0,9,39,48,1.1875,0.05693291124629693,568,To you and the fishes in the deep blue sea
1334,1,7,40,48,1.1875,0.06424858913372151,568,Tonight you sleep with the fish-inspired bouillabaisse with Pernod infusion.
1334,2,5,41,48,1.1875,0.0708124708534365,568,"you poor things, don't know what you did but can I get you a merlot, chardonnay or sparking water?"
1334,1,7,40,48,1.1875,0.06424858913372151,568,So how do you like the neighborhood?
1334,2,5,41,48,1.1875,0.0708124708534365,568,"Next time, maybe you'll think before you serve a Malbec with halibut."
1334,1,7,40,48,1.1875,0.06424858913372151,568,My apologies for roping you into this conversation.
1334,1,7,40,48,1.1875,0.06424858913372151,568,I see you're bound and determined...
1334,2,5,41,48,1.1875,0.0708124708534365,568,Do you need a straw?
1334,1,7,40,48,1.1875,0.06424858913372151,568,"Peter and Laurie had no idea what lay in store for them at the ""How To Be A Better Listener: The Immersive Theatre Cocktail Party Experience."""
1411,2,5,42,49,1.183673469387755,0.069457747811776,568,Will you be staying for dinner?
1412,2,4,39,45,1.1777777777777778,0.07309112127323451,568,I pronounce you husband and wife for better or worse
1412,1,6,38,45,1.1777777777777778,0.06581953356624205,568,Those buckets are so last year. I wouldn't be caught dead in those ropes.
1412,1,6,38,45,1.1777777777777778,0.06581953356624205,568,"Why, yes, of course we'll do all we can to keep you on the wagon."
1412,2,4,39,45,1.1777777777777778,0.07309112127323451,568,We really need to get together when the two of you aren't so tied up.
1412,0,8,37,45,1.1777777777777778,0.05763774795025092,568,"So, tomorrow's the big day! Nervous?"
1412,1,6,38,45,1.1777777777777778,0.06581953356624205,568,Are you part of the exhibit finale at the East River?
1412,1,6,38,45,1.1777777777777778,0.06581953356624205,568,"Well, Ivanka and Jared, I'll bet you're sorry you decided to crash Elizabeth Warren's summer party."
1412,1,6,38,45,1.1777777777777778,0.06581953356624205,568,Well! Here's to the fishes!
1412,3,2,40,45,1.1777777777777778,0.07970202644274288,568,"Then I suppose there will be no dancing tonight?"""
1412,2,4,39,45,1.1777777777777778,0.07309112127323451,568,It's our new required attendance policy.
1412,2,4,39,45,1.1777777777777778,0.07309112127323451,568,"So, tying the knot was on your bucket list. Cheers!"
1412,1,6,38,45,1.1777777777777778,0.06581953356624205,568,I've learned a lot by watching you two.
1412,3,2,40,45,1.1777777777777778,0.07970202644274288,568,"Like we discussed in our session, escaping only reinforces your social anxiety. Now, mingle and relax."
1412,3,2,40,45,1.1777777777777778,0.07970202644274288,568,I love the idea of installation art incorporating mob retribution.
1412,2,4,39,45,1.1777777777777778,0.07309112127323451,568,"That investigation into our company's financial records was eye opening. Management finally noticed you. Congratulations on getting the attention you deserve. By the way, if you don't mind me asking, what kind of bonus are you getting?"
1412,1,6,38,45,1.1777777777777778,0.06581953356624205,568,Stomp faster. We are running low on red
1412,0,8,37,45,1.1777777777777778,0.05763774795025092,568,Congratulations on the marriage. So when did you tie the knot?
1412,2,4,39,45,1.1777777777777778,0.07309112127323451,568,Thank you so much for coming.
1412,1,6,38,45,1.1777777777777778,0.06581953356624205,568,It's sacramental wine. And don't forget the blessing!
1412,2,4,39,45,1.1777777777777778,0.07309112127323451,568,You must be the new introverts in 4C.
1412,2,4,39,45,1.1777777777777778,0.07309112127323451,568,That is So Gangster!
1412,0,8,37,45,1.1777777777777778,0.05763774795025092,568,Looks like you'll be dropping in for the fish dinner.
1412,2,4,39,45,1.1777777777777778,0.07309112127323451,568,You'll find the '08 Lafite goes great with the Hudson.
1412,1,6,38,45,1.1777777777777778,0.06581953356624205,568,It's a real shame you won't be joining us for dinner.
1412,2,4,39,45,1.1777777777777778,0.07309112127323451,568,Tony said to tell you bon voyage.
1412,2,4,39,45,1.1777777777777778,0.07309112127323451,568,Okay now. Tell me again why you don’t like President Trump?
1412,1,6,38,45,1.1777777777777778,0.06581953356624205,568,"Well, enough about me."
1412,1,6,38,45,1.1777777777777778,0.06581953356624205,568,"Your paintings aren't selling, but I have an offer from a couple who want to install you in their foyer."
1412,2,4,39,45,1.1777777777777778,0.07309112127323451,568,"'I didn't know AA added a 13th step."""
1412,1,6,38,45,1.1777777777777778,0.06581953356624205,568,"As you can see, we have a concrete plan."
1412,3,2,40,45,1.1777777777777778,0.07970202644274288,568,"We thought the invitation said ""Blackened and Tied"""
1412,2,4,39,45,1.1777777777777778,0.07309112127323451,568,"So you're following the ""no-willpower needed"" diet."
1412,1,6,38,45,1.1777777777777778,0.06581953356624205,568,"Oh, the pool party's tomorrow: didn't Tony tell you?"
1412,1,6,38,45,1.1777777777777778,0.06581953356624205,568,"You might like to try this one. Nice and dry with a light, buoyant aspect that seems to just float above the palate..."
1412,2,4,39,45,1.1777777777777778,0.07309112127323451,568,I think they're watering down the drinks too.
1412,1,6,38,45,1.1777777777777778,0.06581953356624205,568,Looks like you could really use a pick-me-up
1412,0,8,37,45,1.1777777777777778,0.05763774795025092,568,Of course you're under no obligation.
1412,0,8,37,45,1.1777777777777778,0.05763774795025092,568,Soon it won't be awkward to unfriend you guys.
1412,0,8,37,45,1.1777777777777778,0.05763774795025092,568,And I used to have Republican friends.
1412,3,2,40,45,1.1777777777777778,0.07970202644274288,568,Did you have any trouble getting here?
1412,2,4,39,45,1.1777777777777778,0.07309112127323451,568,"I'm not a fan of cement shoes before Memorial Day, but my husband, ""The Don"", is no fashionista."
1412,0,8,37,45,1.1777777777777778,0.05763774795025092,568,You're still not listening. I'm telling you it's a wine you can't refuse.
1412,1,6,38,45,1.1777777777777778,0.06581953356624205,568,"Yes, you're making a statement. That part I've got."
1412,0,8,37,45,1.1777777777777778,0.05763774795025092,568,I like being single; so many of my friends are stuck in bad marriages.
1412,0,8,37,45,1.1777777777777778,0.05763774795025092,568,Remind me what thing you’re raising awareness of.
1412,2,4,39,45,1.1777777777777778,0.07309112127323451,568,"Wow, you must have done something really naughty to have been dumped off here."
1412,1,6,38,45,1.1777777777777778,0.06581953356624205,568,Ayn Rand toasts two Scientology whistleblowers.
1412,0,8,37,45,1.1777777777777778,0.05763774795025092,568,Tony wants to know if you remembered to stop the mail.
1412,2,4,39,45,1.1777777777777778,0.07309112127323451,568,We're almost out - here's what it's supposed to taste like when you're done.
1412,1,6,38,45,1.1777777777777778,0.06581953356624205,568,"... then she asked me if I was near-sighted, so I told her they're just for show, then she said..."
1412,2,4,39,45,1.1777777777777778,0.07309112127323451,568,...we just find some of your views questionable.
1412,2,4,39,45,1.1777777777777778,0.07309112127323451,568,Payback is always on my bucket list.
1412,2,4,39,45,1.1777777777777778,0.07309112127323451,568,"Literalists, are we?"
1412,1,6,38,45,1.1777777777777778,0.06581953356624205,568,"And ""Goodfellas""? I just can't get enough of Scorsese."
1412,2,4,39,45,1.1777777777777778,0.07309112127323451,568,We both forgot our safe word.
1412,2,4,39,45,1.1777777777777778,0.07309112127323451,568,"Did I hear one of you say, ""I thirst.""?"
1412,1,6,38,45,1.1777777777777778,0.06581953356624205,568,Thank you for taking such an interest in my newfound veganism!
1412,2,4,39,45,1.1777777777777778,0.07309112127323451,568,"I've been meaning to ask you both, what about our new management keeps you up at night?"
1412,0,8,37,45,1.1777777777777778,0.05763774795025092,568,Enough about me. What's your story?
1412,1,6,38,45,1.1777777777777778,0.06581953356624205,568,And now how will you be voting on the repeal of Obamacare?
1412,3,2,40,45,1.1777777777777778,0.07970202644274288,568,Feel free to peruse my artwork.
1412,1,6,38,45,1.1777777777777778,0.06581953356624205,568,"So, I guess you two aren't thinking of having children"""
1412,2,4,39,45,1.1777777777777778,0.07309112127323451,568,I sometimes feel that way at these things too.
1412,1,6,38,45,1.1777777777777778,0.06581953356624205,568,Maybe it was a bad idea to solicit gallery funding from the mob.
1412,1,6,38,45,1.1777777777777778,0.06581953356624205,568,Please enjoy the wine; it's complimentary.
1412,2,4,39,45,1.1777777777777778,0.07309112127323451,568,You're not seeing the big picture.
1412,1,6,38,45,1.1777777777777778,0.06581953356624205,568,It's not like we are forcing you to stay.
1412,1,6,38,45,1.1777777777777778,0.06581953356624205,568,Ahh I love the river. Full of charm and mystery. You must tell me all about it.
1412,0,8,37,45,1.1777777777777778,0.05763774795025092,568,So glad you're staying for the investment strategy presentation.
1412,2,4,39,45,1.1777777777777778,0.07309112127323451,568,You must be the new Russian spies who have planted here.
1412,2,4,39,45,1.1777777777777778,0.07309112127323451,568,You should meet my ex. In every argument he said I would play the victim.
1412,2,4,39,45,1.1777777777777778,0.07309112127323451,568,So you're saying you wouldn't give up your berth?
1412,3,2,40,45,1.1777777777777778,0.07970202644274288,568,I take it you knew Larry in his 'Bad Boy' phase.
1412,3,2,40,45,1.1777777777777778,0.07970202644274288,568,"and if you survive the swimming test, we'll know you did not lie on your immigration application."
1412,0,8,37,45,1.1777777777777778,0.05763774795025092,568,I always read the Terms and Conditions before accepting.
1412,1,6,38,45,1.1777777777777778,0.06581953356624205,568,Our office parties have never been popular.
1412,2,4,39,45,1.1777777777777778,0.07309112127323451,568,I'll be happy to see my ex take the plunge.
1412,2,4,39,45,1.1777777777777778,0.07309112127323451,568,I'm sorry you won't be donating this year but I understand your hands are tied.
1412,1,6,38,45,1.1777777777777778,0.06581953356624205,568,That's interesting. So how long have you both worked for the mob?
1412,2,4,39,45,1.1777777777777778,0.07309112127323451,568,Is this an installation or outsider art?
1412,2,4,39,45,1.1777777777777778,0.07309112127323451,568,Well if your not in a rush to leave can I tell you all about my operation?
1412,1,6,38,45,1.1777777777777778,0.06581953356624205,568,I'd like to ask the curator if you come as a set or individual pieces.
1412,1,6,38,45,1.1777777777777778,0.06581953356624205,568,I understand you're tonight's entertainment.
1412,1,6,38,45,1.1777777777777778,0.06581953356624205,568,I'm so glad that you decided to stay!
1412,2,4,39,45,1.1777777777777778,0.07309112127323451,568,Now that I have your attention...
1412,2,4,39,45,1.1777777777777778,0.07309112127323451,568,I didn't expect to see you guys. Rocky said you were tied up. Something about deep sea fishing with some friends of his.
1412,2,4,39,45,1.1777777777777778,0.07309112127323451,568,So YOU were the ones who opened the Beaujolais nouveau a day early!
1412,0,8,37,45,1.1777777777777778,0.05763774795025092,568,"Me? Same old, same old. And you guys, anything new?"
1412,1,6,38,45,1.1777777777777778,0.06581953356624205,568,Are you the artists or the art?
1412,1,6,38,45,1.1777777777777778,0.06581953356624205,568,"Jane, it's because you didn't pay back the mob. Bill, it's that tie."
1412,1,6,38,45,1.1777777777777778,0.06581953356624205,568,What took you so long to get here?
1412,1,6,38,45,1.1777777777777778,0.06581953356624205,568,"I am so impressed. It’s not every couple that can pull off that bondage, buckets and bad hair look."
1412,2,4,39,45,1.1777777777777778,0.07309112127323451,568,"So you are quitting smoking, drinking, and buffets? Wow. Kudos."
1412,2,4,39,45,1.1777777777777778,0.07309112127323451,568,We're going to have to do things that are unthinkable.
1412,2,4,39,45,1.1777777777777778,0.07309112127323451,568,When did you two decide to tie the knot?
1412,2,4,39,45,1.1777777777777778,0.07309112127323451,568,You should have taken the upgrades.
1412,2,4,39,45,1.1777777777777778,0.07309112127323451,568,Stop me if you've heard this.
1412,2,4,39,45,1.1777777777777778,0.07309112127323451,568,"I'm sorry to inform you that we are drownsizing your department, effective immediately."
1412,2,4,39,45,1.1777777777777778,0.07309112127323451,568,"I always knew accounting was lucrative, but being able to retire so young!"
1412,3,2,40,45,1.1777777777777778,0.07970202644274288,568,Luckily I think the gangsters dropped you at the wrong location.
1412,1,6,38,45,1.1777777777777778,0.06581953356624205,568,So how long have you known Tony and Carmella?
1412,1,6,38,45,1.1777777777777778,0.06581953356624205,568,This piece really speaks to me.
1412,0,8,37,45,1.1777777777777778,0.05763774795025092,568,I've heard the first week of sobriety is the hardest.
1412,2,4,39,45,1.1777777777777778,0.07309112127323451,568,A guests will be released once having crushed at lease ten litres of grapes.
1412,0,8,37,45,1.1777777777777778,0.05763774795025092,568,"""So how do you like our new severance package?'"
1412,2,4,39,45,1.1777777777777778,0.07309112127323451,568,"So, how did the refinancing meeting go?"
1412,2,4,39,45,1.1777777777777778,0.07309112127323451,568,"So, I understand that you're here to learn more about the Republican Party"
1412,2,4,39,45,1.1777777777777778,0.07309112127323451,568,So Jeffery starts boarding school in the fall then?
1412,1,6,38,45,1.1777777777777778,0.06581953356624205,568,"Yes, yes - but what else have you done since graduation?"
1412,2,4,39,45,1.1777777777777778,0.07309112127323451,568,Here. Drink this. It'll loosen you up.
1412,1,6,38,45,1.1777777777777778,0.06581953356624205,568,So how are the kids doing?
1412,1,6,38,45,1.1777777777777778,0.06581953356624205,568,"I don't care what Google Maps says, I can assure you this is NOT the East River!!"
1412,1,6,38,45,1.1777777777777778,0.06581953356624205,568,Do you get away much?
1412,2,4,39,45,1.1777777777777778,0.07309112127323451,568,Can I freshen up your concrete?
1412,2,4,39,45,1.1777777777777778,0.07309112127323451,568,Captivating party...isn't it?
1412,1,6,38,45,1.1777777777777778,0.06581953356624205,568,"So, how long have you two known Vinny?"
1412,3,2,40,45,1.1777777777777778,0.07970202644274288,568,"OK, don't stare, but Susan's blouse is just hideous."
1412,1,6,38,45,1.1777777777777778,0.06581953356624205,568,"Nothing a little red wine will cure, is it?"
1412,2,4,39,45,1.1777777777777778,0.07309112127323451,568,Feel free to loosen up and roam around
1412,0,8,37,45,1.1777777777777778,0.05763774795025092,568,"Just had to ""Like"" the Andrew Wyeth, didn't you."
1412,1,6,38,45,1.1777777777777778,0.06581953356624205,568,So...what do you do?
1412,1,6,38,45,1.1777777777777778,0.06581953356624205,568,"Oh, I hope I'm not boring you.."
1412,2,4,39,45,1.1777777777777778,0.07309112127323451,568,I'm so sorry you are leaving early
1412,2,4,39,45,1.1777777777777778,0.07309112127323451,568,How romantic--you two met while 'swimming with the fishes'?
1412,2,4,39,45,1.1777777777777778,0.07309112127323451,568,I’ve heard of ‘open’ relationships… How does an ‘inhibited’ relationship work?
1412,2,4,39,45,1.1777777777777778,0.07309112127323451,568,My doctor said I needed to stop drinking wine. Naturally I switched doctors.
1412,1,6,38,45,1.1777777777777778,0.06581953356624205,568,Cheers! Pigeage and bondage are both on your bucket list?
1412,2,4,39,45,1.1777777777777778,0.07309112127323451,568,You'll understand if I don't offer you hors d'oeuvres.
1412,1,6,38,45,1.1777777777777778,0.06581953356624205,568,"Roped into hosting book club again, I see."
1412,2,4,39,45,1.1777777777777778,0.07309112127323451,568,"Ok, so what IS the wine pairing for concrete?"
1412,2,4,39,45,1.1777777777777778,0.07309112127323451,568,"It's ""The Donald"". I warned you to never call him ""The Don""."
1412,1,6,38,45,1.1777777777777778,0.06581953356624205,568,You must be the ones who voted for Trump
1412,2,4,39,45,1.1777777777777778,0.07309112127323451,568,"Okay, so they pulled you out of the river...then what happened?"
1412,0,8,37,45,1.1777777777777778,0.05763774795025092,568,I will free you but I can't protect you if you keep irritating the Hillary crowd.
1412,1,6,38,45,1.1777777777777778,0.06581953356624205,568,"Oh, c'mon...one sip won't kill you."
1412,2,4,39,45,1.1777777777777778,0.07309112127323451,568,Just pretend like you want to be here
1412,1,6,38,45,1.1777777777777778,0.06581953356624205,568,Before we drop you: a toast from the whistle blower ethics hotline group
1412,2,4,39,45,1.1777777777777778,0.07309112127323451,568,A toast to cement your new relationship!
1412,1,6,38,45,1.1777777777777778,0.06581953356624205,568,I warned you not to talk politics.
1412,1,6,38,45,1.1777777777777778,0.06581953356624205,568,I see that you are at the thirteenth step.
1412,2,4,39,45,1.1777777777777778,0.07309112127323451,568,I see someone else has experience with contractors not finishing the job.
1412,2,4,39,45,1.1777777777777778,0.07309112127323451,568,"Really? A come as you are party? I feel so silly, now!"
1412,1,6,38,45,1.1777777777777778,0.06581953356624205,568,I warned you it would be torture.
1412,2,4,39,45,1.1777777777777778,0.07309112127323451,568,"Well , at least your not joined at the hip"
1412,2,4,39,45,1.1777777777777778,0.07309112127323451,568,Date night?
1412,1,6,38,45,1.1777777777777778,0.06581953356624205,568,"I'm so tired of vapid chatter with self-absorbed, over-inflated egos at these parties."
1412,1,6,38,45,1.1777777777777778,0.06581953356624205,568,"We call it, water Bordeauxing."
1412,1,6,38,45,1.1777777777777778,0.06581953356624205,568,Thank you for volunteering to be my captive audience.
1412,2,4,39,45,1.1777777777777778,0.07309112127323451,568,"I assumed ""tied up"" meant you would not be attending."
1412,1,6,38,45,1.1777777777777778,0.06581953356624205,568,Step 13?
1412,2,4,39,45,1.1777777777777778,0.07309112127323451,568,"Well, I bet you won't mistake Syrah for Merlot again."
1412,0,8,37,45,1.1777777777777778,0.05763774795025092,568,So you guys for or against?
1412,1,6,38,45,1.1777777777777778,0.06581953356624205,568,"So, will this be your first cruise?"
1412,1,6,38,45,1.1777777777777778,0.06581953356624205,568,"If you get a chance, try the red."
1412,2,4,39,45,1.1777777777777778,0.07309112127323451,568,I didn't see any straws
1412,1,6,38,45,1.1777777777777778,0.06581953356624205,568,Glad you could come. You're always so tied up.
1412,1,6,38,45,1.1777777777777778,0.06581953356624205,568,"So, I'm told you're both in concrete."
1412,0,8,37,45,1.1777777777777778,0.05763774795025092,568,You dared to bring red wine when you knew we were having fish?
1412,1,6,38,45,1.1777777777777778,0.06581953356624205,568,"I know, marriage is never easy."
1412,0,8,37,45,1.1777777777777778,0.05763774795025092,568,Some artists have patrons. I have an enforcer.
1412,3,2,40,45,1.1777777777777778,0.07970202644274288,568,Cheers!
1412,1,6,38,45,1.1777777777777778,0.06581953356624205,568,I have only enough liquid to water one of you.
1412,0,8,37,45,1.1777777777777778,0.05763774795025092,568,"What did you think ""The Abramovic Experience"" meant?"
1412,2,4,39,45,1.1777777777777778,0.07309112127323451,568,I hear you brought Australian wine.
1412,0,8,37,45,1.1777777777777778,0.05763774795025092,568,I should have mentioned that he doesn't take criticism of his work very well.
1412,2,4,39,45,1.1777777777777778,0.07309112127323451,568,"Lucky you, invited to the after party!"
1412,2,4,39,45,1.1777777777777778,0.07309112127323451,568,You seem to be a very grounded couple.
1412,2,4,39,45,1.1777777777777778,0.07309112127323451,568,Your foot punch is delicious.
1412,2,4,39,45,1.1777777777777778,0.07309112127323451,568,"Relax, planted supporters will be cut loose after everyone leaves."
1412,2,4,39,45,1.1777777777777778,0.07309112127323451,568,"Let me guess- you didn't want to come, but your hands were tied."
1412,1,6,38,45,1.1777777777777778,0.06581953356624205,568,"What a great party, you both are the best HOSTages!"
1412,1,6,38,45,1.1777777777777778,0.06581953356624205,568,"That's funny--I had a really rough week, too."
1412,2,4,39,45,1.1777777777777778,0.07309112127323451,568,"So, who roped you into attending this ballet school fundraiser?"
1412,1,6,38,45,1.1777777777777778,0.06581953356624205,568,Welcome to Chicago.
1412,1,6,38,45,1.1777777777777778,0.06581953356624205,568,So tell me....How did you get roped into this?
1412,2,4,39,45,1.1777777777777778,0.07309112127323451,568,"I know how it is. The shoes fit in the store and when you get home, they feel like concrete blocks."
1412,2,4,39,45,1.1777777777777778,0.07309112127323451,568,You two seem quiet today.
1412,1,6,38,45,1.1777777777777778,0.06581953356624205,568,At least it's a step up from last week's potato sack race.
1412,2,4,39,45,1.1777777777777778,0.07309112127323451,568,...So I always say why be knitwit when you can crochet all day. But my grammy always said...
1412,2,4,39,45,1.1777777777777778,0.07309112127323451,568,"Well, look what the catfish dragged in."
1412,2,4,39,45,1.1777777777777778,0.07309112127323451,568,"So, why don't you want to drink the cool-aid?"
1412,1,6,38,45,1.1777777777777778,0.06581953356624205,568,Let me guess: Couples counseling? Role playing gone overboard? Been there.
1412,1,6,38,45,1.1777777777777778,0.06581953356624205,568,"I told you to not order the white zin, but no you wouldn't listen."
1412,0,8,37,45,1.1777777777777778,0.05763774795025092,568,Would You Like a Nightcap?
1412,2,4,39,45,1.1777777777777778,0.07309112127323451,568,The buzz is that you guys may be out of favor with the boss.
1412,1,6,38,45,1.1777777777777778,0.06581953356624205,568,You were warned not to sue the co-op board
1412,2,4,39,45,1.1777777777777778,0.07309112127323451,568,'Tied up at home' is not an excuse for being late.
1412,1,6,38,45,1.1777777777777778,0.06581953356624205,568,"OK, last question. On a scale of one to ten, where one is 'just doing their jobs"" and ten is ""true heroes"" how would you rate the flight attendants?"
1412,1,6,38,45,1.1777777777777778,0.06581953356624205,568,"I get so tired of everybody and his brother referring to themselves as 'survivors,' don't you?"
1412,3,2,40,45,1.1777777777777778,0.07970202644274288,568,Do you two need a ride home tonight?
1412,2,4,39,45,1.1777777777777778,0.07309112127323451,568,"So, you want them shaken, not stirred."
1412,1,6,38,45,1.1777777777777778,0.06581953356624205,568,"Since you can't leave, let's talk about me."
1412,1,6,38,45,1.1777777777777778,0.06581953356624205,568,Perhaps so... but no one goes unpunished for texting at a Myra Rosenbaum party.
1605,2,4,40,46,1.173913043478261,0.07158892194335345,568,The first rule of Wine Night is you do NOT talk about Wine Night.
1606,3,2,43,48,1.1666666666666667,0.074931016344381,568,I drink to your willpower.
1607,2,3,38,43,1.1627906976744187,0.0738907079406967,568,I think we're all finding your story hard to swallow.
1607,1,5,37,43,1.1627906976744187,0.06597285053646283,568,"And what did your tweet say, young lady?"
1607,2,3,38,43,1.1627906976744187,0.0738907079406967,568,Perhaps you should say 'please.'
1607,0,7,36,43,1.1627906976744187,0.056964877739143695,568,"When you said you'd be late because you were tied up, I assumed you meant in traffic."
1607,1,5,37,43,1.1627906976744187,0.06597285053646283,568,"I've never been good at the experimental, but I'm going with ""art is highway robbery."""
1607,2,3,38,43,1.1627906976744187,0.0738907079406967,568,"""At least you didn't fly United""."
1607,1,5,37,43,1.1627906976744187,0.06597285053646283,568,The bond of marriage isn't quite what you thought it would be.
1607,2,3,38,43,1.1627906976744187,0.0738907079406967,568,"At this point, the less said, the better"
1607,1,5,37,43,1.1627906976744187,0.06597285053646283,568,Is this a bind date?
1607,2,3,38,43,1.1627906976744187,0.0738907079406967,568,Is this one of the steps from the twelve steps from AA
1607,1,5,37,43,1.1627906976744187,0.06597285053646283,568,... or there's the Kool Aid option.
1607,1,5,37,43,1.1627906976744187,0.06597285053646283,568,I'm afraid you're a bit early. The ritualistic torture follows the cheese course.
1607,1,5,37,43,1.1627906976744187,0.06597285053646283,568,This is the concrete workers' gala. The Mafia victims' convention is in ballroom C.
1607,2,3,38,43,1.1627906976744187,0.0738907079406967,568,Who roped you in to make pale ale?
1607,2,3,38,43,1.1627906976744187,0.0738907079406967,568,"Tomato, Tomatoe, take care."
1607,2,3,38,43,1.1627906976744187,0.0738907079406967,568,I quit using that dating app
1607,1,5,37,43,1.1627906976744187,0.06597285053646283,568,You two need to talk. Have a sip to loosen up.
1607,1,5,37,43,1.1627906976744187,0.06597285053646283,568,Androgynous accessories. Cool!
1607,2,3,38,43,1.1627906976744187,0.0738907079406967,568,Where do you go to release?
1607,0,7,36,43,1.1627906976744187,0.056964877739143695,568,So you got bumped by United?
1607,2,3,38,43,1.1627906976744187,0.0738907079406967,568,"Finally some alone time with you two...what ever shall we talk about.... oh, I know, how 'bout that artichoke dip recipe of yours?"
1607,1,5,37,43,1.1627906976744187,0.06597285053646283,568,Witness protection was overbooked?
1607,1,5,37,43,1.1627906976744187,0.06597285053646283,568,"Doris, before you go, you've simply got to tell me the secret of your baked ziti."
1607,2,3,38,43,1.1627906976744187,0.0738907079406967,568,You're certain it will promptly stop seasickness.
1607,2,3,38,43,1.1627906976744187,0.0738907079406967,568,"I'm sorry,but we did discuss the rigorous admissions process of the Yacht Club for this season."
1607,1,5,37,43,1.1627906976744187,0.06597285053646283,568,How's the new diet? I like the ones that don't make you exercise too much.
1607,0,7,36,43,1.1627906976744187,0.056964877739143695,568,Congratulations! You two have won best still life.
1607,2,3,38,43,1.1627906976744187,0.0738907079406967,568,"Oh, sorry, but no insurance for you given your pre-existing condition."
1607,0,7,36,43,1.1627906976744187,0.056964877739143695,568,Soon!
1607,2,3,38,43,1.1627906976744187,0.0738907079406967,568,What kind of terms did you get on your refinance?
1607,1,5,37,43,1.1627906976744187,0.06597285053646283,568,I'm the 'Goodbye Girl'.
1607,0,7,36,43,1.1627906976744187,0.056964877739143695,568,"I can see your tied up at th moment, but I'd like to make you an offer you can't refuse"
1607,2,3,38,43,1.1627906976744187,0.0738907079406967,568,And you still think French wines are better than California wines?
1607,1,5,37,43,1.1627906976744187,0.06597285053646283,568,Mingle and try not to think about the future.
1607,2,3,38,43,1.1627906976744187,0.0738907079406967,568,"Whoever I choose gets child custody and most importantly, the wine."
1607,1,5,37,43,1.1627906976744187,0.06597285053646283,568,"So AA didn't help, huh?"
1607,2,3,38,43,1.1627906976744187,0.0738907079406967,568,So you convinced them that cocktail parties are worse than death.
1607,0,7,36,43,1.1627906976744187,0.056964877739143695,568,I'm so pleased you've stuck around! I was worried that you'd find our party boring.
1607,1,5,37,43,1.1627906976744187,0.06597285053646283,568,Here. I find a glass of wine helps to loosen things up.
1607,0,7,36,43,1.1627906976744187,0.056964877739143695,568,Here's to the American Whistleblower's Society. You'll be nominated for the honor roll next meeting.
1607,0,7,36,43,1.1627906976744187,0.056964877739143695,568,It's a horrible vintage. You'll thank me for this later.
1607,3,1,39,43,1.1627906976744187,0.0810386107485081,568,So what are you two doing after?
1607,1,5,37,43,1.1627906976744187,0.06597285053646283,568,Don't you just hate coming to these things?
1607,1,5,37,43,1.1627906976744187,0.06597285053646283,568,We tie up all first timers and make them stand in a bucket.
1607,1,5,37,43,1.1627906976744187,0.06597285053646283,568,The invitation specifically said 'formal chic.'
1607,0,7,36,43,1.1627906976744187,0.056964877739143695,568,I think you're at the wrong party.
1607,1,5,37,43,1.1627906976744187,0.06597285053646283,568,You must tell me the name of your designer!
1607,1,5,37,43,1.1627906976744187,0.06597285053646283,568,You must be Art.
1607,0,7,36,43,1.1627906976744187,0.056964877739143695,568,You must be the couple who booked the cruise to nowhere.
1607,0,7,36,43,1.1627906976744187,0.056964877739143695,568,Maybe you should just move to Canada.
1607,2,3,38,43,1.1627906976744187,0.0738907079406967,568,Any regrets?
1607,1,5,37,43,1.1627906976744187,0.06597285053646283,568,Didn't you get the memo? This is a no-tie affair.
1607,2,3,38,43,1.1627906976744187,0.0738907079406967,568,"I'll have someone set you loose momentarily. The wine you brought - Two-Buck Chuck, was it? - turned out to be a hit."
1607,2,3,38,43,1.1627906976744187,0.0738907079406967,568,"You should try the red, it goes great with seafood."
1607,1,5,37,43,1.1627906976744187,0.06597285053646283,568,I didn't realize this establishment had an English Garden!
1607,1,5,37,43,1.1627906976744187,0.06597285053646283,568,I warned you to never mention Mankoff again.
1607,1,5,37,43,1.1627906976744187,0.06597285053646283,568,"It's a quiet & delicate, yet rich & zesty Zinfandel. Maybe it will loosen you folks up a little."
1607,1,5,37,43,1.1627906976744187,0.06597285053646283,568,Would you prefer a broken glass?
1607,1,5,37,43,1.1627906976744187,0.06597285053646283,568,I see you two have cemented your relationship.
1607,2,3,38,43,1.1627906976744187,0.0738907079406967,568,"You think you're so fuckin' cool, don't you? You think you're so fuckin' cool. Well just once, I would like to hear you scream, in pain."
1607,1,5,37,43,1.1627906976744187,0.06597285053646283,568,I always knew you two were bound to end up in hot water
1607,3,1,39,43,1.1627906976744187,0.0810386107485081,568,I think you should avoid eating all hot and spicy foods.
1607,2,3,38,43,1.1627906976744187,0.0738907079406967,568,"No, I'm more into Zumba, myself."
1607,1,5,37,43,1.1627906976744187,0.06597285053646283,568,Do you plan a lengthy future in performance art?
1607,1,5,37,43,1.1627906976744187,0.06597285053646283,568,"So, I see you two are engaged."
1607,2,3,38,43,1.1627906976744187,0.0738907079406967,568,I know you are part of the exhibit but you have no idea how close this comes to a dream I had about my in-laws.
1607,0,7,36,43,1.1627906976744187,0.056964877739143695,568,You must try the dip...
1607,0,7,36,43,1.1627906976744187,0.056964877739143695,568,Would you like a drink to help you loosen up???
1607,1,5,37,43,1.1627906976744187,0.06597285053646283,568,Vito tells me you both work for the Bureau.
1607,2,3,38,43,1.1627906976744187,0.0738907079406967,568,What did you think '9 p.m. to ?' meant?
1607,0,7,36,43,1.1627906976744187,0.056964877739143695,568,"It's a flattering offer, but I'm afraid my wild days are behind me."
1607,2,3,38,43,1.1627906976744187,0.0738907079406967,568,I understand you two got the Uber we reserved for the Kempners.
1607,1,5,37,43,1.1627906976744187,0.06597285053646283,568,Don't worry. We'll let you go after a brief presentation on the timeshare.
1607,3,1,39,43,1.1627906976744187,0.0810386107485081,568,Pete's tied up at the office.
1607,0,7,36,43,1.1627906976744187,0.056964877739143695,568,"Congratulations, the Witness Protection Program has named you this year's winners of its Oops! Award."
1607,1,5,37,43,1.1627906976744187,0.06597285053646283,568,"""Mr. Corleone would like to know which part of 'keep your mouths shut' you failed to understand."
1607,1,5,37,43,1.1627906976744187,0.06597285053646283,568,It's so nice to meet people who aren't tongue-tied.
1607,1,5,37,43,1.1627906976744187,0.06597285053646283,568,You guys seemed settled in.
1607,3,1,39,43,1.1627906976744187,0.0810386107485081,568,"The invitation said 'buckets of fun,' but I wasn't expecting this."
1607,1,5,37,43,1.1627906976744187,0.06597285053646283,568,i guess we won't be seeing you?
1607,0,7,36,43,1.1627906976744187,0.056964877739143695,568,"So, where do we come from, what are we, and where are we going?"
1607,2,3,38,43,1.1627906976744187,0.0738907079406967,568,"I've got bottled anger, and your demise on tap."
1607,0,7,36,43,1.1627906976744187,0.056964877739143695,568,"Ah, Mr and Mrs Houdini I assume. So nice of you to join us this evening."
1607,0,7,36,43,1.1627906976744187,0.056964877739143695,568,"Next time, you'll remember to water the plants."
1607,1,5,37,43,1.1627906976744187,0.06597285053646283,568,Is this the 13th step to recovery?
1607,0,7,36,43,1.1627906976744187,0.056964877739143695,568,"Mark, it's not healthy to take your work home with you."
1607,0,7,36,43,1.1627906976744187,0.056964877739143695,568,Is it true you used to be in the witness protection program?
1607,2,3,38,43,1.1627906976744187,0.0738907079406967,568,I just love the Hudson this time of year.
1607,2,3,38,43,1.1627906976744187,0.0738907079406967,568,It's not that kind of party.
1607,1,5,37,43,1.1627906976744187,0.06597285053646283,568,"You must be the rich, dry white pairing the sommelier ordered from California?"
1607,3,1,39,43,1.1627906976744187,0.0810386107485081,568,New ice bucket challenge?
1607,2,3,38,43,1.1627906976744187,0.0738907079406967,568,I really would love to help but my hands are tied!
1607,2,3,38,43,1.1627906976744187,0.0738907079406967,568,"I mean, I didn't like-like him--hey, are you guys even listening?"
1607,1,5,37,43,1.1627906976744187,0.06597285053646283,568,Who knew whistle blowers could inspire great art!
1607,1,5,37,43,1.1627906976744187,0.06597285053646283,568,"Don't worry. Before long, you'll float to the top."
1607,0,7,36,43,1.1627906976744187,0.056964877739143695,568,"It's called an Arkansas double, but it's really nasty."
1607,1,5,37,43,1.1627906976744187,0.06597285053646283,568,The matching his-her shoes are to die for!
1607,3,1,39,43,1.1627906976744187,0.0810386107485081,568,I'm serious... did you fly United?
1607,1,5,37,43,1.1627906976744187,0.06597285053646283,568,Let me guess—Fifty Shades of Ficus?
1607,1,5,37,43,1.1627906976744187,0.06597285053646283,568,Real world or exercise?
1607,1,5,37,43,1.1627906976744187,0.06597285053646283,568,So was this on your date night bucket list?
1607,2,3,38,43,1.1627906976744187,0.0738907079406967,568,I'm thrilled to see that you two have gotten back together again!
1607,1,5,37,43,1.1627906976744187,0.06597285053646283,568,"I'm sorry, but this is an invitation-only event."
1607,1,5,37,43,1.1627906976744187,0.06597285053646283,568,Our CEO is a bit of a nostalgia buff when it comes to hostile takeovers.
1607,0,7,36,43,1.1627906976744187,0.056964877739143695,568,You're quite an item at the silent auction table.
1607,1,5,37,43,1.1627906976744187,0.06597285053646283,568,At least you got an invitation.
1607,2,3,38,43,1.1627906976744187,0.0738907079406967,568,Your going-away party will finish as soon as the cement hardens.
1607,1,5,37,43,1.1627906976744187,0.06597285053646283,568,"I live just across the Hudson, if you don't mind a tagalong."
1607,1,5,37,43,1.1627906976744187,0.06597285053646283,568,"Uber's coming to take you a very dark,lonely Brooklyn dock."
1607,2,3,38,43,1.1627906976744187,0.0738907079406967,568,... and what are YOUR plans for later?
1607,0,7,36,43,1.1627906976744187,0.056964877739143695,568,"I'm sorry, but it's 2017 and you were warned about serving cake balls."
1607,2,3,38,43,1.1627906976744187,0.0738907079406967,568,"We had to get out of some other plans to make it, but we are happy to be here now."
1607,0,7,36,43,1.1627906976744187,0.056964877739143695,568,One more drink before the dunk?
1607,1,5,37,43,1.1627906976744187,0.06597285053646283,568,It's an interesting live art interpretation
1607,3,1,39,43,1.1627906976744187,0.0810386107485081,568,"No, I don’t happen to believe that self-torture in social settings is the key to cultivating self-love."
1607,2,3,38,43,1.1627906976744187,0.0738907079406967,568,I hope meeting the new President hasn't been too tortuous for you.
1607,2,3,38,43,1.1627906976744187,0.0738907079406967,568,Have you ever heard of AA?
1607,2,3,38,43,1.1627906976744187,0.0738907079406967,568,Not to worry. The water in the East river is not very cold this time of year.
1607,2,3,38,43,1.1627906976744187,0.0738907079406967,568,We call it sink'n'drink.
1607,2,3,38,43,1.1627906976744187,0.0738907079406967,568,Shall I tie one on?
1607,2,3,38,43,1.1627906976744187,0.0738907079406967,568,L' Chaim
1607,2,3,38,43,1.1627906976744187,0.0738907079406967,568,"Bobbing for apples OR the three-legged race, not both at once"
1607,2,3,38,43,1.1627906976744187,0.0738907079406967,568,"Congratulations, you are both tied for Employee of the Month"
1607,1,5,37,43,1.1627906976744187,0.06597285053646283,568,"Barbara's son got into medical school and, even better, she's got a captive audience with whom she can discuss it."
1607,1,5,37,43,1.1627906976744187,0.06597285053646283,568,Looks like the total immersion program was pretty challenging.
1607,0,7,36,43,1.1627906976744187,0.056964877739143695,568,I love what you have done with your hair.
1607,0,7,36,43,1.1627906976744187,0.056964877739143695,568,Would you care for a little wine too loosen up and enjoy the party?
1607,2,3,38,43,1.1627906976744187,0.0738907079406967,568,The torture exhibit isn't until tomorrow
1607,1,5,37,43,1.1627906976744187,0.06597285053646283,568,At least you don't have to suffer this dreadful Merlot.
1607,1,5,37,43,1.1627906976744187,0.06597285053646283,568,"I'm telling you Joan, this couples therapist can work miracles."
1607,2,3,38,43,1.1627906976744187,0.0738907079406967,568,"Brad, I forgave you for your indiscretions and for the divorce, but when you married Sunshine, you both went on my bucket list."
1607,1,5,37,43,1.1627906976744187,0.06597285053646283,568,"A nice Chianti...an unfortunate misunderstanding. Dr Hannibal said ""I'd like to marinade the Livingstones before we have them for dinner,"" not ""I'd like to serenade the Livingtones before we have them for dinner."""
1607,2,3,38,43,1.1627906976744187,0.0738907079406967,568,I thought you said you were too tied up to make it out tonight.
1607,0,7,36,43,1.1627906976744187,0.056964877739143695,568,So I hear you're going for a little swim after the party.
1607,1,5,37,43,1.1627906976744187,0.06597285053646283,568,We met on tinder.
1607,2,3,38,43,1.1627906976744187,0.0738907079406967,568,...and would you like to see some pictures of my colon surgery....?
1607,1,5,37,43,1.1627906976744187,0.06597285053646283,568,We reserve the right to remove anyone whose behavior compromises the enjoyment of other passengers.
1607,2,3,38,43,1.1627906976744187,0.0738907079406967,568,Sorry all we have is a zesty red; too bold for fish.
1607,2,3,38,43,1.1627906976744187,0.0738907079406967,568,So the winery tour guide was serious when he said those caught picking the grapes will be severely punished.
1607,1,5,37,43,1.1627906976744187,0.06597285053646283,568,Tom and I decided not to have kids.
1607,3,1,39,43,1.1627906976744187,0.0810386107485081,568,You smell like shit!
1607,0,7,36,43,1.1627906976744187,0.056964877739143695,568,"We'd love to donate to your charity but you see, our hands are tied."
1607,1,5,37,43,1.1627906976744187,0.06597285053646283,568,We apologize for any inconvenience.
1607,1,5,37,43,1.1627906976744187,0.06597285053646283,568,The rope really brings the outfit together.
1607,1,5,37,43,1.1627906976744187,0.06597285053646283,568,Welcome to Amnesty Local.
1607,0,7,36,43,1.1627906976744187,0.056964877739143695,568,Maybe next time you'll think twice about bringing a wine rated under 92.
1607,1,5,37,43,1.1627906976744187,0.06597285053646283,568,Which swamp were you drained from?
1607,1,5,37,43,1.1627906976744187,0.06597285053646283,568,I'm the mainstream media. Here's your evening news.
1607,0,7,36,43,1.1627906976744187,0.056964877739143695,568,when we said no employee fraternization we meant it.
1607,0,7,36,43,1.1627906976744187,0.056964877739143695,568,You shouldn't have said you enjoy Moscato.
1607,1,5,37,43,1.1627906976744187,0.06597285053646283,568,Donald will be right back with the duct tape.
1607,1,5,37,43,1.1627906976744187,0.06597285053646283,568,"No, wait, don't tell me. Let me guess. They were fresh out of lethal cocktails."
1607,1,5,37,43,1.1627906976744187,0.06597285053646283,568,Did you have to be so literal?
1607,1,5,37,43,1.1627906976744187,0.06597285053646283,568,"Separate beds, OK; But even Lucy and Desi would do this communally."
1607,1,5,37,43,1.1627906976744187,0.06597285053646283,568,You came. I thought you'd be too tied up!
1607,1,5,37,43,1.1627906976744187,0.06597285053646283,568,"When Don Corleone offered you some wine, you shouldn't have refused."
1607,0,7,36,43,1.1627906976744187,0.056964877739143695,568,Loosen up!
1607,0,7,36,43,1.1627906976744187,0.056964877739143695,568,You did not RSVP
1607,1,5,37,43,1.1627906976744187,0.06597285053646283,568,We're waiting. All the East River bridges are full of Hillary supporters until tomorrow. All mob activity is being delayed.
1607,0,7,36,43,1.1627906976744187,0.056964877739143695,568,Your political views are just not acceptable to our party.
1607,1,5,37,43,1.1627906976744187,0.06597285053646283,568,Small chance of rain.
1607,1,5,37,43,1.1627906976744187,0.06597285053646283,568,So what else is new?
1607,1,5,37,43,1.1627906976744187,0.06597285053646283,568,"Great, we can take up the conversation where we left it at the last party...."
1607,1,5,37,43,1.1627906976744187,0.06597285053646283,568,Hemlock instead?
1607,0,7,36,43,1.1627906976744187,0.056964877739143695,568,Can you stay for the timeshare resort presentation?
1607,0,7,36,43,1.1627906976744187,0.056964877739143695,568,Ready to take the plunge?
1607,2,3,38,43,1.1627906976744187,0.0738907079406967,568,"This wine has more of a toes than a nose, please wash your feet next time."
1607,1,5,37,43,1.1627906976744187,0.06597285053646283,568,Congratulations! You were on my bucket list.
1607,2,3,38,43,1.1627906976744187,0.0738907079406967,568,"Potted, or tying one on?"
1607,1,5,37,43,1.1627906976744187,0.06597285053646283,568,I heard this wine pairs great with sleeping with the fishes.
1607,1,5,37,43,1.1627906976744187,0.06597285053646283,568,Matching outfits? A little tacky don't you think?
1607,2,3,38,43,1.1627906976744187,0.0738907079406967,568,With the Fishes? I never knew they swung.
1607,1,5,37,43,1.1627906976744187,0.06597285053646283,568,I'm so glad you could make it; Tony said you'd be tied up all night.
1607,0,7,36,43,1.1627906976744187,0.056964877739143695,568,We've decided to cement the deal.
1607,1,5,37,43,1.1627906976744187,0.06597285053646283,568,I think I'm at the wrong party.
1607,2,3,38,43,1.1627906976744187,0.0738907079406967,568,Hoppy Hour ended at 5.
1607,1,5,37,43,1.1627906976744187,0.06597285053646283,568,Things cannot be as bad as you think they are. Come on. Lighten up.
1607,2,3,38,43,1.1627906976744187,0.0738907079406967,568,"Thank you for ""volunteering"" for the neighborhoods very first Hunger Games. And may the Shiraz be ever in your favor."
1607,1,5,37,43,1.1627906976744187,0.06597285053646283,568,"Well, you were warned not to eat all the cheese."
1607,2,3,38,43,1.1627906976744187,0.0738907079406967,568,Your sobriety commitment has gone too far.
1607,1,5,37,43,1.1627906976744187,0.06597285053646283,568,"Well, down the hatch!"
1607,0,7,36,43,1.1627906976744187,0.056964877739143695,568,"It's my first shotgun wedding, too."
1607,2,3,38,43,1.1627906976744187,0.0738907079406967,568,I'm guessing this exhibit was on your bucket list.
1607,0,7,36,43,1.1627906976744187,0.056964877739143695,568,It'll be lovely to take the plunge under a full moon.
1607,1,5,37,43,1.1627906976744187,0.06597285053646283,568,You must be the pièce de résistance.
1607,2,3,38,43,1.1627906976744187,0.0738907079406967,568,I find you to be captivating
1607,3,1,39,43,1.1627906976744187,0.0810386107485081,568,"Oh, dear. You're in the ""High Risk Pool,"" aren't you...?"
1607,2,3,38,43,1.1627906976744187,0.0738907079406967,568,"Just so you know, Donald was very concrete about you two."
1607,1,5,37,43,1.1627906976744187,0.06597285053646283,568,So --- You two have tied the knot?
1607,1,5,37,43,1.1627906976744187,0.06597285053646283,568,I hate to ask where you're honeymooning.
1607,1,5,37,43,1.1627906976744187,0.06597285053646283,568,The studio seems to be taking captive audience to an extreme.
1607,2,3,38,43,1.1627906976744187,0.0738907079406967,568,"I do Apologize, but My Bartender just never heard of a "" Prisoner In a Bucket"" ....."
1607,2,3,38,43,1.1627906976744187,0.0738907079406967,568,You seemed more optimistic at our 40th reunion.
1607,0,7,36,43,1.1627906976744187,0.056964877739143695,568,I warned you not to talk politics or religion.
1607,2,3,38,43,1.1627906976744187,0.0738907079406967,568,No image? This never happened when Bob was in charge.
1607,2,3,38,43,1.1627906976744187,0.0738907079406967,568,Could you stomp faster? We're running low on Cabernet.
1607,1,5,37,43,1.1627906976744187,0.06597285053646283,568,So. No sex before the wedding huh?
1607,0,7,36,43,1.1627906976744187,0.056964877739143695,568,The thing is it could have been me.
1607,1,5,37,43,1.1627906976744187,0.06597285053646283,568,i now pronounce you man and wife
1607,1,5,37,43,1.1627906976744187,0.06597285053646283,568,You should have let me know you'd be tied up.
1607,1,5,37,43,1.1627906976744187,0.06597285053646283,568,How do you know the Hendersons?
1607,0,7,36,43,1.1627906976744187,0.056964877739143695,568,"Thanks, but we'll have to pass. We're tied up right now."
1607,2,3,38,43,1.1627906976744187,0.0738907079406967,568,"The new director is a literalist. I'd also avoid ""over my dead body"" and ""sticks and stones""."
1607,1,5,37,43,1.1627906976744187,0.06597285053646283,568,You two were made for each other.
1607,1,5,37,43,1.1627906976744187,0.06597285053646283,568,So you thought you could avoid my political views by unfollowing me?
1607,1,5,37,43,1.1627906976744187,0.06597285053646283,568,"Honestly, it's like torture getting information out of you two."
1607,0,7,36,43,1.1627906976744187,0.056964877739143695,568,Have you noticed they always serve cheap domestic wine at these Whistleblower parties?
1607,1,5,37,43,1.1627906976744187,0.06597285053646283,568,It has a taste of remorse
1607,1,5,37,43,1.1627906976744187,0.06597285053646283,568,Keep drinking until you fill the bucket.
1607,1,5,37,43,1.1627906976744187,0.06597285053646283,568,"I, too, heard this would be the party to end all parties, but I didn't take it literally!"
1607,1,5,37,43,1.1627906976744187,0.06597285053646283,568,And now how will you be voting on the repeal of Obamacare?
1607,2,3,38,43,1.1627906976744187,0.0738907079406967,568,Decaying performance art. Interesting.
1607,2,3,38,43,1.1627906976744187,0.0738907079406967,568,This doesn't taste like your feet yet. Keep stomping!
1607,2,3,38,43,1.1627906976744187,0.0738907079406967,568,"I'm going to give you some time to think it over, but to me the deal is a no brainer."
1607,1,5,37,43,1.1627906976744187,0.06597285053646283,568,I'm guessing he forgot to tell you there is a MRS. Eliot Spritzer.
1607,1,5,37,43,1.1627906976744187,0.06597285053646283,568,Care for a drink before going into it?
1607,1,5,37,43,1.1627906976744187,0.06597285053646283,568,I think you are taking this bondage thing too far.
1607,1,5,37,43,1.1627906976744187,0.06597285053646283,568,I never got into that his 'n' hers stuff.
1607,0,7,36,43,1.1627906976744187,0.056964877739143695,568,I hear you're taking a cruise.
1607,1,5,37,43,1.1627906976744187,0.06597285053646283,568,I'd be happy to recommend some large bodies of water.
1607,0,7,36,43,1.1627906976744187,0.056964877739143695,568,"For what it's worth, I think you two nailed the presentation."
1607,1,5,37,43,1.1627906976744187,0.06597285053646283,568,It's so good you introverts could stay a little longer.
1607,0,7,36,43,1.1627906976744187,0.056964877739143695,568,While we are waiting for the cement to harden may I offer you each a sip of wine?
1607,2,3,38,43,1.1627906976744187,0.0738907079406967,568,I told you I had a good attorney.
1607,2,3,38,43,1.1627906976744187,0.0738907079406967,568,"I can't remember dates either, that's why I use autopay."
1607,1,5,37,43,1.1627906976744187,0.06597285053646283,568,"Relax. Once you've tried the hot tub, you'll love it."
1607,2,3,38,43,1.1627906976744187,0.0738907079406967,568,You do know if this were Dad you'd be in the river already?
1834,2,3,39,44,1.1590909090909092,0.07228658768525041,568,"If you stop talking about the March for Science, I'll untie you."
1834,0,7,37,44,1.1590909090909092,0.055778005112363215,568,I see you've reached your shrimp quota.
1834,1,5,38,44,1.1590909090909092,0.06456212749550704,568,Work got you tied up?
1834,0,7,37,44,1.1590909090909092,0.055778005112363215,568,"Friends of Capone's, I see."
1834,2,3,39,44,1.1590909090909092,0.07228658768525041,568,"Ah, an art installation that addresses the stagnation of traditional monogamy."
1834,0,7,37,44,1.1590909090909092,0.055778005112363215,568,"Actually, for where you are going, you might prefer a drier wine."
1834,2,3,39,44,1.1590909090909092,0.07228658768525041,568,Punishment for your wine snobbery.
1834,0,7,37,44,1.1590909090909092,0.055778005112363215,568,"I call it ""50 Shades of Rosé."""
1834,2,3,39,44,1.1590909090909092,0.07228658768525041,568,"If you weren't so tied up, I would ask you to stay for dinner"
1834,2,3,39,44,1.1590909090909092,0.07228658768525041,568,So glad you could get away!
1834,0,7,37,44,1.1590909090909092,0.055778005112363215,568,We should do this again sometime.
1834,1,5,38,44,1.1590909090909092,0.06456212749550704,568,We'll miss you at next year's office party!
1834,2,3,39,44,1.1590909090909092,0.07228658768525041,568,Meeting you both was on my bucket list.
1834,2,3,39,44,1.1590909090909092,0.07228658768525041,568,"I can tell, right away--you two are going to be the hit of the party!"
1834,0,7,37,44,1.1590909090909092,0.055778005112363215,568,"I told you this wine was to die for, but you didn't believe me."
1834,1,5,38,44,1.1590909090909092,0.06456212749550704,568,Last call!
1834,0,7,37,44,1.1590909090909092,0.055778005112363215,568,We have little in common with happily married couples.
1834,1,5,38,44,1.1590909090909092,0.06456212749550704,568,What did you do before you served on the committee that investigated General Flynn?
1834,3,1,40,44,1.1590909090909092,0.07926180171815858,568,"For what it's worth, the bi-Paleo diet's limits on cocktails was the undoing of Seymour's and my marriage."
1834,1,5,38,44,1.1590909090909092,0.06456212749550704,568,I'll untie you as soon as you're finished stomping those grapes.
1834,2,3,39,44,1.1590909090909092,0.07228658768525041,568,Could you stomp those grapes a little faster?... I'm going to want a refill.
1834,0,7,37,44,1.1590909090909092,0.055778005112363215,568,It's great to have such a captive audience.
1834,1,5,38,44,1.1590909090909092,0.06456212749550704,568,"How's the ""No Step"" plan going?"
1834,0,7,37,44,1.1590909090909092,0.055778005112363215,568,Stick-in-the-mud?
1834,3,1,40,44,1.1590909090909092,0.07926180171815858,568,You were warned. Absolutely no mention of politics at this cocktail party.
1834,1,5,38,44,1.1590909090909092,0.06456212749550704,568,Do you know which river you'll be dropped at?
1834,2,3,39,44,1.1590909090909092,0.07228658768525041,568,"Your colleagues in the newsroom really want to toast your great investigative report on mob corruption in city government!"""
1834,2,3,39,44,1.1590909090909092,0.07228658768525041,568,"What a lovely story, darling! Well, please keep in touch."
1834,1,5,38,44,1.1590909090909092,0.06456212749550704,568,I'm just his gun moll.
1834,2,3,39,44,1.1590909090909092,0.07228658768525041,568,"Darling, the Bondage and Buckets costume party was last week."
1834,0,7,37,44,1.1590909090909092,0.055778005112363215,568,"I realize that you both must be terribly uncomfortable, but we simply have to wait for the cement to harden"
1834,2,3,39,44,1.1590909090909092,0.07228658768525041,568,How's business?
1834,1,5,38,44,1.1590909090909092,0.06456212749550704,568,Would you like some wine? It'll help you relax.
1834,1,5,38,44,1.1590909090909092,0.06456212749550704,568,Who ordered the Sicilian Red?
1834,0,7,37,44,1.1590909090909092,0.055778005112363215,568,It's the airline's new focus group.
1834,1,5,38,44,1.1590909090909092,0.06456212749550704,568,What an interesting piece of art. It almost looks real.
1834,3,1,40,44,1.1590909090909092,0.07926180171815858,568,Peter Kuper could have done better
1871,2,3,40,45,1.1555555555555554,0.07075034750641399,568,Understand how important it is to remove your emptied containers in a timely manner.
1872,1,4,35,40,1.15,0.0674631903431942,568,"I'm sorry its come to this, but you must wash your feet before trampling the grapes!"
1872,0,6,34,40,1.15,0.057177187489686566,568,What’s next on your bucket list?
1872,1,4,35,40,1.15,0.0674631903431942,568,Here's to a captive audience.
1872,0,6,34,40,1.15,0.057177187489686566,568,Perhaps a nice Malbec will loosen you up.
1872,1,4,35,40,1.15,0.0674631903431942,568,I only wish Mr. Soprano was here to see you off.
1872,0,6,34,40,1.15,0.057177187489686566,568,"Keep stomping, sommelier pledges!"
1872,0,6,34,40,1.15,0.057177187489686566,568,"So, how do you like your happy hour NOW?"
1872,0,6,34,40,1.15,0.057177187489686566,568,"If you thought my last story was obnoxious, wait until you hear this one."
1872,0,6,34,40,1.15,0.057177187489686566,568,I understand you are reporters embedded with the mafia.
1872,2,2,36,40,1.15,0.07637626158259735,568,This party is to die for.
1872,1,4,35,40,1.15,0.0674631903431942,568,Since the arranged marriage we are finding that we definitely have a lot in common!
1872,2,2,36,40,1.15,0.07637626158259735,568,"Ironically, having an affair was on his bucket list."
1872,0,6,34,40,1.15,0.057177187489686566,568,Are you planting yourself physically or emotionally?
1872,1,4,35,40,1.15,0.0674631903431942,568,"Remember, this game is fun, fun, fun!"
1872,1,4,35,40,1.15,0.0674631903431942,568,Cheers for completing your bucket list.
1872,1,4,35,40,1.15,0.0674631903431942,568,"Never too tied up to party, yea!"
1872,1,4,35,40,1.15,0.0674631903431942,568,"""We prefer Chardoney"" was the wrong answer."
1872,0,6,34,40,1.15,0.057177187489686566,568,I was so pleased to get the invite to your going away party.
1872,0,6,34,40,1.15,0.057177187489686566,568,I love how cooly you two bond.
1872,1,4,35,40,1.15,0.0674631903431942,568,This is definitely not creative cocktail attire.
1872,0,6,34,40,1.15,0.057177187489686566,568,"Yes, you can do it standing up."
1872,0,6,34,40,1.15,0.057177187489686566,568,The bondage seminar isn't till next week.
1872,1,4,35,40,1.15,0.0674631903431942,568,I get the message! You can't join me for cocktails because you're tied up with other things.
1872,1,4,35,40,1.15,0.0674631903431942,568,As your therapist this is a good 1st step to thaw your relationship.
1872,2,2,36,40,1.15,0.07637626158259735,568,Not until you call me 'Hostess with the Mostess'
1872,0,6,34,40,1.15,0.057177187489686566,568,You must be transplants.
1872,0,6,34,40,1.15,0.057177187489686566,568,Cutting in the buffet line is discouraged on this ship.
1872,0,6,34,40,1.15,0.057177187489686566,568,"So, tell me about this new marriage therapy"
1872,2,2,36,40,1.15,0.07637626158259735,568,So is this the last thing on your bucket lists?
1872,1,4,35,40,1.15,0.0674631903431942,568,The Corleone-Tattaglio Fashion Week is wonderful. I see that retro is back in style.
1872,1,4,35,40,1.15,0.0674631903431942,568,"I'm sure it is a horrible situation, shall I get you both a drink?"
1872,2,2,36,40,1.15,0.07637626158259735,568,"Dears, I'm not sure you've thought this whole double suicide thing through."
1872,1,4,35,40,1.15,0.0674631903431942,568,I'd just say bucket
1872,1,4,35,40,1.15,0.0674631903431942,568,Would you like to drink a glass of pail ale?
1872,0,6,34,40,1.15,0.057177187489686566,568,Just like Match.com...only different!
1872,1,4,35,40,1.15,0.0674631903431942,568,"Well then, you simply have to read ""Voyage to the Bottom of the Sea."""
1872,1,4,35,40,1.15,0.0674631903431942,568,"I'd offer you a drink, but you look... tied up."
1872,1,4,35,40,1.15,0.0674631903431942,568,"Oh, my apologies. ""Fish food"" was not meant to indicate a dinner invitation."
1872,0,6,34,40,1.15,0.057177187489686566,568,Here you do not have the right to remain silent.
1872,1,4,35,40,1.15,0.0674631903431942,568,"Had you told us before we set sail that you had become Trump supporters we would have just put you on our blacklist and left you behind. But no, you just had to spring it on us in international waters."
1872,0,6,34,40,1.15,0.057177187489686566,568,Do you sleep like the fish when the gallery closes ?
1872,0,6,34,40,1.15,0.057177187489686566,568,"What part of "" no romantic relationships in the workplace"" did you not understand?"
1872,2,2,36,40,1.15,0.07637626158259735,568,"Sorry doesn't cut it. Grape squishing is an art, not a game."
1872,2,2,36,40,1.15,0.07637626158259735,568,We warned you about missing your billable hours quota.
1872,1,4,35,40,1.15,0.0674631903431942,568,...aboard the company's annual riverboat cruise.
1872,1,4,35,40,1.15,0.0674631903431942,568,you have overdone your costumes
1872,0,6,34,40,1.15,0.057177187489686566,568,I can give you the name of a good escape artist.
1872,0,6,34,40,1.15,0.057177187489686566,568,Do you regret voting for Trump now?
1872,0,6,34,40,1.15,0.057177187489686566,568,Wow. They've gotten so serious about designated drivers.
1872,1,4,35,40,1.15,0.0674631903431942,568,"Sorry, but I insist that each guest's exit reflects their bantering ability."
1872,1,4,35,40,1.15,0.0674631903431942,568,How many stomps makes a glass?
1872,1,4,35,40,1.15,0.0674631903431942,568,Don't you just feel like you have no choice but to attend events like this?
1872,1,4,35,40,1.15,0.0674631903431942,568,"Why, you two just pale in comparison!"
1872,0,6,34,40,1.15,0.057177187489686566,568,I should have warned you how much Vinnie likes the Riesling.
1872,2,2,36,40,1.15,0.07637626158259735,568,Just change the water into wine. It worked for Jesus.
1872,1,4,35,40,1.15,0.0674631903431942,568,"Took a package from the mob, you say?"
1872,0,6,34,40,1.15,0.057177187489686566,568,Congratulations on tying the knot.
1872,1,4,35,40,1.15,0.0674631903431942,568,Mona finally had a captive audience at Happy Hour.
1872,2,2,36,40,1.15,0.07637626158259735,568,Have you met the Joneses? They were at that rally too.
1872,1,4,35,40,1.15,0.0674631903431942,568,Some wine before its time?
1872,2,2,36,40,1.15,0.07637626158259735,568,We put Catnip in the leg.
1872,1,4,35,40,1.15,0.0674631903431942,568,Sorry but the white carpet takes precedence over your desire for red wine.
1872,2,2,36,40,1.15,0.07637626158259735,568,Guess the vintage or it's the water forever.
1872,1,4,35,40,1.15,0.0674631903431942,568,We're protesting the victimization of grapes
1872,1,4,35,40,1.15,0.0674631903431942,568,So you won't be going to the after party?
1872,1,4,35,40,1.15,0.0674631903431942,568,"If you promise to stop talking about the election we will let you join the ""party"""
1872,1,4,35,40,1.15,0.0674631903431942,568,There we go...now let me tell you about my recent trip to Italy.
1872,2,2,36,40,1.15,0.07637626158259735,568,I think you'll prefer this to your nightcap.
1872,1,4,35,40,1.15,0.0674631903431942,568,Should have paid attention to Miss Manners. It only takes two minutes to RSVP.
1872,1,4,35,40,1.15,0.0674631903431942,568,At least now they can't argue about who is trying to tie who down.
1872,0,6,34,40,1.15,0.057177187489686566,568,I see you've taken the bucket challenge to a whole new level.
1872,1,4,35,40,1.15,0.0674631903431942,568,It's nice to see you two finally get out.
1872,0,6,34,40,1.15,0.057177187489686566,568,Sorry you've been over booked.
1872,1,4,35,40,1.15,0.0674631903431942,568,You should really try to enjoy the party.
1872,0,6,34,40,1.15,0.057177187489686566,568,You'll really make a splash tonight!
1872,0,6,34,40,1.15,0.057177187489686566,568,We're going to need you to stomp those grapes faster.
1872,1,4,35,40,1.15,0.0674631903431942,568,I have a real good feeling about you two.
1872,2,2,36,40,1.15,0.07637626158259735,568,"I assure you... that once the cement completely dries, whoever kicks the bucket first will be able to drink far more than could I, at a dozen silly retirement parties!"
1872,0,6,34,40,1.15,0.057177187489686566,568,"It's a 2005 French Pino rated 93 points with a smokey and earthy initial flavor but opens up into a dark raspberry fruit that lasts, why do you ask?"
1872,2,2,36,40,1.15,0.07637626158259735,568,I warned you: marriage is torture!
1872,1,4,35,40,1.15,0.0674631903431942,568,You're potted and you haven't even had any drinks yet.
1872,1,4,35,40,1.15,0.0674631903431942,568,"When you told me you were going to swim with the fishes, I thought you were going snorkeling."
1872,1,4,35,40,1.15,0.0674631903431942,568,"the invitation said ""bring a dish."""
1872,0,6,34,40,1.15,0.057177187489686566,568,Until death do you part
1872,2,2,36,40,1.15,0.07637626158259735,568,So nice of you to stop by for your farewell party!
1872,2,2,36,40,1.15,0.07637626158259735,568,Which one of you would like to be the designated driver?
1872,1,4,35,40,1.15,0.0674631903431942,568,We don't like double-dippers.
1872,2,2,36,40,1.15,0.07637626158259735,568,"Let me guess, you ordered ""Fifty Shades of Gray for Dummies"""
1872,1,4,35,40,1.15,0.0674631903431942,568,"Were trying to make this as normal as possible, here's a glass of wine."
1872,2,2,36,40,1.15,0.07637626158259735,568,A 35% tip is customary for a mani pedi.
1872,0,6,34,40,1.15,0.057177187489686566,568,"So glad I could persuade you to come tonight, now let me make you a cocktail you can't refuse."
1872,1,4,35,40,1.15,0.0674631903431942,568,Don't you just hate getting roped into these things?
1872,0,6,34,40,1.15,0.057177187489686566,568,You stomp the grapes while waiting for your deportation hearing? Trump is a genius!
1872,2,2,36,40,1.15,0.07637626158259735,568,Here's mud in your eyes.
1872,2,2,36,40,1.15,0.07637626158259735,568,"Sorry, but I'm unfriending you both."
1872,0,6,34,40,1.15,0.057177187489686566,568,Congratulations on making it this far in our highly competitive sommelier training program.
1872,1,4,35,40,1.15,0.0674631903431942,568,It might be a good time to refinance.
1872,0,6,34,40,1.15,0.057177187489686566,568,"I wasn't having such a good time either, but a glass of wine helped me loosen up."
1872,2,2,36,40,1.15,0.07637626158259735,568,I get it: Abstract vs Concrete!
1872,2,2,36,40,1.15,0.07637626158259735,568,"I was worried about meeting people, but you two seem pretty grounded."
1872,2,2,36,40,1.15,0.07637626158259735,568,Will that be one straw or two?
1872,1,4,35,40,1.15,0.0674631903431942,568,"Someone didn't appreciate your ""whining in a bucket!"
1872,1,4,35,40,1.15,0.0674631903431942,568,"You can be underwater, but you don't have to look it."
1872,2,2,36,40,1.15,0.07637626158259735,568,"Androgenous buckets, how couture!"
1872,1,4,35,40,1.15,0.0674631903431942,568,Vetting is foolproof!
1872,1,4,35,40,1.15,0.0674631903431942,568,"Wait, did you hop in or were you carried?"
1872,1,4,35,40,1.15,0.0674631903431942,568,"So, where did you two meet?"
1872,2,2,36,40,1.15,0.07637626158259735,568,We tried a blind taste test. This is something new.
1872,0,6,34,40,1.15,0.057177187489686566,568,Here's to your Mafia themed cruise
1872,1,4,35,40,1.15,0.0674631903431942,568,You don't really look French!
1872,1,4,35,40,1.15,0.0674631903431942,568,I'm into bondage too. I work for Goldman Sachs.
1872,2,2,36,40,1.15,0.07637626158259735,568,Who picked this wine?
1872,2,2,36,40,1.15,0.07637626158259735,568,You should have tipped the maitre d'.
1872,2,2,36,40,1.15,0.07637626158259735,568,Harm reduction and AA just didn't work for us.
1872,1,4,35,40,1.15,0.0674631903431942,568,I'm so glad you two finally decided to take the plunge!
1872,2,2,36,40,1.15,0.07637626158259735,568,"I admire your intention to show up, in spite of your previous committment."
1872,0,6,34,40,1.15,0.057177187489686566,568,It would appear you two really know the ropes around here.
1872,0,6,34,40,1.15,0.057177187489686566,568,"You're not alone, millions of us woke up on November 9 feeling the same way!"
1872,0,6,34,40,1.15,0.057177187489686566,568,...all tied up with no place to go.
1872,1,4,35,40,1.15,0.0674631903431942,568,Now you'll remember in the future to sniff before swirling.
1872,0,6,34,40,1.15,0.057177187489686566,568,"We thought it was a metaphor when the salesman said ""sea floor opportunity."""
1872,1,4,35,40,1.15,0.0674631903431942,568,"Tough diet, but your bathroom activity looks effecient."
1872,1,4,35,40,1.15,0.0674631903431942,568,We're trying to better understand our tomato plants.
1872,1,4,35,40,1.15,0.0674631903431942,568,I'm also here against my will.
1872,1,4,35,40,1.15,0.0674631903431942,568,I think we can all agree that the leader's punishments have gotten significantly less cruel but still unusual.
1872,2,2,36,40,1.15,0.07637626158259735,568,"Oh, hi! Aren't you the whistle blowers from Executive Education?"
1872,1,4,35,40,1.15,0.0674631903431942,568,Thank you for staying. Can I get you another drink?
1872,2,2,36,40,1.15,0.07637626158259735,568,We don't mean to seem standoffish.
1872,1,4,35,40,1.15,0.0674631903431942,568,Tobacco club has a similar initiation . . . so consider yourselves lucky
1872,1,4,35,40,1.15,0.0674631903431942,568,Mankofffffffff!
1872,1,4,35,40,1.15,0.0674631903431942,568,I see you've been to our personal department; but they seemed to have gone overboard with their decision
1872,1,4,35,40,1.15,0.0674631903431942,568,"Party Crashers, you're being deported."
1872,0,6,34,40,1.15,0.057177187489686566,568,The President wanted me to personally thank you for getting on board.
1872,0,6,34,40,1.15,0.057177187489686566,568,"Yes, this is the party. But if you two are not gone in two minutes, I'll call United."
1872,1,4,35,40,1.15,0.0674631903431942,568,What fun! I've never had a captive audience.
1872,1,4,35,40,1.15,0.0674631903431942,568,"As I was saying, I'm a mid-level manager at a large accounting firm..."
1872,1,4,35,40,1.15,0.0674631903431942,568,I'd offer you a drink but you seem to be a bit preoccupied
1872,1,4,35,40,1.15,0.0674631903431942,568,Why the long fces? You're going to make quite a splash at this party!
1872,0,6,34,40,1.15,0.057177187489686566,568,"I heard you were tied up, but I'm glad to see you came anyway."
1872,1,4,35,40,1.15,0.0674631903431942,568,"I told Bruno you had an appointment with the Fishers, not the fishes."
1872,2,2,36,40,1.15,0.07637626158259735,568,"So how's the ""Sleep With The Fishes"" diet coming along?"
1872,1,4,35,40,1.15,0.0674631903431942,568,"Tell me where you've hidden the cash, or I'll tell you about my trip to Atlanta when I was 14."
1872,2,2,36,40,1.15,0.07637626158259735,568,I hear you are moving to live with the fish. So I am celebrating with a Seaweed Martini.
1872,1,4,35,40,1.15,0.0674631903431942,568,Good for you--not all couples want to try a cooling off period.
1872,0,6,34,40,1.15,0.057177187489686566,568,"Oh Mary, we warned you...guilty by association."
1872,1,4,35,40,1.15,0.0674631903431942,568,Bet this wasn't on your bucket list...
1872,1,4,35,40,1.15,0.0674631903431942,568,Congratulations! I hear you're taking the plunge.
1872,1,4,35,40,1.15,0.0674631903431942,568,I see you got the seed money.
1872,2,2,36,40,1.15,0.07637626158259735,568,I haven't even figured out my bucket list.
1872,0,6,34,40,1.15,0.057177187489686566,568,"Seriously though, do you prefer salt water or fresh?"
1872,1,4,35,40,1.15,0.0674631903431942,568,"Yes, interesting. But let me tell you about proposed changes to the tax code."
1872,2,2,36,40,1.15,0.07637626158259735,568,What took you?
1872,0,6,34,40,1.15,0.057177187489686566,568,Do I understand you two met on E-Harmony?
1872,0,6,34,40,1.15,0.057177187489686566,568,"Don't you hate it when they rope you in to these things?"""
1872,1,4,35,40,1.15,0.0674631903431942,568,We gave up on lethal injections for obvious reasons.
1872,1,4,35,40,1.15,0.0674631903431942,568,"You must be the couple that unfriended Jimmy, the enforcer!"
1872,2,2,36,40,1.15,0.07637626158259735,568,This is Republican Kool Aid. Drink this and you'll believe anything they say.
1872,2,2,36,40,1.15,0.07637626158259735,568,You should get out more often.
1872,0,6,34,40,1.15,0.057177187489686566,568,"Creme de menthe for two? Oh, I thought you said, 'cement shoes'."
1872,0,6,34,40,1.15,0.057177187489686566,568,Who are you wearing?
1872,2,2,36,40,1.15,0.07637626158259735,568,I'm sure you will give this Shiraz the consideration it deserves!!
1872,1,4,35,40,1.15,0.0674631903431942,568,Raise your hand if you want some wine.
1872,2,2,36,40,1.15,0.07637626158259735,568,I'm sorry but bringing beer to a wine party.Inexcusable!
1872,0,6,34,40,1.15,0.057177187489686566,568,Welp...bottom's up!
1872,1,4,35,40,1.15,0.0674631903431942,568,Sorry. The performance art exhibit is next week.
1872,1,4,35,40,1.15,0.0674631903431942,568,I promise this will loosen you up.
1872,1,4,35,40,1.15,0.0674631903431942,568,"On second thought, you cannot have this drink; you're already potted."
1872,0,6,34,40,1.15,0.057177187489686566,568,Be honest... What do you think of my new exhibit?
1872,2,2,36,40,1.15,0.07637626158259735,568,"Uncle Tony sure knows how to throw a ""going away"" party, don't he?"
1872,1,4,35,40,1.15,0.0674631903431942,568,"Why don't you unwind? It's a party, for God's sake!"
1872,1,4,35,40,1.15,0.0674631903431942,568,No more sips -- you're obviously potted.
1872,1,4,35,40,1.15,0.0674631903431942,568,Here's this evening's special: two shots and a splash.
1872,0,6,34,40,1.15,0.057177187489686566,568,Bondage is fun once you get used to it.
1872,1,4,35,40,1.15,0.0674631903431942,568,Poor people always make the best art.
1872,0,6,34,40,1.15,0.057177187489686566,568,"Sounds like a dramatic performance piece, but I must say the theme seems a bit cliché."
1872,2,2,36,40,1.15,0.07637626158259735,568,Terroir or terror - your choice.
1872,1,4,35,40,1.15,0.0674631903431942,568,We tied on one too many
1872,0,6,34,40,1.15,0.057177187489686566,568,"Like your future, this wine is very deep, with piquant saline overtones."
1872,1,4,35,40,1.15,0.0674631903431942,568,It's easy to have cold feet at these types of events.
1872,1,4,35,40,1.15,0.0674631903431942,568,Is corporate espionage rewarding?
1872,2,2,36,40,1.15,0.07637626158259735,568,Who ordered the sauvignon blanc?
1872,2,2,36,40,1.15,0.07637626158259735,568,OMG you're working on your bucket list.
1872,0,6,34,40,1.15,0.057177187489686566,568,We just like to call it friendly neighborhood hazing.
1872,1,4,35,40,1.15,0.0674631903431942,568,Welcome to the Cosa Nostra with a Human Face.
1872,0,6,34,40,1.15,0.057177187489686566,568,This should help you unwind.
1872,2,2,36,40,1.15,0.07637626158259735,568,"Drink a little of this,it will help you float a while"
1872,1,4,35,40,1.15,0.0674631903431942,568,So I take it that this year you'll be staying for the silent auction.
1872,2,2,36,40,1.15,0.07637626158259735,568,"My, You certainly are committed to tonight's theme of a captivated audience!"
1872,0,6,34,40,1.15,0.057177187489686566,568,You're going to love tenure.
1872,1,4,35,40,1.15,0.0674631903431942,568,So the marriage counselor found you two a way to try and stick it out!
1872,1,4,35,40,1.15,0.0674631903431942,568,"I used to wear Commes des Garçons, too, before it lost its edge."
1872,1,4,35,40,1.15,0.0674631903431942,568,Dad was right about masturbation!
1872,0,6,34,40,1.15,0.057177187489686566,568,You guys need a little wine to loosen up
1872,1,4,35,40,1.15,0.0674631903431942,568,How's it going with the Petrocelli account?
1872,1,4,35,40,1.15,0.0674631903431942,568,Is that the new bucket challenge for pre-existing medical conditions?
1872,0,6,34,40,1.15,0.057177187489686566,568,I imagine you have a designated driver
1872,1,4,35,40,1.15,0.0674631903431942,568,We're so happy that you've overcome your fear of marriage and are finally ready to take the plunge.
1872,2,2,36,40,1.15,0.07637626158259735,568,This one features a nice bouquet and a strong finish.
1872,1,4,35,40,1.15,0.0674631903431942,568,"Personally, I'll never understand your preference for being potted as opposed to my generation's appreciation for being a little inebriated."
1872,2,2,36,40,1.15,0.07637626158259735,568,"Like I was saying, vaccines absolutely cause autism."
1872,3,0,37,40,1.15,0.08435273922869735,568,"Sorry, we ran out of oak barrels"
1872,1,4,35,40,1.15,0.0674631903431942,568,I just find it so difficult to meet anyone remotely interesting at parties anymore
1872,1,4,35,40,1.15,0.0674631903431942,568,So what else did you have to give up when you became Baptists?
1872,0,6,34,40,1.15,0.057177187489686566,568,You must be Fat Tony's accountants. He's told me so much about you!
1872,2,2,36,40,1.15,0.07637626158259735,568,"I asked Vito to have the bartender make me two cement mixers, but this is ridiculous."
1872,0,6,34,40,1.15,0.057177187489686566,568,"Ever since The Sopranos, concrete boots have become a bit of an occasion."
1872,0,6,34,40,1.15,0.057177187489686566,568,"Tonight, you drink with the fishes."
1872,1,4,35,40,1.15,0.0674631903431942,568,Look at you two! Your wardrobes are quite captive-ating.
1872,0,6,34,40,1.15,0.057177187489686566,568,At least you could say thank you for the sending off party.
1872,1,4,35,40,1.15,0.0674631903431942,568,Thank you for participating in our focus group/
1872,1,4,35,40,1.15,0.0674631903431942,568,Ahhh.... you must be the couple from Bondage Anonymous. Please make yourself uncomfortable.
1872,2,2,36,40,1.15,0.07637626158259735,568,I can't help you; you've wandered into the wrong party's presidential convention.
1872,0,6,34,40,1.15,0.057177187489686566,568,"I'd offer you both a drink, but I see you're tied up at the moment."
1872,1,4,35,40,1.15,0.0674631903431942,568,How did you even swipe right?
1872,3,0,37,40,1.15,0.08435273922869735,568,"No! We choose ""truth""!"
1872,1,4,35,40,1.15,0.0674631903431942,568,So you're telling me you 'refused' his offer?
1872,0,6,34,40,1.15,0.057177187489686566,568,You look tied up. Can I get you anything?
1872,1,4,35,40,1.15,0.0674631903431942,568,Think of it as an exciting Pinot film noir.
1872,1,4,35,40,1.15,0.0674631903431942,568,I have no doubt that it will be a deep experience.
1872,1,4,35,40,1.15,0.0674631903431942,568,Liza and Henry were dismayed to be held hostage by a circular conversation.
1872,2,2,36,40,1.15,0.07637626158259735,568,Let me pour you both into a cab home.
1872,2,2,36,40,1.15,0.07637626158259735,568,That is certainly an imaginative fitness regime
1872,1,4,35,40,1.15,0.0674631903431942,568,I see you guys finally tied the knot.
1872,1,4,35,40,1.15,0.0674631903431942,568,Perhaps I should get you a straw.
1872,1,4,35,40,1.15,0.0674631903431942,568,"Under the circumstances trust me, the glass is half full."
1872,1,4,35,40,1.15,0.0674631903431942,568,This is what happens when you drink a merlot with sea bass
1872,0,6,34,40,1.15,0.057177187489686566,568,How's that Cross-Torture exercise thing working out?
1872,1,4,35,40,1.15,0.0674631903431942,568,I see your tied up but...
1872,1,4,35,40,1.15,0.0674631903431942,568,Don't go away. I'll be right back to hear more about your White House internships.
1872,2,2,36,40,1.15,0.07637626158259735,568,"See, that's what happens when you double dip during the cocktail and hors d'oeuvres hour."
1872,0,6,34,40,1.15,0.057177187489686566,568,I'd offer you something but I see you're on your way out.
1872,3,0,37,40,1.15,0.08435273922869735,568,"Honestly, y'all need to unwind a little."
1872,1,4,35,40,1.15,0.0674631903431942,568,You'll love the touch of East River terroir and the hints of sea salt in the finish.
1872,2,2,36,40,1.15,0.07637626158259735,568,We are going to keep you here as a warning to those who oppose our agenda and spread fake news.
1872,1,4,35,40,1.15,0.0674631903431942,568,Have any trouble getting here?
1872,0,6,34,40,1.15,0.057177187489686566,568,Would you care for a sip before the club initiation begins?
1872,2,2,36,40,1.15,0.07637626158259735,568,We frown on double-dipping.
1872,0,6,34,40,1.15,0.057177187489686566,568,"Killer party, isn't it?"
1872,2,2,36,40,1.15,0.07637626158259735,568,"""Tied and bound in no way to go through life, Mary and Jack - a Cabernet, perhaps?"
1872,2,2,36,40,1.15,0.07637626158259735,568,No Thanks. We just checked out of rehab...
1872,0,6,34,40,1.15,0.057177187489686566,568,As our thanks for giving up your passenger seats...
1872,1,4,35,40,1.15,0.0674631903431942,568,"No thanks, I'm watching my weight."
1872,0,6,34,40,1.15,0.057177187489686566,568,Geez.. I thought that anti-Trumpcare critique in the Times was just a metaphor.
1872,1,4,35,40,1.15,0.0674631903431942,568,"Harold and I have an open marriage, but we've never slept with the fishes."
1872,0,6,34,40,1.15,0.057177187489686566,568,Didn't I see you guys on Jerry Springer?
1872,2,2,36,40,1.15,0.07637626158259735,568,AA was just too religious for us.
1872,1,4,35,40,1.15,0.0674631903431942,568,It's called immersive match-making.
1872,2,2,36,40,1.15,0.07637626158259735,568,We're trying to tie up a few loose ends on our bucket list.
1872,1,4,35,40,1.15,0.0674631903431942,568,"You're right, the Chardonnay does go better with a captive audience."
1872,1,4,35,40,1.15,0.0674631903431942,568,Oh yeah? Make me!
1872,1,4,35,40,1.15,0.0674631903431942,568,"You seem well matched, but you're overcommiting to ""taking the plunge."""
1872,1,4,35,40,1.15,0.0674631903431942,568,Double suicide? Not from my yacht. Try the ferry.
1872,2,2,36,40,1.15,0.07637626158259735,568,You must be the people who brought the merlot.
1872,1,4,35,40,1.15,0.0674631903431942,568,Thank you both for being such a captive audience.
1872,1,4,35,40,1.15,0.0674631903431942,568,"Of course, the lawsuit against a paper plate manufacturer did have some amusing aspects..."
1872,1,4,35,40,1.15,0.0674631903431942,568,You take the fun out of everything.
1872,1,4,35,40,1.15,0.0674631903431942,568,So how did you two offend the godfather?
1872,1,4,35,40,1.15,0.0674631903431942,568,"So, tell me about your trip to Sicily."
1872,2,2,36,40,1.15,0.07637626158259735,568,Welcome to our permanent collection.
1872,0,6,34,40,1.15,0.057177187489686566,568,"Ironically, this was not on your bucket list."
1872,2,2,36,40,1.15,0.07637626158259735,568,"My point is, public decapitation has it's merits."
1872,1,4,35,40,1.15,0.0674631903431942,568,So was marital bonding high on your bucket list?
1872,0,6,34,40,1.15,0.057177187489686566,568,I'd offer you some wine but that would be awkward.
1872,0,6,34,40,1.15,0.057177187489686566,568,"Well, what did you expect when you ask for a merlot?"
1872,1,4,35,40,1.15,0.0674631903431942,568,Take this. It'll help cool your heels.
1872,1,4,35,40,1.15,0.0674631903431942,568,"Mom. Dad. Just let me know when you're ready to renounce your dim view of ""La La Land."""
1872,2,2,36,40,1.15,0.07637626158259735,568,"I would give you a sip,but it would blow your initiation."
1872,2,2,36,40,1.15,0.07637626158259735,568,You're both planning a deep relationship?
1872,0,6,34,40,1.15,0.057177187489686566,568,We here at the Academy prefer the bound taste test over the blind.
1872,0,6,34,40,1.15,0.057177187489686566,568,I've got some Pinot Noir you can't refuse!
1872,2,2,36,40,1.15,0.07637626158259735,568,You two have had enough!
1872,1,4,35,40,1.15,0.0674631903431942,568,Sorry to have monopolized you. Go mingle!
1872,1,4,35,40,1.15,0.0674631903431942,568,"I guess that's a ""no"" for Saturday's party."
1872,1,4,35,40,1.15,0.0674631903431942,568,No. Art that's too much like real life doesn't work as art.
2146,1,4,36,41,1.146341463414634,0.0658988101761283,568,Please enjoy free martinis as you awake your execution.
2146,0,6,35,41,1.146341463414634,0.05588506945068099,568,You've both remained so down to earth.
2146,2,2,37,41,1.146341463414634,0.07457992610449102,568,It's a new kind of ice bucket challenge.
2149,1,4,37,42,1.1428571428571428,0.0644049739048166,568,Could you direct me to the gender non-specific rest room?
2150,2,2,39,43,1.1395348837209303,0.07122869869716944,568,Is this a destination wedding ?
2151,1,3,33,37,1.135135135135135,0.06890566910260519,568,"We have other, less pleasant methods, of dealing with climate deniers."
2151,1,3,33,37,1.135135135135135,0.06890566910260519,568,"Helen, you're right. We took a wrong turn at Albuquerque."
2151,1,3,33,37,1.135135135135135,0.06890566910260519,568,A diet plan that actually works?
2151,1,3,33,37,1.135135135135135,0.06890566910260519,568,Looks like management over-promised a bit on the free employee spa.  spa.
2151,2,1,34,37,1.135135135135135,0.07905373321974885,568,This isn't your garden variety fundraiser.
2151,1,3,33,37,1.135135135135135,0.06890566910260519,568,I see our hosts use any means to assure the availability of designated drivers.
2151,1,3,33,37,1.135135135135135,0.06890566910260519,568,Is it possible that your families' desire to have you both tie the knot of marriage is not currently on your bucket list?
2151,2,1,34,37,1.135135135135135,0.07905373321974885,568,We've been looking forward to having you for dinner.
2151,1,3,33,37,1.135135135135135,0.06890566910260519,568,"So, how are you finding Stockholm so far?"
2151,0,5,32,37,1.135135135135135,0.05697797585888971,568,"Call me old-fashioned, but I like a hostess gift."
2151,0,5,32,37,1.135135135135135,0.05697797585888971,568,Do you come here often?
2151,0,5,32,37,1.135135135135135,0.05697797585888971,568,"I can't offer you wine, but if you'd like more hot water, just call out"
2151,0,5,32,37,1.135135135135135,0.05697797585888971,568,It's so nice of Elmer to invite his hostages to his party. How long have you been captives?
2151,1,3,33,37,1.135135135135135,0.06890566910260519,568,"I must say, you have created a wonderful, moving piece of performance."
2151,0,5,32,37,1.135135135135135,0.05697797585888971,568,"Why yes, this is the day of our daughter's wedding."
2151,0,5,32,37,1.135135135135135,0.05697797585888971,568,And what did you do before you broke into waste disposal management?
2151,1,3,33,37,1.135135135135135,0.06890566910260519,568,Any plans for the summer?
2151,1,3,33,37,1.135135135135135,0.06890566910260519,568,"Ok, which of you ordered the absinthe?"
2151,1,3,33,37,1.135135135135135,0.06890566910260519,568,We are not drinking any stinking merlot.
2151,0,5,32,37,1.135135135135135,0.05697797585888971,568,You've got to admit it was unexpectedly generous of the president to give you a going away party even though you were the one's caught leaking inside info to the press.
2151,1,3,33,37,1.135135135135135,0.06890566910260519,568,Guys. It's time for some game theory.
2151,1,3,33,37,1.135135135135135,0.06890566910260519,568,"Don't worry I've had this dream before. I take my coffee breaks very seriously. I'm working on the mattress account. Honest, my clients said they don't mind if I take a nap. I get my best ideas when I'm sleeping."
2151,0,5,32,37,1.135135135135135,0.05697797585888971,568,which one of you gave the sommeliers exam answers to the candidates?
2151,2,1,34,37,1.135135135135135,0.07905373321974885,568,Meeting you two has always been at the top of my bucket list.
2151,0,5,32,37,1.135135135135135,0.05697797585888971,568,"How nice, if it weren't for swamp draining I doubt we would have met."
2151,2,1,34,37,1.135135135135135,0.07905373321974885,568,Looks like you two are on somebody else's bucket list.
2151,0,5,32,37,1.135135135135135,0.05697797585888971,568,...timeshare...Puerta Vallarta...
2151,0,5,32,37,1.135135135135135,0.05697797585888971,568,This is a very sick cartoon. Not at all funny.
2151,0,5,32,37,1.135135135135135,0.05697797585888971,568,So how's the new diet been going?
2151,0,5,32,37,1.135135135135135,0.05697797585888971,568,"So, what do you guys like to do in your free time?"
2151,0,5,32,37,1.135135135135135,0.05697797585888971,568,What a clever idea for President Trump to hold his own Press Corps Dinner on his private yacht.
2151,1,3,33,37,1.135135135135135,0.06890566910260519,568,Let me guess - you two tied the knot!
2151,1,3,33,37,1.135135135135135,0.06890566910260519,568,It's been a good year for President Trump.
2151,1,3,33,37,1.135135135135135,0.06890566910260519,568,Thanks for the warning!
2151,1,3,33,37,1.135135135135135,0.06890566910260519,568,Leaving so soon?
2151,0,5,32,37,1.135135135135135,0.05697797585888971,568,"I'm so happy you could attend our ""come as you are party."""
2151,1,3,33,37,1.135135135135135,0.06890566910260519,568,Congratulations! You two have won the prize for most compatible in a bucket. Let me introduce you.
2151,1,3,33,37,1.135135135135135,0.06890566910260519,568,I seem to be all out of jackhammers at the moment.
2151,1,3,33,37,1.135135135135135,0.06890566910260519,568,You two add the finishing touch to 'The Mafia's Golden Years' exhibition.
2151,1,3,33,37,1.135135135135135,0.06890566910260519,568,"Hi, I’m Alice. Welcome to our court appointed wine tasting anonymous meetings."
2151,2,1,34,37,1.135135135135135,0.07905373321974885,568,Show me precisely where the HR rules governing acceptable attire prohibit bedding.
2151,1,3,33,37,1.135135135135135,0.06890566910260519,568,"It is such a wonderful thing, isn't it friendship? I will miss you."
2151,1,3,33,37,1.135135135135135,0.06890566910260519,568,"This should cement our relationship, don't you think?"
2151,0,5,32,37,1.135135135135135,0.05697797585888971,568,I'm going to test out a few anecdotes on you.
2151,0,5,32,37,1.135135135135135,0.05697797585888971,568,Water?
2151,2,1,34,37,1.135135135135135,0.07905373321974885,568,I'm calling your signature cocktail 'The Cement Mixer'.
2151,0,5,32,37,1.135135135135135,0.05697797585888971,568,Don't you just love these mandatory quarterly events?
2151,1,3,33,37,1.135135135135135,0.06890566910260519,568,I hear you're in cement.
2151,1,3,33,37,1.135135135135135,0.06890566910260519,568,A toast to our two intrepid explorers of the deep.
2151,2,1,34,37,1.135135135135135,0.07905373321974885,568,I hear you two will in Jamaica Bay this weekend?
2151,1,3,33,37,1.135135135135135,0.06890566910260519,568,This has a higher success rate than AA? Really?
2151,1,3,33,37,1.135135135135135,0.06890566910260519,568,"Oh dear, i see you have had some trouble with the neighborhood association"
2151,1,3,33,37,1.135135135135135,0.06890566910260519,568,"The gallery has gotten cold feet and decided not to include your performance art at the public opening. Sorry, my hands are tied... Oh!"
2151,0,5,32,37,1.135135135135135,0.05697797585888971,568,So I see that you're taking the big plunge!
2151,1,3,33,37,1.135135135135135,0.06890566910260519,568,To cement your engagement I raise my glass and wish both of you everything I can fathom
2151,1,3,33,37,1.135135135135135,0.06890566910260519,568,You're not missing out. All they have is Beaujolais.
2151,0,5,32,37,1.135135135135135,0.05697797585888971,568,Here's lookin' at ya - for the last time.
2151,1,3,33,37,1.135135135135135,0.06890566910260519,568,My sister tells me the Whole 30 diet gets easier after a few weeks
2151,0,5,32,37,1.135135135135135,0.05697797585888971,568,I told the art dealer you'd fit right in with my co-dependent husband.
2151,1,3,33,37,1.135135135135135,0.06890566910260519,568,"Gee, I only got a reprimand."
2151,0,5,32,37,1.135135135135135,0.05697797585888971,568,I'll be your somolinetrex this evening.
2151,0,5,32,37,1.135135135135135,0.05697797585888971,568,"OK, I'll ask you one more time:: ""he is not my President."
2151,1,3,33,37,1.135135135135135,0.06890566910260519,568,Do you think now you can distinquish between a grippy tannin and a chewy tannin?
2151,1,3,33,37,1.135135135135135,0.06890566910260519,568,"It may not be appropriate cocktail party talk, but what is your opinion on capital punishment?"
2151,0,5,32,37,1.135135135135135,0.05697797585888971,568,"I like the retro, seventies thing you've got going here, but this piece feels . . . unresolved."
2151,2,1,34,37,1.135135135135135,0.07905373321974885,568,"Honey, doesn't this piece look an awful lot like those friends of your brothers? The Grubers, was it?"
2151,1,3,33,37,1.135135135135135,0.06890566910260519,568,Wow! You've made such an incredible effort to come.
2151,1,3,33,37,1.135135135135135,0.06890566910260519,568,"Welcome. Here at Acme Academy of Substance Abuse, we've been experimenting with a new therapy."
2151,1,3,33,37,1.135135135135135,0.06890566910260519,568,You should feel honored to be on my bucket list
2151,1,3,33,37,1.135135135135135,0.06890566910260519,568,"I haven't met Vito, but I know his wife Barb."
2151,0,5,32,37,1.135135135135135,0.05697797585888971,568,Is that a pre-existing condition?
2151,1,3,33,37,1.135135135135135,0.06890566910260519,568,This your first time at the Donner's party?
2151,1,3,33,37,1.135135135135135,0.06890566910260519,568,So I guess this is on your bucket list?
2151,1,3,33,37,1.135135135135135,0.06890566910260519,568,"The invitation was quite clear I'm afraid, no screw-tops."
2151,1,3,33,37,1.135135135135135,0.06890566910260519,568,"My God, Deloris, that's NOT a pimple! It's Trump Pox! If you’d have gotten a vaccination earlier, you’d have prevented that organism from proliferating! Now, you’ll have to take very expensive and scary medication for at least four years!"
2151,0,5,32,37,1.135135135135135,0.05697797585888971,568,So I guess this is on your bucket list?
2151,1,3,33,37,1.135135135135135,0.06890566910260519,568,"I wondered why the invitation said ""Bon Voyage."""
2151,0,5,32,37,1.135135135135135,0.05697797585888971,568,You'll be served when fully chilled
2151,1,3,33,37,1.135135135135135,0.06890566910260519,568,"Next time, RSVP."
2151,0,5,32,37,1.135135135135135,0.05697797585888971,568,"You're both quite good, but didn't make the final cut here. Unfortunately, we can't let the opposition get their hands on you either, so we have to throw you back in the job pool. Pun intended. Ha, ha, ha, ha."
2151,0,5,32,37,1.135135135135135,0.05697797585888971,568,Yes he's a crime boss....but he's a high class crime boss! So you'll be sleeping with the caviar.
2151,1,3,33,37,1.135135135135135,0.06890566910260519,568,"No thanks, we're good."
2151,0,5,32,37,1.135135135135135,0.05697797585888971,568,"Maybe he meant to drop you in the drink, not for a drink."
2151,2,1,34,37,1.135135135135135,0.07905373321974885,568,"If it makes you feel better, I do feel ""mildly nauseous"" about how this turned out."
2151,0,5,32,37,1.135135135135135,0.05697797585888971,568,Still here from the Met Gala huh?
2151,1,3,33,37,1.135135135135135,0.06890566910260519,568,I see the immigration travel ban affected you too?
2151,2,1,34,37,1.135135135135135,0.07905373321974885,568,"So, what did you guys think of the new Kendrick Lamar album? I mean obviously I loved it. I LOVED it. Have you listened to YAH.? I play it all the time. He's my favorite, and I really wanted to impress you on that, thats what I'm doing right now."
2151,2,1,34,37,1.135135135135135,0.07905373321974885,568,What a wonderfully original costume you have.
2151,0,5,32,37,1.135135135135135,0.05697797585888971,568,"Eat, pray, love, torture."
2151,2,1,34,37,1.135135135135135,0.07905373321974885,568,"oh dear, is this a dress-down day?"
2151,0,5,32,37,1.135135135135135,0.05697797585888971,568,I understand you two are in hot water?
2151,1,3,33,37,1.135135135135135,0.06890566910260519,568,Don't ever criticise my wine choice!
2151,2,1,34,37,1.135135135135135,0.07905373321974885,568,"Me fish, you fowl"
2151,1,3,33,37,1.135135135135135,0.06890566910260519,568,Moral outrage meets casual chic. I love it!
2151,1,3,33,37,1.135135135135135,0.06890566910260519,568,I'm multitasking.
2151,1,3,33,37,1.135135135135135,0.06890566910260519,568,I know. You imagine you're all tied up and you're standing in quicksand.
2151,2,1,34,37,1.135135135135135,0.07905373321974885,568,Can I just say how honored I am to make your bucket list.
2151,1,3,33,37,1.135135135135135,0.06890566910260519,568,Are you the escape artists?
2151,0,5,32,37,1.135135135135135,0.05697797585888971,568,Sure you won't change your mind?
2151,0,5,32,37,1.135135135135135,0.05697797585888971,568,We try to practice tolerance but apparently keep failing.
2151,0,5,32,37,1.135135135135135,0.05697797585888971,568,"well, i see you've finally cemented your relationship"
2151,0,5,32,37,1.135135135135135,0.05697797585888971,568,"As neighbors, you've been on my bucket list."
2151,1,3,33,37,1.135135135135135,0.06890566910260519,568,Did you say a dry martini or a dirty martini...?
2151,1,3,33,37,1.135135135135135,0.06890566910260519,568,"So, which performance art circuit did you meet on?"
2151,1,3,33,37,1.135135135135135,0.06890566910260519,568,My husband has just never been good with first impressions.
2151,1,3,33,37,1.135135135135135,0.06890566910260519,568,This is from the grapes that you tromped.
2151,0,5,32,37,1.135135135135135,0.05697797585888971,568,interesting. I've never met a couple who was taking 'bucket list' quite so literally.
2151,1,3,33,37,1.135135135135135,0.06890566910260519,568,Don't be so uptight. No one here cares about you.
2151,1,3,33,37,1.135135135135135,0.06890566910260519,568,"My pool party is next Saturday. You're invited, but I suggest you regret."
2151,1,3,33,37,1.135135135135135,0.06890566910260519,568,"Lighten up, it's a party."
2151,0,5,32,37,1.135135135135135,0.05697797585888971,568,You two are so familiar. Didn't we meet before at the pier?
2151,0,5,32,37,1.135135135135135,0.05697797585888971,568,Are you enjoying your Fyre Gallery VIP experience?
2151,1,3,33,37,1.135135135135135,0.06890566910260519,568,"These cocktail parties can be torture, but not nearly as much as a four hour baseball game."
2151,1,3,33,37,1.135135135135135,0.06890566910260519,568,"This is one of our best selling models. You'll never be late to work again. Or as my ex-wife calls it, the Anti-cheatmatic bed."
2151,0,5,32,37,1.135135135135135,0.05697797585888971,568,Some couples just refuse to come to my cocktail parties.
2266,0,5,33,38,1.131578947368421,0.05557219020090345,568,It's our version of golden handcuffs.
2266,0,5,33,38,1.131578947368421,0.05557219020090345,568,Bottoms up! No?
2266,0,5,33,38,1.131578947368421,0.05557219020090345,568,Virginty vow performance art?
2266,1,3,34,38,1.131578947368421,0.06716206838991055,568,"You misunderstood. We said, ""final cure""... NOT ""pedicure""."
2266,2,1,35,38,1.131578947368421,0.07702738822715369,568,Forced labor or not this wine is delicious
2266,1,3,34,38,1.131578947368421,0.06716206838991055,568,You'll like the Shiraz better from a glass
2266,2,1,35,38,1.131578947368421,0.07702738822715369,568,"And the name of this live art installation is, 'Press Briefings'."
2266,0,5,33,38,1.131578947368421,0.05557219020090345,568,Didn't you hear? The Sirens of Odysseus had to cancel.
2266,0,5,33,38,1.131578947368421,0.05557219020090345,568,It's your choice. Hemlock or the fishes.
2266,0,5,33,38,1.131578947368421,0.05557219020090345,568,How about a little nightcap before you sleep with the fishes?
2266,2,1,35,38,1.131578947368421,0.07702738822715369,568,I see cement shoes are back in vogue.
2266,1,3,34,38,1.131578947368421,0.06716206838991055,568,"You were left at the wrong address, so I called for a pickup."
2266,1,3,34,38,1.131578947368421,0.06716206838991055,568,"Yeah, you just became the unfortunate pairing for this wine. And that's why noone brings box wine to wine club! You broke the first rule of wine club!"
2266,0,5,33,38,1.131578947368421,0.05557219020090345,568,"All you have to do is say, ""yes, I like it""!"
2266,0,5,33,38,1.131578947368421,0.05557219020090345,568,"Been there, done that. I've learned to smile and just drink it."
2266,2,1,35,38,1.131578947368421,0.07702738822715369,568,"This is what happens when you give all power to a spoiled brat. At least, you can still kiss. This is how Houdini escaped, you know. Do you have a moment? Let me tell you the story..."
2266,0,5,33,38,1.131578947368421,0.05557219020090345,568,Until death do you part
2266,2,1,35,38,1.131578947368421,0.07702738822715369,568,"Tell me again, which charity does this awareness for?"
2266,1,3,34,38,1.131578947368421,0.06716206838991055,568,You should see what happens to people who TRIPLE-dip.
2266,1,3,34,38,1.131578947368421,0.06716206838991055,568,Have a drink?
2266,0,5,33,38,1.131578947368421,0.05557219020090345,568,Can I get you a drink?
2266,0,5,33,38,1.131578947368421,0.05557219020090345,568,"So, the witness protection program did not work out?"
2266,0,5,33,38,1.131578947368421,0.05557219020090345,568,"Two aquariums, a cruise line and a forensic science museum are interested in permanent installation."
2266,1,3,34,38,1.131578947368421,0.06716206838991055,568,I think they went overboard with the wine.
2266,1,3,34,38,1.131578947368421,0.06716206838991055,568,So...you still want Obamacare?
2266,1,3,34,38,1.131578947368421,0.06716206838991055,568,"Don't worry, we make all our pledges at Grappa Grappa Grappa do this. Now keep stomping."
2266,0,5,33,38,1.131578947368421,0.05557219020090345,568,Welcome to corporate. Welcome to corporate.
2266,1,3,34,38,1.131578947368421,0.06716206838991055,568,That's one way to achieve your bucket list.
2266,1,3,34,38,1.131578947368421,0.06716206838991055,568,Are you finding ways to amuse yourselves?
2266,1,3,34,38,1.131578947368421,0.06716206838991055,568,Ted always said you were bound to get cold feet.
2266,0,5,33,38,1.131578947368421,0.05557219020090345,568,Escapism! Cool. What are some of your other hobbies?
2266,2,1,35,38,1.131578947368421,0.07702738822715369,568,Now that you are settled try to socialize.
2266,1,3,34,38,1.131578947368421,0.06716206838991055,568,Good news: the cement will be soon be set and we'll be done with this boring reception.
2266,0,5,33,38,1.131578947368421,0.05557219020090345,568,Does this mean you won't be attending the block party?
2266,0,5,33,38,1.131578947368421,0.05557219020090345,568,So which one of you is the artist?
2266,1,3,34,38,1.131578947368421,0.06716206838991055,568,I never really got roped into pot.
2266,1,3,34,38,1.131578947368421,0.06716206838991055,568,It helps distract us from our fear of networking.
2266,0,5,33,38,1.131578947368421,0.05557219020090345,568,"Oh, darn! You WERE supposed to get your complementary drink first."
2266,1,3,34,38,1.131578947368421,0.06716206838991055,568,Which of us is potted?
2266,1,3,34,38,1.131578947368421,0.06716206838991055,568,"The other guests have already heard the details of my transgender surgery, and as you see, they were released and are now none the worst for the experience."
2266,0,5,33,38,1.131578947368421,0.05557219020090345,568,Your associate is already sleeping with the fishes on the hors d'oeuvres table.
2266,2,1,35,38,1.131578947368421,0.07702738822715369,568,"Okay, one more sip, and then I have to go throw the baby out with the bathwater."
2266,1,3,34,38,1.131578947368421,0.06716206838991055,568,"Congratulations Mika, but the network feels it's better to separate you."
2266,1,3,34,38,1.131578947368421,0.06716206838991055,568,"""This is much more fun than 'bobbing' for apples'"
2266,0,5,33,38,1.131578947368421,0.05557219020090345,568,"Laying the rumors of a Ponzi scheme that sucked in several major crime families aside, the gallery thanks you for your generous patronage over the years."
2266,1,3,34,38,1.131578947368421,0.06716206838991055,568,"A toast, to the winners of the Titanic 2 raffle, Bon Voyage ."
2266,1,3,34,38,1.131578947368421,0.06716206838991055,568,Missed a spot.
2266,1,3,34,38,1.131578947368421,0.06716206838991055,568,"After the fish pedicure, you'll be stomping grapes for our Fifty Shades vintage."
2266,0,5,33,38,1.131578947368421,0.05557219020090345,568,Are you the artists?
2266,0,5,33,38,1.131578947368421,0.05557219020090345,568,"So you call this piece ""DIY Rehab""?"
2266,0,5,33,38,1.131578947368421,0.05557219020090345,568,Who wants to try the hemlock first?
2266,1,3,34,38,1.131578947368421,0.06716206838991055,568,You're my favorite kind of party guests--totally willing to listen.
2266,0,5,33,38,1.131578947368421,0.05557219020090345,568,Aren't you just fit to be tied?
2266,1,3,34,38,1.131578947368421,0.06716206838991055,568,So... This completes your bucket list!
2266,0,5,33,38,1.131578947368421,0.05557219020090345,568,"So glad you dropped by, would you like a straw?"
2266,1,3,34,38,1.131578947368421,0.06716206838991055,568,"So, what was your prize for winning the cartoon contest?"
2266,0,5,33,38,1.131578947368421,0.05557219020090345,568,I've opted for cremation myself.
2266,0,5,33,38,1.131578947368421,0.05557219020090345,568,"Our therapist said to try ""50 shapes of grapes"""
2324,1,3,35,39,1.1282051282051282,0.06550424345215436,568,Clean feet at an S&M party is very important!
2324,1,3,35,39,1.1282051282051282,0.06550424345215436,568,You two really can not hold your liquor.
2324,1,3,35,39,1.1282051282051282,0.06550424345215436,568,How in hell did you get yourselves in this mess?
2324,1,3,35,39,1.1282051282051282,0.06550424345215436,568,No... I won't get you a straw.
2324,0,5,34,39,1.1282051282051282,0.054233552759541476,568,Wang or Ford?
2324,1,3,35,39,1.1282051282051282,0.06550424345215436,568,"What a great open bar! Weren't you in the cups at the last office party, too?"
2324,2,1,36,39,1.1282051282051282,0.07510215426707977,568,"Sorry, I can't help you ~ since you are married."
2324,1,3,35,39,1.1282051282051282,0.06550424345215436,568,Where's the cartoon? This is he second time this has happened. Cancelling my subscription I wish y'all the best ??
2324,1,3,35,39,1.1282051282051282,0.06550424345215436,568,Guess who has to mash the grapes.
2324,1,3,35,39,1.1282051282051282,0.06550424345215436,568,This vine to table concept is working great!
2324,0,5,34,39,1.1282051282051282,0.054233552759541476,568,"So, ladies first."
2324,1,3,35,39,1.1282051282051282,0.06550424345215436,568,This 2011 Italian Chianti pairs exceptionally well with an Asiago cheese and mob violence.
2324,1,3,35,39,1.1282051282051282,0.06550424345215436,568,I'm sorry but we've decided to repeal and replace you.
2324,1,3,35,39,1.1282051282051282,0.06550424345215436,568,"Honey, the Yates' are here!"
2324,0,5,34,39,1.1282051282051282,0.054233552759541476,568,Straws or snorkels?
2324,1,3,35,39,1.1282051282051282,0.06550424345215436,568,Let me be the first to unwelcome you to the neighborhood.
2324,1,3,35,39,1.1282051282051282,0.06550424345215436,568,It's call texting abstinence and it has really improved our social skills.
2324,1,3,35,39,1.1282051282051282,0.06550424345215436,568,Welcome to our pale ale tasting.
2324,1,3,35,39,1.1282051282051282,0.06550424345215436,568,It goes well with fish.
2324,0,5,34,39,1.1282051282051282,0.054233552759541476,568,Can I get you a drink?
2324,1,3,35,39,1.1282051282051282,0.06550424345215436,568,I'd like to thank you again for participating in our Ayn Rand objectivist fundraiser.
2324,0,5,34,39,1.1282051282051282,0.054233552759541476,568,Inside the mind of Donald J. Trump...
2324,1,3,35,39,1.1282051282051282,0.06550424345215436,568,"Well, I see that you're tied up, so I'll talk to you later."
2324,2,1,36,39,1.1282051282051282,0.07510215426707977,568,"If that lady can walk around with a mattress, I'm going to BE in a mattress. Try to stop me!"
2324,0,5,34,39,1.1282051282051282,0.054233552759541476,568,An aperitive before your trip?
2324,1,3,35,39,1.1282051282051282,0.06550424345215436,568,What's next will take your breath away.
2324,0,5,34,39,1.1282051282051282,0.054233552759541476,568,Oh no only professional magicians get to use chains.
2324,1,3,35,39,1.1282051282051282,0.06550424345215436,568,Keep stomping. This wine won't make itself.
2324,1,3,35,39,1.1282051282051282,0.06550424345215436,568,You can't possibly need watering already. You're roots are still wet.
2324,1,3,35,39,1.1282051282051282,0.06550424345215436,568,Don't you love these participatory theater experiences?
2324,0,5,34,39,1.1282051282051282,0.054233552759541476,568,Do you prefer sun or shade?
2324,2,1,36,39,1.1282051282051282,0.07510215426707977,568,The summer home has wonderful views of the lake and access to a deep water dock.
2324,0,5,34,39,1.1282051282051282,0.054233552759541476,568,I can see you have met the Godfather.
2324,0,5,34,39,1.1282051282051282,0.054233552759541476,568,You're going to love my new saltwater aquarium!
2324,0,5,34,39,1.1282051282051282,0.054233552759541476,568,"Yes, mine's a Pink Slipper. You got the Cement Shoes?"
2324,0,5,34,39,1.1282051282051282,0.054233552759541476,568,"Oh, no, you're at the right party. You're just early."
2324,1,3,35,39,1.1282051282051282,0.06550424345215436,568,Yes. That's it's the vintage we crushed last year...
2324,0,5,34,39,1.1282051282051282,0.054233552759541476,568,Sometimes Jerry takes Marco Polo games a little too seriously.
2324,2,1,36,39,1.1282051282051282,0.07510215426707977,568,"Don't worry, the safe word is 'Margarita Light.'"
2324,1,3,35,39,1.1282051282051282,0.06550424345215436,568,You two look a little pail !
2324,1,3,35,39,1.1282051282051282,0.06550424345215436,568,I hope art does not imitate life in your case.
2324,1,3,35,39,1.1282051282051282,0.06550424345215436,568,Fifty Shades of Grape?
2324,1,3,35,39,1.1282051282051282,0.06550424345215436,568,"We really get into role playing here, the name of the game is Sleeps with the Fishes."
2324,1,3,35,39,1.1282051282051282,0.06550424345215436,568,"Thanks, but we can't drink."
2324,1,3,35,39,1.1282051282051282,0.06550424345215436,568,And why is this on your bucket list?
2324,1,3,35,39,1.1282051282051282,0.06550424345215436,568,"...And my job is to incidentally stop by, make inquizative conversation and, you know, pretend that there's actually a legitimate concept to your performance."
2324,1,3,35,39,1.1282051282051282,0.06550424345215436,568,"Add more rope, and I'll pay the $10,000."
2324,0,5,34,39,1.1282051282051282,0.054233552759541476,568,Do you mind if I borrow some ice?
2324,0,5,34,39,1.1282051282051282,0.054233552759541476,568,"Bob Mankoff isn't here, so what exactly is the point?"
2324,1,3,35,39,1.1282051282051282,0.06550424345215436,568,"We're out of wine, so keep treading those grapes."
2324,1,3,35,39,1.1282051282051282,0.06550424345215436,568,This is what happens when you don't BYOB.
2324,0,5,34,39,1.1282051282051282,0.054233552759541476,568,The finish if heavy and wet is lasting.
2324,2,1,36,39,1.1282051282051282,0.07510215426707977,568,How nice you're dropping in
2324,1,3,35,39,1.1282051282051282,0.06550424345215436,568,God. You urban elites are always whining.
2324,1,3,35,39,1.1282051282051282,0.06550424345215436,568,"This seems quite the silly protest. In four years you won't even recognize America! Cabernet? No, it's Kool-Aid. Why do you ask?"
2324,0,5,34,39,1.1282051282051282,0.054233552759541476,568,I recommend the Merlot. It's liberating.
2324,0,5,34,39,1.1282051282051282,0.054233552759541476,568,Fascinating. And what are your summer plans?
2324,2,1,36,39,1.1282051282051282,0.07510215426707977,568,"Why darlings, this is the bottom"
2324,0,5,34,39,1.1282051282051282,0.054233552759541476,568,How droll of our hosts to call this a Bon Voyage party.
2324,1,3,35,39,1.1282051282051282,0.06550424345215436,568,The invitation said business casual.
2324,0,5,34,39,1.1282051282051282,0.054233552759541476,568,You look pail.
2324,1,3,35,39,1.1282051282051282,0.06550424345215436,568,"Our boss said he wanted his clients to see how the wine is made, but we didn't think he'd take the figure of speech literally."
2324,0,5,34,39,1.1282051282051282,0.054233552759541476,568,"Brad and Angelina, I am finally getting you off my bucket list!"
2324,2,1,36,39,1.1282051282051282,0.07510215426707977,568,"Your punishment is for saying, 'eck cetera."" You will be released and given a drink when you say 'et cetera' correctly."
2324,0,5,34,39,1.1282051282051282,0.054233552759541476,568,Here's to the end of my bucket list.
2324,1,3,35,39,1.1282051282051282,0.06550424345215436,568,"'Marriage Bound' is the title of this art installation, you say? At what point did you know your union would lead to such a public display?"
2324,0,5,34,39,1.1282051282051282,0.054233552759541476,568,Your friend Large Louis says it's time to leave.
2324,1,3,35,39,1.1282051282051282,0.06550424345215436,568,You two make this schadenfreude meetup great!
2324,2,1,36,39,1.1282051282051282,0.07510215426707977,568,I see you liked the Conundrum wine!
2324,0,5,34,39,1.1282051282051282,0.054233552759541476,568,I'very never seen you two happier.
2324,1,3,35,39,1.1282051282051282,0.06550424345215436,568,You brought terrible wine to my party for the last time
2324,1,3,35,39,1.1282051282051282,0.06550424345215436,568,Here at Chateau Corleone it is highly recommended you choose the chianti.
2324,0,5,34,39,1.1282051282051282,0.054233552759541476,568,"Fortunately you didn't say you would rather be hanged, drawn and quartered."
2397,1,3,37,41,1.1219512195121952,0.06242187264424257,568,I suppose you don't want a drink if you're going snorkeling tonight?
2398,1,2,31,34,1.1176470588235294,0.07020095781645355,568,"In your cups again, I see."
2398,0,4,30,34,1.1176470588235294,0.05608603466150544,568,What about next Wednesday or will you be tied up then too?
2398,0,4,30,34,1.1176470588235294,0.05608603466150544,568,"Congratulations and thank you for your years of service. The ORS, Obtuse Rating System, has selected you to be this year's Sacrificial Teachers."
2398,0,4,30,34,1.1176470588235294,0.05608603466150544,568,Great to see you! You're both doing well?
2398,0,4,30,34,1.1176470588235294,0.05608603466150544,568,I see you're back from the down under.
2398,1,2,31,34,1.1176470588235294,0.07020095781645355,568,I thought you'd never make it!
2398,0,4,30,34,1.1176470588235294,0.05608603466150544,568,You're free when you stop wine-ing.
2398,1,2,31,34,1.1176470588235294,0.07020095781645355,568,I am sure you understand. We cannot forgive you for saying you like Trump's hair.
2398,0,4,30,34,1.1176470588235294,0.05608603466150544,568,I guess you could have just signed the NDA
2398,1,2,31,34,1.1176470588235294,0.07020095781645355,568,"'""Stop Wining."""
2398,0,4,30,34,1.1176470588235294,0.05608603466150544,568,Water?
2398,0,4,30,34,1.1176470588235294,0.05608603466150544,568,The lake is on my way home if you need to be dropped off.
2398,1,2,31,34,1.1176470588235294,0.07020095781645355,568,"Like I said, mind tricks don't work on me. Only cianti"
2398,1,2,31,34,1.1176470588235294,0.07020095781645355,568,Any travel plans?
2398,0,4,30,34,1.1176470588235294,0.05608603466150544,568,Wine out of a box is never acceptable.
2398,0,4,30,34,1.1176470588235294,0.05608603466150544,568,I told you not to bring any damn Merlot.
2398,1,2,31,34,1.1176470588235294,0.07020095781645355,568,"Maybe you two will NOW comprehend that 'Mo-Ney,' not 'Mo-Net,' hangs in my gallery, eh hayseeds?"
2398,1,2,31,34,1.1176470588235294,0.07020095781645355,568,I just love interactive art works. Et vous?
2398,0,4,30,34,1.1176470588235294,0.05608603466150544,568,So how did your new waterfront condo HOA react to your suggestions?
2398,1,2,31,34,1.1176470588235294,0.07020095781645355,568,So I see you two finally tied the knot.
2398,1,2,31,34,1.1176470588235294,0.07020095781645355,568,Knot therapy? You'll have to give me the name of your therapist.
2398,1,2,31,34,1.1176470588235294,0.07020095781645355,568,You can have a sip once you've crushed the grapes.
2398,1,2,31,34,1.1176470588235294,0.07020095781645355,568,He'll be getting back to you. It's just that I had to even out the numbers.
2398,1,2,31,34,1.1176470588235294,0.07020095781645355,568,Is it true you met on a reality show?
2398,0,4,30,34,1.1176470588235294,0.05608603466150544,568,You should really mingle a bit.
2398,0,4,30,34,1.1176470588235294,0.05608603466150544,568,Sip of pinot? Pairs well with impending death.
2398,1,2,31,34,1.1176470588235294,0.07020095781645355,568,loosen up...have a glass
2398,0,4,30,34,1.1176470588235294,0.05608603466150544,568,Let us drink to you ever getting out of this situation.
2398,0,4,30,34,1.1176470588235294,0.05608603466150544,568,"Yes. Well, I LOVE the Italian reds."
2398,0,4,30,34,1.1176470588235294,0.05608603466150544,568,"We will let you go if you stop describing every work as ""profound."""
2398,0,4,30,34,1.1176470588235294,0.05608603466150544,568,Let me fix you a drink and no one gets it.
2398,1,2,31,34,1.1176470588235294,0.07020095781645355,568,Mr. Capone's secretary said you might have some tips for my interview with 'Old Scarface.'
2398,1,2,31,34,1.1176470588235294,0.07020095781645355,568,"Well, I won't keep you here any longer . . ."
2398,1,2,31,34,1.1176470588235294,0.07020095781645355,568,I'm a transplant too. I completely photosympathize with what you two are going through.
2398,0,4,30,34,1.1176470588235294,0.05608603466150544,568,Arthur said I just had to come over and meet the performance art couple.
2398,1,2,31,34,1.1176470588235294,0.07020095781645355,568,"So, maybe A.A. wasn't such a bad idea after all?"
2398,0,4,30,34,1.1176470588235294,0.05608603466150544,568,Don't tell me you're in your cups already.
2398,0,4,30,34,1.1176470588235294,0.05608603466150544,568,"Personally, I find monogamy a bit too confining"
2398,1,2,31,34,1.1176470588235294,0.07020095781645355,568,"Sleeping with the fishes is so déclassé, this is ""drinking with the neighbors."""
2398,0,4,30,34,1.1176470588235294,0.05608603466150544,568,"OK, but would you prefer red or white?"
2398,0,4,30,34,1.1176470588235294,0.05608603466150544,568,"Congratulations , I heard the boss gave you some downtime!"
2398,0,4,30,34,1.1176470588235294,0.05608603466150544,568,Welcome to the 'fifty shades of grape' couple's retreat.
2398,0,4,30,34,1.1176470588235294,0.05608603466150544,568,I'll call you a dolly.
2398,1,2,31,34,1.1176470588235294,0.07020095781645355,568,"No, it wasn't me. Neither of you was on my bucket list."
2398,1,2,31,34,1.1176470588235294,0.07020095781645355,568,"Well, Bon Voyage!"
2398,2,0,32,34,1.1176470588235294,0.0819188969203284,568,"While purity in backyard winemaking is commendable, you can wine press with something other than feet."
2398,0,4,30,34,1.1176470588235294,0.05608603466150544,568,"Relax, it's only Pinot Noir."
2398,1,2,31,34,1.1176470588235294,0.07020095781645355,568,That liner still hasn't cleared the pier. Have a few more Chardonnays.
2398,1,2,31,34,1.1176470588235294,0.07020095781645355,568,So why don't you tell me a little about yourselves.
2398,1,2,31,34,1.1176470588235294,0.07020095781645355,568,I told you it was not the usual whine pairing!
2398,0,4,30,34,1.1176470588235294,0.05608603466150544,568,We didn't want to alienate you from the means of production.
2398,0,4,30,34,1.1176470588235294,0.05608603466150544,568,"So, when are you sailing?"
2398,1,2,31,34,1.1176470588235294,0.07020095781645355,568,May I offer you the drink?
2398,0,4,30,34,1.1176470588235294,0.05608603466150544,568,When you said you were tied up I figured you weren't coming.
2398,0,4,30,34,1.1176470588235294,0.05608603466150544,568,So when are you two tying the knot?
2398,0,4,30,34,1.1176470588235294,0.05608603466150544,568,How's life in the witness protection program?
2398,0,4,30,34,1.1176470588235294,0.05608603466150544,568,"No, it's pleasure, not business."
2398,1,2,31,34,1.1176470588235294,0.07020095781645355,568,"I'm surprised to see you guys, I thought you were tied up tonight."
2398,1,2,31,34,1.1176470588235294,0.07020095781645355,568,So you're the ones who brought white zinfandel.
2398,0,4,30,34,1.1176470588235294,0.05608603466150544,568,"Networking is a challenge, I know. Can I start you both off with a glass of vino?"
2398,0,4,30,34,1.1176470588235294,0.05608603466150544,568,Critical judgement fuels my artistic response.
2398,1,2,31,34,1.1176470588235294,0.07020095781645355,568,Not another drop. You're both already potted.
2398,1,2,31,34,1.1176470588235294,0.07020095781645355,568,"I'm sure your RSVP said ""It's fun to be bound."""
2398,1,2,31,34,1.1176470588235294,0.07020095781645355,568,"Sorry, this is not the Joan of Arc bucket list party."
2398,0,4,30,34,1.1176470588235294,0.05608603466150544,568,dfg
2398,2,0,32,34,1.1176470588235294,0.0819188969203284,568,How's life?
2398,0,4,30,34,1.1176470588235294,0.05608603466150544,568,"Congratulations, I see you've decided to go public with your ""50 Shades of Gray"" exploration."
2398,1,2,31,34,1.1176470588235294,0.07020095781645355,568,"Wow, now I know why you Freedom Caucus people complain about your liberty being abridged."
2398,2,0,32,34,1.1176470588235294,0.0819188969203284,568,Last day? Can I get you a pour?
2398,0,4,30,34,1.1176470588235294,0.05608603466150544,568,"Et tu, Brute?"
2398,1,2,31,34,1.1176470588235294,0.07020095781645355,568,I understand that you two will be leaving out company to work at a company that will pay you more money. We wish you the best. Our good-bye gift to you is a fishing trip.
2398,1,2,31,34,1.1176470588235294,0.07020095781645355,568,This wine too was aged in cement.
2398,0,4,30,34,1.1176470588235294,0.05608603466150544,568,Just stay for one more drink!
2398,1,2,31,34,1.1176470588235294,0.07020095781645355,568,Pity that everyone here is so set in their ways. Don't you think ?
2398,1,2,31,34,1.1176470588235294,0.07020095781645355,568,""" Will there be someone to send you off ?'"
2398,2,0,32,34,1.1176470588235294,0.0819188969203284,568,But this is all I could afford in Brooklyn . . .
2398,0,4,30,34,1.1176470588235294,0.05608603466150544,568,Let me guess. You got made an offer you couldn't refuse.
2398,0,4,30,34,1.1176470588235294,0.05608603466150544,568,Wow. Who knew airport security had so many options?
2398,0,4,30,34,1.1176470588235294,0.05608603466150544,568,"Wow, you two are fifty shades of bizarre."
2398,1,2,31,34,1.1176470588235294,0.07020095781645355,568,"I'm so sorry, we don't have a Brunello."
2398,1,2,31,34,1.1176470588235294,0.07020095781645355,568,sorry this reception is for landscape artists!
2398,1,2,31,34,1.1176470588235294,0.07020095781645355,568,"I'd offer an oeur d'oeuvre, but I can see you're going for a swim."
2398,0,4,30,34,1.1176470588235294,0.05608603466150544,568,Here's to your health
2398,1,2,31,34,1.1176470588235294,0.07020095781645355,568,Into the high risk pool you go.
2398,1,2,31,34,1.1176470588235294,0.07020095781645355,568,Congrats on tying the knot!
2398,0,4,30,34,1.1176470588235294,0.05608603466150544,568,Y'all really need to loosen up a little.
2398,0,4,30,34,1.1176470588235294,0.05608603466150544,568,I would prefer to ferment in an oak barrel rather than a steel bucket.
2398,1,2,31,34,1.1176470588235294,0.07020095781645355,568,It's called 'Death in the Afternoon'; want to try it?
2398,1,2,31,34,1.1176470588235294,0.07020095781645355,568,"So anyway, the ice-bucket challenge has moved up a level."
2398,1,2,31,34,1.1176470588235294,0.07020095781645355,568,Loosen up!
2398,1,2,31,34,1.1176470588235294,0.07020095781645355,568,So is this a performance piece about Luca Brasi?
2398,0,4,30,34,1.1176470588235294,0.05608603466150544,568,"Sorry, my husband forgot to ask, ""salt, or fresh?"""
2398,0,4,30,34,1.1176470588235294,0.05608603466150544,568,"Yes, I know, no one really enjoys modern art."
2398,1,2,31,34,1.1176470588235294,0.07020095781645355,568,"Sorry, I take no prisoners."
2398,1,2,31,34,1.1176470588235294,0.07020095781645355,568,How sexist! You are tied up more and have a smaller bucket!
2398,1,2,31,34,1.1176470588235294,0.07020095781645355,568,"Being let go is harsh. But, hey, you'll land on your feet."
2398,1,2,31,34,1.1176470588235294,0.07020095781645355,568,Welcome to whine tasting.
2398,1,2,31,34,1.1176470588235294,0.07020095781645355,568,We've concluded that the public does not appear ready for your art.
2398,1,2,31,34,1.1176470588235294,0.07020095781645355,568,This is exactly why I went for the mont-to-month plan.
2398,0,4,30,34,1.1176470588235294,0.05608603466150544,568,"After you survived the Mafia and the tsunami, then what happened?"
2398,1,2,31,34,1.1176470588235294,0.07020095781645355,568,I'm just having a bed day.
2398,0,4,30,34,1.1176470588235294,0.05608603466150544,568,This wine tastes like bunion remover.
2398,0,4,30,34,1.1176470588235294,0.05608603466150544,568,WHICH cruise line are you booked on ?
2398,1,2,31,34,1.1176470588235294,0.07020095781645355,568,Barrel-aging really does so much for the flavor profile.
2398,0,4,30,34,1.1176470588235294,0.05608603466150544,568,You have an odd bucket list.
2398,0,4,30,34,1.1176470588235294,0.05608603466150544,568,I could never sleep upright with the fishes. How do you do it?
2398,0,4,30,34,1.1176470588235294,0.05608603466150544,568,"Like I said, startups are sink or swim."
2398,0,4,30,34,1.1176470588235294,0.05608603466150544,568,Well at least you're not tongue-tied.
2398,1,2,31,34,1.1176470588235294,0.07020095781645355,568,I'm sorry. But 'YUK!' is not acceptable at our vineyard's wine tastings.
2398,0,4,30,34,1.1176470588235294,0.05608603466150544,568,"Here's to my ex-husband, his new young wife and the happy conclusion to my bucket list."
2398,2,0,32,34,1.1176470588235294,0.0819188969203284,568,This is a tough way to find out you moved into a democratic neighborhood.
2398,0,4,30,34,1.1176470588235294,0.05608603466150544,568,You look like you need a stiff drink.
2398,0,4,30,34,1.1176470588235294,0.05608603466150544,568,The nutty earth tones will pair nicely with the fishes you will be sleeping with.
2398,0,4,30,34,1.1176470588235294,0.05608603466150544,568,"So, how long have you two been living as hostages in New York?"
2398,0,4,30,34,1.1176470588235294,0.05608603466150544,568,The invitation didn't mention that this was a white tie event
2398,1,2,31,34,1.1176470588235294,0.07020095781645355,568,Is it still considered torture if we offer you Chardonnay?
2398,0,4,30,34,1.1176470588235294,0.05608603466150544,568,"Well, I'm no art critic, but you look too happy. Try bowing your heads in shame."
2398,1,2,31,34,1.1176470588235294,0.07020095781645355,568,"I'm the good cop - here, have some wine!"
2398,0,4,30,34,1.1176470588235294,0.05608603466150544,568,Actually they're asphalt overshoes. Cheaper than cement.
2398,2,0,32,34,1.1176470588235294,0.0819188969203284,568,'Disinterested' actually means 'impartial.'
2398,0,4,30,34,1.1176470588235294,0.05608603466150544,568,Bill and Marge conquered their first meta-bucket-list item.
2398,0,4,30,34,1.1176470588235294,0.05608603466150544,568,If you need to be moved I recommend the Rothko.
2398,0,4,30,34,1.1176470588235294,0.05608603466150544,568,"There's no ""I"" in merlot."
2398,0,4,30,34,1.1176470588235294,0.05608603466150544,568,Why would I say you would swim with the knishes?
2398,0,4,30,34,1.1176470588235294,0.05608603466150544,568,Is this a selfie post?
2398,0,4,30,34,1.1176470588235294,0.05608603466150544,568,Here's to you finally tying the knot.
2398,0,4,30,34,1.1176470588235294,0.05608603466150544,568,And how do you know the Puccio's?
2398,0,4,30,34,1.1176470588235294,0.05608603466150544,568,"Good to hear! So, what else is new?"
2398,2,0,32,34,1.1176470588235294,0.0819188969203284,568,I finally paid off my student loans. How about you?
2398,0,4,30,34,1.1176470588235294,0.05608603466150544,568,"Oh, George couldn't come, he got tied up at work."
2398,1,2,31,34,1.1176470588235294,0.07020095781645355,568,Who would have imagined you'd be toasted too?
2398,1,2,31,34,1.1176470588235294,0.07020095781645355,568,"Sorry, I should have warned you. Vladimir really doesn't like it when people finish all of the caviar."
2398,0,4,30,34,1.1176470588235294,0.05608603466150544,568,Try this. You're bound to get potted.
2398,0,4,30,34,1.1176470588235294,0.05608603466150544,568,"Cindy, this is my mother."
2398,0,4,30,34,1.1176470588235294,0.05608603466150544,568,Can I get you a drink until Guido gets here?
2398,0,4,30,34,1.1176470588235294,0.05608603466150544,568,Thank you for being designated drivers.
2398,0,4,30,34,1.1176470588235294,0.05608603466150544,568,So your saying this isn't how to do the bucket challenge.
2398,1,2,31,34,1.1176470588235294,0.07020095781645355,568,"Here's my card, just in case you survive."
2398,0,4,30,34,1.1176470588235294,0.05608603466150544,568,"I'd offer you a glass of wine, but I see that you are already tied up and potted."
2398,1,2,31,34,1.1176470588235294,0.07020095781645355,568,"Well, don't you two look awfully well-matched?"
2398,1,2,31,34,1.1176470588235294,0.07020095781645355,568,So how is AA going?
2398,1,2,31,34,1.1176470588235294,0.07020095781645355,568,We just need the region and year and you can go free.
2398,1,2,31,34,1.1176470588235294,0.07020095781645355,568,I told you not to use the first hundred days and disaster in the same sentence.
2398,0,4,30,34,1.1176470588235294,0.05608603466150544,568,Feeling guilty about your vote for Gary Johnson?
2398,1,2,31,34,1.1176470588235294,0.07020095781645355,568,This wine is to die for.
2398,1,2,31,34,1.1176470588235294,0.07020095781645355,568,"We caught each other cheating, and now we're both in hot water."
2398,1,2,31,34,1.1176470588235294,0.07020095781645355,568,They're still shocking the pool. You'll get a bad rash if you jump in now.
2398,0,4,30,34,1.1176470588235294,0.05608603466150544,568,It's an acquired taste.
2398,1,2,31,34,1.1176470588235294,0.07020095781645355,568,While I recognize your diligent research into crime and punishment - I find the cement overshoes to be excessive!
2398,0,4,30,34,1.1176470588235294,0.05608603466150544,568,Where were you when I needed rescuing from that man with an herb in his tooth?
2398,1,2,31,34,1.1176470588235294,0.07020095781645355,568,Betsy gave Arrabbiato's two stars too. She would up in a trunk.
2398,0,4,30,34,1.1176470588235294,0.05608603466150544,568,May I offer you a sip?
2398,1,2,31,34,1.1176470588235294,0.07020095781645355,568,"Well, you two know how to literally tie one on ."
2398,0,4,30,34,1.1176470588235294,0.05608603466150544,568,Looks like you're already potted.
2398,1,2,31,34,1.1176470588235294,0.07020095781645355,568,"Oh, nothing personal. These after-work parties just needed some right-sizing."
2398,0,4,30,34,1.1176470588235294,0.05608603466150544,568,"Our goal is"" trussed and obey, for there is no other way"""
2398,1,2,31,34,1.1176470588235294,0.07020095781645355,568,"So, when did you two tie the knots?"
2398,1,2,31,34,1.1176470588235294,0.07020095781645355,568,"Sacrifices? Oh, don't get me started. Have I told you about my Grand Cayman ordeal?"
2398,0,4,30,34,1.1176470588235294,0.05608603466150544,568,Yes I know they said that the Merlot is not bad this year...but it's still Merlot.
2398,0,4,30,34,1.1176470588235294,0.05608603466150544,568,It's so nice of you to stop by before you disappear!
2398,0,4,30,34,1.1176470588235294,0.05608603466150544,568,"Anyway, I'll stop drowning you in my stories. What's up with you?"
2398,0,4,30,34,1.1176470588235294,0.05608603466150544,568,"So, how was the Middle East?"
2398,0,4,30,34,1.1176470588235294,0.05608603466150544,568,"Like they say, Sweets to the Sweet....toast to the toast"
2398,0,4,30,34,1.1176470588235294,0.05608603466150544,568,So have you learned your lesson about abstaining from Pot Luck?
2398,0,4,30,34,1.1176470588235294,0.05608603466150544,568,Have you tried the wine? It helps you get loose.
2398,0,4,30,34,1.1176470588235294,0.05608603466150544,568,You can't imagine what it's like to be gluten intolerant. It makes you feel so heavy.
2398,0,4,30,34,1.1176470588235294,0.05608603466150544,568,"Here, maybe a glass of wine will loosen you up!"
2398,0,4,30,34,1.1176470588235294,0.05608603466150544,568,"Well, I hope you don't feels as if you're forced to stay."
2398,0,4,30,34,1.1176470588235294,0.05608603466150544,568,We used to play that game at Smith.
2398,0,4,30,34,1.1176470588235294,0.05608603466150544,568,Do you want a straw for your prosecco?
2398,0,4,30,34,1.1176470588235294,0.05608603466150544,568,"On the other hand, you do match nicely."
2398,0,4,30,34,1.1176470588235294,0.05608603466150544,568,Guess you didn't´t see the red rope
2398,1,2,31,34,1.1176470588235294,0.07020095781645355,568,Is this an arranged marriage?
2398,1,2,31,34,1.1176470588235294,0.07020095781645355,568,Captivating!
2398,0,4,30,34,1.1176470588235294,0.05608603466150544,568,"Next time, just join in singing 'Happy Birthday, Uncle Vinnie.'"
2398,1,2,31,34,1.1176470588235294,0.07020095781645355,568,"I hear you, sister. We want them to be abstract, but they always turn out to be concrete."
2398,0,4,30,34,1.1176470588235294,0.05608603466150544,568,We only need to be watered once a week.
2398,0,4,30,34,1.1176470588235294,0.05608603466150544,568,I'd offer you a drink but it looks like you're tied up.
2398,1,2,31,34,1.1176470588235294,0.07020095781645355,568,"""You wanted the drinks 'straight up', right?"
2398,1,2,31,34,1.1176470588235294,0.07020095781645355,568,I just love your tie
2398,1,2,31,34,1.1176470588235294,0.07020095781645355,568,This is your last chance: fleshy with nutmeg elements or muscular with notes of clove?
2398,1,2,31,34,1.1176470588235294,0.07020095781645355,568,"I'm a friend of Luca's. Do you swim with the fishes, too?"
2398,1,2,31,34,1.1176470588235294,0.07020095781645355,568,Your just bound to meet people here.
2398,1,2,31,34,1.1176470588235294,0.07020095781645355,568,So Canada said no to your immigration application?
2398,1,2,31,34,1.1176470588235294,0.07020095781645355,568,"Now, that's what I call a pre-existing condition!"
2398,1,2,31,34,1.1176470588235294,0.07020095781645355,568,"We'd like to help, but our hands are tied."
2398,0,4,30,34,1.1176470588235294,0.05608603466150544,568,"Well, when things settle down for you, we really must have lunch!"
2398,1,2,31,34,1.1176470588235294,0.07020095781645355,568,Unfair contest because you have more ropes? Since when was life fair.
2398,1,2,31,34,1.1176470588235294,0.07020095781645355,568,"When I heard that you'd be tied up for the reception, I didn't realize that you're literalists!"
2398,0,4,30,34,1.1176470588235294,0.05608603466150544,568,And now for your 13th and final step...
2398,1,2,31,34,1.1176470588235294,0.07020095781645355,568,"I love a captive audience, don't you?"
2398,1,2,31,34,1.1176470588235294,0.07020095781645355,568,I understand that you spent last night with the Fishers?
2398,1,2,31,34,1.1176470588235294,0.07020095781645355,568,Here's the glass of wine I promised to buy you if your candidate Trump won. Still happy with your choice for president?
2398,0,4,30,34,1.1176470588235294,0.05608603466150544,568,Where in the Hudson did you say you live?
2398,0,4,30,34,1.1176470588235294,0.05608603466150544,568,Thanks for coming. I thought you were tied up tonight.
2398,1,2,31,34,1.1176470588235294,0.07020095781645355,568,So when's the big splash?
2398,2,0,32,34,1.1176470588235294,0.0819188969203284,568,Swirling really brings out the subtle notes of Stu's athlete's foot.
2398,1,2,31,34,1.1176470588235294,0.07020095781645355,568,So... are you married?
2398,1,2,31,34,1.1176470588235294,0.07020095781645355,568,"Forget your troubles -- c'mon, get happy"
2398,0,4,30,34,1.1176470588235294,0.05608603466150544,568,"Ball 'n Chain, Cement Boots...it's all the same."
2598,1,2,32,35,1.1142857142857143,0.0682485395100738,568,"Ivanka, you and Jared have upset your father (Huge mistake!); Hemlock or a swimming lesson."
2598,1,2,32,35,1.1142857142857143,0.0682485395100738,568,"Well, enough about me. I should let kept you mingle with the other guests."
2598,1,2,32,35,1.1142857142857143,0.0682485395100738,568,"So, how is the ""Sleeps with the fishes"" package? We almost did that one"
2598,0,4,31,35,1.1142857142857143,0.054563640607556065,568,This Cabernet matches perfectly with the fishes
2598,1,2,32,35,1.1142857142857143,0.0682485395100738,568,"So, are you an installation or are you left over from when this space was owned by the Mafia?"
2598,1,2,32,35,1.1142857142857143,0.0682485395100738,568,404 Not Found!
2598,1,2,32,35,1.1142857142857143,0.0682485395100738,568,"Sure, your method works well. But since I got this new app, my alcohol consumption is down to just one glass a day!"
2598,1,2,32,35,1.1142857142857143,0.0682485395100738,568,This is our lightest Merlot.
2598,1,2,32,35,1.1142857142857143,0.0682485395100738,568,You humble bragged one too many times about your children's accomplishments.
2598,1,2,32,35,1.1142857142857143,0.0682485395100738,568,I'm glad you made it. I thought you'd be tied up at work
2598,1,2,32,35,1.1142857142857143,0.0682485395100738,568,"Before they swam with the fishes, the Prisms were forced to listen to Mary at the white paint convention."
2598,1,2,32,35,1.1142857142857143,0.0682485395100738,568,"I would offer you some wine, but you seem a bit tied up at the moment."
2598,0,4,31,35,1.1142857142857143,0.054563640607556065,568,"So my 2016 Viognier lacked clarity and polish, did it?"
2598,1,2,32,35,1.1142857142857143,0.0682485395100738,568,I'd die too if someone was wearing my same outfit.
2598,1,2,32,35,1.1142857142857143,0.0682485395100738,568,"I'm sorry our rules about no fidget spinners are so strict here, but would you like a glass of wine?"
2598,1,2,32,35,1.1142857142857143,0.0682485395100738,568,Please continue...
2598,0,4,31,35,1.1142857142857143,0.054563640607556065,568,"They ran out of straws, so I can either untie you or serve you."
2598,0,4,31,35,1.1142857142857143,0.054563640607556065,568,Would you like a chair?
2598,2,0,33,35,1.1142857142857143,0.07961491954505555,568,"By all means, take the plunge!"
2598,0,4,31,35,1.1142857142857143,0.054563640607556065,568,"So, you two decided to take the plunge."
2598,0,4,31,35,1.1142857142857143,0.054563640607556065,568,...and then I spent all last week watching the paint dry in my bathroom...
2598,0,4,31,35,1.1142857142857143,0.054563640607556065,568,"Honestly, I'm more of a freethinker."
2598,1,2,32,35,1.1142857142857143,0.0682485395100738,568,I think those reality TV shows go a little too far sometimes
2598,0,4,31,35,1.1142857142857143,0.054563640607556065,568,Sorry for roping you into this...
2598,1,2,32,35,1.1142857142857143,0.0682485395100738,568,I take it you guys don't get out much ...
2598,1,2,32,35,1.1142857142857143,0.0682485395100738,568,"So how long have you been into this whole ""swinger"" thing"
2598,0,4,31,35,1.1142857142857143,0.054563640607556065,568,Can you get me another glass?
2598,0,4,31,35,1.1142857142857143,0.054563640607556065,568,Welcome to Unhappy Hour.
2598,1,2,32,35,1.1142857142857143,0.0682485395100738,568,"Listen, fundraising is fundraising, and we need what we need. Ready to give?"
2598,0,4,31,35,1.1142857142857143,0.054563640607556065,568,"Don't worry, you're starting to grow on us."
2598,0,4,31,35,1.1142857142857143,0.054563640607556065,568,you might find it difficult to socialize for a moment but after we pour a few drinks down you you'll be the delight of the party.
2598,0,4,31,35,1.1142857142857143,0.054563640607556065,568,"Wonderful going away party, darlings!"
2598,0,4,31,35,1.1142857142857143,0.054563640607556065,568,I can't wear cement shoes.
2598,1,2,32,35,1.1142857142857143,0.0682485395100738,568,"""And if you buy a whole book of raffle tickets, it's cheaper""."
2598,0,4,31,35,1.1142857142857143,0.054563640607556065,568,"Before we get to the waterboarding, would you like a last sip of the wine? It's suppose to be a good year!"
2598,1,2,32,35,1.1142857142857143,0.0682485395100738,568,So nice of you to stop by on your way...
2598,1,2,32,35,1.1142857142857143,0.0682485395100738,568,It seems one of our members found a toenail in your homemade wine.
2598,0,4,31,35,1.1142857142857143,0.054563640607556065,568,...and that's when I discovered the fine art of potting people BEFORE eating them.
2598,1,2,32,35,1.1142857142857143,0.0682485395100738,568,"On the brighter side of things, at least you're getting out of this party together."
2598,1,2,32,35,1.1142857142857143,0.0682485395100738,568,Congratulations! Here's to your winning tonight. Sad to see you won't be able to make our Hangman competition next month .
2598,1,2,32,35,1.1142857142857143,0.0682485395100738,568,"Sorry, but this crowd is leagues above you."
2598,0,4,31,35,1.1142857142857143,0.054563640607556065,568,It's quite a mob scene in here.
2598,0,4,31,35,1.1142857142857143,0.054563640607556065,568,"....and so, just sayin', you might not want to go on the boat ride with Vinny after dinner."
2598,0,4,31,35,1.1142857142857143,0.054563640607556065,568,"Oh honey, this would look fabulous in our living room"
2598,0,4,31,35,1.1142857142857143,0.054563640607556065,568,"pray tell, how do you manage to break away from the dungeon?"
2598,0,4,31,35,1.1142857142857143,0.054563640607556065,568,E.L. Doctorow strikes again?
2598,0,4,31,35,1.1142857142857143,0.054563640607556065,568,It's dryer than I'd like.
2598,0,4,31,35,1.1142857142857143,0.054563640607556065,568,The Prez asked for examples to explain the term: Cement Shoes. We figured a couple of fired lawyers from DOJ would do.
2598,1,2,32,35,1.1142857142857143,0.0682485395100738,568,Next time clip your toenails before stomping the grapes.
2598,0,4,31,35,1.1142857142857143,0.054563640607556065,568,I just love the shoes!
2598,0,4,31,35,1.1142857142857143,0.054563640607556065,568,Congratulations on completing the course on Harry Houdini.
2598,0,4,31,35,1.1142857142857143,0.054563640607556065,568,i now pronounce you man and wife
2598,1,2,32,35,1.1142857142857143,0.0682485395100738,568,I hear if you add nitrogen to the soil you'll grow better.
2598,1,2,32,35,1.1142857142857143,0.0682485395100738,568,It is unfortunate that you disagreed with the judges. One more sip to change your minds?
2598,0,4,31,35,1.1142857142857143,0.054563640607556065,568,I now pronounce you the bondage twosome of the week!
2598,1,2,32,35,1.1142857142857143,0.0682485395100738,568,"So, enough about me. What's new with you?"
2598,0,4,31,35,1.1142857142857143,0.054563640607556065,568,I'm glad to see you two finally made it to couples counseling
2598,0,4,31,35,1.1142857142857143,0.054563640607556065,568,You make a perfect couple.
2598,0,4,31,35,1.1142857142857143,0.054563640607556065,568,"Well, there's no reason I can't drink like a fish before you sleep with them!"
2598,0,4,31,35,1.1142857142857143,0.054563640607556065,568,I hear you two are going away for a while.
2598,0,4,31,35,1.1142857142857143,0.054563640607556065,568,I suppose offering you a drink might be taken the wrong way.
2598,1,2,32,35,1.1142857142857143,0.0682485395100738,568,"Yes, but you did request the Chateau Peau Amontillado, vintage 1846."
2598,1,2,32,35,1.1142857142857143,0.0682485395100738,568,Who ordered the big drink?
2598,1,2,32,35,1.1142857142857143,0.0682485395100738,568,"Don't worry, most of our donors start out with cold feet."
2598,0,4,31,35,1.1142857142857143,0.054563640607556065,568,A Drink Before You Sink
2598,1,2,32,35,1.1142857142857143,0.0682485395100738,568,"You won, but don't you think you went a little too far?"
2598,0,4,31,35,1.1142857142857143,0.054563640607556065,568,"Yes, I'm pretty sure it IS red wine when you're sleeping with the fishes."
2598,0,4,31,35,1.1142857142857143,0.054563640607556065,568,Fifty Shades of Sober
2598,0,4,31,35,1.1142857142857143,0.054563640607556065,568,"I hate these things, don't you?"
2598,1,2,32,35,1.1142857142857143,0.0682485395100738,568,I told you Chianti not merlot
2598,1,2,32,35,1.1142857142857143,0.0682485395100738,568,So cement overshoes aren't really overshoes at all. Interesting.
2598,1,2,32,35,1.1142857142857143,0.0682485395100738,568,I just love your matching slippers!
2598,0,4,31,35,1.1142857142857143,0.054563640607556065,568,What brings you two here tonight?
2598,1,2,32,35,1.1142857142857143,0.0682485395100738,568,Clean feet at an S&M party is very important!
2598,0,4,31,35,1.1142857142857143,0.054563640607556065,568,I suppose the dogs are even worse than the cats.
2598,1,2,32,35,1.1142857142857143,0.0682485395100738,568,I love your shoes! Who's your consigliere?
2598,0,4,31,35,1.1142857142857143,0.054563640607556065,568,Bottoms Down
2598,1,2,32,35,1.1142857142857143,0.0682485395100738,568,Cheers! So glad I could cement our relationship!
2598,0,4,31,35,1.1142857142857143,0.054563640607556065,568,How did you get roped into this one?
2598,1,2,32,35,1.1142857142857143,0.0682485395100738,568,"So, you two met at a Mafia mixer."
2598,1,2,32,35,1.1142857142857143,0.0682485395100738,568,Perhaps this will ease your anxiety.
2598,0,4,31,35,1.1142857142857143,0.054563640607556065,568,"As they say, till death do us part."
2598,1,2,32,35,1.1142857142857143,0.0682485395100738,568,I didn't mean you had to actually check your privilege.
2598,0,4,31,35,1.1142857142857143,0.054563640607556065,568,Enjoy your tour of the deep ocean trenches
2598,0,4,31,35,1.1142857142857143,0.054563640607556065,568,You were both on my bucket list
2683,1,2,33,36,1.1111111111111112,0.06640158940746632,568,"""For the last time,which of you dropped a mouse in my wine?"
2683,1,2,33,36,1.1111111111111112,0.06640158940746632,568,"Pinot Noir, it matches my shoes"
2683,1,2,33,36,1.1111111111111112,0.06640158940746632,568,"Well now... a toast to this new varietal blend I call... Farewell.. with ""deep"" aromas, ""heavily weighed"" ... robust flavors of the Sea... Cheers !"
2683,0,4,32,36,1.1111111111111112,0.05312127152597306,568,You look all tied up.
2683,1,2,33,36,1.1111111111111112,0.06640158940746632,568,"Thanks, but sorry, we can't make it. We're all tied up."
2683,0,4,32,36,1.1111111111111112,0.05312127152597306,568,You must be Fat Tony's friends he's alwasys talking about.
2689,1,2,36,39,1.1025641025641026,0.06141463024552095,568,I asume your next cruise is for business not pleasure.
2690,1,1,29,31,1.096774193548387,0.0711629768076314,568,I'm so glad you were able to stop by before going on your fishing trip!
2690,1,1,29,31,1.096774193548387,0.0711629768076314,568,You say you're related to the unsinkable Molly Brown? We'll see.
2690,0,3,28,31,1.096774193548387,0.053978066228004884,568,..and then my cute-ums said 'mom-pa' ha ha ha. Did I mention she looks like JLo! and then...
2690,0,3,28,31,1.096774193548387,0.053978066228004884,568,Feel tight? Here some wine to loosen you up.
2690,0,3,28,31,1.096774193548387,0.053978066228004884,568,We'll be scuba-diving on Maui next week - how about you?
2690,1,1,29,31,1.096774193548387,0.0711629768076314,568,Is that Quickcrete?
2690,0,3,28,31,1.096774193548387,0.053978066228004884,568,Welcome to the Cannibal's Ball ... we're pleased to have you for dinner.
2690,0,3,28,31,1.096774193548387,0.053978066228004884,568,Really! I don't know why the two of find such a such a need to drown your sorrows.
2690,1,1,29,31,1.096774193548387,0.0711629768076314,568,"So, how's your marriage counseling doing so far.............."
2690,1,1,29,31,1.096774193548387,0.0711629768076314,568,We believe executions should be civil!
2690,0,3,28,31,1.096774193548387,0.053978066228004884,568,I couldn't find any bread.
2690,0,3,28,31,1.096774193548387,0.053978066228004884,568,"""Your final performance-art piece will make a splash""."
2690,1,1,29,31,1.096774193548387,0.0711629768076314,568,You thought 'swim with the fishes' meant scuba diving? Sorry!
2690,0,3,28,31,1.096774193548387,0.053978066228004884,568,I see you got roped into coming here too?
2690,0,3,28,31,1.096774193548387,0.053978066228004884,568,"Did you hear the latest about Suzy? Well, let me tell you EVERYBODY in town is saying..."
2690,0,3,28,31,1.096774193548387,0.053978066228004884,568,Would you like to try it?. It's a Cabernet '84.
2690,1,1,29,31,1.096774193548387,0.0711629768076314,568,"It's not my usual style, but I can't have you bad-mouthing my party Monday morning."
2690,0,3,28,31,1.096774193548387,0.053978066228004884,568,I hope you realize this isn't personal. We are all very civilized people here!
2690,0,3,28,31,1.096774193548387,0.053978066228004884,568,"It's time for some ""game"" ""theory""!"
2690,1,1,29,31,1.096774193548387,0.0711629768076314,568,"Red, White or Rose?"
2690,0,3,28,31,1.096774193548387,0.053978066228004884,568,Let me tell you about another screenplay I'm writing
2690,0,3,28,31,1.096774193548387,0.053978066228004884,568,Welcome to 'Survivor: Long Island'.
2690,0,3,28,31,1.096774193548387,0.053978066228004884,568,Ohh..party activist...I get it
2690,1,1,29,31,1.096774193548387,0.0711629768076314,568,"I'd try it myself, but my doctor says to avoid depths..."
2690,1,1,29,31,1.096774193548387,0.0711629768076314,568,That's two more I can cross off my bucket list.
2690,1,1,29,31,1.096774193548387,0.0711629768076314,568,You two settling in OK?
2690,0,3,28,31,1.096774193548387,0.053978066228004884,568,"You two look ""Fit to be tied"""
2690,0,3,28,31,1.096774193548387,0.053978066228004884,568,Really? How do you play musical chairs?
2690,0,3,28,31,1.096774193548387,0.053978066228004884,568,"This is undrinkable, except to fish. Stomping our vineyard's grapes without washing your feet anticipated, poetically, the cement shoes. Good-bye, friends."
2690,0,3,28,31,1.096774193548387,0.053978066228004884,568,How was the 'swim with the fishes' experience?
2690,0,3,28,31,1.096774193548387,0.053978066228004884,568,This is your last chance to denounce Jar-Jar Binks.
2690,0,3,28,31,1.096774193548387,0.053978066228004884,568,You guys make great wine.
2690,0,3,28,31,1.096774193548387,0.053978066228004884,568,"Do you take this man to have and to hold from this day forward, for better and for worse, 'till death do you part?"
2690,1,1,29,31,1.096774193548387,0.0711629768076314,568,Who says cement shoes are all the rage?
2690,1,1,29,31,1.096774193548387,0.0711629768076314,568,Captive bucket list audience
2690,0,3,28,31,1.096774193548387,0.053978066228004884,568,It's a white. It goes better with feeding the fishes.
2690,0,3,28,31,1.096774193548387,0.053978066228004884,568,Which one of you is the white wine spittoon?
2690,1,1,29,31,1.096774193548387,0.0711629768076314,568,Regretting who you voted for?
2690,0,3,28,31,1.096774193548387,0.053978066228004884,568,Is this your first knotworking event?
2690,1,1,29,31,1.096774193548387,0.0711629768076314,568,I voted to burn you at the stake. I lost. Drinks on me. Kirkahtye2
2690,0,3,28,31,1.096774193548387,0.053978066228004884,568,You both hit on the CEO's wife...and we have rules.
2690,1,1,29,31,1.096774193548387,0.0711629768076314,568,"'' 'It's a 2009; lush and fruit-forward. Really, to die for!' """
2690,0,3,28,31,1.096774193548387,0.053978066228004884,568,"The regional standard for personal-space comes first, then we'll talk hair."
2690,0,3,28,31,1.096774193548387,0.053978066228004884,568,Interesting diet.
2690,0,3,28,31,1.096774193548387,0.053978066228004884,568,Mar-a-Lago's security is tighter now that our owner is President
2690,1,1,29,31,1.096774193548387,0.0711629768076314,568,Your new performance piece pales your last
2690,0,3,28,31,1.096774193548387,0.053978066228004884,568,This is inhumane! I am being forced to drink boxed wine!
2690,0,3,28,31,1.096774193548387,0.053978066228004884,568,The 'tie up' is an initiation for all our first time art exhibitors.
2690,0,3,28,31,1.096774193548387,0.053978066228004884,568,"No, I'm sorry - the ""Mob Costume Party"" isn't until Friday."
2690,1,1,29,31,1.096774193548387,0.0711629768076314,568,Love the shoes!
2690,0,3,28,31,1.096774193548387,0.053978066228004884,568,I hope I'm not keeping you from anything. You're such good listeners
2690,0,3,28,31,1.096774193548387,0.053978066228004884,568,What are your thoughts about our employee advancement programs?
2690,0,3,28,31,1.096774193548387,0.053978066228004884,568,I just feel like we have so much in common!
2690,1,1,29,31,1.096774193548387,0.0711629768076314,568,The co-op board wants evidence we're willing to put roots down.
2690,0,3,28,31,1.096774193548387,0.053978066228004884,568,...I call this next poem 'Unpublished Number 256'...
2690,1,1,29,31,1.096774193548387,0.0711629768076314,568,Karen´s WASP seeds were flourishing nicely.
2690,0,3,28,31,1.096774193548387,0.053978066228004884,568,You could have chosen the golden parachute.
2690,0,3,28,31,1.096774193548387,0.053978066228004884,568,"Don't say I didn't teach you how to pronounce your ""L""s"
2690,0,3,28,31,1.096774193548387,0.053978066228004884,568,Don't worry. Everybody gets cold feet.
2690,0,3,28,31,1.096774193548387,0.053978066228004884,568,So how was the honeymoon?
2690,1,1,29,31,1.096774193548387,0.0711629768076314,568,"I'm in my cups and you -- well, here we are."
2690,1,1,29,31,1.096774193548387,0.0711629768076314,568,"I love your fashion sense, is it straight from Paris?"
2690,1,1,29,31,1.096774193548387,0.0711629768076314,568,I heard you were roped into providing a local wine.
2690,0,3,28,31,1.096774193548387,0.053978066228004884,568,Do you want straws? One or two?
2690,1,1,29,31,1.096774193548387,0.0711629768076314,568,Our social outcast program is guaranteed to cure your shyness.
2690,0,3,28,31,1.096774193548387,0.053978066228004884,568,So glad you could make it.
2690,0,3,28,31,1.096774193548387,0.053978066228004884,568,Our company has strict rules regarding workplace relationships.
2690,1,1,29,31,1.096774193548387,0.0711629768076314,568,I have a great investment opportunity I'd love to tell you about
2690,1,1,29,31,1.096774193548387,0.0711629768076314,568,So how long have you all been doing magic?
2690,1,1,29,31,1.096774193548387,0.0711629768076314,568,"No, your cruise cancellation insurance does not allow you to cancel this cruise."
2690,0,3,28,31,1.096774193548387,0.053978066228004884,568,"A Sitting on the Gate Is only what it's CALLED you know. The REAL NAME of the poem is The Aged Aged Man. But that's only what the name is called, you know. The actual title of the poem is --"" . . ."
2690,0,3,28,31,1.096774193548387,0.053978066228004884,568,I so admire your willingness to give yourself for your art.
2690,0,3,28,31,1.096774193548387,0.053978066228004884,568,Hi. Could one of you hold my drink?
2690,0,3,28,31,1.096774193548387,0.053978066228004884,568,Hmm. This New American Gothic piece is captivating.
2690,1,1,29,31,1.096774193548387,0.0711629768076314,568,I find it hard to believe you both had the same fantasy on your bucket list.
2690,0,3,28,31,1.096774193548387,0.053978066228004884,568,"Don't worry, we'll undo the installation before the orgy."
2690,1,1,29,31,1.096774193548387,0.0711629768076314,568,Friends don't let friends drink and dance.
2690,0,3,28,31,1.096774193548387,0.053978066228004884,568,So... you met each other on what web sight?
2690,0,3,28,31,1.096774193548387,0.053978066228004884,568,This part of the wine tasting requires your feet to do the tasting!
2690,1,1,29,31,1.096774193548387,0.0711629768076314,568,You two look like you could use a nightcap.
2690,0,3,28,31,1.096774193548387,0.053978066228004884,568,Don't you just love a dinner cruise?
2690,0,3,28,31,1.096774193548387,0.053978066228004884,568,AA is getting a little extreme don't you think?
2690,0,3,28,31,1.096774193548387,0.053978066228004884,568,"Such a waste - except for your shoes, I'll enjoy those, thanks."
2690,0,3,28,31,1.096774193548387,0.053978066228004884,568,I feel like your fear really gets into the grapes making a very unique bouquet.
2690,0,3,28,31,1.096774193548387,0.053978066228004884,568,It's an Italian severance package.
2690,0,3,28,31,1.096774193548387,0.053978066228004884,568,"You should try this, it's called ""Love & Bondage""!"
2690,0,3,28,31,1.096774193548387,0.053978066228004884,568,"Its like a blind tasting, with a twist."
2690,1,1,29,31,1.096774193548387,0.0711629768076314,568,",I hope you Injoy our new retirement plan..."
2690,1,1,29,31,1.096774193548387,0.0711629768076314,568,Search history as art.
2690,0,3,28,31,1.096774193548387,0.053978066228004884,568,But I said: Of course they’ll come. I’m their upstairs neighbor!
2690,1,1,29,31,1.096774193548387,0.0711629768076314,568,Were those your hats with the cute little rabbits inside?
2690,0,3,28,31,1.096774193548387,0.053978066228004884,568,Must you be going?
2690,0,3,28,31,1.096774193548387,0.053978066228004884,568,"Yes, life on Earth is good. Stability and contentment have been achieved."
2690,1,1,29,31,1.096774193548387,0.0711629768076314,568,It's Saturday night. Time for your baths.
2690,0,3,28,31,1.096774193548387,0.053978066228004884,568,"It has a delicate flavor, but I detect a 'hoppy' bouquet."
2690,0,3,28,31,1.096774193548387,0.053978066228004884,568,"I have this red, a dry white or a lovely Miracle Grow?"
2690,1,1,29,31,1.096774193548387,0.0711629768076314,568,"If you prefer, I can keep it cool in your ice bucket"
2690,0,3,28,31,1.096774193548387,0.053978066228004884,568,Sometimes I drag my feet too at parties.
2690,1,1,29,31,1.096774193548387,0.0711629768076314,568,"Are you mob informers, or Russian journalists?"
2690,0,3,28,31,1.096774193548387,0.053978066228004884,568,"Sorry, but the chaperone called in sick."
2690,1,1,29,31,1.096774193548387,0.0711629768076314,568,"So, you signed up for THAT! Cruise."
2690,0,3,28,31,1.096774193548387,0.053978066228004884,568,I hear you're going to swim with the sushi.
2690,0,3,28,31,1.096774193548387,0.053978066228004884,568,It's called the mob bucket challenge
2690,1,1,29,31,1.096774193548387,0.0711629768076314,568,Positivity is the only way
2690,0,3,28,31,1.096774193548387,0.053978066228004884,568,"""Congrats! You've successfully separated true company loyalists from the clock-watching hangers-on!"
2690,0,3,28,31,1.096774193548387,0.053978066228004884,568,"Sorry, wining is not permitted for those going down on my bucket list."
2690,1,1,29,31,1.096774193548387,0.0711629768076314,568,This Sauterne should go well with the fishes.
2690,1,1,29,31,1.096774193548387,0.0711629768076314,568,It's more of an initiation rite than hazing.
2690,0,3,28,31,1.096774193548387,0.053978066228004884,568,Down Under as in Australia?
2690,0,3,28,31,1.096774193548387,0.053978066228004884,568,But drinking wine through a straw is so gauche.
2690,0,3,28,31,1.096774193548387,0.053978066228004884,568,Very Guantanamo. Do you do waterboarding too?
2690,0,3,28,31,1.096774193548387,0.053978066228004884,568,So where are you going for your vacation?
2690,0,3,28,31,1.096774193548387,0.053978066228004884,568,Don't you think you're taking Mike Pence's advice a little too far?
2690,0,3,28,31,1.096774193548387,0.053978066228004884,568,"Really, it's not an mission impossible."
2690,0,3,28,31,1.096774193548387,0.053978066228004884,568,"Bob and I agree. You both have your feet firmly planted on the ground. Too bad circumstances have you tied up like this, though."
2690,0,3,28,31,1.096774193548387,0.053978066228004884,568,"Sure, NOW you like Leonard Cohen."
2690,0,3,28,31,1.096774193548387,0.053978066228004884,568,Now dance!
2690,0,3,28,31,1.096774193548387,0.053978066228004884,568,"CNN, we are so sorry. We did not expect President Trump to attend this White House Correspondents dinner."
2690,0,3,28,31,1.096774193548387,0.053978066228004884,568,"I know I said, 'Come as you are', but Geez."
2690,0,3,28,31,1.096774193548387,0.053978066228004884,568,I've heard that salt is a very good preservative. Or would you prefer a lake filled with crappie?
2690,0,3,28,31,1.096774193548387,0.053978066228004884,568,Great Going Away Party.........Bon Voyage
2690,0,3,28,31,1.096774193548387,0.053978066228004884,568,Do you want chicken or fish tonight?
2690,0,3,28,31,1.096774193548387,0.053978066228004884,568,So what brought you two to journalism?
2690,0,3,28,31,1.096774193548387,0.053978066228004884,568,C'mon. Let yourselves go.
2690,1,1,29,31,1.096774193548387,0.0711629768076314,568,This party isn't going to make wine it's self. Chop. Chop.
2690,0,3,28,31,1.096774193548387,0.053978066228004884,568,Looks like you won't be leaving early.
2690,0,3,28,31,1.096774193548387,0.053978066228004884,568,Just try to relax and enjoy yourselves.
2690,0,3,28,31,1.096774193548387,0.053978066228004884,568,"Congratulations! As soon as the plant genome kicks in, you will be the first trans-species, non-gender humans ever."
2690,1,1,29,31,1.096774193548387,0.0711629768076314,568,"I'd offer you a drink, but I see your hands are tied."
2690,1,1,29,31,1.096774193548387,0.0711629768076314,568,Worst blizzard on record hits White House.
2690,0,3,28,31,1.096774193548387,0.053978066228004884,568,The wine is much better than the communion.
2690,0,3,28,31,1.096774193548387,0.053978066228004884,568,"You'll get used to NSA office parties, although they are a bit... unconventional."
2690,0,3,28,31,1.096774193548387,0.053978066228004884,568,Welcome to the new Mafia.
2690,0,3,28,31,1.096774193548387,0.053978066228004884,568,When you said you would be late to the party because you were tied up... Literally I see...
2690,1,1,29,31,1.096774193548387,0.0711629768076314,568,You must be the parents.
2690,1,1,29,31,1.096774193548387,0.0711629768076314,568,"They ran out of wine glasses, so you'll have to share this one."
2690,0,3,28,31,1.096774193548387,0.053978066228004884,568,you gotta try this wine: it is to die for
2690,0,3,28,31,1.096774193548387,0.053978066228004884,568,"Taking the plunge, I see."
2690,0,3,28,31,1.096774193548387,0.053978066228004884,568,Congratulations on completing your bucket list.
2690,0,3,28,31,1.096774193548387,0.053978066228004884,568,This is your CONDE NAST exit interview.
2690,1,1,29,31,1.096774193548387,0.0711629768076314,568,What's your plan ?
2690,1,1,29,31,1.096774193548387,0.0711629768076314,568,All our champagne is warm so you are doing the right thing by chilling yourselves first
2690,0,3,28,31,1.096774193548387,0.053978066228004884,568,Most people would consider this worse than drowning.
2690,0,3,28,31,1.096774193548387,0.053978066228004884,568,"Yes, I also have to force myself to network."
2690,0,3,28,31,1.096774193548387,0.053978066228004884,568,We don't expect deep conversations here.
2690,1,1,29,31,1.096774193548387,0.0711629768076314,568,I was just feeling so tied down when I was married.
2690,0,3,28,31,1.096774193548387,0.053978066228004884,568,I know how you feel. I hate literary cocktail parties too.
2690,0,3,28,31,1.096774193548387,0.053978066228004884,568,"Oh, you met on a cruise? How romantic."
2690,1,1,29,31,1.096774193548387,0.0711629768076314,568,Would you care for a Mai Tai?
2690,1,1,29,31,1.096774193548387,0.0711629768076314,568,"Well, for Pete's sake!"
2690,0,3,28,31,1.096774193548387,0.053978066228004884,568,Here's to you both on your common journey.
2690,0,3,28,31,1.096774193548387,0.053978066228004884,568,I hear you've been settling in.
2690,0,3,28,31,1.096774193548387,0.053978066228004884,568,I told you dear; you would love my mother!
2690,1,1,29,31,1.096774193548387,0.0711629768076314,568,So you two are trying to quit drinking?
2690,0,3,28,31,1.096774193548387,0.053978066228004884,568,So thrilled you could break away from rehab to join us.
2690,0,3,28,31,1.096774193548387,0.053978066228004884,568,Let me guess. Married? Right?
2690,1,1,29,31,1.096774193548387,0.0711629768076314,568,Let me tell you about my last trip to Napa.
2690,0,3,28,31,1.096774193548387,0.053978066228004884,568,I thought this was supposed to be your weekend get away
2690,0,3,28,31,1.096774193548387,0.053978066228004884,568,"So, have you ever been on a swim with the sharks cruise before?"
2690,1,1,29,31,1.096774193548387,0.0711629768076314,568,The worst part is I forgot to put my pants on.
2690,0,3,28,31,1.096774193548387,0.053978066228004884,568,"Forgive the old punchline, but how did you ring the bell?"
2690,0,3,28,31,1.096774193548387,0.053978066228004884,568,"Let's drink to pot, legal or not."
2690,0,3,28,31,1.096774193548387,0.053978066228004884,568,Looks like you two have already tied one on.
2690,1,1,29,31,1.096774193548387,0.0711629768076314,568,i quite agree ...my shoes are killing me
2690,1,1,29,31,1.096774193548387,0.0711629768076314,568,"Nice of you to come. Those new voice actuated elevators work really well, don't they?"
2690,1,1,29,31,1.096774193548387,0.0711629768076314,568,Office party invite—a simple 'yes' is the appropriate response.
2690,1,1,29,31,1.096774193548387,0.0711629768076314,568,quit fucking around in those buckets
2690,0,3,28,31,1.096774193548387,0.053978066228004884,568,And here I thought going away parties were passé
2690,0,3,28,31,1.096774193548387,0.053978066228004884,568,Do you have any ice?
2690,0,3,28,31,1.096774193548387,0.053978066228004884,568,And then there were the archives of North Dakota.
2690,0,3,28,31,1.096774193548387,0.053978066228004884,568,Honestly? I think your alternative AA group is loony-tunes.
2690,0,3,28,31,1.096774193548387,0.053978066228004884,568,I knew you two would hit it off.
2690,0,3,28,31,1.096774193548387,0.053978066228004884,568,Can I get you two some wine? champagne? or chlorophyll?
2690,1,1,29,31,1.096774193548387,0.0711629768076314,568,Welcome to ‘Witness Protection’.
2690,0,3,28,31,1.096774193548387,0.053978066228004884,568,It's just like that Cialis commercial!
2690,0,3,28,31,1.096774193548387,0.053978066228004884,568,Courtesy of Don Perignon.
2690,1,1,29,31,1.096774193548387,0.0711629768076314,568,So Silvia tells me that you guys are tied up in the wine business
2690,1,1,29,31,1.096774193548387,0.0711629768076314,568,"No, you cannot have a sip. You are on the bucket."
2690,1,1,29,31,1.096774193548387,0.0711629768076314,568,I love escapist art shows.
2690,0,3,28,31,1.096774193548387,0.053978066228004884,568,Don is not only his first name...
2690,1,1,29,31,1.096774193548387,0.0711629768076314,568,We all make pour decisions.
2690,1,1,29,31,1.096774193548387,0.0711629768076314,568,You were both on my bucket list
2690,1,1,29,31,1.096774193548387,0.0711629768076314,568,So what do you do for a living?
2690,1,1,29,31,1.096774193548387,0.0711629768076314,568,It brings out the tannins!
2690,0,3,28,31,1.096774193548387,0.053978066228004884,568,"A toast, to crossing out number two on my bucket list, dear ex."
2690,0,3,28,31,1.096774193548387,0.053978066228004884,568,You shouldn't let that stop you.
2690,1,1,29,31,1.096774193548387,0.0711629768076314,568,Would you two like some wine?
2690,0,3,28,31,1.096774193548387,0.053978066228004884,568,"“Well, aren’t WE the late bloomers?"
2690,0,3,28,31,1.096774193548387,0.053978066228004884,568,I guess it's too much to ask to be kept in the loop on your travel plans?
2690,1,1,29,31,1.096774193548387,0.0711629768076314,568,Executions are wonderful with a party and sleep aid.
2690,1,1,29,31,1.096774193548387,0.0711629768076314,568,"Honestly, I know next to nothing about conceptual art, but this martini is first rate."
2690,0,3,28,31,1.096774193548387,0.053978066228004884,568,So when did you two get married?
2690,0,3,28,31,1.096774193548387,0.053978066228004884,568,"That's a fascinating tale. Of course, we never fly domestic."
2690,0,3,28,31,1.096774193548387,0.053978066228004884,568,"When you jump the line at a wine tasting, there are consequences."
2690,1,1,29,31,1.096774193548387,0.0711629768076314,568,Are you protesting organized crime or something?
2690,0,3,28,31,1.096774193548387,0.053978066228004884,568,You come highly recommended.
2690,0,3,28,31,1.096774193548387,0.053978066228004884,568,Would you like a glass of wine? It’s the perfect merlot for when you are going to be sleeping with the fishes.
2690,1,1,29,31,1.096774193548387,0.0711629768076314,568,We have decided to bring back the corporate espionage policies of the 70's.
2690,0,3,28,31,1.096774193548387,0.053978066228004884,568,"You weren't hoping to just drop in and then leave early, were you?"
2690,1,1,29,31,1.096774193548387,0.0711629768076314,568,"So, are we having fun?"
2690,1,1,29,31,1.096774193548387,0.0711629768076314,568,people on her bucket list.
2690,0,3,28,31,1.096774193548387,0.053978066228004884,568,Would a drink take the pressure off?
2690,0,3,28,31,1.096774193548387,0.053978066228004884,568,"You've been warned a hundred times - red with steak, white with seafood."
2690,1,1,29,31,1.096774193548387,0.0711629768076314,568,"It said ""jacket and tie,"" not ""bucket and tied."""
2690,0,3,28,31,1.096774193548387,0.053978066228004884,568,And I thought I was too tied up to come.
2690,0,3,28,31,1.096774193548387,0.053978066228004884,568,"So, how does it feel to be nearing the end of your bucket lists?"
2690,0,3,28,31,1.096774193548387,0.053978066228004884,568,When did you two decide to take the plunge?
2690,1,1,29,31,1.096774193548387,0.0711629768076314,568,Error 504: Punch line timed-out
2690,0,3,28,31,1.096774193548387,0.053978066228004884,568,I love the buckets and the ropes are a nice accent.
2690,0,3,28,31,1.096774193548387,0.053978066228004884,568,Glad you weren't too tied up to come out.
2690,0,3,28,31,1.096774193548387,0.053978066228004884,568,I find most performance art tedious. Let me explain what you're doing wrong.
2690,0,3,28,31,1.096774193548387,0.053978066228004884,568,"Oh, I am so glad that you made the party. I know that you've been tied up."
2690,0,3,28,31,1.096774193548387,0.053978066228004884,568,I know. I know. I totally get it. You're telling me?! I feel that way too. All the time.
2690,0,3,28,31,1.096774193548387,0.053978066228004884,568,That designer is so dead in the water.
2690,0,3,28,31,1.096774193548387,0.053978066228004884,568,"If you are not too tied up, can you make some more of this wine?"
2690,0,3,28,31,1.096774193548387,0.053978066228004884,568,Do you want a splash of water with this?
2690,1,1,29,31,1.096774193548387,0.0711629768076314,568,"You're two thirds of the way done, just the hook to go."
2690,0,3,28,31,1.096774193548387,0.053978066228004884,568,You really put your foot in it this time!
2690,0,3,28,31,1.096774193548387,0.053978066228004884,568,"Well, it's no Burghers of Calais."
2690,0,3,28,31,1.096774193548387,0.053978066228004884,568,So...I understand you both garden.
2690,0,3,28,31,1.096774193548387,0.053978066228004884,568,"I'm just saying, if you don't have cold feet the week before your wedding, you ought to."
2690,1,1,29,31,1.096774193548387,0.0711629768076314,568,"Dammit, Brad and Janet, looks like you won't be able to Time Warp with Frank N Furter tonight!"
2690,0,3,28,31,1.096774193548387,0.053978066228004884,568,"Yes, we take our wines seriously, veerrrry seriously!"
2690,1,1,29,31,1.096774193548387,0.0711629768076314,568,Are you friends of Jimmy Hoffa's?
2690,1,1,29,31,1.096774193548387,0.0711629768076314,568,can i get you anything else?
2690,1,1,29,31,1.096774193548387,0.0711629768076314,568,I sea you are into tide water.
2690,0,3,28,31,1.096774193548387,0.053978066228004884,568,You would be welcomed here except for your obvious association with the mob.
2690,1,1,29,31,1.096774193548387,0.0711629768076314,568,Welcome to escrow.
2690,0,3,28,31,1.096774193548387,0.053978066228004884,568,I see Carla really enjoys your company.
2690,1,1,29,31,1.096774193548387,0.0711629768076314,568,Still wearing the Fall look I see.
2690,1,1,29,31,1.096774193548387,0.0711629768076314,568,Small price for getting a good babysitter.
2690,0,3,28,31,1.096774193548387,0.053978066228004884,568,"I would invite you to the after party,but you look tied up right now"
2690,0,3,28,31,1.096774193548387,0.053978066228004884,568,"Swimming with the fishes has always been on my bucket list, too."
2690,0,3,28,31,1.096774193548387,0.053978066228004884,568,I'm guessing you don't get out much.
2690,0,3,28,31,1.096774193548387,0.053978066228004884,568,"now, for the last time , which one of you opened the red"
2690,0,3,28,31,1.096774193548387,0.053978066228004884,568,"So sorry, but here you do fit a certain profile."
2690,0,3,28,31,1.096774193548387,0.053978066228004884,568,You do realise this is just the 1st stage to joining the Wicker man club?
2690,0,3,28,31,1.096774193548387,0.053978066228004884,568,That excuse about taking home the babysitter isn't going to work this time...
2690,0,3,28,31,1.096774193548387,0.053978066228004884,568,50 Shades Of Rose
2690,1,1,29,31,1.096774193548387,0.0711629768076314,568,Last chance. Do you retract what you said about the wine?
2690,1,1,29,31,1.096774193548387,0.0711629768076314,568,I see you came straight from the airport.
2690,0,3,28,31,1.096774193548387,0.053978066228004884,568,I see it as representing Mankind's resistance toward being tied up and placed in a bucket.
2690,1,1,29,31,1.096774193548387,0.0711629768076314,568,"On the bright side, you'll miss all that cocktail party chatter!"
2690,1,1,29,31,1.096774193548387,0.0711629768076314,568,You Missed the welcoming drink
2690,1,1,29,31,1.096774193548387,0.0711629768076314,568,"So, looks like you're headed to the Easr River after the show."
2690,0,3,28,31,1.096774193548387,0.053978066228004884,568,"Yes, I'm sure you'll be conversation starters...."
2690,1,1,29,31,1.096774193548387,0.0711629768076314,568,You can check out anytime you want.....but you can never leave.
2690,1,1,29,31,1.096774193548387,0.0711629768076314,568,Not much. How about you guys?
2690,0,3,28,31,1.096774193548387,0.053978066228004884,568,Would you like a Swiss Army knife with your chardonnay?
2690,0,3,28,31,1.096774193548387,0.053978066228004884,568,Try it...You're bound to like it!
2690,1,1,29,31,1.096774193548387,0.0711629768076314,568,I said the dress code was black tie.
2690,0,3,28,31,1.096774193548387,0.053978066228004884,568,"Wow, the advances in couples therapy seem to be working for you two."
2690,0,3,28,31,1.096774193548387,0.053978066228004884,568,"When they said it was a Pinot noir to die for, they really meant it."
2690,0,3,28,31,1.096774193548387,0.053978066228004884,568,You must be with the Corleones.
2690,1,1,29,31,1.096774193548387,0.0711629768076314,568,Who requested the Corpse Reviver?
2690,1,1,29,31,1.096774193548387,0.0711629768076314,568,You're #1 and #2 on my bucket list.
2690,0,3,28,31,1.096774193548387,0.053978066228004884,568,How do you know Rick?
2690,1,1,29,31,1.096774193548387,0.0711629768076314,568,"You're not bad people, you just made some bad decisions"" Are you victims of your circumstances or just victims ""There are no victims, only volunteers"
2690,1,1,29,31,1.096774193548387,0.0711629768076314,568,"A toast to Living Art and the true believers, like you, who make it possible!"
2690,1,1,29,31,1.096774193548387,0.0711629768076314,568,Surely you're not the only Republicans at the party!
2690,0,3,28,31,1.096774193548387,0.053978066228004884,568,"A hint of rope, with a soupcon of cement."
2690,0,3,28,31,1.096774193548387,0.053978066228004884,568,We may need to rethink this icebreaker.
2690,1,1,29,31,1.096774193548387,0.0711629768076314,568,Just in case - with the wedding tomorrow this water is luke warm.
2690,0,3,28,31,1.096774193548387,0.053978066228004884,568,The antioxidants are good for your heart health.
2690,1,1,29,31,1.096774193548387,0.0711629768076314,568,I would have picked the barrel
2690,0,3,28,31,1.096774193548387,0.053978066228004884,568,You'll be fashionably late by 10.
2690,0,3,28,31,1.096774193548387,0.053978066228004884,568,"Yes, I'm an attorney, but I don't do pro bono work."
2690,0,3,28,31,1.096774193548387,0.053978066228004884,568,I know how you feel. Our cat walked across the wet cement on our driveway once.
2690,1,1,29,31,1.096774193548387,0.0711629768076314,568,I heard AA was making some changes to the program. What's the new motto? Rope does it?
2690,0,3,28,31,1.096774193548387,0.053978066228004884,568,Can I offer you a glass of wine? Or your freedom?
2690,1,1,29,31,1.096774193548387,0.0711629768076314,568,"And as he was walking on on me, he said that I was insensitive to his problems. Like I don't have problems."
2690,0,3,28,31,1.096774193548387,0.053978066228004884,568,Red or white?
2690,0,3,28,31,1.096774193548387,0.053978066228004884,568,"Pleased to meet you! Judging from your attire, I assume you must be the new chief financial officer."
2690,0,3,28,31,1.096774193548387,0.053978066228004884,568,Tell me again about this exciting investment opportunity.
2690,0,3,28,31,1.096774193548387,0.053978066228004884,568,What a coincidence! I've crossed Moab too!
2690,0,3,28,31,1.096774193548387,0.053978066228004884,568,"To put it nicely, we're testing the waters."
2690,1,1,29,31,1.096774193548387,0.0711629768076314,568,"Honey, I broke the internet."
2690,0,3,28,31,1.096774193548387,0.053978066228004884,568,Wife's wails trump mother nature's trails.
2690,1,1,29,31,1.096774193548387,0.0711629768076314,568,How is your research progressing on the workings of the mob.
2690,1,1,29,31,1.096774193548387,0.0711629768076314,568,I can't tell you how WONDERFUL it is finally to unburdened myself!
2690,0,3,28,31,1.096774193548387,0.053978066228004884,568,"Ok, Fifty Shades of Lucille Ball. But who is the guy in the glasses?"
2690,1,1,29,31,1.096774193548387,0.0711629768076314,568,Now that's what I call...tying one on!
2690,0,3,28,31,1.096774193548387,0.053978066228004884,568,You must be in your last week of onboarding.
2690,0,3,28,31,1.096774193548387,0.053978066228004884,568,It's our little way of welcoming cartoon editors.
2690,0,3,28,31,1.096774193548387,0.053978066228004884,568,"Footsie Frankie couldn't make it here, so he says to meet him on the docks."
2690,0,3,28,31,1.096774193548387,0.053978066228004884,568,Have you tried the 2006?
2690,0,3,28,31,1.096774193548387,0.053978066228004884,568,"We're giving a Millenial tweak to ""How To Serve Mankind"""
2690,0,3,28,31,1.096774193548387,0.053978066228004884,568,"In brief, to make a long story short, to put it in a nutshell, and to come to the point..."
2690,0,3,28,31,1.096774193548387,0.053978066228004884,568,"But I told you, if you didn't bring a nice bottle of wine there would be severe consequences."
2690,0,3,28,31,1.096774193548387,0.053978066228004884,568,Resistance is futile!
2690,1,1,29,31,1.096774193548387,0.0711629768076314,568,"I'm Samantha Bee, and this time you'll listen."
2690,1,1,29,31,1.096774193548387,0.0711629768076314,568,"So bad news, yours have been determined to be Preexisting Conditions."
2690,1,1,29,31,1.096774193548387,0.0711629768076314,568,"now I have got you now, but were only supreme court justices oh I thought you were the president, oh well I already set bombs into your buckets"
2690,0,3,28,31,1.096774193548387,0.053978066228004884,568,Which one of you asked for the red fizzy on ice?
2690,1,1,29,31,1.096774193548387,0.0711629768076314,568,Why do I get the feel you're not the proactive types?
2690,0,3,28,31,1.096774193548387,0.053978066228004884,568,And you swear it's not a pyramid scheme?
2690,1,1,29,31,1.096774193548387,0.0711629768076314,568,Buon Viaggio
2690,0,3,28,31,1.096774193548387,0.053978066228004884,568,How nice of you to stop by to say good bye
2690,0,3,28,31,1.096774193548387,0.053978066228004884,568,I see you've met Ted...
2690,0,3,28,31,1.096774193548387,0.053978066228004884,568,"Well, don't feel like you have to stay if you aren't enjoying yourselves."
2690,0,3,28,31,1.096774193548387,0.053978066228004884,568,The Academy Awards after party was a bit uncomfortable for the PriceWaterhouseCoopers accountants.
2690,0,3,28,31,1.096774193548387,0.053978066228004884,568,I don't know what made you think you could just blow off my party!
2690,0,3,28,31,1.096774193548387,0.053978066228004884,568,And then he said that I'm taking the 'Business Casual Day' idea too far!
2690,0,3,28,31,1.096774193548387,0.053978066228004884,568,"Oh, I hear swimming with the fishes is wonderful this time of year!"
2690,0,3,28,31,1.096774193548387,0.053978066228004884,568,"To be honest, it doesn't age well. But, then, I guess, neither will you."
2690,1,1,29,31,1.096774193548387,0.0711629768076314,568,Adorable! Are they the new Jimmy Choo his/hers line?
2690,0,3,28,31,1.096774193548387,0.053978066228004884,568,Human trafficking sounds terribly exciting.
2690,1,1,29,31,1.096774193548387,0.0711629768076314,568,But doesn't the nepotism statute apply to the White House?
2690,0,3,28,31,1.096774193548387,0.053978066228004884,568,Your just going to die after I tell you my little secret.
2690,0,3,28,31,1.096774193548387,0.053978066228004884,568,"But on the bright side, this wine pairs well with fish."
2690,0,3,28,31,1.096774193548387,0.053978066228004884,568,This should cement the relationship. The
2690,0,3,28,31,1.096774193548387,0.053978066228004884,568,Remember me? Marcia? We met at the Whitney.
2690,0,3,28,31,1.096774193548387,0.053978066228004884,568,While you wait for the cement to set.
2690,0,3,28,31,1.096774193548387,0.053978066228004884,568,"Try the new Pinot Mort, hints of cordite and fresh cement under a rough, bubbly finish. Ideal for people on the way down!"
2690,0,3,28,31,1.096774193548387,0.053978066228004884,568,"Congratulations, best wishes, and may all your children be heirloom varieties."
2690,1,1,29,31,1.096774193548387,0.0711629768076314,568,This Merlot gives a smooth finish.
2690,1,1,29,31,1.096774193548387,0.0711629768076314,568,I said a blind taste test!
2690,0,3,28,31,1.096774193548387,0.053978066228004884,568,Did you refuse to drink Trump winery's Blanc de Blancs?
2690,1,1,29,31,1.096774193548387,0.0711629768076314,568,As promised... You'll be permanently displayed on the ocean floor.
2690,1,1,29,31,1.096774193548387,0.0711629768076314,568,You really need to see our pool.
2690,0,3,28,31,1.096774193548387,0.053978066228004884,568,This is our best Port.
2690,0,3,28,31,1.096774193548387,0.053978066228004884,568,"For the last time, try our IPA or drink the East River!"
2690,1,1,29,31,1.096774193548387,0.0711629768076314,568,"So, Rachel tells me you've discovered a very effective way to reduce your carbon footprint?"
2690,0,3,28,31,1.096774193548387,0.053978066228004884,568,"""Your cab has arrived""."
2690,0,3,28,31,1.096774193548387,0.053978066228004884,568,It's this or a DUI.
2690,0,3,28,31,1.096774193548387,0.053978066228004884,568,You brought wine in a box?
2690,1,1,29,31,1.096774193548387,0.0711629768076314,568,"All we did, Counselor, was order two Moscow mule cocktails."
2690,0,3,28,31,1.096774193548387,0.053978066228004884,568,Maybe next time you won't forget to bring wine with you.
2690,0,3,28,31,1.096774193548387,0.053978066228004884,568,So I understand you folks will be leaving for a very special trip.
2690,1,1,29,31,1.096774193548387,0.0711629768076314,568,cocktail parties in Hell
2690,0,3,28,31,1.096774193548387,0.053978066228004884,568,"Usually not averse to the bizarre, guests at George's cannibal dinner party roundly agreed that his recent foray into the farm-to-table movement might have been a step too far."
2690,1,1,29,31,1.096774193548387,0.0711629768076314,568,"I won't bother you. It looks like you,re tied up."
2690,1,1,29,31,1.096774193548387,0.0711629768076314,568,Can I get your guys' card?
2690,0,3,28,31,1.096774193548387,0.053978066228004884,568,"Now that I've got you here, let me show you my pool."
2690,1,1,29,31,1.096774193548387,0.0711629768076314,568,ready to celebrate the end of bipartisanship?
2690,1,1,29,31,1.096774193548387,0.0711629768076314,568,"You'll taste this Virginia wine, or else!"
2690,1,1,29,31,1.096774193548387,0.0711629768076314,568,"Don't worry, you won't miss this years vintage."
2690,0,3,28,31,1.096774193548387,0.053978066228004884,568,Would you like a nice merlot while the concrete sets?
2690,0,3,28,31,1.096774193548387,0.053978066228004884,568,Will the East River be your final home?
2690,1,1,29,31,1.096774193548387,0.0711629768076314,568,Repeat after me: I ama worthless liberal supporter of the Affordable Care Act.
2690,0,3,28,31,1.096774193548387,0.053978066228004884,568,So glad you could be here for my campaign kick off.
2690,0,3,28,31,1.096774193548387,0.053978066228004884,568,I thought a martini would help you break the ice.
2690,1,1,29,31,1.096774193548387,0.0711629768076314,568,The fun doesn't begin until you're in over your heads.
2690,0,3,28,31,1.096774193548387,0.053978066228004884,568,"You're lucky - you don't have to circulate, and you don't have to figure out the food/drink balance thing."
2690,0,3,28,31,1.096774193548387,0.053978066228004884,568,How interesting!
2690,0,3,28,31,1.096774193548387,0.053978066228004884,568,You consider yourselves critics.
2690,0,3,28,31,1.096774193548387,0.053978066228004884,568,I assume you are business competitors of my husband?
2690,0,3,28,31,1.096774193548387,0.053978066228004884,568,You can leave when your designated driver arrives.
2690,1,1,29,31,1.096774193548387,0.0711629768076314,568,Apparently there are no martini glasses.
2690,0,3,28,31,1.096774193548387,0.053978066228004884,568,It's so nice you made it before your final engagement.
2690,0,3,28,31,1.096774193548387,0.053978066228004884,568,"Going for the Guinness record, are you?"
2690,0,3,28,31,1.096774193548387,0.053978066228004884,568,On the wagon?
2690,1,1,29,31,1.096774193548387,0.0711629768076314,568,And this wine goes surprisingly well with fish.
2690,1,1,29,31,1.096774193548387,0.0711629768076314,568,I just love it when couples dress in matching outfits!
2690,0,3,28,31,1.096774193548387,0.053978066228004884,568,My toast. You're toast.
2690,0,3,28,31,1.096774193548387,0.053978066228004884,568,It's part of a team-building exercise. Two guys from shipping will bubble-wrap you and take you to the after party by hand-truck . Take mental notes for discussion on the webinar.
2690,0,3,28,31,1.096774193548387,0.053978066228004884,568,"I'd offer you a drink, but I see you're all tied up."
2690,0,3,28,31,1.096774193548387,0.053978066228004884,568,"The boat will be here shortly, can I get you something to drink in the meantime."
2690,1,1,29,31,1.096774193548387,0.0711629768076314,568,Here's to sleeping with the fishes.
2690,0,3,28,31,1.096774193548387,0.053978066228004884,568,"The wine is watered down, and you save us on labor. Win-Win."
2690,0,3,28,31,1.096774193548387,0.053978066228004884,568,Your installation is to die for!
2690,0,3,28,31,1.096774193548387,0.053978066228004884,568,The last tango in plaster of Paris?
2690,0,3,28,31,1.096774193548387,0.053978066228004884,568,Here is the part where I throw wine in your face...
2690,0,3,28,31,1.096774193548387,0.053978066228004884,568,So you must be from out of town?
2690,1,1,29,31,1.096774193548387,0.0711629768076314,568,These cement shoes are the last shoes you'll ever need!
2690,0,3,28,31,1.096774193548387,0.053978066228004884,568,I'm Mrs. Fish. I understand you'll sleeping at our B&B tonight?
2690,0,3,28,31,1.096774193548387,0.053978066228004884,568,Thanks for dropping in!
2690,1,1,29,31,1.096774193548387,0.0711629768076314,568,"We'll have you out of your concrete shoes and on your honeymoon, as soon as, we can free up a couple of seats in coach. In the mean time, please enjoy the airline's VIP lounge. Thirsty?"
2690,0,3,28,31,1.096774193548387,0.053978066228004884,568,The important thing is that you showed up.
2690,1,1,29,31,1.096774193548387,0.0711629768076314,568,Glad you decided to be tied up here rather than at home.
2690,1,1,29,31,1.096774193548387,0.0711629768076314,568,Your bucket list conversations got very tiresome.
2690,1,1,29,31,1.096774193548387,0.0711629768076314,568,As I was saying -
2690,0,3,28,31,1.096774193548387,0.053978066228004884,568,All dressed up and no where to go?
2690,1,1,29,31,1.096774193548387,0.0711629768076314,568,I drew a blank.
2690,0,3,28,31,1.096774193548387,0.053978066228004884,568,And I thought my distressed belt was trendy! Hats off to you!
2690,1,1,29,31,1.096774193548387,0.0711629768076314,568,I feel your steps to avoid kicking the bucket are too funereal.
2690,0,3,28,31,1.096774193548387,0.053978066228004884,568,"Oh, how self-absorbed of me. How are you enjoying the party?"
2690,0,3,28,31,1.096774193548387,0.053978066228004884,568,Here's to cementing your relationship.
2690,1,1,29,31,1.096774193548387,0.0711629768076314,568,This Chenin Blanc works wonderfully when sleeping with the fishes.
2690,0,3,28,31,1.096774193548387,0.053978066228004884,568,"This flavor will stay with you forever, however long that may be."
2690,1,1,29,31,1.096774193548387,0.0711629768076314,568,404 File Not Found
2690,0,3,28,31,1.096774193548387,0.053978066228004884,568,"Bondage has always been on my bucket list too, but it's just too difficult to drink wine."
2690,0,3,28,31,1.096774193548387,0.053978066228004884,568,I never judge by last impressions.
2690,1,1,29,31,1.096774193548387,0.0711629768076314,568,I do apologize. It's my French hitman. I can see that he mistranslated my directive to have you both put to sleep with the poison.
2690,0,3,28,31,1.096774193548387,0.053978066228004884,568,It's the merlot you requested.
2690,1,1,29,31,1.096774193548387,0.0711629768076314,568,"""You both have fabulous grape-crushing feet. This wine is just divine."" Submitted by my 11th grade English student, Liv Sheridan. We are using The New Yorker as our text this trimester for a writing elective."
2690,0,3,28,31,1.096774193548387,0.053978066228004884,568,"I mean, think of the moral hazard if bringing Merlot wasn't met with this"
2690,1,1,29,31,1.096774193548387,0.0711629768076314,568,"WELL, AS I WAS SAYING!!"
2690,0,3,28,31,1.096774193548387,0.053978066228004884,568,I was going to ask you both to join me on the yacht this weekend but I am guessing you are all tied up!
2690,0,3,28,31,1.096774193548387,0.053978066228004884,568,Was surprised to see you here since you've been tied up as of late
2690,1,1,29,31,1.096774193548387,0.0711629768076314,568,I don't let life weigh me down.
2690,0,3,28,31,1.096774193548387,0.053978066228004884,568,Here's to a more concrete relationship/
2690,0,3,28,31,1.096774193548387,0.053978066228004884,568,"We'd love to come to your Tupperware party Marge, but I believe we're tied up this Saturday."
2690,0,3,28,31,1.096774193548387,0.053978066228004884,568,You knew the consequences for wearing white before Memorial Day.
2690,0,3,28,31,1.096774193548387,0.053978066228004884,568,"No, this is not legal, but we are proud of our 100% modified behavior record."
2690,1,1,29,31,1.096774193548387,0.0711629768076314,568,"Just as lethal, but 83% less injection."
2690,0,3,28,31,1.096774193548387,0.053978066228004884,568,You simply must try the punch.
2690,1,1,29,31,1.096774193548387,0.0711629768076314,568,So you want to hear about the dream I had last night?
2690,1,1,29,31,1.096774193548387,0.0711629768076314,568,Here's to your first day of the New York Times's grape pressing luxury excursion
2690,0,3,28,31,1.096774193548387,0.053978066228004884,568,Great price! Then when does the cruise return?
2690,0,3,28,31,1.096774193548387,0.053978066228004884,568,I find your alcohol abstinence program fascinating.
2690,1,1,29,31,1.096774193548387,0.0711629768076314,568,"I'd hop right in with you, but I'm still carrying a little winter weight."
2690,1,1,29,31,1.096774193548387,0.0711629768076314,568,I was thinking ...something...a bit smaller
2690,0,3,28,31,1.096774193548387,0.053978066228004884,568,Are you still in couples' AA?
2690,1,1,29,31,1.096774193548387,0.0711629768076314,568,"I have to apologize. We usually waterboard all new members, except someone misplaced the boards."
2690,0,3,28,31,1.096774193548387,0.053978066228004884,568,Phuket and a small tattoo are on my list
2690,0,3,28,31,1.096774193548387,0.053978066228004884,568,So good of you to host despite your troubles.
2690,0,3,28,31,1.096774193548387,0.053978066228004884,568,I'd like to cement our relationship.
2690,1,1,29,31,1.096774193548387,0.0711629768076314,568,Here's to your Pepsi ad.
2690,0,3,28,31,1.096774193548387,0.053978066228004884,568,"So, how did you meet?"
2690,1,1,29,31,1.096774193548387,0.0711629768076314,568,I hear you'll soon be sleeping with the fishes.
2690,0,3,28,31,1.096774193548387,0.053978066228004884,568,You'll be sleeping with the fishes! Don't you just love swinger parties?
2690,0,3,28,31,1.096774193548387,0.053978066228004884,568,- Are you trying to show off the entire Party your preexisting condition?
2690,0,3,28,31,1.096774193548387,0.053978066228004884,568,I told you not to bring rosé.
2690,0,3,28,31,1.096774193548387,0.053978066228004884,568,"If you have any further questions, contact my attorney."
2690,0,3,28,31,1.096774193548387,0.053978066228004884,568,You two are bound to make a splash at the party tonight!
2690,1,1,29,31,1.096774193548387,0.0711629768076314,568,It's a wine tasting. I clearly said 50 shades of grape
2690,0,3,28,31,1.096774193548387,0.053978066228004884,568,So is this your first 50 Shades singles mixer for professionals over 40?
2690,0,3,28,31,1.096774193548387,0.053978066228004884,568,They're about to start the first dance.
2690,0,3,28,31,1.096774193548387,0.053978066228004884,568,So where will your travels be taking you this year?
2690,1,1,29,31,1.096774193548387,0.0711629768076314,568,"Wow, you must have committed a pretty serious party foul."
2690,0,3,28,31,1.096774193548387,0.053978066228004884,568,"We'd love to have a drink, but we're under a restraining order."
2690,0,3,28,31,1.096774193548387,0.053978066228004884,568,It's over in a splash.
2690,0,3,28,31,1.096774193548387,0.053978066228004884,568,"Oh, it's a double-bucket list!"
2690,0,3,28,31,1.096774193548387,0.053978066228004884,568,"Well yes, you could have been cured under Obamacare, but this new system is far less expensive."
2690,0,3,28,31,1.096774193548387,0.053978066228004884,568,Cannibal Spectator says that a 2009 Malbec goes well with a human sacrifice.
2690,0,3,28,31,1.096774193548387,0.053978066228004884,568,Ugh. These networking events are real torture.
2690,0,3,28,31,1.096774193548387,0.053978066228004884,568,I know Brad invited you two here because he thought you had a lot in common.
2690,1,1,29,31,1.096774193548387,0.0711629768076314,568,"Actually, it's absinthe with a little bit of a splash of night shade."
2690,1,1,29,31,1.096774193548387,0.0711629768076314,568,Oh lighten up. Tenure parties are fun!
2690,0,3,28,31,1.096774193548387,0.053978066228004884,568,"I'm sorry, but the wine you brought did not pass my very specific A list."
2690,0,3,28,31,1.096774193548387,0.053978066228004884,568,You should have just told us you can't hold your drinks.
2690,0,3,28,31,1.096774193548387,0.053978066228004884,568,Some say torture. Some say Enhanced Critic Techniques.
2690,0,3,28,31,1.096774193548387,0.053978066228004884,568,"So, how is the Mafia Witness Disposal Fantasy Cruise going so far?"
2690,0,3,28,31,1.096774193548387,0.053978066228004884,568,It's wonderful to meet people who share my passion for 13th century alpaca weaving techniques.
2690,0,3,28,31,1.096774193548387,0.053978066228004884,568,"I came as soon as I read his tweet. He wrote : ""Former ordre CANCELLED !! They won't be burnt at the stake."" Cheers !"
2690,1,1,29,31,1.096774193548387,0.0711629768076314,568,Not funny
2690,1,1,29,31,1.096774193548387,0.0711629768076314,568,Don't even ask about the cheese tasting party.
2690,1,1,29,31,1.096774193548387,0.0711629768076314,568,"It's a suitably dark pinot noir, with undertones of film."
2690,1,1,29,31,1.096774193548387,0.0711629768076314,568,I promise we'll let you go if you just drink the merlot
2690,1,1,29,31,1.096774193548387,0.0711629768076314,568,Have some pail ale
2690,1,1,29,31,1.096774193548387,0.0711629768076314,568,A picture is actually worth seven words.
2690,0,3,28,31,1.096774193548387,0.053978066228004884,568,I understand you two just met and now you'r going to go out together.
2690,1,1,29,31,1.096774193548387,0.0711629768076314,568,Leaving early?
2690,0,3,28,31,1.096774193548387,0.053978066228004884,568,"There are thousands and thousands of uses for corn, all of which I will tell you about right now."
2690,0,3,28,31,1.096774193548387,0.053978066228004884,568,I guess I can cross this off of my bucket list!
2690,0,3,28,31,1.096774193548387,0.053978066228004884,568,How nice! You guys are still on the wagon!
2690,0,3,28,31,1.096774193548387,0.053978066228004884,568,"Oh, come on, don't be a 'stick in the mud,' have a glass of wine!"
2690,0,3,28,31,1.096774193548387,0.053978066228004884,568,"Sorry, I forgot to mention in the invitation that this going away party is in your honor."
2690,0,3,28,31,1.096774193548387,0.053978066228004884,568,"Now savor the flavor , and you will get a chance to unwind"
2690,0,3,28,31,1.096774193548387,0.053978066228004884,568,I'm Guessing This is Your Last Exhibition?
2690,0,3,28,31,1.096774193548387,0.053978066228004884,568,Sessions has GOT to tone it down when he's here in Colorado.
2690,0,3,28,31,1.096774193548387,0.053978066228004884,568,I'm drawing a blank.
2690,0,3,28,31,1.096774193548387,0.053978066228004884,568,"I knew these parties get mobbed, but this is ridiculous!"
2690,0,3,28,31,1.096774193548387,0.053978066228004884,568,"So, let's see you guess the vintage by the bouquet......"
2690,1,1,29,31,1.096774193548387,0.0711629768076314,568,we're on a bound date.
2690,1,1,29,31,1.096774193548387,0.0711629768076314,568,"I'm sorry, what kind of party did you think this was?"
2690,0,3,28,31,1.096774193548387,0.053978066228004884,568,"After initiation, you get to act smug and make other people do things - doesn't that sound nice?"
2690,1,1,29,31,1.096774193548387,0.0711629768076314,568,Sometimes I think maybe the wine bucket challenge isn't so fun anymore.
2690,1,1,29,31,1.096774193548387,0.0711629768076314,568,Didn't I warn you about bringing up politics?
2690,0,3,28,31,1.096774193548387,0.053978066228004884,568,"So what do you teach, and how did you manage to make the DeVoss Bucket List Challenge?"
2690,1,1,29,31,1.096774193548387,0.0711629768076314,568,"I told Michael that you said it was business, nothing personal."
2690,0,3,28,31,1.096774193548387,0.053978066228004884,568,"So, when did you tie the knot?"
2690,1,1,29,31,1.096774193548387,0.0711629768076314,568,I have to be honest with you two. This isn't what I had in mind when I advised you to be potted plants and not get roped in to awkward small talk.
2690,0,3,28,31,1.096774193548387,0.053978066228004884,568,I've got THE best swimming instructor for you!
2690,1,1,29,31,1.096774193548387,0.0711629768076314,568,"Oh, I know them. My uncle used to work there!"
2690,1,1,29,31,1.096774193548387,0.0711629768076314,568,"So I said, 'Fluffy, you get down off that counter immediately!' And you what he did? He just looked at me as though what I had to say didn't interest him at all. I mean, REALLY......."
2690,1,1,29,31,1.096774193548387,0.0711629768076314,568,I see that your bucket list has you all tied up at the moment.
2690,0,3,28,31,1.096774193548387,0.053978066228004884,568,"If you don't mind, would you take your shoes off before you come in."
2690,0,3,28,31,1.096774193548387,0.053978066228004884,568,The Winemaid's Tale
2690,0,3,28,31,1.096774193548387,0.053978066228004884,568,We want our wine chilled.
2690,0,3,28,31,1.096774193548387,0.053978066228004884,568,"I know I'm your sister, and it IS my birthday, but you could've just phoned to say you were both tied up tonight."
2690,0,3,28,31,1.096774193548387,0.053978066228004884,568,I usually prefer to circulate at these things.
2690,1,1,29,31,1.096774193548387,0.0711629768076314,568,Put this can sav on your bucket list.
2690,0,3,28,31,1.096774193548387,0.053978066228004884,568,Aren't these team builders fun? Would you like a merlot?
2690,0,3,28,31,1.096774193548387,0.053978066228004884,568,May I offer you the drink?
2690,0,3,28,31,1.096774193548387,0.053978066228004884,568,Pity you can't partake...this pinot grigio has a playful note of miracle grow.
2690,1,1,29,31,1.096774193548387,0.0711629768076314,568,Never ask for a little pot at a wine tasting party.
2690,0,3,28,31,1.096774193548387,0.053978066228004884,568,"Congratulations, you bring performance art to an entirely new level."
2690,0,3,28,31,1.096774193548387,0.053978066228004884,568,"Gosh, we sorta hijacked your party, didn't we?"
2690,0,3,28,31,1.096774193548387,0.053978066228004884,568,The saltwater fish are so beautiful.
2690,1,1,29,31,1.096774193548387,0.0711629768076314,568,"Pardon me, is this the 404 to Sheboygan?"
2690,1,1,29,31,1.096774193548387,0.0711629768076314,568,Please don't run.
2690,0,3,28,31,1.096774193548387,0.053978066228004884,568,"Because with closed eyes you swore this red was a white, you are banished from all future tastings."
2690,0,3,28,31,1.096774193548387,0.053978066228004884,568,"Wait, don't tell me--your bucket list went south?"
2690,0,3,28,31,1.096774193548387,0.053978066228004884,568,"So I see you guys are taking this ""bucket list"" thing pretty seriously."
2690,0,3,28,31,1.096774193548387,0.053978066228004884,568,"So tell me, what interests do you lovebirds have in common?"
2690,0,3,28,31,1.096774193548387,0.053978066228004884,568,"I, also, tried to stop drinking once."
2690,1,1,29,31,1.096774193548387,0.0711629768076314,568,"Sorry,you got the date wrong. This week it's a blind tasting; the bind tasting was last week."
2690,0,3,28,31,1.096774193548387,0.053978066228004884,568,"I interned for him too, he is great"
2690,0,3,28,31,1.096774193548387,0.053978066228004884,568,"I agree, and so do all of us here at NRDC. The oceans must not rise."
2690,0,3,28,31,1.096774193548387,0.053978066228004884,568,Your choice: the Hudson the Mississippi or the Atlantic.
2690,0,3,28,31,1.096774193548387,0.053978066228004884,568,It's the latest weight-loss plan
2690,1,1,29,31,1.096774193548387,0.0711629768076314,568,The chef from Papua New Ginea doesn't really know much about wine pairing.
2690,0,3,28,31,1.096774193548387,0.053978066228004884,568,"Fend shui aside, I really like your outfits"
2690,1,1,29,31,1.096774193548387,0.0711629768076314,568,I'm just joking when I ask someone to kill me at these things.
2690,0,3,28,31,1.096774193548387,0.053978066228004884,568,Don't you find this wine tasting captivating?
2690,1,1,29,31,1.096774193548387,0.0711629768076314,568,"Good, we can skip the small talk."
2690,1,1,29,31,1.096774193548387,0.0711629768076314,568,"...So, we finally decided on the BMW. The next big decision in early 2011 was whether to go to the Bahamas again or try Cancun. Bob was for the Bahamas, but I thought something fresh would be a good idea..."
2690,0,3,28,31,1.096774193548387,0.053978066228004884,568,"As you are sinking, be cheered up by knowing that I am drinking to your heroic self-righteousness."
2690,0,3,28,31,1.096774193548387,0.053978066228004884,568,"You will say ""Hillary is part of the resistance"" and drink this koolaid!"
2690,0,3,28,31,1.096774193548387,0.053978066228004884,568,Can I have a refill?
2690,0,3,28,31,1.096774193548387,0.053978066228004884,568,"You know exactly where the bathroom is, Janet."
2690,0,3,28,31,1.096774193548387,0.053978066228004884,568,"The invite clearly said, BYOB or make your own from scratch."
2690,1,1,29,31,1.096774193548387,0.0711629768076314,568,"And we would've gotten away with it too, Velma, if it wasn't for you kids and that mangy mutt!"
2690,0,3,28,31,1.096774193548387,0.053978066228004884,568,I hear seawater removes red wine stains.
2690,0,3,28,31,1.096774193548387,0.053978066228004884,568,Aren't these office parties fun?
2690,0,3,28,31,1.096774193548387,0.053978066228004884,568,You look like you could use the drink.
2690,0,3,28,31,1.096774193548387,0.053978066228004884,568,"Subtle notes of bromodosis, with a surprisingly smooth finish."
2690,1,1,29,31,1.096774193548387,0.0711629768076314,568,You saw Luca Brasi? Why didn't you bring him?
2690,1,1,29,31,1.096774193548387,0.0711629768076314,568,"You have no choice, pass the health care bill."
2690,1,1,29,31,1.096774193548387,0.0711629768076314,568,"So, too bad about that Obama care, right?"
2690,0,3,28,31,1.096774193548387,0.053978066228004884,568,How nice...so what number are you up to on the bucket list now?
2690,1,1,29,31,1.096774193548387,0.0711629768076314,568,"Wait, let me guess. You're supposed to be a pair of potted palms?"
2690,0,3,28,31,1.096774193548387,0.053978066228004884,568,The Fifty Shades of Luca Brasi party is next door.
2690,0,3,28,31,1.096774193548387,0.053978066228004884,568,I heard you were tied up and couldn't make it?
2690,0,3,28,31,1.096774193548387,0.053978066228004884,568,Are you the entertainment?
2690,0,3,28,31,1.096774193548387,0.053978066228004884,568,It's absurd what you people pay for this.
2690,0,3,28,31,1.096774193548387,0.053978066228004884,568,"Usually, guests tend to leave my parties early."
2690,0,3,28,31,1.096774193548387,0.053978066228004884,568,I guess you won't need this to get potted.
2690,0,3,28,31,1.096774193548387,0.053978066228004884,568,I understand there are some beautiful fish in that river.
2690,0,3,28,31,1.096774193548387,0.053978066228004884,568,Your funeral director must be furious.
2690,0,3,28,31,1.096774193548387,0.053978066228004884,568,I see you are ready to go down with the company
2690,1,1,29,31,1.096774193548387,0.0711629768076314,568,"It ain't broke, but it needs fixing."
2690,1,1,29,31,1.096774193548387,0.0711629768076314,568,Why do you couples from Florida always dress alike?
2690,0,3,28,31,1.096774193548387,0.053978066228004884,568,How is the Mafia diet working?
2690,0,3,28,31,1.096774193548387,0.053978066228004884,568,"""It might be 'stuck', but more profitably called 'sacrifice.'"
2690,0,3,28,31,1.096774193548387,0.053978066228004884,568,'I tried to quit drinking just last month. Obviously I failed!'
2690,0,3,28,31,1.096774193548387,0.053978066228004884,568,Hogtying humans has always been on my bucket list.
2690,0,3,28,31,1.096774193548387,0.053978066228004884,568,Visiting Venice is at the top of my bucket list.
2690,1,1,29,31,1.096774193548387,0.0711629768076314,568,I'd offer you a drink but it looks like you are tied up at the moment.
2690,0,3,28,31,1.096774193548387,0.053978066228004884,568,no more hints...which wine goes with fish? Final answer.
2690,0,3,28,31,1.096774193548387,0.053978066228004884,568,This should teach you not to serve me an oakey Chardonnay.
2690,0,3,28,31,1.096774193548387,0.053978066228004884,568,Maybe now you'll appreciate his use of negative space.
2690,0,3,28,31,1.096774193548387,0.053978066228004884,568,"I'd offer you a drink, but..."
2690,0,3,28,31,1.096774193548387,0.053978066228004884,568,"Yes, we're so proud to see that the children are already preparing for summer camp ..."
2690,1,1,29,31,1.096774193548387,0.0711629768076314,568,Wait. Don't tell me.
2690,1,1,29,31,1.096774193548387,0.0711629768076314,568,Ask me about my Hampton house remodel -then you can have a sip.
2690,0,3,28,31,1.096774193548387,0.053978066228004884,568,I realize you've been a bit tied up but I know you have your feet firmly planted on the ground. Have a drink and relax!
2690,0,3,28,31,1.096774193548387,0.053978066228004884,568,Oh! and I just have to tell you about my new project...
2690,0,3,28,31,1.096774193548387,0.053978066228004884,568,"...but, I see I'm beginning to bore you."
2690,1,1,29,31,1.096774193548387,0.0711629768076314,568,"That was a fine How-Dee-Doo! You had to bring your own bottles of wine! Ours wasn't good enough! Too dry? Well, we'll correct that!"
2690,0,3,28,31,1.096774193548387,0.053978066228004884,568,I forgot to tell you Dad is mafioso.
2690,0,3,28,31,1.096774193548387,0.053978066228004884,568,Are you reconsidering your rejection of the Merlot?
2690,0,3,28,31,1.096774193548387,0.053978066228004884,568,"I'd offer you a drink, but that seems redundant."
2690,0,3,28,31,1.096774193548387,0.053978066228004884,568,It's healthier than the traditional last cigarette.
2690,0,3,28,31,1.096774193548387,0.053978066228004884,568,"All some people seem to ever want to talk about is their Florida vacations. Do you ever notice that? Well, do you? Myself, I never set foot out of Naples. Who does?"
2690,1,1,29,31,1.096774193548387,0.0711629768076314,568,"Hi, I'm Vito's wife, and you must be some of his business ex-associates."
2690,0,3,28,31,1.096774193548387,0.053978066228004884,568,"I know you're all tied up at the moment, but could you get me another drink?"
2690,1,1,29,31,1.096774193548387,0.0711629768076314,568,I assume you’re not friends of Tony.
2690,0,3,28,31,1.096774193548387,0.053978066228004884,568,Is it shaken not stirred or stirred not shaken?
2690,0,3,28,31,1.096774193548387,0.053978066228004884,568,Here's to getting to the bottom of your relationship...
2690,0,3,28,31,1.096774193548387,0.053978066228004884,568,Who roped you into this wine tasting.
2690,1,1,29,31,1.096774193548387,0.0711629768076314,568,"Let me guess, he had you hooked, lined, and sinkered."
2690,0,3,28,31,1.096774193548387,0.053978066228004884,568,"I don't have to worry about getting out of bed in the morning anymore, but now getting decent public transportation is almost impossible."
2690,0,3,28,31,1.096774193548387,0.053978066228004884,568,"So, I understand that you both recently started a 'cleanse'"
2690,0,3,28,31,1.096774193548387,0.053978066228004884,568,"Is this art work about income inequality, or is it about immigration?"
2690,0,3,28,31,1.096774193548387,0.053978066228004884,568,What did you do for a living?
2690,0,3,28,31,1.096774193548387,0.053978066228004884,568,"Is that the new ""torture"" diet? I hear it is all the rage inside of Guantanamo."
2690,0,3,28,31,1.096774193548387,0.053978066228004884,568,Um...No. This isn't the B&D meetup.
2690,0,3,28,31,1.096774193548387,0.053978066228004884,568,This is my first going-away party since I've been with the firm.
2690,1,1,29,31,1.096774193548387,0.0711629768076314,568,"So, you two have been selected as next month's hosts!"
2690,1,1,29,31,1.096774193548387,0.0711629768076314,568,"Cannibles yes, but nouveau riche I'm afraid."
2690,0,3,28,31,1.096774193548387,0.053978066228004884,568,"The President wants me to convey to you that he is ""sorry, but this is just the way its got to be."""
2690,0,3,28,31,1.096774193548387,0.053978066228004884,568,Bad hair day?
2690,0,3,28,31,1.096774193548387,0.053978066228004884,568,Thank you for your entry. Ever heard of a wine press?
2690,1,1,29,31,1.096774193548387,0.0711629768076314,568,"Sorry, but the man in the pillory got the last straw."
2690,1,1,29,31,1.096774193548387,0.0711629768076314,568,Just a trace of doubt.
2690,1,1,29,31,1.096774193548387,0.0711629768076314,568,Charles and I slept with the fishes on the Vineyard last summer.
2690,1,1,29,31,1.096774193548387,0.0711629768076314,568,Pity the soiree is so polarized. I so wanted you to taste this wine. It has such a delightfully disrespectful nose and insolent aftertaste.
2690,0,3,28,31,1.096774193548387,0.053978066228004884,568,"Look, you only got this gig because Marina Abramovic turned it down. So shut up and start doing freaky shit with your bodily fluids."
2690,1,1,29,31,1.096774193548387,0.0711629768076314,568,It would be uncivil and discourteous to drop the two of you into the East River without a proper bon voyage soiree.
2690,1,1,29,31,1.096774193548387,0.0711629768076314,568,You two are a little overdressed for this soirée.
2690,1,1,29,31,1.096774193548387,0.0711629768076314,568,This is the introductory phase. Not to worry!
2690,1,1,29,31,1.096774193548387,0.0711629768076314,568,"No, the King's aren't here. Seems they were a little too tied up to join us this evening."
2690,0,3,28,31,1.096774193548387,0.053978066228004884,568,As you can see a handy individual spit bucket has been provided.
2690,1,1,29,31,1.096774193548387,0.0711629768076314,568,Contest #404
2690,1,1,29,31,1.096774193548387,0.0711629768076314,568,Are you in town for long?
2690,1,1,29,31,1.096774193548387,0.0711629768076314,568,"Now that I have you here, I'd like to talk with you about donating to the annual fund."
2690,0,3,28,31,1.096774193548387,0.053978066228004884,568,Just tell me the name of this wine and you can go free.
2690,1,1,29,31,1.096774193548387,0.0711629768076314,568,Welcome to Carmine's Whale Watch.
2690,1,1,29,31,1.096774193548387,0.0711629768076314,568,"OK, what did you two do with Bob???"
2690,0,3,28,31,1.096774193548387,0.053978066228004884,568,So this is the latest ice bucket challenge?
2690,1,1,29,31,1.096774193548387,0.0711629768076314,568,Why are you guys always so stand-offish?
2690,0,3,28,31,1.096774193548387,0.053978066228004884,568,Other than that Mrs. Lincoln...
2690,1,1,29,31,1.096774193548387,0.0711629768076314,568,What time is the flogging?
2690,0,3,28,31,1.096774193548387,0.053978066228004884,568,Backiotomy
2690,1,1,29,31,1.096774193548387,0.0711629768076314,568,Like to join my Parliament?
2690,0,3,28,31,1.096774193548387,0.053978066228004884,568,A.A.'s 13th step?
2690,1,1,29,31,1.096774193548387,0.0711629768076314,568,And that's why working in publishing is pure torture nowada.
2690,1,1,29,31,1.096774193548387,0.0711629768076314,568,I'm always pleased to meet our new recruits.
2690,1,1,29,31,1.096774193548387,0.0711629768076314,568,"oh good, you came! You said you were tied up."
2690,0,3,28,31,1.096774193548387,0.053978066228004884,568,"So, what brings you to the party?"
2690,1,1,29,31,1.096774193548387,0.0711629768076314,568,I'm sure someone will open the bidding for your release any moment.
2690,0,3,28,31,1.096774193548387,0.053978066228004884,568,Don't worry. This party's dying anyway.
2690,1,1,29,31,1.096774193548387,0.0711629768076314,568,You must be the Godfather's new interns
2690,0,3,28,31,1.096774193548387,0.053978066228004884,568,"Bucket list for the mob, are you?"
2690,1,1,29,31,1.096774193548387,0.0711629768076314,568,Do either of you still have any doubts about who runs this household?
2690,1,1,29,31,1.096774193548387,0.0711629768076314,568,You're toast.
2690,0,3,28,31,1.096774193548387,0.053978066228004884,568,The penalties for serving wine that has turned can be quite severe.
2690,0,3,28,31,1.096774193548387,0.053978066228004884,568,Can I interest you in a timeshare?
2690,0,3,28,31,1.096774193548387,0.053978066228004884,568,Quido always has the most interesting friends!
2690,0,3,28,31,1.096774193548387,0.053978066228004884,568,"I'll give you a hand, if you don't get out of hand."
2690,1,1,29,31,1.096774193548387,0.0711629768076314,568,What does a Tide commercial pay?
2690,0,3,28,31,1.096774193548387,0.053978066228004884,568,"Sure, drinking rules are not binding in this situation."
2690,0,3,28,31,1.096774193548387,0.053978066228004884,568,"""It's a California burgundy, but a nice California burgundy"","
2690,1,1,29,31,1.096774193548387,0.0711629768076314,568,"Well, that might work, but surely they'll impeach."
2690,1,1,29,31,1.096774193548387,0.0711629768076314,568,Did you say white or red?
2690,0,3,28,31,1.096774193548387,0.053978066228004884,568,What makes you think this is a going away party?
2690,1,1,29,31,1.096774193548387,0.0711629768076314,568,A last sip?
2690,1,1,29,31,1.096774193548387,0.0711629768076314,568,You chose the cocktail party? I'd rather be thrown into the Hudson.
2690,1,1,29,31,1.096774193548387,0.0711629768076314,568,"It gives you all the weight-loss benefits of captivity, but with none of the drama."
2690,0,3,28,31,1.096774193548387,0.053978066228004884,568,At long last I meet The Fishes!
2690,1,1,29,31,1.096774193548387,0.0711629768076314,568,Which one of you is David Blanie?
2690,1,1,29,31,1.096774193548387,0.0711629768076314,568,Imagine! You guys were dumped off two different piers at opposite ends of the city and wound up on the same beach. That is so romantic!
2690,1,1,29,31,1.096774193548387,0.0711629768076314,568,So I see you volunteered to stay for Hillary's speech.
2690,0,3,28,31,1.096774193548387,0.053978066228004884,568,"'Captive Audience,' what a lovely combination of performance art and therapy."
2690,1,1,29,31,1.096774193548387,0.0711629768076314,568,Our boss doesn't like unannounced audits.
2690,1,1,29,31,1.096774193548387,0.0711629768076314,568,I will see you in a couple weeks when I go scuba diving.
2690,1,1,29,31,1.096774193548387,0.0711629768076314,568,Here's to both of you finally fulfilling your bucket list.
2690,0,3,28,31,1.096774193548387,0.053978066228004884,568,Don't you just love Fashion Week?
2690,0,3,28,31,1.096774193548387,0.053978066228004884,568,i love the outfit
2690,0,3,28,31,1.096774193548387,0.053978066228004884,568,"I see ""Big Frank"" invited you, I won't keep you."
2690,1,1,29,31,1.096774193548387,0.0711629768076314,568,Here's a toast to the murder defendant you testified against.
2690,0,3,28,31,1.096774193548387,0.053978066228004884,568,Office parties bring out the worst in us.
2690,1,1,29,31,1.096774193548387,0.0711629768076314,568,Here's to making it through your bucket list!
2690,1,1,29,31,1.096774193548387,0.0711629768076314,568,Rehab not going well?
2690,0,3,28,31,1.096774193548387,0.053978066228004884,568,Can you keep a secret?
2690,0,3,28,31,1.096774193548387,0.053978066228004884,568,"Well, your not on my bucket list!"
2690,0,3,28,31,1.096774193548387,0.053978066228004884,568,"I'm sorry, our ficus position has already been filled."
2690,0,3,28,31,1.096774193548387,0.053978066228004884,568,No hard feelings; just enjoy yourselves.
2690,1,1,29,31,1.096774193548387,0.0711629768076314,568,We were just worried because you hadn't RSVP'd.
2690,1,1,29,31,1.096774193548387,0.0711629768076314,568,"I know it's been rough, but sometimes you just have to hit bottom..."
2690,0,3,28,31,1.096774193548387,0.053978066228004884,568,I'm in mortgages at our S&L. What do you two do?
2690,0,3,28,31,1.096774193548387,0.053978066228004884,568,Your flats and accessories are killer.
2690,0,3,28,31,1.096774193548387,0.053978066228004884,568,Are you ready for your bind taste test?
2690,0,3,28,31,1.096774193548387,0.053978066228004884,568,Apologies for the strict no mingling policy for newcomers.
2690,0,3,28,31,1.096774193548387,0.053978066228004884,568,Tell me why you ruined my childhood.
2690,1,1,29,31,1.096774193548387,0.0711629768076314,568,Let me guess -- a destination wedding.
2690,0,3,28,31,1.096774193548387,0.053978066228004884,568,A little indiscreet were we about Colonel Mustard in the library with the candlestick?
2690,0,3,28,31,1.096774193548387,0.053978066228004884,568,Next time listen get out
2690,1,1,29,31,1.096774193548387,0.0711629768076314,568,So thoughtful of Tony to give you a going away party.
2690,0,3,28,31,1.096774193548387,0.053978066228004884,568,"So glad you could make it, you're probably having a busy week"
2690,1,1,29,31,1.096774193548387,0.0711629768076314,568,"'Naturally, we do want our summer associates to have pool access.'"
2690,1,1,29,31,1.096774193548387,0.0711629768076314,568,Yes but you said it was a rose'.
2690,0,3,28,31,1.096774193548387,0.053978066228004884,568,You criticized the Sicilian wine?
2690,1,1,29,31,1.096774193548387,0.0711629768076314,568,So glad you could both make it to open the exhibition.
2690,0,3,28,31,1.096774193548387,0.053978066228004884,568,"So, Mr. and Mrs. Kuper, who am I really?"
2690,0,3,28,31,1.096774193548387,0.053978066228004884,568,"So, how do you know Al?"
2690,0,3,28,31,1.096774193548387,0.053978066228004884,568,"Now that I've captured you, Mr. Bond, my plan is simple. Turn all credible news into memes of kitties sticking their heads in bread."
2690,0,3,28,31,1.096774193548387,0.053978066228004884,568,"No thanks, We're trying to quit drinking."
2690,1,1,29,31,1.096774193548387,0.0711629768076314,568,I heard you two got into hot water over the last company party.
2690,0,3,28,31,1.096774193548387,0.053978066228004884,568,So what exactly are Mafia interns?
2690,0,3,28,31,1.096774193548387,0.053978066228004884,568,I told you - no more wine and cheese!
2690,0,3,28,31,1.096774193548387,0.053978066228004884,568,I welcome you to try others. It seems you started with the 2016 varietal panache--straining/restraining batch.
2690,0,3,28,31,1.096774193548387,0.053978066228004884,568,"So, nothing to drink? You two are certainly showing a great deal of restraint !"
2690,0,3,28,31,1.096774193548387,0.053978066228004884,568,"Wrong memo? Well, you are bound to get canned."
2690,1,1,29,31,1.096774193548387,0.0711629768076314,568,You stomp a really good wine.
2690,0,3,28,31,1.096774193548387,0.053978066228004884,568,"Marvelous, just marvelous! Refined yet resigned."
2690,0,3,28,31,1.096774193548387,0.053978066228004884,568,Red is just fine with fish.
2690,0,3,28,31,1.096774193548387,0.053978066228004884,568,12 Step Programs are much too complicated.....
2690,0,3,28,31,1.096774193548387,0.053978066228004884,568,Sparkling or flat?
2690,0,3,28,31,1.096774193548387,0.053978066228004884,568,Tell me what I need to know or you will drink the Merlot.
2690,1,1,29,31,1.096774193548387,0.0711629768076314,568,"As soon as the Supreme Court lifts the deportation stay, we will put you on the helicopter to Hawaii."
2690,1,1,29,31,1.096774193548387,0.0711629768076314,568,Are you two hydrologists? Bruno tells me you have an appointment with the East River.
2690,0,3,28,31,1.096774193548387,0.053978066228004884,568,Did you hear the President's speech... this party is for you too.
2690,0,3,28,31,1.096774193548387,0.053978066228004884,568,"Our wine club doesn't call it hazing, we call it flight tasting."
2690,0,3,28,31,1.096774193548387,0.053978066228004884,568,I prefer talking to a captive audience
2690,1,1,29,31,1.096774193548387,0.0711629768076314,568,I've given up trying to keep up with all of the iterations of the Ice Bucket Challenge.
2690,0,3,28,31,1.096774193548387,0.053978066228004884,568,I'm thinking of it as a new spin on criticism-cum-participatory artwork.
2690,0,3,28,31,1.096774193548387,0.053978066228004884,568,I'm still crafting my bucket list.
2690,0,3,28,31,1.096774193548387,0.053978066228004884,568,"What a coincidence, I understand our host Tony Fish Eyes is also in concrete."
2690,0,3,28,31,1.096774193548387,0.053978066228004884,568,"Sorry, we're tied up right now."
2690,1,1,29,31,1.096774193548387,0.0711629768076314,568,Nicole tells me you're the entertainment.
2690,1,1,29,31,1.096774193548387,0.0711629768076314,568,"One host's way of handling those awkward cocktail party ""walk-aways."" One host's method for dealing with those awkward ""cocktail party conversation walk-aways."""
2690,0,3,28,31,1.096774193548387,0.053978066228004884,568,I hear this is a farewell party for you. Bon voyage.
2690,0,3,28,31,1.096774193548387,0.053978066228004884,568,Nordstrom?
2690,1,1,29,31,1.096774193548387,0.0711629768076314,568,Would you like a sip before the dunk?
2690,0,3,28,31,1.096774193548387,0.053978066228004884,568,"First our internet history, then what? By the way, you two are doing a magnificent job making the wine."
2690,1,1,29,31,1.096774193548387,0.0711629768076314,568,"Thanks, but red wine gives me hives."
2690,1,1,29,31,1.096774193548387,0.0711629768076314,568,I could bring a straw.
2690,1,1,29,31,1.096774193548387,0.0711629768076314,568,You must be the new witness protection neighbors.
2690,0,3,28,31,1.096774193548387,0.053978066228004884,568,You need a body of water for these to be pre-existing conditions.
2690,1,1,29,31,1.096774193548387,0.0711629768076314,568,Are you what they call 'Millenials?'
2690,1,1,29,31,1.096774193548387,0.0711629768076314,568,"The water's like ice, but, you won't freeze to death."
2690,0,3,28,31,1.096774193548387,0.053978066228004884,568,Uncanny outfit! I thought you boycott her brand!
2690,0,3,28,31,1.096774193548387,0.053978066228004884,568,"I'm glad that you both ""came as you are""."
2690,1,1,29,31,1.096774193548387,0.0711629768076314,568,The scale! Breathtaking!
2690,0,3,28,31,1.096774193548387,0.053978066228004884,568,Of course it is always a matter of perspective.
2690,0,3,28,31,1.096774193548387,0.053978066228004884,568,You two going for a swim?
2690,0,3,28,31,1.096774193548387,0.053978066228004884,568,"Aww, did you two meet on Plenty Of Fish?"
2690,1,1,29,31,1.096774193548387,0.0711629768076314,568,Looks like you can scratch off happy hour and bondage from your bucket lists.
2690,0,3,28,31,1.096774193548387,0.053978066228004884,568,The seafood's always questionable at these things.
2690,1,1,29,31,1.096774193548387,0.0711629768076314,568,So essentially you're in the unfinished business.
2690,1,1,29,31,1.096774193548387,0.0711629768076314,568,Are you sure you want to play this game?
2690,1,1,29,31,1.096774193548387,0.0711629768076314,568,I presume just attending is enough to tick off swinger's party from your bucket list.
2690,0,3,28,31,1.096774193548387,0.053978066228004884,568,"Finally, they bring out the vintage Coppola!"
2690,0,3,28,31,1.096774193548387,0.053978066228004884,568,"Well, I'm off to foment evil throughout the city! Don't even think about undoing each other's ropes and rolling to the sledge hammer several feet away that could easily smash the concrete around your feet."
2690,1,1,29,31,1.096774193548387,0.0711629768076314,568,"Due to past experience, we're just making sure ""The Bachelor"" couple can't come back again next season."
2690,1,1,29,31,1.096774193548387,0.0711629768076314,568,I LOVE your costumes. SO relevant.
2690,1,1,29,31,1.096774193548387,0.0711629768076314,568,How's your diet plan going?
2690,1,1,29,31,1.096774193548387,0.0711629768076314,568,The boss said the wine is for after.
2690,0,3,28,31,1.096774193548387,0.053978066228004884,568,A toast to your binding commitment
2690,0,3,28,31,1.096774193548387,0.053978066228004884,568,It's a great space for binding arbitration.
2690,1,1,29,31,1.096774193548387,0.0711629768076314,568,What? Janice has a standing desk!
2690,0,3,28,31,1.096774193548387,0.053978066228004884,568,Can it get any weirder than this?
2690,1,1,29,31,1.096774193548387,0.0711629768076314,568,"So, when did you two tie the knots?"
2690,0,3,28,31,1.096774193548387,0.053978066228004884,568,Performance art or captive audience?
2690,0,3,28,31,1.096774193548387,0.053978066228004884,568,These ice sculptures look so life-like
2690,1,1,29,31,1.096774193548387,0.0711629768076314,568,So you thought you were coming here to press the drapes.
2690,1,1,29,31,1.096774193548387,0.0711629768076314,568,dfg
2690,0,3,28,31,1.096774193548387,0.053978066228004884,568,"Trust me, it's only Kool-Aid."
2690,0,3,28,31,1.096774193548387,0.053978066228004884,568,I didn't expect you when you told me you were both going to be tied up today
2690,0,3,28,31,1.096774193548387,0.053978066228004884,568,You two would make a pricey but superb gag gift.
2690,1,1,29,31,1.096774193548387,0.0711629768076314,568,"I can see you're here to try our critically acclaimed, extremely desirable Pinot Noir."
2690,1,1,29,31,1.096774193548387,0.0711629768076314,568,My therapist suggested I let loose and meet new people.
2690,0,3,28,31,1.096774193548387,0.053978066228004884,568,Please don't jump to conclusions.
2690,0,3,28,31,1.096774193548387,0.053978066228004884,568,So you're the ones who told the reporter that the boss was in her 60s!
2690,1,1,29,31,1.096774193548387,0.0711629768076314,568,"So you're both named ""Fern"" then?"
2690,0,3,28,31,1.096774193548387,0.053978066228004884,568,"Well, they did say attending the office party was mandatory."
2690,1,1,29,31,1.096774193548387,0.0711629768076314,568,"I know you're new to the city, but for our next meeting you might like to try using Uber instead of walking. It's kind of like having mobile health insurance.."
2690,0,3,28,31,1.096774193548387,0.053978066228004884,568,welcome!
2690,1,1,29,31,1.096774193548387,0.0711629768076314,568,"OK, this is your last chance. Drink the merlot, or..."
2690,0,3,28,31,1.096774193548387,0.053978066228004884,568,Well you won't do that again
2690,0,3,28,31,1.096774193548387,0.053978066228004884,568,She said we were bound to meet all sorts of interesting people at this party.
2690,0,3,28,31,1.096774193548387,0.053978066228004884,568,Vito Colione just asked us to drop by after the party.
2690,1,1,29,31,1.096774193548387,0.0711629768076314,568,Nobody dreads swimming as much as me.
2690,1,1,29,31,1.096774193548387,0.0711629768076314,568,"What if I told you it's not alcohol, it's ginger ale?"
2690,0,3,28,31,1.096774193548387,0.053978066228004884,568,Doctor's orders!
2690,0,3,28,31,1.096774193548387,0.053978066228004884,568,I'd knew you'd turn up.
2690,0,3,28,31,1.096774193548387,0.053978066228004884,568,"I'm sorry, I must of mixed up the guest list with my bucket list."
2690,0,3,28,31,1.096774193548387,0.053978066228004884,568,What can I get you to drink?
2690,1,1,29,31,1.096774193548387,0.0711629768076314,568,We decided to cement our relationship.
2690,0,3,28,31,1.096774193548387,0.053978066228004884,568,You knew the penalty for failing to tag apricot hints.
2690,0,3,28,31,1.096774193548387,0.053978066228004884,568,Were you thinking 'costume party'?
2690,0,3,28,31,1.096774193548387,0.053978066228004884,568,Guess this is your last party
2690,1,1,29,31,1.096774193548387,0.0711629768076314,568,"Since we have no good Samaritan laws, it's more of a conversation stopper than starter."
2690,1,1,29,31,1.096774193548387,0.0711629768076314,568,"I'd offer you a drink, but I can see you're tied up."
2690,1,1,29,31,1.096774193548387,0.0711629768076314,568,Didn't you know it was a pool party?
2690,0,3,28,31,1.096774193548387,0.053978066228004884,568,I've entered the raffle. You'd look perfect in my foyer.
2690,0,3,28,31,1.096774193548387,0.053978066228004884,568,May I offer you a last sip?
2690,0,3,28,31,1.096774193548387,0.053978066228004884,568,Oh good. We were afraid you wouldn't be able to make it.
2690,0,3,28,31,1.096774193548387,0.053978066228004884,568,And would you care for a dip?
2690,1,1,29,31,1.096774193548387,0.0711629768076314,568,So you got roped into this event too?
2690,1,1,29,31,1.096774193548387,0.0711629768076314,568,My ex used to make me do that at key parties too. He's the worst.
2690,0,3,28,31,1.096774193548387,0.053978066228004884,568,Can I interest you in one last taste of terroir?
2690,1,1,29,31,1.096774193548387,0.0711629768076314,568,"So, how have those gambling-debt talks been going since last we met?"
2690,0,3,28,31,1.096774193548387,0.053978066228004884,568,Only one of you ordered the Mai Tai?
2690,1,1,29,31,1.096774193548387,0.0711629768076314,568,I'm a big fan of performance art.
2690,0,3,28,31,1.096774193548387,0.053978066228004884,568,Perhaps you all misunderstood. Your hostess invited you to tie one on.
2690,1,1,29,31,1.096774193548387,0.0711629768076314,568,Have we met in a past life?
2690,0,3,28,31,1.096774193548387,0.053978066228004884,568,Perhaps you two should have rated The Bartolo Family's barbera a tad higher.
2690,0,3,28,31,1.096774193548387,0.053978066228004884,568,Drink?
2690,1,1,29,31,1.096774193548387,0.0711629768076314,568,"I warned you not to joke about ""sleeping with the fishes"" to the Don."
2690,1,1,29,31,1.096774193548387,0.0711629768076314,568,"One last time, why did you use a rose glass for a bordeaux?"
2690,0,3,28,31,1.096774193548387,0.053978066228004884,568,No one cares about your cause.We just want to relax.
2690,1,1,29,31,1.096774193548387,0.0711629768076314,568,You should have chosen the Trump wine.
2690,0,3,28,31,1.096774193548387,0.053978066228004884,568,"I must say, you've been splendid!"
2690,1,1,29,31,1.096774193548387,0.0711629768076314,568,"Just say it, already. I've got another appointment and I'm not allowed to leave until you do."
2690,0,3,28,31,1.096774193548387,0.053978066228004884,568,Looks like you're a little too tied up for some wine.
2690,1,1,29,31,1.096774193548387,0.0711629768076314,568,"If you ask me, mafia-themed hyperrealism definitely works for me. Want some wine?"
2690,1,1,29,31,1.096774193548387,0.0711629768076314,568,"So, it's overboard from here, huh?"
2690,1,1,29,31,1.096774193548387,0.0711629768076314,568,When your spit buckets are full you will be thrown overboard.
2690,1,1,29,31,1.096774193548387,0.0711629768076314,568,You must be the maid of honor and the best man!
2690,0,3,28,31,1.096774193548387,0.053978066228004884,568,"The piece will be entitled ""Sink or Sink."""
2690,0,3,28,31,1.096774193548387,0.053978066228004884,568,"Stomp a few more buckets, and you get a sip."
2690,1,1,29,31,1.096774193548387,0.0711629768076314,568,"Our new health insurance won't cover acupuncture under Trump's 'Alternative Care Act', so we can only get BDSM therapy. 'Dr. Pain' is great! ...just don't forget your safe word."
2690,0,3,28,31,1.096774193548387,0.053978066228004884,568,Welcome to the Meet Cute Society for hard to match couples.
2690,1,1,29,31,1.096774193548387,0.0711629768076314,568,Did your boss force you to come here too?
2690,0,3,28,31,1.096774193548387,0.053978066228004884,568,"You'll pardon me while I tie one on, too!"
2690,0,3,28,31,1.096774193548387,0.053978066228004884,568,"We prefer to call it enhanced interrogation, not torture."
2690,0,3,28,31,1.096774193548387,0.053978066228004884,568,But everyone I know voted for Her.
2690,1,1,29,31,1.096774193548387,0.0711629768076314,568,This piece is captivating.
2690,0,3,28,31,1.096774193548387,0.053978066228004884,568,Repeat after me: I will wait for the tannins.
2690,1,1,29,31,1.096774193548387,0.0711629768076314,568,Wine-tasting newbees? Allow me to show you the ropes.
2690,0,3,28,31,1.096774193548387,0.053978066228004884,568,It's an upgrade from your golden parachute.
2690,1,1,29,31,1.096774193548387,0.0711629768076314,568,Why aren’t you two mingling?
2690,1,1,29,31,1.096774193548387,0.0711629768076314,568,"You know Susan, we'd love to support your campaign to turn the cafeteria vegan, but our hands are really tied here."
2690,0,3,28,31,1.096774193548387,0.053978066228004884,568,"I suppose you two think you're funny. All right, which one of you has the congressman's wallet?"
2690,0,3,28,31,1.096774193548387,0.053978066228004884,568,I'm absolutely sure the Kremlin had no influence on the vote.
2690,0,3,28,31,1.096774193548387,0.053978066228004884,568,"I find these day trips so refreshing, don't you?"
2690,1,1,29,31,1.096774193548387,0.0711629768076314,568,"No thank you, we're in a 13-step program."
2690,0,3,28,31,1.096774193548387,0.053978066228004884,568,Cheers to you tying the knot!
2690,0,3,28,31,1.096774193548387,0.053978066228004884,568,"So, you'll be spending summer at the shore?"
2690,0,3,28,31,1.096774193548387,0.053978066228004884,568,New to the club? I think you'll come to like our little traditions
2690,0,3,28,31,1.096774193548387,0.053978066228004884,568,So who are you here with?
2690,0,3,28,31,1.096774193548387,0.053978066228004884,568,The best is yet to come.
2690,1,1,29,31,1.096774193548387,0.0711629768076314,568,"Take a sip and you will not feel the ""tar and feathers"" segment coming up next."
2690,1,1,29,31,1.096774193548387,0.0711629768076314,568,"So, you've decided to go down to the sea together?"
2690,1,1,29,31,1.096774193548387,0.0711629768076314,568,The link is broken just like my heart.
2690,1,1,29,31,1.096774193548387,0.0711629768076314,568,I loved your book on personal growth!
2690,0,3,28,31,1.096774193548387,0.053978066228004884,568,True--not the usual way to elope. Do you have a prenup?
2690,1,1,29,31,1.096774193548387,0.0711629768076314,568,I can't recommend this wine. It has a short finish and wouldn't pair well with your circumstances.
2690,1,1,29,31,1.096774193548387,0.0711629768076314,568,"It was a blind auction. We thought ""swim with the fishes"" meant one of those nice resorts, with dolphins in the pool."
2690,0,3,28,31,1.096774193548387,0.053978066228004884,568,"Chin up, you two. OK, so the tango could have gone better. The mambo competition is up next. Time to give it everything you've got!"
2690,0,3,28,31,1.096774193548387,0.053978066228004884,568,Perhaps a little Pinot will sharpen your memory. Master Chef Junior? Chopped?
2690,0,3,28,31,1.096774193548387,0.053978066228004884,568,They untie you in step two.
2690,1,1,29,31,1.096774193548387,0.0711629768076314,568,We call it the Ivanka method.
2690,0,3,28,31,1.096774193548387,0.053978066228004884,568,At the end of our bucket list.
2690,1,1,29,31,1.096774193548387,0.0711629768076314,568,"You know, I've got to give you credit. I mean, I thought the paleo diet was extreme, but you guys are showing real commitment."
2690,0,3,28,31,1.096774193548387,0.053978066228004884,568,I just don't think it's personal enough.
2690,1,1,29,31,1.096774193548387,0.0711629768076314,568,Really nice of you to drop in.
2690,1,1,29,31,1.096774193548387,0.0711629768076314,568,I'm glad I'm not the only one who came to get sloshed.
2690,1,1,29,31,1.096774193548387,0.0711629768076314,568,"Are you enjoying your ""bon voyage"" party?"
2690,1,1,29,31,1.096774193548387,0.0711629768076314,568,No thanks. I don't swim with the fishes.
2690,0,3,28,31,1.096774193548387,0.053978066228004884,568,Hit the bucket when you spit.
2690,0,3,28,31,1.096774193548387,0.053978066228004884,568,Hopefully our buckets will be filled with cement and we will be thrown overboard before having to listen to another of her boring stories.
2690,1,1,29,31,1.096774193548387,0.0711629768076314,568,Gin or vodka for your bucket of booze?
2690,1,1,29,31,1.096774193548387,0.0711629768076314,568,Not even one little sip?
2690,1,1,29,31,1.096774193548387,0.0711629768076314,568,Who are you wearing?
2690,0,3,28,31,1.096774193548387,0.053978066228004884,568,Just wait until day two of the retreat.
2690,0,3,28,31,1.096774193548387,0.053978066228004884,568,So I see you couldn't get out of this party.
2690,0,3,28,31,1.096774193548387,0.053978066228004884,568,"We'd love to, but our hands are tied"
2690,1,1,29,31,1.096774193548387,0.0711629768076314,568,"You know, somehow it feels less wasteful having someone to spit it ON."
2690,0,3,28,31,1.096774193548387,0.053978066228004884,568,Would you like aa sip of wine before we drop you in the river?
2690,0,3,28,31,1.096774193548387,0.053978066228004884,568,Herb says he drove you over from the dock.
2690,0,3,28,31,1.096774193548387,0.053978066228004884,568,The invitation clearly stated to only bring Robert Parker 90pts and higher.
2690,0,3,28,31,1.096774193548387,0.053978066228004884,568,What's the acronym for what you're into?
2690,0,3,28,31,1.096774193548387,0.053978066228004884,568,So...you've decided to follow through the engagement.
2690,0,3,28,31,1.096774193548387,0.053978066228004884,568,"I'm sorry, it was a 1982 Nappa Valley Cabernet."
2690,1,1,29,31,1.096774193548387,0.0711629768076314,568,"""Bernie says purging Clinton supporters should be on our bucket list. Fortunately for me, we're neighbors""."
2690,0,3,28,31,1.096774193548387,0.053978066228004884,568,is the cement dry yet?
2690,0,3,28,31,1.096774193548387,0.053978066228004884,568,Pre-existing condition?
2690,1,1,29,31,1.096774193548387,0.0711629768076314,568,We know how to deal with fake art critics around here.
2690,0,3,28,31,1.096774193548387,0.053978066228004884,568,"Huh! Hostage to your bucket list, you say?"
2690,0,3,28,31,1.096774193548387,0.053978066228004884,568,We can't keep our hands off each other or stop playing footsies.
2690,0,3,28,31,1.096774193548387,0.053978066228004884,568,What time is your flight?
2690,1,1,29,31,1.096774193548387,0.0711629768076314,568,"I told you when you were hired: ""Don't get mixed up in faculty politics""."
2690,0,3,28,31,1.096774193548387,0.053978066228004884,568,Would straws do the trick?
2690,0,3,28,31,1.096774193548387,0.053978066228004884,568,I'll be tied up tomorrow.
2690,0,3,28,31,1.096774193548387,0.053978066228004884,568,That's what you get for selling wine before its time.
2690,1,1,29,31,1.096774193548387,0.0711629768076314,568,I voted for Trump.
2690,0,3,28,31,1.096774193548387,0.053978066228004884,568,"Skip out after dessert once, shame on you."
2690,0,3,28,31,1.096774193548387,0.053978066228004884,568,I had the weirdest dream last night.
2690,1,1,29,31,1.096774193548387,0.0711629768076314,568,"For the final time, red or white?"
2690,0,3,28,31,1.096774193548387,0.053978066228004884,568,Here's to your new shoes.
2690,1,1,29,31,1.096774193548387,0.0711629768076314,568,Where's the cartoon? This is he second time this has happened. Cancelling my subscription I wish y'all the best ??
2690,0,3,28,31,1.096774193548387,0.053978066228004884,568,I feel tied down at these things too.
2690,1,1,29,31,1.096774193548387,0.0711629768076314,568,So how do you two know Eddie?
2690,0,3,28,31,1.096774193548387,0.053978066228004884,568,"No, they couldn't make it. They were tied up."
2690,1,1,29,31,1.096774193548387,0.0711629768076314,568,It's part of the sleep study.
2690,1,1,29,31,1.096774193548387,0.0711629768076314,568,Oh please! Don't whine.
2690,0,3,28,31,1.096774193548387,0.053978066228004884,568,Our program is a bit different....it has 13 steps.
2690,0,3,28,31,1.096774193548387,0.053978066228004884,568,Would you mind holding my glass..? I really have to hit the restroom.
2690,0,3,28,31,1.096774193548387,0.053978066228004884,568,Frenemies of Bill W.?
2690,0,3,28,31,1.096774193548387,0.053978066228004884,568,Can I get you a drink? You seem to be tied up.
2690,0,3,28,31,1.096774193548387,0.053978066228004884,568,The invitation said 'stocks and bonds.'
2690,0,3,28,31,1.096774193548387,0.053978066228004884,568,"So, this is called being ""upwardly immobile...?"""
2690,1,1,29,31,1.096774193548387,0.0711629768076314,568,"Mr. Parker, either you rate this a 95 or you both go over the edge of the boat."
2690,0,3,28,31,1.096774193548387,0.053978066228004884,568,How did your high risk-high reward venture go?
2690,0,3,28,31,1.096774193548387,0.053978066228004884,568,"Late again, I see."
2690,1,1,29,31,1.096774193548387,0.0711629768076314,568,"People like you, who are just getting their feet wet in the world of wine drinking, handcuff themselves by sticking to Napa Valley. I can see you are in need of the advice of a real sommelier. Fortunately for you my knowledge is extensive."
2690,0,3,28,31,1.096774193548387,0.053978066228004884,568,So you've finally decided to take the plunge.
2690,0,3,28,31,1.096774193548387,0.053978066228004884,568,Funny... my Ex also said my stories were too capitvating
2690,0,3,28,31,1.096774193548387,0.053978066228004884,568,Thank you for participating in your excellent debate on how the average person can help to improve our government.
2690,0,3,28,31,1.096774193548387,0.053978066228004884,568,You'll love the restrained but earthy bouquet.
2690,0,3,28,31,1.096774193548387,0.053978066228004884,568,"Oh dear, our Halloween party is next weekend."
2690,0,3,28,31,1.096774193548387,0.053978066228004884,568,This is my way of making nappy time more efficient.
2690,1,1,29,31,1.096774193548387,0.0711629768076314,568,You thought this was an escape room experience?
2690,1,1,29,31,1.096774193548387,0.0711629768076314,568,I see you two are the toast...how captivating!
2690,0,3,28,31,1.096774193548387,0.053978066228004884,568,Those outfits are a hit.
2690,1,1,29,31,1.096774193548387,0.0711629768076314,568,"Thats strange, I thought pot made you feel uninhibited."
2690,1,1,29,31,1.096774193548387,0.0711629768076314,568,We thought we'd give you a going away party.
3553,1,1,30,32,1.09375,0.0689695906576505,568,Are you pledging for the Met or MOMA?
3553,0,3,29,32,1.09375,0.052351460373382196,568,Vox wrote an explainer about this.
3553,1,1,30,32,1.09375,0.0689695906576505,568,Where do you sign up to volunteer?
3553,0,3,29,32,1.09375,0.052351460373382196,568,"I'm sorry, but as we failed to serve the white wine chilled, we felt that this was our only option."
3553,1,1,30,32,1.09375,0.0689695906576505,568,Those buckets of shit are oh so retro?
3553,1,1,30,32,1.09375,0.0689695906576505,568,"Well, at least you don't have to wear that pesky scarlet ""A""!"
3553,0,3,29,32,1.09375,0.052351460373382196,568,I stand in admiration of your restraint...this is a '61 Lafite.......
3553,0,3,29,32,1.09375,0.052351460373382196,568,Okay. I admit you've thrown a successful cocktail party with both hands tied behind your back. And he helped.
3553,0,3,29,32,1.09375,0.052351460373382196,568,"YOU'RE GOING TO REGRET THAT ""CRAPPY ITALIAN WINE"" COMMENT."
3553,0,3,29,32,1.09375,0.052351460373382196,568,"In a way, aren't I making subtext into text, too?"
3553,0,3,29,32,1.09375,0.052351460373382196,568,"Well, you do seem to have direct experience with at least some of the ropes."
3564,0,3,30,33,1.0909090909090908,0.05081972676135885,568,"C'mon, just one, it'll loosen you up."
3564,0,3,30,33,1.0909090909090908,0.05081972676135885,568,"I guess you didn't know. When Emily said, ""Only two canapes per person"", she meant it."
3564,1,1,31,33,1.0909090909090908,0.06690727929036247,568,Let me get this straight - you came to a wine festival totally potted?
3564,1,1,31,33,1.0909090909090908,0.06690727929036247,568,I didn't think your painting was that bad.
3564,1,1,31,33,1.0909090909090908,0.06690727929036247,568,"Since I've got a captive audience, I suppose I could talk about my kids for a bit"
3564,1,1,31,33,1.0909090909090908,0.06690727929036247,568,Did you guys drink the last cup of wine?!?!
3570,1,1,35,37,1.0810810810810811,0.05975900523162883,568,This piece really captures the audience.
3571,0,2,26,28,1.0714285714285714,0.04956347617776502,568,A small libation will help you sprout.
3571,0,2,26,28,1.0714285714285714,0.04956347617776502,568,Really? I'm not familiar with any towns east of Montauk Point.
3571,0,2,26,28,1.0714285714285714,0.04956347617776502,568,A toast to the groom! To the bride! From your sister...
3571,0,2,26,28,1.0714285714285714,0.04956347617776502,568,This wine will run through you.
3571,1,0,27,28,1.0714285714285714,0.0714285714285714,568,"""If you want to avoid being tied up and made to stand in a bucket of spit, don't swallow!"
3571,1,0,27,28,1.0714285714285714,0.0714285714285714,568,I CAN SEE THAT THE TWO OF YOU ARE DYING TO LEAVE.
3571,0,2,26,28,1.0714285714285714,0.04956347617776502,568,"Wow, you have really given an unique party !!!"
3571,0,2,26,28,1.0714285714285714,0.04956347617776502,568,"Can you believe it, they're out of staws."
3571,1,0,27,28,1.0714285714285714,0.0714285714285714,568,Still tied up?
3571,0,2,26,28,1.0714285714285714,0.04956347617776502,568,A stunning statement on married life both during and after.
3571,1,0,27,28,1.0714285714285714,0.0714285714285714,568,"You've been disturbing the other guests, I need to ask you to ""leave""!"
3571,0,2,26,28,1.0714285714285714,0.04956347617776502,568,Let me tell you my evil plan Mr. and Mrs. Bond.
3571,0,2,26,28,1.0714285714285714,0.04956347617776502,568,"If you're not tied up next Saturday, let's do dinner."
3571,1,0,27,28,1.0714285714285714,0.0714285714285714,568,It's a '79 Lafitte Rothschild. Very dry.
3571,0,2,26,28,1.0714285714285714,0.04956347617776502,568,"Hi, I used to feel like a potted plant at parties."
3571,0,2,26,28,1.0714285714285714,0.04956347617776502,568,Under Trump's plan you get to pick which river we throw you into.
3571,0,2,26,28,1.0714285714285714,0.04956347617776502,568,"Now this is time management, my friend."
3571,0,2,26,28,1.0714285714285714,0.04956347617776502,568,A ring-less wedding shows so much freedom and trust!
3571,1,0,27,28,1.0714285714285714,0.0714285714285714,568,Are you waiting for a ride?
3571,0,2,26,28,1.0714285714285714,0.04956347617776502,568,"Mankoff says it'll never replace the ""Ball and Chain"" cliche."
3571,0,2,26,28,1.0714285714285714,0.04956347617776502,568,"Since you're not married, the Pence rule is in effect."
3571,0,2,26,28,1.0714285714285714,0.04956347617776502,568,You'll be on your own after we drop you off.
3571,0,2,26,28,1.0714285714285714,0.04956347617776502,568,erhaps a glass of wine would help loosen things up
3571,0,2,26,28,1.0714285714285714,0.04956347617776502,568,That looks like more of a challenge than the ice-bucket.
3571,0,2,26,28,1.0714285714285714,0.04956347617776502,568,So when did you guys tie the knot?
3571,0,2,26,28,1.0714285714285714,0.04956347617776502,568,"We're glad you received our invitation, we felt this cocktail party was an event you couldn't refuse."
3571,1,0,27,28,1.0714285714285714,0.0714285714285714,568,Feet of clay? Set in stone? Wait! I've got it. You're going overboard.
3571,0,2,26,28,1.0714285714285714,0.04956347617776502,568,"So nice to meet you, Mr. and Mrs. Houdini."
3571,0,2,26,28,1.0714285714285714,0.04956347617776502,568,I hear very good things about our local A.A.
3571,0,2,26,28,1.0714285714285714,0.04956347617776502,568,"'You must give me your Therapist's number."""
3571,0,2,26,28,1.0714285714285714,0.04956347617776502,568,We may need to rethink this icebreaker.
3571,1,0,27,28,1.0714285714285714,0.0714285714285714,568,So how did your meeting with the condominium board go?
3571,1,0,27,28,1.0714285714285714,0.0714285714285714,568,Anyway....... as I was saying you'll never guess what this wine use to be .... Hallelujah !
3571,0,2,26,28,1.0714285714285714,0.04956347617776502,568,I toast your life long commitment!
3571,0,2,26,28,1.0714285714285714,0.04956347617776502,568,So you really recommend couples' counseling?
3571,1,0,27,28,1.0714285714285714,0.0714285714285714,568,Those buckets are darling! Who is your designer?
3571,0,2,26,28,1.0714285714285714,0.04956347617776502,568,Good luck with your initial co-op test.
3571,0,2,26,28,1.0714285714285714,0.04956347617776502,568,You're standing in the tasters' spittoons.
3571,0,2,26,28,1.0714285714285714,0.04956347617776502,568,An undersea adventure is just what your marriage needs
3571,0,2,26,28,1.0714285714285714,0.04956347617776502,568,"Okay, you can have one last communion but he insists then it's straight to the river."
3571,0,2,26,28,1.0714285714285714,0.04956347617776502,568,"Well, what do you two geniuses expect? The boss told you to cook the books, not burn 'em!"
3571,0,2,26,28,1.0714285714285714,0.04956347617776502,568,Parting is such sweet revenge...
3571,1,0,27,28,1.0714285714285714,0.0714285714285714,568,"Sorry, You're just the collateral damage of the Electoral College."
3571,0,2,26,28,1.0714285714285714,0.04956347617776502,568,You two are really potted.
3571,0,2,26,28,1.0714285714285714,0.04956347617776502,568,Willie the Snail sure throws the greatest bon voyage parties!
3571,0,2,26,28,1.0714285714285714,0.04956347617776502,568,Want to take a sip
3571,0,2,26,28,1.0714285714285714,0.04956347617776502,568,i think cement overshoes are considered a pre-existing condition!
3571,0,2,26,28,1.0714285714285714,0.04956347617776502,568,We've done away with blind tasting; now we're doing bound tasting.
3571,0,2,26,28,1.0714285714285714,0.04956347617776502,568,"Yes, the concrete needs to aerate. So does this wine!"
3571,0,2,26,28,1.0714285714285714,0.04956347617776502,568,Are you telling me you are absolutely inflexible in your position?
3571,0,2,26,28,1.0714285714285714,0.04956347617776502,568,This is the clearest picture I have ever seen of the Invisible Man.
3571,0,2,26,28,1.0714285714285714,0.04956347617776502,568,We're having a special this week you can keep the buckets.
3571,1,0,27,28,1.0714285714285714,0.0714285714285714,568,Trust me. This is the new viagra.
3571,0,2,26,28,1.0714285714285714,0.04956347617776502,568,Soon you'll be calling the consulate home.
3571,0,2,26,28,1.0714285714285714,0.04956347617776502,568,This probably isn't what you thought when I asked if you'd like to get potted with me.
3571,1,0,27,28,1.0714285714285714,0.0714285714285714,568,"No, I can't offer you happy hour pricing."
3571,1,0,27,28,1.0714285714285714,0.0714285714285714,568,I hear it goes down well with cement.
3571,0,2,26,28,1.0714285714285714,0.04956347617776502,568,I warned you Beaujolais Nouveau is no longer trending
3571,0,2,26,28,1.0714285714285714,0.04956347617776502,568,"Well, that's all terribly interesting, to be sure, but wait until you hear what happened to *me*."
3571,0,2,26,28,1.0714285714285714,0.04956347617776502,568,This way you'll never mix up the 1961 and the 1962 Bordeaux again.
3571,1,0,27,28,1.0714285714285714,0.0714285714285714,568,Potted already?
3571,1,0,27,28,1.0714285714285714,0.0714285714285714,568,Merlot now. River water later.
3571,0,2,26,28,1.0714285714285714,0.04956347617776502,568,I see you've met some of our readers!
3571,0,2,26,28,1.0714285714285714,0.04956347617776502,568,Looks like someone's already offered you a drink.
3571,0,2,26,28,1.0714285714285714,0.04956347617776502,568,"No, Mr. and Mrs. Bond. I don't want to hear what you have to say. I want you to die!"
3571,0,2,26,28,1.0714285714285714,0.04956347617776502,568,Can I offer you any other postulations?
3571,0,2,26,28,1.0714285714285714,0.04956347617776502,568,"Critical reviews we can handle, but ""with a hint of mildewed poison oak"" goes one step too far."
3571,0,2,26,28,1.0714285714285714,0.04956347617776502,568,Would you like a drink?
3571,0,2,26,28,1.0714285714285714,0.04956347617776502,568,After party in the East River?
3571,0,2,26,28,1.0714285714285714,0.04956347617776502,568,"The vetting process for White House staff positions requires flexibility and a sense of humor wouldn't hurt either, eh?"
3571,0,2,26,28,1.0714285714285714,0.04956347617776502,568,Thanks for coming! Care for a swim?
3571,1,0,27,28,1.0714285714285714,0.0714285714285714,568,You can go... when you love modern art.
3571,0,2,26,28,1.0714285714285714,0.04956347617776502,568,Our tasting group has no room for pursuit of restraint ideologues
3571,1,0,27,28,1.0714285714285714,0.0714285714285714,568,"Georg, be a dear and fetch the red dots."
3571,0,2,26,28,1.0714285714285714,0.04956347617776502,568,"So I take it you two took "" making a bucket list "" literally?"
3571,0,2,26,28,1.0714285714285714,0.04956347617776502,568,So sorry my Dears--the new butler has not be trained properly. May I offer you a drink.
3571,0,2,26,28,1.0714285714285714,0.04956347617776502,568,We're delighted you could come up.
3571,0,2,26,28,1.0714285714285714,0.04956347617776502,568,you should have read the fine print in our retirement plan
3571,0,2,26,28,1.0714285714285714,0.04956347617776502,568,Do you want to enjoy a drink or knot?
3571,0,2,26,28,1.0714285714285714,0.04956347617776502,568,Bob ... sorry it had to end.
3571,0,2,26,28,1.0714285714285714,0.04956347617776502,568,"Yes, dealing with this particular family can be sink or swim."
3571,1,0,27,28,1.0714285714285714,0.0714285714285714,568,So glad you made it out of Jersey in time.
3571,1,0,27,28,1.0714285714285714,0.0714285714285714,568,Be sure to yell 'Save Us' when someone walks by.
3571,0,2,26,28,1.0714285714285714,0.04956347617776502,568,I agree: Fatalism IS the new Minimalism!
3571,0,2,26,28,1.0714285714285714,0.04956347617776502,568,Tonight's special was 2 for 1 buckets.
3571,0,2,26,28,1.0714285714285714,0.04956347617776502,568,I just love how you two are so committed to the relationship.
3571,0,2,26,28,1.0714285714285714,0.04956347617776502,568,High stakes Italian wine tasting
3571,0,2,26,28,1.0714285714285714,0.04956347617776502,568,"Ah yes, the latest spa treatment."
3571,0,2,26,28,1.0714285714285714,0.04956347617776502,568,I just love it when couples match...
3571,1,0,27,28,1.0714285714285714,0.0714285714285714,568,So what is this I hear about you two sleeping with the fishes?
3571,0,2,26,28,1.0714285714285714,0.04956347617776502,568,I didn't much care for your submission to the last caption contest. Daiquiri?
3571,0,2,26,28,1.0714285714285714,0.04956347617776502,568,They say this is what introverts feel like at every party.
3571,0,2,26,28,1.0714285714285714,0.04956347617776502,568,Your marital commitment is inspiring
3571,0,2,26,28,1.0714285714285714,0.04956347617776502,568,Mr. Trump will be very pleased that you were able to attend his fundraiser.
3571,0,2,26,28,1.0714285714285714,0.04956347617776502,568,You are lucky that I let you stay for the party!
3571,1,0,27,28,1.0714285714285714,0.0714285714285714,568,I know. We're all here because we believe in the White House's agenda.
3571,0,2,26,28,1.0714285714285714,0.04956347617776502,568,Would you like a drink while you make a point out of what a horrible boss I've been?
3571,0,2,26,28,1.0714285714285714,0.04956347617776502,568,"Fake dues, on the other hand..."
3571,0,2,26,28,1.0714285714285714,0.04956347617776502,568,Is this cocktail party covered by the Geneva Convention?
3571,0,2,26,28,1.0714285714285714,0.04956347617776502,568,"To my pier-less, uh, friends."
3571,0,2,26,28,1.0714285714285714,0.04956347617776502,568,Do you have a straw?
3571,0,2,26,28,1.0714285714285714,0.04956347617776502,568,We'll have to let you go...no one wants toe fungus aromatics.
3571,0,2,26,28,1.0714285714285714,0.04956347617776502,568,Now—who was it that invited you?
3571,0,2,26,28,1.0714285714285714,0.04956347617776502,568,I told you not to talk about politics.
3571,0,2,26,28,1.0714285714285714,0.04956347617776502,568,Cat got your tongue?
3571,0,2,26,28,1.0714285714285714,0.04956347617776502,568,Isn't it annoying how some people always seem to get what they want?
3571,0,2,26,28,1.0714285714285714,0.04956347617776502,568,"They usually burn the steak here, not the stake."
3571,0,2,26,28,1.0714285714285714,0.04956347617776502,568,I'll bet this wasn't on your bucket list.
3571,1,0,27,28,1.0714285714285714,0.0714285714285714,568,"Don't you want a dr— Oh, never mind."
3571,1,0,27,28,1.0714285714285714,0.0714285714285714,568,and as I was saying
3571,0,2,26,28,1.0714285714285714,0.04956347617776502,568,Tied to the AA program; standing strong.
3571,1,0,27,28,1.0714285714285714,0.0714285714285714,568,"We had to come to this party, our hands were tied."
3571,0,2,26,28,1.0714285714285714,0.04956347617776502,568,I suggest next time you tip the bartender.
3571,0,2,26,28,1.0714285714285714,0.04956347617776502,568,Have you set a date?
3571,1,0,27,28,1.0714285714285714,0.0714285714285714,568,I should have warned you about offending Donald.
3571,1,0,27,28,1.0714285714285714,0.0714285714285714,568,Sometimes things get a little heavy at our functions.
3571,0,2,26,28,1.0714285714285714,0.04956347617776502,568,I take it 'swim with the fishes' is a euphemism?
3571,1,0,27,28,1.0714285714285714,0.0714285714285714,568,It's GMO-free!
3571,0,2,26,28,1.0714285714285714,0.04956347617776502,568,My husband made me come to this party. How about you?
3571,0,2,26,28,1.0714285714285714,0.04956347617776502,568,"We get it, you took dance lessons, but this is for your own good."
3571,0,2,26,28,1.0714285714285714,0.04956347617776502,568,"I used to consider myself a decent person, but you must realize by now I will look the other way for a complimentary glass of wine."
3571,0,2,26,28,1.0714285714285714,0.04956347617776502,568,It's the Don's pre-Hudson cocktail.
3571,0,2,26,28,1.0714285714285714,0.04956347617776502,568,Don't you bob for apples with your mouth?
3571,0,2,26,28,1.0714285714285714,0.04956347617776502,568,Here is a nice wine that pairs well with East River bottom fish.
3571,0,2,26,28,1.0714285714285714,0.04956347617776502,568,"Sure downsizing is tough, but it's no piece of cake for we survivors either."
3571,0,2,26,28,1.0714285714285714,0.04956347617776502,568,Try the Chateaux Lafite '95
3571,0,2,26,28,1.0714285714285714,0.04956347617776502,568,"So, where'd you guys meet?"
3571,0,2,26,28,1.0714285714285714,0.04956347617776502,568,We haven't experienced much growth this quarter.
3571,0,2,26,28,1.0714285714285714,0.04956347617776502,568,I just adored your interpretation of Italian/Irish dancing.
3571,0,2,26,28,1.0714285714285714,0.04956347617776502,568,"Sorry, but the rules for coming without presenting an invitation are very strict."
3571,0,2,26,28,1.0714285714285714,0.04956347617776502,568,"Since we are in Portland, I will be needing your full attention."
3571,0,2,26,28,1.0714285714285714,0.04956347617776502,568,I love that you two are never apart!
3571,0,2,26,28,1.0714285714285714,0.04956347617776502,568,"As you must realize by now, my husband takes his work very seriously, but deep down, he's a nice guy."
3571,0,2,26,28,1.0714285714285714,0.04956347617776502,568,"Stay right there. I'll get someone to help you."" or ""What can I get for you?"
3571,0,2,26,28,1.0714285714285714,0.04956347617776502,568,"If you think viewing it is a little difficult you ought to try to ""caption"" it !"
3571,0,2,26,28,1.0714285714285714,0.04956347617776502,568,Oh-my apologies!! The bondage event is next month!
3571,0,2,26,28,1.0714285714285714,0.04956347617776502,568,Didn't expect to see you guys tonight.
3571,1,0,27,28,1.0714285714285714,0.0714285714285714,568,You simply must try this Pinot...
3571,0,2,26,28,1.0714285714285714,0.04956347617776502,568,"And here we have a full-bodied Tuscan Brunello di Montalcino, from the exquisite 2001 Sangiovese vinafera. Notice its fleshy texture and heady black raspberry finish which will . . ."
3571,0,2,26,28,1.0714285714285714,0.04956347617776502,568,Red wine is my metaphor.
3571,0,2,26,28,1.0714285714285714,0.04956347617776502,568,"A little more ironic than rain, don't you think?"
3571,1,0,27,28,1.0714285714285714,0.0714285714285714,568,The don must think a lot of you to make you tonight's entertainment.
3571,0,2,26,28,1.0714285714285714,0.04956347617776502,568,And how long do you intend to be away?
3571,0,2,26,28,1.0714285714285714,0.04956347617776502,568,Sorry again about not funding your Kickstarter
3571,0,2,26,28,1.0714285714285714,0.04956347617776502,568,"On the count of three, hop over to the bar."
3571,0,2,26,28,1.0714285714285714,0.04956347617776502,568,We appreciated your concrete feedback about our cruise line and we wanted to return the favor.
3571,1,0,27,28,1.0714285714285714,0.0714285714285714,568,It's the retrograde. I've gotta take it out on someone.
3571,0,2,26,28,1.0714285714285714,0.04956347617776502,568,Now about my 3rd vacation to Kuala Limpur.....
3571,0,2,26,28,1.0714285714285714,0.04956347617776502,568,Just thought that a glass of wine might help break the ice.
3571,0,2,26,28,1.0714285714285714,0.04956347617776502,568,My way or the highway.
3571,0,2,26,28,1.0714285714285714,0.04956347617776502,568,"These Escape Rooms just keep getting harder, don't they?"
3571,0,2,26,28,1.0714285714285714,0.04956347617776502,568,Salud!
3571,0,2,26,28,1.0714285714285714,0.04956347617776502,568,I am NOT drinking any f*#king Merlot!
3571,0,2,26,28,1.0714285714285714,0.04956347617776502,568,I was roped into coming as well.
3571,1,0,27,28,1.0714285714285714,0.0714285714285714,568,The brouhaha you both caused wasn't the least bit funny.
3571,0,2,26,28,1.0714285714285714,0.04956347617776502,568,It's hemlock. I think you'll like it.pt
3571,1,0,27,28,1.0714285714285714,0.0714285714285714,568,"Hi, I'm Mary Beth. You must be the Duncans."
3571,0,2,26,28,1.0714285714285714,0.04956347617776502,568,Giovanni said that this would be the last time to see you?
3571,0,2,26,28,1.0714285714285714,0.04956347617776502,568,You're only on spit bucket duty your first time here.
3571,0,2,26,28,1.0714285714285714,0.04956347617776502,568,To the last time Ralph cheats on me.
3571,0,2,26,28,1.0714285714285714,0.04956347617776502,568,A toast to your trip to the coast
3571,0,2,26,28,1.0714285714285714,0.04956347617776502,568,Now think of the wine as your personal Siren.
3571,1,0,27,28,1.0714285714285714,0.0714285714285714,568,Going for a swim tonight?
3571,0,2,26,28,1.0714285714285714,0.04956347617776502,568,So you're the couple that's going places.
3571,1,0,27,28,1.0714285714285714,0.0714285714285714,568,Yes I'm taking the move to a mobile world literally.
3571,0,2,26,28,1.0714285714285714,0.04956347617776502,568,Saaay...you're a cute couple! May I untie you and fill your buckets?
3571,0,2,26,28,1.0714285714285714,0.04956347617776502,568,...so how's the paileo diet going?
3571,0,2,26,28,1.0714285714285714,0.04956347617776502,568,So which one of you two stole the cork?
3571,0,2,26,28,1.0714285714285714,0.04956347617776502,568,"Thank you for coming to Berkeley, and for going through our normal preparations. We look forward to your speech!"
3571,0,2,26,28,1.0714285714285714,0.04956347617776502,568,"Dare I say, bottoms up!"
3571,0,2,26,28,1.0714285714285714,0.04956347617776502,568,I hope you don't need to eat and run.
3571,0,2,26,28,1.0714285714285714,0.04956347617776502,568,Last chance. Drink the Trump kool-aid or else.
3571,0,2,26,28,1.0714285714285714,0.04956347617776502,568,So this is what early retirement looks like.
3571,1,0,27,28,1.0714285714285714,0.0714285714285714,568,So I've been a gluten-free vegan for over three months now...
3571,1,0,27,28,1.0714285714285714,0.0714285714285714,568,I think dress codes are silly too.
3571,1,0,27,28,1.0714285714285714,0.0714285714285714,568,So that's the thread that binds us.
3571,1,0,27,28,1.0714285714285714,0.0714285714285714,568,I understand the hosts are taking you both for a boat ride. how cool!
3571,0,2,26,28,1.0714285714285714,0.04956347617776502,568,It's a rare treat to meet such committed progressives
3571,0,2,26,28,1.0714285714285714,0.04956347617776502,568,Did I mention you each get a complimentary bottle in 10 years when the wine is finished and you're released?
3571,0,2,26,28,1.0714285714285714,0.04956347617776502,568,Well! That was certainly a faux pas!
3571,0,2,26,28,1.0714285714285714,0.04956347617776502,568,"So, would you recommend your online dating service to others?"
3571,0,2,26,28,1.0714285714285714,0.04956347617776502,568,We're asking everyone to check their white privilege at the door.
3571,1,0,27,28,1.0714285714285714,0.0714285714285714,568,American Pathetic
3571,0,2,26,28,1.0714285714285714,0.04956347617776502,568,Go get your grove on !
3571,1,0,27,28,1.0714285714285714,0.0714285714285714,568,I bet you never dreamed this was on your bucket list.
3571,0,2,26,28,1.0714285714285714,0.04956347617776502,568,"Excuse me, it's Merlot!"
3571,0,2,26,28,1.0714285714285714,0.04956347617776502,568,You literally tied the knot..
3571,0,2,26,28,1.0714285714285714,0.04956347617776502,568,How clever. Did you tie the knots and pour the concrete for each other?
3571,0,2,26,28,1.0714285714285714,0.04956347617776502,568,I love your shoes. Are they Gambinos?
3571,0,2,26,28,1.0714285714285714,0.04956347617776502,568,Do you want a straw? Or maybe a funnel?
3571,1,0,27,28,1.0714285714285714,0.0714285714285714,568,Under water on your mortgage?
3571,1,0,27,28,1.0714285714285714,0.0714285714285714,568,I prefer the Beaujolais but most go for the Merlot...
3571,0,2,26,28,1.0714285714285714,0.04956347617776502,568,These AirBNB stunts are getting ridiculous.
3571,0,2,26,28,1.0714285714285714,0.04956347617776502,568,"You didn't pay your wine club fees on time, so get stomping."
3571,0,2,26,28,1.0714285714285714,0.04956347617776502,568,"Its the pilot for a new reality show, Voyage to the Bottom of the Sea"
3571,0,2,26,28,1.0714285714285714,0.04956347617776502,568,"Thanks for doing this, we'll throw you in the pool between dinner and dessert."
3571,1,0,27,28,1.0714285714285714,0.0714285714285714,568,You think I didn't know what all that throat clearing and earlobe pulling was about when I walked into the room?
3571,0,2,26,28,1.0714285714285714,0.04956347617776502,568,Can't caption this!
3571,0,2,26,28,1.0714285714285714,0.04956347617776502,568,It's our System for eliminating stains.
3571,0,2,26,28,1.0714285714285714,0.04956347617776502,568,I drink to support your effort to locally source and press the grapes.
3571,1,0,27,28,1.0714285714285714,0.0714285714285714,568,I'm drinking red wine to protest White Privilege.
3571,1,0,27,28,1.0714285714285714,0.0714285714285714,568,"Sorry about that, but those with pre-existing conditions need to find another place to go."
3571,0,2,26,28,1.0714285714285714,0.04956347617776502,568,Heard any unbelievable stories lately?
3571,0,2,26,28,1.0714285714285714,0.04956347617776502,568,"I understand the desire to text each other during a party, but there are repercussions."
3571,0,2,26,28,1.0714285714285714,0.04956347617776502,568,It's intern season! Must be 21+ to participate in company happy hour.
3571,0,2,26,28,1.0714285714285714,0.04956347617776502,568,Two more off my bucket list.
3571,0,2,26,28,1.0714285714285714,0.04956347617776502,568,Tonight we're sleeping with the Fishers
3571,0,2,26,28,1.0714285714285714,0.04956347617776502,568,The two of you should buy a comb.
3571,0,2,26,28,1.0714285714285714,0.04956347617776502,568,You really weren't kidding about your marriage on the phone.
3571,1,0,27,28,1.0714285714285714,0.0714285714285714,568,Is it ok for me to bring a bed?
3571,1,0,27,28,1.0714285714285714,0.0714285714285714,568,"When we said ""no Pinot Grigiot"", we meant it. Now prepare to taste a real Primativo ! Keep crushing..."
3571,0,2,26,28,1.0714285714285714,0.04956347617776502,568,I'd love to talk but you two seem a tad tied up
3571,0,2,26,28,1.0714285714285714,0.04956347617776502,568,"Thank you for coming, now just go mingle."
3571,1,0,27,28,1.0714285714285714,0.0714285714285714,568,"Yes, I heard that the caterer doesn't take criticism well"
3571,1,0,27,28,1.0714285714285714,0.0714285714285714,568,"Ahh, so that's what the fine print said on the evite."
3571,0,2,26,28,1.0714285714285714,0.04956347617776502,568,Don't worry we fertilize and water you tomorrow.
3571,1,0,27,28,1.0714285714285714,0.0714285714285714,568,Two shots and a splash?
3571,0,2,26,28,1.0714285714285714,0.04956347617776502,568,We have no choice. It may last more than 4 hours.
3571,0,2,26,28,1.0714285714285714,0.04956347617776502,568,This will keep your feet warm.
3571,0,2,26,28,1.0714285714285714,0.04956347617776502,568,I don't mind showing you the ropes. I just wish you'd told me you planned on getting potted too.
3571,1,0,27,28,1.0714285714285714,0.0714285714285714,568,Shame you have to leave so soon. Can't you cancel that appointment?
3571,0,2,26,28,1.0714285714285714,0.04956347617776502,568,I love concrete art!
3571,0,2,26,28,1.0714285714285714,0.04956347617776502,568,Your assistants said you'd be tied up this evening.
3571,0,2,26,28,1.0714285714285714,0.04956347617776502,568,"I am sorry, but we have no straws."
3571,0,2,26,28,1.0714285714285714,0.04956347617776502,568,What else do you do besides sleep with the fishes?
3571,1,0,27,28,1.0714285714285714,0.0714285714285714,568,I know you loathe social events but you seem to be binding your time well.
3571,0,2,26,28,1.0714285714285714,0.04956347617776502,568,Is this some kind of commitment device?
3571,0,2,26,28,1.0714285714285714,0.04956347617776502,568,Martha! Billy! So glad you could come! Don will be here any minute now.
3571,1,0,27,28,1.0714285714285714,0.0714285714285714,568,"So, when are you guys taking the plunge?"
3571,0,2,26,28,1.0714285714285714,0.04956347617776502,568,"So, when you welsh on your bets to the HIPSTER Mafia, this is what happens...."
3571,1,0,27,28,1.0714285714285714,0.0714285714285714,568,"Here I am, sir, ready to do your bedding!"
3571,0,2,26,28,1.0714285714285714,0.04956347617776502,568,Last call for alcohol.
3571,1,0,27,28,1.0714285714285714,0.0714285714285714,568,We are aware you are members of AAP (Anonymous Party Poopers) we did this to insure a good time. We will untie you when the party is over.
3571,0,2,26,28,1.0714285714285714,0.04956347617776502,568,You must be the new summer interns.
3571,0,2,26,28,1.0714285714285714,0.04956347617776502,568,Artists really are tortured souls.
3571,1,0,27,28,1.0714285714285714,0.0714285714285714,568,Waiting long?
3571,1,0,27,28,1.0714285714285714,0.0714285714285714,568,So you finally decided to take the plunge and tie the know
3571,0,2,26,28,1.0714285714285714,0.04956347617776502,568,"Two Manhattans, then?"
3571,1,0,27,28,1.0714285714285714,0.0714285714285714,568,Thanks for the Charles Shaw . . . not.
3571,1,0,27,28,1.0714285714285714,0.0714285714285714,568,I'm still working on my bucket list.
3571,0,2,26,28,1.0714285714285714,0.04956347617776502,568,Let me guess. You voted for Him and you were insensitive enough to say so.
3571,0,2,26,28,1.0714285714285714,0.04956347617776502,568,Is that how you really feel about small talk?
3571,0,2,26,28,1.0714285714285714,0.04956347617776502,568,I didn't think I would see you two after you declined my invitation...
3571,0,2,26,28,1.0714285714285714,0.04956347617776502,568,"Now then, as to the sixteenth minute ..."
3571,0,2,26,28,1.0714285714285714,0.04956347617776502,568,In this economy?
3571,0,2,26,28,1.0714285714285714,0.04956347617776502,568,We'll be leaving port as soon as the cement dries.
3571,0,2,26,28,1.0714285714285714,0.04956347617776502,568,I've never had good luck with ocean travel either.
3571,0,2,26,28,1.0714285714285714,0.04956347617776502,568,"We call this, ""bob for olives,"" and the winner gets to hold the glass and drink from it."
3571,0,2,26,28,1.0714285714285714,0.04956347617776502,568,Truly... You have set a benchmark for Libertarian Performance Art.
3571,0,2,26,28,1.0714285714285714,0.04956347617776502,568,"If you're not tied up later, why not stop by for a little post-party celebration."
3571,0,2,26,28,1.0714285714285714,0.04956347617776502,568,"So, come here often?"
3571,0,2,26,28,1.0714285714285714,0.04956347617776502,568,I'm so glad I roped you both into coming to the party with me. Hope you can contain yourselves.
3571,0,2,26,28,1.0714285714285714,0.04956347617776502,568,This is an innovative alcohol rehab program that makes addicts realize the downside of tying one on and kicking the bucket.
3571,0,2,26,28,1.0714285714285714,0.04956347617776502,568,It's nice and light--makes you feel like you're floating.
3571,0,2,26,28,1.0714285714285714,0.04956347617776502,568,Well aren't you two a couple of cold fish
3571,1,0,27,28,1.0714285714285714,0.0714285714285714,568,A hostess gift is not optional.
3571,0,2,26,28,1.0714285714285714,0.04956347617776502,568,"Most people here are drinking wine, but perhaps you two would prefer a My Tie?"
3571,0,2,26,28,1.0714285714285714,0.04956347617776502,568,It's not just anyone who could pull off those his and hers matching accessories.
3571,0,2,26,28,1.0714285714285714,0.04956347617776502,568,"I'm having wine, but you might like a stiff drink."
3571,0,2,26,28,1.0714285714285714,0.04956347617776502,568,Since the plan is for you to swim with the fishes I thought a white wine would be appropriate.
3571,0,2,26,28,1.0714285714285714,0.04956347617776502,568,Some of our members think like Al Capone.
3571,0,2,26,28,1.0714285714285714,0.04956347617776502,568,We're being held by Sommelier pirates.
3571,0,2,26,28,1.0714285714285714,0.04956347617776502,568,Looks as you've had a few glasses before the viewing but I could be wrong.
3571,0,2,26,28,1.0714285714285714,0.04956347617776502,568,"You knew the sommelier test was hard, right?"
3571,0,2,26,28,1.0714285714285714,0.04956347617776502,568,Hope you guys didn't feel roped into coming tonight.
3571,0,2,26,28,1.0714285714285714,0.04956347617776502,568,"This conceptual piece says to me, 'We are nitwits'."
3571,0,2,26,28,1.0714285714285714,0.04956347617776502,568,This is our latest first of 12 steps.
3571,0,2,26,28,1.0714285714285714,0.04956347617776502,568,"I'm ready to discuss performance art now""."
3571,0,2,26,28,1.0714285714285714,0.04956347617776502,568,"And you do realize that your roles as the leading man and woman in ""Sleeps With The Fishes"" will be very short, don't you?"
3571,0,2,26,28,1.0714285714285714,0.04956347617776502,568,On our host's bucket list?
3571,0,2,26,28,1.0714285714285714,0.04956347617776502,568,"Then after that, flan !"
3571,0,2,26,28,1.0714285714285714,0.04956347617776502,568,"Oh, you're from accounting?"
3571,0,2,26,28,1.0714285714285714,0.04956347617776502,568,"So, you were saying you've been feeling stuck lately?"
3571,0,2,26,28,1.0714285714285714,0.04956347617776502,568,I love Don Corleone themed parties.
3571,0,2,26,28,1.0714285714285714,0.04956347617776502,568,Brilliant statement about male/female bondage. Cheers.
3571,0,2,26,28,1.0714285714285714,0.04956347617776502,568,Which one of you is the winner?
3571,1,0,27,28,1.0714285714285714,0.0714285714285714,568,"Drink this at once. Come on, hop to it!"
3571,0,2,26,28,1.0714285714285714,0.04956347617776502,568,Which charity does this ice bucket challenge benefit?
3571,0,2,26,28,1.0714285714285714,0.04956347617776502,568,Will you two wallflowers bloom if I water you?
3571,1,0,27,28,1.0714285714285714,0.0714285714285714,568,"I would offer you a glass, but it's not wise to drink before going swimming."
3571,0,2,26,28,1.0714285714285714,0.04956347617776502,568,"Well, Carmine feels that this bon voyage celebration should cement your relationship."
3571,0,2,26,28,1.0714285714285714,0.04956347617776502,568,No need to R.S.V.P to our next event
3571,0,2,26,28,1.0714285714285714,0.04956347617776502,568,I'd offer you a sip of my drink but. . ..
3571,0,2,26,28,1.0714285714285714,0.04956347617776502,568,"Well, I hear the water is nice this time of year."
3571,0,2,26,28,1.0714285714285714,0.04956347617776502,568,"So, I see that you two are entered in the competition to replace the pair of philodendra plants in the foyer."
3571,0,2,26,28,1.0714285714285714,0.04956347617776502,568,Here's an alternative to the cheap white wine by which you've felt trapped for years.
3571,1,0,27,28,1.0714285714285714,0.0714285714285714,568,"""To die for"" isn't always metaphorical."
3571,0,2,26,28,1.0714285714285714,0.04956347617776502,568,Mine is less than 100 square feet too
3571,0,2,26,28,1.0714285714285714,0.04956347617776502,568,Well it's a New York State wine but I thought its presumption might amuse you.
3571,0,2,26,28,1.0714285714285714,0.04956347617776502,568,"I'm more of a ties-that-wine gal, myself."
3571,0,2,26,28,1.0714285714285714,0.04956347617776502,568,"(1) ""That's one way to keep yourselves in check!"" OR (2) ""No wild partying for you two, eh?"""
3571,1,0,27,28,1.0714285714285714,0.0714285714285714,568,I'll tell you about my latest surgery just as soon as the cement sets.
3571,1,0,27,28,1.0714285714285714,0.0714285714285714,568,"Your research is funded for another year, Doctor."
3571,0,2,26,28,1.0714285714285714,0.04956347617776502,568,Relaxation is hard work.
3571,0,2,26,28,1.0714285714285714,0.04956347617776502,568,"The invitation clearly said, ""No politics."""
3571,1,0,27,28,1.0714285714285714,0.0714285714285714,568,You're not dressed for SCUBA diving
3571,0,2,26,28,1.0714285714285714,0.04956347617776502,568,"I would have sent you an invitation, but for some reason, I thought you two were tied up tonight."
3571,1,0,27,28,1.0714285714285714,0.0714285714285714,568,Is this your first time at the Met Ball?
3571,1,0,27,28,1.0714285714285714,0.0714285714285714,568,"Full bodied and oaky with a fruity finish, would you like to try some?"
3571,1,0,27,28,1.0714285714285714,0.0714285714285714,568,"The wine foot soak is rejuvenating, isn't it?"
3571,0,2,26,28,1.0714285714285714,0.04956347617776502,568,Glad to see that this week's designated drivers won't be leaving the party early.
3571,1,0,27,28,1.0714285714285714,0.0714285714285714,568,We should have told you that the jurors for this show are mafia.
3571,0,2,26,28,1.0714285714285714,0.04956347617776502,568,Are you two going to buy a condo from me? - Because I can make those knots tighter and pour in some more ice if you need some help making a decision.
3571,0,2,26,28,1.0714285714285714,0.04956347617776502,568,This going away party was to die for!
3571,0,2,26,28,1.0714285714285714,0.04956347617776502,568,So great you could get away for an evening of fun!
3571,0,2,26,28,1.0714285714285714,0.04956347617776502,568,"Really, I'm flattered, but I don't do threesomes."
3571,0,2,26,28,1.0714285714285714,0.04956347617776502,568,Hi I'm Beth. We hope to set sail around eight.
3571,0,2,26,28,1.0714285714285714,0.04956347617776502,568,I find these things so suffocating
3571,0,2,26,28,1.0714285714285714,0.04956347617776502,568,I truly hope the river is a bit cleaner these days.
3571,0,2,26,28,1.0714285714285714,0.04956347617776502,568,Somehow I've never quite felt ready to take the plunge.
3571,0,2,26,28,1.0714285714285714,0.04956347617776502,568,You 2 lovebirds don't seemed to be thrilled that you were Shanghaied to your surprise engagement party.
3571,0,2,26,28,1.0714285714285714,0.04956347617776502,568,Can I get you something? It's last call.
3571,1,0,27,28,1.0714285714285714,0.0714285714285714,568,"They didn't have a knife, but will this Srewdriver help?"
3571,1,0,27,28,1.0714285714285714,0.0714285714285714,568,"I think you have the wrong idea about ""bucket list."""
3571,0,2,26,28,1.0714285714285714,0.04956347617776502,568,We at HR are really sorry to see you go like this.
3571,0,2,26,28,1.0714285714285714,0.04956347617776502,568,Hey just be grateful we aren't making you provide the cheese
3571,1,0,27,28,1.0714285714285714,0.0714285714285714,568,Wouldn't you know it? The guy can walk out just as soon as he needs more action.
3571,0,2,26,28,1.0714285714285714,0.04956347617776502,568,And I thought I got roped in to coming to this party.
3571,1,0,27,28,1.0714285714285714,0.0714285714285714,568,"You certainly give new meaning to the definition of ""tie one on..."""
3571,0,2,26,28,1.0714285714285714,0.04956347617776502,568,You're always such gracious posts.
3571,0,2,26,28,1.0714285714285714,0.04956347617776502,568,wasnt the Gambino wedding just beautiful? Are u friends with the bride or the groom?
3571,0,2,26,28,1.0714285714285714,0.04956347617776502,568,"""So, what have you two been up to""?"
3893,0,2,27,29,1.0689655172413792,0.04788724653995952,568,Have you met my godfather?
3893,0,2,27,29,1.0689655172413792,0.04788724653995952,568,"Yes, the Corleones were expecting you—but not here."
3893,0,2,27,29,1.0689655172413792,0.04788724653995952,568,"I warned you, they take Talk Like a Pirate Day very seriously here."
3893,0,2,27,29,1.0689655172413792,0.04788724653995952,568,It's so nice to see you two have tied the knot.
3893,1,0,28,29,1.0689655172413792,0.06896551724137928,568,Hillary? My God Hillary? You deserved to be burned for being stupid!
3893,0,2,27,29,1.0689655172413792,0.04788724653995952,568,"Interesting....So, bondage is on both of your bucket lists?"
3893,1,0,28,29,1.0689655172413792,0.06896551724137928,568,Here's a toast to your eternal bliss after that initial discomfort.
3893,0,2,27,29,1.0689655172413792,0.04788724653995952,568,"We hope this will add a whole new meaning to the word ""potted."""
3893,0,2,27,29,1.0689655172413792,0.04788724653995952,568,"Now, then.. as I was saying.. my work explores the fundamental dualism of mind within mind, and deconstructs and exposes the dichotomies inherent to the prevailing paradigm..."
3893,1,0,28,29,1.0689655172413792,0.06896551724137928,568,"Rose is dead this season, obviously you two made the mistake of ordering it."
3893,1,0,28,29,1.0689655172413792,0.06896551724137928,568,WELCOME TO YOUR PRE DEATH MEMORIAL SERVICE.
3893,0,2,27,29,1.0689655172413792,0.04788724653995952,568,Didn't you get the memo? Dress semi-formall.
3893,0,2,27,29,1.0689655172413792,0.04788724653995952,568,"Huh, third marriage for both of you."
3893,0,2,27,29,1.0689655172413792,0.04788724653995952,568,Manolo Blahnik or Tony Soprano?
3893,1,0,28,29,1.0689655172413792,0.06896551724137928,568,We're going to miss you at the Oscars tonight
3893,0,2,27,29,1.0689655172413792,0.04788724653995952,568,Let's review our list of accomplishments again.
3893,0,2,27,29,1.0689655172413792,0.04788724653995952,568,I'm sorry you can't stay for the wine tasting>
3893,1,0,28,29,1.0689655172413792,0.06896551724137928,568,Jeff? He's tied up at work.
3893,1,0,28,29,1.0689655172413792,0.06896551724137928,568,"It's for your own good Helen, you know how you get at these office parties..."
3893,0,2,27,29,1.0689655172413792,0.04788724653995952,568,Do you like red wine?
3893,1,0,28,29,1.0689655172413792,0.06896551724137928,568,We are waiting for a ride to the harbor.
3893,0,2,27,29,1.0689655172413792,0.04788724653995952,568,The best way to appreciate good wine is to smell it.
3893,0,2,27,29,1.0689655172413792,0.04788724653995952,568,...and let's do lunch if you can get away.
3893,0,2,27,29,1.0689655172413792,0.04788724653995952,568,You guys put a good spin on the ice bucket challenge but that was so 2015
3893,0,2,27,29,1.0689655172413792,0.04788724653995952,568,"Our party theme of ""come fit to be tied"" was not meant to be taken so literally."
3893,0,2,27,29,1.0689655172413792,0.04788724653995952,568,Last drunk before your final dunk?
3893,0,2,27,29,1.0689655172413792,0.04788724653995952,568,Your interpretation of business-casual is innovative
3893,0,2,27,29,1.0689655172413792,0.04788724653995952,568,I'm tickled to death that you decided to accept my invitation.
3893,0,2,27,29,1.0689655172413792,0.04788724653995952,568,You're uncomfortable? My Spanx are killing me!
3893,0,2,27,29,1.0689655172413792,0.04788724653995952,568,Mr. Bag of Donuts informed me that he will be here soon to escort you to your final destination
3893,1,0,28,29,1.0689655172413792,0.06896551724137928,568,I thought that the discount cruise package sounded too good to be true.
3893,0,2,27,29,1.0689655172413792,0.04788724653995952,568,I'm afraid offering you a sip might diminish the experience when the moment arrives.
3893,0,2,27,29,1.0689655172413792,0.04788724653995952,568,'Putin Performance Art' is all the rage.
3893,0,2,27,29,1.0689655172413792,0.04788724653995952,568,"If you think Hell Week in Lake Forest is bad, wait til you move to New Canaan."
3893,0,2,27,29,1.0689655172413792,0.04788724653995952,568,We just love conversation.
3893,0,2,27,29,1.0689655172413792,0.04788724653995952,568,This should help to stave off piranhas.
3893,1,0,28,29,1.0689655172413792,0.06896551724137928,568,Just blink if you change your mind and do decide to bid on anything.
3893,0,2,27,29,1.0689655172413792,0.04788724653995952,568,Genetically Modified Houseplants
3893,0,2,27,29,1.0689655172413792,0.04788724653995952,568,Cheer or Tide?
3893,0,2,27,29,1.0689655172413792,0.04788724653995952,568,What do you mean nobody bought you? You are a wonderful installation!
3893,1,0,28,29,1.0689655172413792,0.06896551724137928,568,There are simpler ways to tie one on.
3893,0,2,27,29,1.0689655172413792,0.04788724653995952,568,This is why I drink heavily at most art shows.
3893,0,2,27,29,1.0689655172413792,0.04788724653995952,568,I see you two escaped the evil train villain only to land in buckets of cement. Quite impressive!
3893,0,2,27,29,1.0689655172413792,0.04788724653995952,568,Step 13?
3893,1,0,28,29,1.0689655172413792,0.06896551724137928,568,You were told more than once what happens when you behave like the federal government.
3938,0,2,28,30,1.0666666666666667,0.046320555585310084,568,You're toast.
3938,0,2,28,30,1.0666666666666667,0.046320555585310084,568,"Yes, I believe stomping grapes is excellent exercise"
3938,0,2,28,30,1.0666666666666667,0.046320555585310084,568,Let me tell you about my internship.
3938,0,2,28,30,1.0666666666666667,0.046320555585310084,568,I've never heard of the cement-shoe diet. Does it work?
3938,0,2,28,30,1.0666666666666667,0.046320555585310084,568,"Once you press the Pinot Noir, you are free to join the party."
3938,0,2,28,30,1.0666666666666667,0.046320555585310084,568,"Ironically, it's a very dry vintage that doesn't age well."
3938,0,2,28,30,1.0666666666666667,0.046320555585310084,568,You have the worst case of flaming halitosis I have ever encountered!
3938,0,2,28,30,1.0666666666666667,0.046320555585310084,568,Have you tried the cabernet yet? It’s got a gorgeous oaky finish.
3938,0,2,28,30,1.0666666666666667,0.046320555585310084,568,"I realize I've been talking about my divorce for a while now, maybe I should introduce myself and give you guys a chance to say something."
3938,0,2,28,30,1.0666666666666667,0.046320555585310084,568,You may have read the recent study of increased independence in teenagers whose parents' presence was like a potted plant?
3948,0,2,29,31,1.064516129032258,0.04485301852605202,568,You're not thinking of sinking and diving tonight are you?
3948,0,2,29,31,1.064516129032258,0.04485301852605202,568,I told you not to bring pigs in a blanket.
3950,0,1,23,24,1.0416666666666667,0.04256282653793743,568,This should warm up your toes.
3950,0,1,23,24,1.0416666666666667,0.04256282653793743,568,What are you two doing Friday evening? There's a get-together at my place.
3950,0,1,23,24,1.0416666666666667,0.04256282653793743,568,I hear you're both teetotalers.
3950,0,1,23,24,1.0416666666666667,0.04256282653793743,568,"Oh they forgot to tell you? The safe word is ""chardonnay."""
3950,0,1,23,24,1.0416666666666667,0.04256282653793743,568,So you're cutting down your belly every day with this one weird trick?
3950,0,1,23,24,1.0416666666666667,0.04256282653793743,568,"Well, your new diet is working!"
3950,0,1,23,24,1.0416666666666667,0.04256282653793743,568,I'd pick a slightly sophisticated safe word like ‘Nebuchadnezzar’.
3950,0,1,23,24,1.0416666666666667,0.04256282653793743,568,"Gourmand isn't literal, but from where I stand it beats terroirist."
3950,0,1,23,24,1.0416666666666667,0.04256282653793743,568,You now understand that are very serious when we said we only serve red.
3950,0,1,23,24,1.0416666666666667,0.04256282653793743,568,"Still brooding about your loss on ""Beat the Clock""?"
3950,0,1,23,24,1.0416666666666667,0.04256282653793743,568,I see you were taken by a con artist.
3950,0,1,23,24,1.0416666666666667,0.04256282653793743,568,This is what you get when you don't bring an appetizer.
3950,0,1,23,24,1.0416666666666667,0.04256282653793743,568,It's there way of stopping theft of company secrets when a person leaves the company .
3950,0,1,23,24,1.0416666666666667,0.04256282653793743,568,Point made. We will get rid of the bacon wrapped wieners.
3950,0,1,23,24,1.0416666666666667,0.04256282653793743,568,"I must inform you both that last year's winning pair of kvetching spouses logged in over 25 hours of continual, grueling, two-way kvetching, seemingly without end. Even the lawyers gave up halfway through this marathon and left."
3950,0,1,23,24,1.0416666666666667,0.04256282653793743,568,And all you did was say the wine was so-so?
3950,0,1,23,24,1.0416666666666667,0.04256282653793743,568,His critics at going to eat him alive.
3950,0,1,23,24,1.0416666666666667,0.04256282653793743,568,Glass of wine from your bucket list?
3950,0,1,23,24,1.0416666666666667,0.04256282653793743,568,You both made my bucket list.
3950,0,1,23,24,1.0416666666666667,0.04256282653793743,568,Shaken?....or Stirred?
3950,0,1,23,24,1.0416666666666667,0.04256282653793743,568,Still don't like beveled edge subway tile?
3950,0,1,23,24,1.0416666666666667,0.04256282653793743,568,Kidnapping is a flimsy excuse for tardiness.
3950,0,1,23,24,1.0416666666666667,0.04256282653793743,568,"It's a good, not great Zin. Have a taste?"
3950,0,1,23,24,1.0416666666666667,0.04256282653793743,568,I'm drawing a blank.
3950,0,1,23,24,1.0416666666666667,0.04256282653793743,568,I envy how you two can just escape any time.
3950,0,1,23,24,1.0416666666666667,0.04256282653793743,568,I think you're fit for the job.
3950,0,1,23,24,1.0416666666666667,0.04256282653793743,568,You can really taste the Stockholm Syndrome
3950,0,1,23,24,1.0416666666666667,0.04256282653793743,568,Welcome to Alcoholics Anonymous Step #13.
3950,0,1,23,24,1.0416666666666667,0.04256282653793743,568,30 more steps and you get a refill
3950,0,1,23,24,1.0416666666666667,0.04256282653793743,568,I can't get you a screwdriver -- it's wine and beer only.
3950,0,1,23,24,1.0416666666666667,0.04256282653793743,568,Emma Allen? I get that a lot.
3950,0,1,23,24,1.0416666666666667,0.04256282653793743,568,Your gonna need a bigger bucket.
3950,0,1,23,24,1.0416666666666667,0.04256282653793743,568,"I then I remembered Siri saying, ""recalculating directions"" and I moved and didn't get stuck in one spot."
3950,0,1,23,24,1.0416666666666667,0.04256282653793743,568,"If there's anything you need, be sure to let us know."
3950,0,1,23,24,1.0416666666666667,0.04256282653793743,568,I hope drinking wine isn't a preexisting condition.
3950,0,1,23,24,1.0416666666666667,0.04256282653793743,568,"Yes, sleeping with the fishes is so in right now."
3950,0,1,23,24,1.0416666666666667,0.04256282653793743,568,I thought Steve was lying when he said his parents couldn't make it again because they were tied up.
3950,0,1,23,24,1.0416666666666667,0.04256282653793743,568,Can I call you an Uber?
3950,0,1,23,24,1.0416666666666667,0.04256282653793743,568,A Sea Breeze or something else?
3950,0,1,23,24,1.0416666666666667,0.04256282653793743,568,Are they part of the new Jimmy Choo cement line?
3950,0,1,23,24,1.0416666666666667,0.04256282653793743,568,I take it you prefer informal functions.
3950,0,1,23,24,1.0416666666666667,0.04256282653793743,568,The mob decided this cocktail party would be worse.
3950,0,1,23,24,1.0416666666666667,0.04256282653793743,568,I'm guessing you hadn't heard that the host is a real stickler about RSVP-ing.
3950,0,1,23,24,1.0416666666666667,0.04256282653793743,568,Home Depot Couture?
3950,0,1,23,24,1.0416666666666667,0.04256282653793743,568,But it was written clearly on the invittation!
3950,0,1,23,24,1.0416666666666667,0.04256282653793743,568,You must be the couple that brought the Pinot.
3950,0,1,23,24,1.0416666666666667,0.04256282653793743,568,Have you tried the punch?
3950,0,1,23,24,1.0416666666666667,0.04256282653793743,568,"I'd offer you a drink, but my hands are tied."
3950,0,1,23,24,1.0416666666666667,0.04256282653793743,568,"Now let's try it again without laughing: ""dense yet harmonious herbal character of medium body, a full-bodied mouthfeel with ripe tannin and a long finish."""
3950,0,1,23,24,1.0416666666666667,0.04256282653793743,568,Houdini? I just saw him leave.
3950,0,1,23,24,1.0416666666666667,0.04256282653793743,568,Is it dry enough?
3950,0,1,23,24,1.0416666666666667,0.04256282653793743,568,This red pairs well with sleeping with the fishes
3950,0,1,23,24,1.0416666666666667,0.04256282653793743,568,Our book club has never been this upset over a couple's negative reaction to the monthly recommendation.
3950,0,1,23,24,1.0416666666666667,0.04256282653793743,568,The caterer didn't want you stomping on the glass.
3950,0,1,23,24,1.0416666666666667,0.04256282653793743,568,"Speaking of getting help, you wouldn't believe what my maid found in the refrigerator this morning."
3950,0,1,23,24,1.0416666666666667,0.04256282653793743,568,I see you guys drew the short straws for this year's Soprano party.
3950,0,1,23,24,1.0416666666666667,0.04256282653793743,568,"And, then we'll pour all the little fish in..."
3950,0,1,23,24,1.0416666666666667,0.04256282653793743,568,We believe that human dignity should not be assaulted by unnecessary things like alcohol.
3950,0,1,23,24,1.0416666666666667,0.04256282653793743,568,"So you stomped the grapes yourselves, huh?"
3950,0,1,23,24,1.0416666666666667,0.04256282653793743,568,Down the hall -- second door on your left.
3950,0,1,23,24,1.0416666666666667,0.04256282653793743,568,"Thank you for the feedback, my next painting will be entitled ""Critic swimming in the moonlight!"""
3950,0,1,23,24,1.0416666666666667,0.04256282653793743,568,"Why didn't you inquire about ""The Family"" installment plan?"
3950,0,1,23,24,1.0416666666666667,0.04256282653793743,568,"That's an interesting story, but I can one-up that."
3950,0,1,23,24,1.0416666666666667,0.04256282653793743,568,Look at the bright side. You don't have to work for this ruthless company.
3950,0,1,23,24,1.0416666666666667,0.04256282653793743,568,It's a bind tasting.
3950,0,1,23,24,1.0416666666666667,0.04256282653793743,568,"Getting ready to fly the friendly skies, are we?"
3950,0,1,23,24,1.0416666666666667,0.04256282653793743,568,Stunning! Are those Home Depot?
3950,0,1,23,24,1.0416666666666667,0.04256282653793743,568,We're potted plants.
3950,0,1,23,24,1.0416666666666667,0.04256282653793743,568,The Bondage Club? That's across the street.
3950,0,1,23,24,1.0416666666666667,0.04256282653793743,568,I see you ordered the port.
3950,0,1,23,24,1.0416666666666667,0.04256282653793743,568,"That's how I learned to tip the bartender, too."
3950,0,1,23,24,1.0416666666666667,0.04256282653793743,568,"So, you can't stay for Pictionary?"
3950,0,1,23,24,1.0416666666666667,0.04256282653793743,568,Thanks for coming to my art opening. I understand you're in favor of defunding the NEA.
3950,0,1,23,24,1.0416666666666667,0.04256282653793743,568,"My parties have been avoided because they say, 'there wasn't much of interest happening,' but I think the problem is poor circulation."
3950,0,1,23,24,1.0416666666666667,0.04256282653793743,568,"The invitation said this was a ""wine-tasting"" party. Not a ""standing in a bucket full of wine"" party. Also, other stuff."
3950,0,1,23,24,1.0416666666666667,0.04256282653793743,568,Sounds awful! Have you tried butt dialing customer service?
3950,0,1,23,24,1.0416666666666667,0.04256282653793743,568,I suggest you first drink like the fishes.
3950,0,1,23,24,1.0416666666666667,0.04256282653793743,568,"Oh, dear! You must have said something Don Corleone didn't like."
3950,0,1,23,24,1.0416666666666667,0.04256282653793743,568,That's the LAST time you'll refer to this vintage as an obnoxious little hedonistic Merlot that's fruit forward forward but with a velvety barnyard finish.
3950,0,1,23,24,1.0416666666666667,0.04256282653793743,568,"As you will see, this wine's brilliance can only be recognized when the imbiber has been chilled."
3950,0,1,23,24,1.0416666666666667,0.04256282653793743,568,Unfortunately we are bound by Republican Traditions.
3950,0,1,23,24,1.0416666666666667,0.04256282653793743,568,You must not have read the small print on the invitation
3950,0,1,23,24,1.0416666666666667,0.04256282653793743,568,"""Our company orientation does seem a bit much.... anyway welcome aboard""!"
3950,0,1,23,24,1.0416666666666667,0.04256282653793743,568,I know! I am a Physician; stopping drinking is the hardest think you will ever do>
3950,0,1,23,24,1.0416666666666667,0.04256282653793743,568,I didn't know cement shoes were still in.
3950,0,1,23,24,1.0416666666666667,0.04256282653793743,568,Performance art? I like it.
3950,0,1,23,24,1.0416666666666667,0.04256282653793743,568,"""No, there is no self-righteousness among us liberals. But we did decide to put all Trump supporters in soapy-water pails. You can't find a ball and chain anymore."
3950,0,1,23,24,1.0416666666666667,0.04256282653793743,568,Isn't it obvious Maple?
3950,0,1,23,24,1.0416666666666667,0.04256282653793743,568,So how do you like the Mob Museum?
3950,0,1,23,24,1.0416666666666667,0.04256282653793743,568,"As the Activities Director I thought it would be a good idea to collect some frank anonymous feedback, but the Captain said the cruise industry has received so much bad publicity lately."
3950,0,1,23,24,1.0416666666666667,0.04256282653793743,568,Tie-downs cure alcoholism
3950,0,1,23,24,1.0416666666666667,0.04256282653793743,568,The legs give it away- it's not free-range vino.
3950,0,1,23,24,1.0416666666666667,0.04256282653793743,568,So glad you two could drop in on your way home from the lake.
3950,0,1,23,24,1.0416666666666667,0.04256282653793743,568,"Well, we consider it just comeuppance."
3950,0,1,23,24,1.0416666666666667,0.04256282653793743,568,We take a very dim view of double dipping.
3950,0,1,23,24,1.0416666666666667,0.04256282653793743,568,I see you ordered a Houdini on the rocks.
3950,0,1,23,24,1.0416666666666667,0.04256282653793743,568,"When I visited my Aunt Trudie in the Keys last Summer, I swam with the dolphins."
3950,0,1,23,24,1.0416666666666667,0.04256282653793743,568,"I'd offer you both a glass, but its a 2000 La Mission Haut Brion! I mean really..."
3950,0,1,23,24,1.0416666666666667,0.04256282653793743,568,"Sorry, my job is just to serve wine."
3950,0,1,23,24,1.0416666666666667,0.04256282653793743,568,You should try this cab before you go.
3950,0,1,23,24,1.0416666666666667,0.04256282653793743,568,The food was terrible - and the portions too small.
3950,0,1,23,24,1.0416666666666667,0.04256282653793743,568,Drink?
3950,0,1,23,24,1.0416666666666667,0.04256282653793743,568,Tell me more about your upcoming immersion therapy
3950,0,1,23,24,1.0416666666666667,0.04256282653793743,568,Dont you hate the meaningless chatter at cocktail parties
3950,0,1,23,24,1.0416666666666667,0.04256282653793743,568,We're married.
3950,0,1,23,24,1.0416666666666667,0.04256282653793743,568,I've never heard of the champagne challenge!
3950,0,1,23,24,1.0416666666666667,0.04256282653793743,568,Thank God i'm not a designated driver.
3950,0,1,23,24,1.0416666666666667,0.04256282653793743,568,I really don't think wine right now is a good idea. The veritas is already a little thick.
3950,0,1,23,24,1.0416666666666667,0.04256282653793743,568,so i assume this is a no fault divorce?
3950,0,1,23,24,1.0416666666666667,0.04256282653793743,568,The only way they can stand to talk to Janice.
3950,0,1,23,24,1.0416666666666667,0.04256282653793743,568,"Well, let me know when you have something less concrete."
3950,0,1,23,24,1.0416666666666667,0.04256282653793743,568,"Guests who are lost, late, lax, or poorly coiffed for any reason, including a natural cow lick, at this gathering in particular, are not the responsibility of the Hostess."
3950,0,1,23,24,1.0416666666666667,0.04256282653793743,568,"I've heard of being ""On the Wagon"", but ""In the bucket?"""
3950,0,1,23,24,1.0416666666666667,0.04256282653793743,568,"We all feel held back in one way or another, don't we?"
3950,0,1,23,24,1.0416666666666667,0.04256282653793743,568,Sounds like a pretty strict diet
3950,0,1,23,24,1.0416666666666667,0.04256282653793743,568,You two are the hit of the party.
3950,0,1,23,24,1.0416666666666667,0.04256282653793743,568,"Sorry, i just couldn't take any more of your wining."
3950,0,1,23,24,1.0416666666666667,0.04256282653793743,568,You're looking a little pall.
3950,0,1,23,24,1.0416666666666667,0.04256282653793743,568,"one glass of this, and you'll loosen right up"
3950,0,1,23,24,1.0416666666666667,0.04256282653793743,568,Interns here fetch the coffee and make the wine. Welcome aboard!
3950,0,1,23,24,1.0416666666666667,0.04256282653793743,568,"Sorry for the delay, but we ran out of quik-crete."
3950,0,1,23,24,1.0416666666666667,0.04256282653793743,568,I hear you're into adventure travel.
3950,0,1,23,24,1.0416666666666667,0.04256282653793743,568,"I forget - is it ""your toast,"" or ""you're toast?"""
3950,0,1,23,24,1.0416666666666667,0.04256282653793743,568,One last time - the Riesling or the Chardonnay.
3950,0,1,23,24,1.0416666666666667,0.04256282653793743,568,"I'd offer you an hors d'oeuvre, but..."
3950,0,1,23,24,1.0416666666666667,0.04256282653793743,568,Those outfits are so 'I Love Lucy' meets the ice bucket challenge.
3950,0,1,23,24,1.0416666666666667,0.04256282653793743,568,You said no gluten and I just wanted to make sure.
3950,0,1,23,24,1.0416666666666667,0.04256282653793743,568,"Bondage, maybe...but ménage a trois has never been on my bucket list."
3950,0,1,23,24,1.0416666666666667,0.04256282653793743,568,Would you prefer to be taken home by a driverless car?
3950,0,1,23,24,1.0416666666666667,0.04256282653793743,568,"Have you heard, I hear they're letting some of us go"
3950,0,1,23,24,1.0416666666666667,0.04256282653793743,568,Mr. Corleone wanted to give you a nice sendoff.
3950,0,1,23,24,1.0416666666666667,0.04256282653793743,568,May I offer you two a Pale Ale?
3950,0,1,23,24,1.0416666666666667,0.04256282653793743,568,May we assume this will be your final exhibition?
3950,0,1,23,24,1.0416666666666667,0.04256282653793743,568,The good news is that TrumpCare covers the cost of the supplies.
3950,0,1,23,24,1.0416666666666667,0.04256282653793743,568,This is what happens to you when you don't like the wine
3950,0,1,23,24,1.0416666666666667,0.04256282653793743,568,"So, Nunzio tells me this was your last request."
3950,0,1,23,24,1.0416666666666667,0.04256282653793743,568,"We also hate your incredibly precocious daughter, even though we've never laid eyes on her."
3950,0,1,23,24,1.0416666666666667,0.04256282653793743,568,Next time you should upgrade to first-class.
3950,0,1,23,24,1.0416666666666667,0.04256282653793743,568,Don't worry about throwing your bridal bouquet. We have a bridesmaid on call.
3950,0,1,23,24,1.0416666666666667,0.04256282653793743,568,"This is a fundraiser, not a cosplay, for crime victims."
3950,0,1,23,24,1.0416666666666667,0.04256282653793743,568,I understand that you have a most unusual bucket list.
3950,0,1,23,24,1.0416666666666667,0.04256282653793743,568,I see you're drawn in fifty shades of grey.
3950,0,1,23,24,1.0416666666666667,0.04256282653793743,568,"But, boss, my twin sales are off the charts."
3950,0,1,23,24,1.0416666666666667,0.04256282653793743,568,"Of course, when you go over Niagara Falls and re-enter the U.S.., you'll have to deal with immigration. You know -- Trump and all."
3950,0,1,23,24,1.0416666666666667,0.04256282653793743,568,We have another engagement we're just dying to get to.
3950,0,1,23,24,1.0416666666666667,0.04256282653793743,568,"I am so sorry, all we have is this god awful Gamay."
3950,0,1,23,24,1.0416666666666667,0.04256282653793743,568,"...then tonight, we're sleeping with the Fishes"
3950,0,1,23,24,1.0416666666666667,0.04256282653793743,568,"Versace, again?"
3950,0,1,23,24,1.0416666666666667,0.04256282653793743,568,"I'm busy tonight, but my boyfriend would be happy to help you."
3950,0,1,23,24,1.0416666666666667,0.04256282653793743,568,We're keeping you here until after the Senate votes on the Health Care bill
3950,0,1,23,24,1.0416666666666667,0.04256282653793743,568,What persuaded you to postpone your trip and the wedding?
3950,0,1,23,24,1.0416666666666667,0.04256282653793743,568,Care for a sip before your last dip?
3950,0,1,23,24,1.0416666666666667,0.04256282653793743,568,"No, Jimmy Hoffa hasn't arrived yet."
3950,0,1,23,24,1.0416666666666667,0.04256282653793743,568,Hi we are the grafts. I'm Rose and this is my husband Bud
3950,0,1,23,24,1.0416666666666667,0.04256282653793743,568,I see you are pledging the grape stompers guild.
3950,0,1,23,24,1.0416666666666667,0.04256282653793743,568,We have chosen you to be the after-dinner entertainment.
3950,0,1,23,24,1.0416666666666667,0.04256282653793743,568,So this is what happens when you upset the Big Boss ! What's next?
3950,0,1,23,24,1.0416666666666667,0.04256282653793743,568,"No, no. That was the old-school mafia."
3950,0,1,23,24,1.0416666666666667,0.04256282653793743,568,"Yes, but you did request the Chateau Peau Amontillado cask 1846."
3950,0,1,23,24,1.0416666666666667,0.04256282653793743,568,I see you've chosen the Gargamel Session complete with the Smurfet bleach and wax.
3950,0,1,23,24,1.0416666666666667,0.04256282653793743,568,It's not Cali headquarters! It's the New York office.
3950,0,1,23,24,1.0416666666666667,0.04256282653793743,568,I like your new concrete shoes. Were they on your bucket list?
3950,0,1,23,24,1.0416666666666667,0.04256282653793743,568,I guess you must have been on the Don's bucket list.
3950,0,1,23,24,1.0416666666666667,0.04256282653793743,568,On behalf of senior management I am indeed sorry that before your memo you did not realize the crucial role that the float plays in this company's success.
3950,0,1,23,24,1.0416666666666667,0.04256282653793743,568,"Well, I think it was sweet of them to let you stop by on the way."
3950,0,1,23,24,1.0416666666666667,0.04256282653793743,568,"This is a wine tasting, I need your bucket."
3950,0,1,23,24,1.0416666666666667,0.04256282653793743,568,I see you're both fully committed to the spit bucket.
3950,0,1,23,24,1.0416666666666667,0.04256282653793743,568,"So, how's that research on the Mob coming along?"
3950,0,1,23,24,1.0416666666666667,0.04256282653793743,568,Well we're a bit tied up at the moment but next week should be fine
3950,0,1,23,24,1.0416666666666667,0.04256282653793743,568,I can't see my way out of this.
3950,0,1,23,24,1.0416666666666667,0.04256282653793743,568,Welcome to device-free anonymous.
3950,0,1,23,24,1.0416666666666667,0.04256282653793743,568,Bonnie! Stan! I'm so glad you made it!
3950,0,1,23,24,1.0416666666666667,0.04256282653793743,568,We could send some salmon ceviche to your next of kin.
3950,0,1,23,24,1.0416666666666667,0.04256282653793743,568,"Ah, finally someone who understands me!"
3950,0,1,23,24,1.0416666666666667,0.04256282653793743,568,The trick is to add just a dash of gypsum.
3950,0,1,23,24,1.0416666666666667,0.04256282653793743,568,Don't wriggle. You're the exhibit.
3950,0,1,23,24,1.0416666666666667,0.04256282653793743,568,"Fran, Jack, thanks for responding to my tied-bucket challenge"
3950,0,1,23,24,1.0416666666666667,0.04256282653793743,568,"Now that I've caught you, allow me to explain my plan to take over the world."
3950,0,1,23,24,1.0416666666666667,0.04256282653793743,568,a' santee
3950,0,1,23,24,1.0416666666666667,0.04256282653793743,568,I think you’re going to need more than just wine.
3950,0,1,23,24,1.0416666666666667,0.04256282653793743,568,Do you come here often?
3950,0,1,23,24,1.0416666666666667,0.04256282653793743,568,"When I was sitting on a chair, I laughed at a cartoon that was not there."
3950,0,1,23,24,1.0416666666666667,0.04256282653793743,568,"Isn't it nice not to have to just stand around, waiting for the cement to harden?"
3950,0,1,23,24,1.0416666666666667,0.04256282653793743,568,"Marina and Ulay were in Athens, thanks for standing in."
3950,0,1,23,24,1.0416666666666667,0.04256282653793743,568,Most people aren't interested in my cat's gluten intolerance.
3950,0,1,23,24,1.0416666666666667,0.04256282653793743,568,"I'll give you a hand, since you can't get out of hand."
3950,0,1,23,24,1.0416666666666667,0.04256282653793743,568,"This ""in sickness and in health"" bit is a little over the top"
3950,0,1,23,24,1.0416666666666667,0.04256282653793743,568,Usually it is hard to get spouses to come to office parties.
3950,0,1,23,24,1.0416666666666667,0.04256282653793743,568,You must be Mr. and Mrs. Fishswimmer.
3950,0,1,23,24,1.0416666666666667,0.04256282653793743,568,I've heard that you'll be leaving the firm.
3950,0,1,23,24,1.0416666666666667,0.04256282653793743,568,"""That's the game! I'm the manhattan and you are the mai tai's""."
3950,0,1,23,24,1.0416666666666667,0.04256282653793743,568,"You must be the new blood. Our event organisers in Human Resources come up with the craziest refreshments, don't you think?"
3950,0,1,23,24,1.0416666666666667,0.04256282653793743,568,"So, how do you know the host?"
3950,0,1,23,24,1.0416666666666667,0.04256282653793743,568,"So, you won't be needing your season tickets to the symphony, right?"
3950,0,1,23,24,1.0416666666666667,0.04256282653793743,568,"Don't worry, you will be free to rejoin the working class as soon as they give up one more social right."
3950,0,1,23,24,1.0416666666666667,0.04256282653793743,568,"I decided to play around with the idea of ""Not the water, but the fire next time"""
3950,0,1,23,24,1.0416666666666667,0.04256282653793743,568,Tell me more about your upcoming boat trip.
3950,0,1,23,24,1.0416666666666667,0.04256282653793743,568,'Sink or swim' just wasn't working for us anymore.
3950,0,1,23,24,1.0416666666666667,0.04256282653793743,568,"Sorry, but he wouldn't put it on your tab."
3950,0,1,23,24,1.0416666666666667,0.04256282653793743,568,You must be the Whiners.
3950,0,1,23,24,1.0416666666666667,0.04256282653793743,568,"My name is Honor, and you're bound to stay."
3950,0,1,23,24,1.0416666666666667,0.04256282653793743,568,"When the President said "" I am the best wine maker on earth"" You both had the same response! "" I could do better with both hands tied behind my back."""
3950,0,1,23,24,1.0416666666666667,0.04256282653793743,568,So...what do you do?
3950,0,1,23,24,1.0416666666666667,0.04256282653793743,568,Really!! Boxed wine. And you thought no one would notice?
3950,0,1,23,24,1.0416666666666667,0.04256282653793743,568,You gave up what for Lent?
3950,0,1,23,24,1.0416666666666667,0.04256282653793743,568,And why did you think this was funny?
3950,0,1,23,24,1.0416666666666667,0.04256282653793743,568,"Yes the bar is rolling out their newest creation , the ""Mai Tie"""
3950,0,1,23,24,1.0416666666666667,0.04256282653793743,568,You must be the new folks in our incubator program.
3950,0,1,23,24,1.0416666666666667,0.04256282653793743,568,Haven't you heard? Sleep is the new status symbol.
3950,0,1,23,24,1.0416666666666667,0.04256282653793743,568,So... you're not the new Marina Abramovic piece?
3950,0,1,23,24,1.0416666666666667,0.04256282653793743,568,"...Because when in trouble, drink wine."
3950,0,1,23,24,1.0416666666666667,0.04256282653793743,568,It's a charity donation is similar to the 'Ice Bucket Challenge' only it's cement and we know your credit card pin.
3950,0,1,23,24,1.0416666666666667,0.04256282653793743,568,So this is what you do in the Village.
3950,0,1,23,24,1.0416666666666667,0.04256282653793743,568,Kiss you ? I don't even know you.
3950,0,1,23,24,1.0416666666666667,0.04256282653793743,568,Can I see your press pass?
3950,0,1,23,24,1.0416666666666667,0.04256282653793743,568,"Get your own damn wine, bee-yotches!"
3950,0,1,23,24,1.0416666666666667,0.04256282653793743,568,And this wine just adds insult to injury.
3950,0,1,23,24,1.0416666666666667,0.04256282653793743,568,You served Saint-Emilion merlot with cod.
3950,0,1,23,24,1.0416666666666667,0.04256282653793743,568,"Well, it's official: this party is dead."
3950,0,1,23,24,1.0416666666666667,0.04256282653793743,568,I read your review of my winery!
3950,0,1,23,24,1.0416666666666667,0.04256282653793743,568,So how was the cruise?
3950,0,1,23,24,1.0416666666666667,0.04256282653793743,568,'The vintage you brought to us last week is just divine.'
3950,0,1,23,24,1.0416666666666667,0.04256282653793743,568,A red wine to toast a couple going to a wine dark sea
3950,0,1,23,24,1.0416666666666667,0.04256282653793743,568,So that's my William's Med School update. Is your Billy still into magic?
3950,0,1,23,24,1.0416666666666667,0.04256282653793743,568,"So, you both just out of dead-end relationships?"
3950,0,1,23,24,1.0416666666666667,0.04256282653793743,568,Wine with your twine?
3950,0,1,23,24,1.0416666666666667,0.04256282653793743,568,Don't feel like you have to stay
3950,0,1,23,24,1.0416666666666667,0.04256282653793743,568,We're so happy you could join us!
3950,0,1,23,24,1.0416666666666667,0.04256282653793743,568,"""Did I say ""have a drink""? I meant ""in the drink""."
3950,0,1,23,24,1.0416666666666667,0.04256282653793743,568,Last time I'm telling you: SINGLES ONLY!
3950,0,1,23,24,1.0416666666666667,0.04256282653793743,568,We don't normally have Democrats over
3950,0,1,23,24,1.0416666666666667,0.04256282653793743,568,Wow... this is awkward. I also invited Vinny and Fat Tony.
3950,0,1,23,24,1.0416666666666667,0.04256282653793743,568,Welcome to Awesome Escapes. I'm your tour guide for the outward-bound portion of your trip.
3950,0,1,23,24,1.0416666666666667,0.04256282653793743,568,Great going away party..so sad we'll never see you again.
3950,0,1,23,24,1.0416666666666667,0.04256282653793743,568,Are you ready to apologize for bad-mouthing the Zinfandel?
3950,0,1,23,24,1.0416666666666667,0.04256282653793743,568,I don't understand. You should be honored to be #1 on my bucket list.
3950,0,1,23,24,1.0416666666666667,0.04256282653793743,568,I guess you can drink as much as you want after the show.
3950,0,1,23,24,1.0416666666666667,0.04256282653793743,568,I see you've already broken the ice.
3950,0,1,23,24,1.0416666666666667,0.04256282653793743,568,I was hired because I'm a blank slate and will agree to anything!
3950,0,1,23,24,1.0416666666666667,0.04256282653793743,568,You must be the two that acted up at the Christmas party?
3950,0,1,23,24,1.0416666666666667,0.04256282653793743,568,Fat Tony has a lake house?
3950,0,1,23,24,1.0416666666666667,0.04256282653793743,568,I know the feeling. That's why I drink.
3950,0,1,23,24,1.0416666666666667,0.04256282653793743,568,"You're supposed to look at the art, not be it."
3950,0,1,23,24,1.0416666666666667,0.04256282653793743,568,"A modest little vintage with a hint of foot powder on the palate, am I right?"
3950,0,1,23,24,1.0416666666666667,0.04256282653793743,568,"So, you can scratch another one off your bucket list."
3950,0,1,23,24,1.0416666666666667,0.04256282653793743,568,I heard you had cold feet. I'm glad you decided to tie the knot anyway.
3950,0,1,23,24,1.0416666666666667,0.04256282653793743,568,"Yah, bucket list, kick the bucket...call it what you want."
3950,0,1,23,24,1.0416666666666667,0.04256282653793743,568,Drinking games used to be so much simpler.
3950,0,1,23,24,1.0416666666666667,0.04256282653793743,568,I just knew you'd find a way to get here tonight.
3950,0,1,23,24,1.0416666666666667,0.04256282653793743,568,They say it's good for the feet.
3950,0,1,23,24,1.0416666666666667,0.04256282653793743,568,So this is what AA recommends when you find yourself in a drinking establishment.
3950,0,1,23,24,1.0416666666666667,0.04256282653793743,568,"It seems Mr.Genovese misunderstood the term ""drop-in."""
3950,0,1,23,24,1.0416666666666667,0.04256282653793743,568,"No, the Dominatrix gathering is in #310.....this is #210."
3950,0,1,23,24,1.0416666666666667,0.04256282653793743,568,"I don't care if the invite said ""No Gifts, Please."" You two should know better."
3950,0,1,23,24,1.0416666666666667,0.04256282653793743,568,"Sorry, I don't have a straw."
3950,0,1,23,24,1.0416666666666667,0.04256282653793743,568,It's a red wine that pairs well with fish.
3950,0,1,23,24,1.0416666666666667,0.04256282653793743,568,"Welcome to the ""We play nice with others or else"" mixer."
3950,0,1,23,24,1.0416666666666667,0.04256282653793743,568,Your lucky some Associates get tied up...it's who gets buried?
3950,0,1,23,24,1.0416666666666667,0.04256282653793743,568,"No, first prize gets to swim with the dolphins, you get the fish."
3950,0,1,23,24,1.0416666666666667,0.04256282653793743,568,What number was this on your bucket list?
3950,0,1,23,24,1.0416666666666667,0.04256282653793743,568,As in the Putnam County Fishes?
3950,0,1,23,24,1.0416666666666667,0.04256282653793743,568,In this test you must hold a smile throughout a Kim Jong-un speech.
3950,0,1,23,24,1.0416666666666667,0.04256282653793743,568,"Let me finish this glass of Shiraz, before I ask about the bow tie."
3950,0,1,23,24,1.0416666666666667,0.04256282653793743,568,I thought this was a blind tasting.
3950,0,1,23,24,1.0416666666666667,0.04256282653793743,568,I said grab a glass of wine not tie yourself in twine... and what's with the buckets?
3950,0,1,23,24,1.0416666666666667,0.04256282653793743,568,"So, we've been fine, how about you guys?"
3950,0,1,23,24,1.0416666666666667,0.04256282653793743,568,"Well, *I'd* certainly rather get dumped in a river than see another one of these totally derivative art shows."
3950,0,1,23,24,1.0416666666666667,0.04256282653793743,568,"Sorry, we are out of chardonnay."
3950,0,1,23,24,1.0416666666666667,0.04256282653793743,568,"Yes, you can speak freely ... and then I can hate it."
3950,0,1,23,24,1.0416666666666667,0.04256282653793743,568,"So, was this event on your bucket list?"
3950,0,1,23,24,1.0416666666666667,0.04256282653793743,568,Can you please speak Italian while I taste this wine?
3950,0,1,23,24,1.0416666666666667,0.04256282653793743,568,Bind tastes tests have never appealed to me.
3950,0,1,23,24,1.0416666666666667,0.04256282653793743,568,"Sorry to be like this, but I specifically said ""no gifts."""
4223,0,1,24,25,1.04,0.040824829046386304,568,"I know this lemonade is a bit acidic, but nothing compared to what's in those buckets."
4223,0,1,24,25,1.04,0.040824829046386304,568,Suits... Ropes... A Fancy Party.. The James Bond Movies Grew Out Of Style A Long Time Ago Darlings
4223,0,1,24,25,1.04,0.040824829046386304,568,I heard you're having another exhibit down at the docks.
4223,0,1,24,25,1.04,0.040824829046386304,568,Care for a last whiff?
4223,0,1,24,25,1.04,0.040824829046386304,568,I think you'll find the vintage is captivating.
4223,0,1,24,25,1.04,0.040824829046386304,568,"Well, I did ask everyone to go easy on the guacamole."
4223,0,1,24,25,1.04,0.040824829046386304,568,"I've tried it, but at least with the cement shoe diet, there is no limit to how much you can drink."
4223,0,1,24,25,1.04,0.040824829046386304,568,You believe the legs to be overrated?
4223,0,1,24,25,1.04,0.040824829046386304,568,You left Chicago when?
4223,0,1,24,25,1.04,0.040824829046386304,568,Some Dom Perignon from the don?
4223,0,1,24,25,1.04,0.040824829046386304,568,We're all so pleased you came over to the Republican Party.
4223,0,1,24,25,1.04,0.040824829046386304,568,Seraphina mentioned you two plan on spending a lot of time at the lake...
4223,0,1,24,25,1.04,0.040824829046386304,568,Let me guess? This way you can party and still collect your AA chips?
4223,0,1,24,25,1.04,0.040824829046386304,568,"I don't really get your performance art, but let me tell you about my work as Head of Compliance."
4223,0,1,24,25,1.04,0.040824829046386304,568,Watch out for sharks.
4223,0,1,24,25,1.04,0.040824829046386304,568,Well if you are white and whine what else do you expect ?
4223,0,1,24,25,1.04,0.040824829046386304,568,"Keep up the grape work, you're crushing it!"
4223,0,1,24,25,1.04,0.040824829046386304,568,And then he tweeted about how great it would be to meet with dictators. It was hilarious!
4241,0,1,25,26,1.0384615384615385,0.03922322702763681,568,I'm sorry. The potted bondage workshop has been moved to Wednesdays.
4241,0,1,25,26,1.0384615384615385,0.03922322702763681,568,Not my idea of a dream job.
4241,0,1,25,26,1.0384615384615385,0.03922322702763681,568,As I was saying -
4241,0,1,25,26,1.0384615384615385,0.03922322702763681,568,I see you made it onto the President's bucket list.
4241,0,1,25,26,1.0384615384615385,0.03922322702763681,568,I see the budget cuts have hit the witness protection program.
4241,0,1,25,26,1.0384615384615385,0.03922322702763681,568,"Dude, Hold my Wine"
4241,0,1,25,26,1.0384615384615385,0.03922322702763681,568,Ivanka suffered way way much.
4241,0,1,25,26,1.0384615384615385,0.03922322702763681,568,Trump's vision for the future.
4241,0,1,25,26,1.0384615384615385,0.03922322702763681,568,Would you like some water?
4241,0,1,25,26,1.0384615384615385,0.03922322702763681,568,"Cocktail parties make me uncomfortable, too."
4241,0,1,25,26,1.0384615384615385,0.03922322702763681,568,I think I just swallowed a toenail.
4241,0,1,25,26,1.0384615384615385,0.03922322702763681,568,I'd rather have a Harvey Wall Banger.
4241,0,1,25,26,1.0384615384615385,0.03922322702763681,568,"'Blind' tastings are sooo over! ,"
4241,0,1,25,26,1.0384615384615385,0.03922322702763681,568,"We're all sheep, just get on with it already"
4241,0,1,25,26,1.0384615384615385,0.03922322702763681,568,You can't escape me now from talking to you! HAHAHA
4241,0,1,25,26,1.0384615384615385,0.03922322702763681,568,I can throw this on one of you! Who dosent want to get wet???
4257,0,1,26,27,1.037037037037037,0.03774256780481986,568,Really--? I'd never heard of vintners using slave labor!
4257,0,1,26,27,1.037037037037037,0.03774256780481986,568,"I'm glad you could make it, everyone else here is such a bore. Have I told you about my latest Buzzfeed contribution?"
4257,0,1,26,27,1.037037037037037,0.03774256780481986,568,I guess you really were two tied up to come.
4257,0,1,26,27,1.037037037037037,0.03774256780481986,568,We want you to bend but not break.
4257,0,1,26,27,1.037037037037037,0.03774256780481986,568,We requested this meal before our execution.
4257,0,1,26,27,1.037037037037037,0.03774256780481986,568,That's so 1970's
4257,0,1,26,27,1.037037037037037,0.03774256780481986,568,"My favorite Kanye song is ‘Good Life,’ but yours is ‘Bound 2.’"
4257,0,1,26,27,1.037037037037037,0.03774256780481986,568,Uptight?
4257,0,1,26,27,1.037037037037037,0.03774256780481986,568,HERE'S TWO Y'A
4266,0,1,27,28,1.0357142857142858,0.036369648372665396,568,"They legalized ""pot."" You may have misunderstood."
4266,0,1,27,28,1.0357142857142858,0.036369648372665396,568,I could get you a last drink in exchange for your wallet or something you won't be needing.
4266,0,1,27,28,1.0357142857142858,0.036369648372665396,568,Ocean bottoms up!
4266,0,1,27,28,1.0357142857142858,0.036369648372665396,568,"And so i said to Cynthia if by ""Fair Trade Movement"" you mean we let those outer borough scum buy a condo for stomping us out some Merlot, I'm in..."
4266,0,1,27,28,1.0357142857142858,0.036369648372665396,568,Which of you two grape stompers generated this wine's sophisticated athlete's foot bouquet?
4271,0,0,19,19,1.0,0.05407380704358751,568,So are you two recently married or soon to be divorced?
4271,0,0,20,20,1.0,0.051298917604257706,568,"Wine still not amusing enough for you, eh?"
4271,0,0,19,19,1.0,0.05407380704358751,568,ONE LAST TIME! Where is the Dom Perignon!
4271,0,0,19,19,1.0,0.05407380704358751,568,I'm just looking forward to going home. My feet are absolutely killing me in these shoes!
4271,0,0,19,19,1.0,0.05407380704358751,568,I never promised being invited to my art show would be glamorous.
4271,0,0,19,19,1.0,0.05407380704358751,568,"You know, wine making methods have moved away from stomping on grapes."
4271,0,0,19,19,1.0,0.05407380704358751,568,"So, I understand you studied with Damien Hirst."
4271,0,0,19,19,1.0,0.05407380704358751,568,Galliano?
4271,0,0,21,21,1.0,0.048795003647426664,568,I now pronounce you husband and strife.
4271,0,0,19,19,1.0,0.05407380704358751,568,That's one way to stick to the Paleo diet.
4271,0,0,19,19,1.0,0.05407380704358751,568,What will remain when Drump and his boy band the Strongmen are done with us.
4271,0,0,19,19,1.0,0.05407380704358751,568,I see it took you both a little longer than usual to get the corporate message.
4271,0,0,20,20,1.0,0.051298917604257706,568,Congratulations on being selected this month's captive audience!
4271,0,0,19,19,1.0,0.05407380704358751,568,Don't you feel so much better knowing this wine was locally sourced?
4271,0,0,19,19,1.0,0.05407380704358751,568,In good news I finally found the perfect caption for any New Yorker cartoon
4271,0,0,19,19,1.0,0.05407380704358751,568,Looks like you got roped into yet another bucket challenge.
4271,0,0,19,19,1.0,0.05407380704358751,568,So glad you managed to come.
4271,0,0,19,19,1.0,0.05407380704358751,568,We do retirement a bit differently here at Corleone Cement.
4271,0,0,19,19,1.0,0.05407380704358751,568,Casual Fridays are not what they used to be.
4271,0,0,19,19,1.0,0.05407380704358751,568,"Believe it or not, we will miss you here at 'Speak your mind.com.'"
4271,0,0,19,19,1.0,0.05407380704358751,568,"For tie that binds us, may it soon be loosened."
4271,0,0,20,20,1.0,0.051298917604257706,568,Liberal water boarding?
4271,0,0,22,22,1.0,0.046524210519923545,568,"It's really not my thing, but as a Boss I have to keep up appearances."
4271,0,0,19,19,1.0,0.05407380704358751,568,I'm on the Whole 30 diet. What's your called?
4271,0,0,19,19,1.0,0.05407380704358751,568,That 70's look is back in fashion.
4271,0,0,19,19,1.0,0.05407380704358751,568,"""Happy Holidays...it's either sink or swim."" Shelley Rodgers Alexandria, VA"
4271,0,0,20,20,1.0,0.051298917604257706,568,Stay away from the Pinot Noir! The hosts spent on lot more money on the Cabernet Sauvignon.
4271,0,0,21,21,1.0,0.048795003647426664,568,So how was the cruise?
4271,0,0,19,19,1.0,0.05407380704358751,568,I just love performance art.
4271,0,0,19,19,1.0,0.05407380704358751,568,"Honey, The Picture Didn't Show This Week! -- My Caption Would Have Won, too."
4271,0,0,19,19,1.0,0.05407380704358751,568,"Yeah, we wanted to leave, but the invitation said not required but recommended, so here we are."
4271,0,0,19,19,1.0,0.05407380704358751,568,"So tell me, how long have it's been since the both of you been sulking in this marriage?"
4271,0,0,19,19,1.0,0.05407380704358751,568,"I'd offer you some, but I see you're tied up."
4271,0,0,19,19,1.0,0.05407380704358751,568,The new bucket challenge is not drinking.
4271,0,0,19,19,1.0,0.05407380704358751,568,"Well, at least you haven't been discriminated against in the amount of rope."
4271,0,0,19,19,1.0,0.05407380704358751,568,So nice that you could get away for the party.
4271,0,0,19,19,1.0,0.05407380704358751,568,Good luck in our inaugural `Hopp Along` race.
4271,0,0,19,19,1.0,0.05407380704358751,568,The show is moving to the pier. Would you like some wine?
4271,0,0,19,19,1.0,0.05407380704358751,568,"You see, burglaries don't have to be uncivilized."
4271,0,0,20,20,1.0,0.051298917604257706,568,Our new line of Kardashian cocktails will take the edge off as the fire ants move up your bodies.
4271,0,0,19,19,1.0,0.05407380704358751,568,Your house blend is the best
4271,0,0,19,19,1.0,0.05407380704358751,568,How wonderfully criminal! Hudson or East?
4271,0,0,19,19,1.0,0.05407380704358751,568,Your mistake was ordering a chinon with fettuccine and white clam sauce.
4271,0,0,19,19,1.0,0.05407380704358751,568,How were you able to afford this place?
4271,0,0,19,19,1.0,0.05407380704358751,568,"Well, we're so glad you could make it!"
4271,0,0,19,19,1.0,0.05407380704358751,568,Olive or onion for your final drink
4271,0,0,19,19,1.0,0.05407380704358751,568,Don't worry. It's just to keep you riffraff away from the best cheeses.
4271,0,0,19,19,1.0,0.05407380704358751,568,You look drained. Want a drink?
4271,0,0,19,19,1.0,0.05407380704358751,568,"Our AA instructor, Circe, suggested we try what Odysseus did with the Sirens."
4271,0,0,19,19,1.0,0.05407380704358751,568,And you'd vote for him again?
4271,0,0,19,19,1.0,0.05407380704358751,568,Am I comfortable with you leadership? Do I look comfortable?
4271,0,0,19,19,1.0,0.05407380704358751,568,"I told you ""it's a secret and if I tell you I'll have to kill you""."
4271,0,0,20,20,1.0,0.051298917604257706,568,You paid how much!?
4271,0,0,19,19,1.0,0.05407380704358751,568,I guess I can't tempt you with a cocktail.
4271,0,0,19,19,1.0,0.05407380704358751,568,Let me get this straight. You blame liberalism?
4271,0,0,19,19,1.0,0.05407380704358751,568,"Oh, I get it! Houdini, but safer."
4271,0,0,19,19,1.0,0.05407380704358751,568,"Helping the less fortunate is a wonderful idea, but where would I possibly begin?"
4271,0,0,20,20,1.0,0.051298917604257706,568,I see you've been flying the friendly skies.
4271,0,0,20,20,1.0,0.051298917604257706,568,Your 'copper' door level sponsorships are also tax deductible.
4271,0,0,19,19,1.0,0.05407380704358751,568,If you're free later this evening some of our friends are going to an after-hours club that just opened.
4271,0,0,19,19,1.0,0.05407380704358751,568,The Don decided you'll be honeymooning with the fishes.
4271,0,0,19,19,1.0,0.05407380704358751,568,Are you ready for bucket wine challenge?
4271,0,0,19,19,1.0,0.05407380704358751,568,"OK, now enjoy some Ohio wine"
4271,0,0,19,19,1.0,0.05407380704358751,568,I hear cement overshoes are in fashion this year.
4271,0,0,19,19,1.0,0.05407380704358751,568,"So, I guess this is bon voyag"
4271,0,0,19,19,1.0,0.05407380704358751,568,"So, does this mean you can cross it off your bucket list?"
4271,0,0,19,19,1.0,0.05407380704358751,568,"as you now are very much aware, the dominant quality of our company is to be domineering"
4271,0,0,19,19,1.0,0.05407380704358751,568,Only the menu was supposed to be plant-based
4271,0,0,20,20,1.0,0.051298917604257706,568,It's a new party game where you get potted before you start drinking.
4271,0,0,19,19,1.0,0.05407380704358751,568,"You two will just LOVE our boat, ""Anchors Away!"""
4271,0,0,19,19,1.0,0.05407380704358751,568,who am i to kinkshame you
4271,0,0,19,19,1.0,0.05407380704358751,568,I get all tied up too when I think of this Merlot!
4271,0,0,19,19,1.0,0.05407380704358751,568,Trump-work is art-work. You got that?
4271,0,0,19,19,1.0,0.05407380704358751,568,It was a $3.00 bottle of chablis with red food-coloring
4271,0,0,20,20,1.0,0.051298917604257706,568,Sorry we're late but we've been tied up.
4271,0,0,19,19,1.0,0.05407380704358751,568,Thank you for your contributions to Mafia Awareness Week.
4271,0,0,19,19,1.0,0.05407380704358751,568,"We may have misunderstood when we were invited over to ""Tie one on"""
4271,0,0,19,19,1.0,0.05407380704358751,568,I see you are in a tight situation.
4271,0,0,19,19,1.0,0.05407380704358751,568,I told you not to mention the Twister incident!
4271,0,0,19,19,1.0,0.05407380704358751,568,"'Now, are we ready to P-A-R-T-Y?"""
4271,0,0,19,19,1.0,0.05407380704358751,568,I hear the view from the pier is to die for.
4271,0,0,19,19,1.0,0.05407380704358751,568,Hi! Nice party! I see you are tied up. Will come back later. tied up right now. Will come back later.
4271,0,0,19,19,1.0,0.05407380704358751,568,You must have brought the box of white zinfandel
4271,0,0,19,19,1.0,0.05407380704358751,568,No thanks. We are here to speak out for the downtrodden grapes
4271,0,0,23,23,1.0,0.044455422447438706,568,"You don't say. I'm working on my bucket list, too."
4271,0,0,19,19,1.0,0.05407380704358751,568,May I suggest Maison Panacea?
4271,0,0,20,20,1.0,0.051298917604257706,568,"Now, you WILL eat the worm in this mezcal!"
4271,0,0,20,20,1.0,0.051298917604257706,568,"I once thought introvert conversion therapy was wrong, but look at me now!"
4271,0,0,19,19,1.0,0.05407380704358751,568,I'll never understand modern art.
4271,0,0,19,19,1.0,0.05407380704358751,568,"Hansel, Gretel, mein Schätzchen, You fell for your old trick."
4271,0,0,19,19,1.0,0.05407380704358751,568,I agree ... our new incentive program is not for everyone.
4271,0,0,19,19,1.0,0.05407380704358751,568,Well can I have your wine?
4271,0,0,19,19,1.0,0.05407380704358751,568,I always thought that 'potted plants at the party' was a metaphor.
4271,0,0,19,19,1.0,0.05407380704358751,568,"When you said you'd be, 'more than tied up,' tonight I had no idea that would mean feet in cement!"
4271,0,0,19,19,1.0,0.05407380704358751,568,I see President Bush is moving on from painting.
4271,0,0,19,19,1.0,0.05407380704358751,568,It must be SO nice to have shared interests!
4271,0,0,19,19,1.0,0.05407380704358751,568,And how do you two know Jimmy the Enforcer?
4271,0,0,19,19,1.0,0.05407380704358751,568,New side gig to help pay for healthcare?
4271,0,0,19,19,1.0,0.05407380704358751,568,We're a smoke-free environment!
4271,0,0,19,19,1.0,0.05407380704358751,568,"Trumpcare has lowered my taxes to the point where I can drink Chateau Margaux everyday, how 'bout you?"
4271,0,0,19,19,1.0,0.05407380704358751,568,Your work is very captivating.
4271,0,0,19,19,1.0,0.05407380704358751,568,"So I've heard you two met on WitnessProtectionMingle.com, that's so cool."
4271,0,0,19,19,1.0,0.05407380704358751,568,Do I know you from somewhere?
4271,0,0,19,19,1.0,0.05407380704358751,568,Until you learn to stand there and listen to my rants about impeachment without walking away.
4271,0,0,19,19,1.0,0.05407380704358751,568,Those outfits are to die for.
4271,0,0,19,19,1.0,0.05407380704358751,568,It's a very promising startup.
4271,0,0,19,19,1.0,0.05407380704358751,568,This is not what I was expecting when you invited me over to help you tie the knot.
4271,0,0,19,19,1.0,0.05407380704358751,568,"So, which charity are you raising funds for?"
4271,0,0,19,19,1.0,0.05407380704358751,568,"All that is left is some red, can you share?"
4271,0,0,19,19,1.0,0.05407380704358751,568,Sipsky?
4271,0,0,19,19,1.0,0.05407380704358751,568,This should help you wine for mercy!
4271,0,0,19,19,1.0,0.05407380704358751,568,"Well ,well, well this still life of Jezebel and Don Juan is so fitting"
4271,0,0,19,19,1.0,0.05407380704358751,568,"Aha! Now, I see very clearly why you always leave the house, my ""dear"". Looks you got yourselves in a ""tight"" situation now!"
4271,0,0,20,20,1.0,0.051298917604257706,568,I think you're really going to like it here.
4271,0,0,19,19,1.0,0.05407380704358751,568,We really need to catch up. How long will you two be around?
4271,0,0,19,19,1.0,0.05407380704358751,568,The host said you dissed Trump.
4271,0,0,19,19,1.0,0.05407380704358751,568,I’ve never been to a Sicilian retirement “I’ve never been to a Sicilian retirement  “I’ve never been to a Sicilian retirement  party before.
4271,0,0,19,19,1.0,0.05407380704358751,568,Swimming with the fishes? How fabulous! Swimming with dolphins was a life changing experience for me!
4271,0,0,19,19,1.0,0.05407380704358751,568,No. This is not a costume party and you don't even know what a wall flower is.
4271,0,0,19,19,1.0,0.05407380704358751,568,I said you're too tied up to come to the phone.
4271,0,0,19,19,1.0,0.05407380704358751,568,We take a dim view of that here!
4271,0,0,20,20,1.0,0.051298917604257706,568,Congratulations -- I hear you two got hitched!
4271,0,0,19,19,1.0,0.05407380704358751,568,It's a masterpiece and it's called 'Rococco Fantasy' by Zen Master Bates.
4271,0,0,19,19,1.0,0.05407380704358751,568,Did you buy trip insurance?
4271,0,0,19,19,1.0,0.05407380704358751,568,"Wow, that's taking that Ice Bucket Challenge thing to a whole new level!"
4271,0,0,19,19,1.0,0.05407380704358751,568,And what charity are you raising money for tonight?
4271,0,0,19,19,1.0,0.05407380704358751,568,Feel like cuttin' loose?
4271,0,0,21,21,1.0,0.048795003647426664,568,We just want to be sure our new hires have grit.
4271,0,0,19,19,1.0,0.05407380704358751,568,Do you prefer the New Zealand Sauvignon Blanc or the Napa Valley Chardonnay?
4271,0,0,19,19,1.0,0.05407380704358751,568,Working so closely with your dad is really having an impact.
4271,0,0,19,19,1.0,0.05407380704358751,568,Goody! You're here! Hortense told me you've been in a bit of a rut. Wait right there while I get your drinks.
4271,0,0,19,19,1.0,0.05407380704358751,568,So you're moving to the Pine Barrens?
4271,0,0,19,19,1.0,0.05407380704358751,568,"No, I'm not saying that just because you're a captive audience."
4271,0,0,19,19,1.0,0.05407380704358751,568,"No but really, I'm tired of the single life."
4271,0,0,19,19,1.0,0.05407380704358751,568,The party invitation clearly stated BD-SM expected of newcomers.
4271,0,0,19,19,1.0,0.05407380704358751,568,"This is not about the dress code, but you will understand that your utterly uncynical comments about geopolitical affairs can't be tolerated at a fundraiser of this magnitude."
4271,0,0,20,20,1.0,0.051298917604257706,568,"Tell me, if it's that water or this alcoholic drink that is warmer?"
4271,0,0,19,19,1.0,0.05407380704358751,568,Frocks by Capone?
4271,0,0,19,19,1.0,0.05407380704358751,568,Did you think this was a swimming party?
4271,0,0,19,19,1.0,0.05407380704358751,568,So you really think we need a Neighborhood Watch group?
4271,0,0,19,19,1.0,0.05407380704358751,568,Why don't you both just hop over to the bar and get a drink?
4271,0,0,19,19,1.0,0.05407380704358751,568,We can't join you we're two tied up for the moment.
4271,0,0,19,19,1.0,0.05407380704358751,568,"Do you think I'm a bore? [""you"" in italics]"
4271,0,0,21,21,1.0,0.048795003647426664,568,"""Stomp faster, the guests have started to arrive""."
4271,0,0,19,19,1.0,0.05407380704358751,568,"I DON'T KNOW ABOUT YOU, BUT I FIND THESE PARTIES DULL."
4271,0,0,19,19,1.0,0.05407380704358751,568,I like it. Very 1789.
4271,0,0,21,21,1.0,0.048795003647426664,568,You're fortunate. No worries about the next Sandy.
4271,0,0,20,20,1.0,0.051298917604257706,568,"I'm so sorry, I told Winston to ice two buckets of champagne, not ice two Champagnes in buckets."
4271,0,0,19,19,1.0,0.05407380704358751,568,Congratulations on your wedding.
4271,0,0,19,19,1.0,0.05407380704358751,568,Have we landed yet?
4271,0,0,19,19,1.0,0.05407380704358751,568,I cannot promise that your mother won't find out about this...
4271,0,0,19,19,1.0,0.05407380704358751,568,You're bound to love this Merlot!
4271,0,0,19,19,1.0,0.05407380704358751,568,"I think they were supposed to drop you off the jetty, not at the Getty."
4271,0,0,19,19,1.0,0.05407380704358751,568,"""Toast to you, 'alcoholics.'"" Thiru, Riverdale, NY"
4271,0,0,19,19,1.0,0.05407380704358751,568,"Now, this next canto is inspired by his April 27, 2013 tweet about Tom Brokaw"
4271,0,0,20,20,1.0,0.051298917604257706,568,I'll never understand young people.
4271,0,0,19,19,1.0,0.05407380704358751,568,I hope you will enjoy our annual fundraiser.
4271,0,0,19,19,1.0,0.05407380704358751,568,You'll find the co-op board is less restrictive once you move in.
4271,0,0,19,19,1.0,0.05407380704358751,568,The knot tying and recycle baskets recognize that this is your second marriage! Cheers!
4271,0,0,19,19,1.0,0.05407380704358751,568,I can just tell that you two have a lot in common.
4271,0,0,19,19,1.0,0.05407380704358751,568,You won't be serving Zinfandel again any time soon.
4271,0,0,19,19,1.0,0.05407380704358751,568,Did you not like the wine?
4271,0,0,19,19,1.0,0.05407380704358751,568,You'e so kind to listen to all this.
4271,0,0,19,19,1.0,0.05407380704358751,568,We'd love to have a drink with you but we're restricted by our religious beliefs.
4271,0,0,19,19,1.0,0.05407380704358751,568,We will start the light show in five minutes
4271,0,0,19,19,1.0,0.05407380704358751,568,So which one of you idiots said the Boss's Chateau Lafite was skunked?
4271,0,0,19,19,1.0,0.05407380704358751,568,"Personally, I think the hand-made, small batch thing, overrated."
4271,0,0,19,19,1.0,0.05407380704358751,568,Great to see you. The Don said you might not make it.
4271,0,0,19,19,1.0,0.05407380704358751,568,I hear both of you are in recovery now?
4271,0,0,19,19,1.0,0.05407380704358751,568,What? You said come to the office prepared.
4271,0,0,19,19,1.0,0.05407380704358751,568,"Go on and kiss goodbye, na na na . na na, na na hey hey goodbye !!"
4271,0,0,19,19,1.0,0.05407380704358751,568,"So, which of the Five Families did you cross?"
4271,0,0,19,19,1.0,0.05407380704358751,568,Really? You dissed Robert Parker?
4271,0,0,19,19,1.0,0.05407380704358751,568,"So, I hear you have plans and won't be staying for dinner?"
4271,0,0,19,19,1.0,0.05407380704358751,568,"A salute to your health, with Trump Wine"
4271,0,0,19,19,1.0,0.05407380704358751,568,How long have you died in this neighborhood?
4271,0,0,19,19,1.0,0.05407380704358751,568,May I offer you an aperitif?
4271,0,0,19,19,1.0,0.05407380704358751,568,Drink to me only with thine eyes
4271,0,0,19,19,1.0,0.05407380704358751,568,So many lightweights here! It's nice to meet folks who want to get deep.
4271,0,0,19,19,1.0,0.05407380704358751,568,'Any last words?'
4271,0,0,20,20,1.0,0.051298917604257706,568,This Eddie the Enforcer's other works are displayed underwater? How out there.
4271,0,0,19,19,1.0,0.05407380704358751,568,"The next time you chug-a-lug one of the vintage wines I serve at my annual wine-tasting parties and ask for pretzels and a refill, it's going to be a lot worse!"
4271,0,0,19,19,1.0,0.05407380704358751,568,"Well, Dear Liza, there doesn't seem to be a hole in your bucket. Did you fix it, Dear Henry?"
4271,0,0,21,21,1.0,0.048795003647426664,568,"Personally I still feel like a transplant, but you two are bound to establish roots here"
4271,0,0,19,19,1.0,0.05407380704358751,568,"No, no, I live in the neighborhood of Sheepshead Bay, adjacent to the body of water where you two are dead."
4271,0,0,19,19,1.0,0.05407380704358751,568,hey bro
4271,0,0,20,20,1.0,0.051298917604257706,568,The family that abstains together stays together?
4271,0,0,19,19,1.0,0.05407380704358751,568,You'll get a closer look at those missing off-shore accounts.
4271,0,0,19,19,1.0,0.05407380704358751,568,When are you performing in LA?
4271,0,0,19,19,1.0,0.05407380704358751,568,Can I get you something?
4271,0,0,20,20,1.0,0.051298917604257706,568,Red or white?
4271,0,0,20,20,1.0,0.051298917604257706,568,The law says you have to hold it yourself.
4271,0,0,20,20,1.0,0.051298917604257706,568,You seem a bit tied up... Let me get you a drink.
4271,0,0,19,19,1.0,0.05407380704358751,568,You say you're a hoot en nanny?
4271,0,0,19,19,1.0,0.05407380704358751,568,Never too old for a good hazing.
4271,0,0,19,19,1.0,0.05407380704358751,568,"I'll need to see both of your IDs, please."
4271,0,0,19,19,1.0,0.05407380704358751,568,Installation #1: Journalists; Fake News Award
4271,0,0,19,19,1.0,0.05407380704358751,568,New to the witness protection program?
4271,0,0,19,19,1.0,0.05407380704358751,568,"Oh, please Stop overthinking. Quality, quantity--this is about the fast track to non-existent inhibitions."
4271,0,0,19,19,1.0,0.05407380704358751,568,We prefer our wine freshly pressed
4271,0,0,21,21,1.0,0.048795003647426664,568,"The magazine is calling it, ""Happiness."""
4271,0,0,19,19,1.0,0.05407380704358751,568,beautiful nose it goes down rather easily
4271,0,0,19,19,1.0,0.05407380704358751,568,This is an excellent chablis. It will go well with your fish dinner.
4271,0,0,19,19,1.0,0.05407380704358751,568,"Yes, it's a chianti. So what's your point?"
4271,0,0,19,19,1.0,0.05407380704358751,568,We're going to need those back to chill the wine.
4271,0,0,19,19,1.0,0.05407380704358751,568,"We've been a little tied up lately, you might even say ""in the bucket."""
4271,0,0,19,19,1.0,0.05407380704358751,568,Voting blindly is worse than no vote at all!
4271,0,0,20,20,1.0,0.051298917604257706,568,Didn't you know it's a cash bar?
4271,0,0,19,19,1.0,0.05407380704358751,568,"I 100% agree."" ""These fund raiser can make you feel like you're being held captive."
4271,0,0,21,21,1.0,0.048795003647426664,568,Uncanny. Ms. Abramovic said the same thing.
4271,0,0,19,19,1.0,0.05407380704358751,568,Not until you've seen my doll collection.
4271,0,0,19,19,1.0,0.05407380704358751,568,Trust me. Singing 'Down by the Riverside' will be good for both you and the goons.
4271,0,0,19,19,1.0,0.05407380704358751,568,Bozo's bucket bonanza.
4271,0,0,19,19,1.0,0.05407380704358751,568,I'm delighted you chose to stay for the time-share presentation.
4271,0,0,19,19,1.0,0.05407380704358751,568,"Ok, enough about how your 401-k is doing"
4271,0,0,19,19,1.0,0.05407380704358751,568,So glad to see you could make it even though you have been tied up all day at the office.
4271,0,0,20,20,1.0,0.051298917604257706,568,"Now might be the time to sell, before you both are underwater."
4271,0,0,19,19,1.0,0.05407380704358751,568,"You know, this champagne would taste much better it it were chilled."
4271,0,0,19,19,1.0,0.05407380704358751,568,Any chance you could take a selfie on the way to the bottom of the river?
4271,0,0,19,19,1.0,0.05407380704358751,568,"Yes, tonight’s Business After Hours theme is “Fifty Shades of Red”."
4271,0,0,19,19,1.0,0.05407380704358751,568,"I know! Last week, Uber took me to the wrong side of Lincoln Center."
4271,0,0,19,19,1.0,0.05407380704358751,568,Was this on your bucket list?
4271,0,0,19,19,1.0,0.05407380704358751,568,So...how do you know the Martinsons?
4271,0,0,19,19,1.0,0.05407380704358751,568,A Question: Why cannot you not print the caption that the cartoonist was considering along with the winning caption
4271,0,0,19,19,1.0,0.05407380704358751,568,I'll Take the Pair.
4271,0,0,21,21,1.0,0.048795003647426664,568,Is this the new 'party trick' in Washington?
4271,0,0,19,19,1.0,0.05407380704358751,568,There is a shop downtown that has matching Chicago overcoats.
4271,0,0,19,19,1.0,0.05407380704358751,568,Apparently it escaped you about the new executive order relative to dissidence.
4271,0,0,19,19,1.0,0.05407380704358751,568,"Oh, I see you are here to sample the new mixologist's latest concept, ""Unhappy Hour""."
4271,0,0,20,20,1.0,0.051298917604257706,568,"Ok,Ok, I ignored you. But I'm glad you didn't decide to be chopped liver."
4271,0,0,20,20,1.0,0.051298917604257706,568,"Seriously, you must try the shiraz."
4271,0,0,19,19,1.0,0.05407380704358751,568,Wikileaks publishes MRI of president's brain after 100 days
4271,0,0,19,19,1.0,0.05407380704358751,568,I hear you two were in hot water.
4271,0,0,19,19,1.0,0.05407380704358751,568,Relax. This is the Presidents\ Relax. This is the President's brand.
4271,0,0,19,19,1.0,0.05407380704358751,568,So Tracey Emin and Damien Hirst. We finally get to see your joint entry for the Turner Prize this year.
4271,0,0,19,19,1.0,0.05407380704358751,568,I really think this will make you grow as people
4271,0,0,19,19,1.0,0.05407380704358751,568,You should try the Zinfandel.
4271,0,0,21,21,1.0,0.048795003647426664,568,"I know, but when you mentioned that Sydney was into Stocks and Bonds, Wall Street came to mind."
4271,0,0,19,19,1.0,0.05407380704358751,568,Now that’s what I’d call a honeymoon cruise.
4271,0,0,20,20,1.0,0.051298917604257706,568,It just seems easier than buttonholing you.
4271,0,0,20,20,1.0,0.051298917604257706,568,"It's a crisp, clean chardonnay, perfect with deep sea fish."
4271,0,0,19,19,1.0,0.05407380704358751,568,"Well, that's certainly a new take on the Ice Bucket Challenge!"
4271,0,0,19,19,1.0,0.05407380704358751,568,"Tell me more about your book ""How To Keep Your Man."""
4271,0,0,20,20,1.0,0.051298917604257706,568,I must toast your tenaciousness!
4271,0,0,19,19,1.0,0.05407380704358751,568,Do I know you from somewhere? I feel like I know you from somewhere.
4271,0,0,19,19,1.0,0.05407380704358751,568,"You must tray this ""cab""when you get a chance!"
4271,0,0,19,19,1.0,0.05407380704358751,568,"So, how do you know the host?"
4271,0,0,20,20,1.0,0.051298917604257706,568,You're harshing my vibe.
4271,0,0,21,21,1.0,0.048795003647426664,568,"Yeah, I got nothin'."
4271,0,0,19,19,1.0,0.05407380704358751,568,So did the two of you piss off the Mob as a couple or did you meet at the bottom of the Hudson River?
4271,0,0,19,19,1.0,0.05407380704358751,568,"As the Don humorously put it, you'll be stomping grapes for our small-batch wines."
4271,0,0,19,19,1.0,0.05407380704358751,568,You might inadvertently mention that I served merlot.
4271,0,0,19,19,1.0,0.05407380704358751,568,Didn't you get the memo? Dress semi-formall.
4271,0,0,19,19,1.0,0.05407380704358751,568,Drowning your sorrows?
4271,0,0,19,19,1.0,0.05407380704358751,568,I like it. Coupling as Performance Art.
4271,0,0,19,19,1.0,0.05407380704358751,568,"If you'd like any hors d'oeuvres placed on your tongues, or drinks poured down your throats, just say so. Big Tony won't be free for your boat ride until 1AM."
4271,0,0,19,19,1.0,0.05407380704358751,568,Is there something in particular that you want me to feel guilty about?
4271,0,0,20,20,1.0,0.051298917604257706,568,"I see with both enjoy a deep, velvety start and a salty, lighter finish!"
4271,0,0,21,21,1.0,0.048795003647426664,568,So what do you do for a living?
4271,0,0,20,20,1.0,0.051298917604257706,568,"Sorry, we're out of wine glasses and house plants."
4271,0,0,19,19,1.0,0.05407380704358751,568,"You don't have to go overboard, it's just Merlot."
4271,0,0,19,19,1.0,0.05407380704358751,568,? +/- ? = ?
4271,0,0,19,19,1.0,0.05407380704358751,568,"Sorry, but when the Syndicate owns the cruise line, you don't complain about the shampoo."
4271,0,0,22,22,1.0,0.046524210519923545,568,Will you stay for the entire party?
4271,0,0,19,19,1.0,0.05407380704358751,568,You guys are the worst 'Simon says' players ever.
4271,0,0,19,19,1.0,0.05407380704358751,568,White or red?
4271,0,0,19,19,1.0,0.05407380704358751,568,"Ooo, cute top."
4271,0,0,19,19,1.0,0.05407380704358751,568,"Oh, I see you're engaged."
4271,0,0,19,19,1.0,0.05407380704358751,568,I sure hope that wine is biodynamic.
4271,0,0,19,19,1.0,0.05407380704358751,568,I'm guessing you and your wife are on step 5 of the scathing rehab.
4271,0,0,19,19,1.0,0.05407380704358751,568,We will now take you to the pier for the final initiation for the Magician's Club
4271,0,0,19,19,1.0,0.05407380704358751,568,So you were fished out of the East River?
4271,0,0,19,19,1.0,0.05407380704358751,568,It has a nutty flavor.
4271,0,0,19,19,1.0,0.05407380704358751,568,"It's a Mendoza region Malbec. The appearance is quite unfinished, it's very earthy - a hint of hemp and the body is very heavy."
4271,0,0,19,19,1.0,0.05407380704358751,568,The problem is we're serving fish and you brought a Merlot.
4271,0,0,20,20,1.0,0.051298917604257706,568,"Remember, you two: swirl, smell, stomp."
4271,0,0,19,19,1.0,0.05407380704358751,568,"you're bound to enjoy this ""cement mixer"""
4271,0,0,21,21,1.0,0.048795003647426664,568,Big Al always calls in his loans with a toast to free enterprise.
4271,0,0,19,19,1.0,0.05407380704358751,568,"This time of year, the other flowers would appreciate a few smiles"
4271,0,0,22,22,1.0,0.046524210519923545,568,I didn't know bondage was on your bucket list.
4271,0,0,19,19,1.0,0.05407380704358751,568,"Well, enough about my problems. How are you?"
4271,0,0,19,19,1.0,0.05407380704358751,568,There's still time to admit that our Zinfandel is superior to yours.
4271,0,0,19,19,1.0,0.05407380704358751,568,"So, you don't use tobacco, and you don't use alcohol, and you don't use your limbs, and you don't use . . ."
4271,0,0,19,19,1.0,0.05407380704358751,568,You Are Standing In The Spit Buckets !
4271,0,0,19,19,1.0,0.05407380704358751,568,You're not swingers? But I heard you slept with the Fisches...
4271,0,0,19,19,1.0,0.05407380704358751,568,You said to hit the ground running boss.
4271,0,0,19,19,1.0,0.05407380704358751,568,You seem to be taking this bucket list thing pretty seriously.
4271,0,0,19,19,1.0,0.05407380704358751,568,As your realtor - I would advise against the river front property.
4271,0,0,19,19,1.0,0.05407380704358751,568,Will you accept this Rosé? (Long After the Final Rose - swingers edition)
4271,0,0,19,19,1.0,0.05407380704358751,568,You will find this Pinot very captivating.
4271,0,0,19,19,1.0,0.05407380704358751,568,"Look, I had a bad morning, ok?"
4271,0,0,19,19,1.0,0.05407380704358751,568,"No, this is not the red cross life guard course, the flyer said you too can ""swim with the fishes"""
4271,0,0,20,20,1.0,0.051298917604257706,568,"I understand your concerns, but I just checked with the host and he insists you're performance art."
4271,0,0,19,19,1.0,0.05407380704358751,568,"The AG apologizes, but our meds have passed their expiration date."
4271,0,0,19,19,1.0,0.05407380704358751,568,Fishes? Is that even a word?
4271,0,0,19,19,1.0,0.05407380704358751,568,"Oh! my mistake. My text was meant to invite to dine with the Fisches but it auto corrected to ""swim with the fishes""... but anyway, glad you could make it."
4271,0,0,19,19,1.0,0.05407380704358751,568,I know you guys were all tied up so I'm glad you could make it!
4271,0,0,19,19,1.0,0.05407380704358751,568,Bad luck not getting the memo on bow ties and culottes.
4271,0,0,19,19,1.0,0.05407380704358751,568,"I thought it was ""life"" imitates art?"
4271,0,0,19,19,1.0,0.05407380704358751,568,"One dared to wear the same glasses and the other to have the same hairstyle, hah!"
4271,0,0,19,19,1.0,0.05407380704358751,568,"So, what has you two tied up in knots?"
4271,0,0,19,19,1.0,0.05407380704358751,568,"More wine, less whining."
4271,0,0,20,20,1.0,0.051298917604257706,568,Or do you prefer to stay with the pot?
4271,0,0,20,20,1.0,0.051298917604257706,568,"Relax, there is no need to kick the bucket."
4271,0,0,19,19,1.0,0.05407380704358751,568,This is what we do to new members in our Home Owner's Association to get use to what it's going to be like.
4271,0,0,19,19,1.0,0.05407380704358751,568,What are you doing after?
4271,0,0,19,19,1.0,0.05407380704358751,568,Maybe next time you'll try and make America great again.
4271,0,0,19,19,1.0,0.05407380704358751,568,"We knew we might be tied up, but it was on both our bucket lists."
4271,0,0,20,20,1.0,0.051298917604257706,568,"....so come to find out, the guy who owns this gallery is something like a 'loan shark' or some such nonsense. I love those catchy nicknames. So how do you two know Guido?"
4271,0,0,20,20,1.0,0.051298917604257706,568,"Helped stomp it or not, it's a limited vintage."
4271,0,0,19,19,1.0,0.05407380704358751,568,Compliments of Mr. Mankoff.
4271,0,0,19,19,1.0,0.05407380704358751,568,And who were you wearing?
4271,0,0,19,19,1.0,0.05407380704358751,568,"I said wine in our stomach, not tied in a bucket!"
4271,0,0,19,19,1.0,0.05407380704358751,568,"Scuba diving is so expensive, this is a better way to swim with the fishes."
4271,0,0,19,19,1.0,0.05407380704358751,568,You're being relegated from this social circuit.
4271,0,0,19,19,1.0,0.05407380704358751,568,I warned you!
4271,0,0,19,19,1.0,0.05407380704358751,568,Play it safe. Go with the white wine with fish.
4271,0,0,19,19,1.0,0.05407380704358751,568,Wine is fine as long as you drink plenty of water
4271,0,0,19,19,1.0,0.05407380704358751,568,Apparently Bob Mankoff's last laugh - no cartoon in need of a caption.
4271,0,0,20,20,1.0,0.051298917604257706,568,Wow... they're really tied down.
4271,0,0,19,19,1.0,0.05407380704358751,568,Are you really Bill Gates's children?
4271,0,0,19,19,1.0,0.05407380704358751,568,Cat got your tongue?
4271,0,0,19,19,1.0,0.05407380704358751,568,"I'm sorry you have to leave early, but I hope you'll come back soon."
4271,0,0,19,19,1.0,0.05407380704358751,568,"This is the last of it, so we'll all have to share."
4271,0,0,19,19,1.0,0.05407380704358751,568,"Are those outfits from Ivanka's ""Hot as ICE"" collection?"
4271,0,0,19,19,1.0,0.05407380704358751,568,"Your bucket list is certainly original, I'll give you that."
4271,0,0,19,19,1.0,0.05407380704358751,568,"Just sip, swirl and spit."
4271,0,0,21,21,1.0,0.048795003647426664,568,I'm afraid we found the merlot you brought to be offensive.
4271,0,0,19,19,1.0,0.05407380704358751,568,"We'll, bottoms down you two."
4271,0,0,19,19,1.0,0.05407380704358751,568,I miss Facebook petitions.
4271,0,0,24,24,1.0,0.04256282653793743,568,Your request to move the sacrifice ahead of Never Have I Ever has been declined.
4271,0,0,19,19,1.0,0.05407380704358751,568,"Well, maybe you'll sprout next season."
4271,0,0,19,19,1.0,0.05407380704358751,568,So I just got a divorce and it was a big weight lifted off of me. Now I've got no strings attached and I'm free as a bird. You know what I mean?
4271,0,0,19,19,1.0,0.05407380704358751,568,The New Colloquy Internees
4271,0,0,19,19,1.0,0.05407380704358751,568,What does your inner goddess say?
4271,0,0,19,19,1.0,0.05407380704358751,568,"2013 Chateau Margaux. Like you, pleasant, but not expected to age well."
4271,0,0,20,20,1.0,0.051298917604257706,568,Hi! I'm a mingler. You two make a cute couple.
4271,0,0,19,19,1.0,0.05407380704358751,568,New transplants?
4271,0,0,19,19,1.0,0.05407380704358751,568,I hear the mob has infiltrated the party.
4271,0,0,19,19,1.0,0.05407380704358751,568,remember to always bring a hostess gift.
4271,0,0,19,19,1.0,0.05407380704358751,568,"No, I ordered buckets FOR donors"
4271,0,0,19,19,1.0,0.05407380704358751,568,Too bad you will miss this evening's entertainment: Enchantment Under The Sea!
4271,0,0,19,19,1.0,0.05407380704358751,568,"When the moment is right, you can both be ready"
4271,0,0,19,19,1.0,0.05407380704358751,568,You should try the red wine--it is quite liberating
4271,0,0,19,19,1.0,0.05407380704358751,568,"Yada, yada yada yada. Yada yada yada, yada."
4271,0,0,20,20,1.0,0.051298917604257706,568,Chia pets have come so far.
4271,0,0,19,19,1.0,0.05407380704358751,568,His work is so... liberating.
4271,0,0,19,19,1.0,0.05407380704358751,568,One last round of orientation and you can join our Friday afternoon Happy Hour.
4271,0,0,21,21,1.0,0.048795003647426664,568,"So, you went to Brookline college, I did too."
4271,0,0,20,20,1.0,0.051298917604257706,568,Welcome to the White House Press Reception. You must be from The Huffington Post.
4271,0,0,19,19,1.0,0.05407380704358751,568,You agreeded to 95% purity with a hint of ruby red.
4271,0,0,19,19,1.0,0.05407380704358751,568,You could've just tried Alcoholics Anonymous
4271,0,0,20,20,1.0,0.051298917604257706,568,The last time I was at one of these things someone kept tapping me on the wrong shoulder.
4271,0,0,21,21,1.0,0.048795003647426664,568,"Given that President Trump could have averted the Civil War, he can certainly intercede with Don Giovanni on your behalf."
4271,0,0,19,19,1.0,0.05407380704358751,568,"It's a shame that things turned out this way, these seeds had so much potential."
4271,0,0,19,19,1.0,0.05407380704358751,568,Glad to see you! We thought that you'd gone into some witness protection thing.
4271,0,0,20,20,1.0,0.051298917604257706,568,So glad you could drop by before your trip.
4271,0,0,19,19,1.0,0.05407380704358751,568,Drink this or you will be put in the pool up to your chin.
4271,0,0,19,19,1.0,0.05407380704358751,568,You were always bound and determined to meet your match.
4271,0,0,19,19,1.0,0.05407380704358751,568,"No alcohol for a month? Wow, such restraint."
4271,0,0,20,20,1.0,0.051298917604257706,568,Why didn't you just tell me you had other plans?
4271,0,0,19,19,1.0,0.05407380704358751,568,What else is on your list?
4271,0,0,19,19,1.0,0.05407380704358751,568,"So, how do you know Tony?"
4271,0,0,19,19,1.0,0.05407380704358751,568,Hal! The dang internet is broken again!
4271,0,0,20,20,1.0,0.051298917604257706,568,Can I get you two kinky blue ocean cocktails?
4271,0,0,19,19,1.0,0.05407380704358751,568,Are you two going to the after-party?
4271,0,0,19,19,1.0,0.05407380704358751,568,"So, the payment for the performance piece will go to your estate?"
4271,0,0,19,19,1.0,0.05407380704358751,568,"So, I heard you two got a place in that new housing development!"
4271,0,0,19,19,1.0,0.05407380704358751,568,Would you like a couple of straws
4271,0,0,19,19,1.0,0.05407380704358751,568,So your mortgage refinancing went well?
4271,0,0,19,19,1.0,0.05407380704358751,568,You must have ordered the Rose'
4271,0,0,21,21,1.0,0.048795003647426664,568,Potted already?
4271,0,0,19,19,1.0,0.05407380704358751,568,Drye The driest available if you please
4271,0,0,19,19,1.0,0.05407380704358751,568,"Now, let's talk about your bucket list."
4271,0,0,19,19,1.0,0.05407380704358751,568,"Look, you'll be tied up here awhile - I'll just finish the Malbec myself."
4271,0,0,19,19,1.0,0.05407380704358751,568,A nice stiff drink should help unwind you.
4271,0,0,19,19,1.0,0.05407380704358751,568,We're on a cleanse.
4271,0,0,19,19,1.0,0.05407380704358751,568,"You know, this wouldn't have happened if you'd just ordered martinis: bacon-infused kombucha tinctures always get flagged. Damn hipsters."
4271,0,0,19,19,1.0,0.05407380704358751,568,Wine or waterboarding?
4271,0,0,19,19,1.0,0.05407380704358751,568,I remember when the Atkins Diet was all the rage.
4271,0,0,19,19,1.0,0.05407380704358751,568,The bottom of the lake option was too nice so we are going with the parent-mixer.
4271,0,0,19,19,1.0,0.05407380704358751,568,We're deconstructing the administrative state.
4271,0,0,19,19,1.0,0.05407380704358751,568,Thank you so much for coming and have a safe trip back to Connecticut.
4271,0,0,19,19,1.0,0.05407380704358751,568,"Yeah, it's two buck Chuck but it won't kill you."
4271,0,0,20,20,1.0,0.051298917604257706,568,We ran out of wine. You've been chosen to stomp for refills.
4271,0,0,19,19,1.0,0.05407380704358751,568,I brought the whine.
4271,0,0,19,19,1.0,0.05407380704358751,568,Help yourselves to a glass of wine. It is fabulous.
4271,0,0,19,19,1.0,0.05407380704358751,568,"I would just remind you, dear, that the Widow Houdini once said that the secret to her long life was that she did her thing and Harry did his thing."
4271,0,0,19,19,1.0,0.05407380704358751,568,Here's to a long life.
4271,0,0,19,19,1.0,0.05407380704358751,568,"It's daring, but it doesn't look finished."
4271,0,0,19,19,1.0,0.05407380704358751,568,You're going to die from that.
4271,0,0,19,19,1.0,0.05407380704358751,568,Bottoms Down
4271,0,0,19,19,1.0,0.05407380704358751,568,I never thought she hated Pinot Grigio that much.
4271,0,0,20,20,1.0,0.051298917604257706,568,Second prize was a totally paid marriage ceremony and honeymoon trip.
4271,0,0,19,19,1.0,0.05407380704358751,568,I'm not surprised savoring a vintage Châteauneuf-du-pape is last on your bucket list.
4271,0,0,19,19,1.0,0.05407380704358751,568,I see you have strong ties to the company.
4271,0,0,19,19,1.0,0.05407380704358751,568,Will you be staying for dinner?
4271,0,0,19,19,1.0,0.05407380704358751,568,Loved the dossier.
4271,0,0,19,19,1.0,0.05407380704358751,568,"Depressed with a social life, interesting. I liked a word with you when your free."
4271,0,0,19,19,1.0,0.05407380704358751,568,Did you receive a concrete invitation?
4271,0,0,19,19,1.0,0.05407380704358751,568,"So, what are you doing for a dying?"
4271,0,0,19,19,1.0,0.05407380704358751,568,It pairs nicely with hemp.
4271,0,0,19,19,1.0,0.05407380704358751,568,You'll have to share. This is the last glass of mal de mere
4271,0,0,19,19,1.0,0.05407380704358751,568,"Into the East River? Once-in-a-lifetime performance art, I'm sure..."
4271,0,0,20,20,1.0,0.051298917604257706,568,My Husband can be so protective
4271,0,0,19,19,1.0,0.05407380704358751,568,So 50 Shades of Grey really changed your life huh?
4271,0,0,19,19,1.0,0.05407380704358751,568,I'm still on my first glass but you guys look great together!
4271,0,0,19,19,1.0,0.05407380704358751,568,How inconsiderate of us. Has no one offered you a drink?
4271,0,0,19,19,1.0,0.05407380704358751,568,"So, ""Sleep with the Fishes"" - it's an art installation? Immersive theatre?"
4271,0,0,19,19,1.0,0.05407380704358751,568,...and this bold red is endorsed by the Houdini Foundation and the Quartermaster's Union
4271,0,0,20,20,1.0,0.051298917604257706,568,Forget the ties that bind. Be yourselves!
4271,0,0,19,19,1.0,0.05407380704358751,568,"I agree. It's an extreme form of hazing, but it's a very exclusive club."
4271,0,0,19,19,1.0,0.05407380704358751,568,May I p;our you a sip?
4271,0,0,19,19,1.0,0.05407380704358751,568,This millennial 'art' is really getting out of hand these days.
4271,0,0,20,20,1.0,0.051298917604257706,568,Benny said you'll never have to worry about kicking the bucket.
4271,0,0,19,19,1.0,0.05407380704358751,568,Well twist my arm!
4271,0,0,19,19,1.0,0.05407380704358751,568,Mr. Grey will see you now.
4271,0,0,19,19,1.0,0.05407380704358751,568,Welcome to the season finale of the 'Concrete Chef'.
4271,0,0,19,19,1.0,0.05407380704358751,568,It's all the rage in Paris
4271,0,0,19,19,1.0,0.05407380704358751,568,It's the new Bucket Challenge!
4271,0,0,19,19,1.0,0.05407380704358751,568,So it's a committed relationship.
4271,0,0,19,19,1.0,0.05407380704358751,568,And who's going to take care of your kids?
4271,0,0,19,19,1.0,0.05407380704358751,568,I guess I'm the only one that's noticed. Would you like to share my champagne?
4271,0,0,19,19,1.0,0.05407380704358751,568,Why wouldn't the New Yorker upload a photo for us to caption? That is the question.
4271,0,0,19,19,1.0,0.05407380704358751,568,I heard ICE discovered your undocumented alien status. What happens now?
4271,0,0,19,19,1.0,0.05407380704358751,568,So that what's up with my fourth grader now let me tell you about her younger brother who you are probably not surprised to learn is also in the gifted program.
4271,0,0,19,19,1.0,0.05407380704358751,568,"So, is this like the adult version of the get along shirt?"
4271,0,0,19,19,1.0,0.05407380704358751,568,Shaken?....or Stirred?
4271,0,0,19,19,1.0,0.05407380704358751,568,You are a dom blonde.
4271,0,0,20,20,1.0,0.051298917604257706,568,You're meant to put your heads in the buckets and bite an apple!
4271,0,0,19,19,1.0,0.05407380704358751,568,"Oh, don't be such a stick in the cement, have one before you go."
4271,0,0,19,19,1.0,0.05407380704358751,568,:Let's celebrate your graduating from college.
4271,0,0,19,19,1.0,0.05407380704358751,568,Are you the artists?
4271,0,0,19,19,1.0,0.05407380704358751,568,I'd offer you a drink but you won't die of thirst
4271,0,0,19,19,1.0,0.05407380704358751,568,You've been selected to host the International Burglar Association's annual dinner party
4271,0,0,19,19,1.0,0.05407380704358751,568,"All-in-all, you're still better off than those poor Georgetown graduates."
4271,0,0,19,19,1.0,0.05407380704358751,568,You're lucky the Family dropped you in here instead of off the pier.
4271,0,0,20,20,1.0,0.051298917604257706,568,"Before we throw you in, would you like some wine?"
4271,0,0,19,19,1.0,0.05407380704358751,568,I wonder what this art piece is supposed to represent
4271,0,0,19,19,1.0,0.05407380704358751,568,We believe our intern program has a certain je ne sais quoi.
4271,0,0,19,19,1.0,0.05407380704358751,568,"So, this isn't on either of your bucket lists?"
4271,0,0,21,21,1.0,0.048795003647426664,568,Would you like me to get you a Houdini?
4271,0,0,19,19,1.0,0.05407380704358751,568,Now for the last time; what did you think of my risotto?
4271,0,0,20,20,1.0,0.051298917604257706,568,I see that you've already been into the drink.
4271,0,0,21,21,1.0,0.048795003647426664,568,"My, how you have both grown since I last saw you"
4271,0,0,19,19,1.0,0.05407380704358751,568,Good news! Your drive will drop you off.
4271,0,0,19,19,1.0,0.05407380704358751,568,You knew I was a narcoleptic when you hired me.
4271,0,0,19,19,1.0,0.05407380704358751,568,"So, you two must be the Suggestion Box harbor cruise winners!"
4271,0,0,19,19,1.0,0.05407380704358751,568,"Emma Allen, please turn on the lights!"
4271,0,0,20,20,1.0,0.051298917604257706,568,Have you tried the Merlot?
4271,0,0,20,20,1.0,0.051298917604257706,568,"I'm a big fan of your work, except this one."
4271,0,0,19,19,1.0,0.05407380704358751,568,"My new anger management therapy, ""The Grapes of YOUR Wrath"", really works.  Just keep stomping!"
4271,0,0,19,19,1.0,0.05407380704358751,568,Have you tried going gluten-free?
4271,0,0,19,19,1.0,0.05407380704358751,568,You two look exactly like me before my divorce.
4271,0,0,19,19,1.0,0.05407380704358751,568,You knew that Mario asked you to bring appetizers
4271,0,0,19,19,1.0,0.05407380704358751,568,"So, what's on your bucket list?"
4271,0,0,19,19,1.0,0.05407380704358751,568,"If you don’t care for my hors d’ouvres, just say so."
4271,0,0,20,20,1.0,0.051298917604257706,568,We used to have to jump through hoops.
4271,0,0,20,20,1.0,0.051298917604257706,568,Care for another splash?
4271,0,0,19,19,1.0,0.05407380704358751,568,"Here you are! Medium bodied, steel-aged, with coarse tannins and a tight finish."
4271,0,0,19,19,1.0,0.05407380704358751,568,"Well dear, you should have thought about that before you brought the boxed wine tonight."
4271,0,0,19,19,1.0,0.05407380704358751,568,Next month's subscription box pairs a Rhône-style Syrah blend with a personalized flogging.
4271,0,0,20,20,1.0,0.051298917604257706,568,Your case could keep you tied up for life!
4271,0,0,19,19,1.0,0.05407380704358751,568,Let's just chill here for a minute while you explain how you met my Norman.
4271,0,0,19,19,1.0,0.05407380704358751,568,Modern art makes me feel so complicit
4271,0,0,19,19,1.0,0.05407380704358751,568,I'd offer a drink but it looks like you're all set!
4271,0,0,19,19,1.0,0.05407380704358751,568,"The invite said black tie, not black site."
4271,0,0,19,19,1.0,0.05407380704358751,568,"Okay, this will cool your feet while the cement cures."
4271,0,0,19,19,1.0,0.05407380704358751,568,So your boss made you come?
4271,0,0,19,19,1.0,0.05407380704358751,568,Here's to cementing our friendship.
4271,0,0,19,19,1.0,0.05407380704358751,568,It's a bit of an overreaction for taking too many hors d' oeuvres
4271,0,0,19,19,1.0,0.05407380704358751,568,"""Tonight we are oneach others bucket list""."
4271,0,0,19,19,1.0,0.05407380704358751,568,"What were you thinking, posting NO MORE DRINKING just as we were toasting?!"
4271,0,0,19,19,1.0,0.05407380704358751,568,"It may seem like hazing, but the Pinot Noir makes it all worthwhile."
4271,0,0,20,20,1.0,0.051298917604257706,568,I've never heard of the hostage in a bucket diet
4271,0,0,19,19,1.0,0.05407380704358751,568,"Well, fancy seeing you here, Roger. I thought you said your hands were tied tonight?"
4271,0,0,19,19,1.0,0.05407380704358751,568,There's a lovely couple of swamp-drainers I'd like you to meet!
4271,0,0,21,21,1.0,0.048795003647426664,568,So how did you two meet?
4271,0,0,19,19,1.0,0.05407380704358751,568,"I told you not to complain about the wine. I can't help it, she really Pinot Grigio."
4271,0,0,19,19,1.0,0.05407380704358751,568,I'd suggest skipping the wine and going for a very dry Martini.
4271,0,0,19,19,1.0,0.05407380704358751,568,I'm so happy you weren't too tied up to attend.
4271,0,0,19,19,1.0,0.05407380704358751,568,Bucket and rope - it's the new ball and chain.
4271,0,0,19,19,1.0,0.05407380704358751,568,You knew the penalty for a voting selfie!
4271,0,0,19,19,1.0,0.05407380704358751,568,"So, what do you think of my latest work? It's okay, you're free to give your real opinion. I can take it."
4271,0,0,20,20,1.0,0.051298917604257706,568,Donatello? Corleone.
4271,0,0,19,19,1.0,0.05407380704358751,568,This happens every time Bob retires.
4271,0,0,19,19,1.0,0.05407380704358751,568,Dave Remnick & Jane Meyer guests of honor at Fox News's 2017 inaugural ball.
4271,0,0,20,20,1.0,0.051298917604257706,568,Me pap!
4271,0,0,19,19,1.0,0.05407380704358751,568,"I'd offer you something to drink, but I can see you're already occupied..."
4271,0,0,19,19,1.0,0.05407380704358751,568,This Nirvana VR sucks!
4271,0,0,19,19,1.0,0.05407380704358751,568,Met reception.
4271,0,0,19,19,1.0,0.05407380704358751,568,"Yup, bondage bucket challenge."
4271,0,0,19,19,1.0,0.05407380704358751,568,My treat.
4271,0,0,19,19,1.0,0.05407380704358751,568,I'm sorry but it's the only way we can get people to drink the merlot these days.
4271,0,0,19,19,1.0,0.05407380704358751,568,On your mark ... get set ... GO!
4271,0,0,19,19,1.0,0.05407380704358751,568,Is this your glass or mine?
4271,0,0,19,19,1.0,0.05407380704358751,568,I had no idea the Donald would want your place this much.
4271,0,0,19,19,1.0,0.05407380704358751,568,"Well, it was nice meeting you, and thanks for sharing those lessons learned."
4271,0,0,19,19,1.0,0.05407380704358751,568,"Tell me again how much this ""Mob Snitching"" experience cost you?"
4271,0,0,19,19,1.0,0.05407380704358751,568,"The wine is ok, feels a little tight."
4271,0,0,19,19,1.0,0.05407380704358751,568,The cartoon does not show above. Only a small box. First time this has happened.
4271,0,0,19,19,1.0,0.05407380704358751,568,"We're doing the ALS challenge a little differently this year. You stay there until we hear the right number you are willing to give."""
4271,0,0,19,19,1.0,0.05407380704358751,568,"Personally, I prefer going away parties where destination is Zihuatanejo or someplace like that."
4271,0,0,19,19,1.0,0.05407380704358751,568,Suddenly they weren't so sure about the new spa treatment trend.
4271,0,0,22,22,1.0,0.046524210519923545,568,"Yes, despite the reminder of dress code tonight, it is optional."
4271,0,0,19,19,1.0,0.05407380704358751,568,And that's why marriage between a man and a woman is wrong! Anything else you'd like to say?
4271,0,0,20,20,1.0,0.051298917604257706,568,"So she caught you twerking again, huh?"
4271,0,0,19,19,1.0,0.05407380704358751,568,I can't see the cartoon!
4271,0,0,19,19,1.0,0.05407380704358751,568,Thank you for hopping in
4271,0,0,19,19,1.0,0.05407380704358751,568,And then I thought to myself... are they seriously cutting funding to the SPCA?!
4271,0,0,19,19,1.0,0.05407380704358751,568,How long has organized crime been into performance art?
4271,0,0,19,19,1.0,0.05407380704358751,568,Matching bucket lists. I'll go get a straw..
4271,0,0,20,20,1.0,0.051298917604257706,568,But I hear those waterfront views are to die for.
4271,0,0,19,19,1.0,0.05407380704358751,568,Don't just stand there like a couple of potted plants. Mingle!
4271,0,0,19,19,1.0,0.05407380704358751,568,You look a little like Otto Preminger!
4271,0,0,20,20,1.0,0.051298917604257706,568,Now watch ME tie one on.
4271,0,0,19,19,1.0,0.05407380704358751,568,I love it when couples wear matching outfits!
4271,0,0,19,19,1.0,0.05407380704358751,568,Does this diet allow me to offer you a sip of wine?
4271,0,0,19,19,1.0,0.05407380704358751,568,My doctor switched me to decaf.
4271,0,0,19,19,1.0,0.05407380704358751,568,"Yes, he did say having you to one of his cocktail parties was on his bucket list."
4271,0,0,19,19,1.0,0.05407380704358751,568,Now that I have your attention let me tell you about the benefits of owning a timeshare
4271,0,0,19,19,1.0,0.05407380704358751,568,We're calling this week's cartoon 'Blank Canvas' or 'Technical issue in rhapsody.'
4271,0,0,19,19,1.0,0.05407380704358751,568,At least you're in this together! I can barely get George to try a cooking class with me!
4271,0,0,19,19,1.0,0.05407380704358751,568,Don't worry. You're not hip but we won't tell the kids.
4271,0,0,19,19,1.0,0.05407380704358751,568,"These newfangled wine tastings aren't for me, Lois."
4271,0,0,20,20,1.0,0.051298917604257706,568,"I just wish I felt more free in my job, ya know?"
4271,0,0,19,19,1.0,0.05407380704358751,568,Can you hold this for a sec?
4271,0,0,20,20,1.0,0.051298917604257706,568,Have you been here long?
4271,0,0,19,19,1.0,0.05407380704358751,568,Who will have it? You get one complementary glass with every two last meals.
4271,0,0,19,19,1.0,0.05407380704358751,568,"Jeepers, this is my very first time ever meeting mob victims."
4271,0,0,19,19,1.0,0.05407380704358751,568,Are you here to see Luca Brasi?
4271,0,0,20,20,1.0,0.051298917604257706,568,Welcome to our Arbor Day party!
4271,0,0,19,19,1.0,0.05407380704358751,568,I wish we had as much in common as you two.
4271,0,0,19,19,1.0,0.05407380704358751,568,"That doesn't sound too bad, but do they ever let you empty the bucket?"
4271,0,0,19,19,1.0,0.05407380704358751,568,Come Come now...make up your mind.
4271,0,0,19,19,1.0,0.05407380704358751,568,Sorry the witness protection program didn't work out for you.
4271,0,0,20,20,1.0,0.051298917604257706,568,Social etiquette indicates we should offer you your favorite drink
4271,0,0,19,19,1.0,0.05407380704358751,568,Darlings! Where did you get those matching shoes? They're to die for.
4271,0,0,19,19,1.0,0.05407380704358751,568,You two look so good together.
4271,0,0,19,19,1.0,0.05407380704358751,568,"I recommend the ginger marguerites, but then, that's just me. Now my friend Cathy, oh you gotta meet her. She's a riot. So, where'd you say you're from?"
4271,0,0,19,19,1.0,0.05407380704358751,568,Taking the plunge?
4271,0,0,19,19,1.0,0.05407380704358751,568,I take it the two of you put this party on your bucket list.
4271,0,0,20,20,1.0,0.051298917604257706,568,I know you feel humiliated but non-profit donors really need freshly stomped grapes in order to feel like they're getting something for their money.
4271,0,0,19,19,1.0,0.05407380704358751,568,Ivanka will be so pleased that you tried them!
4271,0,0,19,19,1.0,0.05407380704358751,568,"When Mankoff was in charge, their actually were cartoons instead of blank boxes."
4271,0,0,19,19,1.0,0.05407380704358751,568,Mingling a bit more could make up for your arrival time.
4271,0,0,19,19,1.0,0.05407380704358751,568,Thank God For Air Entrained Concrete my friends!
4271,0,0,19,19,1.0,0.05407380704358751,568,You must be the party crashers.
4271,0,0,19,19,1.0,0.05407380704358751,568,"Try it, you'll like it. Guaranteed."
4271,0,0,19,19,1.0,0.05407380704358751,568,I regret to inform you that we are overbooked.
4271,0,0,21,21,1.0,0.048795003647426664,568,I guess you figured the ritual!
4271,0,0,20,20,1.0,0.051298917604257706,568,"""Welcome to Tinder's very first Bonding Party, so feel free to mix and match""."
4271,0,0,19,19,1.0,0.05407380704358751,568,"All I see is a blank white square with no drawing in it, so here is the caption: ""Looks like a polar bear in a snow storm eating vanilla ice cream."""
4271,0,0,19,19,1.0,0.05407380704358751,568,"Next Saturday, dinner, my place. Hope you're not tied up."
4271,0,0,19,19,1.0,0.05407380704358751,568,Are you wearing Arthur Erickson.
4271,0,0,19,19,1.0,0.05407380704358751,568,Starting your own winery is considered mutiny.
4271,0,0,19,19,1.0,0.05407380704358751,568,Let's keep the feet moving....we're running a little low.....
4271,0,0,20,20,1.0,0.051298917604257706,568,"If you hate parties, why throw them?"
4271,0,0,19,19,1.0,0.05407380704358751,568,Do you have children?
4271,0,0,19,19,1.0,0.05407380704358751,568,Can you help me with my bucket list?
4271,0,0,20,20,1.0,0.051298917604257706,568,So are you ready to report that this is the hugest crowd you've ever seen at a party?
4271,0,0,20,20,1.0,0.051298917604257706,568,"What others think is their problem...as for now, just think its our time to join hands and impose the latter."
4271,0,0,19,19,1.0,0.05407380704358751,568,The majority was always on your side.
4271,0,0,19,19,1.0,0.05407380704358751,568,"I have heard of blind dates, but not tied dates..."
4271,0,0,19,19,1.0,0.05407380704358751,568,Have a glass of red wine with heart-healthy flavonoids.
4271,0,0,19,19,1.0,0.05407380704358751,568,Just think of it like... the last potato sack race!
4271,0,0,19,19,1.0,0.05407380704358751,568,Since you refuse to talk I have no choice. You’ll have to drink the Merlot.
4271,0,0,19,19,1.0,0.05407380704358751,568,"Glad you could make it, so soon after your plane landed."
4271,0,0,19,19,1.0,0.05407380704358751,568,That's some Ti'punch!
4271,0,0,21,21,1.0,0.048795003647426664,568,"The new ""This is Pot...this is people on Pot"" campaign."
4271,0,0,19,19,1.0,0.05407380704358751,568,"Seriously, MyFitnessPal is much easier."
4271,0,0,19,19,1.0,0.05407380704358751,568,Did you lose a bet-or betray the mob?
4271,0,0,19,19,1.0,0.05407380704358751,568,So what are your olans?
4271,0,0,21,21,1.0,0.048795003647426664,568,You must be friends of Bill.
4271,0,0,19,19,1.0,0.05407380704358751,568,What kind of wine would you like to be served with?
4271,0,0,19,19,1.0,0.05407380704358751,568,"We don't take kindly to discussing ""Sea Level Rise"" at the yacht club happy hour."
4271,0,0,19,19,1.0,0.05407380704358751,568,Your initiation pales in comparison to mine.
4271,0,0,19,19,1.0,0.05407380704358751,568,My compliments. This Merlot is actually quite good.
4271,0,0,19,19,1.0,0.05407380704358751,568,"I HEAR YOUR GOING TO BE THE ""LIFE OF THE PARTY""."
4271,0,0,19,19,1.0,0.05407380704358751,568,Divorce? Death? Taxes? Don't get me started.
4271,0,0,19,19,1.0,0.05407380704358751,568,So this is what happens if you touch the paintings?
4271,0,0,19,19,1.0,0.05407380704358751,568,Are you sure you are philosophers?
4271,0,0,19,19,1.0,0.05407380704358751,568,"Oh, so that's why they call it an ice breaker."
4271,0,0,20,20,1.0,0.051298917604257706,568,Just grab it.
4271,0,0,19,19,1.0,0.05407380704358751,568,I think you were delivered to the wrong party.
4271,0,0,19,19,1.0,0.05407380704358751,568,I'm pretty sure we said it was a whiner tasting.
4271,0,0,19,19,1.0,0.05407380704358751,568,So glad you could drop b before you're offed.
4271,0,0,19,19,1.0,0.05407380704358751,568,I'm your Happy Hour Girl! So glad to meet you!
4271,0,0,19,19,1.0,0.05407380704358751,568,"As a corporate PR executive, I would be remiss if I didn't thank you for yielding your life's savings."
4271,0,0,19,19,1.0,0.05407380704358751,568,You're very brave to do this to raise money for our club.
4271,0,0,19,19,1.0,0.05407380704358751,568,A TGIF drink will help you relax
4271,0,0,19,19,1.0,0.05407380704358751,568,Holding your breath is only a matter of controlled focus...
4271,0,0,19,19,1.0,0.05407380704358751,568,Let me guess - you met the Don and he's still sensitive about his figure?
4271,0,0,19,19,1.0,0.05407380704358751,568,"""THIS WINE IS EXCELLENT WITH THE FISHES This wine pairs very well with the fishes. This wine pairs well with the fishes."
4271,0,0,19,19,1.0,0.05407380704358751,568,With a few more glasses of wine you wall flowers should bloom.
4271,0,0,19,19,1.0,0.05407380704358751,568,I also have trouble exiting conversations at parties.
4271,0,0,19,19,1.0,0.05407380704358751,568,I ADORE your cement overshoes.
4271,0,0,19,19,1.0,0.05407380704358751,568,"I can totally relate. Right out of college, I had this job that was just going nowhere . . . ."
4271,0,0,19,19,1.0,0.05407380704358751,568,"To be honest, I usually fear the undead."
4271,0,0,22,22,1.0,0.046524210519923545,568,I said no double-dipping!
4271,0,0,19,19,1.0,0.05407380704358751,568,"No, I snorkel, but anything deeper makes my ears hurt."
4271,0,0,19,19,1.0,0.05407380704358751,568,Poor Peter. Drawing a blank again!
4271,0,0,19,19,1.0,0.05407380704358751,568,I just want to add my congratulations to the whistleblowers of the year!
4271,0,0,20,20,1.0,0.051298917604257706,568,"Sorry, no bio-breaks, but you'll soon have all the Hudson water you can drink."
4271,0,0,19,19,1.0,0.05407380704358751,568,Here's a toast to your last party.
4271,0,0,19,19,1.0,0.05407380704358751,568,Been messing with the abstracts again?
4271,0,0,20,20,1.0,0.051298917604257706,568,"And so, kids, as you can see, student loan repayment is not gender biased. Nor is the punishment implemented when we catch you. We need those loans back to build ""the wall""."
4271,0,0,19,19,1.0,0.05407380704358751,568,Thank you for staying and supporting our efforts to save the honey bees.
4271,0,0,19,19,1.0,0.05407380704358751,568,Shouts and Murmurs tried to follow Emma to her new job but there were bound and trashed.
4271,0,0,19,19,1.0,0.05407380704358751,568,I heard about your upcoming cruise on the East River.
4271,0,0,19,19,1.0,0.05407380704358751,568,I love that mafioso look.
4271,0,0,19,19,1.0,0.05407380704358751,568,"no thanks, I don't want any of your wine."
4271,0,0,19,19,1.0,0.05407380704358751,568,They assured me I'd have a captive audience but I wasn't expecting this!
4271,0,0,19,19,1.0,0.05407380704358751,568,This chianti is captivating and goes well with fava beans.
4271,0,0,19,19,1.0,0.05407380704358751,568,Welcome to the White House Intern Program Pre-Enrollment Dinner.
4271,0,0,21,21,1.0,0.048795003647426664,568,Is this a joke?
4271,0,0,19,19,1.0,0.05407380704358751,568,At last Ted felt he earned the recognition from the other members of parliament.
4271,0,0,20,20,1.0,0.051298917604257706,568,You should have known not to discuss politics or religion.
4271,0,0,19,19,1.0,0.05407380704358751,568,"So, where did you two meet?"
4271,0,0,19,19,1.0,0.05407380704358751,568,"So, when do we get the apples?"
4271,0,0,19,19,1.0,0.05407380704358751,568,"I know the invitation said ""Bonds are cool,"" but this isn´t quite what was meant."
4271,0,0,19,19,1.0,0.05407380704358751,568,It's getting there. Perhaps a bit more toe...
4271,0,0,19,19,1.0,0.05407380704358751,568,How have things been since you transferred to the basement?
4271,0,0,19,19,1.0,0.05407380704358751,568,Back so soon? How was North Korea?
4271,0,0,19,19,1.0,0.05407380704358751,568,"Our members discuss books, not watch the cable news."
4271,0,0,19,19,1.0,0.05407380704358751,568,Now feel free to tell the world you've always found my parties a bind.
4271,0,0,19,19,1.0,0.05407380704358751,568,Where's the cartoon?
4271,0,0,19,19,1.0,0.05407380704358751,568,I see your point about the death panels.
4271,0,0,20,20,1.0,0.051298917604257706,568,Either of you want a drink?
4271,0,0,19,19,1.0,0.05407380704358751,568,Why on Earth did you take the Canoli?!
4271,0,0,19,19,1.0,0.05407380704358751,568,I'm just so impressed by your willpower.
4271,0,0,19,19,1.0,0.05407380704358751,568,"So, you're the ""We're Still With Her"" performance artists?"
4271,0,0,20,20,1.0,0.051298917604257706,568,"Well, I did suggest that you should immerse yourselves in wine culture..."
4271,0,0,19,19,1.0,0.05407380704358751,568,Here's a merlot you simply cannot refuse.
4271,0,0,19,19,1.0,0.05407380704358751,568,You are the cartoon.
4271,0,0,19,19,1.0,0.05407380704358751,568,It's something we saw David Blaine do.
4271,0,0,19,19,1.0,0.05407380704358751,568,It must have been embarrassing when you realized you both wore the same thing!
4271,0,0,19,19,1.0,0.05407380704358751,568,How'd you get roped into this?
4271,0,0,19,19,1.0,0.05407380704358751,568,So you'd rather discuss Ulysses with me than be tossed off the pier?
4271,0,0,19,19,1.0,0.05407380704358751,568,Can I offer you two a drink?
4271,0,0,19,19,1.0,0.05407380704358751,568,You thought they'd admit you to the Met gala dressed like that?
4271,0,0,20,20,1.0,0.051298917604257706,568,This one has a captivating nose
4271,0,0,19,19,1.0,0.05407380704358751,568,Just because you have no panties on doesn't require that you need the extra ropes around your knees.
4271,0,0,19,19,1.0,0.05407380704358751,568,We ignored Orson Welles and sold wine before its time.
4271,0,0,19,19,1.0,0.05407380704358751,568,My husband and I found communication more effective than letting the arguments fester.
4271,0,0,19,19,1.0,0.05407380704358751,568,"No, I don't want to tie one on."
4271,0,0,19,19,1.0,0.05407380704358751,568,"They say you don't need to see how sausage is made. Well, I now know, I don't need to see how the vino is made."
4271,0,0,19,19,1.0,0.05407380704358751,568,"These are some beautiful irises...ooh, and some lovely two-lips..."
4271,0,0,19,19,1.0,0.05407380704358751,568,I see you have been going to my marriage counselor!
4271,0,0,19,19,1.0,0.05407380704358751,568,When did you two tie the knot?
4271,0,0,19,19,1.0,0.05407380704358751,568,"One more time, ..., red or white?"
4271,0,0,19,19,1.0,0.05407380704358751,568,"Why of course, we'd love to make it to the bris, but we may still be tied up that day."
4271,0,0,19,19,1.0,0.05407380704358751,568,"Well, I for one believe budget cuts to the Federal Witness Protection Program ARE working."
4271,0,0,19,19,1.0,0.05407380704358751,568,"Why, neither of you is smug and grasping! How refreshing!"
4271,0,0,19,19,1.0,0.05407380704358751,568,What are you up in arms about?
4271,0,0,20,20,1.0,0.051298917604257706,568,Maybe next time you'll bring a Chateau Laffitte.
4271,0,0,19,19,1.0,0.05407380704358751,568,Looks like you're in some hot water there!
4271,0,0,19,19,1.0,0.05407380704358751,568,Are you the plant people?
4271,0,0,19,19,1.0,0.05407380704358751,568,"I see how you feel, but there's much more."
4271,0,0,19,19,1.0,0.05407380704358751,568,I thought this RowSay might help.
4271,0,0,19,19,1.0,0.05407380704358751,568,"""Please, make yourselves comfortable""!"
4271,0,0,19,19,1.0,0.05407380704358751,568,I'm really the fence about this whole ransomwear trend.
4271,0,0,19,19,1.0,0.05407380704358751,568,You know there are pills you can take for that.
4271,0,0,19,19,1.0,0.05407380704358751,568,So glad you finally made it ...
4271,0,0,20,20,1.0,0.051298917604257706,568,Got cold feet?
4271,0,0,19,19,1.0,0.05407380704358751,568,"We haven't met, buy why don't you guys come by my place for some post-party fun after this party breaks up?"
4271,0,0,19,19,1.0,0.05407380704358751,568,What do those cannibals know from empathy?
4271,0,0,19,19,1.0,0.05407380704358751,568,Are you sure you won't have a glass of wine? It'll take at least 20 minutes for the cement to set....
4271,0,0,19,19,1.0,0.05407380704358751,568,Kudos for doing whatever it takes to abstain.
4271,0,0,19,19,1.0,0.05407380704358751,568,The captain says there are fewer shark in this deep part of the ocean.
4271,0,0,20,20,1.0,0.051298917604257706,568,"So, you thought you were gonna get off easy?"
4271,0,0,19,19,1.0,0.05407380704358751,568,The last couple who played this role made quite a splash.
4271,0,0,19,19,1.0,0.05407380704358751,568,You shouldn't let your marriage tie you down
4271,0,0,19,19,1.0,0.05407380704358751,568,I see you are raring to go for the after party. See you soon.
4271,0,0,19,19,1.0,0.05407380704358751,568,We don't see many people from Los Angeles around here.
4271,0,0,19,19,1.0,0.05407380704358751,568,"We're in charge now, and you losers are gonna learn what white-collar crime is all about. Welcome to the bigs!"
4271,0,0,19,19,1.0,0.05407380704358751,568,"I've often heard that working on that bucket list can cause a bit of strife- But it looks like you two have taken it to another level, beyond a reasonable phase of life."
4271,0,0,19,19,1.0,0.05407380704358751,568,You look all tied up in knots and stuck. Want a sip? I think you might need it more than I do.
4271,0,0,19,19,1.0,0.05407380704358751,568,"Dad, we don't actually need to go into the office!"
4271,0,0,19,19,1.0,0.05407380704358751,568,"Mai Tai, Anyone?"
4271,0,0,19,19,1.0,0.05407380704358751,568,"I call this piece, 'Houdini Unbound?'"
4271,0,0,19,19,1.0,0.05407380704358751,568,Compatibility is not the goal but an outcome.
4271,0,0,19,19,1.0,0.05407380704358751,568,Is that 100% organic and sustainable hemp rope?
4271,0,0,19,19,1.0,0.05407380704358751,568,"So, what did you guys think of the new Kendrick Lamar album? Did you get a chance to listen to it? I mean, obviously I loved it. LOVED. IT. I play it all the time. He's my favorite, and I really want to impress on you that that's the case."
4271,0,0,19,19,1.0,0.05407380704358751,568,Small talk Susan strikes again
4271,0,0,19,19,1.0,0.05407380704358751,568,Last chance. Is this merlot or pinot noir?
4271,0,0,19,19,1.0,0.05407380704358751,568,I'm trying to disrupt the home invasion industry
4271,0,0,19,19,1.0,0.05407380704358751,568,"Well, you know what they say about what happens in Vegas."
4271,0,0,19,19,1.0,0.05407380704358751,568,Do you have any other available human plants?
4271,0,0,19,19,1.0,0.05407380704358751,568,"Very interesting! And, did they happen to mention what brand of concrete they were using?"
4271,0,0,19,19,1.0,0.05407380704358751,568,Whine Bucket
4271,0,0,19,19,1.0,0.05407380704358751,568,Doing anything special after the party?
4271,0,0,19,19,1.0,0.05407380704358751,568,Fat Tony decided he's a performance artist now. So he invited us all over to watch you two snitches get dumped into the East River.
4271,0,0,20,20,1.0,0.051298917604257706,568,"So, how are those driverless car lessons going?"
4271,0,0,19,19,1.0,0.05407380704358751,568,How does that make you feel?
4271,0,0,19,19,1.0,0.05407380704358751,568,Remember I told you there would be a 60 day time period to see if you could carry your weight?
4271,0,0,19,19,1.0,0.05407380704358751,568,Going away parties are so bittersweet.
4271,0,0,19,19,1.0,0.05407380704358751,568,Do your children know where you are?
4271,0,0,19,19,1.0,0.05407380704358751,568,You are bound to grow out of it.
4271,0,0,19,19,1.0,0.05407380704358751,568,You are all in a knot about getting your feet wet
4271,0,0,19,19,1.0,0.05407380704358751,568,"Our Sommelier Veto, although offended by your review of his favorite red, has decided to be benevolent none the less, East river or the Hudson river?"
4271,0,0,19,19,1.0,0.05407380704358751,568,"I hope you like the matching buckets... they were not easy to find, you know?!"
4271,0,0,19,19,1.0,0.05407380704358751,568,Cheers to who kicks the bucket first!
4271,0,0,19,19,1.0,0.05407380704358751,568,Your works about the Hudson were just devine.
4271,0,0,19,19,1.0,0.05407380704358751,568,So you're both crime fiction writers?
4271,0,0,19,19,1.0,0.05407380704358751,568,"As the Concierge here at S&M Hotel, I'm asking visitors to sample a new Bondage Red."
4271,0,0,19,19,1.0,0.05407380704358751,568,Am I snow-blind or merely dead?
4271,0,0,19,19,1.0,0.05407380704358751,568,"I'm testing the ""Non-Voluntary Simplicity"" concept to reduce carbon footprints."
4271,0,0,19,19,1.0,0.05407380704358751,568,I am sure you will agree that it is better for the environment.
4271,0,0,19,19,1.0,0.05407380704358751,568,You should know better to give MR> COPPOLA'S wine a bad rating!
4271,0,0,19,19,1.0,0.05407380704358751,568,"There is no such thing as the ""Mafia."""
4271,0,0,19,19,1.0,0.05407380704358751,568,What does none of it mean?
4271,0,0,19,19,1.0,0.05407380704358751,568,What else dud you give up for Lent ?
4271,0,0,19,19,1.0,0.05407380704358751,568,So when did you first realize you needed to be in the Witness Protection Program?
4271,0,0,19,19,1.0,0.05407380704358751,568,Would you be willing to take a short cement survey?
4271,0,0,19,19,1.0,0.05407380704358751,568,The large fellow standing on the boat at the end of the dock--is he your ride?
4271,0,0,20,20,1.0,0.051298917604257706,568,So glad you could make it.
4271,0,0,19,19,1.0,0.05407380704358751,568,"My Dears, you look like you were made for each other."
4271,0,0,19,19,1.0,0.05407380704358751,568,Welcome to Samantha's christening party. Her godfather is a bit confused about his role.
4271,0,0,19,19,1.0,0.05407380704358751,568,You seem to be taking this Hudson River cruise quite seriously
4271,0,0,19,19,1.0,0.05407380704358751,568,Mr. and Mrs. Fredo? Now why does that ring a bell?
4271,0,0,19,19,1.0,0.05407380704358751,568,And then the murders began.
4271,0,0,19,19,1.0,0.05407380704358751,568,"I've heard that you're a very disciplined couple, but really had no idea what to expect..."
4271,0,0,19,19,1.0,0.05407380704358751,568,"Admit Hilary lied,and you can join the Party,comrades!"
4271,0,0,20,20,1.0,0.051298917604257706,568,"So, any regrets about moving to the city?"
4271,0,0,19,19,1.0,0.05407380704358751,568,Really? Free shipping with Zappos?
4271,0,0,19,19,1.0,0.05407380704358751,568,Okay. It's not that bad being Republican.
4271,0,0,21,21,1.0,0.048795003647426664,568,A call this piece My Wrath.
4271,0,0,19,19,1.0,0.05407380704358751,568,"In Phase 2 of it's PR campaign, Langley is now calling enhanced interrogation techniques ""small talk."""
4271,0,0,19,19,1.0,0.05407380704358751,568,You both violated your corporate NDAs in your wedding vows? Nice.
4271,0,0,19,19,1.0,0.05407380704358751,568,"Really? ... ""My parties are a fate worse than death.""  Rocco was always such a jerk!"
4271,0,0,19,19,1.0,0.05407380704358751,568,Do we have a third choice?
4271,0,0,19,19,1.0,0.05407380704358751,568,Mr. Kuper hopes you can free yourself and thinks some wine might help.
4271,0,0,20,20,1.0,0.051298917604257706,568,It's the 100th cartoon and everyone thinks it's fantastic.
4271,0,0,19,19,1.0,0.05407380704358751,568,"There are no victims, only volunteers."
4271,0,0,19,19,1.0,0.05407380704358751,568,Let's add this nice Malbec to your bucket list.
4271,0,0,20,20,1.0,0.051298917604257706,568,This must be your first Mafia party.
4271,0,0,19,19,1.0,0.05407380704358751,568,Oh ? My husband just left for there on a business trip
4271,0,0,19,19,1.0,0.05407380704358751,568,You've got to put your foot down or he'll walk all over you.
4271,0,0,19,19,1.0,0.05407380704358751,568,Execution by alcohol poisoning
4271,0,0,19,19,1.0,0.05407380704358751,568,You must be on the 13-step program.
4271,0,0,19,19,1.0,0.05407380704358751,568,Thanks for signing up for the Gowanus Canal art tour. We promise you a truly immersive experience.
4271,0,0,19,19,1.0,0.05407380704358751,568,SO..... How are we gonna fuck in these ropes?
4271,0,0,19,19,1.0,0.05407380704358751,568,Fu*draiser Or No strings attached you say...
4271,0,0,19,19,1.0,0.05407380704358751,568,"""OK Dorothy and Scarecrow 99 Problems and a ___ ain't one! Let's hear your alibi when the flying monkeys come."
4271,0,0,19,19,1.0,0.05407380704358751,568,Imagine what would have happened if you brought goat cheese along with last year's Beaujolais Nouveau...
4271,0,0,21,21,1.0,0.048795003647426664,568,"Next time, you'll remember to RSVP."
4271,0,0,19,19,1.0,0.05407380704358751,568,We don't get out very often.
4271,0,0,19,19,1.0,0.05407380704358751,568,"So, marriage was on your bucket list, and you tied the knot."
4271,0,0,19,19,1.0,0.05407380704358751,568,"For the last time, we are not a performance art exhibit! Now untie us!"
4271,0,0,19,19,1.0,0.05407380704358751,568,The boss said that if you came to this party...you'd be fit to be tied!
4271,0,0,19,19,1.0,0.05407380704358751,568,"""Is this part of your new diet""?"
4271,0,0,19,19,1.0,0.05407380704358751,568,We are former pick pock artists that are now allowed to attend parties like this.
4271,0,0,20,20,1.0,0.051298917604257706,568,"Now don't you move, there's someone you must meet."
4271,0,0,19,19,1.0,0.05407380704358751,568,Bottoms up
4271,0,0,19,19,1.0,0.05407380704358751,568,Good news: No shots here.
4271,0,0,19,19,1.0,0.05407380704358751,568,It's worth the weight.
4271,0,0,19,19,1.0,0.05407380704358751,568,Didn't you agree to host a victory party?
4271,0,0,19,19,1.0,0.05407380704358751,568,Liars Club said the implants sunk you.
4271,0,0,19,19,1.0,0.05407380704358751,568,"Tell me, do you prefer the neighborhood feel of the West Side, or the lively East Side atmosphere - for the river dump, of course?"
4271,0,0,19,19,1.0,0.05407380704358751,568,Unfortunately your still burning..
4271,0,0,19,19,1.0,0.05407380704358751,568,So sorry - you're preorder was biscuits and fondue - we heard buckets and bondage
4271,0,0,19,19,1.0,0.05407380704358751,568,I'm so happy for you. Your marriage therapy is a real Win/Win!
4271,0,0,20,20,1.0,0.051298917604257706,568,I can't think of a caption for this week's cartoon. My mind's a complete blank.
4271,0,0,19,19,1.0,0.05407380704358751,568,Too much tannin.
4271,0,0,19,19,1.0,0.05407380704358751,568,You should have said you like baseball.
4271,0,0,19,19,1.0,0.05407380704358751,568,You'll have to wait an hour before going in the water.
4271,0,0,19,19,1.0,0.05407380704358751,568,Johnson's parents let him synergize past 10pm on a business night!
4271,0,0,19,19,1.0,0.05407380704358751,568,It's so nice of you to drop in.
4271,0,0,19,19,1.0,0.05407380704358751,568,This is your final chance to win the Houdini-Pinot challenge.
4271,0,0,19,19,1.0,0.05407380704358751,568,I got nothin
4271,0,0,19,19,1.0,0.05407380704358751,568,Luca thinks it's good to get to know people outside the work setting.
4271,0,0,19,19,1.0,0.05407380704358751,568,How was your flight?
4271,0,0,20,20,1.0,0.051298917604257706,568,Congratulations. Great show.
4271,0,0,19,19,1.0,0.05407380704358751,568,I will never understand the triple rope for women.
4271,0,0,19,19,1.0,0.05407380704358751,568,And now I'm going to give you each a little squeeze down there.
4271,0,0,19,19,1.0,0.05407380704358751,568,Wake me 38 seconds before the meeting.
4271,0,0,19,19,1.0,0.05407380704358751,568,I'm so happy you guys decided to tie the knot.
4271,0,0,20,20,1.0,0.051298917604257706,568,"I don't need a big office Mr. Murphy, just give me a hole in the wall."
4271,0,0,19,19,1.0,0.05407380704358751,568,"""Early to bed early to rise"" doesn't cut it anymore."
4271,0,0,19,19,1.0,0.05407380704358751,568,I'm glad you cemented your relationship but do you have to tie the knot.
4271,0,0,19,19,1.0,0.05407380704358751,568,"Wow, AA is really getting strict on their cocktail party policies, aren't they?"
4271,0,0,19,19,1.0,0.05407380704358751,568,Hmmm...looks like a pre-existing condition to me. You're gonna need this.
4271,0,0,19,19,1.0,0.05407380704358751,568,Welcome to my pool party!
4271,0,0,19,19,1.0,0.05407380704358751,568,Do you really think that people who have preexisting conditions should be insurable?
4271,0,0,19,19,1.0,0.05407380704358751,568,What an exquisite piece.
4271,0,0,19,19,1.0,0.05407380704358751,568,"Hey, I wasn't expecting to see you guys here tonight!"
4271,0,0,19,19,1.0,0.05407380704358751,568,It's on our bucket list.
4271,0,0,19,19,1.0,0.05407380704358751,568,We were a bit disappointed in your review of our new wine.
4271,0,0,19,19,1.0,0.05407380704358751,568,It must be really blowing out there.
4271,0,0,20,20,1.0,0.051298917604257706,568,"We don't mind swimming with the fish's, but does it have to be the East River?"
4271,0,0,20,20,1.0,0.051298917604257706,568,So what are you two dressed up as?
4271,0,0,19,19,1.0,0.05407380704358751,568,"No whining, your doing grape!"
4271,0,0,19,19,1.0,0.05407380704358751,568,Well... Do you have any final words of small talk?
4271,0,0,19,19,1.0,0.05407380704358751,568,Numbers 6: 1-21?
4271,0,0,20,20,1.0,0.051298917604257706,568,My briefs are on your desk.
4271,0,0,19,19,1.0,0.05407380704358751,568,"You see, the host is self-conscious you won't like his brain ring."
4271,0,0,19,19,1.0,0.05407380704358751,568,Believe me URine for a big surprise !
4271,0,0,20,20,1.0,0.051298917604257706,568,"With this new therapy, you will interact with the guests, or some Mafia thing."
4271,0,0,19,19,1.0,0.05407380704358751,568,"Actually, seeing you two in this predicament was on my bucket list."
4271,0,0,19,19,1.0,0.05407380704358751,568,"Well, don't blame me for the Teamsters' strike!"
4271,0,0,19,19,1.0,0.05407380704358751,568,About time tortured artists got into the self-portrait movement.
4271,0,0,19,19,1.0,0.05407380704358751,568,We're protesting because some guy painted us in front of a farmhouse without our consent
4271,0,0,20,20,1.0,0.051298917604257706,568,"Oh, I know. I STAY tied up and it does tend to get one in hot water, doesn't it?"
4271,0,0,19,19,1.0,0.05407380704358751,568,How long have you worked at the EPA?
4271,0,0,19,19,1.0,0.05407380704358751,568,So how did the employee reviews go?
4271,0,0,19,19,1.0,0.05407380704358751,568,Okay I get it you two are tying one on.
4271,0,0,19,19,1.0,0.05407380704358751,568,My husband never takes me swimming.
4271,0,0,19,19,1.0,0.05407380704358751,568,Isn't this a great party? Let me tell you how Donald J. Trump is going to make America great again.
4271,0,0,19,19,1.0,0.05407380704358751,568,We'll drop you off right after happy hour.
4271,0,0,19,19,1.0,0.05407380704358751,568,Never order white wine with roast beef!
4271,0,0,19,19,1.0,0.05407380704358751,568,I guess compost isn't much of an issue for you.
4271,0,0,19,19,1.0,0.05407380704358751,568,These art shows turn into such mob scenes-love your cement shoes-try some Merlot-its less restrictive than the Gamay.
4271,0,0,19,19,1.0,0.05407380704358751,568,I'm so glad you made time to join us.
4271,0,0,19,19,1.0,0.05407380704358751,568,This wine tastes like vinegar.
4271,0,0,19,19,1.0,0.05407380704358751,568,I see you're having a Double Houdini.
4271,0,0,19,19,1.0,0.05407380704358751,568,We tied you up because we have no idea how this drink will effect you
4271,0,0,19,19,1.0,0.05407380704358751,568,You two really need to learn to relax.
4271,0,0,19,19,1.0,0.05407380704358751,568,No place like standing in a bucket.
4271,0,0,22,22,1.0,0.046524210519923545,568,"We would choose a glass over a bucket every day , but our hands are tied..."
4271,0,0,19,19,1.0,0.05407380704358751,568,"So, you got caught by the fashion police?"
4271,0,0,19,19,1.0,0.05407380704358751,568,In what way do you feel it was a rush to judgment?
4271,0,0,19,19,1.0,0.05407380704358751,568,It's a 1982 Chateau Mouton-Rothschild. Would you like me to add a little to your cement?
4271,0,0,20,20,1.0,0.051298917604257706,568,"This is a uniquely delicious vintage. The first one who talks, gets this glass of wine."
4271,0,0,19,19,1.0,0.05407380704358751,568,Who ever has anosmia is in the river.
4271,0,0,19,19,1.0,0.05407380704358751,568,There's no overtime. You are management.
4271,0,0,19,19,1.0,0.05407380704358751,568,I assume this is the last item on your bucket list?
4271,0,0,19,19,1.0,0.05407380704358751,568,"Oh, I didn't vote for her, I voted for him!"
4271,0,0,20,20,1.0,0.051298917604257706,568,I'm so glad you could stop be before your next engagement.
4271,0,0,20,20,1.0,0.051298917604257706,568,Who's ready for party games?
4271,0,0,19,19,1.0,0.05407380704358751,568,Stomping grapes is the welcome ritual in our club. This way we do not run out of wine.
4271,0,0,19,19,1.0,0.05407380704358751,568,I see you two took the Met's new Mafia tour.
4271,0,0,20,20,1.0,0.051298917604257706,568,"Why yes, she makes an outstanding 'Death in the Afternoon"" with her own absinthe. You're familiar with the health hazards?"
4271,0,0,19,19,1.0,0.05407380704358751,568,So nice of you to let us drop you in.
4271,0,0,19,19,1.0,0.05407380704358751,568,So you thought I said I wanted some 'hosts.'
4271,0,0,19,19,1.0,0.05407380704358751,568,Let's just say you've uttered your last bon mot.
4271,0,0,19,19,1.0,0.05407380704358751,568,"A.A. was the REASONABLE solution; but, nooooooooooo, you'd rather drink like a fish."
4271,0,0,19,19,1.0,0.05407380704358751,568,Welcome to 'Speed Dating' in Sweden.
4271,0,0,19,19,1.0,0.05407380704358751,568,would it help if I got you a straw?
4271,0,0,19,19,1.0,0.05407380704358751,568,Nice to see you! You said you were tied up with planting.
4271,0,0,20,20,1.0,0.051298917604257706,568,"Tell me, why do you have more ropes than he does? And why is his bucket bigger?"
4271,0,0,19,19,1.0,0.05407380704358751,568,"welcome to our ""come as you are"" party."
4271,0,0,22,22,1.0,0.046524210519923545,568,My wifi was down
4271,0,0,19,19,1.0,0.05407380704358751,568,I've never seen an escape artist.
4271,0,0,19,19,1.0,0.05407380704358751,568,Who would like some pink - black champagne wine?
4271,0,0,19,19,1.0,0.05407380704358751,568,Now you know why it's called a mai tai.
4271,0,0,19,19,1.0,0.05407380704358751,568,Would you like a refill?
4271,0,0,19,19,1.0,0.05407380704358751,568,We're sorry -- the cauldron is still occupied. But you're next!
4271,0,0,19,19,1.0,0.05407380704358751,568,"It's more honest than saying ""I do""."
4271,0,0,19,19,1.0,0.05407380704358751,568,"I heard you were kinda tied up, but I'm glad you made it anyway."
4271,0,0,19,19,1.0,0.05407380704358751,568,"""Nudists for Trump"" Rally"
4271,0,0,19,19,1.0,0.05407380704358751,568,We're all out of red. Is white okay?
4271,0,0,19,19,1.0,0.05407380704358751,568,"Trust me, I am a lawyer. There is no law against diving while drunk"""
4271,0,0,23,23,1.0,0.044455422447438706,568,Looks like we'll be having a white Christmas.
4271,0,0,19,19,1.0,0.05407380704358751,568,"And then I said John, if we're both leaving the adminstration why not have a joint party... So here we are."
4271,0,0,19,19,1.0,0.05407380704358751,568,More wine?
4271,0,0,19,19,1.0,0.05407380704358751,568,I used to be tied down to my bucket list too - now I simply have a bucket list of things I never want to do.
4271,0,0,19,19,1.0,0.05407380704358751,568,"Yeah, that Pepsi ad was really horrible."
4271,0,0,19,19,1.0,0.05407380704358751,568,So you're the ones who brought Two-Buck Chuck?
4271,0,0,19,19,1.0,0.05407380704358751,568,Your performance art was very impressive until I noticed the bucket water was warm and full of epsom salts.
4271,0,0,20,20,1.0,0.051298917604257706,568,Is this what you call a safe space?
4271,0,0,21,21,1.0,0.048795003647426664,568,"You don't get out much, do you?"
4271,0,0,20,20,1.0,0.051298917604257706,568,"The committee chair took your rhetorical question seriously, decided you did look like potted plants, and so ordered...."
4271,0,0,19,19,1.0,0.05407380704358751,568,"Wine torture is still legal, tell me the truth..."
4271,0,0,19,19,1.0,0.05407380704358751,568,Good luck on 'No Survivor'.
4271,0,0,19,19,1.0,0.05407380704358751,568,"Once they tape your mouth your White House press career is over, so keep hopping as long as you can."
4271,0,0,19,19,1.0,0.05407380704358751,568,This party is always a hit.
4271,0,0,19,19,1.0,0.05407380704358751,568,I wish I had a plan.
4271,0,0,19,19,1.0,0.05407380704358751,568,I see you came prepared to play charades.
4271,0,0,19,19,1.0,0.05407380704358751,568,So then there's the guy I dated in 1984. Boy did he have issues. It started well but....
4271,0,0,19,19,1.0,0.05407380704358751,568,The Mariana Trench should be lovely this time of year.
4271,0,0,19,19,1.0,0.05407380704358751,568,One thing about working for our new Sicilian owners is that you can't be fired. All positions are life-long so to speak.
4271,0,0,23,23,1.0,0.044455422447438706,568,"So, come here often?"
4271,0,0,20,20,1.0,0.051298917604257706,568,Bummer! Would a bon voyage glass of wine help?
4271,0,0,19,19,1.0,0.05407380704358751,568,Are you from Compliance?
4271,0,0,20,20,1.0,0.051298917604257706,568,We're trying something new with the exit interview process.
4271,0,0,19,19,1.0,0.05407380704358751,568,"Relax, it's an open bar."
4271,0,0,19,19,1.0,0.05407380704358751,568,Thanks so much for coming out.
4271,0,0,19,19,1.0,0.05407380704358751,568,Here's to your victory in getting the state to pass the assisted suicide statute
4271,0,0,20,20,1.0,0.051298917604257706,568,"Don't go anywhere, I just have to quickly check on the Barrels, you know how demanding they can be."
4271,0,0,19,19,1.0,0.05407380704358751,568,"Sorry, it's rose'."
4271,0,0,19,19,1.0,0.05407380704358751,568,I have always loved sotted palms.
4271,0,0,19,19,1.0,0.05407380704358751,568,What's this new-fangled internet trend called?
4271,0,0,20,20,1.0,0.051298917604257706,568,"Oh my God, is Elizabeth still angry with you for getting a spot at Collegiate?"
4271,0,0,19,19,1.0,0.05407380704358751,568,"I am as perplexed as you are, but not ready to admit madness."
