rank,funny,somewhat_funny,unfunny,count,score,precision,contest,caption
1,1346,1724,1457,4527,1.975480450629556,0.011690634364356292,571,Now let's see 'em walk off with the bathroom key!
2,966,1083,1088,3137,1.961109340133886,0.014432871710308095,571,"It was free, but the shipping cost me an arm and a leg."
3,1181,1682,1558,4421,1.9147251752997059,0.011769575914646987,571,"Arrgh, we'll see if the bathroom key goes missing now!"
4,722,1134,1162,3018,1.854208084824387,0.01413743787590998,571,Why does everyone assume it's mine?
5,914,1477,1495,3886,1.8504889346371591,0.012402143029493653,571,"I like it. Since the anchor arrived, no one has asked about my hook, my hat, or what happened to the parrot."
6,957,1261,1536,3754,1.8457645178476292,0.013061814255393508,571,I know. I know. I have anchor management issues.
7,930,1286,1528,3744,1.8402777777777777,0.012983948924249117,571,"So I tell Pete, I'd give my right hand for an anchor like that."
8,721,1190,1296,3207,1.820704708450265,0.013643599833075358,571,Complain all you want but I haven't lost a bathroom key yet.
9,837,1484,1645,3966,1.7962682803832577,0.012139509058075336,571,Or you could just move the damn coffee maker.
10,698,1377,1596,3671,1.7553800054481068,0.012408344145429075,571,It's no wonder this place has struggled to stay afloat
11,578,817,1257,2652,1.7439668174962293,0.01537139401621022,571,This used to be part of a chain.
12,248,482,652,1382,1.70767004341534,0.020240646685969185,571,Order for Ishmael is ready.
13,522,866,1323,2711,1.7045370711914423,0.014795809923674151,571,Welcome to Arrbucks.
14,365,719,1072,2156,1.672077922077922,0.016105498624091465,571,My ex-wife got the rest of the boat.
15,190,398,581,1169,1.6655260906757914,0.02165390262496192,571,"Would you like that for here, or take aweigh?"
16,341,773,1089,2203,1.660463004993191,0.015570143539908933,571,It cost me an arm and a leg...
17,223,374,645,1242,1.6602254428341385,0.021682383037660354,571,Does it look like I can give you a hand?
18,393,1003,1351,2747,1.6512559155442301,0.013671464745571226,571,"Arrggh, it looked smaller on eBay."
19,347,736,1148,2231,1.6409681757059615,0.015578518640001073,571,We're Starboard's. Starbucks is up the street.
20,391,943,1361,2695,1.6400742115027829,0.013900513403660705,571,The last one I left outside got stolen.
21,292,653,1028,1973,1.6269640141915864,0.016392066371871763,571,"There's mutiny in the air. Also Viennese dark roast, but mainly mutiny."
22,143,346,534,1023,1.6177908113391983,0.0224631731067681,571,Because this is our flagship location. That's why.
23,602,835,1891,3328,1.6126802884615385,0.013418894380834392,571,Why? Because every mall needs an anchor store.
24,290,628,1054,1972,1.6125760649087222,0.01642046891614004,571,Let's just drop it.
25,302,547,1042,1891,1.6086726599682708,0.01717630294739763,571,Welcome to Sunken Donuts!
26,296,646,1094,2036,1.6080550098231827,0.016124368042448874,571,I'm working on my anchor management issues.
27,107,280,436,823,1.600243013365735,0.024662580371268096,571,Please be courteous and return the bathroom key to the counter
28,230,576,920,1726,1.600231749710313,0.017134857483830698,571,I'm sure whoever forgot it will be back.
29,104,285,472,861,1.5725900116144018,0.0237797610073305,571,"When YOU'RE Employee Of the Month, you can put whatever you want there."
30,224,433,883,1540,1.5720779220779222,0.018657228609172682,571,5.99 at Starbucks and they call me a pirate.
31,150,263,572,985,1.5715736040609136,0.023630061876970716,571,I imagine you're all wondering where I got this hat.
32,39,101,182,322,1.5559006211180124,0.039034737521132915,571,"When the mall said they needed an anchor tenant, I knew I'd found me place."
33,115,227,491,833,1.5486194477791115,0.025089900700438074,571,Leave it outside? This is New York City!
34,101,211,454,766,1.5391644908616189,0.025874855042557345,571,Ship happens.
35,156,390,759,1305,1.5379310344827586,0.01933800289920708,571,Why do you assume it's mine?
36,70,196,367,633,1.5308056872037914,0.027276712779959456,571,We all have baggage.
37,140,408,749,1297,1.5304548959136468,0.01894100868550056,571,"You'll thank me when the big one hits, and all the other coffee shops are washed away!"
38,140,321,683,1144,1.5253496503496504,0.020791693609929895,571,"Wifi password is ANCHOR, all caps."
39,153,340,768,1261,1.5122918318794607,0.019770778958968827,571,When are they going to put that anchor aweigh?
40,120,357,691,1168,1.5111301369863013,0.019753310919757145,571,I don't care what you think. We haven't had a customer walk off with the bathroom key since I thought of it.
41,74,213,423,710,1.508450704225352,0.0254266635319846,571,Nobody complained when Seth brought in his bicycle wheel.
42,69,193,398,660,1.5015151515151515,0.026394020722582037,571,Better to have it and not need it than need it and not have it.
43,124,276,646,1046,1.5009560229445507,0.021589754265677507,571,It's a metaphor. Deal with it.
44,186,187,745,1118,1.5,0.022840716412608986,571,It saved his life - he hung on to it till help arrived.
45,114,312,655,1081,1.4995374653098983,0.020658502077838495,571,"I am thinking of opening a second store, but this will remain our anchor location."
46,127,273,661,1061,1.4967012252591894,0.02148685235473815,571,He's taking anchor management.
47,86,219,486,791,1.4943109987357774,0.02432412736171955,571,The napkins kept blowing away.
48,82,269,537,888,1.4876126126126126,0.02213342845959191,571,I didn't say a word when you showed up with that nose ring.
49,138,137,588,863,1.4785631517960602,0.025700286224692646,571,Was to go to the booze cruise stop not the crew's brews shop
50,82,182,462,726,1.4765840220385675,0.025605683872800922,571,"Yaaarrr, well I don't think we need your bike in the break room either, Katelyn."
51,36,131,259,426,1.4765258215962442,0.031378638198445885,571,I want to be ready when my ship comes in.
52,129,135,567,831,1.4729241877256318,0.025968846360361852,571,Strange ... I suddenly have a hanchoring for seafood
53,63,238,471,772,1.471502590673575,0.023127693039666115,571,It takes the attention off my hook
54,44,123,284,451,1.4678492239467849,0.03141437317247166,571,The wife got the boat.
55,61,222,459,742,1.463611859838275,0.023611120359481517,571,This restaurant has three locations but this is the anchor store.
56,68,177,431,676,1.46301775147929,0.025814602392100577,571,It was either The Rusty Anchor or The Greasy Spoon.
57,52,85,273,410,1.4609756097560975,0.03503877117502676,571,"If I'd known you could rename hardtack 'biscotti' and charge eight bucks for it, I would've given up pirating ages ago."
58,69,192,455,716,1.4608938547486034,0.02484098067868025,571,I'm just working this job until my ship comes in.
59,66,185,440,691,1.458755426917511,0.025233012123622243,571,They said they needed an anchor store at this mall.
60,77,149,437,663,1.4570135746606334,0.02693927639593781,571,"Because it adds a certain je ne sais quoi, that's why."
61,30,93,212,335,1.4567164179104477,0.035764993469656094,571,"It's called ambiance, people!"
62,60,174,416,650,1.4523076923076923,0.025810164753951943,571,It's a metaphor; work with it.
63,42,86,253,381,1.4461942257217848,0.035078010040749986,571,The cannons were too dangerous. The parrot was too loud. What is it now?
64,33,67,199,299,1.4448160535117056,0.03961604811773836,571,I hate Take Your Pirate To Work Day.
65,44,120,307,471,1.4416135881104033,0.0303675199161576,571,"Which of you swabs ordered a triple venti, half sweet, non-fat, caramel macchiato with two shots of rum?"
66,45,154,358,557,1.4380610412926391,0.027080464223859083,571,I've sunk everything that I have into this place.
67,38,126,299,463,1.4362850971922245,0.029793200632348003,571,It takes the focus off my hook.
68,52,128,354,534,1.4344569288389513,0.02874682983190349,571,Time to expand?
69,45,113,310,468,1.4337606837606838,0.030622382168997802,571,"I wanted to raid the colonies, but noooo, she wanted to open an espresso bar"
70,52,108,336,496,1.4274193548387097,0.030298497122538334,571,"Anchors away? No, anchor's in the way."
71,42,125,323,490,1.426530612244898,0.029168112280556817,571,"I said I had a HANKERING for a real good cup of coffee, you must have misheard me."
72,55,96,333,484,1.4256198347107438,0.03125200840864565,571,The anchor is our logo. A mermaid would be stupid...no one would buy coffee from someone with a mermaid logo.
73,31,123,282,436,1.4243119266055047,0.029806778154086538,571,I just feel adrift without it.
74,38,109,290,437,1.4233409610983982,0.030964482288233255,571,Why does everyone assume it's mine?
75,33,105,266,404,1.4232673267326732,0.03179799896504379,571,"Aye, 'twas me severance package."
76,38,95,272,405,1.4222222222222223,0.03268530335070695,571,"No, I said I will not tolerate rancor in the workplace."
77,48,94,312,454,1.4185022026431717,0.03168595393298452,571,The reviews did mention a long weight.
78,40,109,303,452,1.418141592920354,0.030527162548916006,571,"It doesn't have to make sense, matey. We're in Brooklyn."
79,37,114,299,450,1.4177777777777778,0.030132740875072832,571,"No, YOU need anchor management."
80,45,96,305,446,1.4170403587443947,0.031619629086789544,571,"Sure, but when Tyler brings his beagle to work, everyone thinks it’s cute."
80,43,100,303,446,1.4170403587443947,0.031299309323261096,571,I didn't gripe when you parked your bike behind the counter.
82,36,111,293,440,1.415909090909091,0.030432159985404994,571,I lost the ship in a poker game.
83,38,82,260,380,1.4157894736842105,0.03418514649354703,571,I got the hook from a shark off Bora Bora. I got the anchor from a South Seas frigate. And I got a caramel macchiato for Randall.
84,42,98,298,438,1.4155251141552512,0.031537446979208995,571,I know. I know. But it was my mom's.
85,39,100,292,431,1.4129930394431554,0.031379309831772326,571,"You have your baggage, I have mine."
86,36,90,267,393,1.4122137404580153,0.03294629517997992,571,"Oh, sure. Blame the new guy."
87,22,116,253,391,1.4092071611253196,0.030140212074464413,571,Of COURSE it's an inconvenience. It's an ANCHOR.
88,28,113,272,413,1.4092009685230025,0.030263757852807296,571,"Aye, this be the mall's anchor store."
89,31,106,274,411,1.4087591240875912,0.030941592658933172,571,It's me emotional support anchor.
89,22,124,265,411,1.4087591240875912,0.029164423015676264,571,The ad guy said we needed another hook.
91,27,108,264,399,1.406015037593985,0.030756997516772303,571,Anyone else start singin' Anchors Away and I run you through with me hook
92,32,97,268,397,1.4055415617128464,0.03187280083308532,571,Would you rather I bring back the parrot?
93,32,96,267,395,1.4050632911392404,0.0319824006872809,571,It's always about blaming the pirate. How do you know Susie didn't bring it in?
94,35,82,263,380,1.4,0.03345577659598721,571,No one's gonna be able to steal the bathroom key now.
94,32,78,245,355,1.4,0.034456297143298,571,Pick up for Queequeg!
94,32,88,260,380,1.4,0.03282724641524678,571,My ex-wife got the rest.
94,30,92,258,380,1.4,0.03240145346922702,571,It was presented to me at my going aweigh party.
98,27,94,251,372,1.3978494623655915,0.03220246587733746,571,Why doesn't anyone talk about the 800 lb. anchor in the room?
99,25,94,245,364,1.3956043956043955,0.03220390421489072,571,"Well, this place isn't going anywhere."
100,11,46,115,172,1.3953488372093024,0.04632425197325398,571,"So I says to me mates, Mates, I'm leaving the sea to be a barista. And then I dropped anchor here and couldn't be any happier."
101,24,94,242,360,1.3944444444444444,0.03219852061623007,571,Whole new meaning to anchor tenant.
102,35,71,252,358,1.393854748603352,0.03487729237520541,571,"People, please put the bathroom key back where you found it."
103,23,94,239,356,1.3932584269662922,0.03218869190523311,571,Welcome to Starrrrrrrrbucks
104,24,90,238,352,1.3920454545454546,0.032673357612310584,571,Would you prefer 15 men on a dead man's chest?
105,29,79,242,350,1.3914285714285715,0.03402032641236913,571,"Aye, and she cost me an arm and a leg."
105,28,81,241,350,1.3914285714285715,0.033778829134561324,571,"It's called ""ambience""."
107,21,94,233,348,1.3908045977011494,0.03215443727649914,571,I'll be opening more stores but this is my anchor one.
108,27,81,238,346,1.3901734104046244,0.03379424032821932,571,"Well, a mermaid would've been trademark infringement."
108,29,77,240,346,1.3901734104046244,0.03428643953946914,571,Anchor management?! I'll show you anchor management.
110,35,61,242,338,1.3875739644970415,0.03631632286452998,571,"So then he said, ""give me a hand with the anchor""..."
111,28,72,232,332,1.3855421686746987,0.03500427697836243,571,I'm overcompensating for WHAT?!?
112,23,79,224,326,1.383435582822086,0.034082119432403524,571,And I suppose you aren't carrying around any baggage from your past?
113,22,67,201,290,1.3827586206896552,0.0366399576213303,571,That could belong to anyone.
114,41,42,241,324,1.382716049382716,0.038922439932264914,571,My wife didn't like her birthday gift.
115,26,71,225,322,1.3819875776397517,0.035192561138638695,571,Nobody complains about the Starbucks mermaid.
116,27,65,220,312,1.3814102564102564,0.0362650742930423,571,"Someday, my ship is going to come in"
117,30,62,228,320,1.38125,0.036431687157659945,571,"If I remove it, I won't be able to call this place, Anchors in the Way Coffee Shop."
118,28,58,216,302,1.3774834437086092,0.037373047877803635,571,What makes you think it's mine?
119,25,67,218,310,1.3774193548387097,0.035810735314908804,571,Avast ye landlubbers-try to steal the key to the poop deck now!
120,25,60,208,293,1.3754266211604096,0.0372482387856285,571,"What were you expecting, a golden arch?"
121,22,67,207,296,1.375,0.03603311323847047,571,My ex-wife got the rest.
121,27,45,192,264,1.375,0.04085216110211007,571,Drop it.
121,17,80,207,304,1.375,0.033802821042621056,571,It looked smaller on line
121,24,63,209,296,1.375,0.036663248219998563,571,And that's when I realized I had a flair for decorating.
125,30,53,219,302,1.3741721854304636,0.03792118324589513,571,Ahab! Frappuccino for Ahab!
126,18,69,194,281,1.3736654804270463,0.03596394365828829,571,No one gets irony any more.
127,16,79,203,298,1.3724832214765101,0.033890396796915724,571,I think I found the solution for the missing bathroom key.
128,14,81,198,293,1.372013651877133,0.03357585128950225,571,"'Draws the eye away from my hook, doesn't it maties!'"
129,20,70,206,296,1.3716216216216217,0.03535074266714763,571,"Hey, lady, does it look like we would serve decaf?"
130,15,78,198,291,1.3711340206185567,0.034063143337206704,571,It makes me feel grounded.
131,23,61,205,289,1.3702422145328719,0.03690888119953865,571,You can't leave anything outside in this city.
131,13,81,195,289,1.3702422145328719,0.033495870134871264,571,It grows on you if you let it sink in.
133,21,63,201,285,1.368421052631579,0.036581733765486124,571,My therapist says I need to let go of the past and things that are holding me back.
134,24,56,203,283,1.3674911660777385,0.03775869240738886,571,My ad agency claimed the place needed a new hook
134,20,64,199,283,1.3674911660777385,0.036407083964852045,571,"You want mermaids, go to Starbucks."
136,9,36,102,147,1.3673469387755102,0.04930004202251735,571,"In just 2 weeks time, Jerry began taking his new role as Team Captain a bit too seriously"
137,19,65,197,281,1.3665480427046264,0.03622459167767567,571,And I sez we keep sailin' til I find the grinder that ate my hand.
138,25,52,202,279,1.3655913978494623,0.038457011279530245,571,"Aye, welcome to Aarrrbucks."
139,21,59,197,277,1.364620938628159,0.03726603625629622,571,"I know it's Pirate Awareness Month, but can't he just wear a ribbon or something?"
139,20,61,196,277,1.364620938628159,0.03691337499009779,571,We're going to need a bigger boat.
139,24,53,200,277,1.364620938628159,0.03830454377151108,571,Size doesn't matter.
142,23,54,198,275,1.3636363636363635,0.038144829936885505,571,Abandon shift!
143,16,67,190,273,1.3626373626373627,0.03578672645980885,571,Of course I can't leave it outside. Someone will steal it.
143,22,55,196,273,1.3626373626373627,0.03797753142963292,571,"No, I don't think it is taking the nautical decor too far."
145,19,60,192,271,1.3616236162361623,0.037072170785907604,571,It's the only thing I got to keep after the divorce.
146,29,39,201,269,1.3605947955390334,0.040802563017098205,571,"So the captain says, don't forget my cinnamon latte. Tie a string around your finger if you must. So I say, captain, I don't have a finger. Well, says he..."
147,17,60,185,262,1.3587786259541985,0.03713016948690841,571,"Aye, I'm waiting for the ship to come in."
148,13,66,179,258,1.3565891472868217,0.03584491677828984,571,When I first saw this place I knew it was where I wanted to drop anchor.
149,15,60,179,254,1.3543307086614174,0.03702849526495118,571,It's called ambiance. Would you prefer the gang plank?
150,24,38,182,244,1.3524590163934427,0.041818388931256556,571,What anchor?
151,21,33,159,213,1.352112676056338,0.04479052070831862,571,"You've never heard of ""objets D'ARRR""?"
152,22,44,184,250,1.352,0.0402849289686358,571,Welcome to Aaarrhh-bucks!
153,23,41,184,248,1.3508064516129032,0.0409020334510994,571,Drop it. Just drop it.
153,17,53,178,248,1.3508064516129032,0.03843276158710689,571,No it's not mine... for the hundredth bloody time.
155,11,61,167,239,1.3472803347280335,0.03659492738440553,571,Argh! Deal with it...we're an anchor store.
156,15,52,170,237,1.3459915611814346,0.038667623169563875,571,Piracy's a crime. Overcharging ain't.
156,15,52,170,237,1.3459915611814346,0.038667623169563875,571,I'm tired of people stealing the bathroom key.
158,16,47,166,229,1.3449781659388647,0.04004965241929781,571,My designer told me it anchors the room.
158,18,43,168,229,1.3449781659388647,0.04099494358737954,571,Call me Starbuck
160,17,47,171,235,1.3446808510638297,0.03979417198651324,571,It's good to the last drop.
161,19,40,168,227,1.3436123348017621,0.04169759331943801,571,Careful. That's how I lost mine.
162,19,42,172,233,1.3433476394849786,0.0409241395913828,571,It looked much smaller on the internet.
162,13,54,166,233,1.3433476394849786,0.038115524304504635,571,"Pirate, barista, repo man; it is getting hard to survive with only one job."
162,17,46,170,233,1.3433476394849786,0.04000984710292061,571,Arg. It looked a lot smaller on Amazon.
162,17,46,170,233,1.3433476394849786,0.04000984710292061,571,"Ok, who ordered the venti moccachino with cinnamon, extra foam  and an anchor?"
162,16,48,169,233,1.3433476394849786,0.03954477458718325,571,Arrrrgh. It's the only part that wouldn't fit in the bottle.
167,15,35,140,190,1.3421052631578947,0.04501404771444635,571,Everything here is freshly aground.
168,14,48,162,224,1.3392857142857142,0.03957005018448236,571,How many keys to the head have gone missin' since I come along? I rest me case.
168,12,52,160,224,1.3392857142857142,0.038544934787901844,571,Call me sentimental
168,22,32,170,224,1.3392857142857142,0.043429210985209486,571,And another thing--who's been plunderin' the tip jar?
171,12,53,162,227,1.3392070484581498,0.03820487962748017,571,Relax . You won't notice it at high tide!
171,17,43,167,227,1.3392070484581498,0.04067600031771032,571,"Grande, venti or white whale?"
171,16,45,166,227,1.3392070484581498,0.040193931966742764,571,"OK, who removed the restroom key from the anchor?"
171,31,15,181,227,1.3392070484581498,0.04690761868220886,571,You should have seen the one that got away.
175,14,47,161,222,1.337837837837838,0.03978616822845916,571,"Well, for one thing, it keeps you guys from staring at my hook."
175,15,45,162,222,1.337837837837838,0.040295209751909124,571,As if I'm the only one with baggage.
175,16,43,163,222,1.337837837837838,0.04079790038221884,571,You'd be surprised what the ADA covers.
175,12,51,159,222,1.337837837837838,0.03874802819511018,571,Forget why it's here; ask how we got it in here.
175,26,23,173,222,1.337837837837838,0.04552050243646755,571,What happens at Long John Silver's stays at Long John Silver's
180,13,46,155,214,1.3364485981308412,0.04023092182208397,571,"Well I like it, and we're not going any where."
181,17,40,163,220,1.3363636363636364,0.04153276722797729,571,Who said it's mine?
181,18,38,164,220,1.3363636363636364,0.04202953430658558,571,Five bucks for a skim-milk macchiato--and they call me a pirate.
181,16,42,162,220,1.3363636363636364,0.041029986024835964,571,"Aye, no one will forget the bathroom key now."
184,15,43,160,218,1.334862385321101,0.040750123525709475,571,Ye also complained about the parrot.
184,15,43,160,218,1.334862385321101,0.040750123525709475,571,"Aye, this here's me ship and Captain Starbuck's me name...but for legal reasons, call me Kevin."
186,12,48,156,216,1.3333333333333333,0.039374961547907886,571,"This is a diner, why would you think that we serve seafood?"
186,13,46,157,216,1.3333333333333333,0.03991809012259122,571,Welcome to Starrghbucks.
186,14,44,158,216,1.3333333333333333,0.040453927388714735,571,It was hard enough figuring out how to get a ship in a bottle.
186,9,54,153,216,1.3333333333333333,0.03769865555283047,571,It fit in better back when we were a Long John Silver
190,13,44,155,212,1.330188679245283,0.04036595773630546,571,These flood-insurance requirements are getting out of hand.
191,13,43,153,209,1.3301435406698565,0.04075906559727078,571,What anchor??? It's the key to the men's room.
191,14,41,154,209,1.3301435406698565,0.041319584379766156,571,"""My first mate says it provides the perfect Feng Shui""."
193,12,44,151,207,1.328502415458937,0.0404183587697621,571,"Yeah, we be the anchor franchise, mate."
194,12,34,132,178,1.3258426966292134,0.04475297511536729,571,"I had plans to mercilessly pillage these shores, but in the end organic pourover was just too lucrative."
195,18,30,155,203,1.3251231527093597,0.044318714604059006,571,"Yar, Toby keeps his bike wheel in the break room and I don't hear yer gripin'!"
195,19,28,156,203,1.3251231527093597,0.04486559722546287,571,"Aye, it's a sad story: only anchor from Fox not caught up in the sex scandals, now makes a living as a tattoo model."
197,14,35,147,196,1.3214285714285714,0.043024702967141795,571,Long John Silver's attempts a hostile takeover of a Starbucks.
197,12,39,145,196,1.3214285714285714,0.0417907623512229,571,We're now officially an anchor tenant...
199,12,38,144,194,1.3195876288659794,0.04204381606325179,571,Arghbucks
200,12,37,143,192,1.3177083333333333,0.04230095045928142,571,"Fifteen dollar lattes? Piracy, I say."
200,12,37,143,192,1.3177083333333333,0.04230095045928142,571,It's mostly to distract from the hook.
200,14,33,145,192,1.3177083333333333,0.04357115391389811,571,They decided the mermaid was sexist.
200,15,31,146,192,1.3177083333333333,0.044192566967801356,571,What makes you think it's mine?
204,9,42,139,190,1.3157894736842106,0.04055196705800677,571,I just hate it when Johnny Depp eats here.
205,16,27,144,187,1.3155080213903743,0.04561914004089176,571,"Aye, we've got fair trade, but we especially recommend our plunder blend."
205,17,25,145,187,1.3155080213903743,0.04624507481168241,571,A gift from my competitor.
207,11,36,138,185,1.3135135135135134,0.04261440543311185,571,We used to work together.
207,12,34,139,185,1.3135135135135134,0.04329829046276684,571,Ishmael!
209,9,38,132,179,1.312849162011173,0.04210295187401207,571,You bring in one oversized anchor and all of a sudden no one cares that you have a metal hook for a hand.
209,15,26,138,179,1.312849162011173,0.0463603575086801,571,I'm not taking the anchor away.
211,19,19,145,183,1.3114754098360655,0.048158891783800006,571,It doesn't matter what I say because a lame pun worthy of a Ziggy greeting card is going to win anyway.
212,12,32,137,181,1.3093922651933703,0.04385996507286688,571,It has as much to do with coffee as a mermaid!
212,12,32,137,181,1.3093922651933703,0.04385996507286688,571,It’s just a coincidence.
212,10,36,135,181,1.3093922651933703,0.04243726932524094,571,"No, the hat and the hook were not enough!"
212,10,36,135,181,1.3093922651933703,0.04243726932524094,571,Thar she brews!
216,6,20,78,104,1.3076923076923077,0.056465675359676025,571,What are you landlubbers staring at? Ain't you never seen seaweed before?
217,9,37,133,179,1.3072625698324023,0.04196112046296096,571,If certain people would wear their eye-patches this would totally work!
217,14,27,138,179,1.3072625698324023,0.04554765771910231,571,"Aye, welcome to Aarrrbucks."
217,8,39,132,179,1.3072625698324023,0.041206370039949466,571,It's just until my condo is painted.
220,11,32,133,176,1.3068181818181819,0.043927263589059,571,...And the poop deck is for paying customers only.
220,12,30,134,176,1.3068181818181819,0.04466026815143113,571,I'm being ironic.
220,11,32,133,176,1.3068181818181819,0.043927263589059,571,"Anchors in the way, me baristas, Anchors in the way."
220,14,26,136,176,1.3068181818181819,0.04609131893565059,571,He just can't let go.
220,10,34,132,176,1.3068181818181819,0.04318181818181818,571,You're annoyed because the anchor is in your way and I'm grumpy because I'm trying to operate a cash register with a hook for a hand.
220,9,36,131,176,1.3068181818181819,0.04242327611762838,571,All our beans be fairly pillaged.
226,7,36,120,163,1.3067484662576687,0.04292855213042614,571,"They not only trashed the bathroom, they took the key off me anchor."
226,7,36,120,163,1.3067484662576687,0.04292855213042614,571,"Well I would have brought my parrot, but we don't allow pets!"
228,8,36,126,170,1.3058823529411765,0.042582046537623874,571,"Well, excuse me for sharing a little token of my culture."
228,11,30,129,170,1.3058823529411765,0.04496745067440669,571,Because I got tired of talking about the elephant in the room.
230,9,35,130,174,1.3045977011494252,0.042688969041639234,571,"The wife said, ""Outta the garage!"""
230,10,33,131,174,1.3045977011494252,0.04346019841065284,571,The mermaid logo was already taken.
230,11,31,132,174,1.3045977011494252,0.04421797840187394,571,Street parking was a nightmare.
230,8,37,129,174,1.3045977011494252,0.041903547699243246,571,The bike rack was full.
234,12,28,132,172,1.302325581395349,0.04527109426905001,571,"Oh sure, but you like tattoos of it."
234,12,28,132,172,1.302325581395349,0.04527109426905001,571,"It's called nautical chic, ye fools, and I like it!"
236,13,25,131,169,1.301775147928994,0.04658281551809367,571,"I got tired of explaining ""Grande"""
236,10,31,128,169,1.301775147928994,0.04425642967059917,571,"Listen up land lovers !  Today's coffee roast special is "" Pirates of the cari Bean """
236,10,31,128,169,1.301775147928994,0.04425642967059917,571,Venti Kilo Kelp Anchor-chino for John
239,5,41,124,170,1.3,0.03988322669578336,571,It was me mother's.
239,12,27,131,170,1.3,0.04558472640684806,571,"Ambience, argh!"
241,10,30,127,167,1.2994011976047903,0.04455405539933768,571,"Well, at least it's quieter than that last guy with the albatross around his neck."
241,5,40,122,167,1.2994011976047903,0.04030309563871798,571,Where am I SUPPOSED to put it?
241,7,36,124,167,1.2994011976047903,0.04205507403214372,571,Why do you all assume I am responsible?
241,8,34,125,167,1.2994011976047903,0.04290424359829468,571,There was no room on the bike rack.
241,5,40,122,167,1.2994011976047903,0.04030309563871798,571,We'd best steer clear of Davy Jones's Latte.
241,7,36,124,167,1.2994011976047903,0.04205507403214372,571,"Pardon the mess, we only plundered the place last week."
241,6,38,123,167,1.2994011976047903,0.04118840109735226,571,Piracy at internet cafes just isn't the same.
241,9,32,126,167,1.2994011976047903,0.04373692931190449,571,"Oh dear, me hearties, will it be killin' and plunderin', or will it be coffee and pastries? I'm so confused!"
241,8,34,125,167,1.2994011976047903,0.04290424359829468,571,I'm just workin' 'ere until me ship comes in.
241,6,38,123,167,1.2994011976047903,0.04118840109735226,571,"Aye, the mermaid logo was taken."
251,5,39,121,165,1.2969696969696969,0.040528878341483915,571,They say I have anchor management issues
251,11,27,127,165,1.2969696969696969,0.0456732849668507,571,With a yo-ho-ho and a mind yer own damn business.
251,11,27,127,165,1.2969696969696969,0.0456732849668507,571,It were me mother's! What's it to ye?!!
251,10,29,126,165,1.2969696969696969,0.0448568738283862,571,"Anchors in the way, my boys. Anchors in the way."
251,9,31,125,165,1.2969696969696969,0.044025325662036485,571,I feel like something is holding this place back.
251,6,37,122,165,1.2969696969696969,0.04143066267423435,571,She got the boat in the divorce but I GOT THE ANCHOR
257,8,32,123,163,1.294478527607362,0.04345569856989565,571,You have a better idea to keep from losing the bathroom key?
257,8,32,123,163,1.294478527607362,0.04345569856989565,571,$8 lattes?! Now THIS is piracy!
257,10,28,125,163,1.294478527607362,0.04516501369728003,571,Who ordered the anchor?
257,6,36,121,163,1.294478527607362,0.041676336380730136,571,"All of us carry some baggage from our past, don't we?"
261,5,36,117,158,1.2911392405063291,0.04144433165887908,571,I guess I didn't understand what it meant to be an anchor store.
261,5,36,117,158,1.2911392405063291,0.04144433165887908,571,Won't be losin' the washroom key if it's attached to that....
261,6,34,118,158,1.2911392405063291,0.04240587555675055,571,Ah quit yer gawkin'. It's all I have left to remember her by
261,6,34,118,158,1.2911392405063291,0.04240587555675055,571,No wonder they find it hard to stay afloat.
265,10,25,121,156,1.2884615384615385,0.04638246383689735,571,"Welcome to Starboards, matey"
265,12,21,123,156,1.2884615384615385,0.04813272196186993,571,You dim-witted nancies wouldn't know an 'authentic wharf district' if it dropped a frigate on your arse.
265,9,27,120,156,1.2884615384615385,0.04548208400724727,571,"Aye, it works. Nobody's walked off with the bathroom key yet"
265,9,27,120,156,1.2884615384615385,0.04548208400724727,571,Don't worry! We're not going anywhere
265,7,31,118,156,1.2884615384615385,0.04362561167209823,571,I can't bring myself to give it aweigh.
265,11,23,122,156,1.2884615384615385,0.04726569514478638,571,"Ha, ha, ha... 'Keeps me anchored...' I've NEVER heard that one before."
265,8,29,119,156,1.2884615384615385,0.04456351624034515,571,It was made in America. That’s all ye need to know.
265,12,21,123,156,1.2884615384615385,0.04813272196186993,571,I'll be damned if I'm going to let J.C. Penney be the anchor store in this mall.
265,5,35,116,156,1.2884615384615385,0.04168654485427077,571,The key to the bathroom is on the anchor.
274,5,34,114,153,1.2875816993464053,0.042164928575618224,571,"Once again, those wishing to access the customer restroom must first borrow the guest key."
274,6,32,115,153,1.2875816993464053,0.04317268249474997,571,"Say hello to your new bathroom key, you twinkle eyed varmints."
274,6,32,115,153,1.2875816993464053,0.04317268249474997,571,"Okay, who ordered the sea salt caramel latte?"
274,9,26,118,153,1.2875816993464053,0.04606385187768173,571,"""Arrr - Tis not a large anchor. Tis a venti!"
274,8,28,117,153,1.2875816993464053,0.04512071739016899,571,It's part of my anchor management training.
279,12,12,102,126,1.2857142857142858,0.056182404585724294,571,Why would they have a whale IUD in here?
280,12,19,120,151,1.2847682119205297,0.04916744686959096,571,"Har har har, funny prank! Just when the nightmares had finally stopped."
280,4,35,112,151,1.2847682119205297,0.04136467170992216,571,Arrgh! The boss says I need a course in anchor management.
282,10,22,117,149,1.2818791946308725,0.04769352484413388,571,"Aye, I came here straight from me other job."
282,10,22,117,149,1.2818791946308725,0.04769352484413388,571,The next person who criticizes me fanciful design choices gets gutted like a mackerel.
282,7,28,114,149,1.2818791946308725,0.04475028656172384,571,"I seek the White Whale. Are you with me, Starbucks?"
282,6,30,113,149,1.2818791946308725,0.04372520355343353,571,I think we've hit bottom.
282,13,16,120,149,1.2818791946308725,0.050465398807099805,571,"Ahoy thar, and welcome to Arrrbuck's internet piracy cafe."
282,9,24,116,149,1.2818791946308725,0.04673304602196192,571,So last year I just decided to settle down here in Wichita
282,5,32,112,149,1.2818791946308725,0.042675504733066624,571,What do you mean I'm taking our 'anchor store' location too literally?
282,7,28,114,149,1.2818791946308725,0.04475028656172384,571,"No lassie, I said I have an ANCHOR management problem."
282,5,32,112,149,1.2818791946308725,0.042675504733066624,571,I didn't exactly know what I was getting into when he said he ran a tight ship.
291,10,18,107,135,1.2814814814814814,0.051136180871512386,571,"Okay, that's one grande soy skinny mocha frappe with two shots of espresso and one gigantic anchor. Can I have your name please?"
292,6,29,111,146,1.2808219178082192,0.04426820678301526,571,And they told me I'd have my own locker.
292,5,31,110,146,1.2808219178082192,0.04318797078463212,571,Arrgh! Who says a coffee shop can't be an anchor store?
292,10,21,115,146,1.2808219178082192,0.04834839580525957,571,Ship happens.
292,12,17,117,146,1.2808219178082192,0.05026444070633993,571,Urghh - a Trump supporter came in this morning and called it a fake news anchor.
292,7,27,112,146,1.2808219178082192,0.045322703395465715,571,Anchorage. You got a problem with that?
297,5,30,109,144,1.2777777777777777,0.043457376303801656,571,It's going to sink the business
297,5,30,109,144,1.2777777777777777,0.043457376303801656,571,Easy does it matie – I lost my arm making a cappuccino back in ‘73
297,7,26,111,144,1.2777777777777777,0.04563763523080941,571,"Sorry, I just came from my other job."
297,10,20,114,144,1.2777777777777777,0.04872544551705718,571,"Mint dolce mocha, extremely harsh whip, for Bob?"
297,11,18,115,144,1.2777777777777777,0.0497121125879881,571,"Hey, peg leg--no shirt, no shoe, no service!"
297,6,28,110,144,1.2777777777777777,0.04456084214122663,571,"No, we don't have spinach. Why does everyone ask that?"
297,10,20,114,144,1.2777777777777777,0.04872544551705718,571,These kid's meal toys are getting ridiculous.
297,16,8,120,144,1.2777777777777777,0.054377565443722194,571,Mrs. Trump left her IUD again.
297,7,26,111,144,1.2777777777777777,0.04563763523080941,571,"Because sometimes, the hook just isn't enough."
297,9,22,113,144,1.2777777777777777,0.047718381612441664,571,Yeah? Well this is the first time I've seen a $4 cup of coffee.
297,8,24,112,144,1.2777777777777777,0.04668960105404107,571,It's a conversation stopper.
297,9,22,113,144,1.2777777777777777,0.047718381612441664,571,"One venti mocha latte with overwrought symbolism, your order is up!"
309,5,29,108,142,1.2746478873239437,0.04373023042884195,571,Guess the weight and get a free cup of coffee.
309,10,19,113,142,1.2746478873239437,0.04910991404690957,571,"No, it's not mine."
309,10,19,113,142,1.2746478873239437,0.04910991404690957,571,It reminds me of the good old days when I was a buccaneer instead of a barista.
309,7,25,110,142,1.2746478873239437,0.04595773378979546,571,"No, we don't have scones. Only crackers."
309,4,31,107,142,1.2746478873239437,0.04257279568565551,571,There wasn't any room left on the bike rack.
314,3,31,101,135,1.2740740740740741,0.04261962273509436,571,I clearly requested 'anger' management!
314,9,19,107,135,1.2740740740740741,0.04979741116928703,571,I don't hear anyone complaining when you bring your bicycle inside!
316,5,28,106,139,1.2733812949640289,0.04428059480857658,571,Arrhh...where was I supposed to leave it? at the bottom of the sea?
316,7,24,108,139,1.2733812949640289,0.04657574374835,571,It's all I got in the divorce.
316,7,24,108,139,1.2733812949640289,0.04657574374835,571,Excuse me. I think you dropped something.
319,5,21,88,114,1.2719298245614035,0.050282678215312064,571,"Yo, ho, ho and a Vanilla Soy Latte!"
320,3,31,103,137,1.27007299270073,0.04208964450609779,571,It's merely a metaphor for the many things in life that hold us down...now drink your damn coffee!
320,7,23,107,137,1.27007299270073,0.04691382528075054,571,"Okay, let's talk about the anchor in the room. ARRGH!!"
320,13,11,113,137,1.27007299270073,0.05333816873691333,571,I hate April Fools'.
320,12,13,112,137,1.27007299270073,0.05232225183659112,571,"Today's special, coffee and a sinker."
320,6,25,106,137,1.27007299270073,0.04575548923918324,571,"Or maybe, this diner got in the way of the anchor. You ever consider that, matey?"
320,7,23,107,137,1.27007299270073,0.04691382528075054,571,...And that was the last time anyone asked for the restroom key.
320,9,19,109,137,1.27007299270073,0.049148666476155164,571,Forgive me for trying to class up the joint.
320,7,23,107,137,1.27007299270073,0.04691382528075054,571,Parking's terrible in this neighborhood. Where would you put it?
320,8,21,108,137,1.27007299270073,0.048044242208911604,571,"It wasn't here when I closed last night, and it was here when I opened this morning. That's all I know."
320,7,23,107,137,1.27007299270073,0.04691382528075054,571,I told the landlord we aren't moving.
330,7,22,106,135,1.2666666666666666,0.04725757139521219,571,"That’s what I get for hiring a cheap lawyer. She got the house, the ship, the parrot, and my right hand."
330,7,22,106,135,1.2666666666666666,0.04725757139521219,571,Overboard? I'll show you overboard.
330,8,20,107,135,1.2666666666666666,0.04841318388297882,571,Of course it's not real - it's a pirate copy!
330,6,24,105,135,1.2666666666666666,0.04607298269767254,571,Keep yer 'ands off me lucky charm.
330,7,22,106,135,1.2666666666666666,0.04725757139521219,571,No one takes the bathroom key unless they really have to go.
330,7,22,106,135,1.2666666666666666,0.04725757139521219,571,"I hear you talking about an elephant in the room, but I don't see it."
330,4,28,103,135,1.2666666666666666,0.04360737432628737,571,What can I say? Parking is impossible in this neighborhood.
337,10,15,107,132,1.2651515151515151,0.051419643132208565,571,We're in a flood zone
337,6,23,103,132,1.2651515151515151,0.04670479649701895,571,He always wanted to be a news anchor. Then he got hooked on coffee.
337,7,21,104,132,1.2651515151515151,0.04792701155749111,571,"Mind the fluke and shank, Mr. Hooper, and bring her around for a full steam latte."
337,7,21,104,132,1.2651515151515151,0.04792701155749111,571,Arrrr! Is that for here or aweigh?
337,11,13,108,132,1.2651515151515151,0.05253227694330045,571,Grande anchor. Sea Foam. Kelp.
337,4,27,101,132,1.2651515151515151,0.044158998786431834,571,"My old one was a Tall, but I wanted a Grande"
337,8,19,105,132,1.2651515151515151,0.04911882386454116,571,I'm saving it for when my ship comes in!!
337,7,21,104,132,1.2651515151515151,0.04792701155749111,571,"I'll tell you what's weighing us down, Zoe...slow baristas."
337,3,29,100,132,1.2651515151515151,0.042829391226308085,571,The 'Aarrrr's have it: me anchor stays.
346,9,13,96,118,1.2627118644067796,0.05439933961295127,571,"After hipsters, the pirate movement took hold in coffee shops across the city, but was short lived due to the inconvenient accessories"
346,4,23,91,118,1.2627118644067796,0.04727542059150977,571,"""Ishmael's? It'll never catch on""."
346,4,23,91,118,1.2627118644067796,0.04727542059150977,571,Who ordered the hardtack and salt beef?
349,8,18,104,130,1.2615384615384615,0.0495102383704607,571,You don't complain when he rides his bicycle to work.
349,7,20,103,130,1.2615384615384615,0.04829081816580638,571,You said you'd work around my little idiosyncrasies.
349,4,26,100,130,1.2615384615384615,0.04443221090596759,571,"No, I will not leave it outside. It's a metaphor. It stays. Got it?"
349,7,20,103,130,1.2615384615384615,0.04829081816580638,571,"Aye, my 3D printer needs some adjusting."
349,7,20,103,130,1.2615384615384615,0.04829081816580638,571,Who took the bathroom key off its anchor chain?
349,5,24,101,130,1.2615384615384615,0.04575458392739736,571,No one noticed my new hook!
349,5,24,101,130,1.2615384615384615,0.04575458392739736,571,I had to come straight from my other job.
349,5,24,101,130,1.2615384615384615,0.04575458392739736,571,How many head keys have gone missin' since I came along? I rest me case.
357,4,25,98,127,1.2598425196850394,0.04501468108251446,571,Can we talk about the anchor in the room?
357,8,17,102,127,1.2598425196850394,0.050261904269257536,571,"And so the whale says, ""A coffee shop canna be an anchor store."" And so I says, ""Oh, really?"""
357,6,21,100,127,1.2598425196850394,0.04771048382553092,571,Aaargh! Who can't resist free shipping?
357,6,21,100,127,1.2598425196850394,0.04771048382553092,571,I don't care if you don't approve. Drifters aren't welcome here.
357,5,23,99,127,1.2598425196850394,0.04638217211292898,571,Don't get me started on the TSA.
357,6,21,100,127,1.2598425196850394,0.04771048382553092,571,Next scurvy dog what makes a crack about anchor management gets the hook!
357,5,23,99,127,1.2598425196850394,0.04638217211292898,571,And I lost me arm by the cappuccino maker.
357,4,25,98,127,1.2598425196850394,0.04501468108251446,571,"Call me sentimental, but the second career transition has been hard."
357,8,17,102,127,1.2598425196850394,0.050261904269257536,571,We'll never lose the bathroom key again.
357,5,23,99,127,1.2598425196850394,0.04638217211292898,571,"We aren't part of a chain, but we are an anchor store."
357,4,25,98,127,1.2598425196850394,0.04501468108251446,571,It's a tchotchke from my last job.
357,8,17,102,127,1.2598425196850394,0.050261904269257536,571,We're the anchor store in this mall.
357,8,17,102,127,1.2598425196850394,0.050261904269257536,571,"This is Starbuck, not Starbucks."
357,7,19,101,127,1.2598425196850394,0.04900280240781264,571,It just feels a bit staged for downtown Phoenix.
357,6,21,100,127,1.2598425196850394,0.04771048382553092,571,It's just me own little reminder to keep hands outta the coffee grinder...arrr!
357,4,25,98,127,1.2598425196850394,0.04501468108251446,571,Well I can't leave it out in the rain.
357,5,23,99,127,1.2598425196850394,0.04638217211292898,571,"My decorator said this place needed more ""gravitas""."
374,2,17,63,82,1.2560975609756098,0.05435276726322922,571,You try finding a decently priced storage in this town!
375,3,26,96,125,1.256,0.04385312730232073,571,They say one drop and you're hooked.
375,3,26,96,125,1.256,0.04385312730232073,571,"Don't ask any questions or look him in the eye, but I swear the Caribbean roast is worth it."
375,7,18,100,125,1.256,0.04938851897406534,571,You should have seen me trying to get it in through the door.
375,7,18,100,125,1.256,0.04938851897406534,571,The first customer to buy 10 lattes this week wins the anchor. The first to have 50 lattes gets the ship.
375,9,14,102,125,1.256,0.051935443798822443,571,"For the last time, I don't know who be plunderin' the tip jar."
375,6,20,99,125,1.256,0.04806447282959729,571,"Yah, yah, big joke, the owner says he is from Anchorage."
375,7,18,100,125,1.256,0.04938851897406534,571,What are ye starin' at lass? Its so we don't ruin a'ground.
375,7,18,100,125,1.256,0.04938851897406534,571,The coffee is as well-grounded as my ship used to be
375,7,18,100,125,1.256,0.04938851897406534,571,...and that's how I wound up in Anchorage.
375,5,22,98,125,1.256,0.0467029045169846,571,I should clarify that our 'Drop anchor and stay awhile' slogan is just a metaphor.
385,4,17,77,98,1.2551020408163265,0.05292064109695132,571,One more complaint and you can find yourself a new barrrrista.
386,5,20,93,118,1.2542372881355932,0.04842356318497437,571,It's my conversation starter.
386,5,20,93,118,1.2542372881355932,0.04842356318497437,571,Oh that. It's just an old castoff.
386,3,24,91,118,1.2542372881355932,0.04533334719873197,571,It has sentimental value; it took my hand.
386,5,20,93,118,1.2542372881355932,0.04842356318497437,571,The shipping was free.
386,7,16,95,118,1.2542372881355932,0.05132806809940961,571,"When they told me this mall had an anchor store, I had no idea this was what they meant!"
386,4,22,92,118,1.2542372881355932,0.04690391156273635,571,"Not just that, but there are holes in all the bills when he makes change."
386,5,20,93,118,1.2542372881355932,0.04842356318497437,571,"If you touch it, you own it."
386,6,18,94,118,1.2542372881355932,0.04989695404704999,571,It didn't keep my bike from being stolen.
386,5,20,93,118,1.2542372881355932,0.04842356318497437,571,What makes you think I just got off the boat?
386,2,26,90,118,1.2542372881355932,0.04370638187492265,571,"Aye, and it'll take some attention off me 'ook!"
386,5,20,93,118,1.2542372881355932,0.04842356318497437,571,It reminds me of the wife.
386,10,10,98,118,1.2542372881355932,0.05540003817462826,571,Anybody seen the restroom key?
386,5,20,93,118,1.2542372881355932,0.04842356318497437,571,"Arrr, ye best make that to go."
399,3,25,94,122,1.2540983606557377,0.044416577170868034,571,It's part of the nautical damn ambience. Just deal with it.
399,5,21,96,122,1.2540983606557377,0.04736874836158813,571,Please don't ask for Coffee-Mate.
399,6,19,97,122,1.2540983606557377,0.04877787734442069,571,I find the new Monopoly piece offensive.
399,3,25,94,122,1.2540983606557377,0.044416577170868034,571,I do not have anchor management issues.
403,5,20,95,120,1.25,0.04770650232563333,571,"It’s OK for you to bring your bike’s front tire inside, but I can’t bring in me anchor?"
403,5,20,95,120,1.25,0.04770650232563333,571,Thought you millennials could do with a touch of reality.
403,6,18,96,120,1.25,0.049152480980664874,571,You mind keeping an eye on this? I gotta go back for the boat.
403,4,22,94,120,1.25,0.04621530419392146,571,Without an anchor store there be no chain.
403,4,22,94,120,1.25,0.04621530419392146,571,Trust me. It's a whale of a tale!
403,5,20,95,120,1.25,0.04770650232563333,571,Ar! I brought you a souvenir to attach to your restroom key. Ar!
403,6,18,96,120,1.25,0.049152480980664874,571,I have to admit it's a great hook.
403,4,22,94,120,1.25,0.04621530419392146,571,We think it really anchors the space.
403,4,22,94,120,1.25,0.04621530419392146,571,"We come here because it's the only ""authentic"" pirate coffee shop in town."
403,9,12,99,120,1.25,0.05325537018725447,571,"Yar, the giant anchor must be mine because I'm a pirate, does it? Now who's making stigmatizing assumptions in the workplace?"
403,3,24,93,120,1.25,0.04467435863364723,571,My wife wouldn't let me keep it on the house.
403,6,18,96,120,1.25,0.049152480980664874,571,It wasn't an espresso shop when I first dropped anchor.
415,3,23,92,118,1.2457627118644068,0.04493212915420019,571,"After the Hurricane hit and our ship went down with all hands, that Anchor saved my life. It's made of Balsa wood."
415,8,13,97,118,1.2457627118644068,0.05237574809538084,571,He needs a hand with that anchor.
415,3,23,92,118,1.2457627118644068,0.04493212915420019,571,Anyone who disagrees that we are not an anchor shop will be forced to walk the mall.
418,9,10,96,115,1.2434782608695651,0.05466952841920579,571,I told you I'd drop anchor when I was hired.
418,1,26,88,115,1.2434782608695651,0.04205133680639165,571,Ye gunna thank me when strong winds blow in from th' east.
418,5,18,92,115,1.2434782608695651,0.048770238182640334,571,"Hey sailor, you can't park that here."
418,3,22,90,115,1.2434782608695651,0.04553488256049453,571,Me shrink says I need to be better anchored to the real world.
418,4,20,91,115,1.2434782608695651,0.04718030130356046,571,"""But we haven't lost the bathroom key since!"
418,7,14,94,115,1.2434782608695651,0.051803925864599386,571,We're going to need a bigger boat.
418,4,20,91,115,1.2434782608695651,0.04718030130356046,571,"I usually stow it before my shift, but I forgot the combination to Davy Jones's locker."
418,7,14,94,115,1.2434782608695651,0.051803925864599386,571,She said to put down an anchor and get a steady job.
418,3,22,90,115,1.2434782608695651,0.04553488256049453,571,It looks good with my hook.
418,1,26,88,115,1.2434782608695651,0.04205133680639165,571,"Err, no, why do you always assume it's mine?"
418,9,10,96,115,1.2434782608695651,0.05466952841920579,571,Blast! Forgot to set me parkin' brake again!
418,4,20,91,115,1.2434782608695651,0.04718030130356046,571,It's for my anchor management.
418,5,18,92,115,1.2434782608695651,0.048770238182640334,571,"If you think that's impressive, wait until you see his booty."
418,3,22,90,115,1.2434782608695651,0.04553488256049453,571,There was no street parking
418,4,20,91,115,1.2434782608695651,0.04718030130356046,571,I keep it as a reminder of why I don't drink rum anymore.
418,4,20,91,115,1.2434782608695651,0.04718030130356046,571,It is the only place in town we can get rum in our coffee
418,6,16,93,115,1.2434782608695651,0.05030995362438918,571,God I hate Take your Anchor to Work Day!
418,4,20,91,115,1.2434782608695651,0.04718030130356046,571,It's mine and it stays.
418,3,22,90,115,1.2434782608695651,0.04553488256049453,571,It's part of me anchor management program.
418,6,16,93,115,1.2434782608695651,0.05030995362438918,571,Your point being??
418,4,20,91,115,1.2434782608695651,0.04718030130356046,571,Nobody cares when you bring your bike wheels in here.
418,7,14,94,115,1.2434782608695651,0.051803925864599386,571,Next person who asks about the anchor will get the hook.
418,6,16,93,115,1.2434782608695651,0.05030995362438918,571,It's not seaweed. It's arrrrugula.
418,3,22,90,115,1.2434782608695651,0.04553488256049453,571,It gives the place a certain 'Je ne sais quoi'
418,6,16,93,115,1.2434782608695651,0.05030995362438918,571,It brought me joy.
418,7,14,94,115,1.2434782608695651,0.051803925864599386,571,It was in the soup.
418,3,22,90,115,1.2434782608695651,0.04553488256049453,571,"That thar's the bathroom key, and it's second star to the right and straight on 'til morning"
418,2,24,89,115,1.2434782608695651,0.043827733554238336,571,The next person who starts singing Anchor's Aweigh gets the hook.
418,6,16,93,115,1.2434782608695651,0.05030995362438918,571,What anchor?
447,2,21,80,103,1.2427184466019416,0.046719978694238794,571,Venti plus double barb and seaweed garnish? Who ordered the venti plus double barb with seaweed garnish?
448,4,19,89,112,1.2410714285714286,0.04787225553270457,571,"It is artisanal and single origin, matey. So, get off me back."
448,4,19,89,112,1.2410714285714286,0.04787225553270457,571,Avast! That's me therapy anchor.
448,4,19,89,112,1.2410714285714286,0.04787225553270457,571,"Macys, Sears and JCPenney moved out--we're the anchor tenant now."
448,4,19,89,112,1.2410714285714286,0.04787225553270457,571,Parking wasn't half as hard as putting money in the meter.
448,4,19,89,112,1.2410714285714286,0.04787225553270457,571,and someday...my ship will come in too.
448,5,17,90,112,1.2410714285714286,0.04952401448452785,571,What were you expecting at The Jolly Roger Cafe - a Smiley Face?
448,4,19,89,112,1.2410714285714286,0.04787225553270457,571,Port is ground decaf--starboard is brewed hi-test.
448,5,17,90,112,1.2410714285714286,0.04952401448452785,571,"Well, I couldn't leave it at home, could I?"
448,3,21,88,112,1.2410714285714286,0.04616143075028548,571,"Ok, very funny. Now who took the bathroom key?"
448,7,13,92,112,1.2410714285714286,0.05267236782615763,571,What'd you expect? A picture of Yo-Yo Ma?
458,4,15,77,96,1.2395833333333333,0.05286691265069651,571,Its my therapy anchor. I suffer from post traumatic pirate disorder.
459,6,14,90,110,1.2363636363636363,0.05154376219029219,571,My anchor isn't away.
459,4,18,88,110,1.2363636363636363,0.04819904644226626,571,Extra sea foam on that latte!
459,4,18,88,110,1.2363636363636363,0.04819904644226626,571,"Arghhh! Seven years before the mast, and now I'm stuck behind a cash register!"
459,5,16,89,110,1.2363636363636363,0.04989943636291464,571,The worst part of this job is my commute
459,6,14,90,110,1.2363636363636363,0.05154376219029219,571,"I gave up the sea, but I ain't giving up me wife."
459,5,16,89,110,1.2363636363636363,0.04989943636291464,571,"We order Light Roast, they ship us Light Rust. Happens all the time..."
459,3,20,87,110,1.2363636363636363,0.04643643404214962,571,Crows nest is 2nd floor
459,5,16,89,110,1.2363636363636363,0.04989943636291464,571,"They keep raising rent, but we aren't going anywhere"
459,7,12,91,110,1.2363636363636363,0.05313722887131227,571,"It was my grammy's, so leave it be."
459,3,20,87,110,1.2363636363636363,0.04643643404214962,571,The rent is dirt cheap because the anchor is stuck. The hook and hat are to make it seem intentional.
459,2,22,86,110,1.2363636363636363,0.04460422328836234,571,The mermaid was already taken.
459,5,16,89,110,1.2363636363636363,0.04989943636291464,571,Me other one's at home - her name is Annie.
471,3,19,85,107,1.233644859813084,0.04709782129030868,571,I'd say the captain's got a pretty big anchor management problem...
471,4,17,86,107,1.233644859813084,0.04893404248117062,571,Mother always said I have a whimsical way with bric-a-brac.
471,6,13,88,107,1.233644859813084,0.05241385313120308,571,Welcome to Staaarrrrghbucks. What ya be havin?
471,4,17,86,107,1.233644859813084,0.04893404248117062,571,It's my trophy and it stays right thar.
471,6,13,88,107,1.233644859813084,0.05241385313120308,571,The Board of Health wouldn't let me bring in my parrot.
471,3,19,85,107,1.233644859813084,0.04709782129030868,571,What? It keeps me grounded.
471,5,15,87,107,1.233644859813084,0.05070380909561104,571,When he asked if he could bring his anchor to the shop I assumed he was referring to his wife.
471,4,17,86,107,1.233644859813084,0.04893404248117062,571,"Stop complaining, try giving change with a hook."
471,4,17,86,107,1.233644859813084,0.04893404248117062,571,I said I'm not interested in your anchor management program!
471,3,19,85,107,1.233644859813084,0.04709782129030868,571,"I can't wait until this ""Davy Jones' Latte"" promotion is over."
471,5,15,87,107,1.233644859813084,0.05070380909561104,571,She got the boat and my right hand in the divorce. Deal with it.
471,7,11,89,107,1.233644859813084,0.05406984134722872,571,What name should I scrape into your cup?
471,8,9,90,107,1.233644859813084,0.05567659729697606,571,"Welcome to Arrrrbucks, may I take your order?"
484,5,14,86,105,1.2285714285714286,0.051099885767817904,571,"Yes, it's bring my anchor to work day!"
484,4,16,85,105,1.2285714285714286,0.049275228485861494,571,Its so people don't notice my hook
484,5,14,86,105,1.2285714285714286,0.051099885767817904,571,"I said ""Anchors AWAY"""
484,4,16,85,105,1.2285714285714286,0.049275228485861494,571,I'm quitting as soon as my ship comes in!
484,5,14,86,105,1.2285714285714286,0.051099885767817904,571,It's a present from Brian Williams... he went back to NBC....
484,3,18,84,105,1.2285714285714286,0.047380354147934275,571,Well WE'RE still waiting for our ships to come in.
484,5,14,86,105,1.2285714285714286,0.051099885767817904,571,"If you want the other kind of weed, go to Colorado!"
491,5,13,84,102,1.2254901960784315,0.0519599601404218,571,Sorry about the weight.
491,5,13,84,102,1.2254901960784315,0.0519599601404218,571,I am waiting for my ship to come in!
491,5,13,84,102,1.2254901960784315,0.0519599601404218,571,"We take cash, credit, or treasure map."
491,2,19,81,102,1.2254901960784315,0.04601550038301792,571,It was funny once!
491,6,11,85,102,1.2254901960784315,0.05379567379036276,571,"The place is called 'Pirate Pete's,' so don't tell me you're shocked at the prices."
491,2,19,81,102,1.2254901960784315,0.04601550038301792,571,Complain all you want. It ain't goin' aweigh.
491,5,13,84,102,1.2254901960784315,0.0519599601404218,571,"Sanitary? No, but it does distract from the hook hand"
491,2,19,81,102,1.2254901960784315,0.04601550038301792,571,Annchor's in the way me boys?
491,0,23,79,102,1.2254901960784315,0.04158307533083288,571,Avast! Methinks it's time for a little anchor management.
491,7,9,86,102,1.2254901960784315,0.05557077990566645,571,Has anyone seen my anchor?!
491,4,15,83,102,1.2254901960784315,0.05005697151276056,571,"Sure, the coffee is great...but his anchor management issues are getting hard to ignore."
491,5,13,84,102,1.2254901960784315,0.0519599601404218,571,We have a special on 'Catch-of-the-month.'
491,3,17,82,102,1.2254901960784315,0.04807872020202308,571,Someone took me parking space.
491,5,13,84,102,1.2254901960784315,0.0519599601404218,571,"Does Sardi's have one? I. Don't. Think. So."""
491,2,19,81,102,1.2254901960784315,0.04601550038301792,571,That's nothing! Just wait until you hear the cannon!
491,5,13,84,102,1.2254901960784315,0.0519599601404218,571,Have you folks noticed the anchor tchotchke for sale at the counter here?
491,6,11,85,102,1.2254901960784315,0.05379567379036276,571,Fifteen bucks an hour...and I'm called a pirate.
491,3,17,82,102,1.2254901960784315,0.04807872020202308,571,"Well, if we had a damn employee break room, I wouldn't have to leave it here."
491,3,17,82,102,1.2254901960784315,0.04807872020202308,571,Say what you will but this building has not drifted since I put that in here.
491,6,11,85,102,1.2254901960784315,0.05379567379036276,571,Will that be for here or take aweigh?
491,5,13,84,102,1.2254901960784315,0.0519599601404218,571,"Lor', I'm hatin' this waterfront redevelopment already."
491,3,17,82,102,1.2254901960784315,0.04807872020202308,571,My psychiatrist said I should work on anchor management.
491,5,13,84,102,1.2254901960784315,0.0519599601404218,571,They're renovating my locker.
491,3,17,82,102,1.2254901960784315,0.04807872020202308,571,Don't complain. Branding is everything at Starboards.
491,5,13,84,102,1.2254901960784315,0.0519599601404218,571,"So the wise-acre says to me , ""I'll bet you $50 against your right hand that you can't lift it an inch."""
491,4,15,83,102,1.2254901960784315,0.05005697151276056,571,No one complains about the mermaid on the wall at the other place.
491,7,9,86,102,1.2254901960784315,0.05557077990566645,571,Bottomless cup of coffee? We'll see about that!
491,3,17,82,102,1.2254901960784315,0.04807872020202308,571,I think it really grounds the place.
491,6,11,85,102,1.2254901960784315,0.05379567379036276,571,In stead of a gold watch for my retierment this is what I got Arrr.
491,7,9,86,102,1.2254901960784315,0.05557077990566645,571,Just waiting for my ship to come in.
491,2,19,81,102,1.2254901960784315,0.04601550038301792,571,He's really not pulling his weight.
491,3,17,82,102,1.2254901960784315,0.04807872020202308,571,Ahoy. Will the person that left their frigate parked in the pirate ship only zone please remove it.
491,5,13,84,102,1.2254901960784315,0.0519599601404218,571,Boss told me I could bring one thing that reminded me of home.
491,6,11,85,102,1.2254901960784315,0.05379567379036276,571,The fish sandwiches are huge
491,2,19,81,102,1.2254901960784315,0.04601550038301792,571,"If he said he'll be back Tuesday for it, he'll be back Tuesday!"
491,4,15,83,102,1.2254901960784315,0.05005697151276056,571,"No, I do not have an anchor management problem!"
491,7,9,86,102,1.2254901960784315,0.05557077990566645,571,Some of these Brooklyn restaurants are going overboard.
491,3,17,82,102,1.2254901960784315,0.04807872020202308,571,"No, it's your attitude that's weighing us down."
491,4,15,83,102,1.2254901960784315,0.05005697151276056,571,He wanted a Sanka? I thought I heard Anka !
491,4,15,83,102,1.2254901960784315,0.05005697151276056,571,Will the owner of the frigate currently drifting into shipping lanes please come to the front counter.
491,7,9,86,102,1.2254901960784315,0.05557077990566645,571,"Now hear this, only a few offerings of today's seaweed special left!"
491,3,17,82,102,1.2254901960784315,0.04807872020202308,571,Is that the key to the men's room?
491,2,19,81,102,1.2254901960784315,0.04601550038301792,571,"You told me I needed an anchor management class, I'm taking an anchor management class. There's homework. Get over it!"
534,8,6,86,100,1.22,0.05787482137765048,571,I'm not an anchor baby
534,4,14,82,100,1.22,0.05041244034376972,571,"I bring it everywhere, it's my therapy anchor. It keeps me anchored."
534,1,20,79,100,1.22,0.04399265319747759,571,"Change your order, missy? Sorry, but that ship has sailed."
534,3,16,81,100,1.22,0.048367281703584904,571,"Argh! I'll be saying it again: No ships, no shoes, no service."
534,3,16,81,100,1.22,0.048367281703584904,571,I'd be at Goldman if this thing wasn't holding me back.
534,2,18,80,100,1.22,0.046231739501923746,571,"The coffee is great, but the concept is weighing them down."
534,3,16,81,100,1.22,0.048367281703584904,571,"Ayyy... If I hear ""you're gonna need a bigger boat"" one more time, somebody's gonna walk the plank!"
534,3,16,81,100,1.22,0.048367281703584904,571,I had to bring it with me. My crew will steal anything that isn't nailed down.
534,4,14,82,100,1.22,0.05041244034376972,571,And we thought distressed wood and mason jars were bad...
534,4,14,82,100,1.22,0.05041244034376972,571,I found it in grandmother's attic.
534,4,14,82,100,1.22,0.05041244034376972,571,Blasted Poseidon! Can't just leave a nice signed photo like everyone else.
534,3,16,81,100,1.22,0.048367281703584904,571,We should have known not to go to a placed called Arrrbucks.
534,2,18,80,100,1.22,0.046231739501923746,571,"MY shop, MY decor!"
534,3,16,81,100,1.22,0.048367281703584904,571,"Tomorrow, crew, we set sail for 81st street."
534,7,8,85,100,1.22,0.056102359553540586,571,All of our lattes have non-artificial organic ocean life flavoring.
549,4,13,80,97,1.2164948453608246,0.051244822309301524,571,My insurance policy wouldn't help me. They said it was pre-existing condition.
549,2,17,78,97,1.2164948453608246,0.04686660376971086,571,They say I have anchor management issues
549,4,13,80,97,1.2164948453608246,0.051244822309301524,571,Who took the bathroom key?
549,3,15,79,97,1.2164948453608246,0.049104533204272306,571,The boss' insistence on a nautical theme is a bit inconvenient for the servers.
549,6,9,82,97,1.2164948453608246,0.055277346880224794,571,If you sing Anchors Away one more time you're a dead man.
549,3,15,79,97,1.2164948453608246,0.049104533204272306,571,"Welcome to Hook, Line and Sinker."
549,4,13,80,97,1.2164948453608246,0.051244822309301524,571,"Aargh, it stays! And it's 'Anchors Aweigh' not 'Anchors Away!'"
549,5,11,81,97,1.2164948453608246,0.053299234945862896,571,"Keep an eye out; if he shows up here again, I'm ready."
549,3,15,79,97,1.2164948453608246,0.049104533204272306,571,It's my reminder not to get another tattoo
549,4,13,80,97,1.2164948453608246,0.051244822309301524,571,That's one of our heavier roasts.
549,6,9,82,97,1.2164948453608246,0.055277346880224794,571,"The next one who asks for almond milk, walks the plank"
549,3,15,79,97,1.2164948453608246,0.049104533204272306,571,Arrgh... Just til I catch up with me bills and find a shipmate.
549,3,15,79,97,1.2164948453608246,0.049104533204272306,571,This has a reputation for being a good hook-up spot.
549,5,11,81,97,1.2164948453608246,0.053299234945862896,571,Remember when an anchor tattoo was enough?
549,4,13,80,97,1.2164948453608246,0.051244822309301524,571,"Yes, I know Depp. Yes, he's shorter in person."
549,5,11,81,97,1.2164948453608246,0.053299234945862896,571,"Yes, it's Pirates of the Caribbean theme week."
549,4,13,80,97,1.2164948453608246,0.051244822309301524,571,"Coffee, mate?"
549,4,13,80,97,1.2164948453608246,0.051244822309301524,571,I find that bringing it along improves my wifi reception.
549,2,17,78,97,1.2164948453608246,0.04686660376971086,571,Just a precaution. A customer told me if she drank one more cup she'd float away.
549,2,17,78,97,1.2164948453608246,0.04686660376971086,571,"Arrr, you'll be needin' the class in anchor management!"
549,1,19,77,97,1.2164948453608246,0.04451631068052103,571,"Trade the parrot for something nautical, they said."
549,4,13,80,97,1.2164948453608246,0.051244822309301524,571,Because we're an Anchor Store!
549,3,15,79,97,1.2164948453608246,0.049104533204272306,571,Do you want that anchor to go?
549,4,13,80,97,1.2164948453608246,0.051244822309301524,571,Good up until the last drop.
549,4,13,80,97,1.2164948453608246,0.051244822309301524,571,I feel like this shop could really go places without that anchor.
549,4,13,80,97,1.2164948453608246,0.051244822309301524,571,"""Poets say, 'Symbol,' sailors say 'Stolen,' pragmatists say 'Conversation starter.' Five-year-old kid got it right, said 'It's the old pirate's anchor.' ""."
549,5,11,81,97,1.2164948453608246,0.053299234945862896,571,Maybe this really IS very old tea they found in the Boston harbor.
549,5,11,81,97,1.2164948453608246,0.053299234945862896,571,Our apologies for the long weight.
549,4,13,80,97,1.2164948453608246,0.051244822309301524,571,I just thought some anchor management couldn't hurt.
549,3,15,79,97,1.2164948453608246,0.049104533204272306,571,"...And at 10:00, I'll be signing copies of my memoir, *Buccaneer Barista*."
549,3,15,79,97,1.2164948453608246,0.049104533204272306,571,I think the owner is a little confused about the anchor store concept.
549,2,17,78,97,1.2164948453608246,0.04686660376971086,571,It keeps me grounded.
549,2,17,78,97,1.2164948453608246,0.04686660376971086,571,"Alright you scallywags, we ain't moving this ship till one of you pays for this here double macchiato."
549,3,15,79,97,1.2164948453608246,0.049104533204272306,571,After 50 years I thought I’d at least get a gold watch.
549,3,15,79,97,1.2164948453608246,0.049104533204272306,571,"Be careful Matey, it's my only one."
549,5,11,81,97,1.2164948453608246,0.053299234945862896,571,Macy's closed. Without an anchor we lose business.
549,5,11,81,97,1.2164948453608246,0.053299234945862896,571,"I said, 'You're a wanker!' Not 'bring me an anchor!'"
549,5,11,81,97,1.2164948453608246,0.053299234945862896,571,"Another fresh kelp smoothie, maties."
549,5,11,81,97,1.2164948453608246,0.053299234945862896,571,Milk or sea foam?
549,3,15,79,97,1.2164948453608246,0.049104533204272306,571,Tell Blanche to start leaving that damn thing at home or she's fired.
549,3,15,79,97,1.2164948453608246,0.049104533204272306,571,It's OK - it's a Service Anchor.
549,5,11,81,97,1.2164948453608246,0.053299234945862896,571,"We got de-caff, regular and 'shiver-me-timbers'!"
549,4,13,80,97,1.2164948453608246,0.051244822309301524,571,I decided to give up the old ball and chain.
549,5,11,81,97,1.2164948453608246,0.053299234945862896,571,I got it second hand at a yarrrrd sale.
549,6,9,82,97,1.2164948453608246,0.055277346880224794,571,You'll have to work around it. It's my lucky charm.
594,3,13,72,88,1.2159090909090908,0.05224546106377937,571,"Yes, I wash my hook before leaving the head."
595,1,18,75,94,1.2127659574468086,0.04505351662944766,571,"I told you last week, there's no such thing as ""bring your anchor to work"" day"
595,2,16,76,94,1.2127659574468086,0.04752472998434697,571,"The hook I get, but the anchor seems a tad over the top."
595,5,10,79,94,1.2127659574468086,0.054267317588955866,571,"Stop complaining ye Millennials, it's a docking station as advertised!"
595,4,12,78,94,1.2127659574468086,0.05211680303793997,571,"I know the shop location isn't great, but it is really difficult to move."
595,6,8,80,94,1.2127659574468086,0.05633579996508232,571,Do they really think someone is going to steal the bathroom key?
595,6,8,80,94,1.2127659574468086,0.05633579996508232,571,That could be anyone's anchor.
595,2,16,76,94,1.2127659574468086,0.04752472998434697,571,I think they may have taken the pirate theme a little too far.
595,6,8,80,94,1.2127659574468086,0.05633579996508232,571,Tell him if forgets it one more time it's ours
595,3,14,77,94,1.2127659574468086,0.049873645941421386,571,"""It's not mine. I'm holding it for a matey""."
595,2,16,76,94,1.2127659574468086,0.04752472998434697,571,I'm tired of people walking away with the bathroom door key.
595,1,18,75,94,1.2127659574468086,0.04505351662944766,571,"Okay, I admit it. I have anchor issues."
595,3,14,77,94,1.2127659574468086,0.049873645941421386,571,Enter to win with each cup!
595,4,12,78,94,1.2127659574468086,0.05211680303793997,571,Ok. It's not a treasure but it's a living.
595,6,8,80,94,1.2127659574468086,0.05633579996508232,571,I never thought they'd find me after all these years!
595,1,18,75,94,1.2127659574468086,0.04505351662944766,571,I only have one extra large left.
595,2,16,76,94,1.2127659574468086,0.04752472998434697,571,That there is what makes the WiFi.
595,1,18,75,94,1.2127659574468086,0.04505351662944766,571,"Yeah, we're all hooked."
595,2,16,76,94,1.2127659574468086,0.04752472998434697,571,You're going to need a bigger boite.
595,2,16,76,94,1.2127659574468086,0.04752472998434697,571,At least they've plundered only fair trade coffee.
595,3,14,77,94,1.2127659574468086,0.049873645941421386,571,Will that be cash or cha-r-r-r-r-ge?
595,3,14,77,94,1.2127659574468086,0.049873645941421386,571,Hooked on coffee and anchored in addiction
595,4,12,78,94,1.2127659574468086,0.05211680303793997,571,"Bad weather, she's coming, you'll see why we need it."
595,0,20,74,94,1.2127659574468086,0.04243864702455471,571,"Why haven't I traveled? I don't know, there's just something keeping me here."
595,2,16,76,94,1.2127659574468086,0.04752472998434697,571,AArrrrggghhhh Whys it gotta be MY anchor??
595,4,12,78,94,1.2127659574468086,0.05211680303793997,571,"If ye can't stand the hook, stay out of the kitchen."
595,4,12,78,94,1.2127659574468086,0.05211680303793997,571,Have I told ye about the grande white whale?
595,6,8,80,94,1.2127659574468086,0.05633579996508232,571,"Meanwhile she made out like a bandit-- got the kids, the house and the boat."
595,4,12,78,94,1.2127659574468086,0.05211680303793997,571,You're going to need a bigger tip jar.
595,3,14,77,94,1.2127659574468086,0.049873645941421386,571,It's for alternate-side-of-the-harbor parking.
595,5,10,79,94,1.2127659574468086,0.054267317588955866,571,"Before I was a barista, they called me Ishmael."
625,4,11,77,92,1.2065217391304348,0.052500866778413105,571,Why does everyone always think I'm the one who brought the dirty anchor?
625,2,15,75,92,1.2065217391304348,0.047734242698569566,571,"Yes, coffee has exacerbated my anchor management issues."
625,2,15,75,92,1.2065217391304348,0.047734242698569566,571,I think it anchors the whole room!
625,2,15,75,92,1.2065217391304348,0.047734242698569566,571,"Arrr, whaddaya mean, I need better anchor management?"
625,5,9,78,92,1.2065217391304348,0.05472871783373013,571,I liked the Italian Renaissance décor better.
625,5,9,78,92,1.2065217391304348,0.05472871783373013,571,Perhaps we'll have fewer snide comments from now on about the size of my ship.
625,3,13,76,92,1.2065217391304348,0.050174191266479935,571,"The genie took 'chick magnet' literally, of course."
625,4,11,77,92,1.2065217391304348,0.052500866778413105,571,It's always kept me grounded.
625,2,15,75,92,1.2065217391304348,0.047734242698569566,571,It's the only thing that holds me here.
625,6,7,79,92,1.2065217391304348,0.05686935993101575,571,It's local AND organic.
625,2,15,75,92,1.2065217391304348,0.047734242698569566,571,OK! OK! I admit I have anchor management issues.
625,2,15,75,92,1.2065217391304348,0.047734242698569566,571,"Tweet this, landlubbers--the real Starbuck is back in town!"
625,3,13,76,92,1.2065217391304348,0.050174191266479935,571,Blackbeard left it in the tip jar.
625,4,11,77,92,1.2065217391304348,0.052500866778413105,571,There's dark roast and mutiny in the air.
625,1,17,74,92,1.2065217391304348,0.04516266580668786,571,My wife says if doesn't go with our home décor.
625,3,13,76,92,1.2065217391304348,0.050174191266479935,571,"It grounds me, OK?"
625,5,9,78,92,1.2065217391304348,0.05472871783373013,571,Avast ye! Welcome to Arrrbucks!
625,3,13,76,92,1.2065217391304348,0.050174191266479935,571,"Oh, you said chips ahoy."
625,3,13,76,92,1.2065217391304348,0.050174191266479935,571,I need some anchor management training.
625,4,11,77,92,1.2065217391304348,0.052500866778413105,571,We're on a search for the most perfect white foam!
625,0,19,73,92,1.2065217391304348,0.042435537460095915,571,"Hey, I just run the place, my wife decorates."
625,3,13,76,92,1.2065217391304348,0.050174191266479935,571,One day my ship will come in.
625,3,13,76,92,1.2065217391304348,0.050174191266479935,571,If we started smoking this seaweed instead of steaming it I might be able to remember the way back!
625,1,17,74,92,1.2065217391304348,0.04516266580668786,571,If it's any consolation the kelp is organic.
625,3,13,76,92,1.2065217391304348,0.050174191266479935,571,I got hooked on this stuff years ago.
625,4,11,77,92,1.2065217391304348,0.052500866778413105,571,It's called the Starbuccaneer.
625,4,11,77,92,1.2065217391304348,0.052500866778413105,571,Are we on or off the hook?
625,5,9,78,92,1.2065217391304348,0.05472871783373013,571,Business is up but we just can't seem to get anywhere.
625,3,13,76,92,1.2065217391304348,0.050174191266479935,571,Would you rather I drop trou?
625,1,17,74,92,1.2065217391304348,0.04516266580668786,571,"Arrgh, after breakfast, we all start an anchor management program."
625,2,15,75,92,1.2065217391304348,0.047734242698569566,571,So I'm a sentimentalist--Stop yer complaining!
625,3,13,76,92,1.2065217391304348,0.050174191266479935,571,The sea foam latte was HIS idea!
625,3,13,76,92,1.2065217391304348,0.050174191266479935,571,I thought this was a port city.
625,3,13,76,92,1.2065217391304348,0.050174191266479935,571,Who ordered the anchor steam latte?
625,6,7,79,92,1.2065217391304348,0.05686935993101575,571,You said you wanted a nautical theme in here!
625,5,9,78,92,1.2065217391304348,0.05472871783373013,571,It's good to the last drop.
625,4,11,77,92,1.2065217391304348,0.052500866778413105,571,Can ye lend a hand with the cash register?
625,4,11,77,92,1.2065217391304348,0.052500866778413105,571,"Aye, but ye should see me parrot!"
625,5,9,78,92,1.2065217391304348,0.05472871783373013,571,I'll be darned if I'm going to lock it to a bike rack.
625,6,7,79,92,1.2065217391304348,0.05686935993101575,571,AARRGGH! You can take'em out of the sea but you can't take the sea out of them!
625,3,13,76,92,1.2065217391304348,0.050174191266479935,571,"Arr, ’tis all that’s left of the grande flat white that got away."
625,4,11,77,92,1.2065217391304348,0.052500866778413105,571,I think the barista has anchor management issues.
625,2,15,75,92,1.2065217391304348,0.047734242698569566,571,Nobody complained when Jenn brought in her bike seat!
625,6,7,79,92,1.2065217391304348,0.05686935993101575,571,"Oh! The anchor is a clumsy, but you put the guy with a hook on register?"
625,5,9,78,92,1.2065217391304348,0.05472871783373013,571,It's a stir stick for our grande vents large. Why?
625,2,15,75,92,1.2065217391304348,0.047734242698569566,571,Its my new strategy for anchor management
671,2,14,73,89,1.202247191011236,0.04841664403947964,571,It came with the free trade coffee.
671,5,8,76,89,1.202247191011236,0.05576969844624596,571,"If I hear one more complaint about ""verisimilitude"" somebody's going to get the hook!"
671,1,16,72,89,1.202247191011236,0.0457034878880431,571,We thought being the mall's anchor store was just an honorary title.
671,3,12,74,89,1.202247191011236,0.050985625768042275,571,"What? I thought it was ""bring your anchor to work"" day."
671,3,12,74,89,1.202247191011236,0.050985625768042275,571,Arh ..they keep leavin with the bathroom key
671,5,8,76,89,1.202247191011236,0.05576969844624596,571,Corporate hired a new branding consultant arrrrgh
671,1,16,72,89,1.202247191011236,0.0457034878880431,571,I'll never be rid of me baggage.
671,4,10,75,89,1.202247191011236,0.05343123290615736,571,Blackbeard: the only unacceptable beard in Brooklyn
671,3,12,74,89,1.202247191011236,0.050985625768042275,571,It's me therapy anchor.
671,1,16,72,89,1.202247191011236,0.0457034878880431,571,Captain's been getting into feng shui lately...we think he may be going overboard.
671,5,8,76,89,1.202247191011236,0.05576969844624596,571,Don't you nitwits know an authentic pirate cafe when you see one?
671,3,12,74,89,1.202247191011236,0.050985625768042275,571,Selling $5 cups of coffee seems a more like a lateral career move for me.
671,2,14,73,89,1.202247191011236,0.04841664403947964,571,"Because me landlord said ""Your Coffee Shop, will never be our 'anchor business'. """
671,1,16,72,89,1.202247191011236,0.0457034878880431,571,What if I do have anchor management issues!
671,2,14,73,89,1.202247191011236,0.04841664403947964,571,"When you're the boss, you can be in charge of the decorating theme!"
671,3,12,74,89,1.202247191011236,0.050985625768042275,571,"Ever since Captain Pete became manager, he started throwing his weight around."
671,1,16,72,89,1.202247191011236,0.0457034878880431,571,Fresh aground? Aye.
671,5,8,76,89,1.202247191011236,0.05576969844624596,571,The boat's in the shop.
671,2,14,73,89,1.202247191011236,0.04841664403947964,571,Don't order the Big Meal Deal.
671,3,12,74,89,1.202247191011236,0.050985625768042275,571,"Alright, who parked his boat outside"
671,3,12,74,89,1.202247191011236,0.050985625768042275,571,Aargh...the anchor management group does meet on this deck.
671,1,16,72,89,1.202247191011236,0.0457034878880431,571,He has done nothing to keep this business afloat!
671,4,10,75,89,1.202247191011236,0.05343123290615736,571,"ah, this must be their anchor store!"
671,6,6,77,89,1.202247191011236,0.05801398003669793,571,Local Sea Water Steeped Matcha Tea: $9 Free Range Kelp Machiatto: $13 Crushed Conch Dusted Donut: $11
671,2,14,73,89,1.202247191011236,0.04841664403947964,571,I am practicing anchor management
671,3,12,74,89,1.202247191011236,0.050985625768042275,571,"I was a pirate, dammit! You think I'd be working here if that ship hadn't sailed a long time ago?"
671,5,8,76,89,1.202247191011236,0.05576969844624596,571,His benefits include executive parking.
671,4,10,75,89,1.202247191011236,0.05343123290615736,571,That's not my anchor
671,3,12,74,89,1.202247191011236,0.050985625768042275,571,"Avast, it’s for me anchor management class."
671,1,16,72,89,1.202247191011236,0.0457034878880431,571,"We get celebrities every day but so far, no ship's come in."
671,1,16,72,89,1.202247191011236,0.0457034878880431,571,Guys! Listen up! We ARE the anchor tenant. Got it?
671,4,10,75,89,1.202247191011236,0.05343123290615736,571,"I be telling ye, 'tis not mine!"
671,0,18,71,89,1.202247191011236,0.042818759793101506,571,800 pounds of iron! Only our fruitcake is heavier!
671,3,12,74,89,1.202247191011236,0.050985625768042275,571,It's me therapy anchor.
705,1,7,37,45,1.2,0.06816498108607269,571,A little reminder to the customers to leave a good tip.
706,2,13,71,86,1.197674418604651,0.04912299937443237,571,Sorry. My wife kicked me out.
706,3,11,72,86,1.197674418604651,0.051833067425708014,571,We'll see whose brand is stronger.
706,1,15,70,86,1.197674418604651,0.046254418776187994,571,I have some big anchor management issues but my therapist wants me to be open about them.
706,2,13,71,86,1.197674418604651,0.04912299937443237,571,You don't leave your car brakes at home now do ya?!
706,1,15,70,86,1.197674418604651,0.046254418776187994,571,"Yes, we all have our tetanus boosters."
706,4,9,73,86,1.197674418604651,0.05440831452981707,571,And how do YOU slice bagels???
706,2,13,71,86,1.197674418604651,0.04912299937443237,571,Apparently he spilt coffee on someone hence the anchor management.
706,5,7,74,86,1.197674418604651,0.05686705989580447,571,I'm getting me cock pierced after work.
706,3,11,72,86,1.197674418604651,0.051833067425708014,571,Who ordered the venti anchor?
706,2,13,71,86,1.197674418604651,0.04912299937443237,571,Damn Flood Insurance wouldn't cover removal costs. Rrrrr...
706,3,11,72,86,1.197674418604651,0.051833067425708014,571,I'm the anchor tenant in this mall.
706,0,17,69,86,1.197674418604651,0.04319575725815513,571,It's a requirement o' me anchor management program.
706,4,9,73,86,1.197674418604651,0.05440831452981707,571,"Gives the place character, lassie."
706,2,13,71,86,1.197674418604651,0.04912299937443237,571,The wife said she wanted to put down anchor somewhere. So I did.
706,1,15,70,86,1.197674418604651,0.046254418776187994,571,Looks like someone needs a class in anchor management.
706,2,13,71,86,1.197674418604651,0.04912299937443237,571,"Go ahead - sing ""Anchors Away"" - I'm not movin it!"
706,4,9,73,86,1.197674418604651,0.05440831452981707,571,"No, it isn't fair trade."
706,3,11,72,86,1.197674418604651,0.051833067425708014,571,"Yep, thinkin' 'bout settlin' down."
706,5,7,74,86,1.197674418604651,0.05686705989580447,571,how da fuck did we lose another bathroom key?
706,1,15,70,86,1.197674418604651,0.046254418776187994,571,Keeps me from feeling adrift.
706,7,3,76,86,1.197674418604651,0.061490309184684004,571,He says it's an award.
706,3,11,72,86,1.197674418604651,0.051833067425708014,571,"I know it seems awkward, matey, but you have to learn to work around it."
706,2,13,71,86,1.197674418604651,0.04912299937443237,571,It's all about authenticity.
706,2,13,71,86,1.197674418604651,0.04912299937443237,571,"I realize how quickly these hipster coffee shops come and go, but not sure this is the answer."
706,3,11,72,86,1.197674418604651,0.051833067425708014,571,"It's from a rusty old tramp steamer out of Singapore, but tell everyone it was from the RMS Lusitania."
706,2,13,71,86,1.197674418604651,0.04912299937443237,571,"Arggh, couldn't find a parking spot anywherrre."
706,3,11,72,86,1.197674418604651,0.051833067425708014,571,I liked the parrot better!
706,4,9,73,86,1.197674418604651,0.05440831452981707,571,"Make it snappy, mates, or you'll be taking a dip with me new sails manager."
706,2,13,71,86,1.197674418604651,0.04912299937443237,571,"So I says to Starbuck, 'If I was to stop chasing the whale, what would I do with myself?'"
706,3,11,72,86,1.197674418604651,0.051833067425708014,571,They told me to take an anchor management course.
706,4,9,73,86,1.197674418604651,0.05440831452981707,571,It's one thing to let Blackbeard run the register. It's an entirely different one to put him in charge of decoration!
706,2,13,71,86,1.197674418604651,0.04912299937443237,571,It's called 'Ambience'... You got a problem with that?
706,2,13,71,86,1.197674418604651,0.04912299937443237,571,ARGHH! Dumb copycat 3D printers!!
706,2,13,71,86,1.197674418604651,0.04912299937443237,571,He even replaced the tip jar with a tiny treasure chest.
706,1,15,70,86,1.197674418604651,0.046254418776187994,571,"Sorry, Mateys. It didn't fit in me employee locker."
706,4,9,73,86,1.197674418604651,0.05440831452981707,571,Yo ho! Yo ho! A barista's life for me!
706,3,11,72,86,1.197674418604651,0.051833067425708014,571,We all have our anchors.
706,3,11,72,86,1.197674418604651,0.051833067425708014,571,My analyst feels a keepsake will help ease the transition!
706,2,13,71,86,1.197674418604651,0.04912299937443237,571,I never liked April Fool's Day.
706,4,9,73,86,1.197674418604651,0.05440831452981707,571,"Sure, but your SUV is totally blocking my frigate."
706,2,13,71,86,1.197674418604651,0.04912299937443237,571,Burn th' beans and ye'll find out what its fer!
706,5,7,74,86,1.197674418604651,0.05686705989580447,571,As she was going down I just wanted something to remember her by.
706,4,9,73,86,1.197674418604651,0.05440831452981707,571,"I called for Anger Management volunteers, you idiots."
706,2,13,71,86,1.197674418604651,0.04912299937443237,571,It keeps you 'lubbers from gawkin' at me hook.
706,3,11,72,86,1.197674418604651,0.051833067425708014,571,"Anchors in the way, my boys. Anchors in the way."
706,2,13,71,86,1.197674418604651,0.04912299937443237,571,They told me I needed a marketing hook.
706,4,9,73,86,1.197674418604651,0.05440831452981707,571,I decided it was finally time to drop anchor and pursue me passion.
706,2,13,71,86,1.197674418604651,0.04912299937443237,571,"Alright alright, so I have anchor-management issues!"
706,4,9,73,86,1.197674418604651,0.05440831452981707,571,Don't get hooked
706,5,7,74,86,1.197674418604651,0.05686705989580447,571,I thought the anchor store was in Seattle
706,3,11,72,86,1.197674418604651,0.051833067425708014,571,"Rrrrrr, hurry up, already! My parole officer is making me go to anchor management class."
706,4,9,73,86,1.197674418604651,0.05440831452981707,571,"I ordered the tall anchor, they sent me the venti."
706,3,11,72,86,1.197674418604651,0.051833067425708014,571,After weeks of pissing off his fellow co-workers Captain Right Hook decided to take some anchor-management classes.
706,2,13,71,86,1.197674418604651,0.04912299937443237,571,"You heard me. A very unpleasant surprise to the next one who says ""aaarrrgh!"""
706,2,13,71,86,1.197674418604651,0.04912299937443237,571,Avast Ye Lattes!
706,5,7,74,86,1.197674418604651,0.05686705989580447,571,"Arrr, but we've never lost a bathroom key."
706,2,13,71,86,1.197674418604651,0.04912299937443237,571,This store ain't going nowhere!
706,4,9,73,86,1.197674418604651,0.05440831452981707,571,I feel stuck in this job.
706,4,9,73,86,1.197674418604651,0.05440831452981707,571,"Whoever belongs to the aircraft carrier parked in the back, you left your fog lights on!"
706,3,11,72,86,1.197674418604651,0.051833067425708014,571,I've got a double-shot seaweed latte for...Poseidon.
706,4,9,73,86,1.197674418604651,0.05440831452981707,571,Welcome to Hooked On Coffee!
706,2,13,71,86,1.197674418604651,0.04912299937443237,571,"No, I will NOT put the anchor away!"
706,2,13,71,86,1.197674418604651,0.04912299937443237,571,That there's the best barista in my crew...really anchors the team.
706,4,9,73,86,1.197674418604651,0.05440831452981707,571,What are you you looking at mate? Didn't you know the first Starbuck sailed with Ahab?
706,3,11,72,86,1.197674418604651,0.051833067425708014,571,I hate being on call
706,5,7,74,86,1.197674418604651,0.05686705989580447,571,"Welcome to Arrgh-bucks, I'll be givin' the orders."
706,6,5,75,86,1.197674418604651,0.05922381541584874,571,I set her free.
706,5,7,74,86,1.197674418604651,0.05686705989580447,571,I think this anchor tenant concern is a bit overdone.
706,4,9,73,86,1.197674418604651,0.05440831452981707,571,The wifi password is 'anchor.'
706,2,13,71,86,1.197674418604651,0.04912299937443237,571,"By Lucifer, don't you fools know anything about atmosphere?"
706,0,17,69,86,1.197674418604651,0.04319575725815513,571,..waiting for me ship to come in...
706,4,9,73,86,1.197674418604651,0.05440831452981707,571,"the dark roast is called ""ship out of luck"""
706,2,13,71,86,1.197674418604651,0.04912299937443237,571,"We're the ""anchor store"", so get used to it"
706,5,7,74,86,1.197674418604651,0.05686705989580447,571,You try fitting an anchor in a studio apartment
706,4,9,73,86,1.197674418604651,0.05440831452981707,571,You know I have an anchor management problem.
706,2,13,71,86,1.197674418604651,0.04912299937443237,571,What's the catch?
706,3,11,72,86,1.197674418604651,0.051833067425708014,571,Drip? Captain said drop.
706,2,13,71,86,1.197674418604651,0.04912299937443237,571,The judge said I had to take a course in Anchor Management.
706,3,11,72,86,1.197674418604651,0.051833067425708014,571,"Arr, 'twas me mothers."
706,5,7,74,86,1.197674418604651,0.05686705989580447,571,I thought the whale got everything from the Pequod
706,4,9,73,86,1.197674418604651,0.05440831452981707,571,"What else did you expect at a place called ""Pirates of the coffee bean""?"
706,2,13,71,86,1.197674418604651,0.04912299937443237,571,"Aye, let me tell of the ship that got away."
706,3,11,72,86,1.197674418604651,0.051833067425708014,571,It brought me luck at my last job.
789,2,12,69,83,1.1927710843373494,0.04985383079259017,571,It's better than a mermaid
789,3,10,70,83,1.1927710843373494,0.05271871399196457,571,"It's like ye dollar bill on the wall, matey."
789,2,12,69,83,1.1927710843373494,0.04985383079259017,571,Stole it off a Chinese junk called The Feng Shui...you like it?
789,1,14,68,83,1.1927710843373494,0.04681395181381146,571,who's watching the ship
789,1,14,68,83,1.1927710843373494,0.04681395181381146,571,I thought me old shipmate asked me if I wanted a gift FROM Anchorage.
789,3,10,70,83,1.1927710843373494,0.05271871399196457,571,"Mind my anchor, Mr. Smee. Why is everyone frowning?"
789,3,10,70,83,1.1927710843373494,0.05271871399196457,571,Hey! Get your coffee and go aweigh.
789,2,12,69,83,1.1927710843373494,0.04985383079259017,571,Will you keep an eye on it please? I have to put a daubloon in the meter
789,2,12,69,83,1.1927710843373494,0.04985383079259017,571,"Everyone is afraid to tell him that it's not what's meant by an ""anchor store""."
789,3,10,70,83,1.1927710843373494,0.05271871399196457,571,"You can ask him to leave, but that ship has sailed."
789,2,12,69,83,1.1927710843373494,0.04985383079259017,571,"Quit your bellyaching; I got used to my hook, you'll get used to this one."
789,5,6,72,83,1.1927710843373494,0.05802567987975032,571,"What can we do, he's the anchor tenant!"
789,2,12,69,83,1.1927710843373494,0.04985383079259017,571,"If I hear one more person sing Anchors Aweigh, I'll give 'em a right hook."
789,2,12,69,83,1.1927710843373494,0.04985383079259017,571,Nobody ever wants to talk about the anchor in the room - arrrrr Matey!
789,5,6,72,83,1.1927710843373494,0.05802567987975032,571,"Arrrr, me good luck charm has done nuthin' for this place."
789,1,14,68,83,1.1927710843373494,0.04681395181381146,571,Anchor what?
789,3,10,70,83,1.1927710843373494,0.05271871399196457,571,"Damn, that mermaid led us astray."
789,2,12,69,83,1.1927710843373494,0.04985383079259017,571,Who ordered the Skinny Anchoricano?
789,3,10,70,83,1.1927710843373494,0.05271871399196457,571,"Pipe down, matey! It's merely me personal device."
789,2,12,69,83,1.1927710843373494,0.04985383079259017,571,It's only in yer way if yer heart ain't in it.
789,1,14,68,83,1.1927710843373494,0.04681395181381146,571,One more hook joke and I'll drop the whole ship on ya.
789,2,12,69,83,1.1927710843373494,0.04985383079259017,571,"If one more person says ""anchors away,"" I'll be puttin' this hook to better use..."
789,3,10,70,83,1.1927710843373494,0.05271871399196457,571,Have you never heard of an anchor store before?
789,4,8,71,83,1.1927710843373494,0.05543573906097862,571,Looks like Captain Sam hasn't started his anchor management classes yet.
789,3,10,70,83,1.1927710843373494,0.05271871399196457,571,"'Aye, the steel is locally smelted."
789,3,10,70,83,1.1927710843373494,0.05271871399196457,571,"Aaarrgh, turns out he ordered a large Sanka."
789,1,14,68,83,1.1927710843373494,0.04681395181381146,571,I guess he intends to stay...
789,5,6,72,83,1.1927710843373494,0.05802567987975032,571,This rustic industrial trend is getting out of hand.
789,4,8,71,83,1.1927710843373494,0.05543573906097862,571,Keeps me beans grounded.
789,5,6,72,83,1.1927710843373494,0.05802567987975032,571,What makes you say it's mine?
789,3,10,70,83,1.1927710843373494,0.05271871399196457,571,Where I drops my anchor is home.
789,3,10,70,83,1.1927710843373494,0.05271871399196457,571,Bring Your Anchor to Work Day wasn't my idea.
789,5,6,72,83,1.1927710843373494,0.05802567987975032,571,The big fella was hooked on caffeine.
789,2,12,69,83,1.1927710843373494,0.04985383079259017,571,"Now what?!? I moved the ship out, didn't I?"
789,3,10,70,83,1.1927710843373494,0.05271871399196457,571,It's an old school reminder that tips are appreciated!
789,0,16,67,83,1.1927710843373494,0.04356245773777591,571,That's completely the wrong type of anchor to drop on this linoleum
789,6,4,73,83,1.1927710843373494,0.06050485836507354,571,"I want a sign that says, 'All of our ingredients were plundered locally.'"
789,3,10,70,83,1.1927710843373494,0.05271871399196457,571,It's just part of my anchor management .
789,0,16,67,83,1.1927710843373494,0.04356245773777591,571,This job is dragging me down.
789,2,12,69,83,1.1927710843373494,0.04985383079259017,571,Somebody here clearly needs an anchor management class.
789,3,10,70,83,1.1927710843373494,0.05271871399196457,571,"Pirate Coffee is black, like the cursed heart of Wall Street. Black as the craters of a new moon. Then, we shall hang you from the yardarm, hoist anchor, and sail the glorious seas of corporate acquisition."
789,6,4,73,83,1.1927710843373494,0.06050485836507354,571,What'll it be? With rum or without?
789,4,8,71,83,1.1927710843373494,0.05543573906097862,571,"Ordering a White Whale to go, with extra foam."
789,1,14,68,83,1.1927710843373494,0.04681395181381146,571,It's part o' me anchor management. Next!
789,4,8,71,83,1.1927710843373494,0.05543573906097862,571,Re-branding. We got rid of the mermaid.
789,3,10,70,83,1.1927710843373494,0.05271871399196457,571,The nautical theme's gotten out of hand.
835,2,11,68,81,1.1851851851851851,0.0500342818003937,571,That's not an art installation?
835,0,15,66,81,1.1851851851851851,0.043429775553920656,571,"Aargh, what this place needs is some 'anchor' management!"
835,2,11,68,81,1.1851851851851851,0.0500342818003937,571,Never thought the shot of rum in my morning coffee would make the day so much more exciting
835,4,7,70,81,1.1851851851851851,0.055863344922216146,571,Ye don't like it? Ye can walk the plank.
835,1,13,67,81,1.1851851851851851,0.046848557928420444,571,Caffeine: we're all hooked.
835,5,5,71,81,1.1851851851851851,0.05856069741052555,571,"Yeah, well in good neighborhoods, there's an anchor stand at the door."
835,2,11,68,81,1.1851851851851851,0.0500342818003937,571,It's my piece of personal flair.
835,3,9,69,81,1.1851851851851851,0.05302896690102354,571,"No worries, a tetanus booster is one of the fringe benefits."
835,2,11,68,81,1.1851851851851851,0.0500342818003937,571,you think you had a bad day
835,3,9,69,81,1.1851851851851851,0.05302896690102354,571,The last guy that complained about the food was tied to it!
835,2,11,68,81,1.1851851851851851,0.0500342818003937,571,He said it's from the Titanic.
835,2,11,68,81,1.1851851851851851,0.0500342818003937,571,What did ye expect from a Trader Joes—Starbucks merger?
835,2,11,68,81,1.1851851851851851,0.0500342818003937,571,The next person who orders a Unicorn Frappuccino is walkin' the plank.
835,2,11,68,81,1.1851851851851851,0.0500342818003937,571,"Stop pesterin' me, I be taking anchor management classes soon."
835,1,13,67,81,1.1851851851851851,0.046848557928420444,571,"Next person who says I need ""anchor management"" get's the hook."
835,2,11,68,81,1.1851851851851851,0.0500342818003937,571,"Sure, it gets in the way, but it keeps the place from floating away."
835,1,13,67,81,1.1851851851851851,0.046848557928420444,571,"Believe it or not, it's collapsible."
835,1,13,67,81,1.1851851851851851,0.046848557928420444,571,"Let me know if that's in the way, matey."
835,3,9,69,81,1.1851851851851851,0.05302896690102354,571,First mate Starbuck at your service. Welcome to our anchor store.
835,2,11,68,81,1.1851851851851851,0.0500342818003937,571,What? It doesn't fit in the locker.
835,3,9,69,81,1.1851851851851851,0.05302896690102354,571,'Tis the last time someone steals my bike.
835,1,13,67,81,1.1851851851851851,0.046848557928420444,571,I guess they don't plan on relocating.
835,3,9,69,81,1.1851851851851851,0.05302896690102354,571,it's not not nautical
835,3,9,69,81,1.1851851851851851,0.05302896690102354,571,He ran an onboard grog bar before his ship sunk.
835,4,7,70,81,1.1851851851851851,0.055863344922216146,571,At Starbucks you get free WiFi. Here you get an anchor. Deal with it!
835,3,9,69,81,1.1851851851851851,0.05302896690102354,571,"Welcome to Hook, Brew and Sinker."
861,1,11,60,72,1.1805555555555556,0.04975050777451365,571,Everybody wants to know about the anchor ... Nobody wants to know about me ...
862,5,4,69,78,1.1794871794871795,0.059813200568389145,571,"I said anchors AWAY, my boys."
862,2,10,66,78,1.1794871794871795,0.05078009416329737,571,"Whoever ordered the ""Anchor Special"" it's ready for pick-up."
862,1,12,65,78,1.1794871794871795,0.04738794815386097,571,"You can't complain .The mall wanted an anchor tenant , and they got one"
862,4,6,68,78,1.1794871794871795,0.05696155395733173,571,"After Polly died, my heart just wasn't in it anymore."
862,2,10,66,78,1.1794871794871795,0.05078009416329737,571,"Aye, I bring me anchor wherever I go. It's bulky but I don't have to feed it like a parrot."
862,1,12,65,78,1.1794871794871795,0.04738794815386097,571,Fair trade be damned!
862,3,8,67,78,1.1794871794871795,0.05395941341632321,571,"No, I can't just make it go aweigh."
862,2,10,66,78,1.1794871794871795,0.05078009416329737,571,See it for what it is.
862,2,10,66,78,1.1794871794871795,0.05078009416329737,571,"'It's the only way I don't lose my keys."""
862,2,10,66,78,1.1794871794871795,0.05078009416329737,571,We are now providing supersized portions.
862,1,12,65,78,1.1794871794871795,0.04738794815386097,571,Welcome to Arrrby's. We're the Mall's anchor store.
862,4,6,68,78,1.1794871794871795,0.05696155395733173,571,Nothing I can do about it. The maritime court sentenced me to anchor management.
862,2,10,66,78,1.1794871794871795,0.05078009416329737,571,Great coffee but the feng shui is off.
862,2,10,66,78,1.1794871794871795,0.05078009416329737,571,He's already had two baristas decaffeinated this week.
862,2,10,66,78,1.1794871794871795,0.05078009416329737,571,"Well, the new boss did say, 'not to worry, Smee, you can drop anchor here.'"
862,0,14,64,78,1.1794871794871795,0.04373348027807394,571,The mall was desperate for an anchor store.
862,3,8,67,78,1.1794871794871795,0.05395941341632321,571,It's Starbuck's.
862,2,10,66,78,1.1794871794871795,0.05078009416329737,571,It's just something to bring back memories
862,1,12,65,78,1.1794871794871795,0.04738794815386097,571,For here.
862,4,6,68,78,1.1794871794871795,0.05696155395733173,571,"Anyone who starts singing ""Anchors Away"" gets the hook."
862,2,10,66,78,1.1794871794871795,0.05078009416329737,571,The wifi password is 'anchor.'
862,2,10,66,78,1.1794871794871795,0.05078009416329737,571,"That's Brandi. I gave her a necklace in the 1970's, and she's been dragging around after me ever since."
862,2,10,66,78,1.1794871794871795,0.05078009416329737,571,So... that's one decaf Arrrbucks Captainccino with a sprinkle of freshly plundered Indonesian cardamom.
862,3,8,67,78,1.1794871794871795,0.05395941341632321,571,"Even as I move on, the weight of my past follows me."
862,3,8,67,78,1.1794871794871795,0.05395941341632321,571,Arr...Ye said 'Make Yourself At Home'...
862,2,10,66,78,1.1794871794871795,0.05078009416329737,571,Anyone else getting a sinking feeling?
862,0,14,64,78,1.1794871794871795,0.04373348027807394,571,At least now nobody will notice how dirty our bathrooms are.
862,1,12,65,78,1.1794871794871795,0.04738794815386097,571,"I said ground, not grounded."
862,2,10,66,78,1.1794871794871795,0.05078009416329737,571,It tells those real estate vultures this shop ain’t goin’ nowhere.
862,2,10,66,78,1.1794871794871795,0.05078009416329737,571,"Enough with the looks, I can assure you all that I practice sustainable piracy."
862,3,8,67,78,1.1794871794871795,0.05395941341632321,571,"I thought the ""tall"" size would be smaller."
862,2,10,66,78,1.1794871794871795,0.05078009416329737,571,"You want a splash? I'll give you a splash!"""
862,0,14,64,78,1.1794871794871795,0.04373348027807394,571,It didn't stop them from stealing my bicycle.
862,5,4,69,78,1.1794871794871795,0.059813200568389145,571,That's the last time I capture a ship from Colombia.
862,3,8,67,78,1.1794871794871795,0.05395941341632321,571,"No, we don't have WiFi"
862,3,8,67,78,1.1794871794871795,0.05395941341632321,571,"Argh, it stops me timbers from shivering."
862,3,8,67,78,1.1794871794871795,0.05395941341632321,571,It's a precautionary measure; we stopped paying rent.
862,1,12,65,78,1.1794871794871795,0.04738794815386097,571,Their fresh whale meat has won many culinary awards.
862,1,12,65,78,1.1794871794871795,0.04738794815386097,571,It’s called unique competitive advantage: “Ahoy Coffee-Mateys! Thar she brews!”
862,4,6,68,78,1.1794871794871795,0.05696155395733173,571,"Sigh. No, we don’t serve Yo Ho Ho’s and a bottle of rum."
862,3,8,67,78,1.1794871794871795,0.05395941341632321,571,Couldn't he have just gotten a tattoo?
862,4,6,68,78,1.1794871794871795,0.05696155395733173,571,Fire two espresso shots across the starboard bow!
862,2,10,66,78,1.1794871794871795,0.05078009416329737,571,I'm afraid it makes me look too preppy.
862,4,6,68,78,1.1794871794871795,0.05696155395733173,571,I thought their coffee tasted fishy.
862,3,8,67,78,1.1794871794871795,0.05395941341632321,571,"It says no laptops, nothing about anchors."
862,0,14,64,78,1.1794871794871795,0.04373348027807394,571,I don't believe in tattoos.
862,1,12,65,78,1.1794871794871795,0.04738794815386097,571,"You know, I get the feeling there's something holding this place back."
862,1,12,65,78,1.1794871794871795,0.04738794815386097,571,"This isn't what I imagined my community service in a ""fair trade"" company would look like."
862,2,10,66,78,1.1794871794871795,0.05078009416329737,571,"I can't fire it, we have a lot of history together."
862,3,8,67,78,1.1794871794871795,0.05395941341632321,571,Anybody see the boat this goes with?
862,4,6,68,78,1.1794871794871795,0.05696155395733173,571,"I said ""anchor away"", not ""anchor aweigh"""
862,2,10,66,78,1.1794871794871795,0.05078009416329737,571,"Great coffee, but this place could really use better anchor management"
862,4,6,68,78,1.1794871794871795,0.05696155395733173,571,"Aye, and that's when it swung at us. I'm telling you, this seaweed monster, it was 20 feet tall at the least!"
862,2,10,66,78,1.1794871794871795,0.05078009416329737,571,"Arrrh, strange juxtaposition for YOU maybe."
862,2,10,66,78,1.1794871794871795,0.05078009416329737,571,We sold the large one last week.
862,0,14,64,78,1.1794871794871795,0.04373348027807394,571,"Ain't it obvious? After the anchor management class, I got hooked."
862,2,10,66,78,1.1794871794871795,0.05078009416329737,571,"We have some funky figurehead earings for sale at the back of the store, and I guess you've already seen the anchor pendant."
862,3,8,67,78,1.1794871794871795,0.05395941341632321,571,"Any complaints, tell'um where they can put that anchor."
862,1,12,65,78,1.1794871794871795,0.04738794815386097,571,Anchor's in the way!
862,3,8,67,78,1.1794871794871795,0.05395941341632321,571,The coffee is great but I wish he'd take an anchor management class.
862,1,12,65,78,1.1794871794871795,0.04738794815386097,571,Time to Make Tattoos Great Again
862,3,8,67,78,1.1794871794871795,0.05395941341632321,571,"Aye, it used to be that Starbuck worked for me!"
862,3,8,67,78,1.1794871794871795,0.05395941341632321,571,"When they said this mall had an anchor store, I expected a chain."
862,0,14,64,78,1.1794871794871795,0.04373348027807394,571,"Yer coffee is all anchor and no sail, lad."
862,3,8,67,78,1.1794871794871795,0.05395941341632321,571,He thinks he has to weigh in on every situation.
862,3,8,67,78,1.1794871794871795,0.05395941341632321,571,"It's my anchor, baby!"
862,1,12,65,78,1.1794871794871795,0.04738794815386097,571,Baristas of the Carribean: Curse of the Marketing Stunt
862,2,10,66,78,1.1794871794871795,0.05078009416329737,571,I got tired of other people bringing in emotional support animals
862,3,8,67,78,1.1794871794871795,0.05395941341632321,571,"Back in the day, our coffee shop was only hijacked by hipsters."
862,2,10,66,78,1.1794871794871795,0.05078009416329737,571,My therapist thought it might help with my anxiety.
862,3,8,67,78,1.1794871794871795,0.05395941341632321,571,"Me knows the Navy has their song, but ""Anchor is in the Way"" be ours."
862,2,10,66,78,1.1794871794871795,0.05078009416329737,571,I'm the only one who pulls his own weight around here.
862,2,10,66,78,1.1794871794871795,0.05078009416329737,571,"After retiring from the sea, Captain Hook dropped anchor in a diner franchise."
862,0,14,64,78,1.1794871794871795,0.04373348027807394,571,I am also taking up 30 parking spaces outside for your information
862,3,8,67,78,1.1794871794871795,0.05395941341632321,571,Relax folks I'm just looking for a hook up.
862,1,12,65,78,1.1794871794871795,0.04738794815386097,571,I'll drop it wherever I want.
862,3,8,67,78,1.1794871794871795,0.05395941341632321,571,Is that cappuccino or did the parrot get loose again?
862,4,6,68,78,1.1794871794871795,0.05696155395733173,571,"How long is this pirate trend going to last? First there were all those New Yorker cartoons, and now this coffee shop."
862,3,8,67,78,1.1794871794871795,0.05395941341632321,571,You'll get a raise when my ship comes in.
862,1,12,65,78,1.1794871794871795,0.04738794815386097,571,"You know what they say, Never Leave Home Without It"
862,4,6,68,78,1.1794871794871795,0.05696155395733173,571,Well it seems I've hit rock bottom.
862,2,10,66,78,1.1794871794871795,0.05078009416329737,571,It must be bring your kedge to work day.
862,3,8,67,78,1.1794871794871795,0.05395941341632321,571,I am waiting for my ship to come in!
862,2,10,66,78,1.1794871794871795,0.05078009416329737,571,It helps keep us grounded.
862,2,10,66,78,1.1794871794871795,0.05078009416329737,571,"The journey from buccaneer to barista can't be an easy one, I'll give him that."
862,3,8,67,78,1.1794871794871795,0.05395941341632321,571,I don't think this was the Sanka we ordered.
862,3,8,67,78,1.1794871794871795,0.05395941341632321,571,"""You move the anchor, wench!'"
862,0,14,64,78,1.1794871794871795,0.04373348027807394,571,One Grande Anchor Steam Vendi cream coming up!
862,2,10,66,78,1.1794871794871795,0.05078009416329737,571,"Which reminds me, doesn't your mother arrive Tuesday?"
862,2,10,66,78,1.1794871794871795,0.05078009416329737,571,"We take Visa, Mastercard and doubloons."
862,0,14,64,78,1.1794871794871795,0.04373348027807394,571,Ask Starbuck if he's missing something.
862,4,6,68,78,1.1794871794871795,0.05696155395733173,571,Arghbucks
862,1,12,65,78,1.1794871794871795,0.04738794815386097,571,"Because my life, my love, and my lady, was the sea. You got a problem with that?"
955,2,4,39,45,1.1777777777777778,0.07309112127323451,571,He thinks OSHA is one of the seven seas.
956,1,11,63,75,1.1733333333333333,0.04792386354100322,571,So who says a coffee shop can't be a big anchor store at the mall?
956,3,7,65,75,1.1733333333333333,0.05493102417957832,571,"Yeah, I stole it from a sorority's front lawn. Who's gonna make me give it back?"
956,2,9,64,75,1.1733333333333333,0.05154664932909856,571,This shop is not going anywhere.
956,3,7,65,75,1.1733333333333333,0.05493102417957832,571,"What makes you think it's my anchor, Paula?"
956,2,9,64,75,1.1733333333333333,0.05154664932909856,571,"I don't go back on me word, said I would drop anchor and open a coffee shop one day"
956,2,9,64,75,1.1733333333333333,0.05154664932909856,571,What makes ye think it be mine?
956,2,9,64,75,1.1733333333333333,0.05154664932909856,571,I need a BIG worm.
956,2,9,64,75,1.1733333333333333,0.05154664932909856,571,The sea is a hard mistress!
956,2,9,64,75,1.1733333333333333,0.05154664932909856,571,"Once you've had your first cup, it goes away."
956,3,7,65,75,1.1733333333333333,0.05493102417957832,571,That be the biggest size we serve.
956,1,11,63,75,1.1733333333333333,0.04792386354100322,571,"Argh, Starbuck left it here."
956,0,13,62,75,1.1733333333333333,0.044003821837839685,571,"Cuz we're the anchor store in this mall, matey."
956,3,7,65,75,1.1733333333333333,0.05493102417957832,571,The new decor is really weighing this place down.
956,1,11,63,75,1.1733333333333333,0.04792386354100322,571,Don't look at me. I just be a barrrista.
956,2,9,64,75,1.1733333333333333,0.05154664932909856,571,"Big fish, big hook."
956,2,9,64,75,1.1733333333333333,0.05154664932909856,571,You people are so afraid of change.
956,2,9,64,75,1.1733333333333333,0.05154664932909856,571,"I don't mind if you have a problem with my hook, but please leave the anchor out of it."
956,2,9,64,75,1.1733333333333333,0.05154664932909856,571,"Arrrrg, business is good, but I feel there is something weighing us down."
956,1,11,63,75,1.1733333333333333,0.04792386354100322,571,Well this is how we do things at my StARRRRRRRRRRRRRRRRbucks.
956,3,7,65,75,1.1733333333333333,0.05493102417957832,571,Yarr!...I know he's weighing us down; but I can't let him go.
956,1,11,63,75,1.1733333333333333,0.04792386354100322,571,Don't you think it adds to the ambiance?
977,1,10,61,72,1.1666666666666667,0.048450158311150925,571,I didn't have time to park it before me shift started.
977,2,8,62,72,1.1666666666666667,0.05233215213522994,571,think of it as a metaphor for stability
977,2,8,62,72,1.1666666666666667,0.05233215213522994,571,"Our featured coffee is ""catch of the day."""
977,3,6,63,72,1.1666666666666667,0.05594542388644594,571,Mobile order for Blackbeard is ready.
977,3,6,63,72,1.1666666666666667,0.05594542388644594,571,And I've been shipwrecked here ever since!
977,2,8,62,72,1.1666666666666667,0.05233215213522994,571,Use a different reminder? Don't suggest tying a string around my finger.
977,4,4,64,72,1.1666666666666667,0.05933908290969267,571,"It is amazing, lift the anchor and win a free cup of coffee. Tell your friends."
977,0,12,60,72,1.1666666666666667,0.04422874103618961,571,"""Can't a fellow keep a memento around from his wilder and more carefree days?"
977,1,10,61,72,1.1666666666666667,0.048450158311150925,571,"Remember mates, it's Starbuckaneers now."
977,3,6,63,72,1.1666666666666667,0.05594542388644594,571,"Avast yer complainin', it don't fit in my sea chest!"
977,1,10,61,72,1.1666666666666667,0.048450158311150925,571,Whale is very fresh today
977,4,4,64,72,1.1666666666666667,0.05933908290969267,571,Th' employee parkin' here be ridiculous.
977,2,8,62,72,1.1666666666666667,0.05233215213522994,571,"Great! Now, pirates are taking our jobs!"
977,1,10,61,72,1.1666666666666667,0.048450158311150925,571,"It's an authentic 1717 Blackbeard Navy Stock, almost impossible to find these days. It's a beauty though, cost me an arm and a leg."
977,1,10,61,72,1.1666666666666667,0.048450158311150925,571,"The next one who asks me about Captain Crunch will drink just a doubble macchiato, no toppings."
977,3,6,63,72,1.1666666666666667,0.05594542388644594,571,I didn't argue with the guy who paid his bill with it.
977,1,10,61,72,1.1666666666666667,0.048450158311150925,571,"Will that be ""Away"" or ""To Stay""?"
977,2,8,62,72,1.1666666666666667,0.05233215213522994,571,My decorator did the Pequod.
977,2,8,62,72,1.1666666666666667,0.05233215213522994,571,"Alright, who threw the anchor?"
977,0,12,60,72,1.1666666666666667,0.04422874103618961,571,I'd a bringed both of them but I only got one hand.
977,2,8,62,72,1.1666666666666667,0.05233215213522994,571,I used to go to Starbucks every morning till I got hooked on this place.
977,5,2,65,72,1.1666666666666667,0.0625488854200668,571,"I fell for it hook, line, and sinker."
977,1,10,61,72,1.1666666666666667,0.048450158311150925,571,Can I plunder the next person in line?
977,2,8,62,72,1.1666666666666667,0.05233215213522994,571,"Well, Captain Joe don't put his anchors away, my boy."
977,2,8,62,72,1.1666666666666667,0.05233215213522994,571,It gets me a nice discount on flood insurance
977,1,10,61,72,1.1666666666666667,0.048450158311150925,571,This shop could really take off if we got rid of all the dead weight.
977,5,2,65,72,1.1666666666666667,0.0625488854200668,571,You think YOU'RE pissed? Imagine the reaction of the guys I pranked at my other job when they realized it was missing.
977,1,10,61,72,1.1666666666666667,0.048450158311150925,571,Because we're the anchor tenant.
977,3,6,63,72,1.1666666666666667,0.05594542388644594,571,I'm here to stay.
977,2,8,62,72,1.1666666666666667,0.05233215213522994,571,"If yer interested, I got a whole bunch more of 'em. I'm sellin' off me collection."
977,0,12,60,72,1.1666666666666667,0.04422874103618961,571,Don't just stand there mateys - weigh the damn thing....
977,3,6,63,72,1.1666666666666667,0.05594542388644594,571,And I've been in search of the Great White Mocha Frappuccino ever since.
977,3,6,63,72,1.1666666666666667,0.05594542388644594,571,Ok. Who's the wise guy?
977,1,10,61,72,1.1666666666666667,0.048450158311150925,571,This place is sinking under the new management.
977,3,6,63,72,1.1666666666666667,0.05594542388644594,571,"If you don't like it, take it up with Linda in H.Arrrrrr."
977,2,8,62,72,1.1666666666666667,0.05233215213522994,571,"I don't care what he says - I'm the Captain, Starbuck is First Mate. Therefore, effective immediately, we are rebranding as ""Ahabs."""
977,3,6,63,72,1.1666666666666667,0.05594542388644594,571,"Happy or not I declare this the anchor store, no chains for me."
977,1,10,61,72,1.1666666666666667,0.048450158311150925,571,The anchor wasn't the only thing that didn't seem to fit in.
977,1,10,61,72,1.1666666666666667,0.048450158311150925,571,It keeps me grounded.
977,2,8,62,72,1.1666666666666667,0.05233215213522994,571,If we're going to call it Captain Hook's Seafood-Flavored Coffee then we need the anchor for authenticity.
977,3,6,63,72,1.1666666666666667,0.05594542388644594,571,Quit your bellyaching. You knew this was the anchor store.
977,3,6,63,72,1.1666666666666667,0.05594542388644594,571,'Stop your belly-aching and one of you go find the parrot! You can't have Pirate Day without the parrot!'
977,3,6,63,72,1.1666666666666667,0.05594542388644594,571,"Aargh! My ship's in the shop, okay?"
977,1,10,61,72,1.1666666666666667,0.048450158311150925,571,"OK, yes, fine - I admit I have anchor-management issues."
977,2,8,62,72,1.1666666666666667,0.05233215213522994,571,It's ahrrrgt.
977,4,4,64,72,1.1666666666666667,0.05933908290969267,571,Does ye want cream and sugar with that anchor?
977,1,10,61,72,1.1666666666666667,0.048450158311150925,571,Don't say anything. He has a mean right jab.
977,4,4,64,72,1.1666666666666667,0.05933908290969267,571,"For the last time, it's *not* from West Elm"
977,2,8,62,72,1.1666666666666667,0.05233215213522994,571,What're ye eyein' me for? Doesn't thou get thy personal packages at work?
977,3,6,63,72,1.1666666666666667,0.05594542388644594,571,Who wants a Flat White Whale?
977,2,8,62,72,1.1666666666666667,0.05233215213522994,571,Clearly they took their dream of being an anchor store too literally
977,2,8,62,72,1.1666666666666667,0.05233215213522994,571,One venti Captain Crunch to go.
977,4,4,64,72,1.1666666666666667,0.05933908290969267,571,The next one of you lubbers what flashes a Starbucks Discount Card is headed for the briney deep.
977,3,6,63,72,1.1666666666666667,0.05594542388644594,571,It's good luck.
977,1,10,61,72,1.1666666666666667,0.048450158311150925,571,It differentiates us.
977,0,12,60,72,1.1666666666666667,0.04422874103618961,571,Some guy from Craigslist should be in after lunch to pick up that anchor.
977,1,10,61,72,1.1666666666666667,0.048450158311150925,571,Now who's got anchor management issues?
977,2,8,62,72,1.1666666666666667,0.05233215213522994,571,I never put my anchors away.
977,2,8,62,72,1.1666666666666667,0.05233215213522994,571,"""Starbucks took the mermaid logo, so we're stuck with this""."
977,2,8,62,72,1.1666666666666667,0.05233215213522994,571,They did say that today's flavor is 'Fresh Catch'.
977,3,6,63,72,1.1666666666666667,0.05594542388644594,571,"In the good old days, fish were in the ocean, not on the menu."
977,1,10,61,72,1.1666666666666667,0.048450158311150925,571,Our coffee is firmly anchored in tradition! You'll be hooked in no time.
977,1,10,61,72,1.1666666666666667,0.048450158311150925,571,Here's your order. Terribly sorry about the weight.
977,3,6,63,72,1.1666666666666667,0.05594542388644594,571,Twar a whale...a flat white whale.
977,4,4,64,72,1.1666666666666667,0.05933908290969267,571,"It's not in his field of expertise, but at least he's holding down a job."
977,1,10,61,72,1.1666666666666667,0.048450158311150925,571,"""I said 'away,' not 'aweigh""!"
977,2,8,62,72,1.1666666666666667,0.05233215213522994,571,I'm still waiting for my ship to come in.
977,2,8,62,72,1.1666666666666667,0.05233215213522994,571,"I'm the new owner, and I say that it stays!"
977,4,4,64,72,1.1666666666666667,0.05933908290969267,571,Time to put the list of daily specials outside.
977,3,6,63,72,1.1666666666666667,0.05594542388644594,571,I'm calling it ARRRR-Bucks
977,3,6,63,72,1.1666666666666667,0.05594542388644594,571,"I'm sorry if it cramps your style, dude, but I had to get here SOMEhow and we all know the L is fucked this weekend"
977,2,8,62,72,1.1666666666666667,0.05233215213522994,571,It distracts customers from realizing they are paying an arm and leg.
977,2,8,62,72,1.1666666666666667,0.05233215213522994,571,"Aye, me thinks I've misunderstood what being an anchor store in the mall meant."
977,4,4,64,72,1.1666666666666667,0.05933908290969267,571,Ten zillion pounds? - close enough. It's yours.
977,1,10,61,72,1.1666666666666667,0.048450158311150925,571,"I'm tired of hearing, ""The anchor's in the way, my boys."""
977,3,6,63,72,1.1666666666666667,0.05594542388644594,571,"What were ya expecting mates, those cute little paper umbrellas?"
977,1,10,61,72,1.1666666666666667,0.048450158311150925,571,"I quit me job to apply for the big anchorman position they advertised. Fake news, says I."
977,2,8,62,72,1.1666666666666667,0.05233215213522994,571,It's still no sillier than a cronut.
977,2,8,62,72,1.1666666666666667,0.05233215213522994,571,We were surprised to find the mermaid coffee shop theme was already taken too.
977,3,6,63,72,1.1666666666666667,0.05594542388644594,571,"It used to be in his living room, but no one ever mentioned it there."
977,3,6,63,72,1.1666666666666667,0.05594542388644594,571,"If you have a problem with it, bring it up to Starbuck. It's his."
977,4,4,64,72,1.1666666666666667,0.05933908290969267,571,Anybody have anything to say about my coffee?
977,2,8,62,72,1.1666666666666667,0.05233215213522994,571,The whale just wouldn't fit.
977,3,6,63,72,1.1666666666666667,0.05594542388644594,571,Mermaids are for sissies!
977,1,10,61,72,1.1666666666666667,0.048450158311150925,571,No one seems to be talking about the anchor in the room
977,2,8,62,72,1.1666666666666667,0.05233215213522994,571,"Venti, soy, no-foam grogochinno? Just grog ye scurvy landblubber."
977,4,4,64,72,1.1666666666666667,0.05933908290969267,571,"Work like a captain, play like a pirate."
977,1,10,61,72,1.1666666666666667,0.048450158311150925,571,Yeah .. this is my anchor store.
977,3,6,63,72,1.1666666666666667,0.05594542388644594,571,Tony said I could decorate this week.
977,2,8,62,72,1.1666666666666667,0.05233215213522994,571,Ambiance. Gotta have ambiance.
977,2,8,62,72,1.1666666666666667,0.05233215213522994,571,Polly! Double-shot espresso for Polly!
977,0,12,60,72,1.1666666666666667,0.04422874103618961,571,"A coffee a day, keeps the anchor aweigh."
977,2,8,62,72,1.1666666666666667,0.05233215213522994,571,Can't paint it till I finish grinding and sanding.
977,2,8,62,72,1.1666666666666667,0.05233215213522994,571,Mocha Grande for Ishmael!
977,4,4,64,72,1.1666666666666667,0.05933908290969267,571,"Sorry, but I have no time to head home before heading to my second job."
977,2,8,62,72,1.1666666666666667,0.05233215213522994,571,Arrgh! I said I don't want to talk about it!
977,3,6,63,72,1.1666666666666667,0.05594542388644594,571,Now I know why this cafe is called Anchors Away!
977,1,10,61,72,1.1666666666666667,0.048450158311150925,571,Just tell me where Mr. Starbuck is and I'll be out your hair.
977,2,8,62,72,1.1666666666666667,0.05233215213522994,571,"Upset about me anchor, are ye? Well, talk to the hook!"
977,1,10,61,72,1.1666666666666667,0.048450158311150925,571,I wager you be wonderin' how the Hook 'N Anchor Cafe got its name.
977,1,10,61,72,1.1666666666666667,0.048450158311150925,571,Who the hell said something about anchor management?!?!
977,1,10,61,72,1.1666666666666667,0.048450158311150925,571,You lookin' at my hook?
977,2,8,62,72,1.1666666666666667,0.05233215213522994,571,The Chamber of Commerce wanted an anchor for Main Street.
977,1,10,61,72,1.1666666666666667,0.048450158311150925,571,Let's give Starbuck's another chance.
977,2,8,62,72,1.1666666666666667,0.05233215213522994,571,Anchor Management
977,4,4,64,72,1.1666666666666667,0.05933908290969267,571,I told ye: It's only temporary — until I can convince my wife it's a collector's item.
977,3,6,63,72,1.1666666666666667,0.05594542388644594,571,Anybody else want a toothpick?
977,3,6,63,72,1.1666666666666667,0.05594542388644594,571,"If you're looking for a chain, get yerselves to Starbucks!"
977,2,8,62,72,1.1666666666666667,0.05233215213522994,571,Who's got the Sea Salted Caramel frappe?
977,1,10,61,72,1.1666666666666667,0.048450158311150925,571,Personal belongings are to be stored in your locker
1087,1,10,62,73,1.1643835616438356,0.04783636264784695,571,I reckon there must be a schooner adrift in the Sound!
1087,2,8,63,73,1.1643835616438356,0.051660769401756894,571,"T'is Fox's remaining anchor, mate. No legal issues thar."
1087,2,8,63,73,1.1643835616438356,0.051660769401756894,571,"Arrrgh matey, thar's one capin who'll be rememberin' cuttin' ol' Billy Bones adrift...room for cream?"
1087,5,2,66,73,1.1643835616438356,0.06172833714427294,571,Were out of doubloons. Can someone run to the bank quick?
1091,3,5,61,69,1.1594202898550725,0.05700386761604138,571,"Aye, you said you wanted artwork on the wall. Well now you have it ..."
1091,2,7,60,69,1.1594202898550725,0.05313363777948607,571,"Call OSHA, I don't care, I'll go down with my shop"
1091,1,9,59,69,1.1594202898550725,0.04895841096457367,571,I like to think of this as an anchor store.
1091,3,5,61,69,1.1594202898550725,0.05700386761604138,571,"Just when I thought I was out, they pull me back in."
1091,0,11,58,69,1.1594202898550725,0.04439221265797129,571,"Aye, mates! I love that old anchor. She was good to the lsst drop."
1091,1,9,59,69,1.1594202898550725,0.04895841096457367,571,I guess they don't plan on relocating.
1091,3,5,61,69,1.1594202898550725,0.05700386761604138,571,The Captain's new job was going poorly. The register was hard to use and they didn't have an anchor rack out front.
1091,0,11,58,69,1.1594202898550725,0.04439221265797129,571,We're now the anchor tenant.
1091,1,9,59,69,1.1594202898550725,0.04895841096457367,571,Why didn't he just bring the parrot?
1091,2,7,60,69,1.1594202898550725,0.05313363777948607,571,"It has nothing to do with coffee, OK?"
1091,1,9,59,69,1.1594202898550725,0.04895841096457367,571,"Trust me--when he says no foam, he MEANS no foam!"
1091,1,9,59,69,1.1594202898550725,0.04895841096457367,571,Double barnacle kelp skinny latte up for Jeff!
1091,1,9,59,69,1.1594202898550725,0.04895841096457367,571,Leaded or unleaded me hearties.
1091,2,7,60,69,1.1594202898550725,0.05313363777948607,571,It's an emotional support anchor. You're not allowed to ask what it's for.
1091,2,7,60,69,1.1594202898550725,0.05313363777948607,571,How do you think we get Sumatran Gold?
1091,1,9,59,69,1.1594202898550725,0.04895841096457367,571,Damn thing took my eye out.
1091,2,7,60,69,1.1594202898550725,0.05313363777948607,571,He must have got that on sail.
1091,2,7,60,69,1.1594202898550725,0.05313363777948607,571,"Actually, I think it gives the place a bit of avoirdupois."
1091,2,7,60,69,1.1594202898550725,0.05313363777948607,571,Hope is outside.
1091,1,9,59,69,1.1594202898550725,0.04895841096457367,571,That helps us keep the prices down
1091,1,9,59,69,1.1594202898550725,0.04895841096457367,571,"Arrr, they hired me to get this place in ship-shape, what did you THINK they meant?..."
1091,1,9,59,69,1.1594202898550725,0.04895841096457367,571,They told me I would be the anchor tenant!
1091,3,5,61,69,1.1594202898550725,0.05700386761604138,571,The mermaid logo was taken. Arrr!
1091,2,7,60,69,1.1594202898550725,0.05313363777948607,571,"No, I'm not going to take a course in anchor management!"
1091,1,9,59,69,1.1594202898550725,0.04895841096457367,571,"From now on its Starbuccaneers, matey."
1091,2,7,60,69,1.1594202898550725,0.05313363777948607,571,Looks like they've lost their moorings with the decor!
1091,3,5,61,69,1.1594202898550725,0.05700386761604138,571,Our Neptune Blend features kelp notes with a salt water taffy finish.
1091,1,9,59,69,1.1594202898550725,0.04895841096457367,571,Anchor management problems.
1091,0,11,58,69,1.1594202898550725,0.04439221265797129,571,It's the latest absurdity in conversation pieces.
1091,2,7,60,69,1.1594202898550725,0.05313363777948607,571,"The food here, is good, that's why there's a long weight!"
1091,2,7,60,69,1.1594202898550725,0.05313363777948607,571,...Yet with all my skills I'm still a barista in training.
1091,1,9,59,69,1.1594202898550725,0.04895841096457367,571,"Yes, I parked in the employee lot."
1091,2,7,60,69,1.1594202898550725,0.05313363777948607,571,"This place is very popular, that is why the weight is so long."
1091,1,9,59,69,1.1594202898550725,0.04895841096457367,571,I'd leave it outside but someone might steal it.
1091,2,7,60,69,1.1594202898550725,0.05313363777948607,571,"...then she said, take your STUFF and go!"
1091,1,9,59,69,1.1594202898550725,0.04895841096457367,571,"Avast ye, baristas, stop ye infernal bellyachin' about mess access, and brew me lattes."
1091,2,7,60,69,1.1594202898550725,0.05313363777948607,571,"Don't let that thing out of your sight, mates--I won't be losing it again!"
1091,1,9,59,69,1.1594202898550725,0.04895841096457367,571,"Ahoy thar, 'n welcome ye to Starbuccaneers!"
1091,2,7,60,69,1.1594202898550725,0.05313363777948607,571,Probably made for tourists -- the flanges and stock are 180 degrees off.
1091,0,11,58,69,1.1594202898550725,0.04439221265797129,571,I picked it up off the coast of Java. It gives the place 'charm'.
1091,2,7,60,69,1.1594202898550725,0.05313363777948607,571,"It wasn't always ""grande"" this and ""venti"" that, you know."
1091,2,7,60,69,1.1594202898550725,0.05313363777948607,571,Thar she brews!
1091,1,9,59,69,1.1594202898550725,0.04895841096457367,571,And stop asking why I dredged that up again.
1091,2,7,60,69,1.1594202898550725,0.05313363777948607,571,"Damn that Ahab! ""Just for a couple of weeks"", he sez. ""Just a couple of weeks!"""
1091,4,3,62,69,1.1594202898550725,0.060627538154643154,571,None of the other employees liked the new cashier. He had anchor management issues.
1091,3,5,61,69,1.1594202898550725,0.05700386761604138,571,Sorry if my anchor is in your weigh.
1091,0,11,58,69,1.1594202898550725,0.04439221265797129,571,"OK, alright, fine! I have a hook for a hand. Is that why everyone is staring?"
1091,2,7,60,69,1.1594202898550725,0.05313363777948607,571,"Call ""Anchors Away"" and get this thing out of here."
1091,2,7,60,69,1.1594202898550725,0.05313363777948607,571,You'll wait for the bloody recycling truck.
1091,3,5,61,69,1.1594202898550725,0.05700386761604138,571,Just askin'... has anyone seen a line and a sinker?
1091,2,7,60,69,1.1594202898550725,0.05313363777948607,571,"Today's special is the Davy Jones Locker latte, priced at a ransom."
1091,5,1,63,69,1.1594202898550725,0.06404651311506547,571,I got fired from Wendy's.
1091,2,7,60,69,1.1594202898550725,0.05313363777948607,571,This coffee shop has been an anchor of the local economy for years!
1091,3,5,61,69,1.1594202898550725,0.05700386761604138,571,Drink up me hearties. Today's roast is from the grind of the ancient mariner.
1145,1,5,40,46,1.1521739130434783,0.061913070618242964,571,"I'm not a hipster, I'm a real pirate!"
1146,1,8,57,66,1.1515151515151516,0.04943703698482351,571,My financial advisor suggested trying a more modern form of piracy.
1146,1,8,57,66,1.1515151515151516,0.04943703698482351,571,"Since he got his prosthetic hand, he envisions the diner as a macrocosm in his microcosmic world."
1146,2,6,58,66,1.1515151515151516,0.05394646505600968,571,"""He wants to differentiate himself from that Moby Dick character, Starbuck."
1146,0,10,56,66,1.1515151515151516,0.04447269004274805,571,He said it wouldn't fit in the bike storage room.
1146,1,8,57,66,1.1515151515151516,0.04943703698482351,571,I understand it's his transitional object.
1146,1,8,57,66,1.1515151515151516,0.04943703698482351,571,Thank you all for attending your first anchor management class.
1146,2,6,58,66,1.1515151515151516,0.05394646505600968,571,I've dropped anchor in stranger places!
1146,2,6,58,66,1.1515151515151516,0.05394646505600968,571,Contemporary conformism is such a drag.
1146,2,6,58,66,1.1515151515151516,0.05394646505600968,571,Can I just call it 'Starbuccaneers' to get around the whole trademark infringement lawsuit?
1146,2,6,58,66,1.1515151515151516,0.05394646505600968,571,"Aaarrr, I agree it's inconvenient but at least we're not part of a chain."
1146,1,8,57,66,1.1515151515151516,0.04943703698482351,571,"I never though I'd end up working for me first mate, Starbuck."
1146,2,6,58,66,1.1515151515151516,0.05394646505600968,571,My coffee is fair trade. The anchor is my trophy from the ship carrying the beans.
1146,1,8,57,66,1.1515151515151516,0.04943703698482351,571,"You know, Starbuck was originally a whaler."
1146,2,6,58,66,1.1515151515151516,0.05394646505600968,571,New policy - Cash only no bartering
1146,2,6,58,66,1.1515151515151516,0.05394646505600968,571,What do you mean sea to table isn't a thing?
1146,2,6,58,66,1.1515151515151516,0.05394646505600968,571,This doesn't make us just like Starbucks Karen.
1146,1,8,57,66,1.1515151515151516,0.04943703698482351,571,I'm beginning to think that a giant anchor doesn't add that much to the ambience of the place.
1146,1,8,57,66,1.1515151515151516,0.04943703698482351,571,Quit complaining about the new nautical theme and help me make change.
1146,1,8,57,66,1.1515151515151516,0.04943703698482351,571,Twas a short career and that's all I was able to plunder.
1146,1,8,57,66,1.1515151515151516,0.04943703698482351,571,I told you to drop the attitude.
1146,1,8,57,66,1.1515151515151516,0.04943703698482351,571,One anchor grande.
1146,1,8,57,66,1.1515151515151516,0.04943703698482351,571,To hell with Macy's. This here Pirate coffee shop is the anchor store of the mall.
1146,1,8,57,66,1.1515151515151516,0.04943703698482351,571,Did I mention that we're rethinking our commitment to the whole fair trade thing?
1146,1,8,57,66,1.1515151515151516,0.04943703698482351,571,Anchor's astray...
1146,3,4,59,66,1.1515151515151516,0.05810698373035499,571,"Arrgghh! Welcome to Hook, Long Lines and Sinker. What's yer order matey?"
1146,1,8,57,66,1.1515151515151516,0.04943703698482351,571,Belay thy rancor; 'tis but mine anchor! What will ye knaves? Grog or Chai du Tortuga?
1146,2,6,58,66,1.1515151515151516,0.05394646505600968,571,It's Take Your Anchor to Work Day.
1146,1,8,57,66,1.1515151515151516,0.04943703698482351,571,There's no place to park in this city.
1146,1,8,57,66,1.1515151515151516,0.04943703698482351,571,We may not sell fish and chips anymore - but I'll decorate any way I want.
1146,3,4,59,66,1.1515151515151516,0.05810698373035499,571,"It's called a sconce and if ye don't like it, ye can leave."
1146,1,8,57,66,1.1515151515151516,0.04943703698482351,571,"Welcome to Stumpy's, where every day is 'Talk Like a Pirate' day."
1146,1,8,57,66,1.1515151515151516,0.04943703698482351,571,Somebody might pocket it outside.
1146,2,6,58,66,1.1515151515151516,0.05394646505600968,571,My hybrid is in the shop...
1146,4,2,60,66,1.1515151515151516,0.061988886297788946,571,Wuh?
1146,1,8,57,66,1.1515151515151516,0.04943703698482351,571,"Aye, mates, we're the one old-style strip-mall anchor that can still float your boat."
1146,1,8,57,66,1.1515151515151516,0.04943703698482351,571,And that's not ALL he had in his dorm room.
1146,2,6,58,66,1.1515151515151516,0.05394646505600968,571,There may be some lingering resentment.
1146,2,6,58,66,1.1515151515151516,0.05394646505600968,571,I think I know what the fish of the day is.
1146,3,4,59,66,1.1515151515151516,0.05810698373035499,571,It reminds him of when he could take pride in his work.
1146,1,8,57,66,1.1515151515151516,0.04943703698482351,571,"If I'd known your lattes cost $10,000 I would have never put my ship up as collateral..."
1146,0,10,56,66,1.1515151515151516,0.04447269004274805,571,This is all part of my anchor management program.
1146,2,6,58,66,1.1515151515151516,0.05394646505600968,571,My sense of the effete.
1146,2,6,58,66,1.1515151515151516,0.05394646505600968,571,Anybody have a problem with a little ambience? I didn't think so.
1146,1,8,57,66,1.1515151515151516,0.04943703698482351,571,"He keeps saying, ""Anchors Away"" to it, but it still doesn't leave."
1146,2,6,58,66,1.1515151515151516,0.05394646505600968,571,I told them the mall didn't need another anchor store.
1146,1,8,57,66,1.1515151515151516,0.04943703698482351,571,These hipster cafes are getting ridiculous
1146,0,10,56,66,1.1515151515151516,0.04447269004274805,571,"Stay away from the Atlantis Roast, it's a bit briny."
1146,0,10,56,66,1.1515151515151516,0.04447269004274805,571,It's just a relic of my misspent youth.
1146,1,8,57,66,1.1515151515151516,0.04943703698482351,571,"Can't she just tell me she doesn't want to move? Aaaargh, always with the metaphors."
1146,1,8,57,66,1.1515151515151516,0.04943703698482351,571,"He may smell bad, but at least he writes the correct name on our customer's cups."
1146,0,10,56,66,1.1515151515151516,0.04447269004274805,571,The whale burger's back on the menu.
1146,2,6,58,66,1.1515151515151516,0.05394646505600968,571,That dang Peter Pan just won't grow up.
1146,1,8,57,66,1.1515151515151516,0.04943703698482351,571,Me Landlerd waz desperate for an anchor tenant
1146,2,6,58,66,1.1515151515151516,0.05394646505600968,571,"Number forty-two, parrot burger special with barnacle latte!"
1146,1,8,57,66,1.1515151515151516,0.04943703698482351,571,The new guy is really holding this place back.
1146,2,6,58,66,1.1515151515151516,0.05394646505600968,571,"OK, who ordered the flat white?"
1146,0,10,56,66,1.1515151515151516,0.04447269004274805,571,"""I'm not asking him if it's decaff""."
1146,0,10,56,66,1.1515151515151516,0.04447269004274805,571,Really? You've never seen a stuffed anchor?
1146,4,2,60,66,1.1515151515151516,0.061988886297788946,571,"Today's special is ""Pirates Anchor"" with a shot of rum."
1146,1,8,57,66,1.1515151515151516,0.04943703698482351,571,When Disney acquires Starbucks.
1146,0,10,56,66,1.1515151515151516,0.04447269004274805,571,It's part of my Anchor Management class.
1146,1,8,57,66,1.1515151515151516,0.04943703698482351,571,It's the swizzle for his Moby Grande
1146,2,6,58,66,1.1515151515151516,0.05394646505600968,571,"The new show ""Undercoverrrr Boss: Pirate Edition"" was cancelled after just one episode."
1146,2,6,58,66,1.1515151515151516,0.05394646505600968,571,Corporate wanted to get back to the roots of the name.
1146,1,8,57,66,1.1515151515151516,0.04943703698482351,571,I told Starbuck he needed 'ANGER management'.
1146,3,4,59,66,1.1515151515151516,0.05810698373035499,571,"I wanted to call it Arghbucks, but nooooooo..."
1146,0,10,56,66,1.1515151515151516,0.04447269004274805,571,I think they've rather overdone the pirate motif.
1213,1,5,42,48,1.1458333333333333,0.059471544937141164,571,Grande White for Ishmael? Ishmael?
1214,1,7,55,63,1.1428571428571428,0.04986999410368025,571,Salt-water caramel sea-foam lattes call for a touch of nautical decor.
1214,3,3,57,63,1.1428571428571428,0.05925438255602429,571,"One grande, half caf, skinny, soy, latte, extra foam, chai with a twist...and a sliced throat. Comin up."
1214,0,9,54,63,1.1428571428571428,0.04444078691701821,571,make it a double..........I am dragging today
1214,2,5,56,63,1.1428571428571428,0.054763574408528054,571,I'm afeard we may have limited our franchising potential.
1214,1,7,55,63,1.1428571428571428,0.04986999410368025,571,One anchor latte coming up.
1214,2,5,56,63,1.1428571428571428,0.054763574408528054,571,You've got your car keys. I've got this.
1214,1,7,55,63,1.1428571428571428,0.04986999410368025,571,Nothing against it in the Health Code.
1214,0,9,54,63,1.1428571428571428,0.04444078691701821,571,"Last call ye scurvy dogs, we sail with the tide."
1214,0,9,54,63,1.1428571428571428,0.04444078691701821,571,"Arrrr...Ye best don't ask, don't tell...."
1214,0,9,54,63,1.1428571428571428,0.04444078691701821,571,"Hey...its no more annoying than an order for a decaf soy milk mocha frappe."""
1214,1,7,55,63,1.1428571428571428,0.04986999410368025,571,"Who ordered the Captain Hook ""Grande""?"
1214,0,9,54,63,1.1428571428571428,0.04444078691701821,571,"Oh, never mind him, he's practicing for his audition as morning anchor on Fox."
1214,0,9,54,63,1.1428571428571428,0.04444078691701821,571,"Careful, there, matey. How do ya' think I got my hook?"
1214,2,5,56,63,1.1428571428571428,0.054763574408528054,571,I have a double latte for Ann Chorsaway.
1214,1,7,55,63,1.1428571428571428,0.04986999410368025,571,Yer talking to the anchor tenant!
1214,1,7,55,63,1.1428571428571428,0.04986999410368025,571,"The hook hand is a little sketchy, but we're here because of the artisanal seaweed."
1214,2,5,56,63,1.1428571428571428,0.054763574408528054,571,Is that for here or aweigh?
1214,2,5,56,63,1.1428571428571428,0.054763574408528054,571,We are running a special on our chowder lattes.
1214,3,3,57,63,1.1428571428571428,0.05925438255602429,571,"Not to worry, lass. I sold it on the internet. It will be gone by two."
1214,2,5,56,63,1.1428571428571428,0.054763574408528054,571,Anybody here seen my ship?
1214,1,7,55,63,1.1428571428571428,0.04986999410368025,571,"Big anchor, no croc!"
1214,2,5,56,63,1.1428571428571428,0.054763574408528054,571,"He's not handling the Starbucks buyout very well, is he?"
1214,3,3,57,63,1.1428571428571428,0.05925438255602429,571,It's my stance against fair trade.
1214,1,7,55,63,1.1428571428571428,0.04986999410368025,571,That's CAPTAIN Starbucks to you and I'm here to stay!
1214,1,7,55,63,1.1428571428571428,0.04986999410368025,571,Blackbeard's unfortunate descent into hipster hoarder-ism.
1214,1,7,55,63,1.1428571428571428,0.04986999410368025,571,"...well, there's no way I'd be leavin' it with me men."
1214,3,3,57,63,1.1428571428571428,0.05925438255602429,571,Was the dark roast drifting?
1214,1,7,55,63,1.1428571428571428,0.04986999410368025,571,"Since the introduction of steam ships, the Pirate re-training program still has a few kinks to work out."
1214,0,9,54,63,1.1428571428571428,0.04444078691701821,571,"Complain all you like, it's why are barnacle lattes are the freshest in town."
1214,3,3,57,63,1.1428571428571428,0.05925438255602429,571,"A-soy, me hearties!"
1214,1,7,55,63,1.1428571428571428,0.04986999410368025,571,It was my decorator's idea.
1214,1,7,55,63,1.1428571428571428,0.04986999410368025,571,"All right, then. It is not the elephant in the room."
1214,3,3,57,63,1.1428571428571428,0.05925438255602429,571,Donut? Muffin? Anchor?
1214,3,3,57,63,1.1428571428571428,0.05925438255602429,571,Any you lubbers lifts it. Ye earn a free mug o java.
1214,1,7,55,63,1.1428571428571428,0.04986999410368025,571,I've never liked Art Nouveau
1214,1,7,55,63,1.1428571428571428,0.04986999410368025,571,"Just because because we named the place after your buddy doesn't mean you can leave your stuff lying around, Captain Ahab."
1214,0,9,54,63,1.1428571428571428,0.04444078691701821,571,"I fish with an anchor, and I use bad baristas for bait."
1214,1,7,55,63,1.1428571428571428,0.04986999410368025,571,"Well, he's dead weight everywhere else, but he does always help us win the bi-monthly interoffice tug-of-war."
1214,2,5,56,63,1.1428571428571428,0.054763574408528054,571,Thar she blows! You're latte's ready!
1214,2,5,56,63,1.1428571428571428,0.054763574408528054,571,"Who gets the Anchor Down latte, hook stirred?"
1214,0,9,54,63,1.1428571428571428,0.04444078691701821,571,Arrrgh! They are sending me to anchor management training.
1214,1,7,55,63,1.1428571428571428,0.04986999410368025,571,That's the last time I'll drop anchor.
1214,1,7,55,63,1.1428571428571428,0.04986999410368025,571,What arr ye lookin' at? If ye wanted to spy a mermaid wit' ye coffee ye should've gone to the place down the street.
1214,3,3,57,63,1.1428571428571428,0.05925438255602429,571,My franchise partner says its part of our rebranding.
1214,0,9,54,63,1.1428571428571428,0.04444078691701821,571,"I know, I know, but it was a package deal."
1214,1,7,55,63,1.1428571428571428,0.04986999410368025,571,Closest thing we have to a steady customer
1214,1,7,55,63,1.1428571428571428,0.04986999410368025,571,I'm getting really sick of these secret menu orders.
1214,1,7,55,63,1.1428571428571428,0.04986999410368025,571,That there's to remind me how f'Arr I've come in leaving me scallywag days behind; being a barista really anchors me.
1214,1,7,55,63,1.1428571428571428,0.04986999410368025,571,I heard he invented Uber...for boats...
1214,1,7,55,63,1.1428571428571428,0.04986999410368025,571,"I fell for Captain Starbucks' franchise pitch hook, line and sinker."
1214,1,7,55,63,1.1428571428571428,0.04986999410368025,571,Damn fleet week!
1214,2,5,56,63,1.1428571428571428,0.054763574408528054,571,"Aye, laddie, our coffees aground."
1214,2,5,56,63,1.1428571428571428,0.054763574408528054,571,That's what you get for taking seed money from a salty pirate.
1214,0,9,54,63,1.1428571428571428,0.04444078691701821,571,"I use the seaweed to add a saltiness to my ""sailor's brew""."
1214,2,5,56,63,1.1428571428571428,0.054763574408528054,571,Please tell them that's not my anchor .
1214,1,7,55,63,1.1428571428571428,0.04986999410368025,571,Free lunch to anyone who eats the entire daily catch.
1214,1,7,55,63,1.1428571428571428,0.04986999410368025,571,This 'Pirates of the Caribbean'-thing is really getting out of hand...
1214,1,7,55,63,1.1428571428571428,0.04986999410368025,571,"Want ye espresso with white chocolate, white coconut, or white blubber?"
1214,1,7,55,63,1.1428571428571428,0.04986999410368025,571,This place was known a couple of centuries ago for the kidnapping and impressment of our sailors but now it's just the terrible food.
1214,2,5,56,63,1.1428571428571428,0.054763574408528054,571,"Sorry, it's part of me anchor-management program."
1214,2,5,56,63,1.1428571428571428,0.054763574408528054,571,A skinny caramel grog for Ishmael!
1214,3,3,57,63,1.1428571428571428,0.05925438255602429,571,"I know, I know! He's cost me an arm and a leg. I'll give him a stern talking to!"
1214,1,7,55,63,1.1428571428571428,0.04986999410368025,571,We're the flagship anchor for this ship maul.
1214,1,7,55,63,1.1428571428571428,0.04986999410368025,571,"The next person who says ""overcompensating"" walks the plank!"
1214,1,7,55,63,1.1428571428571428,0.04986999410368025,571,Avast! Who ordered the anchors au lait?
1214,3,3,57,63,1.1428571428571428,0.05925438255602429,571,This cafe was my wife's dream. I wanted something that reminded me of her.
1214,1,7,55,63,1.1428571428571428,0.04986999410368025,571,"The coffee is just so so, but I do love the barrrista."
1214,0,9,54,63,1.1428571428571428,0.04444078691701821,571,What are you landlubbers lookin' at?
1214,2,5,56,63,1.1428571428571428,0.054763574408528054,571,"Aye matey, 'twas a deal with the devil but I thought he said wanker."
1214,2,5,56,63,1.1428571428571428,0.054763574408528054,571,"With my ship now gone, I've had to turn to highway robbery."
1214,0,9,54,63,1.1428571428571428,0.04444078691701821,571,Ferry trade.
1214,1,7,55,63,1.1428571428571428,0.04986999410368025,571,At $5.00 plus for a coffee...it has become the new piracy.
1214,0,9,54,63,1.1428571428571428,0.04444078691701821,571,I woke up this morning and realized I needed an anchor in my life.
1214,2,5,56,63,1.1428571428571428,0.054763574408528054,571,"Aye, the whale did to me what Steve Coll has done to journalism."
1214,2,5,56,63,1.1428571428571428,0.054763574408528054,571,"Aye aye, seaweed is gluten free, ye fool!"
1214,2,5,56,63,1.1428571428571428,0.054763574408528054,571,"Ya'ar, mateys. I know it be an eyesore. But when we need it, you'll be glad it be here."
1214,2,5,56,63,1.1428571428571428,0.054763574408528054,571,"Avast Swabbies, ye'd better start tipping or ye'll feel my flukes."
1214,2,5,56,63,1.1428571428571428,0.054763574408528054,571,"With years of down-sizing in the Pirate Business, Roger decided to jump ship, become a Barista, and open up his own Coffee Corner."
1292,1,4,38,43,1.1395348837209303,0.06297704189640278,571,"Serving alligator was a mistake, but I think Captain Hook's Diner is here to stay."
1293,1,4,39,44,1.1363636363636365,0.06161077006722115,571,Authenticity is our middle name at ye ol' coffee shop.
1293,0,6,38,44,1.1363636363636365,0.05233358898302985,571,It's a theme diner. Get used to it.
1295,1,6,53,60,1.1333333333333333,0.05023485333552976,571,"Arrrr, me thinks the new branding might be a bit off course"
1295,3,2,55,60,1.1333333333333333,0.06044405671748914,571,"About time somebody put the ""aargh"" in Barista."
1295,0,8,52,60,1.1333333333333333,0.044255719836307675,571,"Relax, it's only here til we get a favorable wind."
1295,0,8,52,60,1.1333333333333333,0.044255719836307675,571,A soy maté.
1295,0,8,52,60,1.1333333333333333,0.044255719836307675,571,What's wrong with a nautical theme?
1295,2,4,54,60,1.1333333333333333,0.05557438475642006,571,"Yo Ho, Yo Ho, a pirate's life fer me...Nyuck nyuck nyuck..."
1295,2,4,54,60,1.1333333333333333,0.05557438475642006,571,Foam? We'll show 'em more foam; throw 'em overboard.
1295,2,4,54,60,1.1333333333333333,0.05557438475642006,571,Anyone else want to take a ride to the bottom of the sea?
1295,0,8,52,60,1.1333333333333333,0.044255719836307675,571,I think I'm really hooked on this coffee.
1295,0,8,52,60,1.1333333333333333,0.044255719836307675,571,Talk to market research. They said coffee drinkers want authenticity.
1295,1,6,53,60,1.1333333333333333,0.05023485333552976,571,Employees of the Month get their own parking space.
1295,2,4,54,60,1.1333333333333333,0.05557438475642006,571,"My Bistro is where the Anchor Drops. Drink up, Ye Maties!!"
1295,2,4,54,60,1.1333333333333333,0.05557438475642006,571,"Okay, anyone else want extra foam on their latte?"
1295,0,8,52,60,1.1333333333333333,0.044255719836307675,571,Who ordered the anchor with a side of seaweed?
1295,1,6,53,60,1.1333333333333333,0.05023485333552976,571,What's that you said about my coffee?
1295,1,6,53,60,1.1333333333333333,0.05023485333552976,571,I say it is a sconce and woe to thee if you disagree.
1295,2,4,54,60,1.1333333333333333,0.05557438475642006,571,There'll be no callin' Macys the anchor store in this establishment!
1295,0,8,52,60,1.1333333333333333,0.044255719836307675,571,"Artie, you have to park in the back"
1295,1,6,53,60,1.1333333333333333,0.05023485333552976,571,So this is where they drained the swamp
1295,1,6,53,60,1.1333333333333333,0.05023485333552976,571,Who ordered the Double Venti Nonfat Decaf Organic Frappuccino With Foam Whipped Cream Upside Down Anchor?
1295,1,6,53,60,1.1333333333333333,0.05023485333552976,571,"What part of ""we are a seafood restaurant"" don't you understand."
1295,1,6,53,60,1.1333333333333333,0.05023485333552976,571,What price ambience?
1295,1,6,53,60,1.1333333333333333,0.05023485333552976,571,It's too big to store in Davy Jones' locker!
1295,0,8,52,60,1.1333333333333333,0.044255719836307675,571,"By the way, I run a tight ship."
1295,0,8,52,60,1.1333333333333333,0.044255719836307675,571,"They said they needed an anchor store for the mall, so naturally, being a pirate, I thought...,"
1295,1,6,53,60,1.1333333333333333,0.05023485333552976,571,Extra-strong latte with iron up!
1295,0,8,52,60,1.1333333333333333,0.044255719836307675,571,"Ye wanted to werk in the mall's anchor store, didn't ye?"
1295,1,6,53,60,1.1333333333333333,0.05023485333552976,571,"That wasn't my understanding of ""anchor store!"""
1295,0,8,52,60,1.1333333333333333,0.044255719836307675,571,"Aye, and that's the tale of how I ended up working in a coffee shop."
1295,3,2,55,60,1.1333333333333333,0.06044405671748914,571,"But the coffee shop hasn't moved since I installed the anchor, has it?"
1295,1,6,53,60,1.1333333333333333,0.05023485333552976,571,My coffee shop is the anchor store around here.
1295,2,4,54,60,1.1333333333333333,0.05557438475642006,571,"It's a focal point that draws the eye, and contrasts with an otherwise drab utilitarian motif. It stays and that be the end of it, ya scurvy lubbers!"
1295,0,8,52,60,1.1333333333333333,0.044255719836307675,571,It was more quaint when they just served grog.
1295,1,6,53,60,1.1333333333333333,0.05023485333552976,571,"There's gonna be a name change, too."
1295,1,6,53,60,1.1333333333333333,0.05023485333552976,571,The special today is Pyrites of the Carob-Bean!
1295,3,2,55,60,1.1333333333333333,0.06044405671748914,571,"Well, look what the Cap'n dragged in..."
1295,0,8,52,60,1.1333333333333333,0.044255719836307675,571,"Before I opened this shop, I was first mate on the Pequod."
1295,1,6,53,60,1.1333333333333333,0.05023485333552976,571,What happened to the pink elephant?
1295,1,6,53,60,1.1333333333333333,0.05023485333552976,571,"You'll have a half-caf caramel latte macchiato, or I'll be keel haulin' ye."
1295,2,4,54,60,1.1333333333333333,0.05557438475642006,571,"Aye, we anchored here off the Java coast!"
1295,1,6,53,60,1.1333333333333333,0.05023485333552976,571,We're trying to show the Health Department that the store is ship shape.
1295,1,6,53,60,1.1333333333333333,0.05023485333552976,571,"Aarg, they say they be shutting us down without an anchor store"
1295,1,6,53,60,1.1333333333333333,0.05023485333552976,571,"I've got some anchor management issues, me hearties, arrh!"
1295,0,8,52,60,1.1333333333333333,0.044255719836307675,571,I intend to stay a while.
1295,1,6,53,60,1.1333333333333333,0.05023485333552976,571,Naught but a double espresso will make him go aweigh.
1295,1,6,53,60,1.1333333333333333,0.05023485333552976,571,"It's because we're the anchor tenant here, and . . . well, it's a long story."
1295,1,6,53,60,1.1333333333333333,0.05023485333552976,571,Why can't he just ride a bike to work?
1295,2,4,54,60,1.1333333333333333,0.05557438475642006,571,"If yeh think that's big lassie, you should she my dinghy."
1295,1,6,53,60,1.1333333333333333,0.05023485333552976,571,Yo ho ho and a latte to go.
1295,1,6,53,60,1.1333333333333333,0.05023485333552976,571,The Captain was determined to make his the first coffee shop to become an anchor store.
1295,1,6,53,60,1.1333333333333333,0.05023485333552976,571,"Damn this hook, I hit Anchor instead of Americano! Again!"
1295,0,8,52,60,1.1333333333333333,0.044255719836307675,571,Th' health inspector said we were in needing of a sink.
1295,0,8,52,60,1.1333333333333333,0.044255719836307675,571,The landlord wanted an anchor tenant.
1295,1,6,53,60,1.1333333333333333,0.05023485333552976,571,...But what with the internet and everything I had to find a second gig.
1295,0,8,52,60,1.1333333333333333,0.044255719836307675,571,Shall we continue with the nautical theme?
1295,1,6,53,60,1.1333333333333333,0.05023485333552976,571,"With Macy's closing, we are going to be the last anchor store in the mall!"
1295,1,6,53,60,1.1333333333333333,0.05023485333552976,571,Bilge water and hardtack with your sandwich?
1295,2,4,54,60,1.1333333333333333,0.05557438475642006,571,"No! I said ""Bring me a Sanka"""
1295,1,6,53,60,1.1333333333333333,0.05023485333552976,571,"""Apparently he was expecting storm in a teacup""."
1295,0,8,52,60,1.1333333333333333,0.044255719836307675,571,It's the only thing Starbucks hasn't done.
1295,0,8,52,60,1.1333333333333333,0.044255719836307675,571,Thats one thing Starbucks doesn't have.
1295,1,6,53,60,1.1333333333333333,0.05023485333552976,571,"Between voyages, this is where I drop anchor."
1295,1,6,53,60,1.1333333333333333,0.05023485333552976,571,Who in hell thought up this pirate promotion anyway?
1295,1,6,53,60,1.1333333333333333,0.05023485333552976,571,"""In today's retail business, we're what you call an 'anchor store'""."
1295,1,6,53,60,1.1333333333333333,0.05023485333552976,571,All right mates: Which one of you tinker bell swabs ordered the triple-latte Grande – decaf.?
1295,2,4,54,60,1.1333333333333333,0.05557438475642006,571,I won't be leaving my day job any time soon but this is the way I keep the dream alive.
1295,1,6,53,60,1.1333333333333333,0.05023485333552976,571,You said you wanted atmosphere.
1295,0,8,52,60,1.1333333333333333,0.044255719836307675,571,Puts you in the mood for a little rum cake.
1295,1,6,53,60,1.1333333333333333,0.05023485333552976,571,"When ye works the register, ye can decide where to drop anchor, matey."
1295,2,4,54,60,1.1333333333333333,0.05557438475642006,571,"It's my souvenir, I'll store it where I please!"
1295,1,6,53,60,1.1333333333333333,0.05023485333552976,571,"Aye, no Unicorn Frappuccinos here . . . just Sparrow Lattes."
1295,1,6,53,60,1.1333333333333333,0.05023485333552976,571,He wants to be the anchor store for the mall
1295,1,6,53,60,1.1333333333333333,0.05023485333552976,571,I don't care how the Pequod's mate runs his coffee shop!
1295,1,6,53,60,1.1333333333333333,0.05023485333552976,571,Anchor store.
1295,0,8,52,60,1.1333333333333333,0.044255719836307675,571,We really want to be seen as an anchor in the community
1295,1,6,53,60,1.1333333333333333,0.05023485333552976,571,Welcome to Staarrboaarrds. Try our Iced Kelp Latte.
1295,2,4,54,60,1.1333333333333333,0.05557438475642006,571,"We recovered the anchor at Krakatoa, East of Java."
1295,1,6,53,60,1.1333333333333333,0.05023485333552976,571,Just a little insurance in case Trump is wrong about global warming.
1295,3,2,55,60,1.1333333333333333,0.06044405671748914,571,It reminds me of my family and why I have to keep working at age 68.
1295,1,6,53,60,1.1333333333333333,0.05023485333552976,571,I recall no complaints when it was a chest of pearls and a barrel o' rum.
1295,2,4,54,60,1.1333333333333333,0.05557438475642006,571,I was told this was a pro therapy anchor work environment.
1295,1,6,53,60,1.1333333333333333,0.05023485333552976,571,Better anchor than trou.
1295,2,4,54,60,1.1333333333333333,0.05557438475642006,571,A complimentary triple-cream caramel latte to the first person who spots me ship.
1295,1,6,53,60,1.1333333333333333,0.05023485333552976,571,"Hook demanded Witness Protection for his anchor, too."
1295,1,6,53,60,1.1333333333333333,0.05023485333552976,571,"What?, You never seen a coffee maker before?"
1295,0,8,52,60,1.1333333333333333,0.044255719836307675,571,"Sorry, but I'm just not going to let that thing weigh me down anymore."
1295,0,8,52,60,1.1333333333333333,0.044255719836307675,571,"I could swear that this was ""bring your anchor to work day!"""
1295,1,6,53,60,1.1333333333333333,0.05023485333552976,571,Argh! Anchor's in aweigh.
1295,1,6,53,60,1.1333333333333333,0.05023485333552976,571,Arrrgh... what's yer point?
1295,2,4,54,60,1.1333333333333333,0.05557438475642006,571,Who ordered the seaweed macchiato?
1295,1,6,53,60,1.1333333333333333,0.05023485333552976,571,it's just a fluke
1295,1,6,53,60,1.1333333333333333,0.05023485333552976,571,"Because we're the anchor business in this mall, that's why."
1295,0,8,52,60,1.1333333333333333,0.044255719836307675,571,Can I pawn it for my breakfast?
1295,1,6,53,60,1.1333333333333333,0.05023485333552976,571,I guess his ship has sailed!
1295,1,6,53,60,1.1333333333333333,0.05023485333552976,571,Thanks for asking. Its a whale of a tale.
1295,1,6,53,60,1.1333333333333333,0.05023485333552976,571,"Well, this gives new meaning to an anchor store in this strip mall."
1295,2,4,54,60,1.1333333333333333,0.05557438475642006,571,Is this your anchor store?
1295,2,4,54,60,1.1333333333333333,0.05557438475642006,571,Welcome to Starrghbucks.
1295,0,8,52,60,1.1333333333333333,0.044255719836307675,571,Fresh Fish?
1295,1,6,53,60,1.1333333333333333,0.05023485333552976,571,You can pick up your drink at the end of the plank.
1295,1,6,53,60,1.1333333333333333,0.05023485333552976,571,Poseidon likes the coffee and that's all I'm going to say.
1295,1,6,53,60,1.1333333333333333,0.05023485333552976,571,This coffee tastes salty
1295,0,8,52,60,1.1333333333333333,0.044255719836307675,571,Aye! You can't spell coffee without the sea.
1295,2,4,54,60,1.1333333333333333,0.05557438475642006,571,Get over it ... we wanted a nautical theme and the Mermaid was taken...
1295,0,8,52,60,1.1333333333333333,0.044255719836307675,571,Boss went overboard on the pirate theme.
1295,0,8,52,60,1.1333333333333333,0.044255719836307675,571,No more Carribean Starbucks.
1295,2,4,54,60,1.1333333333333333,0.05557438475642006,571,Our decorator nixed the Jolly Roger.
1295,1,6,53,60,1.1333333333333333,0.05023485333552976,571,These trends are getting out of hand.
1295,1,6,53,60,1.1333333333333333,0.05023485333552976,571,"Yeah, I've got anchor issues. Deal with it."
1295,3,2,55,60,1.1333333333333333,0.06044405671748914,571,I need a spicy rum & blubber mocha cappuccino.
1295,0,8,52,60,1.1333333333333333,0.044255719836307675,571,"They're grumbling now, but they'll be singing a different tune when that sea level rises."
1295,1,6,53,60,1.1333333333333333,0.05023485333552976,571,Corporate sent it after the mermaid died.
1295,1,6,53,60,1.1333333333333333,0.05023485333552976,571,"If there's anything to show them that we're not moving, that's it."
1295,1,6,53,60,1.1333333333333333,0.05023485333552976,571,...and I'll bloody keel haul the next landlubber what asks me fer' soy milk!
1295,0,8,52,60,1.1333333333333333,0.044255719836307675,571,"Quit yer yappin', young scallywags! Ye said ye wanted to be an anchor store!"
1295,1,6,53,60,1.1333333333333333,0.05023485333552976,571,"OK, who's the wiseguy who ordered the Walter Cronkite?"
1295,1,6,53,60,1.1333333333333333,0.05023485333552976,571,My buddy over here has an anchoring for good coffee.
1295,2,4,54,60,1.1333333333333333,0.05557438475642006,571,You're all just a bunch of dead weight!
1295,3,2,55,60,1.1333333333333333,0.06044405671748914,571,"Stir yer stumps, ye bilge rats - 'Kaitlyn with a K' needs her latte."
1295,1,6,53,60,1.1333333333333333,0.05023485333552976,571,"After bitter arrrrbitration, that's all I have left after the divorce."
1295,0,8,52,60,1.1333333333333333,0.044255719836307675,571,Daughter...son...pet. Everyone else gets to bring [italics]their[end italics] special thing to work!
1416,1,6,54,61,1.1311475409836065,0.049452797144256905,571,You'll be here all night if you drink that
1417,0,7,49,56,1.125,0.04459412925079223,571,"Arr, where do you think I got the wood to build this place?"
1417,2,3,51,56,1.125,0.057335309036732875,571,"Because of automation, I now weigh coffee grounds instead of anchors."
1417,1,5,50,56,1.125,0.05136133772583239,571,"I've been looking for my chief mate, Starbuck. Everyone sent me here."
1417,1,5,50,56,1.125,0.05136133772583239,571,"Ho, ho, ho and a barrel of latte."
1417,1,5,50,56,1.125,0.05136133772583239,571,"No, I said starboard. Star ... Board ..."
1417,2,3,51,56,1.125,0.057335309036732875,571,Certified as 100% not fair-trade coffee. Arrr.
1417,2,3,51,56,1.125,0.057335309036732875,571,Who here said they'd kill for a cup of coffee? Say aye!
1417,0,7,49,56,1.125,0.04459412925079223,571,It's what they gave me when I retired from the pirate ship
1417,1,5,50,56,1.125,0.05136133772583239,571,I had mine on the rocks.
1417,0,7,49,56,1.125,0.04459412925079223,571,Good mooring to you too.
1417,1,5,50,56,1.125,0.05136133772583239,571,"Be patient, this is all new to her, too.."
1417,1,5,50,56,1.125,0.05136133772583239,571,Don't worry. It's fresh.
1417,0,7,49,56,1.125,0.04459412925079223,571,"Hey, no dropping anchor in the coffee line - keep it moving matey!"
1417,2,3,51,56,1.125,0.057335309036732875,571,"Venti anchor, no sea foam."
1417,0,7,49,56,1.125,0.04459412925079223,571,My wife needed the car.
1417,1,5,50,56,1.125,0.05136133772583239,571,"I know how it is. I was once in a boy band, myself."
1417,1,5,50,56,1.125,0.05136133772583239,571,It sparks joy. Next!
1417,1,5,50,56,1.125,0.05136133772583239,571,"Steady Mates,It's working, we got their minds off Starbucks."
1417,0,7,49,56,1.125,0.04459412925079223,571,Someone in a billy goat suit left it here after last year's Army-Navy game.
1417,2,3,51,56,1.125,0.057335309036732875,571,Because this is the anchor store in this mall!
1417,2,3,51,56,1.125,0.057335309036732875,571,Mind if I just leave it here for a minute?
1417,1,5,50,56,1.125,0.05136133772583239,571,I forgot me bike lock.
1417,1,5,50,56,1.125,0.05136133772583239,571,You should feel lucky - my ex got the ship.
1417,1,5,50,56,1.125,0.05136133772583239,571,I told them I was looking for a place to drop anchor.
1417,1,5,50,56,1.125,0.05136133772583239,571,I never thought the anchor store at this Mall would be a coffee shop.
1417,0,7,49,56,1.125,0.04459412925079223,571,I scuttled my boat so Peter Pan can't find me.
1417,0,7,49,56,1.125,0.04459412925079223,571,Every new chain needs an anchor store.
1417,2,3,51,56,1.125,0.057335309036732875,571,"Arrgh, welcome to Blackbean's cafe. Our specials this morning are our seaweed-strained cold-brew or a cup of hot bubbling froth."
1417,2,3,51,56,1.125,0.057335309036732875,571,Well excuse me for trying to create a new motif
1417,0,7,49,56,1.125,0.04459412925079223,571,Where's the rest of it?
1417,2,3,51,56,1.125,0.057335309036732875,571,Relax; it's only until my divorce is finalized.
1417,0,7,49,56,1.125,0.04459412925079223,571,Who invited your wife?
1417,1,5,50,56,1.125,0.05136133772583239,571,"It's not the destination so much as the journey, they say."
1417,1,5,50,56,1.125,0.05136133772583239,571,It's to remind me that my ship's come in.
1417,0,7,49,56,1.125,0.04459412925079223,571,Arg...ye're actin' like ye've never seen an anchor before!
1417,1,5,50,56,1.125,0.05136133772583239,571,Did someone say decaf?
1417,1,5,50,56,1.125,0.05136133772583239,571,"The more committed you are to decorative theme, the better the coffee"
1417,0,7,49,56,1.125,0.04459412925079223,571,"It's called 'ambiance,' ya landlubber."
1417,1,5,50,56,1.125,0.05136133772583239,571,This is the restaurant chain's anchor location.
1417,1,5,50,56,1.125,0.05136133772583239,571,Who ordered the walk-the-plank steak?
1417,0,7,49,56,1.125,0.04459412925079223,571,Alternate side parking's suspended today.
1417,1,5,50,56,1.125,0.05136133772583239,571,This mall needs and anchor store!
1417,2,3,51,56,1.125,0.057335309036732875,571,"Missed the May 21 deadline for the last cartoon, but will send a caption anyhow. I live in Vancouver, BC and didn't even receive that issue until today! Caption: I told you the crumb cake was too crumby!"
1417,3,1,52,56,1.125,0.06274303396942414,571,It is there to remind me not to pick my nose!
1417,0,7,49,56,1.125,0.04459412925079223,571,Who ordered the sea salt caramel latte?
1417,2,3,51,56,1.125,0.057335309036732875,571,The next one that compares my artisan coffee with krill squeezings will get a free ride on my pointy assistant!
1417,2,3,51,56,1.125,0.057335309036732875,571,No self-respecting captain wants to run a ground coffee shop.
1417,1,5,50,56,1.125,0.05136133772583239,571,It's the buccaneer to barista program . . . I'm still working through some baggage.
1417,1,5,50,56,1.125,0.05136133772583239,571,"Aye, she held us tight as free wifi and unlimited refills."
1417,2,3,51,56,1.125,0.057335309036732875,571,Anchors au laid!
1417,1,5,50,56,1.125,0.05136133772583239,571,Do you want any booty with your latte?
1417,0,7,49,56,1.125,0.04459412925079223,571,"Well, some dudes have a ball and chain."
1417,1,5,50,56,1.125,0.05136133772583239,571,"So, anyone gonna complain about my cookin'?"
1417,2,3,51,56,1.125,0.057335309036732875,571,She stays. I'll not set sale nor run a ground without 'er.
1417,2,3,51,56,1.125,0.057335309036732875,571,Just a little souvenir from mi days walkin' the plank!
1417,1,5,50,56,1.125,0.05136133772583239,571,We're an anchor store mateys.
1417,1,5,50,56,1.125,0.05136133772583239,571,That there anchor is the only bit of evidence left from the hit and run that sank me ship.
1417,1,5,50,56,1.125,0.05136133772583239,571,"On eBay, that's where. The seller said it was a mermaid."
1417,1,5,50,56,1.125,0.05136133772583239,571,"No, don't worry. We have no plans to move any time soon!"
1417,1,5,50,56,1.125,0.05136133772583239,571,It got him a discount on his flood insurance.
1417,2,3,51,56,1.125,0.057335309036732875,571,He said he needed a job where he could be incognito
1417,1,5,50,56,1.125,0.05136133772583239,571,"Why thar be me anchor, of course. Now can I hook ye up wi' a coffee or not?"
1417,1,5,50,56,1.125,0.05136133772583239,571,"So he says to me, 'Drop your anchor here for spell.' So I did. You got any problems with that?"
1417,2,3,51,56,1.125,0.057335309036732875,571,That's for here or onshore?
1417,1,5,50,56,1.125,0.05136133772583239,571,Don't complain about the weight.
1417,2,3,51,56,1.125,0.057335309036732875,571,And why exactly should I be the only one to froth?
1417,2,3,51,56,1.125,0.057335309036732875,571,It's collateral! a skinny double cappuccino please!
1417,1,5,50,56,1.125,0.05136133772583239,571,"Bottoms up, lads. Heh heh."
1417,1,5,50,56,1.125,0.05136133772583239,571,"Aye, she's there as a ballast for all the caffeine."""
1417,1,5,50,56,1.125,0.05136133772583239,571,"So, you were expecting maybe Johnny Depp?"
1417,1,5,50,56,1.125,0.05136133772583239,571,Now that's what I call arrrrrrr-t!
1417,1,5,50,56,1.125,0.05136133772583239,571,"It's my emotional support anchor, it keeps me grounded."
1417,2,3,51,56,1.125,0.057335309036732875,571,"Aargh, matey, it be called ""ambiance."""
1417,0,7,49,56,1.125,0.04459412925079223,571,"""I'm sorry Sir. The sign ""Anchorage Quick Service"" is because we are in Alaska""."
1417,0,7,49,56,1.125,0.04459412925079223,571,It's anchors aweigh at the end of my shift!
1417,1,5,50,56,1.125,0.05136133772583239,571,"It's the elephant in the room, but without the poop."
1417,1,5,50,56,1.125,0.05136133772583239,571,If you can eat the whole thing your meal is free...
1417,2,3,51,56,1.125,0.057335309036732875,571,"Hook never misses ""Bring Your Child to Work Day."""
1417,0,7,49,56,1.125,0.04459412925079223,571,Don't like it? I have a plank you can walk on.
1417,1,5,50,56,1.125,0.05136133772583239,571,"No lip ye bilge rats, or ye Starbuckaneers be quartering’ with Davy Jones!"
1417,2,3,51,56,1.125,0.057335309036732875,571,He spelled my name Sarrra. It's Sarah with an H.
1417,1,5,50,56,1.125,0.05136133772583239,571,"""Who be the fowl-lubber who parked in me 'Pirates with Disabilities' space""?"
1417,1,5,50,56,1.125,0.05136133772583239,571,Wifi code is barrrista.
1417,1,5,50,56,1.125,0.05136133772583239,571,"You complain now, but soon you'll be hooked on it."
1417,0,7,49,56,1.125,0.04459412925079223,571,Next time try sailing with a smaller anchor.
1417,1,5,50,56,1.125,0.05136133772583239,571,"Arrrgh, you may have an iron deficiency, but only one lick per cup."
1417,0,7,49,56,1.125,0.04459412925079223,571,Looks like we're out of whale.
1417,2,3,51,56,1.125,0.057335309036732875,571,"Another missive from God, the Devil, and the Deep Blue Sea."
1417,1,5,50,56,1.125,0.05136133772583239,571,We stay right here until me grog is hot.
1417,1,5,50,56,1.125,0.05136133772583239,571,"Listen young lassie, your try juggling Sea Captain and Barista jobs. Arrr!"
1417,0,7,49,56,1.125,0.04459412925079223,571,Got rum?
1417,2,3,51,56,1.125,0.057335309036732875,571,"I said ""arrghhh!"" and ""avast!"" you idiot, not ""large demitasse"""
1417,0,7,49,56,1.125,0.04459412925079223,571,Ahoy mateys! Who wants to try me famous whale blubber hash!!
1417,1,5,50,56,1.125,0.05136133772583239,571,"Yes, the anchor cappuccino is better and more difficult to make than the unicorn cappuccino."
1417,2,3,51,56,1.125,0.057335309036732875,571,"Yeah, but my clipper has a smaller carbon footprint than your hybrid."
1417,1,5,50,56,1.125,0.05136133772583239,571,"From now on, Coffee Aaargh Us!"
1417,0,7,49,56,1.125,0.04459412925079223,571,I tried. I told the Cap'n saying no to drugs programs didn't work under Reagan either.
1417,0,7,49,56,1.125,0.04459412925079223,571,It makes our seafood platter seem authentic
1417,0,7,49,56,1.125,0.04459412925079223,571,We kept our landline.
1417,0,7,49,56,1.125,0.04459412925079223,571,Full steamed milk ahead!
1417,2,3,51,56,1.125,0.057335309036732875,571,"Bill, your non-fat, no-whip, sugar-free, caffeine-free, extra hot, triple shot venti mocha with a side anchor is ready."
1417,1,5,50,56,1.125,0.05136133772583239,571,That'll be 'market' for the Fisherman's Catch.
1417,2,3,51,56,1.125,0.057335309036732875,571,"Ahoy, no scallywag be plunderin my restroom key!"
1417,2,3,51,56,1.125,0.057335309036732875,571,I was your age when I started working here to get my own ship.
1417,1,5,50,56,1.125,0.05136133772583239,571,"Cuz that's how we've always done it, that's why."
1417,1,5,50,56,1.125,0.05136133772583239,571,"No, you can't have that to go."
1417,2,3,51,56,1.125,0.057335309036732875,571,Arrgh....what are y'all looking at!
1417,0,7,49,56,1.125,0.04459412925079223,571,A normal paperweight would have worked too
1417,1,5,50,56,1.125,0.05136133772583239,571,"""The Wi-Fi password is Thar-She-Blows""."
1417,1,5,50,56,1.125,0.05136133772583239,571,Moment before the mutiny at Run-A-Ground's
1417,1,5,50,56,1.125,0.05136133772583239,571,These themed frappuccinos are getting out of hand...
1417,1,5,50,56,1.125,0.05136133772583239,571,I'll stir the seaweed into your java with me hook.
1417,1,5,50,56,1.125,0.05136133772583239,571,This is going to be the anchor store one way or another.
1417,1,5,50,56,1.125,0.05136133772583239,571,Star of the Seabucks
1417,0,7,49,56,1.125,0.04459412925079223,571,Who's the scurvy dog that put a lead dubloon in the register?
1417,1,5,50,56,1.125,0.05136133772583239,571,... and the scurvy landlords still claim we be not the anchor tenant.
1417,0,7,49,56,1.125,0.04459412925079223,571,Stop calling me that. Do you see any barnacles on me anchor?
1417,3,1,52,56,1.125,0.06274303396942414,571,"No,it's not an anchor,it's a carnival ride for to little people lesbians,but that's political o.k.Now do you want soup,or salad?"
1417,0,7,49,56,1.125,0.04459412925079223,571,It's just something I had hanging around.
1417,0,7,49,56,1.125,0.04459412925079223,571,"This place may have a hook, but I've got me own."
1417,1,5,50,56,1.125,0.05136133772583239,571,"My sole memento after I lost my ship, pension and retirement benefits in the hostile takeover."
1417,0,7,49,56,1.125,0.04459412925079223,571,I predicted this when Macy's left the mall.
1417,1,5,50,56,1.125,0.05136133772583239,571,"Yes, but the Ishmael Fish and Chips are fantastic."
1417,0,7,49,56,1.125,0.04459412925079223,571,Let me have a BLT to go and a Rusty Nail for my anchor.
1417,0,7,49,56,1.125,0.04459412925079223,571,"Yes, he gave up a life at sea, but he's anchored to his job."
1417,2,3,51,56,1.125,0.057335309036732875,571,Who knew that the seaweed coffee would be such a big seller?
1417,2,3,51,56,1.125,0.057335309036732875,571,"""Franchise,"" you said. ""Anchor store,"" you said."
1417,1,5,50,56,1.125,0.05136133772583239,571,Welcome to Anchor Tenant Coffee.
1417,0,7,49,56,1.125,0.04459412925079223,571,One latte with a shot across the bow
1417,1,5,50,56,1.125,0.05136133772583239,571,"Ye start an anchorrr company from the bottom, up, do you not?"
1417,2,3,51,56,1.125,0.057335309036732875,571,The macchiato comes with extra seaweed.
1417,0,7,49,56,1.125,0.04459412925079223,571,Sails are down.
1417,0,7,49,56,1.125,0.04459412925079223,571,Its perfectly legal for me to have it with me sir-its me comfort anchor
1417,0,7,49,56,1.125,0.04459412925079223,571,My apologies for any inconvenience due to the sudden change of management of this establishment.
1417,2,3,51,56,1.125,0.057335309036732875,571,"Listen up! The special tonight is white whale with, caviar, cappers and sea wed dressing."
1417,1,5,50,56,1.125,0.05136133772583239,571,"The anchor? It reminds me when barista be a perilous calling. The hook? It's not real, I be a hipster."
1417,3,1,52,56,1.125,0.06274303396942414,571,I hope they didn't order it to go.
1417,0,7,49,56,1.125,0.04459412925079223,571,Does anyone have a problem with the coffee machine?
1417,1,5,50,56,1.125,0.05136133772583239,571,Not all pirates sail the seven seas.
1417,0,7,49,56,1.125,0.04459412925079223,571,"Aye, Kevin, there's another storm brewing faster than you."
1417,1,5,50,56,1.125,0.05136133772583239,571,Who dropped anchor here?
1417,1,5,50,56,1.125,0.05136133772583239,571,"Argh...Don't mind me anchor, it will be aweigh soon, Matey."
1417,1,5,50,56,1.125,0.05136133772583239,571,"Rats, that's the third computer keyboard I've ruined."
1417,2,3,51,56,1.125,0.057335309036732875,571,"When me flagship ran agrounds, I ended up in this chain."
1417,0,7,49,56,1.125,0.04459412925079223,571,"Aaarh, the mall was looking for an anchor tenant, I obliged."
1417,1,5,50,56,1.125,0.05136133772583239,571,"A grande latte with 3 pumps of arrrgh, please!"
1417,1,5,50,56,1.125,0.05136133772583239,571,It helps me feel anchored.
1417,0,7,49,56,1.125,0.04459412925079223,571,"Jones! Jones! Come on, Davey, damn it, your ""to go"" order's ready."
1417,1,5,50,56,1.125,0.05136133772583239,571,I heard the new mall needed an anchor.
1417,1,5,50,56,1.125,0.05136133772583239,571,"No daycare spaces available, arrrr."
1417,1,5,50,56,1.125,0.05136133772583239,571,What new wave won't Starbucks ride?
1417,1,5,50,56,1.125,0.05136133772583239,571,I'll be rid of it when ye stop calling me a baaarrrrista.
1417,0,7,49,56,1.125,0.04459412925079223,571,"Matey, I meant anchors away, not anchors aweigh."
1417,1,5,50,56,1.125,0.05136133772583239,571,I'm hooked on your seafood.
1417,0,7,49,56,1.125,0.04459412925079223,571,I don't know how you got it in but I want to see how you are going to get it out.
1417,1,5,50,56,1.125,0.05136133772583239,571,I'll take a donut for my Labrador retriever tied up outside.
1417,2,3,51,56,1.125,0.057335309036732875,571,"It’s just regular coffee, but it sells better if you call it Catchuccino."
1417,0,7,49,56,1.125,0.04459412925079223,571,I think it's a charming addition.
1417,1,5,50,56,1.125,0.05136133772583239,571,"If I can't bring me' work home, I'll bring me' home to work, matey!"
1417,0,7,49,56,1.125,0.04459412925079223,571,"Hey, we all need to feel anchored to something."
1417,1,5,50,56,1.125,0.05136133772583239,571,Excuse me ma'am - d'ya mind if I drop my anchor in yer lagoon? Yar!
1417,2,3,51,56,1.125,0.057335309036732875,571,Have you tried the White Whale?
1417,1,5,50,56,1.125,0.05136133772583239,571,"Ahoy mateys, someone's left their dongle at the counter."
1417,1,5,50,56,1.125,0.05136133772583239,571,The anchor store at the mall shut down and left it to us.
1417,2,3,51,56,1.125,0.057335309036732875,571,Who knew you needed a tetanus shot just to eat here?
1417,0,7,49,56,1.125,0.04459412925079223,571,It's a great way to describe their buns.
1417,0,7,49,56,1.125,0.04459412925079223,571,Welcome to Arrbucks.
1417,1,5,50,56,1.125,0.05136133772583239,571,"Aye, mates, think her anchor's big, you should see the booty!"
1417,2,3,51,56,1.125,0.057335309036732875,571,"For the last time, nothing here is ""free trade."""
1417,0,7,49,56,1.125,0.04459412925079223,571,"'cuz it ties th' room together, 'at's why, mate."
1417,1,5,50,56,1.125,0.05136133772583239,571,Where's the rest of my ship?
1417,1,5,50,56,1.125,0.05136133772583239,571,It's me anchor baby. Ye got a problem with that?
1417,0,7,49,56,1.125,0.04459412925079223,571,"I know it's smelly, but outplacement's therapist said I should take a memento."
1417,0,7,49,56,1.125,0.04459412925079223,571,Remember: the doubloons won't fit in the drawer and the parrot stays outside.
1417,2,3,51,56,1.125,0.057335309036732875,571,Low tide Hour!Two rum mochas for the price of one.
1417,1,5,50,56,1.125,0.05136133772583239,571,"One small, one grande, and a double-venti for Jeremy."
1417,1,5,50,56,1.125,0.05136133772583239,571,Our pen disappeared but we still have the anchor.
1417,1,5,50,56,1.125,0.05136133772583239,571,"Yarr, the Agent told me I was here for phishing."
1417,1,5,50,56,1.125,0.05136133772583239,571,Sorry but a Tattoo just doesn't compare!!
1417,1,5,50,56,1.125,0.05136133772583239,571,"We may not be the mall's big ""anchor store,"" but..."
1417,1,5,50,56,1.125,0.05136133772583239,571,We tried to fire him but then he claimed a disability. Now we pretend that he's into cosplay just to normalize this whole experience.
1417,2,3,51,56,1.125,0.057335309036732875,571,"Well, this is the anchor store in this mall."
1417,0,7,49,56,1.125,0.04459412925079223,571,Taking your gold for 20 years with no plans to move on
1417,1,5,50,56,1.125,0.05136133772583239,571,Who ordered the Anchor Steam?
1417,2,3,51,56,1.125,0.057335309036732875,571,"If we open another coffee house in our Nantucket market, we have to name after you, Starbuck! Aye, aye!"
1417,2,3,51,56,1.125,0.057335309036732875,571,Coat check costs too much.
1417,1,5,50,56,1.125,0.05136133772583239,571,We're going for a more authentic vibe at Starbucks now.
1417,0,7,49,56,1.125,0.04459412925079223,571,"Without it, I fear my shop might float away."
1417,1,5,50,56,1.125,0.05136133772583239,571,"Arrh, I went a-pillagin' and all I got was this lousy anchor!"
1417,2,3,51,56,1.125,0.057335309036732875,571,"Aye, whilst the anchor be nigh, I'll hear no sigh, lest rancor doth spire the patrons to fly."
1417,2,3,51,56,1.125,0.057335309036732875,571,They ran out of gold watches. Get over it.
1417,1,5,50,56,1.125,0.05136133772583239,571,"He must be new, everybody either gets fired or a hook within six months!"
1417,1,5,50,56,1.125,0.05136133772583239,571,'Cause I want to be ready if thar's a flood!
1417,0,7,49,56,1.125,0.04459412925079223,571,That's for the tempest in the tea pot.
1417,2,3,51,56,1.125,0.057335309036732875,571,Of course it's in the weigh ya scurvy landlubbers.
1417,1,5,50,56,1.125,0.05136133772583239,571,We have a Blue Plate Special on the fish today. And tomorrow.
1417,0,7,49,56,1.125,0.04459412925079223,571,"Who ordered the Tall, Non-Fat Latte With Caramel Drizzle And An Anchor?"
1417,0,7,49,56,1.125,0.04459412925079223,571,Are you saying my tenuous anchor to reality has no place here?
1417,0,7,49,56,1.125,0.04459412925079223,571,Anchor management has been my problem for years.
1417,1,5,50,56,1.125,0.05136133772583239,571,"With all the change going on around here, I'm glad this place isn't going anywhere."
1417,1,5,50,56,1.125,0.05136133772583239,571,"Aaargh! It be a metaphor for the burden government regulations place on small businesses! For sure, my wife wanted it out of the apartment, too!"
1417,2,3,51,56,1.125,0.057335309036732875,571,the person who drew this has never seen an anchor.
1417,0,7,49,56,1.125,0.04459412925079223,571,Alright...so me wife kicked me out of the apartment last night! I'll move the bloody thing tomorrow!
1417,1,5,50,56,1.125,0.05136133772583239,571,"That's two cups of Cap'n Hook's Anchors Away coffee, matte, in our Bristol Cups!"
1417,1,5,50,56,1.125,0.05136133772583239,571,You should see me BEFORE I've had my coffee.
1417,0,7,49,56,1.125,0.04459412925079223,571,Who ate the parrot?
1417,0,7,49,56,1.125,0.04459412925079223,571,She still only gets 30 minutes of WiFi.
1417,0,7,49,56,1.125,0.04459412925079223,571,Pirate of the coffee bean.
1417,1,5,50,56,1.125,0.05136133772583239,571,Methinks it belongs to Kevin.
1417,0,7,49,56,1.125,0.04459412925079223,571,"Aye, maties, no trade holds a candle to seafarin' barista."
1417,1,5,50,56,1.125,0.05136133772583239,571,"Another round, Matey's! ""Yo ho, yo ho, a pirate's life for me!"""
1417,1,5,50,56,1.125,0.05136133772583239,571,"Captain, it looks like you've gained a little weight."
1417,1,5,50,56,1.125,0.05136133772583239,571,It only smells for awhile. You'll get used to it.
1417,0,7,49,56,1.125,0.04459412925079223,571,The Missus wanted me to retire and put down an anchor- so that's what I did.
1417,1,5,50,56,1.125,0.05136133772583239,571,"Arrr, the privy key be only for them what's earn it!"
1417,2,3,51,56,1.125,0.057335309036732875,571,"Our ""extra strong"" coffee floats this. Be warned."
1417,1,5,50,56,1.125,0.05136133772583239,571,"Ok, for the next ""bring your best pal to work day"" I'll bring the parrot instead"
1417,1,5,50,56,1.125,0.05136133772583239,571,He's hung over.
1417,2,3,51,56,1.125,0.057335309036732875,571,"Oh, stop ye whingin'. We be gone when me ship come in!"
1417,1,5,50,56,1.125,0.05136133772583239,571,I don't want me anchor pilfered while I be at work.
1417,1,5,50,56,1.125,0.05136133772583239,571,They were looking for a hook.
1417,1,5,50,56,1.125,0.05136133772583239,571,I guess the anchor belongs to captain hook at the register.
1417,2,3,51,56,1.125,0.057335309036732875,571,"Yeah, a dead weight -- orders one cup of coffee and then drags us down all day."
1417,2,3,51,56,1.125,0.057335309036732875,571,It's here under court order. I was sentenced to 6 months anchor management.
1417,1,5,50,56,1.125,0.05136133772583239,571,No one said anything to Starbuck when he brought that mermaid in here!
1417,1,5,50,56,1.125,0.05136133772583239,571,"Yes, im the soup pirate ,No that's not a 1 ton anchor,it's a 3ton anchor,no soup for you, Next!"
1417,1,5,50,56,1.125,0.05136133772583239,571,Must be that crazy Long John Silver dropping in for his extra-large regular.
1417,1,5,50,56,1.125,0.05136133772583239,571,Ye only said I couldn't bring me bicycle in here!
1417,2,3,51,56,1.125,0.057335309036732875,571,"Yeah, Josh is a PhD in Enlightenment philosophy, Melanie's a Juilliard-trained opera singer and I've got a Masters in Fine Arrrrrrrghs"
1417,2,3,51,56,1.125,0.057335309036732875,571,It's a symbol of my commitment to the neighborhood.
1417,2,3,51,56,1.125,0.057335309036732875,571,I heard this mall needed an anchor store.
1417,1,5,50,56,1.125,0.05136133772583239,571,Starbuck! Your latte is up.
1417,1,5,50,56,1.125,0.05136133772583239,571,"I don't think they meant for us to take the advice to ""anchor our franchise to the local community"" so seriously."
1417,0,7,49,56,1.125,0.04459412925079223,571,"""Put that anchor aweigh"". ""Add fresh kelp to the menu""."
1417,2,3,51,56,1.125,0.057335309036732875,571,"Arghh, it's a new cold brew popular with the Millennials called Anchor Steam."
1417,1,5,50,56,1.125,0.05136133772583239,571,His crew mutinied — they preferred tea.
1417,2,3,51,56,1.125,0.057335309036732875,571,It's called Ebay for a reason lad...and that's where I pulled this anchor from.
1417,1,5,50,56,1.125,0.05136133772583239,571,You need more handicapped mooring spaces out there.
1417,2,3,51,56,1.125,0.057335309036732875,571,It's my therapy anchor. Any questions?
1417,2,3,51,56,1.125,0.057335309036732875,571,"You scurvy dogs, this is a pirate bar called 'Anchor Steam,' not a millennial hangout called 'Coffee Steam.' To the plank with all you you!"
1417,1,5,50,56,1.125,0.05136133772583239,571,"Grande anchor with half-seaweed, half kelp, no-rust for Bluebeard."
1417,0,7,49,56,1.125,0.04459412925079223,571,I suggest you don't complain about the price of coffee in this place Honey!!!!!
1417,0,7,49,56,1.125,0.04459412925079223,571,"When I get stressed out, it helps me keep things in perspective."
1417,0,7,49,56,1.125,0.04459412925079223,571,"Okay, who doesn't understand the meaning of 'anchor's away'?"
1417,1,5,50,56,1.125,0.05136133772583239,571,You can make me a barista but you cannot take the high seas out of me.
1417,1,5,50,56,1.125,0.05136133772583239,571,"I know, I know. I need to work on my anchor management issues."
1417,1,5,50,56,1.125,0.05136133772583239,571,Ye wanted more sea farin' ambiance – aye – now ye got it!
1417,1,5,50,56,1.125,0.05136133772583239,571,"Do not complain, it comes with the hook."
1417,1,5,50,56,1.125,0.05136133772583239,571,"If you don't like it, there's the plank!"
1417,1,5,50,56,1.125,0.05136133772583239,571,Stop bleeding on it.
1417,1,5,50,56,1.125,0.05136133772583239,571,Only a fool would set sale on a new enterprise without a spare anchor.
1417,1,5,50,56,1.125,0.05136133772583239,571,"You don't have to like it, but you have to respect it."
1417,1,5,50,56,1.125,0.05136133772583239,571,Interested in joining our Frequent Traveler Program?
1417,0,7,49,56,1.125,0.04459412925079223,571,An old sailor never completely retires
1417,1,5,50,56,1.125,0.05136133772583239,571,"I may have lost me ship and me hand, but I will not lose the next sale."
1417,2,3,51,56,1.125,0.057335309036732875,571,We're out o' the Deep Dark Sea Blend. Try the Buccaneer's Roast.
1417,0,7,49,56,1.125,0.04459412925079223,571,I don' care a lick if t'is bothering yer wifi.
1417,1,5,50,56,1.125,0.05136133772583239,571,"Seaweed latte, please."
1417,1,5,50,56,1.125,0.05136133772583239,571,Who let that w-anchor in here?
1417,1,5,50,56,1.125,0.05136133772583239,571,"It actually came with the place. Cost too much to move the damned thing, so I went with the aesthetic."
1417,1,5,50,56,1.125,0.05136133772583239,571,Good source of iron.
1417,1,5,50,56,1.125,0.05136133772583239,571,Time to keelhaul that bilge-sucking Starbuck.
1417,2,3,51,56,1.125,0.057335309036732875,571,"Some scoundrel bartered his dinner bill, Mates."
1417,1,5,50,56,1.125,0.05136133772583239,571,When you're Shift Captain then you can decide where to drop anchor!
1417,1,5,50,56,1.125,0.05136133772583239,571,We make a whale of a good coffee here.
1417,1,5,50,56,1.125,0.05136133772583239,571,Tall seaweed latte for Bob!
1417,1,5,50,56,1.125,0.05136133772583239,571,"Well, they are the 'Anchor Tenant'."
1417,1,5,50,56,1.125,0.05136133772583239,571,"Anchors away, my boys!"
1417,0,7,49,56,1.125,0.04459412925079223,571,Who took the restroom key from the anchor.
1417,2,3,51,56,1.125,0.057335309036732875,571,"It doesn't stop them from the second cup,dose it!"
1417,2,3,51,56,1.125,0.057335309036732875,571,"All our brews be organic, free o' gluten and have zero trans-fats. But th' one on the left might have a little rust."
1417,1,5,50,56,1.125,0.05136133772583239,571,It is a necklace for the nasty skanks who keep sticking gum under the tables.
1417,1,5,50,56,1.125,0.05136133772583239,571,I think Moby Dick needs more caffeine
1417,1,5,50,56,1.125,0.05136133772583239,571,I had no place else to put it.
1417,0,7,49,56,1.125,0.04459412925079223,571,It was a memento from the crew of the Jolly Roger.
1417,1,5,50,56,1.125,0.05136133772583239,571,"A keepsake sent from me ole shipmate Jim Hawkins, it is."
1417,1,5,50,56,1.125,0.05136133772583239,571,Where I drop anchor is me home.
1417,1,5,50,56,1.125,0.05136133772583239,571,Our beans are pirate sourced.
1417,3,1,52,56,1.125,0.06274303396942414,571,What's the holdup?
1417,1,5,50,56,1.125,0.05136133772583239,571,I think it's because the Jolly Roger sunk near Java.
1417,1,5,50,56,1.125,0.05136133772583239,571,I'm not going anywhere.
1417,0,7,49,56,1.125,0.04459412925079223,571,"If you like my wall anchor, you're gonna love my cappuccino!"
1417,1,5,50,56,1.125,0.05136133772583239,571,The anchor had no sense of contemporary loitering etiquette.
1417,1,5,50,56,1.125,0.05136133772583239,571,"Starbucks? Why, Starbucks is my first mate. What Starbucks do you mean?"
1417,1,5,50,56,1.125,0.05136133772583239,571,There'll be no more cultural appropriation in this Starbucks.
1417,1,5,50,56,1.125,0.05136133772583239,571,That's what my Prom date said.
1417,1,5,50,56,1.125,0.05136133772583239,571,"Deal with it, mates! The mall needed anchor tenants."
1417,1,5,50,56,1.125,0.05136133772583239,571,I'd say it's a real statement piece.
1417,0,7,49,56,1.125,0.04459412925079223,571,Any landlubber what orders a hamburger gets a one-way cruise to Davy Jones' Locker!
1417,1,5,50,56,1.125,0.05136133772583239,571,Leave it!
1417,1,5,50,56,1.125,0.05136133772583239,571,Me anchor is Grande. That just be a big cup.
1417,0,7,49,56,1.125,0.04459412925079223,571,Anchors away? Blimey who said that?
1417,1,5,50,56,1.125,0.05136133772583239,571,"Oh aye, it all be fair trade."
1417,1,5,50,56,1.125,0.05136133772583239,571,...from that day forward Geoffrey's flashbacks became increasingly vivid.
1417,1,5,50,56,1.125,0.05136133772583239,571,Is that organically sourced?
1417,1,5,50,56,1.125,0.05136133772583239,571,I said I had a hankering!
1417,2,3,51,56,1.125,0.057335309036732875,571,"Obsessed with jealousy & revenge, Captain Ahab returns from his watery grave to intimidate the store's founder into re-naming the coffee-chain...Ahabs"
1417,2,3,51,56,1.125,0.057335309036732875,571,"No, we don't have room for cream."
1417,1,5,50,56,1.125,0.05136133772583239,571,Just in case.
1417,0,7,49,56,1.125,0.04459412925079223,571,The company's insurance covered pre-existing conditions.
1417,1,5,50,56,1.125,0.05136133772583239,571,"Yea, it's me Angkor.....so Wat?"
1417,1,5,50,56,1.125,0.05136133772583239,571,What we have here is a failure to lift all boats.
1417,1,5,50,56,1.125,0.05136133772583239,571,"Ok, I get the message. But no, I don’t do hookups."
1417,1,5,50,56,1.125,0.05136133772583239,571,You think artisanal chum grows on trees?
1417,0,7,49,56,1.125,0.04459412925079223,571,That's me Anchor Baby. I calls her Elspeth.
1417,1,5,50,56,1.125,0.05136133772583239,571,Like you had a better idea for Fleet Week?
1417,0,7,49,56,1.125,0.04459412925079223,571,"After the unicorn fad, a pirate theme can't be too far behind."
1417,1,5,50,56,1.125,0.05136133772583239,571,"By Hell's bells, if I want to hang all of you from the track lighting to give this place some atmosphere, that's just what I'll do!"
1417,1,5,50,56,1.125,0.05136133772583239,571,"Fishburger, fishburger, fishburger! No cheeseburger, just fishburger!"
1417,2,3,51,56,1.125,0.057335309036732875,571,They said they wanted heavy metal!
1417,1,5,50,56,1.125,0.05136133772583239,571,You weren't kidding about your hankering for anchoring.
1417,1,5,50,56,1.125,0.05136133772583239,571,One more word about Starbucks and you'll be sent to Davey Jones' Locker.
1417,2,3,51,56,1.125,0.057335309036732875,571,Lose the anchor. What good is a conversation piece that renders patrons speechless?
1417,1,5,50,56,1.125,0.05136133772583239,571,My wife wont let me keep it at home.
1417,0,7,49,56,1.125,0.04459412925079223,571,Aye! I be the Anchor tenant!
1417,1,5,50,56,1.125,0.05136133772583239,571,"Aarrr marketing department demanded a Hook, line, and sinker."
1417,2,3,51,56,1.125,0.057335309036732875,571,One tall grog macchiato?
1417,0,7,49,56,1.125,0.04459412925079223,571,Holy ship!
1417,1,5,50,56,1.125,0.05136133772583239,571,You wanted yer kelp lattes.
1417,1,5,50,56,1.125,0.05136133772583239,571,We use only fair-raided coffee beans.
1417,0,7,49,56,1.125,0.04459412925079223,571,"Arggg, no free refills."
1417,2,3,51,56,1.125,0.057335309036732875,571,I sense a mutiny a brewin'.
1417,1,5,50,56,1.125,0.05136133772583239,571,order up!
1417,0,7,49,56,1.125,0.04459412925079223,571,Tell him we need something more specific than “matey” written on the cups.
1417,0,7,49,56,1.125,0.04459412925079223,571,I've decided to drop anchor here.
1417,0,7,49,56,1.125,0.04459412925079223,571,"Hard to believe, but they say it's his blankie."
1417,1,5,50,56,1.125,0.05136133772583239,571,Aaaarrrrgggghhhh me matey...she looked a mite smaller on ye olde ebay listing.
1417,1,5,50,56,1.125,0.05136133772583239,571,"""Aye, Ahab gave up his spear. But no one touches my anchor."" Starbuck after washing ashore and finding work at a Nantucket coffee shop"
1417,3,1,52,56,1.125,0.06274303396942414,571,Arg! I dropped anchor on that scurvy mermaid.
1417,2,3,51,56,1.125,0.057335309036732875,571,Alright folks! Which one of you jokers ordered the Blood of an Irishman?
1417,1,5,50,56,1.125,0.05136133772583239,571,What? You've never seen an anchor before?
1417,1,5,50,56,1.125,0.05136133772583239,571,I was parked in a tow away zone.
1417,1,5,50,56,1.125,0.05136133772583239,571,"This is our company's flagship restaurant, if you must know."
1417,0,7,49,56,1.125,0.04459412925079223,571,Customers aweigh!
1417,2,3,51,56,1.125,0.057335309036732875,571,One more complaint about this anchor and you're all gonna walk the plank.
1417,1,5,50,56,1.125,0.05136133772583239,571,"She left a note, too: 'Hope this shivers your timbers.'"
1417,0,7,49,56,1.125,0.04459412925079223,571,I used to like this place.................before Capt'n Hook and his dumb anchor !
1417,2,3,51,56,1.125,0.057335309036732875,571,"Arr, me hearties, ye should see the one that got 'aweigh.'"
1417,1,5,50,56,1.125,0.05136133772583239,571,I will NOT put it that anchor away!
1417,0,7,49,56,1.125,0.04459412925079223,571,"You are the senior intern, you tell him he is fired"
1417,1,5,50,56,1.125,0.05136133772583239,571,"And a Davy Jones special for me friend, arrrgh!"
1417,1,5,50,56,1.125,0.05136133772583239,571,"It's anchor aweigh, not anchor away."
1417,1,5,50,56,1.125,0.05136133772583239,571,"For the last time, anchor with seaweed to go?"
1417,1,5,50,56,1.125,0.05136133772583239,571,Cortado!
1417,1,5,50,56,1.125,0.05136133772583239,571,"Ahoy, while the seas are full of adventure they don't come with benefits."
1417,1,5,50,56,1.125,0.05136133772583239,571,Whoever ordered the Sea Captain's Special--- IT'S READY!
1417,1,5,50,56,1.125,0.05136133772583239,571,Ask for cream or sugar and that's what you get.
1417,0,7,49,56,1.125,0.04459412925079223,571,One grande double skim machiato to anchor.
1417,3,1,52,56,1.125,0.06274303396942414,571,I left the ship outside. It wouldn't fit through the door.
1417,0,7,49,56,1.125,0.04459412925079223,571,One yo ho ho mocha grande.
1417,1,5,50,56,1.125,0.05136133772583239,571,She won't get aweigh this time!
1417,1,5,50,56,1.125,0.05136133772583239,571,"No, ""Pan-fried catfish"" is NOT some kind of sick joke."
1417,1,5,50,56,1.125,0.05136133772583239,571,"Get this straight, I'm here to stay!"
1417,1,5,50,56,1.125,0.05136133772583239,571,The Prius is in the shop. Get over it.
1417,0,7,49,56,1.125,0.04459412925079223,571,Pirated from Starbucks
1417,1,5,50,56,1.125,0.05136133772583239,571,"The boss says ignore the anchor but if he sings ho ho ho and a bottle of rum one more time, we can call for Peter Pan."
1417,2,3,51,56,1.125,0.057335309036732875,571,"Anchors away my ass, you swabby's need a stiff cup of joe !"
1417,1,5,50,56,1.125,0.05136133772583239,571,"Pull the anchor on a triple, scuttle the whip and pass it port side."
1417,1,5,50,56,1.125,0.05136133772583239,571,"Avast, ye hipster, lest ye get hooked like ya' cap'n!"
1417,1,5,50,56,1.125,0.05136133772583239,571,"When I say ""Drop anchor"", I mean it."
1417,1,5,50,56,1.125,0.05136133772583239,571,And I expect you hipsters to appreciate the ambience.
1417,2,3,51,56,1.125,0.057335309036732875,571,Do you have anything smaller than a piece of eight?
1417,1,5,50,56,1.125,0.05136133772583239,571,We're fresh off the boat.
1417,1,5,50,56,1.125,0.05136133772583239,571,My wife thought it was too realistic for the fishbowl
1417,1,5,50,56,1.125,0.05136133772583239,571,Ya gotta have a hook.
1417,2,3,51,56,1.125,0.057335309036732875,571,"Shortly thereafter, despite previously working with the Head Cashier, Anchor was deemed to be a burden to the organization, and was dropped."
1417,0,7,49,56,1.125,0.04459412925079223,571,"I call it ""The-I-arrived-too-late-to-save-Jimmy-Hoffa"" anchor."
1417,1,5,50,56,1.125,0.05136133772583239,571,"Aye ye be right matey, it's not coffee but it'll do ye better in a nor'easter!"
1417,1,5,50,56,1.125,0.05136133772583239,571,"'Tis it the Fair Trade coffee you'll be wanting, Mr. Ahab?"
1417,0,7,49,56,1.125,0.04459412925079223,571,"Henceforth, this shoppe is ""Ahab's"" not ""Starbucks!"""
1417,1,5,50,56,1.125,0.05136133772583239,571,"C'mon Mateys, never lose ye moorin's!"
1417,0,7,49,56,1.125,0.04459412925079223,571,"And I'm not your ""matey,"" no matter how things look."
1417,3,1,52,56,1.125,0.06274303396942414,571,Quit yer griping. Most employees want to work at the anchor store!
1417,1,5,50,56,1.125,0.05136133772583239,571,It gives me comfort in my new career to carry a memento of my past.
1417,0,7,49,56,1.125,0.04459412925079223,571,"You know, I didn't always do this."
1417,0,7,49,56,1.125,0.04459412925079223,571,Welcome to Ran Aground Coffee Shoppe.
1417,1,5,50,56,1.125,0.05136133772583239,571,The cashier says it's just a metaphor for the millennial's future.
1417,1,5,50,56,1.125,0.05136133772583239,571,I hear they still ship their beans the old-fashioned way.
1417,1,5,50,56,1.125,0.05136133772583239,571,"Shiver me bones, don't bust my scones."
1417,1,5,50,56,1.125,0.05136133772583239,571,Anchors latte!
1417,1,5,50,56,1.125,0.05136133772583239,571,"My parrot says, 'authenticity sells.'"
1417,1,5,50,56,1.125,0.05136133772583239,571,We are hoping to get everyone hooked on the dark roast.
1417,2,3,51,56,1.125,0.057335309036732875,571,"Aye, we were first choice to anchor this strip mall."
1417,2,3,51,56,1.125,0.057335309036732875,571,thats me wife
1417,1,5,50,56,1.125,0.05136133772583239,571,"Would you like demi, tall, grande or Caribbean Sea?"
1417,1,5,50,56,1.125,0.05136133772583239,571,"I hate those Seafood Restaurant Chains, they'll bag anything and fry it and call it ""Surf"""
1417,1,5,50,56,1.125,0.05136133772583239,571,They told the mall developer that he needed an anchor store.
1417,2,3,51,56,1.125,0.057335309036732875,571,Yo ho ho and a cafe latte to go.
1417,2,3,51,56,1.125,0.057335309036732875,571,Just tell me where Mr. Starbuck is and I'll be out your hair.
1806,2,3,52,57,1.1228070175438596,0.056363123168042664,571,"Well, you have your emotional support animal?!"
1806,2,3,52,57,1.1228070175438596,0.056363123168042664,571,"Arr, it's me therapy anchor."
1806,0,7,50,57,1.1228070175438596,0.04385964912280703,571,It's the only thing that keeps me anchored to reality!
1806,1,5,51,57,1.1228070175438596,0.05049985383360874,571,That'll show that scurvy dog of a landlord who the anchor tenant REALLY is.
1806,0,7,50,57,1.1228070175438596,0.04385964912280703,571,"Arrr, ""MORE"" coffee. I'll be thankin ya for speaking more clearly in the future!"
1806,1,5,51,57,1.1228070175438596,0.05049985383360874,571,"Excuse me, I think I left something behind the last time I was in."
1806,2,3,52,57,1.1228070175438596,0.056363123168042664,571,I have an auditon this afternoon. You got a problem with that?
1806,2,3,52,57,1.1228070175438596,0.056363123168042664,571,"I said ""A soy, matey!"""
1806,1,5,51,57,1.1228070175438596,0.05049985383360874,571,"Arr, nobody is regretting Bring Your Anchor to Work Day more than I."
1806,1,5,51,57,1.1228070175438596,0.05049985383360874,571,Anyone Got a Problem ?
1806,1,5,51,57,1.1228070175438596,0.05049985383360874,571,"Welcome to my franchise of the ""Jolly Cup of Joe"" Drink hearty my cash cows!"
1806,2,3,52,57,1.1228070175438596,0.056363123168042664,571,I hate it when Peter Pan stops by
1806,1,5,51,57,1.1228070175438596,0.05049985383360874,571,told you bitch that ain't mine
1806,2,3,52,57,1.1228070175438596,0.056363123168042664,571,"Arrrgh, another aye phone order comin' right up me pretties."
1806,1,5,51,57,1.1228070175438596,0.05049985383360874,571,When pirates retire too soon...
1806,1,5,51,57,1.1228070175438596,0.05049985383360874,571,"My first choice was my parrot, but health codes objected."
1806,1,5,51,57,1.1228070175438596,0.05049985383360874,571,"My wife says ""does this make me look fat?"" I says ""No ... it makes you look like a goddamned anchor!"""
1806,1,5,51,57,1.1228070175438596,0.05049985383360874,571,"I said ""Ahoy Matey"" and I got ""a soy latte."""
1824,1,4,44,49,1.1224489795918366,0.055578689246150295,571,"Can it, Irv! At least the new guy shows up and keeps his mouth shut!"
1825,1,3,37,41,1.1219512195121952,0.06242187264424257,571,"O.K., so who ordered a Rusty Nail?"
1826,1,5,52,58,1.1206896551724137,0.049666682137193066,571,"No, this is Starrrbucks, that gift card isn't valid here."
1826,0,7,51,58,1.1206896551724137,0.04314879647175589,571,"Aye, this pirate theme be weighing us down."
1826,1,5,52,58,1.1206896551724137,0.049666682137193066,571,Subtle!
1826,2,3,53,58,1.1206896551724137,0.05542328023559171,571,That's the LAST time somebody lectures me on Fair Trade.
1826,1,5,52,58,1.1206896551724137,0.049666682137193066,571,One low fat cinnamon cappuccino with a shot of blubber please.
1831,0,5,37,42,1.119047619047619,0.05057601944205112,571,The one I haven't tried yet is the blubber latte
1831,0,5,37,42,1.119047619047619,0.05057601944205112,571,Theres no place like home.
1833,1,3,39,43,1.1162790697674418,0.059615808787130756,571,You're making me move?
1833,0,5,38,43,1.1162790697674418,0.04946336973228635,571,Don't worry. I'll take it home with me when I go back to my ship.
1833,1,3,39,43,1.1162790697674418,0.059615808787130756,571,She was once owned by Juan Vladez she was.
1836,1,4,48,53,1.1132075471698113,0.051539276936327136,571,Anyone looking for a quick hook up?
1836,1,4,48,53,1.1132075471698113,0.051539276936327136,571,"farm-to-table out, ocean-to-table in."
1836,1,4,48,53,1.1132075471698113,0.051539276936327136,571,"Ya matey, this is our anchor store, what about it?"
1836,0,6,47,53,1.1132075471698113,0.043938680706010445,571,Don't make me throw my weight around.
1836,2,2,49,53,1.1132075471698113,0.05815484908461297,571,"I guess you'd call it ""Yarrrgh""-to-table?"
1836,1,4,48,53,1.1132075471698113,0.051539276936327136,571,"You there, with an eye-patch: your tall seaweed gluten-free latte coming up!"
1836,1,4,48,53,1.1132075471698113,0.051539276936327136,571,She comes here every day. Doesn't seem ready to settle down yet.
1836,1,4,48,53,1.1132075471698113,0.051539276936327136,571,"Listen, that mermaid from Starbucks told me this was a good place to work, and I believed her."
1836,1,4,48,53,1.1132075471698113,0.051539276936327136,571,nope
1836,1,4,48,53,1.1132075471698113,0.051539276936327136,571,$12.36 includes the $3.00 add-on for me stirring it with my hook.
1836,2,2,49,53,1.1132075471698113,0.05815484908461297,571,You want to be the sixteenth man on the dead man's chest?
1836,1,4,48,53,1.1132075471698113,0.051539276936327136,571,Mind if I post some 'Lost Ship' pictures?
1836,1,4,48,53,1.1132075471698113,0.051539276936327136,571,The demon caffeine's had its hooks in me ever since.
1836,1,4,48,53,1.1132075471698113,0.051539276936327136,571,Blubbercino for Joe!?
1836,1,4,48,53,1.1132075471698113,0.051539276936327136,571,When need to remember to close the backdoor when the tide comes in.
1836,1,4,48,53,1.1132075471698113,0.051539276936327136,571,"Let's call it, ""Ahoy Latte""."
1836,0,6,47,53,1.1132075471698113,0.043938680706010445,571,"Yeah, instead of a 401k."
1836,0,6,47,53,1.1132075471698113,0.043938680706010445,571,Argh. it be time to rub the anchor on the ole girl
1836,0,6,47,53,1.1132075471698113,0.043938680706010445,571,"So then I said, 'Siri please hire a banker and someone who can cook'..."
1836,0,6,47,53,1.1132075471698113,0.043938680706010445,571,Going as fast as we can. Sorry about the weight.
1836,0,6,47,53,1.1132075471698113,0.043938680706010445,571,"Mind the barnacles, damn ye!"
1836,0,6,47,53,1.1132075471698113,0.043938680706010445,571,"And I say the vitamin sea boost will catch on, Heather."
1836,0,6,47,53,1.1132075471698113,0.043938680706010445,571,"Today's Special: ""scone with seasalt"""
1836,0,6,47,53,1.1132075471698113,0.043938680706010445,571,Looks like the hook and sinker are here. Let's find the line.
1836,1,4,48,53,1.1132075471698113,0.051539276936327136,571,Wheres ever I sinks me anchor is home!
1836,0,6,47,53,1.1132075471698113,0.043938680706010445,571,They did promise employee parking.
1836,1,4,48,53,1.1132075471698113,0.051539276936327136,571,Simply saying ‘anchors away’ doesn’t necessarily make it so.
1836,2,2,49,53,1.1132075471698113,0.05815484908461297,571,Squid latte for Sarah
1836,1,4,48,53,1.1132075471698113,0.051539276936327136,571,Which one of you mateys ordered the island surprise?
1836,1,4,48,53,1.1132075471698113,0.051539276936327136,571,I don't care how they do it at Starrrrrrbucks!
1836,1,4,48,53,1.1132075471698113,0.051539276936327136,571,Who's the wiseguy that ordered the steak?
1836,1,4,48,53,1.1132075471698113,0.051539276936327136,571,"We are all on the same boat, I'm so glad we have a captain controlling the finances !"
1836,1,4,48,53,1.1132075471698113,0.051539276936327136,571,"I said Davy Jones needs a latte, not empty Davy Jones locker."
1836,0,6,47,53,1.1132075471698113,0.043938680706010445,571,The caffeine will keep you up but the anchor will hold you down.
1836,1,4,48,53,1.1132075471698113,0.051539276936327136,571,"The invitation said, dress casually, not casualty."
1836,0,6,47,53,1.1132075471698113,0.043938680706010445,571,I anchor this baby here for job security aye
1836,0,6,47,53,1.1132075471698113,0.043938680706010445,571,Aye. It's bring-your-anchor-to-work day.
1836,0,6,47,53,1.1132075471698113,0.043938680706010445,571,"Ahoy, mates: non-tipper aboard."
1836,1,4,48,53,1.1132075471698113,0.051539276936327136,571,"I just wanted to put down some roots, ok?"
1836,1,4,48,53,1.1132075471698113,0.051539276936327136,571,"Aargh, it's a memorrrial to the last customer who asked for a frrree rrrefill!"
1836,0,6,47,53,1.1132075471698113,0.043938680706010445,571,"Arrrrrr, keeps us grounded after too many coffee breaks."
1836,1,4,48,53,1.1132075471698113,0.051539276936327136,571,Would you like that 'shiver me timbers' or 'fire in the hole'?
1836,0,6,47,53,1.1132075471698113,0.043938680706010445,571,"We have two other places, but this is arrrr anchor location."
1836,1,4,48,53,1.1132075471698113,0.051539276936327136,571,"Aye, Lowtide Blend is a potent smelling brew."
1836,2,2,49,53,1.1132075471698113,0.05815484908461297,571,Avast Ye! Davey Jones Spiced Rum Latte and Dogsbody Trifle up!
1836,0,6,47,53,1.1132075471698113,0.043938680706010445,571,If you think that's weird you should see the size of the coffee cups on his boat.
1836,0,6,47,53,1.1132075471698113,0.043938680706010445,571,"Who ordered the ""White Whale"" latte?"
1836,0,6,47,53,1.1132075471698113,0.043938680706010445,571,"Aargh, gimme a happy meal and two halibut"
1836,1,4,48,53,1.1132075471698113,0.051539276936327136,571,This is a really lame Titanic-themed restaurant.
1836,0,6,47,53,1.1132075471698113,0.043938680706010445,571,I asked if I could drop anchor here
1836,0,6,47,53,1.1132075471698113,0.043938680706010445,571,Just saying....not a bad Yelp review since I brought it in.
1836,2,2,49,53,1.1132075471698113,0.05815484908461297,571,"It's crew kept saying, 'Fee fi fo fum...'."
1836,1,4,48,53,1.1132075471698113,0.051539276936327136,571,Captain Ahab is in the whales room.
1836,0,6,47,53,1.1132075471698113,0.043938680706010445,571,Piracy used not weigh me down as much as these days of greater regulatory activity.
1836,0,6,47,53,1.1132075471698113,0.043938680706010445,571,Anchor Steam latte is up. Ahab. Ahab?
1836,2,2,49,53,1.1132075471698113,0.05815484908461297,571,Out fish is fresh!
1836,1,4,48,53,1.1132075471698113,0.051539276936327136,571,"I need a large latte, extra sea foam!"
1836,1,4,48,53,1.1132075471698113,0.051539276936327136,571,"One Great White, light & sweet!"
1836,0,6,47,53,1.1132075471698113,0.043938680706010445,571,Working in an anchor store gets under me craw.
1836,0,6,47,53,1.1132075471698113,0.043938680706010445,571,A genuine Pirate of the Caribbean Coffee Bean.
1836,1,4,48,53,1.1132075471698113,0.051539276936327136,571,Rum Latte orders are way up this week.
1836,1,4,48,53,1.1132075471698113,0.051539276936327136,571,Sink or Swim they said.....geez it's just coffee
1836,0,6,47,53,1.1132075471698113,0.043938680706010445,571,"Aye matey, a good anchor grounds you in reality"
1836,2,2,49,53,1.1132075471698113,0.05815484908461297,571,Today's special is the seafood splatter.
1836,1,4,48,53,1.1132075471698113,0.051539276936327136,571,"It's called ""Moor Coffee""!"
1836,0,6,47,53,1.1132075471698113,0.043938680706010445,571,and just when I thought I was a gonner- this anchor came plunging down right on top of the gator and saved my life. IT STAYS!
1836,1,4,48,53,1.1132075471698113,0.051539276936327136,571,The key to the bathroom be on ye left.
1836,1,4,48,53,1.1132075471698113,0.051539276936327136,571,Aye! I keep her close... ...to remind me that I'm married mate!
1836,1,4,48,53,1.1132075471698113,0.051539276936327136,571,'They're all hooked on the ARRRibica blend here'
1836,1,4,48,53,1.1132075471698113,0.051539276936327136,571,"If you must know, the shipyard gave me a good price on it."
1836,1,4,48,53,1.1132075471698113,0.051539276936327136,571,I said starboard - not Starbucks!
1836,0,6,47,53,1.1132075471698113,0.043938680706010445,571,So that's why this cafe is called 'Anchor Au Lait.'
1836,0,6,47,53,1.1132075471698113,0.043938680706010445,571,It's kind of a briny roast.
1836,1,4,48,53,1.1132075471698113,0.051539276936327136,571,This is what happens when you privateer a small business.
1836,1,4,48,53,1.1132075471698113,0.051539276936327136,571,Everyday life weighing you down sea the bright side of life.
1836,2,2,49,53,1.1132075471698113,0.05815484908461297,571,Have yer got a lost and found?
1836,2,2,49,53,1.1132075471698113,0.05815484908461297,571,"If anyone calls for me, I'm aweigh."
1836,0,6,47,53,1.1132075471698113,0.043938680706010445,571,And I thought the promotion for the unicorn frappucino was over the top.
1836,1,4,48,53,1.1132075471698113,0.051539276936327136,571,It reminds me of the Pequod.
1836,1,4,48,53,1.1132075471698113,0.051539276936327136,571,Large frappuccino for Davy Jones.
1836,1,4,48,53,1.1132075471698113,0.051539276936327136,571,"Johnson, it's not the anchor, it's the hook. The keys are too crowded."
1836,0,6,47,53,1.1132075471698113,0.043938680706010445,571,"Wow, he really made it his own restaurant."
1836,0,6,47,53,1.1132075471698113,0.043938680706010445,571,I'm the new anchor tenant.
1836,0,6,47,53,1.1132075471698113,0.043938680706010445,571,"Arr, that be a triple, venti, half sweet, non-fat, caramel macchiato ... will you be wanting seaweed with that?"
1836,2,2,49,53,1.1132075471698113,0.05815484908461297,571,Which of Ye Hardees ordered the anchor macchiato?
1836,0,6,47,53,1.1132075471698113,0.043938680706010445,571,We only serve burnt coffee here.
1836,0,6,47,53,1.1132075471698113,0.043938680706010445,571,My P.O. told me to have something 'memorable ' at work!
1836,0,6,47,53,1.1132075471698113,0.043938680706010445,571,"He said if Starbuck from Moby Dick could do it, how hard could it be? Also, they're out of stirs."
1836,1,4,48,53,1.1132075471698113,0.051539276936327136,571,It's the last of the seaweed for their green algae cappuccino.
1836,0,6,47,53,1.1132075471698113,0.043938680706010445,571,What kind of pirate would I be if this wasn't a hostile takeover?
1836,1,4,48,53,1.1132075471698113,0.051539276936327136,571,You never know when.
1836,0,6,47,53,1.1132075471698113,0.043938680706010445,571,This isn't Staaarrr-bucks.
1836,0,6,47,53,1.1132075471698113,0.043938680706010445,571,I've just been feeling so moored to my job lately.
1836,1,4,48,53,1.1132075471698113,0.051539276936327136,571,I want my 'Shiver Me Timbers' grande and hot!
1836,1,4,48,53,1.1132075471698113,0.051539276936327136,571,"That's it--no more coffee. From now on it's rum, whiskey or grog."
1836,2,2,49,53,1.1132075471698113,0.05815484908461297,571,The special is Seaweed Spice.
1836,2,2,49,53,1.1132075471698113,0.05815484908461297,571,An' who's not waitin' fer their ship to come in?
1836,2,2,49,53,1.1132075471698113,0.05815484908461297,571,Avast ye scurvy ventis.
1836,1,4,48,53,1.1132075471698113,0.051539276936327136,571,"Slubberdegullions! I kept telling the Captain, Its anchors aweigh, not anchors in the way!"
1836,0,6,47,53,1.1132075471698113,0.043938680706010445,571,Who ordered the cappuccino and moor?
1836,1,4,48,53,1.1132075471698113,0.051539276936327136,571,Always best to be the anchor tenant.
1836,1,4,48,53,1.1132075471698113,0.051539276936327136,571,That's a filthy bathroom key
1836,0,6,47,53,1.1132075471698113,0.043938680706010445,571,Looks like he plans to stay for a while.
1836,1,4,48,53,1.1132075471698113,0.051539276936327136,571,"As soon as we mention the free coffee, every customer is hooked."
1836,0,6,47,53,1.1132075471698113,0.043938680706010445,571,This anchor store is harder than I thought it would be to get off the ground.
1836,1,4,48,53,1.1132075471698113,0.051539276936327136,571,Our sales have been sinking ever since we got this.
1836,0,6,47,53,1.1132075471698113,0.043938680706010445,571,"Say the word ""venti"" in here and see what happens"
1836,1,4,48,53,1.1132075471698113,0.051539276936327136,571,Definite career change. This guy's staying.
1836,1,4,48,53,1.1132075471698113,0.051539276936327136,571,"Aye mate, it were a yuuuuge wave. Just tremendous. Tremendous. I fought it bigly and won, of course. Do you like my souvenir??"
1836,0,6,47,53,1.1132075471698113,0.043938680706010445,571,"Aye matey, we're the anchor tenant."
1836,0,6,47,53,1.1132075471698113,0.043938680706010445,571,We always thought it belonged back here in Nantucket
1836,0,6,47,53,1.1132075471698113,0.043938680706010445,571,He says it's momento from a former career
1836,1,4,48,53,1.1132075471698113,0.051539276936327136,571,Since when does being a pirate help with making an espresso?
1836,1,4,48,53,1.1132075471698113,0.051539276936327136,571,It was payment for the first meal I served.
1836,2,2,49,53,1.1132075471698113,0.05815484908461297,571,"Aarrrr, this anchorista idea deserves the plank."
1836,1,4,48,53,1.1132075471698113,0.051539276936327136,571,"One large iced, sugar-free, vanilla soy milk latte with extra yo-ho-ho-foam."
1836,1,4,48,53,1.1132075471698113,0.051539276936327136,571,I hate corpirate takeover day!
1836,1,4,48,53,1.1132075471698113,0.051539276936327136,571,Where do you think they'll put the plank?
1836,0,6,47,53,1.1132075471698113,0.043938680706010445,571,Its a touch of arrrrbeeance!
1836,0,6,47,53,1.1132075471698113,0.043938680706010445,571,It's better than his leg.
1836,1,4,48,53,1.1132075471698113,0.051539276936327136,571,The fish is as fresh as it gets.
1836,0,6,47,53,1.1132075471698113,0.043938680706010445,571,We're all just one latte away from sinking.
1836,1,4,48,53,1.1132075471698113,0.051539276936327136,571,The decorator thought we could go with a nautical theme.
1836,1,4,48,53,1.1132075471698113,0.051539276936327136,571,The anchor's aweigh of advertising Hooks Coffee Shop.
1836,1,4,48,53,1.1132075471698113,0.051539276936327136,571,Anybody up for a wee bit of Rum in your Expresso?
1836,0,6,47,53,1.1132075471698113,0.043938680706010445,571,Hoist ye frother!
1836,0,6,47,53,1.1132075471698113,0.043938680706010445,571,"Yaargh Carol...When you can stop my ship, then maybe you can be employee of the month."
1836,1,4,48,53,1.1132075471698113,0.051539276936327136,571,"Yes, yes, yes. I'm still looking for it."
1836,0,6,47,53,1.1132075471698113,0.043938680706010445,571,YOU'LL THANK ME WHEN THE ARCTIC MELTS.
1836,1,4,48,53,1.1132075471698113,0.051539276936327136,571,"It's my anchor, baby!"
1836,1,4,48,53,1.1132075471698113,0.051539276936327136,571,Which one of you scallywags ordered the Capitano Grandé?
1836,2,2,49,53,1.1132075471698113,0.05815484908461297,571,Oh. I picked that up in Singapore.
1836,1,4,48,53,1.1132075471698113,0.051539276936327136,571,"Yup! It's an anchor, baby!"
1836,0,6,47,53,1.1132075471698113,0.043938680706010445,571,I went down with my ship and now she's a Starbucks. Live with it.
1836,2,2,49,53,1.1132075471698113,0.05815484908461297,571,"Until the anchor's aweigh, it stays!"
1836,1,4,48,53,1.1132075471698113,0.051539276936327136,571,"Hook , line and sinker. Best donuts in town."
1836,2,2,49,53,1.1132075471698113,0.05815484908461297,571,"Hey, anchor away, please!"
1836,0,6,47,53,1.1132075471698113,0.043938680706010445,571,I think we're going to need a bigger boat!
1836,1,4,48,53,1.1132075471698113,0.051539276936327136,571,Just how long are you planning to stay?
1836,1,4,48,53,1.1132075471698113,0.051539276936327136,571,I'm gonna be here for awhile.
1836,1,4,48,53,1.1132075471698113,0.051539276936327136,571,I guess I just got addicted after we raided Java.
1836,1,4,48,53,1.1132075471698113,0.051539276936327136,571,Venti machiatto for Bluebeard.
1836,1,4,48,53,1.1132075471698113,0.051539276936327136,571,"No Unicorn Frappuccino, just coffee. This is an anchor store."
1836,1,4,48,53,1.1132075471698113,0.051539276936327136,571,black or regular?
1980,0,5,41,46,1.108695652173913,0.04639945099589022,571,Local artist?
1980,0,5,41,46,1.108695652173913,0.04639945099589022,571,"""You, in the 'puffy-shirt', your pirate-pretzel and latte special is ready""!"
1982,0,4,35,39,1.1025641025641026,0.04921614717627658,571,You won't think it's so weird when we have rising seal levels!
1982,0,4,35,39,1.1025641025641026,0.04921614717627658,571,"Arrrgh! She's the thing that's been keepin' me here all these years!"""
1982,0,4,35,39,1.1025641025641026,0.04921614717627658,571,Latte for Ankher. Anghor? Anger?
1985,1,3,45,49,1.1020408163265305,0.05252872520911736,571,Non-stop diner
1985,0,5,44,49,1.1020408163265305,0.0436912672743712,571,What... It reminds me of the good 'ol days.
1985,1,3,45,49,1.1020408163265305,0.05252872520911736,571,Ye might wish to call a repairman fer yar revolvin' door.
1985,0,5,44,49,1.1020408163265305,0.0436912672743712,571,First they steal my bike...
1985,2,1,46,49,1.1020408163265305,0.06008000589338672,571,When you said it was called The Anchorman Cafe I was sorta expecting more Ron Burgundy and less Captain Hook.
1985,1,3,45,49,1.1020408163265305,0.05252872520911736,571,"I gives ye fresh from the sea, so stop yer bellyaching."
1985,1,3,45,49,1.1020408163265305,0.05252872520911736,571,Take the seaweed from the anchor for the new sea infused Frappuccino!
1985,0,5,44,49,1.1020408163265305,0.0436912672743712,571,"That's not the point, Artie, it's just some random fluke, get over it. Me point is, this stinking job is going NOwhere."
1985,1,3,45,49,1.1020408163265305,0.05252872520911736,571,"Someone should have explained what an ""anchor store"" was before I brought it in here!"
1985,0,5,44,49,1.1020408163265305,0.0436912672743712,571,You just brew up the java - I'll make 'em pay dearly fer it!
1985,0,5,44,49,1.1020408163265305,0.0436912672743712,571,"It's me ""Service Anchor"", Mateys"
1985,1,3,45,49,1.1020408163265305,0.05252872520911736,571,Anchor Away!
1985,0,5,44,49,1.1020408163265305,0.0436912672743712,571,"Argh! Since the reviews of the latest Pirates of Caribbean came out, this is the only work old Betsy and I can get."
1985,0,5,44,49,1.1020408163265305,0.0436912672743712,571,Even here he runs a tight ship.
1985,1,3,45,49,1.1020408163265305,0.05252872520911736,571,He speaks softly but carries a big anchor.
1985,0,5,44,49,1.1020408163265305,0.0436912672743712,571,"Yes, the anchor is fair trade. I traded all my booty for it."
1985,0,5,44,49,1.1020408163265305,0.0436912672743712,571,"Arrr, you blighters, what's a flagship without an anchor?"
1985,1,3,45,49,1.1020408163265305,0.05252872520911736,571,"We call it historic realism: the anchor, the hook and everything else."
1985,0,5,44,49,1.1020408163265305,0.0436912672743712,571,"What do you mean, it's the rest room key?"
1985,0,5,44,49,1.1020408163265305,0.0436912672743712,571,I'll leave once I gather enough booty for the rest of the ship.
1985,0,5,44,49,1.1020408163265305,0.0436912672743712,571,"For the last time mates! Order 'starboard,' Pick-up 'port' side!"
1985,0,5,44,49,1.1020408163265305,0.0436912672743712,571,That is his security blanket
1985,0,5,44,49,1.1020408163265305,0.0436912672743712,571,Business is adrift.
1985,0,5,44,49,1.1020408163265305,0.0436912672743712,571,Tips ahoy !
1985,0,5,44,49,1.1020408163265305,0.0436912672743712,571,I heard of having an anchor store----but this tops them all!
1985,1,3,45,49,1.1020408163265305,0.05252872520911736,571,"I'm an anchor baby, that proves it!"
1985,1,3,45,49,1.1020408163265305,0.05252872520911736,571,Make it fast and tasty or I'll give you the hook
1985,0,5,44,49,1.1020408163265305,0.0436912672743712,571,"The company misunderstood, I ordered a wall anchor not a tall anchor."
1985,0,5,44,49,1.1020408163265305,0.0436912672743712,571,I know it's overkill. The wi-fi signal alone is enough to keep me here awhile.
1985,1,3,45,49,1.1020408163265305,0.05252872520911736,571,I hope they're going to throw us back.
1985,0,5,44,49,1.1020408163265305,0.0436912672743712,571,Soy milk? I'll give you bloody soy milk!
1985,1,3,45,49,1.1020408163265305,0.05252872520911736,571,Damn airship.
1985,0,5,44,49,1.1020408163265305,0.0436912672743712,571,"It means we're stayin, because I'm hooked."
1985,1,3,45,49,1.1020408163265305,0.05252872520911736,571,"Nah, this is the Anchor Inn, Starbucks is down the block."
1985,2,1,46,49,1.1020408163265305,0.06008000589338672,571,Anchors aweigh! Guess the weight and win a free squid's eye sandwich.
1985,1,3,45,49,1.1020408163265305,0.05252872520911736,571,These hipster themed restaurants are going overboard.
1985,0,5,44,49,1.1020408163265305,0.0436912672743712,571,Welcome to Captain Jack's Giant Anchor Faux Pirate Straight Outta Tampa Cafe.
1985,1,3,45,49,1.1020408163265305,0.05252872520911736,571,"Well, my parrot was vetoed by the Board of Health."
1985,0,5,44,49,1.1020408163265305,0.0436912672743712,571,It's the price of being the anchor store in this mall.
1985,1,3,45,49,1.1020408163265305,0.05252872520911736,571,Of course he'll be employee of the month again. He never leaves the place!
1985,1,3,45,49,1.1020408163265305,0.05252872520911736,571,Hipsters have really jumped the shark.
1985,0,5,44,49,1.1020408163265305,0.0436912672743712,571,"It's a whale of a price I charge, my lad, a whale of a price or two."
1985,0,5,44,49,1.1020408163265305,0.0436912672743712,571,I don't know why this job keep weighing on me!
1985,1,3,45,49,1.1020408163265305,0.05252872520911736,571,Hold things down while I take my break.
1985,0,5,44,49,1.1020408163265305,0.0436912672743712,571,Elephant in the room? That's an anchor!
1985,0,5,44,49,1.1020408163265305,0.0436912672743712,571,ARRRRGH you trying to give a free refill?
1985,1,3,45,49,1.1020408163265305,0.05252872520911736,571,It may surprise you to learn I don't honor arm's length agreements
1985,0,5,44,49,1.1020408163265305,0.0436912672743712,571,"Who ordered an anchor, to go?"
1985,0,5,44,49,1.1020408163265305,0.0436912672743712,571,Your Grog Frappaccino is ready.
1985,1,3,45,49,1.1020408163265305,0.05252872520911736,571,It's all I got in the divorce settlement. That dang Captain Jack Sparrow just sets an unrealistic standard for your everyday pirate to live up to.
1985,0,5,44,49,1.1020408163265305,0.0436912672743712,571,I guess this's what developers call an anchor tenant.
1985,0,5,44,49,1.1020408163265305,0.0436912672743712,571,Anyone got a problem with nautical motifs?
1985,0,5,44,49,1.1020408163265305,0.0436912672743712,571,The anchor emphasizes my hook motif.
1985,1,3,45,49,1.1020408163265305,0.05252872520911736,571,I think you're taking the hipster sense of decoration a bit far.
1985,0,5,44,49,1.1020408163265305,0.0436912672743712,571,Where's the closest Antiques Roadshow???
1985,0,5,44,49,1.1020408163265305,0.0436912672743712,571,"My guess is, a new flavor- rum something."
1985,1,3,45,49,1.1020408163265305,0.05252872520911736,571,"Small nonfat unsweetened cocoanut milk latte in a large cup, no foam, double shot, half caf/half decaf, no lid, and an anchor to go!"
1985,0,5,44,49,1.1020408163265305,0.0436912672743712,571,"Shut your whinning matey, just move it if it's in your way!"
1985,1,3,45,49,1.1020408163265305,0.05252872520911736,571,"Aaaargh,' let 'em pay $15 for an Anchorchino!"
1985,1,3,45,49,1.1020408163265305,0.05252872520911736,571,We have a special on fish.
1985,0,5,44,49,1.1020408163265305,0.0436912672743712,571,I never touch a drop 'til I drop anchor.
1985,0,5,44,49,1.1020408163265305,0.0436912672743712,571,It's today's catch.
1985,0,5,44,49,1.1020408163265305,0.0436912672743712,571,"yes it's true me hearties , I use to be an anchor man"
1985,0,5,44,49,1.1020408163265305,0.0436912672743712,571,"Ayyyyye - that's right, matey. My emotional support anchor it be. Now git swabbin' the counter."
1985,2,1,46,49,1.1020408163265305,0.06008000589338672,571,"It's a Rodgers not a Danforth, mateys."
1985,0,5,44,49,1.1020408163265305,0.0436912672743712,571,"..and as I pass his coffee to him he says, 'That's not a hook, THIS is a hook!'"
1985,1,3,45,49,1.1020408163265305,0.05252872520911736,571,He ordered the Deadliest Catchuccino.
1985,0,5,44,49,1.1020408163265305,0.0436912672743712,571,Arrr....because this be me anchor store.
1985,1,3,45,49,1.1020408163265305,0.05252872520911736,571,I am anchoring for some Coffee
1985,0,5,44,49,1.1020408163265305,0.0436912672743712,571,"Yes, we ARRRRR the Anchor Tenant."
1985,1,3,45,49,1.1020408163265305,0.05252872520911736,571,86 the special!
1985,0,5,44,49,1.1020408163265305,0.0436912672743712,571,I sold everything else on eBay.
1985,0,5,44,49,1.1020408163265305,0.0436912672743712,571,And what do you expect me to do with it ? They don't validate ships around here !
1985,0,5,44,49,1.1020408163265305,0.0436912672743712,571,"You can try saying ""anchors away"" but it didn't work for me lads."
1985,0,5,44,49,1.1020408163265305,0.0436912672743712,571,I'll weight.
1985,0,5,44,49,1.1020408163265305,0.0436912672743712,571,"Well, your sign said you'd validate my parking!"
1985,0,5,44,49,1.1020408163265305,0.0436912672743712,571,"I'm FINE, just adjusting to the new day job."
1985,0,5,44,49,1.1020408163265305,0.0436912672743712,571,"Ay, if ye don't like my new Anchor Cafe, ye can head over to the Dry Dock cafe down the block!"
1985,0,5,44,49,1.1020408163265305,0.0436912672743712,571,"Okay, everybody! Time for another chorus of ""Anchors Aweigh!"""
1985,0,5,44,49,1.1020408163265305,0.0436912672743712,571,And you all thought I wouldn't be able to hold down a real job.
1985,0,5,44,49,1.1020408163265305,0.0436912672743712,571,And this is the thanks I get for covering Jill's shift.
1985,0,5,44,49,1.1020408163265305,0.0436912672743712,571,Arrrrrre you or arrrrrre you not gonna have some coffee?
1985,0,5,44,49,1.1020408163265305,0.0436912672743712,571,Who knew that being the anchor store would be such a pain in the arse!
1985,0,5,44,49,1.1020408163265305,0.0436912672743712,571,The Captain had a hard time adjusting to his new life.
1985,1,3,45,49,1.1020408163265305,0.05252872520911736,571,I don't have a problem dropping anchor har because yar have da best lattes.
1985,0,5,44,49,1.1020408163265305,0.0436912672743712,571,I said to get a news anchor.
1985,1,3,45,49,1.1020408163265305,0.05252872520911736,571,Would you like a chopped Peter Pan panini with your espresso?
1985,0,5,44,49,1.1020408163265305,0.0436912672743712,571,"Aarrgh me hearties. The service may be slow but our coffee be so good, t'is worth the weight."
1985,0,5,44,49,1.1020408163265305,0.0436912672743712,571,Welcome to Yarrrrrrrrrrbucks.
1985,0,5,44,49,1.1020408163265305,0.0436912672743712,571,There's a new game in town. Better get used to it.
1985,2,1,46,49,1.1020408163265305,0.06008000589338672,571,That's why he calls this place Starboats?
1985,0,5,44,49,1.1020408163265305,0.0436912672743712,571,Nolite te bastardes carborundorum.
1985,0,5,44,49,1.1020408163265305,0.0436912672743712,571,"Keeping the saltwater out of the crema, now that's the secret, matey!"
1985,1,3,45,49,1.1020408163265305,0.05252872520911736,571,So is this why they call this place Encore Coffee House?
1985,0,5,44,49,1.1020408163265305,0.0436912672743712,571,That's Cap'n Chino to you!
1985,0,5,44,49,1.1020408163265305,0.0436912672743712,571,"First he threw his overalls in Mrs. Murphy's chowder, and now this! Queeg's gone off the deep end again."
1985,1,3,45,49,1.1020408163265305,0.05252872520911736,571,Who ordered the takeout special?
1985,2,1,46,49,1.1020408163265305,0.06008000589338672,571,I took it when a ship's captain couldn't pay his tab.
1985,2,1,46,49,1.1020408163265305,0.06008000589338672,571,Is there a docker in the room?
1985,1,3,45,49,1.1020408163265305,0.05252872520911736,571,I heard anchor stores have their mall rent heavily discounted.
1985,1,3,45,49,1.1020408163265305,0.05252872520911736,571,Buccaneer coffee...maybe too authentic?
1985,0,5,44,49,1.1020408163265305,0.0436912672743712,571,"Aye, my therapist calls that me transitional object."
1985,2,1,46,49,1.1020408163265305,0.06008000589338672,571,You gotta love Captain Monsanto keeps anchoring for that pot of gold while our ship is sinking. P.S. Did you order the GMO coffee with an extra splash of roundup and MSG?
1985,0,5,44,49,1.1020408163265305,0.0436912672743712,571,"I told you we don't do ""To Go"" orders here, anymore."
1985,1,3,45,49,1.1020408163265305,0.05252872520911736,571,Parking's costing me all me tips!
1985,1,3,45,49,1.1020408163265305,0.05252872520911736,571,"Hey Starbuck, Captain wants an expresso. Hey Starbuck, swab the anchor. Tell Ahab I have half a mind to start my own shop."
1985,1,3,45,49,1.1020408163265305,0.05252872520911736,571,And they passed inspections?
1985,0,5,44,49,1.1020408163265305,0.0436912672743712,571,"I heard that they'd hung a horseshoe at ""Tex's Cup of Joe""."
1985,0,5,44,49,1.1020408163265305,0.0436912672743712,571,That would be my therapy anchor if ye must know.
1985,2,1,46,49,1.1020408163265305,0.06008000589338672,571,"Aye, Starbucks ain't the only anchor in these waters!"
1985,0,5,44,49,1.1020408163265305,0.0436912672743712,571,That anchor is way aweigh.
1985,1,3,45,49,1.1020408163265305,0.05252872520911736,571,Free lattés for anchor babies.
1985,0,5,44,49,1.1020408163265305,0.0436912672743712,571,"Argh, Starbucks is a good man, but he's always late."
1985,1,3,45,49,1.1020408163265305,0.05252872520911736,571,"'Devil take your ruddy chain,' I told them. 'We just be keeping what's ours,' I told them ..."
1985,1,3,45,49,1.1020408163265305,0.05252872520911736,571,Are you interested in souvenirs?
1985,0,5,44,49,1.1020408163265305,0.0436912672743712,571,"I thought the bounty was a whaling ship, not a bloody coffee shop."
1985,0,5,44,49,1.1020408163265305,0.0436912672743712,571,We're the original Starbuck's.
1985,0,5,44,49,1.1020408163265305,0.0436912672743712,571,"Pete, we know you pirates are a literal bunch, but we believed you when in the interview you said 'you were indeed dropping anchor for a few months.'"
1985,0,5,44,49,1.1020408163265305,0.0436912672743712,571,This looks threatening. He is obviously very angry at the Russia investigation.
1985,0,5,44,49,1.1020408163265305,0.0436912672743712,571,"Java... pieces of eight, Matey?"
1985,1,3,45,49,1.1020408163265305,0.05252872520911736,571,We expect our new branding campaign to be a hit on Instagram.
1985,0,5,44,49,1.1020408163265305,0.0436912672743712,571,I think you mean my Venti anchor is in the way.
1985,1,3,45,49,1.1020408163265305,0.05252872520911736,571,Maybe specializing in Blubbercinos wasn't a good idea.
1985,1,3,45,49,1.1020408163265305,0.05252872520911736,571,"Arrgghh, and I'll be needin' one of those fine anchors, too."
1985,2,1,46,49,1.1020408163265305,0.06008000589338672,571,Who wanted the double anchor steam beer? Your order's ready.
1985,2,1,46,49,1.1020408163265305,0.06008000589338672,571,Whoes on the hook for that?
1985,0,5,44,49,1.1020408163265305,0.0436912672743712,571,It's those damn kids again! Will we ever learn?
1985,0,5,44,49,1.1020408163265305,0.0436912672743712,571,But now get fewer comments about my hook & peg leg.
1985,0,5,44,49,1.1020408163265305,0.0436912672743712,571,You're the one who suggested anchor management!
1985,0,5,44,49,1.1020408163265305,0.0436912672743712,571,Old habits die hard.
1985,0,5,44,49,1.1020408163265305,0.0436912672743712,571,"Get a real job, they said. Resolve your anchor management issues. Well, it's not working."
1985,1,3,45,49,1.1020408163265305,0.05252872520911736,571,I'll never park my ship in this neighborhood again!
1985,1,3,45,49,1.1020408163265305,0.05252872520911736,571,"Okay, mateys! The next one who orders decaf walks ... Need I say more?"
1985,1,3,45,49,1.1020408163265305,0.05252872520911736,571,"Bloody food reviewer said it was ""a giant anchor sore"" but I'm keeping it."
1985,1,3,45,49,1.1020408163265305,0.05252872520911736,571,"Curses! I meant to ring up the Anchors Aweigh Special, not Anchor in the Way!"
1985,0,5,44,49,1.1020408163265305,0.0436912672743712,571,Jonah's Cafe:Krill night
1985,1,3,45,49,1.1020408163265305,0.05252872520911736,571,"I've told you a thousand times, the grocery store is the ""anchor"" store of this strip mall."
1985,0,5,44,49,1.1020408163265305,0.0436912672743712,571,That algae is free-range.
1985,0,5,44,49,1.1020408163265305,0.0436912672743712,571,This strip mall needed an anchor store.
1985,0,5,44,49,1.1020408163265305,0.0436912672743712,571,"I'll have an Anchor Steam, please."
1985,1,3,45,49,1.1020408163265305,0.05252872520911736,571,Immobile Order Pickup
1985,1,3,45,49,1.1020408163265305,0.05252872520911736,571,I think this place specializes in seafood.
1985,0,5,44,49,1.1020408163265305,0.0436912672743712,571,He needs an emotional support anchor.
1985,1,3,45,49,1.1020408163265305,0.05252872520911736,571,He found it in the back channel.
1985,0,5,44,49,1.1020408163265305,0.0436912672743712,571,"Was a fitting sponsorship deal, matey."
1985,0,5,44,49,1.1020408163265305,0.0436912672743712,571,"Aye, our great coffee anchors our customers, but Cap'n Hook has trouble with the cups!"
1985,1,3,45,49,1.1020408163265305,0.05252872520911736,571,"Stop complainin'. The landlord said he'd give us a big discount if we was the ""anchor"" store for the complex, didn't he?"
1985,2,1,46,49,1.1020408163265305,0.06008000589338672,571,The hazards of being a barrrghista at the mall's anchor store.
1985,1,3,45,49,1.1020408163265305,0.05252872520911736,571,I never feel grounded until I have my first cup of coffee mates
1985,1,3,45,49,1.1020408163265305,0.05252872520911736,571,Don't know why he doesn't want this place to take off.
1985,0,5,44,49,1.1020408163265305,0.0436912672743712,571,"By Lucifer, if I wanted to hang the lot of you from the track lighting to enhance the atmosphere in this place, that's what I'd do!"
1985,1,3,45,49,1.1020408163265305,0.05252872520911736,571,I'll have what she's having.
1985,1,3,45,49,1.1020408163265305,0.05252872520911736,571,Neptune Frappacino what?!
1985,1,3,45,49,1.1020408163265305,0.05252872520911736,571,"Say what? Anger management? Nay, I've got problems like anyone else, but that ain't one of 'em."
1985,0,5,44,49,1.1020408163265305,0.0436912672743712,571,It's a chain this is the anchor store.
1985,1,3,45,49,1.1020408163265305,0.05252872520911736,571,No Anchor Babies Allowed in the Canteen!
1985,0,5,44,49,1.1020408163265305,0.0436912672743712,571,Tim Horton's huh? This place really hooks you.
1985,2,1,46,49,1.1020408163265305,0.06008000589338672,571,There's not usually such a big weight.
1985,2,1,46,49,1.1020408163265305,0.06008000589338672,571,Doc said I need my life to be anchored. Now I keep it within my sight. Sure helps!
1985,0,5,44,49,1.1020408163265305,0.0436912672743712,571,"Lassie, I told ye to trim those fingernails before ye accidentally poke someone's eye out"
1985,0,5,44,49,1.1020408163265305,0.0436912672743712,571,There is no coffee in Neverland.
1985,1,3,45,49,1.1020408163265305,0.05252872520911736,571,My therapist says I have anchor issues.
1985,0,5,44,49,1.1020408163265305,0.0436912672743712,571,Our anchorman has just dropped in a hurry leaving us a foul sink !
1985,0,5,44,49,1.1020408163265305,0.0436912672743712,571,It helps me get through my shift. Reminds me that in just a few more years working here I will have saved enough to replace my boat that broke anchor and drifted away.
1985,1,3,45,49,1.1020408163265305,0.05252872520911736,571,Is that the new dumbwaiter ?
1985,1,3,45,49,1.1020408163265305,0.05252872520911736,571,Just hold yer comments until you've had the full Anchor & Plank experience.
1985,2,1,46,49,1.1020408163265305,0.06008000589338672,571,"I told ye, it's our gluten-free option!"
1985,1,3,45,49,1.1020408163265305,0.05252872520911736,571,"When the mall management company said that they were putting in an anchor, I pictured something else."
1985,1,3,45,49,1.1020408163265305,0.05252872520911736,571,"Tips, as in money. Not career advice."
1985,1,3,45,49,1.1020408163265305,0.05252872520911736,571,Just think of it like one of your bike seats.
1985,1,3,45,49,1.1020408163265305,0.05252872520911736,571,He's an anchor tenant.
1985,1,3,45,49,1.1020408163265305,0.05252872520911736,571,Arrrrr - mochachiatto?
1985,1,3,45,49,1.1020408163265305,0.05252872520911736,571,"The anchor I get, but the hook?"
1985,0,5,44,49,1.1020408163265305,0.0436912672743712,571,We didn't really have a choice of location.
1985,1,3,45,49,1.1020408163265305,0.05252872520911736,571,My first mate said this was a good place to drop anchor.
1985,1,3,45,49,1.1020408163265305,0.05252872520911736,571,"Coffee costs an arm and a leg these days, but this ship is staying afloat."
1985,1,3,45,49,1.1020408163265305,0.05252872520911736,571,...and there's a plank out of the second floor window.
1985,0,5,44,49,1.1020408163265305,0.0436912672743712,571,I hear the new barista lost almost everything in the crash...
1985,0,5,44,49,1.1020408163265305,0.0436912672743712,571,There was no way to ignore the 800 lb. anchor in the room.
1985,1,3,45,49,1.1020408163265305,0.05252872520911736,571,"Stop yer snivelin', matey. That's why this is the anchor store."
1985,0,5,44,49,1.1020408163265305,0.0436912672743712,571,It adds ambiance.
1985,0,5,44,49,1.1020408163265305,0.0436912672743712,571,I'm trying to become an anchor man
1985,1,3,45,49,1.1020408163265305,0.05252872520911736,571,It's a don't standstill reminder.
1985,0,5,44,49,1.1020408163265305,0.0436912672743712,571,People gotta have something to squawk about-- might as well be seaweed.
1985,0,5,44,49,1.1020408163265305,0.0436912672743712,571,"Hey, the bike wheels you bring in here are not perfectly clean either!"
1985,0,5,44,49,1.1020408163265305,0.0436912672743712,571,"Yes, he takes this Captian Hook thing a bit too far."
1985,1,3,45,49,1.1020408163265305,0.05252872520911736,571,His 90-day trial period just ended.
1985,0,5,44,49,1.1020408163265305,0.0436912672743712,571,"Arrr, sharing economy, not much booty in it"
1985,0,5,44,49,1.1020408163265305,0.0436912672743712,571,Argh...I always set me anchor when I run aground.
1985,1,3,45,49,1.1020408163265305,0.05252872520911736,571,There was just too much ship to deal with in my last job!
1985,1,3,45,49,1.1020408163265305,0.05252872520911736,571,"Arrr, this expresso bar will not be set adrift."
1985,0,5,44,49,1.1020408163265305,0.0436912672743712,571,I had me three wishes were to be an anchorman with an effective hook and unlimited pillage of coffee! Yo ho ho me dungbie!
1985,1,3,45,49,1.1020408163265305,0.05252872520911736,571,"Matey this here's the anchor store of the mall, cuz I made it so."
1985,2,1,46,49,1.1020408163265305,0.06008000589338672,571,"Avast! Give me 200 latte's, 200 cappuccino's and 400 glazed donuts!"
1985,0,5,44,49,1.1020408163265305,0.0436912672743712,571,"Capt. Hook, your unfriendly local sandbar-rista"
1985,1,3,45,49,1.1020408163265305,0.05252872520911736,571,You know the captain goes down with the shop.
1985,0,5,44,49,1.1020408163265305,0.0436912672743712,571,The new employee is really weighing us down.
1985,1,3,45,49,1.1020408163265305,0.05252872520911736,571,Anchor's astray...
1985,0,5,44,49,1.1020408163265305,0.0436912672743712,571,The captain seems a bit overboard about his coffee!
1985,0,5,44,49,1.1020408163265305,0.0436912672743712,571,I think that it's called mission creep.
1985,1,3,45,49,1.1020408163265305,0.05252872520911736,571,I didn't come here to make friends.
1985,2,1,46,49,1.1020408163265305,0.06008000589338672,571,So I look at Teach straight in the eyes and tell him all I was clapping for was an encore.
1985,0,5,44,49,1.1020408163265305,0.0436912672743712,571,I'm the captain now.
1985,1,3,45,49,1.1020408163265305,0.05252872520911736,571,"No, I've never heard of the Soup Nazi!"
1985,1,3,45,49,1.1020408163265305,0.05252872520911736,571,"Beats me, but I got a helluva deal on the rent."
1985,1,3,45,49,1.1020408163265305,0.05252872520911736,571,It's me emotional support anchor.
1985,1,3,45,49,1.1020408163265305,0.05252872520911736,571,"Arrgh Matey, Maurice and Sylvia seem distracted. I wonder if everything is OK at home?"
1985,0,5,44,49,1.1020408163265305,0.0436912672743712,571,"Matey, please pickup your coffee before we go to sea!"
1985,0,5,44,49,1.1020408163265305,0.0436912672743712,571,It's part of my therapy to keep my mind from drifting.
1985,1,3,45,49,1.1020408163265305,0.05252872520911736,571,"Just trying to be nautical, people. The whole ship wouldn't have fitted. Would it?"
1985,2,1,46,49,1.1020408163265305,0.06008000589338672,571,Someone wanted to pirate The Handmade Kale?
1985,0,5,44,49,1.1020408163265305,0.0436912672743712,571,It's my emotional support anchor...call my lawyer if you have a problem.
1985,1,3,45,49,1.1020408163265305,0.05252872520911736,571,"Coffee, coffee every where, nor any drop to drink."
1985,1,3,45,49,1.1020408163265305,0.05252872520911736,571,Why does everyone keep singing a song about pineapples?
1985,0,5,44,49,1.1020408163265305,0.0436912672743712,571,Order 317! A cappuccino and raffle winner.
1985,1,3,45,49,1.1020408163265305,0.05252872520911736,571,"Tra La La, Just another typical day, In the Salvador Dali Cafe, Hey, Hey!"
1985,0,5,44,49,1.1020408163265305,0.0436912672743712,571,We specialize in salty carmel.
1985,0,5,44,49,1.1020408163265305,0.0436912672743712,571,It serves to remind me that I bought this shop with the insurance money I received after my ship sank.
1985,1,3,45,49,1.1020408163265305,0.05252872520911736,571,"Aye, matey. A Davie Jones Latte with two extra shots."
1985,1,3,45,49,1.1020408163265305,0.05252872520911736,571,Me knew none of ya would believe how deep the fake news anchor could go unless I brought it up for yer eyes.
1985,2,1,46,49,1.1020408163265305,0.06008000589338672,571,It's so me.
1985,2,1,46,49,1.1020408163265305,0.06008000589338672,571,"That'll be a silver coin, me lad."
1985,0,5,44,49,1.1020408163265305,0.0436912672743712,571,What 'rrr y'all gawkin' at?? That seaweed's fresh!!
1985,0,5,44,49,1.1020408163265305,0.0436912672743712,571,"Anchors aweigh you say? No, this one stays HERE!"
1985,1,3,45,49,1.1020408163265305,0.05252872520911736,571,What? This place is a sinking ship.
1985,0,5,44,49,1.1020408163265305,0.0436912672743712,571,"Gloucester is all about the maritime themes, huh?"
1985,0,5,44,49,1.1020408163265305,0.0436912672743712,571,Anyone in here have the stones to peek outside?
1985,1,3,45,49,1.1020408163265305,0.05252872520911736,571,"Actually, it's just a reminder that handling coffee cups with hooks can be tricky."
1985,0,5,44,49,1.1020408163265305,0.0436912672743712,571,Argh! They told me the best location in the mall twas close to the anchor.
1985,0,5,44,49,1.1020408163265305,0.0436912672743712,571,"Congratulations, you are our 100th customer! You win a pumpkin latte macchiato and a fresh anchor."
2215,0,4,38,42,1.0952380952380953,0.045843796413450766,571,Someone go out and check the line- high tide is right at the noon rush...
2215,0,4,38,42,1.0952380952380953,0.045843796413450766,571,You should have seen the fish.
2215,1,2,39,42,1.0952380952380953,0.057123496526633864,571,Artisnal Pirate Coffee is really starting to take off in Brooklyn
2215,0,4,38,42,1.0952380952380953,0.045843796413450766,571,We need a new seasonal flavor.
2215,0,4,38,42,1.0952380952380953,0.045843796413450766,571,A free round of whale blubber for everyone. Aaah
2215,0,4,38,42,1.0952380952380953,0.045843796413450766,571,Welcome to Aaaarbucks where our coffee's? as rich as our coffers...
2215,0,4,38,42,1.0952380952380953,0.045843796413450766,571,SUPERSIZE ME!
2215,0,4,38,42,1.0952380952380953,0.045843796413450766,571,"Excuse me, where's the pour over setting again?"
2215,0,4,38,42,1.0952380952380953,0.045843796413450766,571,Give me just one more scallywag that needs to find the mall anchor! One more!
2215,1,2,39,42,1.0952380952380953,0.057123496526633864,571,Yar! Welcome to Davy Jones' Lattes.
2215,0,4,38,42,1.0952380952380953,0.045843796413450766,571,Not my fault. I told him we need a new tamper.
2226,0,4,42,46,1.0869565217391304,0.04200399056866503,571,The next customer who says 'expresso' gets keelhauled.
2226,1,2,43,46,1.0869565217391304,0.0522543663110723,571,Two double dry cappuccinos from the highest yardarm!
2226,0,4,42,46,1.0869565217391304,0.04200399056866503,571,What makes you think that I was in the cast of Peter Pan?!
2226,1,2,43,46,1.0869565217391304,0.0522543663110723,571,And you thought the hook was just a prop.
2226,0,4,42,46,1.0869565217391304,0.04200399056866503,571,"Boy, this new barista is immovable."
2226,1,2,43,46,1.0869565217391304,0.0522543663110723,571,Do you think Hook's gotten a little carried away with the decorating?
2226,0,4,42,46,1.0869565217391304,0.04200399056866503,571,Just be damn happy it's not the harpoon.
2226,0,4,42,46,1.0869565217391304,0.04200399056866503,571,"It's in your way, landlubbers? Try making a caramel, sugar-free, half caff macchiato with a hook!"
2226,0,4,42,46,1.0869565217391304,0.04200399056866503,571,I'm picking up a definite anti nautical theme vibe.
2226,1,2,43,46,1.0869565217391304,0.0522543663110723,571,"Step to, ye scurvy barista! I'm late for me anchor management class."
2226,0,4,42,46,1.0869565217391304,0.04200399056866503,571,I won't drop anchor here for long- my agency confused me with the other Starbuck.
2226,0,4,42,46,1.0869565217391304,0.04200399056866503,571,"""Arrrrh....it keeps me grounded wherever I go""!"
2226,0,4,42,46,1.0869565217391304,0.04200399056866503,571,This industrial decor trend has really gotten out of hand.
2226,1,2,43,46,1.0869565217391304,0.0522543663110723,571,I suppose you have to drop it somewhere.
2226,1,2,43,46,1.0869565217391304,0.0522543663110723,571,My bet is online marketing university; what is yours?
2226,0,4,42,46,1.0869565217391304,0.04200399056866503,571,I always wanted to be the anchor tenant.
2226,0,4,42,46,1.0869565217391304,0.04200399056866503,571,Lefty was in desperate need of anchor management.
2226,1,2,43,46,1.0869565217391304,0.0522543663110723,571,Make it extra strong.
2226,1,2,43,46,1.0869565217391304,0.0522543663110723,571,Welcome to Mr.Starbuck's !
2226,1,2,43,46,1.0869565217391304,0.0522543663110723,571,Arr! Of all the places to ground me ship!
2226,1,2,43,46,1.0869565217391304,0.0522543663110723,571,Avast! We're running out of creamer.
2226,1,2,43,46,1.0869565217391304,0.0522543663110723,571,Café au grog.
2226,0,4,42,46,1.0869565217391304,0.04200399056866503,571,"When his crew pays their bill, the Cap'n gets it back!"
2226,0,4,42,46,1.0869565217391304,0.04200399056866503,571,"No, the 800-pound gorilla is for landlubbers."
2226,1,2,43,46,1.0869565217391304,0.0522543663110723,571,"Sorry, I'm new to this whole barrrrrrrista thing."
2226,0,4,42,46,1.0869565217391304,0.04200399056866503,571,Next one hummin' Anchors Aweigh gets keelhauled.
2226,1,2,43,46,1.0869565217391304,0.0522543663110723,571,You can all take South Street Seaport and shove it up your bilge plumbing.
2226,0,4,42,46,1.0869565217391304,0.04200399056866503,571,Aye...our coffee is good to the last dropped anchor!
2226,0,4,42,46,1.0869565217391304,0.04200399056866503,571,Some swabby tied his dog to the bike rack outside.
2226,0,4,42,46,1.0869565217391304,0.04200399056866503,571,All these questions are really starting to weigh me down!
2226,1,2,43,46,1.0869565217391304,0.0522543663110723,571,When did they start importing?
2226,1,2,43,46,1.0869565217391304,0.0522543663110723,571,My therapist said to anchor my high seas self with my steamed milk self.
2226,1,2,43,46,1.0869565217391304,0.0522543663110723,571,"If you don't like your latte, you're welcome to taste the deck."
2226,0,4,42,46,1.0869565217391304,0.04200399056866503,571,I've come for me mermaid.
2226,1,2,43,46,1.0869565217391304,0.0522543663110723,571,Anchor-assisted therapy provides me comfort for my disability
2226,0,4,42,46,1.0869565217391304,0.04200399056866503,571,"Aarrgh, mateys! Pick up the pace. You're dragging."
2226,1,2,43,46,1.0869565217391304,0.0522543663110723,571,"Jones, put anchor-base soup back on tonight's menu."
2226,1,2,43,46,1.0869565217391304,0.0522543663110723,571,"Last year during ""Booty"" week- he had a customer walk the plank into a vat of iced coffee!"
2226,1,2,43,46,1.0869565217391304,0.0522543663110723,571,"It's a late notice from Vinnie, the fish peddler."
2226,1,2,43,46,1.0869565217391304,0.0522543663110723,571,Loo who it is the most annoying anchor on CNN
2226,0,4,42,46,1.0869565217391304,0.04200399056866503,571,Yar! This be our anchor location!
2226,1,2,43,46,1.0869565217391304,0.0522543663110723,571,Just a reminder of my former life.
2226,1,2,43,46,1.0869565217391304,0.0522543663110723,571,I did tell Rusty to anchor that wall.
2226,1,2,43,46,1.0869565217391304,0.0522543663110723,571,"Brandy, fetch another round."
2226,0,4,42,46,1.0869565217391304,0.04200399056866503,571,I worked hard for that. Deal with it.
2226,1,2,43,46,1.0869565217391304,0.0522543663110723,571,"Ed apologized to his bench mate, ""I guess reading ""The Birds"" by Alfred Hitchcock wasn't a great idea today."""
2226,0,4,42,46,1.0869565217391304,0.04200399056866503,571,Do you validate parking?
2226,0,4,42,46,1.0869565217391304,0.04200399056866503,571,What scurvy dog ordered their espresso with a twist of lemon?
2226,1,2,43,46,1.0869565217391304,0.0522543663110723,571,"I agree it's a little unwieldy, but according to Captain Lou, it has done wonders for bringing in the early morning pirate trade."
2226,1,2,43,46,1.0869565217391304,0.0522543663110723,571,Yarrrrrr...I wish I was dead
2226,1,2,43,46,1.0869565217391304,0.0522543663110723,571,Spes anchora fidei
2226,1,2,43,46,1.0869565217391304,0.0522543663110723,571,"Three hundred and fourteen espressos, one half-decaf!"
2226,0,4,42,46,1.0869565217391304,0.04200399056866503,571,...and don't even think about asking for cream and sugar ....
2226,0,4,42,46,1.0869565217391304,0.04200399056866503,571,This place is a sinking ship.
2226,1,2,43,46,1.0869565217391304,0.0522543663110723,571,Swashbucks
2226,0,4,42,46,1.0869565217391304,0.04200399056866503,571,Our seaweed blend tastes great and eliminates cellulite.
2226,1,2,43,46,1.0869565217391304,0.0522543663110723,571,Just what we need to keep the 'Salty Dog Special' from the big heave-ho.
2226,0,4,42,46,1.0869565217391304,0.04200399056866503,571,What d'ya mean you see weed?
2226,0,4,42,46,1.0869565217391304,0.04200399056866503,571,The scary part is that it's the life-sized design template for his tattoo.
2226,0,4,42,46,1.0869565217391304,0.04200399056866503,571,We're going to need a bigger pot of coffee...
2226,0,4,42,46,1.0869565217391304,0.04200399056866503,571,"Cause we be the anchor store in the strip mall, that's why."
2226,1,2,43,46,1.0869565217391304,0.0522543663110723,571,"Now, WE are the anchor store in this mall."
2226,0,4,42,46,1.0869565217391304,0.04200399056866503,571,"Because it's in the franchise agreement, you scalawag!"
2226,0,4,42,46,1.0869565217391304,0.04200399056866503,571,Yo ho ho and a café-au-lait
2226,0,4,42,46,1.0869565217391304,0.04200399056866503,571,That explains the slight hint of bilge water.
2226,0,4,42,46,1.0869565217391304,0.04200399056866503,571,Pay no heed. It's just a tweet.
2226,1,2,43,46,1.0869565217391304,0.0522543663110723,571,I never leave home without it.
2226,0,4,42,46,1.0869565217391304,0.04200399056866503,571,It's to promote the authenticity of our Fresh Caught McFishie Nuggets.
2226,0,4,42,46,1.0869565217391304,0.04200399056866503,571,One venti kelp kedge latte to go.
2226,1,2,43,46,1.0869565217391304,0.0522543663110723,571,You take ol'Starbuck's name - you take ol'Starbuck's style.
2226,1,2,43,46,1.0869565217391304,0.0522543663110723,571,I am renaming it the Anchor coffee shop. You landlubbers need a taste of the sea.
2226,0,4,42,46,1.0869565217391304,0.04200399056866503,571,How'd you guess that I'm an anchor baby?
2226,0,4,42,46,1.0869565217391304,0.04200399056866503,571,Shut up and drink yer coffee while there's still land for ye to lub.
2226,0,4,42,46,1.0869565217391304,0.04200399056866503,571,Pranks here at Starbuck of Nantucket will be dealt with harshly.
2226,1,2,43,46,1.0869565217391304,0.0522543663110723,571,"One day, Robert Louis Stevenson woke up with a start. His beloved Admiral Benbow Inn has morphed into a coffee shoppe."
2226,1,2,43,46,1.0869565217391304,0.0522543663110723,571,Me parole officer allowed me one personal item
2226,1,2,43,46,1.0869565217391304,0.0522543663110723,571,"I know. The decor's a bit heavy, but I'm hooked on the coffee."
2226,0,4,42,46,1.0869565217391304,0.04200399056866503,571,I guess he intends to stay...
2226,0,4,42,46,1.0869565217391304,0.04200399056866503,571,"Aye, matey. The large fish sandwich with a large side of fries and large fountain beverage is today's special."
2226,1,2,43,46,1.0869565217391304,0.0522543663110723,571,"Don't talk to me about Fair Trade, all I have left is the anchor!"
2226,0,4,42,46,1.0869565217391304,0.04200399056866503,571,"Settlers put down roots, sailors put down anchors."
2226,2,0,44,46,1.0869565217391304,0.06080051293740008,571,We need to rethink: He brought in the anchor but not the boat.
2226,1,2,43,46,1.0869565217391304,0.0522543663110723,571,"Mate, I said drop an egg on the fry pan not drop anchor."
2226,1,2,43,46,1.0869565217391304,0.0522543663110723,571,"I shouldn't have called you ""seedy..."""
2226,0,4,42,46,1.0869565217391304,0.04200399056866503,571,Aaarrrgh! You can take the barista out of the pirate but you can't take the pirate out of the barista!
2226,1,2,43,46,1.0869565217391304,0.0522543663110723,571,Yo ho ho and a cup of Starbucks!
2226,1,2,43,46,1.0869565217391304,0.0522543663110723,571,Please don't buy any more garage-sale pressure cookers
2226,1,2,43,46,1.0869565217391304,0.0522543663110723,571,The new barista was serious about proving his cred on Pirate Day.
2226,0,4,42,46,1.0869565217391304,0.04200399056866503,571,I only gave it up because this pays better.
2226,0,4,42,46,1.0869565217391304,0.04200399056866503,571,We're an Anchor Franchise...What do you expect?
2226,0,4,42,46,1.0869565217391304,0.04200399056866503,571,Does anyone need a newspaper weight?
2226,0,4,42,46,1.0869565217391304,0.04200399056866503,571,"You wanted a nautical theme, I wanted a therapy anchor. We never agreed on scale"
2226,1,2,43,46,1.0869565217391304,0.0522543663110723,571,"Ahoy, mateys! Could ye help an old sea dog find the touch key for the Grog Light Frappé?"
2226,0,4,42,46,1.0869565217391304,0.04200399056866503,571,We're the anchor tenant.
2226,0,4,42,46,1.0869565217391304,0.04200399056866503,571,"Aye, its making everyone a little cant-anchor-ous..."
2226,0,4,42,46,1.0869565217391304,0.04200399056866503,571,"Aye, the nori is fresh today."
2226,0,4,42,46,1.0869565217391304,0.04200399056866503,571,Aaaagh! I said Anka! Get Paul Anka! You kids don't know nuthin'.
2226,0,4,42,46,1.0869565217391304,0.04200399056866503,571,This coffee is to die for.
2226,0,4,42,46,1.0869565217391304,0.04200399056866503,571,"I need a venti, skim milk, decaf, caramel macchiato for Arghhhhthur"
2226,0,4,42,46,1.0869565217391304,0.04200399056866503,571,"Aargh, make up me mind! You want color? It's either that or the parrot droppings."
2226,1,2,43,46,1.0869565217391304,0.0522543663110723,571,Our special tonight is fried whale.
2226,1,2,43,46,1.0869565217391304,0.0522543663110723,571,Great! Bill O'reilly lost his job and now he's going to ruin my favorite coffee shop too!?!
2226,1,2,43,46,1.0869565217391304,0.0522543663110723,571,'I'm the BarristARRGH.'
2226,1,2,43,46,1.0869565217391304,0.0522543663110723,571,". . . and finally, no more whistling ""Anchors Aweigh!"""
2226,0,4,42,46,1.0869565217391304,0.04200399056866503,571,"What do you mean ""anchors aweigh""? I just started my shift and I need the money."
2226,0,4,42,46,1.0869565217391304,0.04200399056866503,571,"Why don't you take a picture, last longer! Well, actually, it probably wouldn't."
2226,1,2,43,46,1.0869565217391304,0.0522543663110723,571,"Welcome, ye mateys, to the Shaggy Beard Coffee Shop, the perfect place for pirates and hipsters."
2226,0,4,42,46,1.0869565217391304,0.04200399056866503,571,"Anchorage is the symbol of this stable place, because we have no complaints."
2226,0,4,42,46,1.0869565217391304,0.04200399056866503,571,"Mind the knickknack, please."
2226,1,2,43,46,1.0869565217391304,0.0522543663110723,571,Our coffee beans were harvested from the waste of Great Blue Whales!
2226,1,2,43,46,1.0869565217391304,0.0522543663110723,571,"It will be anchors away when I say so, arrrrr!"
2226,0,4,42,46,1.0869565217391304,0.04200399056866503,571,I bring it with me wherever I go.
2226,1,2,43,46,1.0869565217391304,0.0522543663110723,571,"Oh, for Pete's sake!"
2226,0,4,42,46,1.0869565217391304,0.04200399056866503,571,Aye! Me barbed flukes will reduce attrition.
2226,1,2,43,46,1.0869565217391304,0.0522543663110723,571,"I can tolerate a service parrot, but this is pushing it!"
2226,0,4,42,46,1.0869565217391304,0.04200399056866503,571,"I dunno, it follows me everywhere I go."
2226,0,4,42,46,1.0869565217391304,0.04200399056866503,571,"Coffee is supposed to be a pick-me-up, but lately I've been feeling weighed down."
2226,0,4,42,46,1.0869565217391304,0.04200399056866503,571,"Queeg, your order is up!"
2226,0,4,42,46,1.0869565217391304,0.04200399056866503,571,Arr! It keeps me anchored to my past life. You got a problem with that?
2226,1,2,43,46,1.0869565217391304,0.0522543663110723,571,"Today's special is ""Anchorchino"""
2226,0,4,42,46,1.0869565217391304,0.04200399056866503,571,I take your point. You take mine.
2226,0,4,42,46,1.0869565217391304,0.04200399056866503,571,Is that a grande or a venti?
2226,0,4,42,46,1.0869565217391304,0.04200399056866503,571,Mr. Blackbeard makes a mental note to contact HR about the employee parking situation.
2226,1,2,43,46,1.0869565217391304,0.0522543663110723,571,To stay?
2226,0,4,42,46,1.0869565217391304,0.04200399056866503,571,"""Form follows function"" has actually been inherent in pirate art for centuries before it appeared in early 20th century architecture."
2226,2,0,44,46,1.0869565217391304,0.06080051293740008,571,Yabblins! Whar's that fuckin' cabin boy with the little creamer things?
2226,0,4,42,46,1.0869565217391304,0.04200399056866503,571,"That thar ain't no elephant, me maties."
2226,0,4,42,46,1.0869565217391304,0.04200399056866503,571,Last week this spot wasn't a Starbucks yet.
2226,0,4,42,46,1.0869565217391304,0.04200399056866503,571,Whatever happened to Johnny Depp??
2226,0,4,42,46,1.0869565217391304,0.04200399056866503,571,There's a time for every geezer to drop anchor somewhere.
2226,0,4,42,46,1.0869565217391304,0.04200399056866503,571,Arrr...all my barristas and girlfriends must have a Tetanus shot.
2226,0,4,42,46,1.0869565217391304,0.04200399056866503,571,They're hand-me-downs!
2226,0,4,42,46,1.0869565217391304,0.04200399056866503,571,The cook's in the back - parking the ship.
2226,0,4,42,46,1.0869565217391304,0.04200399056866503,571,"Careful, you could poke an eye out wit that thing!"
2226,0,4,42,46,1.0869565217391304,0.04200399056866503,571,"Yarr, the bay was full today."
2226,1,2,43,46,1.0869565217391304,0.0522543663110723,571,One landlubber bagel and one scurvy bilge rat frappuccino.
2226,1,2,43,46,1.0869565217391304,0.0522543663110723,571,"Avast, ye coffee addicts! I'll not give you trouble about all the black swill ye consume if you muzzle ye carping and grousing 'bout me old boat anchor!"
2226,1,2,43,46,1.0869565217391304,0.0522543663110723,571,We're the Anchor store for the Jolly Roger and I'm the fastest oyster shucker on Broadway!
2226,2,0,44,46,1.0869565217391304,0.06080051293740008,571,That would be the deep roast.
2226,0,4,42,46,1.0869565217391304,0.04200399056866503,571,I wonder if the Naval Academy knows its anchior has been aweighed?
2226,0,4,42,46,1.0869565217391304,0.04200399056866503,571,"Matey, revenge is a dish served hooked."
2226,1,2,43,46,1.0869565217391304,0.0522543663110723,571,We could have done better as a dive bar.
2226,0,4,42,46,1.0869565217391304,0.04200399056866503,571,Looks like somebody's finally owning up to the truth about specialty coffee prices.
2226,0,4,42,46,1.0869565217391304,0.04200399056866503,571,"The anchor stays, no matter who or how many times any one gets hooked."
2226,0,4,42,46,1.0869565217391304,0.04200399056866503,571,"Hey Buddy, you break it you bought it."
2226,0,4,42,46,1.0869565217391304,0.04200399056866503,571,Aroma Therapy. Feng shui. Ambiance. Décor. Je ne sais quoi. Need I say more?
2226,0,4,42,46,1.0869565217391304,0.04200399056866503,571,What are ye lookin' at me for?
2226,1,2,43,46,1.0869565217391304,0.0522543663110723,571,"I've seen hookers in many bars in my day, but never one like this."
2226,1,2,43,46,1.0869565217391304,0.0522543663110723,571,Where else am I supposed to park?
2226,0,4,42,46,1.0869565217391304,0.04200399056866503,571,I thought it was a fish; it wasn't.
2226,1,2,43,46,1.0869565217391304,0.0522543663110723,571,Would you say he's underemployed or overemployed?
2226,1,2,43,46,1.0869565217391304,0.0522543663110723,571,"Davey? Davey Jones? Whar be you hiding, you scamp?"
2226,0,4,42,46,1.0869565217391304,0.04200399056866503,571,i heard you were looking for a manager for your anchor store.
2226,1,2,43,46,1.0869565217391304,0.0522543663110723,571,Who ordered the coffee that could float an anchor?
2226,0,4,42,46,1.0869565217391304,0.04200399056866503,571,He feels very anchored here.
2226,1,2,43,46,1.0869565217391304,0.0522543663110723,571,"Against all advice from ""Pirates In Transition""newsletter, Hook bets the house on fresh brewed seaweed coffee"
2226,0,4,42,46,1.0869565217391304,0.04200399056866503,571,Blimey! I've landed at another minimum wage job.
2226,0,4,42,46,1.0869565217391304,0.04200399056866503,571,"Latte, schmatte, and welcome me hardies to Davie Joneses unadulterated coffee locker."
2226,0,4,42,46,1.0869565217391304,0.04200399056866503,571,I'm here to stay until I decide to leave
2226,1,2,43,46,1.0869565217391304,0.0522543663110723,571,We firmly believe it enhances the coffee's arrrrr-oma
2226,0,4,42,46,1.0869565217391304,0.04200399056866503,571,Why're ye landlubbers always starin' at me coffee grind'r?!
2226,1,2,43,46,1.0869565217391304,0.0522543663110723,571,"It’s a damn anchor, now what do you want the egg whites on."
2226,0,4,42,46,1.0869565217391304,0.04200399056866503,571,No. I don't need anchor management classes. Thank you.
2226,1,2,43,46,1.0869565217391304,0.0522543663110723,571,Our special this week is the spiced clam latte.
2226,0,4,42,46,1.0869565217391304,0.04200399056866503,571,"Aye, 'twas me favorite anchor, that 'un. And, coincidentally, good to the last drop."
2226,2,0,44,46,1.0869565217391304,0.06080051293740008,571,"Sea salt blend, matey?"
2226,0,4,42,46,1.0869565217391304,0.04200399056866503,571,I think he's making the point that this location is his Anchor Store.
2226,0,4,42,46,1.0869565217391304,0.04200399056866503,571,I don't care what the landlubber health inspector says! That one cost me an arm and a leg!
2226,0,4,42,46,1.0869565217391304,0.04200399056866503,571,room for brine?
2226,0,4,42,46,1.0869565217391304,0.04200399056866503,571,They are really proud of being the anchor tenant!
2226,1,2,43,46,1.0869565217391304,0.0522543663110723,571,I heard it's gonna sit there till his ship comes in.
2226,1,2,43,46,1.0869565217391304,0.0522543663110723,571,Johnny Dept asked me to hide it for him so they had stop making Pirates of the Caribbean sequels.
2226,0,4,42,46,1.0869565217391304,0.04200399056866503,571,"Aye, matey, what gunna ye hav? I'm yer baurrrrrgghh-ista!"
2226,0,4,42,46,1.0869565217391304,0.04200399056866503,571,No one batted an eye when Brenda brought her bike in last week.
2226,0,4,42,46,1.0869565217391304,0.04200399056866503,571,"And this being my coffee house, I'll decorate as I please!"
2226,0,4,42,46,1.0869565217391304,0.04200399056866503,571,Hip crew? Cursed typo! Me help-wanted ad was supposed to have an 's' in front of 'hip.'
2226,0,4,42,46,1.0869565217391304,0.04200399056866503,571,Arr... Sure miss those stamping cards.
2226,1,2,43,46,1.0869565217391304,0.0522543663110723,571,I'm Starbuck. I'm here to claim my share of the plunder.
2226,0,4,42,46,1.0869565217391304,0.04200399056866503,571,"Forget the mermaid, we have a new logo."
2226,0,4,42,46,1.0869565217391304,0.04200399056866503,571,That anchors been in his family 4 generations.
2226,1,2,43,46,1.0869565217391304,0.0522543663110723,571,I don't care if it's in the way; it's for emotional support.
2226,0,4,42,46,1.0869565217391304,0.04200399056866503,571,A service anchor? Now I've heard everything.
2226,0,4,42,46,1.0869565217391304,0.04200399056866503,571,Brandy come back!
2226,1,2,43,46,1.0869565217391304,0.0522543663110723,571,"Where do you scallywags think the,'fresh seaweed' in your 'Captain Hooks Salad',comes from?"
2226,1,2,43,46,1.0869565217391304,0.0522543663110723,571,"Stay classy, Matey."
2226,0,4,42,46,1.0869565217391304,0.04200399056866503,571,The anchor is a metaphor for my health care debt.
2226,1,2,43,46,1.0869565217391304,0.0522543663110723,571,"""In fact, it is career change for me; how did you guess, scupper dog?"
2226,0,4,42,46,1.0869565217391304,0.04200399056866503,571,"Aye, that be the ride for scurvy dogs who want more than minimum wage."
2226,1,2,43,46,1.0869565217391304,0.0522543663110723,571,SO?!? You asked for Coffee and a Sinker!
2226,1,2,43,46,1.0869565217391304,0.0522543663110723,571,It's amplifying my presence
2226,0,4,42,46,1.0869565217391304,0.04200399056866503,571,How about he makes me ship great again.
2226,1,2,43,46,1.0869565217391304,0.0522543663110723,571,So what if the seaweed salad IS expensive!?
2226,0,4,42,46,1.0869565217391304,0.04200399056866503,571,You'll thank me if this place is ever hit by a tornado.
2226,0,4,42,46,1.0869565217391304,0.04200399056866503,571,Quit yer squawking. It's my security anchor.
2226,0,4,42,46,1.0869565217391304,0.04200399056866503,571,Pro-Macron voter sit-in against the recent ban on hooks of all types to preserve the Paris culture on proper baguette handling.
2226,0,4,42,46,1.0869565217391304,0.04200399056866503,571,"Okay, who docked their ship in my handicapped spot!?"
2226,0,4,42,46,1.0869565217391304,0.04200399056866503,571,I'm having my doubts that Hooked on Coffee is a good name for this place.
2226,0,4,42,46,1.0869565217391304,0.04200399056866503,571,One tall barnacle blend brewed with bilge water!
2226,0,4,42,46,1.0869565217391304,0.04200399056866503,571,"Aweigh with you, Missy!"
2226,0,4,42,46,1.0869565217391304,0.04200399056866503,571,"I'm Starbuck himself, people! I can drop anchor in any coffee shop in the world, so shut yer blowholes."
2226,0,4,42,46,1.0869565217391304,0.04200399056866503,571,Latte with an anchor
2226,0,4,42,46,1.0869565217391304,0.04200399056866503,571,It stays. As does the Kelp Mocha Latte.
2226,0,4,42,46,1.0869565217391304,0.04200399056866503,571,"My insurer referred me to the ""Exclusions"" section of my policy."
2226,0,4,42,46,1.0869565217391304,0.04200399056866503,571,We've sure been at port a long time.
2226,0,4,42,46,1.0869565217391304,0.04200399056866503,571,I decided I needed an extra hand around here.
2226,1,2,43,46,1.0869565217391304,0.0522543663110723,571,They say it's just something he plundered into.
2226,0,4,42,46,1.0869565217391304,0.04200399056866503,571,We keep singing 'Anchor Away' but he still won't move it.
2226,0,4,42,46,1.0869565217391304,0.04200399056866503,571,Anybody see where I left my anchor?
2226,0,4,42,46,1.0869565217391304,0.04200399056866503,571,"What, you've never seen art in a coffee shop?"
2226,0,4,42,46,1.0869565217391304,0.04200399056866503,571,Guess its weight and you get a lime!
2226,0,4,42,46,1.0869565217391304,0.04200399056866503,571,"It's not proper coffee without danger, is it?"
2226,1,2,43,46,1.0869565217391304,0.0522543663110723,571,"My dad sailed all the way to Newfoundland, and all I got was this lousy anchor."
2226,0,4,42,46,1.0869565217391304,0.04200399056866503,571,A proper flat white this time or we'll see if this thing floats.
2226,0,4,42,46,1.0869565217391304,0.04200399056866503,571,"Shiver me timbers, that new coffee roast flavor is weighing us down."
2226,1,2,43,46,1.0869565217391304,0.0522543663110723,571,So this is what they meant by being the anchor store...
2226,0,4,42,46,1.0869565217391304,0.04200399056866503,571,The mall needed an 'anchor' store.
2226,0,4,42,46,1.0869565217391304,0.04200399056866503,571,I said anchors AWAY...AWAY!
2226,1,2,43,46,1.0869565217391304,0.0522543663110723,571,I'm just trying to keep this operation from going under.
2226,1,2,43,46,1.0869565217391304,0.0522543663110723,571,....and my friend wants a gallon of your anti-rust roast.
2226,0,4,42,46,1.0869565217391304,0.04200399056866503,571,Seaweed is the new Mocha.
2226,0,4,42,46,1.0869565217391304,0.04200399056866503,571,Aargh. Who ordered the grande grande Anchoriato with kelp?
2226,0,4,42,46,1.0869565217391304,0.04200399056866503,571,Hurricane insurance was killing me.
2226,0,4,42,46,1.0869565217391304,0.04200399056866503,571,"Is that order ""to go""?"
2226,0,4,42,46,1.0869565217391304,0.04200399056866503,571,I am not sure I agree with the direction of this nautical themed anchor store.
2226,0,4,42,46,1.0869565217391304,0.04200399056866503,571,What did you think you find in the anchor store of a mall?
2226,0,4,42,46,1.0869565217391304,0.04200399056866503,571,This neighborhood has become unrecognizable.
2226,1,2,43,46,1.0869565217391304,0.0522543663110723,571,Yarr! Welcome to STAR BUCCANEERS!
2226,0,4,42,46,1.0869565217391304,0.04200399056866503,571,I'm an anchor tenant here
2226,1,2,43,46,1.0869565217391304,0.0522543663110723,571,Oh ship ... the rum pump is clogged.
2226,1,2,43,46,1.0869565217391304,0.0522543663110723,571,"Avast, ye baristas!"
2226,0,4,42,46,1.0869565217391304,0.04200399056866503,571,Maybe we should try singing Anchors Aweigh?
2226,1,2,43,46,1.0869565217391304,0.0522543663110723,571,"Look, Jack, another indicator that our relationship is out of its depth."
2458,0,3,35,38,1.0789473684210527,0.044331271812937195,571,Cup of mud coming up.
2458,0,3,35,38,1.0789473684210527,0.044331271812937195,571,He brought the anchor of his previous business after that went broke.
2458,0,3,35,38,1.0789473684210527,0.044331271812937195,571,"Arrr, the bottomless cup just hit bottom."
2458,0,3,35,38,1.0789473684210527,0.044331271812937195,571,"Avast, Elaine, your Venti anchor is ready!"
2458,0,3,35,38,1.0789473684210527,0.044331271812937195,571,"Anchor, away! I can't get to the hotdogs!"
2458,0,3,35,38,1.0789473684210527,0.044331271812937195,571,What do you expect. This is a sub shop.
2458,1,1,36,38,1.0789473684210527,0.058204267603313695,571,"Arrr, you all said the shop needed some anchor clients!"
2458,1,1,36,38,1.0789473684210527,0.058204267603313695,571,"It's all that's left of me ship, we work around it!"
2458,0,3,35,38,1.0789473684210527,0.044331271812937195,571,"Avast, maties! Looks like the sales of seaweed frappe have been slipping lately."
2467,1,1,37,39,1.0769230769230769,0.05672833888524614,571,"Shiver me timbers, Malone! Where's that latte?"
2467,0,3,36,39,1.0769230769230769,0.04322703745761662,571,"Ye, I was surprised myself, but you never know where you end up."
2467,1,1,37,39,1.0769230769230769,0.05672833888524614,571,Everyone's upset that we're the anchor business
2467,0,3,36,39,1.0769230769230769,0.04322703745761662,571,"I said anchors away, boys, anchors away!"
2467,0,3,36,39,1.0769230769230769,0.04322703745761662,571,"Aye, you make a good point. Keeping it here has not been good for my pirate psychosis. And I admit the rotting seaweed messes with my OCD."
2467,0,3,36,39,1.0769230769230769,0.04322703745761662,571,Wanna scrape the barnacles off my anchor? Psst... I'm talkin' 'bout my dick.
2467,0,3,36,39,1.0769230769230769,0.04322703745761662,571,"G'day coffee mates! If it was you ordered the non-fat harpoon macchiato, step up to me plank!"
2467,0,3,36,39,1.0769230769230769,0.04322703745761662,571,It brightens up the place and gives it class.
2467,0,3,36,39,1.0769230769230769,0.04322703745761662,571,Neighborhood rent increasing looks inevitable now
2467,1,1,37,39,1.0769230769230769,0.05672833888524614,571,His biggest fear is being unmoored.
2467,0,3,36,39,1.0769230769230769,0.04322703745761662,571,Oh that's Jim. He comes everyday to read the Shipping News.
2467,0,3,36,39,1.0769230769230769,0.04322703745761662,571,"They said, 'Anchors away'"
2479,0,3,39,42,1.0714285714285714,0.04022089331224806,571,"Our interior designer is a sailor, but our store manager sure is a pirate"
2479,1,1,40,42,1.0714285714285714,0.05271774316741633,571,One Davey Jones' Latte for Karen
2479,1,1,40,42,1.0714285714285714,0.05271774316741633,571,Head office thinks this will be more appealing than our rival's mermaid.
2479,1,1,40,42,1.0714285714285714,0.05271774316741633,571,Which one of ye ordered the ocean spray?
2479,1,1,40,42,1.0714285714285714,0.05271774316741633,571,It's arrrrrrrrtisanal.
2479,1,1,40,42,1.0714285714285714,0.05271774316741633,571,Hard to make a profit with all these ocean standards.
2479,0,3,39,42,1.0714285714285714,0.04022089331224806,571,I'd refinish the thing but I'm not very handy.
2479,0,3,39,42,1.0714285714285714,0.04022089331224806,571,It's a souvenir from my previous gig in Neverland.
2479,0,3,39,42,1.0714285714285714,0.04022089331224806,571,"Aaaaargh. I repeat, who ordered da steamer with organic low-fat barnacles."
2479,0,3,39,42,1.0714285714285714,0.04022089331224806,571,You're damn right it's authentic!
2479,0,3,39,42,1.0714285714285714,0.04022089331224806,571,"Melville's apology. It was my hand, not my leg."
2479,1,1,40,42,1.0714285714285714,0.05271774316741633,571,Argh! Ye dropped it on me hamster!
2479,0,3,39,42,1.0714285714285714,0.04022089331224806,571,"I'd park it outside, but I forgot my anchor lock."
2479,1,1,40,42,1.0714285714285714,0.05271774316741633,571,"When the narcs confiscate my anchor, the rest of you buzz-heads are going with it."
2479,0,3,39,42,1.0714285714285714,0.04022089331224806,571,Anchors aweigh is just a figure of speech.
2479,0,3,39,42,1.0714285714285714,0.04022089331224806,571,A Captain knows to keep an anchor around when life gets busy.
2479,1,1,40,42,1.0714285714285714,0.05271774316741633,571,"Stand fast, me Mateys. No big anchor store is going to drive Pirate Pete's Coffee out of the Island Parks Mall!"
2479,1,1,40,42,1.0714285714285714,0.05271774316741633,571,I take pride in anchoring myself to a great New York coffee shop!
2479,1,1,40,42,1.0714285714285714,0.05271774316741633,571,Aaargh. Yay I be moon-lighting. How'd ye know?
2479,0,3,39,42,1.0714285714285714,0.04022089331224806,571,That's my new capsized cappuccino maker over there.
2479,0,3,39,42,1.0714285714285714,0.04022089331224806,571,"OK, who just got pregnant and is in a horrible relationship?"
2479,0,3,39,42,1.0714285714285714,0.04022089331224806,571,"I know it's not what the mall meant when they said we'd be an anchor tenant, but it makes me feel at home."
2479,0,3,39,42,1.0714285714285714,0.04022089331224806,571,Like you've never had to double-park.
2479,0,3,39,42,1.0714285714285714,0.04022089331224806,571,"ARGH! One Bilge Water varietal, room for cream, matey."
2479,1,1,40,42,1.0714285714285714,0.05271774316741633,571,Faster lads ! Let's reap them off and refill my treasure chest with their taste for bad and overpriced coffee.
2479,0,3,39,42,1.0714285714285714,0.04022089331224806,571,They did better as a kebab shop.
2479,0,3,39,42,1.0714285714285714,0.04022089331224806,571,"When I call out starboard, Don't tell me what they do at Starbucks!"
2479,0,3,39,42,1.0714285714285714,0.04022089331224806,571,I have been waiting to make a killing again. On the scrap metal market.
2479,1,1,40,42,1.0714285714285714,0.05271774316741633,571,"We won't be staying long, we just dropped in for a quick one"
2479,0,3,39,42,1.0714285714285714,0.04022089331224806,571,Someone tell him he's parked in Cap'n's spot.
2479,0,3,39,42,1.0714285714285714,0.04022089331224806,571,I'm guessing that decaf's not on the menu.
2479,0,3,39,42,1.0714285714285714,0.04022089331224806,571,Look at who's just dropped anchor.
2479,0,3,39,42,1.0714285714285714,0.04022089331224806,571,He insisted on the kelp-on-anchor motif after they told him no parrot.
2479,1,1,40,42,1.0714285714285714,0.05271774316741633,571,"Don't look at me, it's Starbuck's!"
2479,1,1,40,42,1.0714285714285714,0.05271774316741633,571,"Don't tell me where to keep my anchor, I traded the rest of the ship for this coffee shop because selling coffee at these prices is better than stealing."
2479,1,1,40,42,1.0714285714285714,0.05271774316741633,571,We had our own Worker's Comp system.
2479,0,3,39,42,1.0714285714285714,0.04022089331224806,571,"Yar, me wife wanted a reminder of who she be."
2479,0,3,39,42,1.0714285714285714,0.04022089331224806,571,"Well, I had to give the decorator a hand - it really does anchor the room."
2479,0,3,39,42,1.0714285714285714,0.04022089331224806,571,"They said, ""BYO."""
2479,0,3,39,42,1.0714285714285714,0.04022089331224806,571,Oh that? It keeps me grounded.
2479,0,3,39,42,1.0714285714285714,0.04022089331224806,571,Long John Silver usually pays with pieces of eight.
2479,0,3,39,42,1.0714285714285714,0.04022089331224806,571,Those Giants have no regard for where they drop their Anchor!
2479,0,3,39,42,1.0714285714285714,0.04022089331224806,571,What'd you expect? This isn't Starrrrbucks.
2479,0,3,39,42,1.0714285714285714,0.04022089331224806,571,"Aye, me therapist said I needed anchoring."
2479,1,1,40,42,1.0714285714285714,0.05271774316741633,571,We're all anchored here.
2479,0,3,39,42,1.0714285714285714,0.04022089331224806,571,Welcome to Starbuccaners.
2479,0,3,39,42,1.0714285714285714,0.04022089331224806,571,At least we know the fish is fresh.
2479,0,3,39,42,1.0714285714285714,0.04022089331224806,571,"I told them it was for SAIL, not..SALE!"
2479,0,3,39,42,1.0714285714285714,0.04022089331224806,571,They told me not to quit my day job.
2479,0,3,39,42,1.0714285714285714,0.04022089331224806,571,"Oh, yeah, like you knew what an anchor store was when you started retail, lassie."
2479,0,3,39,42,1.0714285714285714,0.04022089331224806,571,Cap’n say stick me anchor where da sun don’t shine.
2479,1,1,40,42,1.0714285714285714,0.05271774316741633,571,Aweigh with ye! Pickup is to the left.
2479,0,3,39,42,1.0714285714285714,0.04022089331224806,571,"With the help these days, Hopeless & Anchor is more like it. Aarrrrgghh!"
2479,0,3,39,42,1.0714285714285714,0.04022089331224806,571,One day my ship will come in.
2479,0,3,39,42,1.0714285714285714,0.04022089331224806,571,"If ye don't like it, don't ring the bell on yr way out!"
2479,0,3,39,42,1.0714285714285714,0.04022089331224806,571,The Lockjaw Special! Who ordered the lockjaw? Come and get it while it's room temp!
2479,1,1,40,42,1.0714285714285714,0.05271774316741633,571,Complain and it's DAVE Jones' Locker for ye
2479,0,3,39,42,1.0714285714285714,0.04022089331224806,571,"Captain, this new hire is really weighing down our business."
2479,0,3,39,42,1.0714285714285714,0.04022089331224806,571,"Aye, thought it was a lovely device back in the day. Now it's just an ugly old boat anchor."
2479,1,1,40,42,1.0714285714285714,0.05271774316741633,571,"Arr, matey: we drink to the foam 'round these parts."
2479,0,3,39,42,1.0714285714285714,0.04022089331224806,571,Define 'invasion of piracy.'
2479,1,1,40,42,1.0714285714285714,0.05271774316741633,571,They say you can't drop anchor till you've had your morning coffee.
2479,0,3,39,42,1.0714285714285714,0.04022089331224806,571,It wouldnt fit in the pick-up
2479,1,1,40,42,1.0714285714285714,0.05271774316741633,571,Today's special is anchortado.
2479,0,3,39,42,1.0714285714285714,0.04022089331224806,571,"Watch this, another guy about to lose a bar bet."
2479,1,1,40,42,1.0714285714285714,0.05271774316741633,571,Avast! I already know the anchors in the weigh.
2479,0,3,39,42,1.0714285714285714,0.04022089331224806,571,Arrr-abica!
2479,0,3,39,42,1.0714285714285714,0.04022089331224806,571,"Aye, it's me souvenir from the Java Sea!"
2479,0,3,39,42,1.0714285714285714,0.04022089331224806,571,I used that when we're real busy.
2479,0,3,39,42,1.0714285714285714,0.04022089331224806,571,"""Davy Jones' locker isn't big enough for my stuff""."
2479,0,3,39,42,1.0714285714285714,0.04022089331224806,571,It symbolizes the hold my ex has on me and our cafe.
2479,1,1,40,42,1.0714285714285714,0.05271774316741633,571,Can I hook up to the web here?
2479,0,3,39,42,1.0714285714285714,0.04022089331224806,571,The mermaid? She shouldna called me Cap'n Chino.
2479,0,3,39,42,1.0714285714285714,0.04022089331224806,571,We'll drop anchor when fish fry and not before.
2479,0,3,39,42,1.0714285714285714,0.04022089331224806,571,"Dust that extra-dry non-fat cortado with the faintest whisper of nutmeg, scallywag."
2479,0,3,39,42,1.0714285714285714,0.04022089331224806,571,"For the Captain, that is 'Putting down roots.'"
2479,0,3,39,42,1.0714285714285714,0.04022089331224806,571,"""311 says Captain Beans' Café has a 'Grade Pending' health rating."
2479,0,3,39,42,1.0714285714285714,0.04022089331224806,571,I think he is confused about the true meaning of weighing anchor.
2479,0,3,39,42,1.0714285714285714,0.04022089331224806,571,The new guy plans to stay for awhile.
2479,0,3,39,42,1.0714285714285714,0.04022089331224806,571,"Now that I've dropped anchor, put some grog in me latte and make it quick!"
2479,1,1,40,42,1.0714285714285714,0.05271774316741633,571,"Barry, refills at the five-topper. Everyone else, bring all your valuables up to the counter."
2479,0,3,39,42,1.0714285714285714,0.04022089331224806,571,I hear the whale fillet is humongous!
2479,1,1,40,42,1.0714285714285714,0.05271774316741633,571,I'm the character giving the joint atmosphere--problem with that?
2479,0,3,39,42,1.0714285714285714,0.04022089331224806,571,Hoist the anchor you scalawags! The health inspector is on her way!
2479,0,3,39,42,1.0714285714285714,0.04022089331224806,571,"Order that sissy Chai Tea, ye'll find out what's fer."
2479,0,3,39,42,1.0714285714285714,0.04022089331224806,571,Weigh anchor and hoist the muffin!
2479,0,3,39,42,1.0714285714285714,0.04022089331224806,571,"It's not a""theme"", it's a lifestyle."
2479,1,1,40,42,1.0714285714285714,0.05271774316741633,571,So I don't forget.
2479,0,3,39,42,1.0714285714285714,0.04022089331224806,571,Get that damn thing out of here! Anchor away!
2479,1,1,40,42,1.0714285714285714,0.05271774316741633,571,Would you like some kale with that latte?
2479,0,3,39,42,1.0714285714285714,0.04022089331224806,571,She grounds the place.
2479,0,3,39,42,1.0714285714285714,0.04022089331224806,571,Who would've thought he was an anchorman in the early 80s?
2479,0,3,39,42,1.0714285714285714,0.04022089331224806,571,Nothing like giving the 'Latte Roger' some ambiance.
2479,0,3,39,42,1.0714285714285714,0.04022089331224806,571,'Could belong to anybody who has difficulty parking 'round here.
2479,0,3,39,42,1.0714285714285714,0.04022089331224806,571,You want sea salt for your caramel? The anchor stays
2479,1,1,40,42,1.0714285714285714,0.05271774316741633,571,There job retraining program has some way to go.
2479,1,1,40,42,1.0714285714285714,0.05271774316741633,571,Anchor draggin'? Energy flaggin'? 'Ave a cup 'n stop yer saggin' !
2479,0,3,39,42,1.0714285714285714,0.04022089331224806,571,Relax. We're not going anywhere.
2479,1,1,40,42,1.0714285714285714,0.05271774316741633,571,Arg! It was Gordon Ramsey's idea for a leitmotif.
2479,0,3,39,42,1.0714285714285714,0.04022089331224806,571,Funky enough for you?
2479,0,3,39,42,1.0714285714285714,0.04022089331224806,571,I'm guessing the catch of the day is very fresh.
2479,0,3,39,42,1.0714285714285714,0.04022089331224806,571,Been with me 37 years; can't give 'er up!
2479,0,3,39,42,1.0714285714285714,0.04022089331224806,571,"Curb your anchor, Matey!"
2479,0,3,39,42,1.0714285714285714,0.04022089331224806,571,Good to the last anchor drop.
2479,0,3,39,42,1.0714285714285714,0.04022089331224806,571,Haven't had to order stirrers in 6 months!
2479,0,3,39,42,1.0714285714285714,0.04022089331224806,571,Coffee sales are driven more by nautical branding than by a quality product.
2479,0,3,39,42,1.0714285714285714,0.04022089331224806,571,Dive of the Ancient Mariner
2479,0,3,39,42,1.0714285714285714,0.04022089331224806,571,I got the idea for th e franchise after anchoring off the coast of Java.
2479,0,3,39,42,1.0714285714285714,0.04022089331224806,571,"Aye, We're the anchor store in this plaza!"
2479,1,1,40,42,1.0714285714285714,0.05271774316741633,571,The building's newest anchor tenant
2479,0,3,39,42,1.0714285714285714,0.04022089331224806,571,This IS the anchor store.
2479,0,3,39,42,1.0714285714285714,0.04022089331224806,571,"Boy! When they say the seafood is fresh, they mean fresh!"
2479,0,3,39,42,1.0714285714285714,0.04022089331224806,571,Settle down!
2479,0,3,39,42,1.0714285714285714,0.04022089331224806,571,I was told I'd be working in an anchor store.
2479,1,1,40,42,1.0714285714285714,0.05271774316741633,571,Ordering a 12-ounce French roast to go with rust and seaweed.
2479,1,1,40,42,1.0714285714285714,0.05271774316741633,571,Does it come with a free coffee?
2479,0,3,39,42,1.0714285714285714,0.04022089331224806,571,Special today - Gowanus Canal scones. One left.
2479,0,3,39,42,1.0714285714285714,0.04022089331224806,571,What you looking' at?
2479,1,1,40,42,1.0714285714285714,0.05271774316741633,571,I'll remove the anchor when morale improves.
2479,0,3,39,42,1.0714285714285714,0.04022089331224806,571,We're 4000 from the ice cap. But if Trump is wrong ...
2479,0,3,39,42,1.0714285714285714,0.04022089331224806,571,"""Anchors to Stay"" you said?"
2479,1,1,40,42,1.0714285714285714,0.05271774316741633,571,And I'll keelhaul the next scurvy lubber who asks for percolator grind!
2479,1,1,40,42,1.0714285714285714,0.05271774316741633,571,Starbuck's plan b if he gets hurt and can't be a mariner anymore.
2479,1,1,40,42,1.0714285714285714,0.05271774316741633,571,Sanka? I thought you said 'anchor'.
2479,0,3,39,42,1.0714285714285714,0.04022089331224806,571,"Ye, lass. Organic, fresh-baked goods helps me feel anchored."
2479,0,3,39,42,1.0714285714285714,0.04022089331224806,571,"It's for the next wiseguy who orders ""Adam and Eve on a raft."""
2479,0,3,39,42,1.0714285714285714,0.04022089331224806,571,You should have seen the one that got away.
2479,0,3,39,42,1.0714285714285714,0.04022089331224806,571,Donald Trump sent it back; the gold plating was wearing off.
2479,0,3,39,42,1.0714285714285714,0.04022089331224806,571,That's right . . .all over the submarine.
2479,0,3,39,42,1.0714285714285714,0.04022089331224806,571,"Aye, I am redecorating the place."
2479,0,3,39,42,1.0714285714285714,0.04022089331224806,571,The ad said Starbuck was hiring.
2479,0,3,39,42,1.0714285714285714,0.04022089331224806,571,Will that be Light or darrrrrrrrrrrk roast?
2479,0,3,39,42,1.0714285714285714,0.04022089331224806,571,Mind the fluke!
2479,1,1,40,42,1.0714285714285714,0.05271774316741633,571,The landlord wanted a strong anchor tenant.
2479,0,3,39,42,1.0714285714285714,0.04022089331224806,571,"When I was told this was going to be the anchor store of this mall, this was not what I had in mind."
2479,1,1,40,42,1.0714285714285714,0.05271774316741633,571,Captain Bilgewater is sentenced to Anchor Management class
2479,1,1,40,42,1.0714285714285714,0.05271774316741633,571,Ken one of ya lend me a hand to get that bloody anchor outa me shop?
2479,1,1,40,42,1.0714285714285714,0.05271774316741633,571,No complaining; the plank is on order.
2479,0,3,39,42,1.0714285714285714,0.04022089331224806,571,"Look, like you tell everyone, you're *really* an actress. I'm *really* a pirate. But we all gotta pay the rent until a real gig comes along, OK?"
2479,1,1,40,42,1.0714285714285714,0.05271774316741633,571,"Ahab sailed for that white whale without me. Now I'll never have this coffee shop named ""Starbucks"" after me."
2479,0,3,39,42,1.0714285714285714,0.04022089331224806,571,Who's the wanchor hogging the bean grinder?
2479,0,3,39,42,1.0714285714285714,0.04022089331224806,571,Pequod First Mate Starbuck left it.
2479,0,3,39,42,1.0714285714285714,0.04022089331224806,571,"Why is ""line"" so difficult to understand? (you bought the ""hook"" and ""sinker"" bits, didn't you?)"
2479,1,1,40,42,1.0714285714285714,0.05271774316741633,571,"Aargh, they wanted an anchor tenant for this mall."
2479,0,3,39,42,1.0714285714285714,0.04022089331224806,571,"You remember the lion with the thorn in its paw? Well, the captain found that in Mody Dicks lower molar."
2479,0,3,39,42,1.0714285714285714,0.04022089331224806,571,Anyone who doesn't like the coffee can swim with the fish
2479,0,3,39,42,1.0714285714285714,0.04022089331224806,571,"Oh, argh, it's National Bring Your Kid To Work Day, that's why. Turns out this holiday is kind of a drag: he's just a dead weight around here."
2479,1,1,40,42,1.0714285714285714,0.05271774316741633,571,Arrrg! I misunderstood the whole anchor tenant thing.
2479,0,3,39,42,1.0714285714285714,0.04022089331224806,571,"Pirate? No, pilot. He swore he'd start his retirement restaurant wherever that anchored when he threw it out of his last space shuttle flight."
2479,0,3,39,42,1.0714285714285714,0.04022089331224806,571,"Hey, who's the new dutde anchoring the Seafood Bar -- that's just supposed to be a metaphor!"
2479,1,1,40,42,1.0714285714285714,0.05271774316741633,571,Who ordered the sea salt caramel cappuccino?
2479,1,1,40,42,1.0714285714285714,0.05271774316741633,571,Ahab's first mate gets the sudden inspiration to start his own coffee shop.
2479,0,3,39,42,1.0714285714285714,0.04022089331224806,571,This is why we only serve coffee now.
2479,0,3,39,42,1.0714285714285714,0.04022089331224806,571,We're going to be running a tight ship.
2479,0,3,39,42,1.0714285714285714,0.04022089331224806,571,"""$15 coffee, I'll get the rest of my ship out of hock in no time""."
2479,0,3,39,42,1.0714285714285714,0.04022089331224806,571,I think the new barista has been dropping anchor in the arabica
2479,0,3,39,42,1.0714285714285714,0.04022089331224806,571,My matey bartered it for a cappuccino.
2479,1,1,40,42,1.0714285714285714,0.05271774316741633,571,Exactly
2479,0,3,39,42,1.0714285714285714,0.04022089331224806,571,Arrrr! Looks like we be here abit ya scurvy skallywags....now eat yer kale!
2479,0,3,39,42,1.0714285714285714,0.04022089331224806,571,It's the price you pay for being an anchor store.
2479,0,3,39,42,1.0714285714285714,0.04022089331224806,571,"Accuse me of plundering, do ye? This vanilla nitro cold brew isn’t even sustainably sourced."
2479,1,1,40,42,1.0714285714285714,0.05271774316741633,571,Looks like there's a storm brewing.
2479,0,3,39,42,1.0714285714285714,0.04022089331224806,571,Haven't you ever heard of a part time anchor position?
2479,1,1,40,42,1.0714285714285714,0.05271774316741633,571,"Luckily, I overheard the owner say he was looking for a hooker."
2479,0,3,39,42,1.0714285714285714,0.04022089331224806,571,Setting The Flying Dutchman in a diner is a bit too hip for me.
2479,0,3,39,42,1.0714285714285714,0.04022089331224806,571,Who wants two eggs on a raft?
2479,0,3,39,42,1.0714285714285714,0.04022089331224806,571,Ordering up...one vente mocha frappechino with triple shot of seaweed.
2479,1,1,40,42,1.0714285714285714,0.05271774316741633,571,I'll retire to where nobody recognizes it
2479,0,3,39,42,1.0714285714285714,0.04022089331224806,571,Hope's not here.
2479,0,3,39,42,1.0714285714285714,0.04022089331224806,571,"Yes, it is a free-trade single origin anchor."
2479,0,3,39,42,1.0714285714285714,0.04022089331224806,571,Rrrrr you having a problem with me lucky charm?
2479,0,3,39,42,1.0714285714285714,0.04022089331224806,571,"Aargh, when me ship went down that's all I could save."
2479,1,1,40,42,1.0714285714285714,0.05271774316741633,571,"Aye Matey, something's been weighing on my mind."
2479,0,3,39,42,1.0714285714285714,0.04022089331224806,571,That's a bad spot to drop anchor!
2479,0,3,39,42,1.0714285714285714,0.04022089331224806,571,What did you expect at Starbuccaroo?
2479,0,3,39,42,1.0714285714285714,0.04022089331224806,571,Did anyone here drop their anchor?
2479,0,3,39,42,1.0714285714285714,0.04022089331224806,571,I'll have the salt caramel.
2479,0,3,39,42,1.0714285714285714,0.04022089331224806,571,This anchor will not away!
2479,1,1,40,42,1.0714285714285714,0.05271774316741633,571,Yo Ho Ho and a Cafe Macchiato to you.
2479,0,3,39,42,1.0714285714285714,0.04022089331224806,571,The judges of the the caption contest are weighing us down.
2479,1,1,40,42,1.0714285714285714,0.05271774316741633,571,And you thought the Unicorn Frappuccino was a publicity stunt.
2479,1,1,40,42,1.0714285714285714,0.05271774316741633,571,"Anchor souffle, my boys, anchor souffle."
2479,0,3,39,42,1.0714285714285714,0.04022089331224806,571,"I know, I know! I'd like that One Wish back."
2479,0,3,39,42,1.0714285714285714,0.04022089331224806,571,Tuesday afternoon at Starrrrrr-bucks.
2479,0,3,39,42,1.0714285714285714,0.04022089331224806,571,"Anchors away, my boys!"
2479,0,3,39,42,1.0714285714285714,0.04022089331224806,571,Jason's an extra on Pirates of the Carribean and decided to go method.
2479,1,1,40,42,1.0714285714285714,0.05271774316741633,571,'If you want to catch a big mouth ...'
2479,0,3,39,42,1.0714285714285714,0.04022089331224806,571,"On the advice of my therapist, from now on, I'm letting out my anchor!"
2479,0,3,39,42,1.0714285714285714,0.04022089331224806,571,Coffee weighs me down
2479,0,3,39,42,1.0714285714285714,0.04022089331224806,571,It's a salty brew they got here.
2479,0,3,39,42,1.0714285714285714,0.04022089331224806,571,"Another sea salt caramel latte, argh!"
2479,0,3,39,42,1.0714285714285714,0.04022089331224806,571,"Hurry with my order, the tide is rolling in."
2479,0,3,39,42,1.0714285714285714,0.04022089331224806,571,"My hook is, we've one of the mall's anchors."
2479,1,1,40,42,1.0714285714285714,0.05271774316741633,571,Not seeing much of the yoga pants crowd.
2479,1,1,40,42,1.0714285714285714,0.05271774316741633,571,Ahoy! Captain Jack gets by tonight.
2479,0,3,39,42,1.0714285714285714,0.04022089331224806,571,Stop your complaining?. The board of health won't let me bring my parrot.
2479,0,3,39,42,1.0714285714285714,0.04022089331224806,571,It's part of my 'When anchor becomes decor' series
2479,0,3,39,42,1.0714285714285714,0.04022089331224806,571,This anchor cost me an arm and a leg and people here complain about the price of a latte...
2479,0,3,39,42,1.0714285714285714,0.04022089331224806,571,"It keeps me anchored, that's why."
2479,1,1,40,42,1.0714285714285714,0.05271774316741633,571,When I go to the poop deck I find our who are my really good mates.
2479,0,3,39,42,1.0714285714285714,0.04022089331224806,571,"That's weird; I ordered a grande, iced, sugar-free, vanilla latte with soy milk, but they gave me a grande, iced, sugar-free, vanilla latte with regular milk."
2479,0,3,39,42,1.0714285714285714,0.04022089331224806,571,Anger management?. . .
2479,0,3,39,42,1.0714285714285714,0.04022089331224806,571,"One Vemti with cream, sugar, and double rum shot."
2479,0,3,39,42,1.0714285714285714,0.04022089331224806,571,Stop yer fussin'. I'll take it aweigh.
2479,1,1,40,42,1.0714285714285714,0.05271774316741633,571,"Call me a snob, but I feel like if Ralph Lauren had done Starbucks’ “Moby Dick” thing, this would be Tommy Hilfiger’s response."
2479,0,3,39,42,1.0714285714285714,0.04022089331224806,571,Captain Hook's for breakfast is 5 stars if you don't talk about the anchor in the room.
2479,1,1,40,42,1.0714285714285714,0.05271774316741633,571,"""AARRR - EXTRA FOAM MINT CAPPUCCINO UP, YA SCURVY DOGS!""  (PIRATES OF THE BERMUDA TRIANGLE)"
2479,0,3,39,42,1.0714285714285714,0.04022089331224806,571,"Hey me mateys, whose this ""Joe"" everyone's asking for?"
2479,0,3,39,42,1.0714285714285714,0.04022089331224806,571,Typical. The big anchor comes to town and just throws its weight around.
2479,1,1,40,42,1.0714285714285714,0.05271774316741633,571,The captain uses it as a counterweight.
2479,0,3,39,42,1.0714285714285714,0.04022089331224806,571,It's a little keepsake from my last job.
2479,1,1,40,42,1.0714285714285714,0.05271774316741633,571,It's a promotion for our caramel sea sat latte.
2479,0,3,39,42,1.0714285714285714,0.04022089331224806,571,"Yes, I'm pretty sure it IS red wine when you're sleeping with the fishes."
2479,1,1,40,42,1.0714285714285714,0.05271774316741633,571,Two bilge Cappuccinos!
2479,0,3,39,42,1.0714285714285714,0.04022089331224806,571,"""You all act like you have never seen an anchor before""."
2479,0,3,39,42,1.0714285714285714,0.04022089331224806,571,I'm tired of some scallywag walking outta here with the key to the head.
2479,0,3,39,42,1.0714285714285714,0.04022089331224806,571,It's for me extra heavy cream.
2479,0,3,39,42,1.0714285714285714,0.04022089331224806,571,"Crusty's Rum and Coffee House, home of the Booty Macchiato."
2479,1,1,40,42,1.0714285714285714,0.05271774316741633,571,"Get that anchor away, m'boy!"
2479,0,3,39,42,1.0714285714285714,0.04022089331224806,571,Anchor Away!
2479,0,3,39,42,1.0714285714285714,0.04022089331224806,571,It keeps me here.
2479,0,3,39,42,1.0714285714285714,0.04022089331224806,571,Can we move the grande and venti keys further apart?
2479,0,3,39,42,1.0714285714285714,0.04022089331224806,571,That one's definitely 'to stay'.
2479,0,3,39,42,1.0714285714285714,0.04022089331224806,571,I thought those hamburgers tasted fishy.
2479,0,3,39,42,1.0714285714285714,0.04022089331224806,571,Arghh! It's me Anchor Express. I don't leave home without it.
2479,0,3,39,42,1.0714285714285714,0.04022089331224806,571,I must down to the sea again--to the lonely sea and stars!
2479,1,1,40,42,1.0714285714285714,0.05271774316741633,571,I'm glad to say our flagship store is here to stay.
2479,0,3,39,42,1.0714285714285714,0.04022089331224806,571,Just the vessel please.
2479,0,3,39,42,1.0714285714285714,0.04022089331224806,571,Their muddy coffee certainly has a lot of sediment
2479,0,3,39,42,1.0714285714285714,0.04022089331224806,571,I'm not losing this one!
2479,0,3,39,42,1.0714285714285714,0.04022089331224806,571,"Avast ye, I swear Cynthia left it here after the morning shift!"
2479,1,1,40,42,1.0714285714285714,0.05271774316741633,571,Now get this place into ship-shape condition!
2479,1,1,40,42,1.0714285714285714,0.05271774316741633,571,"No, we don't have Venti Cinnamon Grog Frappuccino ."
2479,0,3,39,42,1.0714285714285714,0.04022089331224806,571,Hope to anchor a mall someday.
2479,0,3,39,42,1.0714285714285714,0.04022089331224806,571,"What, I'm supposed to turn down a present from James Cameron?"
2479,0,3,39,42,1.0714285714285714,0.04022089331224806,571,Ahoy mates! Last call for iced green tea with a fresh shot of seaweed!
2479,1,1,40,42,1.0714285714285714,0.05271774316741633,571,Arrrrr ya sure ya want a grande?
2479,0,3,39,42,1.0714285714285714,0.04022089331224806,571,Where's the rum? I didn't haul my anchor over here for one of them foam concoctions.
2479,0,3,39,42,1.0714285714285714,0.04022089331224806,571,I never should have dropped anchor on this fishy franchise
2479,0,3,39,42,1.0714285714285714,0.04022089331224806,571,They call it modern pirate décor.
2479,0,3,39,42,1.0714285714285714,0.04022089331224806,571,Blimey! You wanted a tall SANKA?!
2479,0,3,39,42,1.0714285714285714,0.04022089331224806,571,Don't scratch my anchor.
2479,1,1,40,42,1.0714285714285714,0.05271774316741633,571,Exact change only or you'll be tossed out to sea
2479,1,1,40,42,1.0714285714285714,0.05271774316741633,571,A soy maté.
2479,0,3,39,42,1.0714285714285714,0.04022089331224806,571,Fake News Studio Cafe-Anchors welcome
2479,0,3,39,42,1.0714285714285714,0.04022089331224806,571,"Dan, get your phone! We have a duty to write a Yelp review."
2479,0,3,39,42,1.0714285714285714,0.04022089331224806,571,Ahoy. I'm the new barrrrista.
2479,1,1,40,42,1.0714285714285714,0.05271774316741633,571,"Avast Ye scalawags! The're be no carmel frappuccinos on my watch, Savvy!"
2479,0,3,39,42,1.0714285714285714,0.04022089331224806,571,Here they call a Cappuccino an Anchor Steam.
2479,1,1,40,42,1.0714285714285714,0.05271774316741633,571,”He dropped anchor here once he discovered selling coffee at these prices is the greatest plunder.
2479,1,1,40,42,1.0714285714285714,0.05271774316741633,571,Enough with the theme days.
2479,0,3,39,42,1.0714285714285714,0.04022089331224806,571,We knew we were sunk when Starbucks opened up around the corner...
2479,1,1,40,42,1.0714285714285714,0.05271774316741633,571,Who ordered the Peter Pan panini?
2479,0,3,39,42,1.0714285714285714,0.04022089331224806,571,"I don't know why you landlubbers are complaining. They named the entire franchise after my chief mate; I think I deserve to have a little memorabilia around. Hello there, everyone around here calls me Ishmael! Can I take your order?"
2479,1,1,40,42,1.0714285714285714,0.05271774316741633,571,Why did I believe a pirate theme would sell coffee?
2479,0,3,39,42,1.0714285714285714,0.04022089331224806,571,"Apparently, it keeps him grounded."
2479,0,3,39,42,1.0714285714285714,0.04022089331224806,571,It is 100% pirated off the high seas of Guatemala.
2479,0,3,39,42,1.0714285714285714,0.04022089331224806,571,"Croissants, espresso and pirate booty served All Day."
2479,0,3,39,42,1.0714285714285714,0.04022089331224806,571,This new pirate flavor is a drag.
2479,0,3,39,42,1.0714285714285714,0.04022089331224806,571,"Find the hidden treasure, win a lovely Latte Grande, Matey."
2479,0,3,39,42,1.0714285714285714,0.04022089331224806,571,"As for the anchor and my hook, if you don't like 'em, don't look at 'em."
2479,0,3,39,42,1.0714285714285714,0.04022089331224806,571,"Order is ready for a Mr. Idon. Pose Idon, your order's ready."
2479,1,1,40,42,1.0714285714285714,0.05271774316741633,571,So this is an anchor store? I think I'm better off just ordering online.
2479,0,3,39,42,1.0714285714285714,0.04022089331224806,571,"Aye, this blend be a shot in the arm now, but in a few hours it'll drag you down."
2479,0,3,39,42,1.0714285714285714,0.04022089331224806,571,He comes here for the kelpucino...
2479,0,3,39,42,1.0714285714285714,0.04022089331224806,571,Welcome to StAAARRRbucks!
2479,1,1,40,42,1.0714285714285714,0.05271774316741633,571,Like your work wife never brought you down.
2479,0,3,39,42,1.0714285714285714,0.04022089331224806,571,The first mate resigned.
2479,0,3,39,42,1.0714285714285714,0.04022089331224806,571,Protecting me new grinder with me anchor.
2479,0,3,39,42,1.0714285714285714,0.04022089331224806,571,Where does an 800-pound anchor sit? Anywhere it wants to.
2479,1,1,40,42,1.0714285714285714,0.05271774316741633,571,No refills!
2479,0,3,39,42,1.0714285714285714,0.04022089331224806,571,They're the only bistro in the area that uses salt water in their coffee machines.
2479,0,3,39,42,1.0714285714285714,0.04022089331224806,571,"""Order pick-up""!"
2479,1,1,40,42,1.0714285714285714,0.05271774316741633,571,My anchor goes where I go.
2479,0,3,39,42,1.0714285714285714,0.04022089331224806,571,Argh! Anchors STAY!
2479,0,3,39,42,1.0714285714285714,0.04022089331224806,571,NO JUSTICE: STARBUCK HAS A MERMAID AND I HAVE A STINKY ANCHOR!
2479,0,3,39,42,1.0714285714285714,0.04022089331224806,571,Are you all too spineless to even mention the anchor in the room?
2479,1,1,40,42,1.0714285714285714,0.05271774316741633,571,Davy Jones. Latte.
2479,0,3,39,42,1.0714285714285714,0.04022089331224806,571,"No one knows it means, but everyone is afraid to order a Frappuccino."
2479,1,1,40,42,1.0714285714285714,0.05271774316741633,571,"The sign did not say ""kelp wanted!"""
2479,0,3,39,42,1.0714285714285714,0.04022089331224806,571,"Starboard Anchors, a way better coffee"
2479,0,3,39,42,1.0714285714285714,0.04022089331224806,571,where's the boat lol
2479,1,1,40,42,1.0714285714285714,0.05271774316741633,571,"Aye, there be trouble brewing."
2479,0,3,39,42,1.0714285714285714,0.04022089331224806,571,It was anchors way away.
2479,0,3,39,42,1.0714285714285714,0.04022089331224806,571,Anchor what?
2479,0,3,39,42,1.0714285714285714,0.04022089331224806,571,It ain't 'Anchors Aweigh' 'til I says it is.
2479,0,3,39,42,1.0714285714285714,0.04022089331224806,571,"'Call me Ishmael, not Starbuck.'"
2479,0,3,39,42,1.0714285714285714,0.04022089331224806,571,My old crew was much more efficient than these guppies!
2479,1,1,40,42,1.0714285714285714,0.05271774316741633,571,You kids wouldn't know a good froth if hit you in the face
2479,1,1,40,42,1.0714285714285714,0.05271774316741633,571,He uses it to mix the Super Humongous Macho Grande.
2479,0,3,39,42,1.0714285714285714,0.04022089331224806,571,"Arggh, I didn't have anywhere else to put it. Me son's come ashore, for good, apparently."
2479,1,1,40,42,1.0714285714285714,0.05271774316741633,571,It's a baby anchor not an anchor baby.
2479,0,3,39,42,1.0714285714285714,0.04022089331224806,571,it's just a fluke
2479,1,1,40,42,1.0714285714285714,0.05271774316741633,571,"Jonah, grande sea salt and seaweed latte with keepsake nautical charm."
2479,0,3,39,42,1.0714285714285714,0.04022089331224806,571,A new drink. Tepid bilgewater served in a Russian nesting doll. The Presidento.
2479,0,3,39,42,1.0714285714285714,0.04022089331224806,571,Arrgh - that's all that's left of my last command. Welcome to The Anchor Cafe!
2479,0,3,39,42,1.0714285714285714,0.04022089331224806,571,Anchors aweigh tooa much!
2479,0,3,39,42,1.0714285714285714,0.04022089331224806,571,"He's no Anderson Cooper, but he still cleans up pretty good."
2479,0,3,39,42,1.0714285714285714,0.04022089331224806,571,The coast guard wouldn't let me take anything else.
2479,0,3,39,42,1.0714285714285714,0.04022089331224806,571,Me thinks you're bringing us down
2479,1,1,40,42,1.0714285714285714,0.05271774316741633,571,It was Starbuck's. It's Ahab's now.
2479,0,3,39,42,1.0714285714285714,0.04022089331224806,571,You always have to weigh anchor to get under way at the start of the day.
2479,1,1,40,42,1.0714285714285714,0.05271774316741633,571,That's baggage he's still carrying from his lst job--he's what they call the new 'underemployed'.
2479,0,3,39,42,1.0714285714285714,0.04022089331224806,571,"Not all of our blends are ""fair trade""..."
2479,0,3,39,42,1.0714285714285714,0.04022089331224806,571,What? You've never heard of an anchor baby?
2479,0,3,39,42,1.0714285714285714,0.04022089331224806,571,When are you guys going to start providing adequate parking?
2479,0,3,39,42,1.0714285714285714,0.04022089331224806,571,It's what happens when you pirate a Starbucks recipe.
2479,0,3,39,42,1.0714285714285714,0.04022089331224806,571,Quit complaining swabby. Learn to switch hands.
2479,0,3,39,42,1.0714285714285714,0.04022089331224806,571,"Grrrr , I said Sanka not anchor !!!"
2479,0,3,39,42,1.0714285714285714,0.04022089331224806,571,I can't help it! There's just something about coffee that always makes me have to drop anchor.
2479,0,3,39,42,1.0714285714285714,0.04022089331224806,571,Yarr. This coffee shop be stayin' here a while.
2479,0,3,39,42,1.0714285714285714,0.04022089331224806,571,"It used to be a perch for me parrot, but sadly....Polly-gone."
2479,0,3,39,42,1.0714285714285714,0.04022089331224806,571,Blimey! We're all out of gold coins.
2479,0,3,39,42,1.0714285714285714,0.04022089331224806,571,"When I took this job, I said this is it, ""I'm Dropping Anchor"" Here."
2479,0,3,39,42,1.0714285714285714,0.04022089331224806,571,Has anyone got an anchorin' for some more caffeine?
2479,1,1,40,42,1.0714285714285714,0.05271774316741633,571,"Now listen up, me name be Hook, ‘t ain’t Starbuck, if yet ‘nother scurvy dog be askin’ fer pumpkin spice frappuccino, I show ye where else I put me anchor."
2479,0,3,39,42,1.0714285714285714,0.04022089331224806,571,Welcome to StAAARRRbucks!
2479,0,3,39,42,1.0714285714285714,0.04022089331224806,571,"Again, We are the anchor tenant"
2479,0,3,39,42,1.0714285714285714,0.04022089331224806,571,Arrkkk! This coffee shop ain't goin' nowhere.
2479,0,3,39,42,1.0714285714285714,0.04022089331224806,571,"The sea be jealous, mateys, and so be my mistress."
2479,0,3,39,42,1.0714285714285714,0.04022089331224806,571,When themes trump means.
2479,1,1,40,42,1.0714285714285714,0.05271774316741633,571,Of course it's called anchor steam cappachino!
2479,1,1,40,42,1.0714285714285714,0.05271774316741633,571,"Scalded Grog, Frothy Grog Lite, Grogguccino, and Chock Full o’ Grog."
2479,0,3,39,42,1.0714285714285714,0.04022089331224806,571,"Would ya' like skim, whole or whale spermaceti?"
2479,1,1,40,42,1.0714285714285714,0.05271774316741633,571,It's that travelling exhibit from Anchor and Hook's headquarters.
2479,0,3,39,42,1.0714285714285714,0.04022089331224806,571,"No complaints mates! I'm not having a swell time over here either trying to make change with a hook."" hook."
2479,1,1,40,42,1.0714285714285714,0.05271774316741633,571,Give me a hand with these?
2479,1,1,40,42,1.0714285714285714,0.05271774316741633,571,"For only two dollars, you get a taste of my hook."
2479,0,3,39,42,1.0714285714285714,0.04022089331224806,571,It's a pirate brand image. Get used to it.
2479,0,3,39,42,1.0714285714285714,0.04022089331224806,571,Arrr special today is sea salt latte!
2479,0,3,39,42,1.0714285714285714,0.04022089331224806,571,Anchor Tenant?
2479,0,3,39,42,1.0714285714285714,0.04022089331224806,571,"Hey anchor elbow, serve the coffee. I can't get the hook of it."
2479,0,3,39,42,1.0714285714285714,0.04022089331224806,571,The successful employees will be those who practice anchor management.
2479,1,1,40,42,1.0714285714285714,0.05271774316741633,571,"I may be a man of no nation, but at least I've got an anchor, Baby!"
2479,0,3,39,42,1.0714285714285714,0.04022089331224806,571,give me no arrrrrrhg~uments!
2479,0,3,39,42,1.0714285714285714,0.04022089331224806,571,"Argh matey shiver me timbers, it keeps me moored to reality."
2479,0,3,39,42,1.0714285714285714,0.04022089331224806,571,Coffee to the right. Grog to the left.
2479,0,3,39,42,1.0714285714285714,0.04022089331224806,571,I guess every dying mall needs an anchor store.
2479,1,1,40,42,1.0714285714285714,0.05271774316741633,571,Anyone seen a parrot?
2479,0,3,39,42,1.0714285714285714,0.04022089331224806,571,"Say ""aargh"" once more and you're fired!"
2479,1,1,40,42,1.0714285714285714,0.05271774316741633,571,Is your cell phone making that chirping sound?
2479,0,3,39,42,1.0714285714285714,0.04022089331224806,571,I'm beginning to wonder if 'Pirate Coffee' is the best name for a coffee shop.
2479,0,3,39,42,1.0714285714285714,0.04022089331224806,571,"A doubleshot for our new Fox anchor, please."
2479,0,3,39,42,1.0714285714285714,0.04022089331224806,571,Is that the new true news anchor?
2479,0,3,39,42,1.0714285714285714,0.04022089331224806,571,"Hey, you told me to hold down the fort until your break was over."
2479,0,3,39,42,1.0714285714285714,0.04022089331224806,571,AmI really seaing this?
2825,0,3,40,43,1.069767441860465,0.03930950021993099,571,"Aye, we just want to make sure the coffee is well grounded."
2825,0,3,40,43,1.069767441860465,0.03930950021993099,571,"It's been three years, the old job still haunts him"
2825,1,1,41,43,1.069767441860465,0.051503946641122844,571,No blubber for you - come back one year!
2828,0,2,36,38,1.0526315789473684,0.0367097806559429,571,Who wants to be an Anchor tenant in today's market?
2828,0,2,36,38,1.0526315789473684,0.0367097806559429,571,"That's how we served the cherries in our ""Moby Dick Manhattan."
2828,0,2,36,38,1.0526315789473684,0.0367097806559429,571,The next time he says: 'Avast me lattés' I'm going to hit him with it.
2828,0,2,36,38,1.0526315789473684,0.0367097806559429,571,"""That's a shark-fin over easy with a large rum latte""."
2828,0,2,36,38,1.0526315789473684,0.0367097806559429,571,That's for the next scallywag who asks if the catch of the day is fresh.
2828,0,2,36,38,1.0526315789473684,0.0367097806559429,571,Just be grateful I left the venti anchor at home.
2828,0,2,36,38,1.0526315789473684,0.0367097806559429,571,I never asked to be an anchor store.
2828,0,2,36,38,1.0526315789473684,0.0367097806559429,571,"No one take my coffee, okay?"
2828,0,2,36,38,1.0526315789473684,0.0367097806559429,571,"Belly up to he bar mates , my crew is coming !"
2828,0,2,36,38,1.0526315789473684,0.0367097806559429,571,The architect didn't know starboard from windward.
2828,0,2,36,38,1.0526315789473684,0.0367097806559429,571,"Who ordered the Venti ""Pirate of the carob-bean?"""
2828,0,2,36,38,1.0526315789473684,0.0367097806559429,571,It's all I have left from my ship that dissolved in the East River.
2828,0,2,36,38,1.0526315789473684,0.0367097806559429,571,"Anchors awake, it seems that I'm moored to my coffee"
2828,0,2,36,38,1.0526315789473684,0.0367097806559429,571,"To go? Not today, thanks."
2828,0,2,36,38,1.0526315789473684,0.0367097806559429,571,That new hire is a real dead weight.
2828,0,2,36,38,1.0526315789473684,0.0367097806559429,571,"Started from the bottom, now we're here. How many times do I have to repeat myself? Got the whole team with me, so STOP ASKING ABOUT THE ANCHOR OR ITLL BE STARTED FROM THE COFFEE SHOP & NOW YOU'RE THERE. THE BIG DEEP. YAR?"
2828,0,2,36,38,1.0526315789473684,0.0367097806559429,571,"Not armpit Matey, it!s arrrrrr Matey"
2828,0,2,36,38,1.0526315789473684,0.0367097806559429,571,A one-handed pirate with a drinking problem hates Neverland.
2828,0,2,36,38,1.0526315789473684,0.0367097806559429,571,I don't want to hear what it means to have a big anchor!
2828,0,2,36,38,1.0526315789473684,0.0367097806559429,571,A whole new twist to that old ball and chain
2828,0,2,36,38,1.0526315789473684,0.0367097806559429,571,First Unicorn Frappuccinos and now Seaweed Lattes served by Pirates?
2828,1,0,37,38,1.0526315789473684,0.0526315789473684,571,"Shipment? I thought you said ""Secure the coffee ship men""!"
2828,0,2,36,38,1.0526315789473684,0.0367097806559429,571,Lattes Away!
2828,0,2,36,38,1.0526315789473684,0.0367097806559429,571,"Who ordered the decaf soy triple caramel machiatto, gluten free?"
2828,0,2,36,38,1.0526315789473684,0.0367097806559429,571,I had a hard time finding a place to park
2828,0,2,36,38,1.0526315789473684,0.0367097806559429,571,My last berth was busboy.
2828,0,2,36,38,1.0526315789473684,0.0367097806559429,571,"Aw get over yourselves, you're not the only ones who had an interesting day."
2828,0,2,36,38,1.0526315789473684,0.0367097806559429,571,It was the only way to get my commute to stop.
2828,0,2,36,38,1.0526315789473684,0.0367097806559429,571,Anger's away? Not!
2828,0,2,36,38,1.0526315789473684,0.0367097806559429,571,"Arrrrgh matie, hook crafted coffee is all the rage now in Brooklyn"
2828,0,2,36,38,1.0526315789473684,0.0367097806559429,571,"Steve - you asked for a ""boatload"" of caffeine - your order's up!"
2828,0,2,36,38,1.0526315789473684,0.0367097806559429,571,"Arrr, what anchor?"
2828,0,2,36,38,1.0526315789473684,0.0367097806559429,571,The only thing more bitter than their tea-weed is their barista.
2828,0,2,36,38,1.0526315789473684,0.0367097806559429,571,"I lost my arm, my leg, and my ship in that battle."
2828,0,2,36,38,1.0526315789473684,0.0367097806559429,571,Did I ask you to aweigh in on it?
2828,0,2,36,38,1.0526315789473684,0.0367097806559429,571,"Ahoy, Mateys! Who ordered the double fluke venti?"
2828,1,0,37,38,1.0526315789473684,0.0526315789473684,571,Spongebob is late for his shift again!
2828,0,2,36,38,1.0526315789473684,0.0367097806559429,571,I thought you said this was a fair trade coffee shop.
2828,0,2,36,38,1.0526315789473684,0.0367097806559429,571,"AAARGH maties, but I am haunted by me past life."
2828,0,2,36,38,1.0526315789473684,0.0367097806559429,571,You want shade grown? Is that shady enough for you?
2828,0,2,36,38,1.0526315789473684,0.0367097806559429,571,"Yo ho ho and a cup o' Joe; yo ho ho and a cup o' Joe..."""
2828,0,2,36,38,1.0526315789473684,0.0367097806559429,571,Avast ye customers.We now offer a variety of grogs and salted meats
2828,0,2,36,38,1.0526315789473684,0.0367097806559429,571,He says it'll make impossible for them to evict him.
2828,0,2,36,38,1.0526315789473684,0.0367097806559429,571,"He said he was going to make the place great again, but all he's done is show that being a pirate doesn't mean you know how to run a coffee shop."
2828,0,2,36,38,1.0526315789473684,0.0367097806559429,571,All the handicapped spots were taken.
2828,0,2,36,38,1.0526315789473684,0.0367097806559429,571,Eleven million gallons of coffee leaked from the ex-Juan Valdez after we ran aground...
2828,0,2,36,38,1.0526315789473684,0.0367097806559429,571,He said it was an RRRRRRRRtisan blend.
2828,0,2,36,38,1.0526315789473684,0.0367097806559429,571,I hear anymore 'Drop yer anchor?' jokes an' it be the plank for ye...
2828,0,2,36,38,1.0526315789473684,0.0367097806559429,571,Handicap Parking
2828,0,2,36,38,1.0526315789473684,0.0367097806559429,571,Free drinks or he'll sink the bar.
2828,0,2,36,38,1.0526315789473684,0.0367097806559429,571,Nonfat matcha latte for Jane? We've got a nonfat matcha latte for Jane here. Jane? Jane!
2828,0,2,36,38,1.0526315789473684,0.0367097806559429,571,not in the way...it's anchors aweigh
2828,1,0,37,38,1.0526315789473684,0.0526315789473684,571,It's really heavy.
2828,0,2,36,38,1.0526315789473684,0.0367097806559429,571,"Mates, the grande today in grande single shot 4 pumps sugar free peppermint nonfat extra hot no foam light whip stirred white mocha is seaweed."
2828,0,2,36,38,1.0526315789473684,0.0367097806559429,571,I asked for a reasonable accommodation....not an abominable anchor weigh in!
2828,0,2,36,38,1.0526315789473684,0.0367097806559429,571,It's collateral 'til his ship comes in.
2828,0,2,36,38,1.0526315789473684,0.0367097806559429,571,What can I do? Admiral Anchor outranks Captain Hook.
2828,0,2,36,38,1.0526315789473684,0.0367097806559429,571,The sea going monster was hooked on caffeine—It was a dark roast.
2828,0,2,36,38,1.0526315789473684,0.0367097806559429,571,"It's a tragedy -- with the closing of so many outlets of Macy’s, J.C. Penney, and Sears, this greasy fish place is now this mall's anchor store."
2828,0,2,36,38,1.0526315789473684,0.0367097806559429,571,"Of course it's on the take out menu, matey. It's an anchor."
2828,0,2,36,38,1.0526315789473684,0.0367097806559429,571,The health inspector left a real anchor
2828,0,2,36,38,1.0526315789473684,0.0367097806559429,571,We just need to stay at this port until we have had enough coffee.
2828,0,2,36,38,1.0526315789473684,0.0367097806559429,571,"T'ain't abstract, but I still say it's arrrrrt."
2828,0,2,36,38,1.0526315789473684,0.0367097806559429,571,"Ain't it enough, me mateys, that us pirates put down out anchor?"
2828,0,2,36,38,1.0526315789473684,0.0367097806559429,571,"The anchor stays! Yo ho ho and cup of joe!"" ""Aarg."
2828,0,2,36,38,1.0526315789473684,0.0367097806559429,571,What's it to ye? The mall needed a new anchor tenant.
2828,1,0,37,38,1.0526315789473684,0.0526315789473684,571,Long with an extra shot coming up
2828,0,2,36,38,1.0526315789473684,0.0367097806559429,571,"Pay ye no heed to me anchor, scallawags!"
2828,0,2,36,38,1.0526315789473684,0.0367097806559429,571,All beans freshly ground !
2828,0,2,36,38,1.0526315789473684,0.0367097806559429,571,Let table 9 know their seafood will be delayed a few minutes.
2828,0,2,36,38,1.0526315789473684,0.0367097806559429,571,Aye there laddies! I've scuttled that black water stuff. From now on it's rum! Haardy-Haaar.
2828,0,2,36,38,1.0526315789473684,0.0367097806559429,571,The best coffee is where the anchor drops.
2828,0,2,36,38,1.0526315789473684,0.0367097806559429,571,Hooked?
2828,0,2,36,38,1.0526315789473684,0.0367097806559429,571,"sorry, the captain is homesick"
2828,0,2,36,38,1.0526315789473684,0.0367097806559429,571,"I may be a man of no nation, but I've got an anchor, baby!"
2828,0,2,36,38,1.0526315789473684,0.0367097806559429,571,The ad said you wanted a barrrrrista.
2828,0,2,36,38,1.0526315789473684,0.0367097806559429,571,Who knew the tattoo shop next door would already have an anchor stencil?
2828,0,2,36,38,1.0526315789473684,0.0367097806559429,571,It'll be out of the way soon. I'm trading it to John Cleese for his parrot.
2828,0,2,36,38,1.0526315789473684,0.0367097806559429,571,How did that land here? Anchors away!
2828,0,2,36,38,1.0526315789473684,0.0367097806559429,571,This is MY inconvenient truth.
2828,0,2,36,38,1.0526315789473684,0.0367097806559429,571,Arrrgh. Of course I know being the anchor store can be challenging matees.
2828,0,2,36,38,1.0526315789473684,0.0367097806559429,571,We'll be moving soon.
2828,0,2,36,38,1.0526315789473684,0.0367097806559429,571,Aaarrhh drink up your seaweed latte and I'll hook you up with a barnacle biscuit
2828,0,2,36,38,1.0526315789473684,0.0367097806559429,571,I bet one of these guys is Johnny Depp in disguise.
2828,0,2,36,38,1.0526315789473684,0.0367097806559429,571,"It's Anchor Wednesday if I say it's Anchor Wednesday, innit now?"
2828,0,2,36,38,1.0526315789473684,0.0367097806559429,571,"I don't care if he IS weighing us down, yar"
2828,1,0,37,38,1.0526315789473684,0.0526315789473684,571,"Look, they said the mortgage was underwater and they needed an anchor tenant."
2828,0,2,36,38,1.0526315789473684,0.0367097806559429,571,The new b-arrr-ista
2828,0,2,36,38,1.0526315789473684,0.0367097806559429,571,Captaincinno's last stand.
2828,0,2,36,38,1.0526315789473684,0.0367097806559429,571,"Having my anchor cleaned while I wait is nice, but I hate a self-service latte. The form is never right."
2828,0,2,36,38,1.0526315789473684,0.0367097806559429,571,"Ahab, order'sup!"
2828,0,2,36,38,1.0526315789473684,0.0367097806559429,571,Who's the double latte machiatto with seaweed?
2828,0,2,36,38,1.0526315789473684,0.0367097806559429,571,If I don't bring it in some scurvy dog scrapper will take it for sure.
2828,0,2,36,38,1.0526315789473684,0.0367097806559429,571,"What, you never heard of nori?"
2828,0,2,36,38,1.0526315789473684,0.0367097806559429,571,We be getting a bounty for not driving to work.
2828,0,2,36,38,1.0526315789473684,0.0367097806559429,571,"Alright, you bilge-suckin' landlubbers, this isn't Starbuck's anymore!"
2828,0,2,36,38,1.0526315789473684,0.0367097806559429,571,"Aye, Starbuck; aye, my hearties all round; it was Moby Dick that dismasted me."
2828,0,2,36,38,1.0526315789473684,0.0367097806559429,571,One Anchor Steam! Hold the whip.
2828,0,2,36,38,1.0526315789473684,0.0367097806559429,571,Yo-ho-ho and a cup of Joe!
2828,1,0,37,38,1.0526315789473684,0.0526315789473684,571,Can't they keep his anchors away?
2828,0,2,36,38,1.0526315789473684,0.0367097806559429,571,You're the one who said we get hit with waves.
2828,0,2,36,38,1.0526315789473684,0.0367097806559429,571,"He's a bit odd, but I think he'll be here long-term."
2828,0,2,36,38,1.0526315789473684,0.0367097806559429,571,We support the Triangle Trade.
2828,1,0,37,38,1.0526315789473684,0.0526315789473684,571,He doesn't want to be mistaken for a Starbucks.
2828,0,2,36,38,1.0526315789473684,0.0367097806559429,571,Abolish Dan Espo!
2828,0,2,36,38,1.0526315789473684,0.0367097806559429,571,Arrrrrgh. You'll get no free coffee by sucking up.
2828,1,0,37,38,1.0526315789473684,0.0526315789473684,571,You said move it aweigh from the customers.
2828,0,2,36,38,1.0526315789473684,0.0367097806559429,571,Hands off me Mother Of All Anchors.
2828,0,2,36,38,1.0526315789473684,0.0367097806559429,571,What arrgh you looking at? I said I was dropping anchor at this joint.
2828,0,2,36,38,1.0526315789473684,0.0367097806559429,571,Behold: the dreaded fourth wave of coffee.
2828,0,2,36,38,1.0526315789473684,0.0367097806559429,571,"Grande, no whip Anchorccino for Barbara. Decaf Hoocchiato for Brian."
2828,0,2,36,38,1.0526315789473684,0.0367097806559429,571,Cream chum?
2828,0,2,36,38,1.0526315789473684,0.0367097806559429,571,"Not what it means Jack, the old song didn't say anchors away!"
2828,0,2,36,38,1.0526315789473684,0.0367097806559429,571,"My ship sank, but I saved the anchor."
2828,0,2,36,38,1.0526315789473684,0.0367097806559429,571,More money with the tips
2828,0,2,36,38,1.0526315789473684,0.0367097806559429,571,"Argh, that's our coffee mermaid."
2828,0,2,36,38,1.0526315789473684,0.0367097806559429,571,"Where have all the tippers gone, long time ago? Gone to graveyards every one. When will they ever learn? When will they e-ver learn?"
2828,0,2,36,38,1.0526315789473684,0.0367097806559429,571,Which landlubber ordered decaf?
2828,0,2,36,38,1.0526315789473684,0.0367097806559429,571,It's Starbuck's.
2828,0,2,36,38,1.0526315789473684,0.0367097806559429,571,It's a sign mates. We are going wherever the Golden Hind goes.
2828,0,2,36,38,1.0526315789473684,0.0367097806559429,571,"I know it's Arrbucks, but I'm pretty sure this isn't what they meant when they asked the local news station to send over an anchor."
2828,0,2,36,38,1.0526315789473684,0.0367097806559429,571,"Well, Hunter doesn't go killing people!"
2828,0,2,36,38,1.0526315789473684,0.0367097806559429,571,I'm storing it here until the brake pads are replaced.
2828,0,2,36,38,1.0526315789473684,0.0367097806559429,571,Scram before you get hooked.
2828,0,2,36,38,1.0526315789473684,0.0367097806559429,571,"Mates, the anchor means I'm here to stay!"
2828,0,2,36,38,1.0526315789473684,0.0367097806559429,571,I dropped anchor here for hot coffee. Me timbers are shivering
2828,0,2,36,38,1.0526315789473684,0.0367097806559429,571,Me psychiatrist recommended tha anchor ta help calm me anxieties about tha unstable volatility of thee current stock market.
2828,0,2,36,38,1.0526315789473684,0.0367097806559429,571,Someone who ‘forgot’ to pay just replaced that anchor!
2828,0,2,36,38,1.0526315789473684,0.0367097806559429,571,Weigh anchor and hoist the double-shot half-caf extra foam latte!
2828,0,2,36,38,1.0526315789473684,0.0367097806559429,571,But I cleaned the poop deck yesterday.
2828,0,2,36,38,1.0526315789473684,0.0367097806559429,571,Look Mr. ! I've gone from run aground to fresh ground ! Now what is it you'll be havin ?
2828,0,2,36,38,1.0526315789473684,0.0367097806559429,571,I was told this was the 'anchor building' in this shopping center.
2828,0,2,36,38,1.0526315789473684,0.0367097806559429,571,This restaurant feels like ship.
2828,0,2,36,38,1.0526315789473684,0.0367097806559429,571,You have to drink the whole cup to find the hidden treasure.
2828,0,2,36,38,1.0526315789473684,0.0367097806559429,571,Welcome to the Krusty Krab! What can I get you?
2828,0,2,36,38,1.0526315789473684,0.0367097806559429,571,It's cool when Jake brought his surfboard.
2828,0,2,36,38,1.0526315789473684,0.0367097806559429,571,Don't you anchors aweigh me.
2828,0,2,36,38,1.0526315789473684,0.0367097806559429,571,"You damn right, it takes up space. But it keeps me anchored to who I am."
2828,0,2,36,38,1.0526315789473684,0.0367097806559429,571,"I'm part of the dynasty, okay?!"
2828,0,2,36,38,1.0526315789473684,0.0367097806559429,571,"The new management of the ship company that I worked with for over 30 years said they wanted to get rid of everyone and anything that weighed them down. So, I took it with me."
2828,0,2,36,38,1.0526315789473684,0.0367097806559429,571,"Another two pump, mackerel machiatto, argh!"
2828,0,2,36,38,1.0526315789473684,0.0367097806559429,571,There's fresh fish today!
2828,0,2,36,38,1.0526315789473684,0.0367097806559429,571,"Soy latte for milady, iced capp for her matey."
2828,0,2,36,38,1.0526315789473684,0.0367097806559429,571,"Don't worry, it's on course for a Starbucks."
2828,1,0,37,38,1.0526315789473684,0.0526315789473684,571,Now we're the mall's anchor store. Take that Macys!
2828,0,2,36,38,1.0526315789473684,0.0367097806559429,571,"He says his wife wont let him keep the pirate stuff at home anymore, if this is allowed I am bringing my dog tomorrow."
2828,0,2,36,38,1.0526315789473684,0.0367097806559429,571,"Pivot, you said. People will loooove a pirate café, you said."
2828,0,2,36,38,1.0526315789473684,0.0367097806559429,571,It's not THAT venti...
2828,0,2,36,38,1.0526315789473684,0.0367097806559429,571,"OK, who ordered a triple, venti, half sweet, non-fat, caramel macchiato ... AHOY?"
2828,0,2,36,38,1.0526315789473684,0.0367097806559429,571,"Arrr ... would ye like a homemade bran muffin, chocolate croissant or ship anchor with your mocha cappuccino?"
2828,0,2,36,38,1.0526315789473684,0.0367097806559429,571,The next person who calls her an 'anchor baby' gets my hook up their ass!
2828,0,2,36,38,1.0526315789473684,0.0367097806559429,571,Do ye like the new coffee? We always test it in the anchor store first!
2828,0,2,36,38,1.0526315789473684,0.0367097806559429,571,Owned by a real pirate...Now it makes sense why they charge 5 dollars a latte
2828,0,2,36,38,1.0526315789473684,0.0367097806559429,571,"Their featured flavor is Moby Dark. Says he's Ahab and his mate, Starbucks, The Original, works the kitchen."
2828,0,2,36,38,1.0526315789473684,0.0367097806559429,571,Just ignore Andy the anchor
2828,0,2,36,38,1.0526315789473684,0.0367097806559429,571,Because we are in the mall. They said they needed a new anchor.
2828,0,2,36,38,1.0526315789473684,0.0367097806559429,571,This Plank and Plunder has better salted parrot than the Hilton
2828,0,2,36,38,1.0526315789473684,0.0367097806559429,571,"Ah, yes! It's Davey preparing to shove off again!"
2828,0,2,36,38,1.0526315789473684,0.0367097806559429,571,"And, blimey, Star Buccaneers it will be!"
2828,0,2,36,38,1.0526315789473684,0.0367097806559429,571,Tell the anchor he is driving down sales.
2828,0,2,36,38,1.0526315789473684,0.0367097806559429,571,It's there to remind me not to sign away the rights to my name again and that 'Pequod Coffee' just doesn't have that je ne sais quoi.
2828,0,2,36,38,1.0526315789473684,0.0367097806559429,571,"Eat steady, mates. We are now officially a food cart!"
2828,0,2,36,38,1.0526315789473684,0.0367097806559429,571,"I asked for soy milk, and he told me to walk the plank."
2828,0,2,36,38,1.0526315789473684,0.0367097806559429,571,"Ayyyeee! I said ""Be Gone, Suits! Bankers Away!"" But nobody listens these days ..."
2828,0,2,36,38,1.0526315789473684,0.0367097806559429,571,I'm done with ships and whales. Life's all about having an anchor somewhere.
2828,0,2,36,38,1.0526315789473684,0.0367097806559429,571,"I couldn't wait to share this bright, mellow and nuanced single-origin coffee me and my mateys found in Sumatra."
2828,0,2,36,38,1.0526315789473684,0.0367097806559429,571,When is someone gonna tell him the mermaid's only on our logo?
2828,0,2,36,38,1.0526315789473684,0.0367097806559429,571,There's always a wait here.
2828,0,2,36,38,1.0526315789473684,0.0367097806559429,571,I'll move it when you put rum in my coffee!
2828,0,2,36,38,1.0526315789473684,0.0367097806559429,571,"Before me, it was highway robbery ... what's the damn difference?"
2828,0,2,36,38,1.0526315789473684,0.0367097806559429,571,And a pan for my Peter!
2828,0,2,36,38,1.0526315789473684,0.0367097806559429,571,They went a little overboard on the nautical theming.
2828,0,2,36,38,1.0526315789473684,0.0367097806559429,571,My anchor's away when I'm aweigh!
2828,0,2,36,38,1.0526315789473684,0.0367097806559429,571,"Tell 'em, we just found the one that got away!"
2828,0,2,36,38,1.0526315789473684,0.0367097806559429,571,Arr ye be wantin' cream and sugar with that?
2828,0,2,36,38,1.0526315789473684,0.0367097806559429,571,That's not what I meant when I said he could work from home.
2828,0,2,36,38,1.0526315789473684,0.0367097806559429,571,"Well, we ARE the anchor store in this here mall!"
2828,0,2,36,38,1.0526315789473684,0.0367097806559429,571,"Damn it, Popeye!"
2828,0,2,36,38,1.0526315789473684,0.0367097806559429,571,Looks like he's in the weeds and needs a hand
2828,0,2,36,38,1.0526315789473684,0.0367097806559429,571,How many times do I have to tell yeh - it's the Barista Formerly Known As Cap'n Hook!
2828,0,2,36,38,1.0526315789473684,0.0367097806559429,571,(“I wonder about the rumor. They say he cut off his right hand in order to get the right décor.”)
2828,0,2,36,38,1.0526315789473684,0.0367097806559429,571,It's my service assistance therapy anchor.
2828,0,2,36,38,1.0526315789473684,0.0367097806559429,571,Thar's only one thing we leave room for here scalliwags!
2828,0,2,36,38,1.0526315789473684,0.0367097806559429,571,What'd you expect? I'm Starbuck!
2828,0,2,36,38,1.0526315789473684,0.0367097806559429,571,What didja expect at Starrrbuck's?
2828,0,2,36,38,1.0526315789473684,0.0367097806559429,571,"If ye don't like the decor, mateys, there's a Starrr-bucks down the street."
2828,0,2,36,38,1.0526315789473684,0.0367097806559429,571,Stuck between debt and employment.
2828,0,2,36,38,1.0526315789473684,0.0367097806559429,571,"Damn cash register, stuck again! Oh, and has anyone seen my lucky anchor?"
2828,0,2,36,38,1.0526315789473684,0.0367097806559429,571,Who ordered the venti soy mocha with extra iron? It's getting cold and dry.
2828,0,2,36,38,1.0526315789473684,0.0367097806559429,571,It keeps us anchored.
2828,0,2,36,38,1.0526315789473684,0.0367097806559429,571,"They love my coffee shop hook, line, and sinker"
2828,0,2,36,38,1.0526315789473684,0.0367097806559429,571,Just waiting on the OSHAn.
2828,0,2,36,38,1.0526315789473684,0.0367097806559429,571,"Bigger than the Golden Arches , ""Star-buccaneers"" she'll be!"
2828,0,2,36,38,1.0526315789473684,0.0367097806559429,571,Sorry I'm late. My Schwinn is in the shop and my wife needed the Prius.
2828,1,0,37,38,1.0526315789473684,0.0526315789473684,571,"You know, I've felt lost at sea sea ever since I graduated from art school"
2828,0,2,36,38,1.0526315789473684,0.0367097806559429,571,They need aweigh to improve efficiency around here.
2828,0,2,36,38,1.0526315789473684,0.0367097806559429,571,It's a bit too salty for me.
2828,0,2,36,38,1.0526315789473684,0.0367097806559429,571,Getting this drink is very physical demanding!
2828,0,2,36,38,1.0526315789473684,0.0367097806559429,571,"The anchor is here for repair work folks, the rum stayed on the ship! Just coffee..."
2828,0,2,36,38,1.0526315789473684,0.0367097806559429,571,I personally love Martha but no more blimey Decor ideas!
2828,0,2,36,38,1.0526315789473684,0.0367097806559429,571,That be your mooring coffee
2828,0,2,36,38,1.0526315789473684,0.0367097806559429,571,Now we're their new anchor store
2828,0,2,36,38,1.0526315789473684,0.0367097806559429,571,Why won't this anchor pull his weight around here?
2828,0,2,36,38,1.0526315789473684,0.0367097806559429,571,Quit griping. It improves the ambience.
2828,0,2,36,38,1.0526315789473684,0.0367097806559429,571,This new register is NOT hook friendly.
2828,0,2,36,38,1.0526315789473684,0.0367097806559429,571,"They can't claim trademark infringement if it's called ""Starbuccaneers""."
2828,0,2,36,38,1.0526315789473684,0.0367097806559429,571,And I dare you to find a brew with a richer aroma than Davy Jones's coffee!
2828,0,2,36,38,1.0526315789473684,0.0367097806559429,571,"Anchor in your way, M'lad?"
2828,0,2,36,38,1.0526315789473684,0.0367097806559429,571,I should have gotten a dog.
2828,0,2,36,38,1.0526315789473684,0.0367097806559429,571,The aesthetic is so authentic.
2828,1,0,37,38,1.0526315789473684,0.0526315789473684,571,"This could be a Black Peet's coffee shop, but it might be a Starboards...."
2828,0,2,36,38,1.0526315789473684,0.0367097806559429,571,"I suppose that will somehow be cleaned, filleted, dusted in flower before being dipped in batter, deep fried and appear on tomorrow's menu as part of the fisherman's basket. To be served with tartare sauce, a side of chips and a garden salad..."
2828,0,2,36,38,1.0526315789473684,0.0367097806559429,571,What do think keeps this place from drifting away?
2828,0,2,36,38,1.0526315789473684,0.0367097806559429,571,"It's fair trade, I swear!"
2828,1,0,37,38,1.0526315789473684,0.0526315789473684,571,Poseidon's bad hangover
2828,0,2,36,38,1.0526315789473684,0.0367097806559429,571,I think my coffee is all rum.
2828,0,2,36,38,1.0526315789473684,0.0367097806559429,571,The original Starbuck's. ARRR!
2828,0,2,36,38,1.0526315789473684,0.0367097806559429,571,What was I thinking? He insists on getting to the bottom of every cup.
2828,0,2,36,38,1.0526315789473684,0.0367097806559429,571,"What you looking at matey? It's not the first dollar bill I earned from this place, but it's from the first boat I ever pirated that allowed me to start this place."
2828,0,2,36,38,1.0526315789473684,0.0367097806559429,571,Apparently mache caused it easier for the ship to set sail.
2828,0,2,36,38,1.0526315789473684,0.0367097806559429,571,"The pirate gig is his past; for the barrista gig, he needed an anchor to stay aground in coffee."
2828,0,2,36,38,1.0526315789473684,0.0367097806559429,571,"The neighborhood agrees, Cpt.-Cino's coffee shop is terrible. Loose ship, syncs lips."
2828,0,2,36,38,1.0526315789473684,0.0367097806559429,571,Have we finally reached Anchorage?
2828,0,2,36,38,1.0526315789473684,0.0367097806559429,571,Would you like something stronger?
2828,0,2,36,38,1.0526315789473684,0.0367097806559429,571,"I hope you're happy. It took a long time to get this here on the ""Aargh Mobile."""
2828,0,2,36,38,1.0526315789473684,0.0367097806559429,571,They've carried this brand authenticity thing too far.
2828,0,2,36,38,1.0526315789473684,0.0367097806559429,571,"I didn't think it was funny when they put it in, I don't think it's funny now, and I don't think it will ever be funny... So, the guy with the dumb hook...what makes him think he's funny?"
2828,1,0,37,38,1.0526315789473684,0.0526315789473684,571,"Yeah, the marauders took everything but the U-lock."
2828,0,2,36,38,1.0526315789473684,0.0367097806559429,571,Wait--the Frappy Hour themes aren't mandatory?
2828,0,2,36,38,1.0526315789473684,0.0367097806559429,571,"No, no that's coffee on the tips. The boy is clumsy."
2828,0,2,36,38,1.0526315789473684,0.0367097806559429,571,"The pillage-and-plunder industry's gone digital, so it's a barista's life for me."
2828,0,2,36,38,1.0526315789473684,0.0367097806559429,571,"It's from the Pequod, of course."
2828,0,2,36,38,1.0526315789473684,0.0367097806559429,571,The anchor doesn't fall far from the tree.
2828,0,2,36,38,1.0526315789473684,0.0367097806559429,571,"Ahoy, mates, welcome to the Paristas of the Coffebbean."
2828,0,2,36,38,1.0526315789473684,0.0367097806559429,571,"That'll be strong enough for 'em now, matey! Serve it with a fork and they'll be hooked for life. And no stinkin' latte, laddie with my brew or you'll all be drawn and quartered."
2828,0,2,36,38,1.0526315789473684,0.0367097806559429,571,It's a knick-knack from my old life. Just swim around it.
2828,0,2,36,38,1.0526315789473684,0.0367097806559429,571,"""Aye, this here is the anchor from the very first ship I looted . It's cargo brought me enough coin to buy this diner and hire a crew of shorthand cooks, no pun intended. loot to buy this diner & a crew"
2828,0,2,36,38,1.0526315789473684,0.0367097806559429,571,"It's called advertising, and Yes, you are still First Mate!"
2828,0,2,36,38,1.0526315789473684,0.0367097806559429,571,Arrr special today is fresh hooked  Arrr-tic Salmon
2828,0,2,36,38,1.0526315789473684,0.0367097806559429,571,"Aye, what joker's using the name 'Moby' again?"
2828,0,2,36,38,1.0526315789473684,0.0367097806559429,571,"Arrgh, it's supposed to add ""atmosphere""."
2828,0,2,36,38,1.0526315789473684,0.0367097806559429,571,He's very sensitive. Be careful how you order your artisanal coffee.
2828,0,2,36,38,1.0526315789473684,0.0367097806559429,571,And don't ask why is the cream gone!
2828,0,2,36,38,1.0526315789473684,0.0367097806559429,571,Yarbucks: one. Autocorrect: zero.
2828,0,2,36,38,1.0526315789473684,0.0367097806559429,571,Hey
2828,1,0,37,38,1.0526315789473684,0.0526315789473684,571,This pirate themed coffee shop is really committing.
2828,0,2,36,38,1.0526315789473684,0.0367097806559429,571,They wanted bold and well rounded...
2828,1,0,37,38,1.0526315789473684,0.0526315789473684,571,Harvey? 'Half-Caff Titanic Latte' for Harvey?
2828,0,2,36,38,1.0526315789473684,0.0367097806559429,571,I never said anything about free trade!
2828,0,2,36,38,1.0526315789473684,0.0367097806559429,571,"The morning rush is almost over. The anchor is holding steady, mateys."
2828,0,2,36,38,1.0526315789473684,0.0367097806559429,571,"Arr, ye squiffy dogs, it not be fittin' in yer wee scurvy lockers."
2828,0,2,36,38,1.0526315789473684,0.0367097806559429,571,The new merger has no synergy.
2828,0,2,36,38,1.0526315789473684,0.0367097806559429,571,That's one way to prevent Starbucks from taking over.
2828,0,2,36,38,1.0526315789473684,0.0367097806559429,571,"No, I'm not givin' up on that hope thing."
2828,0,2,36,38,1.0526315789473684,0.0367097806559429,571,My therapist said that getting a real job would help with my anchor management issues.
2828,0,2,36,38,1.0526315789473684,0.0367097806559429,571,"Well, it beats HIS mermaid."
2828,0,2,36,38,1.0526315789473684,0.0367097806559429,571,Let me know if the ambience bothers you.
2828,1,0,37,38,1.0526315789473684,0.0526315789473684,571,"Drop in for fair trade, the scallywag said..."
2828,1,0,37,38,1.0526315789473684,0.0526315789473684,571,"No frappy, no lotty, we sell coffee...and rum!"
2828,0,2,36,38,1.0526315789473684,0.0367097806559429,571,Oh that. Today is the delivery from Anchor Foods in Australia.
2828,0,2,36,38,1.0526315789473684,0.0367097806559429,571,"Shiver me timbers matey! Pour me a triple rum cappuccino, and woe be to you if there's any whipped-cream in it."
2828,0,2,36,38,1.0526315789473684,0.0367097806559429,571,Is the oyster opening job still available?
2828,0,2,36,38,1.0526315789473684,0.0367097806559429,571,Manager Captain Obvious is telling us to lock up tonight
2828,0,2,36,38,1.0526315789473684,0.0367097806559429,571,Owner is a retired pirate working part-time as a barista
2828,0,2,36,38,1.0526315789473684,0.0367097806559429,571,I was good with Starbucks’ “Moby Dick” thing…. but the imitators just take it too far.
2828,0,2,36,38,1.0526315789473684,0.0367097806559429,571,I said I had a huge HANKERIN' for coffee...
2828,0,2,36,38,1.0526315789473684,0.0367097806559429,571,WHAT ARE YOU STARING AT?
2828,0,2,36,38,1.0526315789473684,0.0367097806559429,571,What? It enhances the flavor.
2828,0,2,36,38,1.0526315789473684,0.0367097806559429,571,"Give me a cup of unanchored pirate ship, straight up."
2828,0,2,36,38,1.0526315789473684,0.0367097806559429,571,"Sorry, but Corporate says it’s our month to be the acting anchor diner -- ARRGH!"
2828,0,2,36,38,1.0526315789473684,0.0367097806559429,571,"Sir, aye deflection, mate?! We all know your bacon and eggs went up three cents, trickster."
2828,0,2,36,38,1.0526315789473684,0.0367097806559429,571,"Aye, it be break time."
2828,1,0,37,38,1.0526315789473684,0.0526315789473684,571,His bad decorating sense is exceeded only by his poor right hook!
2828,0,2,36,38,1.0526315789473684,0.0367097806559429,571,"Two Lumps, no cream."
2828,0,2,36,38,1.0526315789473684,0.0367097806559429,571,Of course our coffee is fresh - can't you see it is off the boat?
2828,0,2,36,38,1.0526315789473684,0.0367097806559429,571,Don't like 'er? Aweigh with ye!
2828,0,2,36,38,1.0526315789473684,0.0367097806559429,571,"With global warming, that anchor will be under water sooner than ye think."
2828,0,2,36,38,1.0526315789473684,0.0367097806559429,571,Pirate's Brewty
2828,0,2,36,38,1.0526315789473684,0.0367097806559429,571,"Ye lily-livered bilge swillers are the ones who couldn't live without an espresso maker on board, so don't complain to me."
2828,0,2,36,38,1.0526315789473684,0.0367097806559429,571,Anchor weigh-in me Bucko!
2828,0,2,36,38,1.0526315789473684,0.0367097806559429,571,Thought that I would class up this joint with a little nautical flair.
2828,0,2,36,38,1.0526315789473684,0.0367097806559429,571,That thing belonged to Americano Vespucci.
2828,0,2,36,38,1.0526315789473684,0.0367097806559429,571,Big on the anchor theme then!
2828,0,2,36,38,1.0526315789473684,0.0367097806559429,571,"If you bloody my anchor, I will pee in your coffee."
2828,1,0,37,38,1.0526315789473684,0.0526315789473684,571,"Swill down yer grog landlubbers,this crew's up and weighing anchor."
2828,0,2,36,38,1.0526315789473684,0.0367097806559429,571,Arrrggghhh!... To the matey who'm ordered the Anchor Latte... I'm still looking for a grande cup!
2828,0,2,36,38,1.0526315789473684,0.0367097806559429,571,"Captain's ""pet"" Starbuck did the same thing to an innocent whale years ago. Just sayin."
2828,0,2,36,38,1.0526315789473684,0.0367097806559429,571,"Yes, it was in situations like this that the expression ""anchors away"" came into use."
2828,0,2,36,38,1.0526315789473684,0.0367097806559429,571,The new Captain used to be in the US Navy on Aircraft Carriers.
2828,0,2,36,38,1.0526315789473684,0.0367097806559429,571,Captain Burger just wanted all to know this was his Anchor store...
2828,0,2,36,38,1.0526315789473684,0.0367097806559429,571,I think it's some kind of multi-faith Cross
2828,0,2,36,38,1.0526315789473684,0.0367097806559429,571,Ahoy latte for Amanda.
2828,0,2,36,38,1.0526315789473684,0.0367097806559429,571,"You may be the Baristas, but she's my coanchor."
2828,0,2,36,38,1.0526315789473684,0.0367097806559429,571,"No, Carolyn, he's not just weighing us down when he just stands there."
2828,0,2,36,38,1.0526315789473684,0.0367097806559429,571,Drink up me hearties yoho …a pirates life for me!
2828,0,2,36,38,1.0526315789473684,0.0367097806559429,571,"Arrgh! What a catch, mateys! We'll be servin' blubber burgers til the end o' the year!"
2828,0,2,36,38,1.0526315789473684,0.0367097806559429,571,I'll let you know when to drop the hook.
2828,0,2,36,38,1.0526315789473684,0.0367097806559429,571,"Cup o' joe and a sinker, table five"
2828,0,2,36,38,1.0526315789473684,0.0367097806559429,571,"Davy Jones Latte, or Arrrtisinal Blend?"
2828,0,2,36,38,1.0526315789473684,0.0367097806559429,571,"Just don't forget the lemon peels, ya scurvy knaves."
2828,0,2,36,38,1.0526315789473684,0.0367097806559429,571,Anchor Steam! Now!!
2828,0,2,36,38,1.0526315789473684,0.0367097806559429,571,We got a special on seafood poor boys until 2025.
2828,0,2,36,38,1.0526315789473684,0.0367097806559429,571,"Me ship may have sailed, matey, but me temper's goin' to flare if ye don't hurry it up with th' great, grand mocha latte."
2828,0,2,36,38,1.0526315789473684,0.0367097806559429,571,"If this is their idea for a new marketing strategy to increase coffee sales, I'll just stick to cold brew, thank you very much."
2828,0,2,36,38,1.0526315789473684,0.0367097806559429,571,Double up the sea froth on that next cappuccino.
2828,0,2,36,38,1.0526315789473684,0.0367097806559429,571,I'm the anchorman now! Let's get this place shipshape.
2828,0,2,36,38,1.0526315789473684,0.0367097806559429,571,Have you hear how awful storage space rates Arrr?
2828,0,2,36,38,1.0526315789473684,0.0367097806559429,571,Lets see that get take away.
2828,0,2,36,38,1.0526315789473684,0.0367097806559429,571,"Better than the daily grind, worse than the old ball and chain."
2828,1,0,37,38,1.0526315789473684,0.0526315789473684,571,"Coffee, black, steel cup."
2828,0,2,36,38,1.0526315789473684,0.0367097806559429,571,Which hook are you referring to?
2828,0,2,36,38,1.0526315789473684,0.0367097806559429,571,"Bottoms up, anchors down"
2828,0,2,36,38,1.0526315789473684,0.0367097806559429,571,Just waiting for my ship to come in.
2828,0,2,36,38,1.0526315789473684,0.0367097806559429,571,"The white whale metaphysical latte with or without tines, goddamnit?"
2828,0,2,36,38,1.0526315789473684,0.0367097806559429,571,"We'll add it to the coffee, it's a great source of iron"
2828,0,2,36,38,1.0526315789473684,0.0367097806559429,571,Admire ye my anchor? Nay! admire ye the glorious tuna melt lunch special says I.
2828,0,2,36,38,1.0526315789473684,0.0367097806559429,571,Curse thee continual yammerings wench! Yon be the only relic of me bygone days of glory aboard the illustrious Queen Anne's Revenge!
2828,0,2,36,38,1.0526315789473684,0.0367097806559429,571,I should've known there would be no career prospects with my A.R.R degree...
2828,0,2,36,38,1.0526315789473684,0.0367097806559429,571,Captainseano's: ambiance over everything.
2828,0,2,36,38,1.0526315789473684,0.0367097806559429,571,"Management is not clear on the concept of ""anchor store"""
2828,0,2,36,38,1.0526315789473684,0.0367097806559429,571,"Nitrogen narcosis, is the only thing served here, you swabs!"
2828,0,2,36,38,1.0526315789473684,0.0367097806559429,571,"What do you think ""DROP ANCHOR"" meant? '"
2828,0,2,36,38,1.0526315789473684,0.0367097806559429,571,The food's OK but the décor sucks.
2828,0,2,36,38,1.0526315789473684,0.0367097806559429,571,It must have been one heck of a big fish he caught with that thing.
2828,0,2,36,38,1.0526315789473684,0.0367097806559429,571,this one didn't get away.
2828,0,2,36,38,1.0526315789473684,0.0367097806559429,571,"Best keep your heads, lads. Beneath the rich, briny aroma of dark roast coffee and freshly foamed lattes, I smell mutiny brewing."
2828,0,2,36,38,1.0526315789473684,0.0367097806559429,571,The mermaids sold him out for sea-star bucks.
2828,0,2,36,38,1.0526315789473684,0.0367097806559429,571,We like to keep an authentic touch
2828,0,2,36,38,1.0526315789473684,0.0367097806559429,571,"Please pardon the mess, we have a white whale in the stock room...arrr!"
2828,0,2,36,38,1.0526315789473684,0.0367097806559429,571,The Amsterdam coffeeshop experience: Magnifying Grass
2828,0,2,36,38,1.0526315789473684,0.0367097806559429,571,Today's special: Coffee with Rum.
2828,0,2,36,38,1.0526315789473684,0.0367097806559429,571,"Starbuck and I sailed on the Pequod, he's the one that suggested coffee and maritime salvage."
2828,0,2,36,38,1.0526315789473684,0.0367097806559429,571,Take that anchor aweigh!
2828,0,2,36,38,1.0526315789473684,0.0367097806559429,571,"The Anchor calls for Seafood, hook it Mr Hook!"
2828,0,2,36,38,1.0526315789473684,0.0367097806559429,571,"Anchor's dropped! Arg, lattes half price."
2828,0,2,36,38,1.0526315789473684,0.0367097806559429,571,"Oh, like you never caught tail on the job."
2828,0,2,36,38,1.0526315789473684,0.0367097806559429,571,From now until closing every muffin comes with a free cup of fish flavored coffee!
2828,0,2,36,38,1.0526315789473684,0.0367097806559429,571,"Argh, me ship has sailed."
2828,0,2,36,38,1.0526315789473684,0.0367097806559429,571,Damned anchor keeps holding me down.
2828,0,2,36,38,1.0526315789473684,0.0367097806559429,571,We find it really ties the decor together and anchors the room exquisitely.
2828,0,2,36,38,1.0526315789473684,0.0367097806559429,571,"""I said 'away,' not 'aweigh""!"
2828,0,2,36,38,1.0526315789473684,0.0367097806559429,571,"Recall. Double tall SANKA, she said"
2828,0,2,36,38,1.0526315789473684,0.0367097806559429,571,If Cheryl can bring her dog to work then I can bring my anchor.
2828,0,2,36,38,1.0526315789473684,0.0367097806559429,571,All meals cost an extra $5.00 for ambience.
2828,0,2,36,38,1.0526315789473684,0.0367097806559429,571,"Aye aye, Mates. I've got a cappuccino 10 paces aft."
2828,0,2,36,38,1.0526315789473684,0.0367097806559429,571,Arrrggh! Meet our new manager...he comes from aweigh!
2828,0,2,36,38,1.0526315789473684,0.0367097806559429,571,Receive a free espresso if you chain me to it before ICE arrives.
2828,0,2,36,38,1.0526315789473684,0.0367097806559429,571,"Ever since Captain Graybeard's anchor was stolen, he takes his new one everywhere so he can keep his one eye on it."
2828,0,2,36,38,1.0526315789473684,0.0367097806559429,571,"Yo swabbies, one six fathom Latte to go."
2828,0,2,36,38,1.0526315789473684,0.0367097806559429,571,"Caption this, Captain!"
2828,0,2,36,38,1.0526315789473684,0.0367097806559429,571,"He said it was an insult, just add a 'W'?"
2828,0,2,36,38,1.0526315789473684,0.0367097806559429,571,Bad form.
2828,0,2,36,38,1.0526315789473684,0.0367097806559429,571,I think I'll go with the deep fried parrot.
2828,0,2,36,38,1.0526315789473684,0.0367097806559429,571,"Kyle, would you please take that ANCHORS AWAY!!!"
2828,0,2,36,38,1.0526315789473684,0.0367097806559429,571,I'll repark it on my break.
2828,0,2,36,38,1.0526315789473684,0.0367097806559429,571,"Avast there, where is my cappuccino!"
2828,0,2,36,38,1.0526315789473684,0.0367097806559429,571,Don't take my anchors away!
2828,0,2,36,38,1.0526315789473684,0.0367097806559429,571,"I have my cross to bear, too."
2828,0,2,36,38,1.0526315789473684,0.0367097806559429,571,"I just had an ""anchoring"" for a coffee. Why?"
2828,0,2,36,38,1.0526315789473684,0.0367097806559429,571,You're gonna need a bigger Hook.
2828,0,2,36,38,1.0526315789473684,0.0367097806559429,571,Welcome to Scully's Java & Moor.
2828,0,2,36,38,1.0526315789473684,0.0367097806559429,571,even starbucks needs a hook
2828,0,2,36,38,1.0526315789473684,0.0367097806559429,571,"ME! *I* invented ""Bring Your Anchor to Work Day!"""
2828,0,2,36,38,1.0526315789473684,0.0367097806559429,571,We're running out of seaweed
2828,0,2,36,38,1.0526315789473684,0.0367097806559429,571,Arrrgh. I've got anchor issues.
2828,0,2,36,38,1.0526315789473684,0.0367097806559429,571,"Welcome to Blythe's, home of the world's largest vintage anchor. Your fish sticks will be $37."
2828,0,2,36,38,1.0526315789473684,0.0367097806559429,571,It used to be a printer.
2828,0,2,36,38,1.0526315789473684,0.0367097806559429,571,Maybe you should go over there and give that guy a hand honey.
2828,0,2,36,38,1.0526315789473684,0.0367097806559429,571,"Ironically, we dont serve Anchor Steamers here."
2828,0,2,36,38,1.0526315789473684,0.0367097806559429,571,"Service from an authentic sea-salt, at the Anchors -a Whey coffee shop."
2828,0,2,36,38,1.0526315789473684,0.0367097806559429,571,Tall darrrrk.
2828,0,2,36,38,1.0526315789473684,0.0367097806559429,571,"I told you, he used to work as anchor."
2828,0,2,36,38,1.0526315789473684,0.0367097806559429,571,"Me ship's in fer repairs until tamaree. They be checkin' the parkin' brake, I tell ye."
2828,0,2,36,38,1.0526315789473684,0.0367097806559429,571,OK.. Whose turn is it to drop anchor ?
2828,0,2,36,38,1.0526315789473684,0.0367097806559429,571,What's holding you back from orderin'?
2828,0,2,36,38,1.0526315789473684,0.0367097806559429,571,"I've heard of ruling with an iron first, but this?"
2828,0,2,36,38,1.0526315789473684,0.0367097806559429,571,"Aye, did I remember to feed me parrot 'afore I left the ship?"
2828,1,0,37,38,1.0526315789473684,0.0526315789473684,571,"That's the last time I tell Captain Bligh, yo ho ho and a cup of Joe."
2828,0,2,36,38,1.0526315789473684,0.0367097806559429,571,"Choose your own fish from the tank out the back,take the hook."
2828,0,2,36,38,1.0526315789473684,0.0367097806559429,571,"Arghh, it's my anchor for mindfulness."
2828,0,2,36,38,1.0526315789473684,0.0367097806559429,571,Who said our buffalo wings were no good at my Anchor Bar?
2828,0,2,36,38,1.0526315789473684,0.0367097806559429,571,"Yarrr! She's a drag, but I'm hooked"
2828,0,2,36,38,1.0526315789473684,0.0367097806559429,571,A symbol of my train.so A small symbol of my transition from the ship to the sip.
2828,0,2,36,38,1.0526315789473684,0.0367097806559429,571,I wanted to get my brakes looked at.
2828,0,2,36,38,1.0526315789473684,0.0367097806559429,571,I'm guessing you want yours to stay?
2828,0,2,36,38,1.0526315789473684,0.0367097806559429,571,I'm not jealous. Not gonna bite.
2828,0,2,36,38,1.0526315789473684,0.0367097806559429,571,Your Mother was right... this is a great Anchor store for the Mall.
2828,0,2,36,38,1.0526315789473684,0.0367097806559429,571,"Have you never seen an anchor, you flat-white landlubbers?"
2828,0,2,36,38,1.0526315789473684,0.0367097806559429,571,"The liberal cafe used an intrusive analogical juxtaposition, coupled with rhyming slang, to remind patrons about The Donald."
2828,0,2,36,38,1.0526315789473684,0.0367097806559429,571,"At some point, a man has to settle down and scratch out a wee living in the gig economy."
2828,0,2,36,38,1.0526315789473684,0.0367097806559429,571,This is MY coffee and I'll drop my anchor wherever I damn please!
2828,0,2,36,38,1.0526315789473684,0.0367097806559429,571,"I heard they got a sea, lowest restaurant grade possible I think."
2828,0,2,36,38,1.0526315789473684,0.0367097806559429,571,"High inflation or not, I still handle the cash."
2828,0,2,36,38,1.0526315789473684,0.0367097806559429,571,"Aye, it looks like were grounded again!"
2828,0,2,36,38,1.0526315789473684,0.0367097806559429,571,"Didn't want them to steal me anchor, but arr, just realized, the ship be sailing away now."
2828,0,2,36,38,1.0526315789473684,0.0367097806559429,571,"Sorry, I meant anchor’s aweigh not in the way."
2828,0,2,36,38,1.0526315789473684,0.0367097806559429,571,"Wanna talk about too much caffeine? I'll tell ya about too much caffeine."""
2828,0,2,36,38,1.0526315789473684,0.0367097806559429,571,Arrrrr!! mates as you can see I am here to stay . how much for the grog.? !!
2828,1,0,37,38,1.0526315789473684,0.0526315789473684,571,"The venture capitalists demanded an ocean motif in all my coffee houses, so get used to it, matey."
2828,0,2,36,38,1.0526315789473684,0.0367097806559429,571,"It's the new Anchor Steam Beer, mates"
2828,0,2,36,38,1.0526315789473684,0.0367097806559429,571,What'll it be? One hook or two?
2828,0,2,36,38,1.0526315789473684,0.0367097806559429,571,"Midlife crisis, career change, I'm sure he's anchored here for good."
2828,0,2,36,38,1.0526315789473684,0.0367097806559429,571,The sea just keeps getting rougher. Looks like we'll need a bigger anchor.
2828,0,2,36,38,1.0526315789473684,0.0367097806559429,571,"Arright, which one a ye scurvy dogs ordered the sea salt macchiato?"
2828,0,2,36,38,1.0526315789473684,0.0367097806559429,571,"What are you looking at, you lily-livered landlubbers? Yarr!"
2828,1,0,37,38,1.0526315789473684,0.0526315789473684,571,"Lovely Sanka is what I was thinking, folks."
2828,0,2,36,38,1.0526315789473684,0.0367097806559429,571,Anchoring is a routine job.
2828,0,2,36,38,1.0526315789473684,0.0367097806559429,571,Arrrggh! I told that blasted parrot never in the dining room.
2828,0,2,36,38,1.0526315789473684,0.0367097806559429,571,"If ye ain't be buyin' nothin', the key to the head be hangin' on that thar anchor."
2828,0,2,36,38,1.0526315789473684,0.0367097806559429,571,At least they've avoided putting a mermaid on their cups.
2828,0,2,36,38,1.0526315789473684,0.0367097806559429,571,"Milk's cold, mates? They drink to the foam."
2828,1,0,37,38,1.0526315789473684,0.0526315789473684,571,That's the problem with an anchor pirated coffee shop.
2828,0,2,36,38,1.0526315789473684,0.0367097806559429,571,ARGhh? You think we got your Ethiopian drip brew from Trader Joe's?
2828,0,2,36,38,1.0526315789473684,0.0367097806559429,571,We get it OSHA delays rule for employers to improve records of workplace injuries.
2828,0,2,36,38,1.0526315789473684,0.0367097806559429,571,"Arrgh, relax mates, we're all hooked on something--enjoy your coffee!"
2828,0,2,36,38,1.0526315789473684,0.0367097806559429,571,"Yo-ho-ho and a triple, venti, half sweet, non-fat, Caramel Macchiato."
2828,0,2,36,38,1.0526315789473684,0.0367097806559429,571,Only black and strong at Arrbucks.
2828,0,2,36,38,1.0526315789473684,0.0367097806559429,571,He said he never even had one complaint from any of his former customers.
2828,1,0,37,38,1.0526315789473684,0.0526315789473684,571,Ye can't make a livin' plowin' th' ragin' sea in 'tis gig economy!
2828,0,2,36,38,1.0526315789473684,0.0367097806559429,571,My previous career became too much for me to handle.
2828,1,0,37,38,1.0526315789473684,0.0526315789473684,571,Told you this place was a dive!
2828,0,2,36,38,1.0526315789473684,0.0367097806559429,571,Advertise that today's catch of the day is rich in iron.
2828,0,2,36,38,1.0526315789473684,0.0367097806559429,571,I always land on a grande.
2828,0,2,36,38,1.0526315789473684,0.0367097806559429,571,It's my Mister T starter kit.
2828,0,2,36,38,1.0526315789473684,0.0367097806559429,571,I thought we were looking for a new anchor store.
2828,0,2,36,38,1.0526315789473684,0.0367097806559429,571,This might help the business stay afloat.
2828,0,2,36,38,1.0526315789473684,0.0367097806559429,571,"What part of ""anchor away"" was unclear to you?"
2828,0,2,36,38,1.0526315789473684,0.0367097806559429,571,Did you have a different anchor tenant in mind?
2828,0,2,36,38,1.0526315789473684,0.0367097806559429,571,He says it's the siren's fault
2828,0,2,36,38,1.0526315789473684,0.0367097806559429,571,Better be sure it's decaf. I don't want him up all night.
2828,1,0,37,38,1.0526315789473684,0.0526315789473684,571,Mr. Starbuck wants to keep us grounded.
2828,0,2,36,38,1.0526315789473684,0.0367097806559429,571,Never ever touch the anchor!
2828,0,2,36,38,1.0526315789473684,0.0367097806559429,571,"Avast ye landlubbers, t'will be gone by noon ... thar be no craigslist safe-trade-zone for seven leagues"
2828,0,2,36,38,1.0526315789473684,0.0367097806559429,571,"I know it shouts ""authenticity"" but I can't get past the seaweed taste."
2828,0,2,36,38,1.0526315789473684,0.0367097806559429,571,My ayes are up here.
2828,0,2,36,38,1.0526315789473684,0.0367097806559429,571,"(""Ouch! There he goes again."") ""It was a dark and stormy night..."""
2828,0,2,36,38,1.0526315789473684,0.0367097806559429,571,Just dropped in for a cup of jo and two scoops of lard.
2828,1,0,37,38,1.0526315789473684,0.0526315789473684,571,AARRRRRRRR!
2828,0,2,36,38,1.0526315789473684,0.0367097806559429,571,He wants us to believe this is the real Anchor Bar that created Buffalo Wings.
2828,0,2,36,38,1.0526315789473684,0.0367097806559429,571,Whatever sinks your boat.
2828,0,2,36,38,1.0526315789473684,0.0367097806559429,571,Argh! I'm here to make coffee great again.
2828,0,2,36,38,1.0526315789473684,0.0367097806559429,571,Should've known that infernal fish weren't the marrying kind when she begged for my hand.
2828,0,2,36,38,1.0526315789473684,0.0367097806559429,571,It's a gentle reminder that working here will get you nowhere Matey.
2828,0,2,36,38,1.0526315789473684,0.0367097806559429,571,Never try to lay an anchor before your first cup of coffee.
2828,0,2,36,38,1.0526315789473684,0.0367097806559429,571,Powdered sugar on your sinker?
2828,0,2,36,38,1.0526315789473684,0.0367097806559429,571,"Consider this strip mall to have a new anchor tenant, arrrgh."
2828,0,2,36,38,1.0526315789473684,0.0367097806559429,571,He rose the morrow morn; the mariner hath his swill.
2828,0,2,36,38,1.0526315789473684,0.0367097806559429,571,"Well, you don't have valet parking for my anchor"
2828,0,2,36,38,1.0526315789473684,0.0367097806559429,571,"We need to right this ship, mates!"
2828,0,2,36,38,1.0526315789473684,0.0367097806559429,571,Me captain hooked on yee caffeine
2828,0,2,36,38,1.0526315789473684,0.0367097806559429,571,It may not be free trade but it sure is fresh
2828,0,2,36,38,1.0526315789473684,0.0367097806559429,571,"You said, 'super-size me,' that's your stir stick"
2828,0,2,36,38,1.0526315789473684,0.0367097806559429,571,"Welcome to Arrrrbucks, may I take your order?"
2828,0,2,36,38,1.0526315789473684,0.0367097806559429,571,The apron is arggghyle.
2828,0,2,36,38,1.0526315789473684,0.0367097806559429,571,You hear what I say! That anchor's here to stay!
2828,0,2,36,38,1.0526315789473684,0.0367097806559429,571,Whadd'ya mean it's the wrong type of anchor?
2828,0,2,36,38,1.0526315789473684,0.0367097806559429,571,"Anytime the anchor is in, he becomes a part-time barista."
2828,0,2,36,38,1.0526315789473684,0.0367097806559429,571,"First, we price up the espressos, next, the arrrrgvacado toast."
2828,0,2,36,38,1.0526315789473684,0.0367097806559429,571,We think this might be the first Grog café in Brooklyn.
2828,0,2,36,38,1.0526315789473684,0.0367097806559429,571,It's the new logo. Get used to it!
2828,0,2,36,38,1.0526315789473684,0.0367097806559429,571,The grounded theme keeps that flying green boy away.
2828,0,2,36,38,1.0526315789473684,0.0367097806559429,571,"Business is bad. I said we should have named the coffee bar after you, Ahab."
2828,0,2,36,38,1.0526315789473684,0.0367097806559429,571,The diner's new decor hasn't quite sunk in yet with the customers.
2828,0,2,36,38,1.0526315789473684,0.0367097806559429,571,Billy! We're runnin' out of the bloody kelp! Get me another anchor!
2828,0,2,36,38,1.0526315789473684,0.0367097806559429,571,Coffee holds you down
2828,0,2,36,38,1.0526315789473684,0.0367097806559429,571,There she onced BLOWED....
2828,0,2,36,38,1.0526315789473684,0.0367097806559429,571,Arrr! My night gig is commanding ships for Uber.
2828,0,2,36,38,1.0526315789473684,0.0367097806559429,571,Do you think he is being ironic with the decor?
2828,0,2,36,38,1.0526315789473684,0.0367097806559429,571,I need quick service!!! My ship is off anchor.
2828,0,2,36,38,1.0526315789473684,0.0367097806559429,571,"I told you that you should wear the turd tweed suit, not the bird seed suit."
2828,0,2,36,38,1.0526315789473684,0.0367097806559429,571,Sea foam is the new unicorn.
2828,0,2,36,38,1.0526315789473684,0.0367097806559429,571,It comes with the Green Tea Frappuccino.
2828,0,2,36,38,1.0526315789473684,0.0367097806559429,571,"It's true it takes up a lot of room, but it keeps me grounded."
2828,0,2,36,38,1.0526315789473684,0.0367097806559429,571,Capt. Starbucks launching his chain of coffee shops.
2828,0,2,36,38,1.0526315789473684,0.0367097806559429,571,"Ok, I get the message. We'll sell Sanka."
2828,0,2,36,38,1.0526315789473684,0.0367097806559429,571,Sanka? What's Sanka?
2828,0,2,36,38,1.0526315789473684,0.0367097806559429,571,Herman! There is algae in your anchor again.
2828,0,2,36,38,1.0526315789473684,0.0367097806559429,571,"No vitamins, just iron."
2828,0,2,36,38,1.0526315789473684,0.0367097806559429,571,"It ain't like we're 'deep thinkers', ya know...."
2828,0,2,36,38,1.0526315789473684,0.0367097806559429,571,Does coffee really taste any better when it comes out of one of those new fangled contraptions?
2828,0,2,36,38,1.0526315789473684,0.0367097806559429,571,"Heerrrreee I am, and heerrree I'll stay......Let 'em rowwww!!!!"
2828,0,2,36,38,1.0526315789473684,0.0367097806559429,571,"Nothing to look at here, missy, We all know how difficult the parking be in this patch."
2828,0,2,36,38,1.0526315789473684,0.0367097806559429,571,A piece of gold gets you a cup of Joe. A piece of plastic gets you Davy Jones' Locker.
2828,1,0,37,38,1.0526315789473684,0.0526315789473684,571,I JUST SAW TRUMP GOING INTO A DIFFRENT COFFEE SHOP NOW !
2828,0,2,36,38,1.0526315789473684,0.0367097806559429,571,"After his prosthesis arrived, Cap'n re-branded Stumptown Coffee Roasters as Hooked on Coffee. And with this innovation, we lost another giant bloody stump to 'progress'."
2828,0,2,36,38,1.0526315789473684,0.0367097806559429,571,"Blimey, mates--we just won the Free-Cruise Raffle."
2828,0,2,36,38,1.0526315789473684,0.0367097806559429,571,I like to remember that I wasn't always a great SoHo barista.
2828,0,2,36,38,1.0526315789473684,0.0367097806559429,571,"No debit cards or Apple pay here, only gold coins accepted!"
2828,0,2,36,38,1.0526315789473684,0.0367097806559429,571,there is no refill here in my anchor shop.
2828,0,2,36,38,1.0526315789473684,0.0367097806559429,571,I like to remind 'em that they're hooked.
2828,0,2,36,38,1.0526315789473684,0.0367097806559429,571,Watcha staring at? It's the catch of the day you scurvy dogs!
2828,0,2,36,38,1.0526315789473684,0.0367097806559429,571,Stop calling it my anchor baby!
2828,0,2,36,38,1.0526315789473684,0.0367097806559429,571,When I retired I was hoping for a gold watch from the crew.
2828,0,2,36,38,1.0526315789473684,0.0367097806559429,571,And forget your venti; from now on it's a black jack.
2828,0,2,36,38,1.0526315789473684,0.0367097806559429,571,"Not anchors aweigh! "" I said, ""Get this anchor out of my way!"""
2828,0,2,36,38,1.0526315789473684,0.0367097806559429,571,"Arghhhh... I've told ye, I'm Captain Hook, not Captain Cook."
2828,0,2,36,38,1.0526315789473684,0.0367097806559429,571,He's been like this ever since Pittsburg lost the Series.
2828,0,2,36,38,1.0526315789473684,0.0367097806559429,571,Why the anchory looks?
2828,0,2,36,38,1.0526315789473684,0.0367097806559429,571,Attention diners. We are all the catch of the day!
2828,1,0,37,38,1.0526315789473684,0.0526315789473684,571,No more back talk you scallywag or I'll put in a cappuccino maker instead.
2828,0,2,36,38,1.0526315789473684,0.0367097806559429,571,Don't order the catch of the day.
2828,1,0,37,38,1.0526315789473684,0.0526315789473684,571,"Oh, ship! I almost spilled my coffee."
2828,0,2,36,38,1.0526315789473684,0.0367097806559429,571,"Ahoy, it adds to the Feng shui of the place."
2828,0,2,36,38,1.0526315789473684,0.0367097806559429,571,"My apologies for the incovience mates, I just feel adrift without her."
2828,0,2,36,38,1.0526315789473684,0.0367097806559429,571,It's for my side-hustle
2828,0,2,36,38,1.0526315789473684,0.0367097806559429,571,There be chain saloons aplenty. I be wantin an anchor saloon.
2828,0,2,36,38,1.0526315789473684,0.0367097806559429,571,The designer of this cafe's decor did not read the Anchor's Away sign out front
2828,0,2,36,38,1.0526315789473684,0.0367097806559429,571,"I had the chain there first, but this fits better with our image of being an independent shop."
2828,0,2,36,38,1.0526315789473684,0.0367097806559429,571,"Matey, a storm is a-brewin'."
2828,0,2,36,38,1.0526315789473684,0.0367097806559429,571,YO-HO-HO...here's ye cup o' joe!
2828,0,2,36,38,1.0526315789473684,0.0367097806559429,571,It was a life changing adventure vacation mateys. So yo ha ha and a skinny double latte cappuccino !
2828,1,0,37,38,1.0526315789473684,0.0526315789473684,571,"For the last time, it's an emotional support anchor."
2828,0,2,36,38,1.0526315789473684,0.0367097806559429,571,What's the hold up? Aaaarrrrrrr you getting me that triple shot cappuccino with almond milk?
2828,0,2,36,38,1.0526315789473684,0.0367097806559429,571,He sold the boat but kept that??
2828,0,2,36,38,1.0526315789473684,0.0367097806559429,571,Consider yourself warned.
2828,0,2,36,38,1.0526315789473684,0.0367097806559429,571,Captain: More fish in the percolator!
2828,0,2,36,38,1.0526315789473684,0.0367097806559429,571,What fresh hell is this?!
2828,0,2,36,38,1.0526315789473684,0.0367097806559429,571,Gimme sommin wid a firm ground to keep me from feelin adrift.
2828,0,2,36,38,1.0526315789473684,0.0367097806559429,571,My cappuccinos have been flukey since the takeover.
2828,0,2,36,38,1.0526315789473684,0.0367097806559429,571,A model ship would have sufficed!
2828,1,0,37,38,1.0526315789473684,0.0526315789473684,571,Smee works the night shift and we don't serve minors here!
2828,0,2,36,38,1.0526315789473684,0.0367097806559429,571,I keep telling management that we need employee lockers.
2828,1,0,37,38,1.0526315789473684,0.0526315789473684,571,"Alright you guys, its time to tell the owner that Corky's ""emotional support anchor"" is literally an ANCHOR..."
2828,0,2,36,38,1.0526315789473684,0.0367097806559429,571,I couldn't afford the mermaid.
2828,0,2,36,38,1.0526315789473684,0.0367097806559429,571,I gave up on the sea cause I'm stuck on the beans
2828,0,2,36,38,1.0526315789473684,0.0367097806559429,571,That'll show those so-called 'nomadic' freelancers.
2828,0,2,36,38,1.0526315789473684,0.0367097806559429,571,"The wackier the gimmick, the more they'll pay."
2828,0,2,36,38,1.0526315789473684,0.0367097806559429,571,I guess I was always sentimental.
2828,0,2,36,38,1.0526315789473684,0.0367097806559429,571,Apparently he used to be the Assistant Manager at Red Lobster...
2828,0,2,36,38,1.0526315789473684,0.0367097806559429,571,His crew wanted his new business to have something on display from his last business.
2828,0,2,36,38,1.0526315789473684,0.0367097806559429,571,Cool it. There was no place to park it outside!
2828,0,2,36,38,1.0526315789473684,0.0367097806559429,571,Ya' thinks I don't know we be outta muffins?
2828,0,2,36,38,1.0526315789473684,0.0367097806559429,571,"Ay, this Barista's anchored down for the long haul!"
2828,0,2,36,38,1.0526315789473684,0.0367097806559429,571,"Damn it Captain Hardy, how many times must I tell you no parking your ship in the parking lot!"
2828,0,2,36,38,1.0526315789473684,0.0367097806559429,571,"Drop anchor mates, and try our Ho Ho Ho Latte, where we replace the milk with rum."
2828,0,2,36,38,1.0526315789473684,0.0367097806559429,571,"Ahoy matey! That'll be a triple expresso, ta shiver yer timbers."
2828,0,2,36,38,1.0526315789473684,0.0367097806559429,571,This be just a summer job.
2828,0,2,36,38,1.0526315789473684,0.0367097806559429,571,Two decaf barnacle lattes to go.
2828,0,2,36,38,1.0526315789473684,0.0367097806559429,571,"I know, I know. It's the anchor in the room!"
2828,0,2,36,38,1.0526315789473684,0.0367097806559429,571,This isn't an anchor baby. Looks more like a fully grown one.
2828,0,2,36,38,1.0526315789473684,0.0367097806559429,571,I'm so glad we finally have a specialty coffee shop in our town.
2828,0,2,36,38,1.0526315789473684,0.0367097806559429,571,It's to remind me that I've hit bottom with this greasy spoon.
2828,0,2,36,38,1.0526315789473684,0.0367097806559429,571,"No need fer alarm, mates, we use the knife sharpener to work those points."
2828,0,2,36,38,1.0526315789473684,0.0367097806559429,571,"Ahoy,the anchor raffle will start in ten minutes."
2828,0,2,36,38,1.0526315789473684,0.0367097806559429,571,The 'catch of the day' was disappointing.
2828,0,2,36,38,1.0526315789473684,0.0367097806559429,571,Decaf over there is a real drag.
2828,0,2,36,38,1.0526315789473684,0.0367097806559429,571,"I need a fresh anchor special on light rye. Run it through the garden, but hold the seaweed."
2828,0,2,36,38,1.0526315789473684,0.0367097806559429,571,We're the anchor tenant.
2828,0,2,36,38,1.0526315789473684,0.0367097806559429,571,Grog. That'll be 2 drachmas.
2828,0,2,36,38,1.0526315789473684,0.0367097806559429,571,"Dammit Jane, you know it doesn't belong there."
2828,0,2,36,38,1.0526315789473684,0.0367097806559429,571,It's just a temporary thing until my ship comes in.
2828,0,2,36,38,1.0526315789473684,0.0367097806559429,571,These are the spoils of Java?!
2828,0,2,36,38,1.0526315789473684,0.0367097806559429,571,"Workplace hookups are bad policy, even for someone as grounded as her."
2828,0,2,36,38,1.0526315789473684,0.0367097806559429,571,The first question on the work application had to do with tattoos.
2828,0,2,36,38,1.0526315789473684,0.0367097806559429,571,this weight is unbearable
2828,0,2,36,38,1.0526315789473684,0.0367097806559429,571,He's just making the point that their pre-order app isn't hook-friendly.
2828,0,2,36,38,1.0526315789473684,0.0367097806559429,571,"Aye, it's my tribute to the great Walter Cronkite."
2828,0,2,36,38,1.0526315789473684,0.0367097806559429,571,That can't be sanitary
2828,0,2,36,38,1.0526315789473684,0.0367097806559429,571,"That's the special version of a personal electronic assistant I ordered, but it's got Captain Ahab's voice, not that darn squeeky Alexa."
2828,0,2,36,38,1.0526315789473684,0.0367097806559429,571,Catch of the day? Don't ask.
2828,1,0,37,38,1.0526315789473684,0.0526315789473684,571,You want smelt or you want TO smelt? We've got options either way.
2828,0,2,36,38,1.0526315789473684,0.0367097806559429,571,Short Plank Latte please
2828,0,2,36,38,1.0526315789473684,0.0367097806559429,571,Do you want hard tack with your latte?
2828,0,2,36,38,1.0526315789473684,0.0367097806559429,571,They tried to get a news anchor to come in...it didn't work out.
2828,0,2,36,38,1.0526315789473684,0.0367097806559429,571,"Anchors aweigh, please! The staff seems to be all at sea..."
2828,1,0,37,38,1.0526315789473684,0.0526315789473684,571,The ship wouldn't fit.
2828,0,2,36,38,1.0526315789473684,0.0367097806559429,571,"Scupper that order! Now she be wantin' the anchor-steam, no-brine, vente latte."
2828,0,2,36,38,1.0526315789473684,0.0367097806559429,571,Arrr...it's the new vinyl
2828,0,2,36,38,1.0526315789473684,0.0367097806559429,571,"He Jolly Roger, buy a U-Lock already"
2828,0,2,36,38,1.0526315789473684,0.0367097806559429,571,"Arr, let ye hipsters ne'r forget that we still be on a bloody pirate ship."
2828,0,2,36,38,1.0526315789473684,0.0367097806559429,571,If you be wanting more foam walk the plank!
2828,0,2,36,38,1.0526315789473684,0.0367097806559429,571,Oh that? We arrrrr anchor tenants here.
2828,0,2,36,38,1.0526315789473684,0.0367097806559429,571,"Wonder what derailed his retirement...""Healthcare""or the ""Budget""?"
2828,0,2,36,38,1.0526315789473684,0.0367097806559429,571,Welcome to Pirates of the Arabica-bean
2828,0,2,36,38,1.0526315789473684,0.0367097806559429,571,"It's called product differentiation. Trust me, no one is gonna forget we're called The Anchor Coffee Company."
2828,0,2,36,38,1.0526315789473684,0.0367097806559429,571,"So, the mini-mall anchor store is a Starbucks, not a Macy's?"
2828,0,2,36,38,1.0526315789473684,0.0367097806559429,571,"Aarrgh! What lubber said ""double java frappe""!"
2828,0,2,36,38,1.0526315789473684,0.0367097806559429,571,"Yes, it's too damn big. But at least it looks fresh today."
2828,0,2,36,38,1.0526315789473684,0.0367097806559429,571,How much do you think that [ Anchor a weights my boy.]
2828,0,2,36,38,1.0526315789473684,0.0367097806559429,571,Sorry but you cant get the anchor shish kebab to go
2828,0,2,36,38,1.0526315789473684,0.0367097806559429,571,Don't get salty with me. At Starbucks I'm a preferred customer.
3409,0,2,37,39,1.0512820512820513,0.03578157512432619,571,"When the owner said he wanted to add seafood to the menu, the customers weren't expecting this."
3409,0,2,37,39,1.0512820512820513,0.03578157512432619,571,"Arg, many a port arm been caught in me anchor."
3409,0,2,37,39,1.0512820512820513,0.03578157512432619,571,It's never a good day until I have my cappuccino.
3409,0,2,37,39,1.0512820512820513,0.03578157512432619,571,"Yes, it is a bird call book."
3409,0,2,37,39,1.0512820512820513,0.03578157512432619,571,"""Venti grog to go""."
3409,0,2,37,39,1.0512820512820513,0.03578157512432619,571,I guess they're nesting.
3409,0,2,37,39,1.0512820512820513,0.03578157512432619,571,Hooking up at Anchors Away
3409,0,2,37,39,1.0512820512820513,0.03578157512432619,571,Tonight our seafood special is anchor-planked shark.
3409,0,2,37,39,1.0512820512820513,0.03578157512432619,571,"If Benji is allowed to park his fixed gear in the break room, then I don't see why this is a problem."
3409,0,2,37,39,1.0512820512820513,0.03578157512432619,571,Nobody's going overboard now asking for a latte.
3409,0,2,37,39,1.0512820512820513,0.03578157512432619,571,"""Today's special is The One That Got Away""."
3409,0,2,37,39,1.0512820512820513,0.03578157512432619,571,Let's see the landlord try to raise the rent now.
3409,0,2,37,39,1.0512820512820513,0.03578157512432619,571,Why aarrgh you there?
3409,0,2,37,39,1.0512820512820513,0.03578157512432619,571,Large cup and its anchors away.
3409,0,2,37,39,1.0512820512820513,0.03578157512432619,571,Make it a double my pretty.
3409,0,2,37,39,1.0512820512820513,0.03578157512432619,571,Arrrgh---last night the competition pulled a politically incorrect prank!
3409,0,2,37,39,1.0512820512820513,0.03578157512432619,571,"Arrghh, you should see the Plank."
3409,0,2,37,39,1.0512820512820513,0.03578157512432619,571,"Pay no attention to the anchor behind the counter, folks."
3409,0,2,37,39,1.0512820512820513,0.03578157512432619,571,"No you squiffy landlubber, neither is a fish hook!"
3409,0,2,37,39,1.0512820512820513,0.03578157512432619,571,"Captain Ahab's anchor, half off today!"
3409,0,2,37,39,1.0512820512820513,0.03578157512432619,571,"Someone said, an ""anchor"" is dropping by for coffee."
3409,0,2,37,39,1.0512820512820513,0.03578157512432619,571,Aye... Where else would I get the pink sea salt??
3409,0,2,37,39,1.0512820512820513,0.03578157512432619,571,That's the inspiration for my latte arrrrrrr-t.
3409,0,2,37,39,1.0512820512820513,0.03578157512432619,571,I recommend the anchor steam latte.
3409,1,0,38,39,1.0512820512820513,0.05128205128205128,571,Hey
3409,0,2,37,39,1.0512820512820513,0.03578157512432619,571,"Shiver me timbale, I's Captain Cook!"
3409,0,2,37,39,1.0512820512820513,0.03578157512432619,571,I told ya when you opened this place that I ain't going nowhere and the anchor stays.
3409,0,2,37,39,1.0512820512820513,0.03578157512432619,571,We haul anchor when I say we haul anchor. We haul anchor when I say we haul anchor. We haul anchor when I say we haul anchor.
3409,0,2,37,39,1.0512820512820513,0.03578157512432619,571,"When yer tall bike stops blocking the whole rack, Moonshadow."
3409,0,2,37,39,1.0512820512820513,0.03578157512432619,571,"He blew ashore during last week's storm. Go ahead, you tell Capt'n Coffee to cast off!!"
3409,0,2,37,39,1.0512820512820513,0.03578157512432619,571,"They anchored here, had coffee and tried to leave without paying..."
3409,0,2,37,39,1.0512820512820513,0.03578157512432619,571,"In retrospect, we shouldn't have rebranded ""sailing on the Java Sea."""
3409,0,2,37,39,1.0512820512820513,0.03578157512432619,571,"Our 'Barca Grande' comes with ship and anchor, and ten thousand cups of coffee."
3409,0,2,37,39,1.0512820512820513,0.03578157512432619,571,"And I thought the ""Race Together"" campaign was a flop!"
3409,0,2,37,39,1.0512820512820513,0.03578157512432619,571,That's why we stopped here!
3409,0,2,37,39,1.0512820512820513,0.03578157512432619,571,"For the last time. When Macy's closed, we took over as an anchor tenant."
3409,0,2,37,39,1.0512820512820513,0.03578157512432619,571,"We weigh anchor when I say we weigh anchor and not a bloody moment before. Now where's that double grande latte, Lassie?"
3409,1,0,38,39,1.0512820512820513,0.05128205128205128,571,"I saw ""Starbuck's"" and I thought of my old matey on the Pequod. Has he been in?"
3409,0,2,37,39,1.0512820512820513,0.03578157512432619,571,"Drink up, me hearties, yo ho."
3409,0,2,37,39,1.0512820512820513,0.03578157512432619,571,Without it we'd be sunk. Do you really want watery coffee?
3449,0,2,38,40,1.05,0.03489912202260563,571,Argh!! The fleet is in. Make sure we have the Rum Lattes ready for them.
3449,0,2,38,40,1.05,0.03489912202260563,571,That be the key to the employees head.
3449,0,2,38,40,1.05,0.03489912202260563,571,Get to work! You're pulling us down.
3449,0,2,38,40,1.05,0.03489912202260563,571,"I got the idea from watching ""Roots."""
3449,0,2,38,40,1.05,0.03489912202260563,571,The Anchorabica’s alright and yer barista be all left.
3449,0,2,38,40,1.05,0.03489912202260563,571,It's a new kind of coffee made with seaweed; evidently seaweed is the new kale.
3449,0,2,38,40,1.05,0.03489912202260563,571,The customers complained about what my parrot did to their coffee.
3449,0,2,38,40,1.05,0.03489912202260563,571,I can't believe the Whitney wouldn't accept my anchor creation as a work of art!
3449,0,2,38,40,1.05,0.03489912202260563,571,A new anchor store has taken over our lease.
3449,0,2,38,40,1.05,0.03489912202260563,571,Scallywag Developer may plunder our block-mateys but... Avast ye; We're Not Moving!
3449,0,2,38,40,1.05,0.03489912202260563,571,The only retirement package for Captain Hook.
3449,0,2,38,40,1.05,0.03489912202260563,571,Kevin Pollak hates sea-themed decor
3449,0,2,38,40,1.05,0.03489912202260563,571,"Aye, maties, me anchor is deep sixing our profits."
3449,0,2,38,40,1.05,0.03489912202260563,571,Where do you get your fish -- the Gowanus Canals?
3463,0,1,32,33,1.0303030303030303,0.030772872744833184,571,This is just a start. We're changing the menu too.
3463,0,1,32,33,1.0303030303030303,0.030772872744833184,571,Blimey! Just tell them this is our anchor store.
3463,0,1,32,33,1.0303030303030303,0.030772872744833184,571,"Okay, fine--I'll say ""arrrr"" but the anchor stays."
3463,0,1,32,33,1.0303030303030303,0.030772872744833184,571,Aarg! What? Nobodys ever seen a Piresta's cafe!
3463,0,1,32,33,1.0303030303030303,0.030772872744833184,571,Good spot for his old hook but his sea swagger isn't quite the same.
3463,0,1,32,33,1.0303030303030303,0.030772872744833184,571,Nope. Anchors Not going aweigh my boys!
3463,0,1,32,33,1.0303030303030303,0.030772872744833184,571,"He misses pillaging, but likes the health plan."
3463,0,1,32,33,1.0303030303030303,0.030772872744833184,571,"It doesn't say ""No Parking"""
3463,0,1,32,33,1.0303030303030303,0.030772872744833184,571,I got an anchorin' for a cup a joe mateys!
3463,0,1,32,33,1.0303030303030303,0.030772872744833184,571,Did the cap'n order an anchor latte again?
3463,0,1,32,33,1.0303030303030303,0.030772872744833184,571,"No I don't fly around on it. Wrong trope, Susan."
3463,0,1,32,33,1.0303030303030303,0.030772872744833184,571,I heard she's a real fixture in this place.
3463,0,1,32,33,1.0303030303030303,0.030772872744833184,571,Who would have thought a little coffee shop could become an anchor store?
3463,0,1,32,33,1.0303030303030303,0.030772872744833184,571,86 the seaweed salad
3463,0,1,32,33,1.0303030303030303,0.030772872744833184,571,Order up! Venti machiatto for C. Hook.
3463,0,1,32,33,1.0303030303030303,0.030772872744833184,571,It's a sign that we're draggin' bottom!
3463,0,1,32,33,1.0303030303030303,0.030772872744833184,571,A nice place to crash.
3463,0,1,32,33,1.0303030303030303,0.030772872744833184,571,"Husband: It's ""keep"" Portland weird, not perpetuate Portland's weirdness. Wife: Drink your coffee, Maury. But I must say, it really belongs in a coffee shop in Anchorage."
3463,0,1,32,33,1.0303030303030303,0.030772872744833184,571,I hate to think what the catch of the day is.
3463,0,1,32,33,1.0303030303030303,0.030772872744833184,571,This is a family restaurant.
3463,0,1,32,33,1.0303030303030303,0.030772872744833184,571,"Oh, the anchor is just for the Cafè C'ptain to remind us that he's no longer a climate change denier, but a climate change entrepreneur!"
3463,0,1,32,33,1.0303030303030303,0.030772872744833184,571,Your starbucks or your mermaid frapuccios!
3463,0,1,32,33,1.0303030303030303,0.030772872744833184,571,"Ahoy mates, is this retro enough?"
3463,0,1,32,33,1.0303030303030303,0.030772872744833184,571,Tall skim latte for Anchar?
3463,0,1,32,33,1.0303030303030303,0.030772872744833184,571,Those plundering bankers repossessed my boat!
3463,0,1,32,33,1.0303030303030303,0.030772872744833184,571,If one more person orders the Captain's Plate!!
3463,0,1,32,33,1.0303030303030303,0.030772872744833184,571,1 anchor grind cold brew on the bar!
3463,0,1,32,33,1.0303030303030303,0.030772872744833184,571,I get to keep it for a year after winning the Star Buccaneer award.
3463,0,1,32,33,1.0303030303030303,0.030772872744833184,571,Today only: Shark Fin soup of the Caribbean.
3463,0,1,32,33,1.0303030303030303,0.030772872744833184,571,This be me very own teeter-totter. Who's next?
3463,0,1,32,33,1.0303030303030303,0.030772872744833184,571,Saltwater and seaweed is now an option.
3463,0,1,32,33,1.0303030303030303,0.030772872744833184,571,Why is everyone so grim? The alginins from the kelp will really anchor the flavor and give sea legs to the foamy froth. We've the best grog on the seven seas.
3463,0,1,32,33,1.0303030303030303,0.030772872744833184,571,I captured the ship but the rest got away.
3463,0,1,32,33,1.0303030303030303,0.030772872744833184,571,Ceci n'est pas une Starbucks.
3463,0,1,32,33,1.0303030303030303,0.030772872744833184,571,The biscuits and gravy really weigh you down.
3463,0,1,32,33,1.0303030303030303,0.030772872744833184,571,Yo Ho Ho Hum.
3463,0,1,32,33,1.0303030303030303,0.030772872744833184,571,Our blend of the day is Caribbean Kelp.
3463,0,1,32,33,1.0303030303030303,0.030772872744833184,571,"Never ye mind, Lassie....Long John Silver's didn't like it either..."
3463,0,1,32,33,1.0303030303030303,0.030772872744833184,571,"""His new blend is called ""Yo Ho Ho""!"
3463,0,1,32,33,1.0303030303030303,0.030772872744833184,571,'Pirates of the Caribbean' doesn't pay that well.
3463,0,1,32,33,1.0303030303030303,0.030772872744833184,571,peteehecht@gmail.com
3463,0,1,32,33,1.0303030303030303,0.030772872744833184,571,"I told you before, matey, it anchors the decor."
3463,0,1,32,33,1.0303030303030303,0.030772872744833184,571,"I was Ahab's first mate and I own the place-lock, stock, and anchor."
3463,0,1,32,33,1.0303030303030303,0.030772872744833184,571,fifty bucks to anyone who can tell me how my anchor got here
3463,0,1,32,33,1.0303030303030303,0.030772872744833184,571,Bluebeard Plate Special! Pick it up on the plank with a side of seaweed and cackle fruit!
3463,0,1,32,33,1.0303030303030303,0.030772872744833184,571,Aye be a Barista.
3463,0,1,32,33,1.0303030303030303,0.030772872744833184,571,"Aye there he scofflaws...you think you can handle one of ""my"" ventis?"
3463,0,1,32,33,1.0303030303030303,0.030772872744833184,571,Arrrr it's grinding me beans.
3463,0,1,32,33,1.0303030303030303,0.030772872744833184,571,"Why? Because we're a bloody ""anchor"" store. Now who wants some grog?!"
3463,0,1,32,33,1.0303030303030303,0.030772872744833184,571,It’s a metaphor of your contribution to this company Becky.
3463,0,1,32,33,1.0303030303030303,0.030772872744833184,571,Arr...Any complaints? Rather have sushi?
3463,0,1,32,33,1.0303030303030303,0.030772872744833184,571,"I guess ""Pirates of the Coffee-bean"" just isn't cute any more."
3463,0,1,32,33,1.0303030303030303,0.030772872744833184,571,Williamsburg is post-peak hipster.
3463,0,1,32,33,1.0303030303030303,0.030772872744833184,571,"Of course the anchor's away, my boy!"
3463,0,1,32,33,1.0303030303030303,0.030772872744833184,571,"It is Fleet Week, mateys."
3463,0,1,32,33,1.0303030303030303,0.030772872744833184,571,"Hook, line and sinker, what's the big deal land lubbers?"
3463,0,1,32,33,1.0303030303030303,0.030772872744833184,571,Art isn't easy.
3463,0,1,32,33,1.0303030303030303,0.030772872744833184,571,It's a gift for the mermaid on the sign!
3463,0,1,32,33,1.0303030303030303,0.030772872744833184,571,"Clear the starboard side, blow the forward boiler tubes."
3463,0,1,32,33,1.0303030303030303,0.030772872744833184,571,The old salt loves nautical themes.
3463,0,1,32,33,1.0303030303030303,0.030772872744833184,571,I told you. This here shoppe ain't going anywhere.
3463,0,1,32,33,1.0303030303030303,0.030772872744833184,571,You should have seen the consolation prize!
3463,0,1,32,33,1.0303030303030303,0.030772872744833184,571,We're moving up. We're now the anchor store of this mall.
3463,0,1,32,33,1.0303030303030303,0.030772872744833184,571,I like the authentic nautical feel.
3463,0,1,32,33,1.0303030303030303,0.030772872744833184,571,Piratetising pros and cons.
3463,0,1,32,33,1.0303030303030303,0.030772872744833184,571,Jack’s method work was killick business.
3463,0,1,32,33,1.0303030303030303,0.030772872744833184,571,Nothing beats Captain Coffee's deep robust flavors.
3463,0,1,32,33,1.0303030303030303,0.030772872744833184,571,What the Trump is that? Steady my hearties. It won't stay long.
3463,0,1,32,33,1.0303030303030303,0.030772872744833184,571,"No ma'am, we don't sell those fluffy little donuts. Just hardtack bagels."
3463,0,1,32,33,1.0303030303030303,0.030772872744833184,571,What's everyone looking at? It's only SpongeBob.
3463,0,1,32,33,1.0303030303030303,0.030772872744833184,571,Looks like the sky had a baby.
3463,0,1,32,33,1.0303030303030303,0.030772872744833184,571,"Yarg, who let down the anchor!"
3463,0,1,32,33,1.0303030303030303,0.030772872744833184,571,"Yarr, it's how we slow-roast arr coffee."
3463,0,1,32,33,1.0303030303030303,0.030772872744833184,571,Landlubber? Landlubber? I have a decaf for Landlubber.
3463,0,1,32,33,1.0303030303030303,0.030772872744833184,571,"Argh, and a rum decafe for you Matey!"
3463,0,1,32,33,1.0303030303030303,0.030772872744833184,571,This bench and Everything bagels don't mix.
3463,0,1,32,33,1.0303030303030303,0.030772872744833184,571,Just hardtack.
3463,0,1,32,33,1.0303030303030303,0.030772872744833184,571,You must be pretty seedy
3463,0,1,32,33,1.0303030303030303,0.030772872744833184,571,'Captain Hook's Restaurant' is here to stay.
3463,0,1,32,33,1.0303030303030303,0.030772872744833184,571,Yes of course the coffee is argh-anic!
3463,0,1,32,33,1.0303030303030303,0.030772872744833184,571,Barista elbow never stopped us in Neverland.
3463,0,1,32,33,1.0303030303030303,0.030772872744833184,571,"Ho, and you are the largest anchor to my second-act career. Another latte macchi-Aarr!-to, matey."
3463,0,1,32,33,1.0303030303030303,0.030772872744833184,571,Compensation issues...
3463,0,1,32,33,1.0303030303030303,0.030772872744833184,571,"So I said to him, ""Mr. Trump, I won't be rentin' this store lest the mall be havin' a good strong anchor."""
3463,0,1,32,33,1.0303030303030303,0.030772872744833184,571,The anchor in the room. (A metaphorical idiom for an obvious problem or risk ).
3463,0,1,32,33,1.0303030303030303,0.030772872744833184,571,"With this new career starting, I had to keep something to remind me of where I came from"
3463,0,1,32,33,1.0303030303030303,0.030772872744833184,571,Having coffee here with my counselor really took the weight off me.
3463,0,1,32,33,1.0303030303030303,0.030772872744833184,571,"Anchor's up, hold the anchovies."
3463,0,1,32,33,1.0303030303030303,0.030772872744833184,571,"The last person who tried to pay with a piece of plastic instead of a piece of eight, went straight to Davy Jones' Locker."
3463,0,1,32,33,1.0303030303030303,0.030772872744833184,571,Aaargh! This place needs a little greenery.
3463,0,1,32,33,1.0303030303030303,0.030772872744833184,571,"Aarrgh, can't you just get a plaque like everyone else saying,"" Refuse to sink""?"
3463,0,1,32,33,1.0303030303030303,0.030772872744833184,571,"I told the decorator I wanted an atmosphere of ""aargh."""
3463,0,1,32,33,1.0303030303030303,0.030772872744833184,571,"The coffee in Anchorage can hook you in too, Aargh!"
3463,0,1,32,33,1.0303030303030303,0.030772872744833184,571,I thought you said it had a naughty theme.
3463,0,1,32,33,1.0303030303030303,0.030772872744833184,571,I need to magnetize my hook so I can pick up the quarters.
3463,0,1,32,33,1.0303030303030303,0.030772872744833184,571,"Argh, I smell burning toast and mutiny."
3463,0,1,32,33,1.0303030303030303,0.030772872744833184,571,"No fish today. Hey, at least I hooked the anchor."
3463,0,1,32,33,1.0303030303030303,0.030772872744833184,571,They need to add some color to the sludge
3463,0,1,32,33,1.0303030303030303,0.030772872744833184,571,One avocado toast. And an anchor to keep you grounded.
3463,0,1,32,33,1.0303030303030303,0.030772872744833184,571,I guess a needed a trenta boat
3463,0,1,32,33,1.0303030303030303,0.030772872744833184,571,"For Chrissakes, it ain't Starbuck's. Not even close."
3463,0,1,32,33,1.0303030303030303,0.030772872744833184,571,Unfortunately I told him this was our anchor store.
3463,0,1,32,33,1.0303030303030303,0.030772872744833184,571,"And you thought half-caff, extra-hot, upside-down was a hassle."
3463,0,1,32,33,1.0303030303030303,0.030772872744833184,571,"Aye, Matey, but your sign says, ""Let our coffee anchor your day!"""
3463,0,1,32,33,1.0303030303030303,0.030772872744833184,571,"I see now why they call it a ""greasy anchor"""
3463,0,1,32,33,1.0303030303030303,0.030772872744833184,571,I didn't know this was Starbuck's anchor store.
3463,0,1,32,33,1.0303030303030303,0.030772872744833184,571,Between it and me people get a fair idea of my prices.
3463,0,1,32,33,1.0303030303030303,0.030772872744833184,571,What do ya know... Haven't seen one of these since I was Prospecting on Subterrel. This baby belongs to them cloners. What you got here is a Kamino Saberdart
3463,0,1,32,33,1.0303030303030303,0.030772872744833184,571,A black jack for Seadog!?
3463,0,1,32,33,1.0303030303030303,0.030772872744833184,571,"Arghh one double-shot large grog, no foam, extra tar for thar matey yar!"
3463,0,1,32,33,1.0303030303030303,0.030772872744833184,571,It seemed all harmless fun during barista training when he was just promising “The Anchor”.
3463,0,1,32,33,1.0303030303030303,0.030772872744833184,571,It's part of my new ready-made collection.
3463,0,1,32,33,1.0303030303030303,0.030772872744833184,571,Yarrrrrhd sale.
3463,0,1,32,33,1.0303030303030303,0.030772872744833184,571,They used to serve the best Fair Trade coffee in the city.
3463,0,1,32,33,1.0303030303030303,0.030772872744833184,571,"If you don't get it, then Google it."
3463,0,1,32,33,1.0303030303030303,0.030772872744833184,571,This is just the thing we needed to raise our instarrrggghrammability.
3463,0,1,32,33,1.0303030303030303,0.030772872744833184,571,The anchor's one thing; I just hope he doesn't bring in the poop deck.
3463,0,1,32,33,1.0303030303030303,0.030772872744833184,571,Its true what they say: you can take a man away from the sea . . .
3463,0,1,32,33,1.0303030303030303,0.030772872744833184,571,"Yargh, that be a figurative message to me Line Cook Bobby."
3463,0,1,32,33,1.0303030303030303,0.030772872744833184,571,Every cup is guaranteed to shiver your timbers.
3463,0,1,32,33,1.0303030303030303,0.030772872744833184,571,Seaweed mocha chai for heather.
3463,0,1,32,33,1.0303030303030303,0.030772872744833184,571,"Argggh, if that Starbuck fella wanders in here, for sure he'll be gettin' a taste of me cutlass"
3463,0,1,32,33,1.0303030303030303,0.030772872744833184,571,"We dropped anchor at Java, and next thing I know..."
3463,0,1,32,33,1.0303030303030303,0.030772872744833184,571,'Tis a cursed anniversary present
3463,0,1,32,33,1.0303030303030303,0.030772872744833184,571,2100: The Year Starbucks Finally Went Under
3463,0,1,32,33,1.0303030303030303,0.030772872744833184,571,There's a new hook at Peg Leg Peet's really big anchor store.
3463,0,1,32,33,1.0303030303030303,0.030772872744833184,571,The mall asked if he wanted to be the anchor tenant.
3463,0,1,32,33,1.0303030303030303,0.030772872744833184,571,"Here at 'Dunk-N-Jerk', we have an suggestion form that's also available for our customers as our employees are aware of, once submitted, are rarely ever submitted again. Looking forward to your comments."
3463,0,1,32,33,1.0303030303030303,0.030772872744833184,571,"You want ""few salads""?"
3463,0,1,32,33,1.0303030303030303,0.030772872744833184,571,"My name's Roger and I'm jolly. That's where the name comes from, blast ye."
3463,0,1,32,33,1.0303030303030303,0.030772872744833184,571,"My anchor, man."
3463,0,1,32,33,1.0303030303030303,0.030772872744833184,571,"Arrrrr! A Davey Jones' Latte, coming right up!"
3463,0,1,32,33,1.0303030303030303,0.030772872744833184,571,"The anchor was all I salvaged from the shipwreck of the ""Star."" I'll incorporate it into the sinage outside this here Starbuccaneer franchise."
3463,0,1,32,33,1.0303030303030303,0.030772872744833184,571,Fox News promised me an anchor position.
3463,0,1,32,33,1.0303030303030303,0.030772872744833184,571,We've added bryne to the coffee. It's better than chicory.
3463,0,1,32,33,1.0303030303030303,0.030772872744833184,571,"I said ""Anchors AWAY"""
3463,0,1,32,33,1.0303030303030303,0.030772872744833184,571,That's my anchor and I'm sticking with it.
3463,0,1,32,33,1.0303030303030303,0.030772872744833184,571,"Aargh. Fired by the sea, cruel woman."
3463,0,1,32,33,1.0303030303030303,0.030772872744833184,571,"I told you not to use the ""natural"" moisturizer"
3463,0,1,32,33,1.0303030303030303,0.030772872744833184,571,"What? Mall anchors drive customers, everybody knows that."
3463,0,1,32,33,1.0303030303030303,0.030772872744833184,571,I had to bring it in otherwise the cats keep me up all night...
3463,0,1,32,33,1.0303030303030303,0.030772872744833184,571,Ahoy Debbie. Your venti latte is ready.
3463,0,1,32,33,1.0303030303030303,0.030772872744833184,571,"""Who ordered the large, extra strong double-latte mocha-chino dark roast with scones, to go""!"
3463,0,1,32,33,1.0303030303030303,0.030772872744833184,571,"""No, that was the other Roger. I treat my anchors a little better""."
3463,0,1,32,33,1.0303030303030303,0.030772872744833184,571,YOU MEAN TRENTA!
3463,0,1,32,33,1.0303030303030303,0.030772872744833184,571,I'm stayin put 'til I get change for my doubloon.
3463,0,1,32,33,1.0303030303030303,0.030772872744833184,571,"Who here ordered the submarine with large, spicy meatballs!?"
3463,0,1,32,33,1.0303030303030303,0.030772872744833184,571,"Double captain-ccino, hold the foam"
3463,0,1,32,33,1.0303030303030303,0.030772872744833184,571,"It's all blah, blah blubber!"
3463,0,1,32,33,1.0303030303030303,0.030772872744833184,571,I said he could jump in whenever.
3463,0,1,32,33,1.0303030303030303,0.030772872744833184,571,"Listen up, me hearties. Either that anchor goes or I'm taking café au rhum off the menu."
3463,0,1,32,33,1.0303030303030303,0.030772872744833184,571,"Nah, I didn't hang up my anchor and retire. With the outrageous prices I'm charging for this fancy schmancy coffee, I'm still committing high seas robbery!"
3463,0,1,32,33,1.0303030303030303,0.030772872744833184,571,What? You said we needed a hook to get people in here.
3463,0,1,32,33,1.0303030303030303,0.030772872744833184,571,"And after I caught the whale, I offered Geppetto a job in the kitchen."
3463,0,1,32,33,1.0303030303030303,0.030772872744833184,571,Why can't that bloody first mate of mine brew his own damned coffee?
3463,0,1,32,33,1.0303030303030303,0.030772872744833184,571,"Arrgh...cashierin' in a coffee shop, ain't me cup of tea."""
3463,0,1,32,33,1.0303030303030303,0.030772872744833184,571,Maybe climate change has pushed them ashore far earlier than experts predicted.
3463,0,1,32,33,1.0303030303030303,0.030772872744833184,571,I am on an anchored diet.
3463,0,1,32,33,1.0303030303030303,0.030772872744833184,571,"Yo ho ho and a bottle of Unicorn Frappucino, argh."
3463,0,1,32,33,1.0303030303030303,0.030772872744833184,571,Grande with streamed seaweed please
3463,0,1,32,33,1.0303030303030303,0.030772872744833184,571,I can't keep up with these instagram coffee trends #yohoblackbeardroasts
3463,0,1,32,33,1.0303030303030303,0.030772872744833184,571,nope
3463,0,1,32,33,1.0303030303030303,0.030772872744833184,571,"Yep, the hoodlums are sailing without it..."
3463,0,1,32,33,1.0303030303030303,0.030772872744833184,571,That was his ship parked out front
3463,0,1,32,33,1.0303030303030303,0.030772872744833184,571,It keeps the beans a-grounded.
3463,0,1,32,33,1.0303030303030303,0.030772872744833184,571,"I be needin' exact change, matey."
3463,0,1,32,33,1.0303030303030303,0.030772872744833184,571,Because it keeps this coffee shop anchored.
3463,0,1,32,33,1.0303030303030303,0.030772872744833184,571,"I've heard of a guest twitter account takeover but Captain Hook has taken this coffee bar takeover to far, IMHO."
3463,0,1,32,33,1.0303030303030303,0.030772872744833184,571,"Aargh matey, the coffee, sugar, and cream are free. The cup is $20.00"
3463,0,1,32,33,1.0303030303030303,0.030772872744833184,571,"She's all I have left of me old ship,'The Fight For Fifteen.'"
3463,0,1,32,33,1.0303030303030303,0.030772872744833184,571,I told 'ye we are one of the mall's anchor stores during the interview!
3463,0,1,32,33,1.0303030303030303,0.030772872744833184,571,"He used to be in slavery business before the Fair Trade thing came along. Hark karmic, me say!"
3463,0,1,32,33,1.0303030303030303,0.030772872744833184,571,He did say 'hold down the fort while I'm gone.'
3463,0,1,32,33,1.0303030303030303,0.030772872744833184,571,"Argh, anchor ""for here"" again, laddies."
3463,0,1,32,33,1.0303030303030303,0.030772872744833184,571,"Okay, so we all agree --- the ship stops here!"
3463,0,1,32,33,1.0303030303030303,0.030772872744833184,571,One Extra-Large Seaweed Spice Latte for Sinbad.
3463,0,1,32,33,1.0303030303030303,0.030772872744833184,571,Hands off me daarrk roast.
3463,0,1,32,33,1.0303030303030303,0.030772872744833184,571,"Yarr, we're this mall's anchor store."
3463,0,1,32,33,1.0303030303030303,0.030772872744833184,571,"What? I thought it was ""bring your anchor baby to work"" day."
3463,0,1,32,33,1.0303030303030303,0.030772872744833184,571,"Honey, do you think they serve seafood by any chance?"
3463,0,1,32,33,1.0303030303030303,0.030772872744833184,571,"""Anchors aweigh, my boys"" should be ""anchor away, my staff"" because it gets in the way. I learned that in pirate school."
3463,0,1,32,33,1.0303030303030303,0.030772872744833184,571,"Arg, you said slow roasted!"
3463,0,1,32,33,1.0303030303030303,0.030772872744833184,571,Call ye Ishmael! I've one grande fearsome white macchiato for the matey who call he Ishmael!
3463,0,1,32,33,1.0303030303030303,0.030772872744833184,571,"Today's special - Sanka with sea salt, courtesy of Mr. Sparrow."
3463,0,1,32,33,1.0303030303030303,0.030772872744833184,571,"Coffee costs an arm and a leg, so I dropped me anchor here."
3463,0,1,32,33,1.0303030303030303,0.030772872744833184,571,Me anchor weighs upon aargh ambiance.
3463,0,1,32,33,1.0303030303030303,0.030772872744833184,571,That ship ain't leaving any time soon.
3463,0,1,32,33,1.0303030303030303,0.030772872744833184,571,......touch me trophy and yur' keel-hauled to Starbucks.
3463,0,1,32,33,1.0303030303030303,0.030772872744833184,571,"Arrrh.. n jus' decaf fer me anchor, 'es on the Forenoon watch."
3463,0,1,32,33,1.0303030303030303,0.030772872744833184,571,Coffee anchors the soul
3463,0,1,32,33,1.0303030303030303,0.030772872744833184,571,Of course we only use unfair trade beans.
3463,0,1,32,33,1.0303030303030303,0.030772872744833184,571,Regular ahrrr decaf?
3463,0,1,32,33,1.0303030303030303,0.030772872744833184,571,I'm only work here for the benefits.
3463,0,1,32,33,1.0303030303030303,0.030772872744833184,571,And that two-tailed mermaid isn't offensive?
3463,0,1,32,33,1.0303030303030303,0.030772872744833184,571,He's hoping this theme works better than it did at his failed software company.
3463,0,1,32,33,1.0303030303030303,0.030772872744833184,571,Al I know is one inspector condemned my ship and now the building inspector wants us to use heavier wall anchors.
3463,0,1,32,33,1.0303030303030303,0.030772872744833184,571,Actually it's spelled A-W-E-I-G-H
3463,0,1,32,33,1.0303030303030303,0.030772872744833184,571,I don't know what became of the boat I got it from.
3463,0,1,32,33,1.0303030303030303,0.030772872744833184,571,Freedom of religion bitches!
3463,0,1,32,33,1.0303030303030303,0.030772872744833184,571,"It, a reminder to WEIGH in on your thoughts."
3463,0,1,32,33,1.0303030303030303,0.030772872744833184,571,When the Baaaarrrrista brings his home life to work
3463,0,1,32,33,1.0303030303030303,0.030772872744833184,571,"Arrrgh is there an ""Ang-cor"" here? Medium latte with skim milk."
3463,0,1,32,33,1.0303030303030303,0.030772872744833184,571,"Awright, which of ye landlubbers said ""arrrh""?"
3463,0,1,32,33,1.0303030303030303,0.030772872744833184,571,"Yeah, where do you park around here?"
3463,0,1,32,33,1.0303030303030303,0.030772872744833184,571,"This was the anchor tenancy on the wharf, at one time."
3463,0,1,32,33,1.0303030303030303,0.030772872744833184,571,An' his earring was all that was left of 'im.
3463,0,1,32,33,1.0303030303030303,0.030772872744833184,571,Argh. And they said the water levels would rise.
3463,0,1,32,33,1.0303030303030303,0.030772872744833184,571,Arg! I dropped anchor on that scurvy mermaid.
3463,0,1,32,33,1.0303030303030303,0.030772872744833184,571,"The new management no longer offers a comlimentary ""amuse bouche."""
3463,0,1,32,33,1.0303030303030303,0.030772872744833184,571,"Hook's the name, fishing's my game, and I'm looking for bait."
3463,0,1,32,33,1.0303030303030303,0.030772872744833184,571,It's me mission statement. No anchor dragging.
3463,0,1,32,33,1.0303030303030303,0.030772872744833184,571,"As you can see, we don’t do any to-go orders."
3463,0,1,32,33,1.0303030303030303,0.030772872744833184,571,"I don't care if corporate does say ""anchors away!"""
3463,0,1,32,33,1.0303030303030303,0.030772872744833184,571,Our zoning variance finally came through. Aargh!
3463,0,1,32,33,1.0303030303030303,0.030772872744833184,571,The new guy is really weighing us down.
3463,0,1,32,33,1.0303030303030303,0.030772872744833184,571,the home fries are cooked in whale oil
3463,0,1,32,33,1.0303030303030303,0.030772872744833184,571,No foam latte for Skipper!
3463,0,1,32,33,1.0303030303030303,0.030772872744833184,571,"I've been doing seaweed for 50 years, but do I get a 5-star Yelp review?!"
3463,0,1,32,33,1.0303030303030303,0.030772872744833184,571,Last damn time I'll order anything from Costco
3463,0,1,32,33,1.0303030303030303,0.030772872744833184,571,"Shiver me caffe latte timbers--now, Matey!"
3463,0,1,32,33,1.0303030303030303,0.030772872744833184,571,Why are people staring at me! I'm just pouring coffee
3463,0,1,32,33,1.0303030303030303,0.030772872744833184,571,Clean it off; he wants a large fruit smoothie.
3463,0,1,32,33,1.0303030303030303,0.030772872744833184,571,Bottoms up.
3463,0,1,32,33,1.0303030303030303,0.030772872744833184,571,She cures me of me doldrums.
3463,0,1,32,33,1.0303030303030303,0.030772872744833184,571,I dropped anchor for the last time when I got hooked on coffee.
3463,0,1,32,33,1.0303030303030303,0.030772872744833184,571,"""No one complains about the size of the pieces by Damien Hirst at the Venice biennale! And this is from an ACTUAL shipwreck...."
3463,0,1,32,33,1.0303030303030303,0.030772872744833184,571,Anchors aboard?
3463,0,1,32,33,1.0303030303030303,0.030772872744833184,571,They've been the anchor tenant for yaars.
3463,0,1,32,33,1.0303030303030303,0.030772872744833184,571,"Yes, it's a reminder that your boss is staying put in this digital age."
3463,0,1,32,33,1.0303030303030303,0.030772872744833184,571,"Ya scurvy dog. I said aweigh, not away."
3463,0,1,32,33,1.0303030303030303,0.030772872744833184,571,It's that travelling exhibit from Anchor and Chain's headquarters lobby.
3463,0,1,32,33,1.0303030303030303,0.030772872744833184,571,"The coffee’s Fairtrade, it’s the Wi-Fi charges that are piracy!"
3463,0,1,32,33,1.0303030303030303,0.030772872744833184,571,No free wi-fi!
3463,0,1,32,33,1.0303030303030303,0.030772872744833184,571,They get their beans in transit so you know they're fresh.
3463,0,1,32,33,1.0303030303030303,0.030772872744833184,571,When you've had enough - STOP!
3463,0,1,32,33,1.0303030303030303,0.030772872744833184,571,"What did you say? Pfft, I faid fethers!"
3463,0,1,32,33,1.0303030303030303,0.030772872744833184,571,"Me lawyer said if I don't drop anchor here I can't call it fair trade coffee, arrr."
3463,0,1,32,33,1.0303030303030303,0.030772872744833184,571,"No, we cannot move the 30 ton anchor."
3463,0,1,32,33,1.0303030303030303,0.030772872744833184,571,Aarrrggghhhh! Double macchiato upside down chai aweigh!
3463,0,1,32,33,1.0303030303030303,0.030772872744833184,571,The benefits are great but the free parkin' really sealed the deal!
3463,0,1,32,33,1.0303030303030303,0.030772872744833184,571,That's the last time I hire one of Davy Jones's landlubbers.
3463,0,1,32,33,1.0303030303030303,0.030772872744833184,571,'Central Perks' had a nice ring to it... not so sure about 'Central Pirates.'
3463,0,1,32,33,1.0303030303030303,0.030772872744833184,571,"Yo, we're not serving oatmeal anymore!"
3463,0,1,32,33,1.0303030303030303,0.030772872744833184,571,I guess this is the Anchor Store in the mall.
3463,0,1,32,33,1.0303030303030303,0.030772872744833184,571,A foamy Black Sea latte and Madagascan iced coconut treasure ready at the bar now.
3463,0,1,32,33,1.0303030303030303,0.030772872744833184,571,Aye matey ye be right....this be the anchor store of this god forsaken hellhole !
3463,0,1,32,33,1.0303030303030303,0.030772872744833184,571,Hot new Brooklyn trend: pirate diners.
3463,0,1,32,33,1.0303030303030303,0.030772872744833184,571,You can always tell if the coffee is good by the wait.
3463,0,1,32,33,1.0303030303030303,0.030772872744833184,571,Since his boat sunk he still has issues.
3463,0,1,32,33,1.0303030303030303,0.030772872744833184,571,"Just a reminder, Friday is still fish day."
3463,0,1,32,33,1.0303030303030303,0.030772872744833184,571,Free sandwich to whoever can eat the entire Big Whopper.
3463,0,1,32,33,1.0303030303030303,0.030772872744833184,571,"Mr President, what's with all the tweets?"
3463,0,1,32,33,1.0303030303030303,0.030772872744833184,571,"Another cup of sissy grog me hearties, and ballast her well!"
3463,0,1,32,33,1.0303030303030303,0.030772872744833184,571,That's are darkest blend.
3463,0,1,32,33,1.0303030303030303,0.030772872744833184,571,"Aargh! Love your new anchor store or walk the plank, me little baristas."
3463,0,1,32,33,1.0303030303030303,0.030772872744833184,571,"We don't take cash or cards, but prepare to haul some anchor chain..or do a bit of swabbing ! It's the shyaaargh economy."
3463,0,1,32,33,1.0303030303030303,0.030772872744833184,571,Well at least they don't have a problem a problem with online piracy here.
3463,0,1,32,33,1.0303030303030303,0.030772872744833184,571,Just putting some authenticity behind the name of this place.
3463,0,1,32,33,1.0303030303030303,0.030772872744833184,571,Shiver me latte.
3463,0,1,32,33,1.0303030303030303,0.030772872744833184,571,We had the nautical theme way before Starbucks.
3463,0,1,32,33,1.0303030303030303,0.030772872744833184,571,Arrr! Which one of ye scallywags ordered a float?
3463,0,1,32,33,1.0303030303030303,0.030772872744833184,571,"The new anchors really pulls the ""Pirates of the Caribbeanery"" theme together."
3463,0,1,32,33,1.0303030303030303,0.030772872744833184,571,Large skim latte for Polly - with a cracker.
3463,0,1,32,33,1.0303030303030303,0.030772872744833184,571,"According to Yelp, the food is good but there's a long weight."
3463,0,1,32,33,1.0303030303030303,0.030772872744833184,571,Give me a break. I am simply in hopes of avoiding questions about my recent decisions without having to prevaricate.
3463,0,1,32,33,1.0303030303030303,0.030772872744833184,571,Hot Sea Men made coffee
3463,0,1,32,33,1.0303030303030303,0.030772872744833184,571,That's my latest trophy for top foam artistry.
3463,0,1,32,33,1.0303030303030303,0.030772872744833184,571,Yo ho! Yo ho! A barista's life for me!
3463,0,1,32,33,1.0303030303030303,0.030772872744833184,571,"Yarrr! Wherever I go, me anchor goes."
3463,0,1,32,33,1.0303030303030303,0.030772872744833184,571,It was my turn to be on anchor watch.
3463,0,1,32,33,1.0303030303030303,0.030772872744833184,571,It's a special coffee made from the salts of the sea; ye maties have to really want some
3463,0,1,32,33,1.0303030303030303,0.030772872744833184,571,Layin' over til me ship comes in. Mind the tip cup well!
3463,0,1,32,33,1.0303030303030303,0.030772872744833184,571,This is threatening. He is obviously very angry at the investigation.
3463,0,1,32,33,1.0303030303030303,0.030772872744833184,571,"Anchor Away, Mabuoy?"
3463,0,1,32,33,1.0303030303030303,0.030772872744833184,571,That's for my anchor management class. Quit starin' or I'll rip your eyes out!
3463,0,1,32,33,1.0303030303030303,0.030772872744833184,571,"Arrr, Tea Party all-you-can-eat guests. There be another anchor baby here hogging the ice cream machine again!"
3463,0,1,32,33,1.0303030303030303,0.030772872744833184,571,Arr! I'm anchoring for a hot mug of coffee.
3463,0,1,32,33,1.0303030303030303,0.030772872744833184,571,"Arg! If it's not shaded gray, it's not important, Mates."
3463,0,1,32,33,1.0303030303030303,0.030772872744833184,571,Drinks are on me; I'm retiring today.
3463,0,1,32,33,1.0303030303030303,0.030772872744833184,571,"Of cross I'm mad, so to speak, and yes, I'm finding it hard to turn the other cheek."
3463,0,1,32,33,1.0303030303030303,0.030772872744833184,571,This IS the anchor store - what did you expect?
3463,0,1,32,33,1.0303030303030303,0.030772872744833184,571,Arrrgh Hurry it up will ya. I've only got 10 more minutes on the meter.
3463,0,1,32,33,1.0303030303030303,0.030772872744833184,571,"I hope, for your sake, you validate."
3463,0,1,32,33,1.0303030303030303,0.030772872744833184,571,Lattes aweigh!
3463,0,1,32,33,1.0303030303030303,0.030772872744833184,571,"Piracy, broadsides, blood on the decks—you'll find them all at Aargh's"
3463,0,1,32,33,1.0303030303030303,0.030772872744833184,571,Just coffee and tea mate. No Anchor Light served here.
3463,0,1,32,33,1.0303030303030303,0.030772872744833184,571,Quad espresso order--get a rope on that thing!
3463,0,1,32,33,1.0303030303030303,0.030772872744833184,571,At least this coffee shop is staying afloat better than my last ship.
3463,0,1,32,33,1.0303030303030303,0.030772872744833184,571,"One large coffee, mate!"
3463,0,1,32,33,1.0303030303030303,0.030772872744833184,571,The next matey who tries to hornswaggle me coffee will visit Davy Jones' locker!
3463,0,1,32,33,1.0303030303030303,0.030772872744833184,571,Another Kraken with whip.
3463,0,1,32,33,1.0303030303030303,0.030772872744833184,571,"It's like an anchor around my neck since I retired, matey."
3463,0,1,32,33,1.0303030303030303,0.030772872744833184,571,"Naw, it's a friggin' fishhook, ya idiot!"
3463,0,1,32,33,1.0303030303030303,0.030772872744833184,571,"Arrrh mi mateys, We aint Starbucks and the anchor stays!"
3463,0,1,32,33,1.0303030303030303,0.030772872744833184,571,These windows in the ceiling are just spectacular!
3463,0,1,32,33,1.0303030303030303,0.030772872744833184,571,Ye better get used to it. We're going ta' be here a while
3463,0,1,32,33,1.0303030303030303,0.030772872744833184,571,"I thought ""anchor aweigh"" meant to hoist it out of here."
3463,0,1,32,33,1.0303030303030303,0.030772872744833184,571,Thank you or tying my apron for me.
3463,0,1,32,33,1.0303030303030303,0.030772872744833184,571,It's part of a nautical theme with my hat and my hook
3463,0,1,32,33,1.0303030303030303,0.030772872744833184,571,"I said :Anchors Away"", not ""Anachors to the Cafe"""
3463,0,1,32,33,1.0303030303030303,0.030772872744833184,571,"The strike should be over any day now... any day. Then I promise, I'll be out of here as fast as you can say 'ahoy matey'."
3463,0,1,32,33,1.0303030303030303,0.030772872744833184,571,What's a Yelp?
3463,0,1,32,33,1.0303030303030303,0.030772872744833184,571,"Fractured world capital themes. This week, Anchora. Next week, Nude Ellie."
3463,0,1,32,33,1.0303030303030303,0.030772872744833184,571,Eminent domain my ass!
3463,0,1,32,33,1.0303030303030303,0.030772872744833184,571,The touch screen is frozen
3463,0,1,32,33,1.0303030303030303,0.030772872744833184,571,"Aye, add a shot of rum and get the shiver out of ye timbers."
3463,0,1,32,33,1.0303030303030303,0.030772872744833184,571,I always drop my anchor before I have a Latte.
3463,0,1,32,33,1.0303030303030303,0.030772872744833184,571,He keeps dreaming he is still the captain of his pirate ship.
3463,0,1,32,33,1.0303030303030303,0.030772872744833184,571,Anchors away! I'm hooked on lattes!
3463,0,1,32,33,1.0303030303030303,0.030772872744833184,571,Welcome to Starrrrrrrrbucks
3463,0,1,32,33,1.0303030303030303,0.030772872744833184,571,I bet that shivered your timbers!
3463,0,1,32,33,1.0303030303030303,0.030772872744833184,571,"Arrr, where's those US Marshall? They told me Peter couldn't find me if I'm in WITSEC"
3463,0,1,32,33,1.0303030303030303,0.030772872744833184,571,"I'm not giving up my rancor, no matter what the boss says!"
3463,0,1,32,33,1.0303030303030303,0.030772872744833184,571,The next to go order will be huge.
3463,0,1,32,33,1.0303030303030303,0.030772872744833184,571,"With my previous employer, this was a sign of commitment to the job."
3463,0,1,32,33,1.0303030303030303,0.030772872744833184,571,He owns the mall. This is his anchor store.
3463,0,1,32,33,1.0303030303030303,0.030772872744833184,571,"That best be a free-range, organic anchor, or you'll walk the plank."
3463,0,1,32,33,1.0303030303030303,0.030772872744833184,571,"The next one of ye who says ""anchors away"" will find a surprise in yer latte."
3463,0,1,32,33,1.0303030303030303,0.030772872744833184,571,We both survived the Gale of '88.
3463,0,1,32,33,1.0303030303030303,0.030772872744833184,571,You'll break my hearty heart if you call the Department of Health
3463,0,1,32,33,1.0303030303030303,0.030772872744833184,571,Thar she roasts!
3463,0,1,32,33,1.0303030303030303,0.030772872744833184,571,Arrrgh! Maybe he is draggin' everyone down ...
3463,0,1,32,33,1.0303030303030303,0.030772872744833184,571,Anchor's in the way!
3463,0,1,32,33,1.0303030303030303,0.030772872744833184,571,Nae judge a book by its cover.
3463,0,1,32,33,1.0303030303030303,0.030772872744833184,571,The keepsake at Captain Coffee's Cafe
3463,0,1,32,33,1.0303030303030303,0.030772872744833184,571,I've heard this shop employs ex-cons.
3463,0,1,32,33,1.0303030303030303,0.030772872744833184,571,"Step lively mateys, the land lubbers, those tinkerbellas want their joe."
3463,0,1,32,33,1.0303030303030303,0.030772872744833184,571,It's my service anchor.
3463,0,1,32,33,1.0303030303030303,0.030772872744833184,571,Lotta white fish this week.
3463,0,1,32,33,1.0303030303030303,0.030772872744833184,571,We'll see if subliminal messaging will increase clam chowder orders.
3463,0,1,32,33,1.0303030303030303,0.030772872744833184,571,"He's sketchy, I know, but I feel anchored here."
3463,0,1,32,33,1.0303030303030303,0.030772872744833184,571,Aaarrrrghh - quit your gripin' 'n get used ter it!
3463,0,1,32,33,1.0303030303030303,0.030772872744833184,571,It's the flagship store.
3463,0,1,32,33,1.0303030303030303,0.030772872744833184,571,What? You have your computers.
3463,0,1,32,33,1.0303030303030303,0.030772872744833184,571,Does anyone know a Paul?
3463,0,1,32,33,1.0303030303030303,0.030772872744833184,571,Unicorn? They arrrrrren't real. But mermaids... now that's another story.
3463,0,1,32,33,1.0303030303030303,0.030772872744833184,571,"Sally, I believe this is the sign we've been waiting for. I think it's time for us to finally tie the knot."
3463,0,1,32,33,1.0303030303030303,0.030772872744833184,571,"The words be ""Anchors Aweigh"", not ""anchor away""!"
3463,0,1,32,33,1.0303030303030303,0.030772872744833184,571,"...ok, it might be weighing us down."
3463,0,1,32,33,1.0303030303030303,0.030772872744833184,571,"Yes, we only season with Sea Salt."
3463,0,1,32,33,1.0303030303030303,0.030772872744833184,571,The next landlubber to complain gets the Anchor Expresso straight to Davy Jones Locker.
3463,0,1,32,33,1.0303030303030303,0.030772872744833184,571,Who ordered the Anchorchino?
3463,0,1,32,33,1.0303030303030303,0.030772872744833184,571,Ahoy Mates. This is the coffee bar. Anchors Away is upstairs.
3463,0,1,32,33,1.0303030303030303,0.030772872744833184,571,"I didn't hear these complaints at ""Aarrr-By's"""
3463,0,1,32,33,1.0303030303030303,0.030772872744833184,571,"Yargh, my seafaring past keeps weighin' me down."
3463,0,1,32,33,1.0303030303030303,0.030772872744833184,571,Argh! You think the coffee's bad now? Just wait 'til my ship comes in!
3463,0,1,32,33,1.0303030303030303,0.030772872744833184,571,"Yo matey, we only accept plastic here."
3463,0,1,32,33,1.0303030303030303,0.030772872744833184,571,Anchor Buck's Coffee will make me more money than a life of Piracy...
3463,0,1,32,33,1.0303030303030303,0.030772872744833184,571,They said the anchor store gets all the foot traffic
3463,0,1,32,33,1.0303030303030303,0.030772872744833184,571,"""Let's change 'Anchors Aweigh' to 'Big, Ugly Anchor Away,'"" said the former navy man, an erstwhile patron of a coffee shop in Annapolis."
3463,0,1,32,33,1.0303030303030303,0.030772872744833184,571,My last job was in the sharing economy.
3463,0,1,32,33,1.0303030303030303,0.030772872744833184,571,I don't much care for this new Morning Joe anchor.
3815,0,0,26,26,1.0,0.03922322702763681,571,It's just ta' remind thee that you're all going to Davey Jones' Locker sooner or later...
3815,0,0,26,26,1.0,0.03922322702763681,571,"Ouch, but not yet out, Jesus!"
3815,0,0,26,26,1.0,0.03922322702763681,571,Arrr you up to date on your tetanus?
3815,0,0,26,26,1.0,0.03922322702763681,571,Anchors a... weight! What?
3815,0,0,26,26,1.0,0.03922322702763681,571,"Yarr a har har, who ordered the Double Ahoy Chai?"
3815,0,0,26,26,1.0,0.03922322702763681,571,"Yarr, just be glad I didn't order the venti"
3815,0,0,26,26,1.0,0.03922322702763681,571,"Yeah, he's showing off his yuge anchor because no one will hold his hand."" or ""I don't blame her, no one in here will hold his hand."" or ""I don't blame her, who wants to hold that [italics] hand."
3815,0,0,26,26,1.0,0.03922322702763681,571,"Blackbeard, your venti mocha macchiato and grande anchor croissant are ready."
3815,0,0,26,26,1.0,0.03922322702763681,571,And the next scallywag who complains about our new décor will be sipping their lattes at the nearest Starbucks.
3815,0,0,26,26,1.0,0.03922322702763681,571,THIS PLACE SHOULD BE CALLED 'THE CAINE MUTINY'
3815,0,0,26,26,1.0,0.03922322702763681,571,Hmmm - maybe we shouldn't have ordered the chicken.
3815,0,0,26,26,1.0,0.03922322702763681,571,1 paid extra to be the anchor store.
3815,0,0,26,26,1.0,0.03922322702763681,571,It adds ambience to the place.
3815,0,0,26,26,1.0,0.03922322702763681,571,"Aye, sea level risin wont move this coffee house."
3815,0,0,26,26,1.0,0.03922322702763681,571,The Captain's coworkers were beginning to suspect he was moonlighting elsewhere.
3815,0,0,26,26,1.0,0.03922322702763681,571,Now serving authentic pirate food.
3815,0,0,26,26,1.0,0.03922322702763681,571,"It's a Peter Pan prank and stop singing ""Anchors Aweigh""."
3815,0,0,26,26,1.0,0.03922322702763681,571,What! You lubbers don't like the new decor.
3815,0,0,26,26,1.0,0.03922322702763681,571,"Arrr, it's the Surgeon General's warning for our deca-shot dark roast."
3815,0,0,26,26,1.0,0.03922322702763681,571,It was either a stupid wall or this anchor!
3815,0,0,26,26,1.0,0.03922322702763681,571,I don't care about the new Starbucks across the street. This shop is going nowhere!
3815,0,0,26,26,1.0,0.03922322702763681,571,What? My therapist said it'd help my PTSD. Arrr...
3815,0,0,26,26,1.0,0.03922322702763681,571,"Where do you think the organic sea weed in your latte comes from, you sorry landlubbers!"
3815,0,0,26,26,1.0,0.03922322702763681,571,Damn that Jack Sparrow - he stole everything but the anchor.
3815,0,0,26,26,1.0,0.03922322702763681,571,You cannot expect to order any fish.
3815,0,0,26,26,1.0,0.03922322702763681,571,"Wow, your bird call sure has come a long way!"
3815,0,0,26,26,1.0,0.03922322702763681,571,Bland jooooooe!
3815,0,0,26,26,1.0,0.03922322702763681,571,Ahoy mateys! Market research said we needed a theme. I'm recovering well from the surgery. Thank you for asking. Enjoy!
3815,0,0,26,26,1.0,0.03922322702763681,571,"It's my coffee shop and I say the anchor stays where it is. If you don't like it, go to Starbucks like a jerk."
3815,0,0,26,26,1.0,0.03922322702763681,571,"And don't forget our drop-in special, folks. Aargh!"
3815,0,0,26,26,1.0,0.03922322702763681,571,This makes me an anchor tenant.
3815,0,0,26,26,1.0,0.03922322702763681,571,I'm tired of other people taking advantage of what was my search for the white whale. You want authentic? I'll show you authentic.
3815,0,0,26,26,1.0,0.03922322702763681,571,"No-foam, double-deck, extra-league latte to go."
3815,0,0,26,26,1.0,0.03922322702763681,571,Holds down the place for me when I'm gone.
3815,0,0,26,26,1.0,0.03922322702763681,571,"I don't work here for the benefits, just to connect to something bigger."
3815,0,0,26,26,1.0,0.03922322702763681,571,"So, this is the new ""anchor"" store in the mall."
3815,0,0,26,26,1.0,0.03922322702763681,571,Reminder of the work efficiency and customer service back home.
3815,0,0,26,26,1.0,0.03922322702763681,571,Looks like our cruise is coming to an end.
3815,0,0,26,26,1.0,0.03922322702763681,571,Cream and sug-arrr!
3815,0,0,26,26,1.0,0.03922322702763681,571,It's my service anchor. It helps keep me grounded.
3815,0,0,26,26,1.0,0.03922322702763681,571,"Alright already, the name change of 'Bottom of the Deep Blue Sea Cafe' it is"
3815,0,0,26,26,1.0,0.03922322702763681,571,Ahoy mateys! Our special today is the espresso that lets me lift this anchor.
3815,0,0,26,26,1.0,0.03922322702763681,571,I just might pull up anchor and go work at the French place downtown.
3815,0,0,26,26,1.0,0.03922322702763681,571,I find it soothes my post-traumatic stress disorder.
3815,0,0,26,26,1.0,0.03922322702763681,571,"No... he said he couldn't pay without using a bank machine, so I had him leave his tattoo 'till he's back."
3815,0,0,26,26,1.0,0.03922322702763681,571,"More Yaaaar, I tell Ye, more Yaaar in yer latte, Lass!"
3815,0,0,26,26,1.0,0.03922322702763681,571,We're the anchor for this shopping center.
3815,0,0,26,26,1.0,0.03922322702763681,571,"Aye, I heard you're having a sail today"
3815,0,0,26,26,1.0,0.03922322702763681,571,"Finish this story: ""A Pirate walks into a barista with a crusty old anchor needing a job..."""
3815,0,0,26,26,1.0,0.03922322702763681,571,Recycled?
3815,0,0,26,26,1.0,0.03922322702763681,571,"Arr, who scratched the counter?"
3815,0,0,26,26,1.0,0.03922322702763681,571,This ship stop here.
3815,0,0,26,26,1.0,0.03922322702763681,571,Who says a coffee shop can't be an anchor store???
3815,0,0,26,26,1.0,0.03922322702763681,571,I've heard of anchoring starboard but never Starbucks. What a fluke.
3815,0,0,26,26,1.0,0.03922322702763681,571,"'I need a keg of rum to go! """
3815,0,0,26,26,1.0,0.03922322702763681,571,What arrrrrrgh you looking at?
3815,0,0,26,26,1.0,0.03922322702763681,571,It's better than being weighed down by debt.
3815,0,0,26,26,1.0,0.03922322702763681,571,Better retirement gift than a watch!
3815,0,0,26,26,1.0,0.03922322702763681,571,Wait until you see the fisherman's platter.
3815,0,0,26,26,1.0,0.03922322702763681,571,I'm not letting anyone steal it again.
3815,0,0,26,26,1.0,0.03922322702763681,571,Welcome to Starboards! We sell coffee by the galleon.
3815,0,0,26,26,1.0,0.03922322702763681,571,Argh . . . never leave home without it.
3815,0,0,26,26,1.0,0.03922322702763681,571,...and a small decaf to go.
3815,0,0,26,26,1.0,0.03922322702763681,571,And that's just the 'tall' size.
3815,0,0,26,26,1.0,0.03922322702763681,571,"Cruise ship ahoy! We be wantin' 5000 fishburgers to go, mates."
3815,0,0,26,26,1.0,0.03922322702763681,571,Ahoy matey and welcome to arrrr anchor store.
3815,0,0,26,26,1.0,0.03922322702763681,571,"Clearly, the ""ar matey"" thing did't go so well!"
3815,0,0,26,26,1.0,0.03922322702763681,571,Is this what they meant when they said that we had to weigh in?
3815,0,0,26,26,1.0,0.03922322702763681,571,"I used to be a nervous wreck at see, but now I'm hooked on coffee."
3815,0,0,26,26,1.0,0.03922322702763681,571,May I be smashed to atoms and eternally damned if I charge you for a second cup!
3815,0,0,26,26,1.0,0.03922322702763681,571,"Sorry, we run out of all the original anchor crawlers."
3815,0,0,26,26,1.0,0.03922322702763681,571,"I read he hijacks the seafood from only the best cruise lines, so it's very fresh."
3815,0,0,26,26,1.0,0.03922322702763681,571,Arrr! That Seattle mermaid doesn't know beans about anchor stores.
3815,0,0,26,26,1.0,0.03922322702763681,571,This should sink in our brand into our customer base!
3815,0,0,26,26,1.0,0.03922322702763681,571,Decaf...arrggghhh.
3815,0,0,26,26,1.0,0.03922322702763681,571,"Yep Matey, it´s the old Pequod´s anchor."
3815,0,0,26,26,1.0,0.03922322702763681,571,This is the anchor store for the Pirate Coffee franchise.
3815,0,0,26,26,1.0,0.03922322702763681,571,"Ahoy landlubbers, try Cap'n Hook's 'Anchor Yer Belly Cheesecake' or you'll be walkin' the plank."
3815,0,0,26,26,1.0,0.03922322702763681,571,The wive's decorating is a little heavy handed
3815,0,0,26,26,1.0,0.03922322702763681,571,We dropped me anchor when they named us anchor store of this blimey mall.
3815,0,0,26,26,1.0,0.03922322702763681,571,Sears used to anchor this mall.
3815,0,0,26,26,1.0,0.03922322702763681,571,"Have a look at REAL flukes, mates, not a pirate barista."
3815,0,0,26,26,1.0,0.03922322702763681,571,I'd like to stay for a while
3815,0,0,26,26,1.0,0.03922322702763681,571,"It seems we are "" anchored & hooked to Captain Hooks coffee shop"""
3815,0,0,26,26,1.0,0.03922322702763681,571,What'd you expect from a baaaaarghista?
3815,0,0,26,26,1.0,0.03922322702763681,571,"Aye, the Davy Jones brand of coffee is flavored with real kelp, and some critters."
3815,0,0,26,26,1.0,0.03922322702763681,571,And a soy latte for Queequeg
3815,0,0,26,26,1.0,0.03922322702763681,571,It keeps me focused.
3815,0,0,26,26,1.0,0.03922322702763681,571,"See, I told you, this is his anchor store."
3815,0,0,26,26,1.0,0.03922322702763681,571,We're no chain restaurant.
3815,0,0,26,26,1.0,0.03922322702763681,571,He got it registered as a service anchor.
3815,0,0,26,26,1.0,0.03922322702763681,571,Are you deaf? I asked you to serve the banker.
3815,0,0,26,26,1.0,0.03922322702763681,571,Annchor's in the way me boys?
3815,0,0,26,26,1.0,0.03922322702763681,571,"Anne Kerr, your latte is ready."
3815,0,0,26,26,1.0,0.03922322702763681,571,"There! No more from you landlubbers about, ""Is the fish fresh!"""
3815,0,0,26,26,1.0,0.03922322702763681,571,Arrr... stupid cartoon...
3815,0,0,26,26,1.0,0.03922322702763681,571,What? This is a tow zone!
3815,0,0,26,26,1.0,0.03922322702763681,571,No parrothead jokes.
3815,0,0,26,26,1.0,0.03922322702763681,571,"Calm before the storm? Take it easy, Cabin Boy.....Fancy a cup of Joe?"
3815,0,0,26,26,1.0,0.03922322702763681,571,"No. Nobody's ever called me a ""Barrrr-ista"" before."
3815,0,0,26,26,1.0,0.03922322702763681,571,Arrgh! Who dared to give our rum latte a bad review?
3815,0,0,26,26,1.0,0.03922322702763681,571,"Wow, Bob. I don't know about you, but I'm impressed with the Captain D's remodel."
3815,0,0,26,26,1.0,0.03922322702763681,571,"Renee, run ye to the bank and get another roll of doubloons."
3815,0,0,26,26,1.0,0.03922322702763681,571,"Avast, me buckos, and smell the hook's brine brew."
3815,0,0,26,26,1.0,0.03922322702763681,571,We'll have the wind at our backs someday...
3815,0,0,26,26,1.0,0.03922322702763681,571,AARRRRGGH! What do you mean you don't take anchors as payment?!
3815,0,0,26,26,1.0,0.03922322702763681,571,"Quit yer bellyaching! I was running a ground long before you were born, matey."
3815,0,0,26,26,1.0,0.03922322702763681,571,"This training program is getting out of hand. If you order a pastry, they have to walk the plank."
3815,0,0,26,26,1.0,0.03922322702763681,571,"Why,this is no convenience store. It is an inconvenience store."
3815,0,0,26,26,1.0,0.03922322702763681,571,"For the last time, do not use Microsoft Word on our wi-fi!"
3815,0,0,26,26,1.0,0.03922322702763681,571,This job may be your anchor. It surely isn't mine.
3815,0,0,26,26,1.0,0.03922322702763681,571,This isn't your remote office.
3815,0,0,26,26,1.0,0.03922322702763681,571,"The old computer system is so slow and archaic, it seems like nothing more than a boat anchor"
3815,0,0,26,26,1.0,0.03922322702763681,571,"As the new anchor store to this mall, I've brought in the updated logo..."
3815,0,0,26,26,1.0,0.03922322702763681,571,"Aye, now I just need to sell enough lattes to get me ship out of impound."
3815,0,0,26,26,1.0,0.03922322702763681,571,All we need now is some Hope
3815,0,0,26,26,1.0,0.03922322702763681,571,"eeyyee,it was the boodie prize after the ship sank."
3815,0,0,26,26,1.0,0.03922322702763681,571,She's been a mess since she separated from her chain
3815,0,0,26,26,1.0,0.03922322702763681,571,You're the ones who ruined tattoos.
3815,0,0,26,26,1.0,0.03922322702763681,571,This is the anchor store in our chain.
3815,0,0,26,26,1.0,0.03922322702763681,571,Offer them free refills if they'll stop complaining.
3815,0,0,26,26,1.0,0.03922322702763681,571,"No milk, no sugar -- just Blackbeard."
3815,0,0,26,26,1.0,0.03922322702763681,571,No tuna. Gator.
3815,0,0,26,26,1.0,0.03922322702763681,571,You gotta be Kidding me!
3815,0,0,26,26,1.0,0.03922322702763681,571,"That's a doppio ristretto for Davey, Davey Jones."
3815,0,0,26,26,1.0,0.03922322702763681,571,"Viewer numbers are down. We may need a new anchor, soon."
3815,0,0,26,26,1.0,0.03922322702763681,571,Any more complaints about the whale meat not being fresh?!?
3815,0,0,26,26,1.0,0.03922322702763681,571,"It wasn't this busy when it was just called, Hook & Sinker."
3815,0,0,26,26,1.0,0.03922322702763681,571,The anchor's fine but I'm not sure about the cappARGHHHHcino
3815,0,0,26,26,1.0,0.03922322702763681,571,How goes the twitter feed?
3815,0,0,26,26,1.0,0.03922322702763681,571,Which one 'o ye loiter-sacks ordered th' fish 'n chips.
3815,0,0,26,26,1.0,0.03922322702763681,571,"I'll give 'em an anchor tenant, by Neptune!"
3815,0,0,26,26,1.0,0.03922322702763681,571,"Stare all ye want, mateys—we serve the best coffee in Anchorage!"
3815,0,0,26,26,1.0,0.03922322702763681,571,"Well, they don't let me park on the street."
3815,0,0,27,27,1.0,0.03774256780481986,571,Anchor your coffee!
3815,0,0,26,26,1.0,0.03922322702763681,571,Where's the water? This is water!
3815,0,0,26,26,1.0,0.03922322702763681,571,"Keep your grubby hands off me anchor, you coffee-swilling lubbers!"
3815,0,0,26,26,1.0,0.03922322702763681,571,You're the one who said we needed an anchor for the relay.
3815,0,0,26,26,1.0,0.03922322702763681,571,Which one 'o ye loiter-sacks ordered th' fish 'n chips.
3815,0,0,26,26,1.0,0.03922322702763681,571,"I know...the ""Anchors Away Coffee"" theme is a little over the top."
3815,0,0,26,26,1.0,0.03922322702763681,571,"Damn, Neptune's got food-poisoning again."
3815,0,0,26,26,1.0,0.03922322702763681,571,I came all this way and you're out of the sea salt caramel latte?!
3815,0,0,26,26,1.0,0.03922322702763681,571,We bought from the Democratic National Committee. Seems it was impeding progress.
3815,0,0,26,26,1.0,0.03922322702763681,571,Do we tie this around our feet now or Wait for the next Tweet?
3815,0,0,26,26,1.0,0.03922322702763681,571,I hate it when the snow birds come back a-shellin' on MY beach.
3815,0,0,26,26,1.0,0.03922322702763681,571,"Order up, Davy Jones' latte!"
3815,0,0,26,26,1.0,0.03922322702763681,571,"I'll take the sea salt caramel latte. Ok, that's gonna be three anchovies"
3815,0,0,26,26,1.0,0.03922322702763681,571,One Unicorn Frappuccino – and not a word to me crew!
3815,0,0,26,26,1.0,0.03922322702763681,571,Captain Hook really takes the shopping center anchor store designation literally.
3815,0,0,26,26,1.0,0.03922322702763681,571,Everybody learns the new latte art by Friday.
3815,0,0,26,26,1.0,0.03922322702763681,571,Better order a grande to go.
3815,0,0,26,26,1.0,0.03922322702763681,571,The anchor is for the over caffeinated when they hit the red level...a danger to themselves and others.
3815,0,0,26,26,1.0,0.03922322702763681,571,"Arrgh! It ain't your daddy's Anchor Steam, matey."
3815,0,0,26,26,1.0,0.03922322702763681,571,Man the lifeboats. The Skipper located his remote stash and is singing Anchors Away again.
3815,0,0,26,26,1.0,0.03922322702763681,571,"Ahhhhrrrr, matey...finally found a spot t' 'drop-me-anchor'...permanent like!"
3815,0,0,26,26,1.0,0.03922322702763681,571,It has to taste better than the cherry blossom latte.
3815,0,0,26,26,1.0,0.03922322702763681,571,It was either that or the blubber latte.
3815,0,0,26,26,1.0,0.03922322702763681,571,Lefty loving landlubbers made me take down my Jolly Roger.
3815,0,0,26,26,1.0,0.03922322702763681,571,"Fishing is a gentleman's hobby...and mine, too!"
3815,0,0,26,26,1.0,0.03922322702763681,571,Aye! May it remind y'all tis rum be the true caffeinator.
3815,0,0,26,26,1.0,0.03922322702763681,571,That was one anchor-hocking cup of coffee?
